Upsilon_disk,Upsilon_bulge,H0
0.012753864727052677,2.629645810452532,51.33367524234756
0.015835203366569413,4.011512284215347,58.8418651584249
0.0111771781856312,0.7040330277816755,64.68675257295574
0.01528529648897078,0.46487212610151163,74.4399688435711
0.01767500460909691,1.6542950468633029,54.78994857897948
0.010475651195049243,0.09158772189739328,52.341671478314936
0.011308583453471813,7.304948467151476,56.107901222787824
0.01898051959875635,5.873134313635989,57.431954523061535
0.010865135297596376,3.1668088498177784,51.16004797090169
0.010324599319328153,5.394557936067153,56.71600863803096
0.015204511046878437,1.9044136591913228,62.45816546322261
0.013497525426275341,4.907407698507704,53.45220464828046
0.012306708042345064,7.061559996935313,50.75433929802283
0.014589047770056162,0.5503081774395642,59.12572660301826
0.011615883220948068,1.7446742840280107,51.13781244014375
0.02358143567572617,3.0546103206910953,51.70891194672011
0.013348616437516203,4.009200013775702,50.53159481518237
0.013204456658896808,4.397181404666199,50.505458049469084
0.019022031211094595,2.0286589464223352,50.21661298648051
0.014492667176941417,6.632803988460078,51.67727291154244
0.010524220460732593,7.38917700388431,50.32795452023268
0.02224349667988313,5.65303338370724,53.39876257646274
0.011798670463872684,1.0331938174092818,52.2637646454875
0.010684429884237935,4.137063365625262,52.85807472230927
0.013179121049295639,6.450054163434253,50.370415352459425
0.011162085289752238,3.289191554554937,55.99615125862092
0.010343274941053844,3.259923982054453,51.86014748707354
0.014856537485909566,4.0363004072684445,51.457131073018076
0.01307383544882758,1.0727063875268357,53.0554467296287
0.013497007936775409,6.072702558102834,50.48314552571665
0.011704887585766722,1.9255712884137623,50.98016473436908
0.01059602562339223,2.3301132628818206,50.71467528628102
0.011413197840885821,1.7327610097711732,51.25495964412287
0.016063961037160707,4.77577555192533,57.53020112184769
0.0111771781856312,0.7040330277816755,64.68675257295574
0.011958636144324606,0.7544279788672177,95.21091726284024
0.018845187877893847,0.155015609330321,52.212776176750765
0.010475651195049243,0.09158772189739328,52.341671478314936
0.011683210407270253,6.573411975555452,54.79698435763641
0.018252576188185297,5.579978428245001,56.859067626636126
0.010120785115667826,4.868037464347219,50.280004307627024
0.010324599319328153,5.394557936067153,56.71600863803096
0.015204511046878437,1.9044136591913228,62.45816546322261
0.011645456602292582,4.5812005022012805,52.10790800333325
0.013227449725318682,5.969140810604161,51.008116931394476
0.014589047770056162,0.5503081774395642,59.12572660301826
0.011615883220948068,1.7446742840280107,51.13781244014375
0.022879273602139642,3.120149138747251,51.62790224444435
0.013349863928616064,4.009610803324994,50.52847709809206
0.012883994345257405,4.228633362448535,50.59512995354246
0.01671507552126571,3.6067037473353274,51.97859301723135
0.011796133215234308,6.973668757759366,51.07836213116421
0.010524220460732593,7.38917700388431,50.32795452023268
0.029666615523838306,7.682581757789494,55.11059266755207
0.011798670463872684,1.0331938174092818,52.2637646454875
0.010259636889468533,5.0576564886719995,53.63980531877533
0.013179121049295639,6.450054163434253,50.370415352459425
0.011162085289752238,3.289191554554937,55.99615125862092
0.01015608132758867,3.4828088011750378,51.96639896264823
0.014856537485909566,4.0363004072684445,51.457131073018076
0.012955478365831581,0.9467440008456949,52.80743066417565
0.013559166966495662,6.122774256842151,50.42860009818589
0.01176513293639294,2.0855688723005725,50.981270758134436
0.010379185038008738,2.409222404986401,50.66275819534458
0.011413197840885821,1.7327610097711732,51.25495964412287
0.014130773440114291,4.065429091387292,58.123008380948505
0.011779057477634665,2.2496621229063964,60.671241760777576
0.011951925879310805,0.7661216912193126,93.4093634868274
0.018845187877893847,0.155015609330321,52.212776176750765
0.010475651195049243,0.09158772189739328,52.341671478314936
0.011683210407270253,6.573411975555452,54.79698435763641
0.0182466962515808,5.57061279539279,56.846382189267345
0.010025977126010858,4.275565400825284,50.26873592641953
0.010324599319328153,5.394557936067153,56.71600863803096
0.014561363299713853,1.630552328280749,59.698379713199266
0.011397215403941015,4.278705081306085,52.38914113658009
0.013227449725318682,5.969140810604161,51.008116931394476
0.014457374224475997,0.509491427955735,59.24481444663405
0.01160687116294574,1.7441445807086726,51.14302118976716
0.022879273602139642,3.120149138747251,51.62790224444435
0.013349863928616064,4.009610803324994,50.52847709809206
0.012860950408245163,4.163985504864101,50.60081369037773
0.014667529066478174,2.8590183097676287,51.640983217780814
0.01201626425481189,7.682781721014948,51.142928590202715
0.010524220460732593,7.38917700388431,50.32795452023268
0.023666410054660053,5.806579188587527,53.726529655795616
0.011798670463872684,1.0331938174092818,52.2637646454875
0.010259636889468533,5.0576564886719995,53.63980531877533
0.013186905770162727,6.37258926016952,50.47313550117907
0.011162085289752238,3.289191554554937,55.99615125862092
0.01015608132758867,3.4828088011750378,51.96639896264823
0.016131553804584857,2.2015887869461492,52.28315152162547
0.012990872907293798,0.9607281321003711,52.8015880385181
0.013559166966495662,6.122774256842151,50.42860009818589
0.01176513293639294,2.0855688723005725,50.981270758134436
0.010379185038008738,2.409222404986401,50.66275819534458
0.011854090015314993,1.8128652567317896,51.366660156068534
0.013269705799227177,3.344781315255008,55.52349287678059
0.012140767778261665,2.76070088817725,69.98073068245917
0.011989392311018223,1.1618483052971906,88.7610980550577
0.01875783397065659,0.09080874388915783,52.22544101005391
0.010475651195049243,0.09158772189739328,52.341671478314936
0.010412402406986468,7.070687638586342,57.914974542841556
0.0182466962515808,5.57061279539279,56.846382189267345
0.010025977126010858,4.275565400825284,50.26873592641953
0.010324599319328153,5.394557936067153,56.71600863803096
0.014673617206067384,1.6269078807729567,59.999446127316666
0.011353797013146049,4.478528654545987,52.43951963879195
0.013227449725318682,5.969140810604161,51.008116931394476
0.014218893367554327,0.5564665729340785,58.61862706785948
0.011774742505025654,1.7540115841277018,51.04599565024949
0.022879273602139642,3.120149138747251,51.62790224444435
0.013349863928616064,4.009610803324994,50.52847709809206
0.012860950408245163,4.163985504864101,50.60081369037773
0.014344689002178333,3.0039916725092866,51.499375189508946
0.01201626425481189,7.682781721014948,51.142928590202715
0.010450412041987265,7.4533452654231445,50.31123582646666
0.032341651732443175,5.535182863149967,56.55720620121991
0.011852817327187534,0.9341556774256681,52.324702736161925
0.011141854031429107,5.453949510878329,52.68543778033791
0.013186905770162727,6.37258926016952,50.47313550117907
0.01088644157543337,2.005165303301588,54.52866240816894
0.010186190279593086,3.9042617381206663,52.66515295143242
0.016131553804584857,2.2015887869461492,52.28315152162547
0.012990872907293798,0.9607281321003711,52.8015880385181
0.013559166966495662,6.122774256842151,50.42860009818589
0.01184066595108818,2.2023688258838563,50.90158357506371
0.01039273560374381,3.3688404512085164,50.595882899448874
0.011854090015314993,1.8128652567317896,51.366660156068534
0.011291977784587202,2.4602931258002134,54.99781068417449
0.01210501881673052,2.6861835704287658,70.46606342352625
0.011989392311018223,1.1618483052971906,88.7610980550577
0.01851248708354542,2.7211230717899757,54.44349984533961
0.010475651195049243,0.09158772189739328,52.341671478314936
0.010412402406986468,7.070687638586342,57.914974542841556
0.0160369898616457,5.2225076650102675,55.07832920561309
0.010025977126010858,4.275565400825284,50.26873592641953
0.010324599319328153,5.394557936067153,56.71600863803096
0.014673617206067384,1.6269078807729567,59.999446127316666
0.011371561486861708,4.396771579960881,52.41890746127936
0.013880145308941213,7.944430080101878,50.83771759786378
0.014218893367554327,0.5564665729340785,58.61862706785948
0.011698564387074006,1.5849948820303377,51.07721722739742
0.020191683934276672,2.612885763889549,51.7272926668103
0.012909888039349197,0.7448806531869767,50.271899422668184
0.01359028443167034,5.782161887811317,50.301896375389305
0.013300633441370351,3.2300184266178444,51.79206176613144
0.01201626425481189,7.682781721014948,51.142928590202715
0.010450412041987265,7.4533452654231445,50.31123582646666
0.030245000491082613,5.01321632926769,56.152993913075946
0.011219005994302086,0.91935681943506,52.05911350273308
0.011472908135930427,5.532785899852195,52.393949810126266
0.013944252628106254,6.073481260631673,50.517942550682996
0.0101530321891517,2.1509151989495834,56.92523748187847
0.010186190279593086,3.9042617381206663,52.66515295143242
0.016131553804584857,2.2015887869461492,52.28315152162547
0.012917212849000973,0.9590082437271343,52.77072188418909
0.01369903429431989,6.062909965198112,50.433880484535415
0.01184066595108818,2.2023688258838563,50.90158357506371
0.01039273560374381,3.3688404512085164,50.595882899448874
0.011854090015314993,1.8128652567317896,51.366660156068534
0.011366621437057666,2.2338830385183677,54.86523323331219
0.010882706118182673,2.833289297632812,75.98574825957272
0.012078489545748831,0.7779420234248793,94.17396086383017
0.015749939443535175,1.895670959385517,53.83795025716004
0.010475651195049243,0.09158772189739328,52.341671478314936
0.010412402406986468,7.070687638586342,57.914974542841556
0.015956561586112247,4.762255532735878,55.99376768945675
0.011366058407395033,3.8476982312626555,50.892123618639886
0.010324599319328153,5.394557936067153,56.71600863803096
0.015410478994495583,1.6372889022508628,62.20930589921301
0.011371561486861708,4.396771579960881,52.41890746127936
0.013880145308941213,7.944430080101878,50.83771759786378
0.014218893367554327,0.5564665729340785,58.61862706785948
0.01119379103221756,2.9845689821769845,53.148821320178975
0.01965557128776798,2.879281321100038,51.649359724513076
0.012845363972339739,0.2660960831362944,50.23427137184529
0.01359028443167034,5.782161887811317,50.301896375389305
0.014482015168610538,1.741585013311615,51.40302106351411
0.01201626425481189,7.682781721014948,51.142928590202715
0.010450412041987265,7.4533452654231445,50.31123582646666
0.024104853255151486,4.075447159128959,54.40099181804688
0.010872397570527981,0.43825636710718907,52.76879458731712
0.011472908135930427,5.532785899852195,52.393949810126266
0.013944252628106254,6.073481260631673,50.517942550682996
0.010163208419886811,2.2026202962932904,56.6565347070568
0.010186190279593086,3.9042617381206663,52.66515295143242
0.016131553804584857,2.2015887869461492,52.28315152162547
0.012466042569383584,2.3877597567196114,52.65302624803378
0.01322570773531456,5.060225670340607,56.38223189842324
0.011085816233929745,0.8132612800041157,51.039249078419466
0.01039273560374381,3.3688404512085164,50.595882899448874
0.011867854912708014,1.7982091002727758,51.37392031812521
0.01012486300298289,2.9641591462499663,53.23116447548453
0.010805099896548103,3.1894404536982286,73.30624016725216
0.012078489545748831,0.7779420234248793,94.17396086383017
0.01672563096574658,1.6624852785259354,53.985526060409285
0.01049651381275278,0.19184039875024528,52.34347003426442
0.01055004159185694,6.3509304998311205,57.07543142261628
0.018849470436384214,5.192400788573503,57.662530152610096
0.011602100613545422,6.4035419272438645,50.76820287652659
0.010489544237466022,3.9021896147588775,55.527481845472536
0.016607853415198978,0.9828842643444244,65.55982404770029
0.011879373774413067,2.7117402488119495,53.5808270175868
0.013880145308941213,7.944430080101878,50.83771759786378
0.01315192340989953,2.2416038607544317,58.16983723035092
0.01119379103221756,2.9845689821769845,53.148821320178975
0.020579195644819727,3.005535274343468,51.68282877968666
0.012845363972339739,0.2660960831362944,50.23427137184529
0.01359028443167034,5.782161887811317,50.301896375389305
0.014482015168610538,1.741585013311615,51.40302106351411
0.01201626425481189,7.682781721014948,51.142928590202715
0.010450412041987265,7.4533452654231445,50.31123582646666
0.024104853255151486,4.075447159128959,54.40099181804688
0.010872397570527981,0.43825636710718907,52.76879458731712
0.011334788599674118,5.792216493765169,52.11261524925939
0.014687385366649104,7.441026708732412,50.38241392798343
0.0100755881058547,2.2658824212406765,56.86633638306829
0.010186190279593086,3.9042617381206663,52.66515295143242
0.016567753474578322,2.146211716598794,52.214307801966626
0.01097974804772695,1.7347371663951905,51.48663126954901
0.014256565924916004,5.429089282400984,58.58573955456765
0.011085816233929745,0.8132612800041157,51.039249078419466
0.01039273560374381,3.3688404512085164,50.595882899448874
0.011319052470376505,2.3825457814875497,51.08445977551005
0.01012486300298289,2.9641591462499663,53.23116447548453
0.010805099896548103,3.1894404536982286,73.30624016725216
0.01045719202153316,0.3333989311163035,99.53583231581521
0.014939418199726398,1.03995179389019,55.05287736281327
0.01000291227708754,0.1762358614853937,52.78670975926086
0.01055004159185694,6.3509304998311205,57.07543142261628
0.02005214873572759,5.130422553554725,57.42078249364795
0.011602100613545422,6.4035419272438645,50.76820287652659
0.010477392474108975,3.835241734461955,54.90845003952944
0.016607853415198978,0.9828842643444244,65.55982404770029
0.011879373774413067,2.7117402488119495,53.5808270175868
0.013880145308941213,7.944430080101878,50.83771759786378
0.01163790285624295,1.2485906671282956,55.581670567724416
0.011028275082852531,2.9814086633552734,53.161571575716636
0.02202756650034602,2.22418634054981,51.901478153945696
0.012845363972339739,0.2660960831362944,50.23427137184529
0.01359028443167034,5.782161887811317,50.301896375389305
0.017680122545483977,2.896329205641296,50.1929509486263
0.01201626425481189,7.682781721014948,51.142928590202715
0.010450412041987265,7.4533452654231445,50.31123582646666
0.021443483520753474,3.1940295891937343,54.590279991345966
0.012701151385649286,1.3730112052534507,53.69554526699262
0.011378718663443605,5.8948977990949,52.07200288518365
0.014158114288794169,6.469499667295744,50.71348766431934
0.01021569233408771,2.64563927803612,56.30664605344998
0.010186190279593086,3.9042617381206663,52.66515295143242
0.016567753474578322,2.146211716598794,52.214307801966626
0.01097974804772695,1.7347371663951905,51.48663126954901
0.013419205490141618,4.560649008011204,56.44744300057258
0.011085816233929745,0.8132612800041157,51.039249078419466
0.01039273560374381,3.3688404512085164,50.595882899448874
0.01424809499093152,2.3392305712968713,51.307934439110944
0.010120494722064612,2.9539886834446296,53.238447601826735
0.010805099896548103,3.1894404536982286,73.30624016725216
0.01061614537367319,1.0826964977581603,94.60199146945548
0.014754485996917338,1.0674701443488206,54.940730583508476
0.01000291227708754,0.1762358614853937,52.78670975926086
0.01055004159185694,6.3509304998311205,57.07543142261628
0.019572946713454453,5.797352924608445,58.39566110500032
0.011623835153642048,6.11415361660614,50.98867532319009
0.010477392474108975,3.835241734461955,54.90845003952944
0.016607853415198978,0.9828842643444244,65.55982404770029
0.011879373774413067,2.7117402488119495,53.5808270175868
0.013759200810345085,7.7983766497695,50.98240418486372
0.012236298206375189,1.3673130197110066,55.521169967977485
0.011266746796102775,2.9886118260023515,53.14137642890994
0.027213919557636586,0.037117423438074226,52.88473268782006
0.012845363972339739,0.2660960831362944,50.23427137184529
0.01359028443167034,5.782161887811317,50.301896375389305
0.017680122545483977,2.896329205641296,50.1929509486263
0.01201626425481189,7.682781721014948,51.142928590202715
0.010450412041987265,7.4533452654231445,50.31123582646666
0.021443483520753474,3.1940295891937343,54.590279991345966
0.013138175358981059,0.6610707996850076,53.75655280051933
0.011378718663443605,5.8948977990949,52.07200288518365
0.014158114288794169,6.469499667295744,50.71348766431934
0.01021569233408771,2.64563927803612,56.30664605344998
0.010911340958071735,3.994384897587558,53.01469303965227
0.016567753474578322,2.146211716598794,52.214307801966626
0.01097974804772695,1.7347371663951905,51.48663126954901
0.013846548548813925,6.457741274523715,58.08520871664336
0.01132653819685525,1.290857086160555,50.96837695067515
0.010797974291845171,3.2606176592223335,50.67072698084687
0.015935637167482947,3.199062773232723,50.720092668659404
0.010120494722064612,2.9539886834446296,53.238447601826735
0.010805099896548103,3.1894404536982286,73.30624016725216
0.01061614537367319,1.0826964977581603,94.60199146945548
0.013700680265268345,1.1361428469064505,53.71956583113371
0.01000291227708754,0.1762358614853937,52.78670975926086
0.010158018374999179,6.566666414899514,59.442409124565565
0.018635770280051298,5.354283016105706,57.64216055283823
0.011623835153642048,6.11415361660614,50.98867532319009
0.010477392474108975,3.835241734461955,54.90845003952944
0.016607853415198978,0.9828842643444244,65.55982404770029
0.011975845002629392,2.3916277858332258,53.80156174463731
0.013759200810345085,7.7983766497695,50.98240418486372
0.012236298206375189,1.3673130197110066,55.521169967977485
0.011740573061098356,3.1432274118467776,51.71444001590581
0.027213919557636586,0.037117423438074226,52.88473268782006
0.012862863338532607,0.39567724076311706,50.2358599907186
0.01362027169957624,6.004214780841012,50.304618664827075
0.017680122545483977,2.896329205641296,50.1929509486263
0.01201626425481189,7.682781721014948,51.142928590202715
0.010450412041987265,7.4533452654231445,50.31123582646666
0.021443483520753474,3.1940295891937343,54.590279991345966
0.013138175358981059,0.6610707996850076,53.75655280051933
0.011378718663443605,5.8948977990949,52.07200288518365
0.013219043129236285,5.550860899667843,57.040988774841395
0.01021569233408771,2.64563927803612,56.30664605344998
0.010911340958071735,3.994384897587558,53.01469303965227
0.01655571293859298,2.156657550492123,52.21056205606439
0.01097974804772695,1.7347371663951905,51.48663126954901
0.014414889798707524,7.054453092694409,58.36360875983803
0.01132653819685525,1.290857086160555,50.96837695067515
0.010694694336377607,3.280898121627093,50.656797693978596
0.0166322232672759,1.7270150818434953,50.636137741420534
0.01015055818431307,3.6642041166651547,53.353947867013666
0.010336678315979729,2.687900093082698,75.24525911611796
0.01061614537367319,1.0826964977581603,94.60199146945548
0.013700680265268345,1.1361428469064505,53.71956583113371
0.010039209121798114,1.033707934316256,52.926157942403336
0.010158018374999179,6.566666414899514,59.442409124565565
0.019111232800810153,5.607534174029289,55.45090914400241
0.011623835153642048,6.11415361660614,50.98867532319009
0.010477392474108975,3.835241734461955,54.90845003952944
0.016607853415198978,0.9828842643444244,65.55982404770029
0.011975845002629392,2.3916277858332258,53.80156174463731
0.013753327482851655,7.1297314601066475,51.257115343652764
0.012236298206375189,1.3673130197110066,55.521169967977485
0.011740573061098356,3.1432274118467776,51.71444001590581
0.023363514135877308,2.684185427130192,54.10418248720309
0.012862863338532607,0.39567724076311706,50.2358599907186
0.01362027169957624,6.004214780841012,50.304618664827075
0.015028161972991411,2.226211595253718,50.51661064549692
0.01201626425481189,7.682781721014948,51.142928590202715
0.010450412041987265,7.4533452654231445,50.31123582646666
0.026102901425058153,4.713580945382063,56.95480167893035
0.013138175358981059,0.6610707996850076,53.75655280051933
0.010948008043335485,6.617977715917119,51.25505183237721
0.013219043129236285,5.550860899667843,57.040988774841395
0.01021569233408771,2.64563927803612,56.30664605344998
0.011147430232967543,2.2226942601835393,54.3994125287109
0.01800756027717131,2.7920166630666468,51.55379018581666
0.01097974804772695,1.7347371663951905,51.48663126954901
0.01165350964322283,7.905219995113672,60.076233011187504
0.01132653819685525,1.290857086160555,50.96837695067515
0.010679784565547253,3.2968839322898016,50.63788343279088
0.0166322232672759,1.7270150818434953,50.636137741420534
0.01015055818431307,3.6642041166651547,53.353947867013666
0.010336678315979729,2.687900093082698,75.24525911611796
0.01061614537367319,1.0826964977581603,94.60199146945548
0.013700680265268345,1.1361428469064505,53.71956583113371
0.010039209121798114,1.033707934316256,52.926157942403336
0.010182137726405567,7.68990695647839,60.76526696501412
0.019159004174402267,5.647095188510253,55.50863976561718
0.011623835153642048,6.11415361660614,50.98867532319009
0.010373366085999093,4.111949274132901,57.10345487457342
0.016036269779506312,1.910423530108793,62.935318624570655
0.01240345598160689,3.478279008765868,54.915796502609844
0.013753327482851655,7.1297314601066475,51.257115343652764
0.012236298206375189,1.3673130197110066,55.521169967977485
0.011740573061098356,3.1432274118467776,51.71444001590581
0.023363514135877308,2.684185427130192,54.10418248720309
0.012862863338532607,0.39567724076311706,50.2358599907186
0.013319679586919451,6.318779394882969,50.461718528890884
0.01510495211480697,2.042265384110232,50.51907784881906
0.011746304142114335,7.262572587609408,51.2219722247598
0.010450412041987265,7.4533452654231445,50.31123582646666
0.026144477738783714,4.722918921133084,56.978971660661266
0.013270741291589143,0.7888608779727303,55.45180724308805
0.011087845479085395,6.237642121364028,51.41476724699968
0.013219043129236285,5.550860899667843,57.040988774841395
0.010201473413497437,2.625686356190065,56.48032636974136
0.010936358365495969,2.318506392397189,54.83146894957244
0.014923872266730056,3.134329667662092,52.260309618140184
0.01097974804772695,1.7347371663951905,51.48663126954901
0.011650669749986839,7.733812251782857,59.2065400872512
0.011011807526096679,1.926042289044081,51.60683366476359
0.010679784565547253,3.2968839322898016,50.63788343279088
0.0166322232672759,1.7270150818434953,50.636137741420534
0.01034011579712993,3.489521035058621,53.48139718703171
0.010336678315979729,2.687900093082698,75.24525911611796
0.010926677983438384,2.633204939042355,81.16198527644555
0.013700680265268345,1.1361428469064505,53.71956583113371
0.010039209121798114,1.033707934316256,52.926157942403336
0.010182137726405567,7.68990695647839,60.76526696501412
0.019159004174402267,5.647095188510253,55.50863976561718
0.011623835153642048,6.11415361660614,50.98867532319009
0.010331768000598767,3.993995674139153,57.03496347292191
0.017606930042056122,1.9649953493936922,66.49151777504107
0.011687425031764512,3.413422063306294,54.808286501227364
0.013753327482851655,7.1297314601066475,51.257115343652764
0.012078608701703072,1.3447752649624154,55.21350097448018
0.011740573061098356,3.1432274118467776,51.71444001590581
0.01979557946636023,2.8250991426430603,53.37059492449396
0.012862863338532607,0.39567724076311706,50.2358599907186
0.013772870004625648,7.2066019561482175,50.2632167243417
0.01510495211480697,2.042265384110232,50.51907784881906
0.012542464588952962,4.766829326065709,52.23942491368382
0.010450412041987265,7.4533452654231445,50.31123582646666
0.022496157260785687,3.5738729867826162,54.546247541955225
0.013270741291589143,0.7888608779727303,55.45180724308805
0.010898676815820352,5.943189732587826,51.470155350595284
0.013219043129236285,5.550860899667843,57.040988774841395
0.01004107471869854,2.6939649246931943,56.60687572958297
0.010936358365495969,2.318506392397189,54.83146894957244
0.014923872266730056,3.134329667662092,52.260309618140184
0.01097974804772695,1.7347371663951905,51.48663126954901
0.011650669749986839,7.733812251782857,59.2065400872512
0.011011807526096679,1.926042289044081,51.60683366476359
0.010679784565547253,3.2968839322898016,50.63788343279088
0.015996039716374776,1.6601153917705496,50.85710999340574
0.010456976975640166,4.443269278885905,53.69703185984464
0.010495218515858731,3.6062197509777745,68.5382844459028
0.010939126770033631,2.5486563821359933,81.50302042008478
0.013109317057603993,1.016949609784263,54.34156793872225
0.010039209121798114,1.033707934316256,52.926157942403336
0.010182137726405567,7.68990695647839,60.76526696501412
0.021271556351705877,5.188596688480564,57.453047059882586
0.011551166452376634,6.2207344669615185,50.889734069126455
0.010331768000598767,3.993995674139153,57.03496347292191
0.018550617839663212,2.2755307625221013,64.18591706274458
0.011635780373468466,3.3381337457352043,54.80988056694352
0.013753327482851655,7.1297314601066475,51.257115343652764
0.012140322908016568,1.3159967419504732,55.22583759068499
0.011740573061098356,3.1432274118467776,51.71444001590581
0.01979557946636023,2.8250991426430603,53.37059492449396
0.012862863338532607,0.39567724076311706,50.2358599907186
0.013596674812219128,6.854317285380404,50.38903424716795
0.01510495211480697,2.042265384110232,50.51907784881906
0.012542464588952962,4.766829326065709,52.23942491368382
0.010450412041987265,7.4533452654231445,50.31123582646666
0.022496157260785687,3.5738729867826162,54.546247541955225
0.013270741291589143,0.7888608779727303,55.45180724308805
0.010898676815820352,5.943189732587826,51.470155350595284
0.013224139544199905,5.081422005463473,56.88432694839085
0.01004107471869854,2.6939649246931943,56.60687572958297
0.010936358365495969,2.318506392397189,54.83146894957244
0.014923872266730056,3.134329667662092,52.260309618140184
0.010795154777032172,1.8109496991996052,51.16714329035183
0.011650669749986839,7.733812251782857,59.2065400872512
0.01109169965581536,1.8628416077097079,51.19532598088083
0.010679784565547253,3.2968839322898016,50.63788343279088
0.015996039716374776,1.6601153917705496,50.85710999340574
0.010456976975640166,4.443269278885905,53.69703185984464
0.010580178252837255,4.098335925023973,64.94409947364976
0.011190017325011131,1.4654928031658727,93.07703916385572
0.012188508911279611,2.138819874752533,58.20173464472589
0.01012086781515965,1.4805680964765937,53.3466833334388
0.010182137726405567,7.68990695647839,60.76526696501412
0.021525569385619652,5.120301811351673,57.404473323431496
0.011551166452376634,6.2207344669615185,50.889734069126455
0.010551730978147843,4.977708241158979,57.35889065163606
0.02256553735359284,2.1314620945159914,55.05146816723993
0.012149634379368009,1.7998078706482872,52.70468699443009
0.014073548052412212,7.742032985181045,51.29550404646234
0.01238491445587167,1.2741993510987522,56.032062101751734
0.011637354567582097,3.1581787377949717,51.60968723138734
0.02579876566710565,0.7638878350827811,50.16070670382516
0.012862863338532607,0.39567724076311706,50.2358599907186
0.013596674812219128,6.854317285380404,50.38903424716795
0.014364986127276052,1.894942827409583,50.87068617181792
0.012177452441134516,4.862801995931174,52.137018199511296
0.010450412041987265,7.4533452654231445,50.31123582646666
0.020042612905949293,2.7644048760673363,53.448416713907555
0.013233557698830787,0.9919638445293453,55.28779277456484
0.010940970335505314,5.800707439792035,51.57949873104407
0.012308370872050875,3.7267956603019012,54.59786698268897
0.01004107471869854,2.6939649246931943,56.60687572958297
0.010936358365495969,2.318506392397189,54.83146894957244
0.014923872266730056,3.134329667662092,52.260309618140184
0.010829974658239611,1.5399175537204757,50.906657773280045
0.011288933060479105,7.872561446484902,59.36197789452306
0.01109169965581536,1.8628416077097079,51.19532598088083
0.010679784565547253,3.2968839322898016,50.63788343279088
0.015260964090090166,1.6430125291297513,50.86416011083792
0.010456976975640166,4.443269278885905,53.69703185984464
0.010853297089460298,3.778589448497954,63.9501522054927
0.011190017325011131,1.4654928031658727,93.07703916385572
0.012188508911279611,2.138819874752533,58.20173464472589
0.01012086781515965,1.4805680964765937,53.3466833334388
0.010182137726405567,7.68990695647839,60.76526696501412
0.02031043991647743,4.3599162562212825,55.965672086547656
0.011551166452376634,6.2207344669615185,50.889734069126455
0.010551730978147843,4.977708241158979,57.35889065163606
0.02256553735359284,2.1314620945159914,55.05146816723993
0.011807497819584978,1.7851153294515434,52.98792812427789
0.014073548052412212,7.742032985181045,51.29550404646234
0.012671959170910055,0.43816593167809703,55.41527628636737
0.010766581287534775,3.561456106122265,51.8456070623897
0.02579876566710565,0.7638878350827811,50.16070670382516
0.012862863338532607,0.39567724076311706,50.2358599907186
0.013596674812219128,6.854317285380404,50.38903424716795
0.014364986127276052,1.894942827409583,50.87068617181792
0.012656193828191189,6.373775734156764,52.604443033934565
0.010450412041987265,7.4533452654231445,50.31123582646666
0.01658717247354499,3.3696037361325866,53.53803777125053
0.012526340765358746,1.153190702663387,53.9987119280077
0.010940970335505314,5.800707439792035,51.57949873104407
0.012308370872050875,3.7267956603019012,54.59786698268897
0.01004107471869854,2.6939649246931943,56.60687572958297
0.010936358365495969,2.318506392397189,54.83146894957244
0.014714025901696678,4.271436874598769,52.022211091988055
0.010829974658239611,1.5399175537204757,50.906657773280045
0.011288933060479105,7.872561446484902,59.36197789452306
0.01109169965581536,1.8628416077097079,51.19532598088083
0.010679784565547253,3.2968839322898016,50.63788343279088
0.015260964090090166,1.6430125291297513,50.86416011083792
0.010149365175817708,4.932340846397363,53.652186990518494
0.011104765194125113,2.778675602919993,69.44643308096894
0.011190017325011131,1.4654928031658727,93.07703916385572
0.012188508911279611,2.138819874752533,58.20173464472589
0.01012086781515965,1.4805680964765937,53.3466833334388
0.010182137726405567,7.68990695647839,60.76526696501412
0.019369393773684712,4.198274609900329,57.343737086488154
0.011551166452376634,6.2207344669615185,50.889734069126455
0.010551730978147843,4.977708241158979,57.35889065163606
0.02061234468492213,2.856618064810794,54.313462465208
0.011807497819584978,1.7851153294515434,52.98792812427789
0.013996736171956563,7.599045066244598,51.14949532969756
0.012671959170910055,0.43816593167809703,55.41527628636737
0.010766581287534775,3.561456106122265,51.8456070623897
0.02579876566710565,0.7638878350827811,50.16070670382516
0.012862863338532607,0.39567724076311706,50.2358599907186
0.013695027158384315,7.03740351132949,50.57598839760925
0.014364986127276052,1.894942827409583,50.87068617181792
0.012741345131428189,7.021788750411471,52.11642853074056
0.010450412041987265,7.4533452654231445,50.31123582646666
0.015329687444885337,3.4745778711437083,53.84950801232332
0.012526340765358746,1.153190702663387,53.9987119280077
0.010940970335505314,5.800707439792035,51.57949873104407
0.012308370872050875,3.7267956603019012,54.59786698268897
0.01004107471869854,2.6939649246931943,56.60687572958297
0.010936358365495969,2.318506392397189,54.83146894957244
0.014566081886274524,4.957770021738776,51.842209805419735
0.010829974658239611,1.5399175537204757,50.906657773280045
0.011288933060479105,7.872561446484902,59.36197789452306
0.011094870802549341,1.7799940877542282,51.187243491293145
0.010679784565547253,3.2968839322898016,50.63788343279088
0.014920071113986761,1.7361600359660918,52.38828503703036
0.010149365175817708,4.932340846397363,53.652186990518494
0.011104765194125113,2.778675602919993,69.44643308096894
0.011190017325011131,1.4654928031658727,93.07703916385572
0.011763476822465849,4.847901221014864,58.74992700844322
0.010100564391685508,1.0721433605952357,52.67672707931985
0.010182137726405567,7.68990695647839,60.76526696501412
0.019369393773684712,4.198274609900329,57.343737086488154
0.011551166452376634,6.2207344669615185,50.889734069126455
0.010551730978147843,4.977708241158979,57.35889065163606
0.02230657730946456,2.735331420351579,54.738124420543784
0.011807497819584978,1.7851153294515434,52.98792812427789
0.013996736171956563,7.599045066244598,51.14949532969756
0.012671959170910055,0.43816593167809703,55.41527628636737
0.010766581287534775,3.561456106122265,51.8456070623897
0.02579876566710565,0.7638878350827811,50.16070670382516
0.012862863338532607,0.39567724076311706,50.2358599907186
0.013695027158384315,7.03740351132949,50.57598839760925
0.014356455092750988,1.7650092839611262,50.829471470416706
0.012721072756662889,6.968964705167322,52.146922004660894
0.010450412041987265,7.4533452654231445,50.31123582646666
0.017585800001035136,6.290484507312252,57.154484907130154
0.012526340765358746,1.153190702663387,53.9987119280077
0.010597563358685615,3.9917067910652317,52.319483680163486
0.01244405131675131,3.473899262668448,54.204309214124805
0.01019004232094834,2.872086097982675,55.62924877555468
0.010936358365495969,2.318506392397189,54.83146894957244
0.014566081886274524,4.957770021738776,51.842209805419735
0.010829974658239611,1.5399175537204757,50.906657773280045
0.011288933060479105,7.872561446484902,59.36197789452306
0.011606356717740135,1.9372340337948417,50.053239716911065
0.010685356975914604,3.1959062394747813,50.645819058556775
0.015704319667376558,0.9630551331747568,50.8077497979387
0.010149365175817708,4.932340846397363,53.652186990518494
0.011104765194125113,2.778675602919993,69.44643308096894
0.011190017325011131,1.4654928031658727,93.07703916385572
0.011763476822465849,4.847901221014864,58.74992700844322
0.010100564391685508,1.0721433605952357,52.67672707931985
0.010182137726405567,7.68990695647839,60.76526696501412
0.015797943499715125,5.822257844880623,58.23577120961841
0.011766583124495042,5.986211277979214,50.95722456637483
0.010551730978147843,4.977708241158979,57.35889065163606
0.022901853202720864,2.4530029104843507,54.41823166308942
0.011807497819584978,1.7851153294515434,52.98792812427789
0.013996736171956563,7.599045066244598,51.14949532969756
0.012671959170910055,0.43816593167809703,55.41527628636737
0.010224460789691518,3.6612834171041535,51.894306484394654
0.02422781655397557,1.0826733917820999,50.63636598119767
0.012862863338532607,0.39567724076311706,50.2358599907186
0.013616555309803382,5.767246647244791,51.8785868668365
0.01350563617489784,2.271230588078005,50.843182944269216
0.01277890680862993,6.911470755623347,52.13799581772035
0.010488627949722357,7.377515488636533,50.55683851752186
0.017585800001035136,6.290484507312252,57.154484907130154
0.01329122068635346,0.5013326593368881,57.27899975573915
0.01064507748294123,3.490463440611389,52.03064580601522
0.011556942163532013,4.157092352940795,55.128502753890956
0.011589891028947152,2.5001258212064994,54.01659961492618
0.010936358365495969,2.318506392397189,54.83146894957244
0.014696100246280989,5.0055516816292585,51.842093551778426
0.011162361021246897,1.6232919433160702,51.614350347490735
0.011288933060479105,7.872561446484902,59.36197789452306
0.011606356717740135,1.9372340337948417,50.053239716911065
0.011148777861128379,2.6132788660373665,51.613061506441966
0.015543595806519914,0.9323022219916275,51.2387658009976
0.010149365175817708,4.932340846397363,53.652186990518494
0.011104765194125113,2.778675602919993,69.44643308096894
0.011190017325011131,1.4654928031658727,93.07703916385572
0.01092350376038233,7.237700054844248,59.55866157302651
0.010100564391685508,1.0721433605952357,52.67672707931985
0.010182137726405567,7.68990695647839,60.76526696501412
0.01621823409608116,6.211809358278639,59.056234012784664
0.011733093568527206,7.5523129469072865,50.17945111029359
0.01064387303295012,4.612806610702476,56.47213867440774
0.022901853202720864,2.4530029104843507,54.41823166308942
0.011807497819584978,1.7851153294515434,52.98792812427789
0.013996736171956563,7.599045066244598,51.14949532969756
0.012671959170910055,0.43816593167809703,55.41527628636737
0.011069747598974703,3.505630366693951,51.81837322010328
0.02422781655397557,1.0826733917820999,50.63636598119767
0.012862863338532607,0.39567724076311706,50.2358599907186
0.01319880265628964,5.6667357226899355,52.10458124083198
0.01350563617489784,2.271230588078005,50.843182944269216
0.013322001262140216,7.407856741886013,52.77145952850784
0.010488627949722357,7.377515488636533,50.55683851752186
0.018672597451369177,7.584845705898295,57.53914683656344
0.01329122068635346,0.5013326593368881,57.27899975573915
0.010141358461644066,4.304369710848544,53.06682449775506
0.010218095009631608,2.268306423409694,57.31199969946707
0.011554276076969362,2.5590036416962683,54.12237635424938
0.01139639150295168,0.7906018559486281,55.52081262710832
0.016850613770547498,6.545358295895642,50.12903719634799
0.011871789610138178,1.066347517885845,53.4005777126337
0.011288933060479105,7.872561446484902,59.36197789452306
0.012519722663361472,1.978939657660597,50.40619764150091
0.01119507238909823,2.090555160202335,51.49279354058163
0.015543595806519914,0.9323022219916275,51.2387658009976
0.010149365175817708,4.932340846397363,53.652186990518494
0.01055501190163816,4.005961179379876,80.94706022575267
0.011190017325011131,1.4654928031658727,93.07703916385572
0.010962285673507398,7.577824302740257,57.30764028517163
0.010100564391685508,1.0721433605952357,52.67672707931985
0.010182137726405567,7.68990695647839,60.76526696501412
0.017184549090875714,5.975181613220453,58.7826359674264
0.011733093568527206,7.5523129469072865,50.17945111029359
0.010300538189440827,5.505398497610161,60.223947214883815
0.024071205532007,2.6946681304526128,54.92350289940719
0.011807497819584978,1.7851153294515434,52.98792812427789
0.013794213063966537,7.101884930177455,51.511990262336035
0.012671959170910055,0.43816593167809703,55.41527628636737
0.011069747598974703,3.505630366693951,51.81837322010328
0.02422781655397557,1.0826733917820999,50.63636598119767
0.012862863338532607,0.39567724076311706,50.2358599907186
0.012023475205289201,6.40865336241285,51.433368235491585
0.01350563617489784,2.271230588078005,50.843182944269216
0.013322001262140216,7.407856741886013,52.77145952850784
0.010488627949722357,7.377515488636533,50.55683851752186
0.018672597451369177,7.584845705898295,57.53914683656344
0.013212388998512202,0.6523145804469093,56.57673665885757
0.010141358461644066,4.304369710848544,53.06682449775506
0.010248982726075134,2.26569241735889,57.29728169948984
0.011554276076969362,2.5590036416962683,54.12237635424938
0.011240365854488708,0.8326199620474066,56.083106523371356
0.016850613770547498,6.545358295895642,50.12903719634799
0.012233783703629179,1.3333007093080909,52.83396281693882
0.011288933060479105,7.872561446484902,59.36197789452306
0.012519722663361472,1.978939657660597,50.40619764150091
0.01119507238909823,2.090555160202335,51.49279354058163
0.015543595806519914,0.9323022219916275,51.2387658009976
0.010149365175817708,4.932340846397363,53.652186990518494
0.010545688370761362,4.479491148566158,76.67879715505173
0.011190017325011131,1.4654928031658727,93.07703916385572
0.010962285673507398,7.577824302740257,57.30764028517163
0.010100564391685508,1.0721433605952357,52.67672707931985
0.010182137726405567,7.68990695647839,60.76526696501412
0.016178759845236635,6.336869639776701,55.92569695997666
0.011211047135642981,7.478986381521645,50.337763036940586
0.010229861937884431,5.61770862549927,60.53662141872782
0.02368599222312535,2.672017460901895,54.98141805273621
0.010983178578864414,0.03749244133065144,53.810417714030336
0.014277038819859814,7.020740269445263,50.52386849318474
0.013107599671700592,2.224766355446593,54.087681520595396
0.011069747598974703,3.505630366693951,51.81837322010328
0.019326140873469816,1.2265977279259392,66.59231160901288
0.012862863338532607,0.39567724076311706,50.2358599907186
0.012023475205289201,6.40865336241285,51.433368235491585
0.01350563617489784,2.271230588078005,50.843182944269216
0.013322001262140216,7.407856741886013,52.77145952850784
0.010488627949722357,7.377515488636533,50.55683851752186
0.018318954078925382,7.135843857719143,57.47681405497521
0.013212388998512202,0.6523145804469093,56.57673665885757
0.010141358461644066,4.304369710848544,53.06682449775506
0.01072100298350567,1.9096718196056415,56.93064805702029
0.012211191033857644,2.566123601276034,54.16442117137205
0.011240365854488708,0.8326199620474066,56.083106523371356
0.015185956718991884,6.49821508083602,50.578840704683174
0.012125781373371992,0.7304192343078739,52.84016608093368
0.011278034909091033,6.292846358988577,58.62622141324856
0.012341565163903414,1.9261218185011693,50.32723309955057
0.01119507238909823,2.090555160202335,51.49279354058163
0.014870921086885215,2.893029858890557,51.702848829130296
0.010207259142832496,5.120744918376056,53.91251834280472
0.010461053562819497,3.8500419665504606,80.6141902324608
0.011190017325011131,1.4654928031658727,93.07703916385572
0.010962285673507398,7.577824302740257,57.30764028517163
0.010358170112781066,1.5787856074792517,52.68430246318289
0.010182137726405567,7.68990695647839,60.76526696501412
0.016178759845236635,6.336869639776701,55.92569695997666
0.011211047135642981,7.478986381521645,50.337763036940586
0.010229861937884431,5.61770862549927,60.53662141872782
0.02368599222312535,2.672017460901895,54.98141805273621
0.010983178578864414,0.03749244133065144,53.810417714030336
0.014277038819859814,7.020740269445263,50.52386849318474
0.013040109080556177,1.9479814410040959,54.29335605126825
0.011069747598974703,3.505630366693951,51.81837322010328
0.020141433659227007,1.2026588791319166,63.93836871107119
0.012862863338532607,0.39567724076311706,50.2358599907186
0.012023475205289201,6.40865336241285,51.433368235491585
0.01350563617489784,2.271230588078005,50.843182944269216
0.013322001262140216,7.407856741886013,52.77145952850784
0.010488627949722357,7.377515488636533,50.55683851752186
0.017704100316815904,7.010708593543825,56.12308011328813
0.013212388998512202,0.6523145804469093,56.57673665885757
0.010141358461644066,4.304369710848544,53.06682449775506
0.01072100298350567,1.9096718196056415,56.93064805702029
0.012211191033857644,2.566123601276034,54.16442117137205
0.01133151185566631,1.1144095403368988,56.888537104607124
0.015185956718991884,6.49821508083602,50.578840704683174
0.012545105241939044,0.37841442013087545,51.619164434773914
0.010955797474547477,7.2324832639993595,58.967638071658136
0.011778239105928871,2.5350323398201757,51.02865957063019
0.011360853886562584,1.640031839193362,51.15045347139324
0.014870921086885215,2.893029858890557,51.702848829130296
0.010318741287392864,5.202604706816883,53.87167782413103
0.010461053562819497,3.8500419665504606,80.6141902324608
0.011190017325011131,1.4654928031658727,93.07703916385572
0.010924863912166762,7.299509769532724,59.04769670055982
0.010369506461730627,0.5368859963265242,52.34291513314472
0.010148221382435804,7.694779665368221,60.91558467876087
0.016178759845236635,6.336869639776701,55.92569695997666
0.011211047135642981,7.478986381521645,50.337763036940586
0.010229861937884431,5.61770862549927,60.53662141872782
0.024744385571399307,2.182838792799224,55.482838412815084
0.011452708275041556,1.0043127821550892,53.945770686303106
0.014224335063513638,6.818610391257647,50.55719899221102
0.013398510866016096,1.7537998652903652,55.20207795711361
0.011069747598974703,3.505630366693951,51.81837322010328
0.020141433659227007,1.2026588791319166,63.93836871107119
0.012862863338532607,0.39567724076311706,50.2358599907186
0.012023475205289201,6.40865336241285,51.433368235491585
0.01350563617489784,2.271230588078005,50.843182944269216
0.01331978996222309,7.469711107255063,52.79467950224209
0.010711286910322436,6.827751314312389,51.048946393013985
0.018873853024448745,6.9512428597867535,57.0254640247948
0.013212388998512202,0.6523145804469093,56.57673665885757
0.010274787063994402,3.9467419216556365,53.495278320832085
0.01072100298350567,1.9096718196056415,56.93064805702029
0.01022148960631357,2.321570268990186,56.00588399117448
0.01133151185566631,1.1144095403368988,56.888537104607124
0.015185956718991884,6.49821508083602,50.578840704683174
0.012545105241939044,0.37841442013087545,51.619164434773914
0.011007207393895612,7.480526017518411,59.38075007270004
0.011748166727516359,2.647953963525562,51.01765719895887
0.011360853886562584,1.640031839193362,51.15045347139324
0.014262592066872264,3.0881345488918965,50.29061012995897
0.010271650046923014,3.8075492794151176,54.90510382468041
0.010461053562819497,3.8500419665504606,80.6141902324608
0.011190017325011131,1.4654928031658727,93.07703916385572
0.010924863912166762,7.299509769532724,59.04769670055982
0.010369506461730627,0.5368859963265242,52.34291513314472
0.010956748770359716,7.502737969371651,59.25659704907076
0.015135341282197606,5.3196709250760055,54.89151784943411
0.011211047135642981,7.478986381521645,50.337763036940586
0.010229861937884431,5.61770862549927,60.53662141872782
0.024744385571399307,2.182838792799224,55.482838412815084
0.01129055068400021,0.44278758231040527,54.04574390909125
0.014224335063513638,6.818610391257647,50.55719899221102
0.013398510866016096,1.7537998652903652,55.20207795711361
0.01102881735706956,3.3183214692790024,52.41837286591622
0.02025748643770938,1.1926669913863204,64.02880066061996
0.012862863338532607,0.39567724076311706,50.2358599907186
0.012023475205289201,6.40865336241285,51.433368235491585
0.01350563617489784,2.271230588078005,50.843182944269216
0.01331978996222309,7.469711107255063,52.79467950224209
0.010711286910322436,6.827751314312389,51.048946393013985
0.018374573832803873,7.356787826782692,57.156661810072386
0.013212388998512202,0.6523145804469093,56.57673665885757
0.010274787063994402,3.9467419216556365,53.495278320832085
0.01072100298350567,1.9096718196056415,56.93064805702029
0.010212576088386176,2.057511572770108,56.2014927942263
0.011057530242943044,1.8487606218273482,56.00875220574509
0.015185956718991884,6.49821508083602,50.578840704683174
0.012545105241939044,0.37841442013087545,51.619164434773914
0.010995140092718932,7.40031025784161,59.849904187979234
0.011748166727516359,2.647953963525562,51.01765719895887
0.011360853886562584,1.640031839193362,51.15045347139324
0.014292011682905881,0.21940053236996437,50.08560343111292
0.010314428120373764,3.6268727226005906,55.09793416558737
0.010461053562819497,3.8500419665504606,80.6141902324608
0.011190017325011131,1.4654928031658727,93.07703916385572
0.010924863912166762,7.299509769532724,59.04769670055982
0.010369506461730627,0.5368859963265242,52.34291513314472
0.010956748770359716,7.502737969371651,59.25659704907076
0.013793123325050755,6.0582169852205165,53.33400680324026
0.011211047135642981,7.478986381521645,50.337763036940586
0.010229861937884431,5.61770862549927,60.53662141872782
0.02536002828453578,2.273899960871281,55.67782063031294
0.01129055068400021,0.44278758231040527,54.04574390909125
0.014224335063513638,6.818610391257647,50.55719899221102
0.013385828540412254,1.761502291527045,55.20164969834668
0.01102881735706956,3.3183214692790024,52.41837286591622
0.02025748643770938,1.1926669913863204,64.02880066061996
0.012862863338532607,0.39567724076311706,50.2358599907186
0.01217380866908156,6.927933134799818,50.79886325090574
0.015071273323561125,1.9356275354904886,50.68775300206768
0.01331978996222309,7.469711107255063,52.79467950224209
0.010711286910322436,6.827751314312389,51.048946393013985
0.018004230121248577,7.353940391306867,57.25066988387451
0.01339877461308343,0.43568872801241687,54.948350857939985
0.010274787063994402,3.9467419216556365,53.495278320832085
0.010949748740455808,0.1826777238663313,55.25118934852958
0.011335531727661878,1.5515305098002226,54.517957832007326
0.011057530242943044,1.8487606218273482,56.00875220574509
0.013975553712257414,5.142586131813124,50.73334252282594
0.012545105241939044,0.37841442013087545,51.619164434773914
0.010995140092718932,7.40031025784161,59.849904187979234
0.011656165844148539,2.453046523308049,57.95038932642683
0.011360853886562584,1.640031839193362,51.15045347139324
0.014292011682905881,0.21940053236996437,50.08560343111292
0.010314428120373764,3.6268727226005906,55.09793416558737
0.010461053562819497,3.8500419665504606,80.6141902324608
0.011162767256795682,1.4077624765950776,95.13046970144792
0.010940446813027324,6.702718940252462,58.05394323539661
0.010053949756747461,0.5691248234676353,51.75951313713185
0.010099924220888623,7.907407364799967,65.2109415795
0.013793123325050755,6.0582169852205165,53.33400680324026
0.011211047135642981,7.478986381521645,50.337763036940586
0.01044754190185956,5.558471932185314,60.450225218837886
0.02296991420539552,2.150790700703256,55.48015190168093
0.01129055068400021,0.44278758231040527,54.04574390909125
0.014224335063513638,6.818610391257647,50.55719899221102
0.01336956656704516,1.7680040643314663,55.22749284725743
0.01046223840004489,2.756745738603855,52.23070227979643
0.021783801492697492,1.065176304412883,65.97910915307696
0.012862863338532607,0.39567724076311706,50.2358599907186
0.01217380866908156,6.927933134799818,50.79886325090574
0.015071273323561125,1.9356275354904886,50.68775300206768
0.01331978996222309,7.469711107255063,52.79467950224209
0.010796780675718326,7.51730429968517,50.17668850308797
0.018004230121248577,7.353940391306867,57.25066988387451
0.012765943438076556,2.0489691428232186,55.74780310075049
0.010274787063994402,3.9467419216556365,53.495278320832085
0.010949748740455808,0.1826777238663313,55.25118934852958
0.011366353304505071,2.311255108367008,54.84152475102008
0.011057530242943044,1.8487606218273482,56.00875220574509
0.013975553712257414,5.142586131813124,50.73334252282594
0.012545105241939044,0.37841442013087545,51.619164434773914
0.011027776729127263,6.886257696727238,59.07355717900971
0.011656165844148539,2.453046523308049,57.95038932642683
0.011360853886562584,1.640031839193362,51.15045347139324
0.013514909475768146,0.27723722244123183,51.11091540655904
0.010314428120373764,3.6268727226005906,55.09793416558737
0.010721527612942035,0.9235603008446898,91.72418904958604
0.011162767256795682,1.4077624765950776,95.13046970144792
0.010940446813027324,6.702718940252462,58.05394323539661
0.010053949756747461,0.5691248234676353,51.75951313713185
0.010099924220888623,7.907407364799967,65.2109415795
0.01280542039087551,6.601693629042896,52.18787534065269
0.011211047135642981,7.478986381521645,50.337763036940586
0.01044754190185956,5.558471932185314,60.450225218837886
0.02006339197773812,3.117587609472784,53.946223282673465
0.011801058121926968,1.5522436792204557,53.43870266228213
0.014224335063513638,6.818610391257647,50.55719899221102
0.01316807751290716,1.8004337373503965,55.25962848893959
0.010371309691762474,2.006440565373623,51.1234449339717
0.019528694537779376,0.8502881549282665,61.92422887937208
0.012862863338532607,0.39567724076311706,50.2358599907186
0.01217380866908156,6.927933134799818,50.79886325090574
0.014942415020755578,1.905118371011828,50.603644233989854
0.01331978996222309,7.469711107255063,52.79467950224209
0.010796780675718326,7.51730429968517,50.17668850308797
0.018004230121248577,7.353940391306867,57.25066988387451
0.012505813830241321,1.9070251091400316,55.36525342472732
0.010274787063994402,3.9467419216556365,53.495278320832085
0.010762178320218281,1.1995329665139636,55.20594268383871
0.011366353304505071,2.311255108367008,54.84152475102008
0.011057530242943044,1.8487606218273482,56.00875220574509
0.013802360202586364,5.200195513972871,50.64193896204021
0.012517874521344476,0.4857365556330686,51.72836129589435
0.010888468958174734,5.869044403790211,57.38797228769432
0.011656165844148539,2.453046523308049,57.95038932642683
0.01185234515537346,1.0292532141254556,50.55961916524191
0.013514909475768146,0.27723722244123183,51.11091540655904
0.010014694250527846,3.9693658591808942,52.674085680616884
0.010721527612942035,0.9235603008446898,91.72418904958604
0.011450302346852103,1.5146504496921847,86.61706795551603
0.011360839934230357,7.678634497695259,56.01018096101626
0.010053949756747461,0.5691248234676353,51.75951313713185
0.010099924220888623,7.907407364799967,65.2109415795
0.012275621960710663,5.601509923252805,51.95619583705213
0.011211047135642981,7.478986381521645,50.337763036940586
0.011275451984991115,5.839471395451797,58.2428273019782
0.02034826291366427,2.9414102269164415,54.101923451399685
0.011204942855426767,2.20155948583346,55.23683228422995
0.014107808407239051,6.800796363763098,50.69111632072569
0.012948334206714648,2.4380446538262097,54.70698147864182
0.010371309691762474,2.006440565373623,51.1234449339717
0.02321999785091465,0.0012997195371309278,71.03569089406525
0.012862863338532607,0.39567724076311706,50.2358599907186
0.01217380866908156,6.927933134799818,50.79886325090574
0.014942415020755578,1.905118371011828,50.603644233989854
0.01331978996222309,7.469711107255063,52.79467950224209
0.010796780675718326,7.51730429968517,50.17668850308797
0.018004230121248577,7.353940391306867,57.25066988387451
0.012505813830241321,1.9070251091400316,55.36525342472732
0.010274787063994402,3.9467419216556365,53.495278320832085
0.010762178320218281,1.1995329665139636,55.20594268383871
0.011456453811279691,2.1844259295743114,53.72887895039454
0.011464838027857787,1.7551693290267696,58.90843756210848
0.013640500171130063,5.142681741781471,50.77286228530655
0.012517874521344476,0.4857365556330686,51.72836129589435
0.012019940089901749,6.105156452099404,57.366139949216596
0.010937543977858316,2.9148647516878654,60.1368656280258
0.011775699184322102,1.3300843635058763,51.20042686819113
0.013514909475768146,0.27723722244123183,51.11091540655904
0.010014694250527846,3.9693658591808942,52.674085680616884
0.010721527612942035,0.9235603008446898,91.72418904958604
0.011450302346852103,1.5146504496921847,86.61706795551603
0.011360839934230357,7.678634497695259,56.01018096101626
0.010053949756747461,0.5691248234676353,51.75951313713185
0.010099924220888623,7.907407364799967,65.2109415795
0.011651589802300065,3.786460384510974,53.29615094659852
0.010687196905167187,7.601630246099913,50.27386263860082
0.011275451984991115,5.839471395451797,58.2428273019782
0.020695618691862518,2.7265893234787812,54.29177557898743
0.011040546977108491,1.7669480378650917,67.64515236971513
0.014107808407239051,6.800796363763098,50.69111632072569
0.012948334206714648,2.4380446538262097,54.70698147864182
0.010566376048567359,1.603746375743801,53.16085061136475
0.02321999785091465,0.0012997195371309278,71.03569089406525
0.012862863338532607,0.39567724076311706,50.2358599907186
0.01217380866908156,6.927933134799818,50.79886325090574
0.01514023257606208,1.9049635708432164,50.217068912142516
0.01331978996222309,7.469711107255063,52.79467950224209
0.010796780675718326,7.51730429968517,50.17668850308797
0.015737018945499656,5.41284309333475,57.82541893595934
0.012181849870438488,1.9072786239280588,55.998344213023
0.010274787063994402,3.9467419216556365,53.495278320832085
0.010762178320218281,1.1995329665139636,55.20594268383871
0.011456453811279691,2.1844259295743114,53.72887895039454
0.011464838027857787,1.7551693290267696,58.90843756210848
0.013163208828458426,4.900821080858222,50.06433964031449
0.012517874521344476,0.4857365556330686,51.72836129589435
0.013085026113953705,7.2395813022361875,59.85832386375309
0.01140189427831162,3.4840392012654346,58.753341752792416
0.011769144358103629,1.34762591921717,51.25234168168594
0.013602766580589109,0.05902285901191284,50.831120351930736
0.010014694250527846,3.9693658591808942,52.674085680616884
0.01075348995907072,2.8889732363343086,78.98184907212993
0.012339172582861702,4.346055230669553,70.53580902676725
0.011360839934230357,7.678634497695259,56.01018096101626
0.010095981438821004,1.0359062891910735,51.66090331380696
0.010099924220888623,7.907407364799967,65.2109415795
0.011651589802300065,3.786460384510974,53.29615094659852
0.010687196905167187,7.601630246099913,50.27386263860082
0.011275451984991115,5.839471395451797,58.2428273019782
0.019046405131041413,3.601487408068003,54.595373289507656
0.010681364619943646,1.2107266064519093,69.45263213030753
0.014460999615249194,7.063781316328313,50.432728674119126
0.01308490675771581,2.461261901173068,54.79652079950975
0.011270199771897249,2.5904661589519096,52.66783327433721
0.019572775859755843,1.1129002798734757,66.09380315472205
0.01288039632676257,0.3480094962911675,50.140831501830746
0.011991188034210468,6.172898581189085,55.94511848026769
0.015236913509090328,2.021042411520131,50.17845533219937
0.012967935601422804,6.080559153462775,52.44471024650228
0.010824824193828821,7.275423066154426,50.54322733704997
0.0158563355242011,5.348204964480296,57.74039044862998
0.012066990036997452,1.751522002010778,54.677486981976834
0.010274787063994402,3.9467419216556365,53.495278320832085
0.010845800614385046,1.0269034442527034,56.07935078804815
0.010206476889656873,3.4222253898105164,55.41648544666454
0.011436476271324448,1.5765073119580633,59.08913138372446
0.013262465429231544,4.8421624942691945,50.31256702492377
0.013633522982218056,0.23230009268909946,51.75943591039014
0.013025052315634094,7.0790442746091635,60.086746680083024
0.01178867749978068,3.795163332649129,56.84524406056842
0.011769144358103629,1.34762591921717,51.25234168168594
0.01332723984772539,0.1676437112718101,52.58737449648051
0.010105982112795571,3.835869235135789,55.92475356253106
0.01075348995907072,2.8889732363343086,78.98184907212993
0.010116142712284747,6.129711215806337,86.15314905164772
0.011360839934230357,7.678634497695259,56.01018096101626
0.010095981438821004,1.0359062891910735,51.66090331380696
0.010099924220888623,7.907407364799967,65.2109415795
0.011651589802300065,3.786460384510974,53.29615094659852
0.010687196905167187,7.601630246099913,50.27386263860082
0.011275451984991115,5.839471395451797,58.2428273019782
0.01720695343890028,3.075765028576468,57.86244771419584
0.010681364619943646,1.2107266064519093,69.45263213030753
0.014460999615249194,7.063781316328313,50.432728674119126
0.013158296591031737,2.5124327797302293,54.80510290829124
0.011164447146754235,2.7018135872914866,52.40110542320746
0.019572775859755843,1.1129002798734757,66.09380315472205
0.01288039632676257,0.3480094962911675,50.140831501830746
0.011991188034210468,6.172898581189085,55.94511848026769
0.015236913509090328,2.021042411520131,50.17845533219937
0.012967935601422804,6.080559153462775,52.44471024650228
0.010824824193828821,7.275423066154426,50.54322733704997
0.01668421505858637,6.054677980420759,57.487759096935775
0.012066990036997452,1.751522002010778,54.677486981976834
0.010274787063994402,3.9467419216556365,53.495278320832085
0.011096198221740867,1.1873067046221206,55.93589284581032
0.010201157759371847,3.4441193187648644,55.443387783407374
0.012712236279282021,2.091001772051638,66.15863741374062
0.013262465429231544,4.8421624942691945,50.31256702492377
0.013633522982218056,0.23230009268909946,51.75943591039014
0.013025052315634094,7.0790442746091635,60.086746680083024
0.01178867749978068,3.795163332649129,56.84524406056842
0.011473759768621519,1.6133363926770337,51.54779490691436
0.01332723984772539,0.1676437112718101,52.58737449648051
0.010105982112795571,3.835869235135789,55.92475356253106
0.010891870143881795,3.0272590164360835,75.02416922126635
0.010116238777495496,6.151398756343009,86.43894883997365
0.011360839934230357,7.678634497695259,56.01018096101626
0.010095981438821004,1.0359062891910735,51.66090331380696
0.010099924220888623,7.907407364799967,65.2109415795
0.011598288357722255,3.733195302851651,54.820574790341226
0.010687196905167187,7.601630246099913,50.27386263860082
0.011275451984991115,5.839471395451797,58.2428273019782
0.019905366199165803,3.9096783269325512,58.71318384343973
0.010771396440463462,1.256471071285423,67.41828715227138
0.014460999615249194,7.063781316328313,50.432728674119126
0.013158296591031737,2.5124327797302293,54.80510290829124
0.011164447146754235,2.7018135872914866,52.40110542320746
0.024011774956643705,1.1489648223679263,72.85427790109469
0.01304808913375851,0.4537344341925684,50.44011323176891
0.011991188034210468,6.172898581189085,55.94511848026769
0.015236913509090328,2.021042411520131,50.17845533219937
0.01233143672771528,5.581339787908699,53.21867238806321
0.010824824193828821,7.275423066154426,50.54322733704997
0.020059274504819993,5.025077462729831,58.42455463147679
0.011949123034217107,1.0960958397259164,54.01200495424939
0.010274787063994402,3.9467419216556365,53.495278320832085
0.013386189252058733,1.8950019843873664,56.65786471528227
0.010197690798308767,3.5969742530165183,55.777898748844066
0.013617400269526073,0.6440841456298765,77.13558385888166
0.013262465429231544,4.8421624942691945,50.31256702492377
0.012843388024915543,2.1111332843556765,53.931870152782416
0.013025052315634094,7.0790442746091635,60.086746680083024
0.011634086452762673,3.760979025976006,56.70873273151919
0.011473759768621519,1.6133363926770337,51.54779490691436
0.012964464867120563,3.1549323339828286,55.14573609172037
0.010105982112795571,3.835869235135789,55.92475356253106
0.010891870143881795,3.0272590164360835,75.02416922126635
0.010116238777495496,6.151398756343009,86.43894883997365
0.011265959601822131,7.883654770333997,56.28306385440727
0.01049180517949722,1.19081614980515,51.98808553492579
0.010107257874218718,7.903588928416235,65.02441262685274
0.01105626917460104,4.157344798629342,54.82595043945065
0.010479794617102866,7.709619048838141,55.54906857320957
0.01124539394288797,4.989852117581336,56.660997852236086
0.019905366199165803,3.9096783269325512,58.71318384343973
0.010666954913838638,1.231945625797123,61.65432368833831
0.014460999615249194,7.063781316328313,50.432728674119126
0.013154609915424408,2.5371085586014086,54.82498661041606
0.011164447146754235,2.7018135872914866,52.40110542320746
0.024011774956643705,1.1489648223679263,72.85427790109469
0.01304808913375851,0.4537344341925684,50.44011323176891
0.011991188034210468,6.172898581189085,55.94511848026769
0.015236913509090328,2.021042411520131,50.17845533219937
0.01233143672771528,5.581339787908699,53.21867238806321
0.011478127721408039,7.23739786502416,50.52337428874536
0.022984175081119336,6.211871575422007,55.59228516681767
0.011949123034217107,1.0960958397259164,54.01200495424939
0.010274787063994402,3.9467419216556365,53.495278320832085
0.013902849782017973,1.7073799785125774,57.647763365760824
0.010197690798308767,3.5969742530165183,55.777898748844066
0.01353805368811143,0.9487229196291329,75.65986149078569
0.013262465429231544,4.8421624942691945,50.31256702492377
0.012604344848944078,1.3792538133465868,54.448957132890314
0.012539593505426999,6.65355669552745,58.142013764623435
0.011767663813938446,3.4485517503628165,56.116551640036455
0.010858259626699444,1.5466521353314522,51.77176362057941
0.014326315273526274,3.573390174370477,57.4376256290368
0.010105982112795571,3.835869235135789,55.92475356253106
0.010643834427565455,1.8722022307285835,83.11779113455538
0.010240430106749613,5.742693216410382,82.40615808687082
0.011265959601822131,7.883654770333997,56.28306385440727
0.01049180517949722,1.19081614980515,51.98808553492579
0.010107257874218718,7.903588928416235,65.02441262685274
0.01105626917460104,4.157344798629342,54.82595043945065
0.010479794617102866,7.709619048838141,55.54906857320957
0.01124539394288797,4.989852117581336,56.660997852236086
0.01925682956369644,4.24894201821332,57.75949849053587
0.010666954913838638,1.231945625797123,61.65432368833831
0.014312040270224737,6.8356693926733865,50.488092583039425
0.013054407369585677,2.6473309074962432,55.773350740497705
0.010924955588764816,1.994222704768628,56.85558232176096
0.01810463562410357,2.9261839410016157,65.36147619038425
0.01304808913375851,0.4537344341925684,50.44011323176891
0.011976165226461045,4.359803809317448,55.25473947482932
0.015236913509090328,2.021042411520131,50.17845533219937
0.013838930532433319,6.763698676282554,51.385608447677456
0.01164298514129685,6.5250636370595,50.514631269380445
0.0243332815393089,6.754117630812017,55.98151867801544
0.011949123034217107,1.0960958397259164,54.01200495424939
0.011307648882845285,2.6458399730021576,52.357442163284375
0.014733613039548586,1.3432104586647282,52.853416917895245
0.010197690798308767,3.5969742530165183,55.777898748844066
0.01353805368811143,0.9487229196291329,75.65986149078569
0.013262465429231544,4.8421624942691945,50.31256702492377
0.012094664021902948,1.8697466961878493,60.57272122864596
0.012539593505426999,6.65355669552745,58.142013764623435
0.012249213240379276,2.968763364304835,56.99017119455657
0.010858259626699444,1.5466521353314522,51.77176362057941
0.015800172118649834,2.211159919617274,55.33174307020684
0.010105982112795571,3.835869235135789,55.92475356253106
0.010643834427565455,1.8722022307285835,83.11779113455538
0.010240430106749613,5.742693216410382,82.40615808687082
0.011265959601822131,7.883654770333997,56.28306385440727
0.01049180517949722,1.19081614980515,51.98808553492579
0.010370538554086641,7.229565294836322,63.08973575605198
0.010058120777806047,4.5658349944959635,54.702214568340914
0.010479794617102866,7.709619048838141,55.54906857320957
0.01038750756878403,5.745099870105865,57.35932193030899
0.023716878679814007,5.730522963410735,56.00763845416371
0.010600028696778029,3.548281863339147,59.471159651029915
0.013128931128052669,6.953903983566751,54.27069127717102
0.013176800138834094,3.289521825910884,55.08882292105464
0.011439939142306042,2.1335843139059416,56.911452341170715
0.01766574837621137,2.849036016579251,65.0117701310049
0.013209722638950375,1.7433756186239382,50.63335514619767
0.013144865155148096,4.687216828400196,54.836039610203976
0.014596616507409213,2.4802934118609645,51.17526012498959
0.013838930532433319,6.763698676282554,51.385608447677456
0.01164298514129685,6.5250636370595,50.514631269380445
0.022422514899245433,6.769667240068889,54.93407804266054
0.012750144557032706,1.334246592626514,55.488920255772356
0.01129179032222858,2.660259415291905,52.32301520725376
0.014749543450667583,1.1356611688628755,52.9427979022137
0.010197690798308767,3.5969742530165183,55.777898748844066
0.01353805368811143,0.9487229196291329,75.65986149078569
0.013262465429231544,4.8421624942691945,50.31256702492377
0.012094664021902948,1.8697466961878493,60.57272122864596
0.012539593505426999,6.65355669552745,58.142013764623435
0.012249213240379276,2.968763364304835,56.99017119455657
0.010858259626699444,1.5466521353314522,51.77176362057941
0.01585764413539985,1.907001080144609,55.77603670575158
0.010105982112795571,3.835869235135789,55.92475356253106
0.01110005159830486,2.3696036492881314,78.19285855820888
0.010010238277173143,7.147413863860441,97.08766518305413
0.011484839550327716,7.672256657808558,56.602533098646866
0.012588948416055602,1.8590056196648699,52.96583644260325
0.01037265831376731,7.044126716886573,62.37389571477765
0.010058120777806047,4.5658349944959635,54.702214568340914
0.010479794617102866,7.709619048838141,55.54906857320957
0.010355194653508442,5.629413731326834,57.0986591247044
0.024456317123683312,5.948757570704475,54.47423210104132
0.010603139231988454,3.617638804314665,59.65997344246596
0.013128931128052669,6.953903983566751,54.27069127717102
0.01568058334382907,2.844058937615114,54.40724912445642
0.011439939142306042,2.1335843139059416,56.911452341170715
0.01766574837621137,2.849036016579251,65.0117701310049
0.013250567674330485,1.7797369904982567,50.20181644473599
0.013267316816133934,4.7325151372441905,54.79690646028581
0.014596616507409213,2.4802934118609645,51.17526012498959
0.013712191934490187,6.797651315985922,51.90061078500869
0.01164298514129685,6.5250636370595,50.514631269380445
0.020292378800291597,5.6021399382954655,53.91096308065466
0.012750144557032706,1.334246592626514,55.488920255772356
0.01129179032222858,2.660259415291905,52.32301520725376
0.014749543450667583,1.1356611688628755,52.9427979022137
0.010197690798308767,3.5969742530165183,55.777898748844066
0.01353805368811143,0.9487229196291329,75.65986149078569
0.013262465429231544,4.8421624942691945,50.31256702492377
0.011912143107187466,0.9725267873924004,61.68486359928524
0.012509542840347339,6.690003149395309,58.177745227355615
0.012612650717531001,2.8912233267945147,56.820432553751836
0.0104649493081831,0.5363586578447359,51.27165384894512
0.01585764413539985,1.907001080144609,55.77603670575158
0.010040558844108578,3.048792283833789,54.34259528110364
0.011258256604612701,2.542090349938185,76.48501185869996
0.010010238277173143,7.147413863860441,97.08766518305413
0.011484839550327716,7.672256657808558,56.602533098646866
0.012577027421629965,1.8085093245291808,52.933658977569166
0.011477721894622402,6.202094577184592,57.7616380313651
0.010058120777806047,4.5658349944959635,54.702214568340914
0.010402137700223194,6.577499262477363,55.612060439128896
0.010355194653508442,5.629413731326834,57.0986591247044
0.024456317123683312,5.948757570704475,54.47423210104132
0.01004372397044537,4.502379116696542,63.56207119859346
0.013128931128052669,6.953903983566751,54.27069127717102
0.018711032755251027,1.9160393773415985,54.24826578836249
0.011439939142306042,2.1335843139059416,56.911452341170715
0.02372071933528477,2.190091501348989,69.60001405987573
0.013494532552096296,1.7916461034599127,50.72344056467475
0.013247613709285058,4.649054491008915,54.74372331053708
0.014596616507409213,2.4802934118609645,51.17526012498959
0.013765520856155412,7.045207272612716,51.55342048639887
0.011230317875242755,6.238056238383143,52.624456431504925
0.021465604691292814,5.486438328943219,53.709171087529036
0.012750144557032706,1.334246592626514,55.488920255772356
0.011358551633412966,2.4229202294765098,54.3907338646636
0.015071799024352298,0.8061159104277298,52.638031597983684
0.010348652947886288,4.074940293070449,55.874615289077994
0.01415101253627796,1.2019508453516907,70.40550016522185
0.013262465429231544,4.8421624942691945,50.31256702492377
0.011912143107187466,0.9725267873924004,61.68486359928524
0.012916840824758094,6.8339004864058275,59.94588093069213
0.01236585566537678,3.1004804066306475,57.240169687598346
0.0104649493081831,0.5363586578447359,51.27165384894512
0.01587495138211318,1.878005239706269,55.75149629446462
0.010040558844108578,3.048792283833789,54.34259528110364
0.01095380869704529,3.2728751887894476,83.3759235865362
0.010010238277173143,7.147413863860441,97.08766518305413
0.011484839550327716,7.672256657808558,56.602533098646866
0.012577027421629965,1.8085093245291808,52.933658977569166
0.011477721894622402,6.202094577184592,57.7616380313651
0.010058120777806047,4.5658349944959635,54.702214568340914
0.010402137700223194,6.577499262477363,55.612060439128896
0.010355194653508442,5.629413731326834,57.0986591247044
0.03046334422369222,5.680021256218509,53.987902344169086
0.010162071920618741,4.762697244214001,62.99053684022548
0.013128931128052669,6.953903983566751,54.27069127717102
0.019096273893947364,1.720302028785535,54.209674505274
0.012752568541709038,2.3782911565396647,56.70972517086282
0.02161320729483278,3.134341467680728,67.3613235772337
0.013494532552096296,1.7916461034599127,50.72344056467475
0.0129947378203725,4.820434317881761,54.82089195387448
0.014596616507409213,2.4802934118609645,51.17526012498959
0.016281951021456492,7.846381468833512,50.49031540933858
0.011230317875242755,6.238056238383143,52.624456431504925
0.02821029449550314,4.299202129314293,53.25487964032206
0.012750144557032706,1.334246592626514,55.488920255772356
0.011358551633412966,2.4229202294765098,54.3907338646636
0.012875036995352277,0.2220704094400041,52.53489434303334
0.010352054320326515,4.069193199011911,55.888341037587416
0.013621933276933654,1.405839375126005,64.53251654617921
0.013262465429231544,4.8421624942691945,50.31256702492377
0.011817698834836887,1.1992271214548387,63.822526982054455
0.012916840824758094,6.8339004864058275,59.94588093069213
0.01236585566537678,3.1004804066306475,57.240169687598346
0.010940427552244517,1.2681921697276737,51.10864319976351
0.015931214059206972,1.862120252138474,55.43068743849508
0.010043011966800063,3.083392832763232,54.51718111402461
0.010919777133073471,3.2770300534568584,84.00581805939103
0.010010238277173143,7.147413863860441,97.08766518305413
0.011528259914587974,6.23749963049385,56.12860296541668
0.011979436640616447,3.774082678402858,52.796453006549214
0.011477721894622402,6.202094577184592,57.7616380313651
0.010054835281913834,4.282025837710956,54.63493680090753
0.010402137700223194,6.577499262477363,55.612060439128896
0.010355194653508442,5.629413731326834,57.0986591247044
0.028290079059317186,5.054896780907622,57.271918255782595
0.010243643159974896,5.9132347482593755,68.79586521406661
0.013128931128052669,6.953903983566751,54.27069127717102
0.024065224820448844,1.6530706814556377,55.18224987353821
0.012752568541709038,2.3782911565396647,56.70972517086282
0.02161320729483278,3.134341467680728,67.3613235772337
0.013494532552096296,1.7916461034599127,50.72344056467475
0.013279393019089498,5.03216750891509,50.81713371837713
0.014596616507409213,2.4802934118609645,51.17526012498959
0.0154430982426157,5.8153173363960144,54.91860896825733
0.011230317875242755,6.238056238383143,52.624456431504925
0.02821029449550314,4.299202129314293,53.25487964032206
0.012750144557032706,1.334246592626514,55.488920255772356
0.011643977902002169,2.4137823849617477,54.865549508204325
0.012875036995352277,0.2220704094400041,52.53489434303334
0.010352054320326515,4.069193199011911,55.888341037587416
0.014338249640297956,1.450351627704994,68.0104180439
0.013812506808545049,5.087630428331119,51.47439199982876
0.011885062472273387,1.49486960044901,63.331808136426616
0.011867972565579211,5.703274715154469,58.286551861049816
0.010371196284006741,3.6550274400965748,62.66317538515062
0.010832284744909082,1.232489237651997,50.98805029655286
0.016977362659329594,1.1836009013735183,53.2291417238023
0.010043011966800063,3.083392832763232,54.51718111402461
0.010919777133073471,3.2770300534568584,84.00581805939103
0.010010238277173143,7.147413863860441,97.08766518305413
0.012209743412648676,7.493797899268584,56.26780867896433
0.011979436640616447,3.774082678402858,52.796453006549214
0.012092189993823622,7.616514168786782,55.03975042926197
0.01016509116949704,4.202199327861002,54.509557892408026
0.010402137700223194,6.577499262477363,55.612060439128896
0.010355194653508442,5.629413731326834,57.0986591247044
0.027786646050807627,5.027232881066199,57.23308798034277
0.010293241324902237,5.518841294314106,67.2954021753006
0.013168488786495127,6.395353549723855,53.88688278282023
0.02657934124497481,1.1920099205241388,55.30391963592143
0.012752568541709038,2.3782911565396647,56.70972517086282
0.02161320729483278,3.134341467680728,67.3613235772337
0.013494532552096296,1.7916461034599127,50.72344056467475
0.013400849858235978,6.476981374404993,50.30116817407102
0.01414477257908483,3.007287284906065,52.30200731897175
0.0154430982426157,5.8153173363960144,54.91860896825733
0.011326767841643718,5.920816598878973,52.64660120300297
0.0219077558701025,3.1869875126747216,52.432761359728474
0.012750144557032706,1.334246592626514,55.488920255772356
0.011643977902002169,2.4137823849617477,54.865549508204325
0.012875036995352277,0.2220704094400041,52.53489434303334
0.010352054320326515,4.069193199011911,55.888341037587416
0.014338249640297956,1.450351627704994,68.0104180439
0.012520429425261673,4.549744089064954,55.675342148194325
0.011885062472273387,1.49486960044901,63.331808136426616
0.011796885568936667,5.745671030680283,58.15684996404627
0.010371196284006741,3.6550274400965748,62.66317538515062
0.010832284744909082,1.232489237651997,50.98805029655286
0.016977362659329594,1.1836009013735183,53.2291417238023
0.010043011966800063,3.083392832763232,54.51718111402461
0.011478670676028013,1.2772499759299967,98.91213852168565
0.010085750452419278,7.240016243115019,91.0666863563599
0.012209743412648676,7.493797899268584,56.26780867896433
0.011979436640616447,3.774082678402858,52.796453006549214
0.012597902443178934,5.515951592894955,53.48320376317094
0.01016509116949704,4.202199327861002,54.509557892408026
0.010525681270356864,7.779513884596586,55.98871209090444
0.010355194653508442,5.629413731326834,57.0986591247044
0.033931850064675514,6.022123337257268,58.134364447644025
0.010293241324902237,5.518841294314106,67.2954021753006
0.013168488786495127,6.395353549723855,53.88688278282023
0.02657934124497481,1.1920099205241388,55.30391963592143
0.012752568541709038,2.3782911565396647,56.70972517086282
0.02134679380976781,3.0222359866757316,66.54917301672728
0.013494532552096296,1.7916461034599127,50.72344056467475
0.014209489994163417,6.1478441188241995,51.98101789939832
0.01414477257908483,3.007287284906065,52.30200731897175
0.0154430982426157,5.8153173363960144,54.91860896825733
0.011447473164413568,6.099391461738808,52.45302859033671
0.021695196737270946,3.185131594375312,52.470104134173596
0.01275042603421545,1.4554828056189812,55.63068217841809
0.011643977902002169,2.4137823849617477,54.865549508204325
0.012948172670197081,0.1280406888701695,51.737258082591865
0.010437960146052663,4.006931967765961,55.747148320504046
0.014338249640297956,1.450351627704994,68.0104180439
0.012520429425261673,4.549744089064954,55.675342148194325
0.011841500883244701,0.4428217238550767,68.1947575906746
0.011796885568936667,5.745671030680283,58.15684996404627
0.010971430717187468,4.243038199671871,60.77998547529962
0.010832284744909082,1.232489237651997,50.98805029655286
0.016977362659329594,1.1836009013735183,53.2291417238023
0.011436779394338733,2.701544808272007,54.25829208070637
0.011478670676028013,1.2772499759299967,98.91213852168565
0.010085750452419278,7.240016243115019,91.0666863563599
0.012459246991127566,7.2577761416883995,55.64337093625068
0.011979436640616447,3.774082678402858,52.796453006549214
0.012597902443178934,5.515951592894955,53.48320376317094
0.01016509116949704,4.202199327861002,54.509557892408026
0.010525681270356864,7.779513884596586,55.98871209090444
0.010355194653508442,5.629413731326834,57.0986591247044
0.032368016597848624,5.753070456236361,58.029172088933905
0.010293241324902237,5.518841294314106,67.2954021753006
0.012970857326080514,5.796769431364202,59.15277914888157
0.01899139538966993,3.2079475821178547,60.89093682728087
0.012752568541709038,2.3782911565396647,56.70972517086282
0.02134679380976781,3.0222359866757316,66.54917301672728
0.013494532552096296,1.7916461034599127,50.72344056467475
0.013827063058645492,5.963869439948199,52.22010950306601
0.01414477257908483,3.007287284906065,52.30200731897175
0.0154430982426157,5.8153173363960144,54.91860896825733
0.011447473164413568,6.099391461738808,52.45302859033671
0.02743859873716658,1.1567714836664305,52.65258955230611
0.01275042603421545,1.4554828056189812,55.63068217841809
0.010354803326699342,1.2595224554948077,54.84754457528646
0.012948172670197081,0.1280406888701695,51.737258082591865
0.010437960146052663,4.006931967765961,55.747148320504046
0.014169670616739793,2.9388187606659146,62.803092791169384
0.012867672099310983,3.9757956469022675,54.48441860967196
0.011841500883244701,0.4428217238550767,68.1947575906746
0.011796885568936667,5.745671030680283,58.15684996404627
0.010725768397448454,4.705175695960235,63.14008193035502
0.010832284744909082,1.232489237651997,50.98805029655286
0.020104542942712574,0.6376463446407221,55.478972757650276
0.011436779394338733,2.701544808272007,54.25829208070637
0.011394992763940615,1.4967289599130003,95.44147482484249
0.010085750452419278,7.240016243115019,91.0666863563599
0.012459246991127566,7.2577761416883995,55.64337093625068
0.011979436640616447,3.774082678402858,52.796453006549214
0.012764598630594785,4.571493504610514,54.41611500563692
0.01016509116949704,4.202199327861002,54.509557892408026
0.012137920585422202,7.0707262777968785,57.56211687972015
0.010355194653508442,5.629413731326834,57.0986591247044
0.028971407660682985,5.7123321962498474,57.24815097177909
0.010293241324902237,5.518841294314106,67.2954021753006
0.012970857326080514,5.796769431364202,59.15277914888157
0.017437131358310664,4.350056277522065,58.27487227855177
0.013208294438955067,2.0576262024245517,56.899248029079885
0.023150042458988516,3.043194523415085,67.49037381890547
0.013494532552096296,1.7916461034599127,50.72344056467475
0.013827063058645492,5.963869439948199,52.22010950306601
0.015238072727034879,1.2342082167818145,51.46715879663942
0.015550709340700002,5.816124685070768,54.734305044005744
0.011447473164413568,6.099391461738808,52.45302859033671
0.02743859873716658,1.1567714836664305,52.65258955230611
0.01275042603421545,1.4554828056189812,55.63068217841809
0.010354803326699342,1.2595224554948077,54.84754457528646
0.012948172670197081,0.1280406888701695,51.737258082591865
0.010652181091809996,3.6759082993464345,55.404945231766995
0.014169670616739793,2.9388187606659146,62.803092791169384
0.01321691954486605,1.1693489295009991,53.4933895777449
0.011841500883244701,0.4428217238550767,68.1947575906746
0.011796885568936667,5.745671030680283,58.15684996404627
0.010775855110500205,5.170398593583778,64.2597181757177
0.010917375852856397,1.438923823131856,51.10830020862679
0.020104542942712574,0.6376463446407221,55.478972757650276
0.010893114310057971,3.3417281356199746,54.33773802435476
0.01189442615131194,1.4069863208244293,83.94250871487756
0.010085750452419278,7.240016243115019,91.0666863563599
0.01239799205158141,6.4760494751363575,55.31155888883124
0.011883377737900937,3.80055471662954,53.98045653941777
0.012765513939368428,4.573045709654789,54.41775404557394
0.010132116637249883,4.2378276578595715,54.448942845077156
0.012101424126240027,6.9023253639060185,57.36913627817296
0.010355194653508442,5.629413731326834,57.0986591247044
0.0314963694063596,5.890070704122017,57.68937184774633
0.010293241324902237,5.518841294314106,67.2954021753006
0.012626198027138852,5.101369330372792,58.053141088329475
0.017437131358310664,4.350056277522065,58.27487227855177
0.013208294438955067,2.0576262024245517,56.899248029079885
0.019556424931967575,3.746007369790104,64.26780575770002
0.013494532552096296,1.7916461034599127,50.72344056467475
0.013031588410269631,6.319471426216527,50.885949068961345
0.015238072727034879,1.2342082167818145,51.46715879663942
0.015550709340700002,5.816124685070768,54.734305044005744
0.011674348030722141,6.130911019832004,52.228593557698154
0.03987254707423913,1.0819871488859252,51.05505477140995
0.01275042603421545,1.4554828056189812,55.63068217841809
0.010354803326699342,1.2595224554948077,54.84754457528646
0.012013718114513898,1.5720011470785318,53.22998436156847
0.010652181091809996,3.6759082993464345,55.404945231766995
0.014169670616739793,2.9388187606659146,62.803092791169384
0.01321691954486605,1.1693489295009991,53.4933895777449
0.011841500883244701,0.4428217238550767,68.1947575906746
0.011796885568936667,5.745671030680283,58.15684996404627
0.010134045948136595,4.282637862498277,75.54238323948033
0.010917375852856397,1.438923823131856,51.10830020862679
0.020104542942712574,0.6376463446407221,55.478972757650276
0.010893114310057971,3.3417281356199746,54.33773802435476
0.01189442615131194,1.4069863208244293,83.94250871487756
0.010085750452419278,7.240016243115019,91.0666863563599
0.01222599961206406,6.036930368325455,55.27249888777229
0.01191521554881287,3.878390131854937,54.07511802153798
0.012580903229425653,5.220563503371401,55.238210493634604
0.010132116637249883,4.2378276578595715,54.448942845077156
0.012101424126240027,6.9023253639060185,57.36913627817296
0.010355194653508442,5.629413731326834,57.0986591247044
0.029838614852191706,5.592386676818856,58.60272858880216
0.010213726305317089,6.17843300611151,76.40507579420304
0.01275477980157927,5.322546138863771,58.77256987917296
0.017437131358310664,4.350056277522065,58.27487227855177
0.013560641533022371,0.6302581446055227,57.48275953400183
0.019556424931967575,3.746007369790104,64.26780575770002
0.012022999387705893,1.5422495665856042,52.65633203057603
0.013031588410269631,6.319471426216527,50.885949068961345
0.015224193348141967,1.256352440735927,51.614421443819765
0.013359027686163712,6.387165944412512,69.30513992414792
0.011674348030722141,6.130911019832004,52.228593557698154
0.03254004656081573,1.2031695268576983,51.47665466441813
0.01275042603421545,1.4554828056189812,55.63068217841809
0.010736424422930484,1.2907388083026183,54.97229787206782
0.012013718114513898,1.5720011470785318,53.22998436156847
0.010655280164131685,3.6728795270532975,55.40263542539602
0.01432615479541691,2.6389386069519887,63.21422764661785
0.01364401228648681,0.7700868153256208,53.33820656690379
0.011717166545031838,0.4398901896672288,68.3860925349594
0.011770450501403724,5.766208716796974,58.160155776115324
0.01073410960875958,4.785845558252777,69.72809527783636
0.010917375852856397,1.438923823131856,51.10830020862679
0.01716625349174395,0.8939152400817099,54.08112063208989
0.010893114310057971,3.3417281356199746,54.33773802435476
0.012185464971910295,1.2713147535026792,79.3207687648927
0.010890266334448078,6.518946141521481,86.86423423315125
0.012160169705554509,6.01775440918502,54.62888431308518
0.010869745416159888,1.592346039648409,57.061737459377305
0.013073958478190777,4.9924603750717145,54.26873082362124
0.010132116637249883,4.2378276578595715,54.448942845077156
0.01178221994062902,5.590059938408805,56.80863736406552
0.01035101463372463,5.64719068171852,57.120113452837764
0.038149912062495996,6.424024902311286,59.98918854554188
0.010213726305317089,6.17843300611151,76.40507579420304
0.013641966813850203,5.078515125361206,60.564105280065924
0.01662110152403597,3.5670112056280736,58.10812667601071
0.013560641533022371,0.6302581446055227,57.48275953400183
0.023262602998604113,5.309045398887548,62.32079707746131
0.012022999387705893,1.5422495665856042,52.65633203057603
0.013031588410269631,6.319471426216527,50.885949068961345
0.01628836835719207,1.1613114715698372,51.26805842371095
0.013876259886102376,6.517643850448535,71.4069827525505
0.011674348030722141,6.130911019832004,52.228593557698154
0.03254004656081573,1.2031695268576983,51.47665466441813
0.01230632683911056,1.4514710055771318,54.535029580815916
0.01020179539286209,1.18622491954055,55.934684522988256
0.012008635372948002,1.588294126683195,53.544135931810224
0.010655280164131685,3.6728795270532975,55.40263542539602
0.014457006051736164,2.4871430792304787,63.5437091718074
0.01364401228648681,0.7700868153256208,53.33820656690379
0.011717166545031838,0.4398901896672288,68.3860925349594
0.011770450501403724,5.766208716796974,58.160155776115324
0.010648719615694264,4.708111686050099,67.56081628618091
0.010912780416647921,1.7993384887572312,51.71999566405256
0.021373425602218173,0.3635789896155419,55.24659500810885
0.010893114310057971,3.3417281356199746,54.33773802435476
0.012217866928240706,0.9186376357128756,81.29443125537512
0.010890266334448078,6.518946141521481,86.86423423315125
0.011056562484254476,6.0996551428271735,53.77605057928017
0.011454433101490672,2.3276120379180214,57.80041992390253
0.012731153340792115,5.613433692443948,51.96981480089252
0.010243105765910735,4.107134347327123,54.432723970045224
0.01178221994062902,5.590059938408805,56.80863736406552
0.01035101463372463,5.64719068171852,57.120113452837764
0.025495821647953474,4.0832144215573045,56.86936086959473
0.010213726305317089,6.17843300611151,76.40507579420304
0.013641966813850203,5.078515125361206,60.564105280065924
0.01860217860460269,4.301751230284454,58.778877742762376
0.013560641533022371,0.6302581446055227,57.48275953400183
0.020863249541904817,5.371882753231491,61.354356862725076
0.01194176065187675,2.851671061657291,52.469232941417395
0.013031588410269631,6.319471426216527,50.885949068961345
0.01628836835719207,1.1613114715698372,51.26805842371095
0.013213387504912395,5.927632694705727,68.11450719462199
0.011736892629982966,6.153773055030587,51.9974060487061
0.03254004656081573,1.2031695268576983,51.47665466441813
0.012428872515627475,1.3951473152972684,54.94293422833245
0.01020179539286209,1.18622491954055,55.934684522988256
0.012008635372948002,1.588294126683195,53.544135931810224
0.010657373768924915,3.6525694076259643,55.41883154079444
0.014457006051736164,2.4871430792304787,63.5437091718074
0.01364401228648681,0.7700868153256208,53.33820656690379
0.011910937089452477,0.7839135327584503,72.9105966642195
0.010906671663918777,5.387267907384666,63.14240693909956
0.010648719615694264,4.708111686050099,67.56081628618091
0.010912780416647921,1.7993384887572312,51.71999566405256
0.021373425602218173,0.3635789896155419,55.24659500810885
0.010893114310057971,3.3417281356199746,54.33773802435476
0.012217866928240706,0.9186376357128756,81.29443125537512
0.011003581729370729,6.393473993147598,86.00219531767522
0.011056562484254476,6.0996551428271735,53.77605057928017
0.011462450067888293,0.5474373758471929,57.94843931567373
0.012731153340792115,5.613433692443948,51.96981480089252
0.010243105765910735,4.107134347327123,54.432723970045224
0.011435700695932166,6.487159687360881,57.4545585170237
0.01035101463372463,5.64719068171852,57.120113452837764
0.026360987290533704,4.010571388129082,56.599696193690434
0.010213726305317089,6.17843300611151,76.40507579420304
0.013641966813850203,5.078515125361206,60.564105280065924
0.02483933737373396,2.3997374801692946,59.93146474257041
0.013368958679378509,0.7485818186103663,56.996313905808584
0.017551087051519886,6.293245402966647,64.56100646426654
0.012395962918586089,2.568446552772008,51.426155978002164
0.013180610364639729,6.6696806182685835,50.348329443103225
0.015636447136282726,1.2635834241822437,50.75799682507896
0.013348506174802004,6.254473735768048,69.77691990799357
0.011736892629982966,6.153773055030587,51.9974060487061
0.03204006312460818,1.2832200888384682,51.84400628345549
0.012428872515627475,1.3951473152972684,54.94293422833245
0.01020179539286209,1.18622491954055,55.934684522988256
0.01219829356734266,1.1032793325676744,51.12854583053061
0.010657373768924915,3.6525694076259643,55.41883154079444
0.013276897695620416,2.4244422163264536,61.286410599765006
0.01364401228648681,0.7700868153256208,53.33820656690379
0.011910937089452477,0.7839135327584503,72.9105966642195
0.010906671663918777,5.387267907384666,63.14240693909956
0.010622242593816675,4.61777315278416,68.45571864033393
0.010912780416647921,1.7993384887572312,51.71999566405256
0.021373425602218173,0.3635789896155419,55.24659500810885
0.010894108617947759,3.491749766302615,54.98347994853707
0.012217866928240706,0.9186376357128756,81.29443125537512
0.010983825729875869,5.393909824057605,78.54328201862184
0.011056562484254476,6.0996551428271735,53.77605057928017
0.011462450067888293,0.5474373758471929,57.94843931567373
0.013327044889309423,5.6049822922997565,50.68038598318486
0.010243105765910735,4.107134347327123,54.432723970045224
0.011435700695932166,6.487159687360881,57.4545585170237
0.01035101463372463,5.64719068171852,57.120113452837764
0.01998550483516947,3.7967119393392617,55.93348819315097
0.010059431920407981,6.76788576209807,79.4075048454018
0.012295715917838157,4.873107529098883,64.08233766922214
0.025005864743887052,2.366901364131204,59.87635833213341
0.013368958679378509,0.7485818186103663,56.996313905808584
0.016651793084663975,6.170625119863267,64.36900492313052
0.012395962918586089,2.568446552772008,51.426155978002164
0.013180610364639729,6.6696806182685835,50.348329443103225
0.015102985544903176,1.4783952591878107,50.8679918817025
0.013655212655659148,7.421622003827991,69.10834753826137
0.011703210295804555,6.107358431312986,52.494740967054625
0.030993901987639745,1.7856343934791457,52.72006747878403
0.012428872515627475,1.3951473152972684,54.94293422833245
0.01020179539286209,1.18622491954055,55.934684522988256
0.01219829356734266,1.1032793325676744,51.12854583053061
0.010743129474511207,4.1168212749390465,55.321730056634614
0.013421423583420732,1.5799225796212424,63.75366338432629
0.01364401228648681,0.7700868153256208,53.33820656690379
0.019431274051761267,1.1786781018380288,64.9537836777727
0.01076479557402163,5.618461810136738,65.8661088315274
0.011375744417261436,4.732740577349336,66.48655039065285
0.010912780416647921,1.7993384887572312,51.71999566405256
0.020938704984955835,0.6314518484321239,55.34318122563244
0.010870162540415333,3.0984400615451153,52.68228064373263
0.0120685293608805,1.2968949896012942,79.36062330290437
0.010983825729875869,5.393909824057605,78.54328201862184
0.011000390692712948,4.419636941141768,52.972805153625764
0.011462450067888293,0.5474373758471929,57.94843931567373
0.013327044889309423,5.6049822922997565,50.68038598318486
0.010243105765910735,4.107134347327123,54.432723970045224
0.011435700695932166,6.487159687360881,57.4545585170237
0.01035101463372463,5.64719068171852,57.120113452837764
0.021974385748918506,3.518313836721445,53.82587622015596
0.010102399383419176,6.577384387308807,78.75032047037479
0.012840641203415848,4.796830380213516,63.50488175000053
0.026027608977966674,1.9951258612593499,60.69961407507923
0.013368958679378509,0.7485818186103663,56.996313905808584
0.016651793084663975,6.170625119863267,64.36900492313052
0.012395962918586089,2.568446552772008,51.426155978002164
0.013157759436301653,6.509348153059655,50.487993801931246
0.01710212357169561,0.6733916471111683,50.455787321882845
0.013655212655659148,7.421622003827991,69.10834753826137
0.012368420321401829,7.486539478758628,50.536008490647696
0.020685950127893114,2.9388388060216863,53.57082908212515
0.012428872515627475,1.3951473152972684,54.94293422833245
0.01020179539286209,1.18622491954055,55.934684522988256
0.01219829356734266,1.1032793325676744,51.12854583053061
0.010743129474511207,4.1168212749390465,55.321730056634614
0.013421423583420732,1.5799225796212424,63.75366338432629
0.013412160770751176,1.037572786845307,53.49673862676254
0.01952362078768611,1.1852297220441335,65.07499913993905
0.011079011251822523,6.528739863728466,72.75247831384135
0.010642704250938127,6.197986163171329,69.97675446129239
0.010912780416647921,1.7993384887572312,51.71999566405256
0.023250425938398968,0.5956815867342239,54.838331881768816
0.010870162540415333,3.0984400615451153,52.68228064373263
0.013175523156013178,1.5451417624015056,76.50707834186306
0.010983825729875869,5.393909824057605,78.54328201862184
0.011301439837238633,4.066525844421753,54.31337684104973
0.011462450067888293,0.5474373758471929,57.94843931567373
0.013327044889309423,5.6049822922997565,50.68038598318486
0.010243105765910735,4.107134347327123,54.432723970045224
0.012918057311238075,5.573738311516536,57.125208555673524
0.010151176387562428,5.405201587182778,52.82896113216789
0.0232394524036329,3.179173510377239,52.52313208239647
0.010102399383419176,6.577384387308807,78.75032047037479
0.012664314129662471,4.8367164995813425,62.80494552809147
0.020689834295314347,3.5309966078578063,66.749807827869
0.013368958679378509,0.7485818186103663,56.996313905808584
0.014224548292172007,6.34006826688039,64.88056169967143
0.012511893936753341,2.4162674644251965,55.15602408391378
0.013157759436301653,6.509348153059655,50.487993801931246
0.01710212357169561,0.6733916471111683,50.455787321882845
0.013655212655659148,7.421622003827991,69.10834753826137
0.012368420321401829,7.486539478758628,50.536008490647696
0.020502734212704155,3.085614125088512,54.06124074629217
0.01257450731418261,1.5794925696481275,57.35212071329611
0.01020179539286209,1.18622491954055,55.934684522988256
0.01219829356734266,1.1032793325676744,51.12854583053061
0.010743129474511207,4.1168212749390465,55.321730056634614
0.014904826533210968,2.3617563230329894,68.14958116440506
0.01161993319386835,0.5183090987233312,53.427844212872145
0.02153534436977963,1.344395424883301,66.85348379880686
0.011079011251822523,6.528739863728466,72.75247831384135
0.010471271337227722,6.602080182958982,65.67158791444618
0.010912780416647921,1.7993384887572312,51.71999566405256
0.023250425938398968,0.5956815867342239,54.838331881768816
0.010870162540415333,3.0984400615451153,52.68228064373263
0.013143551745152497,1.7509994113797536,75.65013627848842
0.010983825729875869,5.393909824057605,78.54328201862184
0.011301439837238633,4.066525844421753,54.31337684104973
0.011462450067888293,0.5474373758471929,57.94843931567373
0.013327044889309423,5.6049822922997565,50.68038598318486
0.010243105765910735,4.107134347327123,54.432723970045224
0.012918057311238075,5.573738311516536,57.125208555673524
0.010151176387562428,5.405201587182778,52.82896113216789
0.0232394524036329,3.179173510377239,52.52313208239647
0.0101450702689713,4.262949935345146,68.95552693926238
0.012664314129662471,4.8367164995813425,62.80494552809147
0.02083454040928768,3.875462347339143,76.56334296184495
0.01350408998777718,0.8905148507485514,57.977619422304286
0.013952215747717227,7.73119512442427,68.78888868614462
0.013252439411941125,1.4066534884081565,55.671548466980106
0.013206269060798009,6.5271629728838025,50.450223534385955
0.015124205889446029,1.7444447483364884,51.969302514504406
0.013520265653891814,7.16117566961403,68.28116492386525
0.012368420321401829,7.486539478758628,50.536008490647696
0.024560110518234975,1.6610785514503275,55.972889842296105
0.012647170367931374,1.7891346163472077,57.68365157788347
0.01020179539286209,1.18622491954055,55.934684522988256
0.01219829356734266,1.1032793325676744,51.12854583053061
0.010922386984088876,5.087259719615871,55.11875615410785
0.014150217153434971,1.5691642981297849,62.66970861711264
0.01161993319386835,0.5183090987233312,53.427844212872145
0.02153534436977963,1.344395424883301,66.85348379880686
0.011079011251822523,6.528739863728466,72.75247831384135
0.010471271337227722,6.602080182958982,65.67158791444618
0.010891650769654697,2.087975808233085,52.168583660795214
0.023250425938398968,0.5956815867342239,54.838331881768816
0.010870162540415333,3.0984400615451153,52.68228064373263
0.013143551745152497,1.7509994113797536,75.65013627848842
0.01103017514081476,5.625246768247522,96.21475238208293
0.011357947594187108,3.9954958465568113,54.96789322041795
0.011462450067888293,0.5474373758471929,57.94843931567373
0.012153309615748592,5.109946692220011,57.421538923985196
0.01121128244676726,4.577371078262714,53.254709102628965
0.013665567336919567,6.859582175953044,58.95363080285445
0.010151176387562428,5.405201587182778,52.82896113216789
0.023310618192834073,3.1885126890906226,52.48846038074176
0.0101450702689713,4.262949935345146,68.95552693926238
0.012725952518888166,4.28472515805977,65.3607189014679
0.018613724140833073,4.518450357006144,98.76327857017255
0.014408197790241778,0.13263429016634198,59.795268997730226
0.013952215747717227,7.73119512442427,68.78888868614462
0.013428418447833441,1.2954489574514478,55.08653925648594
0.013206269060798009,6.5271629728838025,50.450223534385955
0.015124205889446029,1.7444447483364884,51.969302514504406
0.013621270301127758,6.2645683334528135,67.38143984160972
0.012368420321401829,7.486539478758628,50.536008490647696
0.024560110518234975,1.6610785514503275,55.972889842296105
0.012647170367931374,1.7891346163472077,57.68365157788347
0.01020179539286209,1.18622491954055,55.934684522988256
0.01219829356734266,1.1032793325676744,51.12854583053061
0.010922386984088876,5.087259719615871,55.11875615410785
0.013985884280306383,2.4842295001776824,64.50071782437146
0.01161993319386835,0.5183090987233312,53.427844212872145
0.02153534436977963,1.344395424883301,66.85348379880686
0.011067372477448748,6.5146461828325215,72.50255741720159
0.010471271337227722,6.602080182958982,65.67158791444618
0.010784634525831808,3.2371340618104725,55.60605153882047
0.023250425938398968,0.5956815867342239,54.838331881768816
0.010128087519392806,3.1225367944819236,52.33706696360253
0.013143551745152497,1.7509994113797536,75.65013627848842
0.011398049746150976,4.201147166729756,82.01578927646733
0.011001749268948258,4.605089619702865,54.21755852389907
0.01121382713585651,0.0839775891793062,56.376682602669575
0.012028869633005151,3.7351050057174517,61.40476832998786
0.01121128244676726,4.577371078262714,53.254709102628965
0.013665567336919567,6.859582175953044,58.95363080285445
0.010151176387562428,5.405201587182778,52.82896113216789
0.0233540311541316,5.058561873225801,50.79364297465446
0.0101450702689713,4.262949935345146,68.95552693926238
0.013854219924575304,5.005952680449637,73.06884795009611
0.018613724140833073,4.518450357006144,98.76327857017255
0.014408197790241778,0.13263429016634198,59.795268997730226
0.013952215747717227,7.73119512442427,68.78888868614462
0.013428418447833441,1.2954489574514478,55.08653925648594
0.012259410831123356,5.60175500844397,51.781285217516505
0.01769098633451651,2.306912337955783,52.70686317180218
0.01352524332868104,6.3582285412987956,66.09029102222293
0.012368420321401829,7.486539478758628,50.536008490647696
0.022720717443194705,2.7136276792986704,58.19516485850542
0.013161263560086496,2.0294372432679353,57.93017209367146
0.01139289342120743,1.202847830637492,57.08219447912057
0.01219829356734266,1.1032793325676744,51.12854583053061
0.011054506503197918,3.976650305842328,55.811001911597714
0.013985884280306383,2.4842295001776824,64.50071782437146
0.01161993319386835,0.5183090987233312,53.427844212872145
0.01958186163166964,2.6532938428159403,63.3762098325558
0.011067372477448748,6.5146461828325215,72.50255741720159
0.010356282775275295,6.916694903359433,67.601017108282
0.010712403065778111,2.7820317236788688,56.06798644154765
0.02276353001160182,0.6180435406631288,54.67489919231179
0.010128087519392806,3.1225367944819236,52.33706696360253
0.013984451168916638,2.4313328010715343,87.91482849882499
0.011398049746150976,4.201147166729756,82.01578927646733
0.011001749268948258,4.605089619702865,54.21755852389907
0.01121382713585651,0.0839775891793062,56.376682602669575
0.012028869633005151,3.7351050057174517,61.40476832998786
0.011191174597939899,4.500323527444166,53.58257540782188
0.014865748028539924,7.875341648398528,61.08746365415332
0.010151176387562428,5.405201587182778,52.82896113216789
0.0233540311541316,5.058561873225801,50.79364297465446
0.0101450702689713,4.262949935345146,68.95552693926238
0.013854219924575304,5.005952680449637,73.06884795009611
0.017002977416448878,4.4698539125775145,93.09381338394326
0.012758934642709215,2.1753421164369477,57.09636905097241
0.014025709127442918,7.809063509160815,69.15184698729065
0.013291939781129723,1.2207895852244728,55.16604694839801
0.012259410831123356,5.60175500844397,51.781285217516505
0.021712487159943443,3.261172992031258,50.46176829162391
0.013722479117607182,6.930009030986267,67.29686379423961
0.01245090354665888,7.200974507908523,51.200013297590296
0.022720717443194705,2.7136276792986704,58.19516485850542
0.013161263560086496,2.0294372432679353,57.93017209367146
0.01139289342120743,1.202847830637492,57.08219447912057
0.011936386929390898,0.8383794634295397,52.16976776859229
0.011054506503197918,3.976650305842328,55.811001911597714
0.013879082862907769,2.2564784174326813,62.697113807541186
0.01161993319386835,0.5183090987233312,53.427844212872145
0.01958186163166964,2.6532938428159403,63.3762098325558
0.013425107992804672,6.23523240725272,68.33674798699813
0.010356282775275295,6.916694903359433,67.601017108282
0.010712403065778111,2.7820317236788688,56.06798644154765
0.02276353001160182,0.6180435406631288,54.67489919231179
0.010128087519392806,3.1225367944819236,52.33706696360253
0.014182253219993215,2.305150442749155,87.67753183411739
0.011763864823228519,3.8478945628549104,90.57879346106407
0.011001749268948258,4.605089619702865,54.21755852389907
0.01121382713585651,0.0839775891793062,56.376682602669575
0.013405737298985983,2.510463021375355,67.69320317898257
0.011191174597939899,4.500323527444166,53.58257540782188
0.014865748028539924,7.875341648398528,61.08746365415332
0.010173459180830772,7.608174348905273,53.30368236958509
0.0233540311541316,5.058561873225801,50.79364297465446
0.0101450702689713,4.262949935345146,68.95552693926238
0.01687273098305766,4.229234049243338,65.85010967745572
0.017002977416448878,4.4698539125775145,93.09381338394326
0.012758934642709215,2.1753421164369477,57.09636905097241
0.014044140934517377,7.8305788783926165,69.25308752857026
0.013408039895232045,0.9955264648964812,54.6742655680997
0.013284268072351689,6.793899215369157,51.51403484593571
0.023362347967753,2.559335770341547,50.33025714269275
0.01463768414901232,7.899468716323623,71.10593160282208
0.012931275275220075,5.818430294682509,54.52598486338993
0.016821828488247575,4.718848903787082,62.68255788845364
0.013161263560086496,2.0294372432679353,57.93017209367146
0.01139289342120743,1.202847830637492,57.08219447912057
0.011936386929390898,0.8383794634295397,52.16976776859229
0.011054506503197918,3.976650305842328,55.811001911597714
0.014283624209719126,1.9262732785856533,63.88930463380038
0.01161993319386835,0.5183090987233312,53.427844212872145
0.025668219760992567,3.244674060648906,68.53874075181099
0.013491968863895414,7.301023810907686,70.97388049016126
0.010356282775275295,6.916694903359433,67.601017108282
0.010712403065778111,2.7820317236788688,56.06798644154765
0.02276353001160182,0.6180435406631288,54.67489919231179
0.010128087519392806,3.1225367944819236,52.33706696360253
0.014032334012719349,2.32575469377535,86.31180196771821
0.012143585524059619,3.8929729680166427,90.76107721823234
0.011001749268948258,4.605089619702865,54.21755852389907
0.01121382713585651,0.0839775891793062,56.376682602669575
0.013795511969803085,2.300973673424123,67.5423071127487
0.011365798517969868,5.127041764374482,52.676063244002854
0.016544702591484862,6.332544721518796,59.72424491926323
0.010390561924290569,7.4672808552988155,53.39990532849909
0.019862229405942924,5.3131308100080945,52.0440414377225
0.0101450702689713,4.262949935345146,68.95552693926238
0.01687273098305766,4.229234049243338,65.85010967745572
0.017002977416448878,4.4698539125775145,93.09381338394326
0.012758934642709215,2.1753421164369477,57.09636905097241
0.014044140934517377,7.8305788783926165,69.25308752857026
0.013408039895232045,0.9955264648964812,54.6742655680997
0.013284268072351689,6.793899215369157,51.51403484593571
0.019400436806892733,2.110335802382532,52.56516064532085
0.012949782761240574,6.370126956238405,63.26588240023051
0.012946115234201428,5.857670313493463,54.96131371565579
0.020146861673855758,6.868368907447998,57.80547441811416
0.013100970199598445,1.0683348188256598,55.55207593557359
0.011609038444045613,1.1806104985573889,56.823919531778465
0.011960671423259375,0.9189401092197222,52.36659328663442
0.011054506503197918,3.976650305842328,55.811001911597714
0.016733605097499896,2.5393980040879387,69.65853428543817
0.01171497425377552,0.2812408285333805,53.15135541326939
0.025882090874866422,3.4380717876048568,69.55952971473643
0.013491968863895414,7.301023810907686,70.97388049016126
0.010356282775275295,6.916694903359433,67.601017108282
0.010712403065778111,2.7820317236788688,56.06798644154765
0.02191489861075328,2.6451335983747413,55.69019960352968
0.010620657878442593,1.7440256155081189,54.16973005849745
0.014032334012719349,2.32575469377535,86.31180196771821
0.012150438246016117,4.078778005064034,83.52564322140339
0.011180230440846883,4.860985300593176,53.46181494038259
0.01121382713585651,0.0839775891793062,56.376682602669575
0.012165549804534936,4.488513539098151,67.57013168215937
0.011365798517969868,5.127041764374482,52.676063244002854
0.016544702591484862,6.332544721518796,59.72424491926323
0.010390561924290569,7.4672808552988155,53.39990532849909
0.01966880012022511,5.372568010001466,52.49183775006205
0.0101450702689713,4.262949935345146,68.95552693926238
0.01634713680306781,3.738680102862971,64.15473237787725
0.017002977416448878,4.4698539125775145,93.09381338394326
0.012750790972169544,2.015134974143469,57.18925895529516
0.013685175794937401,7.351529750887879,67.28919857788682
0.013408039895232045,0.9955264648964812,54.6742655680997
0.014359639359631696,6.286055831295348,54.49681555053212
0.020413596339147945,1.72993231793233,52.55117594296512
0.013064721112707959,6.6319836158620635,65.42113351957786
0.012946115234201428,5.857670313493463,54.96131371565579
0.019316211560909083,6.6206869269811985,58.821725103724184
0.0124194855078055,0.7923623994681417,52.90569508777602
0.011442669221305882,1.47775157837644,56.683657387641404
0.011960671423259375,0.9189401092197222,52.36659328663442
0.011054506503197918,3.976650305842328,55.811001911597714
0.01630957484592849,2.530744742015292,70.80168443781858
0.01171497425377552,0.2812408285333805,53.15135541326939
0.019704666665472104,3.7618701969265285,69.32243392251532
0.013249618663719183,7.053223823871604,68.88821520897037
0.010356282775275295,6.916694903359433,67.601017108282
0.011006694532626914,3.277447008599379,57.55500391549181
0.026631522734019874,1.996812200612188,50.37427135905098
0.010833128908519504,2.1110625080619654,53.981909232500165
0.01286592226183652,3.782460888050982,80.37486640327776
0.012446401454250963,3.987004759184524,82.57124731837655
0.011415889644858809,4.87170894247597,53.989492499996395
0.01121382713585651,0.0839775891793062,56.376682602669575
0.012165549804534936,4.488513539098151,67.57013168215937
0.011460336795029898,5.55625539333851,52.48655715662364
0.016931706142781798,6.600810671432497,57.551822775327715
0.010390561924290569,7.4672808552988155,53.39990532849909
0.01966880012022511,5.372568010001466,52.49183775006205
0.0101450702689713,4.262949935345146,68.95552693926238
0.014325561568477592,5.004113190534668,60.504699857881974
0.017002977416448878,4.4698539125775145,93.09381338394326
0.012377082959496088,1.5455800168675324,56.99168352332299
0.013685175794937401,7.351529750887879,67.28919857788682
0.013408039895232045,0.9955264648964812,54.6742655680997
0.014290599357297656,6.2610722042686024,52.94571628045766
0.015726610092320452,4.147107118048174,59.564818115976685
0.013027013739347375,6.353065236080415,64.95889561618566
0.012598253318748146,5.236253268683346,54.66400584974276
0.023559344130991776,6.480507120241149,54.66413627260148
0.0124194855078055,0.7923623994681417,52.90569508777602
0.011442669221305882,1.47775157837644,56.683657387641404
0.011960671423259375,0.9189401092197222,52.36659328663442
0.011054506503197918,3.976650305842328,55.811001911597714
0.016325252489679934,2.7842378614762455,70.06307253968149
0.01171497425377552,0.2812408285333805,53.15135541326939
0.017531735067907967,5.057674914810872,68.5884712966637
0.015556437966214316,6.719143447201285,81.38490046273614
0.010356282775275295,6.916694903359433,67.601017108282
0.011308499690173762,2.9322502927972036,53.561689436733374
0.02206739132692774,3.112183581526147,54.131524145471445
0.01111444486440306,1.813634209105207,53.578896358551006
0.013076162520978847,3.8972328832204557,83.9944423465344
0.012309916028650676,3.1249083624169716,74.08403261555921
0.011415889644858809,4.87170894247597,53.989492499996395
0.01148382769778958,0.5148609280634275,58.32687856757478
0.011925893027240526,4.074371088295031,74.71830687083843
0.011524716172187477,5.556423233483758,52.61628449465495
0.0160200341557653,5.641259036206531,58.58764738288691
0.010390561924290569,7.4672808552988155,53.39990532849909
0.020326648884690535,5.449214543538435,51.354613389352956
0.010843947038459208,4.721096389925218,66.84122435486371
0.015568421765072074,4.700386025360478,59.481561056591225
0.017002977416448878,4.4698539125775145,93.09381338394326
0.012274661218618267,1.4952858187019102,57.06431120413029
0.012461179863963888,5.781268250807623,61.94863142314507
0.01495117019043952,0.6169026299156487,53.09657163340666
0.014290599357297656,6.2610722042686024,52.94571628045766
0.014633065865177472,1.920534924988191,61.39147702270007
0.013027013739347375,6.353065236080415,64.95889561618566
0.012598253318748146,5.236253268683346,54.66400584974276
0.019310401587944996,5.917595551009468,54.42808131557943
0.0124194855078055,0.7923623994681417,52.90569508777602
0.011442669221305882,1.47775157837644,56.683657387641404
0.011927768989857923,1.0419406851215598,52.67901734662204
0.011054506503197918,3.976650305842328,55.811001911597714
0.016405187590829054,1.4698465545309558,73.89385038510207
0.012131590288745546,1.548599917334577,63.005624352600236
0.016155926934517652,5.568497023590774,61.948382296541
0.015556437966214316,6.719143447201285,81.38490046273614
0.010356282775275295,6.916694903359433,67.601017108282
0.011308499690173762,2.9322502927972036,53.561689436733374
0.02206739132692774,3.112183581526147,54.131524145471445
0.010411704370341264,1.7922839523203375,52.018564400487485
0.01345977265321188,4.283885891773936,88.95594445512052
0.012712315283112632,2.742809717180449,70.88655969741043
0.011415889644858809,4.87170894247597,53.989492499996395
0.011753052874581768,0.7160296850963821,58.21652045288791
0.011998225586808521,4.310699338018223,73.01596738682748
0.011524716172187477,5.556423233483758,52.61628449465495
0.016858385978418093,5.657080441966628,59.70127337761268
0.010390561924290569,7.4672808552988155,53.39990532849909
0.020044575623060112,5.333690554618191,51.333469479456035
0.010843947038459208,4.721096389925218,66.84122435486371
0.01658137520383762,4.87447496984374,55.24436344498737
0.015262844528061776,3.2945278876638895,79.23682272449985
0.010696135805010845,1.5050077091775378,50.6327204327471
0.012455379145238083,5.804332370827278,62.256904560643676
0.01495117019043952,0.6169026299156487,53.09657163340666
0.014589028975395595,6.4417895732934225,52.64271175995018
0.016558217451896087,2.206778483345012,60.14921892406719
0.012152737381028306,4.534633641227947,59.585368292635415
0.012618773841130186,5.713505515593575,54.8867686472473
0.018764928344460786,5.955399529894475,55.34228199385901
0.012399191609453714,0.6066124502940919,52.50306947527328
0.011442669221305882,1.47775157837644,56.683657387641404
0.011927768989857923,1.0419406851215598,52.67901734662204
0.010892085102071136,5.022280433762168,55.445851116562956
0.01633579152514618,0.12884525994312135,81.23943500679276
0.012131590288745546,1.548599917334577,63.005624352600236
0.01920905315394661,5.373921754436884,61.69383689746838
0.015556437966214316,6.719143447201285,81.38490046273614
0.010356282775275295,6.916694903359433,67.601017108282
0.011308499690173762,2.9322502927972036,53.561689436733374
0.021412789363826006,3.0196642920720134,53.930110697814534
0.010411704370341264,1.7922839523203375,52.018564400487485
0.012159212388194557,2.9761530946949737,70.92113556794702
0.013312342137933031,4.043647034929877,84.81182384648963
0.011415889644858809,4.87170894247597,53.989492499996395
0.01171513999158807,0.7224498586545814,58.551763314388026
0.011998225586808521,4.310699338018223,73.01596738682748
0.011524716172187477,5.556423233483758,52.61628449465495
0.015102521877652226,5.403703032556696,57.858532403658074
0.010390561924290569,7.4672808552988155,53.39990532849909
0.020044575623060112,5.333690554618191,51.333469479456035
0.010440269326576183,4.535625017386168,68.37166432199183
0.01622613354667158,5.978735653288099,53.98378248651689
0.01863519722043897,2.4266477464415788,86.83466094597854
0.010696135805010845,1.5050077091775378,50.6327204327471
0.012455379145238083,5.804332370827278,62.256904560643676
0.01371603877405446,0.3932009476166307,50.29840030128293
0.014589028975395595,6.4417895732934225,52.64271175995018
0.017785875714265275,1.1303122850259406,59.518553639983
0.01222846141052601,5.710268951853937,61.91003586053978
0.012618773841130186,5.713505515593575,54.8867686472473
0.018764928344460786,5.955399529894475,55.34228199385901
0.01283676176610288,0.20810166846459444,50.59062024212704
0.011442669221305882,1.47775157837644,56.683657387641404
0.011927768989857923,1.0419406851215598,52.67901734662204
0.011071953014609157,4.495285839314597,55.09464037712208
0.016292411900923925,0.2856228094092721,80.52925541849501
0.01486493293845298,2.85606470272101,58.97377071192632
0.01866907065770934,5.089386293367899,64.09434487269267
0.015672231379976975,6.6246850664868475,79.45638935522051
0.010356282775275295,6.916694903359433,67.601017108282
0.011308499690173762,2.9322502927972036,53.561689436733374
0.024284013552260904,3.044503760974031,54.03480089084297
0.010411704370341264,1.7922839523203375,52.018564400487485
0.012159212388194557,2.9761530946949737,70.92113556794702
0.013836926909573324,4.442190627566553,76.91357434517981
0.01106344350550917,6.02851281989251,54.832579916181174
0.01171513999158807,0.7224498586545814,58.551763314388026
0.011998225586808521,4.310699338018223,73.01596738682748
0.011513346627136515,5.529776521607296,52.67851963544852
0.015102521877652226,5.403703032556696,57.858532403658074
0.010305595498017293,7.682369616817549,53.35104766676442
0.020044575623060112,5.333690554618191,51.333469479456035
0.010467171236415435,4.533907067481762,67.80622736696976
0.018169741594602044,5.419462719809335,54.19149814981817
0.018220609884024287,2.776028683455757,83.43408354038725
0.01070261841261886,1.4282242909690757,50.183288317535755
0.012318142511497194,5.880618640693561,68.44714615597215
0.01371603877405446,0.3932009476166307,50.29840030128293
0.014589028975395595,6.4417895732934225,52.64271175995018
0.01610681605050554,1.908699112419272,61.54219883146431
0.010620365766977329,5.283275109821471,53.716627222546535
0.012618773841130186,5.713505515593575,54.8867686472473
0.018380250474874384,5.861900555788685,56.34700702585765
0.01283676176610288,0.20810166846459444,50.59062024212704
0.011442669221305882,1.47775157837644,56.683657387641404
0.011927768989857923,1.0419406851215598,52.67901734662204
0.011071953014609157,4.495285839314597,55.09464037712208
0.016292411900923925,0.2856228094092721,80.52925541849501
0.012974722085375532,4.558447233587224,62.59066583138962
0.01780974910341422,5.278281486788257,64.45684167623288
0.015672231379976975,6.6246850664868475,79.45638935522051
0.010356282775275295,6.916694903359433,67.601017108282
0.011433500162370743,3.006898775216349,54.71616072934134
0.01841843728127179,4.384296065431206,63.09381183668201
0.010411704370341264,1.7922839523203375,52.018564400487485
0.011472853005299976,2.511171139999067,63.49687373391197
0.014587006253404072,4.890127213139434,83.84110873293973
0.01106344350550917,6.02851281989251,54.832579916181174
0.01171513999158807,0.7224498586545814,58.551763314388026
0.013078383547465568,4.0442923394575345,74.82447206297753
0.011513346627136515,5.529776521607296,52.67851963544852
0.014874555027878097,5.197726385053845,57.46086431174062
0.010305595498017293,7.682369616817549,53.35104766676442
0.019957131027144585,5.304896567612158,51.457554685828015
0.010467171236415435,4.533907067481762,67.80622736696976
0.023094604409090634,6.0607109482488415,53.564844999852426
0.018220609884024287,2.776028683455757,83.43408354038725
0.01070261841261886,1.4282242909690757,50.183288317535755
0.010516806745526953,6.189156030651562,75.29737960330107
0.01371603877405446,0.3932009476166307,50.29840030128293
0.014589028975395595,6.4417895732934225,52.64271175995018
0.014365535998989112,3.331110278912278,59.2256288247431
0.010620365766977329,5.283275109821471,53.716627222546535
0.012618773841130186,5.713505515593575,54.8867686472473
0.019153482246410294,5.917595257691931,56.01504656135538
0.01283676176610288,0.20810166846459444,50.59062024212704
0.011442669221305882,1.47775157837644,56.683657387641404
0.011848365210702653,1.0812398616291485,52.64442616943723
0.011071953014609157,4.495285839314597,55.09464037712208
0.013590931227798841,2.6659033610360034,67.75894376084912
0.012302549150606818,5.424133024793837,58.95625903667755
0.01780974910341422,5.278281486788257,64.45684167623288
0.015672231379976975,6.6246850664868475,79.45638935522051
0.010356282775275295,6.916694903359433,67.601017108282
0.011433500162370743,3.006898775216349,54.71616072934134
0.01841843728127179,4.384296065431206,63.09381183668201
0.010411704370341264,1.7922839523203375,52.018564400487485
0.01153054734306316,2.605764600494135,64.26877531394871
0.014587006253404072,4.890127213139434,83.84110873293973
0.01106344350550917,6.02851281989251,54.832579916181174
0.01171513999158807,0.7224498586545814,58.551763314388026
0.015374490468528741,3.61376137079081,80.99579721797332
0.012028170903887577,7.27639789254409,52.98693280172926
0.01498154848295419,5.240597363232843,57.90560180864671
0.010305595498017293,7.682369616817549,53.35104766676442
0.019957131027144585,5.304896567612158,51.457554685828015
0.01021162310391406,3.8933545403033776,73.36642452794
0.0185634582994382,5.755242554070763,57.82971071662901
0.018220609884024287,2.776028683455757,83.43408354038725
0.01070261841261886,1.4282242909690757,50.183288317535755
0.010360799503809623,6.2244586407784475,76.81224780636666
0.013454604771939807,0.8668332818527942,52.341260321884825
0.013715551501110814,4.73332774618304,52.643258159726734
0.01648265809354213,1.6016824907177707,62.042212831742525
0.010620365766977329,5.283275109821471,53.716627222546535
0.012618773841130186,5.713505515593575,54.8867686472473
0.019345123725803777,6.317358183082909,54.16946552348352
0.016465460567096805,2.278454764664295,51.64274847102148
0.01076316696660666,1.3475966738081309,54.001873083311764
0.011174874412921747,3.9629402920444643,52.95289934728804
0.011197138173601767,5.534859671554238,56.7593324615755
0.013443712413429825,2.604876459077954,68.13591452014563
0.012302549150606818,5.424133024793837,58.95625903667755
0.021005038806564343,6.4165252814245415,69.33812812208166
0.01725525767679817,6.492226368452501,68.55765843084785
0.012139235186683158,5.322151881069818,63.876403594651066
0.011909275094629985,4.184603161458553,55.22313272259906
0.018430397351497315,4.418634867022103,62.96413278638233
0.010411704370341264,1.7922839523203375,52.018564400487485
0.01153054734306316,2.605764600494135,64.26877531394871
0.014587006253404072,4.890127213139434,83.84110873293973
0.01106344350550917,6.02851281989251,54.832579916181174
0.011779943475470683,0.33376126203821466,59.22333282608737
0.015374490468528741,3.61376137079081,80.99579721797332
0.012028170903887577,7.27639789254409,52.98693280172926
0.015988678532138832,4.9896707785280965,59.42593095728639
0.010305595498017293,7.682369616817549,53.35104766676442
0.019957131027144585,5.304896567612158,51.457554685828015
0.01021162310391406,3.8933545403033776,73.36642452794
0.018899433506043718,5.765294137930947,57.87853028314857
0.018220609884024287,2.776028683455757,83.43408354038725
0.01070261841261886,1.4282242909690757,50.183288317535755
0.010356466792334833,6.1567535514203,76.71216657321592
0.013454604771939807,0.8668332818527942,52.341260321884825
0.010302282229227184,4.420759703620508,53.29167178902418
0.019227486810988022,0.3719406382203565,65.8490126148935
0.010620365766977329,5.283275109821471,53.716627222546535
0.01286758513273902,5.448728433555555,55.34753692944101
0.01926656081080229,6.153476434582347,54.92605656351083
0.016465460567096805,2.278454764664295,51.64274847102148
0.01076316696660666,1.3475966738081309,54.001873083311764
0.011174874412921747,3.9629402920444643,52.95289934728804
0.011197138173601767,5.534859671554238,56.7593324615755
0.01410644575240123,2.8419309150485503,67.4642051019124
0.011640649788512014,3.7710055617676392,55.32683709683852
0.021005038806564343,6.4165252814245415,69.33812812208166
0.01725525767679817,6.492226368452501,68.55765843084785
0.012619325125998032,4.910918629751757,63.67366567321447
0.011244491612061104,5.060343300675775,64.49165926318459
0.018430397351497315,4.418634867022103,62.96413278638233
0.010411704370341264,1.7922839523203375,52.018564400487485
0.012388049526887119,0.01226215446092116,55.18061251934449
0.012634882782553565,5.474594283239893,80.5515577334993
0.011003763703429086,5.759119682224048,55.160640268283956
0.011779943475470683,0.33376126203821466,59.22333282608737
0.017108739444182185,2.6423545958274812,91.52074236346778
0.01137404504797316,7.43056043353501,53.12520073875577
0.017608641073487093,4.647984506849867,60.936733301869204
0.010305595498017293,7.682369616817549,53.35104766676442
0.020730544253590714,5.28459329691811,50.98946468575651
0.010114937452325399,3.7841140437607272,74.19718125597564
0.01981676802562327,5.359717059986448,51.920327568665556
0.01768473553555757,3.034919255141269,83.1575444953097
0.01070261841261886,1.4282242909690757,50.183288317535755
0.010040401178685123,6.245870177170924,79.40125719475613
0.013454604771939807,0.8668332818527942,52.341260321884825
0.010213148525204507,4.360254622609516,52.23214469582449
0.018407663367561358,0.3677378633938907,65.11965967597244
0.010620365766977329,5.283275109821471,53.716627222546535
0.01286758513273902,5.448728433555555,55.34753692944101
0.01955898980873232,5.794136639309899,53.457284084759074
0.01955199410052077,0.6917433297954174,50.547625717716144
0.01076316696660666,1.3475966738081309,54.001873083311764
0.011174874412921747,3.9629402920444643,52.95289934728804
0.011197138173601767,5.534859671554238,56.7593324615755
0.01410644575240123,2.8419309150485503,67.4642051019124
0.011640649788512014,3.7710055617676392,55.32683709683852
0.021005038806564343,6.4165252814245415,69.33812812208166
0.01725525767679817,6.492226368452501,68.55765843084785
0.012076844891331009,4.666839319404458,65.9531846402147
0.011244491612061104,5.060343300675775,64.49165926318459
0.018312731072209282,4.451475162249208,62.67383192667881
0.010411704370341264,1.7922839523203375,52.018564400487485
0.012388049526887119,0.01226215446092116,55.18061251934449
0.012634882782553565,5.474594283239893,80.5515577334993
0.011178560044484646,5.631836242696855,55.3957596286122
0.01019440329797427,0.3793236225557364,52.521582501973015
0.017108739444182185,2.6423545958274812,91.52074236346778
0.01137404504797316,7.43056043353501,53.12520073875577
0.017608641073487093,4.647984506849867,60.936733301869204
0.010186771200903971,7.71037379278586,53.37616453117504
0.020730544253590714,5.28459329691811,50.98946468575651
0.010114937452325399,3.7841140437607272,74.19718125597564
0.01981676802562327,5.359717059986448,51.920327568665556
0.015600597435172295,3.462259371685934,76.50276926333494
0.01070261841261886,1.4282242909690757,50.183288317535755
0.010040401178685123,6.245870177170924,79.40125719475613
0.013454604771939807,0.8668332818527942,52.341260321884825
0.010472098817436278,5.045118924798922,52.43135032592223
0.01833371560945138,0.36380839804865817,65.40376049040415
0.010574021953467728,5.254335988104193,53.57721805584541
0.013227162247215277,4.971592641086325,55.882575287630125
0.01955898980873232,5.794136639309899,53.457284084759074
0.01955199410052077,0.6917433297954174,50.547625717716144
0.01076316696660666,1.3475966738081309,54.001873083311764
0.010657539092864939,5.647631409774193,52.00293367984732
0.011197138173601767,5.534859671554238,56.7593324615755
0.015666495809213046,0.2220766127852407,75.65098551633541
0.011640649788512014,3.7710055617676392,55.32683709683852
0.01666274138767042,5.4680414528260535,66.52720200778437
0.01725525767679817,6.492226368452501,68.55765843084785
0.012076844891331009,4.666839319404458,65.9531846402147
0.011411951040293446,4.321116391871411,63.12817557446797
0.018312731072209282,4.451475162249208,62.67383192667881
0.010411704370341264,1.7922839523203375,52.018564400487485
0.012388049526887119,0.01226215446092116,55.18061251934449
0.01167603092683352,7.135883593989207,82.10153219369464
0.011178560044484646,5.631836242696855,55.3957596286122
0.01019043618493084,0.3780252043848651,52.49920666248564
0.017108739444182185,2.6423545958274812,91.52074236346778
0.01137404504797316,7.43056043353501,53.12520073875577
0.018915082137767356,5.419421928811203,50.809409273598206
0.010186771200903971,7.71037379278586,53.37616453117504
0.020730544253590714,5.28459329691811,50.98946468575651
0.010114937452325399,3.7841140437607272,74.19718125597564
0.01981676802562327,5.359717059986448,51.920327568665556
0.013843519498441256,2.7325792022920394,67.06104257093112
0.01070261841261886,1.4282242909690757,50.183288317535755
0.011607956721882258,6.061752525400269,76.35387576539648
0.013454604771939807,0.8668332818527942,52.341260321884825
0.010472098817436278,5.045118924798922,52.43135032592223
0.01833371560945138,0.36380839804865817,65.40376049040415
0.010574021953467728,5.254335988104193,53.57721805584541
0.013917318275403665,4.349900795220838,56.451520027413636
0.019560829383904032,7.135850124872201,54.22240108625737
0.01955199410052077,0.6917433297954174,50.547625717716144
0.010041810092933593,0.7759604847283237,52.384533418653085
0.010630946699526486,5.5563021857401615,53.09065276747955
0.011197138173601767,5.534859671554238,56.7593324615755
0.014314606476614904,2.564335517707299,77.83630113734354
0.012054096950668098,2.1060580613582993,55.265169800520525
0.01579734554158241,5.18110333924764,66.55559242541318
0.01724451660556562,6.209997008954799,70.24105384065817
0.010269076437959239,4.505007929126425,69.23075676650961
0.012519029415424071,4.094116558335935,66.66314177911256
0.018312731072209282,4.451475162249208,62.67383192667881
0.010183379495613498,0.5381245396745244,51.05548477055144
0.012094623482229344,0.06109895526301712,54.82259034152139
0.011720651505729977,6.874409681188684,80.2922568690467
0.011178560044484646,5.631836242696855,55.3957596286122
0.01019043618493084,0.3780252043848651,52.49920666248564
0.017108739444182185,2.6423545958274812,91.52074236346778
0.01140509587104703,7.248856752537357,56.20871284586396
0.0188250037255632,5.402682892918535,51.04880685630506
0.010186771200903971,7.71037379278586,53.37616453117504
0.025902236831074954,7.692088705862389,50.248682776870524
0.010114937452325399,3.7841140437607272,74.19718125597564
0.01981676802562327,5.359717059986448,51.920327568665556
0.01221281950120966,3.99033478310436,60.335827978485355
0.011418899592830656,1.563978623959356,54.80531157077819
0.011607956721882258,6.061752525400269,76.35387576539648
0.012943813564480256,2.6672509520954826,60.888156052726885
0.010468696192885358,5.038134376012532,52.393096423798
0.01833371560945138,0.36380839804865817,65.40376049040415
0.010574021953467728,5.254335988104193,53.57721805584541
0.014690122211819319,3.653759797969103,57.088597320879884
0.017856800898951808,7.012664721674714,55.07961045954318
0.01955199410052077,0.6917433297954174,50.547625717716144
0.010041810092933593,0.7759604847283237,52.384533418653085
0.010630946699526486,5.5563021857401615,53.09065276747955
0.011318174801287852,6.539982897801958,58.36885804479463
0.013682739933316887,2.2293696354687773,73.95439006899471
0.012043557701137072,2.102108487761155,55.25269395717798
0.014127205294875102,5.302393760913179,62.20278530972188
0.01818190209713584,6.982177446035019,72.27962069979509
0.010328122244330938,4.7811597449360885,67.3282754600523
0.010532275928779065,4.722542564057413,55.90300130811215
0.019331874119653362,4.345743054195975,63.871803143776425
0.010183379495613498,0.5381245396745244,51.05548477055144
0.012094623482229344,0.06109895526301712,54.82259034152139
0.011720651505729977,6.874409681188684,80.2922568690467
0.011178560044484646,5.631836242696855,55.3957596286122
0.01019043618493084,0.3780252043848651,52.49920666248564
0.017108739444182185,2.6423545958274812,91.52074236346778
0.010487838334675249,7.45485950542742,56.67634325775965
0.015003163976760353,4.166360447889161,51.48088899422075
0.010186771200903971,7.71037379278586,53.37616453117504
0.024028131955009066,7.062986194833334,50.53372579451161
0.010114937452325399,3.7841140437607272,74.19718125597564
0.01904459490793372,5.533135954510827,52.31399196362735
0.01221281950120966,3.99033478310436,60.335827978485355
0.011418899592830656,1.563978623959356,54.80531157077819
0.011607956721882258,6.061752525400269,76.35387576539648
0.013586415159783597,1.0343573240454118,53.44851443622879
0.010741807459413881,4.506345099478036,52.834553841021815
0.01874447894266807,0.29251424918952007,66.03334401000731
0.010574021953467728,5.254335988104193,53.57721805584541
0.016793448917166037,2.963994773746991,59.42813196806194
0.01902481807930445,7.63813334819367,53.991840686196475
0.01955199410052077,0.6917433297954174,50.547625717716144
0.010246487311986342,2.4367417611515396,52.62985265874065
0.010021867911437804,6.488208830389407,53.016902715859565
0.011008139738452383,6.739686655496724,58.94837451437276
0.013142101915106608,1.8962495335987337,76.1364002129381
0.0127028365288331,0.6879225080370688,56.004363856882954
0.014127205294875102,5.302393760913179,62.20278530972188
0.017943558867351266,7.38251604264661,77.79568896661739
0.010431583281936028,7.814049674284198,78.95994491765568
0.010516569867242828,4.687225868093064,56.591482079062644
0.01932087390110503,4.945578649659456,67.90995290698679
0.010183379495613498,0.5381245396745244,51.05548477055144
0.012094623482229344,0.06109895526301712,54.82259034152139
0.011720651505729977,6.874409681188684,80.2922568690467
0.011178560044484646,5.631836242696855,55.3957596286122
0.010357245723802123,0.41026405481288764,52.54583639522475
0.015163737384834272,2.584076733229463,80.49770515813532
0.01048818962090469,7.445890125630793,56.663711158736646
0.012503742362100674,3.3210785905926916,50.96565673999354
0.01018745314437961,7.650150196645612,53.36764183096946
0.024028131955009066,7.062986194833334,50.53372579451161
0.010114937452325399,3.7841140437607272,74.19718125597564
0.018426307876195307,5.32403685435708,52.18653790815564
0.012286645781224317,4.215960626882559,60.850108384647086
0.011418899592830656,1.563978623959356,54.80531157077819
0.01069888556762012,6.95085538246839,75.29446402822958
0.013563393987962958,1.0844538790413472,53.64025744598861
0.010961891699079313,6.070276101044565,53.535709744859616
0.01874447894266807,0.29251424918952007,66.03334401000731
0.010540749948904327,6.103868991429875,54.77366477397325
0.01994504683720623,0.9071535032721583,59.6894840490767
0.01902481807930445,7.63813334819367,53.991840686196475
0.019366410255871488,2.4625073946144957,51.193683188370635
0.010256992658905442,1.5089965846517082,52.49856036613051
0.010021867911437804,6.488208830389407,53.016902715859565
0.011008139738452383,6.739686655496724,58.94837451437276
0.013142101915106608,1.8962495335987337,76.1364002129381
0.0127028365288331,0.6879225080370688,56.004363856882954
0.014705386392420923,7.30154252864032,54.02480833494427
0.017943558867351266,7.38251604264661,77.79568896661739
0.010421500746271947,7.921552737433132,79.80904117253101
0.010349250276816078,4.7765950311912375,56.39947601085388
0.018782899722975983,4.647197026303921,66.72060328516326
0.010183379495613498,0.5381245396745244,51.05548477055144
0.011560282518519776,0.48211443063523496,54.146815642393264
0.011720651505729977,6.874409681188684,80.2922568690467
0.011190143739690926,5.556534174446864,55.15428366263104
0.010357245723802123,0.41026405481288764,52.54583639522475
0.015163737384834272,2.584076733229463,80.49770515813532
0.01048818962090469,7.445890125630793,56.663711158736646
0.012503742362100674,3.3210785905926916,50.96565673999354
0.010226017372297773,7.459554407463436,53.41266418950301
0.024028131955009066,7.062986194833334,50.53372579451161
0.010114937452325399,3.7841140437607272,74.19718125597564
0.015401750047166372,4.7781695774406385,56.45443889467401
0.013430128519198673,2.162327789907331,63.51187633193002
0.011418899592830656,1.563978623959356,54.80531157077819
0.011438142880569957,5.436885243190768,69.70605993824186
0.013563393987962958,1.0844538790413472,53.64025744598861
0.010437963062930242,6.504970713061223,50.17381534387641
0.01874447894266807,0.29251424918952007,66.03334401000731
0.010568531170456141,6.252667325239178,58.37875308445315
0.01994504683720623,0.9071535032721583,59.6894840490767
0.017934335707205627,6.439287330840794,54.338982009459336
0.019366410255871488,2.4625073946144957,51.193683188370635
0.010235392978030486,1.7457202402916554,52.48837467113432
0.010021867911437804,6.488208830389407,53.016902715859565
0.015028334695056393,6.839512151234015,56.35017569961751
0.013448241802792,1.3101427374925603,79.30993494396847
0.01378048852127677,1.8726631625301104,55.66130692332268
0.014705386392420923,7.30154252864032,54.02480833494427
0.0163248066379043,7.467524414815198,85.04851723052028
0.010421500746271947,7.921552737433132,79.80904117253101
0.010349250276816078,4.7765950311912375,56.39947601085388
0.021603919093504058,4.054398133158005,71.13314345001116
0.010183379495613498,0.5381245396745244,51.05548477055144
0.011560282518519776,0.48211443063523496,54.146815642393264
0.011720651505729977,6.874409681188684,80.2922568690467
0.011246568501131312,5.905168771082647,55.3309931900708
0.010357245723802123,0.41026405481288764,52.54583639522475
0.012919498290610756,1.4501308519124034,88.08382210881896
0.01048818962090469,7.445890125630793,56.663711158736646
0.011976504312148636,3.0183421875744605,50.63815193086799
0.010226017372297773,7.459554407463436,53.41266418950301
0.024028131955009066,7.062986194833334,50.53372579451161
0.010114937452325399,3.7841140437607272,74.19718125597564
0.013662567972407658,4.451159013991148,62.29119949820853
0.0134340755155854,1.9766314027573664,66.9543708933238
0.01154022270586476,1.5547740537187138,57.49587267921186
0.011438142880569957,5.436885243190768,69.70605993824186
0.013563393987962958,1.0844538790413472,53.64025744598861
0.010609250020319786,6.267589165512565,50.45502060261184
0.01874447894266807,0.29251424918952007,66.03334401000731
0.010568531170456141,6.252667325239178,58.37875308445315
0.018781609272310817,0.9970710720008662,64.39161361375704
0.01640265916500168,4.915454490543391,64.64563319411683
0.019366410255871488,2.4625073946144957,51.193683188370635
0.01045738544538935,2.658881428540102,53.11244030995002
0.010021867911437804,6.488208830389407,53.016902715859565
0.015028334695056393,6.839512151234015,56.35017569961751
0.013448241802792,1.3101427374925603,79.30993494396847
0.013258635113933213,2.204083193767741,54.208217403379386
0.014705386392420923,7.30154252864032,54.02480833494427
0.0163248066379043,7.467524414815198,85.04851723052028
0.010421500746271947,7.921552737433132,79.80904117253101
0.010349250276816078,4.7765950311912375,56.39947601085388
0.018809174370358978,4.553795293460832,66.8692174913943
0.010183379495613498,0.5381245396745244,51.05548477055144
0.011560282518519776,0.48211443063523496,54.146815642393264
0.011720651505729977,6.874409681188684,80.2922568690467
0.012693861967524221,5.6465497132289215,57.53912051203407
0.010357245723802123,0.41026405481288764,52.54583639522475
0.012446868650443406,2.504614540050879,82.00001554454036
0.010371346588510428,7.461495583198435,56.67178015944219
0.011976504312148636,3.0183421875744605,50.63815193086799
0.010195401746923256,7.3138848956674165,53.353313138740035
0.024028131955009066,7.062986194833334,50.53372579451161
0.010114937452325399,3.7841140437607272,74.19718125597564
0.013662567972407658,4.451159013991148,62.29119949820853
0.0134340755155854,1.9766314027573664,66.9543708933238
0.01154022270586476,1.5547740537187138,57.49587267921186
0.01221324921924766,6.405044385918683,67.07525407330203
0.013425822721830254,1.252107287604617,53.37999772971868
0.010609250020319786,6.267589165512565,50.45502060261184
0.01874447894266807,0.29251424918952007,66.03334401000731
0.010568531170456141,6.252667325239178,58.37875308445315
0.018940374384617525,1.394916097707711,60.8085640548378
0.012637480233015554,5.538771013971527,59.9493408971905
0.019366410255871488,2.4625073946144957,51.193683188370635
0.010583862980967779,1.546816230350565,53.14018513883444
0.010021867911437804,6.488208830389407,53.016902715859565
0.015028334695056393,6.839512151234015,56.35017569961751
0.014060416624489883,0.2411632843335907,85.53195085506968
0.013258635113933213,2.204083193767741,54.208217403379386
0.014705386392420923,7.30154252864032,54.02480833494427
0.01550396967748809,7.33998733052897,80.87701339136144
0.010421500746271947,7.921552737433132,79.80904117253101
0.010349250276816078,4.7765950311912375,56.39947601085388
0.018826546672358252,4.135525496174761,66.0667213757664
0.010183379495613498,0.5381245396745244,51.05548477055144
0.011560282518519776,0.48211443063523496,54.146815642393264
0.011720651505729977,6.874409681188684,80.2922568690467
0.01252907371021836,5.693545251590925,57.604221713492706
0.010357245723802123,0.41026405481288764,52.54583639522475
0.012446868650443406,2.504614540050879,82.00001554454036
0.010371346588510428,7.461495583198435,56.67178015944219
0.011976504312148636,3.0183421875744605,50.63815193086799
0.010195401746923256,7.3138848956674165,53.353313138740035
0.019094509747698118,4.886846282233874,53.28427448890347
0.010114937452325399,3.7841140437607272,74.19718125597564
0.013662567972407658,4.451159013991148,62.29119949820853
0.0134340755155854,1.9766314027573664,66.9543708933238
0.01154022270586476,1.5547740537187138,57.49587267921186
0.01221324921924766,6.405044385918683,67.07525407330203
0.013425822721830254,1.252107287604617,53.37999772971868
0.010609250020319786,6.267589165512565,50.45502060261184
0.01874447894266807,0.29251424918952007,66.03334401000731
0.010568531170456141,6.252667325239178,58.37875308445315
0.018607908878553778,0.5618001449343677,68.31172622661447
0.011042582127042079,6.587341115009675,59.73192119224561
0.019366410255871488,2.4625073946144957,51.193683188370635
0.010583862980967779,1.546816230350565,53.14018513883444
0.010021867911437804,6.488208830389407,53.016902715859565
0.014276137296910473,6.786730527921548,55.84936757004063
0.014041813052393475,0.03751300360680876,86.44074600574041
0.01435416259717873,0.0371767401405787,51.47752037320607
0.014705386392420923,7.30154252864032,54.02480833494427
0.01497057605862029,4.676050279548432,82.90665879505023
0.010471449870993452,7.814251657741009,78.19438228724874
0.010349250276816078,4.7765950311912375,56.39947601085388
0.018826546672358252,4.135525496174761,66.0667213757664
0.010183379495613498,0.5381245396745244,51.05548477055144
0.011560282518519776,0.48211443063523496,54.146815642393264
0.012230550968777457,6.5294963577440415,80.70244551083346
0.015544206797243163,5.323074084117495,55.620314515752355
0.011027033114982002,1.5000816127357437,53.11045102821045
0.012446868650443406,2.504614540050879,82.00001554454036
0.010371346588510428,7.461495583198435,56.67178015944219
0.01248363062494521,3.7197900840699774,50.52012307852823
0.010195401746923256,7.3138848956674165,53.353313138740035
0.01926481854568054,4.846088788071029,52.60397381985493
0.01050961113570575,3.7277334679027323,73.21583747366515
0.016142163822525486,2.40383772779073,68.68326278114688
0.010435129541098749,0.7759932236054281,67.44802452076885
0.011282767970044572,1.2850536265307717,50.53758023262155
0.01221324921924766,6.405044385918683,67.07525407330203
0.013425822721830254,1.252107287604617,53.37999772971868
0.010609250020319786,6.267589165512565,50.45502060261184
0.01702119901724259,1.5165647149986405,63.46175484910439
0.010568531170456141,6.252667325239178,58.37875308445315
0.018607908878553778,0.5618001449343677,68.31172622661447
0.011042582127042079,6.587341115009675,59.73192119224561
0.019366410255871488,2.4625073946144957,51.193683188370635
0.010583862980967779,1.546816230350565,53.14018513883444
0.010021867911437804,6.488208830389407,53.016902715859565
0.01331550568927908,7.895529881791859,56.02288771520309
0.013858018244374857,0.3710992018556105,84.51390899500586
0.01435416259717873,0.0371767401405787,51.47752037320607
0.01614672051003568,7.2483483252683785,53.144527818006814
0.01497057605862029,4.676050279548432,82.90665879505023
0.010471449870993452,7.814251657741009,78.19438228724874
0.010349250276816078,4.7765950311912375,56.39947601085388
0.018826546672358252,4.135525496174761,66.0667213757664
0.010183379495613498,0.5381245396745244,51.05548477055144
0.011560282518519776,0.48211443063523496,54.146815642393264
0.012230550968777457,6.5294963577440415,80.70244551083346
0.016277220960322646,5.977345447164609,56.24448773884081
0.010821184203159107,0.6489034456541445,50.68708187960769
0.012356116068408347,1.8852878318974335,86.76406720978807
0.011194722871585216,6.989235624637028,61.322391727780555
0.012606735462812674,3.6588366547587805,50.18101913665865
0.010195401746923256,7.3138848956674165,53.353313138740035
0.017410796434596386,3.924486298729283,52.1830697520556
0.01050961113570575,3.7277334679027323,73.21583747366515
0.01576918170709781,2.711796875347318,67.72176525117456
0.010435129541098749,0.7759932236054281,67.44802452076885
0.011282767970044572,1.2850536265307717,50.53758023262155
0.011640072599314405,6.66320370597677,63.17748883996849
0.013425822721830254,1.252107287604617,53.37999772971868
0.010609250020319786,6.267589165512565,50.45502060261184
0.017831795632367232,0.9403185968822445,64.14701466848453
0.010711867330143322,6.001814005165831,58.127990296378975
0.018607908878553778,0.5618001449343677,68.31172622661447
0.01103311543694156,6.607677528801909,60.037942075899565
0.019062645202140006,2.6898475149259364,51.54548442489982
0.010583862980967779,1.546816230350565,53.14018513883444
0.012917233173061725,5.714543171203619,57.30825651130865
0.01331550568927908,7.895529881791859,56.02288771520309
0.013858018244374857,0.3710992018556105,84.51390899500586
0.014107008970993488,0.4419165047260307,51.928798382494406
0.01614672051003568,7.2483483252683785,53.144527818006814
0.01580253954979264,3.057696438372024,96.4204745564735
0.010471449870993452,7.814251657741009,78.19438228724874
0.010292464975614214,3.3255689869958074,54.56997867563562
0.02168536464185353,5.661833425211632,72.78230874249269
0.010183379495613498,0.5381245396745244,51.05548477055144
0.011560282518519776,0.48211443063523496,54.146815642393264
0.012296945994186577,6.285469646971872,81.1459893817136
0.016198039995042216,6.120738959680406,56.52818035913766
0.010821184203159107,0.6489034456541445,50.68708187960769
0.012356116068408347,1.8852878318974335,86.76406720978807
0.011194722871585216,6.989235624637028,61.322391727780555
0.012930522114481376,3.8807980887982265,50.75326971061709
0.010195401746923256,7.3138848956674165,53.353313138740035
0.015636083279444463,4.474822143562129,53.75802726120885
0.01050961113570575,3.7277334679027323,73.21583747366515
0.01576918170709781,2.711796875347318,67.72176525117456
0.010435129541098749,0.7759932236054281,67.44802452076885
0.011282767970044572,1.2850536265307717,50.53758023262155
0.011640072599314405,6.66320370597677,63.17748883996849
0.013425822721830254,1.252107287604617,53.37999772971868
0.010901243403452027,6.6274965302515385,55.87491403359354
0.017831795632367232,0.9403185968822445,64.14701466848453
0.010711867330143322,6.001814005165831,58.127990296378975
0.017114456375568292,1.7604817880604093,65.65619451445923
0.011028308115280007,6.596327354824492,59.99973366891459
0.019062645202140006,2.6898475149259364,51.54548442489982
0.010583862980967779,1.546816230350565,53.14018513883444
0.010843898576766965,6.540477207741187,59.67302282302227
0.01331550568927908,7.895529881791859,56.02288771520309
0.013966051254278217,0.15087953208140426,92.2962435371366
0.014107008970993488,0.4419165047260307,51.928798382494406
0.015640724247752494,7.221872129679846,53.98014384085712
0.015249585402707022,3.4774252092674103,92.17335840802521
0.010455618011593353,7.417211489718291,76.10471860027793
0.010292464975614214,3.3255689869958074,54.56997867563562
0.02168536464185353,5.661833425211632,72.78230874249269
0.010183379495613498,0.5381245396745244,51.05548477055144
0.012667376215198017,0.7369268437628114,56.440939148407715
0.012099140296534673,6.250071591725062,78.27351909307106
0.016198039995042216,6.120738959680406,56.52818035913766
0.010821184203159107,0.6489034456541445,50.68708187960769
0.012356116068408347,1.8852878318974335,86.76406720978807
0.011194722871585216,6.989235624637028,61.322391727780555
0.013091600695216015,4.134548829067038,50.77435474633811
0.010195401746923256,7.3138848956674165,53.353313138740035
0.015636083279444463,4.474822143562129,53.75802726120885
0.010544682812821672,1.331202723764962,71.3393410166731
0.013731516805469437,4.037392227247198,63.8562949555983
0.010435129541098749,0.7759932236054281,67.44802452076885
0.011359780662917348,1.2562098733331006,50.250797886746305
0.011640072599314405,6.66320370597677,63.17748883996849
0.013425822721830254,1.252107287604617,53.37999772971868
0.01022676529852545,6.934145071466235,56.17646462790649
0.016503446760096865,0.870467007641642,61.87332575495292
0.010711867330143322,6.001814005165831,58.127990296378975
0.016952455684180488,1.5245067622632118,64.65321953836737
0.011058714129979266,6.89467455219709,59.61793828556239
0.01621212231326651,2.175135391127876,51.176191454822074
0.010583862980967779,1.546816230350565,53.14018513883444
0.010843898576766965,6.540477207741187,59.67302282302227
0.01331550568927908,7.895529881791859,56.02288771520309
0.014140512318266641,0.6030316613865594,92.27954069335222
0.014107008970993488,0.4419165047260307,51.928798382494406
0.015640724247752494,7.221872129679846,53.98014384085712
0.015134094031627313,3.5416744901866735,91.30685542585428
0.010455618011593353,7.417211489718291,76.10471860027793
0.010292464975614214,3.3255689869958074,54.56997867563562
0.023894985126362112,5.072143506349167,77.20675128330903
0.010183379495613498,0.5381245396745244,51.05548477055144
0.012667376215198017,0.7369268437628114,56.440939148407715
0.013168738432212048,6.056765356144077,93.53427595912902
0.016195395587120024,6.861652860952045,57.533188315401674
0.010821184203159107,0.6489034456541445,50.68708187960769
0.012307529797204349,2.038095923308184,85.89013004439789
0.011194722871585216,6.989235624637028,61.322391727780555
0.013091600695216015,4.134548829067038,50.77435474633811
0.010195401746923256,7.3138848956674165,53.353313138740035
0.015636083279444463,4.474822143562129,53.75802726120885
0.010544682812821672,1.331202723764962,71.3393410166731
0.013731516805469437,4.037392227247198,63.8562949555983
0.010435129541098749,0.7759932236054281,67.44802452076885
0.011359780662917348,1.2562098733331006,50.250797886746305
0.011919966369276863,6.551762570769608,64.89122670842008
0.013425822721830254,1.252107287604617,53.37999772971868
0.01022676529852545,6.934145071466235,56.17646462790649
0.016503446760096865,0.870467007641642,61.87332575495292
0.010726130234815391,6.498212830563035,58.68375726791644
0.021015264076636442,2.2712341743858673,72.43952127000183
0.011058714129979266,6.89467455219709,59.61793828556239
0.01621212231326651,2.175135391127876,51.176191454822074
0.010584836689333917,1.5577823076144464,53.15346812750547
0.010878516529440791,6.5324681942475,60.186000594112755
0.01331550568927908,7.895529881791859,56.02288771520309
0.014318041388584921,1.0626256108615308,87.70691348649885
0.014107008970993488,0.4419165047260307,51.928798382494406
0.015640724247752494,7.221872129679846,53.98014384085712
0.015134094031627313,3.5416744901866735,91.30685542585428
0.010455618011593353,7.417211489718291,76.10471860027793
0.010236756897385995,3.3363953644530535,54.60191656548348
0.020440682320460916,4.778834846639994,72.92947706068384
0.010183379495613498,0.5381245396745244,51.05548477055144
0.012533536769890323,0.7322676642063748,56.25140467514736
0.01292506991528621,5.617951929415154,91.47326519368262
0.01834376629843149,6.6997256850289055,59.02984341966478
0.010821184203159107,0.6489034456541445,50.68708187960769
0.012229630287141576,2.0068585927860423,85.24713644011553
0.011194722871585216,6.989235624637028,61.322391727780555
0.014092157996448187,4.268353222676504,51.94761304951683
0.010398446324372559,6.95717323259513,53.279369110062426
0.017033256990431674,5.585016342941991,54.649145452280244
0.010544682812821672,1.331202723764962,71.3393410166731
0.01357769737716212,4.196091228482283,64.43141819390237
0.010911975680770954,0.7834169388780671,67.00996673796335
0.011359780662917348,1.2562098733331006,50.250797886746305
0.01181959221768347,6.1763184925511,64.00878991080674
0.015153185153489837,1.652144240044974,55.16590454087786
0.01022676529852545,6.934145071466235,56.17646462790649
0.016503446760096865,0.870467007641642,61.87332575495292
0.010726130234815391,6.498212830563035,58.68375726791644
0.021015264076636442,2.2712341743858673,72.43952127000183
0.011058714129979266,6.89467455219709,59.61793828556239
0.015832061081729867,2.075338486326908,52.31159478443743
0.010584836689333917,1.5577823076144464,53.15346812750547
0.011076725970792138,6.158546040252625,59.67905951646759
0.01331550568927908,7.895529881791859,56.02288771520309
0.014318041388584921,1.0626256108615308,87.70691348649885
0.014107008970993488,0.4419165047260307,51.928798382494406
0.015640724247752494,7.221872129679846,53.98014384085712
0.017578907378662984,1.516449920730249,99.2509780109609
0.010455618011593353,7.417211489718291,76.10471860027793
0.010236756897385995,3.3363953644530535,54.60191656548348
0.020440682320460916,4.778834846639994,72.92947706068384
0.010257434877162287,0.6747146152046524,59.04665817589614
0.012533536769890323,0.7322676642063748,56.25140467514736
0.01351513986438652,5.966459138015458,83.32658616175242
0.01834376629843149,6.6997256850289055,59.02984341966478
0.010821184203159107,0.6489034456541445,50.68708187960769
0.012315781728694391,2.1467667241067367,83.91685833515773
0.010801368453708972,6.966848163578712,59.231212098485415
0.014109822209974913,4.308428495160465,51.8988371872648
0.010398446324372559,6.95717323259513,53.279369110062426
0.019329126960210705,7.2765805118794775,55.85363088242089
0.01051133176540066,1.143010023533563,86.44418173944081
0.01357769737716212,4.196091228482283,64.43141819390237
0.010834722729853087,0.7018531983749994,69.90117005258854
0.011359780662917348,1.2562098733331006,50.250797886746305
0.011393664074303858,6.656059148283339,63.90640167823252
0.01581505537432397,2.0435323272470205,57.389485811035236
0.010312697858134214,6.025514985082206,55.38288840319973
0.01771141006348336,0.9339880887727299,63.94095484562142
0.010301162467863608,7.661501980412709,51.93809341951671
0.021015264076636442,2.2712341743858673,72.43952127000183
0.011058714129979266,6.89467455219709,59.61793828556239
0.015832061081729867,2.075338486326908,52.31159478443743
0.010584836689333917,1.5577823076144464,53.15346812750547
0.011093274239880773,5.4822324515400656,59.735214275248545
0.01331550568927908,7.895529881791859,56.02288771520309
0.014318041388584921,1.0626256108615308,87.70691348649885
0.014107008970993488,0.4419165047260307,51.928798382494406
0.015640724247752494,7.221872129679846,53.98014384085712
0.017578907378662984,1.516449920730249,99.2509780109609
0.011091926159126523,6.875877770812865,71.88973806685738
0.010236756897385995,3.3363953644530535,54.60191656548348
0.020790876176467205,3.991923805487428,78.30919689433216
0.010372328204847797,0.6694542432195167,57.34295850934096
0.012533536769890323,0.7322676642063748,56.25140467514736
0.012652835117911996,4.050442625002363,81.56618163713532
0.01834376629843149,6.6997256850289055,59.02984341966478
0.010821184203159107,0.6489034456541445,50.68708187960769
0.011996003417191531,1.9688844722303398,84.36474174965159
0.010852134000106707,6.754461647677909,60.29925162909285
0.013428286226005774,4.896778252055153,54.98828839502871
0.012213850061819034,6.898349769024865,54.59327875597049
0.019329126960210705,7.2765805118794775,55.85363088242089
0.010678072281250553,1.2357623377821974,86.21064397628751
0.013634870888311267,4.256727839310367,64.52414147615038
0.010957119374960427,0.28261068605632955,78.10435949297924
0.011359780662917348,1.2562098733331006,50.250797886746305
0.011460860564956576,6.595198345217952,63.90676919088552
0.015159750592926074,1.927728880328071,56.33949077532688
0.010312697858134214,6.025514985082206,55.38288840319973
0.01771141006348336,0.9339880887727299,63.94095484562142
0.010301162467863608,7.661501980412709,51.93809341951671
0.016365013622298145,2.7307844836892667,64.74371256458315
0.011058714129979266,6.89467455219709,59.61793828556239
0.015832061081729867,2.075338486326908,52.31159478443743
0.010584836689333917,1.5577823076144464,53.15346812750547
0.011093274239880773,5.4822324515400656,59.735214275248545
0.01331550568927908,7.895529881791859,56.02288771520309
0.014113874929092215,1.0897053982866427,85.8172087500734
0.014107008970993488,0.4419165047260307,51.928798382494406
0.01762404496844664,7.058576520725902,54.73864071387783
0.017578907378662984,1.516449920730249,99.2509780109609
0.011091926159126523,6.875877770812865,71.88973806685738
0.010236756897385995,3.3363953644530535,54.60191656548348
0.020799358023041007,3.983710270847531,78.37232682707864
0.010372328204847797,0.6694542432195167,57.34295850934096
0.012533536769890323,0.7322676642063748,56.25140467514736
0.0124028483797091,3.749121302132667,78.13155544225495
0.0187346135227726,7.01686738827191,59.45548073697021
0.010890880504217137,0.6522965422550244,50.9135613583533
0.011996003417191531,1.9688844722303398,84.36474174965159
0.010874112651179872,7.181761127886528,60.886817144704274
0.013630885850733732,4.562863921962889,55.05418630469012
0.012213850061819034,6.898349769024865,54.59327875597049
0.019329126960210705,7.2765805118794775,55.85363088242089
0.010715044871557866,1.109473670692053,85.13659467825939
0.013638252575343717,3.9969419776393256,72.56030775517186
0.010957119374960427,0.28261068605632955,78.10435949297924
0.011359780662917348,1.2562098733331006,50.250797886746305
0.011556145072052194,7.588683044100858,66.07886518018665
0.016886326993792524,2.7136721671244595,56.39740204686169
0.010372595173982408,6.095299421533177,55.7229186813723
0.016758897087722352,1.240132608431149,62.75085880433518
0.010301162467863608,7.661501980412709,51.93809341951671
0.016614830715338827,3.231862443217571,64.02233783341276
0.011690418094021588,5.710560247584083,64.96066994605016
0.016836313217480883,1.1317464715825514,50.7008038402301
0.010584836689333917,1.5577823076144464,53.15346812750547
0.011093274239880773,5.4822324515400656,59.735214275248545
0.012931807622179367,6.894247096185149,60.31861599986197
0.014681151817483966,0.1044998382448501,90.2552520002485
0.014147006785592256,0.06525572158810977,51.72190773546413
0.01762404496844664,7.058576520725902,54.73864071387783
0.014852092594740079,3.780049188505124,83.49805651962417
0.011091926159126523,6.875877770812865,71.88973806685738
0.010236756897385995,3.3363953644530535,54.60191656548348
0.019427667603144544,4.491156080109107,75.22470133712156
0.010385025926753647,0.41966630998563126,57.59968678752165
0.012473530649873563,2.117468608371138,66.29776725636228
0.0124028483797091,3.749121302132667,78.13155544225495
0.01828285115611338,6.878464910174437,62.363116256180895
0.010946783587816053,0.6504468380061961,50.22043334241465
0.011996003417191531,1.9688844722303398,84.36474174965159
0.010874112651179872,7.181761127886528,60.886817144704274
0.014211499403953783,4.022545389043604,55.5975484865254
0.012213850061819034,6.898349769024865,54.59327875597049
0.019263594135968093,7.178926544002788,56.05085269928046
0.010715044871557866,1.109473670692053,85.13659467825939
0.013638252575343717,3.9969419776393256,72.56030775517186
0.010957119374960427,0.28261068605632955,78.10435949297924
0.011681861757062706,1.7286219870582402,50.27447806815962
0.011556145072052194,7.588683044100858,66.07886518018665
0.016886326993792524,2.7136721671244595,56.39740204686169
0.010372595173982408,6.095299421533177,55.7229186813723
0.016758897087722352,1.240132608431149,62.75085880433518
0.010301162467863608,7.661501980412709,51.93809341951671
0.01746345678596415,4.320783328942231,68.25216376839978
0.01097309841462528,6.07162233784266,65.09735306786871
0.016836313217480883,1.1317464715825514,50.7008038402301
0.010584836689333917,1.5577823076144464,53.15346812750547
0.011093274239880773,5.4822324515400656,59.735214275248545
0.013525090572323208,7.34989518073284,60.50687600081171
0.014681151817483966,0.1044998382448501,90.2552520002485
0.014147006785592256,0.06525572158810977,51.72190773546413
0.01762404496844664,7.058576520725902,54.73864071387783
0.015266231902830224,3.706049461863677,87.2298099904207
0.011091232657750166,7.592819203306684,78.14246361899659
0.010236756897385995,3.3363953644530535,54.60191656548348
0.02061402655994743,5.4854836299482805,80.50486430584262
0.010385025926753647,0.41966630998563126,57.59968678752165
0.012473530649873563,2.117468608371138,66.29776725636228
0.011866964005873023,2.8648993523427646,72.6787924592626
0.017676961766492034,6.555058548321073,65.00350501579054
0.010951533080479895,0.6574131514882124,50.22078253660812
0.011415549340903185,1.4439536468808383,87.42026132144832
0.010874112651179872,7.181761127886528,60.886817144704274
0.014553267767167314,2.365831722578797,53.15315565280993
0.01265456367667208,7.234353715392382,53.08001457389284
0.019263594135968093,7.178926544002788,56.05085269928046
0.010692608004400557,2.487839326225522,77.58570747522637
0.013379544983167695,3.677457037480051,74.41988958570774
0.011160604508032412,0.7705191195807508,78.10818729980834
0.011681861757062706,1.7286219870582402,50.27447806815962
0.011556145072052194,7.588683044100858,66.07886518018665
0.016886326993792524,2.7136721671244595,56.39740204686169
0.010372595173982408,6.095299421533177,55.7229186813723
0.021283531739360633,1.6196821647079922,50.33880643692241
0.010301162467863608,7.661501980412709,51.93809341951671
0.01746345678596415,4.320783328942231,68.25216376839978
0.011350966922561143,5.65771114932235,66.85274859232528
0.01710990124171981,3.1902006612950613,52.10318962842006
0.010584836689333917,1.5577823076144464,53.15346812750547
0.010640342114868783,5.698693434395334,59.9961824469044
0.013712183471666967,7.578247103430517,60.842844333248024
0.015321367292899254,1.3085973658919734,85.29732096080443
0.014147006785592256,0.06525572158810977,51.72190773546413
0.01762404496844664,7.058576520725902,54.73864071387783
0.014671450495257785,4.95080291620543,78.10114018383089
0.011091232657750166,7.592819203306684,78.14246361899659
0.010236756897385995,3.3363953644530535,54.60191656548348
0.01857732587701197,5.937846174274846,73.52197369916111
0.010341414878211984,0.17125911020481954,58.570126293906675
0.012473530649873563,2.117468608371138,66.29776725636228
0.011866964005873023,2.8648993523427646,72.6787924592626
0.015022249481259995,4.22709516935051,59.16835653577132
0.010951533080479895,0.6574131514882124,50.22078253660812
0.012025220174194936,2.0890041693232426,83.46926877916748
0.010874112651179872,7.181761127886528,60.886817144704274
0.014553267767167314,2.365831722578797,53.15315565280993
0.012689228646790125,7.245625302853727,53.33445219213051
0.019723119392653345,7.359613076288792,53.45795850847517
0.01059172438098538,1.195874910241879,77.44480405475242
0.01343571410664704,3.5813501999142714,74.32851494326304
0.010269266931778478,0.49537765316097326,81.57679572874221
0.011681861757062706,1.7286219870582402,50.27447806815962
0.011556145072052194,7.588683044100858,66.07886518018665
0.016847707624862412,2.5260356970612765,55.97702809281361
0.010372595173982408,6.095299421533177,55.7229186813723
0.021283531739360633,1.6196821647079922,50.33880643692241
0.010301162467863608,7.661501980412709,51.93809341951671
0.017318092498336476,4.256597353831523,68.19522916677121
0.011262852400326123,3.3955387985588437,72.062640506707
0.015918128878788698,3.317075312139539,59.312274929095274
0.010584836689333917,1.5577823076144464,53.15346812750547
0.010736233932433024,5.143774291486503,62.27434037811684
0.013089849831511624,6.515491596207975,63.69360496586731
0.016801873093685735,3.3438241703258464,74.58832151336846
0.014147006785592256,0.06525572158810977,51.72190773546413
0.01784510899899026,6.942270033808614,56.643664228176064
0.014836964580198538,4.497457799896124,81.07892527921896
0.011091232657750166,7.592819203306684,78.14246361899659
0.010236756897385995,3.3363953644530535,54.60191656548348
0.01938659357842839,6.30874856164675,73.39502755700506
0.010341414878211984,0.17125911020481954,58.570126293906675
0.012396694289453534,2.040094028540747,65.81722478352343
0.01230429111829044,3.199766470382669,64.29413515850783
0.015022249481259995,4.22709516935051,59.16835653577132
0.010951533080479895,0.6574131514882124,50.22078253660812
0.011955791897741944,2.0492059463363868,83.56428327798697
0.013347457919376873,6.683031795945366,61.09995987324064
0.014553267767167314,2.365831722578797,53.15315565280993
0.012833563128864776,7.214265992727135,51.0937385075174
0.019308854169686217,7.0557249573579846,55.03960984828512
0.010799844213175489,2.047791701255977,93.13815458561803
0.012895461845417051,3.6767611343777133,73.89855581640633
0.010269266931778478,0.49537765316097326,81.57679572874221
0.01121464123965693,1.4014449844743195,50.089508571361975
0.011466261478043773,7.849689906595507,66.57694461353256
0.016847707624862412,2.5260356970612765,55.97702809281361
0.010098766867123705,6.071016613224506,55.184295642866665
0.021283531739360633,1.6196821647079922,50.33880643692241
0.010301162467863608,7.661501980412709,51.93809341951671
0.014942286405019432,3.4515200234253367,77.28656039607637
0.011262852400326123,3.3955387985588437,72.062640506707
0.014628436100960195,4.305227839854144,59.71486596612286
0.010584836689333917,1.5577823076144464,53.15346812750547
0.01036217339601304,6.3855573776158,55.321646881838845
0.013375375490228113,6.361582844342607,61.62941781747419
0.016618330405418415,3.0192861107922293,76.8613963824342
0.014367688419671249,0.3290415925192618,53.96678711508739
0.01762498212573645,5.820504910908004,61.46857932659681
0.013466127317723342,3.8469302296202654,90.72111458498873
0.011158771545683819,7.582364600547956,78.1038111052327
0.010236756897385995,3.3363953644530535,54.60191656548348
0.01938659357842839,6.30874856164675,73.39502755700506
0.010341414878211984,0.17125911020481954,58.570126293906675
0.012396694289453534,2.040094028540747,65.81722478352343
0.012397428928977435,2.6829784381794894,64.04042590450818
0.01667138842361695,5.656036321126584,59.37912339083435
0.010951533080479895,0.6574131514882124,50.22078253660812
0.011758482346665924,2.5860995336569164,80.06749787892085
0.013347457919376873,6.683031795945366,61.09995987324064
0.01449348529987078,1.7097008492725954,53.415258612763836
0.013197110909403125,6.565561650465698,55.60942929127272
0.020889838196888128,7.894744527654141,52.43836218968651
0.010799844213175489,2.047791701255977,93.13815458561803
0.012895461845417051,3.6767611343777133,73.89855581640633
0.010151320356438622,0.15027821731595892,79.00672209148958
0.01121464123965693,1.4014449844743195,50.089508571361975
0.011466261478043773,7.849689906595507,66.57694461353256
0.017317004665650317,2.577271442687564,54.93951711728272
0.010098766867123705,6.071016613224506,55.184295642866665
0.021283531739360633,1.6196821647079922,50.33880643692241
0.01286944255902155,7.488782362613448,52.8224002053266
0.014058362192459027,3.4298940887960288,73.02529587682471
0.011185016877805527,3.4101705202298525,72.64324660723979
0.015022866904458101,4.6407317149738265,60.82698242461464
0.010584836689333917,1.5577823076144464,53.15346812750547
0.01036217339601304,6.3855573776158,55.321646881838845
0.011275485148226034,6.811086641771938,63.06308073951366
0.016735751296305054,2.899953022161476,78.04147676073121
0.014367688419671249,0.3290415925192618,53.96678711508739
0.01762498212573645,5.820504910908004,61.46857932659681
0.013466127317723342,3.8469302296202654,90.72111458498873
0.011158771545683819,7.582364600547956,78.1038111052327
0.010236756897385995,3.3363953644530535,54.60191656548348
0.01979940189792897,5.288322245590333,68.37757359322504
0.010341414878211984,0.17125911020481954,58.570126293906675
0.012966961613588544,2.191897688206625,69.80303836028989
0.011533653843240513,2.1467759967849385,58.8523407513387
0.014764404585600605,6.064246435568769,60.681082815480266
0.011620326862887415,1.6057945690237165,52.055563430543295
0.011758482346665924,2.5860995336569164,80.06749787892085
0.01437452672340198,6.785376042421928,63.08795296633265
0.01449348529987078,1.7097008492725954,53.415258612763836
0.01319029509040908,6.436036588040333,56.02976979218219
0.016639090350144704,5.025856140582871,58.503382058942115
0.0107757436803181,1.9928657745679916,88.65620794227058
0.012867572346010943,3.758191910055719,73.7556814679554
0.010344528278998188,0.7775693264293595,67.48454147045935
0.01394223916099922,1.9270088651210417,52.257336395577845
0.011466261478043773,7.849689906595507,66.57694461353256
0.017317004665650317,2.577271442687564,54.93951711728272
0.010098766867123705,6.071016613224506,55.184295642866665
0.021283531739360633,1.6196821647079922,50.33880643692241
0.01286944255902155,7.488782362613448,52.8224002053266
0.013659974050580927,3.913935243723664,71.5991357143526
0.011476414837792855,3.4328414441695037,78.18730296117342
0.015022866904458101,4.6407317149738265,60.82698242461464
0.010372421782005904,1.626778626723106,53.10779859306672
0.01036217339601304,6.3855573776158,55.321646881838845
0.011527799461759053,6.122051048451784,64.06846734414687
0.019577824749346738,3.4339030266274104,84.25414688657827
0.014367688419671249,0.3290415925192618,53.96678711508739
0.023719377149802417,3.812514023180319,56.41356907905845
0.013525931384781566,3.6057702844296164,85.88970700158332
0.011158771545683819,7.582364600547956,78.1038111052327
0.010358268912228042,0.9283276429192551,54.089082015333936
0.018742513368595094,5.453589475058285,66.72041428628904
0.010341414878211984,0.17125911020481954,58.570126293906675
0.012953606195499878,2.1483133286099925,69.86675319117916
0.011533653843240513,2.1467759967849385,58.8523407513387
0.014621509065590566,6.097997040170498,60.25884294257182
0.011620326862887415,1.6057945690237165,52.055563430543295
0.011758482346665924,2.5860995336569164,80.06749787892085
0.01437452672340198,6.785376042421928,63.08795296633265
0.01449348529987078,1.7097008492725954,53.415258612763836
0.014014523078231249,4.474189313983556,55.114066219008286
0.015147850774872282,4.902007641143267,53.844099273969114
0.0107757436803181,1.9928657745679916,88.65620794227058
0.012867572346010943,3.758191910055719,73.7556814679554
0.010345612710470213,0.9887537917244287,70.58952956418022
0.01380637100554435,1.9394059160324733,52.62936020159684
0.011466261478043773,7.849689906595507,66.57694461353256
0.01975787394278708,1.082706415330251,51.09053036409492
0.010098766867123705,6.071016613224506,55.184295642866665
0.021283531739360633,1.6196821647079922,50.33880643692241
0.01286944255902155,7.488782362613448,52.8224002053266
0.013440821298359922,3.3693717560071557,71.03115214380084
0.011268670047004083,3.2567983269817393,79.37154225766575
0.014868247028047071,4.792207261779458,60.42222643161196
0.010372421782005904,1.626778626723106,53.10779859306672
0.01036217339601304,6.3855573776158,55.321646881838845
0.011527799461759053,6.122051048451784,64.06846734414687
0.01572048936748619,2.0713485284170834,73.52791420929503
0.015655080225104735,0.5692957480269929,53.29143453992952
0.023719377149802417,3.812514023180319,56.41356907905845
0.012946151974837818,4.335896138387629,79.55804025472904
0.011158771545683819,7.582364600547956,78.1038111052327
0.010358268912228042,0.9283276429192551,54.089082015333936
0.016763266588736586,6.0091689515957505,69.69131598941384
0.010341414878211984,0.17125911020481954,58.570126293906675
0.01232090673138867,0.6500469651872685,73.51140167433209
0.011533653843240513,2.1467759967849385,58.8523407513387
0.014621509065590566,6.097997040170498,60.25884294257182
0.011370049035591129,2.5566075518769975,52.7052681696554
0.011658352365310822,2.667518494068473,80.45852697962185
0.01437452672340198,6.785376042421928,63.08795296633265
0.01337118829436815,1.843367647719774,53.91085947528739
0.013600136272420123,3.9887482636048235,55.50396643896941
0.014352747591547473,5.804722440570515,53.487553780397704
0.01060558124325372,1.5555444480406764,75.28233516001612
0.01432317096912508,0.5006673924141243,70.05183751380288
0.010345612710470213,0.9887537917244287,70.58952956418022
0.01380637100554435,1.9394059160324733,52.62936020159684
0.011466261478043773,7.849689906595507,66.57694461353256
0.01975787394278708,1.082706415330251,51.09053036409492
0.010098766867123705,6.071016613224506,55.184295642866665
0.021283531739360633,1.6196821647079922,50.33880643692241
0.01286944255902155,7.488782362613448,52.8224002053266
0.013440821298359922,3.3693717560071557,71.03115214380084
0.011450197687510075,3.7227509711983737,84.07265091489329
0.014997418653221826,4.8429329534351355,57.38325651362266
0.010357311739003594,0.9174861855472525,55.76965761004444
0.01036217339601304,6.3855573776158,55.321646881838845
0.011527799461759053,6.122051048451784,64.06846734414687
0.016302755060680275,1.3679127354124292,72.94383867411757
0.015655080225104735,0.5692957480269929,53.29143453992952
0.017088807418764246,2.381210678308729,55.260021537127926
0.012946151974837818,4.335896138387629,79.55804025472904
0.010084591941231943,7.6411275833450265,93.9787372299586
0.010358623967210365,0.9323491861020982,53.46568729133548
0.016818446923978148,6.705095588486497,68.71042523669873
0.010341414878211984,0.17125911020481954,58.570126293906675
0.011749088060617717,0.6638959906644224,76.97917404779066
0.011559857887406128,1.6519423027094535,50.93352259332441
0.01308633173902534,4.237711041469897,57.812448472411425
0.011183160594984564,1.941848020924355,52.69066851776309
0.011658352365310822,2.667518494068473,80.45852697962185
0.013441954201985311,6.5680743463724,63.40916419647901
0.01337118829436815,1.843367647719774,53.91085947528739
0.014245496423579345,0.8974632370884796,57.8723678062646
0.014352747591547473,5.804722440570515,53.487553780397704
0.010531802126189108,1.0159985448845665,76.0285774951603
0.014321901967434086,0.5008398779018196,70.05383797681695
0.01144048041215035,1.051908683969355,68.56246549201633
0.012377873078191787,1.5161571098781659,53.92997813610313
0.011466261478043773,7.849689906595507,66.57694461353256
0.01975787394278708,1.082706415330251,51.09053036409492
0.010098766867123705,6.071016613224506,55.184295642866665
0.021283531739360633,1.6196821647079922,50.33880643692241
0.01286944255902155,7.488782362613448,52.8224002053266
0.013440821298359922,3.3693717560071557,71.03115214380084
0.01093875899763282,3.494276692932006,86.92647644567656
0.016160747522552095,5.827088196951233,57.78780456019897
0.010357311739003594,0.9174861855472525,55.76965761004444
0.01036217339601304,6.3855573776158,55.321646881838845
0.012006943255363455,6.2336978712036215,63.903433136269
0.01640528342509234,1.494335577571423,76.05485788000145
0.015655080225104735,0.5692957480269929,53.29143453992952
0.017088807418764246,2.381210678308729,55.260021537127926
0.01285435133137695,4.5152635582053655,81.14045860589863
0.010150227331233923,7.567053530157157,93.6745066793041
0.010358623967210365,0.9323491861020982,53.46568729133548
0.01708151689806942,6.730869357730654,68.9732485398515
0.010523882433528937,0.3595376761632436,59.303728995634
0.011749088060617717,0.6638959906644224,76.97917404779066
0.011559857887406128,1.6519423027094535,50.93352259332441
0.014144497983897483,2.280968014836688,51.84122081259609
0.011183160594984564,1.941848020924355,52.69066851776309
0.011346437433586314,3.1666379789016608,91.9587525508145
0.013441954201985311,6.5680743463724,63.40916419647901
0.01337118829436815,1.843367647719774,53.91085947528739
0.0127066872422628,2.8173162988430005,56.87485155429717
0.014352747591547473,5.804722440570515,53.487553780397704
0.010531802126189108,1.0159985448845665,76.0285774951603
0.013625620367214009,0.8644901872791906,64.27884821522336
0.011475906418823791,0.9293880120787239,70.74758435197242
0.012080999307727847,1.113951102615573,53.876856891735976
0.011466261478043773,7.849689906595507,66.57694461353256
0.01980309046120746,1.0613233047334552,51.04497242191573
0.010098766867123705,6.071016613224506,55.184295642866665
0.021283531739360633,1.6196821647079922,50.33880643692241
0.01286944255902155,7.488782362613448,52.8224002053266
0.011992027309707887,1.6301032729407074,79.92331496478756
0.010604958452009122,4.518235323119038,74.31259961704235
0.016118062981976277,6.583384319793434,54.599230733083985
0.010357311739003594,0.9174861855472525,55.76965761004444
0.01036133672283334,5.4445225612544945,55.39874787020132
0.012006943255363455,6.2336978712036215,63.903433136269
0.014786018306335587,1.6330993166304015,68.81013804227995
0.017282246730306802,0.6358126360122529,51.38486134686419
0.017098330073998542,2.2289145179360084,54.78627052814849
0.013098134836336919,3.3613233806213056,75.81082356376703
0.010105336559220532,7.798914981322782,94.0586691672111
0.01074772403698392,1.4070066958808836,53.467817483893356
0.01708151689806942,6.730869357730654,68.9732485398515
0.010523882433528937,0.3595376761632436,59.303728995634
0.012562325443994306,0.5157191440449194,89.37223705845574
0.011559857887406128,1.6519423027094535,50.93352259332441
0.01554614949242364,2.7855976367487965,50.387291956914105
0.011183160594984564,1.941848020924355,52.69066851776309
0.010912995886124035,4.168900800903686,75.87245311866756
0.013441954201985311,6.5680743463724,63.40916419647901
0.013386935223440498,1.8705406041977728,53.914805681286836
0.012706691894490573,2.817449828884256,56.87473571828586
0.014436747690672685,5.947075998057368,52.98358286512337
0.010565803346970314,1.0808670982122246,75.8811365894886
0.013625620367214009,0.8644901872791906,64.27884821522336
0.011475906418823791,0.9293880120787239,70.74758435197242
0.012396456959747807,1.0630037494512026,56.00125351256862
0.011122114416561392,6.186802333692273,68.53538638227829
0.01967559936927285,1.1129635832798264,51.02527555478932
0.010098766867123705,6.071016613224506,55.184295642866665
0.021283531739360633,1.6196821647079922,50.33880643692241
0.01286944255902155,7.488782362613448,52.8224002053266
0.011992027309707887,1.6301032729407074,79.92331496478756
0.010694353869305423,4.11990193609393,70.96964840723679
0.013772002851452391,6.383685646457978,54.82726361806248
0.010317734485204125,0.8864721418186311,51.951963863928796
0.01036133672283334,5.4445225612544945,55.39874787020132
0.012006943255363455,6.2336978712036215,63.903433136269
0.017411235387250312,0.037563608864097375,67.42459345920267
0.017282246730306802,0.6358126360122529,51.38486134686419
0.01795265249860895,2.2703752650238997,55.088936376841865
0.013098134836336919,3.3613233806213056,75.81082356376703
0.010105336559220532,7.798914981322782,94.0586691672111
0.0100206016267577,1.2792996391790377,53.34466889423169
0.01475542453743043,6.2856191741951335,64.2746331033907
0.01053159228098811,0.4922003343753135,62.352548148773124
0.011779548291221876,2.026059013376926,81.66059618381202
0.011559857887406128,1.6519423027094535,50.93352259332441
0.01554614949242364,2.7855976367487965,50.387291956914105
0.01140892104904312,1.9855073794187268,52.57148156806667
0.010912995886124035,4.168900800903686,75.87245311866756
0.013441954201985311,6.5680743463724,63.40916419647901
0.01327679946956611,1.5152159394376268,53.081048784921066
0.012291522900541509,0.6996437184202131,53.18504284314418
0.014436747690672685,5.947075998057368,52.98358286512337
0.010565803346970314,1.0808670982122246,75.8811365894886
0.015741255026510685,1.1190545590812109,65.59601375839681
0.011521550654139102,0.2511062676885869,71.03298957325237
0.012396456959747807,1.0630037494512026,56.00125351256862
0.010829361536387291,6.748575217313246,72.0069952258525
0.01967559936927285,1.1129635832798264,51.02527555478932
0.010098766867123705,6.071016613224506,55.184295642866665
0.021283531739360633,1.6196821647079922,50.33880643692241
0.01286944255902155,7.488782362613448,52.8224002053266
0.013241922122047955,2.1114354223634058,83.4657444245631
0.010772979210882678,5.872338002393641,75.13231638210503
0.012151387221450483,7.830568835578086,55.87095982287967
0.010317734485204125,0.8864721418186311,51.951963863928796
0.01036133672283334,5.4445225612544945,55.39874787020132
0.011863537011515355,4.764062755856747,59.743229543591625
0.017411235387250312,0.037563608864097375,67.42459345920267
0.017282246730306802,0.6358126360122529,51.38486134686419
0.01798614378345762,2.277652982854994,55.083437169182375
0.013382661366750918,3.6494486758512386,74.54855108460488
0.010105336559220532,7.798914981322782,94.0586691672111
0.010130818482387362,1.7439841826789846,56.227879813300405
0.01475542453743043,6.2856191741951335,64.2746331033907
0.01053159228098811,0.4922003343753135,62.352548148773124
0.011779548291221876,2.026059013376926,81.66059618381202
0.011561143002004972,1.6541307590015801,51.11326558694201
0.01353300298851772,1.8648892737428548,55.19086935275041
0.01140892104904312,1.9855073794187268,52.57148156806667
0.010912995886124035,4.168900800903686,75.87245311866756
0.014644987842161884,5.391209166990113,70.43608614996644
0.012393043606999181,1.185879763198197,56.06579323396723
0.012291522900541509,0.6996437184202131,53.18504284314418
0.014436747690672685,5.947075998057368,52.98358286512337
0.010565803346970314,1.0808670982122246,75.8811365894886
0.015741255026510685,1.1190545590812109,65.59601375839681
0.011531124671979861,0.5903784309954765,66.2161044146853
0.013076199383179034,1.0676691092711248,55.536585681433
0.010829361536387291,6.748575217313246,72.0069952258525
0.018054525651535244,1.1072520647949486,55.4483365054894
0.010720434635653675,6.053254919755758,54.868915686761696
0.022853044171907713,1.6141210316893322,50.213783328168766
0.012922817387937033,7.0894911137462655,55.081922983347944
0.016356232758043193,1.920991907509803,70.63652487494011
0.010772979210882678,5.872338002393641,75.13231638210503
0.012151387221450483,7.830568835578086,55.87095982287967
0.01029964460007325,0.6792024694746575,51.24286685118422
0.01036133672283334,5.4445225612544945,55.39874787020132
0.01190842647200154,4.731126397138442,60.18072032175608
0.017411235387250312,0.037563608864097375,67.42459345920267
0.017282246730306802,0.6358126360122529,51.38486134686419
0.016397449472230242,3.372878828972187,58.89956487621325
0.013382661366750918,3.6494486758512386,74.54855108460488
0.01236081289230901,5.40283138566681,85.83620006010743
0.010130818482387362,1.7439841826789846,56.227879813300405
0.01420390442936347,5.095036912530448,62.3582020174598
0.01026532964273611,0.370425671021702,62.98787855715697
0.011794128092857094,1.9939135410301339,80.96811530967967
0.011561143002004972,1.6541307590015801,51.11326558694201
0.01353300298851772,1.8648892737428548,55.19086935275041
0.011665202559956766,0.6490501823311252,51.50602711382831
0.01085589794552165,4.727646339215588,69.64451925452018
0.01612237489251274,6.952316187891334,68.46401378664484
0.012393043606999181,1.185879763198197,56.06579323396723
0.012378367223002704,0.7057860841625057,53.219149057062474
0.014436747690672685,5.947075998057368,52.98358286512337
0.010565803346970314,1.0808670982122246,75.8811365894886
0.015935775570828835,1.3727113689573236,67.19035273322173
0.010582865254886591,0.6795284294187136,66.02121673783569
0.012854817118219248,1.1185026577392472,55.58854509375386
0.010829361536387291,6.748575217313246,72.0069952258525
0.0177873200138671,1.1063106209098827,56.17740071080284
0.010720434635653675,6.053254919755758,54.868915686761696
0.022853044171907713,1.6141210316893322,50.213783328168766
0.011789651113022567,4.200764116493536,65.08142531705232
0.018104106177739866,0.9050002782770958,68.33702513901542
0.010952404359698365,4.912064933640609,69.66438977614277
0.012151387221450483,7.830568835578086,55.87095982287967
0.01029964460007325,0.6792024694746575,51.24286685118422
0.010769621431710563,5.319327956773322,55.229280105509204
0.010556833325008995,5.883953507313325,58.4014891252802
0.017411235387250312,0.037563608864097375,67.42459345920267
0.017282246730306802,0.6358126360122529,51.38486134686419
0.02194274701443269,0.9887714178531111,59.37245646296711
0.013382661366750918,3.6494486758512386,74.54855108460488
0.01236081289230901,5.40283138566681,85.83620006010743
0.010130818482387362,1.7439841826789846,56.227879813300405
0.014062618474113995,4.8463391466499175,64.45541926188565
0.01026532964273611,0.370425671021702,62.98787855715697
0.011794128092857094,1.9939135410301339,80.96811530967967
0.011561143002004972,1.6541307590015801,51.11326558694201
0.014116297813985988,2.0992562454692743,53.0495165895462
0.011936578671178576,0.9198611959105611,53.498673767061035
0.010848816534046497,4.776210436339227,68.46134395665867
0.016583784605568357,6.479556470213695,67.74328102796977
0.012238573574823854,1.22122724314217,55.71614652592981
0.012378367223002704,0.7057860841625057,53.219149057062474
0.014436747690672685,5.947075998057368,52.98358286512337
0.010565803346970314,1.0808670982122246,75.8811365894886
0.015935775570828835,1.3727113689573236,67.19035273322173
0.010582865254886591,0.6795284294187136,66.02121673783569
0.013125292503434617,1.1178341034722254,55.62083518120583
0.011021147082899668,6.2397356378052455,70.62384555705901
0.02194319721798481,1.0202408435365782,56.52286896625051
0.010699042613648553,5.916701809313982,51.50318901909179
0.016826909894561034,1.3525928454317218,62.80203804707093
0.011789651113022567,4.200764116493536,65.08142531705232
0.016268565693962615,1.9334449174926154,68.6777037061832
0.011137593329933864,7.033137010979352,71.49011120743072
0.011249759890536906,5.068719235150626,55.13159368590898
0.01029964460007325,0.6792024694746575,51.24286685118422
0.010769621431710563,5.319327956773322,55.229280105509204
0.010478272374467827,5.8658622999217895,62.212330306224416
0.017411235387250312,0.037563608864097375,67.42459345920267
0.017282246730306802,0.6358126360122529,51.38486134686419
0.02245456335757804,1.0158732545751425,59.213994017353045
0.01278218479623712,2.3405697506186054,86.83336862354716
0.013444332306787515,4.450702176426592,95.62052123150815
0.01000117926889468,1.2440881788915412,54.10771364227201
0.014062618474113995,4.8463391466499175,64.45541926188565
0.01026532964273611,0.370425671021702,62.98787855715697
0.011794128092857094,1.9939135410301339,80.96811530967967
0.01138783429507161,1.482441474205891,52.70143706586801
0.014116297813985988,2.0992562454692743,53.0495165895462
0.011936578671178576,0.9198611959105611,53.498673767061035
0.010574451950513299,5.506346606556946,71.19542690399359
0.016583784605568357,6.479556470213695,67.74328102796977
0.012238573574823854,1.22122724314217,55.71614652592981
0.012378367223002704,0.7057860841625057,53.219149057062474
0.013071783087341915,5.935983712380667,52.44296097089125
0.01088635137076532,1.0596264921061278,74.71203083348041
0.015848094857322706,0.6817151046483962,67.11553719084164
0.010582865254886591,0.6795284294187136,66.02121673783569
0.013125292503434617,1.1178341034722254,55.62083518120583
0.011087498045872859,6.285430999208664,71.65191359612594
0.02296036209488246,0.3526277922252712,57.00246154837071
0.010699042613648553,5.916701809313982,51.50318901909179
0.013957897862201767,1.2280805994974093,68.79524241204827
0.01171472462670158,4.645573455481105,66.59114904443575
0.016268565693962615,1.9334449174926154,68.6777037061832
0.011097821120501615,6.7293404014349045,71.10243878386034
0.01132567812031728,4.975291682153359,56.422382545100994
0.01029964460007325,0.6792024694746575,51.24286685118422
0.010769621431710563,5.319327956773322,55.229280105509204
0.010264109737509268,5.718370256756047,58.894009782250244
0.017411235387250312,0.037563608864097375,67.42459345920267
0.017282246730306802,0.6358126360122529,51.38486134686419
0.02046010657463554,1.0524227418896122,58.39620381212352
0.013250388314922975,2.6066779219127123,89.14699274159167
0.013444332306787515,4.450702176426592,95.62052123150815
0.01000117926889468,1.2440881788915412,54.10771364227201
0.01436427767468746,5.587936296088182,66.46790064503912
0.01026532964273611,0.370425671021702,62.98787855715697
0.011681592688071042,1.831191541418498,80.00158543231778
0.010748529838837718,1.6357961726380037,51.13876850901074
0.014385514749053953,1.8217990745163108,52.72412913635447
0.011936578671178576,0.9198611959105611,53.498673767061035
0.010574451950513299,5.506346606556946,71.19542690399359
0.016583784605568357,6.479556470213695,67.74328102796977
0.012238573574823854,1.22122724314217,55.71614652592981
0.012378367223002704,0.7057860841625057,53.219149057062474
0.013071783087341915,5.935983712380667,52.44296097089125
0.010899112555880764,0.8776915000781846,74.8559106575776
0.015401076032900606,0.649129552589297,68.23087423489088
0.010582865254886591,0.6795284294187136,66.02121673783569
0.01181308481597201,1.4485756196311643,52.006932062751694
0.01030794955749831,7.2030403721298075,72.39474595717193
0.0207545866273547,1.2963487815093897,65.9114734312201
0.010699042613648553,5.916701809313982,51.50318901909179
0.013031186186870465,1.5475587816611023,69.16305945227946
0.011399778782110407,5.218133771419945,67.89044611854698
0.015293910249749878,3.181119799812894,85.30479087376841
0.011097821120501615,6.7293404014349045,71.10243878386034
0.01132567812031728,4.975291682153359,56.422382545100994
0.01029964460007325,0.6792024694746575,51.24286685118422
0.01076238590997603,5.288242687537107,54.879338930866496
0.010289727478994651,5.698008303816347,58.924586310223205
0.017411235387250312,0.037563608864097375,67.42459345920267
0.017282246730306802,0.6358126360122529,51.38486134686419
0.019867109815305605,0.9746822326188018,57.0878694096888
0.013250388314922975,2.6066779219127123,89.14699274159167
0.013467775186554109,4.413944839165526,95.34252417499138
0.01000117926889468,1.2440881788915412,54.10771364227201
0.01436427767468746,5.587936296088182,66.46790064503912
0.01026532964273611,0.370425671021702,62.98787855715697
0.011681592688071042,1.831191541418498,80.00158543231778
0.010748529838837718,1.6357961726380037,51.13876850901074
0.014385514749053953,1.8217990745163108,52.72412913635447
0.0112762986487627,0.8314017267007809,52.905084173540324
0.010529470908520277,5.171914439340097,69.85466329805998
0.016416551008420675,6.314758919624503,67.952522762188
0.012151409849287063,1.316682512697577,59.516652758231366
0.012378367223002704,0.7057860841625057,53.219149057062474
0.013071783087341915,5.935983712380667,52.44296097089125
0.010570969609184341,0.477829190009351,72.6980068158554
0.016363448657706083,0.7192819523375443,65.8297005482747
0.010582865254886591,0.6795284294187136,66.02121673783569
0.01209099472533297,0.43298350210964553,51.247180312930574
0.01030794955749831,7.2030403721298075,72.39474595717193
0.024073268276185986,2.54584575393889,64.40951826446711
0.010699042613648553,5.916701809313982,51.50318901909179
0.013031186186870465,1.5475587816611023,69.16305945227946
0.011929547058166727,7.481930246763652,70.1798610205493
0.015293910249749878,3.181119799812894,85.30479087376841
0.011097821120501615,6.7293404014349045,71.10243878386034
0.01132567812031728,4.975291682153359,56.422382545100994
0.01029964460007325,0.6792024694746575,51.24286685118422
0.01076238590997603,5.288242687537107,54.879338930866496
0.010289727478994651,5.698008303816347,58.924586310223205
0.017411235387250312,0.037563608864097375,67.42459345920267
0.017282246730306802,0.6358126360122529,51.38486134686419
0.017186059966404387,1.6359556133914182,70.07800474482922
0.011095145279870586,3.138262535589263,99.58950604171676
0.013467775186554109,4.413944839165526,95.34252417499138
0.01000117926889468,1.2440881788915412,54.10771364227201
0.01543550580118383,5.490824238913573,70.8420732350611
0.01026532964273611,0.370425671021702,62.98787855715697
0.011849184545254807,2.326037242874741,76.67930593927656
0.010748529838837718,1.6357961726380037,51.13876850901074
0.014385514749053953,1.8217990745163108,52.72412913635447
0.010863371885210351,0.19535452269692044,51.09145465623707
0.010529470908520277,5.171914439340097,69.85466329805998
0.02146669165020066,7.29513038717356,66.32080091305828
0.012151409849287063,1.316682512697577,59.516652758231366
0.012438781773910784,0.9114269031896205,55.55515620555637
0.013071783087341915,5.935983712380667,52.44296097089125
0.010570969609184341,0.477829190009351,72.6980068158554
0.015508091592967784,0.6836273864206068,66.84392161658582
0.010582865254886591,0.6795284294187136,66.02121673783569
0.012448736348335786,1.4673935696135638,62.704882048535886
0.01030794955749831,7.2030403721298075,72.39474595717193
0.020409240367799543,2.295600912017218,60.76033612871021
0.01069790306691575,5.920311045897993,51.49690154840374
0.014614062388943479,1.2080714322024737,62.54337328002516
0.011929547058166727,7.481930246763652,70.1798610205493
0.015741456798496152,2.878980816399098,82.84475766662098
0.011097821120501615,6.7293404014349045,71.10243878386034
0.011161117774955572,4.942112907705075,55.87835102719809
0.01029964460007325,0.6792024694746575,51.24286685118422
0.01076238590997603,5.288242687537107,54.879338930866496
0.010289727478994651,5.698008303816347,58.924586310223205
0.017411235387250312,0.037563608864097375,67.42459345920267
0.017282246730306802,0.6358126360122529,51.38486134686419
0.015626799184788348,1.3342772523581623,64.610235921013
0.010894419129981474,2.174859305591998,86.43647812394384
0.013467775186554109,4.413944839165526,95.34252417499138
0.01000117926889468,1.2440881788915412,54.10771364227201
0.015155664745909455,5.454900509709725,69.86240929538457
0.01026532964273611,0.370425671021702,62.98787855715697
0.011866527738383165,3.1970271627123044,75.67182457667924
0.010748529838837718,1.6357961726380037,51.13876850901074
0.014385514749053953,1.8217990745163108,52.72412913635447
0.010863371885210351,0.19535452269692044,51.09145465623707
0.010529470908520277,5.171914439340097,69.85466329805998
0.02146669165020066,7.29513038717356,66.32080091305828
0.012151409849287063,1.316682512697577,59.516652758231366
0.012438781773910784,0.9114269031896205,55.55515620555637
0.013071783087341915,5.935983712380667,52.44296097089125
0.010570969609184341,0.477829190009351,72.6980068158554
0.015979032038334774,0.25906885151560033,66.55912787184691
0.010938749209505043,0.8303639386970146,65.38579616411769
0.012442394839026356,1.4676591900271785,62.701080103784676
0.010465411996072722,7.064052391274425,73.53829422287872
0.029655855364034017,3.229774271921344,66.67058571917991
0.01069790306691575,5.920311045897993,51.49690154840374
0.014167827710179793,1.3240541343272445,65.40975890423914
0.011953420101238354,7.560835580089883,70.62417069421743
0.016233306320035834,0.7161572289418938,93.74514767133017
0.011097821120501615,6.7293404014349045,71.10243878386034
0.011269855628469624,6.675645882340867,57.62654253646765
0.010566437249173282,0.6594664394661838,51.96235744703288
0.01076238590997603,5.288242687537107,54.879338930866496
0.010289727478994651,5.698008303816347,58.924586310223205
0.014939294625620304,2.657647627175188,68.86460917635179
0.017282246730306802,0.6358126360122529,51.38486134686419
0.015626799184788348,1.3342772523581623,64.610235921013
0.010894419129981474,2.174859305591998,86.43647812394384
0.013467775186554109,4.413944839165526,95.34252417499138
0.01000117926889468,1.2440881788915412,54.10771364227201
0.013846313054774007,3.5307641929918567,66.40654282813341
0.01026532964273611,0.370425671021702,62.98787855715697
0.011840880793108221,3.3148784238047897,75.51937267286775
0.010748529838837718,1.6357961726380037,51.13876850901074
0.016232187632942582,2.6853790438812277,50.03861397377016
0.011150907501630385,0.4456745783212068,52.972256773319344
0.010534779582375565,4.523889390143513,67.28517942153084
0.01842821328743998,6.817960394026608,61.04573913065354
0.012151409849287063,1.316682512697577,59.516652758231366
0.012850188711812552,1.0602098565562241,56.380254407450956
0.01296662774748838,5.9602597874959224,51.56395327815964
0.010570969609184341,0.477829190009351,72.6980068158554
0.017289482316839,0.1621280770661706,70.09317071332538
0.010187035045561725,0.5117623628781093,66.72796020137221
0.012442394839026356,1.4676591900271785,62.701080103784676
0.010099888592773748,7.3866903501417,70.88373318786557
0.02697052781958468,3.2426023858369586,68.00440133856797
0.01069790306691575,5.920311045897993,51.49690154840374
0.015242202798723995,1.2346355907186062,67.09637162312787
0.011953420101238354,7.560835580089883,70.62417069421743
0.01623324119634957,0.8307942748452488,91.20079849149027
0.011097821120501615,6.7293404014349045,71.10243878386034
0.010492315278603604,7.003469252515466,60.40470450657643
0.010566437249173282,0.6594664394661838,51.96235744703288
0.01076238590997603,5.288242687537107,54.879338930866496
0.010289727478994651,5.698008303816347,58.924586310223205
0.014308551153358051,2.2171710577266612,65.50735765294075
0.017282246730306802,0.6358126360122529,51.38486134686419
0.015626799184788348,1.3342772523581623,64.610235921013
0.011238288595147562,3.161188979553594,99.25382375664847
0.013467775186554109,4.413944839165526,95.34252417499138
0.01000117926889468,1.2440881788915412,54.10771364227201
0.012859199493130906,4.093303700187433,62.71687742406863
0.010471073953274566,3.010110118088412,57.52244076110462
0.012206605467044744,4.131926827745684,76.33190438467078
0.010748529838837718,1.6357961726380037,51.13876850901074
0.016232187632942582,2.6853790438812277,50.03861397377016
0.011150907501630385,0.4456745783212068,52.972256773319344
0.010534779582375565,4.523889390143513,67.28517942153084
0.018789465127751964,7.497780602375072,62.85643938878804
0.012151409849287063,1.316682512697577,59.516652758231366
0.012850188711812552,1.0602098565562241,56.380254407450956
0.01296662774748838,5.9602597874959224,51.56395327815964
0.010772705696362501,2.871587931614079,72.08704975359616
0.017179544225413856,0.2396316258260751,69.73063417533098
0.010169056614677086,0.5826026095701521,65.50716290048248
0.013771500286126424,0.42770676767513915,66.19262620805976
0.010099888592773748,7.3866903501417,70.88373318786557
0.021358218463828994,4.068731667662902,64.94946813442725
0.01069790306691575,5.920311045897993,51.49690154840374
0.013854395775377249,1.358528334593696,62.16809271292606
0.011953420101238354,7.560835580089883,70.62417069421743
0.014061104188862148,2.238526592009364,82.08465368647101
0.011097821120501615,6.7293404014349045,71.10243878386034
0.010492315278603604,7.003469252515466,60.40470450657643
0.010539347956077675,0.6021147018846174,51.559865926707275
0.01076238590997603,5.288242687537107,54.879338930866496
0.010173579533294846,6.254508321359181,54.96189551380559
0.013647614285856022,2.4203902405452573,72.77197531119344
0.017282246730306802,0.6358126360122529,51.38486134686419
0.01716725166027705,1.6401046239402013,68.6156397727661
0.011238288595147562,3.161188979553594,99.25382375664847
0.013467775186554109,4.413944839165526,95.34252417499138
0.01000117926889468,1.2440881788915412,54.10771364227201
0.012201301900446276,5.077116206411592,57.41361100269222
0.010315476999276022,3.086065379900176,57.308789996841355
0.011647526740747826,4.135787466260406,77.02726573388628
0.01107577106611012,3.2450026106324374,56.430891056568676
0.016232187632942582,2.6853790438812277,50.03861397377016
0.011150907501630385,0.4456745783212068,52.972256773319344
0.010626440811977902,3.9205017312259436,66.52671840279515
0.018789465127751964,7.497780602375072,62.85643938878804
0.011466551889305392,1.6924776543546098,56.69453032989275
0.01282553541409382,1.074989509105713,56.61426652406
0.012380244294858175,6.201577502897887,57.694627487331914
0.010786798416323877,2.297212386166677,75.96620740841588
0.019107343051224447,0.1332447822055689,71.73194863210409
0.010169056614677086,0.5826026095701521,65.50716290048248
0.013026412722507192,0.43281537987046154,62.43380762680079
0.010099888592773748,7.3866903501417,70.88373318786557
0.0187107312976033,4.1960868971662695,74.37145955699214
0.01069790306691575,5.920311045897993,51.49690154840374
0.013854395775377249,1.358528334593696,62.16809271292606
0.011953420101238354,7.560835580089883,70.62417069421743
0.01385689890730333,2.719992019304522,79.1215440394451
0.011118696164965542,6.958368610965018,71.83291627735532
0.010492315278603604,7.003469252515466,60.40470450657643
0.010539347956077675,0.6021147018846174,51.559865926707275
0.01066712798038818,5.234466421119261,54.71357747634908
0.010174798930564458,7.783677188402474,52.11884850249217
0.014908472926190727,1.028843737824248,79.23592705520859
0.01796143321881104,0.5790719819528455,51.13087050018756
0.018771617778921786,1.728766213184856,71.8637265718272
0.011238288595147562,3.161188979553594,99.25382375664847
0.013342894700149452,4.4543023365181025,93.47474777086538
0.01000117926889468,1.2440881788915412,54.10771364227201
0.013003000572038669,7.235781778167981,60.237359318437846
0.010315476999276022,3.086065379900176,57.308789996841355
0.011308827408932177,4.974732587608294,71.29880442927617
0.011034057119011422,4.799122401426127,58.351041866574825
0.015276604089727672,3.0739530440215566,51.56670552076704
0.012662395061780324,0.7001622801313534,56.71918068912287
0.010675040046305545,2.502612741956736,68.63645392935311
0.018789465127751964,7.497780602375072,62.85643938878804
0.011466551889305392,1.6924776543546098,56.69453032989275
0.01282553541409382,1.074989509105713,56.61426652406
0.012380244294858175,6.201577502897887,57.694627487331914
0.010786798416323877,2.297212386166677,75.96620740841588
0.01816968629765029,0.4481645226977067,70.19371180930486
0.01022533251777952,0.9538648407593859,65.92003943884036
0.012637627154178254,3.0155650928418023,65.40148410179874
0.010099888592773748,7.3866903501417,70.88373318786557
0.016513456858093543,3.0308058003684173,67.74170123781185
0.01069790306691575,5.920311045897993,51.49690154840374
0.014626125144039725,0.0906153441631492,62.15970230409315
0.011953420101238354,7.560835580089883,70.62417069421743
0.014262104600716093,2.9548400114749627,80.61743901327013
0.0111215860927951,6.866610503249111,72.49553717665096
0.010526870194724694,6.825487453969336,62.20427029169571
0.010539347956077675,0.6021147018846174,51.559865926707275
0.010575302398175872,5.343413119168267,53.803286495746484
0.010174798930564458,7.783677188402474,52.11884850249217
0.015170583744516655,0.9114432313438203,80.48725406036317
0.01796143321881104,0.5790719819528455,51.13087050018756
0.018771617778921786,1.728766213184856,71.8637265718272
0.011238288595147562,3.161188979553594,99.25382375664847
0.013523022217171606,3.3641109151607913,82.44996148015368
0.01000117926889468,1.2440881788915412,54.10771364227201
0.013003000572038669,7.235781778167981,60.237359318437846
0.010981392071150831,4.1142828517834,58.03443142750483
0.011963074181082476,3.669442725450749,71.52343037086702
0.011686986834130005,7.903619185398413,52.240156379643224
0.015276604089727672,3.0739530440215566,51.56670552076704
0.012662395061780324,0.7001622801313534,56.71918068912287
0.010559783625269874,2.6205809967317433,70.37538353164271
0.01878829606816671,7.11989133527414,63.446446090547035
0.011693769830041608,1.4644594492244263,50.468393143642814
0.013343028370224573,1.7521649647774715,65.26088988451482
0.01262338854241861,6.9359266262398265,58.48281956548998
0.010777074769725887,2.3843831208659916,75.58731282485445
0.01816968629765029,0.4481645226977067,70.19371180930486
0.01022533251777952,0.9538648407593859,65.92003943884036
0.013286923837904176,2.5848328830593914,68.28960241258206
0.010099888592773748,7.3866903501417,70.88373318786557
0.017612961965588744,4.743676092079177,70.99361307289345
0.01069790306691575,5.920311045897993,51.49690154840374
0.014626125144039725,0.0906153441631492,62.15970230409315
0.011953420101238354,7.560835580089883,70.62417069421743
0.014262104600716093,2.9548400114749627,80.61743901327013
0.0111215860927951,6.866610503249111,72.49553717665096
0.010595529061416616,6.415940092201678,61.57438551485196
0.010544458466140424,0.6571003972762322,51.74362571818445
0.01167183094095831,3.9206183247149067,58.34260479334716
0.010163612868840264,7.823523420225861,52.132148219573615
0.01386593632645047,2.284176129755425,77.38304808631781
0.01796143321881104,0.5790719819528455,51.13087050018756
0.023045892649491598,1.2448426905788514,67.05479279156755
0.011238288595147562,3.161188979553594,99.25382375664847
0.013523022217171606,3.3641109151607913,82.44996148015368
0.01000117926889468,1.2440881788915412,54.10771364227201
0.012840508456603231,7.533223416443958,60.85704206735615
0.010981392071150831,4.1142828517834,58.03443142750483
0.01184842724213334,4.1200958528578715,71.5317047803264
0.011686986834130005,7.903619185398413,52.240156379643224
0.015276604089727672,3.0739530440215566,51.56670552076704
0.013219889713362952,1.4338963656346506,66.29093023616157
0.011311691592212333,2.5377346439714397,70.17541902487969
0.017725486450869715,6.962306225617322,61.876671808908924
0.011693769830041608,1.4644594492244263,50.468393143642814
0.012990616406040762,3.225274377354909,66.62104610033494
0.01262338854241861,6.9359266262398265,58.48281956548998
0.010777074769725887,2.3843831208659916,75.58731282485445
0.018362574241607442,0.19476232130471072,70.5654124435734
0.01022533251777952,0.9538648407593859,65.92003943884036
0.013922536782150371,1.6800598805258442,69.87550085487167
0.010099888592773748,7.3866903501417,70.88373318786557
0.01942833515099294,3.7756538119041947,76.7385785274118
0.01069790306691575,5.920311045897993,51.49690154840374
0.014626125144039725,0.0906153441631492,62.15970230409315
0.011953420101238354,7.560835580089883,70.62417069421743
0.013325032584983368,4.755675117386437,70.29109286182276
0.011117612513580592,6.992775629538171,71.58444984581544
0.010540984459008387,6.711313230469763,60.91931081751606
0.010879967869465653,1.8679807424633657,74.71771913000939
0.01167183094095831,3.9206183247149067,58.34260479334716
0.010163612868840264,7.823523420225861,52.132148219573615
0.013627073857669047,2.9001950169202013,74.62681476997577
0.01796143321881104,0.5790719819528455,51.13087050018756
0.02671799824460924,1.1741908637411658,67.34025820225796
0.011238288595147562,3.161188979553594,99.25382375664847
0.013344930353412835,3.4807405526006048,82.88730391953035
0.010732247246608637,2.41532304114175,55.96087870440072
0.012840508456603231,7.533223416443958,60.85704206735615
0.011204234665600282,5.633883400437835,59.88907909836578
0.011581391470198345,4.643122453067295,72.55212954972136
0.011686986834130005,7.903619185398413,52.240156379643224
0.015276604089727672,3.0739530440215566,51.56670552076704
0.01329739400934137,0.1878568194203547,67.40102639785849
0.011311691592212333,2.5377346439714397,70.17541902487969
0.01754318613371911,7.202354807074949,61.763365456471476
0.011693769830041608,1.4644594492244263,50.468393143642814
0.0132739951323466,3.6100365387613067,70.15062184664174
0.01262338854241861,6.9359266262398265,58.48281956548998
0.012053094320069627,3.225081635820908,73.0694646047255
0.018362574241607442,0.19476232130471072,70.5654124435734
0.01022533251777952,0.9538648407593859,65.92003943884036
0.01400062393875802,1.4468522410407054,69.8458116548567
0.010074275396498036,7.153438566185945,80.92955396070803
0.017084497664971412,3.0569954531265693,73.98329327211148
0.01069790306691575,5.920311045897993,51.49690154840374
0.014626125144039725,0.0906153441631492,62.15970230409315
0.011953420101238354,7.560835580089883,70.62417069421743
0.015255171880379045,3.95641729976629,79.75797102715747
0.010272766156249964,7.784525500998044,74.10937455509665
0.010605148011757236,6.454577909193887,57.763965557020555
0.010879967869465653,1.8679807424633657,74.71771913000939
0.013046274061342313,3.701317825536788,62.31425828206747
0.010148106795777097,7.825799227792297,51.97194177589232
0.015412864760705584,0.37182983402297953,86.25580273753671
0.016163823856567224,2.7197699557877293,53.60667077382988
0.021381392032295374,2.1482995223857806,64.14895159844336
0.011238288595147562,3.161188979553594,99.25382375664847
0.013344930353412835,3.4807405526006048,82.88730391953035
0.01065029310906461,2.496368673288395,56.42902362877453
0.012840508456603231,7.533223416443958,60.85704206735615
0.011204234665600282,5.633883400437835,59.88907909836578
0.01152031951070238,4.476971718199053,72.25344435030371
0.011686986834130005,7.903619185398413,52.240156379643224
0.015276604089727672,3.0739530440215566,51.56670552076704
0.013580900045010266,0.4026431558379664,67.8937809028639
0.011311691592212333,2.5377346439714397,70.17541902487969
0.018665806520805846,7.480129134029368,62.09529922934077
0.01168501605510972,1.489049202224154,50.919899803957534
0.013550408063903991,3.8111732413616766,69.62330757233215
0.012162538773736065,7.457666453408477,54.75734243810841
0.012052086386683206,3.226943672288408,73.07287913859948
0.018362574241607442,0.19476232130471072,70.5654124435734
0.010227597793194106,0.9595639063572232,65.91565385112541
0.013896690480863557,1.5259682064900664,68.63812307176633
0.010074558198983051,7.152383680575257,80.92709618126845
0.01579368012215827,3.3324570371112703,72.39081920863846
0.01069790306691575,5.920311045897993,51.49690154840374
0.014626125144039725,0.0906153441631492,62.15970230409315
0.012259882208233722,7.812287834681202,73.5472939966176
0.015255171880379045,3.95641729976629,79.75797102715747
0.010286686572920702,7.783163125292844,74.03753012192938
0.010605148011757236,6.454577909193887,57.763965557020555
0.010879967869465653,1.8679807424633657,74.71771913000939
0.013046274061342313,3.701317825536788,62.31425828206747
0.010312961716242141,7.331199236557946,54.06112670360578
0.014947342729926573,1.2314955273409907,82.09850182443368
0.016155967472402943,2.7194752112788874,53.633498247668086
0.021381392032295374,2.1482995223857806,64.14895159844336
0.011238288595147562,3.161188979553594,99.25382375664847
0.013898883465403565,3.330722859121213,77.12244347708908
0.01065029310906461,2.496368673288395,56.42902362877453
0.012840508456603231,7.533223416443958,60.85704206735615
0.010761174302727584,3.550764926682363,66.90910862130676
0.011654415890679014,4.192913624790089,74.07973872309725
0.011686986834130005,7.903619185398413,52.240156379643224
0.015248347096358177,2.9158345515757094,54.18692420124826
0.013580900045010266,0.4026431558379664,67.8937809028639
0.011311691592212333,2.5377346439714397,70.17541902487969
0.017115884779959175,5.917017968867995,59.29953497163155
0.01168501605510972,1.489049202224154,50.919899803957534
0.013905226028586563,4.06936273719143,68.94641964055407
0.012188264252502188,7.433542174687197,54.89351224650215
0.012042305381448497,3.248314102857907,72.97351413326417
0.0156845262590389,0.9939827000313051,65.656627753849
0.010227597793194106,0.9595639063572232,65.91565385112541
0.013942892417044843,1.468594135845919,68.56783318643984
0.010074558198983051,7.152383680575257,80.92709618126845
0.01625309967595477,3.53858184827822,74.79163856294139
0.011486399067834087,5.152461421946434,57.45422553278295
0.014626125144039725,0.0906153441631492,62.15970230409315
0.012270127458570076,7.81065453025259,73.92833557716548
0.01736978983520326,0.8240642103968021,96.31027531425121
0.01073606258807396,7.151457593154268,74.8147613142561
0.010588245975515873,6.488771438829218,57.617432490284635
0.011031091847398007,1.785991402964319,74.3359025485386
0.014291343042895135,3.068440128249218,54.204598482400925
0.010195929759575928,7.282443631019562,54.21622701237745
0.014947342729926573,1.2314955273409907,82.09850182443368
0.016155967472402943,2.7194752112788874,53.633498247668086
0.023630432808527307,2.0981952701741955,59.17673084927978
0.011238288595147562,3.161188979553594,99.25382375664847
0.014411896887508368,2.3035663126602017,79.55723976125925
0.01065029310906461,2.496368673288395,56.42902362877453
0.012618926682484582,7.502714138811007,62.46486497919851
0.010761174302727584,3.550764926682363,66.90910862130676
0.012172294859689348,5.366492668666477,77.04298110407242
0.011362811085157033,6.3794555543964115,57.37652947710679
0.01953090788953802,3.3065189866419793,52.09866531406049
0.013580900045010266,0.4026431558379664,67.8937809028639
0.011311691592212333,2.5377346439714397,70.17541902487969
0.017115884779959175,5.917017968867995,59.29953497163155
0.01168501605510972,1.489049202224154,50.919899803957534
0.012237064169821985,4.446482023503398,64.79339749075253
0.012353711192064519,7.9798359546431294,53.963430749340674
0.012042305381448497,3.248314102857907,72.97351413326417
0.014005152211854985,0.9833902890819191,65.73634323995662
0.010227597793194106,0.9595639063572232,65.91565385112541
0.013942892417044843,1.468594135845919,68.56783318643984
0.010074558198983051,7.152383680575257,80.92709618126845
0.01625309967595477,3.53858184827822,74.79163856294139
0.010577439432555352,6.617880268376286,56.0919766148673
0.014362030137530856,0.5163876059505856,61.76390570006319
0.012270127458570076,7.81065453025259,73.92833557716548
0.01736978983520326,0.8240642103968021,96.31027531425121
0.01073606258807396,7.151457593154268,74.8147613142561
0.010588245975515873,6.488771438829218,57.617432490284635
0.010966295546077764,2.209642252131787,72.55302927240582
0.014291343042895135,3.068440128249218,54.204598482400925
0.010195929759575928,7.282443631019562,54.21622701237745
0.014059256521806188,3.8878400232049164,73.14466635219785
0.016155967472402943,2.7194752112788874,53.633498247668086
0.020390188369046908,2.1267100798372036,62.59918874658001
0.014239508738177089,2.017223471050675,97.81302866725115
0.01684440569738887,2.3698743622734684,84.50203808006863
0.01065029310906461,2.496368673288395,56.42902362877453
0.013285791031119822,5.734578332606896,59.17114137822383
0.010814803840603548,3.538104006826992,67.16297122014672
0.013039023528809465,7.63526075937173,80.26982371629566
0.011362811085157033,6.3794555543964115,57.37652947710679
0.01953090788953802,3.3065189866419793,52.09866531406049
0.013580900045010266,0.4026431558379664,67.8937809028639
0.0118032539074178,1.6331899173040947,73.09193978604007
0.016728343443300514,6.068462293350659,60.4694790204921
0.01168501605510972,1.489049202224154,50.919899803957534
0.01307759310833892,2.9791590680357887,66.6532110059534
0.012380235663734496,7.91260327605076,53.96673212297392
0.012042305381448497,3.248314102857907,72.97351413326417
0.012600676431056718,1.0498965949051668,52.974093057606666
0.010193095794399757,0.7948397118555848,66.17517940543578
0.013942892417044843,1.468594135845919,68.56783318643984
0.010074558198983051,7.152383680575257,80.92709618126845
0.018475399109283946,3.951965698057215,82.07499348077695
0.010577439432555352,6.617880268376286,56.0919766148673
0.014362030137530856,0.5163876059505856,61.76390570006319
0.012270127458570076,7.81065453025259,73.92833557716548
0.015142577071945539,2.7164434617340154,83.52319823627306
0.01073606258807396,7.151457593154268,74.8147613142561
0.010660387118530191,6.524792357862275,57.78964041998768
0.010966295546077764,2.209642252131787,72.55302927240582
0.014291343042895135,3.068440128249218,54.204598482400925
0.012892854085576902,5.217694862150486,53.952541536424356
0.010132115632440937,4.827959085910386,81.72488519853107
0.014389779967230638,1.890066632107951,53.30592078804856
0.0207563383060759,2.284624241734149,58.5125385626309
0.014239508738177089,2.017223471050675,97.81302866725115
0.015647070796484395,3.2456800062417863,78.57706178163215
0.01065029310906461,2.496368673288395,56.42902362877453
0.01321018876558992,5.767957817057263,59.68334325141589
0.010801710034610078,3.7079946538857333,66.55225853281385
0.013461843874533651,7.704133298154622,80.17607724266392
0.011419222877810354,6.338192440496677,57.655681562434594
0.01953090788953802,3.3065189866419793,52.09866531406049
0.013580900045010266,0.4026431558379664,67.8937809028639
0.011998306799048673,2.58055199293129,74.22489126190695
0.016728343443300514,6.068462293350659,60.4694790204921
0.01168501605510972,1.489049202224154,50.919899803957534
0.01307759310833892,2.9791590680357887,66.6532110059534
0.012380235663734496,7.91260327605076,53.96673212297392
0.012042305381448497,3.248314102857907,72.97351413326417
0.012908739422944394,0.8214263700400448,52.428386869229776
0.010193095794399757,0.7948397118555848,66.17517940543578
0.013942892417044843,1.468594135845919,68.56783318643984
0.010074558198983051,7.152383680575257,80.92709618126845
0.018475399109283946,3.951965698057215,82.07499348077695
0.010577439432555352,6.617880268376286,56.0919766148673
0.014362030137530856,0.5163876059505856,61.76390570006319
0.012270127458570076,7.81065453025259,73.92833557716548
0.014561354910065133,2.6913237594108894,81.80439494889231
0.01073606258807396,7.151457593154268,74.8147613142561
0.011278794895938925,6.162717904304308,56.726739231612655
0.010966295546077764,2.209642252131787,72.55302927240582
0.01435593922933209,3.36502145808187,51.54192515668714
0.012892854085576902,5.217694862150486,53.952541536424356
0.010132115632440937,4.827959085910386,81.72488519853107
0.014045888855798121,2.127359904137867,55.601317627349815
0.024845444024946917,2.3804554534889446,60.28653153635968
0.014239508738177089,2.017223471050675,97.81302866725115
0.015647070796484395,3.2456800062417863,78.57706178163215
0.010959891415231113,2.4627237701813365,56.35355634846254
0.01321018876558992,5.767957817057263,59.68334325141589
0.010177464876939473,3.907904785674452,66.52456858105856
0.013461843874533651,7.704133298154622,80.17607724266392
0.011766022652321089,4.913862092239834,64.09596861783906
0.01953090788953802,3.3065189866419793,52.09866531406049
0.014407843816576367,0.8062295198279297,65.69854472862247
0.012215910878018859,1.1685323206443217,80.4511522297602
0.017246583032700276,6.8761116465117516,55.367191721304266
0.01168501605510972,1.489049202224154,50.919899803957534
0.01307759310833892,2.9791590680357887,66.6532110059534
0.012380235663734496,7.91260327605076,53.96673212297392
0.012204140128596117,3.114483709019744,72.2320820717225
0.01334433904939794,1.2128456525198068,67.28410437612865
0.010193095794399757,0.7948397118555848,66.17517940543578
0.012610729891730569,3.5296353246217844,72.7786297069894
0.010066806297613981,7.465439859684876,80.81964903841293
0.02338748783044605,4.837235097210011,96.10905912550994
0.010623012984230861,7.308347374803957,54.89636071854128
0.014180679643424614,0.8087596998897828,61.49211748772531
0.012068582807884892,7.935983143819116,73.66373550582998
0.015910292624224026,3.1649304987051794,92.99058145761443
0.01073606258807396,7.151457593154268,74.8147613142561
0.011278794895938925,6.162717904304308,56.726739231612655
0.010966295546077764,2.209642252131787,72.55302927240582
0.01435593922933209,3.36502145808187,51.54192515668714
0.013609123974418654,5.011472108865382,53.75250162187492
0.010132115632440937,4.827959085910386,81.72488519853107
0.013951787390881466,2.0780548953864866,56.87915040316341
0.024845444024946917,2.3804554534889446,60.28653153635968
0.013982810235516252,2.376644296739319,94.25078336425852
0.018212850765376966,1.205087632910514,80.54269384056799
0.01100852572164991,1.4439393698031786,52.342241494293894
0.01321018876558992,5.767957817057263,59.68334325141589
0.010177464876939473,3.907904785674452,66.52456858105856
0.01398422525169683,7.3256182891514054,77.75937557759983
0.011766022652321089,4.913862092239834,64.09596861783906
0.01953090788953802,3.3065189866419793,52.09866531406049
0.013356236837095097,0.803387688834559,65.81746817319433
0.012215910878018859,1.1685323206443217,80.4511522297602
0.017246583032700276,6.8761116465117516,55.367191721304266
0.01168501605510972,1.489049202224154,50.919899803957534
0.015342174885971564,4.6940401277725945,67.0285074731865
0.011815472250685476,7.803439996239476,60.522171087128164
0.011402208531150782,4.4519552822601565,75.71212365495877
0.013044514734170133,0.6904069563016195,67.32246296645728
0.010716211172578878,2.786664725936151,68.26390560204845
0.013430356616592604,4.4567862006511065,75.01733255678256
0.012648655059211956,5.565330208135949,86.1971762606316
0.02338748783044605,4.837235097210011,96.10905912550994
0.010623012984230861,7.308347374803957,54.89636071854128
0.014180679643424614,0.8087596998897828,61.49211748772531
0.012068582807884892,7.935983143819116,73.66373550582998
0.015910292624224026,3.1649304987051794,92.99058145761443
0.01073606258807396,7.151457593154268,74.8147613142561
0.010443712052742214,7.438827734556881,56.679123701559966
0.011467602522961959,1.1303854610945265,76.38415491530941
0.01435593922933209,3.36502145808187,51.54192515668714
0.012435534530561218,4.40986498616837,53.23153816210017
0.010132115632440937,4.827959085910386,81.72488519853107
0.013951787390881466,2.0780548953864866,56.87915040316341
0.026994738179809588,1.445917385871895,58.03624910693219
0.013982810235516252,2.376644296739319,94.25078336425852
0.019489891244650198,0.3368062365903448,82.01809763668066
0.01100852572164991,1.4439393698031786,52.342241494293894
0.012971490411623059,5.998074275072227,56.73887024176521
0.010177464876939473,3.907904785674452,66.52456858105856
0.013984291546594063,7.336342999942251,77.80204955015434
0.011766022652321089,4.913862092239834,64.09596861783906
0.018424484151092324,3.462428050622997,55.31277001928753
0.013356236837095097,0.803387688834559,65.81746817319433
0.012215910878018859,1.1685323206443217,80.4511522297602
0.017246583032700276,6.8761116465117516,55.367191721304266
0.01168501605510972,1.489049202224154,50.919899803957534
0.017263383300929414,4.986472777794269,67.21596652480558
0.011815472250685476,7.803439996239476,60.522171087128164
0.011402208531150782,4.4519552822601565,75.71212365495877
0.012174328857709787,0.6616870098151386,67.76640662065125
0.010716211172578878,2.786664725936151,68.26390560204845
0.013396950988009916,4.4961895850578175,75.86459430267234
0.012648655059211956,5.565330208135949,86.1971762606316
0.02338748783044605,4.837235097210011,96.10905912550994
0.0115884002383418,6.329658852179733,62.19373557542844
0.014180679643424614,0.8087596998897828,61.49211748772531
0.012068582807884892,7.935983143819116,73.66373550582998
0.01748403701473067,3.8085477871045086,91.96165600900551
0.01073606258807396,7.151457593154268,74.8147613142561
0.010443712052742214,7.438827734556881,56.679123701559966
0.011378106334107563,1.6817936023986126,74.66177811214511
0.01435593922933209,3.36502145808187,51.54192515668714
0.01187894180184116,4.355448271969281,50.589555715723414
0.010132115632440937,4.827959085910386,81.72488519853107
0.013951787390881466,2.0780548953864866,56.87915040316341
0.030616821763036282,1.2703700781646354,58.35758039821112
0.013982810235516252,2.376644296739319,94.25078336425852
0.017330123829942343,1.4771806648539645,73.09958605770862
0.01100852572164991,1.4439393698031786,52.342241494293894
0.012660761189269678,5.765622304979232,57.82715751666936
0.010177464876939473,3.907904785674452,66.52456858105856
0.013984291546594063,7.336342999942251,77.80204955015434
0.010300228466228327,5.819213647667298,61.724076073856544
0.018424484151092324,3.462428050622997,55.31277001928753
0.013356236837095097,0.803387688834559,65.81746817319433
0.012215910878018859,1.1685323206443217,80.4511522297602
0.016057540589638403,6.926399180337596,58.91897930220426
0.01168501605510972,1.489049202224154,50.919899803957534
0.016118696489665612,4.348092848524859,61.0449558393167
0.011815472250685476,7.803439996239476,60.522171087128164
0.010949131726853328,4.816318084800573,72.4572871248431
0.012174328857709787,0.6616870098151386,67.76640662065125
0.010716211172578878,2.786664725936151,68.26390560204845
0.012971512392557068,2.438931896925702,74.46120366806593
0.011956777420134774,6.153205287715627,76.93485952282846
0.022435162702499175,4.797367532806125,92.34234812647873
0.011172043710694768,7.01703629212676,56.619434967043624
0.014180679643424614,0.8087596998897828,61.49211748772531
0.012068582807884892,7.935983143819116,73.66373550582998
0.021151569250116804,5.6464578093584725,99.97496900880877
0.01073606258807396,7.151457593154268,74.8147613142561
0.010443712052742214,7.438827734556881,56.679123701559966
0.011378106334107563,1.6817936023986126,74.66177811214511
0.01435593922933209,3.36502145808187,51.54192515668714
0.01187894180184116,4.355448271969281,50.589555715723414
0.010132115632440937,4.827959085910386,81.72488519853107
0.013951787390881466,2.0780548953864866,56.87915040316341
0.030616821763036282,1.2703700781646354,58.35758039821112
0.013827902216526543,2.6323873209262274,92.1768303764719
0.017330123829942343,1.4771806648539645,73.09958605770862
0.011076682993753858,1.4484842435002727,52.19893873767172
0.012733416302066043,5.6988943090917585,58.064795949088
0.010177464876939473,3.907904785674452,66.52456858105856
0.01266058742283811,4.655864257925298,66.14609836292915
0.010300228466228327,5.819213647667298,61.724076073856544
0.018979717000952034,3.317845962426732,53.25934279102579
0.013356236837095097,0.803387688834559,65.81746817319433
0.012254614810099266,1.156138905483854,79.95446870755899
0.016057540589638403,6.926399180337596,58.91897930220426
0.01115136734026787,3.1577431664957576,55.08345154839063
0.01583610039711406,4.136440635249469,64.88543431491097
0.011815472250685476,7.803439996239476,60.522171087128164
0.010949131726853328,4.816318084800573,72.4572871248431
0.012174328857709787,0.6616870098151386,67.76640662065125
0.010716211172578878,2.786664725936151,68.26390560204845
0.012307630982343932,2.0455264601736256,76.6804321406893
0.011488485072290009,6.064909336852656,78.99220799633892
0.022435162702499175,4.797367532806125,92.34234812647873
0.010035188383161366,7.241081004451055,53.01370336020648
0.015531151116064498,0.44063654004543884,67.21303213796776
0.012068582807884892,7.935983143819116,73.66373550582998
0.021151569250116804,5.6464578093584725,99.97496900880877
0.010046162500802432,7.873101692917457,79.25025271005748
0.010443712052742214,7.438827734556881,56.679123701559966
0.011378106334107563,1.6817936023986126,74.66177811214511
0.012826537205308304,4.964795058876124,61.374725069943025
0.01187894180184116,4.355448271969281,50.589555715723414
0.010132115632440937,4.827959085910386,81.72488519853107
0.0144974644992605,1.6852044459496716,53.329696529612804
0.030616821763036282,1.2703700781646354,58.35758039821112
0.013827902216526543,2.6323873209262274,92.1768303764719
0.015438559732581705,2.962719775436057,75.00765887098066
0.011076682993753858,1.4484842435002727,52.19893873767172
0.012733416302066043,5.6988943090917585,58.064795949088
0.010177464876939473,3.907904785674452,66.52456858105856
0.013830195072441681,3.24981818850222,53.32733037064909
0.010300228466228327,5.819213647667298,61.724076073856544
0.01829637680253383,3.4957870782319604,55.78655163674206
0.013356236837095097,0.803387688834559,65.81746817319433
0.012254614810099266,1.156138905483854,79.95446870755899
0.016057540589638403,6.926399180337596,58.91897930220426
0.01115136734026787,3.1577431664957576,55.08345154839063
0.016246343580721755,4.317770636589908,67.24927138151683
0.012312055071556168,7.783888415830631,55.265859351760426
0.011690148869143787,4.805759931252816,64.05176232866394
0.012174328857709787,0.6616870098151386,67.76640662065125
0.010716211172578878,2.786664725936151,68.26390560204845
0.012307630982343932,2.0455264601736256,76.6804321406893
0.011488485072290009,6.064909336852656,78.99220799633892
0.02592774552043009,3.291764498284387,77.83494627058565
0.010035188383161366,7.241081004451055,53.01370336020648
0.015531151116064498,0.44063654004543884,67.21303213796776
0.012068582807884892,7.935983143819116,73.66373550582998
0.0179612688458821,6.417885468176044,83.83884571848097
0.010046162500802432,7.873101692917457,79.25025271005748
0.010443712052742214,7.438827734556881,56.679123701559966
0.011378106334107563,1.6817936023986126,74.66177811214511
0.012826537205308304,4.964795058876124,61.374725069943025
0.011869187754205549,4.339391533766923,50.64980202223413
0.010620478202566376,4.821000802885484,76.18527827388299
0.013508673804819757,4.22987833081117,61.60762484183609
0.02171442912042018,1.64727075907025,67.26661534671337
0.013827902216526543,2.6323873209262274,92.1768303764719
0.01369177114682817,3.8215908076028473,69.90212596009184
0.011076682993753858,1.4484842435002727,52.19893873767172
0.012733416302066043,5.6988943090917585,58.064795949088
0.010258763346389307,3.859087236420272,66.89944466514912
0.013831308140386633,3.248441346445227,53.326228704497794
0.010300228466228327,5.819213647667298,61.724076073856544
0.015561297147764688,3.9311108809516737,62.91973540200489
0.013356236837095097,0.803387688834559,65.81746817319433
0.012400971977141977,2.544741118707852,73.26336488651218
0.017753331114317827,7.973833154193425,62.267023994054696
0.01115136734026787,3.1577431664957576,55.08345154839063
0.016186419971592758,4.291237663473818,66.90380275885006
0.012312055071556168,7.783888415830631,55.265859351760426
0.013852571666487528,5.855750165846084,61.51037201138358
0.012174328857709787,0.6616870098151386,67.76640662065125
0.01053018512764612,3.477249697993974,76.55443504763619
0.012698466819690817,2.1984646703747206,77.5292125781491
0.011281424856359482,5.632727276323023,84.9574360619155
0.02675032450157125,2.998880435743435,78.517972065814
0.010035188383161366,7.241081004451055,53.01370336020648
0.015531151116064498,0.44063654004543884,67.21303213796776
0.013763980985647432,7.988696764672504,68.98054919934467
0.018064318450993717,5.5193061321623045,75.2124381079852
0.010046162500802432,7.873101692917457,79.25025271005748
0.010443712052742214,7.438827734556881,56.679123701559966
0.010638888169529863,1.3925296909668916,73.05641376948988
0.01409124913403961,7.506218340866132,68.00654979756098
0.011869187754205549,4.339391533766923,50.64980202223413
0.010555478779885894,4.727852534829801,75.97508545418513
0.013402558012966621,4.4309544806406755,61.12268907272872
0.022778596012074673,1.6437164905324613,66.50525296126332
0.012938807547274158,2.249792612973404,79.2574199384388
0.013433119741785772,1.4358921732697798,71.12946126641492
0.011076682993753858,1.4484842435002727,52.19893873767172
0.011414412811342136,6.231367978314076,56.95650395394611
0.010258763346389307,3.859087236420272,66.89944466514912
0.01370393387292583,3.130384203293647,56.047560708329044
0.010300228466228327,5.819213647667298,61.724076073856544
0.019807681305484985,1.0205362641455729,68.09796579137898
0.013310548007940994,0.4275123307841273,62.66073592068142
0.012400971977141977,2.544741118707852,73.26336488651218
0.014193419911935134,5.915653379997426,73.83595599589502
0.01115136734026787,3.1577431664957576,55.08345154839063
0.016186419971592758,4.291237663473818,66.90380275885006
0.012312055071556168,7.783888415830631,55.265859351760426
0.013852571666487528,5.855750165846084,61.51037201138358
0.012128366715791091,0.7771329547397343,67.99946616500328
0.010236835212377728,3.628134916595319,86.69399001597529
0.012698466819690817,2.1984646703747206,77.5292125781491
0.011281424856359482,5.632727276323023,84.9574360619155
0.025378235259855844,2.8620796856485384,78.05285243110553
0.010035188383161366,7.241081004451055,53.01370336020648
0.015015800147213324,1.0783074657175984,65.88157517614258
0.012873733994240575,7.083926694746727,70.92128804190375
0.016972121750114748,5.83992944779375,75.76245083092793
0.01038574241177019,7.09856922205374,77.52451700206123
0.010443712052742214,7.438827734556881,56.679123701559966
0.011082477597240936,1.209255157256092,71.5503776473384
0.01409124913403961,7.506218340866132,68.00654979756098
0.011869187754205549,4.339391533766923,50.64980202223413
0.010555478779885894,4.727852534829801,75.97508545418513
0.013402558012966621,4.4309544806406755,61.12268907272872
0.022778596012074673,1.6437164905324613,66.50525296126332
0.0124192838174819,1.6684801536099012,94.35194121021976
0.013196131100531902,1.6818872745090458,73.19393051729
0.011076682993753858,1.4484842435002727,52.19893873767172
0.011414412811342136,6.231367978314076,56.95650395394611
0.010265446429362854,4.175007882396002,66.06531183619373
0.013890221991674584,3.4086222625544704,54.634420066938794
0.010300228466228327,5.819213647667298,61.724076073856544
0.017318731580841358,3.1969984241880223,69.11140111509833
0.013314482177890169,0.598691778006657,62.59497201068104
0.012269302930152394,2.842274569400014,73.54177576722417
0.014193419911935134,5.915653379997426,73.83595599589502
0.01115136734026787,3.1577431664957576,55.08345154839063
0.02088340963198653,3.0719624508773444,71.03705643585118
0.012312055071556168,7.783888415830631,55.265859351760426
0.01456173353873052,7.0951049491058535,57.52577762199054
0.012128366715791091,0.7771329547397343,67.99946616500328
0.010236835212377728,3.628134916595319,86.69399001597529
0.010866838705543662,0.6377843226200905,78.28642169771857
0.010837815015927245,4.8633581669796655,77.1242453101878
0.022824854829343377,3.7241677693445734,76.5966090701328
0.010035188383161366,7.241081004451055,53.01370336020648
0.015015800147213324,1.0783074657175984,65.88157517614258
0.012873733994240575,7.083926694746727,70.92128804190375
0.01887162529196444,6.169134928725932,75.69950510964175
0.01038574241177019,7.09856922205374,77.52451700206123
0.010443712052742214,7.438827734556881,56.679123701559966
0.011084847375711237,1.1114193106247736,79.464400306477
0.01409124913403961,7.506218340866132,68.00654979756098
0.011869187754205549,4.339391533766923,50.64980202223413
0.010555478779885894,4.727852534829801,75.97508545418513
0.013402558012966621,4.4309544806406755,61.12268907272872
0.022256182916786132,1.5995993947953542,67.02193884289673
0.0124192838174819,1.6684801536099012,94.35194121021976
0.01341148808805559,1.5222629903612295,73.65541904191065
0.010897429863484683,1.465329476476455,51.576297847243524
0.011755863397694955,5.92215905134244,57.67201826874584
0.010265446429362854,4.175007882396002,66.06531183619373
0.013863408633481126,3.506664387499935,56.19150556449917
0.010300228466228327,5.819213647667298,61.724076073856544
0.016641148307642344,3.3503685804732175,69.79904622279359
0.01343471418287742,1.6678744480216694,63.432603995808726
0.012269302930152394,2.842274569400014,73.54177576722417
0.011742843572531022,5.782872572972298,72.85977624436889
0.01068967123403489,3.4061799783574154,53.7933652970279
0.018392497056535322,3.5161581692388273,72.54643999110556
0.012312055071556168,7.783888415830631,55.265859351760426
0.01456173353873052,7.0951049491058535,57.52577762199054
0.012001575956188363,2.5197955087260935,59.51198291382943
0.010236835212377728,3.628134916595319,86.69399001597529
0.01055358165598071,2.1246783071599085,82.46692239961287
0.010837815015927245,4.8633581669796655,77.1242453101878
0.022824854829343377,3.7241677693445734,76.5966090701328
0.010035188383161366,7.241081004451055,53.01370336020648
0.015015800147213324,1.0783074657175984,65.88157517614258
0.014471136776773474,7.074525531966138,66.68171730180342
0.01739927151679252,6.089357645582262,75.1129973892761
0.01038574241177019,7.09856922205374,77.52451700206123
0.010443712052742214,7.438827734556881,56.679123701559966
0.011001056915913028,0.9889755790443593,79.88337713637611
0.013706151081032401,4.081671236494984,65.32364979399338
0.011869187754205549,4.339391533766923,50.64980202223413
0.010555478779885894,4.727852534829801,75.97508545418513
0.013402558012966621,4.4309544806406755,61.12268907272872
0.022256182916786132,1.5995993947953542,67.02193884289673
0.012355403225297781,1.6599528008216764,92.55641186792877
0.01341148808805559,1.5222629903612295,73.65541904191065
0.010897429863484683,1.465329476476455,51.576297847243524
0.013015335811732155,7.398583935919145,50.5792905719145
0.010265446429362854,4.175007882396002,66.06531183619373
0.013767945394807284,2.9462171155600227,54.54368063180442
0.010300228466228327,5.819213647667298,61.724076073856544
0.016624515908212557,3.3510899569240262,69.84292344261905
0.014375054352305135,2.0983067215730795,57.344092742553485
0.012269302930152394,2.842274569400014,73.54177576722417
0.011883779954650238,6.50263722447095,76.40788105046084
0.01068967123403489,3.4061799783574154,53.7933652970279
0.02359772599632321,2.587927917028457,69.39230000221943
0.012312055071556168,7.783888415830631,55.265859351760426
0.015364597766705814,7.272729813542272,51.86482610969802
0.012518527385974577,2.2685408873736166,60.62599980975124
0.010236835212377728,3.628134916595319,86.69399001597529
0.010566544264785913,2.2467420616697074,79.73574996827142
0.010938972414155668,4.8822592931958475,77.09323807774712
0.01687627977490476,3.6787866331807186,81.36821177153382
0.010035188383161366,7.241081004451055,53.01370336020648
0.014807927682571284,1.1558204817379467,65.55959794873284
0.01670963061068006,7.748241591733786,69.34244453270955
0.01739927151679252,6.089357645582262,75.1129973892761
0.01038574241177019,7.09856922205374,77.52451700206123
0.010449493037470843,7.472759793330812,54.600330417492515
0.010366399718476412,0.26338103827339365,83.29931580117676
0.013712804756003645,3.959411724188017,64.1629214579439
0.011869187754205549,4.339391533766923,50.64980202223413
0.010744795986419245,5.381232953232021,69.60661210132609
0.013521680141813736,4.06469354444644,61.76246545311557
0.023755800948854315,1.4650313230211862,68.12018330751053
0.01230472664344262,1.7831029737276716,87.82365423462268
0.012534842318633745,2.7908570249709226,72.32441818377211
0.010897429863484683,1.465329476476455,51.576297847243524
0.013015335811732155,7.398583935919145,50.5792905719145
0.010265446429362854,4.175007882396002,66.06531183619373
0.013531009767534501,3.131565219848596,56.41844177816763
0.010300228466228327,5.819213647667298,61.724076073856544
0.01747972899893585,3.5069924325916055,68.44633804292133
0.014384035555877205,2.0951336373134106,57.275008287897535
0.011052550535057073,3.272156582630193,82.90117565076525
0.011883779954650238,6.50263722447095,76.40788105046084
0.01068967123403489,3.4061799783574154,53.7933652970279
0.02359772599632321,2.587927917028457,69.39230000221943
0.012312055071556168,7.783888415830631,55.265859351760426
0.015364597766705814,7.272729813542272,51.86482610969802
0.012518527385974577,2.2685408873736166,60.62599980975124
0.010236835212377728,3.628134916595319,86.69399001597529
0.010566544264785913,2.2467420616697074,79.73574996827142
0.010938972414155668,4.8822592931958475,77.09323807774712
0.015336570922829904,3.0106938173178412,81.56430716992035
0.010035188383161366,7.241081004451055,53.01370336020648
0.014807927682571284,1.1558204817379467,65.55959794873284
0.01670963061068006,7.748241591733786,69.34244453270955
0.01739927151679252,6.089357645582262,75.1129973892761
0.01038574241177019,7.09856922205374,77.52451700206123
0.010449493037470843,7.472759793330812,54.600330417492515
0.01042873927193506,0.8811437643914206,82.18936248573502
0.014262015062446575,3.77669073253744,61.60275837741859
0.011869187754205549,4.339391533766923,50.64980202223413
0.011090220715423713,5.040926125104939,75.73126751921923
0.014490644974320878,3.5369599481823046,61.77401240839839
0.023042103771503182,1.4337626973791056,68.87362271602892
0.011085303670197628,0.13175549294490896,92.93986377096927
0.012534842318633745,2.7908570249709226,72.32441818377211
0.010897429863484683,1.465329476476455,51.576297847243524
0.013015335811732155,7.398583935919145,50.5792905719145
0.010562497726659011,4.486933411382472,70.9290585519904
0.013531009767534501,3.131565219848596,56.41844177816763
0.010300228466228327,5.819213647667298,61.724076073856544
0.020160820875186485,3.2822720456039685,74.14860561791667
0.01175102776728112,2.296263357318999,53.747750085995634
0.01105748756373681,2.7987896765578975,84.41435266248317
0.011782328057104741,6.047880087545571,77.3909129004648
0.01068967123403489,3.4061799783574154,53.7933652970279
0.02370451745096733,2.809760264980208,69.49199058227333
0.012556869888255258,7.843241129556829,55.434534962453306
0.015364597766705814,7.272729813542272,51.86482610969802
0.012309699814066398,2.2879523354527946,61.001114448370124
0.010012908483895522,3.2574211978588345,89.57058749178756
0.010464626939432802,0.8465667851998226,86.5704859326799
0.010938972414155668,4.8822592931958475,77.09323807774712
0.012765601368818493,5.062271227251266,67.71834668807104
0.010035188383161366,7.241081004451055,53.01370336020648
0.014807927682571284,1.1558204817379467,65.55959794873284
0.01654443710831098,7.689840448290251,67.19588802793552
0.014701659317924137,5.2357123603558815,63.17968551217683
0.011272941075006497,7.4142055594469625,67.27288354450219
0.010945471513579202,7.4525749610603205,54.324293317021834
0.01042873927193506,0.8811437643914206,82.18936248573502
0.01428340910398767,3.769572984673019,61.503029303411445
0.012314900498987558,4.223479465513733,51.37679121013022
0.011090220715423713,5.040926125104939,75.73126751921923
0.015141606169170516,1.8330680258232688,66.71353944956434
0.023042103771503182,1.4337626973791056,68.87362271602892
0.011085303670197628,0.13175549294490896,92.93986377096927
0.012534842318633745,2.7908570249709226,72.32441818377211
0.010897429863484683,1.465329476476455,51.576297847243524
0.013015335811732155,7.398583935919145,50.5792905719145
0.010562497726659011,4.486933411382472,70.9290585519904
0.013128557836581844,3.1459624691852506,60.21086956292703
0.010300228466228327,5.819213647667298,61.724076073856544
0.02219573747056348,1.589221378138042,83.6030516900387
0.01175102776728112,2.296263357318999,53.747750085995634
0.011031558978745028,5.2848465444811294,76.4673583667088
0.011782328057104741,6.047880087545571,77.3909129004648
0.01068967123403489,3.4061799783574154,53.7933652970279
0.02370451745096733,2.809760264980208,69.49199058227333
0.012556869888255258,7.843241129556829,55.434534962453306
0.015364597766705814,7.272729813542272,51.86482610969802
0.012710543234532216,1.5835467391901012,60.856900194637525
0.010012908483895522,3.2574211978588345,89.57058749178756
0.010671957028390187,1.0799320544957327,85.90978485887558
0.010938972414155668,4.8822592931958475,77.09323807774712
0.012437795583991372,5.889145611029611,72.5578208873045
0.010035188383161366,7.241081004451055,53.01370336020648
0.014807927682571284,1.1558204817379467,65.55959794873284
0.01654443710831098,7.689840448290251,67.19588802793552
0.014701659317924137,5.2357123603558815,63.17968551217683
0.011272941075006497,7.4142055594469625,67.27288354450219
0.010957528679484392,7.148969074817266,57.42558812735456
0.01042873927193506,0.8811437643914206,82.18936248573502
0.01428340910398767,3.769572984673019,61.503029303411445
0.012314900498987558,4.223479465513733,51.37679121013022
0.012249655527999791,4.133932748757438,66.55720043872897
0.016894594817855484,1.213641318990907,71.80097198360232
0.02304936835455829,1.4340228173801601,68.87016343324528
0.011085303670197628,0.13175549294490896,92.93986377096927
0.012196201956391664,2.6750355868587485,77.73154689265701
0.010897429863484683,1.465329476476455,51.576297847243524
0.013015335811732155,7.398583935919145,50.5792905719145
0.010562497726659011,4.486933411382472,70.9290585519904
0.013128557836581844,3.1459624691852506,60.21086956292703
0.010432734695056262,4.129851044985802,70.34530508030048
0.02178633043169965,1.779501528898666,82.57320555147373
0.011601015844588423,2.09290964135191,52.85571556208595
0.011961432578840287,5.1032380120843275,75.95554335777315
0.011622190100013407,5.872456247669309,80.87309572525642
0.01068967123403489,3.4061799783574154,53.7933652970279
0.02370451745096733,2.809760264980208,69.49199058227333
0.012556869888255258,7.843241129556829,55.434534962453306
0.016443326865450827,7.214940385795602,52.45511557875532
0.01266270642853564,3.532120082612689,59.16897811876177
0.010012908483895522,3.2574211978588345,89.57058749178756
0.010506193056809785,1.4601783095876861,83.09051966321165
0.010268813664703474,4.546600221460826,78.2765112039142
0.012437795583991372,5.889145611029611,72.5578208873045
0.010035188383161366,7.241081004451055,53.01370336020648
0.015000505422058873,1.8804389469613172,65.74106142939584
0.01654443710831098,7.689840448290251,67.19588802793552
0.014701659317924137,5.2357123603558815,63.17968551217683
0.011153501162100744,7.734578480428561,64.90043079732743
0.011035975966814389,7.082204268451662,58.22752635055597
0.010535761589788759,0.9686159287564509,83.82644783497727
0.01428340910398767,3.769572984673019,61.503029303411445
0.01240702779652539,4.040351271992549,53.440796049652825
0.011467666489088015,5.231151952885002,61.77462044488083
0.017431544096746417,0.7418177838965416,73.27162552129613
0.02304936835455829,1.4340228173801601,68.87016343324528
0.011085303670197628,0.13175549294490896,92.93986377096927
0.012196201956391664,2.6750355868587485,77.73154689265701
0.010897429863484683,1.465329476476455,51.576297847243524
0.013015335811732155,7.398583935919145,50.5792905719145
0.010551363498850578,3.021734884607378,76.30015876395098
0.013128557836581844,3.1459624691852506,60.21086956292703
0.010451973896778748,3.539523245130625,72.8627683657882
0.02178633043169965,1.779501528898666,82.57320555147373
0.01174657500160019,3.30867133699562,62.18489243295653
0.012887792871417466,6.339387532641011,92.09863642814872
0.011622190100013407,5.872456247669309,80.87309572525642
0.01068967123403489,3.4061799783574154,53.7933652970279
0.02264859919785346,2.663389112370691,66.93741078683223
0.012556869888255258,7.843241129556829,55.434534962453306
0.016443326865450827,7.214940385795602,52.45511557875532
0.012055169715723655,2.9484090282666418,65.90819657474543
0.010012908483895522,3.2574211978588345,89.57058749178756
0.010506193056809785,1.4601783095876861,83.09051966321165
0.010268813664703474,4.546600221460826,78.2765112039142
0.012437795583991372,5.889145611029611,72.5578208873045
0.010035188383161366,7.241081004451055,53.01370336020648
0.019024628209190292,2.287560740232087,79.63326182676704
0.01667262484215069,7.703980786742628,67.40459131732023
0.014705450771480413,5.231008386244982,63.19242843333262
0.011153501162100744,7.734578480428561,64.90043079732743
0.011035975966814389,7.082204268451662,58.22752635055597
0.010535761589788759,0.9686159287564509,83.82644783497727
0.016043831026807294,1.747837622410394,50.95851538127337
0.01240702779652539,4.040351271992549,53.440796049652825
0.010425383984078421,5.900552291549211,59.74114154087413
0.018180031371291778,0.9201716727894635,74.87035247372374
0.018770903689551425,0.9683194900425417,77.4777199041554
0.011233730418284345,0.9095599314502456,89.15695959536316
0.011663314788345114,2.1273922282685866,79.68759094458653
0.010897429863484683,1.465329476476455,51.576297847243524
0.013015335811732155,7.398583935919145,50.5792905719145
0.010028166907299024,3.1524404849877086,76.22520372259774
0.013128557836581844,3.1459624691852506,60.21086956292703
0.010451973896778748,3.539523245130625,72.8627683657882
0.02154418949869484,1.7434004662558857,82.34802866854528
0.011820858805739293,3.359798231755729,62.16950070269388
0.012887792871417466,6.339387532641011,92.09863642814872
0.011501770332639428,5.676777685745122,81.52391403124648
0.01068967123403489,3.4061799783574154,53.7933652970279
0.019310163520692366,2.870745451934063,63.26813954963182
0.012556869888255258,7.843241129556829,55.434534962453306
0.01643638724049387,7.214770036415679,52.46252371013142
0.012055169715723655,2.9484090282666418,65.90819657474543
0.010012908483895522,3.2574211978588345,89.57058749178756
0.010506193056809785,1.4601783095876861,83.09051966321165
0.010158672979318077,3.991742125990849,83.13744172206133
0.012437795583991372,5.889145611029611,72.5578208873045
0.010035188383161366,7.241081004451055,53.01370336020648
0.01816276086582727,3.0278882633280837,76.40863725045814
0.01667262484215069,7.703980786742628,67.40459131732023
0.015047254716586411,5.580411541750343,61.500985995406225
0.011153501162100744,7.734578480428561,64.90043079732743
0.011035975966814389,7.082204268451662,58.22752635055597
0.010535761589788759,0.9686159287564509,83.82644783497727
0.017094723297365777,1.422345064986726,50.402102801155515
0.01240702779652539,4.040351271992549,53.440796049652825
0.010425383984078421,5.900552291549211,59.74114154087413
0.016110508724014205,0.9332869195978355,77.2950238564817
0.01581047596738676,2.717943148371998,71.18597773157757
0.012191342595597777,1.2023190730807458,87.39510433866892
0.0111066262784599,2.8171658077617563,80.96396933385957
0.010897429863484683,1.465329476476455,51.576297847243524
0.012836562772630372,7.195214778561932,54.23427904522533
0.010028166907299024,3.1524404849877086,76.22520372259774
0.013118677847514944,3.277007302437323,61.51941039560651
0.010540768223627985,3.6206232599369628,72.15828450522586
0.02030009164588298,1.9448527795519361,81.28416619061227
0.011394665812505367,2.8649802836346514,68.51598579762447
0.012857205011272068,6.328359305249524,92.29820618556859
0.011501770332639428,5.676777685745122,81.52391403124648
0.01259747059103122,3.3096061747167247,59.56680083933694
0.01910303236273577,2.8843366143739404,63.209637226644155
0.012556869888255258,7.843241129556829,55.434534962453306
0.01643638724049387,7.214770036415679,52.46252371013142
0.010083302361305738,1.028235481400392,71.9597297912583
0.01004125231500074,3.154152716180479,89.19824674129862
0.010337161674527282,0.9340408338475843,85.3701227926125
0.010158672979318077,3.991742125990849,83.13744172206133
0.011708416940786517,6.299563428229903,66.62465714766931
0.010035188383161366,7.241081004451055,53.01370336020648
0.01792911749816226,2.6766604312093154,70.7194606995021
0.01667262484215069,7.703980786742628,67.40459131732023
0.013907010193532235,4.238877677862954,68.92004568931264
0.011153501162100744,7.734578480428561,64.90043079732743
0.01086583852616255,6.997069557894417,58.5399691842312
0.010340524773273232,0.4402515719310376,86.33752131294106
0.017094723297365777,1.422345064986726,50.402102801155515
0.01240702779652539,4.040351271992549,53.440796049652825
0.010425383984078421,5.900552291549211,59.74114154087413
0.016110508724014205,0.9332869195978355,77.2950238564817
0.01683470774478372,2.5293346643798227,74.8899025017652
0.01232638017616373,2.4565671041546358,80.45490349468521
0.010935317630983004,2.3836252412133687,83.61090296769679
0.010897429863484683,1.465329476476455,51.576297847243524
0.012836562772630372,7.195214778561932,54.23427904522533
0.010028166907299024,3.1524404849877086,76.22520372259774
0.013127212216980494,3.285844813930437,61.3154435029053
0.010540768223627985,3.6206232599369628,72.15828450522586
0.016483423527043423,2.1897881219055524,80.88723428434665
0.011607473005198638,3.163046014153421,67.95713730221374
0.012857205011272068,6.328359305249524,92.29820618556859
0.0117130940010299,5.531755181176765,80.76252469981797
0.01259747059103122,3.3096061747167247,59.56680083933694
0.018553412765569745,2.7871039243582234,66.72568960531447
0.012556869888255258,7.843241129556829,55.434534962453306
0.01812556607096855,7.348775230224421,51.63105891006165
0.010083302361305738,1.028235481400392,71.9597297912583
0.010413441463198832,3.1767869688417583,84.88386454884555
0.010337161674527282,0.9340408338475843,85.3701227926125
0.010158672979318077,3.991742125990849,83.13744172206133
0.011898889500308495,6.917392680880593,65.99935665840489
0.010035188383161366,7.241081004451055,53.01370336020648
0.021646136303194778,2.20510806319816,77.99884392673579
0.01667262484215069,7.703980786742628,67.40459131732023
0.014754421130935155,3.4446208769606077,69.80476474926095
0.011153501162100744,7.734578480428561,64.90043079732743
0.01086583852616255,6.997069557894417,58.5399691842312
0.011360171024956407,1.736572751846051,74.2430064287138
0.017094723297365777,1.422345064986726,50.402102801155515
0.01240702779652539,4.040351271992549,53.440796049652825
0.010440279285080054,6.739089431042729,55.41398900936439
0.01416816877455149,1.7289040047055906,73.67915355300795
0.018395949001515463,1.3607360932912975,79.16645631877842
0.011905968235678127,2.188860087839163,78.86268389456131
0.011640226884332715,0.9240433460474633,84.04063259042123
0.010897429863484683,1.465329476476455,51.576297847243524
0.012836562772630372,7.195214778561932,54.23427904522533
0.010028166907299024,3.1524404849877086,76.22520372259774
0.013127212216980494,3.285844813930437,61.3154435029053
0.010540768223627985,3.6206232599369628,72.15828450522586
0.017678216903876894,0.9468284045430231,84.47095007140281
0.011227021268635819,1.287551802106524,72.9753187303103
0.012857205011272068,6.328359305249524,92.29820618556859
0.012184627664571897,6.22992963687767,69.62829366727034
0.012530871784448278,3.3287980041432004,59.20140387065265
0.021598161753845147,1.5654102540736585,60.47764168185586
0.011882021391702906,6.759435916422235,63.23008540586403
0.01922003267433353,5.749724064704751,59.82821397354937
0.010800026519255202,1.3989992905277884,71.62907763246966
0.010281690579202581,3.642678377412625,93.95082019098152
0.010337161674527282,0.9340408338475843,85.3701227926125
0.010158672979318077,3.991742125990849,83.13744172206133
0.011898889500308495,6.917392680880593,65.99935665840489
0.010035188383161366,7.241081004451055,53.01370336020648
0.021646136303194778,2.20510806319816,77.99884392673579
0.01667262484215069,7.703980786742628,67.40459131732023
0.014001136326092192,3.476085243776945,70.22550910316625
0.011153501162100744,7.734578480428561,64.90043079732743
0.01086583852616255,6.997069557894417,58.5399691842312
0.011245575034278019,1.636099504484147,75.08138353459398
0.014007053893196102,2.5661442487646995,64.9746476626316
0.012708508229811266,4.554606538008358,53.81315329367134
0.010389845339435263,6.247056540389131,60.379087725512704
0.013972442196241133,1.7962044391787033,73.79952298854906
0.017967079470702387,2.939327306517117,76.239377569693
0.011088535071248249,3.0322982899265387,80.86253412329945
0.012456649567964509,0.4625286610785667,96.10094037888486
0.010897429863484683,1.465329476476455,51.576297847243524
0.012558358449190728,7.554250772594384,52.496861960511126
0.010028166907299024,3.1524404849877086,76.22520372259774
0.01351824886130849,0.35169330221462314,67.37743821811843
0.0103181296167012,1.3081164136358643,81.48538306856992
0.017678216903876894,0.9468284045430231,84.47095007140281
0.011227021268635819,1.287551802106524,72.9753187303103
0.012857205011272068,6.328359305249524,92.29820618556859
0.012110707994369274,6.849292338496095,71.85433076294797
0.012530871784448278,3.3287980041432004,59.20140387065265
0.021598161753845147,1.5654102540736585,60.47764168185586
0.011882021391702906,6.759435916422235,63.23008540586403
0.020815252341773904,6.5739944511582395,57.59247097588681
0.010800026519255202,1.3989992905277884,71.62907763246966
0.010313927295497767,3.5623662198829544,93.23553473871053
0.010337161674527282,0.9340408338475843,85.3701227926125
0.010158672979318077,3.991742125990849,83.13744172206133
0.011898889500308495,6.917392680880593,65.99935665840489
0.010035188383161366,7.241081004451055,53.01370336020648
0.017088745492795404,2.3174867502613576,77.85901362628857
0.01667262484215069,7.703980786742628,67.40459131732023
0.012814001612338486,3.0787639724739004,73.16008561438633
0.011184355438990877,5.028946570658151,68.28922931630375
0.01086583852616255,6.997069557894417,58.5399691842312
0.011245575034278019,1.636099504484147,75.08138353459398
0.01550197425889319,2.012364530058961,57.919231022483444
0.012721439711051115,4.296265546862975,53.926517406563086
0.010389845339435263,6.247056540389131,60.379087725512704
0.014329239613106788,0.8277908450905604,74.17231495890863
0.0159652913662729,3.122973007562716,75.13930469667164
0.010988839143954852,2.467901646681244,77.67185571665486
0.012456649567964509,0.4625286610785667,96.10094037888486
0.010897429863484683,1.465329476476455,51.576297847243524
0.012558358449190728,7.554250772594384,52.496861960511126
0.010028166907299024,3.1524404849877086,76.22520372259774
0.01353026053826841,0.29624406981783213,67.33923329753968
0.0103181296167012,1.3081164136358643,81.48538306856992
0.017987281575708523,0.9463374183580241,84.44804998613263
0.011080082394990122,2.0215514138566384,70.51428806537439
0.012303400213708206,6.019234005647112,85.96632655236802
0.012110707994369274,6.849292338496095,71.85433076294797
0.012530871784448278,3.3287980041432004,59.20140387065265
0.02080905878732025,1.6736497373049601,61.55166531684424
0.011882021391702906,6.759435916422235,63.23008540586403
0.023259755839669168,7.531566838277844,57.11771706255337
0.010800026519255202,1.3989992905277884,71.62907763246966
0.010313927295497767,3.5623662198829544,93.23553473871053
0.010368732947896309,0.9584403937768265,85.01254482851621
0.011054990380120101,5.322390884149922,71.69273984102804
0.011726260301111185,6.461149994375459,66.552582746001
0.010035188383161366,7.241081004451055,53.01370336020648
0.018266992075061966,2.0560547526367223,82.6821540497676
0.017705161441292264,7.907562059587509,68.30433811988817
0.013353954620762554,3.0644839240165886,72.56600164353553
0.011551675940211524,5.647843183266773,57.761893453071366
0.01086583852616255,6.997069557894417,58.5399691842312
0.010357598356852613,1.582696928572936,78.38997395157328
0.013913291021264464,1.7965349180781742,65.14150586195402
0.012443547442754232,4.528771569678778,54.69557030191528
0.010389845339435263,6.247056540389131,60.379087725512704
0.014335108503158417,0.8249092654548504,74.16616646859195
0.015104122729226873,3.1272472092485013,75.29681228988252
0.010988839143954852,2.467901646681244,77.67185571665486
0.01280787463728902,0.8160415769054596,93.34097610910098
0.010660642929295198,2.316312708764584,68.48172984600245
0.01197545690714927,6.688890786999506,59.939687870941704
0.010028166907299024,3.1524404849877086,76.22520372259774
0.01353026053826841,0.29624406981783213,67.33923329753968
0.0103181296167012,1.3081164136358643,81.48538306856992
0.01818559978950695,0.8211477685962629,84.81295247696161
0.01087457973446293,0.4413503826661511,76.07130013111535
0.01215096742166824,7.5914388833583075,83.73799074443976
0.011947714969210906,6.212732973294168,72.6995418504906
0.01091872840665489,3.686503997147729,52.60211131940958
0.026421538448627616,1.7224917907713984,52.50942041987873
0.011882021391702906,6.759435916422235,63.23008540586403
0.023259755839669168,7.531566838277844,57.11771706255337
0.010800026519255202,1.3989992905277884,71.62907763246966
0.010308397907423451,3.582238163206867,93.63030607356082
0.010368732947896309,0.9584403937768265,85.01254482851621
0.011054990380120101,5.322390884149922,71.69273984102804
0.011726260301111185,6.461149994375459,66.552582746001
0.010035188383161366,7.241081004451055,53.01370336020648
0.018300847940599288,2.0548963442861687,82.74536014814703
0.015666845752325825,4.191481311174263,67.8331441091596
0.014468519437725511,3.3740972956237902,74.25618316350818
0.011551675940211524,5.647843183266773,57.761893453071366
0.01086583852616255,6.997069557894417,58.5399691842312
0.010357598356852613,1.582696928572936,78.38997395157328
0.01683303749990423,3.588104199002053,62.634950758224655
0.012391838509933247,4.550727912676939,54.44706508373601
0.011219119423761631,5.92402543699807,61.55048346142471
0.01336117661546609,2.557626455127301,69.77940731766863
0.01660883600983446,1.906055549771125,81.91155370308208
0.011157719535781272,3.1274537650103977,76.79611530075948
0.01280787463728902,0.8160415769054596,93.34097610910098
0.010660642929295198,2.316312708764584,68.48172984600245
0.01197545690714927,6.688890786999506,59.939687870941704
0.010028166907299024,3.1524404849877086,76.22520372259774
0.013252174837795967,1.335499363674324,64.19002541231713
0.0103181296167012,1.3081164136358643,81.48538306856992
0.019542443540666435,0.3455514458925246,83.29416810296702
0.01087457973446293,0.4413503826661511,76.07130013111535
0.01215096742166824,7.5914388833583075,83.73799074443976
0.013953959559199706,4.899737120606762,75.87189298849603
0.01091872840665489,3.686503997147729,52.60211131940958
0.026421538448627616,1.7224917907713984,52.50942041987873
0.01208351880021153,6.706886369922978,64.34473653946041
0.02442384820685313,7.850852653196826,57.40377790472041
0.010800026519255202,1.3989992905277884,71.62907763246966
0.012168870680533437,2.930111484195077,91.54778406347145
0.010368732947896309,0.9584403937768265,85.01254482851621
0.010833302556156357,5.588160664859082,71.87666363569893
0.011726260301111185,6.461149994375459,66.552582746001
0.010035188383161366,7.241081004451055,53.01370336020648
0.019663909449478052,1.409964663509128,84.72923853188824
0.01780068619981492,6.715307543644788,71.05256170496885
0.014468519437725511,3.3740972956237902,74.25618316350818
0.011551675940211524,5.647843183266773,57.761893453071366
0.01086583852616255,6.997069557894417,58.5399691842312
0.010318409637047906,2.2704697836067274,75.3055049864605
0.01935223018499583,5.172846804075469,61.540931505597236
0.012391838509933247,4.550727912676939,54.44706508373601
0.011219119423761631,5.92402543699807,61.55048346142471
0.013046605511533279,3.579212404289585,68.44134139281712
0.01660883600983446,1.906055549771125,81.91155370308208
0.011490666893145719,4.736331554106949,81.60569071200956
0.01280787463728902,0.8160415769054596,93.34097610910098
0.010660642929295198,2.316312708764584,68.48172984600245
0.01197545690714927,6.688890786999506,59.939687870941704
0.010028166907299024,3.1524404849877086,76.22520372259774
0.013252174837795967,1.335499363674324,64.19002541231713
0.0103181296167012,1.3081164136358643,81.48538306856992
0.016785994549487395,2.6562587557286887,74.7867613117441
0.010755213701270163,1.408309203296473,72.7923839768876
0.01215096742166824,7.5914388833583075,83.73799074443976
0.014201252628223988,5.7808843939511165,72.10255347852966
0.01091872840665489,3.686503997147729,52.60211131940958
0.026421538448627616,1.7224917907713984,52.50942041987873
0.01208351880021153,6.706886369922978,64.34473653946041
0.02442384820685313,7.850852653196826,57.40377790472041
0.010995357814540599,3.508028598555045,66.93163505370642
0.012168870680533437,2.930111484195077,91.54778406347145
0.010929407557922006,1.1067783776523492,84.11912057041025
0.010833302556156357,5.588160664859082,71.87666363569893
0.011726260301111185,6.461149994375459,66.552582746001
0.010035188383161366,7.241081004451055,53.01370336020648
0.017901902527178187,2.6411957629887697,79.99100863317338
0.01780068619981492,6.715307543644788,71.05256170496885
0.014468519437725511,3.3740972956237902,74.25618316350818
0.011551675940211524,5.647843183266773,57.761893453071366
0.01086583852616255,6.997069557894417,58.5399691842312
0.010318409637047906,2.2704697836067274,75.3055049864605
0.024443187739265418,6.846015743616802,57.475470421884125
0.012209376758561295,5.074451427458586,57.765674263910476
0.011219119423761631,5.92402543699807,61.55048346142471
0.013046605511533279,3.579212404289585,68.44134139281712
0.015490246515222402,3.0607267157293636,76.6071100665546
0.011750157245290266,6.545338868939184,83.93672608663442
0.01280787463728902,0.8160415769054596,93.34097610910098
0.010660642929295198,2.316312708764584,68.48172984600245
0.01197545690714927,6.688890786999506,59.939687870941704
0.010028166907299024,3.1524404849877086,76.22520372259774
0.013252174837795967,1.335499363674324,64.19002541231713
0.0103181296167012,1.3081164136358643,81.48538306856992
0.016644012038818927,1.5691498011653193,75.16488820737737
0.010755213701270163,1.408309203296473,72.7923839768876
0.01215096742166824,7.5914388833583075,83.73799074443976
0.014201252628223988,5.7808843939511165,72.10255347852966
0.01091872840665489,3.686503997147729,52.60211131940958
0.02543788786485216,2.060659705570645,53.01535601873718
0.012200345844286788,7.050321856737146,64.06700216860747
0.02442384820685313,7.850852653196826,57.40377790472041
0.010995357814540599,3.508028598555045,66.93163505370642
0.012168870680533437,2.930111484195077,91.54778406347145
0.011202171285583169,0.5872793828255218,88.05372420606815
0.01087411762756294,5.506930463919979,72.47781468913658
0.011726260301111185,6.461149994375459,66.552582746001
0.0100353318507993,7.324622927714657,52.53942997449869
0.020133821729175064,3.4408766368626167,74.14179669330612
0.01722770869273345,6.038304883940394,73.61039108870342
0.014468519437725511,3.3740972956237902,74.25618316350818
0.011551675940211524,5.647843183266773,57.761893453071366
0.01086583852616255,6.997069557894417,58.5399691842312
0.010242843730467674,2.4143907251784538,74.21547042317096
0.024443187739265418,6.846015743616802,57.475470421884125
0.011689359967042954,6.011962945023566,51.074831813318056
0.011219119423761631,5.92402543699807,61.55048346142471
0.013041839654764987,3.5736469037090157,68.47663240085814
0.014047448084547645,3.843767647183858,75.1415393517637
0.011651634255775582,6.288197441834468,83.9855771417952
0.013364738314109345,2.1762116221970227,85.16509488869974
0.010646098883932318,2.2223593587210866,68.66223585267855
0.01159185512477106,5.443930543501008,62.67627177539569
0.010028166907299024,3.1524404849877086,76.22520372259774
0.01263327456555906,1.7291416399914452,66.33092284436151
0.0103181296167012,1.3081164136358643,81.48538306856992
0.013146861514462057,1.3736860313871375,83.973319170031
0.010798378471701764,2.896199900574816,72.6781883273918
0.01215096742166824,7.5914388833583075,83.73799074443976
0.014841501127299398,6.999760258358936,74.10485169399566
0.01091872840665489,3.686503997147729,52.60211131940958
0.02543788786485216,2.060659705570645,53.01535601873718
0.012554796493435466,7.686368251900637,62.083057678625245
0.02442384820685313,7.850852653196826,57.40377790472041
0.01163996610092856,3.6826585858749183,68.71750296018011
0.012149625829723317,2.8808216269212856,91.76977865026883
0.011202171285583169,0.5872793828255218,88.05372420606815
0.01087411762756294,5.506930463919979,72.47781468913658
0.013244776823751579,5.68571924454894,79.13691416102061
0.0100353318507993,7.324622927714657,52.53942997449869
0.020133821729175064,3.4408766368626167,74.14179669330612
0.01722770869273345,6.038304883940394,73.61039108870342
0.01349190773144855,4.184365669516421,73.84825165275538
0.011551675940211524,5.647843183266773,57.761893453071366
0.01086583852616255,6.997069557894417,58.5399691842312
0.010196425502952225,3.0964746489619372,69.73313680030803
0.027143864604269066,7.516371087847729,55.57642461332028
0.011689359967042954,6.011962945023566,51.074831813318056
0.011348061744099842,6.154749932001353,64.62062867611631
0.013081072420893168,3.9819626430472734,70.53752811180897
0.014047448084547645,3.843767647183858,75.1415393517637
0.011651634255775582,6.288197441834468,83.9855771417952
0.013364738314109345,2.1762116221970227,85.16509488869974
0.010702897283207256,2.3806898519030977,66.44149656915216
0.01159185512477106,5.443930543501008,62.67627177539569
0.010028166907299024,3.1524404849877086,76.22520372259774
0.014889953411695012,0.49620664590445873,57.75998556088806
0.010479001035313922,2.073087262651939,77.65587720995873
0.013146861514462057,1.3736860313871375,83.973319170031
0.010669356992161007,2.9782620860003624,73.12449893124565
0.012658846284981404,7.826331755552291,93.6961689415797
0.01427595668714019,6.454636250457812,73.9719624561339
0.010923234219759763,3.690184671772858,52.49524590503
0.021249355231379084,1.852187315692615,60.90223062459728
0.012554796493435466,7.686368251900637,62.083057678625245
0.02442384820685313,7.850852653196826,57.40377790472041
0.01163996610092856,3.6826585858749183,68.71750296018011
0.012762940603850978,2.8131054880849486,98.6893955648757
0.010866580800558377,0.8609158609560241,85.56032048344835
0.01087411762756294,5.506930463919979,72.47781468913658
0.011123277580177882,5.49791533730934,82.08060360969566
0.010926788082195008,7.452618422458507,55.91622925280193
0.017758544900442305,2.738117526338379,77.48410676986194
0.01722770869273345,6.038304883940394,73.61039108870342
0.013573264990506961,3.690109354592159,72.10718619976463
0.011551675940211524,5.647843183266773,57.761893453071366
0.01086583852616255,6.997069557894417,58.5399691842312
0.010018115595087616,2.7482608043792034,71.96160745535869
0.027926435865307166,7.420137969312886,55.050679926276594
0.011689359967042954,6.011962945023566,51.074831813318056
0.011348061744099842,6.154749932001353,64.62062867611631
0.013081072420893168,3.9819626430472734,70.53752811180897
0.013394583308371238,4.185938257781122,74.59351826501117
0.011683545981268815,6.349835524863541,84.13811911100129
0.013364738314109345,2.1762116221970227,85.16509488869974
0.010702897283207256,2.3806898519030977,66.44149656915216
0.012918422431332158,7.716217207053506,54.84929500373014
0.010028166907299024,3.1524404849877086,76.22520372259774
0.014889953411695012,0.49620664590445873,57.75998556088806
0.010119083148637244,0.38268360358925246,83.05437130499156
0.012389670936169748,1.0317906198671998,88.45983774735005
0.010669356992161007,2.9782620860003624,73.12449893124565
0.012658846284981404,7.826331755552291,93.6961689415797
0.01427595668714019,6.454636250457812,73.9719624561339
0.010923234219759763,3.690184671772858,52.49524590503
0.017662806850442664,3.412777685867001,57.21536255397197
0.012334581635403425,6.722608889589436,63.680078763370105
0.024200448620450243,7.776619205394647,57.75195894146299
0.01163996610092856,3.6826585858749183,68.71750296018011
0.012762940603850978,2.8131054880849486,98.6893955648757
0.010866580800558377,0.8609158609560241,85.56032048344835
0.010925097605352568,6.018107269296632,68.31351939072431
0.011052331268553458,5.104101728779608,80.68079357632774
0.011070216081653848,7.473211848253638,56.45952857362534
0.015619790145145897,3.891806618721417,68.17759147710706
0.016721084590347192,5.8247253978260485,73.16676738638309
0.015083162704654368,2.6737832074355445,71.89985735340989
0.011568269052239864,5.681563432271451,57.83337196266528
0.01086583852616255,6.997069557894417,58.5399691842312
0.010018115595087616,2.7482608043792034,71.96160745535869
0.02780045074855162,7.384017872312915,55.185062236613334
0.011689359967042954,6.011962945023566,51.074831813318056
0.011569517706403465,6.941521428774433,52.59407217679015
0.012280275766948234,5.525116533864097,76.19418179574244
0.013394583308371238,4.185938257781122,74.59351826501117
0.0114942650771862,6.696522823574669,75.5961767665372
0.013364738314109345,2.1762116221970227,85.16509488869974
0.010702897283207256,2.3806898519030977,66.44149656915216
0.012233414835827504,6.27315770840341,60.4154529650379
0.010028166907299024,3.1524404849877086,76.22520372259774
0.014889953411695012,0.49620664590445873,57.75998556088806
0.010119083148637244,0.38268360358925246,83.05437130499156
0.012389670936169748,1.0317906198671998,88.45983774735005
0.010637454133332457,2.9110544757946437,73.38373160665299
0.012136819655276274,6.898854341056191,90.22926637324176
0.01504937505536919,6.778659072703462,72.36236687850035
0.010274336392414362,2.380792530313368,51.72963525398918
0.016301640244434295,4.258318466184464,58.866861029809
0.012333034005552428,7.588684669465433,58.63730506988804
0.021425536161690503,7.474004218655026,62.18232470387483
0.011679001807605715,3.7185624526215006,69.21571082247377
0.012762940603850978,2.8131054880849486,98.6893955648757
0.010336843350345725,0.8014848680194351,84.55185562223362
0.010730395825179116,5.920789586597423,68.95356859968294
0.011016766548042237,4.916106040420539,80.05526387735723
0.01101800527393954,7.728098784332655,55.19327684598991
0.015830480424888913,3.872778323161808,67.41687006325624
0.010935516355806807,4.314862424876278,85.09069911660879
0.014477600859069713,3.5421620182267124,75.66710053198962
0.01156857254083597,5.987799453948155,56.55994671575134
0.010874732643324872,7.0664821709595165,58.642372716584134
0.010018115595087616,2.7482608043792034,71.96160745535869
0.02780045074855162,7.384017872312915,55.185062236613334
0.011689359967042954,6.011962945023566,51.074831813318056
0.011569517706403465,6.941521428774433,52.59407217679015
0.012280275766948234,5.525116533864097,76.19418179574244
0.01233886516434262,4.325484884618874,77.63746465633513
0.0114942650771862,6.696522823574669,75.5961767665372
0.013871135922361073,1.18810578015478,92.8694956334915
0.010274013912166716,2.7236644109457364,60.843056984421324
0.011578661722819098,4.384172846493564,68.74805993376957
0.010028166907299024,3.1524404849877086,76.22520372259774
0.014889953411695012,0.49620664590445873,57.75998556088806
0.010119083148637244,0.38268360358925246,83.05437130499156
0.012389670936169748,1.0317906198671998,88.45983774735005
0.010637454133332457,2.9110544757946437,73.38373160665299
0.012136819655276274,6.898854341056191,90.22926637324176
0.01504937505536919,6.778659072703462,72.36236687850035
0.010274336392414362,2.380792530313368,51.72963525398918
0.018393718756509893,2.5026926489983463,58.98787305825474
0.012284571001191168,7.5382483278974775,58.94926389537908
0.021425536161690503,7.474004218655026,62.18232470387483
0.012137660873191052,4.074159093325001,67.3802686574804
0.01149063702526667,1.6435135136706136,91.16535251260194
0.010336843350345725,0.8014848680194351,84.55185562223362
0.010730395825179116,5.920789586597423,68.95356859968294
0.011016766548042237,4.916106040420539,80.05526387735723
0.01096135708149281,7.01104180066635,57.90107685502869
0.016309416272381787,2.091033485905487,64.38453178866646
0.010934180611449454,4.175493026687331,86.49616988224388
0.01664817836885271,1.7173445759945176,89.92394295924808
0.01240487308588047,4.605054674864282,56.86210812971855
0.010874732643324872,7.0664821709595165,58.642372716584134
0.010029550938183265,2.67841420208189,72.41332151248872
0.02780045074855162,7.384017872312915,55.185062236613334
0.011712610059327144,6.071626295341806,51.06407281205717
0.011569517706403465,6.941521428774433,52.59407217679015
0.01160603670673554,4.814781923470191,76.20346917753098
0.01233886516434262,4.325484884618874,77.63746465633513
0.011693909968779082,6.90887636813563,71.55960365693244
0.014131832663820936,0.8058337008067333,91.50039677303594
0.010421109508788384,2.72895037965194,63.07977603767331
0.011578661722819098,4.384172846493564,68.74805993376957
0.010028166907299024,3.1524404849877086,76.22520372259774
0.014889953411695012,0.49620664590445873,57.75998556088806
0.010119083148637244,0.38268360358925246,83.05437130499156
0.012389670936169748,1.0317906198671998,88.45983774735005
0.010614444984471259,2.165948142767122,74.48048676659701
0.011510495209674773,5.37662006845235,80.31827440434962
0.014040308141671738,6.564846178064036,65.9215765063468
0.010260095580957633,2.284815061359417,51.6017113971771
0.020084763289759486,3.4710957390040833,59.58049620379166
0.012284571001191168,7.5382483278974775,58.94926389537908
0.021425536161690503,7.474004218655026,62.18232470387483
0.012137660873191052,4.074159093325001,67.3802686574804
0.010907624121372684,2.040208606446942,92.9198469768131
0.010336843350345725,0.8014848680194351,84.55185562223362
0.010703896956368461,5.998867622829444,68.64205059781237
0.010554382254491717,3.039829982384024,72.85728015541925
0.01096135708149281,7.01104180066635,57.90107685502869
0.016150149734796324,1.9970351112513258,66.36776215131125
0.011615259662154058,7.344688318345676,89.37206756891295
0.01456276625952903,4.499213371383264,75.12083045171202
0.01240487308588047,4.605054674864282,56.86210812971855
0.010874732643324872,7.0664821709595165,58.642372716584134
0.010481008438644926,4.006920766466661,77.24154310820869
0.025675260191736632,6.814784243704199,56.15044815011291
0.011712610059327144,6.071626295341806,51.06407281205717
0.011569517706403465,6.941521428774433,52.59407217679015
0.01160603670673554,4.814781923470191,76.20346917753098
0.013145583247719028,2.752726542881951,89.19580042080075
0.011693909968779082,6.90887636813563,71.55960365693244
0.014131832663820936,0.8058337008067333,91.50039677303594
0.010421109508788384,2.72895037965194,63.07977603767331
0.012578265270679515,5.178270334760722,63.927547550006395
0.010028166907299024,3.1524404849877086,76.22520372259774
0.014650346635048954,0.81117489196797,58.382866918217196
0.010119083148637244,0.38268360358925246,83.05437130499156
0.012389670936169748,1.0317906198671998,88.45983774735005
0.01058582718099605,1.6271499517193853,76.22183722976324
0.011377702205618801,5.4937765525935625,80.14191884123692
0.01429172362888395,6.866124993059795,67.31428889057021
0.010514519732272496,2.836936672354766,64.27220402015858
0.021272225528694372,3.012370807666272,59.90683577838786
0.012284571001191168,7.5382483278974775,58.94926389537908
0.021425536161690503,7.474004218655026,62.18232470387483
0.012246421591645153,4.122378200721504,66.40884828074005
0.010907624121372684,2.040208606446942,92.9198469768131
0.010295950800353733,0.3807250050982902,86.7501797049498
0.01016911697404031,5.416496664572678,78.55648208071035
0.010554382254491717,3.039829982384024,72.85728015541925
0.010944056553846407,7.002214398888244,57.068437925305155
0.016150149734796324,1.9970351112513258,66.36776215131125
0.011615259662154058,7.344688318345676,89.37206756891295
0.014531379060444568,4.5410828269778385,74.89803120869124
0.01240487308588047,4.605054674864282,56.86210812971855
0.010874732643324872,7.0664821709595165,58.642372716584134
0.010814277815224031,3.4874366929414977,79.20035670962632
0.025675260191736632,6.814784243704199,56.15044815011291
0.011712610059327144,6.071626295341806,51.06407281205717
0.011569517706403465,6.941521428774433,52.59407217679015
0.011782903034511126,5.413395617793691,74.77962517462248
0.014343972125880183,2.8767881250617946,84.08126945575796
0.011733686799809281,7.241174053584155,69.66012638438082
0.014094058819606485,0.8962864812948794,90.92683674287606
0.010421109508788384,2.72895037965194,63.07977603767331
0.012307082005281625,4.668891150094186,68.63366078875725
0.010028166907299024,3.1524404849877086,76.22520372259774
0.014650346635048954,0.81117489196797,58.382866918217196
0.010119083148637244,0.38268360358925246,83.05437130499156
0.012374175072588693,0.6910948923384845,90.47553468340614
0.010745480672786627,4.0226760381533175,67.68566652359021
0.010795480398492749,4.483668170791253,78.45215425544859
0.014301807440633666,6.9082797773469755,67.17661089436598
0.010514519732272496,2.836936672354766,64.27220402015858
0.016473227863916154,5.165301852899084,74.54948653526972
0.012003428288314173,6.609249868549692,62.07880132655756
0.021425536161690503,7.474004218655026,62.18232470387483
0.012704721521258625,2.448865714611544,79.58299138456943
0.010907624121372684,2.040208606446942,92.9198469768131
0.010252472404917144,0.19377442778274445,88.3293198764039
0.01016911697404031,5.416496664572678,78.55648208071035
0.010554382254491717,3.039829982384024,72.85728015541925
0.010944056553846407,7.002214398888244,57.068437925305155
0.016150149734796324,1.9970351112513258,66.36776215131125
0.011053544011940517,4.3972141441281,88.94226629582653
0.015786341759948343,4.560369552459132,73.70413055540186
0.012866162717499928,5.03651607359201,55.05387455421168
0.012067573035013397,6.935164015732391,58.774293291194084
0.010814277815224031,3.4874366929414977,79.20035670962632
0.019813875038284245,6.082384301036634,59.63098511559413
0.011712610059327144,6.071626295341806,51.06407281205717
0.011437941418030416,6.945165672983133,51.88257880178446
0.011782903034511126,5.413395617793691,74.77962517462248
0.01257669343608345,1.8410875101482587,91.98094650045545
0.011357620242059604,7.232139695387992,69.95028268299015
0.012922087437725344,1.1404411323084949,86.01443631575648
0.010558029629158715,3.370710136583049,68.7019756633391
0.013502033812781018,2.48881187435161,80.37207734886843
0.010028166907299024,3.1524404849877086,76.22520372259774
0.014650346635048954,0.81117489196797,58.382866918217196
0.010119083148637244,0.38268360358925246,83.05437130499156
0.012374175072588693,0.6910948923384845,90.47553468340614
0.01025154129717786,4.676744256943801,63.52630193249729
0.010795480398492749,4.483668170791253,78.45215425544859
0.014301807440633666,6.9082797773469755,67.17661089436598
0.010052437704638477,0.428037257433056,61.16019297150059
0.01596756445142858,5.261569843567167,72.0549123151938
0.012003428288314173,6.609249868549692,62.07880132655756
0.018951791759621705,6.769545803179394,60.122131423591654
0.015127708266488859,4.677047289174496,70.94103169787934
0.011154066387125305,2.393665793745483,91.0507017859917
0.010252472404917144,0.19377442778274445,88.3293198764039
0.01016911697404031,5.416496664572678,78.55648208071035
0.010516036366879398,2.723741779892599,74.19547758595967
0.011033816691278049,6.991846189921153,56.125944114733706
0.018986864311384244,2.756345987379149,58.51920887406813
0.011053544011940517,4.3972141441281,88.94226629582653
0.015786341759948343,4.560369552459132,73.70413055540186
0.012866162717499928,5.03651607359201,55.05387455421168
0.012067573035013397,6.935164015732391,58.774293291194084
0.010814277815224031,3.4874366929414977,79.20035670962632
0.02145804683763513,7.049015380708501,55.65853563382248
0.011712610059327144,6.071626295341806,51.06407281205717
0.011437941418030416,6.945165672983133,51.88257880178446
0.011657794476926615,6.412597667264671,71.45849298476689
0.01257669343608345,1.8410875101482587,91.98094650045545
0.011357620242059604,7.232139695387992,69.95028268299015
0.013290515129177343,1.442590907324975,83.01470081512852
0.010558029629158715,3.370710136583049,68.7019756633391
0.013502033812781018,2.48881187435161,80.37207734886843
0.010028166907299024,3.1524404849877086,76.22520372259774
0.014164199364365767,0.785528071207054,65.23725483005163
0.010119083148637244,0.38268360358925246,83.05437130499156
0.012374175072588693,0.6910948923384845,90.47553468340614
0.01025154129717786,4.676744256943801,63.52630193249729
0.010795480398492749,4.483668170791253,78.45215425544859
0.014301807440633666,6.9082797773469755,67.17661089436598
0.010052437704638477,0.428037257433056,61.16019297150059
0.015622825982855177,4.955876773978331,73.0365963010214
0.011997454643095443,6.704605943576827,61.62125990572868
0.01913865190688914,6.814494072981416,60.04901814882291
0.01371371655961748,3.9235258495463223,74.78083056076227
0.011154066387125305,2.393665793745483,91.0507017859917
0.010252472404917144,0.19377442778274445,88.3293198764039
0.010167857861962974,5.414979696941847,78.58295180544438
0.010239671125691316,0.9832054775572754,69.98569909245906
0.010996986965567137,7.006378728122209,55.89983079371128
0.01727402007192494,4.27428185687981,61.68433185725506
0.011053544011940517,4.3972141441281,88.94226629582653
0.01496259114520053,4.006471977918533,77.05955017540175
0.012955482031401027,5.124415778672456,54.32637543514879
0.012067573035013397,6.935164015732391,58.774293291194084
0.010897242305269166,3.3387108262963667,79.80003684006205
0.01846582218039879,7.036819824547756,55.72755438870208
0.011712610059327144,6.071626295341806,51.06407281205717
0.010041046204266456,6.968869269278742,50.40120119982473
0.011699843242784443,6.297795239712974,71.66976488780637
0.01257669343608345,1.8410875101482587,91.98094650045545
0.011357620242059604,7.232139695387992,69.95028268299015
0.013055769188977412,1.14934702957967,83.89041010617888
0.010558029629158715,3.370710136583049,68.7019756633391
0.01339846784447303,2.3237359713585164,81.29983035979194
0.010028166907299024,3.1524404849877086,76.22520372259774
0.01396397752107669,1.005329258240212,66.02269034682737
0.010060627462124425,0.33411135841297135,83.16077088302913
0.012374175072588693,0.6910948923384845,90.47553468340614
0.01025154129717786,4.676744256943801,63.52630193249729
0.01044677681034447,5.05122612851847,75.8529528732346
0.014301807440633666,6.9082797773469755,67.17661089436598
0.010142927287837982,0.6963490821177876,65.4255445626828
0.018599311139311646,5.915345666059466,71.34018503951027
0.01208580202090487,6.992167365996427,61.20085758560376
0.017257416694239542,6.846416324255782,58.05400830085591
0.013076967561007425,3.7468931743171865,74.12627127628495
0.011548439554464817,3.1364900954956414,93.89638156667881
0.010252472404917144,0.19377442778274445,88.3293198764039
0.010167857861962974,5.414979696941847,78.58295180544438
0.010239671125691316,0.9832054775572754,69.98569909245906
0.011549427278131423,7.028055528617052,59.07750118344211
0.019545891158140843,4.144079585100445,61.088428517444896
0.011317561918460632,4.944151727624833,99.7266135233442
0.015178393517984331,4.329823794368446,76.28647549142062
0.012955482031401027,5.124415778672456,54.32637543514879
0.012067573035013397,6.935164015732391,58.774293291194084
0.010284435742008394,2.8070469481921965,87.38439482374105
0.01792018565465425,6.587521585471601,59.13985604920551
0.011712610059327144,6.071626295341806,51.06407281205717
0.010041046204266456,6.968869269278742,50.40120119982473
0.011125514833973681,3.8756706061744577,78.28041052040399
0.01244807172817079,1.793872619760275,90.77040337684132
0.011444481436316557,6.994989430515676,70.3867123721039
0.013055769188977412,1.14934702957967,83.89041010617888
0.010558029629158715,3.370710136583049,68.7019756633391
0.013388468625767775,2.336457986178284,81.38837047601592
0.010028166907299024,3.1524404849877086,76.22520372259774
0.01396397752107669,1.005329258240212,66.02269034682737
0.010060627462124425,0.33411135841297135,83.16077088302913
0.012374175072588693,0.6910948923384845,90.47553468340614
0.01025154129717786,4.676744256943801,63.52630193249729
0.01044677681034447,5.05122612851847,75.8529528732346
0.013696160485932923,5.96947852326374,69.45917326371539
0.010142927287837982,0.6963490821177876,65.4255445626828
0.01743685265678715,6.107524796617642,69.53063092795172
0.01208580202090487,6.992167365996427,61.20085758560376
0.021692507251950238,6.705283210396222,57.258757418534344
0.011494323649792571,2.818646051844057,79.02346119246641
0.011548439554464817,3.1364900954956414,93.89638156667881
0.010252472404917144,0.19377442778274445,88.3293198764039
0.010167857861962974,5.414979696941847,78.58295180544438
0.010239671125691316,0.9832054775572754,69.98569909245906
0.011549427278131423,7.028055528617052,59.07750118344211
0.023333456011323025,4.376632847950988,53.454751252098774
0.011307709430046229,4.983809754814583,99.81287607528681
0.018845479265858577,7.408892122213967,67.32121965512862
0.012955482031401027,5.124415778672456,54.32637543514879
0.011460918395678373,5.502682860109474,62.764025912030085
0.012013087204731316,3.736254511398175,83.33322547674884
0.01792018565465425,6.587521585471601,59.13985604920551
0.01165247280794263,5.829540999963839,52.59887983785105
0.010041046204266456,6.968869269278742,50.40120119982473
0.011125514833973681,3.8756706061744577,78.28041052040399
0.01270382488480602,0.3042303020587127,99.79016617461784
0.011444481436316557,6.994989430515676,70.3867123721039
0.011715941127227762,0.7846645775355349,83.56401783653612
0.010939980271799429,2.8248780305799808,74.23566034880453
0.013391035000895123,1.9724871763439822,82.8129508811237
0.010028166907299024,3.1524404849877086,76.22520372259774
0.013852438402221647,1.1968336660026333,65.74269075404844
0.010060627462124425,0.33411135841297135,83.16077088302913
0.012374175072588693,0.6910948923384845,90.47553468340614
0.01025154129717786,4.676744256943801,63.52630193249729
0.010831206986250915,6.794974887543688,75.51109650896588
0.013366303655228385,5.479958790564025,69.0847199403943
0.010142927287837982,0.6963490821177876,65.4255445626828
0.020498506972909423,6.47780512039896,82.91777028042387
0.01208580202090487,6.992167365996427,61.20085758560376
0.01616712688697672,4.599501486962941,69.05088350425277
0.010591073883552437,2.4744078774911547,80.95115384470799
0.011469122411325423,3.053366939452046,95.01039006811078
0.010252472404917144,0.19377442778274445,88.3293198764039
0.010167857861962974,5.414979696941847,78.58295180544438
0.010239671125691316,0.9832054775572754,69.98569909245906
0.010346583682366808,7.216126616482427,56.941851156443235
0.023333456011323025,4.376632847950988,53.454751252098774
0.011307709430046229,4.983809754814583,99.81287607528681
0.018845479265858577,7.408892122213967,67.32121965512862
0.013214482322276573,5.5968660176842295,51.0682396095779
0.011460918395678373,5.502682860109474,62.764025912030085
0.011562310680487776,3.326226335730906,87.43221298739009
0.01792018565465425,6.587521585471601,59.13985604920551
0.01165247280794263,5.829540999963839,52.59887983785105
0.010041046204266456,6.968869269278742,50.40120119982473
0.0128283801831835,4.4778483491652805,75.91962792572929
0.01270382488480602,0.3042303020587127,99.79016617461784
0.011444481436316557,6.994989430515676,70.3867123721039
0.01291837323938309,1.1119497744919107,83.85693941161135
0.011037905173745581,3.399793488500297,81.04677740575106
0.01301124478159502,1.4938959338289621,85.67487345439407
0.010033709289512601,4.794774462294617,65.11229184336085
0.013852438402221647,1.1968336660026333,65.74269075404844
0.010060627462124425,0.33411135841297135,83.16077088302913
0.012374175072588693,0.6910948923384845,90.47553468340614
0.010403331366159793,3.023870506181477,72.99094036207686
0.010567893841957063,4.587246499435584,78.12505100579996
0.013396414552706473,5.81799830720008,67.67778591141513
0.010142927287837982,0.6963490821177876,65.4255445626828
0.018365200443238316,6.247629264602197,78.1605151685089
0.01208580202090487,6.992167365996427,61.20085758560376
0.01631237934474041,4.751860413968229,68.95708034109498
0.010492611523935004,2.3509197083249487,81.0957682048802
0.011469122411325423,3.053366939452046,95.01039006811078
0.010252472404917144,0.19377442778274445,88.3293198764039
0.010167857861962974,5.414979696941847,78.58295180544438
0.010256534746667822,1.0443418338251433,68.74477599812433
0.010405180384711353,7.165204379964442,59.187093046306614
0.023333456011323025,4.376632847950988,53.454751252098774
0.0112481005805104,5.183610098360147,99.81384570215208
0.018845479265858577,7.408892122213967,67.32121965512862
0.01318759306759696,5.054024340119918,55.64685529217681
0.011460918395678373,5.502682860109474,62.764025912030085
0.011616940053188215,3.435075766995521,87.58760275257758
0.01792018565465425,6.587521585471601,59.13985604920551
0.01165247280794263,5.829540999963839,52.59887983785105
0.010041046204266456,6.968869269278742,50.40120119982473
0.011872823828751718,4.0819354106168095,79.06861264880368
0.01270382488480602,0.3042303020587127,99.79016617461784
0.011444481436316557,6.994989430515676,70.3867123721039
0.01291837323938309,1.1119497744919107,83.85693941161135
0.010822081728714742,2.7478592961340453,77.27972534680447
0.01301124478159502,1.4938959338289621,85.67487345439407
0.010033709289512601,4.794774462294617,65.11229184336085
0.014075130805413578,1.0233628136903619,63.00797394727852
0.010060627462124425,0.33411135841297135,83.16077088302913
0.012374175072588693,0.6910948923384845,90.47553468340614
0.010627579221917526,4.783910920922661,66.3363249319949
0.010567893841957063,4.587246499435584,78.12505100579996
0.012739498200752979,5.532159499428857,70.10413522100744
0.010820945177299273,2.982475309062975,68.25817024822244
0.02095108584200176,6.634223759418682,70.2931208166633
0.012266786483821368,7.278912847329105,59.18293838671492
0.02151905312391722,4.189954040493463,60.80042034802101
0.010492611523935004,2.3509197083249487,81.0957682048802
0.011469122411325423,3.053366939452046,95.01039006811078
0.010252472404917144,0.19377442778274445,88.3293198764039
0.010277712583262044,6.225144878642932,69.60476198314797
0.011615695345029365,2.0572103586092982,68.53214410279496
0.010405180384711353,7.165204379964442,59.187093046306614
0.022371257683443314,4.028134523671422,54.44759765776372
0.0112481005805104,5.183610098360147,99.81384570215208
0.018775499250192944,7.392812367605889,67.41203903472814
0.01318759306759696,5.054024340119918,55.64685529217681
0.011460918395678373,5.502682860109474,62.764025912030085
0.011616940053188215,3.435075766995521,87.58760275257758
0.01792018565465425,6.587521585471601,59.13985604920551
0.01165247280794263,5.829540999963839,52.59887983785105
0.010041046204266456,6.968869269278742,50.40120119982473
0.011563740748345827,5.487017538144095,71.36142437522388
0.01180491467489128,2.554102609063876,83.11726534458455
0.014107537604534056,6.253521998539313,67.85272533060139
0.01291837323938309,1.1119497744919107,83.85693941161135
0.010047605761243757,2.0782649486319333,67.23617031239424
0.015016870707563057,0.8114348823549244,89.32128453001606
0.010033709289512601,4.794774462294617,65.11229184336085
0.014075130805413578,1.0233628136903619,63.00797394727852
0.010060627462124425,0.33411135841297135,83.16077088302913
0.013282325935634595,2.525805838993764,80.40341529815213
0.010648603497558768,4.853186294706135,62.183726312383925
0.010383143546352844,4.9016891522321355,74.66358574696358
0.012894320449382022,6.010890655087678,70.32070274306614
0.011240037069487516,3.39958487676259,68.20646968556798
0.017903563039845825,7.965741336439007,77.03257750645868
0.012266786483821368,7.278912847329105,59.18293838671492
0.022600784819525304,4.650114954391334,60.479624321961644
0.010485955171660044,2.3415806044889393,81.21055650992567
0.011469122411325423,3.053366939452046,95.01039006811078
0.010252472404917144,0.19377442778274445,88.3293198764039
0.010277712583262044,6.225144878642932,69.60476198314797
0.011615695345029365,2.0572103586092982,68.53214410279496
0.010405180384711353,7.165204379964442,59.187093046306614
0.028476824065831158,3.346093243055174,53.65029642750536
0.0112481005805104,5.183610098360147,99.81384570215208
0.018775499250192944,7.392812367605889,67.41203903472814
0.01318759306759696,5.054024340119918,55.64685529217681
0.011702458416143903,5.122318150533154,63.58238466071178
0.012086995930292714,3.4325949220320333,86.64142600075454
0.015054580797351762,6.1062411249878465,60.74769148102909
0.01165247280794263,5.829540999963839,52.59887983785105
0.010041046204266456,6.968869269278742,50.40120119982473
0.011847478710338196,5.615391133609016,72.5202999777969
0.011444341662419203,1.4099701761190238,87.35268912749402
0.011762353948851022,6.728037863734805,70.17067648456108
0.012099703746021599,1.3875181582306992,79.11712097582719
0.010047605761243757,2.0782649486319333,67.23617031239424
0.015622483892354155,0.869759989738675,90.07404990188
0.010033709289512601,4.794774462294617,65.11229184336085
0.014109655620630903,0.9724795199452991,63.115866206025125
0.010060627462124425,0.33411135841297135,83.16077088302913
0.01395782363547334,3.175980270746858,81.13812910927254
0.010648603497558768,4.853186294706135,62.183726312383925
0.010383143546352844,4.9016891522321355,74.66358574696358
0.012561361047112939,5.839244557157128,69.11428053280586
0.011240037069487516,3.39958487676259,68.20646968556798
0.017903563039845825,7.965741336439007,77.03257750645868
0.012266786483821368,7.278912847329105,59.18293838671492
0.026035781806433213,3.776308655213524,60.91063970786019
0.010645803901542907,3.0960374669738875,80.47761745246277
0.011803078425222522,3.4128821221905414,86.16425299607697
0.010252472404917144,0.19377442778274445,88.3293198764039
0.010277712583262044,6.225144878642932,69.60476198314797
0.011615695345029365,2.0572103586092982,68.53214410279496
0.010405180384711353,7.165204379964442,59.187093046306614
0.026498781446946916,3.7528575994804036,54.696243041503706
0.0112481005805104,5.183610098360147,99.81384570215208
0.018775499250192944,7.392812367605889,67.41203903472814
0.012839548494583502,4.5286779482363935,58.70927113294825
0.011702458416143903,5.122318150533154,63.58238466071178
0.012086995930292714,3.4325949220320333,86.64142600075454
0.01574915530839006,5.948042471451103,60.98082947701187
0.01165247280794263,5.829540999963839,52.59887983785105
0.010041046204266456,6.968869269278742,50.40120119982473
0.011847478710338196,5.615391133609016,72.5202999777969
0.011553588748408434,1.1793011366167239,88.29326023541515
0.011762353948851022,6.728037863734805,70.17067648456108
0.012160560712296452,0.8153563728552671,81.49700275897817
0.010047605761243757,2.0782649486319333,67.23617031239424
0.014201114478806218,2.4117030551012304,80.46838715395556
0.010033709289512601,4.794774462294617,65.11229184336085
0.014057456174567967,1.1370556211677574,63.49472747532665
0.010816447027808108,2.5383701885708305,74.14782875575837
0.013096194003739606,4.167754072197852,70.4715257680227
0.010240635441180014,5.184950850127304,62.78644639088056
0.010383143546352844,4.9016891522321355,74.66358574696358
0.012561361047112939,5.839244557157128,69.11428053280586
0.011556441172136825,3.750188759168675,68.46393248476468
0.01792223075557029,7.969503640610267,77.05343594259206
0.012633009377397452,7.741099030802951,56.17314955788284
0.0323917190739627,0.6303889820405768,63.71643813497404
0.010645803901542907,3.0960374669738875,80.47761745246277
0.011803078425222522,3.4128821221905414,86.16425299607697
0.010252472404917144,0.19377442778274445,88.3293198764039
0.010277712583262044,6.225144878642932,69.60476198314797
0.011615695345029365,2.0572103586092982,68.53214410279496
0.010484446468351064,7.0403802583768,59.455653481530845
0.02596156335507879,4.006079545920052,54.85468310894565
0.0112481005805104,5.183610098360147,99.81384570215208
0.018775499250192944,7.392812367605889,67.41203903472814
0.01320489806527957,2.774376648888948,58.407131457891644
0.011658498921602842,4.994115457177684,64.10658964061895
0.012002078800306907,3.4127644673884165,86.27824543823299
0.017782013032729832,7.861574520826247,57.26705254388243
0.011877059711883102,5.670751137618541,52.90517355302521
0.010041046204266456,6.968869269278742,50.40120119982473
0.011417930213585746,4.714827543218191,75.36470824399947
0.011297638149771586,1.6511975545174422,83.38167871178885
0.01114374945530252,6.8145879824604005,63.065911932894274
0.012160560712296452,0.8153563728552671,81.49700275897817
0.010047605761243757,2.0782649486319333,67.23617031239424
0.012825758350980638,3.7485124668698853,76.660122324895
0.010033709289512601,4.794774462294617,65.11229184336085
0.014810536650022865,1.127941252268449,62.109229506104505
0.011170591892493672,2.7995492921816005,77.7711499877295
0.014296490499416475,3.9220025184170986,72.57199982733825
0.010240635441180014,5.184950850127304,62.78644639088056
0.01065730607363388,4.169796095939415,75.74553311546335
0.012561361047112939,5.839244557157128,69.11428053280586
0.011570053295909238,3.800649811535474,68.30852787812381
0.017953586603186317,7.993639027811855,81.47811785978536
0.012633009377397452,7.741099030802951,56.17314955788284
0.03214336855735035,0.6254911889163866,63.992537045979404
0.010645803901542907,3.0960374669738875,80.47761745246277
0.011839268968683946,3.3633871235532427,88.76152575488112
0.010252472404917144,0.19377442778274445,88.3293198764039
0.010277712583262044,6.225144878642932,69.60476198314797
0.011393679542714669,1.1692947293100877,68.3954747847889
0.010484446468351064,7.0403802583768,59.455653481530845
0.02512678371276825,4.399559454869131,55.100882082563444
0.0112481005805104,5.183610098360147,99.81384570215208
0.018775499250192944,7.392812367605889,67.41203903472814
0.01320489806527957,2.774376648888948,58.407131457891644
0.011658498921602842,4.994115457177684,64.10658964061895
0.011964665092388506,3.4326215282749057,87.14517677878202
0.017782013032729832,7.861574520826247,57.26705254388243
0.011361690884041296,6.035132781401959,52.20230873680041
0.010041046204266456,6.968869269278742,50.40120119982473
0.012349719326164013,3.189432865507688,92.25845086726707
0.01095059147345772,2.811438040361312,76.6196270474114
0.01114374945530252,6.8145879824604005,63.065911932894274
0.012160560712296452,0.8153563728552671,81.49700275897817
0.010047605761243757,2.0782649486319333,67.23617031239424
0.015021922566717433,2.528201214565034,88.4463590688033
0.010033709289512601,4.794774462294617,65.11229184336085
0.011275761564048439,1.2304085222090475,61.72515674714794
0.011176361591127932,1.9365291765774035,80.93199530580785
0.01710054657701754,4.852719509605395,69.17985510980381
0.010122311951083639,5.473228074744851,59.106406929774536
0.01065730607363388,4.169796095939415,75.74553311546335
0.012561361047112939,5.839244557157128,69.11428053280586
0.011510749294369906,4.154140944252528,67.73934448039017
0.017953586603186317,7.993639027811855,81.47811785978536
0.012633009377397452,7.741099030802951,56.17314955788284
0.022363369198523053,3.9697245483189056,61.86631140915047
0.010625114492153226,3.2285311963073324,79.44867099733258
0.011706919388532433,3.876861955265698,83.27568082616317
0.010252472404917144,0.19377442778274445,88.3293198764039
0.010277712583262044,6.225144878642932,69.60476198314797
0.011411222728241016,1.4310250012868484,68.38682652683136
0.010484446468351064,7.0403802583768,59.455653481530845
0.02605661613749955,4.440559999860934,53.60090313874661
0.0112481005805104,5.183610098360147,99.81384570215208
0.018775499250192944,7.392812367605889,67.41203903472814
0.013678134906847645,2.710261231117251,66.23072942615408
0.011278262546030737,5.539915965818484,65.50800099743877
0.011964665092388506,3.4326215282749057,87.14517677878202
0.017623550265298674,7.744430732281483,57.71595801489447
0.011369082790619298,5.976765063512532,51.964563357859525
0.010041046204266456,6.968869269278742,50.40120119982473
0.012349719326164013,3.189432865507688,92.25845086726707
0.01095059147345772,2.811438040361312,76.6196270474114
0.011137104663857457,7.808502750734638,59.42565977067311
0.011748119972567148,0.04167939052377401,90.61589865260089
0.010047605761243757,2.0782649486319333,67.23617031239424
0.015021922566717433,2.528201214565034,88.4463590688033
0.010033709289512601,4.794774462294617,65.11229184336085
0.01117132024220165,1.7382191036024344,66.50910893518981
0.011167973598752498,3.191188493885363,76.33675591660798
0.016760208394261594,4.757401264291847,69.59043018804998
0.010122311951083639,5.473228074744851,59.106406929774536
0.011120664261439126,5.759311571756516,82.21245276054395
0.012561361047112939,5.839244557157128,69.11428053280586
0.011182798208832733,4.2963824928784895,67.15605305886886
0.017953586603186317,7.993639027811855,81.47811785978536
0.012633009377397452,7.741099030802951,56.17314955788284
0.022363369198523053,3.9697245483189056,61.86631140915047
0.010522210225849002,2.8484007655883548,83.25021998469886
0.011677508657576613,3.6335928816671546,81.79479806067468
0.010860925771295993,0.6623629270726488,82.94836458186077
0.010277712583262044,6.225144878642932,69.60476198314797
0.011411222728241016,1.4310250012868484,68.38682652683136
0.010484446468351064,7.0403802583768,59.455653481530845
0.024670099118664076,4.2637991773595765,56.70389880188371
0.0112481005805104,5.183610098360147,99.81384570215208
0.018775499250192944,7.392812367605889,67.41203903472814
0.012833570847088832,2.181557078628781,65.50296029719989
0.011085479160850066,5.7750520542209465,62.89642317205359
0.011591947448524636,4.4601068093409415,84.96684566050533
0.01489763008029842,6.6850504908743815,60.372379373700156
0.011369082790619298,5.976765063512532,51.964563357859525
0.010222235383805045,6.998091212728459,54.10117369190377
0.013014543159572284,3.422190771530718,89.02886585164688
0.01095059147345772,2.811438040361312,76.6196270474114
0.011137104663857457,7.808502750734638,59.42565977067311
0.011748119972567148,0.04167939052377401,90.61589865260089
0.010317297143650568,2.775881308852541,74.55475109296879
0.014605322123080765,2.9449138351872164,86.18721370164766
0.010033709289512601,4.794774462294617,65.11229184336085
0.01117132024220165,1.7382191036024344,66.50910893518981
0.010038645178181468,2.568988524269029,77.65302704054662
0.019540789570640968,4.263408686923283,63.3671331366716
0.010122311951083639,5.473228074744851,59.106406929774536
0.011221598424337408,5.745369171526019,80.94412189288593
0.012561361047112939,5.839244557157128,69.11428053280586
0.01119205321722936,6.359101823633121,67.67770236220305
0.017953586603186317,7.993639027811855,81.47811785978536
0.012633009377397452,7.741099030802951,56.17314955788284
0.018295587985663567,3.5212365234875813,67.24613514741067
0.010522210225849002,2.8484007655883548,83.25021998469886
0.01213926898824692,5.61860802431498,69.41274471466997
0.010860925771295993,0.6623629270726488,82.94836458186077
0.010277712583262044,6.225144878642932,69.60476198314797
0.011411222728241016,1.4310250012868484,68.38682652683136
0.011594883654086873,4.743601941084645,62.31423109557813
0.024670099118664076,4.2637991773595765,56.70389880188371
0.0112481005805104,5.183610098360147,99.81384570215208
0.01881601699191194,7.404854138146824,67.42269824332705
0.012833570847088832,2.181557078628781,65.50296029719989
0.011165287515617984,5.8318157261808095,59.82010942023646
0.012877204342190115,2.733986611107481,99.99020599682122
0.01489763008029842,6.6850504908743815,60.372379373700156
0.011369082790619298,5.976765063512532,51.964563357859525
0.010517579848684547,6.924423353893503,54.29006794830639
0.014025203152875417,2.4144048031904055,82.85830146835698
0.010946843043226477,2.7110100310194767,76.96518108890838
0.011137104663857457,7.808502750734638,59.42565977067311
0.011748119972567148,0.04167939052377401,90.61589865260089
0.010317297143650568,2.775881308852541,74.55475109296879
0.015744149496879075,3.0386612230017738,88.31544950637692
0.010033709289512601,4.794774462294617,65.11229184336085
0.010845566973943132,1.651337622625174,66.70628510478508
0.010038645178181468,2.568988524269029,77.65302704054662
0.019540789570640968,4.263408686923283,63.3671331366716
0.010122311951083639,5.473228074744851,59.106406929774536
0.011809398134605404,6.21574917441317,88.77814010494362
0.012561361047112939,5.839244557157128,69.11428053280586
0.01119205321722936,6.359101823633121,67.67770236220305
0.017953586603186317,7.993639027811855,81.47811785978536
0.012053338985393845,7.185146750662398,60.801221402295205
0.018295587985663567,3.5212365234875813,67.24613514741067
0.010522210225849002,2.8484007655883548,83.25021998469886
0.012704420985919979,6.260941909357934,64.11400861455705
0.010860925771295993,0.6623629270726488,82.94836458186077
0.010277712583262044,6.225144878642932,69.60476198314797
0.011791107525347658,1.812085630993339,69.14697723794183
0.011594883654086873,4.743601941084645,62.31423109557813
0.024670099118664076,4.2637991773595765,56.70389880188371
0.0112481005805104,5.183610098360147,99.81384570215208
0.01881601699191194,7.404854138146824,67.42269824332705
0.012833570847088832,2.181557078628781,65.50296029719989
0.011165287515617984,5.8318157261808095,59.82010942023646
0.012195816859361436,4.1618141458664475,79.20918064534686
0.01545288769541578,6.733891868697851,59.27772222040106
0.01133966986371413,5.955845126758045,53.09832174421755
0.010517579848684547,6.924423353893503,54.29006794830639
0.014025203152875417,2.4144048031904055,82.85830146835698
0.010548085342972167,3.8101190215433576,84.33131928901679
0.011137104663857457,7.808502750734638,59.42565977067311
0.010969050966974012,1.19346485125116,84.7082529069005
0.010177310985744377,1.9165364962218794,77.13811769380897
0.015744149496879075,3.0386612230017738,88.31544950637692
0.010059525263369269,4.908397742461697,64.53489310758358
0.010556220096673221,0.45726701409717574,68.40226645157833
0.010038645178181468,2.568988524269029,77.65302704054662
0.019540789570640968,4.263408686923283,63.3671331366716
0.010122311951083639,5.473228074744851,59.106406929774536
0.011809398134605404,6.21574917441317,88.77814010494362
0.012440832203937893,7.4587925694693755,70.71329809341819
0.01119205321722936,6.359101823633121,67.67770236220305
0.017953586603186317,7.993639027811855,81.47811785978536
0.011953259573466012,7.032632422739498,60.69065448861781
0.020260449264663166,4.0375336250191065,66.67193232768294
0.010522210225849002,2.8484007655883548,83.25021998469886
0.01067854544986345,6.857068377356896,63.42819394018654
0.010860925771295993,0.6623629270726488,82.94836458186077
0.010277712583262044,6.225144878642932,69.60476198314797
0.011204729878653605,3.0985296529494293,65.61894415853611
0.011594883654086873,4.743601941084645,62.31423109557813
0.024670099118664076,4.2637991773595765,56.70389880188371
0.0112481005805104,5.183610098360147,99.81384570215208
0.01881601699191194,7.404854138146824,67.42269824332705
0.014635506681517195,1.6616860016307515,51.66720360049875
0.011165287515617984,5.8318157261808095,59.82010942023646
0.012157645864916493,3.940194661090016,78.26014320517042
0.016078487074411806,6.35581705391205,59.90355253819397
0.01133966986371413,5.955845126758045,53.09832174421755
0.010517579848684547,6.924423353893503,54.29006794830639
0.01330315833352282,4.023795792609626,75.13317091073806
0.012323630600967334,3.5465044480177434,85.69273502699419
0.011137104663857457,7.808502750734638,59.42565977067311
0.010926785117950767,0.2144162894828776,87.93607090999558
0.010177310985744377,1.9165364962218794,77.13811769380897
0.015609208005098896,2.6148453964076097,91.9271551086939
0.010059525263369269,4.908397742461697,64.53489310758358
0.01116587110335154,2.990102165654916,66.58918946985246
0.010038645178181468,2.568988524269029,77.65302704054662
0.0165610859943407,5.604444455268484,66.45016488787127
0.010077151902879547,5.254718029878875,56.05554276257005
0.011809398134605404,6.21574917441317,88.77814010494362
0.012039636205497709,7.513121703664837,71.5982919908596
0.01119205321722936,6.359101823633121,67.67770236220305
0.017953586603186317,7.993639027811855,81.47811785978536
0.011993253153501813,6.427515238761295,64.1285893334007
0.018392488376933948,4.8096214002686555,65.18829290479798
0.010522210225849002,2.8484007655883548,83.25021998469886
0.01067854544986345,6.857068377356896,63.42819394018654
0.010860925771295993,0.6623629270726488,82.94836458186077
0.010277712583262044,6.225144878642932,69.60476198314797
0.011204729878653605,3.0985296529494293,65.61894415853611
0.012550840497998435,4.350797572874287,68.30469871842772
0.025755082233008018,4.18944517450092,53.219055295598444
0.0112481005805104,5.183610098360147,99.81384570215208
0.018482962334332623,7.122567230396946,68.0727090782337
0.014635506681517195,1.6616860016307515,51.66720360049875
0.011530977751367948,5.061541467820456,57.10934868773026
0.012157645864916493,3.940194661090016,78.26014320517042
0.02060829200191537,6.352772018104116,52.696787193732156
0.01133966986371413,5.955845126758045,53.09832174421755
0.010517579848684547,6.924423353893503,54.29006794830639
0.013446893759506131,3.7689683989052774,72.60163265910512
0.013615921536162985,5.805285598646399,98.3351379950694
0.011137104663857457,7.808502750734638,59.42565977067311
0.010926785117950767,0.2144162894828776,87.93607090999558
0.010177310985744377,1.9165364962218794,77.13811769380897
0.015229270803028532,2.9369039112463367,89.84136240486092
0.010059525263369269,4.908397742461697,64.53489310758358
0.01116587110335154,2.990102165654916,66.58918946985246
0.010037311445983802,2.4195568830780863,78.49095837283387
0.015116863959570894,5.911976049123503,65.7082410544388
0.010077151902879547,5.254718029878875,56.05554276257005
0.012621964373487535,7.889181131615874,93.8832516040269
0.011664654237758717,7.368086820683136,67.33414508165245
0.01119205321722936,6.359101823633121,67.67770236220305
0.014278235969532682,5.121379383341493,79.42687596137571
0.01230893374679427,5.523920671677423,61.04905470331291
0.018123865779024483,4.59779709469293,67.7689393617764
0.010418142650230104,2.805347243316646,85.0685954215084
0.01067854544986345,6.857068377356896,63.42819394018654
0.010860925771295993,0.6623629270726488,82.94836458186077
0.010277712583262044,6.225144878642932,69.60476198314797
0.012002385746869132,3.460760277004759,57.387074873619554
0.01359630209443595,3.968771263702931,73.48159210989665
0.025755082233008018,4.18944517450092,53.219055295598444
0.0112481005805104,5.183610098360147,99.81384570215208
0.018097996314133342,6.905150420989063,67.99465830347938
0.014635506681517195,1.6616860016307515,51.66720360049875
0.011530977751367948,5.061541467820456,57.10934868773026
0.010139739275844642,3.364101937949058,84.36434680073006
0.02060829200191537,6.352772018104116,52.696787193732156
0.011700217577828551,5.911665227586051,53.10134144319335
0.010517579848684547,6.924423353893503,54.29006794830639
0.013446893759506131,3.7689683989052774,72.60163265910512
0.012954015334500146,4.843512168737343,81.5373842011912
0.011137104663857457,7.808502750734638,59.42565977067311
0.010807662091607767,1.3175536767558071,84.5717612535382
0.010177310985744377,1.9165364962218794,77.13811769380897
0.015229270803028532,2.9369039112463367,89.84136240486092
0.010059525263369269,4.908397742461697,64.53489310758358
0.010861004473857868,2.314306563278137,68.06680071268741
0.010037311445983802,2.4195568830780863,78.49095837283387
0.01806023398889214,5.57665883501409,64.23126451525344
0.010077151902879547,5.254718029878875,56.05554276257005
0.012621964373487535,7.889181131615874,93.8832516040269
0.012377408567421838,7.241415457364483,67.02492347748459
0.01119205321722936,6.359101823633121,67.67770236220305
0.01642266793740254,3.286895979149869,93.08158925468037
0.01230893374679427,5.523920671677423,61.04905470331291
0.02175258690676122,5.575250030967261,62.957592610732014
0.01058627938527253,2.866319987839589,84.61014489660408
0.011033177419728535,7.416154953897085,57.96355100645395
0.010860925771295993,0.6623629270726488,82.94836458186077
0.010277712583262044,6.225144878642932,69.60476198314797
0.011630902031625258,3.190873648229207,57.10034695260604
0.014278889899114399,4.186324778786822,80.37399973495195
0.0191855088539232,3.449683082227354,63.78197951333038
0.0112481005805104,5.183610098360147,99.81384570215208
0.019445809692816857,7.810883804498719,66.55332749935596
0.014635506681517195,1.6616860016307515,51.66720360049875
0.011530977751367948,5.061541467820456,57.10934868773026
0.010139739275844642,3.364101937949058,84.36434680073006
0.01590306429582282,6.294642195147837,60.39779487287784
0.011700217577828551,5.911665227586051,53.10134144319335
0.010517579848684547,6.924423353893503,54.29006794830639
0.013766228946556526,3.878006945107856,73.4433536588021
0.012528565571405595,4.8530494451801305,79.03825460322152
0.011137104663857457,7.808502750734638,59.42565977067311
0.010807662091607767,1.3175536767558071,84.5717612535382
0.010255646677570406,1.635075213746474,76.38114584445111
0.015502827825819389,2.9175964945968427,92.3304165511305
0.010036041149622208,4.805037627109362,65.06013758078021
0.0108620973855324,2.3347286520629265,67.72863688681606
0.010037311445983802,2.4195568830780863,78.49095837283387
0.018543612330934815,6.2525532650016515,55.715197558899895
0.010531517119766066,4.8965737308774075,55.61812427015906
0.012621964373487535,7.889181131615874,93.8832516040269
0.01275942752158086,7.191755992301345,69.60008775675948
0.011492833651408182,7.873468619620077,64.87219848254837
0.017013137997453326,2.8344962974381165,96.92910509783752
0.012330626179437447,5.510102864478219,61.33228232786471
0.02474402189547986,4.9438618587063505,69.70901847847793
0.01058627938527253,2.866319987839589,84.61014489660408
0.011033177419728535,7.416154953897085,57.96355100645395
0.010861084005184287,0.8882264605564201,80.89284441393602
0.010277712583262044,6.225144878642932,69.60476198314797
0.011630902031625258,3.190873648229207,57.10034695260604
0.018220855187458793,3.6114882207237864,94.60187270578574
0.020154629366949745,3.506783843948818,53.5045680799666
0.0112481005805104,5.183610098360147,99.81384570215208
0.019676997717328656,7.970972035019858,66.2728681471959
0.014294892924444982,1.9301679864375925,51.995113287630865
0.011676055811813784,4.049733787422955,56.256165441759975
0.010139739275844642,3.364101937949058,84.36434680073006
0.012571044490868766,4.868587961688325,54.60839870603259
0.011700217577828551,5.911665227586051,53.10134144319335
0.010518413663490746,6.925218573095037,54.296008636812736
0.013766228946556526,3.878006945107856,73.4433536588021
0.01224038941511189,4.968949861652905,77.99900246728865
0.010982391901353254,6.728152406844701,62.399199343157036
0.010807662091607767,1.3175536767558071,84.5717612535382
0.01025110794350853,1.6216384867841462,76.45428925414524
0.01770222948505894,3.5106895465690267,94.64809389648349
0.010118988008569217,4.55698627031168,65.3280898410692
0.0108620973855324,2.3347286520629265,67.72863688681606
0.010020835513216933,2.403211726221582,78.7079502660431
0.018543612330934815,6.2525532650016515,55.715197558899895
0.010456734527449751,4.819533074660761,55.148802220965194
0.012187940763708062,6.426791973646341,92.35197927928306
0.01275942752158086,7.191755992301345,69.60008775675948
0.011492833651408182,7.873468619620077,64.87219848254837
0.017013137997453326,2.8344962974381165,96.92910509783752
0.012330626179437447,5.510102864478219,61.33228232786471
0.024714534582930013,4.949392655563409,69.70875046154407
0.010736241255949979,3.2803676958476404,80.36505004374254
0.011039818391075047,7.449474964313323,57.82666318446549
0.010861084005184287,0.8882264605564201,80.89284441393602
0.010277712583262044,6.225144878642932,69.60476198314797
0.011498429754989875,3.8804800578035294,71.88178105097678
0.018220855187458793,3.6114882207237864,94.60187270578574
0.020154629366949745,3.506783843948818,53.5045680799666
0.0112481005805104,5.183610098360147,99.81384570215208
0.019676997717328656,7.970972035019858,66.2728681471959
0.014294892924444982,1.9301679864375925,51.995113287630865
0.011733619437156763,4.102400615508108,56.150184853124834
0.010139739275844642,3.364101937949058,84.36434680073006
0.012571044490868766,4.868587961688325,54.60839870603259
0.01170104682538498,5.944215065137874,53.05349985889566
0.010518413663490746,6.925218573095037,54.296008636812736
0.013663664168799073,3.8121702557687898,73.5312072319538
0.01224038941511189,4.968949861652905,77.99900246728865
0.010877393582158276,6.30162005173506,60.820043635017115
0.010767458466038039,1.6406516246091858,87.34039654230747
0.01025110794350853,1.6216384867841462,76.45428925414524
0.01770222948505894,3.5106895465690267,94.64809389648349
0.010118988008569217,4.55698627031168,65.3280898410692
0.0108620973855324,2.3347286520629265,67.72863688681606
0.010443990255459298,3.9757443848361387,74.73059198835662
0.019678555128729923,6.820119769433168,51.5716798017295
0.010456734527449751,4.819533074660761,55.148802220965194
0.012187940763708062,6.426791973646341,92.35197927928306
0.010658453861524218,7.58582576370425,69.58099152621872
0.011437898389970353,7.401435059579912,66.57379561372117
0.017631703128552844,4.02721855841192,89.81053234158179
0.013370694384230658,7.454913010807165,53.76903122241745
0.024714534582930013,4.949392655563409,69.70875046154407
0.010736241255949979,3.2803676958476404,80.36505004374254
0.011042878480529204,7.463364417698843,57.73644035360791
0.010922297570686721,3.1021971396072887,73.09565446051
0.013953153076309299,6.907822734765498,68.30187805649615
0.011498429754989875,3.8804800578035294,71.88178105097678
0.018220855187458793,3.6114882207237864,94.60187270578574
0.01964369325575644,3.660707143577517,53.90746186409944
0.0112481005805104,5.183610098360147,99.81384570215208
0.017324548744957265,7.193037909465034,75.63393127333497
0.014294892924444982,1.9301679864375925,51.995113287630865
0.011733619437156763,4.102400615508108,56.150184853124834
0.010139739275844642,3.364101937949058,84.36434680073006
0.012571044490868766,4.868587961688325,54.60839870603259
0.010156055737904344,4.546306357058189,52.39139031751537
0.010255189335219702,7.273378524335062,54.45638331143953
0.012243935231624908,3.735227891732227,67.70660995097373
0.01224038941511189,4.968949861652905,77.99900246728865
0.010877393582158276,6.30162005173506,60.820043635017115
0.010767458466038039,1.6406516246091858,87.34039654230747
0.01079626409432988,1.66323237845713,73.1568661010776
0.01662765240742334,3.475159974436019,92.44478389677901
0.010174363898903678,4.307946972285099,67.20782247631405
0.010819268512991231,1.788720197966964,63.910321195581766
0.010443990255459298,3.9757443848361387,74.73059198835662
0.019678555128729923,6.820119769433168,51.5716798017295
0.010456734527449751,4.819533074660761,55.148802220965194
0.012187940763708062,6.426791973646341,92.35197927928306
0.010658453861524218,7.58582576370425,69.58099152621872
0.012387284437672041,7.504228800263762,76.30070362023879
0.016221327308695632,3.8435897290802066,93.81331954360228
0.013370694384230658,7.454913010807165,53.76903122241745
0.024714534582930013,4.949392655563409,69.70875046154407
0.010736241255949979,3.2803676958476404,80.36505004374254
0.011042878480529204,7.463364417698843,57.73644035360791
0.010922297570686721,3.1021971396072887,73.09565446051
0.014193823892694512,7.21202322978688,69.61952329157116
0.011498429754989875,3.8804800578035294,71.88178105097678
0.018076334728309506,3.687439371921756,94.12371384055996
0.019576847847452044,3.6618472316219974,55.622622586271866
0.011161061150369465,4.627553240825742,92.6759861061723
0.017324548744957265,7.193037909465034,75.63393127333497
0.014294892924444982,1.9301679864375925,51.995113287630865
0.011733619437156763,4.102400615508108,56.150184853124834
0.010139739275844642,3.364101937949058,84.36434680073006
0.012571044490868766,4.868587961688325,54.60839870603259
0.01016495109725801,4.528679593099673,53.08153065992215
0.010255189335219702,7.273378524335062,54.45638331143953
0.012544841682105666,3.170119645152614,69.22300151279964
0.012744110474726083,5.8302856223805986,99.71636939642889
0.010877393582158276,6.30162005173506,60.820043635017115
0.012492526620943207,3.101397833111257,84.26060816316433
0.01079626409432988,1.66323237845713,73.1568661010776
0.018815989045247932,2.0202987213654993,92.49052735061642
0.010374721448854185,5.664611671813832,68.19004142975677
0.010777738143158902,1.6394675028930417,63.597049598331076
0.010443990255459298,3.9757443848361387,74.73059198835662
0.018892049708875546,5.957808103581836,62.1085342456697
0.010456734527449751,4.819533074660761,55.148802220965194
0.012187940763708062,6.426791973646341,92.35197927928306
0.010658453861524218,7.58582576370425,69.58099152621872
0.012391763577484982,7.439985219532776,75.77195504357377
0.014497351468199556,5.462598935763187,85.69153891513363
0.012998597425102235,6.97879237836459,60.32086950007315
0.021651711587899025,4.539188502490468,70.46087554761871
0.010810914666073129,3.102691148634,81.804717304026
0.011042878480529204,7.463364417698843,57.73644035360791
0.010922297570686721,3.1021971396072887,73.09565446051
0.014336387698189004,7.3911177531581504,69.46804338920626
0.011976288538191493,2.576366784971624,78.5795035736718
0.019493153515159033,3.8950497182914923,95.7657159909679
0.019000963003484334,3.4183384502830947,51.504219616080775
0.011161061150369465,4.627553240825742,92.6759861061723
0.02022648782841883,7.0008341704708315,91.68171711086842
0.014294892924444982,1.9301679864375925,51.995113287630865
0.011761704025223462,4.076641325153675,54.35855576370252
0.010139739275844642,3.364101937949058,84.36434680073006
0.012571044490868766,4.868587961688325,54.60839870603259
0.01016495109725801,4.528679593099673,53.08153065992215
0.010255189335219702,7.273378524335062,54.45638331143953
0.012538257413591283,2.743326794036834,72.89537381383082
0.012761055815496702,5.812111307609779,99.94074713155294
0.010877393582158276,6.30162005173506,60.820043635017115
0.012492526620943207,3.101397833111257,84.26060816316433
0.01079626409432988,1.66323237845713,73.1568661010776
0.018815989045247932,2.0202987213654993,92.49052735061642
0.010374721448854185,5.664611671813832,68.19004142975677
0.010777738143158902,1.6394675028930417,63.597049598331076
0.010443990255459298,3.9757443848361387,74.73059198835662
0.018892049708875546,5.957808103581836,62.1085342456697
0.010456734527449751,4.819533074660761,55.148802220965194
0.012134650863879702,6.987117868827376,95.31170316508602
0.010658453861524218,7.58582576370425,69.58099152621872
0.012434559248420378,7.5153636862231705,72.51962022495213
0.014497351468199556,5.462598935763187,85.69153891513363
0.012998597425102235,6.97879237836459,60.32086950007315
0.022869682511904202,4.495006840570802,72.58713517812888
0.010810914666073129,3.102691148634,81.804717304026
0.011042878480529204,7.463364417698843,57.73644035360791
0.010217029014928412,1.7854120329264704,77.43493817235446
0.014336387698189004,7.3911177531581504,69.46804338920626
0.011976288538191493,2.576366784971624,78.5795035736718
0.019493153515159033,3.8950497182914923,95.7657159909679
0.020485754066942294,3.174842941908434,50.87087469828684
0.011161061150369465,4.627553240825742,92.6759861061723
0.01910075807028252,7.031603612361098,87.47908833156188
0.014294892924444982,1.9301679864375925,51.995113287630865
0.012152395022686516,2.235913442117158,52.52263172137242
0.010139739275844642,3.364101937949058,84.36434680073006
0.012571044490868766,4.868587961688325,54.60839870603259
0.01016495109725801,4.528679593099673,53.08153065992215
0.010255189335219702,7.273378524335062,54.45638331143953
0.011487896798801047,0.028364140298235974,74.89741611451055
0.012761055815496702,5.812111307609779,99.94074713155294
0.010842504209711954,6.314003264143709,60.86005354162145
0.012492526620943207,3.101397833111257,84.26060816316433
0.01079626409432988,1.66323237845713,73.1568661010776
0.019960272176943565,1.8246648432377546,93.9797996937592
0.010374721448854185,5.664611671813832,68.19004142975677
0.010777738143158902,1.6394675028930417,63.597049598331076
0.010443990255459298,3.9757443848361387,74.73059198835662
0.02045690228609042,6.258481251754732,64.14380515790229
0.01047299618590714,4.651969806071361,52.56296857703782
0.012134650863879702,6.987117868827376,95.31170316508602
0.010658453861524218,7.58582576370425,69.58099152621872
0.012160509356960843,5.347947609095163,73.20796981113087
0.014698820920147229,5.826396509167448,86.41415687878353
0.012730074646516522,6.456270956651276,64.44988662247684
0.019721567989198316,5.291835089189977,71.81213662893506
0.010810914666073129,3.102691148634,81.804717304026
0.010915426287709772,7.503965269757711,61.663384532725765
0.010245794696920234,0.27014479905097755,90.88675051926097
0.014336387698189004,7.3911177531581504,69.46804338920626
0.011976288538191493,2.576366784971624,78.5795035736718
0.016507822021493295,5.149496290890157,95.58152379156743
0.020485754066942294,3.174842941908434,50.87087469828684
0.011161061150369465,4.627553240825742,92.6759861061723
0.01910075807028252,7.031603612361098,87.47908833156188
0.014294892924444982,1.9301679864375925,51.995113287630865
0.012152395022686516,2.235913442117158,52.52263172137242
0.010139739275844642,3.364101937949058,84.36434680073006
0.01246972671590835,4.723813220616279,53.75556389761768
0.01016495109725801,4.528679593099673,53.08153065992215
0.010233246643059682,6.605966514964923,54.12206862202328
0.011243552924747297,1.265530016314223,73.42513601481105
0.01154745029649222,6.519811407721294,77.9124086725958
0.01050476838909938,6.97157732142243,56.07029707279948
0.012492526620943207,3.101397833111257,84.26060816316433
0.010827382006998832,0.32589523023733236,73.96430797582212
0.016414714492909092,4.134177472032352,79.50230074613174
0.010374721448854185,5.664611671813832,68.19004142975677
0.010762693563745984,0.9759385250637416,55.340406687604
0.010111501869780246,4.279390746890893,73.89542926968475
0.02045690228609042,6.258481251754732,64.14380515790229
0.01047299618590714,4.651969806071361,52.56296857703782
0.012134650863879702,6.987117868827376,95.31170316508602
0.011579190328985377,7.352775529503662,69.80765717682502
0.012160509356960843,5.347947609095163,73.20796981113087
0.014135569766641633,6.037156374636395,83.55980262527179
0.012861983856581112,6.44836243318871,64.99551263766273
0.01710746330854791,6.439304736967289,71.083523717674
0.010798654968434419,5.169975631146336,87.64178888474902
0.010915426287709772,7.503965269757711,61.663384532725765
0.010245794696920234,0.27014479905097755,90.88675051926097
0.014338391258876248,7.654797809232541,70.3117177289785
0.012075312675569293,2.708335843347319,77.87524535372503
0.016507822021493295,5.149496290890157,95.58152379156743
0.020485754066942294,3.174842941908434,50.87087469828684
0.011039239159767993,3.182671503281634,86.21284022456145
0.015839892915610988,5.539438313572065,85.68812885289773
0.014294892924444982,1.9301679864375925,51.995113287630865
0.012152395022686516,2.235913442117158,52.52263172137242
0.010628214141633441,3.1545846486409204,82.82572729463763
0.01246972671590835,4.723813220616279,53.75556389761768
0.01016495109725801,4.528679593099673,53.08153065992215
0.010233246643059682,6.605966514964923,54.12206862202328
0.011243552924747297,1.265530016314223,73.42513601481105
0.011374849874535293,6.219761135292321,73.84027193472932
0.010644826797460046,6.834235190201656,57.519965356261
0.011659492824863275,3.1251633849346736,83.61945799649602
0.010825475900870171,0.647311282894266,74.87184079117607
0.015226615965507164,4.690156161424763,74.975838242163
0.010374721448854185,5.664611671813832,68.19004142975677
0.010762693563745984,0.9759385250637416,55.340406687604
0.010111501869780246,4.279390746890893,73.89542926968475
0.02045690228609042,6.258481251754732,64.14380515790229
0.01047299618590714,4.651969806071361,52.56296857703782
0.01162569440399926,5.692279186714167,91.09325974603533
0.011579190328985377,7.352775529503662,69.80765717682502
0.012160509356960843,5.347947609095163,73.20796981113087
0.01375129533964683,5.891823656212352,80.30763843526269
0.012861983856581112,6.44836243318871,64.99551263766273
0.018015820742371787,6.587482216220365,68.58698801034186
0.010798654968434419,5.169975631146336,87.64178888474902
0.010915426287709772,7.503965269757711,61.663384532725765
0.010245794696920234,0.27014479905097755,90.88675051926097
0.014338391258876248,7.654797809232541,70.3117177289785
0.012075312675569293,2.708335843347319,77.87524535372503
0.016507822021493295,5.149496290890157,95.58152379156743
0.020485754066942294,3.174842941908434,50.87087469828684
0.010935208903357297,3.0787526408274037,86.43935457955726
0.01632769375791469,6.51859168742759,94.55932821909417
0.014002444261797482,1.8511624996741267,52.272087059799844
0.011899967545436988,1.933704491463956,56.774250656737806
0.010762007763999206,3.494969674306838,83.93466464050096
0.013748186098560926,7.530733264006015,52.568617333445395
0.01016495109725801,4.528679593099673,53.08153065992215
0.010233246643059682,6.605966514964923,54.12206862202328
0.011243552924747297,1.265530016314223,73.42513601481105
0.01184146393551969,5.827003367579672,84.27183878272434
0.010644826797460046,6.834235190201656,57.519965356261
0.011650232925904972,3.8284871595684686,85.66708765687477
0.010825475900870171,0.647311282894266,74.87184079117607
0.01195344361074049,3.7086805759003076,81.75464709968006
0.010398196319579112,5.788150666338606,67.68121437954615
0.010610951989291661,1.8778294789719796,54.76697343807853
0.010111501869780246,4.279390746890893,73.89542926968475
0.020455906548656783,6.364904287222683,64.60188272963207
0.010470309571678299,4.653096927285704,52.46127776454006
0.01155912437882281,5.735139173452029,93.31949555836914
0.011579190328985377,7.352775529503662,69.80765717682502
0.012160509356960843,5.347947609095163,73.20796981113087
0.014992761231109836,5.975362751723207,84.7629188038787
0.012861983856581112,6.44836243318871,64.99551263766273
0.018015820742371787,6.587482216220365,68.58698801034186
0.010798654968434419,5.169975631146336,87.64178888474902
0.010902407746661673,7.471744556689107,61.464044642696756
0.010245794696920234,0.27014479905097755,90.88675051926097
0.014218520284787702,7.682153782791525,70.43255655474826
0.01233546508443105,2.500213087119426,78.40246454308775
0.016507822021493295,5.149496290890157,95.58152379156743
0.020485754066942294,3.174842941908434,50.87087469828684
0.010593626489980338,3.369252669979253,96.8702802576388
0.01632769375791469,6.51859168742759,94.55932821909417
0.014002444261797482,1.8511624996741267,52.272087059799844
0.011879736708431982,2.275475469159537,57.59624395739871
0.010762007763999206,3.494969674306838,83.93466464050096
0.013748186098560926,7.530733264006015,52.568617333445395
0.01016495109725801,4.528679593099673,53.08153065992215
0.010233246643059682,6.605966514964923,54.12206862202328
0.011241716077852366,1.2322162739291471,73.44493343514361
0.01184146393551969,5.827003367579672,84.27183878272434
0.010644826797460046,6.834235190201656,57.519965356261
0.011365059139171067,4.27772066067511,86.32836948301981
0.01084136390996427,0.9993545290556995,76.54667662087525
0.011961480797613609,3.7282613305202306,81.79228597748586
0.010398196319579112,5.788150666338606,67.68121437954615
0.010610951989291661,1.8778294789719796,54.76697343807853
0.010111501869780246,4.279390746890893,73.89542926968475
0.019208769084310823,6.424563383583509,63.701663314469705
0.010431019819490349,4.976756820472717,52.73652983202593
0.011155474028146883,6.322272939390176,92.08903210620194
0.011579190328985377,7.352775529503662,69.80765717682502
0.012160509356960843,5.347947609095163,73.20796981113087
0.014992761231109836,5.975362751723207,84.7629188038787
0.012861983856581112,6.44836243318871,64.99551263766273
0.01863042243283413,6.82983544589878,65.53374425298557
0.010828367840917378,5.691113437597565,92.8457830020975
0.010902407746661673,7.471744556689107,61.464044642696756
0.010237020131950214,0.5321050972986434,89.77655382889354
0.01414429876996378,7.700858314009721,70.53266721305037
0.01210524933199892,2.1991423179276146,77.85142443215082
0.015360443794409907,4.786513589076041,92.09813795182646
0.020485754066942294,3.174842941908434,50.87087469828684
0.012475188528827496,4.402668649562916,96.11197041819241
0.01632769375791469,6.51859168742759,94.55932821909417
0.014002444261797482,1.8511624996741267,52.272087059799844
0.012015563449421247,2.1272821845841694,54.39559154340446
0.010792681288216633,3.4615034343737037,83.21186669499201
0.013748186098560926,7.530733264006015,52.568617333445395
0.01016495109725801,4.528679593099673,53.08153065992215
0.010719260834554226,5.992864612926571,53.88352520132969
0.010204676339434934,0.15431508740180355,69.13967143420574
0.011949458046352944,5.736102708033538,86.68614190931734
0.01071537863186891,7.133481182584208,54.613208800308655
0.011365059139171067,4.27772066067511,86.32836948301981
0.01084136390996427,0.9993545290556995,76.54667662087525
0.011961480797613609,3.7282613305202306,81.79228597748586
0.010398196319579112,5.788150666338606,67.68121437954615
0.010610951989291661,1.8778294789719796,54.76697343807853
0.010111501869780246,4.279390746890893,73.89542926968475
0.018847728379742166,6.3650131405935895,63.25065253724721
0.010431019819490349,4.976756820472717,52.73652983202593
0.011135036438925418,5.9759370093054685,91.07776803492351
0.011782549157374535,7.404401875396837,73.38473911514855
0.013325837563427987,5.1434887639570475,80.08725005563743
0.015125717080125108,6.0152037939924945,85.63541083274427
0.012717790487545027,6.3075221459280835,64.37287231369385
0.021076255324001064,6.736005677078389,68.90830609635208
0.010828367840917378,5.691113437597565,92.8457830020975
0.010624039580694761,6.348159941722036,65.83940944930156
0.010237020131950214,0.5321050972986434,89.77655382889354
0.01414429876996378,7.700858314009721,70.53266721305037
0.011161362980018975,3.1839802364878356,75.97856444706768
0.015360443794409907,4.786513589076041,92.09813795182646
0.019268157523770934,3.3614710058252366,57.74746805436659
0.012475188528827496,4.402668649562916,96.11197041819241
0.016668261314510602,6.15293070262078,90.29574047636237
0.014002444261797482,1.8511624996741267,52.272087059799844
0.011930733759025786,1.8627277056490241,54.48504071265564
0.011018165188301711,4.729720187202424,88.60817071715229
0.013748186098560926,7.530733264006015,52.568617333445395
0.01016495109725801,4.528679593099673,53.08153065992215
0.012156720193234206,6.72270225903292,53.25949969533489
0.010204676339434934,0.15431508740180355,69.13967143420574
0.011195593702598336,5.061265951268474,92.23439352970104
0.01071537863186891,7.133481182584208,54.613208800308655
0.0114352603026212,4.168052627569528,87.68228645735478
0.010939897600238772,0.6236822184552822,85.86058069936065
0.01216660987950614,3.4655798538843325,83.60945933554657
0.010382771821962202,5.74990351346396,67.80700478664987
0.010610951989291661,1.8778294789719796,54.76697343807853
0.010111501869780246,4.279390746890893,73.89542926968475
0.018847728379742166,6.3650131405935895,63.25065253724721
0.010427434006431981,4.979681998896198,52.66845327777433
0.011135036438925418,5.9759370093054685,91.07776803492351
0.011972871081629859,7.577923097269065,74.62429870969277
0.013538837447689956,5.016680799350198,81.72702974363592
0.014037208763285815,6.291203981346981,77.97887260667537
0.012602302836714659,6.114869909276763,66.47180886374738
0.019874155225164458,6.647892441963427,68.56266885463712
0.010683520738140833,5.578626226067455,97.16237749351782
0.010624039580694761,6.348159941722036,65.83940944930156
0.010237020131950214,0.5321050972986434,89.77655382889354
0.01414429876996378,7.700858314009721,70.53266721305037
0.011126588250672765,2.9956910826974266,76.03659741603813
0.015544594226538734,3.8225677813854415,97.16834904959558
0.016791170601048795,3.6790690335209844,56.477864206362206
0.012475188528827496,4.402668649562916,96.11197041819241
0.01348313754576451,3.36917174734542,90.0386091257682
0.014002444261797482,1.8511624996741267,52.272087059799844
0.01176116163067747,2.3954679650137396,60.825749746912265
0.010317226965744152,4.1168287600341,98.40291434120628
0.012624170733036665,6.667247902656674,52.60241002026575
0.01016495109725801,4.528679593099673,53.08153065992215
0.012156720193234206,6.72270225903292,53.25949969533489
0.010204676339434934,0.15431508740180355,69.13967143420574
0.011195593702598336,5.061265951268474,92.23439352970104
0.01071537863186891,7.133481182584208,54.613208800308655
0.0114352603026212,4.168052627569528,87.68228645735478
0.010939897600238772,0.6236822184552822,85.86058069936065
0.012447702141208125,2.940306576516192,86.8475765979693
0.010382771821962202,5.74990351346396,67.80700478664987
0.010610951989291661,1.8778294789719796,54.76697343807853
0.010111501869780246,4.279390746890893,73.89542926968475
0.0216553946276274,6.56903338890235,61.739396532942465
0.010427434006431981,4.979681998896198,52.66845327777433
0.011200124682262955,5.583989423540607,90.34163091228338
0.011933836666425031,7.759501593897168,79.1604230793816
0.013538837447689956,5.016680799350198,81.72702974363592
0.016279015420631253,7.261526563774893,66.73240852669038
0.012574707343077937,6.152513731327083,65.65355393636641
0.017936160839723818,5.653662318319908,75.07497311592314
0.010688722353229244,5.587699192317524,97.0874850318742
0.010660620742141849,6.662679993447042,61.343331888837064
0.010237020131950214,0.5321050972986434,89.77655382889354
0.01414429876996378,7.700858314009721,70.53266721305037
0.011126588250672765,2.9956910826974266,76.03659741603813
0.015544594226538734,3.8225677813854415,97.16834904959558
0.015651635289449007,4.04730283040554,58.49240109558432
0.012475188528827496,4.402668649562916,96.11197041819241
0.014945162993907187,2.97447805306602,97.03869514682037
0.014002444261797482,1.8511624996741267,52.272087059799844
0.01176116163067747,2.3954679650137396,60.825749746912265
0.010317226965744152,4.1168287600341,98.40291434120628
0.012624170733036665,6.667247902656674,52.60241002026575
0.01016495109725801,4.528679593099673,53.08153065992215
0.012156720193234206,6.72270225903292,53.25949969533489
0.010204676339434934,0.15431508740180355,69.13967143420574
0.011470639293201646,5.259635979393391,96.88718317653125
0.01071537863186891,7.133481182584208,54.613208800308655
0.011053690630192566,4.630766277550468,87.99687239748464
0.0107479790990888,2.2550116611220328,73.43007164132315
0.012386718366108168,2.875677809682424,85.72083856792062
0.010382771821962202,5.74990351346396,67.80700478664987
0.010737184873658939,1.1275519304095445,55.24400903850649
0.010074603500633607,4.326053203381719,73.81759785143667
0.018898566912723142,6.322343304340958,70.62528165875574
0.010427434006431981,4.979681998896198,52.66845327777433
0.011200124682262955,5.583989423540607,90.34163091228338
0.012121066547624846,7.920792207714525,81.78047503075037
0.014579451790245371,6.461215114053973,91.56358529495412
0.016279015420631253,7.261526563774893,66.73240852669038
0.01290064381459636,5.335225668726734,58.7841785223938
0.017622310905007647,5.65041607186772,75.78628752111896
0.013368105543531631,6.389951394210608,82.53853728482335
0.010660620742141849,6.662679993447042,61.343331888837064
0.010237020131950214,0.5321050972986434,89.77655382889354
0.014482081882202659,7.876053013788715,70.77743024413573
0.011126588250672765,2.9956910826974266,76.03659741603813
0.015544594226538734,3.8225677813854415,97.16834904959558
0.020511895783285945,1.0086377522849803,62.311871266725646
0.012475188528827496,4.402668649562916,96.11197041819241
0.014945162993907187,2.97447805306602,97.03869514682037
0.01479922400388253,0.7039685664286228,50.1092606649412
0.011787882277273416,2.2918619420576496,60.81318308115471
0.010317226965744152,4.1168287600341,98.40291434120628
0.012624170733036665,6.667247902656674,52.60241002026575
0.01016495109725801,4.528679593099673,53.08153065992215
0.01172175399452628,7.870736879739918,53.492194889567884
0.010204676339434934,0.15431508740180355,69.13967143420574
0.011470639293201646,5.259635979393391,96.88718317653125
0.01071537863186891,7.133481182584208,54.613208800308655
0.011053690630192566,4.630766277550468,87.99687239748464
0.0107479790990888,2.2550116611220328,73.43007164132315
0.012471053593470586,2.0546024829434506,81.48923859605492
0.010154404688124513,5.852821372972901,61.70244042935765
0.010737184873658939,1.1275519304095445,55.24400903850649
0.010074603500633607,4.326053203381719,73.81759785143667
0.018898566912723142,6.322343304340958,70.62528165875574
0.010427434006431981,4.979681998896198,52.66845327777433
0.011200124682262955,5.583989423540607,90.34163091228338
0.012121066547624846,7.920792207714525,81.78047503075037
0.014579451790245371,6.461215114053973,91.56358529495412
0.01679145905568718,7.838949162016955,64.23247083487784
0.013020236439352746,5.5223359550110915,57.28210336953256
0.01977071523390303,6.045569000209897,68.21336672503833
0.013368105543531631,6.389951394210608,82.53853728482335
0.010660620742141849,6.662679993447042,61.343331888837064
0.010333291111546891,1.0370864648339602,89.83303837602594
0.014475280142792481,7.865814179799578,70.78226208101336
0.01126464736420325,2.775604916052334,79.33218157283663
0.015544594226538734,3.8225677813854415,97.16834904959558
0.020511895783285945,1.0086377522849803,62.311871266725646
0.012204076911021709,4.653848060730123,94.88504669750918
0.015540925427788212,2.559355772345855,98.1040672354903
0.013066991103819023,2.133597422373783,51.22025778939146
0.011787882277273416,2.2918619420576496,60.81318308115471
0.010317226965744152,4.1168287600341,98.40291434120628
0.01278129493986984,6.711425942851725,53.04091197631838
0.01016495109725801,4.528679593099673,53.08153065992215
0.01172175399452628,7.870736879739918,53.492194889567884
0.010204676339434934,0.15431508740180355,69.13967143420574
0.011470639293201646,5.259635979393391,96.88718317653125
0.01071537863186891,7.133481182584208,54.613208800308655
0.01009554690450174,5.892275665699135,89.63282300413795
0.0107479790990888,2.2550116611220328,73.43007164132315
0.013038427080488878,2.5303276447740823,84.58087612961566
0.010181267783469944,5.566410104428444,67.75743698345063
0.010772714799824109,1.1355100412146986,52.20126420367537
0.010074603500633607,4.326053203381719,73.81759785143667
0.01904944738462588,6.274461726627948,70.20802365968487
0.010431434235088815,5.009603339510146,52.695470509854886
0.01200678623076785,5.358851219161384,90.85926588221368
0.01212252977000147,7.920975628133927,81.88413329087173
0.015061533052081142,6.489576042300873,95.15529703274632
0.01679145905568718,7.838949162016955,64.23247083487784
0.012906110544482137,5.304748631899821,57.762737956735826
0.01975317879297805,6.051134150214864,68.26186352624066
0.013368105543531631,6.389951394210608,82.53853728482335
0.010768710219097557,7.093665209733213,59.04248340213803
0.010333291111546891,1.0370864648339602,89.83303837602594
0.014554260256296305,7.567177825593985,72.73115265991544
0.01126464736420325,2.775604916052334,79.33218157283663
0.015544594226538734,3.8225677813854415,97.16834904959558
0.015419051140205552,2.741229041443009,57.768627619483084
0.012204076911021709,4.653848060730123,94.88504669750918
0.013251812863984466,1.8770624372777265,77.6800879221739
0.013066991103819023,2.133597422373783,51.22025778939146
0.011863859457083323,2.139636187432706,61.26787127303081
0.010317226965744152,4.1168287600341,98.40291434120628
0.012761208220734996,6.6398239017673175,54.497053918493044
0.01016495109725801,4.528679593099673,53.08153065992215
0.01172175399452628,7.870736879739918,53.492194889567884
0.010204676339434934,0.15431508740180355,69.13967143420574
0.011470639293201646,5.259635979393391,96.88718317653125
0.01071537863186891,7.133481182584208,54.613208800308655
0.01009554690450174,5.892275665699135,89.63282300413795
0.011211475296803755,4.165565277422157,76.28076715421527
0.0126661269729208,2.4064910357141533,77.19140442710403
0.010181267783469944,5.566410104428444,67.75743698345063
0.010772714799824109,1.1355100412146986,52.20126420367537
0.010074603500633607,4.326053203381719,73.81759785143667
0.01904944738462588,6.274461726627948,70.20802365968487
0.010661499367408279,5.072616793236521,62.39875118499038
0.013080221200078918,6.147950700840859,86.06652719603409
0.01212252977000147,7.920975628133927,81.88413329087173
0.013902889550413817,6.0255830060827,85.19967973719085
0.01679145905568718,7.838949162016955,64.23247083487784
0.013161081067415906,5.697603679488967,54.41232937964347
0.020288543354506645,5.881237413186179,66.78131973618093
0.012235367885273926,6.3233122319123805,74.09915690419898
0.010768710219097557,7.093665209733213,59.04248340213803
0.010333291111546891,1.0370864648339602,89.83303837602594
0.014554260256296305,7.567177825593985,72.73115265991544
0.01126464736420325,2.775604916052334,79.33218157283663
0.014301707610190536,4.761802964458174,88.5039703668973
0.01462542921372077,2.606936063085274,58.54976032260904
0.012204076911021709,4.653848060730123,94.88504669750918
0.01422944482679966,0.7024096942735962,80.8393643565484
0.012456008569745375,1.8677994640783204,51.481506961471574
0.011832116346569502,2.0350321325074683,60.620706496523226
0.010317226965744152,4.1168287600341,98.40291434120628
0.012761208220734996,6.6398239017673175,54.497053918493044
0.01016495109725801,4.528679593099673,53.08153065992215
0.011327371548972702,7.3909269116167735,62.25690227960361
0.010204676339434934,0.15431508740180355,69.13967143420574
0.011480700954027916,5.2969911725725,96.94958835161036
0.01071537863186891,7.133481182584208,54.613208800308655
0.01009554690450174,5.892275665699135,89.63282300413795
0.010604903235984033,3.8671790065442333,64.91181910799126
0.0126661269729208,2.4064910357141533,77.19140442710403
0.01041238888916511,5.846737948401135,69.43932108412503
0.010772714799824109,1.1355100412146986,52.20126420367537
0.011135414804048333,4.969078914643779,78.14076999201706
0.01716487512298833,6.089838247724612,65.15261003732422
0.010661499367408279,5.072616793236521,62.39875118499038
0.013080221200078918,6.147950700840859,86.06652719603409
0.01212252977000147,7.920975628133927,81.88413329087173
0.013831655580277966,6.251310170478833,84.60949146896533
0.01679145905568718,7.838949162016955,64.23247083487784
0.013161081067415906,5.697603679488967,54.41232937964347
0.019442079950101433,5.703565419052065,66.32319601518026
0.012363047922131448,5.16233875732631,75.01572091647297
0.010768710219097557,7.093665209733213,59.04248340213803
0.010459990611526424,1.3294621926088857,87.9890497385592
0.014554260256296305,7.567177825593985,72.73115265991544
0.01126464736420325,2.775604916052334,79.33218157283663
0.014176413148207249,3.3700221246714417,96.32905847834436
0.014800177450486446,2.5456921679962963,56.93324652092492
0.012200754154165211,4.786971924912578,94.35530557326885
0.015082840734777316,0.08800931536801482,84.82250211092281
0.012394324576100553,1.8843336962315593,52.38509624355815
0.01173373878850627,0.04116855294209287,53.41771987364643
0.010317226965744152,4.1168287600341,98.40291434120628
0.01252749074049522,6.727927900209666,54.89137836282654
0.01016495109725801,4.528679593099673,53.08153065992215
0.011238742813814949,7.064224332901485,63.552959631114405
0.010204676339434934,0.15431508740180355,69.13967143420574
0.011480700954027916,5.2969911725725,96.94958835161036
0.011842916138662321,6.9859905816645576,56.04638182767496
0.010149613540990202,3.049484177207994,79.47978063648728
0.01002764777807322,3.727483607434984,61.22790816775273
0.0126661269729208,2.4064910357141533,77.19140442710403
0.01041238888916511,5.846737948401135,69.43932108412503
0.010790589649991451,1.124424024284967,50.15568753197874
0.011135055861156318,4.961800756888486,78.1914454173053
0.01716487512298833,6.089838247724612,65.15261003732422
0.010661499367408279,5.072616793236521,62.39875118499038
0.013637865106726205,7.183748882569981,88.13494585675005
0.01200036919292723,7.5548955659703605,81.42731020162425
0.014621241757372349,6.102081253339983,89.81577657519415
0.01679145905568718,7.838949162016955,64.23247083487784
0.012574763770482278,5.69704716434051,53.300476430722235
0.019991432186619213,5.610381073133421,66.60558783927752
0.012209571088387943,6.557878242786329,73.91397199793195
0.01086597048106639,6.848233662728677,64.22071786080187
0.010459990611526424,1.3294621926088857,87.9890497385592
0.01358465559506457,7.420091870126215,70.04704108553932
0.01126464736420325,2.775604916052334,79.33218157283663
0.014176413148207249,3.3700221246714417,96.32905847834436
0.013227523516872522,3.5058968208003773,59.010080533280615
0.01286387145764828,6.048671166068675,82.7076330417763
0.015082840734777316,0.08800931536801482,84.82250211092281
0.012313815034913151,1.8133600761903415,52.16962705031996
0.01173373878850627,0.04116855294209287,53.41771987364643
0.010211515703496652,3.9746978014447385,84.83212958190897
0.013199602012725239,6.628357911369397,56.002572863802925
0.01016495109725801,4.528679593099673,53.08153065992215
0.010813913732492566,7.043059299013396,59.20005829875096
0.010204676339434934,0.15431508740180355,69.13967143420574
0.011480700954027916,5.2969911725725,96.94958835161036
0.011732969067085573,6.185463915538051,60.47374433518368
0.010149613540990202,3.049484177207994,79.47978063648728
0.01002764777807322,3.727483607434984,61.22790816775273
0.0122655589586934,2.150936994853797,72.11559018360656
0.011627783271719084,6.226310872774505,68.44726795121755
0.010790589649991451,1.124424024284967,50.15568753197874
0.011349472494139572,3.199489955761483,69.31880419963188
0.019339392917515685,6.429964089578579,66.07341106483344
0.010445558047673912,5.038840466664002,62.307310687426494
0.013637865106726205,7.183748882569981,88.13494585675005
0.01200036919292723,7.5548955659703605,81.42731020162425
0.014621241757372349,6.102081253339983,89.81577657519415
0.01679145905568718,7.838949162016955,64.23247083487784
0.012574763770482278,5.69704716434051,53.300476430722235
0.017365767742001575,5.4590414465068156,65.42168419907851
0.011970610211166239,6.144495026528807,81.46622421917417
0.01086597048106639,6.848233662728677,64.22071786080187
0.011062197988846887,1.4866544658826104,76.35325493399492
0.012957498598935215,6.769026360837935,68.49208782320355
0.011012417703481454,2.475988050422096,85.52532543945435
0.014176413148207249,3.3700221246714417,96.32905847834436
0.0121752702070369,3.857309427569118,56.97312095419833
0.01286387145764828,6.048671166068675,82.7076330417763
0.014625391057680676,0.5268650586779129,83.3780434305228
0.012313815034913151,1.8133600761903415,52.16962705031996
0.01173373878850627,0.04116855294209287,53.41771987364643
0.010211515703496652,3.9746978014447385,84.83212958190897
0.01136383189498277,7.143602950541627,51.85215633008721
0.01016495109725801,4.528679593099673,53.08153065992215
0.010813913732492566,7.043059299013396,59.20005829875096
0.010204676339434934,0.15431508740180355,69.13967143420574
0.011485365383761364,5.302029431236976,97.06425811727038
0.01143353389127633,6.028541107998736,56.125613745197406
0.010149613540990202,3.049484177207994,79.47978063648728
0.01002764777807322,3.727483607434984,61.22790816775273
0.012097552138677418,2.3411090779359087,70.5932442611344
0.011178183562591305,6.730184190033741,63.528685999949225
0.010790589649991451,1.124424024284967,50.15568753197874
0.011349472494139572,3.199489955761483,69.31880419963188
0.019339392917515685,6.429964089578579,66.07341106483344
0.010525780390136132,5.184689670503194,64.94485649215656
0.013637865106726205,7.183748882569981,88.13494585675005
0.01200036919292723,7.5548955659703605,81.42731020162425
0.014621241757372349,6.102081253339983,89.81577657519415
0.01679145905568718,7.838949162016955,64.23247083487784
0.012574763770482278,5.69704716434051,53.300476430722235
0.017365767742001575,5.4590414465068156,65.42168419907851
0.012146546702169714,6.182479433565157,89.76735000254752
0.010521448066889923,6.643836741685116,72.77981997102832
0.011062197988846887,1.4866544658826104,76.35325493399492
0.01266303885433587,6.475593988844814,74.20716433986672
0.011012417703481454,2.475988050422096,85.52532543945435
0.014176413148207249,3.3700221246714417,96.32905847834436
0.0121752702070369,3.857309427569118,56.97312095419833
0.012768418100416522,6.066476836736465,83.64705926381154
0.014625391057680676,0.5268650586779129,83.3780434305228
0.012313815034913151,1.8133600761903415,52.16962705031996
0.011691295894362911,0.887661804371219,53.800561239667374
0.010211515703496652,3.9746978014447385,84.83212958190897
0.011374776482884626,6.9345152404034,51.91727643135536
0.01016495109725801,4.528679593099673,53.08153065992215
0.010946749101912774,7.224382722993127,53.03224829391378
0.010451898052566978,0.348779275636915,67.15053555921303
0.011485365383761364,5.302029431236976,97.06425811727038
0.01143353389127633,6.028541107998736,56.125613745197406
0.010149613540990202,3.049484177207994,79.47978063648728
0.01002764777807322,3.727483607434984,61.22790816775273
0.011914858973308063,2.786937453157142,86.1570279909524
0.011215961566345089,6.56662074154133,63.15081467276489
0.010790589649991451,1.124424024284967,50.15568753197874
0.01108879246898122,3.4920074138789445,65.74543449438393
0.01670797641357881,6.356056437139052,71.38748665048571
0.01030141094155097,5.040565119294971,63.272939421378496
0.013637865106726205,7.183748882569981,88.13494585675005
0.01200036919292723,7.5548955659703605,81.42731020162425
0.013719486060652515,4.497228241358195,78.7312968216861
0.0141121319177108,6.210287334371665,63.04228294208098
0.012574763770482278,5.69704716434051,53.300476430722235
0.017365767742001575,5.4590414465068156,65.42168419907851
0.012146546702169714,6.182479433565157,89.76735000254752
0.010521448066889923,6.643836741685116,72.77981997102832
0.011062197988846887,1.4866544658826104,76.35325493399492
0.01266303885433587,6.475593988844814,74.20716433986672
0.011012417703481454,2.475988050422096,85.52532543945435
0.013642487751547194,3.500035359175764,85.82849196647958
0.011836300018528353,3.939850192410457,50.30668584502601
0.012140672944905843,6.22777622120079,80.61103443124485
0.014625391057680676,0.5268650586779129,83.3780434305228
0.012313815034913151,1.8133600761903415,52.16962705031996
0.011691295894362911,0.887661804371219,53.800561239667374
0.010211515703496652,3.9746978014447385,84.83212958190897
0.011374776482884626,6.9345152404034,51.91727643135536
0.01016495109725801,4.528679593099673,53.08153065992215
0.010352157557294423,7.414872334708153,51.151944296106045
0.010634553598402503,0.5291830424359736,68.21981511081185
0.011006847900808279,4.785161348242025,85.30044329528097
0.011514075167548926,6.3981897347871906,54.585316310737724
0.010635872150149857,2.3676285809717568,71.38035504412304
0.01002764777807322,3.727483607434984,61.22790816775273
0.011914858973308063,2.786937453157142,86.1570279909524
0.011353223150500039,6.56434795822141,64.50668530034864
0.010790589649991451,1.124424024284967,50.15568753197874
0.011411347372101114,3.5192021414168364,69.6835520145606
0.01670797641357881,6.356056437139052,71.38748665048571
0.010088298151345348,4.834763662443827,61.36367953415072
0.013331417166299982,6.531592935100009,84.0472958666473
0.012072067810482059,6.241558133733155,74.73481295388609
0.013813935229782328,4.525182937514996,80.15690259272051
0.01623210284444631,5.64940215096277,71.65814994364895
0.012692147917067801,5.715763172385392,53.8141514922937
0.01999133552491282,5.328609464273529,72.06435299997236
0.01199305935233627,4.397337020152316,77.64118351460898
0.010521448066889923,6.643836741685116,72.77981997102832
0.011062197988846887,1.4866544658826104,76.35325493399492
0.01266303885433587,6.475593988844814,74.20716433986672
0.010917106230793427,2.5971147029769774,83.17368719083365
0.012711570080225384,3.628824416397033,85.55815127648061
0.011836300018528353,3.939850192410457,50.30668584502601
0.012312356538998837,6.982520518611266,81.28883495209753
0.014625391057680676,0.5268650586779129,83.3780434305228
0.012313815034913151,1.8133600761903415,52.16962705031996
0.011691295894362911,0.887661804371219,53.800561239667374
0.012951908074129614,4.354075873748502,81.25448519029494
0.011374776482884626,6.9345152404034,51.91727643135536
0.01016495109725801,4.528679593099673,53.08153065992215
0.010352157557294423,7.414872334708153,51.151944296106045
0.010591491519689194,0.4532452231817454,67.61651086162132
0.010942779302322276,3.7006325088314753,74.88846947517071
0.011484261791512079,7.3252113326812545,54.71733358914106
0.011668909622674747,3.0461734894803323,71.38156833300813
0.01002764777807322,3.727483607434984,61.22790816775273
0.011892671558656177,2.5984447174304983,82.94582537257705
0.011353223150500039,6.56434795822141,64.50668530034864
0.010790589649991451,1.124424024284967,50.15568753197874
0.01174146581575209,4.121889303950894,60.929986511962106
0.01696713089070508,6.520006786959914,70.60220639395828
0.010690978299005924,6.266502243310896,58.42276156090463
0.013331417166299982,6.531592935100009,84.0472958666473
0.012738841603624675,4.580926692957329,94.10541409770357
0.014981836310499376,3.7680296878460346,82.73596895705354
0.01623210284444631,5.64940215096277,71.65814994364895
0.012692147917067801,5.715763172385392,53.8141514922937
0.016563787049831427,5.9378783626248435,66.65237498433414
0.012024894997731796,4.490246246463268,83.1924406789191
0.010513692247606494,6.664738881000769,72.8690031207635
0.011062197988846887,1.4866544658826104,76.35325493399492
0.013107197880422436,7.425922446308205,72.94578799730397
0.010901310627114715,2.5880436298707323,83.20791014067274
0.012711570080225384,3.628824416397033,85.55815127648061
0.011836300018528353,3.939850192410457,50.30668584502601
0.013532141726538448,7.1980278460677445,86.99884220502715
0.014625391057680676,0.5268650586779129,83.3780434305228
0.012313815034913151,1.8133600761903415,52.16962705031996
0.011484933958846444,1.9000302786407968,57.142093498594036
0.011758261828225092,5.759406185808574,67.43324169102351
0.011790835704608416,6.7863013183116765,59.11605334283078
0.01016495109725801,4.528679593099673,53.08153065992215
0.010352157557294423,7.414872334708153,51.151944296106045
0.010591491519689194,0.4532452231817454,67.61651086162132
0.010755548855375538,2.3943034557880445,79.62428437356984
0.0113927061070379,7.9335403561914495,54.99851748885651
0.012610699896208258,5.312698076735078,74.6726718479955
0.01002764777807322,3.727483607434984,61.22790816775273
0.012784066978027295,2.0588161586314957,93.32598894808405
0.010453789983795678,7.763572671102205,58.064164448355356
0.010790589649991451,1.124424024284967,50.15568753197874
0.01174146581575209,4.121889303950894,60.929986511962106
0.017109981039827412,6.693875550134042,70.10979110711405
0.010690978299005924,6.266502243310896,58.42276156090463
0.013331417166299982,6.531592935100009,84.0472958666473
0.012788650824274906,4.53873368205774,90.95776216317088
0.014490450663255345,3.5055379147171957,79.13951077980602
0.01452478080726668,5.334026106265894,66.43061109164955
0.012692147917067801,5.715763172385392,53.8141514922937
0.016674795430175013,5.9856859438689956,65.68780291948158
0.012001499400235933,4.565993421127956,82.13215598583405
0.010513692247606494,6.664738881000769,72.8690031207635
0.011062197988846887,1.4866544658826104,76.35325493399492
0.013107197880422436,7.425922446308205,72.94578799730397
0.01133348989452945,3.289379238933896,83.35718964849698
0.012868825681771067,4.34658259512694,98.75856827631
0.011836300018528353,3.939850192410457,50.30668584502601
0.013532141726538448,7.1980278460677445,86.99884220502715
0.014625391057680676,0.5268650586779129,83.3780434305228
0.012359205111701766,1.6112270618273308,52.346708485373355
0.011484933958846444,1.9000302786407968,57.142093498594036
0.011657044863904854,5.681222811278374,66.52153213234398
0.012099240330685927,7.3213285370018335,58.74666231660596
0.01016495109725801,4.528679593099673,53.08153065992215
0.010352157557294423,7.414872334708153,51.151944296106045
0.010591491519689194,0.4532452231817454,67.61651086162132
0.010762776103338922,2.266692736302957,79.82614816851337
0.0113927061070379,7.9335403561914495,54.99851748885651
0.013018468631920386,4.344056770106083,76.43461850860284
0.01002764777807322,3.727483607434984,61.22790816775273
0.012855148627059814,2.876577936815665,86.90881495208049
0.010467618623572037,7.490976216077314,57.73945071068601
0.010790589649991451,1.124424024284967,50.15568753197874
0.011679601092502101,3.926871943483513,60.22900246313371
0.014737424291130992,6.947005243659056,63.454013916652286
0.010690978299005924,6.266502243310896,58.42276156090463
0.013436956658384671,6.110634131311788,89.27274958852092
0.012788650824274906,4.53873368205774,90.95776216317088
0.014490450663255345,3.5055379147171957,79.13951077980602
0.014481298669643964,7.411604060655959,59.10620247246528
0.012692147917067801,5.715763172385392,53.8141514922937
0.016674795430175013,5.9856859438689956,65.68780291948158
0.013386603144152763,5.1429432295911495,78.87243543106253
0.010513692247606494,6.664738881000769,72.8690031207635
0.011062197988846887,1.4866544658826104,76.35325493399492
0.013107197880422436,7.425922446308205,72.94578799730397
0.011298939031884432,3.22767595774167,84.10847322134518
0.012119874896709465,4.397021949958777,86.10640852821173
0.011694991709201638,3.492032040188563,55.061351897559405
0.013532141726538448,7.1980278460677445,86.99884220502715
0.014625391057680676,0.5268650586779129,83.3780434305228
0.012431308386294616,1.8590845548193955,54.208296412670876
0.011484933958846444,1.9000302786407968,57.142093498594036
0.011657044863904854,5.681222811278374,66.52153213234398
0.011973032224768481,5.698260649199279,54.695577734993506
0.01016495109725801,4.528679593099673,53.08153065992215
0.010352157557294423,7.414872334708153,51.151944296106045
0.010591491519689194,0.4532452231817454,67.61651086162132
0.010762776103338922,2.266692736302957,79.82614816851337
0.0113927061070379,7.9335403561914495,54.99851748885651
0.012976954113783218,4.277894208613898,75.91234803536057
0.01002764777807322,3.727483607434984,61.22790816775273
0.012855148627059814,2.876577936815665,86.90881495208049
0.010297709002594147,7.7070931703523,55.307726279328264
0.010790589649991451,1.124424024284967,50.15568753197874
0.011679601092502101,3.926871943483513,60.22900246313371
0.014737424291130992,6.947005243659056,63.454013916652286
0.010690978299005924,6.266502243310896,58.42276156090463
0.013436956658384671,6.110634131311788,89.27274958852092
0.012032700064817258,5.431089605319148,78.6075379063511
0.01734245526355377,5.7382242489869775,87.56833692694093
0.013943151245152781,5.954000043811069,57.820442460387724
0.012692147917067801,5.715763172385392,53.8141514922937
0.015514839256847268,6.453959396453966,68.04763876966726
0.013035064740519112,3.934517843822205,69.7962921923373
0.010513692247606494,6.664738881000769,72.8690031207635
0.01126465209849574,1.9311309323061214,80.11098901733449
0.013121676681402784,7.687256502510358,72.14369124175208
0.011367372645142303,2.921509845878507,86.07699106450744
0.012078189353368891,4.3427862472611185,86.00619406063556
0.011694991709201638,3.492032040188563,55.061351897559405
0.013474817924006672,7.142885882953976,85.81114759377002
0.013747972606302885,1.314066756862132,77.41838035845021
0.012431308386294616,1.8590845548193955,54.208296412670876
0.011075948348591085,1.017829274197771,50.410114412514524
0.011950368546925017,5.691010731333096,62.92056150484078
0.011973032224768481,5.698260649199279,54.695577734993506
0.01016495109725801,4.528679593099673,53.08153065992215
0.010352157557294423,7.414872334708153,51.151944296106045
0.010591491519689194,0.4532452231817454,67.61651086162132
0.010762776103338922,2.266692736302957,79.82614816851337
0.0113927061070379,7.9335403561914495,54.99851748885651
0.012902495635485702,4.373194536084551,75.33972824203036
0.010209188057107549,3.58636980617737,60.697740858619525
0.012855148627059814,2.876577936815665,86.90881495208049
0.010297709002594147,7.7070931703523,55.307726279328264
0.011207998827658685,1.9108946286452433,56.3255878723299
0.01152194159632395,2.9751111377306803,63.20209174660599
0.014737424291130992,6.947005243659056,63.454013916652286
0.01123254415783976,6.019028074401926,60.3569157228297
0.01350941674756641,6.247161388448892,90.34381259533555
0.0131303304077243,4.5396584604947225,82.75418536472593
0.01734245526355377,5.7382242489869775,87.56833692694093
0.013689457523010647,5.028339960525725,57.2228319201335
0.012568511412624822,5.439278605282782,60.296855455327304
0.016545562973669787,6.560247029337332,56.58811088955245
0.013035064740519112,3.934517843822205,69.7962921923373
0.011812976746191164,6.483630116480611,80.44805422053446
0.01151478919573218,2.520975024462116,80.75610853897372
0.012942957391236685,7.496336308153468,70.99147886652003
0.011385913623110158,2.910891804934721,85.69864516792565
0.012078189353368891,4.3427862472611185,86.00619406063556
0.011694991709201638,3.492032040188563,55.061351897559405
0.013474817924006672,7.142885882953976,85.81114759377002
0.01406387967464182,0.17090816364588424,78.19383888889078
0.012875359730163204,2.0579163159572436,55.305112326225846
0.011507174455109638,1.76022727632159,51.52462462591505
0.011903761110569679,5.289687101876624,61.48621994575469
0.012148447267754317,7.18109583704829,55.889574942214935
0.01016495109725801,4.528679593099673,53.08153065992215
0.010352157557294423,7.414872334708153,51.151944296106045
0.010591491519689194,0.4532452231817454,67.61651086162132
0.010762776103338922,2.266692736302957,79.82614816851337
0.0113927061070379,7.9335403561914495,54.99851748885651
0.012902660440908513,4.372959585382344,75.3433887066744
0.010209188057107549,3.58636980617737,60.697740858619525
0.012855148627059814,2.876577936815665,86.90881495208049
0.010297709002594147,7.7070931703523,55.307726279328264
0.011207998827658685,1.9108946286452433,56.3255878723299
0.011841346620337308,3.7282246187288997,62.27258847127039
0.014737424291130992,6.947005243659056,63.454013916652286
0.010659460414343108,7.202731818089212,56.74658743788873
0.013524294890425928,6.319697902533186,90.98828956480729
0.013197040998883853,4.841075183777467,84.14847846213898
0.016960830047452705,5.439469680108495,86.44048019082553
0.013684961549735693,5.02420720216195,57.278409977643136
0.012577017100046065,5.462835267238673,60.1317075550441
0.016545562973669787,6.560247029337332,56.58811088955245
0.013035064740519112,3.934517843822205,69.7962921923373
0.011681621127881774,6.246334877990938,78.83043798398344
0.011279526406713083,2.2605882201287457,83.76122997507278
0.012942957391236685,7.496336308153468,70.99147886652003
0.011402837169413586,2.937869729177637,85.74050839561454
0.012078189353368891,4.3427862472611185,86.00619406063556
0.011839387776203206,3.6818316692773463,51.225394680010496
0.013288694274966296,6.923336776530064,82.92936492507897
0.01383605577351785,0.6414781418073039,76.75858778720207
0.013300668622913073,1.1258097558272562,55.30468102749022
0.01137422532648281,0.991216482991609,51.64437407014597
0.011903761110569679,5.289687101876624,61.48621994575469
0.012148447267754317,7.18109583704829,55.889574942214935
0.01016495109725801,4.528679593099673,53.08153065992215
0.010352157557294423,7.414872334708153,51.151944296106045
0.010591491519689194,0.4532452231817454,67.61651086162132
0.011082892432710052,2.3600003139510886,80.90973976953593
0.0113927061070379,7.9335403561914495,54.99851748885651
0.012489978738920871,3.600306311100954,68.2995572385549
0.010209188057107549,3.58636980617737,60.697740858619525
0.012934790885475495,2.8552135113125012,87.69775684335804
0.010261341886526231,7.9022724383022815,58.08344377208358
0.011491892881111004,1.1381819857887385,56.85668715771061
0.011908347280553403,2.671943324655271,55.32700431901388
0.014654603973998558,6.767906035794812,64.48602750377523
0.010659460414343108,7.202731818089212,56.74658743788873
0.013524294890425928,6.319697902533186,90.98828956480729
0.013197040998883853,4.841075183777467,84.14847846213898
0.015734441833409538,5.271547541118258,80.60993957101559
0.013524749751522255,4.964074645899233,66.10136687606348
0.012577017100046065,5.462835267238673,60.1317075550441
0.01690998573562731,6.636654018693998,53.867677299358206
0.0145903728954642,6.150310540482321,71.1836996376146
0.011681621127881774,6.246334877990938,78.83043798398344
0.011279526406713083,2.2605882201287457,83.76122997507278
0.012805601621869028,7.0640008439611615,72.04592537164575
0.011376628336811523,2.7939183229386835,85.3198267319803
0.012244692595370098,4.965666932880842,82.81071593003225
0.011744654802099519,3.5968270855214817,50.538110123847545
0.011691126734731043,7.568895125714172,81.40184956995277
0.012865379578922765,2.6464085878181933,70.64349595178696
0.013760823931221482,1.157959058676029,56.17899156628532
0.01137422532648281,0.991216482991609,51.64437407014597
0.011900091651689223,7.384180586455328,66.41429469186959
0.012148447267754317,7.18109583704829,55.889574942214935
0.010249235269369668,4.5204904056291495,54.531965799362155
0.010352157557294423,7.414872334708153,51.151944296106045
0.010591491519689194,0.4532452231817454,67.61651086162132
0.010783979218814214,2.009208475041584,80.45182408325715
0.012089964686676601,7.7477132355682645,55.21361324359203
0.012489978738920871,3.600306311100954,68.2995572385549
0.010209188057107549,3.58636980617737,60.697740858619525
0.012141346399965882,4.371263364258616,76.9045841607888
0.010261341886526231,7.9022724383022815,58.08344377208358
0.011491892881111004,1.1381819857887385,56.85668715771061
0.012144445237074633,2.7140983114012993,62.772779698589815
0.015818325420645544,7.361582965856391,67.11549074813465
0.010659460414343108,7.202731818089212,56.74658743788873
0.014244884523419333,7.082200973411874,95.59337257147851
0.013571505956496074,4.492570920760251,88.19211278981399
0.01849321341195756,5.104411603855892,98.50261136382592
0.015086755278193177,6.542102846256194,52.12667238092585
0.012577017100046065,5.462835267238673,60.1317075550441
0.016366703483286015,6.522746311476892,57.923305658812616
0.0145903728954642,6.150310540482321,71.1836996376146
0.011681621127881774,6.246334877990938,78.83043798398344
0.011279526406713083,2.2605882201287457,83.76122997507278
0.012865671264996097,7.036787292833341,71.54164570217786
0.011592482266433474,1.4669491598129527,93.9198293121705
0.012244692595370098,4.965666932880842,82.81071593003225
0.011744654802099519,3.5968270855214817,50.538110123847545
0.011691126734731043,7.568895125714172,81.40184956995277
0.013870283745438677,3.7618595479068797,83.4471993297334
0.01385081687338401,0.984521791061324,56.13001653083186
0.01137422532648281,0.991216482991609,51.64437407014597
0.011900091651689223,7.384180586455328,66.41429469186959
0.012005050386964328,6.637563494107017,58.47091051452678
0.010249235269369668,4.5204904056291495,54.531965799362155
0.010352157557294423,7.414872334708153,51.151944296106045
0.010591491519689194,0.4532452231817454,67.61651086162132
0.010783979218814214,2.009208475041584,80.45182408325715
0.012089964686676601,7.7477132355682645,55.21361324359203
0.012489978738920871,3.600306311100954,68.2995572385549
0.010209188057107549,3.58636980617737,60.697740858619525
0.012141346399965882,4.371263364258616,76.9045841607888
0.010261341886526231,7.9022724383022815,58.08344377208358
0.011491892881111004,1.1381819857887385,56.85668715771061
0.011735615802292848,4.134234709733606,60.03329912794697
0.015818325420645544,7.361582965856391,67.11549074813465
0.011049607279076425,6.517198338332985,55.43649943408473
0.014307229535836786,7.042203831031974,92.37443195885005
0.013571505956496074,4.492570920760251,88.19211278981399
0.01849321341195756,5.104411603855892,98.50261136382592
0.015086755278193177,6.542102846256194,52.12667238092585
0.012632578773228254,5.545957348582203,56.33998099351384
0.016366703483286015,6.522746311476892,57.923305658812616
0.0145903728954642,6.150310540482321,71.1836996376146
0.01131631034740298,7.077209524595271,76.24810425380953
0.01168584689480856,0.009196807511173688,94.0083025010774
0.012902681484717734,7.375321885288017,71.86103030013402
0.011592482266433474,1.4669491598129527,93.9198293121705
0.012555064524481371,4.196339356769204,77.6548632628851
0.011744654802099519,3.5968270855214817,50.538110123847545
0.01098860876539789,7.887159188582311,87.29942962750663
0.013870283745438677,3.7618595479068797,83.4471993297334
0.01385081687338401,0.984521791061324,56.13001653083186
0.01137422532648281,0.991216482991609,51.64437407014597
0.011900091651689223,7.384180586455328,66.41429469186959
0.012005050386964328,6.637563494107017,58.47091051452678
0.010249235269369668,4.5204904056291495,54.531965799362155
0.010918643901639937,7.403640295610187,56.73739726411287
0.010591491519689194,0.4532452231817454,67.61651086162132
0.011067229413130346,3.3732842170167903,76.88933986507963
0.012089964686676601,7.7477132355682645,55.21361324359203
0.012502292231868821,3.7129385339891305,68.40581815848988
0.010209188057107549,3.58636980617737,60.697740858619525
0.011878340699930543,2.9795688741363064,85.0579798536553
0.010261341886526231,7.9022724383022815,58.08344377208358
0.011491892881111004,1.1381819857887385,56.85668715771061
0.011735615802292848,4.134234709733606,60.03329912794697
0.015818325420645544,7.361582965856391,67.11549074813465
0.011049607279076425,6.517198338332985,55.43649943408473
0.013105934293536028,4.522976391135892,77.21912263723107
0.013469574183081418,4.606928613872427,84.73418299622304
0.015127436678443091,3.1977079599574068,78.48197638202751
0.015086755278193177,6.542102846256194,52.12667238092585
0.013573572530598415,3.478090508264147,56.806045707420964
0.016366703483286015,6.522746311476892,57.923305658812616
0.013855863707481483,6.683454267121823,71.47848433092703
0.01131631034740298,7.077209524595271,76.24810425380953
0.01168584689480856,0.009196807511173688,94.0083025010774
0.012902681484717734,7.375321885288017,71.86103030013402
0.011592482266433474,1.4669491598129527,93.9198293121705
0.01216662792464699,4.823930514298082,74.34048884152233
0.011744654802099519,3.5968270855214817,50.538110123847545
0.01098860876539789,7.887159188582311,87.29942962750663
0.01387150607232618,3.936248869742389,85.16244803184578
0.01385081687338401,0.984521791061324,56.13001653083186
0.01137422532648281,0.991216482991609,51.64437407014597
0.011903243628086306,7.384152736165939,66.4314183265932
0.01188777885771543,6.996731812689887,58.61964017198738
0.010249235269369668,4.5204904056291495,54.531965799362155
0.010566779961679592,7.785015137661606,56.81898522704856
0.010591491519689194,0.4532452231817454,67.61651086162132
0.010845790347884372,3.2484075059222035,76.85351967869498
0.011527730448318195,7.973900357521561,55.79276076550821
0.011528394181352666,2.641354657431794,68.78477918750663
0.010209188057107549,3.58636980617737,60.697740858619525
0.011798415251661202,2.7405685042895622,86.11164599730235
0.010261341886526231,7.9022724383022815,58.08344377208358
0.011445238475063804,0.46947509159922607,55.75876848750826
0.011702417654328792,4.367242203957423,61.31709234718399
0.014331512171869608,5.987517793329774,61.06505823894255
0.011430646152976476,6.735197730966925,56.8835782818372
0.01395524002376538,2.48969696560715,84.53058830643984
0.012773991741594656,5.657826360912933,73.25051177485972
0.01773441168752009,3.3727360751621958,73.20559278994119
0.015086755278193177,6.542102846256194,52.12667238092585
0.013003613028804786,2.8583864799555516,56.61195698814298
0.016392715173526164,6.543280309822071,57.76605038021948
0.0151176620019717,6.140309279897539,64.7406296069052
0.01131631034740298,7.077209524595271,76.24810425380953
0.01218822419489417,0.2355191753919389,85.21871593594463
0.012902681484717734,7.375321885288017,71.86103030013402
0.011592482266433474,1.4669491598129527,93.9198293121705
0.011867471796175616,3.78696200254024,75.34822150961202
0.011744654802099519,3.5968270855214817,50.538110123847545
0.011175757924115865,7.8371141094454835,85.78993449866083
0.01387150607232618,3.936248869742389,85.16244803184578
0.013236293659287173,0.8843532749917054,58.29571545587473
0.011358558003756845,0.881012125900241,51.69116352780968
0.011925250980936561,7.349589943979026,67.0549082689287
0.01188777885771543,6.996731812689887,58.61964017198738
0.010249235269369668,4.5204904056291495,54.531965799362155
0.010566779961679592,7.785015137661606,56.81898522704856
0.010591491519689194,0.4532452231817454,67.61651086162132
0.010546896688668261,3.3262285654317023,74.47856419228488
0.011519555152669319,7.869591414891042,55.884616566321036
0.011386630064227882,0.9233175852629731,72.79455493134272
0.010209188057107549,3.58636980617737,60.697740858619525
0.011840397836813394,3.000215265209569,84.51982854009475
0.010261341886526231,7.9022724383022815,58.08344377208358
0.011521176392890423,0.10894099410116875,59.32226377685538
0.011702417654328792,4.367242203957423,61.31709234718399
0.014211107322889953,5.955053013386688,61.25776926386004
0.011363048643836221,6.229159481019877,57.74816208961713
0.013510192604689934,2.2139831775881595,78.9022128915696
0.012773991741594656,5.657826360912933,73.25051177485972
0.01691902138296412,3.738293638728128,71.22739141607903
0.014068328312435556,5.887636013732288,54.89228638299079
0.013003613028804786,2.8583864799555516,56.61195698814298
0.016392715173526164,6.543280309822071,57.76605038021948
0.019033035983451508,4.725278420898716,71.5560557200891
0.01131631034740298,7.077209524595271,76.24810425380953
0.011841294917610901,3.741474445204449,85.46372703248112
0.013094952225742706,7.718255481935756,72.53682791233129
0.011592482266433474,1.4669491598129527,93.9198293121705
0.011867471796175616,3.78696200254024,75.34822150961202
0.011744654802099519,3.5968270855214817,50.538110123847545
0.011479508201001395,7.397574200111002,85.7192308655475
0.01468889683967526,4.156076663911539,90.40662954532715
0.012943058770795343,1.8301747832090465,61.03754487425558
0.011359559270543294,2.0734751648125327,53.041677347288896
0.011925250980936561,7.349589943979026,67.0549082689287
0.011963471968211153,7.207639978708512,58.37276702153787
0.010249235269369668,4.5204904056291495,54.531965799362155
0.010566779961679592,7.785015137661606,56.81898522704856
0.010490077393928918,0.17678514923741417,69.11845868342918
0.010573751495255948,3.421383513220033,77.94599463067561
0.011519555152669319,7.869591414891042,55.884616566321036
0.011386630064227882,0.9233175852629731,72.79455493134272
0.010460133535099666,3.018799676647384,63.27590672267389
0.011840397836813394,3.000215265209569,84.51982854009475
0.010261341886526231,7.9022724383022815,58.08344377208358
0.011521176392890423,0.10894099410116875,59.32226377685538
0.011702417654328792,4.367242203957423,61.31709234718399
0.014626264277703915,6.472502092958532,57.18413402995961
0.011363048643836221,6.229159481019877,57.74816208961713
0.01276766782178705,1.7131181713984935,76.49678148832719
0.012672667302832275,5.4549485792497805,71.0147799537873
0.018754835493607798,4.0050932312856995,66.42245885603383
0.014068328312435556,5.887636013732288,54.89228638299079
0.013003613028804786,2.8583864799555516,56.61195698814298
0.014804853589124065,4.830637001822233,60.81994826591087
0.02054496474739531,5.087895384456818,68.83100538164538
0.01131631034740298,7.077209524595271,76.24810425380953
0.011814979182936163,3.6503567818809204,83.69261031666339
0.013102399628051237,7.758171084263694,72.5636706975343
0.011602232873886158,1.724187702493452,91.02816270585946
0.011867471796175616,3.78696200254024,75.34822150961202
0.011744654802099519,3.5968270855214817,50.538110123847545
0.011479508201001395,7.397574200111002,85.7192308655475
0.013506735480782862,3.4165989248464315,77.13930481535124
0.012943058770795343,1.8301747832090465,61.03754487425558
0.011359559270543294,2.0734751648125327,53.041677347288896
0.01179029152928229,7.121779596059257,66.04651112973323
0.011415866310046966,6.960515968499438,51.51774694076171
0.010749979545994858,4.6997450953817035,54.57920959991053
0.010566779961679592,7.785015137661606,56.81898522704856
0.010490077393928918,0.17678514923741417,69.11845868342918
0.010703451896509042,3.5117287987479813,77.35092787645982
0.011519555152669319,7.869591414891042,55.884616566321036
0.011386169276826374,0.8911974762052237,72.73043297491753
0.01043078042131765,2.8844000764653828,63.4806952387446
0.011685045024308952,2.96139577815088,85.20791544885792
0.010261341886526231,7.9022724383022815,58.08344377208358
0.011521176392890423,0.10894099410116875,59.32226377685538
0.011938578093010072,2.23000333882558,69.3931937375652
0.014626264277703915,6.472502092958532,57.18413402995961
0.011363048643836221,6.229159481019877,57.74816208961713
0.01276766782178705,1.7131181713984935,76.49678148832719
0.012672667302832275,5.4549485792497805,71.0147799537873
0.020425423653480546,4.338183236644048,69.27216748114947
0.014500384853432469,6.57719371297062,53.17454468858812
0.013669121512974293,3.50992276859329,58.09249801809998
0.014955593983682736,4.76938604958508,60.954482984634055
0.02054496474739531,5.087895384456818,68.83100538164538
0.010582709336894564,7.211233741322157,80.47334367254885
0.011814979182936163,3.6503567818809204,83.69261031666339
0.013102399628051237,7.758171084263694,72.5636706975343
0.011602232873886158,1.724187702493452,91.02816270585946
0.011867471796175616,3.78696200254024,75.34822150961202
0.011744654802099519,3.5968270855214817,50.538110123847545
0.011479508201001395,7.397574200111002,85.7192308655475
0.013544632338258034,3.4666736437319536,77.20568485591346
0.012817496762468652,2.015274646767346,59.93747332243072
0.011095340667057774,1.7176717638007597,52.706625936985446
0.011514236568598613,6.479073706287422,63.003572546098326
0.011415866310046966,6.960515968499438,51.51774694076171
0.010749979545994858,4.6997450953817035,54.57920959991053
0.010566779961679592,7.785015137661606,56.81898522704856
0.010444204945141203,0.1129603103030723,68.2147614991456
0.010703451896509042,3.5117287987479813,77.35092787645982
0.011519555152669319,7.869591414891042,55.884616566321036
0.011380745473156515,0.6074385068602481,73.41542604694496
0.01037818956702342,5.285800617707646,58.48052772920808
0.011882433869290368,4.488328385037647,92.85730518237462
0.010261341886526231,7.9022724383022815,58.08344377208358
0.011521176392890423,0.10894099410116875,59.32226377685538
0.012056726207419433,2.5736601430009483,68.54129095139542
0.015080787024425658,7.198082117930127,57.47711430718665
0.0129083820325408,6.400588006085366,55.49537080274388
0.012807375657833847,1.8147996503658268,76.08417796889985
0.014297421461922238,4.08959498452101,63.66159821925413
0.020425423653480546,4.338183236644048,69.27216748114947
0.014500384853432469,6.57719371297062,53.17454468858812
0.01564593567868406,0.9619707295462359,58.09775028313676
0.013408020023482473,4.309560088674225,66.95213082979811
0.018624222172178323,5.481890706961315,65.18833323484364
0.010582709336894564,7.211233741322157,80.47334367254885
0.011542031193459932,3.919303756522637,76.2311578270871
0.013102399628051237,7.758171084263694,72.5636706975343
0.011602232873886158,1.724187702493452,91.02816270585946
0.012124437461271226,1.9811947330363378,88.90787464762587
0.011740201206097253,3.332780527874574,51.24874081008426
0.011531788328044135,7.922089932779077,98.27578753399531
0.012814755989292438,2.502257187312382,75.92723527255467
0.012817496762468652,2.015274646767346,59.93747332243072
0.01171476508008877,1.8247134492723247,55.30741422173006
0.011468449071487285,4.465100573156924,66.5748423039405
0.011415866310046966,6.960515968499438,51.51774694076171
0.010811854722960383,4.599073797297892,55.240321872038606
0.010566779961679592,7.785015137661606,56.81898522704856
0.010444204945141203,0.1129603103030723,68.2147614991456
0.010730648270703346,3.5140407334778314,77.3283282437691
0.011519555152669319,7.869591414891042,55.884616566321036
0.011380745473156515,0.6074385068602481,73.41542604694496
0.010311887525576513,5.265029646761977,58.565870000263416
0.011882433869290368,4.488328385037647,92.85730518237462
0.010261341886526231,7.9022724383022815,58.08344377208358
0.011521176392890423,0.10894099410116875,59.32226377685538
0.010946167913669924,0.8753840537193378,72.60450722887096
0.013742951032326674,5.15225085490729,62.37187490668321
0.0129083820325408,6.400588006085366,55.49537080274388
0.013784157438685003,0.5453225295615889,78.944369699409
0.015419065191525014,5.428701211509462,59.91064341155737
0.017312931393773455,3.681920478139915,69.00033933150932
0.014500384853432469,6.57719371297062,53.17454468858812
0.01586406014951402,0.8433014095501656,56.72410134341752
0.013496434794481014,4.436144834568127,65.7733225492367
0.01785389815644631,5.289850686451889,66.37306018146722
0.010597257667468125,6.847651385497544,80.16406251890758
0.01012101555828639,3.622109935857491,83.29746081357699
0.013102399628051237,7.758171084263694,72.5636706975343
0.011931504336401543,2.1956105647809254,86.63808260745475
0.011442918344675585,4.293127367805395,85.17940008188027
0.01172855833870599,3.5721751905759254,51.493362845392305
0.011531788328044135,7.922089932779077,98.27578753399531
0.01302139118165586,2.2987189893627846,80.57546658335164
0.012817496762468652,2.015274646767346,59.93747332243072
0.01171476508008877,1.8247134492723247,55.30741422173006
0.011488167775748601,3.5293117929167637,72.22130137851669
0.011414885608711971,7.007057023829045,51.23692271017116
0.010811854722960383,4.599073797297892,55.240321872038606
0.010566779961679592,7.785015137661606,56.81898522704856
0.010444204945141203,0.1129603103030723,68.2147614991456
0.010730648270703346,3.5140407334778314,77.3283282437691
0.011501798303573733,7.86801516877755,55.90203037333982
0.011380745473156515,0.6074385068602481,73.41542604694496
0.010835465575846108,3.0326309893810084,58.89336096581224
0.011882433869290368,4.488328385037647,92.85730518237462
0.010261341886526231,7.9022724383022815,58.08344377208358
0.011521176392890423,0.10894099410116875,59.32226377685538
0.010946167913669924,0.8753840537193378,72.60450722887096
0.011325912594969947,5.942567035398574,59.156701576043666
0.012493091469848935,7.021774077069207,52.073547970347065
0.013784157438685003,0.5453225295615889,78.944369699409
0.01712579907038794,6.32089393494295,60.289435313142036
0.017779641946304096,3.8323454302970896,67.7415292613937
0.014500384853432469,6.57719371297062,53.17454468858812
0.01624053203532575,0.8408454359393243,55.50843290977885
0.015618865888290723,4.307333069835052,74.10072108190221
0.01785389815644631,5.289850686451889,66.37306018146722
0.010259248613401311,6.781752770360469,92.1226009572282
0.010451529308390474,2.521912298547874,79.01441154890222
0.013004304036447362,7.724482289098873,73.23850113217439
0.011364879239631202,1.270766022417872,94.22861359996438
0.010977298581721895,4.326985429163922,86.46072743467272
0.01172855833870599,3.5721751905759254,51.493362845392305
0.011517608681960506,6.494138289133121,89.80630759544493
0.01365809895131721,2.2434207199993796,80.96223284485501
0.012765013221691983,0.9573437665805287,57.61153130905198
0.01171476508008877,1.8247134492723247,55.30741422173006
0.011488167775748601,3.5293117929167637,72.22130137851669
0.011407441383698827,5.611626119308775,56.072924870312264
0.010811854722960383,4.599073797297892,55.240321872038606
0.010566779961679592,7.785015137661606,56.81898522704856
0.010618252796640835,0.642447236995316,71.19688883057104
0.010645247710486153,3.9062723576727887,92.34833406226295
0.011501798303573733,7.86801516877755,55.90203037333982
0.011380745473156515,0.6074385068602481,73.41542604694496
0.010835465575846108,3.0326309893810084,58.89336096581224
0.011882433869290368,4.488328385037647,92.85730518237462
0.011130541033228424,7.845933692984888,62.88582973500782
0.011521176392890423,0.10894099410116875,59.32226377685538
0.010946167913669924,0.8753840537193378,72.60450722887096
0.011299725141250175,6.048866908844511,60.147226040132075
0.012656387488585063,7.154903245677039,50.968774478957265
0.013316810095003332,1.152711786715356,77.57589310220122
0.016999131037637588,6.165098541186696,60.21165005978138
0.019126171464102323,4.510967499396381,66.5475625306072
0.014500384853432469,6.57719371297062,53.17454468858812
0.01624053203532575,0.8408454359393243,55.50843290977885
0.015209240055658617,4.00712349887557,73.86285330809629
0.019249266763268547,6.213346803393838,69.30052701564588
0.01003128954059486,6.703465190009756,93.69080313295218
0.011312151864124056,4.418833498102389,67.65746376432816
0.013004304036447362,7.724482289098873,73.23850113217439
0.011410645813032465,1.2991123311034198,94.03215042941376
0.010977298581721895,4.326985429163922,86.46072743467272
0.01172855833870599,3.5721751905759254,51.493362845392305
0.011517608681960506,6.494138289133121,89.80630759544493
0.01426977503406018,1.328021276669836,87.72656457754135
0.012765013221691983,0.9573437665805287,57.61153130905198
0.012008503993198649,1.4211963499837474,54.10949236007288
0.01090473610272276,1.9149480944401365,71.82986785802001
0.011407441383698827,5.611626119308775,56.072924870312264
0.010811854722960383,4.599073797297892,55.240321872038606
0.010566779961679592,7.785015137661606,56.81898522704856
0.010618252796640835,0.642447236995316,71.19688883057104
0.010645247710486153,3.9062723576727887,92.34833406226295
0.01180146996749563,7.15997061403068,59.347475204386654
0.011380745473156515,0.6074385068602481,73.41542604694496
0.010855492091244083,1.7039881332915776,61.991836231188984
0.01188133436097111,4.524609898054505,92.40223402077027
0.011130541033228424,7.845933692984888,62.88582973500782
0.011521176392890423,0.10894099410116875,59.32226377685538
0.010946167913669924,0.8753840537193378,72.60450722887096
0.011335752631238347,5.902624449867828,58.7845082060556
0.012656387488585063,7.154903245677039,50.968774478957265
0.013316810095003332,1.152711786715356,77.57589310220122
0.01721148209355084,6.240590032058739,59.13762045770857
0.016935626147224325,5.660837184829518,68.94173463452609
0.014500384853432469,6.57719371297062,53.17454468858812
0.01624053203532575,0.8408454359393243,55.50843290977885
0.015209240055658617,4.00712349887557,73.86285330809629
0.018237925807720785,5.661062339347994,70.44261536457591
0.01003128954059486,6.703465190009756,93.69080313295218
0.01184209153010646,5.497477644820082,61.07826123120105
0.013004304036447362,7.724482289098873,73.23850113217439
0.011410645813032465,1.2991123311034198,94.03215042941376
0.010977298581721895,4.326985429163922,86.46072743467272
0.011767682659082998,3.587868760167774,51.62446459267865
0.011517608681960506,6.494138289133121,89.80630759544493
0.013488850760074538,4.148393594535331,69.93477572522303
0.012765013221691983,0.9573437665805287,57.61153130905198
0.012302533892382518,3.282367718443129,59.757715172354445
0.010893235137082213,1.928948035160824,71.32513809341634
0.011407441383698827,5.611626119308775,56.072924870312264
0.010751281322388605,4.347191607611509,68.73170169717378
0.010566779961679592,7.785015137661606,56.81898522704856
0.010618252796640835,0.642447236995316,71.19688883057104
0.010609084324109725,5.693866317495795,75.97394344735939
0.01180146996749563,7.15997061403068,59.347475204386654
0.011600449362396272,0.4719766601441809,73.82539203414191
0.010868386917750973,1.3769235640719484,61.15785912097134
0.01188133436097111,4.524609898054505,92.40223402077027
0.011130541033228424,7.845933692984888,62.88582973500782
0.011464972628319681,0.45308808052508365,60.34835216852345
0.010946167913669924,0.8753840537193378,72.60450722887096
0.011251593840769602,5.822821718477942,59.28257373373664
0.012656387488585063,7.154903245677039,50.968774478957265
0.013316810095003332,1.152711786715356,77.57589310220122
0.01708971952605417,5.950210391174836,58.98273055427501
0.016462660788618882,4.514159908098446,65.902591150445
0.014500384853432469,6.57719371297062,53.17454468858812
0.014965176289716458,0.8835949715638515,56.28017340980807
0.015209240055658617,4.00712349887557,73.86285330809629
0.018237925807720785,5.661062339347994,70.44261536457591
0.01003128954059486,6.703465190009756,93.69080313295218
0.012306817930105312,7.895013411980175,55.09945822865986
0.013004304036447362,7.724482289098873,73.23850113217439
0.011410645813032465,1.2991123311034198,94.03215042941376
0.011039644576085446,4.340614418531781,86.8704779607365
0.011767682659082998,3.587868760167774,51.62446459267865
0.011517608681960506,6.494138289133121,89.80630759544493
0.012069048757461773,3.696160245593161,69.78295000553543
0.012683696030975931,1.392755897799434,57.03210248478459
0.012422372700395583,2.7920092082406183,55.17003286754285
0.010893235137082213,1.928948035160824,71.32513809341634
0.011407441383698827,5.611626119308775,56.072924870312264
0.010899898801760208,4.7427020541428915,66.20236141804016
0.010566779961679592,7.785015137661606,56.81898522704856
0.010575481890943548,0.44234418954324783,71.17694086911978
0.010609084324109725,5.693866317495795,75.97394344735939
0.01180146996749563,7.15997061403068,59.347475204386654
0.011600449362396272,0.4719766601441809,73.82539203414191
0.010846248281880301,1.5196756651895704,57.899824540589215
0.011792546772693306,4.707645756335072,87.73266827562034
0.011130541033228424,7.845933692984888,62.88582973500782
0.011464972628319681,0.45308808052508365,60.34835216852345
0.011124988122575516,0.7651296753725332,72.93818454213302
0.011251593840769602,5.822821718477942,59.28257373373664
0.012656387488585063,7.154903245677039,50.968774478957265
0.013354116364597525,1.0766663355132984,77.80889089380553
0.01979217897306516,7.867948129892241,59.451461725198726
0.014645118773515424,4.874498845155395,68.96783637936176
0.015582537554741782,6.238163981525138,54.469004342556865
0.016177230344770442,0.9209854160895842,51.022511789257635
0.018486599526853546,3.497496992850766,55.605059805784904
0.014665136453556044,6.650280390844096,64.0974927848045
0.01003128954059486,6.703465190009756,93.69080313295218
0.012306817930105312,7.895013411980175,55.09945822865986
0.013004304036447362,7.724482289098873,73.23850113217439
0.011410645813032465,1.2991123311034198,94.03215042941376
0.011045972029641794,4.336653142754748,86.76544580574296
0.011767682659082998,3.587868760167774,51.62446459267865
0.012399685516681714,3.892120035564849,84.04393401592472
0.012125745179593495,3.902574936748092,67.69480183545
0.012683696030975931,1.392755897799434,57.03210248478459
0.012212944253241069,3.0465962946411143,54.035842928443735
0.010893235137082213,1.928948035160824,71.32513809341634
0.011407441383698827,5.611626119308775,56.072924870312264
0.010992269556534005,3.110410653273216,68.96656659552957
0.010566779961679592,7.785015137661606,56.81898522704856
0.010575481890943548,0.44234418954324783,71.17694086911978
0.010615333016600302,5.673428775879103,75.7639827475312
0.01180146996749563,7.15997061403068,59.347475204386654
0.011600449362396272,0.4719766601441809,73.82539203414191
0.010846248281880301,1.5196756651895704,57.899824540589215
0.011792546772693306,4.707645756335072,87.73266827562034
0.011130541033228424,7.845933692984888,62.88582973500782
0.011464972628319681,0.45308808052508365,60.34835216852345
0.011124988122575516,0.7651296753725332,72.93818454213302
0.01172444405179372,6.271197202106385,56.484168616979595
0.012656387488585063,7.154903245677039,50.968774478957265
0.013354116364597525,1.0766663355132984,77.80889089380553
0.01979217897306516,7.867948129892241,59.451461725198726
0.014640302456120838,4.447240165321867,70.13965651658431
0.015582537554741782,6.238163981525138,54.469004342556865
0.015973150225837306,1.1240794395258717,51.36474459970866
0.02092807432470021,1.1933900397635853,56.56015332963638
0.014665136453556044,6.650280390844096,64.0974927848045
0.01003128954059486,6.703465190009756,93.69080313295218
0.012306817930105312,7.895013411980175,55.09945822865986
0.013004304036447362,7.724482289098873,73.23850113217439
0.011410645813032465,1.2991123311034198,94.03215042941376
0.010941488020985003,3.9681176472160944,95.63722867508767
0.011767682659082998,3.587868760167774,51.62446459267865
0.013056893373925548,3.6763057930037846,82.7226803319112
0.011279864491643758,4.108124064306169,54.04306274774193
0.01264562423846632,1.1597991540337076,54.411273672024635
0.012212944253241069,3.0465962946411143,54.035842928443735
0.010893235137082213,1.928948035160824,71.32513809341634
0.011407441383698827,5.611626119308775,56.072924870312264
0.010992269556534005,3.110410653273216,68.96656659552957
0.010807080899389969,7.712553454519324,56.14622198779494
0.010485119011795182,0.08280631041518949,75.60791346539759
0.010615333016600302,5.673428775879103,75.7639827475312
0.01180146996749563,7.15997061403068,59.347475204386654
0.01156110784929643,0.6797013592852199,73.90281140929645
0.010846248281880301,1.5196756651895704,57.899824540589215
0.011495851607994413,3.658128878882094,84.98119226069959
0.011130541033228424,7.845933692984888,62.88582973500782
0.011464972628319681,0.45308808052508365,60.34835216852345
0.011124988122575516,0.7651296753725332,72.93818454213302
0.01172444405179372,6.271197202106385,56.484168616979595
0.012460459974127133,6.659717035055694,53.288511471981856
0.012925266552969378,2.443612049773113,72.1972700424299
0.02008882157132026,7.947774268347486,59.57099056438448
0.016096942074206904,5.28775614291533,79.80343537169058
0.015582537554741782,6.238163981525138,54.469004342556865
0.015973150225837306,1.1240794395258717,51.36474459970866
0.01712329639679783,2.9590717144892316,56.36543979542388
0.015317262352821135,7.339533121080603,66.9047799076793
0.01003128954059486,6.703465190009756,93.69080313295218
0.012306817930105312,7.895013411980175,55.09945822865986
0.013004304036447362,7.724482289098873,73.23850113217439
0.011410645813032465,1.2991123311034198,94.03215042941376
0.010941488020985003,3.9681176472160944,95.63722867508767
0.011767682659082998,3.587868760167774,51.62446459267865
0.01176737004045196,2.9927631817446967,83.96096131470641
0.011280013452950832,4.172543807180841,52.082028176261105
0.01285909817674014,1.254300600046876,50.57460014146322
0.012212944253241069,3.0465962946411143,54.035842928443735
0.011278859128206536,3.6733450240738614,67.27839543929841
0.011407441383698827,5.611626119308775,56.072924870312264
0.010548460667717785,3.4925666012033734,67.30502694445116
0.010807080899389969,7.712553454519324,56.14622198779494
0.010502447866000483,1.0156401319100326,73.3364302225148
0.010647067890333015,5.498883137150997,76.49292612341216
0.01180146996749563,7.15997061403068,59.347475204386654
0.01156110784929643,0.6797013592852199,73.90281140929645
0.010846248281880301,1.5196756651895704,57.899824540589215
0.011495851607994413,3.658128878882094,84.98119226069959
0.011169944001612721,7.69567547830171,62.60519163619395
0.011452168643181285,0.7105711480833672,59.77610756732959
0.011124988122575516,0.7651296753725332,72.93818454213302
0.01172444405179372,6.271197202106385,56.484168616979595
0.013776949298540613,5.821404800580415,51.013083263281366
0.012925266552969378,2.443612049773113,72.1972700424299
0.02008882157132026,7.947774268347486,59.57099056438448
0.01542569643132423,4.677172589596648,78.8765825183722
0.015282132586263087,5.822941060541847,55.920729879720874
0.015973150225837306,1.1240794395258717,51.36474459970866
0.02205992919127196,4.916358186731763,53.396503967253125
0.015317262352821135,7.339533121080603,66.9047799076793
0.01003128954059486,6.703465190009756,93.69080313295218
0.012306817930105312,7.895013411980175,55.09945822865986
0.013004304036447362,7.724482289098873,73.23850113217439
0.011410645813032465,1.2991123311034198,94.03215042941376
0.010040906361625695,3.57630884918583,99.18805497718469
0.011767682659082998,3.587868760167774,51.62446459267865
0.01229040253203199,2.815977913606321,79.347910466615
0.011280013452950832,4.172543807180841,52.082028176261105
0.01285909817674014,1.254300600046876,50.57460014146322
0.012212944253241069,3.0465962946411143,54.035842928443735
0.011313949847867705,3.07345950990018,65.75937508677474
0.011407441383698827,5.611626119308775,56.072924870312264
0.010093757721144642,3.3800246313023807,67.32160614679029
0.010814054796874478,7.638449277973159,56.58397536789579
0.010502447866000483,1.0156401319100326,73.3364302225148
0.010647067890333015,5.498883137150997,76.49292612341216
0.01180146996749563,7.15997061403068,59.347475204386654
0.01156110784929643,0.6797013592852199,73.90281140929645
0.010846248281880301,1.5196756651895704,57.899824540589215
0.011495851607994413,3.658128878882094,84.98119226069959
0.011197448555497171,7.6250178841463025,62.301573976637414
0.011494684413352607,1.6171847677996032,63.48712796495618
0.010711477395143899,3.01032362446195,80.7844326318579
0.011745464207216868,6.688075879210124,54.86163298786032
0.013776949298540613,5.821404800580415,51.013083263281366
0.013407955296994564,2.8083483280871557,65.23879475417236
0.017434243605614234,5.9140068071179765,70.11235757495866
0.014735406653641677,4.97446085382721,74.70035976219022
0.014600684264387737,5.530840760977773,61.54621613351099
0.01323946374609367,2.2541116054081916,73.40260076138622
0.02205992919127196,4.916358186731763,53.396503967253125
0.015322508782651185,7.346423908028107,66.89777170369541
0.01003128954059486,6.703465190009756,93.69080313295218
0.012306817930105312,7.895013411980175,55.09945822865986
0.013004304036447362,7.724482289098873,73.23850113217439
0.011410645813032465,1.2991123311034198,94.03215042941376
0.010040906361625695,3.57630884918583,99.18805497718469
0.011767682659082998,3.587868760167774,51.62446459267865
0.012654662418980046,2.7199259300558043,84.41703305854746
0.010770556170680692,4.675330723587091,52.27486767069083
0.014297939003905961,1.1941322022922987,50.939684632010504
0.012948634036389841,0.7038780911016493,52.175315264623976
0.01155993481236761,3.0085955360990004,69.18255723090137
0.01139176009790771,5.497285717927854,56.12397349466006
0.01011906346388654,2.0337050961974015,56.63949391990302
0.010768524418358419,7.584064928271952,58.74233370089478
0.010502447866000483,1.0156401319100326,73.3364302225148
0.010699454269780547,5.699492726246094,77.36124966974207
0.01180146996749563,7.15997061403068,59.347475204386654
0.012558832001039242,0.3630990202498776,74.43659203580647
0.01098848917013971,2.556827877897316,57.436775670211176
0.011495851607994413,3.658128878882094,84.98119226069959
0.011330383540622484,7.57486224771138,63.034929988841704
0.011832965409744522,1.3120380538170244,64.42078939030249
0.010711477395143899,3.01032362446195,80.7844326318579
0.011625415181404914,6.689153640890649,57.58096150190885
0.013989080772725856,5.6971152782333885,50.46807471064017
0.013407955296994564,2.8083483280871557,65.23879475417236
0.014911694307771887,6.546017220777065,65.80952918776728
0.014881293222436157,6.23512361648193,82.62406193554264
0.018103535132236316,3.6540562986213274,64.10915254719208
0.013044508065447607,2.4493443276471387,77.5399417818548
0.02205992919127196,4.916358186731763,53.396503967253125
0.01451232961045646,5.604759890698397,70.68269788004135
0.01003507434481534,5.472738895021032,95.8543062193024
0.012306817930105312,7.895013411980175,55.09945822865986
0.013004304036447362,7.724482289098873,73.23850113217439
0.011191749634060146,1.8348596617132007,89.88454488575096
0.010040906361625695,3.57630884918583,99.18805497718469
0.011767682659082998,3.587868760167774,51.62446459267865
0.013017148151805423,2.7624749288370647,75.1884342373501
0.01077069606969309,4.4750459555571345,51.829541682666644
0.014297939003905961,1.1941322022922987,50.939684632010504
0.011964756402892462,0.34639770946594295,53.07630456797662
0.011591475823159014,3.6811814929774727,71.93563765110775
0.011376542744990104,5.766155856013835,51.90527706286033
0.0107246372547426,3.8788786829076325,57.61421821423625
0.010768524418358419,7.584064928271952,58.74233370089478
0.010502447866000483,1.0156401319100326,73.3364302225148
0.010327473001339757,6.215043510695259,77.33290485366712
0.01180146996749563,7.15997061403068,59.347475204386654
0.012559196810392489,0.3598250743423641,74.44386022553414
0.010003302488362667,2.9624873374315364,59.37088794948508
0.01068519414322397,4.135398457524702,90.19948610657394
0.011330383540622484,7.57486224771138,63.034929988841704
0.012069265141025451,1.7926211374340952,62.89163989021044
0.010711477395143899,3.01032362446195,80.7844326318579
0.010099477281774382,7.329594886481632,62.17290698287369
0.013989080772725856,5.6971152782333885,50.46807471064017
0.012140401134991938,4.21013228363211,70.21526860502237
0.014911694307771887,6.546017220777065,65.80952918776728
0.015091308262188168,6.593928275343358,89.42111716099767
0.018103535132236316,3.6540562986213274,64.10915254719208
0.013020274695759322,2.495912237166317,77.16684335780698
0.021311617339414227,4.832925879831882,56.24751447129825
0.014152724705181734,5.431193015764277,69.6276250647546
0.01003507434481534,5.472738895021032,95.8543062193024
0.012306817930105312,7.895013411980175,55.09945822865986
0.013004304036447362,7.724482289098873,73.23850113217439
0.011191749634060146,1.8348596617132007,89.88454488575096
0.010040906361625695,3.57630884918583,99.18805497718469
0.01116325430776123,3.581554594092247,50.43344895759432
0.013017148151805423,2.7624749288370647,75.1884342373501
0.01077069606969309,4.4750459555571345,51.829541682666644
0.014297939003905961,1.1941322022922987,50.939684632010504
0.011964756402892462,0.34639770946594295,53.07630456797662
0.011989286912335306,3.590453948866365,78.508048792366
0.011355093127315532,5.69579841105572,51.52960730968966
0.01086855483202361,3.8460558463995733,59.991943506668775
0.011082380783781093,7.703439241467648,57.133019195648714
0.010521781337142218,0.8312668492859716,72.40495103932717
0.010327473001339757,6.215043510695259,77.33290485366712
0.011788640918249594,7.0880393245952265,59.16829050411128
0.012822322231620754,0.3657686155191031,83.90207842886676
0.010003302488362667,2.9624873374315364,59.37088794948508
0.01079798467198304,4.004727996272237,80.8173357217416
0.01143842907995412,7.493028030037843,62.96187908037601
0.011830943104478202,3.657649954577408,62.93785729243596
0.010297041423506818,4.024653644088808,72.93177416369612
0.010099477281774382,7.329594886481632,62.17290698287369
0.013989080772725856,5.6971152782333885,50.46807471064017
0.012162823988833431,4.703377680765843,72.40323337347127
0.013824241167127247,5.686002336264334,61.34880239553958
0.015091308262188168,6.593928275343358,89.42111716099767
0.020427191837725612,1.799213388131962,59.94902101799705
0.013579101691867825,2.116498673085441,76.2488742087631
0.019724302911325712,4.436703217135958,59.87224253356362
0.016272993606905997,4.996718644748616,65.35672568861499
0.01003507434481534,5.472738895021032,95.8543062193024
0.012306817930105312,7.895013411980175,55.09945822865986
0.013004304036447362,7.724482289098873,73.23850113217439
0.011191749634060146,1.8348596617132007,89.88454488575096
0.010040906361625695,3.57630884918583,99.18805497718469
0.01116325430776123,3.581554594092247,50.43344895759432
0.013699539787768155,2.4458328686497026,75.75456127326817
0.01077069606969309,4.4750459555571345,51.829541682666644
0.01395468272024469,1.5504234339547058,55.038619357972706
0.011964756402892462,0.34639770946594295,53.07630456797662
0.011401496161790408,4.017139413210893,65.639595191134
0.011355093127315532,5.69579841105572,51.52960730968966
0.01086855483202361,3.8460558463995733,59.991943506668775
0.01077225207894738,7.932953848651852,55.870966463189404
0.010521781337142218,0.8312668492859716,72.40495103932717
0.010327473001339757,6.215043510695259,77.33290485366712
0.011454964299092062,6.402748011042421,62.24723542970754
0.012822322231620754,0.3657686155191031,83.90207842886676
0.011029424635261837,4.5907399074598665,64.11259327132012
0.01079798467198304,4.004727996272237,80.8173357217416
0.01143842907995412,7.493028030037843,62.96187908037601
0.011830943104478202,3.657649954577408,62.93785729243596
0.01001065971149019,4.341963949130129,80.83936648667363
0.010099477281774382,7.329594886481632,62.17290698287369
0.013989080772725856,5.6971152782333885,50.46807471064017
0.012690262967896168,6.261413075228938,62.908260046874545
0.013911261317369101,7.947084253160802,51.29605632063061
0.015091308262188168,6.593928275343358,89.42111716099767
0.021147979070832237,1.7964313471274733,57.61267989383605
0.01582027815732336,0.2343201799209016,95.73609960366196
0.019901871986995476,4.354023117414959,58.73972096770082
0.016272993606905997,4.996718644748616,65.35672568861499
0.01003507434481534,5.472738895021032,95.8543062193024
0.011788998194418693,7.762371958724032,56.75881758810873
0.013190592448289278,6.514274570478998,69.67105256748238
0.011191749634060146,1.8348596617132007,89.88454488575096
0.010040906361625695,3.57630884918583,99.18805497718469
0.011120656762071735,3.112089666185186,50.190048505095774
0.013731157042658535,2.4128622951095466,76.0524581753865
0.010751487929678649,4.549853943453936,51.919527830234976
0.013915370600874444,1.578156567943907,54.18103567734792
0.0118397171057629,1.4435366230050608,52.7590836596557
0.011401496161790408,4.017139413210893,65.639595191134
0.011355093127315532,5.69579841105572,51.52960730968966
0.010694718345760074,3.088144510859781,59.323379908336165
0.01077225207894738,7.932953848651852,55.870966463189404
0.010521781337142218,0.8312668492859716,72.40495103932717
0.010327473001339757,6.215043510695259,77.33290485366712
0.011489393293540182,7.938879795599439,60.062840362169524
0.012822322231620754,0.3657686155191031,83.90207842886676
0.012225377427025633,4.55883190116933,63.38836224727822
0.010548466334473018,3.8635293489513205,86.87196872967696
0.01143842907995412,7.493028030037843,62.96187908037601
0.011945787914282162,3.4140968842334427,62.98859498050304
0.01001065971149019,4.341963949130129,80.83936648667363
0.010099477281774382,7.329594886481632,62.17290698287369
0.013989080772725856,5.6971152782333885,50.46807471064017
0.012388308497785406,7.377844746502133,59.095240569525885
0.013911261317369101,7.947084253160802,51.29605632063061
0.013820337703317948,7.068507436770608,79.06176503990103
0.021147979070832237,1.7964313471274733,57.61267989383605
0.01582027815732336,0.2343201799209016,95.73609960366196
0.019901871986995476,4.354023117414959,58.73972096770082
0.01385879056120589,4.744303042714729,71.32546501078939
0.01003507434481534,5.472738895021032,95.8543062193024
0.011788998194418693,7.762371958724032,56.75881758810873
0.013190592448289278,6.514274570478998,69.67105256748238
0.011949003190980733,0.2274345174140162,95.68384380854476
0.010040906361625695,3.57630884918583,99.18805497718469
0.011095695057040483,3.457483960657136,50.59706197318415
0.016466298778087755,0.14852005012544556,61.39887343412877
0.010621367135401419,4.1469515240917625,51.31260156797774
0.013915370600874444,1.578156567943907,54.18103567734792
0.01232048762593149,0.3279263386432616,54.47676476726473
0.011401496161790408,4.017139413210893,65.639595191134
0.011355093127315532,5.69579841105572,51.52960730968966
0.010694718345760074,3.088144510859781,59.323379908336165
0.01077225207894738,7.932953848651852,55.870966463189404
0.010521781337142218,0.8312668492859716,72.40495103932717
0.010363154896643918,6.040613457456841,79.70548210146879
0.011489393293540182,7.938879795599439,60.062840362169524
0.013170855126427529,0.3504868352287121,85.27786438418877
0.011110264690261842,6.148040584552538,54.00990173259238
0.010548466334473018,3.8635293489513205,86.87196872967696
0.01143842907995412,7.493028030037843,62.96187908037601
0.011970913568746725,3.410815609597935,62.96226258283238
0.01001065971149019,4.341963949130129,80.83936648667363
0.010217282884626203,5.516826474196491,65.02722984138136
0.013989080772725856,5.6971152782333885,50.46807471064017
0.012733271034460024,7.015651628896234,57.236107283934345
0.013911261317369101,7.947084253160802,51.29605632063061
0.013433260222451941,6.710847431929539,81.1230364068825
0.022529017921984022,2.03198426165509,51.897070117106274
0.01582027815732336,0.2343201799209016,95.73609960366196
0.020206891503683544,4.360669105348719,58.983939416248056
0.013128424429015349,4.899245720525545,70.0622471162091
0.010039463050597146,5.47380079592773,95.11180003119277
0.011930557661297598,7.738622193635247,56.8824312710124
0.013190592448289278,6.514274570478998,69.67105256748238
0.011949003190980733,0.2274345174140162,95.68384380854476
0.010040906361625695,3.57630884918583,99.18805497718469
0.01638855228644855,2.797573759877613,51.198878049238914
0.016466298778087755,0.14852005012544556,61.39887343412877
0.010625656520945522,4.151906161989565,51.31257999617607
0.014153589359042155,0.6734163397231194,53.41442914286039
0.01232048762593149,0.3279263386432616,54.47676476726473
0.011401496161790408,4.017139413210893,65.639595191134
0.011355093127315532,5.69579841105572,51.52960730968966
0.010694718345760074,3.088144510859781,59.323379908336165
0.010756099631012326,7.940372093618666,55.717685179171745
0.010521781337142218,0.8312668492859716,72.40495103932717
0.010345540567792154,5.977365161613078,77.93305462410643
0.011489393293540182,7.938879795599439,60.062840362169524
0.013170855126427529,0.3504868352287121,85.27786438418877
0.011110264690261842,6.148040584552538,54.00990173259238
0.010548466334473018,3.8635293489513205,86.87196872967696
0.01143842907995412,7.493028030037843,62.96187908037601
0.013153084734700924,4.033727536848422,67.10320765276138
0.010244789217573899,4.133681544551415,83.46560819362811
0.010384272073274636,6.267927696187385,62.1420312645823
0.01367066413737263,4.672516154112246,51.2330506440824
0.012733271034460024,7.015651628896234,57.236107283934345
0.013911261317369101,7.947084253160802,51.29605632063061
0.013691743400820912,6.012908963951373,78.48602435523004
0.01758448759484097,2.9483296475173857,51.38200774568294
0.01907817969190144,0.24011486271734525,95.78007587416276
0.01850101016442475,4.490463845918926,61.65376583156926
0.013121418843258702,4.902175003270049,70.3055150816148
0.010039463050597146,5.47380079592773,95.11180003119277
0.011930557661297598,7.738622193635247,56.8824312710124
0.013190592448289278,6.514274570478998,69.67105256748238
0.011949003190980733,0.2274345174140162,95.68384380854476
0.010040906361625695,3.57630884918583,99.18805497718469
0.01514843632819962,2.0796470918845285,63.62503096566685
0.016466298778087755,0.14852005012544556,61.39887343412877
0.010620000657780026,4.2390236158889945,50.65653031502431
0.014153589359042155,0.6734163397231194,53.41442914286039
0.012627111829418903,0.24212223370367514,51.420559387927696
0.010266948796699538,2.5129591817885872,56.99356301939296
0.011355093127315532,5.69579841105572,51.52960730968966
0.01095005448660115,0.4728334596021684,57.00509290196177
0.010756099631012326,7.940372093618666,55.717685179171745
0.010521781337142218,0.8312668492859716,72.40495103932717
0.010345540567792154,5.977365161613078,77.93305462410643
0.011489393293540182,7.938879795599439,60.062840362169524
0.013170855126427529,0.3504868352287121,85.27786438418877
0.010449742338264345,4.8672607381170625,51.69686232606945
0.010571841595808167,3.9862295607342473,75.03785472434384
0.011381111789131685,7.464424139443283,63.66994093928662
0.01465786876990834,3.26302321698643,55.90756912669716
0.010244789217573899,4.133681544551415,83.46560819362811
0.010384272073274636,6.267927696187385,62.1420312645823
0.01367066413737263,4.672516154112246,51.2330506440824
0.012733271034460024,7.015651628896234,57.236107283934345
0.013703163333193318,7.925182675793877,51.88297570277092
0.013691743400820912,6.012908963951373,78.48602435523004
0.01758448759484097,2.9483296475173857,51.38200774568294
0.01907817969190144,0.24011486271734525,95.78007587416276
0.01920788063005169,5.998880151675135,61.74231691988252
0.012693579830587304,5.698253704580081,67.6203758447704
0.010094388130455363,5.600298307726069,89.86000247568978
0.011930557661297598,7.738622193635247,56.8824312710124
0.013039238855633108,6.602935741328819,68.80356498695443
0.011949003190980733,0.2274345174140162,95.68384380854476
0.010040906361625695,3.57630884918583,99.18805497718469
0.018652785803078192,3.3939725105172824,64.58362243577135
0.016466298778087755,0.14852005012544556,61.39887343412877
0.011594344292991828,3.5573005781484714,52.44684846677977
0.014153589359042155,0.6734163397231194,53.41442914286039
0.012505200577775683,0.4848926676895804,51.374152521240084
0.01008588288593886,0.1809087611189817,62.24020317337954
0.011857779543029258,5.696720529070243,57.57270862792262
0.01095005448660115,0.4728334596021684,57.00509290196177
0.010756099631012326,7.940372093618666,55.717685179171745
0.010521781337142218,0.8312668492859716,72.40495103932717
0.010345540567792154,5.977365161613078,77.93305462410643
0.012568482938851787,6.249778694384228,60.352518246996006
0.013170855126427529,0.3504868352287121,85.27786438418877
0.0104545413345984,4.816135051531943,50.4885585699308
0.010571841595808167,3.9862295607342473,75.03785472434384
0.011381111789131685,7.464424139443283,63.66994093928662
0.01473468632469615,3.17093614294338,55.91130753869006
0.010244789217573899,4.133681544551415,83.46560819362811
0.010384272073274636,6.267927696187385,62.1420312645823
0.014127540172914049,4.298026629390458,54.996787997595405
0.012733271034460024,7.015651628896234,57.236107283934345
0.013703163333193318,7.925182675793877,51.88297570277092
0.013966276079994263,5.840450339230469,80.24636514450071
0.01758448759484097,2.9483296475173857,51.38200774568294
0.0181576800217537,0.3037111547647968,93.26537356508193
0.017299485004037097,3.8309002321937236,74.11820430266256
0.01328912809032157,3.7261447447712976,77.32546837564722
0.010094388130455363,5.600298307726069,89.86000247568978
0.011930557661297598,7.738622193635247,56.8824312710124
0.015607452235815824,7.1993643541124515,60.09936914356396
0.012065309769498211,1.2341241490680854,89.98206128093179
0.010886083494306253,4.655974578791877,86.01865514829015
0.018063561737099262,3.7815784078120083,63.7082515835419
0.016466298778087755,0.14852005012544556,61.39887343412877
0.011594344292991828,3.5573005781484714,52.44684846677977
0.014153589359042155,0.6734163397231194,53.41442914286039
0.012505200577775683,0.4848926676895804,51.374152521240084
0.01008588288593886,0.1809087611189817,62.24020317337954
0.011866396369960829,5.938478816773859,57.490980758876226
0.01095005448660115,0.4728334596021684,57.00509290196177
0.010756099631012326,7.940372093618666,55.717685179171745
0.010521781337142218,0.8312668492859716,72.40495103932717
0.010345540567792154,5.977365161613078,77.93305462410643
0.01310568952746498,7.042987127252536,56.34267187969553
0.014289950909268871,0.4120024965717442,93.63494104412668
0.0104545413345984,4.816135051531943,50.4885585699308
0.010571841595808167,3.9862295607342473,75.03785472434384
0.011381111789131685,7.464424139443283,63.66994093928662
0.01473468632469615,3.17093614294338,55.91130753869006
0.010737837771746687,4.674222876520288,78.96298043676998
0.010384272073274636,6.267927696187385,62.1420312645823
0.014127540172914049,4.298026629390458,54.996787997595405
0.013472096297793237,6.101459649660702,62.14343123576493
0.013703163333193318,7.925182675793877,51.88297570277092
0.015671036903681594,5.700170105850672,99.67226315129449
0.019438667006440993,4.17777369644731,50.283614948420514
0.0181576800217537,0.3037111547647968,93.26537356508193
0.01575631939178927,3.147935718937783,73.72812623920811
0.012556010182606108,3.998576718207724,77.7960104411146
0.010094388130455363,5.600298307726069,89.86000247568978
0.011930557661297598,7.738622193635247,56.8824312710124
0.016390138247124937,6.901044153669355,63.476407260345695
0.010374502697658938,0.5160393305015281,97.38820951886134
0.010886083494306253,4.655974578791877,86.01865514829015
0.016289745286776597,4.014322140598283,59.782323546016634
0.016466298778087755,0.14852005012544556,61.39887343412877
0.011594344292991828,3.5573005781484714,52.44684846677977
0.014153589359042155,0.6734163397231194,53.41442914286039
0.012505200577775683,0.4848926676895804,51.374152521240084
0.01008588288593886,0.1809087611189817,62.24020317337954
0.01191340852512629,6.00937534952711,56.853760628833214
0.01095005448660115,0.4728334596021684,57.00509290196177
0.010756099631012326,7.940372093618666,55.717685179171745
0.010521781337142218,0.8312668492859716,72.40495103932717
0.010351937287123232,5.849196679790302,75.10566557448604
0.012697967827156032,7.642126601369078,53.66842938831279
0.014114640777390743,0.9563927402996653,90.90411720171849
0.010408086604759073,4.7241554790912215,50.28732391989137
0.010571841595808167,3.9862295607342473,75.03785472434384
0.011381111789131685,7.464424139443283,63.66994093928662
0.015612721656374031,3.7708548391951204,55.694180894037544
0.010999963435326157,4.645131623293735,77.10967493879222
0.010272741324305727,6.3844714051916505,61.33811295859475
0.014127540172914049,4.298026629390458,54.996787997595405
0.012972478221234518,6.145655367270539,62.01767102097427
0.013703163333193318,7.925182675793877,51.88297570277092
0.015671036903681594,5.700170105850672,99.67226315129449
0.01803012446906248,3.575840175366069,52.08429407238918
0.023827900243975214,0.14902528989535602,90.2617945863978
0.015770560587727116,3.1476151013349782,73.9764862563962
0.012507757034547623,4.029973946283405,78.03249093303747
0.010094388130455363,5.600298307726069,89.86000247568978
0.011930557661297598,7.738622193635247,56.8824312710124
0.016417375150334403,4.486173313055096,62.73342940785821
0.010374502697658938,0.5160393305015281,97.38820951886134
0.011535707313441067,5.019090156167977,80.02103823013728
0.016384023113090257,4.023498566540024,59.92961078439391
0.016459262010977294,0.4799342219692804,61.27321223053234
0.011869062871935683,4.619342604448972,50.91442432533919
0.014410592261705699,1.524773813945826,61.248899370904255
0.012505200577775683,0.4848926676895804,51.374152521240084
0.01008588288593886,0.1809087611189817,62.24020317337954
0.01175801502224002,4.815144064138163,54.70746703399055
0.010798785176093895,0.4817269500365052,56.88460437453254
0.010756099631012326,7.940372093618666,55.717685179171745
0.010521781337142218,0.8312668492859716,72.40495103932717
0.010657921990277855,6.329421261534803,71.70570103880152
0.012697967827156032,7.642126601369078,53.66842938831279
0.014114640777390743,0.9563927402996653,90.90411720171849
0.010560918375027104,3.064620712644945,52.868019435087945
0.010627889216598962,3.733559518690989,73.03776865877835
0.011381111789131685,7.464424139443283,63.66994093928662
0.015612721656374031,3.7708548391951204,55.694180894037544
0.010999963435326157,4.645131623293735,77.10967493879222
0.010272741324305727,6.3844714051916505,61.33811295859475
0.014127540172914049,4.298026629390458,54.996787997595405
0.01406529962131126,4.36991540522681,61.784344108057134
0.013325453165674048,7.362774377140077,52.00484036369312
0.015671036903681594,5.700170105850672,99.67226315129449
0.01803012446906248,3.575840175366069,52.08429407238918
0.021889403562087066,0.9871402348199196,84.60721079314682
0.013607175900871907,2.018592946780716,69.51007735261454
0.012507757034547623,4.029973946283405,78.03249093303747
0.010196110838437999,5.680073205159835,88.44598591024153
0.011930557661297598,7.738622193635247,56.8824312710124
0.016269955446705685,4.611260365373892,62.37413570857772
0.010374502697658938,0.5160393305015281,97.38820951886134
0.011428100909327919,4.8256061942606925,77.21494136863112
0.015368217683703634,4.38899287847813,62.22805164796018
0.016459262010977294,0.4799342219692804,61.27321223053234
0.011869062871935683,4.619342604448972,50.91442432533919
0.014410592261705699,1.524773813945826,61.248899370904255
0.012505200577775683,0.4848926676895804,51.374152521240084
0.01008588288593886,0.1809087611189817,62.24020317337954
0.01175801502224002,4.815144064138163,54.70746703399055
0.010798785176093895,0.4817269500365052,56.88460437453254
0.010756099631012326,7.940372093618666,55.717685179171745
0.010521781337142218,0.8312668492859716,72.40495103932717
0.010380006107060254,6.183788323810467,73.5147695490394
0.012697967827156032,7.642126601369078,53.66842938831279
0.014115707296865987,1.2326783705377786,87.93530631201692
0.010496362799675505,3.1502748568619316,52.91761997043504
0.01069073189197252,4.531540317117447,66.99858845071276
0.012365969739608611,5.901542774583014,58.373037475165106
0.015345874472502461,3.8300453830563295,59.15862233620692
0.01143716331022832,7.531385747895131,62.934887861553605
0.010272741324305727,6.3844714051916505,61.33811295859475
0.014886092819508668,3.05592988641112,57.03862597986496
0.014232029819693888,3.7092993511845904,60.776906675394905
0.013325453165674048,7.362774377140077,52.00484036369312
0.014425108781079311,5.407812767239832,91.49825571952005
0.01803012446906248,3.575840175366069,52.08429407238918
0.022077034749032172,0.9948166553891351,84.39894899484875
0.013607175900871907,2.018592946780716,69.51007735261454
0.014466562032173702,2.631739787307912,69.20847364248922
0.010196110838437999,5.680073205159835,88.44598591024153
0.011950296747573745,7.679852128491179,57.162940838677486
0.019040603401603726,2.022205937165972,72.1311894307343
0.01048170301377758,0.7647633159887954,95.73955035880589
0.011239604344572135,3.7953115918028826,84.4530940683431
0.014802832824286072,3.9504998320442026,66.2088597178024
0.01516022559103097,1.1807453630902498,65.02484782872087
0.013391375600894184,4.2743155066855,52.85805345524243
0.01496888316880074,0.7897493439467871,56.32460197310459
0.012505200577775683,0.4848926676895804,51.374152521240084
0.01008588288593886,0.1809087611189817,62.24020317337954
0.011754677735295965,4.765423515785981,54.664849251902154
0.010798785176093895,0.4817269500365052,56.88460437453254
0.010756099631012326,7.940372093618666,55.717685179171745
0.010753481263149187,0.8571457963802342,73.40619096688003
0.010380006107060254,6.183788323810467,73.5147695490394
0.012697967827156032,7.642126601369078,53.66842938831279
0.014087472891166648,1.1210014342279577,88.82805921242118
0.010491077277583328,3.1530644718257426,52.913593677169374
0.010733464291988468,2.929939345899919,62.99875802619012
0.011022042684427514,7.480385427984254,56.641783004967266
0.016444439756290577,4.974578881959231,52.61824247780781
0.01143716331022832,7.531385747895131,62.934887861553605
0.010272257522959268,6.385138942032544,61.334626560461984
0.014886092819508668,3.05592988641112,57.03862597986496
0.014232029819693888,3.7092993511845904,60.776906675394905
0.013325453165674048,7.362774377140077,52.00484036369312
0.015105332243005106,5.247729934331161,96.43895958188487
0.01803012446906248,3.575840175366069,52.08429407238918
0.019466199914155352,2.8945516562700453,74.73490524990638
0.012973108584747097,1.9237961364753096,68.9446431447091
0.013816549374206344,3.3433438988496373,78.00502959793728
0.010196110838437999,5.680073205159835,88.44598591024153
0.011950296747573745,7.679852128491179,57.162940838677486
0.02055335953835278,2.3049553229871953,74.92964536329144
0.01045441743712602,0.789119181364363,99.08309891795969
0.011239604344572135,3.7953115918028826,84.4530940683431
0.01670759147596702,1.9239421440684037,68.06172322460327
0.015761386408159377,1.2142253152710827,51.685745529080585
0.013391375600894184,4.2743155066855,52.85805345524243
0.014731866518186233,0.9130305512835633,56.09352319039042
0.012505200577775683,0.4848926676895804,51.374152521240084
0.01008588288593886,0.1809087611189817,62.24020317337954
0.011900834067396806,4.650429160025064,55.44867428412342
0.01083922369112377,0.6346930555369568,56.831914443077494
0.010756099631012326,7.940372093618666,55.717685179171745
0.010753481263149187,0.8571457963802342,73.40619096688003
0.010380006107060254,6.183788323810467,73.5147695490394
0.012697967827156032,7.642126601369078,53.66842938831279
0.014382077607375247,0.6454834647150065,93.32524645574705
0.010271680436727992,3.232939821975134,51.74507607619016
0.011114675930431396,3.4917756678464893,60.53323265939896
0.011001753374766323,7.515478699943138,56.571281795388664
0.016444439756290577,4.974578881959231,52.61824247780781
0.011306471968920605,7.609867357956439,61.54995730684261
0.010272257522959268,6.385138942032544,61.334626560461984
0.013933908874455279,4.182054613008422,56.734078595552205
0.01433186653759614,3.668994151099174,61.005095678244984
0.013325453165674048,7.362774377140077,52.00484036369312
0.014516502525759069,4.329800433476154,88.84619579705668
0.01803012446906248,3.575840175366069,52.08429407238918
0.022487638913761737,4.258174278359363,63.26714712323556
0.012973108584747097,1.9237961364753096,68.9446431447091
0.013816549374206344,3.3433438988496373,78.00502959793728
0.010196110838437999,5.680073205159835,88.44598591024153
0.014026740262909454,5.167537326829242,61.91999443790948
0.015908537010731798,4.14831109965357,68.78765304532142
0.01045441743712602,0.789119181364363,99.08309891795969
0.010969266212914577,3.3329476781821255,88.65857636088597
0.015066961358291435,4.263669375539086,62.17237464013574
0.015033146049093449,1.1204340323270188,52.450274854119584
0.01328958905947049,3.2749885410815285,52.92895001983184
0.014731866518186233,0.9130305512835633,56.09352319039042
0.013023684677942932,0.6643740628212518,53.114158269330204
0.01008588288593886,0.1809087611189817,62.24020317337954
0.012674807660522182,4.337967360526713,57.21768538703738
0.010797289744987403,0.5748910777475946,56.897208233772055
0.010756099631012326,7.940372093618666,55.717685179171745
0.010753481263149187,0.8571457963802342,73.40619096688003
0.010380006107060254,6.183788323810467,73.5147695490394
0.012697967827156032,7.642126601369078,53.66842938831279
0.014415550428694104,0.6151146411537549,93.9044554838874
0.010271680436727992,3.232939821975134,51.74507607619016
0.011114675930431396,3.4917756678464893,60.53323265939896
0.011105644068469672,7.335784840023276,56.93228074963385
0.016149627418474654,5.061637325084302,51.384561257485586
0.011306471968920605,7.609867357956439,61.54995730684261
0.010272257522959268,6.385138942032544,61.334626560461984
0.014831746378230133,4.401886864311483,55.524166868190036
0.014421100352219513,3.45200532414429,61.40578068735
0.013325453165674048,7.362774377140077,52.00484036369312
0.014469693079329202,3.8991068588729187,75.3824497057942
0.01803012446906248,3.575840175366069,52.08429407238918
0.01886135933766494,4.26085958014246,62.732162134834994
0.012973108584747097,1.9237961364753096,68.9446431447091
0.013816549374206344,3.3433438988496373,78.00502959793728
0.010250379493478122,5.828722717555376,84.03968967376815
0.014026740262909454,5.167537326829242,61.91999443790948
0.018094064307428305,4.8771038538817715,82.02183295169131
0.01045441743712602,0.789119181364363,99.08309891795969
0.011715959369933814,4.61002970962333,77.04273500490189
0.015277664971305923,6.370510847510456,65.99468346183404
0.015033146049093449,1.1204340323270188,52.450274854119584
0.012957708568448443,2.9839967939796823,58.33167819272064
0.014731866518186233,0.9130305512835633,56.09352319039042
0.013023684677942932,0.6643740628212518,53.114158269330204
0.01008588288593886,0.1809087611189817,62.24020317337954
0.012674807660522182,4.337967360526713,57.21768538703738
0.011066434217398311,1.1143326310827089,56.943149022736925
0.010756099631012326,7.940372093618666,55.717685179171745
0.01071538588198196,0.8484804226270576,76.67696967856672
0.010380006107060254,6.183788323810467,73.5147695490394
0.012697967827156032,7.642126601369078,53.66842938831279
0.014300460688762978,0.5208437456251596,95.2360291207734
0.010271680436727992,3.232939821975134,51.74507607619016
0.011114675930431396,3.4917756678464893,60.53323265939896
0.01083685669261038,6.909067748223854,63.07468768897191
0.01348049611203797,4.60955318133475,50.455031529689634
0.011306471968920605,7.609867357956439,61.54995730684261
0.010417328449708935,5.422329580335542,60.53244271314056
0.014831746378230133,4.401886864311483,55.524166868190036
0.014421100352219513,3.45200532414429,61.40578068735
0.013325453165674048,7.362774377140077,52.00484036369312
0.015492545086746967,2.6992037559741613,79.85529309043861
0.014151150952956836,1.7287723389133705,50.76301397004744
0.02391118713503898,6.376251585597544,54.08753824224908
0.012973108584747097,1.9237961364753096,68.9446431447091
0.01396415462953236,3.842079721646684,82.6388888617699
0.010250379493478122,5.828722717555376,84.03968967376815
0.014052953917847144,4.707509265502496,65.1896476218162
0.018958412269349044,5.896180926315857,88.68743774446645
0.01045441743712602,0.789119181364363,99.08309891795969
0.01261110009838446,4.768993302897204,78.48197773628736
0.01636963896727884,6.412142195465563,64.31801738885497
0.0150214570734438,1.1780783092245661,52.926008673655346
0.01341530377157463,3.0373884514523293,57.76808619601462
0.014701646794990019,1.1599271675845717,56.61010114734318
0.013063434804968257,0.7436695071025139,53.35001725562142
0.01008588288593886,0.1809087611189817,62.24020317337954
0.012901142078739871,4.273747531273083,52.53801800332349
0.011066434217398311,1.1143326310827089,56.943149022736925
0.010756099631012326,7.940372093618666,55.717685179171745
0.01071538588198196,0.8484804226270576,76.67696967856672
0.010380006107060254,6.183788323810467,73.5147695490394
0.012710429189063906,7.383138489045246,54.36030226773336
0.014291463918567022,0.5218551284119778,94.93921841234635
0.010271680436727992,3.232939821975134,51.74507607619016
0.011114675930431396,3.4917756678464893,60.53323265939896
0.010765286403100545,6.795445351705995,64.71023266771294
0.013262231078455682,4.293536250504506,51.04164829608252
0.011306471968920605,7.609867357956439,61.54995730684261
0.010417328449708935,5.422329580335542,60.53244271314056
0.014410806447701702,3.7245479554073913,59.01528836657975
0.014570027002732881,4.402684663478073,67.27722031170988
0.013325453165674048,7.362774377140077,52.00484036369312
0.015492545086746967,2.6992037559741613,79.85529309043861
0.014151150952956836,1.7287723389133705,50.76301397004744
0.02391118713503898,6.376251585597544,54.08753824224908
0.013145259768317322,1.6881433646019715,69.51126866967934
0.01396415462953236,3.842079721646684,82.6388888617699
0.010250379493478122,5.828722717555376,84.03968967376815
0.014220394843039705,5.264486987793129,64.39244492202943
0.015591250559420195,3.8559754953823915,75.14353876386636
0.01045441743712602,0.789119181364363,99.08309891795969
0.012167973452769694,5.0725583821892055,77.12058538974901
0.017980181339215005,7.405072368182223,69.78787616672231
0.016055885467731706,0.1424392702488353,50.43540889522152
0.013345896940972057,2.8555994357918943,56.96026538753783
0.014555924567053772,1.209383273130467,57.81801848545713
0.013063434804968257,0.7436695071025139,53.35001725562142
0.011211720167113004,1.2408730664225103,63.504850680806186
0.012901142078739871,4.273747531273083,52.53801800332349
0.011066434217398311,1.1143326310827089,56.943149022736925
0.010756099631012326,7.940372093618666,55.717685179171745
0.01071538588198196,0.8484804226270576,76.67696967856672
0.010380006107060254,6.183788323810467,73.5147695490394
0.012710429189063906,7.383138489045246,54.36030226773336
0.013868921406613218,2.35558075905639,84.09422124678994
0.010271680436727992,3.232939821975134,51.74507607619016
0.011114675930431396,3.4917756678464893,60.53323265939896
0.010765286403100545,6.795445351705995,64.71023266771294
0.01341732573017684,4.2465069128284485,51.46232618712986
0.011769208704459695,6.825216414418795,59.06366920317576
0.010417328449708935,5.422329580335542,60.53244271314056
0.014410806447701702,3.7245479554073913,59.01528836657975
0.014662727496057501,4.7975055920157015,72.08743572000331
0.013325453165674048,7.362774377140077,52.00484036369312
0.014921628875772454,2.802562750200429,77.33551071786681
0.014151150952956836,1.7287723389133705,50.76301397004744
0.02300758421569793,6.185341590791381,55.36342207833988
0.013145259768317322,1.6881433646019715,69.51126866967934
0.015495857931268606,1.8853277455970598,95.49256393478846
0.010250379493478122,5.828722717555376,84.03968967376815
0.014220394843039705,5.264486987793129,64.39244492202943
0.019653468808696506,2.3555217925730156,68.37720680633862
0.01045441743712602,0.789119181364363,99.08309891795969
0.012541486662501143,3.4308863689179505,94.0340581861347
0.01598155879079514,6.881096230948904,67.34195816911121
0.015010901483000084,1.6951831887831252,50.66217655382843
0.013345896940972057,2.8555994357918943,56.96026538753783
0.014555924567053772,1.209383273130467,57.81801848545713
0.01305510489662408,0.6475206016287631,51.7047767630346
0.011217106240654019,1.2440860214945253,63.25181176535279
0.012901142078739871,4.273747531273083,52.53801800332349
0.011066434217398311,1.1143326310827089,56.943149022736925
0.010756099631012326,7.940372093618666,55.717685179171745
0.01071538588198196,0.8484804226270576,76.67696967856672
0.010380006107060254,6.183788323810467,73.5147695490394
0.01208768802385836,6.323373906371355,53.69249710566501
0.013904139755576066,2.277363726291962,79.9349469807422
0.010271680436727992,3.232939821975134,51.74507607619016
0.011231098386649756,3.9416011157108772,53.85843952137597
0.011164252704185265,6.381336517808103,67.30634875458787
0.01341732573017684,4.2465069128284485,51.46232618712986
0.011769208704459695,6.825216414418795,59.06366920317576
0.010693831649484694,5.074347700304639,61.51427744719409
0.014675677435123699,3.2755774867826957,67.91972483299924
0.01652024475017677,4.3633821723957045,67.05575691049988
0.012561390426661451,7.098851825374425,55.47048360402806
0.014887480000837259,2.8224242339780203,77.20812004372334
0.01415716507531832,2.035863990006469,51.94678722952969
0.02849641830926606,6.115960301220543,56.203304600727414
0.013958326033595016,0.965950784629507,73.10616491193801
0.015574794363783229,1.9325282866360602,96.64187503421113
0.010146876696761307,5.771837692494236,85.31921314366534
0.01343973206708936,4.41189494868817,78.1752737643906
0.019600649165662284,2.4206212163591214,68.36231497532876
0.010449110129807626,0.9202061951385625,98.69179916974682
0.012541486662501143,3.4308863689179505,94.0340581861347
0.016286184894957575,7.74596653387341,68.6670358984139
0.015010901483000084,1.6951831887831252,50.66217655382843
0.013963826680408704,1.152511064787614,58.56512700907929
0.014555924567053772,1.209383273130467,57.81801848545713
0.01305510489662408,0.6475206016287631,51.7047767630346
0.011247745931491592,1.377531178422295,63.074455301853206
0.012901142078739871,4.273747531273083,52.53801800332349
0.011095914810997202,2.7017053882029005,60.066416308032764
0.010756099631012326,7.940372093618666,55.717685179171745
0.010650852192681231,1.1952824816814793,73.05080936743124
0.010380006107060254,6.183788323810467,73.5147695490394
0.012253148456263692,6.604950130803539,53.869930904893415
0.013904139755576066,2.277363726291962,79.9349469807422
0.010271680436727992,3.232939821975134,51.74507607619016
0.01294036519932848,2.9257472439545213,52.41305570752117
0.010643976659821084,6.8325054948195625,64.81138136740284
0.01341732573017684,4.2465069128284485,51.46232618712986
0.012862099634654987,6.210547610258345,60.36131114757028
0.010693831649484694,5.074347700304639,61.51427744719409
0.017841245926750484,3.783050083218114,74.86437134506345
0.01652024475017677,4.3633821723957045,67.05575691049988
0.012561390426661451,7.098851825374425,55.47048360402806
0.014887480000837259,2.8224242339780203,77.20812004372334
0.01415716507531832,2.035863990006469,51.94678722952969
0.02849641830926606,6.115960301220543,56.203304600727414
0.012975172198932834,0.2848142115612473,94.06988131997392
0.013673617829837045,3.277280620173427,92.67601180476332
0.010146876696761307,5.771837692494236,85.31921314366534
0.013426571680935386,4.419516154425188,78.1552281668608
0.018393280597695405,3.1820889319617014,67.85020782090196
0.010449110129807626,0.9202061951385625,98.69179916974682
0.012115701696225646,6.519645653910614,93.99888765229787
0.018534585478177542,7.666925876623108,73.9319326079255
0.015010901483000084,1.6951831887831252,50.66217655382843
0.013963826680408704,1.152511064787614,58.56512700907929
0.013774377522334668,2.140371654211255,60.75575530262985
0.013128421377622858,1.3920001942975677,56.92530817973463
0.011516466213985813,2.6602054348711768,60.72974369432765
0.012896204686316082,4.518679483165902,53.527368675517806
0.011095914810997202,2.7017053882029005,60.066416308032764
0.010756099631012326,7.940372093618666,55.717685179171745
0.010060484254208597,0.876621825581009,73.65381670172754
0.010380006107060254,6.183788323810467,73.5147695490394
0.01236612253874432,6.715843827630563,53.316090252996446
0.013904139755576066,2.277363726291962,79.9349469807422
0.010271680436727992,3.232939821975134,51.74507607619016
0.012855611136222553,2.6217578681610623,51.18028775956325
0.010849744347706499,7.271554333116782,56.32244666265994
0.013855944586840618,5.4610939874836735,50.588023455017385
0.012862099634654987,6.210547610258345,60.36131114757028
0.010815439036211377,5.001007998003762,62.78601201193625
0.021252842332957142,6.235657584740751,61.39941941981674
0.017019648703184887,4.08057184806507,68.70752435799753
0.012561390426661451,7.098851825374425,55.47048360402806
0.015165446772413419,2.986446541438477,76.0999135792753
0.014718563822476514,0.5689335492624572,51.517581900143924
0.02849641830926606,6.115960301220543,56.203304600727414
0.011926979099302126,1.427856319135555,77.65978182569397
0.013673617829837045,3.277280620173427,92.67601180476332
0.010146876696761307,5.771837692494236,85.31921314366534
0.013669477669937688,5.049809689019615,99.67358017782384
0.01709167201811906,3.8947518921691278,66.08790566035013
0.010449110129807626,0.9202061951385625,98.69179916974682
0.012115701696225646,6.519645653910614,93.99888765229787
0.018534585478177542,7.666925876623108,73.9319326079255
0.01445884970901898,1.756690488489415,52.00475767241805
0.013963826680408704,1.152511064787614,58.56512700907929
0.013999642120345579,2.2230296931594937,58.18584237140055
0.013064659930972982,1.9120252823753525,55.39540499927418
0.011516466213985813,2.6602054348711768,60.72974369432765
0.013174414756176764,3.765218250814967,55.81736201854385
0.011095914810997202,2.7017053882029005,60.066416308032764
0.010756099631012326,7.940372093618666,55.717685179171745
0.010060484254208597,0.876621825581009,73.65381670172754
0.010380006107060254,6.183788323810467,73.5147695490394
0.01236612253874432,6.715843827630563,53.316090252996446
0.01401596418187962,2.517216781194457,78.23345491891551
0.010271680436727992,3.232939821975134,51.74507607619016
0.012855611136222553,2.6217578681610623,51.18028775956325
0.010849744347706499,7.271554333116782,56.32244666265994
0.013767874075794618,6.002221765762025,50.38107131287599
0.012862099634654987,6.210547610258345,60.36131114757028
0.010194322681230088,7.074980023395882,64.60788414869313
0.02201469773657127,6.756167622309564,61.660878092140244
0.019298726157315458,7.558625065901478,85.73306332092164
0.012561390426661451,7.098851825374425,55.47048360402806
0.014590352332338838,3.3706898349293137,75.78924167619552
0.014718563822476514,0.5689335492624572,51.517581900143924
0.02849641830926606,6.115960301220543,56.203304600727414
0.012133693298957323,0.792345109249351,78.21365891315875
0.013673617829837045,3.277280620173427,92.67601180476332
0.010146876696761307,5.771837692494236,85.31921314366534
0.013669477669937688,5.049809689019615,99.67358017782384
0.01880026777564158,4.710856039422428,62.25967059711011
0.010421233691526128,1.2835657607841853,91.31587800277123
0.012115701696225646,6.519645653910614,93.99888765229787
0.018534585478177542,7.666925876623108,73.9319326079255
0.01266322831790236,2.3897637438197994,51.89339608210647
0.013963826680408704,1.152511064787614,58.56512700907929
0.014274239347964067,1.4677805247830973,59.00445541158964
0.012733204864740527,2.0337594764950326,54.40643476164727
0.011516466213985813,2.6602054348711768,60.72974369432765
0.01273520386502071,3.729197884723782,54.34501995398293
0.011095914810997202,2.7017053882029005,60.066416308032764
0.011417615784172424,6.835624222005869,55.05435077380127
0.010060484254208597,0.876621825581009,73.65381670172754
0.010380006107060254,6.183788323810467,73.5147695490394
0.01236612253874432,6.715843827630563,53.316090252996446
0.01401596418187962,2.517216781194457,78.23345491891551
0.010271680436727992,3.232939821975134,51.74507607619016
0.012855611136222553,2.6217578681610623,51.18028775956325
0.010855012481602646,7.308359886266786,56.364162121251695
0.013715663344718042,5.801968085495105,50.58419629839205
0.013655472255099143,3.799565399845138,56.58188319331351
0.010458978455254059,7.1684661468609,61.30565573108975
0.02201469773657127,6.756167622309564,61.660878092140244
0.020737308879533747,7.733510375186789,92.45990072977159
0.012561390426661451,7.098851825374425,55.47048360402806
0.015027976207183444,3.589770989317092,74.15944234978092
0.014718563822476514,0.5689335492624572,51.517581900143924
0.02849641830926606,6.115960301220543,56.203304600727414
0.012133693298957323,0.792345109249351,78.21365891315875
0.013845846879456386,3.194339312927095,99.71097776322355
0.010385905004707381,6.2904844096366705,75.54555532190949
0.013669477669937688,5.049809689019615,99.67358017782384
0.024612066372795127,3.1143071069319923,60.673866356531185
0.010421233691526128,1.2835657607841853,91.31587800277123
0.012115701696225646,6.519645653910614,93.99888765229787
0.018534585478177542,7.666925876623108,73.9319326079255
0.011860376526288843,3.1010134549598947,52.04019600291303
0.012668068927441501,1.2004463311118103,70.54421680255861
0.014274239347964067,1.4677805247830973,59.00445541158964
0.012379404759092235,3.027350015453562,54.7752170828179
0.011516466213985813,2.6602054348711768,60.72974369432765
0.01273520386502071,3.729197884723782,54.34501995398293
0.010730744015647855,2.368525605119821,54.446433302131766
0.011257312848201985,7.42072562502598,55.13329855509913
0.010060484254208597,0.876621825581009,73.65381670172754
0.010395196177911266,6.110883243575043,74.24340873526842
0.01236612253874432,6.715843827630563,53.316090252996446
0.013467971246588942,2.548565785293706,74.39592025569478
0.010271680436727992,3.232939821975134,51.74507607619016
0.012855611136222553,2.6217578681610623,51.18028775956325
0.010529045951286696,7.217314803958418,57.361477458900026
0.013715663344718042,5.801968085495105,50.58419629839205
0.01394072472665863,3.781724853813192,56.68841705761012
0.010458978455254059,7.1684661468609,61.30565573108975
0.023256402206228412,7.733272632504865,63.321791090581186
0.0166974548639506,7.242394287059911,73.5694742714217
0.012561390426661451,7.098851825374425,55.47048360402806
0.014086131271426505,4.537307907580481,80.57562359097064
0.01455739832585352,0.8879720936660114,51.68593974956743
0.02849641830926606,6.115960301220543,56.203304600727414
0.012119690367244192,0.43547801226824223,79.71363780604997
0.013845846879456386,3.194339312927095,99.71097776322355
0.010385905004707381,6.2904844096366705,75.54555532190949
0.013669477669937688,5.049809689019615,99.67358017782384
0.02697848666349419,3.1311290408816914,61.81496579750616
0.010421233691526128,1.2835657607841853,91.31587800277123
0.012292184213203824,6.748998015791683,78.74252316010613
0.018534585478177542,7.666925876623108,73.9319326079255
0.01163628619376527,3.2526342128278873,51.39367077676629
0.012668068927441501,1.2004463311118103,70.54421680255861
0.014274239347964067,1.4677805247830973,59.00445541158964
0.012379404759092235,3.027350015453562,54.7752170828179
0.012755579176253988,3.7561062341030733,63.80056234787101
0.014695304907289996,5.059758411677268,54.24585088882617
0.010505378906996817,2.2228590033310884,52.691462158855686
0.011257312848201985,7.42072562502598,55.13329855509913
0.010060484254208597,0.876621825581009,73.65381670172754
0.010395196177911266,6.110883243575043,74.24340873526842
0.01236612253874432,6.715843827630563,53.316090252996446
0.013467971246588942,2.548565785293706,74.39592025569478
0.010271680436727992,3.232939821975134,51.74507607619016
0.012855611136222553,2.6217578681610623,51.18028775956325
0.010529045951286696,7.217314803958418,57.361477458900026
0.013715663344718042,5.801968085495105,50.58419629839205
0.013746741019034784,3.2757258960347797,63.95429085428581
0.010458978455254059,7.1684661468609,61.30565573108975
0.022824969202092177,7.467085613027791,63.616076578204805
0.0166974548639506,7.242394287059911,73.5694742714217
0.012561390426661451,7.098851825374425,55.47048360402806
0.014086131271426505,4.537307907580481,80.57562359097064
0.01455739832585352,0.8879720936660114,51.68593974956743
0.02849641830926606,6.115960301220543,56.203304600727414
0.011718941486523509,0.5931073075151552,78.7577758431411
0.015708542731179317,4.092761560291384,92.50821610792892
0.010371112179751124,6.576434154968976,77.61875168805992
0.01343986818087619,4.724777323463174,90.66077913705506
0.02697848666349419,3.1311290408816914,61.81496579750616
0.010421233691526128,1.2835657607841853,91.31587800277123
0.012292184213203824,6.748998015791683,78.74252316010613
0.018622096639233376,7.72292515598327,74.217850829172
0.01163628619376527,3.2526342128278873,51.39367077676629
0.012668068927441501,1.2004463311118103,70.54421680255861
0.014274239347964067,1.4677805247830973,59.00445541158964
0.012379404759092235,3.027350015453562,54.7752170828179
0.012755579176253988,3.7561062341030733,63.80056234787101
0.014695304907289996,5.059758411677268,54.24585088882617
0.011590139563467938,2.5752135204226327,56.46070269017508
0.010900599959895093,7.647491700402622,55.71790890584494
0.010298482354780834,1.1518262026521295,75.36971184790883
0.010401112197468651,5.996524810292862,73.41428581353351
0.012494713848035419,6.3621677171875755,53.69943907102215
0.013494799352211127,2.900949334064675,71.8168172072001
0.01022087861983403,2.4464572638178312,50.636445049470595
0.012855611136222553,2.6217578681610623,51.18028775956325
0.010529045951286696,7.217314803958418,57.361477458900026
0.013715663344718042,5.801968085495105,50.58419629839205
0.012509230278786983,2.66560998964042,74.22145898502887
0.010458978455254059,7.1684661468609,61.30565573108975
0.022824969202092177,7.467085613027791,63.616076578204805
0.0166974548639506,7.242394287059911,73.5694742714217
0.012561390426661451,7.098851825374425,55.47048360402806
0.014401478056178502,4.36421810913011,80.82661558441579
0.013346294547057887,1.8683696609598504,51.56476396398362
0.021566290052348974,5.475635898718826,72.06316067067439
0.011718941486523509,0.5931073075151552,78.7577758431411
0.015708542731179317,4.092761560291384,92.50821610792892
0.01044584922810572,6.879710190153517,68.03265196488539
0.01343986818087619,4.724777323463174,90.66077913705506
0.03306233338204646,1.4567962316929073,64.49226339888395
0.010566454319496328,1.707785158894759,90.33995134688796
0.01163605790220337,6.923275310565668,70.7858773630768
0.016353362166871686,7.568827145987998,70.62922924209624
0.01163628619376527,3.2526342128278873,51.39367077676629
0.012409553941893206,0.06492831935388121,75.46975318102919
0.014148185649756808,1.8998163961868182,60.18729340149512
0.012456871565256102,2.96137036930679,54.190412455178155
0.012755579176253988,3.7561062341030733,63.80056234787101
0.014695304907289996,5.059758411677268,54.24585088882617
0.011590139563467938,2.5752135204226327,56.46070269017508
0.011293722390008006,7.043642783154256,56.85555683672013
0.010132685480837737,0.7584895539704499,77.0056338784129
0.010077271418163712,6.132055171882541,71.5763238749432
0.012494713848035419,6.3621677171875755,53.69943907102215
0.013494799352211127,2.900949334064675,71.8168172072001
0.01022087861983403,2.4464572638178312,50.636445049470595
0.012855611136222553,2.6217578681610623,51.18028775956325
0.010529045951286696,7.217314803958418,57.361477458900026
0.013715663344718042,5.801968085495105,50.58419629839205
0.012509230278786983,2.66560998964042,74.22145898502887
0.010458978455254059,7.1684661468609,61.30565573108975
0.01969112746767351,6.1025475277737184,61.62015763355198
0.0166974548639506,7.242394287059911,73.5694742714217
0.01136942308180541,7.0574844991338574,50.25455764893654
0.014424611596087593,4.589295268701531,82.71163294502419
0.013346294547057887,1.8683696609598504,51.56476396398362
0.028718253491555004,7.449629646869652,86.09536722441649
0.011718941486523509,0.5931073075151552,78.7577758431411
0.014556826907327562,4.767548543677958,85.66260366433968
0.01044584922810572,6.879710190153517,68.03265196488539
0.01343986818087619,4.724777323463174,90.66077913705506
0.03656780586127788,1.4698879734071593,62.82343686433004
0.01057374437876851,1.3951645257653809,91.68833169154871
0.01163605790220337,6.923275310565668,70.7858773630768
0.016353362166871686,7.568827145987998,70.62922924209624
0.01163628619376527,3.2526342128278873,51.39367077676629
0.012409553941893206,0.06492831935388121,75.46975318102919
0.013761216228784392,1.8846411125587847,56.02631042946655
0.012456871565256102,2.96137036930679,54.190412455178155
0.012478371945156604,4.002019058826489,64.60536057021204
0.014695304907289996,5.059758411677268,54.24585088882617
0.011590139563467938,2.5752135204226327,56.46070269017508
0.010973638464533697,5.31090155682891,62.4106909648195
0.010132685480837737,0.7584895539704499,77.0056338784129
0.010077271418163712,6.132055171882541,71.5763238749432
0.012494713848035419,6.3621677171875755,53.69943907102215
0.01465414545458916,1.3880479407844817,73.25572471498337
0.01022087861983403,2.4464572638178312,50.636445049470595
0.012018927311625047,3.678867246996857,57.32245726918962
0.010529045951286696,7.217314803958418,57.361477458900026
0.013715663344718042,5.801968085495105,50.58419629839205
0.012503726676801098,4.067082762007569,66.440963112037
0.010458978455254059,7.1684661468609,61.30565573108975
0.020189380942370362,6.2123620083666715,59.30548951507603
0.01664110824527125,7.2417265598052785,73.45870608676022
0.01136942308180541,7.0574844991338574,50.25455764893654
0.011302832114716794,5.029073810670831,85.51549952825658
0.013993896902500969,3.4004193271637133,52.85183948160748
0.028718253491555004,7.449629646869652,86.09536722441649
0.011718941486523509,0.5931073075151552,78.7577758431411
0.014571214073709787,4.26793733049411,83.82842265001884
0.01044584922810572,6.879710190153517,68.03265196488539
0.01459624211259751,7.501046363042479,98.65898310672067
0.03656780586127788,1.4698879734071593,62.82343686433004
0.01057374437876851,1.3951645257653809,91.68833169154871
0.01163605790220337,6.923275310565668,70.7858773630768
0.016353362166871686,7.568827145987998,70.62922924209624
0.01163628619376527,3.2526342128278873,51.39367077676629
0.012409553941893206,0.06492831935388121,75.46975318102919
0.013761216228784392,1.8846411125587847,56.02631042946655
0.013544617893713088,0.5600183489975947,52.40118717976814
0.012478371945156604,4.002019058826489,64.60536057021204
0.015633499985740797,4.3489499999493075,57.75258891116252
0.011185796799269693,0.8824531203807151,57.6949816029149
0.010706367464001568,5.479965399380454,63.25658010057689
0.010132685480837737,0.7584895539704499,77.0056338784129
0.010077271418163712,6.132055171882541,71.5763238749432
0.013103735154857599,5.159000519160612,53.355114068101614
0.016141164319976576,1.5950972574853002,72.02245366937412
0.01022087861983403,2.4464572638178312,50.636445049470595
0.012018927311625047,3.678867246996857,57.32245726918962
0.010572510060254385,7.393688141289163,51.786581311458576
0.013715663344718042,5.801968085495105,50.58419629839205
0.012503726676801098,4.067082762007569,66.440963112037
0.011200736670004624,6.043400195677261,63.168553272677954
0.029205883083275277,6.908728791771439,55.54877053493959
0.01664110824527125,7.2417265598052785,73.45870608676022
0.01136942308180541,7.0574844991338574,50.25455764893654
0.011302832114716794,5.029073810670831,85.51549952825658
0.014849815429443103,3.1319893044829286,56.0011739298554
0.028718253491555004,7.449629646869652,86.09536722441649
0.011718941486523509,0.5931073075151552,78.7577758431411
0.014571214073709787,4.26793733049411,83.82842265001884
0.010581469073902285,7.154813182118476,66.72874211184438
0.01459624211259751,7.501046363042479,98.65898310672067
0.034106900148454564,2.1454025751790633,66.83716576768768
0.01057374437876851,1.3951645257653809,91.68833169154871
0.01163605790220337,6.923275310565668,70.7858773630768
0.015468468312517553,6.600053781703822,71.5362754623603
0.01163628619376527,3.2526342128278873,51.39367077676629
0.012828701691910737,1.4902948570403902,79.91470042051702
0.013721781858204217,1.6434773708337547,55.36631249559344
0.013544617893713088,0.5600183489975947,52.40118717976814
0.011794743327417267,4.572201823391079,64.08500921788958
0.014847502865854933,3.8942409398396514,55.40325511428949
0.011185796799269693,0.8824531203807151,57.6949816029149
0.01099515382754437,7.284406003466355,70.7634939104653
0.010132685480837737,0.7584895539704499,77.0056338784129
0.010077271418163712,6.132055171882541,71.5763238749432
0.013103735154857599,5.159000519160612,53.355114068101614
0.01864065313000457,1.9431207172164642,69.9494825390255
0.01022087861983403,2.4464572638178312,50.636445049470595
0.012018927311625047,3.678867246996857,57.32245726918962
0.010572759146051474,6.183184515981201,59.838764913142185
0.012973889931270917,6.201926592459651,57.789923699548154
0.012492654954207464,4.046934029207291,66.68243118426479
0.011788506257113023,4.9885173691592275,59.78944747545009
0.029205883083275277,6.908728791771439,55.54877053493959
0.0179107502305166,7.9410838602669465,75.91441037304641
0.01136942308180541,7.0574844991338574,50.25455764893654
0.012153315925221786,5.349815461777221,82.66140877550592
0.015185817515252737,2.5821245400932975,55.68078612437278
0.02406807939223745,7.306343657141842,81.92776518201015
0.011718941486523509,0.5931073075151552,78.7577758431411
0.014722433980612504,4.228779052462549,85.13476590540984
0.010581469073902285,7.154813182118476,66.72874211184438
0.01459624211259751,7.501046363042479,98.65898310672067
0.0300341902142343,2.3540572927562726,64.54544548660587
0.01057374437876851,1.3951645257653809,91.68833169154871
0.01163605790220337,6.923275310565668,70.7858773630768
0.015468468312517553,6.600053781703822,71.5362754623603
0.01163628619376527,3.2526342128278873,51.39367077676629
0.012828701691910737,1.4902948570403902,79.91470042051702
0.013721781858204217,1.6434773708337547,55.36631249559344
0.013544617893713088,0.5600183489975947,52.40118717976814
0.011794743327417267,4.572201823391079,64.08500921788958
0.014847502865854933,3.8942409398396514,55.40325511428949
0.011185796799269693,0.8824531203807151,57.6949816029149
0.01099398847868718,7.295179463322591,70.75062255627913
0.010132685480837737,0.7584895539704499,77.0056338784129
0.010077271418163712,6.132055171882541,71.5763238749432
0.013103735154857599,5.159000519160612,53.355114068101614
0.020883256332205134,1.2398037431332563,78.20109445783004
0.01022087861983403,2.4464572638178312,50.636445049470595
0.012018927311625047,3.678867246996857,57.32245726918962
0.010637652512346989,6.018377119367684,60.129590382551086
0.014065873128222842,6.228267105327368,52.592650648276575
0.012917007698669655,5.074479484989913,69.60076542057905
0.011938710430794013,6.701411775909255,68.07403673195917
0.027791051843596662,6.789061446957922,55.33120027526128
0.0179107502305166,7.9410838602669465,75.91441037304641
0.011407216369841357,6.9133020241511005,51.0227141278921
0.012246872543846597,5.316085226792913,81.06140511979682
0.014577256480186943,1.294338779767572,50.194872134779544
0.02551925751221938,7.351393778687995,85.47007772479074
0.011718941486523509,0.5931073075151552,78.7577758431411
0.01454581919555365,4.382968906640031,84.31366510584562
0.010581469073902285,7.154813182118476,66.72874211184438
0.01459624211259751,7.501046363042479,98.65898310672067
0.0300341902142343,2.3540572927562726,64.54544548660587
0.01161986837798285,1.6643942886834036,83.52099425870368
0.01163605790220337,6.923275310565668,70.7858773630768
0.016974016795010916,6.366161697267404,71.80062765176427
0.011591901712012978,3.961923812346871,51.321794357904956
0.013844794745909987,1.343954397061773,76.88340563616401
0.013721781858204217,1.6434773708337547,55.36631249559344
0.013544617893713088,0.5600183489975947,52.40118717976814
0.011311827987342643,4.30619741229652,63.150968532156085
0.014084459103862664,3.741783456994055,54.45050460588544
0.011185796799269693,0.8824531203807151,57.6949816029149
0.01099398847868718,7.295179463322591,70.75062255627913
0.010132685480837737,0.7584895539704499,77.0056338784129
0.010086297701121443,5.256766095091148,72.460693040309
0.01281044289605812,5.521991816201974,53.02750857871975
0.022764163793798718,0.3882504335992598,79.35421289356893
0.01022087861983403,2.4464572638178312,50.636445049470595
0.01205787140505124,3.769552530813028,57.111137509538686
0.010637652512346989,6.018377119367684,60.129590382551086
0.014065873128222842,6.228267105327368,52.592650648276575
0.01481286451674914,4.952393749289558,67.6853402156746
0.01046585553158159,7.597692800613469,68.27322353656163
0.027106408664337684,6.692171027663952,55.982922848899726
0.0179107502305166,7.9410838602669465,75.91441037304641
0.011407216369841357,6.9133020241511005,51.0227141278921
0.012246872543846597,5.316085226792913,81.06140511979682
0.014577256480186943,1.294338779767572,50.194872134779544
0.02551925751221938,7.351393778687995,85.47007772479074
0.011718941486523509,0.5931073075151552,78.7577758431411
0.013326698267356722,4.621843064051402,81.07336088834815
0.010581469073902285,7.154813182118476,66.72874211184438
0.01459624211259751,7.501046363042479,98.65898310672067
0.0300341902142343,2.3540572927562726,64.54544548660587
0.012790367252183379,2.3773936609529294,88.64895935619158
0.011564530027765833,6.92015800938774,64.60860244368592
0.018577616375854013,6.259394234336417,72.98743917915036
0.011591901712012978,3.961923812346871,51.321794357904956
0.013844794745909987,1.343954397061773,76.88340563616401
0.013721781858204217,1.6434773708337547,55.36631249559344
0.012104325137325431,0.643799797245285,62.78756125366715
0.011590825594435736,4.607526671653344,68.49506568259301
0.014084459103862664,3.741783456994055,54.45050460588544
0.011185796799269693,0.8824531203807151,57.6949816029149
0.01099398847868718,7.295179463322591,70.75062255627913
0.010132685480837737,0.7584895539704499,77.0056338784129
0.010086297701121443,5.256766095091148,72.460693040309
0.01301668801152228,5.415618622187828,53.57300852059971
0.022764163793798718,0.3882504335992598,79.35421289356893
0.01022087861983403,2.4464572638178312,50.636445049470595
0.012087725153624565,4.111678156159384,56.60138616685511
0.010637652512346989,6.018377119367684,60.129590382551086
0.014065873128222842,6.228267105327368,52.592650648276575
0.01481286451674914,4.952393749289558,67.6853402156746
0.011173020545164641,6.690938160823167,71.03056328853793
0.020641597305415933,4.085761127133728,58.915229123110734
0.01777958200383541,7.797128586356414,75.17861104049727
0.011407216369841357,6.9133020241511005,51.0227141278921
0.012626041734203357,5.326495413329962,82.57078353668041
0.014577256480186943,1.294338779767572,50.194872134779544
0.02551925751221938,7.351393778687995,85.47007772479074
0.011718941486523509,0.5931073075151552,78.7577758431411
0.013463962109771202,3.7534032809934708,79.96327930843562
0.010581469073902285,7.154813182118476,66.72874211184438
0.014035125880018592,5.9090397604476665,95.54869737317084
0.020997430231720043,3.690149489235708,69.83229332293084
0.013499436501374031,3.558233832548064,95.19494162766156
0.010714105700944495,7.435324967074063,63.803102684525285
0.014581491499856575,5.787544407225879,72.73954560344188
0.011591901712012978,3.961923812346871,51.321794357904956
0.01401861450092002,1.332180164990438,70.54997668322757
0.013557531887013495,2.0524691160644366,58.22778891464128
0.012104325137325431,0.643799797245285,62.78756125366715
0.011303282401669577,5.123437005149661,75.50373801986716
0.014103566585461342,3.8030415238608812,54.31353238635557
0.010918813588859377,0.951821073165555,56.214751534775644
0.01099398847868718,7.295179463322591,70.75062255627913
0.0100095243097467,0.42989991093623914,78.37097375468909
0.010086297701121443,5.256766095091148,72.460693040309
0.01229959602268244,6.5397301440384625,52.98370111425523
0.022764163793798718,0.3882504335992598,79.35421289356893
0.01022087861983403,2.4464572638178312,50.636445049470595
0.012541457523412855,4.915518638257776,51.848444893330075
0.010637652512346989,6.018377119367684,60.129590382551086
0.012942643559153802,6.517680725284856,51.92938371255874
0.013978190538579705,4.694893733649089,64.29047236232275
0.011173020545164641,6.690938160823167,71.03056328853793
0.019315542234254933,3.6583344536181626,58.54692081707792
0.014701618243154925,7.370224939352452,63.510891456564536
0.011407216369841357,6.9133020241511005,51.0227141278921
0.013994685683741378,5.364071880985703,88.01901532968893
0.014577256480186943,1.294338779767572,50.194872134779544
0.031202739238849454,7.7249548548662,92.86841450962575
0.011718941486523509,0.5931073075151552,78.7577758431411
0.01450500819408727,2.7407022533305683,85.24349241527659
0.010762348318525189,6.381458949192366,66.26062313877026
0.014035125880018592,5.9090397604476665,95.54869737317084
0.020997430231720043,3.690149489235708,69.83229332293084
0.013499436501374031,3.558233832548064,95.19494162766156
0.010714105700944495,7.435324967074063,63.803102684525285
0.014581491499856575,5.787544407225879,72.73954560344188
0.011591901712012978,3.961923812346871,51.321794357904956
0.013142068796739334,1.0504744032404314,73.67846975566033
0.015439314645876345,0.31539507078240714,50.51202208419145
0.012104325137325431,0.643799797245285,62.78756125366715
0.011303282401669577,5.123437005149661,75.50373801986716
0.010112258490477893,3.630448110111785,51.50430890259112
0.010918813588859377,0.951821073165555,56.214751534775644
0.01099398847868718,7.295179463322591,70.75062255627913
0.0100095243097467,0.42989991093623914,78.37097375468909
0.01011499817743663,5.108355747060834,71.90062413800328
0.01229959602268244,6.5397301440384625,52.98370111425523
0.020175819447404524,1.9019572876894166,76.01384491529332
0.01022087861983403,2.4464572638178312,50.636445049470595
0.012541457523412855,4.915518638257776,51.848444893330075
0.010637652512346989,6.018377119367684,60.129590382551086
0.011983003526919228,3.8785154720912542,53.96137779082163
0.014135344799366767,5.034644215475771,64.41651603875295
0.011173020545164641,6.690938160823167,71.03056328853793
0.018590550653844577,3.0330866189336416,57.044110727118984
0.015118787014794256,7.514460280167012,65.33919055658316
0.011407216369841357,6.9133020241511005,51.0227141278921
0.01459952918383248,4.974823053351321,91.4997647729932
0.014577256480186943,1.294338779767572,50.194872134779544
0.02843278222124882,7.542892489887717,89.26268902629994
0.011718941486523509,0.5931073075151552,78.7577758431411
0.014021220183484579,3.2113179377747443,82.78970690760133
0.010837660888058208,6.6785345500124285,67.72044510184382
0.0128134075069465,6.085392473651263,84.61554419311209
0.02605395699121808,3.71788277891595,78.34625579152257
0.013499436501374031,3.558233832548064,95.19494162766156
0.010714105700944495,7.435324967074063,63.803102684525285
0.016555234757253626,5.480607807308261,76.08786980148517
0.011591901712012978,3.961923812346871,51.321794357904956
0.015201717813420198,1.9205318259809387,68.63014805999727
0.015439314645876345,0.31539507078240714,50.51202208419145
0.012104325137325431,0.643799797245285,62.78756125366715
0.01118732555407876,5.771897550208882,77.34449845071843
0.010112258490477893,3.630448110111785,51.50430890259112
0.010918813588859377,0.951821073165555,56.214751534775644
0.01099398847868718,7.295179463322591,70.75062255627913
0.01002609722027109,0.9462071278373476,74.03688718765198
0.01011499817743663,5.108355747060834,71.90062413800328
0.016452854712461176,5.687646785368833,60.64216309946251
0.020172041172093678,1.9056918024326301,76.01392216425276
0.01022087861983403,2.4464572638178312,50.636445049470595
0.012841895055803609,5.2172341066459875,52.01507605433801
0.010112277933455774,5.842974202949548,59.518809452826936
0.01181889052148944,4.279722526248735,55.93287680928836
0.013865021545957479,5.102247817572483,65.60196768436428
0.011173020545164641,6.690938160823167,71.03056328853793
0.018590550653844577,3.0330866189336416,57.044110727118984
0.015916536665455564,7.643670750505491,68.416314815344
0.011407216369841357,6.9133020241511005,51.0227141278921
0.015287948155834064,5.727261218185966,98.0992620483847
0.014577256480186943,1.294338779767572,50.194872134779544
0.019940495018022825,4.499381576278185,82.23796501400025
0.011718941486523509,0.5931073075151552,78.7577758431411
0.013754935279038453,3.7551043810415745,88.8506996319135
0.010837660888058208,6.6785345500124285,67.72044510184382
0.012239989826919496,5.280529779096939,77.1000189863493
0.02605395699121808,3.71788277891595,78.34625579152257
0.01371737218541203,3.3495776185792363,96.87749433937265
0.010714105700944495,7.435324967074063,63.803102684525285
0.017402636104988153,6.069116967237491,76.35406199322533
0.011591901712012978,3.961923812346871,51.321794357904956
0.012014599563053075,1.9300476877214343,63.89545385480143
0.015439314645876345,0.31539507078240714,50.51202208419145
0.012104325137325431,0.643799797245285,62.78756125366715
0.011172477790315884,5.762709953067806,77.26912094799805
0.010541823182967595,4.486107353486277,61.82927694685256
0.010918813588859377,0.951821073165555,56.214751534775644
0.01099398847868718,7.295179463322591,70.75062255627913
0.01002609722027109,0.9462071278373476,74.03688718765198
0.01011499817743663,5.108355747060834,71.90062413800328
0.016803636409799944,5.946441403482151,59.91105973096767
0.026333930197466514,0.5272997915079514,56.096709262830586
0.01022087861983403,2.4464572638178312,50.636445049470595
0.012841895055803609,5.2172341066459875,52.01507605433801
0.010637252777094468,5.860337497099551,63.089373202434444
0.010566856629226011,3.8610876409549597,54.93366442029851
0.013476838057821973,5.140767073972957,64.53903497603731
0.01103959772982922,7.523443455414333,75.6561246064327
0.018590550653844577,3.0330866189336416,57.044110727118984
0.015916536665455564,7.643670750505491,68.416314815344
0.011407216369841357,6.9133020241511005,51.0227141278921
0.015287948155834064,5.727261218185966,98.0992620483847
0.014577256480186943,1.294338779767572,50.194872134779544
0.019940495018022825,4.499381576278185,82.23796501400025
0.011718941486523509,0.5931073075151552,78.7577758431411
0.014607170239425607,3.5612156306222786,96.01777018627351
0.010837660888058208,6.6785345500124285,67.72044510184382
0.011767767435418458,5.897728733634459,70.77845527241199
0.02605395699121808,3.71788277891595,78.34625579152257
0.013812776039245337,3.121549607180505,91.69807416339616
0.010714105700944495,7.435324967074063,63.803102684525285
0.01466611933108992,6.592650290026994,73.96137216147423
0.011672423931114255,3.574859685829172,53.71702528331109
0.011745872167262176,1.618313304908031,61.08747296261539
0.015439314645876345,0.31539507078240714,50.51202208419145
0.012601354617504315,0.5146608994818846,65.54323259412976
0.01166994176800131,5.443856332628078,79.98458318064098
0.010541823182967595,4.486107353486277,61.82927694685256
0.010918813588859377,0.951821073165555,56.214751534775644
0.010382244656517041,7.983076920096427,76.95296793968521
0.01002609722027109,0.9462071278373476,74.03688718765198
0.01011499817743663,5.108355747060834,71.90062413800328
0.016803636409799944,5.946441403482151,59.91105973096767
0.026333930197466514,0.5272997915079514,56.096709262830586
0.01022087861983403,2.4464572638178312,50.636445049470595
0.012841895055803609,5.2172341066459875,52.01507605433801
0.010637252777094468,5.860337497099551,63.089373202434444
0.010570252410294115,3.8330182078536588,54.946024713939146
0.014261281129588585,4.683696189764311,63.59342391201752
0.010886582225158384,6.530430500302618,75.41165661803015
0.018590550653844577,3.0330866189336416,57.044110727118984
0.014599590591959092,6.704995651316787,65.09818865308894
0.011407216369841357,6.9133020241511005,51.0227141278921
0.014148214998892818,5.489615187544257,76.62643515537553
0.014577256480186943,1.294338779767572,50.194872134779544
0.019940495018022825,4.499381576278185,82.23796501400025
0.011718941486523509,0.5931073075151552,78.7577758431411
0.012859540480747847,4.163113347588853,86.63526178126972
0.010837660888058208,6.6785345500124285,67.72044510184382
0.012609992296277833,4.630097401308852,67.02512248621848
0.0272420983741784,3.5830483095665846,80.71418022760597
0.012024504364991096,2.7854463241031033,71.25502146196321
0.010714105700944495,7.435324967074063,63.803102684525285
0.012114847290229094,7.387768784346081,84.44218443544015
0.011593481091196756,3.581041865804428,53.67905986519878
0.01253162482173784,1.5284053959217552,58.064608854925716
0.015439314645876345,0.31539507078240714,50.51202208419145
0.01268801480541142,0.21063937082888362,65.04450781638347
0.011847255471379008,4.638150449275107,75.47397825603137
0.010541823182967595,4.486107353486277,61.82927694685256
0.010968168491784685,1.0591668967095895,56.53023848275731
0.010382244656517041,7.983076920096427,76.95296793968521
0.01002609722027109,0.9462071278373476,74.03688718765198
0.01011499817743663,5.108355747060834,71.90062413800328
0.020427231956689454,4.797166655548022,50.29429983401266
0.026333930197466514,0.5272997915079514,56.096709262830586
0.01022087861983403,2.4464572638178312,50.636445049470595
0.012841895055803609,5.2172341066459875,52.01507605433801
0.010645317708549054,5.926462422471321,63.33057936331466
0.010570252410294115,3.8330182078536588,54.946024713939146
0.013930025302710982,4.514574486841185,67.62285811430485
0.010886582225158384,6.530430500302618,75.41165661803015
0.018747235952059647,3.1096788816676746,56.826228623969314
0.014599590591959092,6.704995651316787,65.09818865308894
0.011407216369841357,6.9133020241511005,51.0227141278921
0.01376159956483264,5.69042495755534,73.015052933699
0.014491508848981574,1.4397353169533798,50.92845642510172
0.019940495018022825,4.499381576278185,82.23796501400025
0.011718941486523509,0.5931073075151552,78.7577758431411
0.01425946912868684,3.211658021483069,99.40328997626753
0.010837660888058208,6.6785345500124285,67.72044510184382
0.013331983060806228,3.4058658328455236,60.848379465210414
0.024743278337171007,4.165463021999542,78.15744268255189
0.010472554719785442,3.6320097307156307,84.04211025808095
0.010714105700944495,7.435324967074063,63.803102684525285
0.012114847290229094,7.387768784346081,84.44218443544015
0.011593481091196756,3.581041865804428,53.67905986519878
0.012526017823866526,1.306487048115319,57.423506393075904
0.015439314645876345,0.31539507078240714,50.51202208419145
0.012705637853276011,0.1563726417912057,65.22750248401685
0.012627812460589687,3.8497334921821187,83.46312578343823
0.010371643617116325,5.854001469057772,63.94443582534697
0.010968168491784685,1.0591668967095895,56.53023848275731
0.010382244656517041,7.983076920096427,76.95296793968521
0.01002609722027109,0.9462071278373476,74.03688718765198
0.01011499817743663,5.108355747060834,71.90062413800328
0.020427231956689454,4.797166655548022,50.29429983401266
0.026333930197466514,0.5272997915079514,56.096709262830586
0.01022087861983403,2.4464572638178312,50.636445049470595
0.012622624617374706,5.377105639648419,53.73330000848216
0.010112437840173488,5.236256514826121,71.93882864874024
0.010832833000347132,3.4938067471603116,55.278650803263936
0.01005522788069741,5.026219449596638,73.87139301610554
0.011217636229680646,6.965306689563668,82.78393227355575
0.024582476078562614,0.9493818637743123,59.773024784452254
0.014599590591959092,6.704995651316787,65.09818865308894
0.011407216369841357,6.9133020241511005,51.0227141278921
0.013322785790043435,5.086876887358736,73.52931610552348
0.014491508848981574,1.4397353169533798,50.92845642510172
0.015700241132005723,3.7977433844235446,68.51365402981439
0.011718941486523509,0.5931073075151552,78.7577758431411
0.01425946912868684,3.211658021483069,99.40328997626753
0.010691067174214672,7.098453072129431,70.69229748041256
0.010225362703808668,2.8918108850390816,50.7932683715477
0.024743278337171007,4.165463021999542,78.15744268255189
0.010472554719785442,3.6320097307156307,84.04211025808095
0.011522955159070904,4.479019874464674,64.38161456274192
0.011323694610058159,6.691668758304875,75.13928483714623
0.012014195369405447,3.9288016519408937,54.61164706562491
0.010626430212241564,0.5233496192321945,56.68927543662023
0.015439314645876345,0.31539507078240714,50.51202208419145
0.012705637853276011,0.1563726417912057,65.22750248401685
0.01357435897449925,3.375625829044534,87.81857922778393
0.010371643617116325,5.854001469057772,63.94443582534697
0.010968168491784685,1.0591668967095895,56.53023848275731
0.010382244656517041,7.983076920096427,76.95296793968521
0.010494546748315417,1.1968936786282716,76.8438409993137
0.01011499817743663,5.108355747060834,71.90062413800328
0.02015107153124275,4.519774721110895,51.36802871708788
0.01876046140862506,3.876742870803129,59.83325124937682
0.01022087861983403,2.4464572638178312,50.636445049470595
0.012409509111357877,5.560271595984339,55.174029383395954
0.010112437840173488,5.236256514826121,71.93882864874024
0.010832833000347132,3.4938067471603116,55.278650803263936
0.01005522788069741,5.026219449596638,73.87139301610554
0.011126568256577797,7.200268336866726,89.3480768950524
0.0255783290446609,0.44865809254386635,59.76272307496972
0.016015372377540686,5.888729334711232,64.34296913058012
0.011407216369841357,6.9133020241511005,51.0227141278921
0.012684892601749705,5.228837588994835,75.13600011740354
0.014491508848981574,1.4397353169533798,50.92845642510172
0.015700241132005723,3.7977433844235446,68.51365402981439
0.011718941486523509,0.5931073075151552,78.7577758431411
0.013946476536578609,3.3130573204582947,95.38859617594709
0.010408171719659918,7.280357028305009,68.70371393438744
0.010225676988747497,2.923025272725588,50.80425996056897
0.01912365257350485,5.386558830770213,74.45140693036574
0.010472554719785442,3.6320097307156307,84.04211025808095
0.01130553668306384,4.1686349172901505,61.5137853201724
0.011323694610058159,6.691668758304875,75.13928483714623
0.012014195369405447,3.9288016519408937,54.61164706562491
0.010626430212241564,0.5233496192321945,56.68927543662023
0.015439314645876345,0.31539507078240714,50.51202208419145
0.012705637853276011,0.1563726417912057,65.22750248401685
0.013212839842724363,3.6553822574527577,85.12369109955173
0.010371643617116325,5.854001469057772,63.94443582534697
0.011041852568916526,0.24058601137870017,54.92845906403478
0.010382244656517041,7.983076920096427,76.95296793968521
0.010770149995566263,2.923105075917726,69.04651078737827
0.010152384739716792,4.35748954707011,64.75039664305658
0.02015107153124275,4.519774721110895,51.36802871708788
0.01876046140862506,3.876742870803129,59.83325124937682
0.01022087861983403,2.4464572638178312,50.636445049470595
0.012409509111357877,5.560271595984339,55.174029383395954
0.010112437840173488,5.236256514826121,71.93882864874024
0.011293007603143036,3.235453303560577,54.73149957892059
0.01005522788069741,5.026219449596638,73.87139301610554
0.011126568256577797,7.200268336866726,89.3480768950524
0.0255783290446609,0.44865809254386635,59.76272307496972
0.01607168262061823,5.856696173350285,64.31599893948501
0.011407216369841357,6.9133020241511005,51.0227141278921
0.013486248887067405,7.060676916871561,82.31728204988666
0.014491508848981574,1.4397353169533798,50.92845642510172
0.01610256993194651,3.7834384845691877,70.03104641691411
0.011851273914474249,0.26813152015703245,80.11225182184714
0.01385340927924906,3.599717262761951,96.48300860176664
0.010408171719659918,7.280357028305009,68.70371393438744
0.010225676988747497,2.923025272725588,50.80425996056897
0.01632282846190459,5.275266377964099,74.27226700130925
0.010472554719785442,3.6320097307156307,84.04211025808095
0.010483298189641695,6.524919276456009,59.3328277788451
0.011422667805645612,7.365483985941118,76.22866643694982
0.011836714940096237,3.915911428230915,54.68239642515351
0.010626430212241564,0.5233496192321945,56.68927543662023
0.015439314645876345,0.31539507078240714,50.51202208419145
0.012540625741449866,0.17795778565897052,68.10234751280274
0.014285403213472575,2.269116578769041,91.40303157161964
0.010919928132500353,5.655908253379066,64.52674907720171
0.010825426962984814,0.23690420679976856,55.14581853927161
0.010382244656517041,7.983076920096427,76.95296793968521
0.010770149995566263,2.923105075917726,69.04651078737827
0.01003844662863613,4.363852799897541,64.81548089818274
0.02015107153124275,4.519774721110895,51.36802871708788
0.01876046140862506,3.876742870803129,59.83325124937682
0.010216193646979455,1.9811516098847637,50.472595975489924
0.012929966048372463,7.0304819076542735,54.731749280100814
0.010112437840173488,5.236256514826121,71.93882864874024
0.011616758266611522,3.053691645558171,54.34655749210726
0.01005522788069741,5.026219449596638,73.87139301610554
0.01108715572169988,7.241718682639391,88.69174587991449
0.02629526158778811,0.3520091143540045,58.07926265124307
0.01669339304360118,7.105344967211811,54.88841977817847
0.011407216369841357,6.9133020241511005,51.0227141278921
0.014144772169164512,7.090170577385873,86.14259405561194
0.014491508848981574,1.4397353169533798,50.92845642510172
0.01578791040556159,3.5232531622642926,70.77720648317819
0.011637939191100382,0.7886378206984364,80.72033450149796
0.012980376089934848,2.146975865994669,89.34452323533495
0.010421341493522428,6.9234071488458175,64.51346650121344
0.01031061980813325,2.7842982876139657,52.3356995319859
0.018166739396204425,7.9958925649346035,58.76857962508716
0.010472554719785442,3.6320097307156307,84.04211025808095
0.010366022581996722,6.117410874341026,63.31917038492287
0.011422667805645612,7.365483985941118,76.22866643694982
0.011786477290086157,3.77169070333045,54.63927712379051
0.010626430212241564,0.5233496192321945,56.68927543662023
0.015439314645876345,0.31539507078240714,50.51202208419145
0.012722146308657825,0.9907309421024555,76.87071301647863
0.014285403213472575,2.269116578769041,91.40303157161964
0.010541977821380215,5.459487929004456,67.99601404141285
0.010825426962984814,0.23690420679976856,55.14581853927161
0.010382244656517041,7.983076920096427,76.95296793968521
0.010770149995566263,2.923105075917726,69.04651078737827
0.01014930684248732,3.7204765813263014,59.73227896906941
0.02015107153124275,4.519774721110895,51.36802871708788
0.021943285096147326,2.3634749238298935,52.72161542950572
0.010216193646979455,1.9811516098847637,50.472595975489924
0.012929966048372463,7.0304819076542735,54.731749280100814
0.010112437840173488,5.236256514826121,71.93882864874024
0.011616758266611522,3.053691645558171,54.34655749210726
0.01005522788069741,5.026219449596638,73.87139301610554
0.01108715572169988,7.241718682639391,88.69174587991449
0.024608041036344366,1.0955821005582012,57.279563730628176
0.01669339304360118,7.105344967211811,54.88841977817847
0.011407216369841357,6.9133020241511005,51.0227141278921
0.014144772169164512,7.090170577385873,86.14259405561194
0.018682839473288193,0.9089546418819405,51.375361921560405
0.01578791040556159,3.5232531622642926,70.77720648317819
0.011637939191100382,0.7886378206984364,80.72033450149796
0.012653938111865637,1.8166712345993554,87.24739469603057
0.010421341493522428,6.9234071488458175,64.51346650121344
0.01031061980813325,2.7842982876139657,52.3356995319859
0.018166739396204425,7.9958925649346035,58.76857962508716
0.010447593669305576,2.974940621003362,89.81147821295774
0.0103607279085845,5.971243233550832,62.865196551658016
0.01130266745657025,7.160200700131258,76.02180277280888
0.011786477290086157,3.77169070333045,54.63927712379051
0.010626430212241564,0.5233496192321945,56.68927543662023
0.013467871702166598,2.5109235766378326,55.307367698252754
0.01302555372198691,0.42448854845728556,83.05315348545672
0.014285403213472575,2.269116578769041,91.40303157161964
0.010588934453945036,5.129134887576825,66.44796432719718
0.010825426962984814,0.23690420679976856,55.14581853927161
0.010295175883035556,7.195808582957717,76.13249336826637
0.010770149995566263,2.923105075917726,69.04651078737827
0.010943797667324501,3.4587176496671455,58.9542314469674
0.02015107153124275,4.519774721110895,51.36802871708788
0.021943285096147326,2.3634749238298935,52.72161542950572
0.010216193646979455,1.9811516098847637,50.472595975489924
0.011355753819124221,7.577819980265701,55.46504559582836
0.010112437840173488,5.236256514826121,71.93882864874024
0.011616758266611522,3.053691645558171,54.34655749210726
0.010125418424975424,5.0397543973910475,72.89509906320768
0.01108715572169988,7.241718682639391,88.69174587991449
0.024608041036344366,1.0955821005582012,57.279563730628176
0.01669339304360118,7.105344967211811,54.88841977817847
0.01259943285954027,6.613813543658331,51.25337663704487
0.014144772169164512,7.090170577385873,86.14259405561194
0.018682839473288193,0.9089546418819405,51.375361921560405
0.017593768472067603,2.3158192686452006,69.01653737014725
0.011637939191100382,0.7886378206984364,80.72033450149796
0.012653938111865637,1.8166712345993554,87.24739469603057
0.010421341493522428,6.9234071488458175,64.51346650121344
0.01031061980813325,2.7842982876139657,52.3356995319859
0.01568292926083079,6.145408938902442,56.08333026922125
0.010447922648978104,3.882552880790457,82.2998888991514
0.010448719989031486,6.08231070202172,64.09423206194784
0.01130266745657025,7.160200700131258,76.02180277280888
0.011786477290086157,3.77169070333045,54.63927712379051
0.010626430212241564,0.5233496192321945,56.68927543662023
0.013467871702166598,2.5109235766378326,55.307367698252754
0.013305473760175818,2.0915964957914728,83.82583224585511
0.014285403213472575,2.269116578769041,91.40303157161964
0.010588934453945036,5.129134887576825,66.44796432719718
0.010825426962984814,0.23690420679976856,55.14581853927161
0.010295175883035556,7.195808582957717,76.13249336826637
0.010578276823683543,2.893509263805873,72.37807127616153
0.010943797667324501,3.4587176496671455,58.9542314469674
0.018108892974376276,5.22982007235141,52.31931214887974
0.021943285096147326,2.3634749238298935,52.72161542950572
0.010194921497180104,2.05674356084394,50.15024017410683
0.011355753819124221,7.577819980265701,55.46504559582836
0.010112437840173488,5.236256514826121,71.93882864874024
0.01209377346355267,3.21358455856789,54.197603892070106
0.010125418424975424,5.0397543973910475,72.89509906320768
0.01108715572169988,7.241718682639391,88.69174587991449
0.02481180144134041,1.002959520750542,56.80618060462712
0.016102461171627024,7.113700081215717,56.850497628914866
0.01259943285954027,6.613813543658331,51.25337663704487
0.014144772169164512,7.090170577385873,86.14259405561194
0.018682839473288193,0.9089546418819405,51.375361921560405
0.01677790726907688,2.944062695781726,69.92501495532761
0.011637939191100382,0.7886378206984364,80.72033450149796
0.012697573099722213,1.7703891097276203,88.06213480757016
0.010421341493522428,6.9234071488458175,64.51346650121344
0.01031061980813325,2.7842982876139657,52.3356995319859
0.01568292926083079,6.145408938902442,56.08333026922125
0.010447922648978104,3.882552880790457,82.2998888991514
0.010448719989031486,6.08231070202172,64.09423206194784
0.01130266745657025,7.160200700131258,76.02180277280888
0.011786477290086157,3.77169070333045,54.63927712379051
0.010626430212241564,0.5233496192321945,56.68927543662023
0.013467871702166598,2.5109235766378326,55.307367698252754
0.013315041666646805,2.030313714982957,84.267237564605
0.014285403213472575,2.269116578769041,91.40303157161964
0.010998225399913509,5.03712182623833,61.73153825532928
0.010825426962984814,0.23690420679976856,55.14581853927161
0.010295175883035556,7.195808582957717,76.13249336826637
0.010578276823683543,2.893509263805873,72.37807127616153
0.011137372249901282,3.4252402762672944,58.9305072570953
0.018108892974376276,5.22982007235141,52.31931214887974
0.021943285096147326,2.3634749238298935,52.72161542950572
0.010194921497180104,2.05674356084394,50.15024017410683
0.011355753819124221,7.577819980265701,55.46504559582836
0.010250691089205828,5.3277385225483584,70.12143109435107
0.012055459802443439,3.283169185841951,54.252671673521014
0.010309141165320623,3.779208631774888,68.23666094431509
0.010954685006773653,7.234039517804308,86.59101922257568
0.021385650932310585,2.412528410712169,58.641168617072935
0.013148449273011838,6.187828790369241,64.29138840621225
0.01259943285954027,6.613813543658331,51.25337663704487
0.01427817122705362,7.992618227408241,92.21939610615887
0.018682839473288193,0.9089546418819405,51.375361921560405
0.014267523833981274,4.590515681383565,72.32880898188698
0.011527993849051597,1.1091848712345262,80.08743721556752
0.012697573099722213,1.7703891097276203,88.06213480757016
0.010421341493522428,6.9234071488458175,64.51346650121344
0.01031061980813325,2.7842982876139657,52.3356995319859
0.014744682876632893,6.161112464851836,59.12189475003421
0.010447922648978104,3.882552880790457,82.2998888991514
0.010448719989031486,6.08231070202172,64.09423206194784
0.011030979094896254,7.743588843406586,78.6210360506184
0.011786477290086157,3.77169070333045,54.63927712379051
0.010626430212241564,0.5233496192321945,56.68927543662023
0.013467871702166598,2.5109235766378326,55.307367698252754
0.014133909289536775,2.02337726898792,93.22115697664984
0.01562919163168463,2.296258611896765,85.20254199143703
0.010651848014096564,5.59318357470839,64.84805329436772
0.010825426962984814,0.23690420679976856,55.14581853927161
0.01029829165521599,7.148458035482198,76.09117268638727
0.010578276823683543,2.893509263805873,72.37807127616153
0.013974954087068666,2.478954751213737,56.08928582619089
0.01711285465412757,4.92080749665287,54.97238758754398
0.021943285096147326,2.3634749238298935,52.72161542950572
0.010194921497180104,2.05674356084394,50.15024017410683
0.011355753819124221,7.577819980265701,55.46504559582836
0.010250691089205828,5.3277385225483584,70.12143109435107
0.012055459802443439,3.283169185841951,54.252671673521014
0.010309141165320623,3.779208631774888,68.23666094431509
0.010954685006773653,7.234039517804308,86.59101922257568
0.021385650932310585,2.412528410712169,58.641168617072935
0.015439770594720735,6.867921139090991,59.68144503948866
0.01259943285954027,6.613813543658331,51.25337663704487
0.013070481924035498,7.193521371996015,85.5930503391279
0.018355242422139185,0.7267124321230896,50.49470232552274
0.014954339587396039,4.8171869204218565,77.22571395151282
0.011096175612495459,0.6418698282405622,80.44809676009815
0.010041517637501,1.293949713392881,90.65293474835738
0.010421341493522428,6.9234071488458175,64.51346650121344
0.01031061980813325,2.7842982876139657,52.3356995319859
0.01641262499773117,7.665773743669081,62.41090252760982
0.010447922648978104,3.882552880790457,82.2998888991514
0.010463947370489349,5.707516921180262,65.0678679182823
0.011030979094896254,7.743588843406586,78.6210360506184
0.011786477290086157,3.77169070333045,54.63927712379051
0.010416102419591807,0.11715316148450183,57.0479002646634
0.013467871702166598,2.5109235766378326,55.307367698252754
0.014133909289536775,2.02337726898792,93.22115697664984
0.01562919163168463,2.296258611896765,85.20254199143703
0.01070478156509884,5.628209641404463,64.15221933162182
0.010825426962984814,0.23690420679976856,55.14581853927161
0.01029829165521599,7.148458035482198,76.09117268638727
0.010578276823683543,2.893509263805873,72.37807127616153
0.014728408160894869,1.0121861250273172,56.26885832790798
0.02085776350648354,6.09704331197193,56.423992341527935
0.02271908386087945,2.7095671972607613,53.04194643001613
0.010194921497180104,2.05674356084394,50.15024017410683
0.011355753819124221,7.577819980265701,55.46504559582836
0.010250691089205828,5.3277385225483584,70.12143109435107
0.011902238169383076,2.345022046034127,55.09748719797246
0.011258716150766311,4.383877229398266,67.33029425020227
0.010903586446349294,4.467917340751389,74.16003666959149
0.020435439337876452,3.1245450655880647,58.80741527221443
0.015439770594720735,6.867921139090991,59.68144503948866
0.01259943285954027,6.613813543658331,51.25337663704487
0.012203464821320923,4.50694747340416,73.83464301335086
0.018355242422139185,0.7267124321230896,50.49470232552274
0.015528209554131332,4.936207954774094,76.57954280308093
0.01070663321608372,0.1272202632545314,81.76970284655503
0.010041517637501,1.293949713392881,90.65293474835738
0.010467751484496805,6.7113337313644,64.45431650951672
0.01031061980813325,2.7842982876139657,52.3356995319859
0.01597344921348033,7.26959045361504,61.54489371839961
0.010447922648978104,3.882552880790457,82.2998888991514
0.010463947370489349,5.707516921180262,65.0678679182823
0.011030979094896254,7.743588843406586,78.6210360506184
0.011786477290086157,3.77169070333045,54.63927712379051
0.010416102419591807,0.11715316148450183,57.0479002646634
0.014290810790206939,1.8938556584758537,55.63435691870343
0.01389542440782169,2.328330520285059,91.3498636742476
0.017152486853357907,3.2961016639820095,78.12023478321763
0.01070478156509884,5.628209641404463,64.15221933162182
0.010825426962984814,0.23690420679976856,55.14581853927161
0.01029829165521599,7.148458035482198,76.09117268638727
0.01051370979220364,1.4977395606858135,76.57648182986975
0.015335859231974627,1.1458518492360952,52.417196927441935
0.021779989177296847,6.333448582208629,56.60543410729578
0.026213226169496708,3.451793667338686,51.630890617974345
0.010194921497180104,2.05674356084394,50.15024017410683
0.011355753819124221,7.577819980265701,55.46504559582836
0.010250691089205828,5.3277385225483584,70.12143109435107
0.012930411731940152,4.357919958106984,55.05133889725695
0.011258716150766311,4.383877229398266,67.33029425020227
0.010903586446349294,4.467917340751389,74.16003666959149
0.017147244853498566,3.676734332383025,64.80991774285748
0.015439770594720735,6.867921139090991,59.68144503948866
0.01259943285954027,6.613813543658331,51.25337663704487
0.012203464821320923,4.50694747340416,73.83464301335086
0.018355242422139185,0.7267124321230896,50.49470232552274
0.01921273314543965,2.6361565769948268,74.90697340726486
0.01070663321608372,0.1272202632545314,81.76970284655503
0.010041517637501,1.293949713392881,90.65293474835738
0.010467751484496805,6.7113337313644,64.45431650951672
0.01031061980813325,2.7842982876139657,52.3356995319859
0.013652257538122395,7.034230482874323,62.77150082530384
0.010342272410582262,5.416126830772864,82.51640221547098
0.010478294797756152,5.74187648153335,63.010406161710634
0.011030979094896254,7.743588843406586,78.6210360506184
0.011881295247152044,3.608954243440704,53.80540330419767
0.010416102419591807,0.11715316148450183,57.0479002646634
0.013030028788258931,3.1502881344221367,58.74228097529945
0.01389542440782169,2.328330520285059,91.3498636742476
0.019667238063218767,2.5558506593646158,81.03469385175367
0.01070478156509884,5.628209641404463,64.15221933162182
0.010825426962984814,0.23690420679976856,55.14581853927161
0.01029829165521599,7.148458035482198,76.09117268638727
0.01051370979220364,1.4977395606858135,76.57648182986975
0.015335859231974627,1.1458518492360952,52.417196927441935
0.021779989177296847,6.333448582208629,56.60543410729578
0.026213226169496708,3.451793667338686,51.630890617974345
0.010194921497180104,2.05674356084394,50.15024017410683
0.011355753819124221,7.577819980265701,55.46504559582836
0.010545074917473165,5.9271502803633185,66.21703476027541
0.01296163176533276,4.340100966020298,54.92367627149992
0.01072705640804871,3.8396644887001026,66.94951515964422
0.010903586446349294,4.467917340751389,74.16003666959149
0.019779812756791783,4.0133465824088,68.68959409454911
0.015439770594720735,6.867921139090991,59.68144503948866
0.01259972110919183,6.660781652417927,50.32633355684351
0.01238166716461288,5.455126201187303,63.67211928832116
0.018355242422139185,0.7267124321230896,50.49470232552274
0.019819903953353354,2.445871445769383,74.38611849619076
0.01070663321608372,0.1272202632545314,81.76970284655503
0.010362995859081082,3.394727572019057,77.80826988978902
0.012594136601736668,5.750828241886302,68.28673338594328
0.010276426691071434,2.5488968627503175,51.088019929450965
0.012677325422011257,5.484303256961569,70.29973773047041
0.010342272410582262,5.416126830772864,82.51640221547098
0.010478294797756152,5.74187648153335,63.010406161710634
0.011030979094896254,7.743588843406586,78.6210360506184
0.011881295247152044,3.608954243440704,53.80540330419767
0.010496320360057678,0.1359285650893698,57.04939654073752
0.013030028788258931,3.1502881344221367,58.74228097529945
0.014781064474444487,2.267526405106462,84.89068175447181
0.019666282210800873,2.543475311425423,81.13951397675297
0.01070478156509884,5.628209641404463,64.15221933162182
0.010825426962984814,0.23690420679976856,55.14581853927161
0.01029829165521599,7.148458035482198,76.09117268638727
0.010484560785326249,1.6823961765748472,73.09726185184539
0.016152562720032827,1.459799915796337,57.1549003727171
0.01716060455763918,5.541127211121657,64.06115849397516
0.019119243366912328,1.9696863016783954,53.251319757409334
0.010209341624350377,2.1474227729856454,50.42262618913554
0.011355753819124221,7.577819980265701,55.46504559582836
0.010545074917473165,5.9271502803633185,66.21703476027541
0.01296163176533276,4.340100966020298,54.92367627149992
0.010744783187710508,3.6363229260009824,67.02086592507169
0.010881987300958722,2.3457382702425127,75.92841161679046
0.020595517992892654,3.97425473929629,70.33650421061405
0.016324676912490343,7.6081259249920326,61.15420693818338
0.01259972110919183,6.660781652417927,50.32633355684351
0.01238166716461288,5.455126201187303,63.67211928832116
0.017166988130843133,0.6373870183213192,51.48575980997621
0.020364089250677803,1.8124742879773463,76.49896499919228
0.010720122798347711,0.03275255582162484,82.29650216977001
0.010270530271076675,4.026151349126928,82.33974900539603
0.013186141970630163,4.807892073489976,72.78145253131153
0.010276426691071434,2.5488968627503175,51.088019929450965
0.013386880024734623,6.443668917460215,76.01448188574702
0.01031680445057456,6.0844210828629866,84.20231851411012
0.010555172937461397,6.326245391021997,67.78765520728906
0.010749003130167663,7.799594496138381,79.8323678741217
0.011500682607102297,3.3575497052060337,53.16094525411566
0.010496320360057678,0.1359285650893698,57.04939654073752
0.014317481819750687,3.314907805273102,60.639630355706274
0.01610168938940322,2.185037012048187,94.80061004278366
0.019396143734308063,2.6158635322741643,80.08324616454112
0.01070478156509884,5.628209641404463,64.15221933162182
0.010825426962984814,0.23690420679976856,55.14581853927161
0.010925678527218255,6.638528760616298,72.3513038871724
0.010484560785326249,1.6823961765748472,73.09726185184539
0.016152562720032827,1.459799915796337,57.1549003727171
0.017048910270941173,5.744793932609926,64.6776056006519
0.019119243366912328,1.9696863016783954,53.251319757409334
0.010209341624350377,2.1474227729856454,50.42262618913554
0.01144449996000581,7.512397349552822,55.09844362308929
0.010545074917473165,5.9271502803633185,66.21703476027541
0.012234120099744583,2.942705217609132,54.99932964099263
0.01076190395806664,2.78379163343519,68.24865210855094
0.010881987300958722,2.3457382702425127,75.92841161679046
0.01906936107187893,3.8707686819816796,67.45436318641327
0.016324676912490343,7.6081259249920326,61.15420693818338
0.01259972110919183,6.660781652417927,50.32633355684351
0.012190654816393193,5.325834802380033,65.36113708667972
0.017166988130843133,0.6373870183213192,51.48575980997621
0.01883355622258381,1.924206720209698,72.6435336270074
0.010695706908200332,0.9643158131769827,80.14890160983248
0.010134496352104483,3.9206226328400335,82.6158575756301
0.013134178369018206,4.972079301881209,70.79167192617345
0.010276426691071434,2.5488968627503175,51.088019929450965
0.013386880024734623,6.443668917460215,76.01448188574702
0.01031680445057456,6.0844210828629866,84.20231851411012
0.010555172937461397,6.326245391021997,67.78765520728906
0.010766361887635498,7.087688959362026,79.3227746689084
0.010847106934311629,3.4719389496077304,53.12901493373965
0.010494570715553146,0.19390530527876848,57.31404138948358
0.014515186225158863,3.2609162890545234,60.33323440776034
0.01610168938940322,2.185037012048187,94.80061004278366
0.019396143734308063,2.6158635322741643,80.08324616454112
0.01071540138556944,5.099394110076698,64.91380123323087
0.010825426962984814,0.23690420679976856,55.14581853927161
0.010925678527218255,6.638528760616298,72.3513038871724
0.010484560785326249,1.6823961765748472,73.09726185184539
0.016152562720032827,1.459799915796337,57.1549003727171
0.018681089577939028,5.8855474251416755,64.44796639011354
0.018909603932764675,2.060835418617861,53.52290675515954
0.010209341624350377,2.1474227729856454,50.42262618913554
0.011410014772373014,7.454312774877546,56.245212213994705
0.010545074917473165,5.9271502803633185,66.21703476027541
0.012234120099744583,2.942705217609132,54.99932964099263
0.010843774619629836,4.14491384715743,59.667343849183354
0.010881987300958722,2.3457382702425127,75.92841161679046
0.01906936107187893,3.8707686819816796,67.45436318641327
0.016324676912490343,7.6081259249920326,61.15420693818338
0.01259972110919183,6.660781652417927,50.32633355684351
0.012190654816393193,5.325834802380033,65.36113708667972
0.017166988130843133,0.6373870183213192,51.48575980997621
0.015852657625017787,1.3056838727019902,67.16377090602562
0.010659807250570127,1.0864058560632015,78.94996198642184
0.010134496352104483,3.9206226328400335,82.6158575756301
0.010885455235978803,7.389134255705159,81.55678452609756
0.010276426691071434,2.5488968627503175,51.088019929450965
0.015819722338085603,6.2510543460480665,79.63545093085033
0.010172217942346247,7.040860388978823,86.31897033197129
0.010555172937461397,6.326245391021997,67.78765520728906
0.010766361887635498,7.087688959362026,79.3227746689084
0.010847106934311629,3.4719389496077304,53.12901493373965
0.010494570715553146,0.19390530527876848,57.31404138948358
0.014092463057443976,3.5475839152559114,51.149415213680356
0.01610168938940322,2.185037012048187,94.80061004278366
0.017940706272606827,4.981484301279833,71.11357974706411
0.010520023206890392,5.109678040970005,64.43901266100764
0.011411292949043344,0.36908578346604926,55.02820498179518
0.010925678527218255,6.638528760616298,72.3513038871724
0.010484560785326249,1.6823961765748472,73.09726185184539
0.017112248568675003,1.0673787304552076,53.09470581408996
0.018553198277104527,5.729382627644904,65.59936183209712
0.018909603932764675,2.060835418617861,53.52290675515954
0.010209341624350377,2.1474227729856454,50.42262618913554
0.011410014772373014,7.454312774877546,56.245212213994705
0.010545074917473165,5.9271502803633185,66.21703476027541
0.012234120099744583,2.942705217609132,54.99932964099263
0.010925402039634225,4.394026564075917,60.80285778411106
0.011037491625974989,0.6927118914633557,80.41076719964988
0.01771783594850802,4.453609867244349,63.87627190286213
0.016324676912490343,7.6081259249920326,61.15420693818338
0.014117191231279984,6.006377180562746,54.343755447862854
0.011619639492151298,3.031637239353245,72.8133082018206
0.017166988130843133,0.6373870183213192,51.48575980997621
0.015162355941708828,1.2193547942446257,57.57093012671948
0.011312394183226082,2.961625617109361,69.3209747015875
0.013563088731922844,4.161597726621375,74.14328426913109
0.010363658435682785,7.613323641153317,82.90706568029022
0.010276426691071434,2.5488968627503175,51.088019929450965
0.015819722338085603,6.2510543460480665,79.63545093085033
0.010172217942346247,7.040860388978823,86.31897033197129
0.010563533673415485,6.310643799756811,67.38307651105643
0.011619083551886438,7.167531118988688,76.53546750061699
0.010567503426941141,3.465421761075047,53.29956725647949
0.010851975056833031,0.7586682438332764,56.83846533786907
0.014092463057443976,3.5475839152559114,51.149415213680356
0.018141072874828253,1.5918729178987645,98.96494372533431
0.015342785051587714,3.14630441674376,64.71353515195015
0.01053470009769312,4.60141228639003,60.99563300458532
0.011411292949043344,0.36908578346604926,55.02820498179518
0.010925678527218255,6.638528760616298,72.3513038871724
0.010484560785326249,1.6823961765748472,73.09726185184539
0.01534166955811532,2.485002680648306,56.95785906717448
0.017058012311918155,5.963298826624324,61.76361729508394
0.016107174111857324,4.023816875271384,62.36878923258334
0.010222384219721268,2.2485382079425102,51.0232208560943
0.011288806980148232,7.059261966694729,56.90301909513349
0.010545074917473165,5.9271502803633185,66.21703476027541
0.012344472004074033,2.964178948894079,55.13891680489659
0.010925402039634225,4.394026564075917,60.80285778411106
0.011037491625974989,0.6927118914633557,80.41076719964988
0.02010621134503552,4.474560721862958,64.95695472775874
0.01652634113776676,5.939207560154159,58.83940944142337
0.013304408801463222,6.4759636109411804,52.35515374656147
0.011749346201326727,2.558480846913505,71.77091344673698
0.017166988130843133,0.6373870183213192,51.48575980997621
0.015162355941708828,1.2193547942446257,57.57093012671948
0.011035035277933135,3.9539389544628607,73.45590164637235
0.015023033207837086,6.166818868461198,70.52030851391314
0.010363658435682785,7.613323641153317,82.90706568029022
0.010276426691071434,2.5488968627503175,51.088019929450965
0.015819722338085603,6.2510543460480665,79.63545093085033
0.010320285238784446,5.67244925092213,79.89741389794234
0.010563533673415485,6.310643799756811,67.38307651105643
0.011619083551886438,7.167531118988688,76.53546750061699
0.010567503426941141,3.465421761075047,53.29956725647949
0.010851975056833031,0.7586682438332764,56.83846533786907
0.014092463057443976,3.5475839152559114,51.149415213680356
0.016923932053622314,2.267987081459539,84.06698104535826
0.015342785051587714,3.14630441674376,64.71353515195015
0.010842233424315943,5.603751220178955,59.326618705101744
0.011411292949043344,0.36908578346604926,55.02820498179518
0.010925678527218255,6.638528760616298,72.3513038871724
0.011398033269940353,2.5849899035079793,72.57859042472381
0.01526487881301649,1.8800529228313598,53.315104021660254
0.016422152587460347,4.674681839100959,59.98321061591758
0.015859122532290718,3.5112482559287566,64.24747806334031
0.010227088451211463,2.427177971761278,52.08490777348136
0.011288806980148232,7.059261966694729,56.90301909513349
0.010545074917473165,5.9271502803633185,66.21703476027541
0.012344472004074033,2.964178948894079,55.13891680489659
0.010925402039634225,4.394026564075917,60.80285778411106
0.011098458891162899,0.6710363158295308,88.15745411469818
0.02010621134503552,4.474560721862958,64.95695472775874
0.015076689738231777,6.33301084958585,64.50085807294255
0.013304408801463222,6.4759636109411804,52.35515374656147
0.012187018349889757,3.4362980731910295,79.05387177141274
0.016387221512730303,0.9138919732976385,54.405422248916324
0.018178161366049314,1.9029599216094721,59.615247777386436
0.011035035277933135,3.9539389544628607,73.45590164637235
0.015023033207837086,6.166818868461198,70.52030851391314
0.010363658435682785,7.613323641153317,82.90706568029022
0.010292783961976016,2.6372116129335845,51.32619488236237
0.015819722338085603,6.2510543460480665,79.63545093085033
0.010144255439766135,5.210611712948449,88.95357205329589
0.010563533673415485,6.310643799756811,67.38307651105643
0.011596587659949871,7.963497555233612,77.35828888174626
0.010266219909372673,3.2628197210572196,51.5387582862496
0.010851975056833031,0.7586682438332764,56.83846533786907
0.014092463057443976,3.5475839152559114,51.149415213680356
0.017300734231715766,2.2463711672914486,84.85035598183495
0.015558440870877311,1.1091261127174565,60.797171599157764
0.010842233424315943,5.603751220178955,59.326618705101744
0.011411292949043344,0.36908578346604926,55.02820498179518
0.0125831694074765,4.820882700149458,65.07984242107526
0.011398033269940353,2.5849899035079793,72.57859042472381
0.01526487881301649,1.8800529228313598,53.315104021660254
0.016199771193402643,4.137666754167697,58.70186917977476
0.01429204419128234,4.339649448233567,65.17536890692047
0.010298447611359757,2.644818822243267,52.33952959317985
0.011288806980148232,7.059261966694729,56.90301909513349
0.010545074917473165,5.9271502803633185,66.21703476027541
0.012344472004074033,2.964178948894079,55.13891680489659
0.010169496540403774,5.1556730666880455,63.81990714798444
0.012096059654733465,0.644923467385362,82.62376539036002
0.02010621134503552,4.474560721862958,64.95695472775874
0.015076689738231777,6.33301084958585,64.50085807294255
0.013452667631201926,7.018346282076916,51.925211427003454
0.012569364531507712,2.5604042005731484,78.2458831967963
0.015920511818336286,1.0929913139527931,54.18684693254774
0.018178161366049314,1.9029599216094721,59.615247777386436
0.011282559762129862,2.95708664748005,77.11292563596162
0.01503294935778402,6.1975324571462584,69.40786660364185
0.010363658435682785,7.613323641153317,82.90706568029022
0.010292783961976016,2.6372116129335845,51.32619488236237
0.015210280800173798,7.374640464491646,84.80884878192316
0.010144255439766135,5.210611712948449,88.95357205329589
0.010563533673415485,6.310643799756811,67.38307651105643
0.011596587659949871,7.963497555233612,77.35828888174626
0.010266219909372673,3.2628197210572196,51.5387582862496
0.010851975056833031,0.7586682438332764,56.83846533786907
0.014092463057443976,3.5475839152559114,51.149415213680356
0.017300734231715766,2.2463711672914486,84.85035598183495
0.015964192888562052,0.5436725656365544,61.16724085477024
0.010842233424315943,5.603751220178955,59.326618705101744
0.011411292949043344,0.36908578346604926,55.02820498179518
0.012576941723480154,4.809133472912038,65.11924703583288
0.011398033269940353,2.5849899035079793,72.57859042472381
0.01526487881301649,1.8800529228313598,53.315104021660254
0.015295872762150147,3.908064252047729,57.57322945775351
0.014037882714634424,4.185549524970315,65.8255439629441
0.010298447611359757,2.644818822243267,52.33952959317985
0.011288806980148232,7.059261966694729,56.90301909513349
0.010545074917473165,5.9271502803633185,66.21703476027541
0.012344472004074033,2.964178948894079,55.13891680489659
0.010169496540403774,5.1556730666880455,63.81990714798444
0.012252191886281301,0.20115795457682584,83.6814418773267
0.024118534168153315,3.1119031586549286,61.436833876880534
0.014666223058890555,5.484478543868306,65.02428485586529
0.013452667631201926,7.018346282076916,51.925211427003454
0.012159209266514343,2.5751449175238195,76.34589262009544
0.015920511818336286,1.0929913139527931,54.18684693254774
0.0176100414446328,2.4261041296528285,61.146822985388305
0.011282559762129862,2.95708664748005,77.11292563596162
0.015650258976260104,6.32215381374653,66.93977345313758
0.010117870620518325,7.924732387859033,84.88242468890307
0.010292783961976016,2.6372116129335845,51.32619488236237
0.014823111548218498,7.296155531335263,77.56519955294006
0.010144255439766135,5.210611712948449,88.95357205329589
0.010563533673415485,6.310643799756811,67.38307651105643
0.013290569694061366,5.0134767946061265,70.75946473629409
0.010272392222913429,3.2857349647065215,51.57113684898824
0.010851975056833031,0.7586682438332764,56.83846533786907
0.014660158934120319,3.6835992442570262,51.12300322296496
0.017929516654695516,1.7492917404655346,84.84754871158404
0.0158168864859504,0.6139691056692351,60.918321259160024
0.01140415455679398,5.586224541565554,60.16386967120563
0.011701455844623624,1.4743390315609997,57.540150300175206
0.012576941723480154,4.809133472912038,65.11924703583288
0.011392537695119527,2.6026986016834988,72.7943869211545
0.014613622216430698,2.661860825335559,52.449180072384
0.015295872762150147,3.908064252047729,57.57322945775351
0.015855384008383315,2.2856469449227745,71.72450858124093
0.010298447611359757,2.644818822243267,52.33952959317985
0.0112870592714758,5.9116459622363235,62.556900363012375
0.010545074917473165,5.9271502803633185,66.21703476027541
0.011386602495710387,3.9421687896139694,69.86020730134327
0.010130809082390342,5.908970945020226,67.26421064493994
0.012252191886281301,0.20115795457682584,83.6814418773267
0.02395805145083193,3.136005043138918,61.752840234003045
0.015085419433060198,5.400064286001379,64.78327296917983
0.013452667631201926,7.018346282076916,51.925211427003454
0.011774693457409564,2.430671600558943,78.56780176032287
0.015883523530558368,1.8086832041618486,55.93228247553921
0.02155275064679979,0.5593436358729971,58.03500050494468
0.011282559762129862,2.95708664748005,77.11292563596162
0.015650258976260104,6.32215381374653,66.93977345313758
0.010117870620518325,7.924732387859033,84.88242468890307
0.010292783961976016,2.6372116129335845,51.32619488236237
0.015419973918077996,7.216420215335836,76.63700556615922
0.010144255439766135,5.210611712948449,88.95357205329589
0.01059162983675401,5.769843411745525,66.35595927027468
0.012993834896677239,5.1546243942464125,70.39207249492988
0.010272392222913429,3.2857349647065215,51.57113684898824
0.010851975056833031,0.7586682438332764,56.83846533786907
0.014576870269020175,3.7571261923885295,52.086138256320666
0.014823664999733524,4.20460045144797,84.86141513761011
0.0158168864859504,0.6139691056692351,60.918321259160024
0.01140415455679398,5.586224541565554,60.16386967120563
0.012366664963824022,2.0347645775936796,58.08962386383971
0.012715678447526284,5.134906885007833,65.78525905074892
0.011391889159876052,2.4361371175185877,73.49951157611397
0.01791883844810942,2.68071618907085,53.308205256714295
0.015470633398406708,3.819339348243993,57.210961437548484
0.01636894990471138,1.8950272208895083,72.1458378538658
0.010298447611359757,2.644818822243267,52.33952959317985
0.013960561074750126,4.517741801470521,61.3792585478854
0.010530582189648825,5.976120521682476,66.17378701884118
0.011386602495710387,3.9421687896139694,69.86020730134327
0.010091742952237652,6.632783666291548,71.59430009728159
0.012252191886281301,0.20115795457682584,83.6814418773267
0.01977096147128284,2.934484832620759,64.99504846696283
0.01490979835247706,5.322915168844592,64.30117936760038
0.013786316998720387,7.143562188036288,50.285209444154695
0.012052379046831232,2.272621557855071,83.55786942197761
0.01759863804959979,0.5248623684882254,52.553945636804734
0.02282424013841195,0.36553892698406454,58.87255750672609
0.012730651091474244,2.595642143119971,70.44660369684729
0.015650258976260104,6.32215381374653,66.93977345313758
0.011860779394876743,6.3794416968970005,74.22221799771057
0.010275451701941699,2.411194503566802,50.30320177353373
0.015419973918077996,7.216420215335836,76.63700556615922
0.010184560454063305,4.957071128731578,87.1245993865709
0.01059162983675401,5.769843411745525,66.35595927027468
0.0121773967738696,4.4607941170304795,68.29054352698554
0.010272392222913429,3.2857349647065215,51.57113684898824
0.010851975056833031,0.7586682438332764,56.83846533786907
0.014576870269020175,3.7571261923885295,52.086138256320666
0.014709943451418519,4.615719382861408,87.60284365591576
0.0158168864859504,0.6139691056692351,60.918321259160024
0.011132900461039142,5.44629237912951,66.16029778073627
0.012366664963824022,2.0347645775936796,58.08962386383971
0.01169096582393185,5.508914296743782,65.98909453428487
0.011079730156627474,2.4937954158122775,73.97460774467362
0.019220164535383527,2.076774340908358,50.65476003070003
0.01664598570162843,4.1723071164547605,58.711058398669216
0.01636894990471138,1.8950272208895083,72.1458378538658
0.010317602713446991,2.271842707954756,50.634171099977905
0.013960561074750126,4.517741801470521,61.3792585478854
0.010530582189648825,5.976120521682476,66.17378701884118
0.011677366330682578,4.132859963384668,69.28306420451716
0.010091742952237652,6.632783666291548,71.59430009728159
0.012256218739250563,0.17417333638722887,83.86739661221014
0.02328967008914363,1.2056413024132056,65.49729929046404
0.01490979835247706,5.322915168844592,64.30117936760038
0.013786316998720387,7.143562188036288,50.285209444154695
0.012835068759308588,3.108142415658368,78.28317516476935
0.01759863804959979,0.5248623684882254,52.553945636804734
0.02282424013841195,0.36553892698406454,58.87255750672609
0.011578603258352192,1.8708716508405516,81.90360440571615
0.01431821264903238,4.777680697017693,64.13556040508067
0.012140759972899888,6.460574923070139,75.50052375278315
0.011808651555297386,3.173396219705348,63.199337045639
0.015506836629171745,5.7715004781660495,73.19703504304981
0.010184560454063305,4.957071128731578,87.1245993865709
0.01059162983675401,5.769843411745525,66.35595927027468
0.011241576573051606,4.165526282992236,69.65686083480769
0.010272392222913429,3.2857349647065215,51.57113684898824
0.010851975056833031,0.7586682438332764,56.83846533786907
0.014576870269020175,3.7571261923885295,52.086138256320666
0.014709943451418519,4.615719382861408,87.60284365591576
0.0158168864859504,0.6139691056692351,60.918321259160024
0.011132900461039142,5.44629237912951,66.16029778073627
0.012366664963824022,2.0347645775936796,58.08962386383971
0.010560450647901315,6.002630322791369,68.28531432931544
0.011079730156627474,2.4937954158122775,73.97460774467362
0.018378551660287512,3.0776316366644605,54.49398679467086
0.01664598570162843,4.1723071164547605,58.711058398669216
0.01636894990471138,1.8950272208895083,72.1458378538658
0.010351165137884723,2.700272503105283,52.559751754636096
0.013960561074750126,4.517741801470521,61.3792585478854
0.010530582189648825,5.976120521682476,66.17378701884118
0.01130981220884673,3.7358210911716374,64.64823017248395
0.010091742952237652,6.632783666291548,71.59430009728159
0.013810328076097068,1.3125502780077625,77.21999539290303
0.027631188794613067,0.7731744809565841,61.32652605186769
0.015013010626002705,5.808331233609674,68.08800969808425
0.014503452943440773,5.686168427842359,56.35538781538705
0.012235826297059292,2.8848686188685004,87.29589952694644
0.01759863804959979,0.5248623684882254,52.553945636804734
0.016659843066366493,3.399805069428628,65.03174777630585
0.011578603258352192,1.8708716508405516,81.90360440571615
0.013292552667835631,5.381205437652634,63.743020439971204
0.012140759972899888,6.460574923070139,75.50052375278315
0.0113826334055862,4.031777286992412,65.28238713915066
0.018920386734919553,7.2114470475399255,79.74788758950197
0.010184560454063305,4.957071128731578,87.1245993865709
0.01059162983675401,5.769843411745525,66.35595927027468
0.0107108325409725,5.304371162882126,70.55115050199089
0.010272392222913429,3.2857349647065215,51.57113684898824
0.010851975056833031,0.7586682438332764,56.83846533786907
0.014576870269020175,3.7571261923885295,52.086138256320666
0.014709943451418519,4.615719382861408,87.60284365591576
0.01470389232285951,0.4764976652023117,68.09174735036196
0.011132900461039142,5.44629237912951,66.16029778073627
0.0133450929058614,0.4599366594840095,52.01770547882493
0.010560450647901315,6.002630322791369,68.28531432931544
0.01110886292109316,2.520959604281125,73.82468422100341
0.017851126356295235,3.505568794571221,56.62435204331042
0.01664598570162843,4.1723071164547605,58.711058398669216
0.01390834828257378,1.3882047648562914,65.31866414325681
0.010351165137884723,2.700272503105283,52.559751754636096
0.014323354198803059,4.861212096591242,55.92776579237883
0.010530582189648825,5.976120521682476,66.17378701884118
0.011256381226493726,3.388378336583702,63.73680696179846
0.010091742952237652,6.632783666291548,71.59430009728159
0.013810328076097068,1.3125502780077625,77.21999539290303
0.027631188794613067,0.7731744809565841,61.32652605186769
0.015013010626002705,5.808331233609674,68.08800969808425
0.014503452943440773,5.686168427842359,56.35538781538705
0.012235826297059292,2.8848686188685004,87.29589952694644
0.017974872700229013,0.2320417891416371,51.713006675372995
0.020022184792203468,4.928835091765037,69.7750744788244
0.011578603258352192,1.8708716508405516,81.90360440571615
0.012860042807597921,4.899968671041485,64.75103267356104
0.012446343680636074,4.937991558301457,69.54206618689632
0.011335317191312009,3.7399301329943815,64.52948385551687
0.017955536111674275,6.8976656288023594,77.00397121597177
0.010184560454063305,4.957071128731578,87.1245993865709
0.010452267259197272,5.83234848163742,66.11655626277765
0.010412367289969056,5.2040116012663065,73.65614118538963
0.011925832627178725,2.630218901591766,51.60159110379375
0.012257600801568971,2.4198642764487657,56.46970621519544
0.015337029078865062,4.369037157853076,51.11630606171718
0.014709943451418519,4.615719382861408,87.60284365591576
0.014080167888929787,1.298446919749094,67.80509750074795
0.011132900461039142,5.44629237912951,66.16029778073627
0.0133450929058614,0.4599366594840095,52.01770547882493
0.011280345126531062,5.920930790104718,68.39866248407837
0.010297988774013809,2.049271583286229,70.72218396142202
0.017851126356295235,3.505568794571221,56.62435204331042
0.016251000901774487,4.262770589181363,64.60546282916106
0.01372577199163755,0.06960265035852675,68.0685699231827
0.010351165137884723,2.700272503105283,52.559751754636096
0.014451519390023222,4.698732159158831,55.779831334983356
0.010530582189648825,5.976120521682476,66.17378701884118
0.011256381226493726,3.388378336583702,63.73680696179846
0.010091742952237652,6.632783666291548,71.59430009728159
0.014584552369112647,0.3774967526182378,72.79047874759652
0.027631188794613067,0.7731744809565841,61.32652605186769
0.012874491930104233,5.5274251216442645,70.67624625916689
0.014503452943440773,5.686168427842359,56.35538781538705
0.01237059664634781,3.05135641099235,85.4570326318223
0.017974872700229013,0.2320417891416371,51.713006675372995
0.024289672834871785,7.536138027202168,71.18988923534948
0.011578603258352192,1.8708716508405516,81.90360440571615
0.012604099337443362,4.931761203212206,65.6822036389136
0.012446343680636074,4.937991558301457,69.54206618689632
0.011335317191312009,3.7399301329943815,64.52948385551687
0.01688246761688692,5.861429516697293,66.39516339817013
0.010184560454063305,4.957071128731578,87.1245993865709
0.010452267259197272,5.83234848163742,66.11655626277765
0.010412367289969056,5.2040116012663065,73.65614118538963
0.011925832627178725,2.630218901591766,51.60159110379375
0.011715915610532784,3.8774714504499945,61.136949350340934
0.015337029078865062,4.369037157853076,51.11630606171718
0.014981461576278497,4.50890989427006,71.80475191755195
0.014080167888929787,1.298446919749094,67.80509750074795
0.011132900461039142,5.44629237912951,66.16029778073627
0.0133450929058614,0.4599366594840095,52.01770547882493
0.01073710642418107,6.378882157963457,67.8659507224778
0.010297988774013809,2.049271583286229,70.72218396142202
0.019485857453211946,3.7470693439371665,58.01008309320906
0.014965221357277606,3.7774480694621153,60.73969132566936
0.01372577199163755,0.06960265035852675,68.0685699231827
0.010351165137884723,2.700272503105283,52.559751754636096
0.014451519390023222,4.698732159158831,55.779831334983356
0.010697284184635076,5.92502713709344,66.05275783192354
0.010353725989485188,2.2129072239851544,59.33318260921038
0.010091742952237652,6.632783666291548,71.59430009728159
0.012583410892156435,0.46335175510006255,85.2314871107278
0.027631188794613067,0.7731744809565841,61.32652605186769
0.012874491930104233,5.5274251216442645,70.67624625916689
0.01610875258773068,6.82215861767978,52.70613379113964
0.01237059664634781,3.05135641099235,85.4570326318223
0.017974872700229013,0.2320417891416371,51.713006675372995
0.024289672834871785,7.536138027202168,71.18988923534948
0.01012207993600989,2.2041630481240673,90.11238856675092
0.01288622562127463,5.773848669206111,61.21950152801766
0.012446343680636074,4.937991558301457,69.54206618689632
0.0109652387376888,4.600821850209375,66.63192067652285
0.01678888720493158,5.816136502549119,66.19692981071401
0.010184560454063305,4.957071128731578,87.1245993865709
0.010452267259197272,5.83234848163742,66.11655626277765
0.010412367289969056,5.2040116012663065,73.65614118538963
0.011925832627178725,2.630218901591766,51.60159110379375
0.011715915610532784,3.8774714504499945,61.136949350340934
0.015337029078865062,4.369037157853076,51.11630606171718
0.011048312400964693,5.670453096464024,75.06272141452533
0.014080167888929787,1.298446919749094,67.80509750074795
0.011132900461039142,5.44629237912951,66.16029778073627
0.0133450929058614,0.4599366594840095,52.01770547882493
0.010331827693044453,6.540330537930712,67.33307866637377
0.010297988774013809,2.049271583286229,70.72218396142202
0.02353363525768385,5.5805966640500895,50.67558090956703
0.015567660912546608,4.432279367199029,62.51676094472179
0.013862705403965808,0.5444101758218396,67.96676801708266
0.010351165137884723,2.700272503105283,52.559751754636096
0.014451519390023222,4.698732159158831,55.779831334983356
0.010697284184635076,5.92502713709344,66.05275783192354
0.010297902269580371,2.198088960614739,59.60772263611979
0.010091742952237652,6.632783666291548,71.59430009728159
0.012583410892156435,0.46335175510006255,85.2314871107278
0.025527641414735937,1.0872031623636111,64.65271833839319
0.012874491930104233,5.5274251216442645,70.67624625916689
0.01610875258773068,6.82215861767978,52.70613379113964
0.01237059664634781,3.05135641099235,85.4570326318223
0.017974872700229013,0.2320417891416371,51.713006675372995
0.017857508471600708,7.07724216039133,69.4125633483247
0.010346789022676018,2.44007670522675,86.02724692627507
0.012313206833232272,5.641857543473315,64.10019525797182
0.013393797936819649,4.2200291995359835,70.53185044034113
0.010386670189120388,5.787721850574491,75.68473275511764
0.01678888720493158,5.816136502549119,66.19692981071401
0.010184560454063305,4.957071128731578,87.1245993865709
0.010452267259197272,5.83234848163742,66.11655626277765
0.010412367289969056,5.2040116012663065,73.65614118538963
0.011925832627178725,2.630218901591766,51.60159110379375
0.011715915610532784,3.8774714504499945,61.136949350340934
0.015337029078865062,4.369037157853076,51.11630606171718
0.011048312400964693,5.670453096464024,75.06272141452533
0.014080167888929787,1.298446919749094,67.80509750074795
0.011132900461039142,5.44629237912951,66.16029778073627
0.013260432417840723,0.6307709793167477,52.448005129437014
0.010331827693044453,6.540330537930712,67.33307866637377
0.010321805370527263,2.0644637509497215,70.6365036050298
0.02353363525768385,5.5805966640500895,50.67558090956703
0.015567660912546608,4.432279367199029,62.51676094472179
0.013862705403965808,0.5444101758218396,67.96676801708266
0.010351165137884723,2.700272503105283,52.559751754636096
0.015021966250871724,4.445674777270792,53.71061650477938
0.010697284184635076,5.92502713709344,66.05275783192354
0.010284509958253292,2.2729558330325195,53.42857171248093
0.010091742952237652,6.632783666291548,71.59430009728159
0.012583410892156435,0.46335175510006255,85.2314871107278
0.025527641414735937,1.0872031623636111,64.65271833839319
0.012874491930104233,5.5274251216442645,70.67624625916689
0.01427792486420076,6.302083471154643,59.43950106540417
0.012210403786863541,3.325496715687152,84.03297327179415
0.017974872700229013,0.2320417891416371,51.713006675372995
0.017857508471600708,7.07724216039133,69.4125633483247
0.010346789022676018,2.44007670522675,86.02724692627507
0.012313206833232272,5.641857543473315,64.10019525797182
0.012055879139311967,3.363629820807352,70.8673370783182
0.010386670189120388,5.787721850574491,75.68473275511764
0.013773051715503543,6.183886308410695,68.62745545651703
0.01018588439680613,4.933168875282302,87.3461225544385
0.01044922323748627,5.83910681119607,66.1628066010701
0.010412367289969056,5.2040116012663065,73.65614118538963
0.011925832627178725,2.630218901591766,51.60159110379375
0.011771000151152702,3.794213313255402,62.71357123085289
0.015337029078865062,4.369037157853076,51.11630606171718
0.011678185170384504,4.523223535010899,73.47461775829997
0.014646678104736965,1.2879929321233885,67.64909320901093
0.01157432573947992,4.843430668972289,65.51404546799259
0.011311114084459215,0.795636811506048,52.75191097524152
0.010331827693044453,6.540330537930712,67.33307866637377
0.010321805370527263,2.0644637509497215,70.6365036050298
0.017488648582524663,5.70002812130462,57.83066535629675
0.0153472558807958,4.437689747746129,58.959976022306556
0.013862705403965808,0.5444101758218396,67.96676801708266
0.01034929762557127,2.5892336402617944,66.84204469087163
0.016127277933782238,5.0382926351274016,52.84407102655231
0.011337474843553318,4.836824184264484,66.43985684867694
0.010284509958253292,2.2729558330325195,53.42857171248093
0.010091742952237652,6.632783666291548,71.59430009728159
0.012583410892156435,0.46335175510006255,85.2314871107278
0.025527641414735937,1.0872031623636111,64.65271833839319
0.012874491930104233,5.5274251216442645,70.67624625916689
0.013606818625451857,6.342601756929698,60.78194879142077
0.01035110510093194,4.323274094029665,94.45760602204612
0.017974872700229013,0.2320417891416371,51.713006675372995
0.016364117501727275,5.995328172287296,66.04717631990873
0.010346789022676018,2.44007670522675,86.02724692627507
0.012313206833232272,5.641857543473315,64.10019525797182
0.013242612206446359,3.9021341624497303,73.66646946232984
0.010373907451453735,4.716411239569359,78.99453552541125
0.013773051715503543,6.183886308410695,68.62745545651703
0.01018588439680613,4.933168875282302,87.3461225544385
0.01044922323748627,5.83910681119607,66.1628066010701
0.010412367289969056,5.2040116012663065,73.65614118538963
0.011956292379950599,2.801999866056324,56.11405245107316
0.011771000151152702,3.794213313255402,62.71357123085289
0.015337029078865062,4.369037157853076,51.11630606171718
0.011453682147296272,4.93212596297211,74.04065917032747
0.01457014570182488,1.7168884979011203,67.73480080054306
0.010926727324808016,7.6544245214116176,52.860025224653945
0.011311114084459215,0.795636811506048,52.75191097524152
0.010331774340637602,6.5523970143678305,67.33457826257418
0.010321805370527263,2.0644637509497215,70.6365036050298
0.0165599622478534,5.8209649458219905,60.52924428809225
0.0153472558807958,4.437689747746129,58.959976022306556
0.013862705403965808,0.5444101758218396,67.96676801708266
0.01034929762557127,2.5892336402617944,66.84204469087163
0.016127277933782238,5.0382926351274016,52.84407102655231
0.011732432193543309,5.792337035026458,58.63093951561403
0.010275400300710757,2.0239662788836554,50.823384847135316
0.010091742952237652,6.632783666291548,71.59430009728159
0.011650075163687844,2.223460405657275,86.38497177268619
0.025527641414735937,1.0872031623636111,64.65271833839319
0.010992269211224395,6.006604594249742,74.66540360461877
0.013262314187464846,6.735560753157412,62.70648739873927
0.010351363714033317,4.348660317003209,94.07863999970431
0.017974872700229013,0.2320417891416371,51.713006675372995
0.016772220448907,4.5351347421557175,62.415453210928256
0.010123134681420126,1.8989939852719884,90.44923897704248
0.012028077241387623,5.450243034111357,68.51168728110608
0.013001557021107616,4.292701524021025,71.50077404641391
0.010382950154185692,4.851206384750727,77.4539088346171
0.013627520232155495,5.557864361017457,70.00996028573115
0.010157133009237523,5.038889324403488,88.23005904816759
0.01044922323748627,5.83910681119607,66.1628066010701
0.01038786113994905,4.188021717806116,71.00847732765533
0.012120500001889098,2.1060670774291506,50.25725673235168
0.011771000151152702,3.794213313255402,62.71357123085289
0.015337029078865062,4.369037157853076,51.11630606171718
0.01133302888343309,4.897395970626071,74.26437269318063
0.014747792137012992,1.45599185606283,67.68050992837901
0.010926727324808016,7.6544245214116176,52.860025224653945
0.01141817862948042,0.28311732033934156,51.097491114744805
0.010367691760890573,5.9514694400937715,70.15187473872814
0.010000008075932359,1.8706834492637903,71.15788977211731
0.018074354959648327,5.944846853768965,57.86179940065765
0.015954499536064856,4.54695122446906,58.32262035001923
0.013862705403965808,0.5444101758218396,67.96676801708266
0.01034929762557127,2.5892336402617944,66.84204469087163
0.016127277933782238,5.0382926351274016,52.84407102655231
0.011969115499270162,5.245331501198606,60.32619931166663
0.010275400300710757,2.0239662788836554,50.823384847135316
0.010091742952237652,6.632783666291548,71.59430009728159
0.011135637461394452,3.988933273276581,74.13549872898624
0.025527641414735937,1.0872031623636111,64.65271833839319
0.011136862983346919,6.380651030216816,70.28561112074371
0.012189612495766809,5.78485834552899,65.80466242334259
0.010351363714033317,4.348660317003209,94.07863999970431
0.015256944772354633,0.86459443204956,51.398968532660106
0.015140351470484589,3.239153955977077,58.965829194786274
0.010022866600042212,0.8227797092598235,88.85473071958468
0.012028077241387623,5.450243034111357,68.51168728110608
0.01507153628711246,3.749676549934284,59.32633277317048
0.010382950154185692,4.851206384750727,77.4539088346171
0.016134833860853744,5.005844601351712,79.21898128888174
0.010157133009237523,5.038889324403488,88.23005904816759
0.010476309737003838,6.25164691788607,58.4359939087101
0.010359196289923265,3.2953226607436306,71.35051847092033
0.012120500001889098,2.1060670774291506,50.25725673235168
0.011771000151152702,3.794213313255402,62.71357123085289
0.015337029078865062,4.369037157853076,51.11630606171718
0.011521801260182261,5.092973354285635,72.40003675299629
0.01640241675870192,0.36731714164292084,57.745400839770596
0.010926727324808016,7.6544245214116176,52.860025224653945
0.01121104349347243,1.595712098477521,52.711369422505996
0.01048700799868203,7.275716480626062,69.82541497492522
0.010000008075932359,1.8706834492637903,71.15788977211731
0.016984815679241066,5.8557192425563835,59.78090925937908
0.01720349121948141,4.654489979376161,52.74872099836848
0.013862705403965808,0.5444101758218396,67.96676801708266
0.01034929762557127,2.5892336402617944,66.84204469087163
0.015689172887456814,5.038336421766796,55.440788546380844
0.011969115499270162,5.245331501198606,60.32619931166663
0.010493530180189486,2.5222219149526115,56.73462516997959
0.010091742952237652,6.632783666291548,71.59430009728159
0.011135637461394452,3.988933273276581,74.13549872898624
0.02864527789221327,0.6421122232133005,64.99470327419901
0.011221576827111808,6.265088410261519,69.27185623284359
0.01248216006757604,6.182750156796444,64.91829203657325
0.010351363714033317,4.348660317003209,94.07863999970431
0.015605291063551626,0.7133688221051154,53.328964362208445
0.01502672241089036,2.5863721434581866,63.500834166721546
0.01004577794697832,1.0970867831750573,87.31774807364148
0.012018449235162227,5.4302989153255,68.67303442655131
0.01507153628711246,3.749676549934284,59.32633277317048
0.010382950154185692,4.851206384750727,77.4539088346171
0.015991622623762327,4.968371021127456,80.48390600847611
0.010157133009237523,5.038889324403488,88.23005904816759
0.010429213818337555,6.104971695356254,59.01902035958709
0.010359196289923265,3.2953226607436306,71.35051847092033
0.01215439728316812,2.1034910833637097,50.29365278399128
0.011771000151152702,3.794213313255402,62.71357123085289
0.015337029078865062,4.369037157853076,51.11630606171718
0.012334240037249563,7.292405551657828,64.18896919493703
0.014061905072373395,0.6623449780664283,58.61811414700523
0.010926727324808016,7.6544245214116176,52.860025224653945
0.01121104349347243,1.595712098477521,52.711369422505996
0.01048700799868203,7.275716480626062,69.82541497492522
0.010000008075932359,1.8706834492637903,71.15788977211731
0.018660741867461368,5.66679005680003,56.90869655235757
0.018291462634244925,4.820882055230512,53.70026496460352
0.013862705403965808,0.5444101758218396,67.96676801708266
0.010327633384052825,1.1330600371956545,60.01052274477604
0.014213607375351905,4.55579565525007,59.845282328664496
0.011969115499270162,5.245331501198606,60.32619931166663
0.011168239623037032,2.453286812641499,57.06001272208715
0.010091742952237652,6.632783666291548,71.59430009728159
0.011039663801958526,5.672865965400075,64.36151130163104
0.02805017237659556,0.7284587790151211,65.20154806260584
0.01129722097458219,6.280374197534077,70.25065890308181
0.01248216006757604,6.182750156796444,64.91829203657325
0.010349967706844546,4.366595074812482,94.44534049222847
0.018388732145952442,0.15446755742493057,53.72016651912735
0.01502672241089036,2.5863721434581866,63.500834166721546
0.01004577794697832,1.0970867831750573,87.31774807364148
0.011669554742474143,5.356931129263171,72.33890167082214
0.013699828241537648,3.9289034508366854,69.5290915856036
0.010381632765203711,4.831849980004514,78.13258269475511
0.015991622623762327,4.968371021127456,80.48390600847611
0.010157133009237523,5.038889324403488,88.23005904816759
0.0106377653473914,5.792512407025855,58.99600447472535
0.010359196289923265,3.2953226607436306,71.35051847092033
0.012122047657564444,2.2461479437562097,51.34159936009661
0.011771000151152702,3.794213313255402,62.71357123085289
0.015337029078865062,4.369037157853076,51.11630606171718
0.012334240037249563,7.292405551657828,64.18896919493703
0.014061905072373395,0.6623449780664283,58.61811414700523
0.010926727324808016,7.6544245214116176,52.860025224653945
0.01121104349347243,1.595712098477521,52.711369422505996
0.01048700799868203,7.275716480626062,69.82541497492522
0.010000008075932359,1.8706834492637903,71.15788977211731
0.014834636548823193,5.87046173085671,57.889598408574784
0.017848128179220723,4.753079409620316,53.31252295228781
0.013928490528826734,1.2964421281847844,66.4441976309478
0.010661292107905188,1.2875678687519967,59.746143324780185
0.014213607375351905,4.55579565525007,59.845282328664496
0.011472375465275422,5.286923743640689,60.91881137475461
0.011168239623037032,2.453286812641499,57.06001272208715
0.010084432895054646,6.640186239287556,71.65007701125535
0.01088346786778431,5.477461869672348,64.38232921470929
0.03379724477935195,0.43247151904013714,69.46435532931415
0.01129722097458219,6.280374197534077,70.25065890308181
0.01180953876918591,6.814778774899471,66.88902158817739
0.010349967706844546,4.366595074812482,94.44534049222847
0.018388732145952442,0.15446755742493057,53.72016651912735
0.01502672241089036,2.5863721434581866,63.500834166721546
0.010027362144393202,1.408348387318312,80.81572494175384
0.012380057656313562,5.890156019602997,60.43617091253752
0.01562639124930233,2.866270550276959,74.18596199655659
0.010381632765203711,4.831849980004514,78.13258269475511
0.01588460754322271,4.943538958496101,79.2417097015004
0.010056988952469188,5.388029154172456,85.00230229334517
0.010597165501251456,5.640236791029013,62.02936370119383
0.010359196289923265,3.2953226607436306,71.35051847092033
0.012162235992690906,2.2748414829941743,51.281172876350325
0.012372533641788848,3.344963379455269,56.037833854374426
0.015337029078865062,4.369037157853076,51.11630606171718
0.012334240037249563,7.292405551657828,64.18896919493703
0.014154819953450788,0.9324417383203341,58.07147742574409
0.01131012591327833,7.3688175611604665,52.708439346172135
0.012716399588533482,2.234356659191171,52.669955077480815
0.01048700799868203,7.275716480626062,69.82541497492522
0.010080349455225705,1.9082926666156448,70.85619178786133
0.015242280548170142,5.638639752512464,56.86260101482705
0.01852059024012207,4.696773891329017,52.51027408570387
0.012011679542162377,3.961060715610482,69.04007098720419
0.010241700663296554,1.0523803169008286,65.11535388366708
0.012794727654714634,5.394837258121055,64.90770403078814
0.011817676378228371,6.475045665728511,59.74135169390042
0.011211186981026751,0.6363815498259093,51.361736545088924
0.010084432895054646,6.640186239287556,71.65007701125535
0.01109966066612248,5.354547182750491,66.15910180978226
0.03379724477935195,0.43247151904013714,69.46435532931415
0.011717196845970394,4.917026139588158,69.53904630868784
0.01180953876918591,6.814778774899471,66.88902158817739
0.010349967706844546,4.366595074812482,94.44534049222847
0.018388732145952442,0.15446755742493057,53.72016651912735
0.015273935355572399,2.2753100636250894,63.34501102201298
0.010027362144393202,1.408348387318312,80.81572494175384
0.012974301832349218,5.696003605227631,57.53334528431099
0.014233837993378589,4.185721259251032,68.9046821453711
0.010381632765203711,4.831849980004514,78.13258269475511
0.014532595045890467,3.754155649053851,74.63360332144505
0.010056988952469188,5.388029154172456,85.00230229334517
0.011132628579308955,4.947966755377256,60.222277643493044
0.010968868529478508,3.6142790509385776,68.18953912378005
0.012162235992690906,2.2748414829941743,51.281172876350325
0.012372533641788848,3.344963379455269,56.037833854374426
0.013403013237617136,4.887727239897297,55.56918239572886
0.011488028988012712,7.047088885041268,66.9952861255324
0.014154819953450788,0.9324417383203341,58.07147742574409
0.011321499629488753,7.367968936489828,52.83594104289593
0.012716399588533482,2.234356659191171,52.669955077480815
0.010400064700708249,7.138462351778625,70.21948339519429
0.010080349455225705,1.9082926666156448,70.85619178786133
0.01502160126467943,5.532739155788224,57.517347702452525
0.01852059024012207,4.696773891329017,52.51027408570387
0.012599320719218467,2.0534286060316793,68.0443641119607
0.0102892140039776,0.9734713448324612,61.63498515331277
0.012794727654714634,5.394837258121055,64.90770403078814
0.011817676378228371,6.475045665728511,59.74135169390042
0.011211186981026751,0.6363815498259093,51.361736545088924
0.010084432895054646,6.640186239287556,71.65007701125535
0.011142222976513967,3.553931513530584,60.51191393387432
0.03379724477935195,0.43247151904013714,69.46435532931415
0.010420529287051566,5.293821740736437,69.86589443002633
0.011766348285257827,6.695666201722545,66.46364773282463
0.010349967706844546,4.366595074812482,94.44534049222847
0.01604347289091351,0.685152043494111,61.062978328053475
0.015669268335109406,1.5491775133851187,61.2318229394982
0.010223113256759628,2.002181090305176,79.28604060231474
0.013304655737834192,5.748029518770534,55.9380169210336
0.014233837993378589,4.185721259251032,68.9046821453711
0.010373663379766192,4.8803403398544,77.9587549391548
0.014532595045890467,3.754155649053851,74.63360332144505
0.010046326626644252,6.976269124945384,91.45894583980953
0.011132628579308955,4.947966755377256,60.222277643493044
0.01010963398824737,2.9019962966248976,73.08449307490395
0.012235342545106132,2.400788890031398,51.274979996699365
0.01212016456474898,3.2309673583548886,54.29325370291375
0.012996290502978097,5.294958351111047,56.63956443868699
0.012628410373673222,5.908043068909243,64.80149529797839
0.014154819953450788,0.9324417383203341,58.07147742574409
0.011321499629488753,7.367968936489828,52.83594104289593
0.012716399588533482,2.234356659191171,52.669955077480815
0.010037961171599455,7.395581476002832,72.11351610023233
0.010080349455225705,1.9082926666156448,70.85619178786133
0.01502160126467943,5.532739155788224,57.517347702452525
0.01852059024012207,4.696773891329017,52.51027408570387
0.012569478920630305,2.0073125258805584,71.96309018527555
0.0102892140039776,0.9734713448324612,61.63498515331277
0.012794727654714634,5.394837258121055,64.90770403078814
0.011675145702792869,6.359004003709439,60.75853496184323
0.011211186981026751,0.6363815498259093,51.361736545088924
0.010084432895054646,6.640186239287556,71.65007701125535
0.011142222976513967,3.553931513530584,60.51191393387432
0.02298049683245991,3.5075800713884857,67.99106540930329
0.010353929976563698,5.283333322370769,70.18751245007074
0.012479527159151255,6.484603616685296,64.99031417871629
0.010899863739778852,3.793240110806719,81.85409895496251
0.014457376359921685,1.6435700641351492,67.47418169378713
0.016219007227141834,0.8242779629852501,60.49490352314981
0.01022689800282101,2.0971103012325414,79.02280499573357
0.013304655737834192,5.748029518770534,55.9380169210336
0.014784636523288255,3.2596197463622563,76.59103226751313
0.010373663379766192,4.8803403398544,77.9587549391548
0.01488619277304017,3.524736436672082,74.87077276050792
0.010046326626644252,6.976269124945384,91.45894583980953
0.011132628579308955,4.947966755377256,60.222277643493044
0.010162171667821246,2.707765007290014,72.22930464797848
0.012235342545106132,2.400788890031398,51.274979996699365
0.01212016456474898,3.2309673583548886,54.29325370291375
0.012996290502978097,5.294958351111047,56.63956443868699
0.013020046049738452,6.544003959500138,62.44309032053418
0.014154819953450788,0.9324417383203341,58.07147742574409
0.011321499629488753,7.367968936489828,52.83594104289593
0.012716399588533482,2.234356659191171,52.669955077480815
0.010037961171599455,7.395581476002832,72.11351610023233
0.010368771147633838,1.9439687440102646,68.86635665374689
0.018875565277784875,6.112247413976586,54.836767638221886
0.01852059024012207,4.696773891329017,52.51027408570387
0.013072529117629234,1.46921773989235,68.98295801639354
0.010872711876881111,1.238021365163935,64.27784795107961
0.01114043002807866,6.874041153699238,57.02716095638
0.011675145702792869,6.359004003709439,60.75853496184323
0.011211186981026751,0.6363815498259093,51.361736545088924
0.010084432895054646,6.640186239287556,71.65007701125535
0.011440159243973343,3.3041824042290795,59.02770693104857
0.02298049683245991,3.5075800713884857,67.99106540930329
0.010128960465672,4.828329203685406,73.95188326351894
0.012479527159151255,6.484603616685296,64.99031417871629
0.010899863739778852,3.793240110806719,81.85409895496251
0.015039166631474978,0.21956553232369735,68.20481876942088
0.015653761410510798,1.1176029685085282,60.32136238127179
0.01022689800282101,2.0971103012325414,79.02280499573357
0.013363314508704104,5.824915191875846,55.8408124377035
0.017510981733927688,0.5421357871706531,90.47267903658064
0.010802784919855073,4.246148175160289,70.34154726927378
0.014297947801617718,4.0507205396969965,72.06856246838211
0.010071798651428902,6.836080460767002,89.69750052833825
0.011132628579308955,4.947966755377256,60.222277643493044
0.010063158797980282,2.7499014532399153,72.33974815948356
0.012235342545106132,2.400788890031398,51.274979996699365
0.012256727441265942,4.4673952267492885,58.35828821570513
0.012271520553652654,4.370627741409292,60.012179584641125
0.014280353224731441,6.322709695634278,66.07454193524816
0.014154819953450788,0.9324417383203341,58.07147742574409
0.011321499629488753,7.367968936489828,52.83594104289593
0.013072454184116735,2.1651725527943277,50.03034534211318
0.010037961171599455,7.395581476002832,72.11351610023233
0.010368771147633838,1.9439687440102646,68.86635665374689
0.016448149540764505,6.258022378674126,59.479274426501924
0.018113432455719294,4.603527821364448,52.62369685903155
0.01478818605850813,0.7390936047770622,67.06923531152614
0.01014159587052885,0.8214617666502009,62.3481871198369
0.011260189328741087,6.751055092317411,57.6242462846721
0.011742842268852072,6.2282675246620505,60.9103713968246
0.011211186981026751,0.6363815498259093,51.361736545088924
0.010084432895054646,6.640186239287556,71.65007701125535
0.011440159243973343,3.3041824042290795,59.02770693104857
0.02298049683245991,3.5075800713884857,67.99106540930329
0.010128960465672,4.828329203685406,73.95188326351894
0.012943151034650997,7.481946144865752,64.13894821122892
0.010899863739778852,3.793240110806719,81.85409895496251
0.014543624941089954,0.8193600059987727,67.19223886611827
0.01492000748256328,1.2500399397102044,62.84994214194943
0.01022689800282101,2.0971103012325414,79.02280499573357
0.011229748923909202,6.3390144670133814,53.14528679265849
0.017510981733927688,0.5421357871706531,90.47267903658064
0.010739121271671528,4.5431622889611685,62.791691999215566
0.013734017111693713,4.210573193380125,69.95803802988226
0.010192877038531509,6.420055549308779,84.81573599409649
0.011132628579308955,4.947966755377256,60.222277643493044
0.010063158797980282,2.7499014532399153,72.33974815948356
0.012201134141731235,2.4402130187633557,51.64326107059327
0.012203412825395953,4.520722027390244,58.684508531958166
0.013569999455562087,4.093241965639162,51.56414994597104
0.014020208034652756,6.420503774608795,66.94058920338657
0.016545926669904405,0.9985643744276809,55.523384156448685
0.011321499629488753,7.367968936489828,52.83594104289593
0.013072454184116735,2.1651725527943277,50.03034534211318
0.010037961171599455,7.395581476002832,72.11351610023233
0.010768637219404794,2.0834087701148345,68.04195137142052
0.017730125062519773,6.827529907161775,54.309393425786325
0.01844064649014432,4.758767467711943,52.22454295554132
0.015056355569806449,0.5284554660583818,66.04955398552734
0.01014159587052885,0.8214617666502009,62.3481871198369
0.01156287712041893,6.754632870177454,57.46916507013164
0.01252367682404834,5.693638410972888,55.77933761072556
0.011211186981026751,0.6363815498259093,51.361736545088924
0.010084432895054646,6.640186239287556,71.65007701125535
0.011515488998360444,0.7243321098682864,62.958481572470795
0.02298049683245991,3.5075800713884857,67.99106540930329
0.010012756223861106,4.882638829589348,76.07732552657694
0.013000646231074971,7.483655345928139,63.981127425398086
0.01162668016796647,3.222350232675523,79.09046957866245
0.014842227996460868,0.6127458916333488,69.17430525413113
0.01492000748256328,1.2500399397102044,62.84994214194943
0.01022689800282101,2.0971103012325414,79.02280499573357
0.011229748923909202,6.3390144670133814,53.14528679265849
0.017510981733927688,0.5421357871706531,90.47267903658064
0.010833707189542125,4.077909103821796,62.81201219586371
0.012641123469210622,7.758672782437399,70.7309383684347
0.010192877038531509,6.420055549308779,84.81573599409649
0.011132628579308955,4.947966755377256,60.222277643493044
0.010204137779832213,2.6167131699058803,71.48089975677242
0.012201134141731235,2.4402130187633557,51.64326107059327
0.012203412825395953,4.520722027390244,58.684508531958166
0.013569999455562087,4.093241965639162,51.56414994597104
0.014020208034652756,6.420503774608795,66.94058920338657
0.016545926669904405,0.9985643744276809,55.523384156448685
0.011321499629488753,7.367968936489828,52.83594104289593
0.013072454184116735,2.1651725527943277,50.03034534211318
0.010037961171599455,7.395581476002832,72.11351610023233
0.010522450708753016,2.3159906649688105,69.54172735692438
0.018111930022075225,7.06651518498556,53.502506161592166
0.01844064649014432,4.758767467711943,52.22454295554132
0.014215552911431537,1.2543277441670346,67.72125238799242
0.01014159587052885,0.8214617666502009,62.3481871198369
0.01156287712041893,6.754632870177454,57.46916507013164
0.01261845190897354,5.44495823362809,56.448296759462934
0.011211186981026751,0.6363815498259093,51.361736545088924
0.010084432895054646,6.640186239287556,71.65007701125535
0.011515488998360444,0.7243321098682864,62.958481572470795
0.02078222844518529,4.13274483422095,65.96525254523826
0.01050060301443465,5.416454618064101,75.08499166574447
0.012981619361391843,7.363630994586426,63.68750963220947
0.010868055842468007,2.88237539801047,89.83607159995569
0.014842227996460868,0.6127458916333488,69.17430525413113
0.016136570581898737,0.7174955846445783,67.86438487184165
0.01022689800282101,2.0971103012325414,79.02280499573357
0.01122166809499433,3.856407917692058,52.368829042359586
0.015006429466120987,0.5796042203256699,74.92369632281581
0.010833707189542125,4.077909103821796,62.81201219586371
0.012641123469210622,7.758672782437399,70.7309383684347
0.010192877038531509,6.420055549308779,84.81573599409649
0.010460218840411008,5.516440573390221,59.19536179926773
0.010384508423673517,3.166015908265777,69.62086263907798
0.012300862992845244,2.621933869270576,51.67162229895316
0.012203412825395953,4.520722027390244,58.684508531958166
0.013569999455562087,4.093241965639162,51.56414994597104
0.014020208034652756,6.420503774608795,66.94058920338657
0.016545926669904405,0.9985643744276809,55.523384156448685
0.011321499629488753,7.367968936489828,52.83594104289593
0.013072454184116735,2.1651725527943277,50.03034534211318
0.010037961171599455,7.395581476002832,72.11351610023233
0.010522450708753016,2.3159906649688105,69.54172735692438
0.018111930022075225,7.06651518498556,53.502506161592166
0.01844064649014432,4.758767467711943,52.22454295554132
0.012738987505623876,1.6669568457427109,67.6112354540786
0.01014159587052885,0.8214617666502009,62.3481871198369
0.011269702427846907,6.877859275287055,60.28463376169479
0.012628113647588628,5.451682274887053,56.520615892020416
0.010736843785159218,3.163875294218884,59.90276282170296
0.010084432895054646,6.640186239287556,71.65007701125535
0.011779719141438218,0.7059962056150056,63.11190361315971
0.01799358253931233,3.8734702378790207,66.9456792253723
0.01050060301443465,5.416454618064101,75.08499166574447
0.012981619361391843,7.363630994586426,63.68750963220947
0.01083355141518847,3.108227041001777,93.70495654465998
0.014367854465174058,1.4086300734450754,68.34650768855217
0.016136570581898737,0.7174955846445783,67.86438487184165
0.01022689800282101,2.0971103012325414,79.02280499573357
0.01122166809499433,3.856407917692058,52.368829042359586
0.013527386191843519,1.0492019580693621,76.19218030702322
0.010833707189542125,4.077909103821796,62.81201219586371
0.012641123469210622,7.758672782437399,70.7309383684347
0.010192877038531509,6.420055549308779,84.81573599409649
0.010460218840411008,5.516440573390221,59.19536179926773
0.010384508423673517,3.166015908265777,69.62086263907798
0.012300862992845244,2.621933869270576,51.67162229895316
0.011700566064428602,5.883695620893828,63.692000851198415
0.013569999455562087,4.093241965639162,51.56414994597104
0.014772123015820295,6.236392754701194,65.96385386678301
0.01789760785227248,0.010762984722460622,51.14958082116133
0.011321499629488753,7.367968936489828,52.83594104289593
0.013072454184116735,2.1651725527943277,50.03034534211318
0.010037961171599455,7.395581476002832,72.11351610023233
0.010522450708753016,2.3159906649688105,69.54172735692438
0.015572742061694763,7.732205655128694,54.085387205023956
0.024178690279424226,5.4760128074635706,52.10985638369851
0.012078906468212459,1.2217002827900805,60.59069453621891
0.01015886782630011,0.8184730569575444,62.170775876841574
0.011630296222359705,6.980180985001347,61.00140681204602
0.012628113647588628,5.451682274887053,56.520615892020416
0.010736843785159218,3.163875294218884,59.90276282170296
0.010084432895054646,6.640186239287556,71.65007701125535
0.011779719141438218,0.7059962056150056,63.11190361315971
0.017879382656747708,3.861264888251096,67.37247992978274
0.01063759135322441,5.742116461106239,71.37214838124339
0.012981619361391843,7.363630994586426,63.68750963220947
0.01083355141518847,3.108227041001777,93.70495654465998
0.014322355138099235,1.4536880999443702,68.21218869010035
0.016136570581898737,0.7174955846445783,67.86438487184165
0.011041987373048547,1.9615925964744196,76.92132517396129
0.011162873435333355,3.2363913643023787,60.40283312611726
0.014389848880789676,0.9395568245728895,73.43943777514404
0.010833707189542125,4.077909103821796,62.81201219586371
0.012641123469210622,7.758672782437399,70.7309383684347
0.010192877038531509,6.420055549308779,84.81573599409649
0.010660316502138237,5.080208413733288,57.40144942212694
0.010552885634191673,0.3068489859565977,56.26986385670885
0.012300862992845244,2.621933869270576,51.67162229895316
0.011700566064428602,5.883695620893828,63.692000851198415
0.012335693700631001,3.6883497661180256,55.19698875118742
0.014772123015820295,6.236392754701194,65.96385386678301
0.01789760785227248,0.010762984722460622,51.14958082116133
0.011321499629488753,7.367968936489828,52.83594104289593
0.013072454184116735,2.1651725527943277,50.03034534211318
0.010037961171599455,7.395581476002832,72.11351610023233
0.010547003946384696,2.1646891856612283,69.52764155729704
0.015572742061694763,7.732205655128694,54.085387205023956
0.02387707383108373,5.402746034320961,52.495244542849846
0.01207409232710944,1.1754565558236543,60.691813507254764
0.01015886782630011,0.8184730569575444,62.170775876841574
0.011630296222359705,6.980180985001347,61.00140681204602
0.012628113647588628,5.451682274887053,56.520615892020416
0.010928248537219777,2.712766986100805,60.49175439564123
0.010084432895054646,6.640186239287556,71.65007701125535
0.011984152635998148,0.04557338916665632,56.52125205949626
0.017879382656747708,3.861264888251096,67.37247992978274
0.010183480081842207,6.291340485446046,75.6977547356736
0.012981619361391843,7.363630994586426,63.68750963220947
0.010798654550906185,3.0184458488606953,94.1484913916004
0.011152227207130947,2.7331101648314333,83.34137090596253
0.016136570581898737,0.7174955846445783,67.86438487184165
0.011002142742544404,1.6827384717878546,74.60089034982973
0.010729843960539475,3.956370658265165,60.38093790211072
0.01570233103712211,0.9771179203022146,76.93506147962066
0.010611049644256531,4.647135981095574,64.44165042481927
0.012641123469210622,7.758672782437399,70.7309383684347
0.010192877038531509,6.420055549308779,84.81573599409649
0.010737408087354792,4.797369257010812,57.861857810312316
0.010533362008635017,0.29737718996249995,56.24027764132616
0.012300862992845244,2.621933869270576,51.67162229895316
0.011700566064428602,5.883695620893828,63.692000851198415
0.012335693700631001,3.6883497661180256,55.19698875118742
0.014772123015820295,6.236392754701194,65.96385386678301
0.01789760785227248,0.010762984722460622,51.14958082116133
0.01117623487444826,7.581014953621883,52.426291841259236
0.013072454184116735,2.1651725527943277,50.03034534211318
0.010037961171599455,7.395581476002832,72.11351610023233
0.010677325947624407,0.6852994996958888,67.31567811909594
0.015572742061694763,7.732205655128694,54.085387205023956
0.02387707383108373,5.402746034320961,52.495244542849846
0.012369320159670402,1.2304848120859013,60.463834565554805
0.01015886782630011,0.8184730569575444,62.170775876841574
0.01150698788134734,7.143348011296929,58.6726835989787
0.012937814705982122,6.965431209432232,55.572648210926666
0.010928248537219777,2.712766986100805,60.49175439564123
0.010160098920800567,6.363323068639814,72.47854531721579
0.011895492539153075,1.8707955059740051,58.763104622561265
0.019122962610834203,3.454220225237562,68.11323180923678
0.010272844027177777,6.060596054696126,74.81379671274995
0.012981619361391843,7.363630994586426,63.68750963220947
0.010798654550906185,3.0184458488606953,94.1484913916004
0.011152227207130947,2.7331101648314333,83.34137090596253
0.017179840868814023,0.2677858049498636,62.727281329753566
0.010903226557999827,1.3904170466491748,70.7266659552391
0.010729843960539475,3.956370658265165,60.38093790211072
0.01570233103712211,0.9771179203022146,76.93506147962066
0.01052021068723866,5.175346449688808,67.54677280654731
0.012641123469210622,7.758672782437399,70.7309383684347
0.010192877038531509,6.420055549308779,84.81573599409649
0.01153504713845997,4.687543563936471,58.299942371862066
0.010539173969866358,0.33292702728929635,56.30285110555798
0.012300862992845244,2.621933869270576,51.67162229895316
0.012328868429524697,6.2607494033246045,61.64010835911036
0.012335693700631001,3.6883497661180256,55.19698875118742
0.015426778616102461,5.768739372540369,64.49937745664504
0.01789760785227248,0.010762984722460622,51.14958082116133
0.01117623487444826,7.581014953621883,52.426291841259236
0.013072454184116735,2.1651725527943277,50.03034534211318
0.010037961171599455,7.395581476002832,72.11351610023233
0.010677325947624407,0.6852994996958888,67.31567811909594
0.015572742061694763,7.732205655128694,54.085387205023956
0.020321374491656094,3.477767676201537,63.125626822522136
0.012369320159670402,1.2304848120859013,60.463834565554805
0.01015886782630011,0.8184730569575444,62.170775876841574
0.01150698788134734,7.143348011296929,58.6726835989787
0.011698432594837622,6.604766036170972,56.272206277042706
0.010942920809171064,3.4881604014599157,54.4902544951035
0.010160098920800567,6.363323068639814,72.47854531721579
0.012027750068473396,1.830675118499934,58.86232068183192
0.01629142557416956,4.623881860793777,65.41546396810823
0.010266480805588115,6.083368078207441,75.00073250838689
0.012605824284629811,5.711268406307586,60.72858235079246
0.010798654550906185,3.0184458488606953,94.1484913916004
0.011482495518994218,3.5159346008016836,78.205173899101
0.017179840868814023,0.2677858049498636,62.727281329753566
0.010903226557999827,1.3904170466491748,70.7266659552391
0.010729843960539475,3.956370658265165,60.38093790211072
0.01450483584871036,1.0802462679613143,75.38591334155727
0.010664713312356171,6.91767959256325,69.69665800684817
0.012093616489565,5.786615480515689,69.77876340983262
0.010192877038531509,6.420055549308779,84.81573599409649
0.012129818529091377,7.462827995717543,52.04814196720634
0.010539173969866358,0.33292702728929635,56.30285110555798
0.012018802086420312,3.1301448664033966,56.10649945379011
0.013187799649739217,5.536695518555413,66.83037338302606
0.012335693700631001,3.6883497661180256,55.19698875118742
0.015187755335015152,5.502906557454276,64.09853476093639
0.01789760785227248,0.010762984722460622,51.14958082116133
0.011098933726642158,7.297548367754061,54.2079800118871
0.013072454184116735,2.1651725527943277,50.03034534211318
0.010037961171599455,7.395581476002832,72.11351610023233
0.010677325947624407,0.6852994996958888,67.31567811909594
0.015572742061694763,7.732205655128694,54.085387205023956
0.020321374491656094,3.477767676201537,63.125626822522136
0.012369320159670402,1.2304848120859013,60.463834565554805
0.01015886782630011,0.8184730569575444,62.170775876841574
0.01150698788134734,7.143348011296929,58.6726835989787
0.011698432594837622,6.604766036170972,56.272206277042706
0.010425379193714505,4.307314638520127,52.32285566767259
0.010160098920800567,6.363323068639814,72.47854531721579
0.012027750068473396,1.830675118499934,58.86232068183192
0.0200516467076038,5.490213176482028,55.414874019569396
0.010266480805588115,6.083368078207441,75.00073250838689
0.013240899771099776,4.88359410548764,61.91679462337539
0.010798654550906185,3.0184458488606953,94.1484913916004
0.011482495518994218,3.5159346008016836,78.205173899101
0.014116301697423134,2.0999458512829587,58.00827230952102
0.010903226557999827,1.3904170466491748,70.7266659552391
0.011039413965120166,2.5353370823353636,50.61354523208122
0.01450483584871036,1.0802462679613143,75.38591334155727
0.010664713312356171,6.91767959256325,69.69665800684817
0.012093616489565,5.786615480515689,69.77876340983262
0.010192877038531509,6.420055549308779,84.81573599409649
0.012129818529091377,7.462827995717543,52.04814196720634
0.010539173969866358,0.33292702728929635,56.30285110555798
0.012018802086420312,3.1301448664033966,56.10649945379011
0.01307744099472317,5.682352779461466,66.94380200150889
0.012335693700631001,3.6883497661180256,55.19698875118742
0.016281411026244703,5.850808374259049,65.32413801700375
0.01789760785227248,0.010762984722460622,51.14958082116133
0.011098933726642158,7.297548367754061,54.2079800118871
0.013072454184116735,2.1651725527943277,50.03034534211318
0.010037961171599455,7.395581476002832,72.11351610023233
0.010677325947624407,0.6852994996958888,67.31567811909594
0.015572742061694763,7.732205655128694,54.085387205023956
0.018107318867309187,2.7659797598846256,61.58139299536295
0.011485164680133097,0.7968688320891044,58.453636502189056
0.01015886782630011,0.8184730569575444,62.170775876841574
0.01157075794976931,7.592092348385448,58.828833844869244
0.011596787395839804,5.150801335146165,66.59642155989454
0.010642129596007847,2.9842169848748044,60.670779255210796
0.010160098920800567,6.363323068639814,72.47854531721579
0.012027750068473396,1.830675118499934,58.86232068183192
0.016404678154640716,4.418725389079338,55.72887688256275
0.010352678791020207,5.448070672422437,74.42214062129753
0.014609521920809374,4.6611605671381895,58.02129382058808
0.010798654550906185,3.0184458488606953,94.1484913916004
0.011423567912952255,4.09691386074136,74.51842194493243
0.013544795953147714,2.2581688332790204,64.23387192654617
0.010333807563741686,1.1674859063462788,76.73435142396693
0.011039413965120166,2.5353370823353636,50.61354523208122
0.01647182170732348,0.9108493439230383,77.93051853910217
0.010664713312356171,6.91767959256325,69.69665800684817
0.012093616489565,5.786615480515689,69.77876340983262
0.010269985578571518,5.507268549129034,82.03029487114375
0.012129818529091377,7.462827995717543,52.04814196720634
0.010539173969866358,0.33292702728929635,56.30285110555798
0.012598365443280989,0.5044709458239103,57.302662240691404
0.013601410384271297,6.394061629608542,63.244230919958916
0.012335693700631001,3.6883497661180256,55.19698875118742
0.016108615504789772,5.885835130622467,65.19003408218266
0.01789760785227248,0.010762984722460622,51.14958082116133
0.011098933726642158,7.297548367754061,54.2079800118871
0.012565026922442303,3.1918199297229273,55.72680660197126
0.010037961171599455,7.395581476002832,72.11351610023233
0.010677325947624407,0.6852994996958888,67.31567811909594
0.015572742061694763,7.732205655128694,54.085387205023956
0.017712090916109917,2.7530825245414228,60.96808536594014
0.011504170067777932,0.8614800501598276,58.380865495628655
0.010117241431644884,0.6187681754074035,62.26930549725988
0.01157075794976931,7.592092348385448,58.828833844869244
0.011596787395839804,5.150801335146165,66.59642155989454
0.010642129596007847,2.9842169848748044,60.670779255210796
0.010160098920800567,6.363323068639814,72.47854531721579
0.012027750068473396,1.830675118499934,58.86232068183192
0.019828531117058422,6.839486197155965,55.11886362058574
0.010553784029005408,4.595098516758998,67.44997227690344
0.015062395960203485,4.5875578017362,56.73228122905898
0.01078325466173215,3.0991134305979857,93.62588262860565
0.011423567912952255,4.09691386074136,74.51842194493243
0.0121511748217678,0.11907706037954569,71.12262737355175
0.010333807563741686,1.1674859063462788,76.73435142396693
0.011039413965120166,2.5353370823353636,50.61354523208122
0.01671047143574568,0.7757050782590582,77.90611300424091
0.010664713312356171,6.91767959256325,69.69665800684817
0.010336329337838523,5.136377918099621,76.93295093289315
0.010366193595665693,4.368387858727318,78.55491111945025
0.01219967996576446,6.182001027418718,53.11666790235047
0.010539173969866358,0.33292702728929635,56.30285110555798
0.012519750767370276,1.671971931919492,56.42103780596269
0.014229640249927449,6.5769944927541335,61.08268063227843
0.012335693700631001,3.6883497661180256,55.19698875118742
0.021020511219537533,6.259406535804474,57.31170831131517
0.01789760785227248,0.010762984722460622,51.14958082116133
0.011567301441263675,7.343053097748009,54.19514564159688
0.012565026922442303,3.1918199297229273,55.72680660197126
0.010640818619596974,5.960378917456492,73.15985584219601
0.010677325947624407,0.6852994996958888,67.31567811909594
0.015706886344607245,7.995820221780429,53.993907213117524
0.01508121360739576,2.3261657053374076,59.99347658131467
0.011679306147291523,0.08099310191599063,56.740524481132816
0.010117241431644884,0.6187681754074035,62.26930549725988
0.01157075794976931,7.592092348385448,58.828833844869244
0.011612317445340302,5.221547247263649,66.74757287356623
0.010720599272906167,3.3539174499114472,60.12153980312644
0.010160098920800567,6.363323068639814,72.47854531721579
0.011612196646442611,0.7779061782323269,61.28746443423188
0.019828531117058422,6.839486197155965,55.11886362058574
0.010553784029005408,4.595098516758998,67.44997227690344
0.01388722507391457,4.253654966106627,57.649633719101175
0.01078325466173215,3.0991134305979857,93.62588262860565
0.011190680341594718,3.47124275493036,80.94043601327247
0.0121511748217678,0.11907706037954569,71.12262737355175
0.010333807563741686,1.1674859063462788,76.73435142396693
0.011039413965120166,2.5353370823353636,50.61354523208122
0.014749567065540986,2.767816641603022,75.24342689394032
0.010664713312356171,6.91767959256325,69.69665800684817
0.010336329337838523,5.136377918099621,76.93295093289315
0.010353903652876927,4.51387239266762,78.998868585443
0.01219967996576446,6.182001027418718,53.11666790235047
0.010539173969866358,0.33292702728929635,56.30285110555798
0.012519750767370276,1.671971931919492,56.42103780596269
0.014229640249927449,6.5769944927541335,61.08268063227843
0.01060744075719613,3.1184089414967637,54.22388149879127
0.018187968322894914,4.657797214964297,57.0390683567155
0.01746428198758868,0.02973468638428961,51.453048289595706
0.011567301441263675,7.343053097748009,54.19514564159688
0.01317525111493553,3.1381903778198907,54.27282031003265
0.010640818619596974,5.960378917456492,73.15985584219601
0.010677325947624407,0.6852994996958888,67.31567811909594
0.015706886344607245,7.995820221780429,53.993907213117524
0.01508121360739576,2.3261657053374076,59.99347658131467
0.011679306147291523,0.08099310191599063,56.740524481132816
0.010117241431644884,0.6187681754074035,62.26930549725988
0.01157075794976931,7.592092348385448,58.828833844869244
0.011752224145359683,5.10477140333412,66.47516825846176
0.011177832633018508,0.898966908269526,50.041197960505585
0.010160098920800567,6.363323068639814,72.47854531721579
0.011547668602900702,1.4480115547379753,65.65950021999319
0.019828531117058422,6.839486197155965,55.11886362058574
0.010553784029005408,4.595098516758998,67.44997227690344
0.01388722507391457,4.253654966106627,57.649633719101175
0.01078325466173215,3.0991134305979857,93.62588262860565
0.011190680341594718,3.47124275493036,80.94043601327247
0.012165804482511127,0.18071517163378692,70.53908612424449
0.010333807563741686,1.1674859063462788,76.73435142396693
0.011039413965120166,2.5353370823353636,50.61354523208122
0.01468831303259816,2.7377133061837573,74.72636759977178
0.010480224031901372,6.780355316348322,71.90957001687593
0.010336329337838523,5.136377918099621,76.93295093289315
0.010090518902709412,4.2758372414721535,82.69215303876733
0.01219967996576446,6.182001027418718,53.11666790235047
0.010539173969866358,0.33292702728929635,56.30285110555798
0.011846664574895601,1.3411832728763629,50.739363394085274
0.013929008671849586,6.196128141319857,60.09611967531414
0.01060744075719613,3.1184089414967637,54.22388149879127
0.018722798545807447,4.662189715517933,56.309708696271905
0.017379145350442958,0.1035581942290289,51.69811883271889
0.011567301441263675,7.343053097748009,54.19514564159688
0.01317525111493553,3.1381903778198907,54.27282031003265
0.010640818619596974,5.960378917456492,73.15985584219601
0.010596385935510351,1.5738441283019649,68.12360676916124
0.01619825340180494,7.857966408997969,54.128020303869064
0.01508121360739576,2.3261657053374076,59.99347658131467
0.011679306147291523,0.08099310191599063,56.740524481132816
0.010377935140220649,0.6002727502144368,61.889812476360476
0.01157075794976931,7.592092348385448,58.828833844869244
0.011777222366846748,6.827055695387412,69.81246203627343
0.011177832633018508,0.898966908269526,50.041197960505585
0.010160098920800567,6.363323068639814,72.47854531721579
0.011547668602900702,1.4480115547379753,65.65950021999319
0.019828531117058422,6.839486197155965,55.11886362058574
0.010586670772762033,4.51323816747379,66.01581471775593
0.01388722507391457,4.253654966106627,57.649633719101175
0.010650151022567408,2.527062450319682,88.6234601311532
0.010545615987499396,1.7382257227485045,98.72847138517719
0.012165804482511127,0.18071517163378692,70.53908612424449
0.01061276834243205,1.7082644883446727,66.40751705699809
0.011039413965120166,2.5353370823353636,50.61354523208122
0.01657699767350012,1.2254982688217977,75.66391766161179
0.010475957223994952,6.616787407100731,72.05017179284603
0.010336329337838523,5.136377918099621,76.93295093289315
0.010090518902709412,4.2758372414721535,82.69215303876733
0.01219967996576446,6.182001027418718,53.11666790235047
0.010539173969866358,0.33292702728929635,56.30285110555798
0.01164748676991807,1.6268329695410704,51.29942256788992
0.013220230497659656,6.615688687895516,59.715233737839625
0.010243011480887403,1.425984868744676,52.48179751663511
0.018722798545807447,4.662189715517933,56.309708696271905
0.017379145350442958,0.1035581942290289,51.69811883271889
0.011567301441263675,7.343053097748009,54.19514564159688
0.01317525111493553,3.1381903778198907,54.27282031003265
0.010640818619596974,5.960378917456492,73.15985584219601
0.011441089954946873,1.7155416708885909,66.59232080888506
0.01619825340180494,7.857966408997969,54.128020303869064
0.01508121360739576,2.3261657053374076,59.99347658131467
0.011679306147291523,0.08099310191599063,56.740524481132816
0.010342707754032508,1.5322444844344423,63.60216950321714
0.011570839255241884,7.597950356236383,58.937829442165956
0.011777222366846748,6.827055695387412,69.81246203627343
0.011177832633018508,0.898966908269526,50.041197960505585
0.010160098920800567,6.363323068639814,72.47854531721579
0.012130679747265323,2.653475943411167,62.34256637910964
0.0183930800672266,6.715773234557645,54.74212879004417
0.010583675200788947,4.433179318874107,65.62059144263338
0.01325435046115483,4.976836385628779,55.94965013224818
0.01076011941830006,2.502912858907547,88.3830051002169
0.010545615987499396,1.7382257227485045,98.72847138517719
0.011911348059711033,0.0068031670935280175,71.09128373858458
0.01061276834243205,1.7082644883446727,66.40751705699809
0.010701427423200143,2.048716189633938,56.91459455794601
0.016009167729389262,1.7353012861475978,68.61867923339977
0.010475957223994952,6.616787407100731,72.05017179284603
0.010336329337838523,5.136377918099621,76.93295093289315
0.010090518902709412,4.2758372414721535,82.69215303876733
0.01219967996576446,6.182001027418718,53.11666790235047
0.010539173969866358,0.33292702728929635,56.30285110555798
0.011652443765191667,1.6054938949166475,51.191778291685345
0.013220230497659656,6.615688687895516,59.715233737839625
0.010243011480887403,1.425984868744676,52.48179751663511
0.018722798545807447,4.662189715517933,56.309708696271905
0.017379145350442958,0.1035581942290289,51.69811883271889
0.011567301441263675,7.343053097748009,54.19514564159688
0.014725795111123027,4.876441294323472,57.55771863634372
0.011155015815087809,5.766872642357769,69.77384792403703
0.011235536452377556,2.150870273750157,65.47288494340313
0.015846284902633425,7.7104420407567815,54.03899750796701
0.015367555262166287,2.3113469405491305,60.657998651157115
0.011679306147291523,0.08099310191599063,56.740524481132816
0.010342707754032508,1.5322444844344423,63.60216950321714
0.011225323507780806,7.895997074067976,59.08897260816744
0.012589940659697537,7.780662055648497,65.79623635968245
0.011177832633018508,0.898966908269526,50.041197960505585
0.010160098920800567,6.363323068639814,72.47854531721579
0.012130679747265323,2.653475943411167,62.34256637910964
0.019403365590027706,7.7141718096233225,54.441411152004534
0.010282956598847436,2.810275147269474,68.68173765452599
0.01325435046115483,4.976836385628779,55.94965013224818
0.01076011941830006,2.502912858907547,88.3830051002169
0.010545615987499396,1.7382257227485045,98.72847138517719
0.011911348059711033,0.0068031670935280175,71.09128373858458
0.01061276834243205,1.7082644883446727,66.40751705699809
0.010854853095180346,1.789788564007337,58.71228938053066
0.016009167729389262,1.7353012861475978,68.61867923339977
0.012078957751571492,6.943234704108433,66.67397808388898
0.010336329337838523,5.136377918099621,76.93295093289315
0.010566711076123347,4.00324724912676,80.66720133939282
0.012707176486932549,7.452744474700686,50.25105927798707
0.010539173969866358,0.33292702728929635,56.30285110555798
0.012411067748893492,2.1806295789613754,51.591351999257974
0.013220230497659656,6.615688687895516,59.715233737839625
0.010243011480887403,1.425984868744676,52.48179751663511
0.018722798545807447,4.662189715517933,56.309708696271905
0.017379145350442958,0.1035581942290289,51.69811883271889
0.011567301441263675,7.343053097748009,54.19514564159688
0.016825452981376415,3.236722672962152,59.79304141697671
0.011155015815087809,5.766872642357769,69.77384792403703
0.011895481193706139,2.372223825784243,64.665221220309
0.015846284902633425,7.7104420407567815,54.03899750796701
0.015367555262166287,2.3113469405491305,60.657998651157115
0.011679306147291523,0.08099310191599063,56.740524481132816
0.010342707754032508,1.5322444844344423,63.60216950321714
0.011044274434702208,7.911299020221167,58.19909379974134
0.012586781227290268,7.65975844778771,65.55871303514346
0.011177832633018508,0.898966908269526,50.041197960505585
0.010160098920800567,6.363323068639814,72.47854531721579
0.011872382508955502,0.5031813758219856,67.76012154694348
0.019274294806517177,7.659968950405718,54.82447278266383
0.010282956598847436,2.810275147269474,68.68173765452599
0.011866516568328045,3.5059222963089836,57.10007727154925
0.01076011941830006,2.502912858907547,88.3830051002169
0.012118060490865737,1.3714284331008235,87.80480446578761
0.011911348059711033,0.0068031670935280175,71.09128373858458
0.01061276834243205,1.7082644883446727,66.40751705699809
0.011169499079702811,1.976878440202035,61.91638534389547
0.0200603713339271,1.1080529856256223,72.51208803207547
0.012078957751571492,6.943234704108433,66.67397808388898
0.010336329337838523,5.136377918099621,76.93295093289315
0.010703592975298167,3.3299947633308578,82.88591577154139
0.012707176486932549,7.452744474700686,50.25105927798707
0.010539173969866358,0.33292702728929635,56.30285110555798
0.012411067748893492,2.1806295789613754,51.591351999257974
0.012552324231913829,6.341175069498106,62.96826670161597
0.010243011480887403,1.425984868744676,52.48179751663511
0.019899953676396694,4.7572938335106185,52.794230528619266
0.017064663445439485,0.2175558780971114,53.441084192956346
0.011567301441263675,7.343053097748009,54.19514564159688
0.016191322231683923,3.085013868638544,58.614860722430116
0.010759090324870444,4.424541421245362,69.27801657935872
0.011895481193706139,2.372223825784243,64.665221220309
0.016001328944883486,7.888257828539967,53.67257748321469
0.016488713859925515,0.14461711110758646,65.04377621907636
0.011679306147291523,0.08099310191599063,56.740524481132816
0.010077348732540384,0.7944153220046255,63.343088465086986
0.011044274434702208,7.911299020221167,58.19909379974134
0.012586781227290268,7.65975844778771,65.55871303514346
0.011177832633018508,0.898966908269526,50.041197960505585
0.010057747451124885,7.0759108357231435,69.89150632043466
0.011872382508955502,0.5031813758219856,67.76012154694348
0.019542332164535114,6.416439277971294,53.95470045766622
0.010282956598847436,2.810275147269474,68.68173765452599
0.011839249836280437,3.0070898803115456,57.04770930218636
0.01076011941830006,2.502912858907547,88.3830051002169
0.012118060490865737,1.3714284331008235,87.80480446578761
0.013693205185951126,1.0663993035472137,67.01012912716227
0.011031889238379913,3.204718761861128,66.48368687764305
0.011544157633562103,2.1576453855348268,58.89402498155699
0.0200603713339271,1.1080529856256223,72.51208803207547
0.012078957751571492,6.943234704108433,66.67397808388898
0.010269747269621824,5.599933228723557,75.2500204629278
0.013495485814879202,4.30491009409227,73.74741183496823
0.012707176486932549,7.452744474700686,50.25105927798707
0.010539173969866358,0.33292702728929635,56.30285110555798
0.012411067748893492,2.1806295789613754,51.591351999257974
0.012896159238916769,7.767966991125213,64.35778598606603
0.01114705156726226,1.2658376998829706,52.60892707619432
0.019899953676396694,4.7572938335106185,52.794230528619266
0.017064663445439485,0.2175558780971114,53.441084192956346
0.011459129098255723,6.961285526419109,55.4152607917389
0.013837231589500254,3.6655062575190205,63.23580398287099
0.010759090324870444,4.424541421245362,69.27801657935872
0.011895481193706139,2.372223825784243,64.665221220309
0.016001328944883486,7.888257828539967,53.67257748321469
0.016488713859925515,0.14461711110758646,65.04377621907636
0.011679306147291523,0.08099310191599063,56.740524481132816
0.010077348732540384,0.7944153220046255,63.343088465086986
0.010761605869013497,7.912612909465456,58.457211573538494
0.012586781227290268,7.65975844778771,65.55871303514346
0.011177832633018508,0.898966908269526,50.041197960505585
0.010057747451124885,7.0759108357231435,69.89150632043466
0.011853649965702425,0.5228778919313818,67.3688237414252
0.019542332164535114,6.416439277971294,53.95470045766622
0.010304281003223129,3.0193479364129767,69.23543006027056
0.011746289717929684,3.0285631908000212,56.87284624033247
0.011157652819631983,3.587848792286363,80.4310209630066
0.012009710918401985,0.3907114661859845,92.50896945487155
0.01369241324538309,1.0711186053528952,67.00909025298084
0.011031889238379913,3.204718761861128,66.48368687764305
0.011900606904794565,3.3823912403671046,67.50818927642683
0.0268753697239652,0.15246171179025536,91.15101127484239
0.011943733168600883,5.7331951059844855,64.70681151386351
0.010881118692932722,6.143437682675601,72.69287692333543
0.014521835075679007,6.691906358816489,83.35824856859325
0.012707176486932549,7.452744474700686,50.25105927798707
0.010539173969866358,0.33292702728929635,56.30285110555798
0.012411067748893492,2.1806295789613754,51.591351999257974
0.012808617643634413,7.621947940883918,57.823193028394535
0.01114705156726226,1.2658376998829706,52.60892707619432
0.019899953676396694,4.7572938335106185,52.794230528619266
0.017064663445439485,0.2175558780971114,53.441084192956346
0.011891695274749012,7.2292190080320875,59.30627845613899
0.015273634445208632,5.159778116205765,70.36251572511601
0.010454110422291635,4.838801328858759,72.5432411291271
0.011895481193706139,2.372223825784243,64.665221220309
0.016001328944883486,7.888257828539967,53.67257748321469
0.01648593566973089,0.14520025618024013,65.03730887350721
0.011679306147291523,0.08099310191599063,56.740524481132816
0.010077348732540384,0.7944153220046255,63.343088465086986
0.010968835039223829,6.51031728752041,60.14830262049052
0.012571846939663083,7.514376259676982,65.59558598728863
0.011073224727373415,0.8890286234238396,51.30562618721572
0.010473819184810608,6.66866067891137,68.9146777613374
0.011853649965702425,0.5228778919313818,67.3688237414252
0.019542332164535114,6.416439277971294,53.95470045766622
0.010304281003223129,3.0193479364129767,69.23543006027056
0.011746289717929684,3.0285631908000212,56.87284624033247
0.011385116360432853,2.5630785198264787,84.26170150918063
0.012009710918401985,0.3907114661859845,92.50896945487155
0.013391582551816203,2.099900261005603,65.72224675330544
0.010493293985486207,1.7112336260124357,67.53322683091501
0.010623642589718376,4.480796313798853,69.03778157752097
0.0268753697239652,0.15246171179025536,91.15101127484239
0.011943733168600883,5.7331951059844855,64.70681151386351
0.010611561289237313,6.431916202871344,73.0610629061905
0.014521835075679007,6.691906358816489,83.35824856859325
0.012707176486932549,7.452744474700686,50.25105927798707
0.010539173969866358,0.33292702728929635,56.30285110555798
0.012411067748893492,2.1806295789613754,51.591351999257974
0.012808617643634413,7.621947940883918,57.823193028394535
0.01114705156726226,1.2658376998829706,52.60892707619432
0.024361596547897824,3.216762967398105,50.029376362082026
0.017064663445439485,0.2175558780971114,53.441084192956346
0.011421648729291276,7.027892391458533,60.066560030224046
0.014110609118430976,3.46042908014232,78.25390361287549
0.010442353280614106,5.461585165826696,74.78792256846756
0.011895481193706139,2.372223825784243,64.665221220309
0.015780883449753806,7.7100007248223825,58.09576070613123
0.01648593566973089,0.14520025618024013,65.03730887350721
0.011679306147291523,0.08099310191599063,56.740524481132816
0.010077348732540384,0.7944153220046255,63.343088465086986
0.010968835039223829,6.51031728752041,60.14830262049052
0.012355178116637144,6.556492236130168,63.52956244541194
0.010912583435559588,2.172411910594648,57.64154594461447
0.010473819184810608,6.66866067891137,68.9146777613374
0.012129740362993021,0.4806728449784304,67.99454354113081
0.021538221629338078,7.601956374853593,53.323942503090585
0.010304281003223129,3.0193479364129767,69.23543006027056
0.011558562252367035,3.565586452288912,58.64937658294839
0.011385116360432853,2.5630785198264787,84.26170150918063
0.012009710918401985,0.3907114661859845,92.50896945487155
0.013391582551816203,2.099900261005603,65.72224675330544
0.010493293985486207,1.7112336260124357,67.53322683091501
0.010623642589718376,4.480796313798853,69.03778157752097
0.024195158513420214,0.19541706755303212,91.3958450077546
0.011392129134613804,4.490784116657144,75.15139994126932
0.010611561289237313,6.431916202871344,73.0610629061905
0.014160208061535496,6.095754037218681,80.2160624356364
0.012707176486932549,7.452744474700686,50.25105927798707
0.010539173969866358,0.33292702728929635,56.30285110555798
0.011432799765633814,1.5995446171402015,56.517543820838554
0.012708788920029367,7.516519467890522,58.81215539002399
0.01114705156726226,1.2658376998829706,52.60892707619432
0.024361596547897824,3.216762967398105,50.029376362082026
0.015989574962835144,1.3977561195718913,62.47137728384558
0.011407531315630314,6.731657321084908,59.683152974718716
0.013387346549062956,2.4551164647913835,71.85411631720977
0.010080514510992997,4.740815767134026,84.84939570228497
0.011857117422881019,2.6819962396136425,64.11999023145258
0.015780883449753806,7.7100007248223825,58.09576070613123
0.01648593566973089,0.14520025618024013,65.03730887350721
0.011679306147291523,0.08099310191599063,56.740524481132816
0.010077348732540384,0.7944153220046255,63.343088465086986
0.010968835039223829,6.51031728752041,60.14830262049052
0.013202802389718153,6.5059560555180305,61.10336169344422
0.01071137181787611,3.7405374759378174,64.91805446868015
0.010473819184810608,6.66866067891137,68.9146777613374
0.012129740362993021,0.4806728449784304,67.99454354113081
0.02187694804878445,7.636941091916164,53.105236237795914
0.010790335134576418,2.343390123519792,68.9050266382823
0.011558562252367035,3.565586452288912,58.64937658294839
0.011385116360432853,2.5630785198264787,84.26170150918063
0.011636877355937127,1.750385580232205,88.96612725212537
0.014337783377515206,0.9684629097252633,61.260091018476096
0.010493293985486207,1.7112336260124357,67.53322683091501
0.010909280374122612,6.4082748770859315,72.01533569445795
0.024621697902484065,0.10217541377156092,92.3765766681238
0.011535236701848287,4.229477479313793,74.89105902501078
0.010377348718626448,6.34371798499032,76.99748584996556
0.0135793954220997,5.164744824297382,74.8945422338633
0.012707176486932549,7.452744474700686,50.25105927798707
0.010539173969866358,0.33292702728929635,56.30285110555798
0.011421881860620006,1.8201616553482762,62.87002802478331
0.012708788920029367,7.516519467890522,58.81215539002399
0.01114705156726226,1.2658376998829706,52.60892707619432
0.024361596547897824,3.216762967398105,50.029376362082026
0.013529506414531404,2.7895435214941573,71.78782610565486
0.011407531315630314,6.731657321084908,59.683152974718716
0.014012147877277482,2.421426614460614,67.98229590819763
0.010080514510992997,4.740815767134026,84.84939570228497
0.011508084109267118,0.7007045470316964,66.29525521216665
0.016658372597012853,6.926336587920393,61.568485611888406
0.01648593566973089,0.14520025618024013,65.03730887350721
0.011679306147291523,0.08099310191599063,56.740524481132816
0.010077348732540384,0.7944153220046255,63.343088465086986
0.010968835039223829,6.51031728752041,60.14830262049052
0.013595633461341447,7.413585698232834,61.81019443520413
0.010661908004204796,3.2084075981497406,65.83441881556533
0.010479210435286419,6.6410892183584735,68.88030427359253
0.012129740362993021,0.4806728449784304,67.99454354113081
0.02187694804878445,7.636941091916164,53.105236237795914
0.013808945708530572,2.537651542649752,64.70657847796099
0.011807425727104538,2.32291707653395,58.01683337693109
0.011385116360432853,2.5630785198264787,84.26170150918063
0.011636877355937127,1.750385580232205,88.96612725212537
0.014337783377515206,0.9684629097252633,61.260091018476096
0.010787321859851297,2.231542786861036,66.83547679778285
0.011841605842486317,4.600809970371033,71.27267368879075
0.019529314384208962,2.4440729606604257,84.81501812226806
0.011535236701848287,4.229477479313793,74.89105902501078
0.010377348718626448,6.34371798499032,76.99748584996556
0.01327719324604061,4.806436151382519,76.18461329453443
0.012707176486932549,7.452744474700686,50.25105927798707
0.010542882724695104,0.36025600883211784,56.317288377196235
0.012029455861928443,0.4972477603373058,52.91444623001071
0.012708788920029367,7.516519467890522,58.81215539002399
0.01114705156726226,1.2658376998829706,52.60892707619432
0.02181325214726723,4.142998652987011,50.077849337528846
0.013500019999358952,1.3857037750985524,69.95163160020388
0.011407531315630314,6.731657321084908,59.683152974718716
0.014039330324396672,2.4494515964637107,67.98211904923802
0.010080514510992997,4.740815767134026,84.84939570228497
0.012836066507175668,0.6137239203674353,69.03540236976471
0.013930871872206669,6.726901584310845,60.88766575631117
0.015759940068881765,1.5491650761155293,62.196494828444095
0.011679306147291523,0.08099310191599063,56.740524481132816
0.010077348732540384,0.7944153220046255,63.343088465086986
0.010968835039223829,6.51031728752041,60.14830262049052
0.013595633461341447,7.413585698232834,61.81019443520413
0.010631705774088857,3.2880131401648907,66.8222088653118
0.01082551598320518,6.009786886689803,70.05261840339115
0.012129740362993021,0.4806728449784304,67.99454354113081
0.01663356320217769,4.614506155698432,53.119550359613875
0.012581192730602032,1.9640999305917477,64.25796922716222
0.011807425727104538,2.32291707653395,58.01683337693109
0.011049056451376667,3.502899233772605,91.60331232020695
0.011636877355937127,1.750385580232205,88.96612725212537
0.01366549580800748,0.8312241143818202,58.8294683217718
0.010787321859851297,2.231542786861036,66.83547679778285
0.011695537706219051,4.423769147032055,72.99781741983941
0.019529314384208962,2.4440729606604257,84.81501812226806
0.01142865482812552,4.976035059666649,81.49855021794161
0.010752150524170317,4.540832159293631,71.16600048131146
0.015206671300653608,5.441500440016751,71.00642478026336
0.012578275633567167,6.528284446910386,51.06487554479614
0.010335940231737804,0.41110973201188833,56.24021716173496
0.012029455861928443,0.4972477603373058,52.91444623001071
0.012136905679689777,6.3522849473695695,61.01756317338299
0.011125476418326816,1.4394895558767287,53.134587101625854
0.02181325214726723,4.142998652987011,50.077849337528846
0.013154230177499887,1.557921430192616,73.53909596997718
0.011669894290546141,6.864030064591268,59.404969522045285
0.014039330324396672,2.4494515964637107,67.98211904923802
0.010000872965905539,4.756450268709184,85.43383189424122
0.012836066507175668,0.6137239203674353,69.03540236976471
0.013930871872206669,6.726901584310845,60.88766575631117
0.016074215591813833,0.6595121634053527,62.42138143563621
0.011679306147291523,0.08099310191599063,56.740524481132816
0.010077348732540384,0.7944153220046255,63.343088465086986
0.010968835039223829,6.51031728752041,60.14830262049052
0.013608223734807506,6.227342516489606,61.27302157047153
0.010764973667104286,3.0841510445235767,69.7580990156182
0.01082551598320518,6.009786886689803,70.05261840339115
0.012188519298397867,0.7091388066890421,67.7273211203262
0.017179073434796986,5.309847194947315,52.07010698043323
0.012552893303767076,1.9546802612710887,64.18569120219341
0.011807425727104538,2.32291707653395,58.01683337693109
0.011460348227102258,3.5273569484228617,90.01665578863783
0.012415095846636706,2.5550521463324096,85.05089495370318
0.01366549580800748,0.8312241143818202,58.8294683217718
0.010463300157070267,0.35914381760651004,55.77392315059003
0.011695537706219051,4.423769147032055,72.99781741983941
0.015798666519028243,3.9724198309708094,78.48751460497368
0.0113534364927358,5.502905309788016,86.16167417396491
0.010752150524170317,4.540832159293631,71.16600048131146
0.015206671300653608,5.441500440016751,71.00642478026336
0.012578275633567167,6.528284446910386,51.06487554479614
0.010335940231737804,0.41110973201188833,56.24021716173496
0.011307873407612775,2.0122786745010077,64.48184047672247
0.012136905679689777,6.3522849473695695,61.01756317338299
0.011125476418326816,1.4394895558767287,53.134587101625854
0.02181325214726723,4.142998652987011,50.077849337528846
0.013154230177499887,1.557921430192616,73.53909596997718
0.011669894290546141,6.864030064591268,59.404969522045285
0.015071519042527669,2.7930230920284025,70.61837604400664
0.010000872965905539,4.756450268709184,85.43383189424122
0.013355870155120896,0.6210740747741684,67.97368713699301
0.01253394251877484,7.184825425235543,62.803400513283464
0.016119505081550304,0.5760360863056757,62.41649439761985
0.011679306147291523,0.08099310191599063,56.740524481132816
0.010077348732540384,0.7944153220046255,63.343088465086986
0.010968835039223829,6.51031728752041,60.14830262049052
0.013608223734807506,6.227342516489606,61.27302157047153
0.010965439397790268,4.894951617656143,79.05075461705977
0.01082551598320518,6.009786886689803,70.05261840339115
0.012188519298397867,0.7091388066890421,67.7273211203262
0.017179073434796986,5.309847194947315,52.07010698043323
0.011728368354052273,2.7872486039543345,68.15506875105669
0.01182253886026413,2.587377010070514,58.16738824390085
0.011460348227102258,3.5273569484228617,90.01665578863783
0.011737683210760495,3.4689170806597875,95.60139676050726
0.01366549580800748,0.8312241143818202,58.8294683217718
0.010463300157070267,0.35914381760651004,55.77392315059003
0.011695537706219051,4.423769147032055,72.99781741983941
0.015555539344199204,4.142695396660066,77.36381849925127
0.011187831141303525,5.936686339698406,74.96058926200325
0.010752150524170317,4.540832159293631,71.16600048131146
0.015206671300653608,5.441500440016751,71.00642478026336
0.012578275633567167,6.528284446910386,51.06487554479614
0.010335940231737804,0.41110973201188833,56.24021716173496
0.011307873407612775,2.0122786745010077,64.48184047672247
0.011924356145489208,7.3539709723869,58.40144022625819
0.01249518990488883,2.181892215207205,60.56553811728264
0.02181325214726723,4.142998652987011,50.077849337528846
0.013076411312297757,1.6685307829192713,75.77802317889744
0.011669894290546141,6.864030064591268,59.404969522045285
0.016512410273846097,0.29926205177283016,75.05588939967635
0.010000872965905539,4.756450268709184,85.43383189424122
0.013067635900451631,1.0997815051803848,66.61395904132456
0.012632801777791023,7.510391278004326,61.60134097546669
0.015896864440820717,0.6424929541101998,62.51206072637075
0.011679306147291523,0.08099310191599063,56.740524481132816
0.010077348732540384,0.7944153220046255,63.343088465086986
0.011030349307725375,6.569608168827839,59.98813756030763
0.013608223734807506,6.227342516489606,61.27302157047153
0.011426283085512487,4.961123806831855,76.00109336595816
0.010159786455206338,7.293765905852085,68.35926066723346
0.012188519298397867,0.7091388066890421,67.7273211203262
0.017179073434796986,5.309847194947315,52.07010698043323
0.011779053700388894,2.4225051721311153,66.83862430179828
0.011537705605315168,0.8567804990322063,56.96024434935096
0.01097389734889476,3.7331779716814104,91.47427031063967
0.011657494603947119,3.1770676656831287,99.84997370660656
0.01675239826775833,1.2863074347557975,61.77500036696093
0.010392358762932092,0.3542994882399421,55.48123286601667
0.011695537706219051,4.423769147032055,72.99781741983941
0.015555539344199204,4.142695396660066,77.36381849925127
0.01122299260471798,5.844585597293855,77.33881275495129
0.010752150524170317,4.540832159293631,71.16600048131146
0.015206671300653608,5.441500440016751,71.00642478026336
0.012578275633567167,6.528284446910386,51.06487554479614
0.010697511115551275,1.4782349939831652,60.69672759930216
0.011330920550864947,2.0547544358186447,64.68316850445107
0.011820285667921251,7.330992870518956,57.93137564549679
0.01249518990488883,2.181892215207205,60.56553811728264
0.01907016498176379,3.2657331173432618,51.9151247902531
0.014331775218706686,1.7689513324230794,83.73653869728767
0.011669894290546141,6.864030064591268,59.404969522045285
0.01620894263666042,1.5181909581865618,75.7878395184855
0.010082825602204321,4.732929703897987,83.87743454722494
0.012580280139596285,0.5037046684662005,64.50816753708744
0.012632801777791023,7.510391278004326,61.60134097546669
0.016343700810213333,0.5042849935376155,62.29958989000073
0.011679306147291523,0.08099310191599063,56.740524481132816
0.010077348732540384,0.7944153220046255,63.343088465086986
0.011030349307725375,6.569608168827839,59.98813756030763
0.01548492064189163,5.610899550182251,63.08167567307152
0.011256776843994629,6.180929780654468,80.40365874015609
0.010057217882427878,7.782778697249189,69.48491641291962
0.012083841660211947,0.20643543319671576,70.17189361632364
0.017179073434796986,5.309847194947315,52.07010698043323
0.011779053700388894,2.4225051721311153,66.83862430179828
0.011537705605315168,0.8567804990322063,56.96024434935096
0.01097389734889476,3.7331779716814104,91.47427031063967
0.011680009237865044,3.0373109645574536,93.73575873839995
0.016134926860268795,1.8489727247885286,62.39168956245491
0.010392358762932092,0.3542994882399421,55.48123286601667
0.011363854354669734,3.4448527042020727,68.90968315815103
0.016681494403243832,4.060706723888002,78.63737262285275
0.01122299260471798,5.844585597293855,77.33881275495129
0.011015403105820727,7.604036080433286,82.64223760553838
0.015206671300653608,5.441500440016751,71.00642478026336
0.012578275633567167,6.528284446910386,51.06487554479614
0.010697511115551275,1.4782349939831652,60.69672759930216
0.011330920550864947,2.0547544358186447,64.68316850445107
0.011884591473308514,7.245819453869683,58.1930215884129
0.011421081850482594,2.276769680351552,60.89408348921307
0.01907016498176379,3.2657331173432618,51.9151247902531
0.014729860096578073,1.6155064654038338,86.79497136505857
0.011669894290546141,6.864030064591268,59.404969522045285
0.020095815412049522,1.5463694357530127,86.43067012326806
0.010082825602204321,4.732929703897987,83.87743454722494
0.012580280139596285,0.5037046684662005,64.50816753708744
0.012578676806401333,5.414606566689004,61.19394298805308
0.015458703337258455,1.9201209332295432,59.65906635323194
0.011667966425996826,0.06376022225387157,56.6946626759676
0.011053556994875422,3.0325656704145225,58.55042823396399
0.011359658155969886,6.159069798518315,56.77441614027394
0.013883357992815789,5.895498560129709,73.49143162880107
0.011091511690300348,7.408460220958096,75.19769722306125
0.010057217882427878,7.782778697249189,69.48491641291962
0.012083841660211947,0.20643543319671576,70.17189361632364
0.017179073434796986,5.309847194947315,52.07010698043323
0.011808078548153444,2.3529956180473652,66.75420228386723
0.011537705605315168,0.8567804990322063,56.96024434935096
0.011828871332372547,2.773926683379737,98.76335444847356
0.010990257303989028,3.2996259308230185,94.54383656397947
0.017570876680234163,0.2660879532232423,58.74559187368624
0.010392358762932092,0.3542994882399421,55.48123286601667
0.011400140241124668,3.5519453596744555,69.35692169134612
0.014759697941967034,2.8636719460216824,70.5384731455969
0.01122299260471798,5.844585597293855,77.33881275495129
0.011293790573135046,7.55210488468773,86.46491534469656
0.013718834621852655,3.869329105235312,66.20845003424235
0.012578275633567167,6.528284446910386,51.06487554479614
0.010697511115551275,1.4782349939831652,60.69672759930216
0.01130341997706784,2.088895734268496,64.68702057959497
0.011884591473308514,7.245819453869683,58.1930215884129
0.011569550101901555,3.8684219239234,60.02889770312037
0.016344674529027017,2.923179036924659,57.48429067749521
0.015021703824298818,1.7664533421883066,89.8208015450481
0.011669894290546141,6.864030064591268,59.404969522045285
0.020095815412049522,1.5463694357530127,86.43067012326806
0.010082825602204321,4.732929703897987,83.87743454722494
0.013035283877275688,0.7761626240067449,59.31715869659489
0.012543213081255607,5.025499771723029,61.1401900273141
0.015458703337258455,1.9201209332295432,59.65906635323194
0.01211044055571292,0.2771342328156534,60.48422947949189
0.012307198256268102,3.49863152967097,57.22417302100596
0.010643504355498294,6.537199770129366,54.34331990709981
0.013883357992815789,5.895498560129709,73.49143162880107
0.011091511690300348,7.408460220958096,75.19769722306125
0.010147175439902147,5.788847534970517,65.7260876910199
0.012083841660211947,0.20643543319671576,70.17189361632364
0.017179073434796986,5.309847194947315,52.07010698043323
0.011808078548153444,2.3529956180473652,66.75420228386723
0.011505471889414778,0.7122174409153317,57.10193100062572
0.011828871332372547,2.773926683379737,98.76335444847356
0.011142285616065053,3.123652746416049,89.37790180383261
0.016374418737339934,1.398708694775173,59.315446225423294
0.010392358762932092,0.3542994882399421,55.48123286601667
0.011400140241124668,3.5519453596744555,69.35692169134612
0.014689707479376563,2.9542883562642825,70.28627619175268
0.011277608225621717,5.960258795573749,75.75830933830936
0.011293790573135046,7.55210488468773,86.46491534469656
0.015215305980844612,4.302421319489289,52.75152726706268
0.012637129565025123,5.787521040202787,52.12761196951886
0.010697511115551275,1.4782349939831652,60.69672759930216
0.01130341997706784,2.088895734268496,64.68702057959497
0.011885987216609755,7.233443617383894,58.18982177252635
0.011561817330463336,3.8539762421569024,60.454678570540835
0.016344674529027017,2.923179036924659,57.48429067749521
0.013351385592835677,4.358755952586437,88.31717269815557
0.011669894290546141,6.864030064591268,59.404969522045285
0.021304501545366034,1.1027362252049941,95.75772248863606
0.010082825602204321,4.732929703897987,83.87743454722494
0.013035283877275688,0.7761626240067449,59.31715869659489
0.012543213081255607,5.025499771723029,61.1401900273141
0.015727558129461586,1.8120226219080378,59.016643204943705
0.012197538608341317,1.1883815754920874,59.10230371531181
0.012303122553035754,3.534770149661684,57.23351678782907
0.010643504355498294,6.537199770129366,54.34331990709981
0.013903581249881907,5.9395809181408445,73.63081975336885
0.011091511690300348,7.408460220958096,75.19769722306125
0.010147175439902147,5.788847534970517,65.7260876910199
0.012083841660211947,0.20643543319671576,70.17189361632364
0.017179073434796986,5.309847194947315,52.07010698043323
0.011707261805330174,2.2735852965493133,66.20430783396304
0.011505471889414778,0.7122174409153317,57.10193100062572
0.011828871332372547,2.773926683379737,98.76335444847356
0.01085131473979962,2.6051316711974235,96.62865830036986
0.014332582976974345,4.052992348700306,58.803387558592384
0.010392358762932092,0.3542994882399421,55.48123286601667
0.010541561883919616,2.000261074200342,81.31556365447912
0.01578627522611981,0.9832146530180603,73.17296128633237
0.011327594426070649,4.8090017555022815,71.66568021212498
0.011293790573135046,7.55210488468773,86.46491534469656
0.015215305980844612,4.302421319489289,52.75152726706268
0.012637129565025123,5.787521040202787,52.12761196951886
0.010697511115551275,1.4782349939831652,60.69672759930216
0.010308919194504912,2.183439647453561,61.56114439142489
0.011885987216609755,7.233443617383894,58.18982177252635
0.012547750658048543,6.804442417923973,64.6476324802952
0.01735526974472558,1.890135884891925,55.5776843824215
0.013135376315421648,4.11934233069031,85.82478120241255
0.011669894290546141,6.864030064591268,59.404969522045285
0.021717631020984875,1.0988509981652035,97.42056377185314
0.010023461771009372,4.7448623139243296,83.83956393704439
0.012928371906376296,1.5180876432661519,59.431644370345744
0.012310099720664982,5.808641820057876,60.09371529792396
0.015462238782789264,1.8774835759250876,61.72154667843654
0.010715900957859034,0.8756424526607418,57.91359762208455
0.012267128586169487,2.7348773928749583,57.87059333334549
0.0105204882278046,5.150510968465138,56.598845472083426
0.014588101885972548,7.028443959816751,77.16912209880216
0.011091511690300348,7.408460220958096,75.19769722306125
0.010147175439902147,5.788847534970517,65.7260876910199
0.012056818683457149,0.23786585804189797,70.3671468648154
0.017179073434796986,5.309847194947315,52.07010698043323
0.012807920652319315,2.1988603684255996,64.13343838033165
0.011505471889414778,0.7122174409153317,57.10193100062572
0.011828871332372547,2.773926683379737,98.76335444847356
0.01085131473979962,2.6051316711974235,96.62865830036986
0.017762620275112814,7.272772182681465,61.69538402547117
0.011677220168344193,2.1178894563744866,69.69450471522774
0.010541561883919616,2.000261074200342,81.31556365447912
0.014271340889150821,1.4368843856160884,67.02251568439955
0.012164974251612615,5.129608338736729,70.36826119979504
0.011267560787917468,7.786332308843698,85.86204295462367
0.015215305980844612,4.302421319489289,52.75152726706268
0.012637129565025123,5.787521040202787,52.12761196951886
0.010697511115551275,1.4782349939831652,60.69672759930216
0.01024738398088251,2.0719666507901118,61.60626703856436
0.011885987216609755,7.233443617383894,58.18982177252635
0.012547750658048543,6.804442417923973,64.6476324802952
0.016793932207908147,1.904495771592148,56.05378513180521
0.013135376315421648,4.11934233069031,85.82478120241255
0.011669894290546141,6.864030064591268,59.404969522045285
0.021731316166115212,1.0861535512336857,97.55730932837233
0.010249507424812829,4.850022264585907,81.49216745411788
0.012745625000890642,1.8937828149119902,60.82829832081165
0.012310099720664982,5.808641820057876,60.09371529792396
0.015355235546860954,1.9533503021376353,61.978897583328475
0.010749964294152994,0.6559082218751358,53.34119155792084
0.012275856844200472,3.3592176473713056,58.3221518590629
0.0105204882278046,5.150510968465138,56.598845472083426
0.01477830629809436,5.770116689306832,73.40283224441355
0.011091511690300348,7.408460220958096,75.19769722306125
0.010147175439902147,5.788847534970517,65.7260876910199
0.012056818683457149,0.23786585804189797,70.3671468648154
0.017179073434796986,5.309847194947315,52.07010698043323
0.010927245935781519,0.5555364482847818,73.02510694828712
0.011505471889414778,0.7122174409153317,57.10193100062572
0.011828871332372547,2.773926683379737,98.76335444847356
0.01085131473979962,2.6051316711974235,96.62865830036986
0.017762620275112814,7.272772182681465,61.69538402547117
0.011677220168344193,2.1178894563744866,69.69450471522774
0.010541561883919616,2.000261074200342,81.31556365447912
0.013646817350005851,1.139304616457335,69.92857136441464
0.012824446687300756,3.1772905962511047,58.98251493540836
0.011267560787917468,7.786332308843698,85.86204295462367
0.015215305980844612,4.302421319489289,52.75152726706268
0.012637129565025123,5.787521040202787,52.12761196951886
0.010697511115551275,1.4782349939831652,60.69672759930216
0.01024738398088251,2.0719666507901118,61.60626703856436
0.01204652074652849,7.5078776893819885,57.287099220906796
0.01264879204431967,6.845411381178927,63.9355675462314
0.018997436707937222,2.35970472103416,57.04274010841932
0.013135376315421648,4.11934233069031,85.82478120241255
0.011669894290546141,6.864030064591268,59.404969522045285
0.021731316166115212,1.0861535512336857,97.55730932837233
0.01014889268472059,5.831784304352432,81.55300865974199
0.012745625000890642,1.8937828149119902,60.82829832081165
0.012310099720664982,5.808641820057876,60.09371529792396
0.015317134023298479,2.5929805623150846,59.46637019162756
0.010749964294152994,0.6559082218751358,53.34119155792084
0.013692026193944752,1.7428332644885964,53.39646078499296
0.0105204882278046,5.150510968465138,56.598845472083426
0.013681668882132084,6.508877215999598,69.59315789674683
0.01107581157800331,7.550275745631406,75.34521214491072
0.010147175439902147,5.788847534970517,65.7260876910199
0.011570542290522224,0.37462173240473967,71.51138768030539
0.017179073434796986,5.309847194947315,52.07010698043323
0.0106105100036037,0.052448178498037734,75.71359943496473
0.011228014773063308,0.5814401289215634,57.57212699741653
0.011828871332372547,2.773926683379737,98.76335444847356
0.01085131473979962,2.6051316711974235,96.62865830036986
0.017856194142034064,7.352037687293,61.5723832955639
0.011677220168344193,2.1178894563744866,69.69450471522774
0.010541561883919616,2.000261074200342,81.31556365447912
0.013346793343202393,0.8781938409716847,71.80780274971585
0.012474039874504267,3.0123902728510954,59.89573493766241
0.011267560787917468,7.786332308843698,85.86204295462367
0.015215305980844612,4.302421319489289,52.75152726706268
0.012637129565025123,5.787521040202787,52.12761196951886
0.010829229292154017,1.304494632199633,60.43057417894447
0.01024738398088251,2.0719666507901118,61.60626703856436
0.01204652074652849,7.5078776893819885,57.287099220906796
0.012489276481767899,6.262602164902473,64.77778895631411
0.015538296643387222,1.567977054869358,57.27843633044558
0.013270435598615505,4.442545476658604,87.06015609739008
0.011669894290546141,6.864030064591268,59.404969522045285
0.021731316166115212,1.0861535512336857,97.55730932837233
0.010404637639194376,4.587486697415834,75.86969482970864
0.012860924565874583,2.006232549932628,60.45122606065702
0.012458206687565825,4.853828669732822,61.67077354311955
0.01561151886283397,2.8491835727384647,57.62246031352784
0.010749964294152994,0.6559082218751358,53.34119155792084
0.012273433558127083,1.5256247173609432,56.88205260393208
0.010689423535202398,4.8616443997848835,52.46849280290806
0.012363672264859743,5.783319306164873,62.05024344664656
0.01107581157800331,7.550275745631406,75.34521214491072
0.010147175439902147,5.788847534970517,65.7260876910199
0.011650951445120572,1.1214447816045683,79.99400966223612
0.017179073434796986,5.309847194947315,52.07010698043323
0.0106105100036037,0.052448178498037734,75.71359943496473
0.011149551674329268,0.628816212414947,54.37904751768629
0.011828871332372547,2.773926683379737,98.76335444847356
0.01085131473979962,2.6051316711974235,96.62865830036986
0.017856194142034064,7.352037687293,61.5723832955639
0.012290666999447041,1.6623913936043215,70.47098819133696
0.011062378522297888,4.220238845080744,71.02628445719128
0.012767364774996296,1.7467688683782256,67.5909456759138
0.01243790376951186,2.7463547361073504,61.97973161261674
0.011446150818837122,6.306731412983078,79.03040576769072
0.015584907819315562,4.089520610398778,52.84097042526062
0.012637129565025123,5.787521040202787,52.12761196951886
0.010829229292154017,1.304494632199633,60.43057417894447
0.010247212551130848,2.071646207412381,61.60602452327224
0.01204652074652849,7.5078776893819885,57.287099220906796
0.012489276481767899,6.262602164902473,64.77778895631411
0.015535317449991063,1.5158485885924469,57.264439022165895
0.013295334635918551,3.2802675071050085,82.08660800455934
0.011678171934391416,6.845054539446735,58.86063943361794
0.021731316166115212,1.0861535512336857,97.55730932837233
0.010689644066077692,5.092711681564655,72.06320911402545
0.012860924565874583,2.006232549932628,60.45122606065702
0.013277224533620374,7.498040144373483,66.2342785791796
0.014937439819581254,3.5339777002848365,57.83465379959196
0.010749964294152994,0.6559082218751358,53.34119155792084
0.01203936614893005,1.3920005664520818,56.33803101389057
0.0111468123040168,5.327622195010289,54.90156853470538
0.012932213027542345,7.691671570620107,65.16309615731092
0.01107581157800331,7.550275745631406,75.34521214491072
0.010147175439902147,5.788847534970517,65.7260876910199
0.012228871909274802,1.1194214893129675,81.00093655189451
0.017489258624566014,5.1770094926490575,51.754818696723326
0.0106105100036037,0.052448178498037734,75.71359943496473
0.011556461210531423,2.3399446592873616,57.53741782805467
0.011828871332372547,2.773926683379737,98.76335444847356
0.01085131473979962,2.6051316711974235,96.62865830036986
0.017856194142034064,7.352037687293,61.5723832955639
0.012290666999447041,1.6623913936043215,70.47098819133696
0.011282463614719166,6.25018462819951,68.7433014490542
0.010989089873971226,1.8951239112192357,74.22522369790455
0.012250157311568614,2.995715273068848,62.28678028129679
0.011446150818837122,6.306731412983078,79.03040576769072
0.01554620321956518,4.073001185339232,52.953366878640786
0.012328402639456804,5.787685510964433,53.81367339513131
0.010829229292154017,1.304494632199633,60.43057417894447
0.010407673722041115,1.1798070882170457,67.83705635029457
0.01204652074652849,7.5078776893819885,57.287099220906796
0.012464379781047879,6.547736314624795,65.06762535307217
0.016468176149918398,1.6276939112798754,50.56758043074498
0.013295334635918551,3.2802675071050085,82.08660800455934
0.011678171934391416,6.845054539446735,58.86063943361794
0.021731316166115212,1.0861535512336857,97.55730932837233
0.010751381455156426,5.004951872064783,71.73303826976625
0.012860924565874583,2.006232549932628,60.45122606065702
0.013277224533620374,7.498040144373483,66.2342785791796
0.014937439819581254,3.5339777002848365,57.83465379959196
0.010837119297674063,0.6593229228730073,53.69211883398882
0.012028814757158595,1.3970550950999947,56.51773113870574
0.01124257650638664,5.236367249346374,56.11326346687712
0.012932213027542345,7.691671570620107,65.16309615731092
0.011011164635480075,6.126253709031543,81.47407227192926
0.010147175439902147,5.788847534970517,65.7260876910199
0.012228871909274802,1.1194214893129675,81.00093655189451
0.015488977057910603,5.343699017549909,55.56115963963858
0.012155275358509226,1.5493164756221809,72.06027693308869
0.011556461210531423,2.3399446592873616,57.53741782805467
0.011828871332372547,2.773926683379737,98.76335444847356
0.01085131473979962,2.6051316711974235,96.62865830036986
0.01703475549567287,6.277503252062355,60.520456645205975
0.012290666999447041,1.6623913936043215,70.47098819133696
0.011282463614719166,6.25018462819951,68.7433014490542
0.010989089873971226,1.8951239112192357,74.22522369790455
0.011731660871139528,2.138405628805666,59.13307788737461
0.011446150818837122,6.306731412983078,79.03040576769072
0.01554620321956518,4.073001185339232,52.953366878640786
0.012346574216980377,5.779650302061572,53.55429413193953
0.010829229292154017,1.304494632199633,60.43057417894447
0.01047511469998484,1.5582648144856082,66.65678790032324
0.012069279999460435,7.553411602144655,56.4628383936232
0.01204903066356711,5.532134061913989,64.98286499330109
0.016468176149918398,1.6276939112798754,50.56758043074498
0.013295334635918551,3.2802675071050085,82.08660800455934
0.011678171934391416,6.845054539446735,58.86063943361794
0.021731316166115212,1.0861535512336857,97.55730932837233
0.010751381455156426,5.004951872064783,71.73303826976625
0.013176632285027981,2.2803264071109854,58.31008763769553
0.013249123972888924,7.513811072464009,66.1470327158681
0.014434605710024933,4.2386484974920275,57.594152704326326
0.010837119297674063,0.6593229228730073,53.69211883398882
0.012028814757158595,1.3970550950999947,56.51773113870574
0.01124257650638664,5.236367249346374,56.11326346687712
0.013236456632733453,7.939592641119003,62.57986598059984
0.011011164635480075,6.126253709031543,81.47407227192926
0.01035129406120501,5.929665308453423,64.81075846722928
0.013785297973382559,3.1361587867967304,68.85558232370633
0.015606441513567198,5.327402959113048,55.636177190338124
0.012155275358509226,1.5493164756221809,72.06027693308869
0.011556461210531423,2.3399446592873616,57.53741782805467
0.011323779827360275,2.266847694148841,85.19566840931383
0.011800131105715848,4.727195723905485,83.0839499170281
0.01629679061185277,5.5612243925768166,61.40300768683751
0.012355901685926013,1.7284940555221588,73.94713313947236
0.011282463614719166,6.25018462819951,68.7433014490542
0.010997284270141084,3.465766194057456,76.91607664175456
0.011731660871139528,2.138405628805666,59.13307788737461
0.011446150818837122,6.306731412983078,79.03040576769072
0.01554620321956518,4.073001185339232,52.953366878640786
0.012346574216980377,5.779650302061572,53.55429413193953
0.010829229292154017,1.304494632199633,60.43057417894447
0.01039448660390654,1.3338977954238742,60.23314465070771
0.01138301267908291,7.326347917658142,52.86619671050624
0.01204903066356711,5.532134061913989,64.98286499330109
0.016468176149918398,1.6276939112798754,50.56758043074498
0.013485569319668805,3.563131063880043,85.9271219088395
0.011678171934391416,6.845054539446735,58.86063943361794
0.021731316166115212,1.0861535512336857,97.55730932837233
0.010751381455156426,5.004951872064783,71.73303826976625
0.013210500322933073,2.5656286174157974,65.0939810230801
0.013249123972888924,7.513811072464009,66.1470327158681
0.014434605710024933,4.2386484974920275,57.594152704326326
0.0108169637548149,0.30615339546080644,50.76956048840434
0.012028814757158595,1.3970550950999947,56.51773113870574
0.010388228167176529,5.467316616222067,56.74056053099482
0.013236456632733453,7.939592641119003,62.57986598059984
0.011307608002207582,7.284196591477628,89.92998687256322
0.010380019142444775,5.8357687602876895,65.44322319775105
0.013958657745481641,2.88920269591034,58.98159071433041
0.015606441513567198,5.327402959113048,55.636177190338124
0.012155275358509226,1.5493164756221809,72.06027693308869
0.011556461210531423,2.3399446592873616,57.53741782805467
0.011323779827360275,2.266847694148841,85.19566840931383
0.012188716938356388,4.0381244736403845,83.87685515289088
0.018003949923514208,7.214958723852796,57.010012534656774
0.01280727754713418,1.8538536976003885,77.94343808758582
0.011282463614719166,6.25018462819951,68.7433014490542
0.010997284270141084,3.465766194057456,76.91607664175456
0.011978199684419296,3.011735647472565,60.27261933508505
0.011608330015247515,6.374020283565038,78.11931505925988
0.014995410545669273,3.6267349025977254,57.9788220344965
0.012346574216980377,5.779650302061572,53.55429413193953
0.010411641007129253,1.0930325289883576,60.62392530648791
0.01039448660390654,1.3338977954238742,60.23314465070771
0.01138301267908291,7.326347917658142,52.86619671050624
0.011096046167973618,3.5999961776662204,66.9114237931718
0.016728655853042042,1.6008923685163916,52.89316375086327
0.014404167832885633,1.8951138089561734,99.68349378492915
0.01173227842755547,6.7468064333345055,59.67090532254187
0.021731316166115212,1.0861535512336857,97.55730932837233
0.010683136741597604,4.844937924643832,72.11722314450154
0.013145202222343645,2.328833428352743,60.148441739134626
0.013249123972888924,7.513811072464009,66.1470327158681
0.014434605710024933,4.2386484974920275,57.594152704326326
0.0108169637548149,0.30615339546080644,50.76956048840434
0.011568380291550173,1.3615277996172725,58.01958977804419
0.010388228167176529,5.467316616222067,56.74056053099482
0.013236456632733453,7.939592641119003,62.57986598059984
0.011309739450759408,6.622909387328232,89.30600311457066
0.01200100909220265,4.248411392816212,79.23573902368226
0.014461602321676332,3.0860851632997592,58.57201166925899
0.015606441513567198,5.327402959113048,55.636177190338124
0.012155275358509226,1.5493164756221809,72.06027693308869
0.011556461210531423,2.3399446592873616,57.53741782805467
0.011323779827360275,2.266847694148841,85.19566840931383
0.012232995699445911,4.25400808778073,88.84160886751846
0.018003949923514208,7.214958723852796,57.010012534656774
0.012910950755254879,1.9995745522520303,72.48404285757937
0.011282463614719166,6.25018462819951,68.7433014490542
0.01113425294735091,5.865759254947825,96.77656630756732
0.011978199684419296,3.011735647472565,60.27261933508505
0.012364110912001472,6.9356695523355105,91.36218842626656
0.013915766796220004,3.9317306746821528,61.51858715126872
0.012346574216980377,5.779650302061572,53.55429413193953
0.010536248603203454,1.549467885673511,61.768671308664864
0.01039448660390654,1.3338977954238742,60.23314465070771
0.01138301267908291,7.326347917658142,52.86619671050624
0.011096046167973618,3.5999961776662204,66.9114237931718
0.01624498373408643,1.6700040342990774,53.32746608589547
0.014404167832885633,1.8951138089561734,99.68349378492915
0.011737841001570968,6.662321635377476,59.684515690240936
0.021731316166115212,1.0861535512336857,97.55730932837233
0.010716934763491467,5.603204519519048,74.49835878514033
0.01310865869131641,2.277468618969417,62.072811425326016
0.013249123972888924,7.513811072464009,66.1470327158681
0.01603479019868444,3.0576858573773475,60.69014002321757
0.0108169637548149,0.30615339546080644,50.76956048840434
0.011568380291550173,1.3615277996172725,58.01958977804419
0.010471919350516303,5.404064615319207,57.90789087219537
0.013236456632733453,7.939592641119003,62.57986598059984
0.011309739450759408,6.622909387328232,89.30600311457066
0.012679308053872046,3.73576758944521,88.6966992678087
0.014621630737326769,4.3135926315203355,62.737841296768465
0.014792286189812345,6.532358603613347,52.18407791375921
0.012323515185818673,1.9194607842152527,76.04745380111952
0.011489018609912315,2.2325147373786107,57.100016181600964
0.010990438685647766,1.2782022147062468,89.13714842368623
0.012232995699445911,4.25400808778073,88.84160886751846
0.014964836585089895,6.94617347382814,71.67211139583154
0.013070452943533425,0.9312623297123475,77.83390441372012
0.011282463614719166,6.25018462819951,68.7433014490542
0.011186717574634497,5.859443630731953,96.29393567842922
0.012397553828708215,3.67972861570793,62.992357178456295
0.012914762118335091,7.439006103690395,89.05567582121904
0.014287127255479402,1.740741137788933,60.93841477251337
0.012346574216980377,5.779650302061572,53.55429413193953
0.010536248603203454,1.549467885673511,61.768671308664864
0.010342387829922304,0.6440949868907611,57.92827751180627
0.01138301267908291,7.326347917658142,52.86619671050624
0.011341429429360624,4.725635403863236,64.53779880035438
0.01624498373408643,1.6700040342990774,53.32746608589547
0.013956726475369214,2.7398395450595365,89.65230416889858
0.011718226780852064,6.454106517860619,60.892987798690626
0.021731316166115212,1.0861535512336857,97.55730932837233
0.010716934763491467,5.603204519519048,74.49835878514033
0.01347757252491251,2.381872478455903,62.11642869183664
0.013249123972888924,7.513811072464009,66.1470327158681
0.017153674164054535,3.037487679849653,62.196596999193744
0.0108169637548149,0.30615339546080644,50.76956048840434
0.011600477124627837,0.3287053279955856,58.911911769306656
0.010471919350516303,5.404064615319207,57.90789087219537
0.013017283936200233,7.223781472338017,61.89255493359366
0.011309739450759408,6.622909387328232,89.30600311457066
0.012679308053872046,3.73576758944521,88.6966992678087
0.01752387966885758,5.872916465535695,63.54020403609403
0.014792286189812345,6.532358603613347,52.18407791375921
0.012323515185818673,1.9194607842152527,76.04745380111952
0.011489018609912315,2.2325147373786107,57.100016181600964
0.010990438685647766,1.2782022147062468,89.13714842368623
0.011589097835774258,3.0245541268760494,78.31323418983736
0.01458365729939135,6.888400676325118,70.4065516639995
0.012904351075907651,1.5295029955483432,76.60362552184944
0.011518633999425492,6.52036985541241,66.339933164448
0.011000312721069523,5.757770660009492,87.64568115997967
0.012397553828708215,3.67972861570793,62.992357178456295
0.012914762118335091,7.439006103690395,89.05567582121904
0.0157137484411528,0.37091411572262434,62.07161896677472
0.012346574216980377,5.779650302061572,53.55429413193953
0.010693803560411533,2.20324487109351,61.651944722209365
0.010342387829922304,0.6440949868907611,57.92827751180627
0.01138301267908291,7.326347917658142,52.86619671050624
0.011943647863295012,4.2557586454461465,69.12964065103402
0.01624498373408643,1.6700040342990774,53.32746608589547
0.013956726475369214,2.7398395450595365,89.65230416889858
0.011718226780852064,6.454106517860619,60.892987798690626
0.021731316166115212,1.0861535512336857,97.55730932837233
0.010332163003736242,7.499152637663681,79.99422245818722
0.013339672803655927,1.8905211794442196,67.4402588882689
0.012967621495938155,6.246383232507596,65.10419557106447
0.017852583732201784,3.1025588507300066,56.194291578598374
0.0108169637548149,0.30615339546080644,50.76956048840434
0.011797381734151988,0.279343428252813,59.0658611910232
0.010471919350516303,5.404064615319207,57.90789087219537
0.013017283936200233,7.223781472338017,61.89255493359366
0.011230829168071041,6.135196414798619,86.74641139621542
0.012413795095250169,3.841462538549484,91.08712118312431
0.018199271166750262,5.805304634864416,63.84816377366627
0.014592484865057766,6.219426993882542,52.11298369181982
0.012323515185818673,1.9194607842152527,76.04745380111952
0.011030983849382815,0.33793043806998213,58.99384549894801
0.010990438685647766,1.2782022147062468,89.13714842368623
0.011049222256536383,4.174450602866837,68.45236890418337
0.013990175057781265,6.7984505382861515,68.43612133181945
0.012904351075907651,1.5295029955483432,76.60362552184944
0.011518633999425492,6.52036985541241,66.339933164448
0.011000312721069523,5.757770660009492,87.64568115997967
0.012444980732604423,3.8932620062915677,63.16805203408148
0.012914762118335091,7.439006103690395,89.05567582121904
0.0157137484411528,0.37091411572262434,62.07161896677472
0.012346574216980377,5.779650302061572,53.55429413193953
0.010693803560411533,2.20324487109351,61.651944722209365
0.010342387829922304,0.6440949868907611,57.92827751180627
0.011548442615944737,6.420290995553773,57.66514722235906
0.011943647863295012,4.2557586454461465,69.12964065103402
0.01624498373408643,1.6700040342990774,53.32746608589547
0.014500764203329984,2.00633431098571,81.11232367623987
0.011718226780852064,6.454106517860619,60.892987798690626
0.016476800375421045,0.7106367105818256,75.03220148632539
0.010332163003736242,7.499152637663681,79.99422245818722
0.013339672803655927,1.8905211794442196,67.4402588882689
0.012967621495938155,6.246383232507596,65.10419557106447
0.016202555371744136,2.333239261347338,56.976787571474475
0.0108169637548149,0.30615339546080644,50.76956048840434
0.012404454845078919,0.667157487001921,64.01662739537159
0.010471919350516303,5.404064615319207,57.90789087219537
0.013017283936200233,7.223781472338017,61.89255493359366
0.011230829168071041,6.135196414798619,86.74641139621542
0.012413795095250169,3.841462538549484,91.08712118312431
0.018461008021214816,6.0161539748660715,63.654694353770644
0.014592484865057766,6.219426993882542,52.11298369181982
0.01227496481431325,2.670635064819579,83.2639543010569
0.011030983849382815,0.33793043806998213,58.99384549894801
0.010990438685647766,1.2782022147062468,89.13714842368623
0.011049222256536383,4.174450602866837,68.45236890418337
0.013990175057781265,6.7984505382861515,68.43612133181945
0.012904351075907651,1.5295029955483432,76.60362552184944
0.011518633999425492,6.52036985541241,66.339933164448
0.011000312721069523,5.757770660009492,87.64568115997967
0.012444980732604423,3.8932620062915677,63.16805203408148
0.012914762118335091,7.439006103690395,89.05567582121904
0.016144970999589517,0.37395148939052597,62.35504242808163
0.011736604071294655,6.342139108228173,53.62738200942521
0.010899778754257098,3.2813096628871192,62.82262087874186
0.010342387829922304,0.6440949868907611,57.92827751180627
0.011623824937033284,6.148385507625405,58.71804016775723
0.012438476502238482,4.300741199322799,69.50433191004603
0.015963866584947497,2.4439354642050297,53.1208627201076
0.014500764203329984,2.00633431098571,81.11232367623987
0.011718226780852064,6.454106517860619,60.892987798690626
0.020498831157425353,0.2945566091464151,64.69191880566476
0.010332163003736242,7.499152637663681,79.99422245818722
0.013339672803655927,1.8905211794442196,67.4402588882689
0.013197287454329928,6.494429824341118,64.7033606345096
0.016202555371744136,2.333239261347338,56.976787571474475
0.0108169637548149,0.30615339546080644,50.76956048840434
0.012404454845078919,0.667157487001921,64.01662739537159
0.010471919350516303,5.404064615319207,57.90789087219537
0.013017283936200233,7.223781472338017,61.89255493359366
0.011388587744605785,6.2871806285709475,92.74122638213339
0.012535296086451214,3.811813421459618,93.10250999891934
0.016121047167244586,4.268233977766379,59.710354447779594
0.014867945852346066,5.943102077437389,52.69964179040994
0.012322896808155839,3.0153260068174554,77.5983867859477
0.011030983849382815,0.33793043806998213,58.99384549894801
0.011609991546280495,1.214109314609594,87.54433323609041
0.012261841311325222,3.7474704408211577,64.6695363541352
0.013969820093697863,6.771574629315967,68.39931323276411
0.01321039863375833,1.420371494551933,75.25797433121996
0.011521592040219204,6.551795670685756,66.36715938771374
0.010075457533622349,6.694757999437654,99.31203041781912
0.012444980732604423,3.8932620062915677,63.16805203408148
0.012914762118335091,7.439006103690395,89.05567582121904
0.016155113773771233,0.45200638273313576,62.119168279302215
0.011736604071294655,6.342139108228173,53.62738200942521
0.011197760483342943,3.111454108220265,63.3865682184677
0.010342387829922304,0.6440949868907611,57.92827751180627
0.011623824937033284,6.148385507625405,58.71804016775723
0.012438476502238482,4.300741199322799,69.50433191004603
0.015963866584947497,2.4439354642050297,53.1208627201076
0.014500764203329984,2.00633431098571,81.11232367623987
0.011688175527203965,6.482491089578036,60.948000026034066
0.020498831157425353,0.2945566091464151,64.69191880566476
0.010332163003736242,7.499152637663681,79.99422245818722
0.013339672803655927,1.8905211794442196,67.4402588882689
0.013197287454329928,6.494429824341118,64.7033606345096
0.016389484366835943,2.2556324239487466,56.66878920670807
0.0108169637548149,0.30615339546080644,50.76956048840434
0.0121736267564723,0.6118269771763083,63.17248933328475
0.010520027061530884,4.6828817034069985,50.305210337169484
0.013017283936200233,7.223781472338017,61.89255493359366
0.011286316100019407,6.518940965195585,95.60426808212137
0.012535296086451214,3.811813421459618,93.10250999891934
0.016118860744475688,4.513162597191727,59.555754798907664
0.014867945852346066,5.943102077437389,52.69964179040994
0.012053732683069779,2.4014252969566536,79.10183300368095
0.011030983849382815,0.33793043806998213,58.99384549894801
0.011609991546280495,1.214109314609594,87.54433323609041
0.012676616787168929,2.186631676456795,68.53861364141719
0.013969820093697863,6.771574629315967,68.39931323276411
0.01321039863375833,1.420371494551933,75.25797433121996
0.011521592040219204,6.551795670685756,66.36715938771374
0.010075457533622349,6.694757999437654,99.31203041781912
0.012444980732604423,3.8932620062915677,63.16805203408148
0.012824169531111384,6.755245228582604,84.06350949197382
0.016155113773771233,0.45200638273313576,62.119168279302215
0.011359925393138957,6.844273890903317,52.903455834605424
0.011197760483342943,3.111454108220265,63.3865682184677
0.010342387829922304,0.6440949868907611,57.92827751180627
0.011659103756042845,6.175611783838333,58.79841076490725
0.012438476502238482,4.300741199322799,69.50433191004603
0.015963866584947497,2.4439354642050297,53.1208627201076
0.015447745981523335,2.841316112274755,91.5716777682445
0.011806510632428258,6.433259529797697,57.098418024246314
0.020498831157425353,0.2945566091464151,64.69191880566476
0.010332163003736242,7.499152637663681,79.99422245818722
0.011675006577620852,0.31962252699926896,72.16288576564506
0.012678181283336263,6.593270557843713,61.36955750003236
0.016389484366835943,2.2556324239487466,56.66878920670807
0.0108169637548149,0.30615339546080644,50.76956048840434
0.01288831527500467,0.5845904700131273,63.30292682722849
0.010520027061530884,4.6828817034069985,50.305210337169484
0.012972556628835615,7.06872656511594,61.82728208348175
0.011352549922051283,6.3753810956242205,95.47159902300938
0.012251403001255802,3.2269177808839657,96.46319123042973
0.016397677571911906,4.57753642246977,58.98013515469767
0.013865921061743907,6.0663184380605415,64.89131588330395
0.012053732683069779,2.4014252969566536,79.10183300368095
0.011300868421653374,0.21793397284550836,59.41147841041947
0.011609991546280495,1.214109314609594,87.54433323609041
0.01268619608688231,2.4832315045663833,69.54650835349057
0.014412834621564653,7.680044672829291,70.87650716390844
0.012740800324077957,2.859848175646511,70.27543790964691
0.011521592040219204,6.551795670685756,66.36715938771374
0.012064721843570964,4.652128861136209,87.14252110438153
0.015054401940254307,2.727293222658061,63.661779886184064
0.013194653252518476,6.086126331966097,80.67439691495815
0.016155113773771233,0.45200638273313576,62.119168279302215
0.011359925393138957,6.844273890903317,52.903455834605424
0.011197760483342943,3.111454108220265,63.3865682184677
0.010342387829922304,0.6440949868907611,57.92827751180627
0.011659103756042845,6.175611783838333,58.79841076490725
0.01219189810768384,3.6064970670702787,67.66300161252816
0.015963866584947497,2.4439354642050297,53.1208627201076
0.01595572588328182,2.907184842076781,95.62315024651926
0.011507532896748702,7.7757512453022795,52.867699144755704
0.020498831157425353,0.2945566091464151,64.69191880566476
0.010332163003736242,7.499152637663681,79.99422245818722
0.011675006577620852,0.31962252699926896,72.16288576564506
0.012678181283336263,6.593270557843713,61.36955750003236
0.016389484366835943,2.2556324239487466,56.66878920670807
0.0108169637548149,0.30615339546080644,50.76956048840434
0.01288831527500467,0.5845904700131273,63.30292682722849
0.010520027061530884,4.6828817034069985,50.305210337169484
0.013275040049713235,7.964166100572112,63.18419396532994
0.011352549922051283,6.3753810956242205,95.47159902300938
0.012912516539295588,2.8975887949013206,89.83763022269702
0.01561942619508545,4.840000277331008,58.95028920060834
0.013865921061743907,6.0663184380605415,64.89131588330395
0.01206997931450904,2.5712350334029144,78.34248077653339
0.011300868421653374,0.21793397284550836,59.41147841041947
0.011609991546280495,1.214109314609594,87.54433323609041
0.013754705347576075,3.321668008483016,74.84309659203495
0.014412834621564653,7.680044672829291,70.87650716390844
0.012740800324077957,2.859848175646511,70.27543790964691
0.011521592040219204,6.551795670685756,66.36715938771374
0.012064366941114868,4.579440849819493,86.88284158151599
0.01732272866922352,2.973629910452773,51.99002196109234
0.013587715411006417,7.663441426527356,83.3240668951294
0.01607139102531125,1.3240180366764596,58.179958100412414
0.011463389849471716,4.514802630470573,67.23606143599514
0.011085961309265289,0.5379863388388193,70.61379948417913
0.010342387829922304,0.6440949868907611,57.92827751180627
0.011659103756042845,6.175611783838333,58.79841076490725
0.012014762936950602,3.228166629850463,65.68386248794965
0.017009926122623517,1.192369234836188,53.18028918839258
0.01595572588328182,2.907184842076781,95.62315024651926
0.011507532896748702,7.7757512453022795,52.867699144755704
0.020498831157425353,0.2945566091464151,64.69191880566476
0.010332163003736242,7.499152637663681,79.99422245818722
0.011878550766778795,0.8047521983365962,71.8024229230884
0.012445672521991679,6.4979791579179365,60.78293467045544
0.016389484366835943,2.2556324239487466,56.66878920670807
0.010795534297019497,0.624102724830049,52.0613667796962
0.01288831527500467,0.5845904700131273,63.30292682722849
0.010569635252702493,3.9520526813108425,50.621426150426124
0.013275040049713235,7.964166100572112,63.18419396532994
0.011267797683075936,6.42367211698047,96.08886044284911
0.012912516539295588,2.8975887949013206,89.83763022269702
0.014688044572508805,7.283248530450214,62.81513799866601
0.013455302757821083,6.7028736332592604,66.42081784832752
0.012219149688103767,1.8548517898963413,75.04243751818944
0.011300868421653374,0.21793397284550836,59.41147841041947
0.011609991546280495,1.214109314609594,87.54433323609041
0.012879275699782923,4.3901993895971945,76.16066927622988
0.014412834621564653,7.680044672829291,70.87650716390844
0.01282336546506598,2.8974554650133753,70.64739521763556
0.011548246453160676,7.4846618215212,65.9692349504522
0.012064366941114868,4.579440849819493,86.88284158151599
0.01732272866922352,2.973629910452773,51.99002196109234
0.013657460336806936,7.596362204196272,87.81643859116367
0.01607139102531125,1.3240180366764596,58.179958100412414
0.011463389849471716,4.514802630470573,67.23606143599514
0.011085961309265289,0.5379863388388193,70.61379948417913
0.010342387829922304,0.6440949868907611,57.92827751180627
0.010427446940090655,4.812386560458823,55.455593481052716
0.012020327929122377,3.2306550291788025,65.67346698635944
0.017009926122623517,1.192369234836188,53.18028918839258
0.01628016139397402,2.9082078733947383,96.23994256389892
0.011507532896748702,7.7757512453022795,52.867699144755704
0.020498831157425353,0.2945566091464151,64.69191880566476
0.010332163003736242,7.499152637663681,79.99422245818722
0.011878550766778795,0.8047521983365962,71.8024229230884
0.01313575016616695,6.780800606841694,62.52401013751675
0.016389484366835943,2.2556324239487466,56.66878920670807
0.01075298059590833,0.23624904281599957,51.27510172418559
0.01288831527500467,0.5845904700131273,63.30292682722849
0.010569635252702493,3.9520526813108425,50.621426150426124
0.012958696284734391,6.681717947806554,67.8123943789719
0.011267797683075936,6.42367211698047,96.08886044284911
0.013401564127933564,2.5207674655208967,96.60381985631653
0.014688044572508805,7.283248530450214,62.81513799866601
0.012561613996086367,6.282124927380498,69.03479226021366
0.012219149688103767,1.8548517898963413,75.04243751818944
0.011300868421653374,0.21793397284550836,59.41147841041947
0.011609991546280495,1.214109314609594,87.54433323609041
0.012734889454548102,3.044373668704983,83.83763625990517
0.013669660906368295,4.221147891485604,67.18453313363524
0.01316211609581402,2.050500574931773,73.94740067475882
0.011548246453160676,7.4846618215212,65.9692349504522
0.012100938863207355,4.5608615484428645,86.78662151606721
0.01732272866922352,2.973629910452773,51.99002196109234
0.014394464710908113,7.534866869285174,99.7970168011089
0.019841266561583637,2.198094023676246,57.20675690741139
0.012260325343177014,4.305185934748486,65.16242985916531
0.01102295754358585,0.48089418565158665,66.95469631891564
0.010342387829922304,0.6440949868907611,57.92827751180627
0.010427446940090655,4.812386560458823,55.455593481052716
0.012020327929122377,3.2306550291788025,65.67346698635944
0.017009926122623517,1.192369234836188,53.18028918839258
0.01628016139397402,2.9082078733947383,96.23994256389892
0.011507532896748702,7.7757512453022795,52.867699144755704
0.020498831157425353,0.2945566091464151,64.69191880566476
0.010332163003736242,7.499152637663681,79.99422245818722
0.011567959141564431,0.6478785323650795,66.1380812254634
0.013339760984509716,7.005691228904222,63.470287284677525
0.017102931464693334,1.6380369465449984,53.92145888328964
0.01075298059590833,0.23624904281599957,51.27510172418559
0.01288831527500467,0.5845904700131273,63.30292682722849
0.010569635252702493,3.9520526813108425,50.621426150426124
0.012958696284734391,6.681717947806554,67.8123943789719
0.010647553281270433,6.203241761494072,95.35326461452557
0.013602779464838524,2.6199061607090033,99.31406619419923
0.014688044572508805,7.283248530450214,62.81513799866601
0.01372595948935158,5.473022117027071,64.86644034180756
0.012219149688103767,1.8548517898963413,75.04243751818944
0.011742069654468836,0.9635556039191076,60.85925458699644
0.011346560020372843,0.9135306307419109,76.39574873255535
0.013150182754420465,2.9106656556590913,80.99334401330003
0.014848735044367487,3.8770257771824683,71.2726784838764
0.01316211609581402,2.050500574931773,73.94740067475882
0.013321108913889742,6.354511710661197,64.0960128694287
0.012464992783641621,2.7178092323403416,76.06901943753802
0.01732272866922352,2.973629910452773,51.99002196109234
0.014394464710908113,7.534866869285174,99.7970168011089
0.019841266561583637,2.198094023676246,57.20675690741139
0.012148760506266086,4.819528307201517,63.34033449473274
0.01102295754358585,0.48089418565158665,66.95469631891564
0.010603244970220922,1.1420370253728511,58.91218876062181
0.010772013241939986,5.066849284343476,57.13766292912749
0.011176428922744184,5.83493490498707,67.98075055724237
0.017009926122623517,1.192369234836188,53.18028918839258
0.01628016139397402,2.9082078733947383,96.23994256389892
0.011507532896748702,7.7757512453022795,52.867699144755704
0.020578842280085666,0.2629027383629594,64.94568265852575
0.010315210919806162,7.791729168698044,81.15113451257164
0.011567959141564431,0.6478785323650795,66.1380812254634
0.013339760984509716,7.005691228904222,63.470287284677525
0.017783280527119253,0.8917472733624185,54.049586386885345
0.01075298059590833,0.23624904281599957,51.27510172418559
0.01289978294738324,0.5166489829281211,63.268970595645044
0.010418743177659104,7.010135922818628,50.08345522623958
0.012958696284734391,6.681717947806554,67.8123943789719
0.010647553281270433,6.203241761494072,95.35326461452557
0.013602056028238864,2.6210442315962545,99.31006940162878
0.014846603856679493,7.437089418198225,62.78234340842211
0.013942917347452484,5.000635251935104,65.27930944552251
0.01217926986443871,1.864418299233677,75.2526532403702
0.011742069654468836,0.9635556039191076,60.85925458699644
0.011346560020372843,0.9135306307419109,76.39574873255535
0.013150182754420465,2.9106656556590913,80.99334401330003
0.01560567361588504,4.6967529471032226,70.07228855815593
0.014531171507869346,3.0814973283190366,86.83153840102358
0.013321108913889742,6.354511710661197,64.0960128694287
0.011613732402460554,0.8578048723260236,83.63171852234325
0.01732272866922352,2.973629910452773,51.99002196109234
0.014484122728060605,7.458023719294761,88.50291132015928
0.018556131562156415,3.3099428228296484,58.45967295345077
0.012148760506266086,4.819528307201517,63.34033449473274
0.01102295754358585,0.48089418565158665,66.95469631891564
0.010603244970220922,1.1420370253728511,58.91218876062181
0.010775775919437127,6.021839504633717,58.296667677324606
0.011176428922744184,5.83493490498707,67.98075055724237
0.0158059647221617,0.9944342563886094,56.13551057071795
0.014382053200692621,4.844064385323472,78.9904938287349
0.011534024746366464,4.650775788337797,58.68565072398141
0.01808838894198042,0.4281629555379798,70.13655048147834
0.010315210919806162,7.791729168698044,81.15113451257164
0.011567959141564431,0.6478785323650795,66.1380812254634
0.013392102926626794,7.777659474984016,63.49423690396616
0.015210697230722402,2.4236811245945846,55.18266744162707
0.01075298059590833,0.23624904281599957,51.27510172418559
0.01289978294738324,0.5166489829281211,63.268970595645044
0.010418743177659104,7.010135922818628,50.08345522623958
0.012427119175720178,6.429157366008326,67.86260810808926
0.010647553281270433,6.203241761494072,95.35326461452557
0.013602056028238864,2.6210442315962545,99.31006940162878
0.014846603856679493,7.437089418198225,62.78234340842211
0.013942917347452484,5.000635251935104,65.27930944552251
0.010470152763505165,0.451627532764002,77.83665982853344
0.011742069654468836,0.9635556039191076,60.85925458699644
0.011346560020372843,0.9135306307419109,76.39574873255535
0.013190929707608306,3.73164141750276,76.96520248565673
0.01560567361588504,4.6967529471032226,70.07228855815593
0.013369702592756709,2.22051229676057,80.25088669505325
0.014716796933594086,6.692635405566511,61.56795186594098
0.011613732402460554,0.8578048723260236,83.63171852234325
0.01732272866922352,2.973629910452773,51.99002196109234
0.014532527273118719,7.677808619917776,90.57999318894892
0.019690557629134346,2.8930010839123206,52.879830803767405
0.012362400551864109,6.354014109542634,62.311220626462045
0.01102295754358585,0.48089418565158665,66.95469631891564
0.01056168339735586,2.463907217088525,56.923394792820716
0.010775775919437127,6.021839504633717,58.296667677324606
0.011176428922744184,5.83493490498707,67.98075055724237
0.0158059647221617,0.9944342563886094,56.13551057071795
0.01265559199956032,5.4079098382832615,69.08357731427633
0.012529552621050538,4.662017313483154,61.46971087408796
0.01808838894198042,0.4281629555379798,70.13655048147834
0.010315210919806162,7.791729168698044,81.15113451257164
0.011567959141564431,0.6478785323650795,66.1380812254634
0.013392102926626794,7.777659474984016,63.49423690396616
0.017148055955714867,0.8518553711736416,53.82234217251675
0.010712509892029346,0.1758033103603207,51.09743044481754
0.011586309270795885,0.3007098475313751,66.4929987851564
0.011712021178839668,5.900264475750241,53.46486653858766
0.012024908261443923,7.732771821692389,57.09733835641935
0.010266849498205898,6.663580523578671,97.07894887754699
0.014629812728976854,3.6882559917283544,84.6603226155336
0.014846603856679493,7.437089418198225,62.78234340842211
0.014535071738123236,5.142505283971814,66.87540879527128
0.010470152763505165,0.451627532764002,77.83665982853344
0.011742069654468836,0.9635556039191076,60.85925458699644
0.011453569765987534,0.6400040357555172,71.9757526287627
0.013499631812661195,2.7545702249521646,82.42513713729488
0.01567555845598835,4.774147367744861,69.75415845006638
0.013427583477278206,1.9832608081231609,81.2474315394557
0.014700532441763225,6.664745911498277,61.63950961906529
0.011613732402460554,0.8578048723260236,83.63171852234325
0.01732272866922352,2.973629910452773,51.99002196109234
0.014584190359731571,7.958578238551585,90.09526817891305
0.02023665231272928,2.874405579649252,53.08504827792944
0.012462243117699183,6.984296656875832,61.41781767140307
0.01102295754358585,0.48089418565158665,66.95469631891564
0.01056168339735586,2.463907217088525,56.923394792820716
0.010775775919437127,6.021839504633717,58.296667677324606
0.011176428922744184,5.83493490498707,67.98075055724237
0.016637795696915307,1.0215445272556751,50.67965895797649
0.013367983246014972,6.40952074654863,73.22072426255079
0.012529552621050538,4.662017313483154,61.46971087408796
0.020825469107340927,0.4522443823912329,69.86686785015544
0.010315210919806162,7.791729168698044,81.15113451257164
0.011414389422454128,0.3694436555766101,70.79413507642444
0.013392102926626794,7.777659474984016,63.49423690396616
0.017148055955714867,0.8518553711736416,53.82234217251675
0.010712509892029346,0.1758033103603207,51.09743044481754
0.011586309270795885,0.3007098475313751,66.4929987851564
0.011712021178839668,5.900264475750241,53.46486653858766
0.012024908261443923,7.732771821692389,57.09733835641935
0.010233585460415461,6.806966069609445,97.41105583153625
0.014629812728976854,3.6882559917283544,84.6603226155336
0.014846603856679493,7.437089418198225,62.78234340842211
0.014535071738123236,5.142505283971814,66.87540879527128
0.010470152763505165,0.451627532764002,77.83665982853344
0.012009985221420046,1.2734880997825728,54.956058198546586
0.011403366509495532,0.5717339853660592,68.32216988122838
0.013499631812661195,2.7545702249521646,82.42513713729488
0.0184563781429466,2.520466327543172,79.39527239281013
0.012289401426836506,2.324237707346559,92.08524776275718
0.014700532441763225,6.664745911498277,61.63950961906529
0.011613732402460554,0.8578048723260236,83.63171852234325
0.01732272866922352,2.973629910452773,51.99002196109234
0.014584190359731571,7.958578238551585,90.09526817891305
0.02023665231272928,2.874405579649252,53.08504827792944
0.012462243117699183,6.984296656875832,61.41781767140307
0.01102295754358585,0.48089418565158665,66.95469631891564
0.01056168339735586,2.463907217088525,56.923394792820716
0.010775775919437127,6.021839504633717,58.296667677324606
0.011176428922744184,5.83493490498707,67.98075055724237
0.016637795696915307,1.0215445272556751,50.67965895797649
0.012356815734896647,6.867348616014193,75.8475081618334
0.012972498755543113,6.742340809153616,61.81308243146605
0.020825469107340927,0.4522443823912329,69.86686785015544
0.010315210919806162,7.791729168698044,81.15113451257164
0.011414389422454128,0.3694436555766101,70.79413507642444
0.013699986936997383,7.824385908743491,70.36456533918276
0.01650642817048637,2.3757271795152803,55.871642948136724
0.010712509892029346,0.1758033103603207,51.09743044481754
0.012310052577497649,0.20285111191806587,59.13749021623196
0.01137287347348916,5.8819681914418736,52.51854390900107
0.014085247052271366,6.028294872604624,60.086870207542866
0.010233585460415461,6.806966069609445,97.41105583153625
0.014847893820910228,3.8684211392739276,85.09162673926363
0.014846603856679493,7.437089418198225,62.78234340842211
0.013516700719106075,7.138329313844742,74.71917839545583
0.010433837706758065,0.45653776199042756,78.20573503601491
0.012009985221420046,1.2734880997825728,54.956058198546586
0.012038245302358586,0.7961712149197855,66.77318301120584
0.013499631812661195,2.7545702249521646,82.42513713729488
0.01916679870766842,2.7355651348546344,81.99130943860057
0.012289401426836506,2.324237707346559,92.08524776275718
0.014700532441763225,6.664745911498277,61.63950961906529
0.011613732402460554,0.8578048723260236,83.63171852234325
0.021976879491563874,4.943535508208679,52.61848157483718
0.014584190359731571,7.958578238551585,90.09526817891305
0.016430177796003562,1.9301324704692229,62.731941531792636
0.012462243117699183,6.984296656875832,61.41781767140307
0.01102295754358585,0.48089418565158665,66.95469631891564
0.01056168339735586,2.463907217088525,56.923394792820716
0.010789448588751593,5.965244995935996,58.38846918369538
0.011176428922744184,5.83493490498707,67.98075055724237
0.016197378371154404,1.8846832709075807,54.071872568426585
0.011542147728432931,6.680927289855748,80.12247904415891
0.012972498755543113,6.742340809153616,61.81308243146605
0.020825469107340927,0.4522443823912329,69.86686785015544
0.010861390233331549,5.574228995972721,76.59351235457135
0.011414389422454128,0.3694436555766101,70.79413507642444
0.013699986936997383,7.824385908743491,70.36456533918276
0.01749577649802959,2.682665106408738,50.25829896682959
0.010675523545598623,0.7369023662453531,52.526099433875274
0.012310052577497649,0.20285111191806587,59.13749021623196
0.01137287347348916,5.8819681914418736,52.51854390900107
0.014621209531492822,6.999201972335501,58.884862004506175
0.010233585460415461,6.806966069609445,97.41105583153625
0.014324844921644871,3.4758535244212228,81.00920785332062
0.014846603856679493,7.437089418198225,62.78234340842211
0.013767785855699878,7.246329609424265,76.22266914626353
0.010433837706758065,0.45653776199042756,78.20573503601491
0.012009985221420046,1.2734880997825728,54.956058198546586
0.012038245302358586,0.7961712149197855,66.77318301120584
0.013499631812661195,2.7545702249521646,82.42513713729488
0.01916679870766842,2.7355651348546344,81.99130943860057
0.011847022819766387,3.3980739585681876,82.14711264806385
0.014700532441763225,6.664745911498277,61.63950961906529
0.012558519097135547,4.012709013513953,77.6235207707454
0.017367688644846495,3.9423192410180086,54.35670546836365
0.014192775575468233,7.42391279419552,86.86743991497893
0.015652971050821484,1.7391346734716135,64.7375543733
0.012433253561932693,6.958761996264951,61.69263158566649
0.01102295754358585,0.48089418565158665,66.95469631891564
0.01056168339735586,2.463907217088525,56.923394792820716
0.010789448588751593,5.965244995935996,58.38846918369538
0.011139620311896014,6.680357320635258,67.54556582675531
0.016197378371154404,1.8846832709075807,54.071872568426585
0.011540069889196095,6.84995107049597,80.02061875662845
0.012972498755543113,6.742340809153616,61.81308243146605
0.02895119554266094,0.13420817244417615,72.72766179785802
0.010861390233331549,5.574228995972721,76.59351235457135
0.011428810444038602,1.113040013320683,71.85281446989138
0.013699986936997383,7.824385908743491,70.36456533918276
0.017280396792160684,2.621219026682664,50.32991481465347
0.010675523545598623,0.7369023662453531,52.526099433875274
0.012310052577497649,0.20285111191806587,59.13749021623196
0.01137287347348916,5.8819681914418736,52.51854390900107
0.014625856165957858,6.949965611056987,57.32486323094159
0.010233585460415461,6.806966069609445,97.41105583153625
0.01466582912680273,3.7404479927722676,81.25488715883135
0.01458039064008306,7.431724414021374,72.58884948547305
0.013186538795371648,7.142908049407862,77.21361551442371
0.010433837706758065,0.45653776199042756,78.20573503601491
0.012009985221420046,1.2734880997825728,54.956058198546586
0.012503591620769215,0.5542196318391259,62.894527621032836
0.013901489292279152,2.2559595486436335,80.581255309933
0.015615689150321774,1.752419295554766,75.43461715008485
0.011847022819766387,3.3980739585681876,82.14711264806385
0.01317485546686295,6.671434638037263,64.16996632226832
0.014425477612844817,7.137518329122812,77.11192882786158
0.017367688644846495,3.9423192410180086,54.35670546836365
0.013442889931201324,7.307060741477556,88.86444081282166
0.015788701767178698,1.1422056324818728,63.369251572465004
0.012325240248973609,7.1043650464078025,61.91131281183048
0.01102295754358585,0.48089418565158665,66.95469631891564
0.010584267201482972,2.1213010286738605,56.051051787225646
0.010789448588751593,5.965244995935996,58.38846918369538
0.011308392284707737,7.351325249406373,62.0571592774947
0.01659314991530514,2.153838335799725,52.70443470252069
0.011540069889196095,6.84995107049597,80.02061875662845
0.012972498755543113,6.742340809153616,61.81308243146605
0.02895119554266094,0.13420817244417615,72.72766179785802
0.010861390233331549,5.574228995972721,76.59351235457135
0.011428810444038602,1.113040013320683,71.85281446989138
0.01335544555880305,6.806263199426672,70.5903352906509
0.017280396792160684,2.621219026682664,50.32991481465347
0.010675523545598623,0.7369023662453531,52.526099433875274
0.012310052577497649,0.20285111191806587,59.13749021623196
0.01137287347348916,5.8819681914418736,52.51854390900107
0.01437256605052966,6.888189997693221,57.47441019969629
0.010233585460415461,6.806966069609445,97.41105583153625
0.015132929703835925,2.7628204175127773,78.39272703811965
0.01458039064008306,7.431724414021374,72.58884948547305
0.013020475818924064,6.314477140323139,74.07210432601836
0.010433837706758065,0.45653776199042756,78.20573503601491
0.011659991983032735,2.1149384043192594,59.21233656817762
0.012503591620769215,0.5542196318391259,62.894527621032836
0.013901489292279152,2.2559595486436335,80.581255309933
0.015722150128257718,1.5295996442061606,74.78227720352433
0.01222476723291175,4.5057438673331,85.7837768574383
0.014040188587469388,6.631560761662252,54.39030799292131
0.012560773428623448,3.9547445794868787,64.88636602858553
0.017367688644846495,3.9423192410180086,54.35670546836365
0.0132046181171726,7.378986466833228,95.21710933651873
0.01929503190630158,1.020386579303212,71.1759851911457
0.012190385670615523,7.173081621217091,61.55280962074619
0.01102295754358585,0.48089418565158665,66.95469631891564
0.01113957970725599,2.7847573703132404,56.2260729066195
0.010662586486689453,5.983353017632559,59.66484782090481
0.011308392284707737,7.351325249406373,62.0571592774947
0.016596370290620423,2.1506711406834933,52.698735428219535
0.011463337621956974,6.937239419523122,80.05538544078128
0.012972498755543113,6.742340809153616,61.81308243146605
0.02382656050264456,0.8968058738659292,67.97993865867527
0.010807246673523771,4.165100297974177,69.5825980977755
0.011428810444038602,1.113040013320683,71.85281446989138
0.01431248975111266,7.2524468090544465,79.31410534398569
0.017280396792160684,2.621219026682664,50.32991481465347
0.010675523545598623,0.7369023662453531,52.526099433875274
0.012310052577497649,0.20285111191806587,59.13749021623196
0.01137287347348916,5.8819681914418736,52.51854390900107
0.014322308248521346,6.756748164273862,53.819315782218496
0.010233585460415461,6.806966069609445,97.41105583153625
0.01676726944822516,2.5388834261557305,86.17598927683056
0.01458039064008306,7.431724414021374,72.58884948547305
0.013008640426680828,6.42002620878174,71.04794397905454
0.010433837706758065,0.45653776199042756,78.20573503601491
0.011659991983032735,2.1149384043192594,59.21233656817762
0.012516972332956195,0.23845629466151053,62.93934281281838
0.014623601992218063,3.1350281893333216,89.717697085904
0.016078829002713534,1.7829947177325207,65.7722667238693
0.012555204072100215,5.474692528859973,88.96499618118533
0.014040188587469388,6.631560761662252,54.39030799292131
0.014021586855400602,3.7795031940492594,60.97406823102828
0.01741869234227297,4.714223989615084,56.70951624946629
0.012837547575122038,6.88689628981154,91.29211308258611
0.019639170184353266,1.0636113500242281,71.76813289075277
0.01224218530007147,6.7229893527182885,62.01901559803143
0.012230431100635156,2.96649706688137,71.49140811774882
0.01113957970725599,2.7847573703132404,56.2260729066195
0.010662586486689453,5.983353017632559,59.66484782090481
0.011308392284707737,7.351325249406373,62.0571592774947
0.016596370290620423,2.1506711406834933,52.698735428219535
0.011309919681685088,6.957052375674259,81.90985710137484
0.012972498755543113,6.742340809153616,61.81308243146605
0.02382656050264456,0.8968058738659292,67.97993865867527
0.010807246673523771,4.165100297974177,69.5825980977755
0.010737960231610891,1.472239809161759,77.61104182492207
0.01431248975111266,7.2524468090544465,79.31410534398569
0.017280396792160684,2.621219026682664,50.32991481465347
0.01172366629732994,3.2299571879533313,62.15669580607407
0.01233570091228531,0.14627432334884105,59.20128751368501
0.01137287347348916,5.8819681914418736,52.51854390900107
0.014322308248521346,6.756748164273862,53.819315782218496
0.010233585460415461,6.806966069609445,97.41105583153625
0.01920816697296821,0.5627781526955724,88.08409337731202
0.01458039064008306,7.431724414021374,72.58884948547305
0.013176912119770866,6.8097594842283975,70.580159161748
0.010433837706758065,0.45653776199042756,78.20573503601491
0.011766442721747173,0.7182917574835779,61.69409636312557
0.012143105794860236,0.9296003812069034,61.117155781826796
0.014699532413992581,3.239430937436522,90.68288416823879
0.015976870610256568,1.7105605025223278,68.34782207720387
0.012555204072100215,5.474692528859973,88.96499618118533
0.014040188587469388,6.631560761662252,54.39030799292131
0.013723398855948442,4.2727658004800455,61.14917809533423
0.023621615383867454,3.549009906395826,53.99616410669641
0.012837547575122038,6.88689628981154,91.29211308258611
0.01849109553486768,0.9305990944364417,70.34496123986722
0.01224218530007147,6.7229893527182885,62.01901559803143
0.011879716631875257,1.1819656654208748,76.0655582361379
0.01113957970725599,2.7847573703132404,56.2260729066195
0.010662586486689453,5.983353017632559,59.66484782090481
0.011903661658970213,3.84798009817852,62.491666567117626
0.016596370290620423,2.1506711406834933,52.698735428219535
0.011309919681685088,6.957052375674259,81.90985710137484
0.012972498755543113,6.742340809153616,61.81308243146605
0.01900710770862528,3.572687722152655,69.15665731811504
0.010807246673523771,4.165100297974177,69.5825980977755
0.010737960231610891,1.472239809161759,77.61104182492207
0.01431248975111266,7.2524468090544465,79.31410534398569
0.017280396792160684,2.621219026682664,50.32991481465347
0.01172366629732994,3.2299571879533313,62.15669580607407
0.01233570091228531,0.14627432334884105,59.20128751368501
0.01137287347348916,5.8819681914418736,52.51854390900107
0.014322308248521346,6.756748164273862,53.819315782218496
0.010413622452091315,6.374778833657404,93.15149570217801
0.01920816697296821,0.5627781526955724,88.08409337731202
0.012508939769142344,6.906278614254645,82.81128315413571
0.013176912119770866,6.8097594842283975,70.580159161748
0.010433837706758065,0.45653776199042756,78.20573503601491
0.011766442721747173,0.7182917574835779,61.69409636312557
0.012143105794860236,0.9296003812069034,61.117155781826796
0.014116090009236904,3.585804704704113,91.01918216016557
0.015976870610256568,1.7105605025223278,68.34782207720387
0.012555204072100215,5.474692528859973,88.96499618118533
0.014040188587469388,6.631560761662252,54.39030799292131
0.013826590522387482,4.158310022511316,60.111849055139075
0.017361312124108512,4.725002817250874,56.73461614783116
0.012837547575122038,6.88689628981154,91.29211308258611
0.01849109553486768,0.9305990944364417,70.34496123986722
0.01224218530007147,6.7229893527182885,62.01901559803143
0.011879716631875257,1.1819656654208748,76.0655582361379
0.01113957970725599,2.7847573703132404,56.2260729066195
0.010662586486689453,5.983353017632559,59.66484782090481
0.011903661658970213,3.84798009817852,62.491666567117626
0.015369100982653535,3.2395448426269913,59.808542521680145
0.011799769349647275,6.406373283186685,80.48636702077201
0.013050796258487622,7.291083181403914,61.878780262870876
0.01900710770862528,3.572687722152655,69.15665731811504
0.010137058613485222,2.6517097930407987,62.219969598290895
0.010737960231610891,1.472239809161759,77.61104182492207
0.01411212307364539,7.91960741718133,80.63428259203465
0.017280396792160684,2.621219026682664,50.32991481465347
0.011351722350049097,3.2124549468360932,61.79922834411786
0.011644595012143953,0.25901896892596704,66.10719208844009
0.01137287347348916,5.8819681914418736,52.51854390900107
0.014322308248521346,6.756748164273862,53.819315782218496
0.010413622452091315,6.374778833657404,93.15149570217801
0.016862413544861028,1.6177809755250783,79.86539541722561
0.013104362670636187,6.311500314018247,81.5704706684966
0.013678257480646805,6.559978611830704,68.92128363559374
0.010433837706758065,0.45653776199042756,78.20573503601491
0.010783823433495328,0.6872689983724705,60.43001523891327
0.012143105794860236,0.9296003812069034,61.117155781826796
0.014116090009236904,3.585804704704113,91.01918216016557
0.015976870610256568,1.7105605025223278,68.34782207720387
0.013126001253474268,5.3064229693950145,87.21256083377331
0.014040188587469388,6.631560761662252,54.39030799292131
0.012112781687642085,4.352044477218812,57.11966280183498
0.018730901617726402,4.0426443369711595,52.202852878153806
0.013449408121643042,6.833263064843471,75.84980871215814
0.0170700265291098,0.7912050057223068,69.46536408294563
0.01224218530007147,6.7229893527182885,62.01901559803143
0.011879716631875257,1.1819656654208748,76.0655582361379
0.01113957970725599,2.7847573703132404,56.2260729066195
0.010662586486689453,5.983353017632559,59.66484782090481
0.011903661658970213,3.84798009817852,62.491666567117626
0.01498102182929737,2.9616643007465573,59.965965424228166
0.011464188065095726,6.430777511194407,80.2075024207182
0.012963302501301224,7.229613987858146,61.89395408191919
0.01900710770862528,3.572687722152655,69.15665731811504
0.010137058613485222,2.6517097930407987,62.219969598290895
0.010871762976667868,1.555955001737448,78.14211851559483
0.01411212307364539,7.91960741718133,80.63428259203465
0.017280396792160684,2.621219026682664,50.32991481465347
0.011351722350049097,3.2124549468360932,61.79922834411786
0.011644595012143953,0.25901896892596704,66.10719208844009
0.01137287347348916,5.8819681914418736,52.51854390900107
0.014322308248521346,6.756748164273862,53.819315782218496
0.010413622452091315,6.374778833657404,93.15149570217801
0.016348428974596683,1.6967988808069971,78.51684553410128
0.01401660749024821,5.041634541869865,78.78586229834325
0.013678257480646805,6.559978611830704,68.92128363559374
0.010433837706758065,0.45653776199042756,78.20573503601491
0.010783823433495328,0.6872689983724705,60.43001523891327
0.011670273147352816,0.7061646744866272,61.75697121569265
0.014116090009236904,3.585804704704113,91.01918216016557
0.016055422122184644,1.3896480817713313,67.64872293897731
0.012270596402952328,4.2205280902564875,73.86897214586935
0.014040188587469388,6.631560761662252,54.39030799292131
0.01201876795562068,4.1254331203172345,59.53474530548037
0.01932858288799469,4.294994313668234,51.584107128270645
0.013399864275696467,6.875761258869444,74.75475794348861
0.017361038550312652,0.4259893778019279,65.81500538160799
0.01224218530007147,6.7229893527182885,62.01901559803143
0.011879716631875257,1.1819656654208748,76.0655582361379
0.01113957970725599,2.7847573703132404,56.2260729066195
0.010662586486689453,5.983353017632559,59.66484782090481
0.012655146219800371,4.893673512244813,68.65395961662117
0.01716404936954303,2.8108134573868746,58.863255806156275
0.010312991760945574,7.566353024372701,86.83334377207012
0.012701633109608349,7.474696666576626,59.32199206660667
0.01900710770862528,3.572687722152655,69.15665731811504
0.010102092311980594,2.657085370558487,62.128227930281085
0.010871762976667868,1.555955001737448,78.14211851559483
0.014953191692764073,5.892673251479564,77.45844301210025
0.016892180886959485,3.048049442968121,52.915991037301154
0.011351722350049097,3.2124549468360932,61.79922834411786
0.011644595012143953,0.25901896892596704,66.10719208844009
0.01137287347348916,5.8819681914418736,52.51854390900107
0.014322308248521346,6.756748164273862,53.819315782218496
0.010548788682652672,6.2119657740696965,92.06766483329054
0.015565194189730128,1.59057457034293,77.43476418869527
0.01401660749024821,5.041634541869865,78.78586229834325
0.01318881829785694,5.268416772796526,69.63001511426799
0.010433837706758065,0.45653776199042756,78.20573503601491
0.010783823433495328,0.6872689983724705,60.43001523891327
0.011894509202927894,0.35885585729883385,62.32148902849201
0.014036102139626774,3.5162281294606497,90.28491848720743
0.015626488391330233,0.8397917002180224,71.04786652268317
0.012077888442727903,4.140474377660863,72.48092025767403
0.014040188587469388,6.631560761662252,54.39030799292131
0.011946862007880787,3.9643520764650306,60.701244867535195
0.01932858288799469,4.294994313668234,51.584107128270645
0.013448106010771442,6.972424170953918,75.22135449994276
0.017361038550312652,0.4259893778019279,65.81500538160799
0.011838748504751025,7.764363045848716,61.66770227347862
0.011590835152483292,1.051561803768589,71.94397157165984
0.01113957970725599,2.7847573703132404,56.2260729066195
0.010718222554448893,4.805768404582739,64.57937088458836
0.01284492770472066,5.248861987638017,67.64426251873658
0.015182487160318697,3.9293614416097915,62.8918783852125
0.010304266457694566,7.669669875739729,86.2855209264902
0.012701633109608349,7.474696666576626,59.32199206660667
0.01900710770862528,3.572687722152655,69.15665731811504
0.010008086557745563,3.2806483225394616,57.57239021410908
0.010871762976667868,1.555955001737448,78.14211851559483
0.016070575208403756,5.774006302753046,73.59570682364216
0.016892180886959485,3.048049442968121,52.915991037301154
0.014094989692844532,1.9404266922702784,63.63244024972724
0.011644595012143953,0.25901896892596704,66.10719208844009
0.01137287347348916,5.8819681914418736,52.51854390900107
0.014322308248521346,6.756748164273862,53.819315782218496
0.010070730867120594,6.382824074976002,96.13068509206893
0.015565194189730128,1.59057457034293,77.43476418869527
0.014526639386022375,6.34920965929606,90.15974699574952
0.01318881829785694,5.268416772796526,69.63001511426799
0.010433837706758065,0.45653776199042756,78.20573503601491
0.010783823433495328,0.6872689983724705,60.43001523891327
0.012011608660073333,0.7587248871172658,64.23231636562645
0.014039767581791207,3.2294166627157894,92.44700535460218
0.015626488391330233,0.8397917002180224,71.04786652268317
0.012077888442727903,4.140474377660863,72.48092025767403
0.014040188587469388,6.631560761662252,54.39030799292131
0.013261323426257132,3.1053033891598387,61.942770858770395
0.01932858288799469,4.294994313668234,51.584107128270645
0.012352087400822408,6.684950789894964,81.58970523383991
0.017662545024740215,0.2997541399014576,65.40892878503232
0.011723539504549704,6.991469357228786,61.53253372956992
0.012096619268515196,1.2798775893003307,79.16019419738731
0.01113957970725599,2.7847573703132404,56.2260729066195
0.010718222554448893,4.805768404582739,64.57937088458836
0.012775078040695463,5.288290576117515,67.78627064359962
0.014666786116599379,3.7081582249348033,62.637107938888654
0.01045911932242305,7.618762276523451,85.94473895458204
0.013360016567321829,4.859664846695327,61.35874835228509
0.01900710770862528,3.572687722152655,69.15665731811504
0.010008086557745563,3.2806483225394616,57.57239021410908
0.012509063006983187,2.457422660162872,72.34976958209289
0.016070575208403756,5.774006302753046,73.59570682364216
0.016892180886959485,3.048049442968121,52.915991037301154
0.01347304054556569,3.633495047432057,70.04043322526653
0.012817001791144901,0.06775654916707652,54.39186837767376
0.01118611501597043,5.843648781186662,50.23446605727276
0.014322308248521346,6.756748164273862,53.819315782218496
0.010070730867120594,6.382824074976002,96.13068509206893
0.01743609299683477,0.2225831024745304,80.09244360470213
0.014825055335590212,6.590292595096694,94.73913319916674
0.012694837288750574,4.869341615863432,62.04955629117959
0.010433837706758065,0.45653776199042756,78.20573503601491
0.010783823433495328,0.6872689983724705,60.43001523891327
0.012011608660073333,0.7587248871172658,64.23231636562645
0.014039767581791207,3.2294166627157894,92.44700535460218
0.015626488391330233,0.8397917002180224,71.04786652268317
0.013651789988254956,0.7585945090994359,59.39027948008814
0.014040188587469388,6.631560761662252,54.39030799292131
0.013261323426257132,3.1053033891598387,61.942770858770395
0.01932858288799469,4.294994313668234,51.584107128270645
0.012352087400822408,6.684950789894964,81.58970523383991
0.017662545024740215,0.2997541399014576,65.40892878503232
0.01198160025808862,7.549699342052335,62.128270046107176
0.012460140661291525,2.174413904731326,75.02127294719884
0.01113957970725599,2.7847573703132404,56.2260729066195
0.010718222554448893,4.805768404582739,64.57937088458836
0.012775078040695463,5.288290576117515,67.78627064359962
0.015972711253216046,2.617326831404552,59.08242574755848
0.01045911932242305,7.618762276523451,85.94473895458204
0.013360016567321829,4.859664846695327,61.35874835228509
0.021571016744999408,3.7740004464502417,69.78234390523711
0.010008086557745563,3.2806483225394616,57.57239021410908
0.012851945918140085,3.425381233477224,67.92105157500914
0.016832319415399543,6.497639904248544,76.75546506323688
0.016892180886959485,3.048049442968121,52.915991037301154
0.014593940666270944,3.226175163605304,68.07968485694096
0.012585442740581897,0.4573795458440426,62.35337470338473
0.01118611501597043,5.843648781186662,50.23446605727276
0.014322308248521346,6.756748164273862,53.819315782218496
0.010070730867120594,6.382824074976002,96.13068509206893
0.01743609299683477,0.2225831024745304,80.09244360470213
0.014514620239374474,5.740202960500569,90.2501085897028
0.012313977363317038,6.055339688899172,62.12135026658695
0.010266746117314773,3.183648604962825,86.45429460197637
0.010116927742473136,0.7723659357218948,59.7180556511705
0.01221346850545195,0.6527194648860369,63.571353752392646
0.014905955347328312,1.4558926158549976,98.01942401390662
0.015626488391330233,0.8397917002180224,71.04786652268317
0.013415291434772627,1.1300271249231644,61.816671362396725
0.013801969587273269,6.525853779823101,54.87244806442928
0.010713109886841411,3.5639129834885743,64.6309772700114
0.01932858288799469,4.294994313668234,51.584107128270645
0.011780731096136966,7.704883445503645,83.4291702315775
0.017662545024740215,0.2997541399014576,65.40892878503232
0.01198160025808862,7.549699342052335,62.128270046107176
0.012460140661291525,2.174413904731326,75.02127294719884
0.01113957970725599,2.7847573703132404,56.2260729066195
0.010718222554448893,4.805768404582739,64.57937088458836
0.011631693045712174,4.074266253676441,79.89330961122215
0.015972711253216046,2.617326831404552,59.08242574755848
0.01045911932242305,7.618762276523451,85.94473895458204
0.013449390824629976,5.187599306260804,61.186274148257304
0.021008981982461997,3.79097945093468,70.35408443623469
0.010008086557745563,3.2806483225394616,57.57239021410908
0.010534362153356656,5.585132032961496,65.30921354108663
0.016832319415399543,6.497639904248544,76.75546506323688
0.016892180886959485,3.048049442968121,52.915991037301154
0.014593940666270944,3.226175163605304,68.07968485694096
0.012585442740581897,0.4573795458440426,62.35337470338473
0.01118611501597043,5.843648781186662,50.23446605727276
0.014322308248521346,6.756748164273862,53.819315782218496
0.011261895119867192,5.551536668762268,88.74359711305294
0.017838835483623347,1.0892366186085476,74.02555871387379
0.014072283682027958,5.510734270836051,78.18135016811746
0.012313977363317038,6.055339688899172,62.12135026658695
0.01023334096916539,2.413501696122582,86.54277772457124
0.010116927742473136,0.7723659357218948,59.7180556511705
0.010831124195645397,0.12112796866280018,61.506274677481386
0.014905955347328312,1.4558926158549976,98.01942401390662
0.014881888354487456,1.678881536113484,67.55769634029119
0.013415291434772627,1.1300271249231644,61.816671362396725
0.014142403064709801,5.107467306463905,60.54965733107683
0.010713109886841411,3.5639129834885743,64.6309772700114
0.01932858288799469,4.294994313668234,51.584107128270645
0.011780731096136966,7.704883445503645,83.4291702315775
0.01610631138722484,1.0307191305495267,65.23471688262471
0.01198160025808862,7.549699342052335,62.128270046107176
0.011489722725249209,1.2148611765739696,74.6363639055991
0.01113957970725599,2.7847573703132404,56.2260729066195
0.010746970497121491,4.8695371720268605,63.69800062211712
0.010889783082672803,5.298959187124913,87.41251241905088
0.0168724975361968,3.5363419098463695,57.29624295650233
0.011321920322292097,7.0304970320467195,79.99599773626008
0.012667306820691789,7.103213110243346,57.707742929273465
0.022909944040917556,3.465371835464366,71.26964111685383
0.010008086557745563,3.2806483225394616,57.57239021410908
0.010534362153356656,5.585132032961496,65.30921354108663
0.016041671513153322,6.3633530889613255,78.45702152539718
0.01711926916175909,2.720328145898442,52.836168226303116
0.015326693732813477,5.659319319162865,71.85382854432567
0.013716635276603056,0.31303760202313713,63.56100489569995
0.01118611501597043,5.843648781186662,50.23446605727276
0.014322308248521346,6.756748164273862,53.819315782218496
0.011261080847769698,5.531473826681407,88.86226270358539
0.017016976484590794,1.1240585294112244,74.08762572475732
0.014072283682027958,5.510734270836051,78.18135016811746
0.012869363266350057,7.0274583579772845,55.602519499119666
0.01023334096916539,2.413501696122582,86.54277772457124
0.010075484947469598,0.8101554283012448,59.61429037174401
0.011062608320644277,0.46971183737347477,61.4393996910645
0.0146146059973086,1.4431710126467598,95.58309087822349
0.013817119325874662,0.74152238672733,75.06453579239391
0.013415291434772627,1.1300271249231644,61.816671362396725
0.014142403064709801,5.107467306463905,60.54965733107683
0.010713109886841411,3.5639129834885743,64.6309772700114
0.01932858288799469,4.294994313668234,51.584107128270645
0.01191643573067448,7.904349907479495,84.44461591276115
0.01637253841333936,1.4747846135944127,61.976112407797146
0.01198160025808862,7.549699342052335,62.128270046107176
0.0120885757144989,1.3328733409762261,74.45981986583963
0.01113957970725599,2.7847573703132404,56.2260729066195
0.01098689384364571,4.237064809154308,65.62256952972021
0.010889783082672803,5.298959187124913,87.41251241905088
0.016127643684153103,2.775570230825041,58.7748664446988
0.011321920322292097,7.0304970320467195,79.99599773626008
0.012667306820691789,7.103213110243346,57.707742929273465
0.022086188596436976,3.7810919284254574,69.59574612993657
0.010008086557745563,3.2806483225394616,57.57239021410908
0.010534362153356656,5.585132032961496,65.30921354108663
0.013946284274452547,5.262509843844395,73.02011026750876
0.016372491677691732,3.3191665613087773,54.77117631845531
0.014183943163049061,5.148240469531753,68.78533311841522
0.013716635276603056,0.31303760202313713,63.56100489569995
0.01118611501597043,5.843648781186662,50.23446605727276
0.014322308248521346,6.756748164273862,53.819315782218496
0.011215943140196853,5.53180682862475,89.0337593671352
0.015200228080892568,3.7098811822498394,65.99073108667342
0.014072283682027958,5.510734270836051,78.18135016811746
0.012869363266350057,7.0274583579772845,55.602519499119666
0.01023334096916539,2.413501696122582,86.54277772457124
0.010075484947469598,0.8101554283012448,59.61429037174401
0.011062608320644277,0.46971183737347477,61.4393996910645
0.014481847074819816,1.4407835559052333,98.12108733881067
0.015241969108134835,0.07677163547750743,70.50098054708296
0.013415291434772627,1.1300271249231644,61.816671362396725
0.014137325667201897,5.06092026240512,60.73960527300673
0.010713109886841411,3.5639129834885743,64.6309772700114
0.01932858288799469,4.294994313668234,51.584107128270645
0.01191643573067448,7.904349907479495,84.44461591276115
0.01637253841333936,1.4747846135944127,61.976112407797146
0.012137750567795124,7.928515181690992,61.673849838765996
0.0120885757144989,1.3328733409762261,74.45981986583963
0.01113957970725599,2.7847573703132404,56.2260729066195
0.010820469860635387,4.732832777599473,65.50732908833758
0.010889783082672803,5.298959187124913,87.41251241905088
0.016127643684153103,2.775570230825041,58.7748664446988
0.011321920322292097,7.0304970320467195,79.99599773626008
0.012667306820691789,7.103213110243346,57.707742929273465
0.02878753859190679,4.554298594472598,60.014251988509386
0.010008086557745563,3.2806483225394616,57.57239021410908
0.010480597420502025,5.018654101410204,69.10169382430598
0.014600588395713356,5.1969713298188935,69.15984943007494
0.016503530170781554,3.2754915249977676,53.517027034983265
0.014183943163049061,5.148240469531753,68.78533311841522
0.013716635276603056,0.31303760202313713,63.56100489569995
0.01118611501597043,5.843648781186662,50.23446605727276
0.012838623528688397,3.8951412870630002,57.28767247441342
0.011215943140196853,5.53180682862475,89.0337593671352
0.017195158598074134,1.014357689733175,72.54245783194013
0.014072283682027958,5.510734270836051,78.18135016811746
0.013383594595869231,6.356412958494282,56.10318855713193
0.01023334096916539,2.413501696122582,86.54277772457124
0.010075484947469598,0.8101554283012448,59.61429037174401
0.011062608320644277,0.46971183737347477,61.4393996910645
0.014481847074819816,1.4407835559052333,98.12108733881067
0.015311295394285647,0.446976861112546,68.63662517836488
0.013415291434772627,1.1300271249231644,61.816671362396725
0.012579129801804907,3.430249675767219,60.307914040532026
0.010713109886841411,3.5639129834885743,64.6309772700114
0.01822477774173694,4.385272422824728,53.76946360474093
0.011970881914301974,7.970931749419287,84.12477251787314
0.015622139107793375,2.1068951040432045,60.27726860112493
0.012137750567795124,7.928515181690992,61.673849838765996
0.012267758736773094,1.0587383958524257,77.90259292557883
0.010573511682560157,3.3276876600128604,54.61490452060404
0.010868630414701864,4.438826209103554,64.10658747889457
0.011315257039194889,7.169172858385957,87.9762322870642
0.016127643684153103,2.775570230825041,58.7748664446988
0.011321920322292097,7.0304970320467195,79.99599773626008
0.012646174834038336,7.160883845621026,57.60274021574769
0.03468571766831553,5.734480486926493,60.140322877584325
0.010008086557745563,3.2806483225394616,57.57239021410908
0.010480597420502025,5.018654101410204,69.10169382430598
0.014600588395713356,5.1969713298188935,69.15984943007494
0.016503530170781554,3.2754915249977676,53.517027034983265
0.014183943163049061,5.148240469531753,68.78533311841522
0.01326551341028712,0.7457200975595208,62.27700145876483
0.01118611501597043,5.843648781186662,50.23446605727276
0.012838623528688397,3.8951412870630002,57.28767247441342
0.011948564899794383,5.526401935846636,86.25022882978553
0.02020921120384779,0.9221232943217124,81.09516173946642
0.011916439590560858,7.1226695310436,77.15775596117817
0.013961103478244622,4.586038718430025,59.85800931634784
0.01023334096916539,2.413501696122582,86.54277772457124
0.010075484947469598,0.8101554283012448,59.61429037174401
0.011062608320644277,0.46971183737347477,61.4393996910645
0.01401888911306284,1.1762301925062904,84.47819852964216
0.01518066983511769,0.8474142086624994,67.78732990998628
0.013415291434772627,1.1300271249231644,61.816671362396725
0.011826089609738313,2.642184119293486,60.0992876054122
0.010713109886841411,3.5639129834885743,64.6309772700114
0.01713001840318618,4.233950957012068,53.89043108001569
0.011970881914301974,7.970931749419287,84.12477251787314
0.016087843079643505,2.3772299533735097,53.24750454235664
0.012137750567795124,7.928515181690992,61.673849838765996
0.012267758736773094,1.0587383958524257,77.90259292557883
0.010573511682560157,3.3276876600128604,54.61490452060404
0.012750400822694977,4.0503314926216225,60.5702119727453
0.011315257039194889,7.169172858385957,87.9762322870642
0.016127643684153103,2.775570230825041,58.7748664446988
0.011065153315388395,5.941470246917529,81.54020955474388
0.013094665209902497,6.483742156490007,54.01153970420825
0.03468571766831553,5.734480486926493,60.140322877584325
0.010008086557745563,3.2806483225394616,57.57239021410908
0.010480597420502025,5.018654101410204,69.10169382430598
0.01617780300281921,3.6120910528183456,78.4864534949446
0.016503530170781554,3.2754915249977676,53.517027034983265
0.014479823327262236,6.566550848407979,70.88204899071809
0.01326551341028712,0.7457200975595208,62.27700145876483
0.01223382045040676,5.193153198475903,52.04520611343824
0.010471947549359838,4.295290690770285,59.72263108579223
0.01217930813810997,4.080192291096208,90.76477989803745
0.02020921120384779,0.9221232943217124,81.09516173946642
0.011691098773336295,7.140100339311701,81.21283755138839
0.013961103478244622,4.586038718430025,59.85800931634784
0.010546778741758828,2.982349005224014,86.4893177230409
0.013212721446322554,2.332758781833725,57.06882079575705
0.011411222467440044,0.501686199448175,61.97678318313005
0.012969596443034689,0.904802067782029,75.42390846998802
0.01518066983511769,0.8474142086624994,67.78732990998628
0.013415291434772627,1.1300271249231644,61.816671362396725
0.011826089609738313,2.642184119293486,60.0992876054122
0.010713109886841411,3.5639129834885743,64.6309772700114
0.020561391789641593,5.899308550342809,51.106306720163595
0.011970881914301974,7.970931749419287,84.12477251787314
0.016087843079643505,2.3772299533735097,53.24750454235664
0.012137750567795124,7.928515181690992,61.673849838765996
0.011462814426348058,1.008732450956077,89.1861677315946
0.010573511682560157,3.3276876600128604,54.61490452060404
0.012436198108667125,3.946028223660898,59.71064878698877
0.01150532615454701,6.543152606970157,85.47162307713289
0.016127643684153103,2.775570230825041,58.7748664446988
0.011065153315388395,5.941470246917529,81.54020955474388
0.013094665209902497,6.483742156490007,54.01153970420825
0.034860343600606594,5.7737415567392505,60.12654412147367
0.010008086557745563,3.2806483225394616,57.57239021410908
0.010480597420502025,5.018654101410204,69.10169382430598
0.018231378532609453,3.847584196445987,76.45082897521505
0.016503530170781554,3.2754915249977676,53.517027034983265
0.014479823327262236,6.566550848407979,70.88204899071809
0.01326551341028712,0.7457200975595208,62.27700145876483
0.01223382045040676,5.193153198475903,52.04520611343824
0.010199131930804909,3.7002621214437035,59.40307172304805
0.013550834592987176,4.397580222286596,80.55323735134738
0.02020921120384779,0.9221232943217124,81.09516173946642
0.011691098773336295,7.140100339311701,81.21283755138839
0.016843827141122023,5.1596188169934365,56.03563990243565
0.010546778741758828,2.982349005224014,86.4893177230409
0.012866633490182728,3.1862029728212047,62.82605102683185
0.011411222467440044,0.501686199448175,61.97678318313005
0.012969596443034689,0.904802067782029,75.42390846998802
0.011960394648787079,0.7995705504124394,59.265001568247285
0.013381632056430635,1.1096064889263988,61.85441913744722
0.011811202694373997,3.1382185159082496,62.427709589182626
0.01078740613904302,3.099069894914586,63.2024195248325
0.0173545822922112,3.997914097494679,54.14820752503607
0.011986468534196973,7.728579105638049,82.93019282836357
0.021256198097163677,1.4864052090267281,51.96589703101447
0.012137750567795124,7.928515181690992,61.673849838765996
0.01148219106815248,3.5312946120703463,87.49309609500551
0.010525119773174543,3.3794106001698605,52.67204796057199
0.01227074785784043,3.3083875489403964,61.14263988489737
0.01131274168222812,5.827741482257208,85.6760909873783
0.016127643684153103,2.775570230825041,58.7748664446988
0.010995663284435447,6.04775152097177,82.26208674970744
0.013094665209902497,6.483742156490007,54.01153970420825
0.03062252511530001,5.6424881978003505,61.68665287068188
0.010008086557745563,3.2806483225394616,57.57239021410908
0.010480597420502025,5.018654101410204,69.10169382430598
0.01774777822135584,3.601152813791982,72.38753127030836
0.014400866933298251,2.130160404857208,57.010142393882205
0.013489473928695135,7.465210791787815,70.42581458159563
0.01326551341028712,0.7457200975595208,62.27700145876483
0.01223382045040676,5.193153198475903,52.04520611343824
0.010199131930804909,3.7002621214437035,59.40307172304805
0.013561093262024378,3.884714087214474,82.24640478350284
0.024139367474690768,0.01346152896117836,90.1577083924292
0.011691098773336295,7.140100339311701,81.21283755138839
0.015925385415105662,4.802926577034444,63.36887525570576
0.010394471062196545,2.4289570865149415,87.19161116283409
0.012866633490182728,3.1862029728212047,62.82605102683185
0.011411222467440044,0.501686199448175,61.97678318313005
0.012226518360603797,1.657039708536062,68.50774146887721
0.011960394648787079,0.7995705504124394,59.265001568247285
0.013381632056430635,1.1096064889263988,61.85441913744722
0.011811202694373997,3.1382185159082496,62.427709589182626
0.01078740613904302,3.099069894914586,63.2024195248325
0.01530864214478718,3.680619264281929,57.20399062174598
0.011986468534196973,7.728579105638049,82.93019282836357
0.02237669918180349,1.5902684577091108,50.52001296126715
0.012137750567795124,7.928515181690992,61.673849838765996
0.01181839216153523,3.5846486005728218,99.72507350040854
0.010525119773174543,3.3794106001698605,52.67204796057199
0.01174495204672824,5.116783823065851,50.39777846785456
0.011318453735733017,5.84385734015591,85.65281045884147
0.016127643684153103,2.775570230825041,58.7748664446988
0.010770696261694558,6.189854444487468,79.89894058254394
0.013094665209902497,6.483742156490007,54.01153970420825
0.029770178804780417,5.529019034062433,61.7202303590565
0.010008086557745563,3.2806483225394616,57.57239021410908
0.010271143964184897,6.329123858118107,73.12903502133403
0.02072386842574027,3.8332283972564785,77.38053230396717
0.014400866933298251,2.130160404857208,57.010142393882205
0.013489473928695135,7.465210791787815,70.42581458159563
0.01326551341028712,0.7457200975595208,62.27700145876483
0.01223382045040676,5.193153198475903,52.04520611343824
0.010199131930804909,3.7002621214437035,59.40307172304805
0.014940301217088075,4.122191819970863,68.41344230272345
0.024139367474690768,0.01346152896117836,90.1577083924292
0.011691098773336295,7.140100339311701,81.21283755138839
0.014257489222836671,5.723545219220727,70.39765702838329
0.010394471062196545,2.4289570865149415,87.19161116283409
0.013585276636343386,1.9432131428947397,52.20086907121492
0.011411222467440044,0.501686199448175,61.97678318313005
0.012615717636554235,1.8991913262568565,71.58587806896162
0.011960394648787079,0.7995705504124394,59.265001568247285
0.01392185243180639,0.20309614429774303,59.896277185322504
0.010921876550266385,0.8453189668982466,58.18946506254764
0.01078740613904302,3.099069894914586,63.2024195248325
0.013636951334984314,3.4655960416536673,59.42186167687467
0.011916761285251935,7.4594435274150195,81.78332273189628
0.021046023778117047,1.791150328435808,50.76163983163705
0.011726129112120292,7.0301754842932604,60.881119730576984
0.01181839216153523,3.5846486005728218,99.72507350040854
0.010525119773174543,3.3794106001698605,52.67204796057199
0.01174495204672824,5.116783823065851,50.39777846785456
0.011326582477262807,5.849928017517398,85.59579748670858
0.016127643684153103,2.775570230825041,58.7748664446988
0.011216921448998723,7.8921158239984415,92.96285659150813
0.013094665209902497,6.483742156490007,54.01153970420825
0.029770178804780417,5.529019034062433,61.7202303590565
0.010008086557745563,3.2806483225394616,57.57239021410908
0.010271143964184897,6.329123858118107,73.12903502133403
0.02232227750566782,3.8778450120581764,73.36999805789164
0.014400866933298251,2.130160404857208,57.010142393882205
0.013739900504547578,7.553612653563011,70.21547000973287
0.01326551341028712,0.7457200975595208,62.27700145876483
0.01241671171673507,4.652501206247388,52.89583711225374
0.010199131930804909,3.7002621214437035,59.40307172304805
0.012958102224020687,3.3838606308762844,76.60162050953744
0.019133322246678908,0.3365837964781153,77.45956957659766
0.011691098773336295,7.140100339311701,81.21283755138839
0.013333674890327787,7.136890242688588,76.91929303601145
0.010818070738691518,2.5867398590521384,85.44178198240343
0.013660768294111926,1.946640762994908,50.691516401169864
0.011411222467440044,0.501686199448175,61.97678318313005
0.012970565099251243,0.5879836409442598,80.22028378121162
0.011960394648787079,0.7995705504124394,59.265001568247285
0.01392185243180639,0.20309614429774303,59.896277185322504
0.010921876550266385,0.8453189668982466,58.18946506254764
0.01078740613904302,3.099069894914586,63.2024195248325
0.015665781357712318,3.568996831765081,60.4558663753613
0.011523491826224426,7.173570542980413,78.6645843969189
0.021046023778117047,1.791150328435808,50.76163983163705
0.011726129112120292,7.0301754842932604,60.881119730576984
0.01179510474895862,4.454307760917127,89.92076740733043
0.010410342157855827,3.492379759435122,55.041985595346134
0.01174495204672824,5.116783823065851,50.39777846785456
0.011326582477262807,5.849928017517398,85.59579748670858
0.015148161426717079,3.270976938627718,57.22312554170337
0.011216921448998723,7.8921158239984415,92.96285659150813
0.013094665209902497,6.483742156490007,54.01153970420825
0.029770178804780417,5.529019034062433,61.7202303590565
0.010008086557745563,3.2806483225394616,57.57239021410908
0.010540037757011655,6.458684239539934,70.86551473631546
0.022949012142236762,4.902565885297213,84.47236811995154
0.014400866933298251,2.130160404857208,57.010142393882205
0.013739900504547578,7.553612653563011,70.21547000973287
0.013293697322538447,0.6312530141079842,61.938027258249505
0.012410708453964537,4.6355377241386275,52.78205362733307
0.010199131930804909,3.7002621214437035,59.40307172304805
0.014850446311938999,5.743026597439379,93.7127560555812
0.019133322246678908,0.3365837964781153,77.45956957659766
0.011553227234725277,7.204574033030788,83.88480568107829
0.014818301603644713,7.106806791602548,75.48788743493878
0.010818070738691518,2.5867398590521384,85.44178198240343
0.013660768294111926,1.946640762994908,50.691516401169864
0.011389330788922824,0.48981162045798554,62.08488307117665
0.012970565099251243,0.5879836409442598,80.22028378121162
0.011960394648787079,0.7995705504124394,59.265001568247285
0.01392185243180639,0.20309614429774303,59.896277185322504
0.010921876550266385,0.8453189668982466,58.18946506254764
0.010651556966873145,3.0789242466144495,62.96482714534052
0.015665781357712318,3.568996831765081,60.4558663753613
0.011523491826224426,7.173570542980413,78.6645843969189
0.021046023778117047,1.791150328435808,50.76163983163705
0.011683097024827062,6.699250476184937,60.7371008935454
0.011949708178303048,2.906489832507763,96.32784287789316
0.010410342157855827,3.492379759435122,55.041985595346134
0.01174495204672824,5.116783823065851,50.39777846785456
0.011326582477262807,5.849928017517398,85.59579748670858
0.015257415566336287,3.265871388305113,57.273422641424865
0.011216921448998723,7.8921158239984415,92.96285659150813
0.013094665209902497,6.483742156490007,54.01153970420825
0.029770178804780417,5.529019034062433,61.7202303590565
0.010008086557745563,3.2806483225394616,57.57239021410908
0.01073774447999771,6.553944744330522,69.20123988170101
0.027396040879648573,6.852638746364736,99.12162854960117
0.014971741038305161,1.4044414512714112,58.19389572414998
0.01324139590121047,6.9828198918456446,68.52657727061926
0.013293697322538447,0.6312530141079842,61.938027258249505
0.011913911998056689,2.619063205490245,57.30693492814742
0.010199131930804909,3.7002621214437035,59.40307172304805
0.014850446311938999,5.743026597439379,93.7127560555812
0.016704755917005782,0.4591299787455244,71.0045154338035
0.011553227234725277,7.204574033030788,83.88480568107829
0.014691468593471152,7.1288298703369515,73.31081732686074
0.011026820269848367,3.9440833971005476,83.43626096307152
0.013660768294111926,1.946640762994908,50.691516401169864
0.011445169447783217,1.216325901331797,60.24980647581826
0.012970565099251243,0.5879836409442598,80.22028378121162
0.01218318968583397,0.7897560655610819,59.49573822654334
0.01392185243180639,0.20309614429774303,59.896277185322504
0.010188406337905749,0.8776295263413656,57.4298500010857
0.010651556966873145,3.0789242466144495,62.96482714534052
0.015138864378801534,5.146168892765481,55.10610853601223
0.011523491826224426,7.173570542980413,78.6645843969189
0.026456773157225517,1.6772314837770042,50.81301521176886
0.011683097024827062,6.699250476184937,60.7371008935454
0.011949708178303048,2.906489832507763,96.32784287789316
0.010410342157855827,3.492379759435122,55.041985595346134
0.01174495204672824,5.116783823065851,50.39777846785456
0.011149642800472075,4.79236714192343,86.9315545563595
0.015857493674328774,3.7492004134971912,56.83963443472933
0.011216921448998723,7.8921158239984415,92.96285659150813
0.013094665209902497,6.483742156490007,54.01153970420825
0.029770178804780417,5.529019034062433,61.7202303590565
0.010008086557745563,3.2806483225394616,57.57239021410908
0.010868671466194094,6.574068920917144,68.02899550099058
0.02438388835187759,5.754254446131935,91.63755122406636
0.014122307421818829,1.2171992727393535,58.5904560327574
0.014394640748725785,7.180370577180108,68.2158106944701
0.013293697322538447,0.6312530141079842,61.938027258249505
0.011712879345573865,2.9193391693420505,63.228360586121454
0.010025417724048998,3.8712392569692478,62.989936941867725
0.014850446311938999,5.743026597439379,93.7127560555812
0.016704755917005782,0.4591299787455244,71.0045154338035
0.011613484855931538,6.923272017821676,83.72900982035169
0.013192790601789121,5.855831319366816,66.91551542173771
0.011026820269848367,3.9440833971005476,83.43626096307152
0.019785172749638657,1.8176965020593197,50.749667977770045
0.011434470256334222,0.4025393157094248,57.734264450795834
0.011973407036584886,0.9114969002508271,72.24341524578878
0.01218318968583397,0.7897560655610819,59.49573822654334
0.013524599325994447,0.3656153970561298,59.95298230646675
0.010258878210591281,1.4677505469285501,58.52786546767906
0.010651556966873145,3.0789242466144495,62.96482714534052
0.018471615398937692,5.1750244174332005,59.729590318231516
0.011523491826224426,7.173570542980413,78.6645843969189
0.026456773157225517,1.6772314837770042,50.81301521176886
0.011683097024827062,6.699250476184937,60.7371008935454
0.01295750645248769,3.2570353343484895,90.67249475348186
0.010410342157855827,3.492379759435122,55.041985595346134
0.01174495204672824,5.116783823065851,50.39777846785456
0.010717820738520914,2.8085631153120847,89.91302088766027
0.018409940072143558,3.250242947606963,55.38834498137841
0.011216921448998723,7.8921158239984415,92.96285659150813
0.015075618983201778,5.278646912159329,54.52466229515525
0.023908999138486618,5.033398544787132,68.51098542953396
0.010008086557745563,3.2806483225394616,57.57239021410908
0.010930339944686819,6.307094839548327,67.6783142787109
0.021840815139113186,4.492320668856266,84.21752784313583
0.014122307421818829,1.2171992727393535,58.5904560327574
0.014394640748725785,7.180370577180108,68.2158106944701
0.013293697322538447,0.6312530141079842,61.938027258249505
0.011733831230862125,2.07532918402877,58.906921312816564
0.010025417724048998,3.8712392569692478,62.989936941867725
0.014850446311938999,5.743026597439379,93.7127560555812
0.01677997127139473,0.2448021471667694,70.08341339062287
0.011613484855931538,6.923272017821676,83.72900982035169
0.013310771849433538,7.158975596599691,55.00277897032913
0.011026820269848367,3.9440833971005476,83.43626096307152
0.019785172749638657,1.8176965020593197,50.749667977770045
0.011434470256334222,0.4025393157094248,57.734264450795834
0.012049758968240972,0.41490739032218293,72.50163081443776
0.01218318968583397,0.7897560655610819,59.49573822654334
0.013524599325994447,0.3656153970561298,59.95298230646675
0.010258878210591281,1.4677505469285501,58.52786546767906
0.010651556966873145,3.0789242466144495,62.96482714534052
0.018471615398937692,5.1750244174332005,59.729590318231516
0.011523491826224426,7.173570542980413,78.6645843969189
0.026456773157225517,1.6772314837770042,50.81301521176886
0.011683097024827062,6.699250476184937,60.7371008935454
0.013007850065366519,3.813098203051139,85.58922767323583
0.010257226323900933,3.4117856408551437,56.00516675016163
0.01174495204672824,5.116783823065851,50.39777846785456
0.010717820738520914,2.8085631153120847,89.91302088766027
0.010433008050983433,4.809590007848534,59.9239298705726
0.011216921448998723,7.8921158239984415,92.96285659150813
0.015075618983201778,5.278646912159329,54.52466229515525
0.023908999138486618,5.033398544787132,68.51098542953396
0.010008086557745563,3.2806483225394616,57.57239021410908
0.011031605336939785,7.0369325550205275,69.05832410069723
0.017384446324048747,4.035988148333086,74.18260144500401
0.013670393386854286,1.5364538362317273,59.46034469270763
0.014394640748725785,7.180370577180108,68.2158106944701
0.013388943539421393,0.6206950420073234,62.1605620405244
0.011733831230862125,2.07532918402877,58.906921312816564
0.010106359089968446,3.0379433873171005,61.44292500293038
0.014850446311938999,5.743026597439379,93.7127560555812
0.01664248572330064,0.011835935404474363,69.8890865834319
0.011562545212629505,7.623232697840281,96.64387493327033
0.013310771849433538,7.158975596599691,55.00277897032913
0.0108326679265273,3.627034990324832,92.36846394131604
0.019785172749638657,1.8176965020593197,50.749667977770045
0.011434470256334222,0.4025393157094248,57.734264450795834
0.012049758968240972,0.41490739032218293,72.50163081443776
0.012295246991382692,0.637199908427533,59.698828296790566
0.013524599325994447,0.3656153970561298,59.95298230646675
0.010258878210591281,1.4677505469285501,58.52786546767906
0.010651556966873145,3.0789242466144495,62.96482714534052
0.01823909730309743,4.497360672626152,61.15273315676467
0.01052395650034936,7.181732758356485,91.89743548389802
0.026456773157225517,1.6772314837770042,50.81301521176886
0.012141692925636065,6.545227048014552,60.7661746037446
0.01313177157486725,3.94289312709149,86.1355654298034
0.010257226323900933,3.4117856408551437,56.00516675016163
0.01174495204672824,5.116783823065851,50.39777846785456
0.010717820738520914,2.8085631153120847,89.91302088766027
0.010433008050983433,4.809590007848534,59.9239298705726
0.011216921448998723,7.8921158239984415,92.96285659150813
0.014734005913543766,5.166044540120138,56.96404757185306
0.01937995893367608,4.650423572161,73.75832546793634
0.010008086557745563,3.2806483225394616,57.57239021410908
0.01103091735927344,6.592255164845901,71.12552593098499
0.016516507981301345,4.500627152927735,74.84633034051944
0.013670393386854286,1.5364538362317273,59.46034469270763
0.014535553111958694,6.736015454491272,76.09819545679451
0.013388943539421393,0.6206950420073234,62.1605620405244
0.012665655360415935,1.5241755762117237,57.4549090960127
0.010106359089968446,3.0379433873171005,61.44292500293038
0.014850446311938999,5.743026597439379,93.7127560555812
0.016642833228547406,0.011428717154147172,69.88783660709987
0.011562545212629505,7.623232697840281,96.64387493327033
0.013301753945606065,7.2999664862625515,54.89100062891678
0.010832407531775952,3.6251792567707124,92.36289667846437
0.019785172749638657,1.8176965020593197,50.749667977770045
0.012028692814696953,1.2425630736078515,57.61471533933747
0.012049758968240972,0.41490739032218293,72.50163081443776
0.012200160666943273,0.5510980358126794,64.65781333543751
0.013524599325994447,0.3656153970561298,59.95298230646675
0.010294903852067851,1.6155649247954786,58.934926934813724
0.010645153857687314,3.0526520815141227,62.89247703823409
0.01823909730309743,4.497360672626152,61.15273315676467
0.01052395650034936,7.181732758356485,91.89743548389802
0.026456773157225517,1.6772314837770042,50.81301521176886
0.011529816970870105,5.1219023348283965,61.668979891528174
0.01313177157486725,3.94289312709149,86.1355654298034
0.010257226323900933,3.4117856408551437,56.00516675016163
0.01174495204672824,5.116783823065851,50.39777846785456
0.010717820738520914,2.8085631153120847,89.91302088766027
0.010433008050983433,4.809590007848534,59.9239298705726
0.011216921448998723,7.8921158239984415,92.96285659150813
0.014684422222905572,4.996839591805896,57.08042042481929
0.023200861727306288,6.85820721898724,74.41338373850671
0.010008086557745563,3.2806483225394616,57.57239021410908
0.010814799709731098,7.229195323216307,75.22199434934207
0.01911461550692848,4.176937611665806,81.7118396126469
0.013670393386854286,1.5364538362317273,59.46034469270763
0.014535553111958694,6.736015454491272,76.09819545679451
0.012330407273429192,1.5712822879933632,62.47156808894209
0.012665655360415935,1.5241755762117237,57.4549090960127
0.010106359089968446,3.0379433873171005,61.44292500293038
0.014850446311938999,5.743026597439379,93.7127560555812
0.014737108551647827,1.9162057006465307,66.82450231097893
0.011390883312336356,7.7036024942038175,97.55639336469645
0.013301753945606065,7.2999664862625515,54.89100062891678
0.010832407531775952,3.6251792567707124,92.36289667846437
0.02008044709407692,1.8315630251329993,50.44433976067555
0.012028692814696953,1.2425630736078515,57.61471533933747
0.012049758968240972,0.41490739032218293,72.50163081443776
0.012200160666943273,0.5510980358126794,64.65781333543751
0.013098317032214637,1.503671796416755,57.66420617801014
0.010294903852067851,1.6155649247954786,58.934926934813724
0.010334390703189636,2.4694031748553633,66.4230265344238
0.01823909730309743,4.497360672626152,61.15273315676467
0.01052395650034936,7.181732758356485,91.89743548389802
0.01980365669437384,2.977796358878415,54.59589494735053
0.011529816970870105,5.1219023348283965,61.668979891528174
0.01445998031838405,1.2035705841600208,81.39991134752992
0.010257226323900933,3.4117856408551437,56.00516675016163
0.01174495204672824,5.116783823065851,50.39777846785456
0.010717820738520914,2.8085631153120847,89.91302088766027
0.010433008050983433,4.809590007848534,59.9239298705726
0.011216921448998723,7.8921158239984415,92.96285659150813
0.014015729514287069,5.348007520353355,62.676400696845675
0.023200861727306288,6.85820721898724,74.41338373850671
0.010008086557745563,3.2806483225394616,57.57239021410908
0.010814799709731098,7.229195323216307,75.22199434934207
0.01911461550692848,4.176937611665806,81.7118396126469
0.0159413087496714,0.9013677206884654,54.72064192262723
0.014680784434199358,6.885420661683038,75.57266219055303
0.011579755040825335,1.5907929790453637,64.15843748453209
0.012665655360415935,1.5241755762117237,57.4549090960127
0.010106359089968446,3.0379433873171005,61.44292500293038
0.013929094075161914,6.091061056039235,96.52281043332185
0.014904898765577629,1.9275614538158612,67.12250603428939
0.011297621013687429,7.185541345644564,94.26990226972572
0.013301753945606065,7.2999664862625515,54.89100062891678
0.010832407531775952,3.6251792567707124,92.36289667846437
0.02008044709407692,1.8315630251329993,50.44433976067555
0.012028692814696953,1.2425630736078515,57.61471533933747
0.012049758968240972,0.41490739032218293,72.50163081443776
0.01375983703830655,0.804529304671679,61.844664461404
0.014223999446638783,1.439090446583854,52.850150500068196
0.010294903852067851,1.6155649247954786,58.934926934813724
0.010334390703189636,2.4694031748553633,66.4230265344238
0.022789940902821562,4.073739764651568,60.80256770943762
0.01052395650034936,7.181732758356485,91.89743548389802
0.01991835777979865,2.5028008110858146,52.87550332024411
0.011529816970870105,5.1219023348283965,61.668979891528174
0.014337518518209483,1.1216586529703951,81.40413262199911
0.010257182375031872,3.4118394577797466,56.00512681836469
0.01174495204672824,5.116783823065851,50.39777846785456
0.010713934332957732,2.631407497025048,90.50175973026597
0.010433008050983433,4.809590007848534,59.9239298705726
0.011216921448998723,7.8921158239984415,92.96285659150813
0.013885247774936719,5.0784173651599005,62.34401755081314
0.02363721685155853,7.356627875555898,76.95884764192262
0.010008086557745563,3.2806483225394616,57.57239021410908
0.010814799709731098,7.229195323216307,75.22199434934207
0.018938157255733508,4.198921955969414,81.24554799547064
0.016976983342906246,0.4439542168781867,54.48659364031781
0.014680784434199358,6.885420661683038,75.57266219055303
0.011579755040825335,1.5907929790453637,64.15843748453209
0.013072735814470373,0.23476305420047971,55.94460105514614
0.010106359089968446,3.0379433873171005,61.44292500293038
0.014225513935959683,6.410021888034613,97.07791784768396
0.013763381069140736,2.6632428033908964,65.28496066377888
0.01037113223662243,7.570885858527399,93.47669858472946
0.013301753945606065,7.2999664862625515,54.89100062891678
0.010832407531775952,3.6251792567707124,92.36289667846437
0.02008044709407692,1.8315630251329993,50.44433976067555
0.012028692814696953,1.2425630736078515,57.61471533933747
0.01111529124905394,1.6761725024905172,67.18414381015458
0.01375983703830655,0.804529304671679,61.844664461404
0.014223999446638783,1.439090446583854,52.850150500068196
0.010294903852067851,1.6155649247954786,58.934926934813724
0.010334390703189636,2.4694031748553633,66.4230265344238
0.022340481480937938,2.3322469314899035,52.23205151684473
0.01052395650034936,7.181732758356485,91.89743548389802
0.01991835777979865,2.5028008110858146,52.87550332024411
0.011529816970870105,5.1219023348283965,61.668979891528174
0.012725134471695333,0.043171395057733264,81.45971171360466
0.010257182375031872,3.4118394577797466,56.00512681836469
0.01174495204672824,5.116783823065851,50.39777846785456
0.010713934332957732,2.631407497025048,90.50175973026597
0.010433008050983433,4.809590007848534,59.9239298705726
0.011216921448998723,7.8921158239984415,92.96285659150813
0.013342642322916824,3.845928793960469,53.321259616553185
0.02363721685155853,7.356627875555898,76.95884764192262
0.010008086557745563,3.2806483225394616,57.57239021410908
0.010814799709731098,7.229195323216307,75.22199434934207
0.021930924811667536,2.7674320931198686,76.70389405731467
0.016976983342906246,0.4439542168781867,54.48659364031781
0.014680784434199358,6.885420661683038,75.57266219055303
0.011579755040825335,1.5907929790453637,64.15843748453209
0.013072735814470373,0.23476305420047971,55.94460105514614
0.010106359089968446,3.0379433873171005,61.44292500293038
0.014023382114703149,6.23571126475617,95.83732461564558
0.013907262811691565,2.6395873000246395,65.58046293995913
0.01037113223662243,7.570885858527399,93.47669858472946
0.013301753945606065,7.2999664862625515,54.89100062891678
0.010832407531775952,3.6251792567707124,92.36289667846437
0.02008044709407692,1.8315630251329993,50.44433976067555
0.011925808321960656,1.3386529410791184,57.81960349390729
0.011108073425495479,1.6161746093538056,67.28017519726907
0.01375983703830655,0.804529304671679,61.844664461404
0.014223999446638783,1.439090446583854,52.850150500068196
0.010294903852067851,1.6155649247954786,58.934926934813724
0.010334390703189636,2.4694031748553633,66.4230265344238
0.022340481480937938,2.3322469314899035,52.23205151684473
0.010521206135776713,7.213445470439968,91.89328510718002
0.020468506468502075,2.654509619342546,52.07427645949259
0.011529816970870105,5.1219023348283965,61.668979891528174
0.01279123425929561,0.8750416940855246,78.41405294041022
0.010257182375031872,3.4118394577797466,56.00512681836469
0.01174495204672824,5.116783823065851,50.39777846785456
0.010713934332957732,2.631407497025048,90.50175973026597
0.010433008050983433,4.809590007848534,59.9239298705726
0.011216921448998723,7.8921158239984415,92.96285659150813
0.012658634107674815,4.761405923862894,59.24737321196593
0.020877450169600163,4.492258867819659,67.64713540517191
0.010008086557745563,3.2806483225394616,57.57239021410908
0.010819075238594015,7.229424684333531,74.97921456415412
0.023356907548197803,2.0184243497720837,80.30850566432376
0.016004594642640806,0.5529387353833958,56.71058479420079
0.01459143257645661,6.601205649229009,75.70702408548696
0.010146577333923613,2.8925055613410575,72.04325922272012
0.013072735814470373,0.23476305420047971,55.94460105514614
0.010106359089968446,3.0379433873171005,61.44292500293038
0.014630566981699355,6.066197962966652,96.52111695469004
0.013907262811691565,2.6395873000246395,65.58046293995913
0.01037113223662243,7.570885858527399,93.47669858472946
0.013138177784133908,7.346426581182762,57.87812216919199
0.010904958655459507,3.4100304270249406,98.25545189254758
0.018086326434820135,2.0925787061876058,55.33375412968932
0.011925808321960656,1.3386529410791184,57.81960349390729
0.011108073425495479,1.6161746093538056,67.28017519726907
0.012105942261689987,4.106924295107432,77.28302781023415
0.014223999446638783,1.439090446583854,52.850150500068196
0.010166369196540416,0.5783188015543494,52.51860551570613
0.010612370786731553,4.1774525798091116,74.7825587223851
0.022340481480937938,2.3322469314899035,52.23205151684473
0.010521206135776713,7.213445470439968,91.89328510718002
0.0190979258331087,3.5317759477249564,53.15944451716619
0.011529816970870105,5.1219023348283965,61.668979891528174
0.01279123425929561,0.8750416940855246,78.41405294041022
0.010257182375031872,3.4118394577797466,56.00512681836469
0.011759165257127226,5.115811854118373,50.424624215436296
0.010885427911054017,0.16033504093758655,89.01348730071064
0.010433008050983433,4.809590007848534,59.9239298705726
0.011148931839499108,7.778865752422193,89.88955649000185
0.011818180465371211,3.9613916413248353,52.09009646990833
0.020877450169600163,4.492258867819659,67.64713540517191
0.010008086557745563,3.2806483225394616,57.57239021410908
0.010819075238594015,7.229424684333531,74.97921456415412
0.023356907548197803,2.0184243497720837,80.30850566432376
0.016004594642640806,0.5529387353833958,56.71058479420079
0.014479178268967285,5.024130474923563,68.72403233138377
0.010146577333923613,2.8925055613410575,72.04325922272012
0.013072735814470373,0.23476305420047971,55.94460105514614
0.010106359089968446,3.0379433873171005,61.44292500293038
0.013827837414493938,5.582465669433921,89.75736855726014
0.013900350989922927,2.6196697699418716,65.50065562377068
0.010346686462685491,7.637267618278787,93.81631213096195
0.013138177784133908,7.346426581182762,57.87812216919199
0.010904958655459507,3.4100304270249406,98.25545189254758
0.017292403632898315,2.111152438221621,50.99173290012239
0.011925808321960656,1.3386529410791184,57.81960349390729
0.011108073425495479,1.6161746093538056,67.28017519726907
0.012105942261689987,4.106924295107432,77.28302781023415
0.013734115076345952,1.6828919990086075,51.78805259736451
0.010166369196540416,0.5783188015543494,52.51860551570613
0.010593880849503941,4.135814306278595,74.29512139299169
0.022340481480937938,2.3322469314899035,52.23205151684473
0.010521206135776713,7.213445470439968,91.89328510718002
0.01987799349749435,3.8006621275322656,53.35888825974944
0.011529816970870105,5.1219023348283965,61.668979891528174
0.01279123425929561,0.8750416940855246,78.41405294041022
0.010257182375031872,3.4118394577797466,56.00512681836469
0.01188504363676814,5.088641615884629,50.471533328307146
0.010834053122851761,0.3430523303511852,87.17237984854339
0.010433008050983433,4.809590007848534,59.9239298705726
0.011629911725695365,7.674306261460038,82.1495100276079
0.011818180465371211,3.9613916413248353,52.09009646990833
0.023783721267958517,5.792324788037349,63.7773919308238
0.010008086557745563,3.2806483225394616,57.57239021410908
0.010819075238594015,7.229424684333531,74.97921456415412
0.02248288744608781,1.9897216703438039,79.3788643114351
0.016004594642640806,0.5529387353833958,56.71058479420079
0.016650088773183764,5.891140171053495,82.29442537693235
0.010657852280033566,2.6883132826528136,70.70505691312685
0.012850638521301631,0.8944980929453932,55.26222778600139
0.010106359089968446,3.0379433873171005,61.44292500293038
0.013755247959905296,5.538722589835273,89.14573441893693
0.013900350989922927,2.6196697699418716,65.50065562377068
0.010346686462685491,7.637267618278787,93.81631213096195
0.013138177784133908,7.346426581182762,57.87812216919199
0.010904958655459507,3.4100304270249406,98.25545189254758
0.017292403632898315,2.111152438221621,50.99173290012239
0.012377188685012263,2.374942372867936,65.54874637277715
0.010272422338424878,1.594944001997105,72.21003192191338
0.011602942810127147,6.479103134944169,76.45286340999296
0.01352636157422502,1.67761379965154,53.01367776000222
0.010166369196540416,0.5783188015543494,52.51860551570613
0.010478378243253893,4.18877672177359,74.60233230788994
0.020971037766279593,3.01527778231637,56.05727057170055
0.010390192676009359,7.7614133593253225,95.07148813083779
0.0230576018031612,6.466663915405338,50.60753665916163
0.011511582380869141,4.656922534435981,57.93797449883056
0.012741008709072648,0.947002146402645,78.33127832550262
0.010257182375031872,3.4118394577797466,56.00512681836469
0.011420366424339844,6.021852309901877,61.15492790103666
0.010834053122851761,0.3430523303511852,87.17237984854339
0.010433008050983433,4.809590007848534,59.9239298705726
0.011629911725695365,7.674306261460038,82.1495100276079
0.011818180465371211,3.9613916413248353,52.09009646990833
0.028002176246077877,6.7899069518601785,61.55094560119611
0.010356981550023714,2.987772105463295,57.28884074417869
0.010819075238594015,7.229424684333531,74.97921456415412
0.02083166604232627,2.08727143713387,78.16767328941543
0.016004594642640806,0.5529387353833958,56.71058479420079
0.016569498229078626,5.941543220072888,82.72018563477451
0.010515687225871657,2.738404159831857,71.58185235548282
0.012850638521301631,0.8944980929453932,55.26222778600139
0.010106359089968446,3.0379433873171005,61.44292500293038
0.012145973806353044,6.101504297122322,96.5251635706934
0.014111040532807536,2.923646932530041,63.168921435684176
0.010346686462685491,7.637267618278787,93.81631213096195
0.013138177784133908,7.346426581182762,57.87812216919199
0.011175239459132562,3.573213511898412,84.59216743081363
0.014653566632577586,2.915744660688799,60.135303661049505
0.012772561057275677,1.3031426297409237,59.674312608583534
0.011453449101081458,1.751735524953885,70.42691862337028
0.010907716371013655,4.880538881211836,69.48011214356305
0.013391962482607421,1.7386069761727576,52.81318776028293
0.010166369196540416,0.5783188015543494,52.51860551570613
0.010478378243253893,4.18877672177359,74.60233230788994
0.019952362442274572,2.747311568707609,58.44773321210951
0.010390192676009359,7.7614133593253225,95.07148813083779
0.0230576018031612,6.466663915405338,50.60753665916163
0.011511582380869141,4.656922534435981,57.93797449883056
0.01295197128245924,0.25789952153322737,84.33012728872612
0.010589450975499215,4.443567874392104,62.333364511263426
0.011420366424339844,6.021852309901877,61.15492790103666
0.011377731596726384,0.49172403592948943,78.56929128715349
0.010433008050983433,4.809590007848534,59.9239298705726
0.011629911725695365,7.674306261460038,82.1495100276079
0.011818180465371211,3.9613916413248353,52.09009646990833
0.021724779839578726,5.473813789311415,61.51305472929761
0.010356981550023714,2.987772105463295,57.28884074417869
0.010819075238594015,7.229424684333531,74.97921456415412
0.020923119463559386,2.0403038224395704,78.1967961672601
0.016004594642640806,0.5529387353833958,56.71058479420079
0.015703112416313322,5.724517412025433,79.76655469511567
0.010515687225871657,2.738404159831857,71.58185235548282
0.013200981792359047,0.1263737378829246,54.66429020479353
0.010027550143716804,2.9954296152249946,61.873511144540124
0.012145973806353044,6.101504297122322,96.5251635706934
0.014111040532807536,2.923646932530041,63.168921435684176
0.010346686462685491,7.637267618278787,93.81631213096195
0.01320684053192755,7.432578004405544,55.20365994555049
0.011849574450574088,3.910904599967243,99.19655595250765
0.01762170840276012,1.9656621511691128,62.506256911407945
0.013312884981822853,0.9595230033802116,56.82349812430928
0.010614954703355989,0.9678721671779851,68.58412969115439
0.010321424642824584,4.302434600693591,56.67478629803032
0.013391962482607421,1.7386069761727576,52.81318776028293
0.010166369196540416,0.5783188015543494,52.51860551570613
0.010478378243253893,4.18877672177359,74.60233230788994
0.019952362442274572,2.747311568707609,58.44773321210951
0.010390192676009359,7.7614133593253225,95.07148813083779
0.0230576018031612,6.466663915405338,50.60753665916163
0.012082942252891216,4.78911875999353,55.21455627408928
0.01295197128245924,0.25789952153322737,84.33012728872612
0.010589450975499215,4.443567874392104,62.333364511263426
0.011420366424339844,6.021852309901877,61.15492790103666
0.01184605344494182,0.6197890803988225,71.15863493595072
0.010614928389511493,5.796271710302767,59.07795715465655
0.011629911725695365,7.674306261460038,82.1495100276079
0.011818180465371211,3.9613916413248353,52.09009646990833
0.022002469576789415,5.680671342786569,59.240920468467586
0.010356981550023714,2.987772105463295,57.28884074417869
0.010803607742983235,7.3289735443393225,75.0367569718358
0.02261059357278533,2.304384952184687,79.5052271988327
0.016004594642640806,0.5529387353833958,56.71058479420079
0.01614465627447023,5.55523593607686,78.49459884252137
0.010515687225871657,2.738404159831857,71.58185235548282
0.01284627580528166,1.8304968785232578,60.8697244716392
0.010027550143716804,2.9954296152249946,61.873511144540124
0.012178813812972967,5.863409234540175,96.02828227254744
0.014111040532807536,2.923646932530041,63.168921435684176
0.010346686462685491,7.637267618278787,93.81631213096195
0.01320684053192755,7.432578004405544,55.20365994555049
0.012665673650985908,3.735233172758392,94.11877248489228
0.022869502583475445,2.7129692060767194,57.95415949611077
0.013312884981822853,0.9595230033802116,56.82349812430928
0.010614954703355989,0.9678721671779851,68.58412969115439
0.010321424642824584,4.302434600693591,56.67478629803032
0.013391962482607421,1.7386069761727576,52.81318776028293
0.010166369196540416,0.5783188015543494,52.51860551570613
0.012277422923905419,3.8087590265616877,77.2813977778802
0.01838791263983671,2.745834862798341,60.62516007356699
0.010390192676009359,7.7614133593253225,95.07148813083779
0.02341057826368517,6.630911509406928,51.860941272520336
0.011368414026429824,3.2192670831594885,54.20946392572739
0.01295197128245924,0.25789952153322737,84.33012728872612
0.010589450975499215,4.443567874392104,62.333364511263426
0.011420366424339844,6.021852309901877,61.15492790103666
0.01184605344494182,0.6197890803988225,71.15863493595072
0.010614928389511493,5.796271710302767,59.07795715465655
0.011629911725695365,7.674306261460038,82.1495100276079
0.011989484790120119,4.053802381058782,51.15414602591724
0.025785243944728423,7.735894895807622,60.293279551922744
0.010356981550023714,2.987772105463295,57.28884074417869
0.010763834253038321,7.618377847019579,76.50340873338179
0.01765941684682606,4.515336317083156,85.8120013781549
0.017232925684497444,0.5331927836090787,52.44298525875975
0.01477419822141553,3.281357564982541,80.99949580947637
0.010515687225871657,2.738404159831857,71.58185235548282
0.01284627580528166,1.8304968785232578,60.8697244716392
0.010027550143716804,2.9954296152249946,61.873511144540124
0.013702899842967381,4.246117840809052,96.84356760873423
0.011763550814644646,3.021244427852475,64.56514126494113
0.010346686462685491,7.637267618278787,93.81631213096195
0.01320684053192755,7.432578004405544,55.20365994555049
0.012665673650985908,3.735233172758392,94.11877248489228
0.02175725248223409,2.737396701690672,57.895018668517686
0.013312884981822853,0.9595230033802116,56.82349812430928
0.010589001948939898,1.6130815360306272,71.0251366199122
0.010321424642824584,4.302434600693591,56.67478629803032
0.013864181936629529,1.544246586951181,52.116810927810235
0.010166369196540416,0.5783188015543494,52.51860551570613
0.012181242842510383,3.097731928109625,75.91623900514058
0.017995984123812644,2.552687944136273,62.38892464973625
0.010390192676009359,7.7614133593253225,95.07148813083779
0.020348216214725143,5.23141455852288,52.01300818788536
0.010755136746118235,1.8137565255376389,53.87781192369719
0.012945066869314362,0.06353733570361264,85.11916388065548
0.010589450975499215,4.443567874392104,62.333364511263426
0.011420366424339844,6.021852309901877,61.15492790103666
0.012069766264070202,0.07942475693098938,73.28388837870236
0.010799105395778951,5.021866974109691,60.885233399767856
0.011629911725695365,7.674306261460038,82.1495100276079
0.011989484790120119,4.053802381058782,51.15414602591724
0.020474901234828376,5.643522306176954,58.02660697933473
0.010356981550023714,2.987772105463295,57.28884074417869
0.010763834253038321,7.618377847019579,76.50340873338179
0.01765941684682606,4.515336317083156,85.8120013781549
0.017232925684497444,0.5331927836090787,52.44298525875975
0.014419587889156068,3.7767911073703075,81.12919357224379
0.010515687225871657,2.738404159831857,71.58185235548282
0.01284627580528166,1.8304968785232578,60.8697244716392
0.010027550143716804,2.9954296152249946,61.873511144540124
0.015481844494893555,2.358381965758249,97.79518547023292
0.011763550814644646,3.021244427852475,64.56514126494113
0.010346686462685491,7.637267618278787,93.81631213096195
0.01320684053192755,7.432578004405544,55.20365994555049
0.011543027042946935,5.624249962853401,93.97234817857473
0.02175725248223409,2.737396701690672,57.895018668517686
0.013312884981822853,0.9595230033802116,56.82349812430928
0.010932121185098271,1.646129978972363,69.48145274238922
0.010321424642824584,4.302434600693591,56.67478629803032
0.013864181936629529,1.544246586951181,52.116810927810235
0.010096569228374467,0.4452561235404109,52.570845334885114
0.012748355202818416,3.6265235145360517,77.65831498710777
0.017995984123812644,2.552687944136273,62.38892464973625
0.010390192676009359,7.7614133593253225,95.07148813083779
0.020010421305483916,4.846733039601096,53.50305322768661
0.010755136746118235,1.8137565255376389,53.87781192369719
0.012722484548507577,0.20992597776474198,83.7876720061821
0.0105133410343928,4.472371930321529,61.79309919360106
0.011202888428865248,5.401337859388552,60.364255675475555
0.011492069689232168,1.7825420256136892,69.01042030082522
0.0107607568342222,4.985827414715918,60.93471231466186
0.011784930569769744,6.113437603501767,68.78681416802354
0.011989484790120119,4.053802381058782,51.15414602591724
0.020474901234828376,5.643522306176954,58.02660697933473
0.010356981550023714,2.987772105463295,57.28884074417869
0.010763834253038321,7.618377847019579,76.50340873338179
0.016007479024243543,4.1863484737062215,80.63045157248027
0.01748747958692001,0.357608653031138,51.011708705197904
0.014419587889156068,3.7767911073703075,81.12919357224379
0.010515687225871657,2.738404159831857,71.58185235548282
0.01276834149546472,1.8552293687761863,61.03525860697745
0.010027550143716804,2.9954296152249946,61.873511144540124
0.014588585180284214,2.9936183771602534,89.98124062534231
0.011238551297083087,3.026378405499598,59.84185716447094
0.010865528840266042,7.087550373479257,84.786993555087
0.01320684053192755,7.432578004405544,55.20365994555049
0.012080981509525874,4.206390004661738,82.68082620045715
0.023106661519010224,2.9869712959887873,58.177381497133105
0.012733359217365217,0.6231697148000777,57.11081024537335
0.010219903094639252,0.0589365945341358,61.2987064505418
0.010321424642824584,4.302434600693591,56.67478629803032
0.013769001345022108,1.5781903838143214,52.670102576381936
0.010096569228374467,0.4452561235404109,52.570845334885114
0.01033468362018066,4.172228156199271,85.55831707712902
0.018965101363884473,2.220985470114829,57.310763141681676
0.010402802442658716,7.630100024668805,93.4281984849695
0.020010421305483916,4.846733039601096,53.50305322768661
0.010755136746118235,1.8137565255376389,53.87781192369719
0.012965396151066545,0.4000835995841845,82.85244561213489
0.0105133410343928,4.472371930321529,61.79309919360106
0.011694990555732674,6.805417753463395,62.15336304242787
0.010602066250495907,2.920071924449303,58.321501247471126
0.01065518203066632,5.001914569531298,60.53839367461899
0.013751930642461711,5.04710452468451,65.64296232239145
0.011989484790120119,4.053802381058782,51.15414602591724
0.019156532803311144,5.246668981870426,59.01614324808177
0.010356981550023714,2.987772105463295,57.28884074417869
0.010763834253038321,7.618377847019579,76.50340873338179
0.015594248182428397,4.089544668645941,78.92498582755357
0.01748747958692001,0.357608653031138,51.011708705197904
0.014820273648867505,3.7031856635334393,80.863344174139
0.010947498994461277,3.1238060943216075,65.59668572719002
0.013021826981082812,2.033901196215111,61.00905424412555
0.010027550143716804,2.9954296152249946,61.873511144540124
0.015333069851468293,2.1757036919795842,91.22160209598715
0.011724518918255725,2.2872881297376306,66.31748287218778
0.010915115099961575,7.029410167861603,83.86099271754867
0.01320684053192755,7.432578004405544,55.20365994555049
0.01159978388223303,2.8275015472368272,94.42470082730617
0.016933104479336603,2.990963762660731,59.92201586483181
0.012938622015526684,0.8854369183964517,60.74760525116786
0.010369067120208523,1.7932589976305549,69.48612204171408
0.010317257979718079,4.456490623780882,56.602829589539816
0.012349474496260435,4.289634420993105,68.18449319681918
0.010096569228374467,0.4452561235404109,52.570845334885114
0.010550179250850361,3.899040364457492,79.42712676123881
0.01625291593644334,2.9336019484525027,54.9170124176937
0.010437189959715125,7.508101069639695,92.13465602801122
0.02120501882378003,4.826917461923782,52.60469028993721
0.01166135235228365,2.214862428907967,59.951491117316664
0.012965396151066545,0.4000835995841845,82.85244561213489
0.010342827114132633,2.3308456849464427,51.77960437153918
0.011694990555732674,6.805417753463395,62.15336304242787
0.011360202570583318,4.233465863501014,57.41403346874464
0.01065518203066632,5.001914569531298,60.53839367461899
0.016593261471033537,6.065931314352824,53.41047872956334
0.012285304401779079,3.474995867752652,53.97808865614771
0.01784951961218791,5.602537358519614,64.15418249252126
0.010356981550023714,2.987772105463295,57.28884074417869
0.01213750892410418,6.58801910327052,72.8113287046251
0.01958201895797041,1.3698931716116824,67.7844499372025
0.015709473348821314,0.5639202232957752,54.81716634385417
0.014455483979863503,3.4515909546485064,78.67844639728142
0.010975767604787077,2.9421829823884798,66.08584956185723
0.013404277818074802,1.5542689646763557,61.08511319361657
0.010027550143716804,2.9954296152249946,61.873511144540124
0.015333069851468293,2.1757036919795842,91.22160209598715
0.011766952315251537,2.2927422128296318,66.2790235666592
0.010915115099961575,7.029410167861603,83.86099271754867
0.012582943255413719,5.326241262362776,57.1203093100865
0.01159978388223303,2.8275015472368272,94.42470082730617
0.016843335084602673,2.9452238756476037,61.67806842922952
0.012295883277871887,0.9600173306548878,62.12325567716652
0.010285616577026063,1.7200207527370865,70.1614840243682
0.010424057030821077,6.397668122720466,58.55404862466359
0.012210721759541868,4.2817563635376406,66.67385620794013
0.010096569228374467,0.4452561235404109,52.570845334885114
0.010128575485842187,4.477681135333942,84.13366557189832
0.015357579248278656,2.910864536166831,56.19381698836675
0.010437189959715125,7.508101069639695,92.13465602801122
0.02307652204976533,5.542440982311536,51.73081540888827
0.011296614002938478,2.0274400694230317,57.45508077965074
0.012965396151066545,0.4000835995841845,82.85244561213489
0.010342827114132633,2.3308456849464427,51.77960437153918
0.011598304238992625,7.292906291850275,60.57802516536415
0.011446465986481066,4.213198588527993,57.481117424906266
0.01065518203066632,5.001914569531298,60.53839367461899
0.016697698911608983,4.762640283238017,56.86324567941323
0.012285304401779079,3.474995867752652,53.97808865614771
0.017687328281637545,5.644233549628971,64.76643133261925
0.010356981550023714,2.987772105463295,57.28884074417869
0.01213750892410418,6.58801910327052,72.8113287046251
0.01801396079347569,2.393840359495358,70.69309581311995
0.015709473348821314,0.5639202232957752,54.81716634385417
0.014192432331046258,3.5154686923196454,77.2751814717481
0.01082414583543899,2.7957362878330434,62.658768753295355
0.013404277818074802,1.5542689646763557,61.08511319361657
0.0100150407507684,3.457636879379747,63.559576711156254
0.014658833800319834,1.182351456497127,98.79809821866175
0.011735502858226207,2.393346677456465,71.57407988485504
0.010915115099961575,7.029410167861603,83.86099271754867
0.012225311607697267,5.870984690147921,57.38375689873341
0.01159978388223303,2.8275015472368272,94.42470082730617
0.01741682844264076,2.501280815176946,60.321271428344915
0.012251589896460658,1.0319080077198235,62.57308356228285
0.010285616577026063,1.7200207527370865,70.1614840243682
0.010130830388868115,6.744930644804385,57.22142931860437
0.012210721759541868,4.2817563635376406,66.67385620794013
0.010096569228374467,0.4452561235404109,52.570845334885114
0.010128575485842187,4.477681135333942,84.13366557189832
0.015565308762045486,2.872721227685015,56.34363176474187
0.010437189959715125,7.508101069639695,92.13465602801122
0.019402553914033303,5.466746036134214,53.617762583800854
0.011296614002938478,2.0274400694230317,57.45508077965074
0.013014563766270146,0.14718964300142723,83.90649311566209
0.010788130585339813,2.5931365499290906,52.283596201743165
0.011605387494767175,7.416531916973309,60.65134743837844
0.012494209532068366,5.1124130051554255,54.237724102537705
0.010566386052996287,6.610730850129105,66.05175043033758
0.015685035555442085,3.887824697622305,58.073341653667846
0.013394760849533375,1.7911276937131007,52.307915245532094
0.018783265231122538,6.933494652002493,60.277375474041925
0.010356981550023714,2.987772105463295,57.28884074417869
0.01213750892410418,6.58801910327052,72.8113287046251
0.018282469081992773,2.3736145398461885,70.98961595071935
0.015709473348821314,0.5639202232957752,54.81716634385417
0.014192432331046258,3.5154686923196454,77.2751814717481
0.010934760323360361,2.7502663229986184,63.930252587670765
0.013399682079479234,1.555280922058302,61.089848519063345
0.01053384544714376,2.894948805578916,63.33074325155471
0.014968293766502487,1.314867172158718,94.31961893573023
0.011548842506503659,2.2849997753503657,72.25824133565816
0.010915115099961575,7.029410167861603,83.86099271754867
0.01218487896106355,6.59952339293833,53.492497781348796
0.01159978388223303,2.8275015472368272,94.42470082730617
0.01728735504775464,2.307926368600401,60.75835402624481
0.012251589896460658,1.0319080077198235,62.57308356228285
0.010285616577026063,1.7200207527370865,70.1614840243682
0.010130830388868115,6.744930644804385,57.22142931860437
0.01232228017207265,4.123749275620867,66.71606239047287
0.010096569228374467,0.4452561235404109,52.570845334885114
0.010336672889063942,4.041146898131785,79.38061664787857
0.014517654330790646,4.008245023358727,61.37673068745845
0.010437189959715125,7.508101069639695,92.13465602801122
0.02052724842179661,5.680079748295886,51.537110565179646
0.0108085912972321,1.8185597557860151,53.970412906853454
0.01467033811264045,2.095043906046703,77.12429316013679
0.010884908791820623,3.164315021944054,53.27449141182658
0.012344906930085971,5.589991875377962,65.52759581155333
0.012494209532068366,5.1124130051554255,54.237724102537705
0.010566386052996287,6.610730850129105,66.05175043033758
0.015907315759575446,3.9468934311105555,58.158448171204164
0.013750125373905743,2.4927836018452627,55.17794284826833
0.018783265231122538,6.933494652002493,60.277375474041925
0.010326702185371342,2.4639013797005287,56.02174603496056
0.011129460613548237,6.5356163326678915,74.7125164393203
0.02099122664500174,1.1975094782290747,77.90601884966173
0.015709473348821314,0.5639202232957752,54.81716634385417
0.01341942720595998,2.936032809996693,72.61277504678915
0.010998332633466236,2.084045395492155,63.564134404091696
0.013891752342237584,1.2404382934191625,62.61909365785233
0.010670209390590905,1.5922711635995856,65.3978872020021
0.014968293766502487,1.314867172158718,94.31961893573023
0.011548842506503659,2.2849997753503657,72.25824133565816
0.010915115099961575,7.029410167861603,83.86099271754867
0.01218487896106355,6.59952339293833,53.492497781348796
0.011875687059732543,2.8517658868132703,88.50299344556835
0.01557604916505211,2.933783682041883,62.81178959900223
0.011625698871070084,1.2509768970611297,64.98894124424511
0.010285417803167503,1.3170174048356658,74.29628789129828
0.010130830388868115,6.744930644804385,57.22142931860437
0.012114325305655496,4.748785968993934,64.81157069084601
0.010096569228374467,0.4452561235404109,52.570845334885114
0.010333981871110828,3.8627948807365797,77.1347262609215
0.014517654330790646,4.008245023358727,61.37673068745845
0.011585788746516864,5.769284328975399,79.32171806954423
0.018440344604810623,5.28423275595361,55.39782172675136
0.010302591354593188,1.7823323771255932,50.936588412382875
0.015426057643499936,1.047180843006152,85.07227352563756
0.010286517791657889,3.54718513156854,51.41482502401372
0.012924923223008325,7.998024704391154,60.623615743837036
0.012494209532068366,5.1124130051554255,54.237724102537705
0.010429222066933192,6.723950247756719,64.2662326286965
0.017808577174124502,5.76018881715731,55.93589133755751
0.013635566389946036,3.2570506683755758,55.93394033714402
0.0175225727538731,6.86968586047566,58.98105181001986
0.010847063018584882,2.310040790075409,56.87994951246979
0.011129460613548237,6.5356163326678915,74.7125164393203
0.018810935390153626,1.7794163267554612,78.2077727060425
0.0163739888445624,0.41417518405069864,55.29409633245876
0.012720752859729467,2.9260853046662954,70.36535388937003
0.01009531219030825,1.9164222937133708,63.71254524050147
0.013887001700671652,1.1077986570900846,67.31005109404596
0.010589573798186768,1.4622629207281688,65.54215175217401
0.01474497259273862,1.2750039659007364,92.40584383396202
0.011629493066342315,1.4675715297213685,71.78626420828736
0.011628857752128139,6.402234741337776,80.63766583713887
0.01218487896106355,6.59952339293833,53.492497781348796
0.012428800069831793,3.1423511557593686,96.20469698222185
0.013809342855025223,4.170313868303917,60.99799199257731
0.011943368677257187,0.8188973562079842,68.29726801032456
0.010285417803167503,1.3170174048356658,74.29628789129828
0.010130830388868115,6.744930644804385,57.22142931860437
0.012356016781793117,4.310287491319958,62.38182149556605
0.010096569228374467,0.4452561235404109,52.570845334885114
0.010333981871110828,3.8627948807365797,77.1347262609215
0.014517654330790646,4.008245023358727,61.37673068745845
0.011003009050070012,6.140065993836483,79.577410421534
0.020151114999690717,4.976781952358691,53.50397791785371
0.010326476936754073,1.769983356439075,51.87619557680042
0.013878570773278288,0.8724041050379254,75.63505751708055
0.010286517791657889,3.54718513156854,51.41482502401372
0.012924923223008325,7.998024704391154,60.623615743837036
0.01260302019483107,5.03725141847007,54.100353447057884
0.010429222066933192,6.723950247756719,64.2662326286965
0.019698750028447405,7.032072860150258,55.844591736226995
0.013768198811781368,3.0414465841571148,56.13105070240751
0.0175225727538731,6.86968586047566,58.98105181001986
0.010847063018584882,2.310040790075409,56.87994951246979
0.011129460613548237,6.5356163326678915,74.7125164393203
0.017832733850499213,1.7947932475730624,76.58089491436782
0.015538424546146245,1.185687088806856,59.964738460287364
0.013379266455465869,3.179329199136486,72.03401279152624
0.01009531219030825,1.9164222937133708,63.71254524050147
0.013887001700671652,1.1077986570900846,67.31005109404596
0.010750113420028799,0.3578049456757286,73.02590274775623
0.014548547447216918,1.630228230834126,85.11113378077816
0.010949981191026898,0.9675182652493848,76.7602553758567
0.011628857752128139,6.402234741337776,80.63766583713887
0.01218487896106355,6.59952339293833,53.492497781348796
0.014768109787684457,2.5590066075217517,87.70974631447358
0.012897641177927972,4.853703886069509,52.05665070092242
0.011869737311511388,0.807952801812465,68.33466711239643
0.010285417803167503,1.3170174048356658,74.29628789129828
0.010119378553956379,5.188115188259427,59.31430539184366
0.012356016781793117,4.310287491319958,62.38182149556605
0.010096569228374467,0.4452561235404109,52.570845334885114
0.010319251450344322,3.764845769390895,69.15258541547959
0.017923502696102184,4.20569652452487,55.06876480889193
0.011003009050070012,6.140065993836483,79.577410421534
0.020151114999690717,4.976781952358691,53.50397791785371
0.010326476936754073,1.769983356439075,51.87619557680042
0.01764198865971766,1.2974532052664394,98.58593885134889
0.010286517791657889,3.54718513156854,51.41482502401372
0.012924923223008325,7.998024704391154,60.623615743837036
0.01260302019483107,5.03725141847007,54.100353447057884
0.010429222066933192,6.723950247756719,64.2662326286965
0.019698750028447405,7.032072860150258,55.844591736226995
0.013768198811781368,3.0414465841571148,56.13105070240751
0.0175225727538731,6.86968586047566,58.98105181001986
0.010847063018584882,2.310040790075409,56.87994951246979
0.011068668461950983,6.602054906348627,74.49536729107842
0.01760142836737821,1.9665772200071387,76.732147670439
0.015538424546146245,1.185687088806856,59.964738460287364
0.013291054587351511,3.539228537808162,72.85473479215575
0.01009531219030825,1.9164222937133708,63.71254524050147
0.013887001700671652,1.1077986570900846,67.31005109404596
0.011864872261598776,0.9557748862214255,70.23532809521232
0.013858403260086478,1.4171200852633692,80.86589624717547
0.010949981191026898,0.9675182652493848,76.7602553758567
0.011305654521226803,7.259638313332534,82.61206931429376
0.011985939630648304,7.24138077275692,51.877540915994985
0.012619531967623483,3.7741434048742697,74.5857751727203
0.012985503846146468,5.00324364935108,51.84627220796118
0.01171522159914352,1.1026258683162902,68.41617783908212
0.010990558848821025,1.0904454636391554,71.64291937081664
0.010533066151376717,4.944735105235521,58.95340162257035
0.012356016781793117,4.310287491319958,62.38182149556605
0.010071379212647896,0.03389402032542055,52.724150889334794
0.010319251450344322,3.764845769390895,69.15258541547959
0.017923502696102184,4.20569652452487,55.06876480889193
0.011003009050070012,6.140065993836483,79.577410421534
0.017917064921420693,4.299405655455499,54.42346549800879
0.010342409843334257,1.7600511744140173,52.04611589207483
0.016537039336856654,2.1891359289605514,94.53640833526367
0.010286517791657889,3.54718513156854,51.41482502401372
0.012927554185202049,7.965984498917787,60.71150663474934
0.012383762046111229,4.500575380217132,56.48574428929836
0.010429222066933192,6.723950247756719,64.2662326286965
0.019698750028447405,7.032072860150258,55.844591736226995
0.013768198811781368,3.0414465841571148,56.13105070240751
0.017824390809589086,6.652336271320648,58.352155776190976
0.010217983471283082,0.29300265479322096,58.4728267789584
0.011218836915951005,7.603235747509407,79.13719774875634
0.01697959575352746,2.1409442430521244,73.39020485432994
0.015538424546146245,1.185687088806856,59.964738460287364
0.015391215722536345,3.3797857620409775,75.47102863097783
0.01009531219030825,1.9164222937133708,63.71254524050147
0.012546536147968912,0.7305254396821527,62.185881488445965
0.011864872261598776,0.9557748862214255,70.23532809521232
0.01229605962789651,0.9668334458015411,72.89242135268607
0.010251914495484099,0.5269056476542398,79.16955491903369
0.011913994255091539,6.978907464580985,80.08017585137262
0.011985939630648304,7.24138077275692,51.877540915994985
0.012570340239094133,3.7016810479195477,74.26887912276975
0.011837897269564255,4.384128805049885,51.66282123202059
0.01171522159914352,1.1026258683162902,68.41617783908212
0.010990558848821025,1.0904454636391554,71.64291937081664
0.010536015831465025,4.952672855179848,58.974969396484724
0.01262505874533283,2.686002043912967,51.609519814836304
0.010071379212647896,0.03389402032542055,52.724150889334794
0.010319251450344322,3.764845769390895,69.15258541547959
0.017038924137949548,2.7973564818664967,54.68218213263384
0.011003009050070012,6.140065993836483,79.577410421534
0.01713695633193538,4.872674218452477,55.406598947587426
0.010342409843334257,1.7600511744140173,52.04611589207483
0.016537039336856654,2.1891359289605514,94.53640833526367
0.010286517791657889,3.54718513156854,51.41482502401372
0.012927554185202049,7.965984498917787,60.71150663474934
0.012114863773414824,5.208481982764083,55.992862918123855
0.010966929356357409,6.112284645551229,62.12576717905454
0.019698750028447405,7.032072860150258,55.844591736226995
0.012699096855802672,3.6704190852174605,57.06374225046506
0.01921841213212078,7.423204866994157,54.00429308332305
0.01007882764145936,0.03153404141049698,58.2184063258756
0.011218836915951005,7.603235747509407,79.13719774875634
0.023615218289583465,0.7467749558985575,95.17694131118499
0.014228171284166279,2.562488314570722,58.51977772014574
0.015391215722536345,3.3797857620409775,75.47102863097783
0.01009531219030825,1.9164222937133708,63.71254524050147
0.012546536147968912,0.7305254396821527,62.185881488445965
0.011590516213024211,1.046433272754413,73.47506898276933
0.01229605962789651,0.9668334458015411,72.89242135268607
0.010251914495484099,0.5269056476542398,79.16955491903369
0.011913994255091539,6.978907464580985,80.08017585137262
0.011985939630648304,7.24138077275692,51.877540915994985
0.012605567229973715,3.747556824636664,74.30506772330563
0.011837897269564255,4.384128805049885,51.66282123202059
0.01171522159914352,1.1026258683162902,68.41617783908212
0.01061021593135391,1.149029719082873,72.25524827317639
0.010536015831465025,4.952672855179848,58.974969396484724
0.012046978048838218,2.083347905655475,53.109960883026666
0.010071379212647896,0.03389402032542055,52.724150889334794
0.010213200123699999,2.1685702594286225,62.12373340535316
0.014932090487813285,2.6032748035846613,56.97909753645758
0.011003009050070012,6.140065993836483,79.577410421534
0.01765603679303921,4.633973907090492,55.762230694974974
0.010332656363761164,1.760102915233912,51.9781338944583
0.015172923355336104,1.7344259882687925,85.71491640563288
0.010286517791657889,3.54718513156854,51.41482502401372
0.012927554185202049,7.965984498917787,60.71150663474934
0.012114863773414824,5.208481982764083,55.992862918123855
0.010525554137169123,6.676154691624912,62.400684253917305
0.019698750028447405,7.032072860150258,55.844591736226995
0.012363946519472023,5.3486030373517925,54.626471673629965
0.018746332465676672,7.280323219454102,54.04714366832544
0.01007882764145936,0.03153404141049698,58.2184063258756
0.011342077785303991,7.247460822822257,78.69326556636364
0.02386134271770702,0.7508244939908852,95.4717642742954
0.013883633657688452,2.3861076485747397,60.309054822080284
0.013815162623029212,3.868961728039709,71.74945262378854
0.010201994098243707,1.8585075046382817,64.10578587204542
0.011456707881850513,1.4021911904373985,62.15685406293367
0.011590516213024211,1.046433272754413,73.47506898276933
0.013122162099953791,0.6150707459988702,76.35872228206861
0.010251914495484099,0.5269056476542398,79.16955491903369
0.011913994255091539,6.978907464580985,80.08017585137262
0.011985939630648304,7.24138077275692,51.877540915994985
0.014856013723607495,6.826984406390474,69.65388533240525
0.011487431312395133,3.531770615563496,57.741180913957415
0.01157157212781658,1.1086583157728611,68.9152525988955
0.010262070290960311,1.185466009245179,71.82203890861004
0.010536015831465025,4.952672855179848,58.974969396484724
0.011916609315176152,2.330918795141237,53.61600512690329
0.010071379212647896,0.03389402032542055,52.724150889334794
0.010213200123699999,2.1685702594286225,62.12373340535316
0.015512103951177055,3.240418863564872,50.76866217183768
0.011405158472570572,7.595388063898689,95.3843966488817
0.0203140617234768,4.275041623992628,56.33268124242369
0.010332656363761164,1.760102915233912,51.9781338944583
0.013138163807511542,1.7452200978482872,71.53259124733476
0.010286517791657889,3.54718513156854,51.41482502401372
0.011622326058144514,5.041209221926337,62.33697391129372
0.012114863773414824,5.208481982764083,55.992862918123855
0.010525554137169123,6.676154691624912,62.400684253917305
0.018752922723719097,7.025613404740211,58.78915131773624
0.012263422090605346,5.535399626777607,56.99399758945984
0.016498633121553766,5.34687227434726,58.70500499300874
0.01007882764145936,0.03153404141049698,58.2184063258756
0.011342077785303991,7.247460822822257,78.69326556636364
0.022541904182091885,0.7291154883013871,93.89125972349623
0.013883633657688452,2.3861076485747397,60.309054822080284
0.014484147174854052,3.341925932261624,77.94890109422806
0.010134800234369214,0.5160581864827685,74.19472852485293
0.012048506501995243,1.5941389157806163,61.76771555720255
0.011590516213024211,1.046433272754413,73.47506898276933
0.013122162099953791,0.6150707459988702,76.35872228206861
0.01025251466341555,0.5658239983513743,78.73534535902361
0.011913994255091539,6.978907464580985,80.08017585137262
0.01137285358440378,5.013995065108038,59.268856957301466
0.014856013723607495,6.826984406390474,69.65388533240525
0.010852400237036501,4.21905041395821,52.4356731102238
0.01157157212781658,1.1086583157728611,68.9152525988955
0.010262070290960311,1.185466009245179,71.82203890861004
0.010536015831465025,4.952672855179848,58.974969396484724
0.011916609315176152,2.330918795141237,53.61600512690329
0.010071379212647896,0.03389402032542055,52.724150889334794
0.010213200123699999,2.1685702594286225,62.12373340535316
0.015512103951177055,3.240418863564872,50.76866217183768
0.011405158472570572,7.595388063898689,95.3843966488817
0.0203140617234768,4.275041623992628,56.33268124242369
0.010987007809715173,2.16929358156239,52.50742820758525
0.012999983615061234,1.6264789524876422,73.61624323290873
0.010286517791657889,3.54718513156854,51.41482502401372
0.011622326058144514,5.041209221926337,62.33697391129372
0.012184039964269953,5.226613626148295,55.687448259065796
0.010562872027430557,6.702265312619671,63.14531028267006
0.018984504409554754,7.246278692021502,58.717423572092926
0.011827138439995336,5.966329469353871,52.87719724164296
0.016541209380948572,5.359206872555971,58.75497003340344
0.01007882764145936,0.03153404141049698,58.2184063258756
0.011342077785303991,7.247460822822257,78.69326556636364
0.01674718308222527,0.652119910872256,86.74490826135782
0.01388323817461102,2.3854781707270414,60.29743766361551
0.012496170056743854,2.037742001535801,78.31836446300038
0.010134800234369214,0.5160581864827685,74.19472852485293
0.012048506501995243,1.5941389157806163,61.76771555720255
0.011559742410777826,1.0971337871679954,73.128128885768
0.012875755766596131,0.8397690554770924,73.01005398107213
0.01126669121785478,0.7821104402495878,80.14609414247349
0.011913994255091539,6.978907464580985,80.08017585137262
0.01137285358440378,5.013995065108038,59.268856957301466
0.017882749396106318,6.46480621321801,61.86779728419466
0.010534148009155388,4.28588978622179,52.54952797688273
0.01231824835599133,1.747293170268979,67.38869420503887
0.010121569134279827,0.39759900353273014,68.92590318619885
0.010536015831465025,4.952672855179848,58.974969396484724
0.011839688808245288,2.3175450072458212,53.52427517798984
0.010071379212647896,0.03389402032542055,52.724150889334794
0.01064589439346883,2.6027184465625224,62.82551768318613
0.0161375221783754,3.109068450131932,50.54491854139143
0.01159639251401174,7.013797265014516,85.63784604475465
0.0203140617234768,4.275041623992628,56.33268124242369
0.010987007809715173,2.16929358156239,52.50742820758525
0.013983004199821314,1.3613997832933307,83.92456369790236
0.010286517791657889,3.54718513156854,51.41482502401372
0.011622326058144514,5.041209221926337,62.33697391129372
0.012184039964269953,5.226613626148295,55.687448259065796
0.010368090795528787,6.815648448268413,64.72728358162094
0.018984504409554754,7.246278692021502,58.717423572092926
0.011827138439995336,5.966329469353871,52.87719724164296
0.017208613880523364,5.167421798696197,58.32647554393022
0.01007882764145936,0.03153404141049698,58.2184063258756
0.011342077785303991,7.247460822822257,78.69326556636364
0.019718513225912254,0.9286446877917849,99.455936617265
0.01388323817461102,2.3854781707270414,60.29743766361551
0.013577907988287015,1.707436381057577,87.37604184694612
0.010134800234369214,0.5160581864827685,74.19472852485293
0.012048506501995243,1.5941389157806163,61.76771555720255
0.011888731217259318,1.231291770214551,72.88187374077641
0.012926240131573088,0.8478740524378342,73.08491664903008
0.01126669121785478,0.7821104402495878,80.14609414247349
0.011913994255091539,6.978907464580985,80.08017585137262
0.011488454165126788,5.170083156156609,60.10463044333397
0.018576660204274214,7.053874977459995,60.632045715357776
0.010484128226355884,4.102535806248149,50.93094166604406
0.012216846765977315,1.6542206591057043,68.61888949465765
0.010121569134279827,0.39759900353273014,68.92590318619885
0.010761051878879869,7.374943709150749,59.34736301196242
0.011839688808245288,2.3175450072458212,53.52427517798984
0.010071379212647896,0.03389402032542055,52.724150889334794
0.01070253717441451,1.3913087741731371,64.81048871981872
0.0161375221783754,3.109068450131932,50.54491854139143
0.01159639251401174,7.013797265014516,85.63784604475465
0.018624858864190273,3.7682323503473962,57.82263598978929
0.01100896671330947,2.2209825055125116,52.36934237141298
0.013983004199821314,1.3613997832933307,83.92456369790236
0.010286517791657889,3.54718513156854,51.41482502401372
0.011622326058144514,5.041209221926337,62.33697391129372
0.012184039964269953,5.226613626148295,55.687448259065796
0.010368090795528787,6.815648448268413,64.72728358162094
0.01501356252461001,4.033044304479137,56.047323354930214
0.011827138439995336,5.966329469353871,52.87719724164296
0.01708181981457353,5.046589753289373,59.34096493937113
0.01007882764145936,0.03153404141049698,58.2184063258756
0.011466633166350685,6.266899886445504,71.42376799209163
0.019718513225912254,0.9286446877917849,99.455936617265
0.013568802129401265,2.5443152841271592,59.43098615019471
0.013577907988287015,1.707436381057577,87.37604184694612
0.010134800234369214,0.5160581864827685,74.19472852485293
0.011902959652713896,1.2532717554060673,61.17035033315462
0.011888731217259318,1.231291770214551,72.88187374077641
0.012863884825369723,0.7848714816392306,73.29114739965337
0.01126669121785478,0.7821104402495878,80.14609414247349
0.011913994255091539,6.978907464580985,80.08017585137262
0.011488454165126788,5.170083156156609,60.10463044333397
0.018676961045687758,7.064976800755354,60.47980735973912
0.010484128226355884,4.102535806248149,50.93094166604406
0.012216846765977315,1.6542206591057043,68.61888949465765
0.010121569134279827,0.39759900353273014,68.92590318619885
0.01085048804667784,7.234493281943138,60.878111348657455
0.01168843403962955,3.918804152935278,60.78159376506788
0.010071379212647896,0.03389402032542055,52.724150889334794
0.01070253717441451,1.3913087741731371,64.81048871981872
0.0161375221783754,3.109068450131932,50.54491854139143
0.01159639251401174,7.013797265014516,85.63784604475465
0.018833059118267468,3.894318149232546,56.442243312627554
0.01100896671330947,2.2209825055125116,52.36934237141298
0.014274047521264323,1.1333867474789496,86.66903747045409
0.010286517791657889,3.54718513156854,51.41482502401372
0.011622326058144514,5.041209221926337,62.33697391129372
0.012380110819482058,5.7104620655848395,55.45172518862373
0.010368090795528787,6.815648448268413,64.72728358162094
0.013611939839588758,5.25566154476072,68.18448590027067
0.011827138439995336,5.966329469353871,52.87719724164296
0.01670148148149527,5.6405960018672054,53.554451651993794
0.01007882764145936,0.03153404141049698,58.2184063258756
0.011466633166350685,6.266899886445504,71.42376799209163
0.019718513225912254,0.9286446877917849,99.455936617265
0.013586726124758758,3.6708970516091224,63.06812145942266
0.013577907988287015,1.707436381057577,87.37604184694612
0.010134800234369214,0.5160581864827685,74.19472852485293
0.012275604231072183,1.5292177241293126,50.05678935252196
0.011888731217259318,1.231291770214551,72.88187374077641
0.01338536285722888,0.63855363887256,75.33731391769359
0.01126669121785478,0.7821104402495878,80.14609414247349
0.011989786110100428,7.099535691946852,81.54674329740385
0.011488454165126788,5.170083156156609,60.10463044333397
0.018676961045687758,7.064976800755354,60.47980735973912
0.010387909651861225,3.136077821298721,52.6609896535845
0.011696328076450374,1.8984585972303978,61.61637881049164
0.010121569134279827,0.39759900353273014,68.92590318619885
0.01085048804667784,7.234493281943138,60.878111348657455
0.011561394816974475,2.043477747439575,68.0212226971366
0.010071379212647896,0.03389402032542055,52.724150889334794
0.01070253717441451,1.3913087741731371,64.81048871981872
0.0161375221783754,3.109068450131932,50.54491854139143
0.01159639251401174,7.013797265014516,85.63784604475465
0.020445395059620314,2.5734248836910147,58.62658330815755
0.01100896671330947,2.2209825055125116,52.36934237141298
0.014274047521264323,1.1333867474789496,86.66903747045409
0.010286517791657889,3.54718513156854,51.41482502401372
0.011622326058144514,5.041209221926337,62.33697391129372
0.012380110819482058,5.7104620655848395,55.45172518862373
0.010368090795528787,6.815648448268413,64.72728358162094
0.013620239417686593,5.777317189962918,69.86863544111026
0.011827138439995336,5.966329469353871,52.87719724164296
0.015628236793755905,5.688218124954725,59.23693641751402
0.01007882764145936,0.03153404141049698,58.2184063258756
0.011466633166350685,6.266899886445504,71.42376799209163
0.01703308559145137,0.8820858372422109,93.32055130632779
0.013586726124758758,3.6708970516091224,63.06812145942266
0.013577907988287015,1.707436381057577,87.37604184694612
0.010134800234369214,0.5160581864827685,74.19472852485293
0.011827789789257297,1.2254249878368084,50.59869546815993
0.011888731217259318,1.231291770214551,72.88187374077641
0.01338536285722888,0.63855363887256,75.33731391769359
0.010871286027431782,0.4965843816693166,84.76365965909179
0.011783293786433807,7.191303069980284,83.34301459401206
0.011447952762451608,5.807514678079594,59.81008684730528
0.015206583167323824,4.2295480504914895,57.35217936557551
0.010501288173615918,4.274897204635851,50.6223990340269
0.011036559763410926,2.3906008422720606,56.256727066180105
0.010121569134279827,0.39759900353273014,68.92590318619885
0.011028429483026379,6.728848172267693,61.214441117305824
0.01152980930001197,2.077424195087926,69.5204846730911
0.010758485589252378,0.5000199572798821,51.89267447230193
0.01070253717441451,1.3913087741731371,64.81048871981872
0.0161375221783754,3.109068450131932,50.54491854139143
0.01159639251401174,7.013797265014516,85.63784604475465
0.020445395059620314,2.5734248836910147,58.62658330815755
0.01100896671330947,2.2209825055125116,52.36934237141298
0.014251811811230976,1.1468468404656105,86.4724489811965
0.010286517791657889,3.54718513156854,51.41482502401372
0.011622326058144514,5.041209221926337,62.33697391129372
0.011473814724716026,6.337924073185904,56.63525801944703
0.010368090795528787,6.815648448268413,64.72728358162094
0.013626426831462932,6.3721952024056385,67.30964867595931
0.011827138439995336,5.966329469353871,52.87719724164296
0.01866778517109482,5.036738297028692,56.06436747754295
0.01007882764145936,0.03153404141049698,58.2184063258756
0.011248912249449097,5.920381276190745,67.21088246487373
0.01703308559145137,0.8820858372422109,93.32055130632779
0.015013775221213575,5.6549419704474495,73.18473724305682
0.013595324473566966,3.381913718696463,80.1729426300698
0.010134800234369214,0.5160581864827685,74.19472852485293
0.011827789789257297,1.2254249878368084,50.59869546815993
0.01147112026842768,1.834920730360661,67.28656762239393
0.01338536285722888,0.63855363887256,75.33731391769359
0.010871286027431782,0.4965843816693166,84.76365965909179
0.011783293786433807,7.191303069980284,83.34301459401206
0.010013318399134063,6.953476524175852,61.61086225753121
0.01869462624365488,6.993172849099639,56.90630233848488
0.010501288173615918,4.274897204635851,50.6223990340269
0.010643857416051143,0.6144372965472389,57.935433227092396
0.010121569134279827,0.39759900353273014,68.92590318619885
0.011445917987100077,6.616350154989689,62.46840033468909
0.011558241869679483,2.0695874095279367,70.45675805168955
0.010758485589252378,0.5000199572798821,51.89267447230193
0.01070253717441451,1.3913087741731371,64.81048871981872
0.015293264594295343,2.735944138360077,54.98339151050722
0.011847845050432217,7.80504284582037,98.97243566963814
0.017411774127542932,3.0924882955528825,56.184769152641785
0.010972309639562755,2.121731593654939,53.8576323738449
0.014080850473323346,1.0465541626427342,84.27534599036755
0.010286517791657889,3.54718513156854,51.41482502401372
0.011459622590873644,4.30629138864525,69.85184410542736
0.011537318401674894,6.6168915084816184,56.05806910804986
0.010368090795528787,6.815648448268413,64.72728358162094
0.012818634456803923,4.649497904862692,72.42707024612368
0.011826932908258732,7.462310793150193,53.59617314859409
0.020007234810107508,5.172472866950409,53.502323352346636
0.01007882764145936,0.03153404141049698,58.2184063258756
0.011586909565038744,7.576208643765716,66.6966890554418
0.01703308559145137,0.8820858372422109,93.32055130632779
0.016410128641599478,6.18479902743738,74.49416236250208
0.014316969764347466,4.262360337968258,92.24745317983377
0.010231918073849627,0.6657797213782592,72.58944792613356
0.011606339486689585,1.7345133576654899,50.602652615117975
0.01147112026842768,1.834920730360661,67.28656762239393
0.01338536285722888,0.63855363887256,75.33731391769359
0.010923735866273522,0.5401393094521119,84.57689622280498
0.010544502367206332,7.4954041725041805,87.83798752093102
0.010437156790032494,6.955414576227641,61.3811764611414
0.01869462624365488,6.993172849099639,56.90630233848488
0.010501288173615918,4.274897204635851,50.6223990340269
0.010643857416051143,0.6144372965472389,57.935433227092396
0.010121569134279827,0.39759900353273014,68.92590318619885
0.011475411677341887,6.817140651541523,63.352905917264145
0.011558241869679483,2.0695874095279367,70.45675805168955
0.010758485589252378,0.5000199572798821,51.89267447230193
0.01070253717441451,1.3913087741731371,64.81048871981872
0.013304477939502995,1.828468339124662,56.246129090860855
0.011847845050432217,7.80504284582037,98.97243566963814
0.018542227604674222,2.222315744117208,54.14468113378197
0.010972309639562755,2.121731593654939,53.8576323738449
0.015289264577116974,1.8878459301113257,78.00060030076828
0.010286517791657889,3.54718513156854,51.41482502401372
0.011739810406100679,4.134150536138209,71.0316574093179
0.011537318401674894,6.6168915084816184,56.05806910804986
0.010340528985069179,6.75987269994007,66.06259730431337
0.012671184163616041,4.763516585726093,73.46644801206702
0.011826932908258732,7.462310793150193,53.59617314859409
0.020007234810107508,5.172472866950409,53.502323352346636
0.01007882764145936,0.03153404141049698,58.2184063258756
0.011586909565038744,7.576208643765716,66.6966890554418
0.01703308559145137,0.8820858372422109,93.32055130632779
0.016410128641599478,6.18479902743738,74.49416236250208
0.012530267487101863,5.793582790938362,90.15905810445996
0.010156684040216713,0.5947992192646778,72.91139464061521
0.011606339486689585,1.7345133576654899,50.602652615117975
0.01147112026842768,1.834920730360661,67.28656762239393
0.01338536285722888,0.63855363887256,75.33731391769359
0.010923735866273522,0.5401393094521119,84.57689622280498
0.010544502367206332,7.4954041725041805,87.83798752093102
0.010453654933549718,6.988801218300742,60.581874925061825
0.01869462624365488,6.993172849099639,56.90630233848488
0.010501288173615918,4.274897204635851,50.6223990340269
0.010643857416051143,0.6144372965472389,57.935433227092396
0.010127225248639222,0.42936292093811745,69.5678640527632
0.0115893053810191,7.880101020859296,65.50247357964565
0.011899325355574922,2.3399489520500083,72.70735833082284
0.010819469974554614,0.8111652742865925,52.791155748379786
0.01070253717441451,1.3913087741731371,64.81048871981872
0.013304477939502995,1.828468339124662,56.246129090860855
0.011847845050432217,7.80504284582037,98.97243566963814
0.018542227604674222,2.222315744117208,54.14468113378197
0.010972309639562755,2.121731593654939,53.8576323738449
0.015289264577116974,1.8878459301113257,78.00060030076828
0.010286517791657889,3.54718513156854,51.41482502401372
0.011660755056130791,5.1034429139275055,65.18578578185013
0.011537318401674894,6.6168915084816184,56.05806910804986
0.010353469408248035,6.786059723740408,65.43566009082743
0.013531632636023853,3.3570594242065486,86.67701802647005
0.011826932908258732,7.462310793150193,53.59617314859409
0.020007234810107508,5.172472866950409,53.502323352346636
0.01007882764145936,0.03153404141049698,58.2184063258756
0.011587829284693138,7.299690700659342,65.93487426798679
0.016014420252106296,0.8395273976265316,90.29715304406486
0.016410128641599478,6.18479902743738,74.49416236250208
0.012530267487101863,5.793582790938362,90.15905810445996
0.010156684040216713,0.5947992192646778,72.91139464061521
0.011554655084148857,1.6768918938616593,50.860336823372684
0.01149323624462454,1.818498456270786,64.55780560236312
0.01555428078685279,0.777810341119495,79.1779937045521
0.010923735866273522,0.5401393094521119,84.57689622280498
0.010544502367206332,7.4954041725041805,87.83798752093102
0.010453654933549718,6.988801218300742,60.581874925061825
0.018840772192279604,6.790455959348318,56.52730303073828
0.010571589064265176,4.5130995415057775,50.363013860141145
0.010643857416051143,0.6144372965472389,57.935433227092396
0.010213866381251333,0.6082171126533362,70.07968412918291
0.011403071152043585,6.141992605555988,61.98759028663342
0.011899325355574922,2.3399489520500083,72.70735833082284
0.010799918834522174,0.7892633313170355,53.36387383989403
0.01070253717441451,1.3913087741731371,64.81048871981872
0.013304477939502995,1.828468339124662,56.246129090860855
0.011835788897369725,7.781611178916628,97.44058279934166
0.01756845125245871,2.122192013029669,61.28596424963111
0.010972309639562755,2.121731593654939,53.8576323738449
0.015228830532576032,2.140977390613445,77.73210862821205
0.010286517791657889,3.54718513156854,51.41482502401372
0.01224379694208899,7.67723028256506,69.3428012579178
0.011537318401674894,6.6168915084816184,56.05806910804986
0.010366527362052532,7.417755819475369,68.17022313691034
0.013657540113365702,3.465336383807515,87.30977732086743
0.011834880867420763,7.467716390249763,53.186026739489066
0.018452688381293932,5.53452063308482,55.8674953432143
0.01007882764145936,0.03153404141049698,58.2184063258756
0.011587829284693138,7.299690700659342,65.93487426798679
0.01738361506608928,2.3253581016798606,77.67966498809378
0.015166050072879278,5.6489388951038055,69.8053423726833
0.012356973811312275,5.032256083594131,82.73978419435795
0.010333761857582148,1.3829050076089402,71.35941820089187
0.011554655084148857,1.6768918938616593,50.860336823372684
0.01149323624462454,1.818498456270786,64.55780560236312
0.01555428078685279,0.777810341119495,79.1779937045521
0.010923735866273522,0.5401393094521119,84.57689622280498
0.010693169761092464,7.363852924617548,83.07916263864965
0.010054165624355548,6.850285508080677,62.720961811650255
0.017480928930475217,5.926060427278213,58.898212560514615
0.010571589064265176,4.5130995415057775,50.363013860141145
0.010642698923075927,0.4558735416624762,57.34473258469577
0.010227513860297261,1.1602986790035081,66.57351305683127
0.0115351734988527,7.6858346486195215,55.76209340471014
0.01191951644831641,2.1014006510392687,73.63597956076113
0.010886142077360177,0.8858539415911522,50.8381075162724
0.01070253717441451,1.3913087741731371,64.81048871981872
0.0138073972613691,1.593605000547064,61.37230173048941
0.011835788897369725,7.781611178916628,97.44058279934166
0.016959527527091667,2.0573714895634585,61.598547038483204
0.010972309639562755,2.121731593654939,53.8576323738449
0.015165730935904028,2.4052736690440315,77.45177464797327
0.010286517791657889,3.54718513156854,51.41482502401372
0.012212895958386425,7.665346792208582,69.1915723383463
0.011537318401674894,6.6168915084816184,56.05806910804986
0.010366527362052532,7.417755819475369,68.17022313691034
0.013657540113365702,3.465336383807515,87.30977732086743
0.011834880867420763,7.467716390249763,53.186026739489066
0.018452688381293932,5.53452063308482,55.8674953432143
0.01007882764145936,0.03153404141049698,58.2184063258756
0.011587829284693138,7.299690700659342,65.93487426798679
0.017341947810359026,2.2002806219838966,78.52979681506856
0.01606122474069584,5.4101539041884905,73.19666801841981
0.011664210840578643,3.2457450937142265,72.70921306052485
0.010333761857582148,1.3829050076089402,71.35941820089187
0.011554655084148857,1.6768918938616593,50.860336823372684
0.01149323624462454,1.818498456270786,64.55780560236312
0.01555428078685279,0.777810341119495,79.1779937045521
0.010923735866273522,0.5401393094521119,84.57689622280498
0.0106155828965207,7.432507177491883,85.56270857303998
0.010054165624355548,6.850285508080677,62.720961811650255
0.017480928930475217,5.926060427278213,58.898212560514615
0.010571589064265176,4.5130995415057775,50.363013860141145
0.013321120647703077,2.9048149326462034,65.18047420006434
0.010227513860297261,1.1602986790035081,66.57351305683127
0.0115351734988527,7.6858346486195215,55.76209340471014
0.01224971353500107,1.75948301382221,79.27844762380383
0.010886142077360177,0.8858539415911522,50.8381075162724
0.010685713863225003,0.8982773062968135,67.62428715256809
0.015521311237984368,1.4270444050546978,59.01305379179291
0.01176888638060106,6.012965103182285,87.7972116736393
0.016959527527091667,2.0573714895634585,61.598547038483204
0.011360464533496494,2.315952082323805,58.693200084119766
0.017264687581749167,2.45454279194834,87.7988648602304
0.010767472654918547,3.294336953912693,53.949645024194254
0.012212895958386425,7.665346792208582,69.1915723383463
0.011702265024805546,6.470935266562539,50.77814811203339
0.010379265978557773,7.237315971345045,67.06402335627014
0.013657540113365702,3.465336383807515,87.30977732086743
0.011834880867420763,7.467716390249763,53.186026739489066
0.018452688381293932,5.53452063308482,55.8674953432143
0.01007882764145936,0.03153404141049698,58.2184063258756
0.011587829284693138,7.299690700659342,65.93487426798679
0.01737861279192958,2.1612136450462227,78.59655102973088
0.01606122474069584,5.4101539041884905,73.19666801841981
0.011664210840578643,3.2457450937142265,72.70921306052485
0.010297002890150474,0.5938328717071188,69.50683015360188
0.011554655084148857,1.6768918938616593,50.860336823372684
0.01149323624462454,1.818498456270786,64.55780560236312
0.014312200309202269,0.6085211155178373,74.42341109533615
0.010923735866273522,0.5401393094521119,84.57689622280498
0.010641994668714742,7.918248067332633,86.8052457922685
0.010267326400796877,6.3730649768195,64.04334913968798
0.022300425046718503,4.499626877705678,61.44028047186684
0.010571589064265176,4.5130995415057775,50.363013860141145
0.012403787136312797,2.203803444774498,66.49282762561172
0.01030759158938707,1.7682158724178665,71.07331121261949
0.0115351734988527,7.6858346486195215,55.76209340471014
0.011124636628035077,1.6772115677731152,79.78744503578456
0.010886142077360177,0.8858539415911522,50.8381075162724
0.010685713863225003,0.8982773062968135,67.62428715256809
0.015692805099613807,1.5281182017805883,61.84467985917506
0.01176888638060106,6.012965103182285,87.7972116736393
0.016690718352054747,1.9395604865359528,61.11530657460434
0.011355140917154234,2.3161908235567807,58.674400275265526
0.01662867691006055,2.079695478260481,77.29735547689066
0.010650576339872516,4.481641927033035,57.898630434518594
0.012171374200611157,7.287595753843956,68.03524013449197
0.011702265024805546,6.470935266562539,50.77814811203339
0.010379265978557773,7.237315971345045,67.06402335627014
0.013638842467605423,3.445329721394331,87.29108598891457
0.011834880867420763,7.467716390249763,53.186026739489066
0.01946074725382501,6.947023239522381,54.785782568591664
0.01007882764145936,0.03153404141049698,58.2184063258756
0.011587829284693138,7.299690700659342,65.93487426798679
0.016994061994875687,2.524783334708581,77.09383859625038
0.01588932605962646,5.4827629293328135,72.9176198591022
0.010482997365221146,3.1263546978230585,63.98641911596546
0.010297002890150474,0.5938328717071188,69.50683015360188
0.011554655084148857,1.6768918938616593,50.860336823372684
0.01149323624462454,1.818498456270786,64.55780560236312
0.01362916912960117,2.938490630061028,82.79515440168535
0.010923735866273522,0.5401393094521119,84.57689622280498
0.010925376334499604,7.844509528617488,76.95608688033948
0.010298627847767755,6.366902806168364,64.22632611324424
0.03020996720535921,5.418773962403023,59.73612018504116
0.010571589064265176,4.5130995415057775,50.363013860141145
0.012337459928861502,2.1626454509656243,65.2717461015093
0.01030759158938707,1.7682158724178665,71.07331121261949
0.0115351734988527,7.6858346486195215,55.76209340471014
0.010591883867922296,1.6521010649969234,81.57463282705865
0.010886142077360177,0.8858539415911522,50.8381075162724
0.010685713863225003,0.8982773062968135,67.62428715256809
0.015263728144751763,1.778212455709503,60.882697734303974
0.012347268002700543,7.311337193348745,98.50709771999674
0.016606775763663106,1.9179576454387588,61.12387010329374
0.01125596980726458,2.1386701841361657,58.638968985060274
0.015130734331046097,1.728171243449465,75.45427897643457
0.010597342610088245,4.051116592396451,59.83249891847422
0.012171374200611157,7.287595753843956,68.03524013449197
0.01151417157367243,6.145239761281221,50.709088508002665
0.010974652596696709,6.23381695006823,68.17812306126513
0.012290626256880877,2.152488286562959,76.28094700773977
0.011834880867420763,7.467716390249763,53.186026739489066
0.01946074725382501,6.947023239522381,54.785782568591664
0.01007882764145936,0.03153404141049698,58.2184063258756
0.011467636367819431,7.2179446235097195,72.13730840870497
0.016994061994875687,2.524783334708581,77.09383859625038
0.016078058870016315,5.565024214781264,73.22940456767023
0.010071921270344612,2.2035561369266867,56.37452765141949
0.010297002890150474,0.5938328717071188,69.50683015360188
0.01156372385795172,0.6759303763142608,50.89421819245389
0.011596759023830422,1.515831015693422,66.1522164818393
0.013268048742210577,3.7571946836341885,78.13316307933867
0.010923735866273522,0.5401393094521119,84.57689622280498
0.010925376334499604,7.844509528617488,76.95608688033948
0.010298627847767755,6.366902806168364,64.22632611324424
0.02388812016639795,4.202728751536059,61.364714288479774
0.010571589064265176,4.5130995415057775,50.363013860141145
0.011875187725658942,2.026810956698528,61.62739030216019
0.01030759158938707,1.7682158724178665,71.07331121261949
0.01156134376659328,7.494149391986983,56.47290408984506
0.010591883867922296,1.6521010649969234,81.57463282705865
0.010886142077360177,0.8858539415911522,50.8381075162724
0.010685713863225003,0.8982773062968135,67.62428715256809
0.01409018423501516,3.4852087040517863,63.63646757067653
0.012347268002700543,7.311337193348745,98.50709771999674
0.016176281158276434,1.8626055256223928,65.30340299210603
0.011189886694574233,1.8254414641501704,56.224770872241486
0.015130734331046097,1.728171243449465,75.45427897643457
0.010920971371523272,2.9208097521735237,56.83918263971175
0.012171374200611157,7.287595753843956,68.03524013449197
0.01151417157367243,6.145239761281221,50.709088508002665
0.011181755801901212,7.667704968545895,70.48068144253013
0.012290626256880877,2.152488286562959,76.28094700773977
0.011834880867420763,7.467716390249763,53.186026739489066
0.01947422910584922,6.948383514267653,54.79269892958601
0.010221507596477122,0.2619040020934631,57.9623876956787
0.011477410493731329,7.285658723122447,69.76745036417812
0.01673602074229867,2.4896096763828157,77.27443803177528
0.018617494616597712,4.379508537542815,82.99348856711296
0.010071921270344612,2.2035561369266867,56.37452765141949
0.010297002890150474,0.5938328717071188,69.50683015360188
0.01156372385795172,0.6759303763142608,50.89421819245389
0.011596759023830422,1.515831015693422,66.1522164818393
0.013268048742210577,3.7571946836341885,78.13316307933867
0.010923735866273522,0.5401393094521119,84.57689622280498
0.010925376334499604,7.844509528617488,76.95608688033948
0.010879143695327869,3.7554807030525827,58.10860866958946
0.02388812016639795,4.202728751536059,61.364714288479774
0.010571589064265176,4.5130995415057775,50.363013860141145
0.011884060373106343,1.8722444435932237,61.77311220507818
0.010025746968790985,0.9335651362010946,71.53273388627369
0.011617263433427656,7.800606568254246,56.338826040030284
0.010591883867922296,1.6521010649969234,81.57463282705865
0.010886142077360177,0.8858539415911522,50.8381075162724
0.010685713863225003,0.8982773062968135,67.62428715256809
0.011983935175915984,2.130407832122361,67.09616744801096
0.012347268002700543,7.311337193348745,98.50709771999674
0.018375546407932288,1.6985330336515,59.09015665582436
0.011189886694574233,1.8254414641501704,56.224770872241486
0.013825121363412723,1.3382162407908862,70.80229581913329
0.011129522366068434,3.096987759329034,56.953315197724756
0.012171374200611157,7.287595753843956,68.03524013449197
0.01151417157367243,6.145239761281221,50.709088508002665
0.011181755801901212,7.667704968545895,70.48068144253013
0.012290626256880877,2.152488286562959,76.28094700773977
0.011796915917874583,7.179062977216065,54.493999427309554
0.01936265042323088,6.876612848853222,54.97597675843542
0.010221507596477122,0.2619040020934631,57.9623876956787
0.011477410493731329,7.285658723122447,69.76745036417812
0.019283878642901896,1.530878915243059,90.40737753572797
0.018678274854625882,4.4021406897134625,83.18503711124237
0.010071921270344612,2.2035561369266867,56.37452765141949
0.010320015402746567,0.6052395794850536,68.77760652670435
0.01156372385795172,0.6759303763142608,50.89421819245389
0.012354557140743752,2.05630324852143,64.59394307494122
0.01331977702696734,3.6552637700375112,78.37483331613308
0.010923735866273522,0.5401393094521119,84.57689622280498
0.010925376334499604,7.844509528617488,76.95608688033948
0.010461927918045386,2.1853997396846543,62.97012209445167
0.030850587383855786,5.433575013379461,52.40986748053312
0.010571589064265176,4.5130995415057775,50.363013860141145
0.012896958556001425,2.3838839563744347,56.45350193714901
0.010025746968790985,0.9335651362010946,71.53273388627369
0.011617263433427656,7.800606568254246,56.338826040030284
0.010591883867922296,1.6521010649969234,81.57463282705865
0.010886142077360177,0.8858539415911522,50.8381075162724
0.010371126952287101,0.8541928634853828,67.30583218000118
0.01193384490638404,3.672808879058372,63.093340684502124
0.012347268002700543,7.311337193348745,98.50709771999674
0.020047252034645524,1.02472435296001,52.8572999672395
0.011167834057224518,1.5316783212757255,56.59985879879862
0.014280646816893177,1.4742706717950533,72.42536237089578
0.011196336499051883,3.02140228231934,57.74647498099512
0.010677327255047041,7.950123976472774,64.55670110300007
0.01151417157367243,6.145239761281221,50.709088508002665
0.011174931430918597,4.659854790810164,63.67637023983342
0.012290626256880877,2.152488286562959,76.28094700773977
0.011822896565315407,7.089177747086466,54.22720773799838
0.022124250556283427,7.133956985808311,56.47734274106509
0.010221507596477122,0.2619040020934631,57.9623876956787
0.011477410493731329,7.285658723122447,69.76745036417812
0.019283878642901896,1.530878915243059,90.40737753572797
0.018678274854625882,4.4021406897134625,83.18503711124237
0.010071921270344612,2.2035561369266867,56.37452765141949
0.010320015402746567,0.6052395794850536,68.77760652670435
0.01156372385795172,0.6759303763142608,50.89421819245389
0.012692583648659887,2.041806926602723,64.76658728800756
0.014072033949734029,4.11200217512672,82.7202458383859
0.010988693585466941,0.8040008007987994,77.13184087941158
0.01084480888863068,7.058365522681798,74.6959606363578
0.010796320769188222,2.123128469439049,63.79808687479586
0.030850587383855786,5.433575013379461,52.40986748053312
0.010571589064265176,4.5130995415057775,50.363013860141145
0.012280587230081835,1.9246959815955331,54.732226951827634
0.010025746968790985,0.9335651362010946,71.53273388627369
0.011594159636967928,7.715536849826205,58.557243499062096
0.01060037815170376,2.278213812542048,79.8828091962061
0.010886142077360177,0.8858539415911522,50.8381075162724
0.010371126952287101,0.8541928634853828,67.30583218000118
0.01077183170554756,3.6875193024547035,50.28081119426488
0.011978190271046336,7.480934173988803,99.4003255281498
0.018008275557679025,2.5282194125297837,53.196926547171174
0.011167834057224518,1.5316783212757255,56.59985879879862
0.013819487940384723,1.7651549787648384,69.51493363146793
0.01082645399397428,0.6200379758228944,59.82403378814976
0.010677327255047041,7.950123976472774,64.55670110300007
0.01151417157367243,6.145239761281221,50.709088508002665
0.010054565052949504,4.406697413333225,64.41299580269701
0.011492048101298039,2.1708691303436876,69.11603245159316
0.011842852272162075,7.0345322697456645,53.84944221973403
0.022124250556283427,7.133956985808311,56.47734274106509
0.010145178624697724,0.2316611083837466,55.06951345853274
0.011477410493731329,7.285658723122447,69.76745036417812
0.019283878642901896,1.530878915243059,90.40737753572797
0.021132885875621527,3.2742085981704703,77.24448141224259
0.010071921270344612,2.2035561369266867,56.37452765141949
0.010320015402746567,0.6052395794850536,68.77760652670435
0.01156372385795172,0.6759303763142608,50.89421819245389
0.013108913719338729,2.337633891906958,66.35880675684513
0.013535877624946787,3.69084096501383,81.2378360834654
0.010988693585466941,0.8040008007987994,77.13184087941158
0.01084480888863068,7.058365522681798,74.6959606363578
0.01072878165318727,2.5862537610253478,59.11681237943711
0.030850587383855786,5.433575013379461,52.40986748053312
0.010768045109159092,4.92760867955141,57.21191762624326
0.012280587230081835,1.9246959815955331,54.732226951827634
0.010025746968790985,0.9335651362010946,71.53273388627369
0.011343871797634873,4.858442847784098,66.23561924495891
0.01060037815170376,2.278213812542048,79.8828091962061
0.010886142077360177,0.8858539415911522,50.8381075162724
0.010044578757683387,0.7807613942707627,67.00425991967568
0.01077183170554756,3.6875193024547035,50.28081119426488
0.011978190271046336,7.480934173988803,99.4003255281498
0.01594404709110065,2.443775201587484,54.02341367430059
0.011167834057224518,1.5316783212757255,56.59985879879862
0.014307825882817076,1.9690359100692827,71.44080100339193
0.010534144305644874,0.4533060077894573,57.76741966611678
0.010682516494426066,7.409171063757377,64.0080816301828
0.01151417157367243,6.145239761281221,50.709088508002665
0.010054565052949504,4.406697413333225,64.41299580269701
0.011492048101298039,2.1708691303436876,69.11603245159316
0.011619598802815573,6.284954313858402,56.02204950159987
0.022124250556283427,7.133956985808311,56.47734274106509
0.01014315168445163,0.23028579388317727,55.0164983711286
0.010560028000651386,7.29873006796882,70.91258939068376
0.019283878642901896,1.530878915243059,90.40737753572797
0.01751037234462358,2.290601256316371,67.26929394203543
0.010071921270344612,2.2035561369266867,56.37452765141949
0.010320015402746567,0.6052395794850536,68.77760652670435
0.01156372385795172,0.6759303763142608,50.89421819245389
0.014762648804469503,3.0907419626378663,63.58363904321891
0.015590148441924237,5.30451060422053,86.91765548976322
0.010976517852534945,1.3332542668543859,76.92571314000716
0.010868613625295235,7.056140599460626,75.25649823065909
0.01072878165318727,2.5862537610253478,59.11681237943711
0.026651187397730064,4.780783291771229,53.211131323729845
0.010782821840127505,5.161103673276225,55.2138992293707
0.011998300792235373,1.4329570978350596,53.22089597408801
0.010025746968790985,0.9335651362010946,71.53273388627369
0.011343871797634873,4.858442847784098,66.23561924495891
0.01060037815170376,2.278213812542048,79.8828091962061
0.010886142077360177,0.8858539415911522,50.8381075162724
0.010131555851228038,1.0102788071746027,66.00159350735271
0.01077183170554756,3.6875193024547035,50.28081119426488
0.011978190271046336,7.480934173988803,99.4003255281498
0.014087917793255696,1.8720556286498704,52.85448304660782
0.011277077278587408,1.5888892045252598,55.17149541452911
0.014307825882817076,1.9690359100692827,71.44080100339193
0.010534144305644874,0.4533060077894573,57.76741966611678
0.010682516494426066,7.409171063757377,64.0080816301828
0.011509830112946554,6.152447877196107,50.7054696018106
0.010054565052949504,4.406697413333225,64.41299580269701
0.011163743915310331,2.1944017725579887,68.84497723835244
0.011738013187287621,6.704698550909754,55.227904709279045
0.022124250556283427,7.133956985808311,56.47734274106509
0.01014315168445163,0.23028579388317727,55.0164983711286
0.010675385469768789,7.074200778670887,70.70649429756169
0.019283878642901896,1.530878915243059,90.40737753572797
0.020427052396909576,2.2958299452481796,61.945181170892965
0.010071921270344612,2.2035561369266867,56.37452765141949
0.010320015402746567,0.6052395794850536,68.77760652670435
0.011492048635217307,0.8399211930589388,51.600082941467235
0.014762648804469503,3.0907419626378663,63.58363904321891
0.015132942812648119,5.744664062623529,86.3898460001118
0.011011915871539272,1.2152506131351357,77.40613405342162
0.010868613625295235,7.056140599460626,75.25649823065909
0.01112853147124003,2.5800949545634815,59.10485221654711
0.03019964094642292,2.9362407594243063,50.65090132703286
0.010795598248407454,5.443319102494484,58.198712138102195
0.011998300792235373,1.4329570978350596,53.22089597408801
0.010025746968790985,0.9335651362010946,71.53273388627369
0.011343871797634873,4.858442847784098,66.23561924495891
0.01060037815170376,2.278213812542048,79.8828091962061
0.01081275487369134,0.8494778012894502,53.163611200574145
0.01014051697853811,0.8309682476012197,67.44822667689078
0.010832798241964245,3.6703042933826593,50.55723129272184
0.011978190271046336,7.480934173988803,99.4003255281498
0.013814565772323945,2.1655647257257393,53.491647857965035
0.010060400852103092,1.064651261542973,52.2351457303444
0.014307825882817076,1.9690359100692827,71.44080100339193
0.010534144305644874,0.4533060077894573,57.76741966611678
0.010682516494426066,7.409171063757377,64.0080816301828
0.011509830112946554,6.152447877196107,50.7054696018106
0.010054565052949504,4.406697413333225,64.41299580269701
0.010911558749311219,2.6973938167991998,67.83731290937594
0.011308362961824341,4.856575831081365,59.33343470677562
0.022124250556283427,7.133956985808311,56.47734274106509
0.01014315168445163,0.23028579388317727,55.0164983711286
0.010675385469768789,7.074200778670887,70.70649429756169
0.01996671162077243,1.0911779247012223,91.9700682990989
0.02247622599159599,2.4052649704506956,58.76533917924164
0.010336171861612125,1.7205650857672503,55.22921436269526
0.010320015402746567,0.6052395794850536,68.77760652670435
0.011492048635217307,0.8399211930589388,51.600082941467235
0.014762648804469503,3.0907419626378663,63.58363904321891
0.014071087039323645,5.23243223861996,77.54152283912971
0.01107875608710828,1.1652681822372117,79.59973114197668
0.010868613625295235,7.056140599460626,75.25649823065909
0.01082078710962956,4.053281687938688,65.4581985188903
0.03019964094642292,2.9362407594243063,50.65090132703286
0.010771108835117211,5.247649243469788,58.07926856613391
0.011998300792235373,1.4329570978350596,53.22089597408801
0.010025746968790985,0.9335651362010946,71.53273388627369
0.011343871797634873,4.858442847784098,66.23561924495891
0.01060037815170376,2.278213812542048,79.8828091962061
0.01081275487369134,0.8494778012894502,53.163611200574145
0.01014051697853811,0.8309682476012197,67.44822667689078
0.010832798241964245,3.6703042933826593,50.55723129272184
0.011978190271046336,7.480934173988803,99.4003255281498
0.013814565772323945,2.1655647257257393,53.491647857965035
0.010060400852103092,1.064651261542973,52.2351457303444
0.014211520666254996,1.731523376797779,73.10449394434723
0.010534144305644874,0.4533060077894573,57.76741966611678
0.010582169184938914,6.385799444675582,62.10910600259335
0.011509830112946554,6.152447877196107,50.7054696018106
0.010054565052949504,4.406697413333225,64.41299580269701
0.010911558749311219,2.6973938167991998,67.83731290937594
0.011528396225136319,6.635592108292525,62.072628098962845
0.022124250556283427,7.133956985808311,56.47734274106509
0.01014315168445163,0.23028579388317727,55.0164983711286
0.010675385469768789,7.074200778670887,70.70649429756169
0.01996671162077243,1.0911779247012223,91.9700682990989
0.02245661122724008,2.394993856626761,59.0248726351007
0.010336171861612125,1.7205650857672503,55.22921436269526
0.010151945428163727,0.7244923808935869,77.41951241033038
0.011492048635217307,0.8399211930589388,51.600082941467235
0.014862951964874646,2.980806308556978,63.630499691667985
0.01646289347822153,7.910784170144082,83.68343365033701
0.01107875608710828,1.1652681822372117,79.59973114197668
0.010868613625295235,7.056140599460626,75.25649823065909
0.010792023887748482,3.968099331198961,64.61468524466696
0.03019964094642292,2.9362407594243063,50.65090132703286
0.010703661763438154,4.701319005194709,62.09935297132351
0.01180663084908507,1.208430334681987,52.607246950546944
0.01036174562948927,2.0729483725077555,62.80002877424816
0.011343871797634873,4.858442847784098,66.23561924495891
0.010468167978772591,2.7937880733724114,76.13561678063972
0.01081275487369134,0.8494778012894502,53.163611200574145
0.01014051697853811,0.8309682476012197,67.44822667689078
0.010832798241964245,3.6703042933826593,50.55723129272184
0.011978190271046336,7.480934173988803,99.4003255281498
0.013980512756340406,2.5255661852093265,55.38349673420411
0.010060400852103092,1.064651261542973,52.2351457303444
0.013547713036920843,2.817748225339733,67.60103492310242
0.010534144305644874,0.4533060077894573,57.76741966611678
0.010582169184938914,6.385799444675582,62.10910600259335
0.011509830112946554,6.152447877196107,50.7054696018106
0.010054565052949504,4.406697413333225,64.41299580269701
0.010911558749311219,2.6973938167991998,67.83731290937594
0.011541459461769784,6.975535514558553,70.07063434715627
0.022124250556283427,7.133956985808311,56.47734274106509
0.01014315168445163,0.23028579388317727,55.0164983711286
0.01067478409058017,7.085676034228527,70.78582446671358
0.01996671162077243,1.0911779247012223,91.9700682990989
0.02245661122724008,2.394993856626761,59.0248726351007
0.010400634411639445,1.7163522480269584,55.47514129868752
0.010151945428163727,0.7244923808935869,77.41951241033038
0.011492048635217307,0.8399211930589388,51.600082941467235
0.014862951964874646,2.980806308556978,63.630499691667985
0.014664377485924258,6.738249982952203,74.1891569848946
0.011061235300598923,1.1444679167977392,77.8584548234245
0.010868613625295235,7.056140599460626,75.25649823065909
0.011064349657752366,2.7511658966902974,59.551704819577026
0.03019964094642292,2.9362407594243063,50.65090132703286
0.010703661763438154,4.701319005194709,62.09935297132351
0.01180663084908507,1.208430334681987,52.607246950546944
0.010378132601411903,1.9189968773617594,62.32166533207126
0.010080965576198107,5.138401275391651,67.05508386144524
0.01045115754953564,2.612728679525655,76.17296063495601
0.01081275487369134,0.8494778012894502,53.163611200574145
0.01014051697853811,0.8309682476012197,67.44822667689078
0.010084479061469035,3.7524063765905575,50.01210049630564
0.011978190271046336,7.480934173988803,99.4003255281498
0.013980512756340406,2.5255661852093265,55.38349673420411
0.010060400852103092,1.064651261542973,52.2351457303444
0.013705038951151993,2.712433700169039,67.62581095622102
0.010534144305644874,0.4533060077894573,57.76741966611678
0.011333898037386313,5.531898519902072,60.621371042572584
0.011509830112946554,6.152447877196107,50.7054696018106
0.010054565052949504,4.406697413333225,64.41299580269701
0.010862523655924492,2.405833551606788,66.5289947889012
0.011541459461769784,6.975535514558553,70.07063434715627
0.01644649296711555,3.8623562818672332,55.78505897838782
0.01014315168445163,0.23028579388317727,55.0164983711286
0.01067478409058017,7.085676034228527,70.78582446671358
0.01996671162077243,1.0911779247012223,91.9700682990989
0.02245661122724008,2.394993856626761,59.0248726351007
0.010400634411639445,1.7163522480269584,55.47514129868752
0.010151945428163727,0.7244923808935869,77.41951241033038
0.011492048635217307,0.8399211930589388,51.600082941467235
0.014053792564193679,3.2207564650045866,63.76217879649733
0.014552226882377634,6.5675912745197795,73.74324808067615
0.011161988754984434,2.269249716798898,71.75995126820214
0.010868613625295235,7.056140599460626,75.25649823065909
0.011003004602588089,2.1449437197588384,57.522937863313885
0.030045649696190738,2.973927674436338,50.88422118197161
0.010988933134187901,6.314097232368132,66.47390126332746
0.01188256324923006,1.229832357445837,52.09464205512775
0.010378132601411903,1.9189968773617594,62.32166533207126
0.010080965576198107,5.138401275391651,67.05508386144524
0.010374025518008357,2.1703176919075755,74.00660981812727
0.010882741184897758,0.9564803516485094,53.545658077615705
0.010318992192031702,2.3569180915964845,69.36223484981896
0.010084479061469035,3.7524063765905575,50.01210049630564
0.011978190271046336,7.480934173988803,99.4003255281498
0.014271751362615957,2.5367499206917414,54.34244135679311
0.010060400852103092,1.064651261542973,52.2351457303444
0.013705038951151993,2.712433700169039,67.62581095622102
0.010853917255076825,0.9399020386257648,59.03883150850267
0.011381888250095938,5.727091154016497,59.939324765018966
0.011509830112946554,6.152447877196107,50.7054696018106
0.010054565052949504,4.406697413333225,64.41299580269701
0.010757003870845026,2.0867172377544465,64.8403049373293
0.011287352944849182,4.74484511468382,65.99342575196532
0.01773952426261576,4.209081112680785,51.474170093103794
0.01014315168445163,0.23028579388317727,55.0164983711286
0.010714361307882319,7.860810606966958,72.99612884177847
0.01996671162077243,1.0911779247012223,91.9700682990989
0.02245661122724008,2.394993856626761,59.0248726351007
0.010400634411639445,1.7163522480269584,55.47514129868752
0.010151945428163727,0.7244923808935869,77.41951241033038
0.011492048635217307,0.8399211930589388,51.600082941467235
0.012615593653527745,2.7114086907670707,63.1985399081576
0.014552226882377634,6.5675912745197795,73.74324808067615
0.011236683199955886,2.620395401164206,76.63199552626277
0.010923208534395556,6.771341728024781,76.05651643063688
0.011003004602588089,2.1449437197588384,57.522937863313885
0.030045649696190738,2.973927674436338,50.88422118197161
0.011206097894983516,3.9512240398361724,60.05376673879922
0.012276958218376082,0.6765265060173911,52.55143040765739
0.010378132601411903,1.9189968773617594,62.32166533207126
0.010080965576198107,5.138401275391651,67.05508386144524
0.01088218489254001,2.113151744511694,74.95819936544767
0.010857151100040496,0.8361789307917884,51.8765108466568
0.010318992192031702,2.3569180915964845,69.36223484981896
0.010084479061469035,3.7524063765905575,50.01210049630564
0.011750565142381066,6.638803975255334,96.66061325265153
0.015662946356059117,1.9198785285501474,51.020296235003045
0.010060400852103092,1.064651261542973,52.2351457303444
0.014127428229499608,1.060692314739354,73.08030785004973
0.010853917255076825,0.9399020386257648,59.03883150850267
0.011540063753166366,6.118248389994501,75.69406394577953
0.012429389529706306,7.700824861384166,51.1527938519288
0.010054565052949504,4.406697413333225,64.41299580269701
0.010757003870845026,2.0867172377544465,64.8403049373293
0.011287352944849182,4.74484511468382,65.99342575196532
0.015761368953853806,2.9298395269371156,51.864277634668426
0.01014315168445163,0.23028579388317727,55.0164983711286
0.010714361307882319,7.860810606966958,72.99612884177847
0.022541026914168892,1.572061073115676,81.47611310418318
0.026269316673543895,2.4878348255685476,53.776311726262676
0.010528109890437974,1.9605253842652826,56.68907206713519
0.010260218782807282,0.7338184273129086,75.33343707757827
0.011492048635217307,0.8399211930589388,51.600082941467235
0.011734300813026743,2.940318808202087,66.72048173987021
0.013696364984701486,7.0244757583657105,64.63548059144668
0.011583850315041604,3.1171490195644074,78.27117679239511
0.010923208534395556,6.771341728024781,76.05651643063688
0.011003004602588089,2.1449437197588384,57.522937863313885
0.030045649696190738,2.973927674436338,50.88422118197161
0.012018858321124058,5.998966185938691,65.60031657250283
0.012461423760880852,0.5558240207293672,51.602279695959865
0.010378132601411903,1.9189968773617594,62.32166533207126
0.010080965576198107,5.138401275391651,67.05508386144524
0.010756626654078791,2.368112593436431,70.96486767080123
0.010857151100040496,0.8361789307917884,51.8765108466568
0.010237981161529946,1.7650489500580813,68.46469102104842
0.010128003784179343,3.644605657749146,50.97175801018406
0.013374652769566264,4.679907841921139,77.71463889053443
0.015662946356059117,1.9198785285501474,51.020296235003045
0.010005002460480524,1.5448523402128396,50.47842497955955
0.013097070015100937,1.2965662612824582,70.12368431491606
0.010851916292824849,0.9313151840205043,59.04884733926185
0.011540063753166366,6.118248389994501,75.69406394577953
0.012429389529706306,7.700824861384166,51.1527938519288
0.010054565052949504,4.406697413333225,64.41299580269701
0.010966363637050955,2.65686836643084,60.4181921474149
0.011287352944849182,4.74484511468382,65.99342575196532
0.015761368953853806,2.9298395269371156,51.864277634668426
0.01015316415752019,0.26056583563817504,55.176733360683215
0.01071886124547587,7.940333236835215,73.13899118135254
0.022541026914168892,1.572061073115676,81.47611310418318
0.026269316673543895,2.4878348255685476,53.776311726262676
0.010528109890437974,1.9605253842652826,56.68907206713519
0.010260218782807282,0.7338184273129086,75.33343707757827
0.011492048635217307,0.8399211930589388,51.600082941467235
0.012077809133199138,2.94218287616317,66.43222187324385
0.013696364984701486,7.0244757583657105,64.63548059144668
0.011255222040550239,1.344285831698902,90.31253807463602
0.010896523869671547,6.446422816898917,74.7484538308158
0.0121182384303699,2.0895704426379957,59.83818657665627
0.02943540951595939,3.0363749083635665,51.866345946928355
0.011918922097729349,4.924773241001217,65.99371710919404
0.012461423760880852,0.5558240207293672,51.602279695959865
0.010378132601411903,1.9189968773617594,62.32166533207126
0.010080965576198107,5.138401275391651,67.05508386144524
0.010856075985508432,2.1661689672989075,74.12781557510812
0.010857151100040496,0.8361789307917884,51.8765108466568
0.010237981161529946,1.7650489500580813,68.46469102104842
0.010128003784179343,3.644605657749146,50.97175801018406
0.013818496509383302,3.2614510025394914,90.18662356236192
0.015662946356059117,1.9198785285501474,51.020296235003045
0.0100204187162566,1.8080229568890274,50.540256413191244
0.012809977243982515,1.6622575305084055,69.83159462588571
0.010851916292824849,0.9313151840205043,59.04884733926185
0.011196430649379193,6.254132598481946,75.48734152852263
0.012429389529706306,7.700824861384166,51.1527938519288
0.010054565052949504,4.406697413333225,64.41299580269701
0.010966363637050955,2.65686836643084,60.4181921474149
0.011363783396283689,5.443676821312378,68.27022190998792
0.013803423652989978,2.14824130494401,60.21731818395552
0.01015316415752019,0.26056583563817504,55.176733360683215
0.010767619495389057,6.945859696120772,70.45931765994102
0.023107951841263595,1.5439122756951678,82.65306109062332
0.025172554671699314,2.297815786569278,54.4379404263229
0.010506465290768565,1.9545320241196755,57.50196331961646
0.010260218782807282,0.7338184273129086,75.33343707757827
0.011492048635217307,0.8399211930589388,51.600082941467235
0.012095235237152314,2.852688250019167,66.87392962522316
0.015039072337017005,7.951983034033603,64.62343614507459
0.011255222040550239,1.344285831698902,90.31253807463602
0.01090458897558443,6.415174759180585,75.01681041441071
0.01202376912021451,0.38592441607449857,62.475178896090576
0.02943540951595939,3.0363749083635665,51.866345946928355
0.011918922097729349,4.924773241001217,65.99371710919404
0.01673944092535291,1.1421031430920745,52.556640512650674
0.010378132601411903,1.9189968773617594,62.32166533207126
0.010080345854081636,5.137981036348888,67.05383170314558
0.011275412804477419,2.3830322221969533,84.48626733303668
0.010857151100040496,0.8361789307917884,51.8765108466568
0.01026940814892179,1.7995696055322472,67.08720398960682
0.010128003784179343,3.644605657749146,50.97175801018406
0.013818496509383302,3.2614510025394914,90.18662356236192
0.015662946356059117,1.9198785285501474,51.020296235003045
0.0100204187162566,1.8080229568890274,50.540256413191244
0.012335376848155437,1.6194014662326228,72.96091335020792
0.010851916292824849,0.9313151840205043,59.04884733926185
0.012167674090153837,6.55341675591413,71.27131128868243
0.012429389529706306,7.700824861384166,51.1527938519288
0.01003787127475923,4.497283568567314,64.66829826479601
0.010966363637050955,2.65686836643084,60.4181921474149
0.01191715886191371,4.990103988812576,66.04986279780934
0.013745722829525287,2.158585887053424,60.22140360796457
0.01015316415752019,0.26056583563817504,55.176733360683215
0.010767619495389057,6.945859696120772,70.45931765994102
0.02540060495589385,1.1728660123304513,88.24894158748492
0.02532095074728963,2.323526086185339,54.34841954355916
0.010572318338275072,1.9975796515122186,54.83924114096901
0.010260218782807282,0.7338184273129086,75.33343707757827
0.012168906632587507,0.8439107819349959,51.305385879410224
0.012098420598301232,3.2372959229511977,67.05597657690423
0.015039072337017005,7.951983034033603,64.62343614507459
0.011255222040550239,1.344285831698902,90.31253807463602
0.010989131943171662,5.192506274460412,78.70484311015106
0.01202376912021451,0.38592441607449857,62.475178896090576
0.029096849725796993,3.072873992225291,52.13940068113637
0.011918922097729349,4.924773241001217,65.99371710919404
0.0183811474079663,1.2366442101342212,52.85591045070293
0.010400844127223505,2.1129636807402603,62.86933866145732
0.010080345854081636,5.137981036348888,67.05383170314558
0.011608398487428638,3.0127954401660775,93.18278500158328
0.010806064844213438,0.8358778142226425,51.898753280907734
0.01026940814892179,1.7995696055322472,67.08720398960682
0.010229083336837813,3.4383321187300435,54.499511777189774
0.014422164059247245,3.4964837338320547,96.75991270906988
0.017700013813596358,2.447329952895733,50.73712826707394
0.0100204187162566,1.8080229568890274,50.540256413191244
0.012335376848155437,1.6194014662326228,72.96091335020792
0.010851916292824849,0.9313151840205043,59.04884733926185
0.012102889393512136,3.776868312556055,67.31137322042412
0.012429389529706306,7.700824861384166,51.1527938519288
0.01003787127475923,4.497283568567314,64.66829826479601
0.011506008211259074,1.5872095103561148,57.94800843971862
0.01191715886191371,4.990103988812576,66.04986279780934
0.014527629887922305,1.8297597029845893,57.069815511754975
0.01015316415752019,0.26056583563817504,55.176733360683215
0.01080416243368785,7.42737573079303,71.21553020392389
0.02540060495589385,1.1728660123304513,88.24894158748492
0.02532095074728963,2.323526086185339,54.34841954355916
0.010572318338275072,1.9975796515122186,54.83924114096901
0.010260218782807282,0.7338184273129086,75.33343707757827
0.012168906632587507,0.8439107819349959,51.305385879410224
0.012061601102818164,3.488692784936827,66.13843676528825
0.015039072337017005,7.951983034033603,64.62343614507459
0.011196570213967891,1.4058397130648634,88.2568297583387
0.010989131943171662,5.192506274460412,78.70484311015106
0.01202376912021451,0.38592441607449857,62.475178896090576
0.028921114227202012,3.0860079242324545,52.254924819503294
0.011914428325044314,4.952813136845282,65.96153069793154
0.0183811474079663,1.2366442101342212,52.85591045070293
0.010438112374895633,2.2018255598447665,61.67337655330217
0.010080345854081636,5.137981036348888,67.05383170314558
0.011608398487428638,3.0127954401660775,93.18278500158328
0.011366042637475019,0.6289606538485376,56.762465754707186
0.01026940814892179,1.7995696055322472,67.08720398960682
0.010229083336837813,3.4383321187300435,54.499511777189774
0.01260344291935131,2.753311328718296,83.76459495107709
0.017700013813596358,2.447329952895733,50.73712826707394
0.0100204187162566,1.8080229568890274,50.540256413191244
0.012368925657199825,1.7613117247012648,74.31300781478149
0.01107792005852509,0.6930231388353374,61.36151023123484
0.01213057398693972,3.6041241239637207,67.50966266943492
0.012429389529706306,7.700824861384166,51.1527938519288
0.01003787127475923,4.497283568567314,64.66829826479601
0.011628224874592316,1.6709304091740629,56.242432015476545
0.012563452822224593,4.938072539621063,65.69661016017446
0.014527629887922305,1.8297597029845893,57.069815511754975
0.010936510671888826,2.3475074970490426,59.973420625479854
0.01080416243368785,7.42737573079303,71.21553020392389
0.018782128439275,1.06297992419129,74.9652606633408
0.02532095074728963,2.323526086185339,54.34841954355916
0.010572318338275072,1.9975796515122186,54.83924114096901
0.0102225738757379,1.3709980239952593,73.52775837663916
0.012168906632587507,0.8439107819349959,51.305385879410224
0.012061601102818164,3.488692784936827,66.13843676528825
0.015039072337017005,7.951983034033603,64.62343614507459
0.0111294403979028,2.631255972034826,85.16567833151773
0.011369563503159066,6.985944535375654,84.84569409953063
0.012341537446778126,0.5301967279162024,67.17243898996992
0.028921114227202012,3.0860079242324545,52.254924819503294
0.011914428325044314,4.952813136845282,65.96153069793154
0.0183811474079663,1.2366442101342212,52.85591045070293
0.010438112374895633,2.2018255598447665,61.67337655330217
0.010080345854081636,5.137981036348888,67.05383170314558
0.011608398487428638,3.0127954401660775,93.18278500158328
0.011366042637475019,0.6289606538485376,56.762465754707186
0.01026940814892179,1.7995696055322472,67.08720398960682
0.010617323942979207,2.919078785403003,53.860232221488495
0.012580158715051032,2.6509979574841633,82.0252998024973
0.017700013813596358,2.447329952895733,50.73712826707394
0.0100204187162566,1.8080229568890274,50.540256413191244
0.013780655340986735,1.1835811223129644,88.44551906046105
0.01107792005852509,0.6930231388353374,61.36151023123484
0.01213057398693972,3.6041241239637207,67.50966266943492
0.012429389529706306,7.700824861384166,51.1527938519288
0.01003787127475923,4.497283568567314,64.66829826479601
0.011628224874592316,1.6709304091740629,56.242432015476545
0.013633900475733778,7.996977251211017,68.8204036301379
0.016948287552246994,1.8414337113746282,60.576602008904615
0.010936510671888826,2.3475074970490426,59.973420625479854
0.011210233518257243,5.082906973858399,68.30540846197344
0.015042646855860802,0.3168425779990014,83.34133342027334
0.02532095074728963,2.323526086185339,54.34841954355916
0.010572318338275072,1.9975796515122186,54.83924114096901
0.010190060553706389,1.3265269067543626,74.14503507480522
0.012185936510752818,0.8231333129357978,51.18560653870664
0.0121340126672476,3.353099716150971,65.95412881948806
0.015039072337017005,7.951983034033603,64.62343614507459
0.011192979435241215,2.819169062514198,83.6112428919993
0.011480251921833192,7.035367220205277,84.06232391994395
0.012341537446778126,0.5301967279162024,67.17243898996992
0.028921114227202012,3.0860079242324545,52.254924819503294
0.010996428637221398,6.58626175849874,69.41781960524419
0.017624042556005633,1.2279115961736748,58.71290682533632
0.01344665984542963,2.2264271715483335,60.19264550375253
0.011178919678113968,5.7614050033834925,66.51539326510519
0.011852051523574957,3.6123559629293904,90.25216917243064
0.010744757270456073,0.6918626615126673,50.132431457807115
0.010588904948833265,2.0657643369246506,66.89305349423145
0.010617323942979207,2.919078785403003,53.860232221488495
0.012580158715051032,2.6509979574841633,82.0252998024973
0.017700013813596358,2.447329952895733,50.73712826707394
0.0100204187162566,1.8080229568890274,50.540256413191244
0.013780655340986735,1.1835811223129644,88.44551906046105
0.01107792005852509,0.6930231388353374,61.36151023123484
0.011442898582901564,2.158990323775929,58.88666487154278
0.012429389529706306,7.700824861384166,51.1527938519288
0.01003787127475923,4.497283568567314,64.66829826479601
0.011628224874592316,1.6709304091740629,56.242432015476545
0.013633900475733778,7.996977251211017,68.8204036301379
0.015488771569514712,1.536812530696107,57.745380068694324
0.010936510671888826,2.3475074970490426,59.973420625479854
0.011212446547816963,5.090983442754961,68.35932494999874
0.015042646855860802,0.3168425779990014,83.34133342027334
0.02532095074728963,2.323526086185339,54.34841954355916
0.011002360774103315,3.318281557554312,53.98556962904949
0.010791397873003318,1.3503916906632318,72.28387968260749
0.012185936510752818,0.8231333129357978,51.18560653870664
0.011730969075437749,3.6402196757600422,67.44403714983127
0.015039072337017005,7.951983034033603,64.62343614507459
0.011192979435241215,2.819169062514198,83.6112428919993
0.011437986964880633,6.686562932213375,83.33965205715276
0.01290760743405244,0.45725443920304654,69.77559434307624
0.022099949131996158,5.4769832458516365,58.332392269972196
0.010996428637221398,6.58626175849874,69.41781960524419
0.016861004813167043,1.43534169024689,57.999686817476544
0.013828259687356955,1.6225622859410622,59.088730047644134
0.01116066598216413,5.843911434035658,66.80570893030483
0.012206732798703209,0.9790379815207357,96.17332405833474
0.010744757270456073,0.6918626615126673,50.132431457807115
0.010084954975666199,1.9176523923895124,63.063358228673806
0.010288126153064884,3.2221639694761746,51.85594279744965
0.012580158715051032,2.6509979574841633,82.0252998024973
0.017700013813596358,2.447329952895733,50.73712826707394
0.0100204187162566,1.8080229568890274,50.540256413191244
0.01353289658619007,1.1434521223504857,85.31879917187472
0.011461532937909654,0.2199112819894653,60.704034130773415
0.011442898582901564,2.158990323775929,58.88666487154278
0.012429389529706306,7.700824861384166,51.1527938519288
0.01003787127475923,4.497283568567314,64.66829826479601
0.012773625632016337,1.6757694179190608,56.66244118551599
0.013633900475733778,7.996977251211017,68.8204036301379
0.01447844856516713,1.6829718342163424,57.28758593120939
0.010852020401854316,2.450590675292312,60.56768141480339
0.011304144675782647,4.336705404370878,65.68699614567257
0.015042646855860802,0.3168425779990014,83.34133342027334
0.019044867747607983,2.7595444311753394,54.189376217075576
0.011396577007056539,3.9201425379365213,50.08477498464447
0.011034458549301228,2.7660132546730463,69.15671640191117
0.012185936510752818,0.8231333129357978,51.18560653870664
0.011964585539305139,1.2111432453062534,54.769279163465136
0.014596219254810245,6.98102369235695,63.204030540502536
0.011678708938727427,1.8427588253607847,67.74944117414121
0.011437986964880633,6.686562932213375,83.33965205715276
0.012873023582063558,0.4747880551580553,68.88472654454847
0.02188188597565474,5.5418916664243945,58.602535869873506
0.010996428637221398,6.58626175849874,69.41781960524419
0.015918217043132694,1.478125160430922,56.58927346581418
0.013381455956740581,1.4452423401731407,69.30720688469916
0.01116066598216413,5.843911434035658,66.80570893030483
0.012206732798703209,0.9790379815207357,96.17332405833474
0.010744757270456073,0.6918626615126673,50.132431457807115
0.010078852172412129,2.8566745044148476,63.43689950718621
0.010288126153064884,3.2221639694761746,51.85594279744965
0.012873230125557867,1.6155068247719182,81.68804836100678
0.01733376055409923,3.204993039856724,52.64844633530757
0.0100204187162566,1.8080229568890274,50.540256413191244
0.012620756077874464,1.0634534322012512,92.80619661516835
0.011461532937909654,0.2199112819894653,60.704034130773415
0.011442898582901564,2.158990323775929,58.88666487154278
0.012429389529706306,7.700824861384166,51.1527938519288
0.010069288890470068,4.328151272265451,64.02225027382438
0.014005983769438925,1.5649018219981485,53.72856671246665
0.013595921890981025,7.842592739165177,68.50072649205951
0.013435819166274163,1.437162986016818,57.994985844102416
0.010914600480320828,3.4766779773211027,66.65587549056565
0.010160332960261597,4.933915649933177,67.26933477810819
0.015042646855860802,0.3168425779990014,83.34133342027334
0.016997678418807602,2.219046449153467,66.49550454975066
0.011396577007056539,3.9201425379365213,50.08477498464447
0.01141394964975639,2.131627480192025,63.28665301376618
0.012185936510752818,0.8231333129357978,51.18560653870664
0.011964585539305139,1.2111432453062534,54.769279163465136
0.014596219254810245,6.98102369235695,63.204030540502536
0.01195311761985177,1.4189954553381607,68.38493315795365
0.011629944490661534,6.730166605687835,89.39185477739451
0.012058440850614617,2.7548152059565574,67.5362754881071
0.017793634038654107,3.539666723041474,74.07754761913984
0.01086022971823245,7.5171014111269745,71.52146444202822
0.021056755183171683,1.1906971550191647,61.85956300640502
0.013621838414522108,1.5658882855738503,61.88148609292916
0.011209260352063247,5.131681935234981,66.13055167863693
0.012206340531121372,0.9796439468498648,96.15417546911031
0.010744757270456073,0.6918626615126673,50.132431457807115
0.010084869532821606,1.930799255731987,63.0685880268633
0.010561874672365865,3.411621860133514,51.44243596059121
0.013431584019474502,1.4033489306764202,90.5889506192239
0.01733376055409923,3.204993039856724,52.64844633530757
0.0100204187162566,1.8080229568890274,50.540256413191244
0.013375918609011689,3.3255696730988213,81.49014328596179
0.011461532937909654,0.2199112819894653,60.704034130773415
0.01153513198438122,0.9854603843858065,56.026994526691325
0.012429389529706306,7.700824861384166,51.1527938519288
0.010069288890470068,4.328151272265451,64.02225027382438
0.013495424554168724,1.5838420720593545,56.405912625085065
0.013595921890981025,7.842592739165177,68.50072649205951
0.012949852104457064,1.6040812104687454,59.26686611409357
0.010914600480320828,3.4766779773211027,66.65587549056565
0.010160332960261597,4.933915649933177,67.26933477810819
0.01522800265045925,0.5504998706026458,80.85821593966621
0.019849229286209087,1.6295093248091457,66.42032782178312
0.011478653320050729,4.046112776225348,50.05760933332196
0.01141394964975639,2.131627480192025,63.28665301376618
0.012185936510752818,0.8231333129357978,51.18560653870664
0.010952357071329355,0.9647055998335965,53.68709680110807
0.014596219254810245,6.98102369235695,63.204030540502536
0.012790926923415845,1.7993144717287022,80.68955893502758
0.011568357767751374,6.635378074030183,88.39071730496944
0.012058440850614617,2.7548152059565574,67.5362754881071
0.02007671256079182,4.645657025197258,83.39761146900642
0.01086022971823245,7.5171014111269745,71.52146444202822
0.021056755183171683,1.1906971550191647,61.85956300640502
0.014646340726207806,1.656072362279294,57.888729142022086
0.011209260352063247,5.131681935234981,66.13055167863693
0.012206340531121372,0.9796439468498648,96.15417546911031
0.010744757270456073,0.6918626615126673,50.132431457807115
0.010084869532821606,1.930799255731987,63.0685880268633
0.011511027253597813,3.382660610409615,51.611471275146975
0.013408827377367115,2.189174259601713,86.86925646147698
0.01733376055409923,3.204993039856724,52.64844633530757
0.0100204187162566,1.8080229568890274,50.540256413191244
0.013375918609011689,3.3255696730988213,81.49014328596179
0.011461532937909654,0.2199112819894653,60.704034130773415
0.011514807352194666,0.9847365485571059,55.94538915974513
0.012413471877569634,7.625979630690146,51.160743947284054
0.010069288890470068,4.328151272265451,64.02225027382438
0.013495424554168724,1.5838420720593545,56.405912625085065
0.013595921890981025,7.842592739165177,68.50072649205951
0.013471059527414732,0.5477670687692981,57.21158585657917
0.01092737981383569,2.5270146542662406,65.51226481510916
0.010160332960261597,4.933915649933177,67.26933477810819
0.01538415171081517,0.4573696306850077,83.06198625991013
0.02016804666981563,1.3332489667909648,65.23271329290287
0.011478653320050729,4.046112776225348,50.05760933332196
0.011787839305651733,1.295848435222268,62.09882301206878
0.012185936510752818,0.8231333129357978,51.18560653870664
0.010952357071329355,0.9647055998335965,53.68709680110807
0.017541796364520804,5.437374275903054,59.38083387732804
0.012790926923415845,1.7993144717287022,80.68955893502758
0.011568357767751374,6.635378074030183,88.39071730496944
0.011249737069000808,1.4080661047781762,68.91681480793616
0.01580496568868799,2.9223470603649155,69.48804840477003
0.01038018555832061,7.814943399246214,71.9763389356744
0.020535391745254667,0.23609875728679297,66.13141360198411
0.014570969865019958,1.6351776950143018,59.07073709809435
0.011209260352063247,5.131681935234981,66.13055167863693
0.012206340531121372,0.9796439468498648,96.15417546911031
0.010744757270456073,0.6918626615126673,50.132431457807115
0.010090541763615969,1.941604634782733,64.17118985828291
0.011511027253597813,3.382660610409615,51.611471275146975
0.013408827377367115,2.189174259601713,86.86925646147698
0.02207782392042635,3.060238648861051,53.49332023572803
0.0100204187162566,1.8080229568890274,50.540256413191244
0.013300237301292555,3.3886571200682125,80.95363321329745
0.01187179145280866,0.32967357931898933,60.42538156003899
0.011514807352194666,0.9847365485571059,55.94538915974513
0.012413471877569634,7.625979630690146,51.160743947284054
0.010069288890470068,4.328151272265451,64.02225027382438
0.013495424554168724,1.5838420720593545,56.405912625085065
0.013466643578327482,7.416584434375045,67.720792089187
0.013471059527414732,0.5477670687692981,57.21158585657917
0.011207113920748626,1.7925788977861359,60.95650049926437
0.010160332960261597,4.933915649933177,67.26933477810819
0.01538415171081517,0.4573696306850077,83.06198625991013
0.02223565930916549,0.6877319237199315,68.84357949349057
0.011478653320050729,4.046112776225348,50.05760933332196
0.011787839305651733,1.295848435222268,62.09882301206878
0.011562088218106462,1.1068630169294051,50.999692308407944
0.011016661054370356,0.9938960462467723,54.63150795043389
0.017541796364520804,5.437374275903054,59.38083387732804
0.012576389455770012,2.166633007529157,75.68168490650744
0.011577377224759142,6.895719312774412,92.24497234122074
0.010832114834150017,1.3020480065409425,65.72670834662122
0.016946232351115354,2.054130112415245,72.86969453382143
0.0104322791089239,7.738125812400896,71.81591583269649
0.020777900952424745,0.3005152076432838,66.51824989412046
0.0146277446555104,1.63252109483333,59.03890939090662
0.011209260352063247,5.131681935234981,66.13055167863693
0.012206340531121372,0.9796439468498648,96.15417546911031
0.010744757270456073,0.6918626615126673,50.132431457807115
0.010090541763615969,1.941604634782733,64.17118985828291
0.011511027253597813,3.382660610409615,51.611471275146975
0.013408827377367115,2.189174259601713,86.86925646147698
0.02207782392042635,3.060238648861051,53.49332023572803
0.0100204187162566,1.8080229568890274,50.540256413191244
0.013668471394368277,4.199593586137777,75.83673549089853
0.011700608390343618,0.48458464890735886,60.78536418335722
0.011514807352194666,0.9847365485571059,55.94538915974513
0.01143377278375292,6.247725683753491,56.53592419668082
0.010069288890470068,4.328151272265451,64.02225027382438
0.013502161735439893,1.8703274996425527,56.18313566445579
0.013466643578327482,7.416584434375045,67.720792089187
0.013535591412436524,0.3672185646790034,57.23298771406724
0.011207113920748626,1.7925788977861359,60.95650049926437
0.010683953958202649,4.542296820907106,66.29601550662278
0.01538415171081517,0.4573696306850077,83.06198625991013
0.02223565930916549,0.6877319237199315,68.84357949349057
0.011478653320050729,4.046112776225348,50.05760933332196
0.010495329280111449,0.862721074042041,66.55894385742016
0.011562088218106462,1.1068630169294051,50.999692308407944
0.011506337053181718,1.1665644549098495,54.93719881442517
0.022811063201092628,7.909460390906166,55.9932615478637
0.010749035532903222,1.9947711923203106,79.94904004893058
0.01158475359332458,6.511961746423064,90.36186376559357
0.010967821809703541,1.330931203776412,65.24164968190404
0.01863677291865752,2.425488274729788,79.06794013264022
0.0104322791089239,7.738125812400896,71.81591583269649
0.020777900952424745,0.3005152076432838,66.51824989412046
0.01738017028253977,1.4450202321830186,55.925488937802164
0.011209260352063247,5.131681935234981,66.13055167863693
0.012297696234534706,0.9375536594836124,93.47923085554989
0.010773449045368531,0.9661047500966227,51.120615352756346
0.010090541763615969,1.941604634782733,64.17118985828291
0.011511027253597813,3.382660610409615,51.611471275146975
0.013408827377367115,2.189174259601713,86.86925646147698
0.02207782392042635,3.060238648861051,53.49332023572803
0.010419173115863073,2.9228254675764607,55.7694632654919
0.013817777715120296,4.345603465225086,76.7393728210459
0.011570500759942027,1.2286666997026892,61.91689915471059
0.011514807352194666,0.9847365485571059,55.94538915974513
0.011579254788486199,6.970911837333351,50.31869323873833
0.010069288890470068,4.328151272265451,64.02225027382438
0.013502161735439893,1.8703274996425527,56.18313566445579
0.013466643578327482,7.416584434375045,67.720792089187
0.013535591412436524,0.3672185646790034,57.23298771406724
0.011207113920748626,1.7925788977861359,60.95650049926437
0.010065764062360052,4.928274182443243,78.9277339939488
0.015444850607696937,0.44705490615145504,83.5711734772517
0.021745635237216794,0.7019944994133135,70.17795222044148
0.011478653320050729,4.046112776225348,50.05760933332196
0.010495329280111449,0.862721074042041,66.55894385742016
0.011563571255284125,1.0407637477039526,50.981923530224506
0.011506337053181718,1.1665644549098495,54.93719881442517
0.022811063201092628,7.909460390906166,55.9932615478637
0.010447753907978653,2.127754595730825,92.44057714999708
0.011784873252179997,5.86662747914858,86.67372330924208
0.010967821809703541,1.330931203776412,65.24164968190404
0.02229665078425819,0.0556157410928817,82.30293839477237
0.0104322791089239,7.738125812400896,71.81591583269649
0.020777900952424745,0.3005152076432838,66.51824989412046
0.01738017028253977,1.4450202321830186,55.925488937802164
0.011209260352063247,5.131681935234981,66.13055167863693
0.012297696234534706,0.9375536594836124,93.47923085554989
0.01075106322555496,1.0897450930014594,51.414364555137844
0.010090541763615969,1.941604634782733,64.17118985828291
0.011511027253597813,3.382660610409615,51.611471275146975
0.013360441288818272,2.184312405238166,87.05554457424738
0.02207782392042635,3.060238648861051,53.49332023572803
0.010419173115863073,2.9228254675764607,55.7694632654919
0.013484778247851565,4.302967750724792,72.94093736975897
0.01185160739741233,0.7924388435051823,62.65983865483872
0.011477581608810348,0.941966097345349,59.734435690381716
0.011579254788486199,6.970911837333351,50.31869323873833
0.011631434733434502,4.76722098231291,63.03789353859236
0.013876516748847663,1.5859923695339888,57.04265846382603
0.01391341006338341,5.842556962230001,71.30050800082176
0.013548706278704487,0.17872105217885714,54.166852267283204
0.011207113920748626,1.7925788977861359,60.95650049926437
0.011354920479005517,3.7975988540159933,71.52413479201982
0.015444850607696937,0.44705490615145504,83.5711734772517
0.020034792071102554,1.7569554504226517,66.83594887084404
0.011478653320050729,4.046112776225348,50.05760933332196
0.010729641838443365,0.9017736813422113,63.14221659067569
0.011563571255284125,1.0407637477039526,50.981923530224506
0.011478300857417603,1.122118950523069,54.68207051443669
0.022811063201092628,7.909460390906166,55.9932615478637
0.011618432769865291,2.675222963591615,88.9893893703875
0.01183071784788629,6.195109836619087,93.73567273939459
0.011072303577153322,1.5191885799993439,66.16260234997907
0.02072037176608039,0.14566760000224804,82.59470001932583
0.0104322791089239,7.738125812400896,71.81591583269649
0.01864052772700269,0.47222464953295484,62.914414446175215
0.01738017028253977,1.4450202321830186,55.925488937802164
0.011073752171815356,6.0704662692077775,74.35859777270863
0.012025338139066359,1.741870191696126,79.79004310588351
0.01075106322555496,1.0897450930014594,51.414364555137844
0.010090541763615969,1.941604634782733,64.17118985828291
0.0114557694534151,3.4238966036964253,51.162538346742174
0.013250279692277812,2.310472197182984,86.3986777245906
0.025945596042028906,3.7331071102387243,54.20322548048833
0.010419173115863073,2.9228254675764607,55.7694632654919
0.014422094841079865,4.422977440208828,83.63265590612731
0.01185160739741233,0.7924388435051823,62.65983865483872
0.011477581608810348,0.941966097345349,59.734435690381716
0.011640694366202202,6.805804675478732,51.58588038183001
0.011631434733434502,4.76722098231291,63.03789353859236
0.013876516748847663,1.5859923695339888,57.04265846382603
0.013499481902575656,5.847237860744585,74.29007656492772
0.013548706278704487,0.17872105217885714,54.166852267283204
0.01169076536187433,1.4133923077632033,75.37968085651117
0.011683509257293487,4.104776549247436,77.05640607926686
0.015444850607696937,0.44705490615145504,83.5711734772517
0.02093821249864098,1.5029741653706372,65.73032593521503
0.011478653320050729,4.046112776225348,50.05760933332196
0.010729641838443365,0.9017736813422113,63.14221659067569
0.011489664377511002,1.1623100004464313,51.291109732001615
0.01148757492417871,0.17469287701331027,56.13073195992122
0.022811063201092628,7.909460390906166,55.9932615478637
0.011618432769865291,2.675222963591615,88.9893893703875
0.01183071784788629,6.195109836619087,93.73567273939459
0.011072303577153322,1.5191885799993439,66.16260234997907
0.02072037176608039,0.14566760000224804,82.59470001932583
0.01044763063709237,7.839231927356171,72.02721273114203
0.018922500730120903,0.3760628072306422,61.685912863321526
0.017130975418441476,1.455046775124838,56.00494682527168
0.011073752171815356,6.0704662692077775,74.35859777270863
0.01213150628863598,2.3220747566519204,90.25843857234896
0.01075106322555496,1.0897450930014594,51.414364555137844
0.010592884333551364,2.487021610004103,59.384589439518464
0.0114557694534151,3.4238966036964253,51.162538346742174
0.012847028141683405,1.6374239949838505,76.68913117510485
0.03661239735058258,3.9607348886412455,56.44165154437462
0.010419173115863073,2.9228254675764607,55.7694632654919
0.017322625362310214,5.628447502350235,74.07618799684275
0.011195295257057963,0.7100657965637982,63.487150992810285
0.012364090434886801,0.8313753763126861,65.06089034693787
0.011640694366202202,6.805804675478732,51.58588038183001
0.011192658269016598,7.12433963446054,61.82635122023596
0.013876516748847663,1.5859923695339888,57.04265846382603
0.013499481902575656,5.847237860744585,74.29007656492772
0.013548706278704487,0.17872105217885714,54.166852267283204
0.0117342012433833,1.1950980082115086,75.50268202155156
0.010147668079132633,5.863659949470255,67.8985580818375
0.01366526951101486,0.3245740993360703,71.23124699393004
0.025803945645051903,0.9919044099483612,52.64921727880107
0.011478653320050729,4.046112776225348,50.05760933332196
0.010729641838443365,0.9017736813422113,63.14221659067569
0.011489664377511002,1.1623100004464313,51.291109732001615
0.01108740042087917,1.2040177863034225,55.995417212954585
0.022811063201092628,7.909460390906166,55.9932615478637
0.011612619232880709,1.59653618900116,98.75718317848995
0.011856079842331944,7.5089798476217,98.52681734808493
0.01117457352469184,2.1551638931351884,62.109303880592364
0.02072037176608039,0.14566760000224804,82.59470001932583
0.01044763063709237,7.839231927356171,72.02721273114203
0.018922500730120903,0.3760628072306422,61.685912863321526
0.014823352256533369,3.658127409696594,58.267137826295304
0.011074788023962815,5.701120641945329,72.96489958270372
0.01213150628863598,2.3220747566519204,90.25843857234896
0.01075106322555496,1.0897450930014594,51.414364555137844
0.010592884333551364,2.487021610004103,59.384589439518464
0.0114557694534151,3.4238966036964253,51.162538346742174
0.01060506432974172,2.102890030023236,82.22560130611893
0.03661239735058258,3.9607348886412455,56.44165154437462
0.010419173115863073,2.9228254675764607,55.7694632654919
0.017322625362310214,5.628447502350235,74.07618799684275
0.011195295257057963,0.7100657965637982,63.487150992810285
0.012359364178062873,0.8448650142182768,64.98857320099253
0.011818684921005792,5.329478635413802,54.905280600643316
0.011192658269016598,7.12433963446054,61.82635122023596
0.013876516748847663,1.5859923695339888,57.04265846382603
0.013499481902575656,5.847237860744585,74.29007656492772
0.013596951750839461,0.3858360631733231,54.590098747666495
0.0117342012433833,1.1950980082115086,75.50268202155156
0.010077303171556976,6.420369892599914,69.8208618339357
0.01366526951101486,0.3245740993360703,71.23124699393004
0.024311757572265155,0.9755847920356036,54.01873850771948
0.011478653320050729,4.046112776225348,50.05760933332196
0.010729641838443365,0.9017736813422113,63.14221659067569
0.011489664377511002,1.1623100004464313,51.291109732001615
0.010268282046165568,1.4834611786298026,51.15422951441679
0.01823338294513096,5.953583812929594,57.672752747012595
0.01134930645368332,1.834541393905535,91.2071974660953
0.011856079842331944,7.5089798476217,98.52681734808493
0.010211473725501538,2.8630144989453745,58.58204016437682
0.019880349360503036,0.2252163714638683,79.96741846846757
0.01044763063709237,7.839231927356171,72.02721273114203
0.018922500730120903,0.3760628072306422,61.685912863321526
0.01395838931446813,3.2451797240710025,56.91646663662204
0.010544521896659432,6.801688442821695,73.31977463158302
0.01213150628863598,2.3220747566519204,90.25843857234896
0.01075106322555496,1.0897450930014594,51.414364555137844
0.010571066037130797,2.6797539830995394,60.4839569143016
0.0114557694534151,3.4238966036964253,51.162538346742174
0.01060506432974172,2.102890030023236,82.22560130611893
0.03651647862347357,3.9660301084798135,56.43570782998701
0.010419173115863073,2.9228254675764607,55.7694632654919
0.016766369018757558,7.454634944336576,78.38412927780348
0.011588172110393232,0.3822936132551935,68.71395825502591
0.01250066037965792,0.7435401714812169,63.600254892482056
0.012239817052144223,6.374162926352032,55.92416940921476
0.011192658269016598,7.12433963446054,61.82635122023596
0.013539139391166587,2.1997293561090543,56.69223969486236
0.013394604805405561,5.665696367281337,73.41716069830781
0.013063224528090759,0.8119388426594196,54.78818018158991
0.0117342012433833,1.1950980082115086,75.50268202155156
0.010077303171556976,6.420369892599914,69.8208618339357
0.01366526951101486,0.3245740993360703,71.23124699393004
0.024311757572265155,0.9755847920356036,54.01873850771948
0.011478653320050729,4.046112776225348,50.05760933332196
0.010729641838443365,0.9017736813422113,63.14221659067569
0.011489664377511002,1.1623100004464313,51.291109732001615
0.010268282046165568,1.4834611786298026,51.15422951441679
0.01823338294513096,5.953583812929594,57.672752747012595
0.011312823299801388,1.7891208746602307,88.78047873660726
0.013067054737835551,7.334999563352621,96.45988901482178
0.010211473725501538,2.8630144989453745,58.58204016437682
0.019880349360503036,0.2252163714638683,79.96741846846757
0.01044763063709237,7.839231927356171,72.02721273114203
0.01597651608478809,1.8285255271993535,57.08388359492131
0.01659641111025706,3.4854525717521088,57.771407313622014
0.010544521896659432,6.801688442821695,73.31977463158302
0.012348222551923197,2.3142084939622745,92.55460463450932
0.01075106322555496,1.0897450930014594,51.414364555137844
0.010571066037130797,2.6797539830995394,60.4839569143016
0.0114557694534151,3.4238966036964253,51.162538346742174
0.010777856967816055,2.3712088686272557,75.91616640787481
0.04318460776122276,2.9753070079298753,52.44756964347931
0.010213409282311757,2.84301951542865,55.71934583217078
0.013837593106511462,5.403064818956512,69.53640875552091
0.011588172110393232,0.3822936132551935,68.71395825502591
0.01250066037965792,0.7435401714812169,63.600254892482056
0.012229834379695326,6.000694328938927,59.08865419102264
0.011192658269016598,7.12433963446054,61.82635122023596
0.013591708316109395,0.9391164813067734,50.60918966033149
0.013394604805405561,5.665696367281337,73.41716069830781
0.013063224528090759,0.8119388426594196,54.78818018158991
0.0117342012433833,1.1950980082115086,75.50268202155156
0.010077303171556976,6.420369892599914,69.8208618339357
0.01366526951101486,0.3245740993360703,71.23124699393004
0.02377297126897056,1.2423191550755233,54.71858201753317
0.011478653320050729,4.046112776225348,50.05760933332196
0.010729641838443365,0.9017736813422113,63.14221659067569
0.011475014356887072,1.0665449329758054,51.136774664647426
0.010635901229529275,1.5910360278287041,64.39653178247403
0.01823338294513096,5.953583812929594,57.672752747012595
0.011312823299801388,1.7891208746602307,88.78047873660726
0.013067054737835551,7.334999563352621,96.45988901482178
0.010211473725501538,2.8630144989453745,58.58204016437682
0.019880349360503036,0.2252163714638683,79.96741846846757
0.01044763063709237,7.839231927356171,72.02721273114203
0.015437450064215286,2.729405405043862,60.222254285489946
0.019409978198535426,1.8647776440556258,56.92265033760179
0.010710939851569313,6.8845335873805364,70.3686796142281
0.012984276086592087,2.291121328686855,99.29375986850407
0.010751676656951158,1.0870748753197188,51.3452126713327
0.011496048851793964,1.9865007601838165,58.36992780538757
0.011726825863055282,4.321698699140301,51.065676554973564
0.010777856967816055,2.3712088686272557,75.91616640787481
0.0340706152821963,2.5495861257852916,54.163089613274316
0.010214065709591732,2.836238390445006,54.74848791471254
0.014121969068294424,5.814930670804273,70.12147408951928
0.011588172110393232,0.3822936132551935,68.71395825502591
0.01365942320226802,0.21690557066221583,63.10544779819182
0.012210155967593839,5.946253480358202,59.15418429347264
0.011192658269016598,7.12433963446054,61.82635122023596
0.013591708316109395,0.9391164813067734,50.60918966033149
0.01282163407002691,5.203961713660662,65.73823756214992
0.013063224528090759,0.8119388426594196,54.78818018158991
0.0117342012433833,1.1950980082115086,75.50268202155156
0.010077303171556976,6.420369892599914,69.8208618339357
0.01366526951101486,0.3245740993360703,71.23124699393004
0.026101806075712143,0.9100694880495656,53.54211647258553
0.011478653320050729,4.046112776225348,50.05760933332196
0.010729641838443365,0.9017736813422113,63.14221659067569
0.011475014356887072,1.0665449329758054,51.136774664647426
0.010635901229529275,1.5910360278287041,64.39653178247403
0.015300659574916721,3.6913691089408616,60.91657547728678
0.011312823299801388,1.7891208746602307,88.78047873660726
0.013067054737835551,7.334999563352621,96.45988901482178
0.010211473725501538,2.8630144989453745,58.58204016437682
0.019880349360503036,0.2252163714638683,79.96741846846757
0.01072909577377031,6.803725320221839,66.02959742612813
0.015437450064215286,2.729405405043862,60.222254285489946
0.020850815695543923,2.0366842589952103,54.898282427647494
0.010282758257045973,6.407619060562803,77.85090425435668
0.012984276086592087,2.291121328686855,99.29375986850407
0.010609838357648282,1.0944642883590794,51.38197150526737
0.011486897896512131,1.9357583445605826,58.35987791806231
0.011726825863055282,4.321698699140301,51.065676554973564
0.011568416464961153,1.8318226670070739,68.6075257948381
0.0340706152821963,2.5495861257852916,54.163089613274316
0.010214065709591732,2.836238390445006,54.74848791471254
0.014121969068294424,5.814930670804273,70.12147408951928
0.011588172110393232,0.3822936132551935,68.71395825502591
0.01365942320226802,0.21690557066221583,63.10544779819182
0.012210155967593839,5.946253480358202,59.15418429347264
0.011146005363257756,7.369115515458481,62.766162520401984
0.012622045982697594,1.152980854102702,55.132173042569605
0.012798698116406104,5.614733624790981,61.00620140326472
0.013063224528090759,0.8119388426594196,54.78818018158991
0.011862215785703218,1.2065556788197287,78.24894993589564
0.010077303171556976,6.420369892599914,69.8208618339357
0.012656148379962309,1.0589768341797803,66.41174010823761
0.026101806075712143,0.9100694880495656,53.54211647258553
0.011478653320050729,4.046112776225348,50.05760933332196
0.0108924282244922,0.29099187568480955,65.7924260945135
0.012071570878342937,1.4758500019527574,52.66179949596835
0.010635901229529275,1.5910360278287041,64.39653178247403
0.015300659574916721,3.6913691089408616,60.91657547728678
0.011312823299801388,1.7891208746602307,88.78047873660726
0.013067054737835551,7.334999563352621,96.45988901482178
0.010211473725501538,2.8630144989453745,58.58204016437682
0.019880349360503036,0.2252163714638683,79.96741846846757
0.010703295435843724,6.869955649469489,66.15385465193283
0.015437450064215286,2.729405405043862,60.222254285489946
0.02059555162160815,2.069349117400209,55.14933119074734
0.010282758257045973,6.407619060562803,77.85090425435668
0.012984276086592087,2.291121328686855,99.29375986850407
0.010609838357648282,1.0944642883590794,51.38197150526737
0.011486897896512131,1.9357583445605826,58.35987791806231
0.011726825863055282,4.321698699140301,51.065676554973564
0.011568416464961153,1.8318226670070739,68.6075257948381
0.0340706152821963,2.5495861257852916,54.163089613274316
0.010214065709591732,2.836238390445006,54.74848791471254
0.01304141233999817,3.966702232009967,68.6730384869481
0.011565904624470807,1.1272255229175459,64.9207280186554
0.013286395019235411,0.22689340221671778,63.4676886550692
0.012210155967593839,5.946253480358202,59.15418429347264
0.011546094925051136,7.054729977576551,62.29871972887592
0.011132753422949773,0.3190837342779451,52.43962167015462
0.012926044953283804,5.9703819382738885,60.68646148731581
0.013063224528090759,0.8119388426594196,54.78818018158991
0.012752058290811066,0.9275677509635102,88.30058832621228
0.010145132610768685,6.204571208765069,69.26936139337265
0.012656148379962309,1.0589768341797803,66.41174010823761
0.026101806075712143,0.9100694880495656,53.54211647258553
0.011478653320050729,4.046112776225348,50.05760933332196
0.0108924282244922,0.29099187568480955,65.7924260945135
0.012071570878342937,1.4758500019527574,52.66179949596835
0.010736472232309925,1.8051627889932735,64.98025528682251
0.020039997827244888,4.462779862213926,63.0906270519913
0.011312823299801388,1.7891208746602307,88.78047873660726
0.012731589698002895,6.791323021585903,81.85517705240112
0.010211473725501538,2.8630144989453745,58.58204016437682
0.019880349360503036,0.2252163714638683,79.96741846846757
0.010704780335843675,6.818303562186356,66.1510170410208
0.01580804665085865,2.684552383627513,59.836249483763545
0.020195870946438058,2.153497365330243,55.265993555164485
0.010281121570263105,6.408010838006067,77.8667809331944
0.012984276086592087,2.291121328686855,99.29375986850407
0.010609838357648282,1.0944642883590794,51.38197150526737
0.011286215655217702,2.081657918636044,58.39483414559411
0.011569931410464918,4.361866009388926,50.987863008114076
0.011568416464961153,1.8318226670070739,68.6075257948381
0.031075225268303416,2.46817111448622,54.71973038077494
0.010214065709591732,2.836238390445006,54.74848791471254
0.012003450132874332,4.502698528063562,72.3339134944728
0.012221533718717943,0.2983704381429244,69.85416830684906
0.013286395019235411,0.22689340221671778,63.4676886550692
0.012210155967593839,5.946253480358202,59.15418429347264
0.011490346171896804,5.796320851428459,68.62750079872913
0.011132753422949773,0.3190837342779451,52.43962167015462
0.013801367295395217,5.896668323641108,57.98490058839055
0.012419674221421088,1.27074881934906,56.24635967788901
0.012752058290811066,0.9275677509635102,88.30058832621228
0.010145132610768685,6.204571208765069,69.26936139337265
0.012465622215001871,1.7278876514194392,63.26554857316791
0.028413809218009563,0.8491219868701616,53.08515414721244
0.011478653320050729,4.046112776225348,50.05760933332196
0.0108924282244922,0.29099187568480955,65.7924260945135
0.012071570878342937,1.4758500019527574,52.66179949596835
0.010736472232309925,1.8051627889932735,64.98025528682251
0.01855085262982141,4.759610285020839,65.34537831731672
0.011312823299801388,1.7891208746602307,88.78047873660726
0.012731589698002895,6.791323021585903,81.85517705240112
0.010211473725501538,2.8630144989453745,58.58204016437682
0.016997600105000475,1.7906684797137542,77.17374545771317
0.010704780335843675,6.818303562186356,66.1510170410208
0.015399499433608832,2.813037292946115,58.91347903610715
0.024515360743885786,0.10198771510204985,53.16286311923656
0.010281121570263105,6.408010838006067,77.8667809331944
0.012984276086592087,2.291121328686855,99.29375986850407
0.010609838357648282,1.0944642883590794,51.38197150526737
0.01221813233651129,1.3406826764037834,61.29020428535792
0.011569931410464918,4.361866009388926,50.987863008114076
0.011568416464961153,1.8318226670070739,68.6075257948381
0.025732630686438114,2.592871411042749,54.78615207688997
0.010186916540085493,2.9557204227969542,54.979423844960316
0.01196033743315483,4.238009430463018,71.96462107923642
0.012221533718717943,0.2983704381429244,69.85416830684906
0.013286395019235411,0.22689340221671778,63.4676886550692
0.012210155967593839,5.946253480358202,59.15418429347264
0.011490346171896804,5.796320851428459,68.62750079872913
0.011132753422949773,0.3190837342779451,52.43962167015462
0.013801367295395217,5.896668323641108,57.98490058839055
0.012419674221421088,1.27074881934906,56.24635967788901
0.012687569310320612,0.9941515594607897,82.08144391976683
0.010145132610768685,6.204571208765069,69.26936139337265
0.012556696984059814,1.3479627914394952,62.76483027490238
0.028413809218009563,0.8491219868701616,53.08515414721244
0.011478653320050729,4.046112776225348,50.05760933332196
0.010769885977747171,0.27666778695279004,72.60104485363527
0.012052311199256996,1.480927169733786,52.260705577697095
0.013780907805532004,1.428847473137179,62.36921092954438
0.017942567160688233,4.413397120266343,65.0835049244043
0.011312823299801388,1.7891208746602307,88.78047873660726
0.012731589698002895,6.791323021585903,81.85517705240112
0.010224036437191018,2.815588958374534,60.42502947206332
0.015598555652516902,3.4306405679480405,78.70902790603684
0.010704780335843675,6.818303562186356,66.1510170410208
0.014817848735427552,2.8289587168911514,58.474493988702456
0.024515360743885786,0.10198771510204985,53.16286311923656
0.010281121570263105,6.408010838006067,77.8667809331944
0.012984276086592087,2.291121328686855,99.29375986850407
0.010656061226261171,3.881137536002144,58.57233834102004
0.01221813233651129,1.3406826764037834,61.29020428535792
0.011570749387032083,4.359401247317683,51.01061977090666
0.011568416464961153,1.8318226670070739,68.6075257948381
0.019278736236117616,1.4968488504296038,61.98374577014887
0.010186916540085493,2.9557204227969542,54.979423844960316
0.012268994516930216,4.141834908278752,88.56574886439694
0.011710397478273642,0.9659495262216593,66.11733710259776
0.013286395019235411,0.22689340221671778,63.4676886550692
0.012282426424085639,6.440434496841053,55.448229823579126
0.010615051064870172,7.850020935500749,50.66010738184314
0.011268452543417299,0.46361546070237725,55.873587383149136
0.013801367295395217,5.896668323641108,57.98490058839055
0.012563536610622667,3.816961027867329,68.0577186155657
0.0128077868743083,0.6845491516290183,85.22628914936664
0.010145132610768685,6.204571208765069,69.26936139337265
0.012556696984059814,1.3479627914394952,62.76483027490238
0.029888688423479325,0.3519845188764723,51.99697649434275
0.011499308008859123,4.054341334255025,50.99698536426009
0.010769885977747171,0.27666778695279004,72.60104485363527
0.012052311199256996,1.480927169733786,52.260705577697095
0.012851940241613746,1.5644515431681358,72.31020405913614
0.022377018607186133,4.73732182500047,69.04609719207221
0.011312823299801388,1.7891208746602307,88.78047873660726
0.011974575808728476,6.672907832417258,80.62305686116544
0.010400123824501981,2.6225946319073294,65.88971895833632
0.012910559127530353,3.2314648965607495,67.08920076342613
0.010704780335843675,6.818303562186356,66.1510170410208
0.014817848735427552,2.8289587168911514,58.474493988702456
0.0211561606458857,1.3559806952011528,62.78678989301017
0.010281121570263105,6.408010838006067,77.8667809331944
0.012984276086592087,2.291121328686855,99.29375986850407
0.010656061226261171,3.881137536002144,58.57233834102004
0.01221813233651129,1.3406826764037834,61.29020428535792
0.011930485840866914,3.2907365747689603,60.960701069488834
0.01137059739154502,1.975270853599774,75.29020407064245
0.01726817128527176,1.237509366445745,60.45010841493091
0.010038747036438653,3.018668824830638,54.67476503988595
0.012276943447681045,4.139358099363545,88.99328227310997
0.011710397478273642,0.9659495262216593,66.11733710259776
0.013372601917145902,0.042261981799491366,64.06926017297556
0.0117670035380935,5.654379079312777,55.27054781909162
0.010615051064870172,7.850020935500749,50.66010738184314
0.011259299768505374,0.43025547216545235,55.573002508067134
0.01351458684039274,5.3650119675082335,59.36759903299808
0.01312083196999736,3.6926541421685375,76.99176479016252
0.0128077868743083,0.6845491516290183,85.22628914936664
0.010145132610768685,6.204571208765069,69.26936139337265
0.013566660121641563,0.6778337012823985,66.00979853795998
0.029888688423479325,0.3519845188764723,51.99697649434275
0.011499308008859123,4.054341334255025,50.99698536426009
0.010369070786559685,0.3127660050432671,73.91492965227339
0.012052311199256996,1.480927169733786,52.260705577697095
0.012851940241613746,1.5644515431681358,72.31020405913614
0.018752107560054125,3.5298385797915235,70.28830188449822
0.01146194698690289,1.3141098309569368,95.63950646941667
0.011974575808728476,6.672907832417258,80.62305686116544
0.010400123824501981,2.6225946319073294,65.88971895833632
0.013081506844592477,2.566113941495036,66.80796152146281
0.010704780335843675,6.818303562186356,66.1510170410208
0.01483018445304799,2.8308260789264788,58.41528946059321
0.0211561606458857,1.3559806952011528,62.78678989301017
0.010281121570263105,6.408010838006067,77.8667809331944
0.012984276086592087,2.291121328686855,99.29375986850407
0.011036569138091767,3.2270289937736134,56.85228373084117
0.011853221096940068,0.3899114661686496,54.942936939204486
0.01171977711818546,3.324435360182914,61.142134972134386
0.01137059739154502,1.975270853599774,75.29020407064245
0.01726817128527176,1.237509366445745,60.45010841493091
0.010038747036438653,3.018668824830638,54.67476503988595
0.011730505491650398,4.428609571406847,96.76455123722288
0.011729976776680527,2.587616209466462,62.36557404376252
0.013014732780171201,1.2931373741086034,62.108129894286904
0.0117670035380935,5.654379079312777,55.27054781909162
0.010615051064870172,7.850020935500749,50.66010738184314
0.011259299768505374,0.43025547216545235,55.573002508067134
0.015325406087112355,3.8130731690636086,64.80560521511529
0.015400451566868699,6.492627947670921,79.54068281360526
0.012866275778871486,1.2169706266974885,89.88827920354646
0.010145132610768685,6.204571208765069,69.26936139337265
0.013566660121641563,0.6778337012823985,66.00979853795998
0.029888688423479325,0.3519845188764723,51.99697649434275
0.011271942925966795,5.11239042871268,50.47741177757953
0.010369070786559685,0.3127660050432671,73.91492965227339
0.012052311199256996,1.480927169733786,52.260705577697095
0.012851940241613746,1.5644515431681358,72.31020405913614
0.01784456009589098,3.4942203174117283,68.70787761117835
0.01146194698690289,1.3141098309569368,95.63950646941667
0.011974575808728476,6.672907832417258,80.62305686116544
0.010348679046554506,2.4902517816296017,65.4083112657362
0.013081506844592477,2.566113941495036,66.80796152146281
0.010532543425800163,5.835714032442482,63.183246232381194
0.01483018445304799,2.8308260789264788,58.41528946059321
0.0211561606458857,1.3559806952011528,62.78678989301017
0.010281121570263105,6.408010838006067,77.8667809331944
0.012984276086592087,2.291121328686855,99.29375986850407
0.011036569138091767,3.2270289937736134,56.85228373084117
0.011453034918593208,1.9218502191927342,60.77832163674057
0.011713193457602716,3.8000363032467632,60.352431317334265
0.011530001376434179,0.7358252495105138,80.48662343208488
0.015031864295908765,1.267012559118297,74.00354568789855
0.010038747036438653,3.018668824830638,54.67476503988595
0.011858735406161107,4.816269931966769,98.91669633201455
0.011729976776680527,2.587616209466462,62.36557404376252
0.013014732780171201,1.2931373741086034,62.108129894286904
0.0117670035380935,5.654379079312777,55.27054781909162
0.010615051064870172,7.850020935500749,50.66010738184314
0.011259299768505374,0.43025547216545235,55.573002508067134
0.017245017690742197,2.5645680001185704,64.24666183997614
0.014195677439754186,6.089849463537641,71.0594901992497
0.01277886631948125,0.4212868358819122,82.92111109941003
0.011381573998877688,4.085013123090764,70.65838648840827
0.013931290632463848,0.7965764666155528,58.18239430978858
0.029888688423479325,0.3519845188764723,51.99697649434275
0.011271942925966795,5.11239042871268,50.47741177757953
0.010369070786559685,0.3127660050432671,73.91492965227339
0.011829218215419022,1.0012059688607353,50.30402786461677
0.011745120824596526,1.7154711359267023,71.4504386050759
0.019979183723057334,4.116730004075915,67.74806225174513
0.01146194698690289,1.3141098309569368,95.63950646941667
0.011974575808728476,6.672907832417258,80.62305686116544
0.010396774498150657,2.6849930883501494,64.48441157545778
0.013448872634554868,1.2031603941913733,62.22303865956636
0.010532543425800163,5.835714032442482,63.183246232381194
0.013128762082283644,2.8975283693413045,57.08704255378391
0.0211561606458857,1.3559806952011528,62.78678989301017
0.010138244640229317,6.7332332037085445,86.21107684022846
0.012984276086592087,2.291121328686855,99.29375986850407
0.011036569138091767,3.2270289937736134,56.85228373084117
0.011453034918593208,1.9218502191927342,60.77832163674057
0.010684825503006605,3.8513285156341417,58.95103523032145
0.01151247704123221,1.0455978565387465,78.42297851055102
0.015038491557158662,1.2602248022694122,74.04355964956376
0.010038747036438653,3.018668824830638,54.67476503988595
0.011858735406161107,4.816269931966769,98.91669633201455
0.011729976776680527,2.587616209466462,62.36557404376252
0.0130830085422587,1.168188049576826,62.07855745768498
0.011733656629110538,5.671292461538224,55.77766382515905
0.010615051064870172,7.850020935500749,50.66010738184314
0.010866017669489098,0.34302526546304724,53.65165625802348
0.017641152747387787,2.4421577977850077,64.09880059761318
0.013728950782749744,6.010503379432885,68.1625058579041
0.01277886631948125,0.4212868358819122,82.92111109941003
0.010857896882133894,1.7996554440684749,61.85863282252856
0.014347062948353192,0.15740632838435342,55.940245282219905
0.029888688423479325,0.3519845188764723,51.99697649434275
0.011282719696784665,5.106952010812629,51.36702622535137
0.010607689085968066,1.2017776953824284,73.14745476206294
0.011838224315578526,0.9791650797523563,50.05326569732282
0.011065209781271595,0.04235347257018951,72.15952593568184
0.019979183723057334,4.116730004075915,67.74806225174513
0.01146194698690289,1.3141098309569368,95.63950646941667
0.012067850476635148,7.484356879433117,81.71156810374612
0.010396774498150657,2.6849930883501494,64.48441157545778
0.014557113494833128,1.1987492150772507,56.384733011314665
0.010532543425800163,5.835714032442482,63.183246232381194
0.013808125637796452,1.5468102343482224,57.72466043891811
0.018936217531609144,2.2920792922968736,62.86963460611166
0.010138244640229317,6.7332332037085445,86.21107684022846
0.012539282747160072,1.9977356765870211,92.22897858854489
0.010600284789256611,1.6972441257985187,57.524853317638126
0.011465700372523771,2.006535397358049,59.285843873300124
0.010684825503006605,3.8513285156341417,58.95103523032145
0.011615428845379397,2.1667187660435463,84.51630487347157
0.014717397955114137,1.1144082340852266,75.27045714872484
0.010038747036438653,3.018668824830638,54.67476503988595
0.011858735406161107,4.816269931966769,98.91669633201455
0.010578134305699932,3.515348392847225,62.46108786351056
0.012916758755476517,1.136265956959165,62.05608834587068
0.011733656629110538,5.671292461538224,55.77766382515905
0.010615051064870172,7.850020935500749,50.66010738184314
0.010866017669489098,0.34302526546304724,53.65165625802348
0.017150593610457166,2.2193827272661633,65.97322529638788
0.013845469216502622,6.883985499975832,69.25996023414672
0.01205219591192544,1.5914946621642803,72.04842783345157
0.01117875943999085,2.766763141682516,73.7392157151949
0.014347062948353192,0.15740632838435342,55.940245282219905
0.029888688423479325,0.3519845188764723,51.99697649434275
0.012304050185358222,3.457292852210184,52.89125757616843
0.011346799547091776,1.2115273667802096,73.29693569715819
0.011838224315578526,0.9791650797523563,50.05326569732282
0.011065209781271595,0.04235347257018951,72.15952593568184
0.019979183723057334,4.116730004075915,67.74806225174513
0.01146194698690289,1.3141098309569368,95.63950646941667
0.012067850476635148,7.484356879433117,81.71156810374612
0.010396774498150657,2.6849930883501494,64.48441157545778
0.014643137821631904,1.2202268924906687,56.51212420580646
0.010543259716974694,6.097337071610087,61.55671075210195
0.014146957168770593,1.702868697815433,56.07817302938241
0.018936217531609144,2.2920792922968736,62.86963460611166
0.010138244640229317,6.7332332037085445,86.21107684022846
0.012400796684341155,1.479679858468387,94.66422730178344
0.010600284789256611,1.6972441257985187,57.524853317638126
0.011465700372523771,2.006535397358049,59.285843873300124
0.010684825503006605,3.8513285156341417,58.95103523032145
0.0121962279874562,0.371257063684153,83.84995459645367
0.014828066356064932,1.1646654996623795,74.84759358651704
0.010016571868334191,2.832766870409908,54.82924202435413
0.011880315768279432,5.09161250942414,97.14115286392982
0.010578134305699932,3.515348392847225,62.46108786351056
0.012916758755476517,1.136265956959165,62.05608834587068
0.011733656629110538,5.671292461538224,55.77766382515905
0.010615051064870172,7.850020935500749,50.66010738184314
0.010866017669489098,0.34302526546304724,53.65165625802348
0.017150593610457166,2.2193827272661633,65.97322529638788
0.012934915777353095,5.017762662217601,65.4436374943037
0.011947617083037997,1.292217974440026,61.298270631949094
0.01117875943999085,2.766763141682516,73.7392157151949
0.014347062948353192,0.15740632838435342,55.940245282219905
0.03472374827396853,0.4125185471951317,50.770210309141184
0.011564242558866171,2.6930459237443847,54.90325375560952
0.011414051157757496,1.179728525812724,70.1160332569232
0.011342018296195312,1.1988818159469652,55.667083476805104
0.011065209781271595,0.04235347257018951,72.15952593568184
0.020062454091257,4.119107799200662,67.82687691132604
0.01146194698690289,1.3141098309569368,95.63950646941667
0.012067850476635148,7.484356879433117,81.71156810374612
0.01015910781470524,1.7226667360220072,69.04991970434472
0.014643137821631904,1.2202268924906687,56.51212420580646
0.010704063418499617,5.913398047213546,62.05373873261641
0.014146957168770593,1.702868697815433,56.07817302938241
0.01708796977535915,3.6892986493057474,67.9399171101888
0.01040878726431925,4.357734862073593,74.10742538708675
0.012400796684341155,1.479679858468387,94.66422730178344
0.010600284789256611,1.6972441257985187,57.524853317638126
0.011396024297448414,1.9816338329836514,59.144063539624966
0.010684825503006605,3.8513285156341417,58.95103523032145
0.0121962279874562,0.371257063684153,83.84995459645367
0.014855620287885342,1.1645439285587238,74.8857811993872
0.010016571868334191,2.832766870409908,54.82924202435413
0.011880315768279432,5.09161250942414,97.14115286392982
0.010578134305699932,3.515348392847225,62.46108786351056
0.013167606232600769,1.0959001660226568,62.252237853278594
0.011733656629110538,5.671292461538224,55.77766382515905
0.010615051064870172,7.850020935500749,50.66010738184314
0.010866017669489098,0.34302526546304724,53.65165625802348
0.017150593610457166,2.2193827272661633,65.97322529638788
0.013877246491435272,3.8672973153519443,71.44871805463525
0.011947617083037997,1.292217974440026,61.298270631949094
0.010613546972629647,4.0974872257803785,68.12261392032151
0.014347062948353192,0.15740632838435342,55.940245282219905
0.03472374827396853,0.4125185471951317,50.770210309141184
0.010949916267524465,2.986914787758556,54.58223880298301
0.010676966828878264,1.941591601340791,57.17387259828112
0.011342018296195312,1.1988818159469652,55.667083476805104
0.011065209781271595,0.04235347257018951,72.15952593568184
0.020062454091257,4.119107799200662,67.82687691132604
0.01146194698690289,1.3141098309569368,95.63950646941667
0.012067850476635148,7.484356879433117,81.71156810374612
0.01015910781470524,1.7226667360220072,69.04991970434472
0.013740147744317845,1.864991492215045,59.1139161489165
0.010998141755388682,7.462750528843507,50.04894906523513
0.014146957168770593,1.702868697815433,56.07817302938241
0.020116533513631206,3.5921401009489786,66.29579823572863
0.010195786528438616,6.227986902961882,83.63674327196426
0.012227512847195556,1.3513461586463835,90.03371332361684
0.010600284789256611,1.6972441257985187,57.524853317638126
0.011329833192338542,2.1307920029314142,58.467204571882654
0.010662255304845977,3.8763772696891605,58.92102500973274
0.0121962279874562,0.371257063684153,83.84995459645367
0.014855620287885342,1.1645439285587238,74.8857811993872
0.010016571868334191,2.832766870409908,54.82924202435413
0.011880315768279432,5.09161250942414,97.14115286392982
0.010578134305699932,3.515348392847225,62.46108786351056
0.013455730730879557,1.0495358437877274,62.477536026724216
0.011733656629110538,5.671292461538224,55.77766382515905
0.010638171542252887,7.449013485436233,51.76433307448151
0.010866017669489098,0.34302526546304724,53.65165625802348
0.021699772424615144,1.8282437246396321,73.07945155122692
0.013336773957806598,3.809639765336982,69.97633185276015
0.011947617083037997,1.292217974440026,61.298270631949094
0.010613546972629647,4.0974872257803785,68.12261392032151
0.014347062948353192,0.15740632838435342,55.940245282219905
0.03472374827396853,0.4125185471951317,50.770210309141184
0.010873970518480247,3.158054534163216,53.80563050769682
0.011102006520866545,1.7972702569311947,58.040520255329355
0.011332506526593815,1.1165129264832832,55.32577987545325
0.011065209781271595,0.04235347257018951,72.15952593568184
0.019468588157689683,4.056993437246494,66.92066202621282
0.01146194698690289,1.3141098309569368,95.63950646941667
0.012067850476635148,7.484356879433117,81.71156810374612
0.01015910781470524,1.7226667360220072,69.04991970434472
0.012901794125310825,2.3025553125961964,60.00136130841411
0.010998141755388682,7.462750528843507,50.04894906523513
0.01622630752736227,1.638403312823368,54.7381160367468
0.021001379437256967,4.220296271811837,66.25835896438738
0.010195786528438616,6.227986902961882,83.63674327196426
0.012227512847195556,1.3513461586463835,90.03371332361684
0.010600284789256611,1.6972441257985187,57.524853317638126
0.011329833192338542,2.1307920029314142,58.467204571882654
0.010662255304845977,3.8763772696891605,58.92102500973274
0.0121962279874562,0.371257063684153,83.84995459645367
0.01743501887736968,1.1997091566493132,89.2063632877645
0.010016571868334191,2.832766870409908,54.82924202435413
0.011807305752091364,5.115876439307778,97.32005738623039
0.011065666886443948,2.8757004482225312,70.61115948761713
0.01558297863282094,0.3737487423073804,66.48762032225363
0.011733656629110538,5.671292461538224,55.77766382515905
0.010638171542252887,7.449013485436233,51.76433307448151
0.010866017669489098,0.34302526546304724,53.65165625802348
0.01659982214106452,1.9770373812947621,65.89312852112965
0.01322045259629683,3.6548076426075204,71.56857234129626
0.011947617083037997,1.292217974440026,61.298270631949094
0.010613546972629647,4.0974872257803785,68.12261392032151
0.014347062948353192,0.15740632838435342,55.940245282219905
0.02418005225192564,2.824292908863826,53.066724326266076
0.010873970518480247,3.158054534163216,53.80563050769682
0.011065704181458478,1.5735626751763185,57.365378063161906
0.011332506526593815,1.1165129264832832,55.32577987545325
0.011065209781271595,0.04235347257018951,72.15952593568184
0.019831915902824744,4.934498909903088,59.17036430374783
0.01146194698690289,1.3141098309569368,95.63950646941667
0.011684749324481507,4.640825699535489,78.06180764925081
0.01015910781470524,1.7226667360220072,69.04991970434472
0.0129916251294437,2.172243238888403,59.216740416254055
0.010998141755388682,7.462750528843507,50.04894906523513
0.01622630752736227,1.638403312823368,54.7381160367468
0.01937244424399788,4.293822340393312,68.32209367660232
0.010195786528438616,6.227986902961882,83.63674327196426
0.01184826952723214,3.2366266068681036,77.69898799424868
0.010600284789256611,1.6972441257985187,57.524853317638126
0.011328263651629217,2.72628517703125,60.311565761135704
0.01058048504881019,4.153813326323947,60.89673148342106
0.0121962279874562,0.371257063684153,83.84995459645367
0.018235024401578374,1.0777028068100396,93.2343319771571
0.010016571868334191,2.832766870409908,54.82924202435413
0.011466340584451411,6.104801206881732,77.40097863473619
0.011065666886443948,2.8757004482225312,70.61115948761713
0.01558297863282094,0.3737487423073804,66.48762032225363
0.011733656629110538,5.671292461538224,55.77766382515905
0.010638171542252887,7.449013485436233,51.76433307448151
0.010866017669489098,0.34302526546304724,53.65165625802348
0.01653765173872262,1.926820209819323,65.61845435381208
0.01314371349617724,3.580686290514042,71.06274050486374
0.013496257519846946,0.9194995491217147,54.586246591584455
0.010613546972629647,4.0974872257803785,68.12261392032151
0.014347062948353192,0.15740632838435342,55.940245282219905
0.02418005225192564,2.824292908863826,53.066724326266076
0.010873970518480247,3.158054534163216,53.80563050769682
0.010542789027756499,1.0684853656671236,53.918541547184304
0.011332506526593815,1.1165129264832832,55.32577987545325
0.011065209781271595,0.04235347257018951,72.15952593568184
0.02036993474520666,4.885549030635591,59.395762963181184
0.01146194698690289,1.3141098309569368,95.63950646941667
0.011360917587226484,3.597030544875557,72.03300012311045
0.01015910781470524,1.7226667360220072,69.04991970434472
0.013484189886547418,0.8021705144982425,60.56333051394343
0.010998141755388682,7.462750528843507,50.04894906523513
0.01589017913895478,1.5358980159496043,55.45216999460918
0.02385746559468701,5.983232473460646,52.83391693632569
0.010195786528438616,6.227986902961882,83.63674327196426
0.011860500576078193,3.297493872271483,77.13098759332384
0.010571324099398281,1.6239088852046542,56.71049355461665
0.01132937888383234,2.3031593794333194,59.00106073235677
0.010577285426833795,3.270199905485299,59.43461459212898
0.011876032575935707,0.6475353761840759,73.27558510706527
0.018235024401578374,1.0777028068100396,93.2343319771571
0.010016571868334191,2.832766870409908,54.82924202435413
0.011487184314186315,6.164372054023489,77.11908255377337
0.011106564958908964,2.7869072709972564,68.81059423112143
0.015235345517910018,0.7542746521178829,67.51977376290398
0.01219114285515346,7.264315275881492,55.410508349801376
0.011559918963188181,6.106697905011745,54.92334704635899
0.010866017669489098,0.34302526546304724,53.65165625802348
0.015990190644876886,2.232990061853261,67.0222023018934
0.014226754809543926,2.7937068703382444,65.8670825034831
0.013496257519846946,0.9194995491217147,54.586246591584455
0.011195008885098822,5.329342141137871,81.07053987263667
0.012768602975437263,3.600662453080057,53.16347786032971
0.02585893121851349,3.141695904507795,51.89001748212946
0.010873970518480247,3.158054534163216,53.80563050769682
0.010373740794224599,0.4150992058955483,53.65463199363352
0.011332506526593815,1.1165129264832832,55.32577987545325
0.011065209781271595,0.04235347257018951,72.15952593568184
0.018247596806830326,4.489472200632266,63.81910525951547
0.012332251900972977,1.7213712646616353,91.55832747026889
0.012089821546527553,4.920236453805808,75.01043026596368
0.010603170283074101,2.221464261367057,68.93775055660728
0.013484189886547418,0.8021705144982425,60.56333051394343
0.010998141755388682,7.462750528843507,50.04894906523513
0.01589017913895478,1.5358980159496043,55.45216999460918
0.02297478705019069,5.301148267750365,55.58314560989777
0.010158044609727298,6.370582449149458,84.25112685108834
0.011860500576078193,3.297493872271483,77.13098759332384
0.010571324099398281,1.6239088852046542,56.71049355461665
0.010438831897643993,2.316566716501961,57.468451432353625
0.010154817018238931,3.2030443493865093,59.19312390120599
0.011990797088578913,0.41578216945710533,74.49865014844309
0.018235024401578374,1.0777028068100396,93.2343319771571
0.010016571868334191,2.832766870409908,54.82924202435413
0.011666760878214746,6.965325216266099,78.78101939812245
0.011106564958908964,2.7869072709972564,68.81059423112143
0.017274856683920873,0.8965634948197576,73.33639462452638
0.01219114285515346,7.264315275881492,55.410508349801376
0.01162154702552639,6.862159518388253,52.77616169809349
0.010821930317209355,0.21204795312837899,52.61077205074979
0.01464121665132655,2.92722964974302,51.27071017382766
0.01391906670794272,2.985212426168101,65.11309902080819
0.013496257519846946,0.9194995491217147,54.586246591584455
0.010997874972994084,4.911704505030885,76.68078494306049
0.012768602975437263,3.600662453080057,53.16347786032971
0.02585893121851349,3.141695904507795,51.89001748212946
0.010040353504124975,3.869684314628826,53.55747504307035
0.010373740794224599,0.4150992058955483,53.65463199363352
0.011438347845703195,1.0038479849709598,58.40843364263914
0.011065209781271595,0.04235347257018951,72.15952593568184
0.019544113802427387,5.096180679365323,57.73926146118116
0.012567952600624092,1.7344166325677643,96.22272019999926
0.011711855863846167,5.204006802137158,76.81843724995498
0.010651514961475837,1.873173940770487,67.07849837494683
0.013484189886547418,0.8021705144982425,60.56333051394343
0.010998141755388682,7.462750528843507,50.04894906523513
0.01589017913895478,1.5358980159496043,55.45216999460918
0.017127913449652445,5.789013769595428,68.66120062102605
0.010158044609727298,6.370582449149458,84.25112685108834
0.01170776439914503,3.345508772819916,75.15283525646464
0.010571324099398281,1.6239088852046542,56.71049355461665
0.01213780726527514,2.721061665355322,57.212939338235024
0.010154817018238931,3.2030443493865093,59.19312390120599
0.011990797088578913,0.41578216945710533,74.49865014844309
0.017270084320244287,1.4129578560153264,90.56130211320153
0.01003116029145655,2.8636731436244,55.15409532652009
0.011666760878214746,6.965325216266099,78.78101939812245
0.011764276994826878,3.025048626002465,63.68793609994741
0.017274856683920873,0.8965634948197576,73.33639462452638
0.01219114285515346,7.264315275881492,55.410508349801376
0.01162154702552639,6.862159518388253,52.77616169809349
0.010888537693357745,0.16558737685074768,57.96301667306137
0.01644568446265983,0.5758286132992714,50.371095595514156
0.013973597578531765,3.0246090778763874,65.31943910041565
0.014015216850524825,0.4764820624326931,54.74073311430282
0.011654486170384962,3.771098454531922,70.76200481518666
0.012988913287949901,3.468459313820972,54.14972983017433
0.025592830284414697,3.1390744455836237,52.19068902785798
0.010040353504124975,3.869684314628826,53.55747504307035
0.010373740794224599,0.4150992058955483,53.65463199363352
0.010235619501405491,1.0259560808866994,55.33223136261847
0.011423359507902069,0.9367976804643345,67.16872930994914
0.019544113802427387,5.096180679365323,57.73926146118116
0.012567952600624092,1.7344166325677643,96.22272019999926
0.011466077577275295,5.440836956061135,78.06800701476266
0.010497311967574932,1.9372028221341862,67.6441015122022
0.014042455514194604,0.9390850386478288,61.12259875576276
0.010998141755388682,7.462750528843507,50.04894906523513
0.015007347468112237,2.0017735533183805,58.6431489336557
0.017127913449652445,5.789013769595428,68.66120062102605
0.010083309022179306,6.516467311768008,84.68989402219265
0.011688916559038504,3.5089120161697567,75.38017363908062
0.010592011891402206,1.5363372987145023,53.65434314107552
0.01213780726527514,2.721061665355322,57.212939338235024
0.010154817018238931,3.2030443493865093,59.19312390120599
0.011990797088578913,0.41578216945710533,74.49865014844309
0.01710096879961783,1.4036539489847637,89.71436026409089
0.01003116029145655,2.8636731436244,55.15409532652009
0.011666760878214746,6.965325216266099,78.78101939812245
0.01309953909861087,5.531252025778997,73.32241432719428
0.015468415106663852,1.3871236265669777,68.80207131188466
0.01219114285515346,7.264315275881492,55.410508349801376
0.01162154702552639,6.862159518388253,52.77616169809349
0.010888537693357745,0.16558737685074768,57.96301667306137
0.01644568446265983,0.5758286132992714,50.371095595514156
0.013903844632131245,3.0217616627424553,65.13958521111525
0.014015216850524825,0.4764820624326931,54.74073311430282
0.011654486170384962,3.771098454531922,70.76200481518666
0.012970215492259232,3.438223053283847,54.30521895834872
0.025592830284414697,3.1390744455836237,52.19068902785798
0.010040353504124975,3.869684314628826,53.55747504307035
0.010373740794224599,0.4150992058955483,53.65463199363352
0.01018259585235508,0.5783595313627563,55.6996159273408
0.011088926438285433,1.2438707799516597,62.848663086734845
0.018808328849208345,5.260190739999304,57.278328252305975
0.012567952600624092,1.7344166325677643,96.22272019999926
0.01296836132823342,5.533220483458113,75.572051160114
0.010563775145320422,2.2283592577717855,66.76513005549015
0.014054200204540674,1.1385488880746535,63.87431362319673
0.010998141755388682,7.462750528843507,50.04894906523513
0.015007347468112237,2.0017735533183805,58.6431489336557
0.017438499270308404,5.691273095073944,66.55734061296181
0.010083309022179306,6.516467311768008,84.68989402219265
0.012105951114392218,5.132129867660442,84.35769860752937
0.01050771817220944,1.2442332387332424,53.640120003266354
0.012086436762421358,2.733547703994445,57.26423715822943
0.010154817018238931,3.2030443493865093,59.19312390120599
0.012110203873808225,0.2641138618193444,75.14575636651372
0.01738071466683532,1.4279951625865688,92.0869218915729
0.01003116029145655,2.8636731436244,55.15409532652009
0.011191143671081634,4.5627920642570166,67.66151174326295
0.01311035042460283,5.608471491151578,72.8566713614791
0.015608348158801827,1.3828417975953762,69.23674985308153
0.01219114285515346,7.264315275881492,55.410508349801376
0.01162154702552639,6.862159518388253,52.77616169809349
0.010861758906157015,0.2893776852182792,57.57390702098541
0.01485550278703108,1.7083031415987873,57.38873107832457
0.014805499457926818,4.250008181740042,60.72848414145438
0.01331825628905645,0.8302441763475987,57.16885769505746
0.011337169277376782,4.213943310147901,72.91549915527933
0.011963894067410075,6.290337445646184,53.88582502886224
0.032131505742213906,1.2019920174893892,53.150225951358486
0.010040353504124975,3.869684314628826,53.55747504307035
0.010373740794224599,0.4150992058955483,53.65463199363352
0.01018259585235508,0.5783595313627563,55.6996159273408
0.010842645102847118,1.4801394311620288,59.8832156484458
0.019968377432584936,5.696232949063802,57.28076006071805
0.012567952600624092,1.7344166325677643,96.22272019999926
0.01296836132823342,5.533220483458113,75.572051160114
0.010563775145320422,2.2283592577717855,66.76513005549015
0.014217353711537744,2.7904207539908352,61.31987301472786
0.010998141755388682,7.462750528843507,50.04894906523513
0.014793365202987331,2.054746048519883,58.667401205853494
0.014658218707273664,4.629957930816174,62.277231208501206
0.010083309022179306,6.516467311768008,84.68989402219265
0.012105951114392218,5.132129867660442,84.35769860752937
0.01050771817220944,1.2442332387332424,53.640120003266354
0.011975021649221245,2.379860017156967,54.95137815810806
0.010154817018238931,3.2030443493865093,59.19312390120599
0.012110203873808225,0.2641138618193444,75.14575636651372
0.01821125271938442,0.4647124377294416,98.00395438293341
0.01003116029145655,2.8636731436244,55.15409532652009
0.011207994062798276,4.711842617483487,68.03760320541637
0.01311035042460283,5.608471491151578,72.8566713614791
0.015143735645887875,2.2107864545257527,67.3334290131003
0.012231846032769321,7.399806077850168,55.404649588685864
0.01162154702552639,6.862159518388253,52.77616169809349
0.010861758906157015,0.2893776852182792,57.57390702098541
0.01485550278703108,1.7083031415987873,57.38873107832457
0.014477285552959416,5.422139212288837,57.25020596691182
0.01331825628905645,0.8302441763475987,57.16885769505746
0.010088865306475781,5.0413671568784855,73.99065837697661
0.011211390647643444,5.789089447180125,61.954477714891325
0.033855093053756044,1.1514785143676622,52.727359986603986
0.010040353504124975,3.869684314628826,53.55747504307035
0.010373740794224599,0.4150992058955483,53.65463199363352
0.01018259585235508,0.5783595313627563,55.6996159273408
0.011340381853789308,0.23338444198785213,60.38259046580124
0.019968377432584936,5.696232949063802,57.28076006071805
0.012567952600624092,1.7344166325677643,96.22272019999926
0.01296836132823342,5.533220483458113,75.572051160114
0.010582103779079245,2.2851827150250994,66.64030197572025
0.017069069178109613,2.053587515889288,66.6194059939644
0.010998141755388682,7.462750528843507,50.04894906523513
0.014793365202987331,2.054746048519883,58.667401205853494
0.014658218707273664,4.629957930816174,62.277231208501206
0.010083309022179306,6.516467311768008,84.68989402219265
0.011987316502353561,5.07660314198795,82.2015507349482
0.01050771817220944,1.2442332387332424,53.640120003266354
0.012175394418437794,1.337282670769576,55.9569401513771
0.010154817018238931,3.2030443493865093,59.19312390120599
0.012239833065553901,0.5465843245305537,74.1657370648662
0.016197132916258242,0.9178757126073368,97.36822369940545
0.01003116029145655,2.8636731436244,55.15409532652009
0.011207994062798276,4.711842617483487,68.03760320541637
0.01344084694267414,5.311689413634468,72.335948719987
0.014489237062650397,2.074331466176046,65.40025007284531
0.012231846032769321,7.399806077850168,55.404649588685864
0.01162154702552639,6.862159518388253,52.77616169809349
0.010861758906157015,0.2893776852182792,57.57390702098541
0.018500701720571396,2.097381089307344,60.53158066808516
0.014507718618302332,5.288893844440883,58.09575463507943
0.01331825628905645,0.8302441763475987,57.16885769505746
0.010088865306475781,5.0413671568784855,73.99065837697661
0.010920794576388603,6.055926439213437,54.371639949759036
0.03259875153520432,1.1564697226663907,52.77647635669805
0.010040353504124975,3.869684314628826,53.55747504307035
0.01055627297494141,0.2591951943083183,51.70179257607131
0.01018259585235508,0.5783595313627563,55.6996159273408
0.011340381853789308,0.23338444198785213,60.38259046580124
0.02014631235953101,6.132542848801109,56.88664402912338
0.012567952600624092,1.7344166325677643,96.22272019999926
0.01296836132823342,5.533220483458113,75.572051160114
0.010727352171685387,1.860362791410421,70.14793209713027
0.017069069178109613,2.053587515889288,66.6194059939644
0.010998141755388682,7.462750528843507,50.04894906523513
0.014793365202987331,2.054746048519883,58.667401205853494
0.014658218707273664,4.629957930816174,62.277231208501206
0.010083309022179306,6.516467311768008,84.68989402219265
0.011825041745196996,4.38641558421559,78.65091510641494
0.01050771817220944,1.2442332387332424,53.640120003266354
0.012175394418437794,1.337282670769576,55.9569401513771
0.010370707793382403,3.3560051630100953,61.708209181689845
0.012239833065553901,0.5465843245305537,74.1657370648662
0.016197132916258242,0.9178757126073368,97.36822369940545
0.01005413992435073,2.926739876233233,55.90468444779549
0.011743428032683717,6.787791356317701,69.23296054519874
0.01344084694267414,5.311689413634468,72.335948719987
0.015834413889433283,2.5415974124122314,68.43023739253118
0.012231846032769321,7.399806077850168,55.404649588685864
0.011615649639414987,6.933907905355806,52.026297467546314
0.010861758906157015,0.2893776852182792,57.57390702098541
0.016927838042082408,3.4277661049680694,59.245227292205996
0.01787854813979061,7.868107181392057,50.7587606600703
0.01331825628905645,0.8302441763475987,57.16885769505746
0.010088865306475781,5.0413671568784855,73.99065837697661
0.010933909434659434,7.336973462543782,53.66025175648984
0.026279361145358192,3.0936358650049174,53.591939101546004
0.010040353504124975,3.869684314628826,53.55747504307035
0.01055627297494141,0.2591951943083183,51.70179257607131
0.010178494328948176,0.8236618339031043,56.89719977575436
0.011340381853789308,0.23338444198785213,60.38259046580124
0.022272604866786685,4.50524958606907,62.63224684776465
0.012567952600624092,1.7344166325677643,96.22272019999926
0.01273799345071947,5.6563567194925035,77.38445230838286
0.010727352171685387,1.860362791410421,70.14793209713027
0.017069069178109613,2.053587515889288,66.6194059939644
0.010998141755388682,7.462750528843507,50.04894906523513
0.01705399037429234,1.191525970666385,61.097781865312534
0.014764307630869788,4.573251280229545,61.44258495044129
0.010083309022179306,6.516467311768008,84.68989402219265
0.011731561797232878,3.585389664902951,75.12736783734732
0.01044157195125114,0.29862084215583273,53.63699549200973
0.012175394418437794,1.337282670769576,55.9569401513771
0.010966454055653177,2.689603382990632,59.809654063835346
0.012239833065553901,0.5465843245305537,74.1657370648662
0.016197132916258242,0.9178757126073368,97.36822369940545
0.01005413992435073,2.926739876233233,55.90468444779549
0.011743428032683717,6.787791356317701,69.23296054519874
0.015324942494661629,6.110654458583644,82.7404501157868
0.01562532828277754,2.3993887806829406,67.49444847156919
0.012231846032769321,7.399806077850168,55.404649588685864
0.010882741460562598,6.025424262024054,62.56993444788998
0.011389767146859926,0.710577068663757,56.923976485372506
0.01697195765793567,3.398646349109543,59.305183074379634
0.01616301623283886,6.992979384206999,51.371310366431814
0.01331825628905645,0.8302441763475987,57.16885769505746
0.010088865306475781,5.0413671568784855,73.99065837697661
0.010731251128603812,7.469157683667548,53.470787847560814
0.026279361145358192,3.0936358650049174,53.591939101546004
0.010040353504124975,3.869684314628826,53.55747504307035
0.01055627297494141,0.2591951943083183,51.70179257607131
0.010178494328948176,0.8236618339031043,56.89719977575436
0.010724939503118352,0.019079908933982814,50.9515818334052
0.023233267878127004,4.957868960286628,61.89614806008531
0.012619300357767163,1.8081725666349016,95.67323701229824
0.012339678476366928,5.251249938428289,74.19660576592855
0.011331639529198577,0.9031636417344329,82.93292601026664
0.017069069178109613,2.053587515889288,66.6194059939644
0.010998141755388682,7.462750528843507,50.04894906523513
0.01758476493951446,1.0609080415772612,61.210094209419
0.016756163920948534,7.750364654218979,51.40378681124322
0.010083309022179306,6.516467311768008,84.68989402219265
0.011954511858049391,3.672932347405586,77.68229960498515
0.010602777163615759,2.3736436676211303,52.59775156985946
0.011886894954115301,1.5534554843654962,55.94983315759907
0.010770932127608617,2.495017221575578,56.27292361447513
0.012239833065553901,0.5465843245305537,74.1657370648662
0.016197132916258242,0.9178757126073368,97.36822369940545
0.01005413992435073,2.926739876233233,55.90468444779549
0.011417821411800828,5.527742596464547,64.48432594628167
0.016564601605060215,6.467530311573321,86.28836226734903
0.01562532828277754,2.3993887806829406,67.49444847156919
0.013054202016516149,7.113404863128171,55.30549903439598
0.010882741460562598,6.025424262024054,62.56993444788998
0.011389767146859926,0.710577068663757,56.923976485372506
0.013986538630772496,2.267057438701222,58.24698362460378
0.015728904058819042,6.972824877308203,53.125763369635564
0.01331825628905645,0.8302441763475987,57.16885769505746
0.010088865306475781,5.0413671568784855,73.99065837697661
0.010731251128603812,7.469157683667548,53.470787847560814
0.025126251990084756,2.909082349583809,53.849985278855556
0.010040353504124975,3.869684314628826,53.55747504307035
0.01055627297494141,0.2591951943083183,51.70179257607131
0.010178494328948176,0.8236618339031043,56.89719977575436
0.010895690734763335,0.10202040402973767,51.52800851716756
0.02399296579012634,5.481992450220357,61.988419177500774
0.012619300357767163,1.8081725666349016,95.67323701229824
0.012346416536777215,5.568743961022954,74.1986889380128
0.011331639529198577,0.9031636417344329,82.93292601026664
0.018262672535205693,1.7676985784211576,65.89597033993003
0.010998141755388682,7.462750528843507,50.04894906523513
0.01849305694254038,0.9242170268533217,54.90603212385669
0.016547735352822016,6.7641061726552625,54.36951715866519
0.010083309022179306,6.516467311768008,84.68989402219265
0.010251009394086975,4.2639410911991895,82.41013872855059
0.010602777163615759,2.3736436676211303,52.59775156985946
0.01234966221890137,2.070812518827477,55.79292615161637
0.011142355858738684,3.2462988716179226,56.11555087073354
0.012239833065553901,0.5465843245305537,74.1657370648662
0.016197132916258242,0.9178757126073368,97.36822369940545
0.01005413992435073,2.926739876233233,55.90468444779549
0.011533107303015162,5.9738816948013564,66.16565100749496
0.01765144722335112,7.955506868785591,89.334865672825
0.015273281690308938,2.7396726242241507,68.2142619932904
0.013054202016516149,7.113404863128171,55.30549903439598
0.010882741460562598,6.025424262024054,62.56993444788998
0.011389767146859926,0.710577068663757,56.923976485372506
0.014258497094034539,2.370140181297475,58.343380912075766
0.012947106508388264,7.474659704856096,50.142470768706445
0.013750187956542701,0.4297349076812007,57.6447322505734
0.010088865306475781,5.0413671568784855,73.99065837697661
0.010731251128603812,7.469157683667548,53.470787847560814
0.024175913497088183,3.3200420137327478,53.776745896549265
0.010040353504124975,3.869684314628826,53.55747504307035
0.01055627297494141,0.2591951943083183,51.70179257607131
0.010178494328948176,0.8236618339031043,56.89719977575436
0.010895690734763335,0.10202040402973767,51.52800851716756
0.01722731293586792,5.267586795064002,67.8286376075179
0.012619300357767163,1.8081725666349016,95.67323701229824
0.012436906568543253,5.530849377773526,73.77919959638506
0.011331639529198577,0.9031636417344329,82.93292601026664
0.021862787067773323,2.216754987008562,57.04664129383684
0.011028912296919328,6.563098568204544,51.343362152926915
0.01849305694254038,0.9242170268533217,54.90603212385669
0.016547735352822016,6.7641061726552625,54.36951715866519
0.010083309022179306,6.516467311768008,84.68989402219265
0.010251009394086975,4.2639410911991895,82.41013872855059
0.010602777163615759,2.3736436676211303,52.59775156985946
0.01234966221890137,2.070812518827477,55.79292615161637
0.011067452206339173,4.015707553649393,55.63367266392766
0.012758984017029166,0.7645876334707937,73.62784931052941
0.016197132916258242,0.9178757126073368,97.36822369940545
0.01005413992435073,2.926739876233233,55.90468444779549
0.011533107303015162,5.9738816948013564,66.16565100749496
0.01765144722335112,7.955506868785591,89.334865672825
0.014564107966465407,2.409250972346589,70.86241962512891
0.013210209990447409,7.27198799662113,53.79702619917657
0.011061652780628425,5.968490127447043,63.860314996511896
0.011389767146859926,0.710577068663757,56.923976485372506
0.01454698389944603,2.1853244047548794,57.26078337847453
0.012435926961392505,7.231737791054864,50.462496295895804
0.013704750261652748,0.4347462925727606,57.635222433648245
0.010088865306475781,5.0413671568784855,73.99065837697661
0.010731251128603812,7.469157683667548,53.470787847560814
0.027214834698895025,1.9479923060578184,53.54059709113366
0.010040353504124975,3.869684314628826,53.55747504307035
0.01055627297494141,0.2591951943083183,51.70179257607131
0.010178494328948176,0.8236618339031043,56.89719977575436
0.010895690734763335,0.10202040402973767,51.52800851716756
0.017484009778258484,5.411230856981472,67.42046540294088
0.012619300357767163,1.8081725666349016,95.67323701229824
0.012436906568543253,5.530849377773526,73.77919959638506
0.01153763786866556,2.0837220071987765,76.87575791441068
0.022170475863811826,2.334776144197443,57.24209951565947
0.011028912296919328,6.563098568204544,51.343362152926915
0.017846903161540178,0.8542894437891769,54.61873220095239
0.015369262194879461,6.718961292739818,59.89696049930528
0.010083309022179306,6.516467311768008,84.68989402219265
0.010251009394086975,4.2639410911991895,82.41013872855059
0.010602777163615759,2.3736436676211303,52.59775156985946
0.011437362933776646,3.860369281373139,67.42513033264538
0.010422491502538992,4.994003509995603,55.553567033417806
0.012901543808178076,0.2867840267059609,75.4641152861658
0.016197132916258242,0.9178757126073368,97.36822369940545
0.01005413992435073,2.926739876233233,55.90468444779549
0.01250899664258566,6.834892923184417,75.49040545137072
0.015544036244381974,5.6163947639810825,76.00225193168171
0.013339238366005833,3.5278745541625622,50.98142904354748
0.013210209990447409,7.27198799662113,53.79702619917657
0.010740595109892007,4.098172762401804,61.32898944604872
0.011137505163312156,1.2436568891916235,55.537247172805756
0.014552570724274638,2.2583817284730427,61.69839501632346
0.012435926961392505,7.231737791054864,50.462496295895804
0.013704750261652748,0.4347462925727606,57.635222433648245
0.01001941039135227,5.374379986406002,70.38414825491235
0.010731251128603812,7.469157683667548,53.470787847560814
0.024646587334646416,1.737746918353051,57.10932740682349
0.010040353504124975,3.869684314628826,53.55747504307035
0.01055627297494141,0.2591951943083183,51.70179257607131
0.010178494328948176,0.8236618339031043,56.89719977575436
0.010895690734763335,0.10202040402973767,51.52800851716756
0.020641930850307452,4.272379253811694,78.02883494144618
0.012619300357767163,1.8081725666349016,95.67323701229824
0.012831974650366,5.3654063999819925,71.94776196389043
0.011213603388406062,0.22670890039868308,86.40365663856369
0.017668675895017028,4.043249254112894,54.8586875720803
0.011394597599732327,6.670893182248027,51.78467959751989
0.017846903161540178,0.8542894437891769,54.61873220095239
0.015499948868057736,6.686508700727689,60.26412134600657
0.010083309022179306,6.516467311768008,84.68989402219265
0.010251009394086975,4.2639410911991895,82.41013872855059
0.010602777163615759,2.3736436676211303,52.59775156985946
0.011437362933776646,3.860369281373139,67.42513033264538
0.010395444057590053,5.024216114712938,55.237176754895415
0.012901543808178076,0.2867840267059609,75.4641152861658
0.016197132916258242,0.9178757126073368,97.36822369940545
0.01005413992435073,2.926739876233233,55.90468444779549
0.01250899664258566,6.834892923184417,75.49040545137072
0.015715214015331092,5.598291681817261,75.2450193905678
0.013339238366005833,3.5278745541625622,50.98142904354748
0.01330046267278611,7.232693146283888,54.08472145676085
0.010740595109892007,4.098172762401804,61.32898944604872
0.011137505163312156,1.2436568891916235,55.537247172805756
0.015093084245337023,1.7434078949799847,58.91779792657631
0.012435926961392505,7.231737791054864,50.462496295895804
0.013704750261652748,0.4347462925727606,57.635222433648245
0.01001941039135227,5.374379986406002,70.38414825491235
0.01049531122322334,5.886348802419072,54.31888093767395
0.020267820618167526,1.9635973866048326,59.10005689378534
0.010040353504124975,3.869684314628826,53.55747504307035
0.01055627297494141,0.2591951943083183,51.70179257607131
0.010178494328948176,0.8236618339031043,56.89719977575436
0.011884169792521378,3.1496009604759223,52.67486783734443
0.02144628822116017,4.935812075453329,81.60619894168921
0.013622731982236968,3.507469351458089,83.33899132868227
0.013124578780998056,6.077157742512714,74.78156006433225
0.011213603388406062,0.22670890039868308,86.40365663856369
0.016841208799789405,4.705329928022314,53.50839971732601
0.011394597599732327,6.670893182248027,51.78467959751989
0.017846903161540178,0.8542894437891769,54.61873220095239
0.015499948868057736,6.686508700727689,60.26412134600657
0.010083309022179306,6.516467311768008,84.68989402219265
0.010251009394086975,4.2639410911991895,82.41013872855059
0.010602777163615759,2.3736436676211303,52.59775156985946
0.011375196627388113,3.9823140595989326,68.21777719851787
0.010481728964799503,6.69485400219439,54.57695499192282
0.012901543808178076,0.2867840267059609,75.4641152861658
0.016197132916258242,0.9178757126073368,97.36822369940545
0.01005413992435073,2.926739876233233,55.90468444779549
0.01250899664258566,6.834892923184417,75.49040545137072
0.015715214015331092,5.598291681817261,75.2450193905678
0.013339238366005833,3.5278745541625622,50.98142904354748
0.013297588422231036,7.5073130437159765,54.31475319057659
0.010935212803331554,3.5760117547796995,64.76393344204969
0.011137505163312156,1.2436568891916235,55.537247172805756
0.01673701759940997,1.051612328331395,60.661808052610084
0.011982741685642348,6.127782582184833,54.78124060965476
0.011753302811205244,0.23709149020748876,59.056348673110364
0.01001941039135227,5.374379986406002,70.38414825491235
0.01049531122322334,5.886348802419072,54.31888093767395
0.021593488084162997,1.7345590179084585,58.295521117674326
0.010962710940374876,3.5134101596688407,53.68286442433383
0.01055627297494141,0.2591951943083183,51.70179257607131
0.010178494328948176,0.8236618339031043,56.89719977575436
0.01201060065482026,2.900468761416694,52.52520969467957
0.02144628822116017,4.935812075453329,81.60619894168921
0.012378775883492815,2.2644999265809487,88.15076299326057
0.013535572606299354,6.336494040782659,73.69047844956421
0.011213603388406062,0.22670890039868308,86.40365663856369
0.016446836069024827,6.215475962258837,53.07299422011108
0.011394597599732327,6.670893182248027,51.78467959751989
0.017846903161540178,0.8542894437891769,54.61873220095239
0.014119388288206882,5.165493119263288,59.390630994603974
0.010083309022179306,6.516467311768008,84.68989402219265
0.010216718539630658,2.6371051354536403,70.34560462506866
0.010602777163615759,2.3736436676211303,52.59775156985946
0.011375196627388113,3.9823140595989326,68.21777719851787
0.010481728964799503,6.69485400219439,54.57695499192282
0.012397386818102905,2.422622212654918,67.54203223067358
0.016197132916258242,0.9178757126073368,97.36822369940545
0.01005413992435073,2.926739876233233,55.90468444779549
0.01250899664258566,6.834892923184417,75.49040545137072
0.016307028573386208,6.210773003745697,77.94581094126174
0.013210873950501573,3.340225063112932,50.42995888103404
0.013297588422231036,7.5073130437159765,54.31475319057659
0.011563285751421183,2.342660081740193,60.90949405617537
0.011137505163312156,1.2436568891916235,55.537247172805756
0.01673701759940997,1.051612328331395,60.661808052610084
0.011982741685642348,6.127782582184833,54.78124060965476
0.011753302811205244,0.23709149020748876,59.056348673110364
0.01001941039135227,5.374379986406002,70.38414825491235
0.01049531122322334,5.886348802419072,54.31888093767395
0.021593488084162997,1.7345590179084585,58.295521117674326
0.010728865144981023,3.0111001547255274,50.38489576966643
0.01055627297494141,0.2591951943083183,51.70179257607131
0.010178494328948176,0.8236618339031043,56.89719977575436
0.01201060065482026,2.900468761416694,52.52520969467957
0.02144628822116017,4.935812075453329,81.60619894168921
0.012255650478591534,2.4752521510678553,85.7052591310194
0.01364432425276105,5.80146481278536,82.54460475024086
0.011213603388406062,0.22670890039868308,86.40365663856369
0.01642459768713246,6.214727889439412,57.02937148341293
0.011394597599732327,6.670893182248027,51.78467959751989
0.017846903161540178,0.8542894437891769,54.61873220095239
0.014119388288206882,5.165493119263288,59.390630994603974
0.010083309022179306,6.516467311768008,84.68989402219265
0.010216718539630658,2.6371051354536403,70.34560462506866
0.01028076380138536,2.254302956572091,52.865401994436176
0.011617201755403293,3.5702736906744996,62.240978746357015
0.010481728964799503,6.69485400219439,54.57695499192282
0.012355478680510299,2.438183660820601,72.91247579292151
0.016197132916258242,0.9178757126073368,97.36822369940545
0.01005413992435073,2.926739876233233,55.90468444779549
0.011742671324580936,4.25433135337302,66.15482119609953
0.016307028573386208,6.210773003745697,77.94581094126174
0.013210873950501573,3.340225063112932,50.42995888103404
0.013297588422231036,7.5073130437159765,54.31475319057659
0.011690506449678202,1.233622411245162,55.96627956034233
0.011972798064839793,1.6094701582271838,54.352736304990195
0.01673701759940997,1.051612328331395,60.661808052610084
0.012088279284977129,6.438041687333873,54.65746974760969
0.011753302811205244,0.23709149020748876,59.056348673110364
0.01001941039135227,5.374379986406002,70.38414825491235
0.01049531122322334,5.886348802419072,54.31888093767395
0.01922240194787909,3.384494238506547,57.15776101589569
0.010728865144981023,3.0111001547255274,50.38489576966643
0.01055627297494141,0.2591951943083183,51.70179257607131
0.010178494328948176,0.8236618339031043,56.89719977575436
0.011806440829371108,2.8782921997668884,52.372074128081074
0.01771026560523449,4.673432859832509,75.65721133016429
0.012255650478591534,2.4752521510678553,85.7052591310194
0.015276360345307324,6.398650988829342,79.74846977886317
0.011213603388406062,0.22670890039868308,86.40365663856369
0.022140060022381114,6.531264847970963,59.64211531330122
0.011394597599732327,6.670893182248027,51.78467959751989
0.017846903161540178,0.8542894437891769,54.61873220095239
0.012124474381118796,5.861736490863073,60.26352369494034
0.01013996591832092,6.464585080897708,84.80738429018461
0.010222622970844319,2.917224751861763,72.42295769393498
0.01028076380138536,2.254302956572091,52.865401994436176
0.01234154647065987,4.953107856072118,64.93140626878423
0.010481728964799503,6.69485400219439,54.57695499192282
0.012355478680510299,2.438183660820601,72.91247579292151
0.016309837084714847,1.770244518859184,94.4985604768145
0.01005413992435073,2.926739876233233,55.90468444779549
0.01206340736624507,3.9602743678776378,64.72007185534007
0.01700548676927997,7.031363955009991,76.78599187406397
0.013210873950501573,3.340225063112932,50.42995888103404
0.013168838560543527,7.7999069827730745,52.403029337192976
0.011116736319369734,1.0351434885203386,55.843004523986
0.011972798064839793,1.6094701582271838,54.352736304990195
0.01673701759940997,1.051612328331395,60.661808052610084
0.011552133380130909,5.08647367373306,52.97238867185057
0.011753302811205244,0.23709149020748876,59.056348673110364
0.010463884642749903,5.426747633126986,71.87522087182525
0.010391405978954864,4.127350220315278,53.61496157410194
0.018568283875805495,3.612787484799888,57.44397631984561
0.010728865144981023,3.0111001547255274,50.38489576966643
0.01055627297494141,0.2591951943083183,51.70179257607131
0.010178494328948176,0.8236618339031043,56.89719977575436
0.011806440829371108,2.8782921997668884,52.372074128081074
0.018824914735290677,3.5266996658093293,71.1977250056066
0.011633598377450167,3.202727805040364,81.96558023477013
0.015586677374178482,6.858146461022995,84.15325947664117
0.011258685224450086,0.8738808617593676,81.95163472599947
0.022140060022381114,6.531264847970963,59.64211531330122
0.011394597599732327,6.670893182248027,51.78467959751989
0.017846903161540178,0.8542894437891769,54.61873220095239
0.01223645681231093,6.912233657615774,63.04217300181631
0.010104224790925126,4.991295109907874,72.77122800042412
0.010199071633686487,3.18575711655032,80.34521446212543
0.01028076380138536,2.254302956572091,52.865401994436176
0.01234154647065987,4.953107856072118,64.93140626878423
0.010481728964799503,6.69485400219439,54.57695499192282
0.011308363146247353,2.7402037004318536,76.40076251363438
0.015772016754117945,2.3064683371158097,89.824852592231
0.01005413992435073,2.926739876233233,55.90468444779549
0.011338317970165008,1.4796005836012451,72.20757952465836
0.01700548676927997,7.031363955009991,76.78599187406397
0.013210873950501573,3.340225063112932,50.42995888103404
0.013041134242690969,7.305270783069968,54.62374783589608
0.011116736319369734,1.0351434885203386,55.843004523986
0.011972798064839793,1.6094701582271838,54.352736304990195
0.01400799753762724,1.0436156121531013,58.32195870198997
0.011552133380130909,5.08647367373306,52.97238867185057
0.011753302811205244,0.23709149020748876,59.056348673110364
0.010463884642749903,5.426747633126986,71.87522087182525
0.010509920088187224,5.966299316264851,51.7879524050638
0.017310514987126914,3.1776992833148934,57.173743525753736
0.010728865144981023,3.0111001547255274,50.38489576966643
0.011147706604087874,0.24827410150186313,55.33556315676913
0.010178494328948176,0.8236618339031043,56.89719977575436
0.012374930049410022,1.52428473859079,52.62819567876499
0.018882261515964147,3.6833993685378226,72.1698524217573
0.011633598377450167,3.202727805040364,81.96558023477013
0.013204957669159953,6.821936764372417,70.41529708922243
0.011258685224450086,0.8738808617593676,81.95163472599947
0.022140060022381114,6.531264847970963,59.64211531330122
0.011389839666621751,6.714708256749987,51.77789355932672
0.017714702279057245,0.4930513979523017,52.377697904140845
0.01223645681231093,6.912233657615774,63.04217300181631
0.010104224790925126,4.991295109907874,72.77122800042412
0.010199071633686487,3.18575711655032,80.34521446212543
0.010398475950311842,2.4531066998979876,52.21379556139091
0.01234154647065987,4.953107856072118,64.93140626878423
0.010475986640064409,6.780447745776504,54.674359448628685
0.011308363146247353,2.7402037004318536,76.40076251363438
0.016496135340460592,0.9809899449022028,99.15874890860434
0.01005413992435073,2.926739876233233,55.90468444779549
0.011338317970165008,1.4796005836012451,72.20757952465836
0.014553778908548885,5.332479299246668,67.66782202299406
0.013431177196157742,2.93199024482793,50.26688980145158
0.013041134242690969,7.305270783069968,54.62374783589608
0.01078745879735366,0.9609236647487186,56.21297602789133
0.011142781721260556,1.2459677371694164,55.52976459965913
0.01457598045231895,0.7028249787504146,59.69674800555775
0.011552133380130909,5.08647367373306,52.97238867185057
0.011753302811205244,0.23709149020748876,59.056348673110364
0.010463884642749903,5.426747633126986,71.87522087182525
0.010509920088187224,5.966299316264851,51.7879524050638
0.017310514987126914,3.1776992833148934,57.173743525753736
0.010728865144981023,3.0111001547255274,50.38489576966643
0.011147706604087874,0.24827410150186313,55.33556315676913
0.010171639200506864,1.20833719561645,58.36238328514088
0.01219356410552289,1.4664323128476373,52.98069948768397
0.017179506870226922,4.217350008864747,67.54544951647688
0.011665741601791525,2.4063904398129927,75.81395705361686
0.013616263040761141,7.712195507741521,73.02767199892828
0.01140754986359642,0.8808017101864678,85.40446832551848
0.024438461797201185,7.844981441073813,60.54257645599485
0.011389839666621751,6.714708256749987,51.77789355932672
0.017714702279057245,0.4930513979523017,52.377697904140845
0.01223645681231093,6.912233657615774,63.04217300181631
0.010104224790925126,4.991295109907874,72.77122800042412
0.010199071633686487,3.18575711655032,80.34521446212543
0.01058607937106624,2.4461909200955727,55.70751530446783
0.01234154647065987,4.953107856072118,64.93140626878423
0.010569437516998162,6.688911407810653,55.1881623320174
0.01137004436050437,3.296825849370842,84.1754781509247
0.016496135340460592,0.9809899449022028,99.15874890860434
0.01005413992435073,2.926739876233233,55.90468444779549
0.011328215738173476,0.9009645957277161,68.39679339108173
0.01820132159278598,4.760776460721028,81.99139384500444
0.013431177196157742,2.93199024482793,50.26688980145158
0.013041134242690969,7.305270783069968,54.62374783589608
0.01078745879735366,0.9609236647487186,56.21297602789133
0.011142781721260556,1.2459677371694164,55.52976459965913
0.014301429361837795,1.0582286101947185,59.16272532462004
0.01189706408099277,5.8738210200366066,53.19919954871621
0.01194327766642467,0.37037063011733373,59.73207280381977
0.010463884642749903,5.426747633126986,71.87522087182525
0.010509920088187224,5.966299316264851,51.7879524050638
0.0206123171834838,3.291891054596025,57.75119190936941
0.010728865144981023,3.0111001547255274,50.38489576966643
0.011147706604087874,0.24827410150186313,55.33556315676913
0.01017124591920556,1.17998818717671,58.04722945262998
0.01219356410552289,1.4664323128476373,52.98069948768397
0.018555799879203413,4.656275996661357,65.56527625102318
0.011675136364302474,2.4619016808171215,75.46498935856994
0.013616263040761141,7.712195507741521,73.02767199892828
0.01140754986359642,0.8808017101864678,85.40446832551848
0.024438461797201185,7.844981441073813,60.54257645599485
0.011389839666621751,6.714708256749987,51.77789355932672
0.017157863689029957,1.3047024978932367,52.64530656360564
0.01223645681231093,6.912233657615774,63.04217300181631
0.010104224790925126,4.991295109907874,72.77122800042412
0.010199071633686487,3.18575711655032,80.34521446212543
0.01058607937106624,2.4461909200955727,55.70751530446783
0.012495254009150471,5.5277047378091915,62.50183457896225
0.010389224031090183,6.749868912020936,55.14217029487677
0.01137004436050437,3.296825849370842,84.1754781509247
0.016441616552579353,1.0580384837036578,97.17372096557568
0.01006238994209728,2.9414840398056645,57.29592455168611
0.011163607288440406,1.042966963465192,70.71572447383427
0.01924741787514564,4.72644115715313,85.03696969196812
0.015151257554380272,2.881635067639434,50.191776437696646
0.01313134164141048,7.483810562231482,54.58392638616531
0.01078745879735366,0.9609236647487186,56.21297602789133
0.011142781721260556,1.2459677371694164,55.52976459965913
0.014301429361837795,1.0582286101947185,59.16272532462004
0.01189706408099277,5.8738210200366066,53.19919954871621
0.01194327766642467,0.37037063011733373,59.73207280381977
0.010476578944128805,5.575529329712751,66.33614468012917
0.010509920088187224,5.966299316264851,51.7879524050638
0.018543447094537736,3.9916897212832336,57.2231984049403
0.010710227250067018,2.9628716338017265,50.22841772056177
0.011147706604087874,0.24827410150186313,55.33556315676913
0.01017124591920556,1.17998818717671,58.04722945262998
0.011934500603457496,1.42973817695723,53.62973335630004
0.01829230940059165,4.207827977746195,69.50463388436046
0.01191174174317847,1.8144001180947305,68.70981886818224
0.013303072806679564,6.542229858377573,69.41524445896896
0.01140754986359642,0.8808017101864678,85.40446832551848
0.024438461797201185,7.844981441073813,60.54257645599485
0.011389839666621751,6.714708256749987,51.77789355932672
0.016593728186265633,2.3253410874915783,55.8919786518329
0.012650199311591627,7.226489208767854,62.26776922108534
0.010104224790925126,4.991295109907874,72.77122800042412
0.010199071633686487,3.18575711655032,80.34521446212543
0.01058607937106624,2.4461909200955727,55.70751530446783
0.013039575595179766,6.606895212451093,52.01718217812353
0.010389224031090183,6.749868912020936,55.14217029487677
0.01137004436050437,3.296825849370842,84.1754781509247
0.01656538516735363,1.2686866649655655,95.32329798275123
0.01006238994209728,2.9414840398056645,57.29592455168611
0.010892616185996898,3.0739256323015516,63.41750774511457
0.020411033392217514,5.425487807397406,79.54634844533598
0.015151257554380272,2.881635067639434,50.191776437696646
0.01250143872228248,6.307594916081398,53.45075083999519
0.010745673042921306,1.0750634583291765,56.27538640554045
0.011142781721260556,1.2459677371694164,55.52976459965913
0.015164931320591381,1.788517839405066,60.462239610788075
0.01172963757343785,6.151384183996312,52.73004961975339
0.01194327766642467,0.37037063011733373,59.73207280381977
0.010476578944128805,5.575529329712751,66.33614468012917
0.010485744386522434,6.123250133352178,52.4598100694581
0.01801310335991156,4.237273130964271,57.71250575778316
0.010710227250067018,2.9628716338017265,50.22841772056177
0.011147706604087874,0.24827410150186313,55.33556315676913
0.01017124591920556,1.17998818717671,58.04722945262998
0.011934500603457496,1.42973817695723,53.62973335630004
0.01829230940059165,4.207827977746195,69.50463388436046
0.011923975101632405,1.8683132371165208,68.53256607423504
0.013303072806679564,6.542229858377573,69.41524445896896
0.01140754986359642,0.8808017101864678,85.40446832551848
0.024438461797201185,7.844981441073813,60.54257645599485
0.011389839666621751,6.714708256749987,51.77789355932672
0.016583556972303858,1.9461486574777966,70.04235504451982
0.012650199311591627,7.226489208767854,62.26776922108534
0.010036619879113235,5.398032770937885,74.55886332492304
0.010046121451386798,3.477482147974577,79.70489361764977
0.01058607937106624,2.4461909200955727,55.70751530446783
0.013009911550981499,6.654098045459694,52.798107673375895
0.010370894746687735,6.906984691069763,55.13749681536225
0.01137004436050437,3.296825849370842,84.1754781509247
0.01656538516735363,1.2686866649655655,95.32329798275123
0.01006238994209728,2.9414840398056645,57.29592455168611
0.010892616185996898,3.0739256323015516,63.41750774511457
0.01968850399177689,4.768677796278457,77.7522382013235
0.015151257554380272,2.881635067639434,50.191776437696646
0.01250143872228248,6.307594916081398,53.45075083999519
0.010772137034929694,0.9728731251913363,55.11003313975865
0.011142781721260556,1.2459677371694164,55.52976459965913
0.015164931320591381,1.788517839405066,60.462239610788075
0.012353866585183546,6.3964946700613545,52.76323299479599
0.011944163729723041,0.26342520814059145,60.34811703625551
0.01032423769515413,5.964062033806028,63.29443059471867
0.010485744386522434,6.123250133352178,52.4598100694581
0.01801310335991156,4.237273130964271,57.71250575778316
0.010710227250067018,2.9628716338017265,50.22841772056177
0.011147706604087874,0.24827410150186313,55.33556315676913
0.01017124591920556,1.17998818717671,58.04722945262998
0.011934500603457496,1.42973817695723,53.62973335630004
0.021480731158353538,3.4255154414095643,76.4662216006875
0.011923975101632405,1.8683132371165208,68.53256607423504
0.013303072806679564,6.542229858377573,69.41524445896896
0.01140754986359642,0.8808017101864678,85.40446832551848
0.02155771399216675,7.544800346004287,58.59045996124812
0.015669042263853038,6.245855260625832,54.46040635916125
0.017398140893907437,1.755339947245687,68.83837398216559
0.012650199311591627,7.226489208767854,62.26776922108534
0.010036619879113235,5.398032770937885,74.55886332492304
0.010148723286382796,3.196943360396517,77.34504756533606
0.010090485571033883,3.1211547457974538,54.16002982508172
0.013009911550981499,6.654098045459694,52.798107673375895
0.010370894746687735,6.906984691069763,55.13749681536225
0.01137004436050437,3.296825849370842,84.1754781509247
0.01656538516735363,1.2686866649655655,95.32329798275123
0.010100515340527477,3.228019593230322,56.86040581811207
0.01155012654914988,1.2887257237943563,54.85957741949697
0.02307232358365354,6.357368068832528,74.62533207251377
0.015151257554380272,2.881635067639434,50.191776437696646
0.01250143872228248,6.307594916081398,53.45075083999519
0.010558364297130595,1.2309382518609389,55.06487027401969
0.011142781721260556,1.2459677371694164,55.52976459965913
0.014950554427039423,2.017402414333344,60.22413091014521
0.012297113920293588,5.724345093972708,52.880496213050044
0.01191174403686768,0.6407290794334743,59.84688674278894
0.01032423769515413,5.964062033806028,63.29443059471867
0.010485744386522434,6.123250133352178,52.4598100694581
0.023007797412700023,5.4417808422786536,59.06086735027462
0.010722522929123202,2.9517833845112875,50.41384497653035
0.011112336580590697,0.5621863381490355,55.18190566458725
0.010418351617367849,1.1343675303461433,59.74656287396999
0.011934500603457496,1.42973817695723,53.62973335630004
0.021480731158353538,3.4255154414095643,76.4662216006875
0.012288782286934235,0.7890485986652829,72.60942023716215
0.013303072806679564,6.542229858377573,69.41524445896896
0.011419693660813801,0.09852431621185342,85.80239946180514
0.02155771399216675,7.544800346004287,58.59045996124812
0.019812461846626647,6.343863227236412,56.059641062656475
0.01679498164965377,1.4635393023040775,65.93463615745489
0.012488525059903697,6.538672517190444,57.969431265541516
0.010036619879113235,5.398032770937885,74.55886332492304
0.010148723286382796,3.196943360396517,77.34504756533606
0.010090468585053228,3.121872735388006,54.16646238315052
0.013009911550981499,6.654098045459694,52.798107673375895
0.010370894746687735,6.906984691069763,55.13749681536225
0.011370412959231892,3.273081509208824,84.18755649082539
0.01656538516735363,1.2686866649655655,95.32329798275123
0.010093218258869248,3.475842568550971,58.881630593602836
0.011396107260324709,1.5647189644847654,52.735394100895924
0.018718140598953138,6.036931096238523,74.6031301955508
0.015151257554380272,2.881635067639434,50.191776437696646
0.011522685844049228,5.946417635260806,61.83255378910377
0.010558364297130595,1.2309382518609389,55.06487027401969
0.011142781721260556,1.2459677371694164,55.52976459965913
0.015981040774429387,1.0697652292088407,62.01615040268268
0.012297113920293588,5.724345093972708,52.880496213050044
0.01191174403686768,0.6407290794334743,59.84688674278894
0.010650659761932085,6.015567022110401,61.81859338437377
0.010485744386522434,6.123250133352178,52.4598100694581
0.022462330713078665,5.595772775562249,58.54853649673123
0.010722522929123202,2.9517833845112875,50.41384497653035
0.011125108720126653,0.849041686760555,55.327837092717104
0.010418351617367849,1.1343675303461433,59.74656287396999
0.011947234968704772,1.8712604071071481,50.15067153432396
0.021480731158353538,3.4255154414095643,76.4662216006875
0.012288782286934235,0.7890485986652829,72.60942023716215
0.01228717939282837,6.39115100646057,63.30132674811526
0.011419693660813801,0.09852431621185342,85.80239946180514
0.017673814014129,6.0467763794919005,57.09207360197883
0.01950040153343248,6.313670825456397,56.650165450447886
0.01679498164965377,1.4635393023040775,65.93463615745489
0.012678293651866266,6.677711761401873,52.94411180912103
0.010036619879113235,5.398032770937885,74.55886332492304
0.010148723286382796,3.196943360396517,77.34504756533606
0.010090468585053228,3.121872735388006,54.16646238315052
0.013009911550981499,6.654098045459694,52.798107673375895
0.010425198801496985,6.536413530032993,53.871413194892334
0.011370412959231892,3.273081509208824,84.18755649082539
0.01656538516735363,1.2686866649655655,95.32329798275123
0.010093218258869248,3.475842568550971,58.881630593602836
0.011396107260324709,1.5647189644847654,52.735394100895924
0.018718140598953138,6.036931096238523,74.6031301955508
0.015083318390180485,2.9648847438634043,50.50274975647029
0.011522685844049228,5.946417635260806,61.83255378910377
0.010558364297130595,1.2309382518609389,55.06487027401969
0.010962479415140213,1.6290332580877787,56.105574629418996
0.015981040774429387,1.0697652292088407,62.01615040268268
0.012297113920293588,5.724345093972708,52.880496213050044
0.011914810773362951,0.6441084064621763,59.685117294003526
0.010650659761932085,6.015567022110401,61.81859338437377
0.010485744386522434,6.123250133352178,52.4598100694581
0.020234916078509385,4.770680067000718,58.77009960839521
0.010722522929123202,2.9517833845112875,50.41384497653035
0.011125108720126653,0.849041686760555,55.327837092717104
0.010191977356230066,0.1479593753335431,59.31896166344464
0.011947234968704772,1.8712604071071481,50.15067153432396
0.017111552633143904,4.53158308640282,70.04557325762562
0.012288782286934235,0.7890485986652829,72.60942023716215
0.012633073265709116,6.516995371701422,58.2745694874998
0.011143369602020671,0.028353846824249462,86.82372911089507
0.017673814014129,6.0467763794919005,57.09207360197883
0.01950040153343248,6.313670825456397,56.650165450447886
0.01679498164965377,1.4635393023040775,65.93463615745489
0.012678293651866266,6.677711761401873,52.94411180912103
0.010036619879113235,5.398032770937885,74.55886332492304
0.010736527361510146,3.391747313051603,77.15697057657067
0.010090468585053228,3.121872735388006,54.16646238315052
0.013009911550981499,6.654098045459694,52.798107673375895
0.010177111624450943,7.806784241800441,54.16168955157405
0.011664621175450514,3.2064182725655272,89.75446582308409
0.01656538516735363,1.2686866649655655,95.32329798275123
0.010093890045739417,3.5623227484796693,60.03361744963038
0.011396107260324709,1.5647189644847654,52.735394100895924
0.018718140598953138,6.036931096238523,74.6031301955508
0.015083318390180485,2.9648847438634043,50.50274975647029
0.011522685844049228,5.946417635260806,61.83255378910377
0.010558364297130595,1.2309382518609389,55.06487027401969
0.011293967475757463,2.2662259863194314,54.72310014592641
0.0197674899702791,0.31741845844373007,73.15402740601006
0.013140449074108997,5.53862338646312,53.076358739718195
0.011914810773362951,0.6441084064621763,59.685117294003526
0.010650659761932085,6.015567022110401,61.81859338437377
0.010476093830153577,6.06017982504609,52.64633717262396
0.02398758381347462,4.264248037720272,57.4509915632132
0.010722522929123202,2.9517833845112875,50.41384497653035
0.011125108720126653,0.849041686760555,55.327837092717104
0.010191977356230066,0.1479593753335431,59.31896166344464
0.011947234968704772,1.8712604071071481,50.15067153432396
0.015651106622067798,4.588364156067849,72.72062025994187
0.012288782286934235,0.7890485986652829,72.60942023716215
0.012698193991994526,7.049456231963329,58.146683236166005
0.011158791003283222,0.257514613713667,83.53658655193534
0.019504305549781605,7.353681668673769,58.3624204440722
0.027696275783981122,6.58974908275676,51.863609355004016
0.01679498164965377,1.4635393023040775,65.93463615745489
0.012678293651866266,6.677711761401873,52.94411180912103
0.010036619879113235,5.398032770937885,74.55886332492304
0.010969401904960097,2.7242122147904393,78.02141774320111
0.010295063684250406,3.283990277111898,54.09333737010091
0.013009911550981499,6.654098045459694,52.798107673375895
0.010177111624450943,7.806784241800441,54.16168955157405
0.011609294898825588,3.2034467755163716,88.50366476678391
0.016094530366076214,1.9238977467575866,90.18978280705275
0.010093890045739417,3.5623227484796693,60.03361744963038
0.011601229438639688,0.33999468692295487,50.23600195441546
0.018718140598953138,6.036931096238523,74.6031301955508
0.014634213815712468,2.7943436941684494,50.774687205379244
0.011522110881313477,5.937166200518759,61.81468171810704
0.010710947169978694,1.3012847542354298,54.524990948467064
0.011293967475757463,2.2662259863194314,54.72310014592641
0.01755996870947744,0.2434264165139813,76.65306914636139
0.013140449074108997,5.53862338646312,53.076358739718195
0.011290282053548649,3.0417637973546676,56.828919219129844
0.010650659761932085,6.015567022110401,61.81859338437377
0.01037355948502236,6.561193310593724,52.636411889448404
0.02398758381347462,4.264248037720272,57.4509915632132
0.010722522929123202,2.9517833845112875,50.41384497653035
0.011125108720126653,0.849041686760555,55.327837092717104
0.010191977356230066,0.1479593753335431,59.31896166344464
0.011947234968704772,1.8712604071071481,50.15067153432396
0.016333800677293807,4.822287685272529,70.0547388691221
0.012288782286934235,0.7890485986652829,72.60942023716215
0.012698193991994526,7.049456231963329,58.146683236166005
0.01102726918691472,1.069756314421422,73.55106757145673
0.019504305549781605,7.353681668673769,58.3624204440722
0.023964624665598525,6.848982375566894,52.353109507955004
0.01679498164965377,1.4635393023040775,65.93463615745489
0.012678293651866266,6.677711761401873,52.94411180912103
0.011046811194291946,4.825945690380333,69.33296288961489
0.011407358467648053,3.2919519950456757,72.98935190305798
0.010295063684250406,3.283990277111898,54.09333737010091
0.012118558892705356,5.824019004476934,60.30581714985913
0.010177111624450943,7.806784241800441,54.16168955157405
0.011609294898825588,3.2034467755163716,88.50366476678391
0.016094530366076214,1.9238977467575866,90.18978280705275
0.010093890045739417,3.5623227484796693,60.03361744963038
0.011601229438639688,0.33999468692295487,50.23600195441546
0.020619273435400112,6.582434633994282,77.81483872852942
0.017111450107294254,2.6946386494805386,51.00320512531621
0.011620701582906057,7.478399886328533,55.92021249967341
0.010649907149803876,0.984548098448013,54.09746090982592
0.011114150096388373,3.393504680587744,57.349062143306995
0.01519101355553748,1.401137265503499,69.55849673802253
0.012317601778251867,5.258524845692232,59.465573843970695
0.011290282053548649,3.0417637973546676,56.828919219129844
0.010650659761932085,6.015567022110401,61.81859338437377
0.010624014995307863,5.292013861110668,52.146707068212336
0.025483943851144473,4.392483905182787,53.69716261601076
0.010722522929123202,2.9517833845112875,50.41384497653035
0.010270464693857121,0.19711007217254206,52.9114418187858
0.010191977356230066,0.1479593753335431,59.31896166344464
0.011947234968704772,1.8712604071071481,50.15067153432396
0.020072028230615546,5.983519827981257,67.82792876256754
0.01194132981732196,0.653050621416561,74.3513961291828
0.013106620854789275,7.057574315048642,57.82260546621276
0.01112547272400691,0.29154766091000095,75.7907765238207
0.019684916771722172,7.462521102792904,61.717939646680456
0.01921439278666756,7.178975242670901,52.976222215312596
0.016015758179916163,1.5290761124716634,63.397532531932114
0.012285811395872563,5.853623077397037,54.04942266031928
0.011160243772514034,5.446693284797616,70.66177549251681
0.011809668302813957,4.517497795062805,83.0235196078437
0.010295063684250406,3.283990277111898,54.09333737010091
0.012118558892705356,5.824019004476934,60.30581714985913
0.010177111624450943,7.806784241800441,54.16168955157405
0.011609294898825588,3.2034467755163716,88.50366476678391
0.016094530366076214,1.9238977467575866,90.18978280705275
0.010155657478835222,3.476864820538183,58.20974104565197
0.011601229438639688,0.33999468692295487,50.23600195441546
0.017059414483541546,5.388116534523467,70.14999573963073
0.016612197473202323,2.481296521942374,50.933692808661675
0.011620701582906057,7.478399886328533,55.92021249967341
0.010649907149803876,0.984548098448013,54.09746090982592
0.011114150096388373,3.393504680587744,57.349062143306995
0.016193120316910493,0.9762429930950556,71.43111095225758
0.012317601778251867,5.258524845692232,59.465573843970695
0.011290282053548649,3.0417637973546676,56.828919219129844
0.010604647304388221,5.946179771372052,62.098374105335175
0.010624014995307863,5.292013861110668,52.146707068212336
0.025483943851144473,4.392483905182787,53.69716261601076
0.010722522929123202,2.9517833845112875,50.41384497653035
0.010267363614993684,0.4498944731052301,52.95297357390506
0.01041237434107493,0.6706650336507245,59.20963015354344
0.011947234968704772,1.8712604071071481,50.15067153432396
0.0178639527607803,4.5124272269890575,63.242257091436144
0.011695286068812908,0.6231902214911278,71.2062023430966
0.013074784363554871,6.984983645995649,57.88889834798494
0.010732821875738907,0.11756566668900725,76.48351295715665
0.019684916771722172,7.462521102792904,61.717939646680456
0.01921439278666756,7.178975242670901,52.976222215312596
0.017515594894712848,0.9585820274848182,65.24829615942545
0.012520215563453539,6.5512992831240435,54.04253939321198
0.011456549115748199,7.068192433529643,74.13286184679019
0.012276539208573188,3.9639721310347227,91.13071578671753
0.010295063684250406,3.283990277111898,54.09333737010091
0.01193852609924339,5.53667882970934,59.962901539125966
0.010177111624450943,7.806784241800441,54.16168955157405
0.01160793449878191,2.720468711449894,82.0490634221023
0.014275308091049472,2.246890876843472,86.88888865971002
0.010817393254685604,3.747302009530296,57.82743529038524
0.01279706012046699,1.1366964718519172,52.7194709100913
0.017535191905021535,7.147358820525991,73.2282788127434
0.016612197473202323,2.481296521942374,50.933692808661675
0.011620701582906057,7.478399886328533,55.92021249967341
0.010560159127749815,0.7174237544384292,54.10009635617708
0.011114150096388373,3.393504680587744,57.349062143306995
0.01795497306128943,0.06804994749764726,75.88960987176766
0.012317601778251867,5.258524845692232,59.465573843970695
0.01198442041473268,2.9686619523656907,56.060003804905264
0.010604647304388221,5.946179771372052,62.098374105335175
0.010620838896075726,5.443057259027523,51.43630980114299
0.026629406150246365,4.1369802022947315,53.66240048602039
0.010722522929123202,2.9517833845112875,50.41384497653035
0.010267363614993684,0.4498944731052301,52.95297357390506
0.01041237434107493,0.6706650336507245,59.20963015354344
0.011947234968704772,1.8712604071071481,50.15067153432396
0.023401521489031414,6.788472730602761,73.94794307554469
0.011695286068812908,0.6231902214911278,71.2062023430966
0.013074784363554871,6.984983645995649,57.88889834798494
0.010761486988615078,1.3478495200936602,70.1601139679823
0.019684916771722172,7.462521102792904,61.717939646680456
0.01921439278666756,7.178975242670901,52.976222215312596
0.01825720588616139,0.42336493034330047,65.58631302136635
0.012520215563453539,6.5512992831240435,54.04253939321198
0.011770571997269826,6.88691376264569,79.03455115491724
0.010232328288399109,5.366486781782193,96.61744609915517
0.010295063684250406,3.283990277111898,54.09333737010091
0.01193852609924339,5.53667882970934,59.962901539125966
0.010177111624450943,7.806784241800441,54.16168955157405
0.01160793449878191,2.720468711449894,82.0490634221023
0.014649393013475884,2.1726703295737617,90.72947098169999
0.010817393254685604,3.747302009530296,57.82743529038524
0.012255961154850755,2.207436588433048,52.400423774171045
0.017535191905021535,7.147358820525991,73.2282788127434
0.016612197473202323,2.481296521942374,50.933692808661675
0.011800434558677561,7.293154794137657,55.545032366569714
0.01063266265544412,1.1796349727029645,54.22452781158487
0.011225893363760177,3.988190727124736,61.040601675212855
0.016217034084687457,2.5313171319759267,69.47917369779907
0.012317601778251867,5.258524845692232,59.465573843970695
0.011692734034705679,3.163274989143,56.501755042232595
0.010604647304388221,5.946179771372052,62.098374105335175
0.010620838896075726,5.443057259027523,51.43630980114299
0.022624756798056624,5.028543768825196,54.26483391905078
0.010722522929123202,2.9517833845112875,50.41384497653035
0.010267363614993684,0.4498944731052301,52.95297357390506
0.01041237434107493,0.6706650336507245,59.20963015354344
0.011947234968704772,1.8712604071071481,50.15067153432396
0.027098706660160246,7.681961026608257,78.68410764924086
0.011695286068812908,0.6231902214911278,71.2062023430966
0.014063578623528798,7.606288390107439,60.48890825107585
0.010761486988615078,1.3478495200936602,70.1601139679823
0.020078920012281787,7.732507024921425,61.3451856584932
0.01921439278666756,7.178975242670901,52.976222215312596
0.01825720588616139,0.42336493034330047,65.58631302136635
0.013214712565590363,7.9265914698102335,50.28757538442978
0.011770571997269826,6.88691376264569,79.03455115491724
0.010227558720607967,5.524812207469873,99.85041556701157
0.010567496956426713,3.770795796917964,54.81337552965693
0.011539896090770286,5.508356199403421,57.38341580944149
0.010177111624450943,7.806784241800441,54.16168955157405
0.011589875521072518,2.2914920343305862,84.535481900623
0.014527090819072776,2.1245877521762266,89.67513106069515
0.010817393254685604,3.747302009530296,57.82743529038524
0.012255961154850755,2.207436588433048,52.400423774171045
0.01647955550954837,6.5840659727758855,70.43833642551454
0.016612197473202323,2.481296521942374,50.933692808661675
0.011800434558677561,7.293154794137657,55.545032366569714
0.01063266265544412,1.1796349727029645,54.22452781158487
0.011225893363760177,3.988190727124736,61.040601675212855
0.016063587540115585,0.16244264499685723,68.91853295646511
0.01274600466085289,5.120904054412467,60.61254051578678
0.011692734034705679,3.163274989143,56.501755042232595
0.010806514577729492,5.489131650657892,60.912834003553286
0.010620838896075726,5.443057259027523,51.43630980114299
0.01814763864178098,3.2239469278446395,61.20464921683134
0.010160932784980987,2.9966450798375113,50.364276631659386
0.010267363614993684,0.4498944731052301,52.95297357390506
0.011390363881053306,0.582712913888072,60.889836695306194
0.011903072294313788,3.1250866288644708,57.371139753960975
0.021003890437156406,5.302870574032818,73.34846271743417
0.011509934591031156,1.454659185984788,67.79572401413192
0.014033418837233209,7.5706649021231005,60.410664736651086
0.010714442217018273,1.2864200155391636,64.340669826214
0.020078920012281787,7.732507024921425,61.3451856584932
0.015499697014021752,4.419002754390824,60.121428183977585
0.01825720588616139,0.42336493034330047,65.58631302136635
0.013214712565590363,7.9265914698102335,50.28757538442978
0.011723139490001163,6.818141603598897,78.14294608754213
0.010227558720607967,5.524812207469873,99.85041556701157
0.010567496956426713,3.770795796917964,54.81337552965693
0.011539896090770286,5.508356199403421,57.38341580944149
0.010177111624450943,7.806784241800441,54.16168955157405
0.011621887161901137,2.565665628682188,88.32942545900727
0.015010966236215999,2.2320273210687036,93.18403362036602
0.010864446122124179,3.720335459789465,57.80765963606706
0.012255961154850755,2.207436588433048,52.400423774171045
0.01484674844687334,4.898760037750025,69.57008585269104
0.01669760198522714,2.610662822674822,51.1901853477288
0.011800434558677561,7.293154794137657,55.545032366569714
0.01063266265544412,1.1796349727029645,54.22452781158487
0.011225893363760177,3.988190727124736,61.040601675212855
0.015063777118482896,1.46082430908654,66.41210193763611
0.01357941173897585,7.0941683815637795,63.817312861912455
0.011692734034705679,3.163274989143,56.501755042232595
0.010806514577729492,5.489131650657892,60.912834003553286
0.010620838896075726,5.443057259027523,51.43630980114299
0.01814763864178098,3.2239469278446395,61.20464921683134
0.010160932784980987,2.9966450798375113,50.364276631659386
0.011850485160119118,1.0071925614939663,54.61070829119566
0.011390363881053306,0.582712913888072,60.889836695306194
0.010318035343463428,3.099993256781197,56.39809313839437
0.022520163933028223,4.809561565527623,76.16279742807578
0.011509934591031156,1.454659185984788,67.79572401413192
0.014033418837233209,7.5706649021231005,60.410664736651086
0.010714442217018273,1.2864200155391636,64.340669826214
0.020078920012281787,7.732507024921425,61.3451856584932
0.017926105789074578,6.033955481662692,63.06126582534725
0.016383597927165285,0.9803578555903787,61.46963587419212
0.013214712565590363,7.9265914698102335,50.28757538442978
0.011723139490001163,6.818141603598897,78.14294608754213
0.010227558720607967,5.524812207469873,99.85041556701157
0.010567496956426713,3.770795796917964,54.81337552965693
0.011826703434031674,6.267579682754599,57.203274791664235
0.010177111624450943,7.806784241800441,54.16168955157405
0.011621887161901137,2.565665628682188,88.32942545900727
0.015010966236215999,2.2320273210687036,93.18403362036602
0.010864446122124179,3.720335459789465,57.80765963606706
0.012255961154850755,2.207436588433048,52.400423774171045
0.01697145122130484,7.105912441679017,83.65091323925856
0.01669760198522714,2.610662822674822,51.1901853477288
0.011568940107023546,7.514501302617532,55.750890740371325
0.01063266265544412,1.1796349727029645,54.22452781158487
0.011225893363760177,3.988190727124736,61.040601675212855
0.015546100873169537,1.2942307271138687,67.42985523153409
0.01357941173897585,7.0941683815637795,63.817312861912455
0.011698085087653168,3.3684662425213268,56.45422069880756
0.010806514577729492,5.489131650657892,60.912834003553286
0.010620838896075726,5.443057259027523,51.43630980114299
0.017222696897402034,3.5093478951323562,61.167882085524106
0.010160932784980987,2.9966450798375113,50.364276631659386
0.012687402682965043,0.8886859030370939,54.87610099754375
0.011160894958311128,0.763490055547266,58.871255759183626
0.010318035343463428,3.099993256781197,56.39809313839437
0.022520163933028223,4.809561565527623,76.16279742807578
0.011509934591031156,1.454659185984788,67.79572401413192
0.014765114069703666,7.252565747754025,69.4578853009074
0.010461834452541716,1.2110351358777915,64.08771102397381
0.020078920012281787,7.732507024921425,61.3451856584932
0.02314143349488857,6.43305631993824,64.6350606784
0.015551955944584594,1.6526959475640548,61.38660684582919
0.013214712565590363,7.9265914698102335,50.28757538442978
0.011990354427284902,5.174981162845997,71.6952784830116
0.010227558720607967,5.524812207469873,99.85041556701157
0.012618482282821007,2.899248509402148,57.51810256392373
0.011826703434031674,6.267579682754599,57.203274791664235
0.010177111624450943,7.806784241800441,54.16168955157405
0.011621887161901137,2.565665628682188,88.32942545900727
0.014448988812944154,2.2873512578391404,92.37904202067418
0.010864446122124179,3.720335459789465,57.80765963606706
0.012451914513264179,1.7996261923373214,50.97653203832572
0.014311398664795933,4.848290136761737,85.97728754800698
0.01669760198522714,2.610662822674822,51.1901853477288
0.011568940107023546,7.514501302617532,55.750890740371325
0.01063266265544412,1.1796349727029645,54.22452781158487
0.011225893363760177,3.988190727124736,61.040601675212855
0.015546100873169537,1.2942307271138687,67.42985523153409
0.015203375042034194,7.335650932587207,51.28450542251558
0.011698085087653168,3.3684662425213268,56.45422069880756
0.010806514577729492,5.489131650657892,60.912834003553286
0.010620838896075726,5.443057259027523,51.43630980114299
0.01715093212195417,3.467902240929841,62.20672102098955
0.010160932784980987,2.9966450798375113,50.364276631659386
0.012687402682965043,0.8886859030370939,54.87610099754375
0.010908960537088067,0.26460890131543047,52.42963557120499
0.010318035343463428,3.099993256781197,56.39809313839437
0.02024520743243844,3.569185726458314,72.86344446404821
0.012052782091195598,2.529607127354515,81.67559560562415
0.01473509904728029,7.242504397421038,69.33270796702516
0.010418674140735305,0.06229117409218787,67.52181896101771
0.020078920012281787,7.732507024921425,61.3451856584932
0.02283631396576157,5.744434054058687,62.979154335089476
0.015551955944584594,1.6526959475640548,61.38660684582919
0.013214712565590363,7.9265914698102335,50.28757538442978
0.011990354427284902,5.174981162845997,71.6952784830116
0.010679489563504892,4.090421770045152,88.5538026889844
0.012572716144111883,2.597116424519623,55.720741496734256
0.011826703434031674,6.267579682754599,57.203274791664235
0.010881449497343161,5.751471947100752,55.2233231374632
0.011621887161901137,2.565665628682188,88.32942545900727
0.014448988812944154,2.2873512578391404,92.37904202067418
0.0109598576056649,3.385439416064985,59.28402379424498
0.012451914513264179,1.7996261923373214,50.97653203832572
0.015148610980512279,5.266962518618974,82.40169626339555
0.020634680056519063,0.77558091129975,51.03072361224076
0.013246063415803769,6.267829709647085,54.877679909702564
0.010537803903873565,1.4937822628301611,54.84075127342639
0.011225893363760177,3.988190727124736,61.040601675212855
0.015629969524817572,1.052816912071926,66.16999829650453
0.015203375042034194,7.335650932587207,51.28450542251558
0.011698085087653168,3.3684662425213268,56.45422069880756
0.010806514577729492,5.489131650657892,60.912834003553286
0.010620838896075726,5.443057259027523,51.43630980114299
0.01715093212195417,3.467902240929841,62.20672102098955
0.010160932784980987,2.9966450798375113,50.364276631659386
0.011522759665402855,0.27100910362902386,53.788893158246324
0.010908960537088067,0.26460890131543047,52.42963557120499
0.010159418999932009,3.1310855274924645,55.01249794749416
0.017913800028385385,4.730636148968832,64.3639773176953
0.011843597767515434,2.898596102201487,76.45540441633926
0.01473509904728029,7.242504397421038,69.33270796702516
0.010418674140735305,0.06229117409218787,67.52181896101771
0.020078920012281787,7.732507024921425,61.3451856584932
0.02172947395969909,5.61001535295574,64.43146960667065
0.016581030209757614,0.7802228282067167,62.23569542130475
0.013214712565590363,7.9265914698102335,50.28757538442978
0.01219277789563348,5.351151115634271,68.98423901158222
0.010679489563504892,4.090421770045152,88.5538026889844
0.013246779089031734,2.485453218550539,57.21780567857403
0.011826703434031674,6.267579682754599,57.203274791664235
0.010833508203412615,5.357171487310658,63.135319772920184
0.011621887161901137,2.565665628682188,88.32942545900727
0.014445592214478999,2.290901880996535,92.45442140392039
0.011038871761994425,2.152392457866776,56.87556837533692
0.012451914513264179,1.7996261923373214,50.97653203832572
0.01375429585184915,4.641480536315457,74.8959205626984
0.020634680056519063,0.77558091129975,51.03072361224076
0.013243165849969521,6.263267436252034,54.87134899577331
0.010537803903873565,1.4937822628301611,54.84075127342639
0.01130593077425674,4.928534617150902,63.21519316854369
0.015629969524817572,1.052816912071926,66.16999829650453
0.014279865524032473,6.5409738694885675,51.11596803452543
0.012155724655769314,4.551070263596203,52.495390347228565
0.010822271226947826,5.662632760510672,57.48414674624492
0.010620838896075726,5.443057259027523,51.43630980114299
0.01715093212195417,3.467902240929841,62.20672102098955
0.010160932784980987,2.9966450798375113,50.364276631659386
0.011522759665402855,0.27100910362902386,53.788893158246324
0.010908960537088067,0.26460890131543047,52.42963557120499
0.010159418999932009,3.1310855274924645,55.01249794749416
0.02045600600540559,4.809914976966498,69.60399082613196
0.012071574685059976,4.765672302223604,92.56147577782443
0.01473509904728029,7.242504397421038,69.33270796702516
0.010418674140735305,0.06229117409218787,67.52181896101771
0.020078920012281787,7.732507024921425,61.3451856584932
0.02172947395969909,5.61001535295574,64.43146960667065
0.01680080119222948,0.6569523608437415,61.255619770264275
0.013214712565590363,7.9265914698102335,50.28757538442978
0.012370060854250318,5.797932792733821,65.74078329809198
0.010679489563504892,4.090421770045152,88.5538026889844
0.01130979281329935,1.7719731200332376,55.570597068632644
0.012250535870112286,6.557379520507273,59.23022453916026
0.010833508203412615,5.357171487310658,63.135319772920184
0.015927659192093747,3.8625405559158006,78.14903799894742
0.014445592214478999,2.290901880996535,92.45442140392039
0.010933918994042183,2.159699590219536,57.311722714779975
0.012424323364798944,2.0559330844975747,51.11801914208086
0.01375429585184915,4.641480536315457,74.8959205626984
0.019479327149851157,1.6333502939071636,51.631044138764956
0.014177504850898078,5.986426723659838,50.76844307612152
0.010537803903873565,1.4937822628301611,54.84075127342639
0.01130593077425674,4.928534617150902,63.21519316854369
0.015629969524817572,1.052816912071926,66.16999829650453
0.014279865524032473,6.5409738694885675,51.11596803452543
0.012155724655769314,4.551070263596203,52.495390347228565
0.010821420938320307,5.685746651294687,57.056529213024554
0.010620838896075726,5.443057259027523,51.43630980114299
0.022013180669983683,5.9631408330463875,69.82268320310436
0.010160932784980987,2.9966450798375113,50.364276631659386
0.012411621423940337,0.42320199189215146,53.5478307305269
0.010908960537088067,0.26460890131543047,52.42963557120499
0.010047281808429492,3.6163125749369662,55.063396356704565
0.02045600600540559,4.809914976966498,69.60399082613196
0.012071574685059976,4.765672302223604,92.56147577782443
0.01473509904728029,7.242504397421038,69.33270796702516
0.010418674140735305,0.06229117409218787,67.52181896101771
0.02137366771533873,7.851229149147347,59.40989886093392
0.021432369419157875,5.593668977349681,64.3758839953221
0.015774412115750456,0.9850469130343653,58.87810914259516
0.013214712565590363,7.9265914698102335,50.28757538442978
0.012435529075421753,6.178782469113562,69.7865409505798
0.010679489563504892,4.090421770045152,88.5538026889844
0.011428035368030795,1.9618333985691727,55.393252347249145
0.012250535870112286,6.557379520507273,59.23022453916026
0.01080686408757145,5.009064982951307,62.38794665627123
0.01441481427390075,3.928229922141552,81.1483304190266
0.014445592214478999,2.290901880996535,92.45442140392039
0.01116852890548267,3.1147266993774685,52.662690782185386
0.012424323364798944,2.0559330844975747,51.11801914208086
0.013688465292898772,4.609307240904741,75.036964904671
0.01816517187976771,1.4033932512367628,54.201620948155266
0.014177504850898078,5.986426723659838,50.76844307612152
0.010537803903873565,1.4937822628301611,54.84075127342639
0.01130593077425674,4.928534617150902,63.21519316854369
0.015263415593034844,1.1830990607388923,65.1106436612154
0.014279865524032473,6.5409738694885675,51.11596803452543
0.012155724655769314,4.551070263596203,52.495390347228565
0.010821420938320307,5.685746651294687,57.056529213024554
0.010620838896075726,5.443057259027523,51.43630980114299
0.021635592524113297,6.308539834517888,68.16778598604903
0.010160932784980987,2.9966450798375113,50.364276631659386
0.012411621423940337,0.42320199189215146,53.5478307305269
0.010908960537088067,0.26460890131543047,52.42963557120499
0.011690742913990509,2.8496735397358153,58.22900921189049
0.02045600600540559,4.809914976966498,69.60399082613196
0.012071574685059976,4.765672302223604,92.56147577782443
0.01473509904728029,7.242504397421038,69.33270796702516
0.010418674140735305,0.06229117409218787,67.52181896101771
0.02137366771533873,7.851229149147347,59.40989886093392
0.020902526573176226,5.325356267206483,63.774402637449306
0.015774412115750456,0.9850469130343653,58.87810914259516
0.013051684043127454,7.981696514221473,50.24566763709485
0.012435529075421753,6.178782469113562,69.7865409505798
0.010444143402645713,3.90750708162864,89.66919875175144
0.011435868005491378,1.7715285592441203,54.89149868837609
0.013208451198561682,4.635757679842126,74.16272482418171
0.010306729695135967,5.105315501244365,50.45571513642011
0.01611580992579506,5.573804096666987,86.9485866583394
0.014498810213633013,2.047238640613468,94.27753642399475
0.01116852890548267,3.1147266993774685,52.662690782185386
0.012424323364798944,2.0559330844975747,51.11801914208086
0.01495406190314054,5.724069968187996,85.6851370303203
0.01858253012517313,0.8534421476818395,54.53160228629799
0.015669353742175773,7.096901615507779,50.9185599549344
0.010537803903873565,1.4937822628301611,54.84075127342639
0.01130593077425674,4.928534617150902,63.21519316854369
0.015263415593034844,1.1830990607388923,65.1106436612154
0.013743803029067003,6.4084127643485855,52.03676117372951
0.012155724655769314,4.551070263596203,52.495390347228565
0.010723168303828265,6.006285718086223,56.92401300843995
0.010620838896075726,5.443057259027523,51.43630980114299
0.021635592524113297,6.308539834517888,68.16778598604903
0.01016059657200416,2.9979858086865514,50.36028309437422
0.012411621423940337,0.42320199189215146,53.5478307305269
0.010908960537088067,0.26460890131543047,52.42963557120499
0.01225983771410655,4.096685370836474,54.07161629581191
0.02045600600540559,4.809914976966498,69.60399082613196
0.013585741901166223,5.009937785152271,88.69948743943505
0.014984173983749733,6.941477275911031,72.51054478584729
0.010418674140735305,0.06229117409218787,67.52181896101771
0.02137366771533873,7.851229149147347,59.40989886093392
0.01967883077740378,4.865975167313629,62.626165153334604
0.01598278206145526,1.0159007047037543,59.15427427675087
0.013051684043127454,7.981696514221473,50.24566763709485
0.011949048403377967,6.2666148930559356,66.7155626332432
0.010237495622300852,3.8298064741800797,94.1573788949614
0.011435868005491378,1.7715285592441203,54.89149868837609
0.013208451198561682,4.635757679842126,74.16272482418171
0.010872970433570696,5.252412743076393,50.71558768885181
0.01611580992579506,5.573804096666987,86.9485866583394
0.014498810213633013,2.047238640613468,94.27753642399475
0.01116852890548267,3.1147266993774685,52.662690782185386
0.012424323364798944,2.0559330844975747,51.11801914208086
0.01495406190314054,5.724069968187996,85.6851370303203
0.01740503614888832,1.8329210361528907,62.583270107022194
0.016669671542463342,6.758271800833065,53.375946456071205
0.010567523379014175,1.6266757224190278,55.16476547904098
0.011481950834881667,5.715625058782701,65.13423783019333
0.015261527375306998,1.2220369248249972,65.16068142071553
0.014066776201334372,7.473782854921773,52.261644539871824
0.012297900540225589,4.562507714650817,55.42167017190126
0.010723168303828265,6.006285718086223,56.92401300843995
0.010620838896075726,5.443057259027523,51.43630980114299
0.02044449667132366,5.637415750295354,66.42020615741552
0.010170436984355371,2.8860487430838404,51.01464678176542
0.012411621423940337,0.42320199189215146,53.5478307305269
0.010908960537088067,0.26460890131543047,52.42963557120499
0.01225983771410655,4.096685370836474,54.07161629581191
0.02045600600540559,4.809914976966498,69.60399082613196
0.013461572009225277,4.373942855132576,98.10522631048524
0.014984173983749733,6.941477275911031,72.51054478584729
0.010418674140735305,0.06229117409218787,67.52181896101771
0.019172939612970834,7.37609586399613,60.68346075007553
0.01967883077740378,4.865975167313629,62.626165153334604
0.01598278206145526,1.0159007047037543,59.15427427675087
0.013051684043127454,7.981696514221473,50.24566763709485
0.011949048403377967,6.2666148930559356,66.7155626332432
0.010237495622300852,3.8298064741800797,94.1573788949614
0.011435868005491378,1.7715285592441203,54.89149868837609
0.013208451198561682,4.635757679842126,74.16272482418171
0.010872970433570696,5.252412743076393,50.71558768885181
0.018166208090738982,5.261533725447769,93.98114141283583
0.014498810213633013,2.047238640613468,94.27753642399475
0.01130231744093655,3.145379676538686,52.88360169080261
0.0125849598110985,1.6829097057071118,50.56977151708377
0.014010126872593589,5.89449421429164,79.7264131212988
0.01740503614888832,1.8329210361528907,62.583270107022194
0.019922912957121616,7.60339439026879,54.86900072207263
0.010567523379014175,1.6266757224190278,55.16476547904098
0.01099826033697674,6.018157048453258,62.60484747423522
0.015261527375306998,1.2220369248249972,65.16068142071553
0.014066776201334372,7.473782854921773,52.261644539871824
0.012297900540225589,4.562507714650817,55.42167017190126
0.010723168303828265,6.006285718086223,56.92401300843995
0.012384164837353379,3.8391929429308913,56.65116975410753
0.018473810471338573,4.447458537465723,75.65346403527838
0.010170436984355371,2.8860487430838404,51.01464678176542
0.012411621423940337,0.42320199189215146,53.5478307305269
0.010908960537088067,0.26460890131543047,52.42963557120499
0.01225983771410655,4.096685370836474,54.07161629581191
0.021150252624320014,4.93977046919869,70.85871861262838
0.013461572009225277,4.373942855132576,98.10522631048524
0.015409551451549975,7.385662669059189,75.3895963909813
0.013986933667188683,1.684057439554873,68.63134110530356
0.019172939612970834,7.37609586399613,60.68346075007553
0.018400610219590573,5.46692445027378,60.23825870192553
0.01598278206145526,1.0159007047037543,59.15427427675087
0.01285457482692532,6.495758422223426,50.85244649658117
0.011949048403377967,6.2666148930559356,66.7155626332432
0.010237495622300852,3.8298064741800797,94.1573788949614
0.011435868005491378,1.7715285592441203,54.89149868837609
0.013161992890516462,4.474473729012349,73.28751172032109
0.011162779481536269,4.996227000863943,54.197442281511144
0.0180845280186981,5.246123716049796,94.05274217976152
0.014498810213633013,2.047238640613468,94.27753642399475
0.01130231744093655,3.145379676538686,52.88360169080261
0.012479751587592524,2.4412598060217694,53.24100839034371
0.014008253234961588,5.893903128265412,79.7096143138818
0.014981942756571243,3.8019969925750883,64.41848880296719
0.019922912957121616,7.60339439026879,54.86900072207263
0.010099731893397502,1.6794368866900915,54.82013591343725
0.01099826033697674,6.018157048453258,62.60484747423522
0.015108350768410293,1.361361418448892,64.70767693961669
0.014066776201334372,7.473782854921773,52.261644539871824
0.011607890182417362,2.427358110410153,53.93525977207306
0.01095903968737117,5.757634748802668,57.352096010156814
0.012384164837353379,3.8391929429308913,56.65116975410753
0.018473810471338573,4.447458537465723,75.65346403527838
0.012157013126917127,3.264225768406731,56.548829642305385
0.01209517963546779,0.7709411680686666,53.19016036430551
0.010908960537088067,0.26460890131543047,52.42963557120499
0.01225983771410655,4.096685370836474,54.07161629581191
0.01906638373393287,5.33063363533368,65.83315601322948
0.013461572009225277,4.373942855132576,98.10522631048524
0.015747788762266193,7.823770371852684,75.70594119205956
0.012917211740556237,1.720736140571304,62.86990151457074
0.019172939612970834,7.37609586399613,60.68346075007553
0.01805386142081494,4.857252065496242,60.15499301673333
0.01593551755567054,1.132665965698049,59.64630962972013
0.01285457482692532,6.495758422223426,50.85244649658117
0.011335715349357994,5.918372626877794,70.87762045648435
0.010237495622300852,3.8298064741800797,94.1573788949614
0.011435868005491378,1.7715285592441203,54.89149868837609
0.013161992890516462,4.474473729012349,73.28751172032109
0.010973938177329398,4.828846549037728,54.57081685563695
0.017198833532956412,5.086263999940963,94.06455252499487
0.013057575464924935,1.917506205968635,75.74485694750481
0.01130231744093655,3.145379676538686,52.88360169080261
0.01353170762822075,3.013332683925207,57.94017693703078
0.014008253234961588,5.893903128265412,79.7096143138818
0.015936662580326357,2.5930911885940007,70.50665500088621
0.019922912957121616,7.60339439026879,54.86900072207263
0.010099731893397502,1.6794368866900915,54.82013591343725
0.010823714513890473,6.225179134031631,62.92622726419833
0.01389022543847951,2.531083069166103,60.15931973222262
0.014066596446647841,7.468930216673529,52.34595163345287
0.011109969248779298,1.1524196411972523,53.831118312358086
0.01095903968737117,5.757634748802668,57.352096010156814
0.01261356280281039,2.559430531806145,51.34511585736086
0.018203798945909795,4.427210018698683,76.26007881011921
0.012157013126917127,3.264225768406731,56.548829642305385
0.01209517963546779,0.7709411680686666,53.19016036430551
0.010908960537088067,0.26460890131543047,52.42963557120499
0.01225983771410655,4.096685370836474,54.07161629581191
0.015595741351373576,3.2319117408264857,59.57932596958847
0.013461572009225277,4.373942855132576,98.10522631048524
0.015747788762266193,7.823770371852684,75.70594119205956
0.012917211740556237,1.720736140571304,62.86990151457074
0.015712350058007533,5.347925424575466,58.64406349390163
0.022100560718326646,6.566458386527499,66.7081119198044
0.01610993667259365,2.263291644399745,58.642270387467434
0.012886154356910288,6.642054129595845,50.594563785483146
0.011610797633779158,5.195292996164157,66.6728572266659
0.010579514291939943,2.7802431923395776,78.34906838860138
0.011435868005491378,1.7715285592441203,54.89149868837609
0.013919150812264566,4.122632775462372,76.51620780338672
0.010973938177329398,4.828846549037728,54.57081685563695
0.019149613765208885,5.4383619063171755,94.0385397312063
0.01393474947457619,1.9558843171903193,83.21641876416207
0.01130231744093655,3.145379676538686,52.88360169080261
0.01353170762822075,3.013332683925207,57.94017693703078
0.014082974059075725,6.345567343558408,83.12299233749668
0.0160155948163103,1.6237060478835925,74.68092428612741
0.01678359085501436,6.630076264375839,54.764397097028656
0.010700291595437665,1.8143703383655434,55.6660676120963
0.010823714513890473,6.225179134031631,62.92622726419833
0.013548512045494805,2.2787069747885624,59.038006568042874
0.014066596446647841,7.468930216673529,52.34595163345287
0.011109969248779298,1.1524196411972523,53.831118312358086
0.01048646683284598,5.497394358414434,58.113391175949666
0.01261356280281039,2.559430531806145,51.34511585736086
0.021913968805856682,6.058097505992189,90.10858537901848
0.012157013126917127,3.264225768406731,56.548829642305385
0.011421045750338175,0.7074439060462805,52.05684629723485
0.010908960537088067,0.26460890131543047,52.42963557120499
0.011910968814380862,2.678872179270391,56.00839300054168
0.015595741351373576,3.2319117408264857,59.57932596958847
0.01316149950643148,3.7318681581930724,81.55891611899126
0.015747788762266193,7.823770371852684,75.70594119205956
0.01254552437224681,2.315220314080934,61.282546550952496
0.015712350058007533,5.347925424575466,58.64406349390163
0.02075310343996593,5.8554537492177925,66.14493779248646
0.01610993667259365,2.263291644399745,58.642270387467434
0.012886154356910288,6.642054129595845,50.594563785483146
0.011610797633779158,5.195292996164157,66.6728572266659
0.010476989979638411,3.600144343107309,97.6040027860245
0.011435868005491378,1.7715285592441203,54.89149868837609
0.014021457025256277,4.25375399243343,77.33482914083069
0.010973938177329398,4.828846549037728,54.57081685563695
0.020113769398049416,5.65451415901712,92.66784473372866
0.01393474947457619,1.9558843171903193,83.21641876416207
0.01130231744093655,3.145379676538686,52.88360169080261
0.01353170762822075,3.013332683925207,57.94017693703078
0.01433216558388545,7.334164007862654,87.45226126659047
0.0160155948163103,1.6237060478835925,74.68092428612741
0.01678359085501436,6.630076264375839,54.764397097028656
0.010700291595437665,1.8143703383655434,55.6660676120963
0.01142465864071832,6.415131319019814,67.12716260406006
0.011538862959291525,2.290801574138338,59.348494272915055
0.014066596446647841,7.468930216673529,52.34595163345287
0.011109969248779298,1.1524196411972523,53.831118312358086
0.010040468513327275,6.7831623473051765,60.97234267844489
0.01261356280281039,2.559430531806145,51.34511585736086
0.021913968805856682,6.058097505992189,90.10858537901848
0.012157013126917127,3.264225768406731,56.548829642305385
0.011421045750338175,0.7074439060462805,52.05684629723485
0.010908960537088067,0.26460890131543047,52.42963557120499
0.011894592948689258,2.6880133932300825,56.1457366796511
0.015595741351373576,3.2319117408264857,59.57932596958847
0.01316149950643148,3.7318681581930724,81.55891611899126
0.015747788762266193,7.823770371852684,75.70594119205956
0.01254552437224681,2.315220314080934,61.282546550952496
0.015694375262848087,5.56867806280586,57.69348057416986
0.02075310343996593,5.8554537492177925,66.14493779248646
0.016044842529037557,3.2627578575228346,61.709373649070386
0.012886154356910288,6.642054129595845,50.594563785483146
0.011101268288766312,5.608527173355263,63.87879735768121
0.010476989979638411,3.600144343107309,97.6040027860245
0.011435868005491378,1.7715285592441203,54.89149868837609
0.01556011256611467,3.6527963415324094,84.1400635178673
0.011142822944739972,4.729901069722461,55.86767353686807
0.020113769398049416,5.65451415901712,92.66784473372866
0.014895778339150666,2.5311357456359658,84.68640806353896
0.01130231744093655,3.145379676538686,52.88360169080261
0.013591445602230384,3.019658874177696,57.98761775217176
0.01433216558388545,7.334164007862654,87.45226126659047
0.016343773963036403,1.28119510960408,75.2208984806224
0.01799386228548192,7.399501251145388,55.17967887094341
0.010802392175167836,1.8872767561564334,55.69493709115294
0.01142465864071832,6.415131319019814,67.12716260406006
0.011147302714692572,1.488680097337996,60.433227818772416
0.014066596446647841,7.468930216673529,52.34595163345287
0.011109969248779298,1.1524196411972523,53.831118312358086
0.010040468513327275,6.7831623473051765,60.97234267844489
0.012430993084785584,2.388588098445339,51.64697187822568
0.021913968805856682,6.058097505992189,90.10858537901848
0.011999480136668215,3.2910847212168837,56.390818305290495
0.011421045750338175,0.7074439060462805,52.05684629723485
0.01085024363441453,0.2133045720782627,52.45290050655601
0.012979663716577512,3.5106197339665006,56.587712434383675
0.015588417941061817,3.2245798246254953,59.84201051247749
0.014223987728250176,3.784002449639912,75.20851377113732
0.015747788762266193,7.823770371852684,75.70594119205956
0.01254552437224681,2.315220314080934,61.282546550952496
0.015694375262848087,5.56867806280586,57.69348057416986
0.02491363789359425,6.7685706123139715,53.40797023273202
0.018159331996156654,4.260902723705448,67.32448885247139
0.012886154356910288,6.642054129595845,50.594563785483146
0.010817454258518386,6.340785029611976,66.2448243904299
0.010476989979638411,3.600144343107309,97.6040027860245
0.011435868005491378,1.7715285592441203,54.89149868837609
0.015455271232009677,3.625201582268016,83.33936869710101
0.011142822944739972,4.729901069722461,55.86767353686807
0.018536006338903687,4.727089100652007,80.6634185994081
0.014141922629960479,2.7289371576051744,77.32156149287985
0.012143428645111337,3.609459045799107,53.80472868492837
0.013579893500403603,3.020293325116344,57.9618602981928
0.01433216558388545,7.334164007862654,87.45226126659047
0.01494408778827946,3.451335584805282,65.25186078004593
0.01799386228548192,7.399501251145388,55.17967887094341
0.010802392175167836,1.8872767561564334,55.69493709115294
0.01142465864071832,6.415131319019814,67.12716260406006
0.010341645313961697,0.7931341435309349,61.05143036943427
0.014066596446647841,7.468930216673529,52.34595163345287
0.011109969248779298,1.1524196411972523,53.831118312358086
0.010040468513327275,6.7831623473051765,60.97234267844489
0.012337252967179057,1.5125900063093827,51.86371452402072
0.024249706883380445,7.118665726523163,97.95148288526705
0.011999480136668215,3.2910847212168837,56.390818305290495
0.011421045750338175,0.7074439060462805,52.05684629723485
0.01085024363441453,0.2133045720782627,52.45290050655601
0.01359670535009163,3.4429634820844766,57.357442822628975
0.01380395039470074,4.390123606995133,62.23683351488302
0.01413163790548963,3.733793980049804,72.58044179656638
0.01567063216453323,7.715472837352695,75.33349196168601
0.01247470053085215,2.4371400352009593,61.00914402921743
0.015241798763267965,5.023230443133043,57.75092365938057
0.02491363789359425,6.7685706123139715,53.40797023273202
0.018232817683453556,4.295384127934645,67.69403025969402
0.012886154356910288,6.642054129595845,50.594563785483146
0.010817454258518386,6.340785029611976,66.2448243904299
0.010476989979638411,3.600144343107309,97.6040027860245
0.011435868005491378,1.7715285592441203,54.89149868837609
0.010832663844197964,2.088936239550308,97.96780388252111
0.011078072541622302,3.7303381012507124,55.11195389961105
0.017326702078005476,5.477057279158084,82.61634137703496
0.016398971245514662,1.2230609608671021,93.46722959054122
0.01201036366868903,3.438574695595066,53.992285505823865
0.01491225119414722,2.7920043165107846,59.28631751582246
0.01433216558388545,7.334164007862654,87.45226126659047
0.014529211152683174,1.0163970251270644,59.49497467278835
0.015753235526508383,7.068947597114817,58.63445193425652
0.010802392175167836,1.8872767561564334,55.69493709115294
0.01142465864071832,6.415131319019814,67.12716260406006
0.010341645313961697,0.7931341435309349,61.05143036943427
0.014066596446647841,7.468930216673529,52.34595163345287
0.011104210678239884,1.1497551737878573,53.82338926394924
0.010040468513327275,6.7831623473051765,60.97234267844489
0.011730495649621153,0.7792199980878864,50.63388119597221
0.022035892917267742,7.272670669984866,92.11495320893357
0.011999480136668215,3.2910847212168837,56.390818305290495
0.011421045750338175,0.7074439060462805,52.05684629723485
0.01085024363441453,0.2133045720782627,52.45290050655601
0.014315556880372421,4.0281551080020375,56.54165799181636
0.013686278973652884,4.362182792863662,63.48773660580462
0.014087781860986002,3.6636026649022573,76.4049390610464
0.01567063216453323,7.715472837352695,75.33349196168601
0.012220395214999034,1.829006638918145,58.32790342163025
0.015475998823988705,5.095952675300975,57.89935966239278
0.023082035632481613,6.023323550181212,53.4630690014949
0.01962359457902919,3.235984176182086,72.8175587358775
0.012886154356910288,6.642054129595845,50.594563785483146
0.010817454258518386,6.340785029611976,66.2448243904299
0.010476989979638411,3.600144343107309,97.6040027860245
0.011361021188594474,1.810913159109293,60.236495514240204
0.010832663844197964,2.088936239550308,97.96780388252111
0.011078072541622302,3.7303381012507124,55.11195389961105
0.018114774761082607,6.353454022874936,90.23122168935633
0.01643180348860715,1.2179536921541347,93.44068345527475
0.01201036366868903,3.438574695595066,53.992285505823865
0.01491225119414722,2.7920043165107846,59.28631751582246
0.01433216558388545,7.334164007862654,87.45226126659047
0.016616769164247744,0.4928809040572879,59.00637777965345
0.015753235526508383,7.068947597114817,58.63445193425652
0.010339354841113282,1.7350277848720157,54.22351215636052
0.01142465864071832,6.415131319019814,67.12716260406006
0.010341645313961697,0.7931341435309349,61.05143036943427
0.014066596446647841,7.468930216673529,52.34595163345287
0.011104210678239884,1.1497551737878573,53.82338926394924
0.010040468513327275,6.7831623473051765,60.97234267844489
0.011472729498908877,0.04107511383454643,50.4449707658318
0.022035892917267742,7.272670669984866,92.11495320893357
0.011999480136668215,3.2910847212168837,56.390818305290495
0.011419497088054478,0.7005266356010331,52.04524280486632
0.01085024363441453,0.2133045720782627,52.45290050655601
0.013423738379304852,3.6526031981811604,63.93776788548
0.012977887124401124,3.48085151835508,60.836317626116774
0.013414877345389872,3.358051051378411,75.07489480457652
0.014598186889476731,5.885768688441062,70.04760483390484
0.012199920482540294,1.8417365272566046,58.16568168331462
0.015323685272929205,4.607033325978782,59.58501015981209
0.023082035632481613,6.023323550181212,53.4630690014949
0.015793530310836832,2.2279768756227165,67.9624333150911
0.013067147530955711,6.6690030714272845,51.102106051968974
0.010613632311331297,6.481359167332992,66.44070774219533
0.010476989979638411,3.600144343107309,97.6040027860245
0.012003430986315762,2.4523166176306184,59.722924270787104
0.010908061888041456,2.5932316896797127,84.80100380626129
0.010816617940953942,3.0241372594152187,54.7975074188531
0.01638797827799906,4.712364076966554,79.88760681502205
0.014095126618125156,0.663417712445465,73.18143997957431
0.011918410715081935,3.292800502085924,54.38127219031167
0.016377545528159808,3.3715586242433493,58.241886892469196
0.01433216558388545,7.334164007862654,87.45226126659047
0.01569085739713778,2.1039101293251674,56.94456416705438
0.01602003739977289,7.108673007761077,59.3826195277225
0.010339354841113282,1.7350277848720157,54.22351215636052
0.01142465864071832,6.415131319019814,67.12716260406006
0.011803979645845732,2.5427081116554255,64.14206499419346
0.014066596446647841,7.468930216673529,52.34595163345287
0.011104210678239884,1.1497551737878573,53.82338926394924
0.010040468513327275,6.7831623473051765,60.97234267844489
0.011472729498908877,0.04107511383454643,50.4449707658318
0.022035892917267742,7.272670669984866,92.11495320893357
0.011781111958537429,2.3157192327771403,54.75467496071253
0.011419497088054478,0.7005266356010331,52.04524280486632
0.010625467273886654,2.0369574374793364,54.81771655888635
0.011269527290731296,0.7850198235438208,67.71728288934496
0.012977887124401124,3.48085151835508,60.836317626116774
0.013574761165929932,2.724712229198037,74.62986266183849
0.014598186889476731,5.885768688441062,70.04760483390484
0.012315682925033608,1.71072344479539,59.108514617552686
0.014327297415968457,5.017440210778426,59.846654029074166
0.020279863542254487,5.120089227809759,55.0464084458303
0.015793530310836832,2.2279768756227165,67.9624333150911
0.013067147530955711,6.6690030714272845,51.102106051968974
0.010613632311331297,6.481359167332992,66.44070774219533
0.010476989979638411,3.600144343107309,97.6040027860245
0.012003430986315762,2.4523166176306184,59.722924270787104
0.011415661340107922,2.6654648933070524,82.33616542665177
0.010816617940953942,3.0241372594152187,54.7975074188531
0.016772655517646826,4.890961226764409,81.56115089591324
0.01568967064106661,0.03218295954032335,81.62081759975233
0.012163819369218424,3.468500550421452,54.93806550105522
0.016779986309235214,3.3967012867274633,58.49115443712691
0.01433216558388545,7.334164007862654,87.45226126659047
0.015976304906474635,1.1159434012081046,53.52154661796884
0.01590833636781016,7.12359569156477,61.24022975590627
0.010339354841113282,1.7350277848720157,54.22351215636052
0.011339171830160016,6.866482457043917,67.89648915713268
0.011803979645845732,2.5427081116554255,64.14206499419346
0.014066596446647841,7.468930216673529,52.34595163345287
0.011104210678239884,1.1497551737878573,53.82338926394924
0.010040468513327275,6.7831623473051765,60.97234267844489
0.011308513509149569,0.7876958627159474,51.53435275548523
0.022035892917267742,7.272670669984866,92.11495320893357
0.012022398593806742,2.138494906969611,54.743959601657274
0.011419497088054478,0.7005266356010331,52.04524280486632
0.010625467273886654,2.0369574374793364,54.81771655888635
0.011269527290731296,0.7850198235438208,67.71728288934496
0.013494228489638552,2.207412164110015,58.082174012583565
0.014149293788605884,3.21577907702095,80.48497026176729
0.014598186889476731,5.885768688441062,70.04760483390484
0.012315682925033608,1.71072344479539,59.108514617552686
0.015361171565802443,5.035268851899424,59.012921195858745
0.01774902515870309,4.327302873001827,54.927713893547526
0.016054388529766265,2.5370341156771414,65.45785029962859
0.014304302811108806,5.57863915504098,53.564211403400606
0.010453755253692397,7.86986495286412,66.1295373798792
0.011648824904522185,3.376780406980628,90.84996076345206
0.012003430986315762,2.4523166176306184,59.722924270787104
0.011415661340107922,2.6654648933070524,82.33616542665177
0.010816617940953942,3.0241372594152187,54.7975074188531
0.016772655517646826,4.890961226764409,81.56115089591324
0.015159573877586133,2.15447742491035,70.88524556081931
0.011085116590201494,3.7267597896886944,52.02134030517585
0.01937791962076313,1.4854356875150199,53.3109918207842
0.014127145474757857,6.750822715258494,83.42295427179297
0.015976304906474635,1.1159434012081046,53.52154661796884
0.01630578160631383,7.381428439001661,58.579267369798245
0.010323590658362105,2.0012819035672766,54.57946620248546
0.01141020855187301,7.347176634775002,69.19825067909963
0.011803979645845732,2.5427081116554255,64.14206499419346
0.014066596446647841,7.468930216673529,52.34595163345287
0.011183352843404845,0.3321064649123482,52.326076504334765
0.010040468513327275,6.7831623473051765,60.97234267844489
0.011308513509149569,0.7876958627159474,51.53435275548523
0.01798397285952936,4.823181517432321,76.78694599703621
0.012989574467656207,2.208795135321809,54.692893419273595
0.011419497088054478,0.7005266356010331,52.04524280486632
0.010669351480123664,2.0409997632096246,54.90372514170792
0.011269527290731296,0.7850198235438208,67.71728288934496
0.012674289567972218,1.6748264136217497,55.62585489104467
0.013601222674049805,2.39291574244617,90.195693640637
0.014692459220315365,5.840636956060589,70.13672811635563
0.01241765244369458,1.5436668222689476,59.69578548044206
0.01761625014332526,3.930122784907155,53.34751138164661
0.01774902515870309,4.327302873001827,54.927713893547526
0.014857229058236322,2.423719938691922,63.18815731948994
0.014361778614023926,5.121579468158072,53.85877843611644
0.010453755253692397,7.86986495286412,66.1295373798792
0.011661762758697401,3.475211428499386,92.3446494812955
0.01183568825831794,2.0712354017915136,61.55013338737541
0.011080976525383241,2.3854217000239175,70.03400825777028
0.010870470792715137,3.3836539989737897,54.75866539568596
0.016575604346286694,4.245178944740262,77.14333092255555
0.018673392907520507,3.764921538503054,87.28613496053856
0.011085116590201494,3.7267597896886944,52.02134030517585
0.01937791962076313,1.4854356875150199,53.3109918207842
0.014381623759034864,6.824481395709556,80.52105673766025
0.015976304906474635,1.1159434012081046,53.52154661796884
0.01630578160631383,7.381428439001661,58.579267369798245
0.010310426577623582,1.9933535645725664,54.5678808085125
0.010654454627095192,7.3418890136554396,70.8375558684839
0.011803979645845732,2.5427081116554255,64.14206499419346
0.014082136293775641,7.506064423922373,52.260552194056785
0.011183352843404845,0.3321064649123482,52.326076504334765
0.010040468513327275,6.7831623473051765,60.97234267844489
0.011308513509149569,0.7876958627159474,51.53435275548523
0.01798397285952936,4.823181517432321,76.78694599703621
0.012989574467656207,2.208795135321809,54.692893419273595
0.011419497088054478,0.7005266356010331,52.04524280486632
0.010669351480123664,2.0409997632096246,54.90372514170792
0.010773173518727069,0.37416118200880977,71.47572912747641
0.012674289567972218,1.6748264136217497,55.62585489104467
0.013601222674049805,2.39291574244617,90.195693640637
0.015272481392991717,6.094672584688834,72.94301141800872
0.01241765244369458,1.5436668222689476,59.69578548044206
0.01868463933080037,2.8490887422000295,53.676107316210434
0.021129263788693297,5.831901230604313,55.094487181008304
0.013699041669448811,2.314094568074091,60.99235145692038
0.014421230112193723,5.230992257495063,53.68028240077217
0.010453755253692397,7.86986495286412,66.1295373798792
0.011568486270325818,2.4069096210961543,76.82867840598774
0.012250089868629906,2.261299041781252,62.91341620685258
0.012067079722892886,2.278457113856855,68.04645455384033
0.010757801195921991,4.117352275318427,51.09992981497116
0.016575604346286694,4.245178944740262,77.14333092255555
0.018673392907520507,3.764921538503054,87.28613496053856
0.011029227598226318,5.658060569597312,51.8479684751847
0.023930883242908187,0.9698985378045799,52.3261127078818
0.014381623759034864,6.824481395709556,80.52105673766025
0.015976304906474635,1.1159434012081046,53.52154661796884
0.016405659410648546,7.476815989307388,57.86376635582304
0.010310426577623582,1.9933535645725664,54.5678808085125
0.010654454627095192,7.3418890136554396,70.8375558684839
0.011831490194552461,2.5013009072120784,64.48502397515306
0.014082136293775641,7.506064423922373,52.260552194056785
0.01121061569506394,0.17822021856380044,52.11982477272355
0.010040468513327275,6.7831623473051765,60.97234267844489
0.011308513509149569,0.7876958627159474,51.53435275548523
0.014446359693586487,4.477638824005205,64.21172209291746
0.012989574467656207,2.208795135321809,54.692893419273595
0.011223473495061722,0.19950270166049577,52.029391719979
0.01119786447043454,2.9863637050184,58.086495853032176
0.011909749793354005,1.8192273390078126,71.84638130025573
0.012674289567972218,1.6748264136217497,55.62585489104467
0.013601222674049805,2.39291574244617,90.195693640637
0.016051148706700647,7.731616258801673,73.72423776702217
0.013178909761464965,1.45216938393523,58.375008988531356
0.01868463933080037,2.8490887422000295,53.676107316210434
0.021131707577098313,5.814372826059282,55.15456260058095
0.014749461634129598,0.5158273633579054,59.32956982089789
0.014421230112193723,5.230992257495063,53.68028240077217
0.010453755253692397,7.86986495286412,66.1295373798792
0.011540956750574198,2.235444822469799,74.15016457073509
0.011713994008195462,0.7265688233087211,66.03067143611163
0.012742753787414173,0.7765841940841787,70.40497004076062
0.010757801195921991,4.117352275318427,51.09992981497116
0.016575604346286694,4.245178944740262,77.14333092255555
0.018673392907520507,3.764921538503054,87.28613496053856
0.011171463379237712,6.465439091682951,52.23996373489011
0.021637106276551403,2.1893319500329698,67.57873110010401
0.01309291938419195,6.376094167764458,69.49875134425555
0.015976304906474635,1.1159434012081046,53.52154661796884
0.01766098955870812,7.90147282305233,59.26838055119882
0.010310426577623582,1.9933535645725664,54.5678808085125
0.010654454627095192,7.3418890136554396,70.8375558684839
0.011831490194552461,2.5013009072120784,64.48502397515306
0.014082136293775641,7.506064423922373,52.260552194056785
0.01121061569506394,0.17822021856380044,52.11982477272355
0.010040468513327275,6.7831623473051765,60.97234267844489
0.011308513509149569,0.7876958627159474,51.53435275548523
0.014446359693586487,4.477638824005205,64.21172209291746
0.01288524291616791,2.438138246094643,55.41422585468997
0.011599911258466442,0.9555183106591052,56.02032537364801
0.01119786447043454,2.9863637050184,58.086495853032176
0.01068221612183177,0.9920371618834265,71.62045059671819
0.012737841766865935,1.9047831590830442,55.562099133076686
0.013198751443682702,2.3783920387385376,93.92059246094296
0.01618157226502938,7.304771784433098,73.56428663497815
0.01312700413375866,1.3634803167550176,58.549372306127275
0.0175049480847025,2.533786808357042,54.06644742426664
0.021131707577098313,5.814372826059282,55.15456260058095
0.014749461634129598,0.5158273633579054,59.32956982089789
0.016860736199114962,5.972573867852493,55.398559453045564
0.010453755253692397,7.86986495286412,66.1295373798792
0.011540956750574198,2.235444822469799,74.15016457073509
0.011156017163250466,1.3504944455230679,70.33181250069534
0.012342764782749701,0.023481947396112535,61.18381833970413
0.010638996868593716,3.5533054390538608,52.02087518858707
0.016842117089052172,5.14296979237089,72.75419608291725
0.018673392907520507,3.764921538503054,87.28613496053856
0.011171463379237712,6.465439091682951,52.23996373489011
0.021637106276551403,2.1893319500329698,67.57873110010401
0.01309291938419195,6.376094167764458,69.49875134425555
0.015976304906474635,1.1159434012081046,53.52154661796884
0.01766098955870812,7.90147282305233,59.26838055119882
0.010310426577623582,1.9933535645725664,54.5678808085125
0.010654454627095192,7.3418890136554396,70.8375558684839
0.01180014258022395,2.7745118549701786,61.53636344155058
0.014082136293775641,7.506064423922373,52.260552194056785
0.011203640870637865,0.17755481786524685,52.10561485606324
0.010040468513327275,6.7831623473051765,60.97234267844489
0.011308513509149569,0.7876958627159474,51.53435275548523
0.017679358433145227,2.785868796127824,66.58874620346896
0.01288524291616791,2.438138246094643,55.41422585468997
0.011599911258466442,0.9555183106591052,56.02032537364801
0.01135088208000701,3.260069996450323,59.00798685702365
0.010204244190214672,1.1479844920974474,86.94957567089412
0.013026178531957183,1.8836065724095616,55.5454242747766
0.013198751443682702,2.3783920387385376,93.92059246094296
0.01618157226502938,7.304771784433098,73.56428663497815
0.01211285046705285,1.577757700489405,57.15003639658004
0.017363682537855377,2.406005029956404,54.024064358685095
0.022122313793666096,6.710425875602529,55.45176831831843
0.01675782419643002,0.926684302224532,57.78221943306808
0.018498851403891556,7.994739918905224,54.01619072607422
0.010453755253692397,7.86986495286412,66.1295373798792
0.011534234420637599,2.4089182734525814,77.20143729829383
0.011156017163250466,1.3504944455230679,70.33181250069534
0.012342764782749701,0.023481947396112535,61.18381833970413
0.010642700780800506,3.835227421401333,53.50179451726667
0.01421678682041088,3.3919452850497915,71.63575690252063
0.01664201284797283,3.6248677537132186,79.44133042128432
0.011099820996726118,6.4855651344247915,52.793112516875716
0.023567820652073013,1.8983224391055562,68.06167699436229
0.01309291938419195,6.376094167764458,69.49875134425555
0.019808888820057914,1.3854576379452652,55.15317206611774
0.01766098955870812,7.90147282305233,59.26838055119882
0.01021989405069548,1.9777145923653796,54.53812266439304
0.010686357233999483,7.158123089812214,70.95676692332145
0.011936029849532452,3.0562644971296713,60.98401106057875
0.014082136293775641,7.506064423922373,52.260552194056785
0.011200510576779637,0.7892533893545748,52.11868459680287
0.010040468513327275,6.7831623473051765,60.97234267844489
0.011384930451328365,0.7865938424237737,51.120911642810114
0.0146982183430838,4.64977560633086,68.45084822681224
0.012631430018964388,2.982956486376816,57.20826972451217
0.011581261552931266,1.1953570520089842,55.85577179596144
0.011313175104866591,3.016294230104587,60.437332163340976
0.010204244190214672,1.1479844920974474,86.94957567089412
0.013793497245664732,0.15388677154475516,50.49144360201775
0.013198751443682702,2.3783920387385376,93.92059246094296
0.015482438685851634,6.354716047250957,70.29305695043436
0.012105114221503475,1.6424452453335905,57.31778023690087
0.016408282445533353,1.5417976870778212,53.73742132594819
0.02049556931774089,5.951186242478203,59.75102866998815
0.01675782419643002,0.926684302224532,57.78221943306808
0.01703907502968017,6.544425428023188,54.769988110571774
0.010453755253692397,7.86986495286412,66.1295373798792
0.01191409469191074,2.533541355127365,83.75140946810646
0.011004135591259833,1.0183523644404349,72.15198645728653
0.012342764782749701,0.023481947396112535,61.18381833970413
0.011715401052944562,3.40852932861383,53.5456334491377
0.01421678682041088,3.3919452850497915,71.63575690252063
0.01643574291654898,3.5255352641498443,78.0781576397443
0.011099820996726118,6.4855651344247915,52.793112516875716
0.023567820652073013,1.8983224391055562,68.06167699436229
0.012845493913496965,5.566378880775737,66.836470839391
0.01920301938220164,1.2943560792093307,55.675238835197746
0.01766098955870812,7.90147282305233,59.26838055119882
0.01021989405069548,1.9777145923653796,54.53812266439304
0.010686357233999483,7.158123089812214,70.95676692332145
0.011936029849532452,3.0562644971296713,60.98401106057875
0.013601634171491348,6.752392194254741,57.92408108083809
0.011015308648679124,1.7461872203293822,53.53218036486398
0.010040468513327275,6.7831623473051765,60.97234267844489
0.011384930451328365,0.7865938424237737,51.120911642810114
0.013477065547085894,5.209099588705806,66.49015941911128
0.012398695088098191,2.257320131573035,58.0020256469823
0.010161815697013844,0.5192400544577844,56.16064848385048
0.010735596537722311,3.152919671873921,59.20333286665478
0.010204244190214672,1.1479844920974474,86.94957567089412
0.013793497245664732,0.15388677154475516,50.49144360201775
0.013198751443682702,2.3783920387385376,93.92059246094296
0.015482438685851634,6.354716047250957,70.29305695043436
0.011513165701054128,1.3384625853938505,57.146114005053974
0.015667931403055474,1.6073472026455482,53.224075975163544
0.01962926318858986,5.506313027385904,59.49979819355357
0.01675782419643002,0.926684302224532,57.78221943306808
0.01703907502968017,6.544425428023188,54.769988110571774
0.010453755253692397,7.86986495286412,66.1295373798792
0.011903250343107151,2.539722611516637,84.32762711429629
0.010431385008258518,0.5095038624196682,77.9634260709575
0.012342764782749701,0.023481947396112535,61.18381833970413
0.011721841440756994,3.6696148416985923,54.20940812169685
0.015901995566373756,4.585815187410853,78.06706979187587
0.016794480556997157,3.6974325801814296,79.33138153666884
0.010191439947843725,7.45561189936435,52.707414273302824
0.023567820652073013,1.8983224391055562,68.06167699436229
0.011809166430565768,7.209664048881082,63.20950535259137
0.020662296491585443,0.28963605809882864,53.05684400546835
0.01766098955870812,7.90147282305233,59.26838055119882
0.010559964323159405,1.8787277536893847,54.10804371845588
0.010686357233999483,7.158123089812214,70.95676692332145
0.011113381003143286,3.375659348179652,62.6945871715818
0.013601634171491348,6.752392194254741,57.92408108083809
0.011863614056706879,2.9656769819523823,50.9196881166102
0.010040468513327275,6.7831623473051765,60.97234267844489
0.011384930451328365,0.7865938424237737,51.120911642810114
0.012914552402453643,2.637490560494804,63.85868221225653
0.012398695088098191,2.257320131573035,58.0020256469823
0.010161815697013844,0.5192400544577844,56.16064848385048
0.010752652590389595,3.2312077133636583,59.29377887216963
0.010030047016442799,1.6376433836863868,93.84116775408383
0.012983516469171742,3.0339730527092437,55.682808597124
0.012489273723005949,2.6014840166033224,83.9207657567857
0.012516923618708226,6.961433774697212,78.01163087271448
0.011513165701054128,1.3384625853938505,57.146114005053974
0.016159856757960316,1.082027349590172,53.27048506630012
0.01962926318858986,5.506313027385904,59.49979819355357
0.01638146290667724,1.0743526464330901,60.086874624076245
0.015538601976980499,6.846428422207105,57.35827511093287
0.010453755253692397,7.86986495286412,66.1295373798792
0.011571986287494623,3.27860645106974,98.81739257352851
0.010474176632354127,0.8399379065893131,72.13173644483791
0.012342764782749701,0.023481947396112535,61.18381833970413
0.011721841440756994,3.6696148416985923,54.20940812169685
0.015901995566373756,4.585815187410853,78.06706979187587
0.016794480556997157,3.6974325801814296,79.33138153666884
0.010191439947843725,7.45561189936435,52.707414273302824
0.023567820652073013,1.8983224391055562,68.06167699436229
0.011809166430565768,7.209664048881082,63.20950535259137
0.020662296491585443,0.28963605809882864,53.05684400546835
0.01766098955870812,7.90147282305233,59.26838055119882
0.01060536855125627,1.8529930836574753,54.252757353439996
0.010686357233999483,7.158123089812214,70.95676692332145
0.011293787565289946,2.1465014758614176,61.755133915338014
0.013601634171491348,6.752392194254741,57.92408108083809
0.011648215015826515,1.985128634402683,51.01023509599077
0.010085994832510848,6.809591950266688,61.67610800285461
0.011384930451328365,0.7865938424237737,51.120911642810114
0.0127209470707152,2.4715776334891855,64.95838802356559
0.01253203121598117,1.1372280827104886,56.82422848461633
0.010161815697013844,0.5192400544577844,56.16064848385048
0.010752652590389595,3.2312077133636583,59.29377887216963
0.01281568634119991,1.652713325207983,87.3180725079266
0.012568997279259017,0.540344275333716,54.17977697250558
0.012871187602084642,3.229125588113777,95.26390501352655
0.013205069691548962,7.053030269822922,93.07252701712599
0.011513165701054128,1.3384625853938505,57.146114005053974
0.014806785679199158,0.9550706974431971,53.92246401966924
0.021240058998606724,7.70441099897528,59.208628733500234
0.01638146290667724,1.0743526464330901,60.086874624076245
0.015535317589671227,7.394270365575275,54.6169699701569
0.010453755253692397,7.86986495286412,66.1295373798792
0.011571986287494623,3.27860645106974,98.81739257352851
0.010202718054552307,0.8558375970334945,78.39420661007478
0.012342764782749701,0.023481947396112535,61.18381833970413
0.011896988343512063,3.7438600505205173,54.301399925942235
0.015901995566373756,4.585815187410853,78.06706979187587
0.015559708322106184,3.3258505968058873,74.9746299886543
0.010191439947843725,7.45561189936435,52.707414273302824
0.021852071885063558,1.7015989797513962,66.15768643075185
0.011800691455795225,6.86609884740726,62.33603720640217
0.020662296491585443,0.28963605809882864,53.05684400546835
0.018340728183848874,7.942046740766304,59.86543692402821
0.011332894471415129,1.6975070201773579,54.195563089158135
0.010625852405310738,7.187690929116059,70.98277220396318
0.011293787565289946,2.1465014758614176,61.755133915338014
0.013601634171491348,6.752392194254741,57.92408108083809
0.011656844190851586,1.993906155309404,51.32248466520516
0.011261566326748348,6.970866883515532,61.41824706233573
0.011303062721752752,1.4093459574419596,52.44045077600801
0.013054794794440865,0.8773456827737665,65.90971702055984
0.01253203121598117,1.1372280827104886,56.82422848461633
0.01078470789134667,2.9315088182599434,58.50774612785287
0.010671899469420335,2.637808227800962,58.95667373135872
0.01281568634119991,1.652713325207983,87.3180725079266
0.012568997279259017,0.540344275333716,54.17977697250558
0.012871187602084642,3.229125588113777,95.26390501352655
0.013309646939358686,7.047570302873934,93.96818081701248
0.011513165701054128,1.3384625853938505,57.146114005053974
0.014102017634535417,2.0745956146341307,55.898824022285226
0.019836919434562946,6.954076847230841,65.25371919361395
0.0173467764824448,1.108491544986638,57.2266956516284
0.015535317589671227,7.394270365575275,54.6169699701569
0.010453755253692397,7.86986495286412,66.1295373798792
0.011571986287494623,3.27860645106974,98.81739257352851
0.010202718054552307,0.8558375970334945,78.39420661007478
0.012342764782749701,0.023481947396112535,61.18381833970413
0.011405766367479406,2.787797838571671,72.9731285671212
0.010797309988918398,1.6035630535979104,96.10102785664782
0.018346263031260204,4.524557521529802,86.17569143621625
0.010691112068349683,7.209045516646745,53.283774632370736
0.01646168359111015,2.1529812289478603,62.68580307185954
0.011681097633732287,6.95522276049342,62.67286027495898
0.020662296491585443,0.28963605809882864,53.05684400546835
0.01816621443557376,7.652372545001719,60.81356460603187
0.01025464429580129,1.04374324626834,53.64996410404591
0.01058818336824996,7.175364681758161,81.19894808377241
0.011327198406637715,2.2824639253505836,66.20620124665274
0.013601634171491348,6.752392194254741,57.92408108083809
0.011656844190851586,1.993906155309404,51.32248466520516
0.011261566326748348,6.970866883515532,61.41824706233573
0.01131093958679691,0.3536554626341273,50.73628129974775
0.013054794794440865,0.8773456827737665,65.90971702055984
0.012778834409227457,0.9381303724461285,56.54129460249107
0.01078470789134667,2.9315088182599434,58.50774612785287
0.010671899469420335,2.637808227800962,58.95667373135872
0.012594128626830466,2.410877389815413,83.62575397722566
0.012568997279259017,0.540344275333716,54.17977697250558
0.012871187602084642,3.229125588113777,95.26390501352655
0.013309646939358686,7.047570302873934,93.96818081701248
0.011513165701054128,1.3384625853938505,57.146114005053974
0.015962079594573977,3.2214841134462167,59.33930442843025
0.015794780277684883,6.954644777843129,63.9746094793224
0.0173467764824448,1.108491544986638,57.2266956516284
0.015593314975109197,7.413522356545615,54.51777907056647
0.010453755253692397,7.86986495286412,66.1295373798792
0.011571986287494623,3.27860645106974,98.81739257352851
0.010202718054552307,0.8558375970334945,78.39420661007478
0.012342764782749701,0.023481947396112535,61.18381833970413
0.011405766367479406,2.787797838571671,72.9731285671212
0.010611262614584737,4.489988255435114,88.71392412880853
0.018968207935565813,3.932203768025408,91.58738774253568
0.010691112068349683,7.209045516646745,53.283774632370736
0.01646168359111015,2.1529812289478603,62.68580307185954
0.011681097633732287,6.95522276049342,62.67286027495898
0.020662296491585443,0.28963605809882864,53.05684400546835
0.015145538539505767,5.280576154579832,63.19539957288319
0.01025464429580129,1.04374324626834,53.64996410404591
0.010409642105069773,7.618022294913404,80.70848130661773
0.010107105542626072,1.3244624877884856,67.1682574043794
0.013601634171491348,6.752392194254741,57.92408108083809
0.011656844190851586,1.993906155309404,51.32248466520516
0.011261566326748348,6.970866883515532,61.41824706233573
0.01131093958679691,0.3536554626341273,50.73628129974775
0.012965411678846985,0.958226948040565,65.61826949094167
0.013148672459567488,1.7138592233624044,52.60389143709133
0.01076956828770719,2.8775133056435505,59.025062944159046
0.010236347315379956,2.73759990547681,59.06955905907321
0.012439329271572595,2.3102174863620073,83.28710858992837
0.012568997279259017,0.540344275333716,54.17977697250558
0.012871187602084642,3.229125588113777,95.26390501352655
0.013309646939358686,7.047570302873934,93.96818081701248
0.011530524203843978,1.3458096447504397,57.154671262621555
0.015962079594573977,3.2214841134462167,59.33930442843025
0.015794780277684883,6.954644777843129,63.9746094793224
0.0173467764824448,1.108491544986638,57.2266956516284
0.015593314975109197,7.413522356545615,54.51777907056647
0.010453755253692397,7.86986495286412,66.1295373798792
0.011571986287494623,3.27860645106974,98.81739257352851
0.010202718054552307,0.8558375970334945,78.39420661007478
0.012432756161044561,0.21223729156056592,60.22574402195589
0.011411368803765214,2.9316087691297246,74.28689793813696
0.010611262614584737,4.489988255435114,88.71392412880853
0.015780240997413403,3.5220969126843227,78.9258220017218
0.010691112068349683,7.209045516646745,53.283774632370736
0.019847157397631186,3.3356395490182114,70.53996800920847
0.011524983908669016,6.256850935715326,62.04811765743347
0.0180122392365452,0.37172756522729655,53.42453542254688
0.015099228955550131,5.325147829646588,63.97162987779838
0.01025464429580129,1.04374324626834,53.64996410404591
0.010409642105069773,7.618022294913404,80.70848130661773
0.010622067790493005,0.9091818514422748,60.13917611804223
0.013601634171491348,6.752392194254741,57.92408108083809
0.011656844190851586,1.993906155309404,51.32248466520516
0.011261566326748348,6.970866883515532,61.41824706233573
0.01131093958679691,0.3536554626341273,50.73628129974775
0.013167846176591492,1.3872561781454236,65.50066958223711
0.013148672459567488,1.7138592233624044,52.60389143709133
0.010839204335996038,2.889163793300161,60.225817875849394
0.010236347315379956,2.73759990547681,59.06955905907321
0.012439329271572595,2.3102174863620073,83.28710858992837
0.012678612597507818,0.16051646746693216,53.560520748291566
0.012871187602084642,3.229125588113777,95.26390501352655
0.013309646939358686,7.047570302873934,93.96818081701248
0.011949047569187004,2.6870999398957833,65.8147336637318
0.01692055071642894,3.6151742568314247,56.168193647493126
0.01591849470795977,6.672860383759836,69.78179499101083
0.014084795746217744,1.0787109800501402,55.58160090440381
0.015635083552310754,7.4582869580054485,54.32032842586783
0.010453755253692397,7.86986495286412,66.1295373798792
0.011571986287494623,3.27860645106974,98.81739257352851
0.010202718054552307,0.8558375970334945,78.39420661007478
0.012432756161044561,0.21223729156056592,60.22574402195589
0.011411368803765214,2.9316087691297246,74.28689793813696
0.010611262614584737,4.489988255435114,88.71392412880853
0.015780240997413403,3.5220969126843227,78.9258220017218
0.010691112068349683,7.209045516646745,53.283774632370736
0.02052076866421296,4.423712329472172,76.82316279538499
0.011885677250483105,5.247650703530681,59.95013555712336
0.0180122392365452,0.37172756522729655,53.42453542254688
0.014864752384107447,5.945949182863748,58.82281094014919
0.01025464429580129,1.04374324626834,53.64996410404591
0.010409642105069773,7.618022294913404,80.70848130661773
0.010622067790493005,0.9091818514422748,60.13917611804223
0.013601634171491348,6.752392194254741,57.92408108083809
0.011656844190851586,1.993906155309404,51.32248466520516
0.011261566326748348,6.970866883515532,61.41824706233573
0.01131093958679691,0.3536554626341273,50.73628129974775
0.013676000437748368,0.7705477905403262,60.88673308180039
0.013148672459567488,1.7138592233624044,52.60389143709133
0.010839204335996038,2.889163793300161,60.225817875849394
0.010236347315379956,2.73759990547681,59.06955905907321
0.012448531239955396,2.2999434831140677,83.1223419580233
0.012678612597507818,0.16051646746693216,53.560520748291566
0.012871187602084642,3.229125588113777,95.26390501352655
0.014306654494886783,7.992553788646717,95.90954015887058
0.01214902091886562,1.9945648804959044,62.45586103517979
0.01759998067666107,4.01020584341186,56.82610092575666
0.014836356914819684,5.484758923386078,65.09452247566387
0.014084795746217744,1.0787109800501402,55.58160090440381
0.015635083552310754,7.4582869580054485,54.32032842586783
0.010453755253692397,7.86986495286412,66.1295373798792
0.011571986287494623,3.27860645106974,98.81739257352851
0.010202718054552307,0.8558375970334945,78.39420661007478
0.012432756161044561,0.21223729156056592,60.22574402195589
0.011313680075984964,3.0248298009681895,74.8649367843747
0.010611262614584737,4.489988255435114,88.71392412880853
0.016658795483223406,3.9420779878130143,79.0095604447263
0.010691112068349683,7.209045516646745,53.283774632370736
0.02052076866421296,4.423712329472172,76.82316279538499
0.011885677250483105,5.247650703530681,59.95013555712336
0.020142631757734956,0.187178463096064,53.362628145769015
0.014864752384107447,5.945949182863748,58.82281094014919
0.01025464429580129,1.04374324626834,53.64996410404591
0.011480963658420459,7.434214086595444,78.58353889111898
0.010622067790493005,0.9091818514422748,60.13917611804223
0.013427616295863464,6.08731902292986,61.72138088309481
0.011656844190851586,1.993906155309404,51.32248466520516
0.011261566326748348,6.970866883515532,61.41824706233573
0.01131093958679691,0.3536554626341273,50.73628129974775
0.013676000437748368,0.7705477905403262,60.88673308180039
0.01313151334092333,1.6571558228068592,52.63881234222337
0.010839204335996038,2.889163793300161,60.225817875849394
0.010236347315379956,2.73759990547681,59.06955905907321
0.012448531239955396,2.2999434831140677,83.1223419580233
0.012678612597507818,0.16051646746693216,53.560520748291566
0.012871187602084642,3.229125588113777,95.26390501352655
0.014306654494886783,7.992553788646717,95.90954015887058
0.01222769896966757,2.1486114504406717,63.556080852182255
0.018562043882547414,4.169730911883179,56.34231882392328
0.01413365482463169,4.803635671370137,63.339258503927155
0.014934255527025654,1.120299051151629,54.463558455937026
0.015339904453824708,6.729665115515941,54.244467932489606
0.010453755253692397,7.86986495286412,66.1295373798792
0.011571986287494623,3.27860645106974,98.81739257352851
0.010202718054552307,0.8558375970334945,78.39420661007478
0.012432756161044561,0.21223729156056592,60.22574402195589
0.011313680075984964,3.0248298009681895,74.8649367843747
0.010611262614584737,4.489988255435114,88.71392412880853
0.016732714722285484,3.954762894094144,79.06687771551096
0.010691112068349683,7.209045516646745,53.283774632370736
0.02052076866421296,4.423712329472172,76.82316279538499
0.012695189638579208,7.072088149128515,59.73687800492272
0.020142631757734956,0.187178463096064,53.362628145769015
0.014864752384107447,5.945949182863748,58.82281094014919
0.01025464429580129,1.04374324626834,53.64996410404591
0.011480963658420459,7.434214086595444,78.58353889111898
0.010703842192408502,1.1131554345759778,63.468817584956554
0.013427616295863464,6.08731902292986,61.72138088309481
0.011583065793429837,2.9228531566576015,53.20685320200867
0.011261566326748348,6.970866883515532,61.41824706233573
0.01131093958679691,0.3536554626341273,50.73628129974775
0.014387767911392409,1.2058854156340517,66.11494966276827
0.012471866581967228,3.187612760467421,55.96215700486994
0.010839204335996038,2.889163793300161,60.225817875849394
0.010236347315379956,2.73759990547681,59.06955905907321
0.013101887813191054,1.521135132545477,81.13390275233404
0.012678612597507818,0.16051646746693216,53.560520748291566
0.012410577517600625,1.7006451495311703,95.05673474695061
0.014306654494886783,7.992553788646717,95.90954015887058
0.012092032850168128,1.7032897932422282,63.763517331194485
0.01987057754450338,4.662118456818686,56.766403008642925
0.01346281157941811,5.30984306036781,62.89056148413847
0.015524204076318507,1.0146052393273433,54.338856973058995
0.015339904453824708,6.729665115515941,54.244467932489606
0.010453755253692397,7.86986495286412,66.1295373798792
0.011571986287494623,3.27860645106974,98.81739257352851
0.010313370885696047,0.9766507910160067,77.92968185816926
0.012432756161044561,0.21223729156056592,60.22574402195589
0.011313680075984964,3.0248298009681895,74.8649367843747
0.010611262614584737,4.489988255435114,88.71392412880853
0.018059311499973554,3.2234440658930446,83.34616514522261
0.010691112068349683,7.209045516646745,53.283774632370736
0.02052076866421296,4.423712329472172,76.82316279538499
0.012695189638579208,7.072088149128515,59.73687800492272
0.020142631757734956,0.187178463096064,53.362628145769015
0.014335990775132415,5.136867926094126,59.76501076556417
0.01025464429580129,1.04374324626834,53.64996410404591
0.011480963658420459,7.434214086595444,78.58353889111898
0.010703842192408502,1.1131554345759778,63.468817584956554
0.013220771435157576,5.527016717252386,60.64790027860525
0.011583065793429837,2.9228531566576015,53.20685320200867
0.011568523140664396,6.739242270141036,61.62355673578129
0.01131093958679691,0.3536554626341273,50.73628129974775
0.014387767911392409,1.2058854156340517,66.11494966276827
0.012471866581967228,3.187612760467421,55.96215700486994
0.010839204335996038,2.889163793300161,60.225817875849394
0.010225797776533048,2.7349476528402774,59.04932541015228
0.013101887813191054,1.521135132545477,81.13390275233404
0.012678612597507818,0.16051646746693216,53.560520748291566
0.01185160299084695,3.4629087866588995,86.79355890476937
0.013894692912464188,7.911152630311204,93.3835572002236
0.011197648890157591,1.8970710811990945,62.84743454972221
0.017880787590970042,4.271501515619077,57.52858045264305
0.01346281157941811,5.30984306036781,62.89056148413847
0.016379710512007754,1.1488115748267367,55.07036259802992
0.015339904453824708,6.729665115515941,54.244467932489606
0.010453755253692397,7.86986495286412,66.1295373798792
0.01194467216009056,1.9509665080035277,82.10844090443386
0.010313370885696047,0.9766507910160067,77.92968185816926
0.012432756161044561,0.21223729156056592,60.22574402195589
0.011313680075984964,3.0248298009681895,74.8649367843747
0.010611262614584737,4.489988255435114,88.71392412880853
0.01753564809527399,3.0436254850717153,83.112479075614
0.010691112068349683,7.209045516646745,53.283774632370736
0.018263943684410387,4.066000770498283,72.9542319756374
0.012695189638579208,7.072088149128515,59.73687800492272
0.02104372584794682,0.027669769389415455,51.36587516215974
0.014484159839933433,5.520256243124601,59.729142136853355
0.01025464429580129,1.04374324626834,53.64996410404591
0.011480963658420459,7.434214086595444,78.58353889111898
0.010177396453300801,0.7576981348082164,55.56060249450209
0.013220771435157576,5.527016717252386,60.64790027860525
0.011583065793429837,2.9228531566576015,53.20685320200867
0.011568523140664396,6.739242270141036,61.62355673578129
0.01131093958679691,0.3536554626341273,50.73628129974775
0.014387767911392409,1.2058854156340517,66.11494966276827
0.013079599266426425,3.803131101006514,52.67825329479271
0.010839204335996038,2.889163793300161,60.225817875849394
0.010225797776533048,2.7349476528402774,59.04932541015228
0.013101887813191054,1.521135132545477,81.13390275233404
0.012678612597507818,0.16051646746693216,53.560520748291566
0.01215062315406358,3.9527683887715135,94.17507281780702
0.013894692912464188,7.911152630311204,93.3835572002236
0.011197648890157591,1.8970710811990945,62.84743454972221
0.020290153946444928,6.175487651288467,59.36637129208908
0.01346281157941811,5.30984306036781,62.89056148413847
0.012922953278715704,1.979751176510371,57.81596114718337
0.014133824889856955,4.820992492198963,53.1942844873666
0.010456050947432448,7.729460369020762,65.88821322471289
0.01194467216009056,1.9509665080035277,82.10844090443386
0.010313370885696047,0.9766507910160067,77.92968185816926
0.012432756161044561,0.21223729156056592,60.22574402195589
0.01131040481934755,3.0187029382039787,74.79932570551978
0.010611262614584737,4.489988255435114,88.71392412880853
0.014459577656765019,1.7143203047203854,67.1131009916388
0.010691112068349683,7.209045516646745,53.283774632370736
0.02166936711925248,3.183748503628789,80.09235244031777
0.01309215075206549,7.277308748119659,57.98979412017667
0.02104372584794682,0.027669769389415455,51.36587516215974
0.014683223035924585,5.56126627100393,59.11297401529479
0.01025464429580129,1.04374324626834,53.64996410404591
0.011480963658420459,7.434214086595444,78.58353889111898
0.010560397371365387,1.3476351402239706,54.919279450608926
0.011888508801949457,6.655051016614637,63.28719828045774
0.011583065793429837,2.9228531566576015,53.20685320200867
0.011868074028350849,4.47692401897352,61.1390623582561
0.01131093958679691,0.3536554626341273,50.73628129974775
0.014387767911392409,1.2058854156340517,66.11494966276827
0.013352420029971543,3.673798118577924,52.63329619867678
0.010839204335996038,2.889163793300161,60.225817875849394
0.010225797776533048,2.7349476528402774,59.04932541015228
0.013101887813191054,1.521135132545477,81.13390275233404
0.012678612597507818,0.16051646746693216,53.560520748291566
0.01215062315406358,3.9527683887715135,94.17507281780702
0.013268161579196929,6.559150010931086,82.49427332090968
0.01094288482305056,0.916717288474854,63.49662239014742
0.017629572471431366,5.265957341611977,59.282558042044116
0.013801164247739611,5.3062794169462,62.5975814875455
0.012922953278715704,1.979751176510371,57.81596114718337
0.013413327396386888,4.729282192412394,51.93944965351695
0.010456050947432448,7.729460369020762,65.88821322471289
0.011548823468045918,3.361120671638199,99.85587151557299
0.010313370885696047,0.9766507910160067,77.92968185816926
0.012432756161044561,0.21223729156056592,60.22574402195589
0.011005979059871236,5.0785497874572965,64.22292550474077
0.010611262614584737,4.489988255435114,88.71392412880853
0.014488863948550437,1.9216761787512195,67.52017876237346
0.010691112068349683,7.209045516646745,53.283774632370736
0.023372675734004894,2.6040801706264265,85.2073852219592
0.013294420882995171,7.67127757410633,57.78904331021695
0.01871938327159963,1.0535517536002197,62.55468565894199
0.014683223035924585,5.56126627100393,59.11297401529479
0.010434753517597857,1.612337121591333,55.67605522223621
0.011480963658420459,7.434214086595444,78.58353889111898
0.010560397371365387,1.3476351402239706,54.919279450608926
0.011439087528512203,6.862982863007066,59.532593588043156
0.011583065793429837,2.9228531566576015,53.20685320200867
0.011614418088456117,4.724236398947192,60.52145922013779
0.01131093958679691,0.3536554626341273,50.73628129974775
0.014387767911392409,1.2058854156340517,66.11494966276827
0.013352420029971543,3.673798118577924,52.63329619867678
0.010839204335996038,2.889163793300161,60.225817875849394
0.010225797776533048,2.7349476528402774,59.04932541015228
0.013916238016602333,1.177450317325359,87.3870380233549
0.012678612597507818,0.16051646746693216,53.560520748291566
0.012185791088952637,4.040612920955869,95.23674654658348
0.014437721225582123,5.986499595999008,85.05349584665281
0.010796664222639673,1.2874710719296831,62.589777903444606
0.015783640172508873,3.3624278342409495,57.14913468068565
0.01648336217232891,7.2352622993045514,65.25944151317911
0.013644346418738533,2.707446169978169,60.984192596519726
0.013558367333410868,5.63120154130042,51.619434254540074
0.010456050947432448,7.729460369020762,65.88821322471289
0.011548823468045918,3.361120671638199,99.85587151557299
0.010313370885696047,0.9766507910160067,77.92968185816926
0.012786965169440804,0.3922664482447824,61.2927502381091
0.011198896257708068,3.773207286827359,70.92528043503687
0.010611262614584737,4.489988255435114,88.71392412880853
0.01305132463184059,1.2123794264553025,59.927955114596664
0.010691112068349683,7.209045516646745,53.283774632370736
0.020776770518956787,2.2805826749538083,83.760736389186
0.013294420882995171,7.67127757410633,57.78904331021695
0.01820868231928415,1.4661447310719309,62.76070856055399
0.014683223035924585,5.56126627100393,59.11297401529479
0.01049719269592987,2.6302912972718566,67.36303013503908
0.011480963658420459,7.434214086595444,78.58353889111898
0.010766149424876328,0.49454863701031293,52.37963071703408
0.011439087528512203,6.862982863007066,59.532593588043156
0.011622465952852011,3.0321751087132336,53.31234797738692
0.012220441556500528,3.1519919972415984,57.71373206800221
0.01131093958679691,0.3536554626341273,50.73628129974775
0.014387767911392409,1.2058854156340517,66.11494966276827
0.013352420029971543,3.673798118577924,52.63329619867678
0.010839204335996038,2.889163793300161,60.225817875849394
0.01053981108676756,2.045860349955505,56.64373521489578
0.013916238016602333,1.177450317325359,87.3870380233549
0.012678612597507818,0.16051646746693216,53.560520748291566
0.012776237541887288,3.2804982896406063,87.42791699946757
0.014437721225582123,5.986499595999008,85.05349584665281
0.010796664222639673,1.2874710719296831,62.589777903444606
0.015783640172508873,3.3624278342409495,57.14913468068565
0.01648336217232891,7.2352622993045514,65.25944151317911
0.014031667104702219,2.900580688212309,60.765812749462604
0.013558367333410868,5.63120154130042,51.619434254540074
0.010456050947432448,7.729460369020762,65.88821322471289
0.011548823468045918,3.361120671638199,99.85587151557299
0.010313370885696047,0.9766507910160067,77.92968185816926
0.012786965169440804,0.3922664482447824,61.2927502381091
0.010408819620636958,4.4092883996962255,72.1170906966266
0.010641113754634774,4.501547572416866,88.33819509371591
0.01305132463184059,1.2123794264553025,59.927955114596664
0.010691112068349683,7.209045516646745,53.283774632370736
0.023735971319690095,0.9069888513088413,96.93713628936172
0.013669356973343339,7.368136992579245,58.03025427516837
0.01824531464439374,1.4523221549729994,62.71676598803696
0.015367514710547906,5.995154937149794,59.12274517421857
0.010922174552422503,2.6891483550721476,66.54192668675101
0.011480963658420459,7.434214086595444,78.58353889111898
0.010766149424876328,0.49454863701031293,52.37963071703408
0.011439087528512203,6.862982863007066,59.532593588043156
0.01164289148446318,2.605482136716452,52.61950843638257
0.012220441556500528,3.1519919972415984,57.71373206800221
0.011134199731757924,0.7415026845563624,52.09024830858352
0.014057269053141504,1.1587132176228654,64.69031445337527
0.013352420029971543,3.673798118577924,52.63329619867678
0.010839204335996038,2.889163793300161,60.225817875849394
0.010509153654129206,0.9996675242912216,57.324548810083016
0.013718169582854546,1.1798578077796344,85.80298764865958
0.012687039220525458,0.4298217234592241,56.48382874720196
0.012776237541887288,3.2804982896406063,87.42791699946757
0.015942158946832808,4.194977543402214,76.22791620291649
0.010790214941336423,1.2154466328974334,62.38669884772112
0.016793286568554066,2.5489211147780537,56.595233993290236
0.01648336217232891,7.2352622993045514,65.25944151317911
0.015303173581224338,3.211814152629753,62.26680484507258
0.01368551086497052,6.430852105196278,50.221689357228406
0.010456050947432448,7.729460369020762,65.88821322471289
0.01141993694122998,2.546807755155722,85.0078424773331
0.010325106825886977,1.5320932849688242,76.93922843410013
0.012786965169440804,0.3922664482447824,61.2927502381091
0.010408819620636958,4.4092883996962255,72.1170906966266
0.010641113754634774,4.501547572416866,88.33819509371591
0.012882353432056824,1.3795114176422196,59.051153112263066
0.010691112068349683,7.209045516646745,53.283774632370736
0.023735971319690095,0.9069888513088413,96.93713628936172
0.013669356973343339,7.368136992579245,58.03025427516837
0.018198826799941847,1.473520893145519,62.620349910974916
0.01593870009995227,6.656180231411063,60.98471268835573
0.010922174552422503,2.6891483550721476,66.54192668675101
0.011480963658420459,7.434214086595444,78.58353889111898
0.010766149424876328,0.49454863701031293,52.37963071703408
0.011439087528512203,6.862982863007066,59.532593588043156
0.01164289148446318,2.605482136716452,52.61950843638257
0.012220441556500528,3.1519919972415984,57.71373206800221
0.011134199731757924,0.7415026845563624,52.09024830858352
0.013199537354300789,2.700400615102798,61.783809848044285
0.013365064456232577,3.6777457506461277,52.595096898587876
0.010849751171452161,2.581510446841521,60.72021632744919
0.010509153654129206,0.9996675242912216,57.324548810083016
0.012241800949749254,4.120437421421815,69.94258663531072
0.012687039220525458,0.4298217234592241,56.48382874720196
0.012776237541887288,3.2804982896406063,87.42791699946757
0.015942158946832808,4.194977543402214,76.22791620291649
0.010224965970674335,1.1507615702678484,65.01350911567857
0.015001343606084397,2.1071459158192285,56.803200720151914
0.017123492119388392,7.828087551561643,64.04536691530214
0.014919888140289531,3.5509806196039633,64.30470602247448
0.01368551086497052,6.430852105196278,50.221689357228406
0.010456050947432448,7.729460369020762,65.88821322471289
0.011573033221138517,2.50302819925283,90.68738572168195
0.010325106825886977,1.5320932849688242,76.93922843410013
0.01191996158592268,1.3720665085115618,61.03651166418636
0.010408819620636958,4.4092883996962255,72.1170906966266
0.010649357741576458,4.3309271276342916,88.36829039162112
0.012857353849596655,1.4464557890081229,59.00064039461185
0.010691112068349683,7.209045516646745,53.283774632370736
0.022511927380759057,1.1153339903464494,92.85328625954104
0.013656021096724244,7.3071012077940525,58.46921416023308
0.020932074877303274,0.802752241388959,63.07770921043187
0.01593870009995227,6.656180231411063,60.98471268835573
0.010922174552422503,2.6891483550721476,66.54192668675101
0.01049797996722782,7.463894631375217,87.81567437615725
0.012248470075317716,1.3823241144450886,55.609933637946526
0.011439087528512203,6.862982863007066,59.532593588043156
0.01164289148446318,2.605482136716452,52.61950843638257
0.012220441556500528,3.1519919972415984,57.71373206800221
0.011134199731757924,0.7415026845563624,52.09024830858352
0.013199537354300789,2.700400615102798,61.783809848044285
0.013365064456232577,3.6777457506461277,52.595096898587876
0.010849751171452161,2.581510446841521,60.72021632744919
0.010509153654129206,0.9996675242912216,57.324548810083016
0.011604191671184538,3.415553060730149,65.71840660214723
0.012636652619538797,0.8474802958999108,58.0069257224507
0.013508083892569415,1.901639804597509,99.41197565956152
0.018257939820946638,5.051152018359363,88.9444777224192
0.010224965970674335,1.1507615702678484,65.01350911567857
0.015001343606084397,2.1071459158192285,56.803200720151914
0.01666220118731554,7.385529262778651,66.25954810514439
0.014061699976104852,3.7334620149299873,66.11135459990419
0.01368551086497052,6.430852105196278,50.221689357228406
0.010456050947432448,7.729460369020762,65.88821322471289
0.011573033221138517,2.50302819925283,90.68738572168195
0.010612509377843535,1.5654609814940925,78.96837434585628
0.01153367576090809,1.881964944378843,63.16789212177648
0.010408819620636958,4.4092883996962255,72.1170906966266
0.010319444638608266,4.54186601936455,91.8074867616209
0.012748590034985232,0.7918432616493929,60.15360074559273
0.0106926577003538,7.199273310350971,53.30190644656949
0.018250710775279514,1.2261838449763307,77.39046628456728
0.013656021096724244,7.3071012077940525,58.46921416023308
0.020932074877303274,0.802752241388959,63.07770921043187
0.016714601777172926,7.765052518303141,62.11480486474139
0.011085945012247947,0.9182570992952916,66.77160601027369
0.01049797996722782,7.463894631375217,87.81567437615725
0.012248470075317716,1.3823241144450886,55.609933637946526
0.011439087528512203,6.862982863007066,59.532593588043156
0.01164289148446318,2.605482136716452,52.61950843638257
0.011497019990808625,1.5329572531048639,61.41315108983588
0.011134199731757924,0.7415026845563624,52.09024830858352
0.013199537354300789,2.700400615102798,61.783809848044285
0.013365064456232577,3.6777457506461277,52.595096898587876
0.010849751171452161,2.581510446841521,60.72021632744919
0.010509153654129206,0.9996675242912216,57.324548810083016
0.011604191671184538,3.415553060730149,65.71840660214723
0.012636652619538797,0.8474802958999108,58.0069257224507
0.012258150960880565,1.5257041318785278,81.87023355602726
0.0179790281101558,4.9239910877073285,88.58054110949854
0.010557133072369126,1.6962047309134214,65.18327375607471
0.015001343606084397,2.1071459158192285,56.803200720151914
0.01630152895963747,6.894971655367472,65.38930474950456
0.014455049979928395,3.7649217842697817,73.74320779548563
0.01368551086497052,6.430852105196278,50.221689357228406
0.010456050947432448,7.729460369020762,65.88821322471289
0.01170531838877165,2.5897441588658263,87.87546776299291
0.010612509377843535,1.5654609814940925,78.96837434585628
0.011494566948197987,1.7977860718457013,63.4826727615869
0.010408819620636958,4.4092883996962255,72.1170906966266
0.010319444638608266,4.54186601936455,91.8074867616209
0.012711452719449111,0.8356904893483036,59.81620249582096
0.011106498247175644,7.070045178066319,55.30561043619844
0.021866668328627957,0.47139866444483625,90.94572985833155
0.013656021096724244,7.3071012077940525,58.46921416023308
0.020932074877303274,0.802752241388959,63.07770921043187
0.016714601777172926,7.765052518303141,62.11480486474139
0.011085945012247947,0.9182570992952916,66.77160601027369
0.01049797996722782,7.463894631375217,87.81567437615725
0.012248470075317716,1.3823241144450886,55.609933637946526
0.011439087528512203,6.862982863007066,59.532593588043156
0.01164289148446318,2.605482136716452,52.61950843638257
0.011497019990808625,1.5329572531048639,61.41315108983588
0.010969984177652506,3.1432363954518463,52.54088063430563
0.013199537354300789,2.700400615102798,61.783809848044285
0.013365064456232577,3.6777457506461277,52.595096898587876
0.010849751171452161,2.581510446841521,60.72021632744919
0.010467220548826808,0.3909071619568485,50.45617164354501
0.011546532047014748,1.4598474403976889,69.7333600735605
0.012636652619538797,0.8474802958999108,58.0069257224507
0.012111239805722823,1.9502563839617824,78.24174537168564
0.014653617827704808,3.4777682718645373,78.09730023338756
0.010557133072369126,1.6962047309134214,65.18327375607471
0.016780662721565087,2.3986900126618838,54.462499998780196
0.016905332531231453,7.918506346097525,62.65755608009487
0.014455049979928395,3.7649217842697817,73.74320779548563
0.01368551086497052,6.430852105196278,50.221689357228406
0.010456050947432448,7.729460369020762,65.88821322471289
0.01179206507617123,2.6710512964420916,88.58250882924382
0.010612509377843535,1.5654609814940925,78.96837434585628
0.011514878872538346,1.5218304799976377,63.9106688118794
0.010408819620636958,4.4092883996962255,72.1170906966266
0.010319444638608266,4.54186601936455,91.8074867616209
0.013876183151074414,1.0665278704686076,64.673949799022
0.011106498247175644,7.070045178066319,55.30561043619844
0.01985432108869774,0.7764570473884471,88.32515526667792
0.013313355414170485,6.660656163762235,60.77719236620125
0.020932074877303274,0.802752241388959,63.07770921043187
0.016714601777172926,7.765052518303141,62.11480486474139
0.010525311291284862,0.6417917603147574,72.31937161191934
0.01049797996722782,7.463894631375217,87.81567437615725
0.012091014575401805,1.4138871106314184,56.825913945680355
0.011688448041885206,6.27337012250775,59.85146915841397
0.01144852776442231,2.9273947019652375,51.31048076104594
0.011792977360657408,1.0535165074910393,61.72998876781433
0.010969984177652506,3.1432363954518463,52.54088063430563
0.01427449032007847,3.1719868276326766,54.64333872031504
0.011856205950856503,4.242775352837859,51.770161753465786
0.010849751171452161,2.581510446841521,60.72021632744919
0.010467220548826808,0.3909071619568485,50.45617164354501
0.011356449569088678,1.7732491823228709,75.90633462549086
0.012340192118211274,0.7950903368637561,56.412362902239764
0.012111239805722823,1.9502563839617824,78.24174537168564
0.016413836106747383,3.892506628622454,86.13844980349953
0.010557133072369126,1.6962047309134214,65.18327375607471
0.016806295582061207,0.31644273714395244,51.493265076273545
0.016905332531231453,7.918506346097525,62.65755608009487
0.013083993082409,3.5203450420259976,65.40201754340632
0.014672980387904856,5.512142429966186,63.22113156453942
0.010456050947432448,7.729460369020762,65.88821322471289
0.01179206507617123,2.6710512964420916,88.58250882924382
0.011662694795720538,3.546654877660119,71.89499297126986
0.011514878872538346,1.5218304799976377,63.9106688118794
0.010368427342673273,3.0254612983306286,65.00516729272216
0.010319444638608266,4.54186601936455,91.8074867616209
0.012016657210351969,1.2942056459305507,56.56633230140914
0.011106498247175644,7.070045178066319,55.30561043619844
0.02129424193001298,0.1582710486366392,97.01702274968859
0.011459246659247389,6.05862069460796,60.04802464956206
0.020932074877303274,0.802752241388959,63.07770921043187
0.016714601777172926,7.765052518303141,62.11480486474139
0.010512653081636937,0.6401872827482207,72.34825285722023
0.01049797996722782,7.463894631375217,87.81567437615725
0.012091014575401805,1.4138871106314184,56.825913945680355
0.011688448041885206,6.27337012250775,59.85146915841397
0.01144852776442231,2.9273947019652375,51.31048076104594
0.011792977360657408,1.0535165074910393,61.72998876781433
0.010969984177652506,3.1432363954518463,52.54088063430563
0.01427449032007847,3.1719868276326766,54.64333872031504
0.011922511372559334,4.230583669912038,52.33076949583659
0.010874299328390588,2.240795994503377,58.829374926815234
0.010467220548826808,0.3909071619568485,50.45617164354501
0.011999920196422476,2.637310673653769,78.61969162754284
0.01270917940323568,0.4701738597089835,53.05996361095677
0.01171788906677152,3.323667125997158,75.3059649776045
0.01771662562824801,4.6105130938259995,89.18287733685948
0.010628944243666689,2.738717426873025,76.94548897208766
0.016806295582061207,0.31644273714395244,51.493265076273545
0.0159477370804505,6.782158999966615,62.88016722328453
0.013578588780426129,3.511189517360944,63.14253567107212
0.015982381897273218,7.591321965840502,66.50153218496158
0.011218856795574883,5.809009796339201,59.3503026371352
0.013014810003907213,3.8806838388286407,81.01997555008653
0.012650649976268663,0.22390392312799623,58.39046869886076
0.011514878872538346,1.5218304799976377,63.9106688118794
0.01221110158942442,4.524118578942332,65.4963207254504
0.011427500322371775,4.423802326298786,90.77676718022357
0.011957159801852838,1.5359163237862647,57.790591688430425
0.011106498247175644,7.070045178066319,55.30561043619844
0.02129424193001298,0.1582710486366392,97.01702274968859
0.011459246659247389,6.05862069460796,60.04802464956206
0.020932074877303274,0.802752241388959,63.07770921043187
0.016714601777172926,7.765052518303141,62.11480486474139
0.010512653081636937,0.6401872827482207,72.34825285722023
0.01049797996722782,7.463894631375217,87.81567437615725
0.012091014575401805,1.4138871106314184,56.825913945680355
0.011688448041885206,6.27337012250775,59.85146915841397
0.01144852776442231,2.9273947019652375,51.31048076104594
0.011498008194011828,1.4618299428087769,62.40815146334022
0.010878048397039614,3.1122328760683695,52.6159639986494
0.01427449032007847,3.1719868276326766,54.64333872031504
0.012123230560453562,3.532145874924778,51.59903168539001
0.010725637585865226,1.2705129576655567,58.51966056151293
0.010467220548826808,0.3909071619568485,50.45617164354501
0.012797195420802914,2.5783387480236657,79.59330483724449
0.01270917940323568,0.4701738597089835,53.05996361095677
0.01171788906677152,3.323667125997158,75.3059649776045
0.01630956632310939,4.5687404927023945,89.5394766136104
0.010628944243666689,2.738717426873025,76.94548897208766
0.01570887941961599,1.0380561241556707,51.611721677383834
0.018540712375518978,6.516730433075206,66.44797708195358
0.01367284942973195,3.644085803126906,63.54279057146208
0.015982381897273218,7.591321965840502,66.50153218496158
0.011270574778623733,6.284907526899932,59.43740210921777
0.013127256720314192,5.135468692120858,91.30694133933358
0.011838852131472784,0.2859956342917654,55.44050147366766
0.012039225802130026,0.9226218870911439,61.362179974219856
0.01221110158942442,4.524118578942332,65.4963207254504
0.011427500322371775,4.423802326298786,90.77676718022357
0.011877426470740717,2.1316570716474557,63.62732327845746
0.01209890552457897,7.176142639542492,57.58435927805983
0.018886573350430494,0.8440059041491934,92.0799498371384
0.01125790262577803,6.026164321284243,59.92098082064803
0.025448332299605185,0.4338175271264042,65.7382339675559
0.016714601777172926,7.765052518303141,62.11480486474139
0.010307104593591044,0.031868429105737395,85.69404178437628
0.01049797996722782,7.463894631375217,87.81567437615725
0.012091014575401805,1.4138871106314184,56.825913945680355
0.011688448041885206,6.27337012250775,59.85146915841397
0.01144852776442231,2.9273947019652375,51.31048076104594
0.011757145652727511,2.2804260668662453,58.01873669504004
0.010878048397039614,3.1122328760683695,52.6159639986494
0.01422070966551128,3.134016869561134,54.716380232254124
0.012112477827867786,3.4028942069967485,51.99992218268429
0.010725637585865226,1.2705129576655567,58.51966056151293
0.010467220548826808,0.3909071619568485,50.45617164354501
0.012601545487649942,2.378258999033076,80.07264830650527
0.01270917940323568,0.4701738597089835,53.05996361095677
0.011607843293932104,3.3015717035776535,81.80572306516387
0.01630956632310939,4.5687404927023945,89.5394766136104
0.010628944243666689,2.738717426873025,76.94548897208766
0.01393379148349259,3.349535129062347,55.24970849424505
0.017825386920816533,6.288084516916635,66.32823968802147
0.015626444341592292,2.5948891201709023,74.23573288838169
0.015982381897273218,7.591321965840502,66.50153218496158
0.011270574778623733,6.284907526899932,59.43740210921777
0.013127256720314192,5.135468692120858,91.30694133933358
0.011838852131472784,0.2859956342917654,55.44050147366766
0.012039225802130026,0.9226218870911439,61.362179974219856
0.01220448698152254,4.491425656524021,65.38736458584266
0.011427500322371775,4.423802326298786,90.77676718022357
0.011877426470740717,2.1316570716474557,63.62732327845746
0.012099986931980835,7.178521119466194,57.578386261343546
0.01773630007733417,1.4617710791599898,85.78396407097944
0.01139787873306702,4.975946628749616,59.387635909567486
0.025448332299605185,0.4338175271264042,65.7382339675559
0.016714601777172926,7.765052518303141,62.11480486474139
0.010307104593591044,0.031868429105737395,85.69404178437628
0.012254989588539685,6.58860630813092,88.33682934675817
0.012120498196591192,1.2629801658481377,55.36565778097611
0.011642141746489986,6.066607488838633,59.777550823671156
0.01144852776442231,2.9273947019652375,51.31048076104594
0.011757145652727511,2.2804260668662453,58.01873669504004
0.010878048397039614,3.1122328760683695,52.6159639986494
0.013955723683399885,3.16781235829994,54.37494562754089
0.012112477827867786,3.4028942069967485,51.99992218268429
0.010708529161121161,1.1130849214353091,58.490847860871355
0.010467220548826808,0.3909071619568485,50.45617164354501
0.01238563747589925,2.90717352786372,75.53178974922595
0.01270917940323568,0.4701738597089835,53.05996361095677
0.011607843293932104,3.3015717035776535,81.80572306516387
0.01630956632310939,4.5687404927023945,89.5394766136104
0.010695172356126895,3.700178531345343,87.79323449735378
0.01393379148349259,3.349535129062347,55.24970849424505
0.015988034257261266,5.004144735954876,65.4939140396239
0.015626444341592292,2.5948891201709023,74.23573288838169
0.015982381897273218,7.591321965840502,66.50153218496158
0.01068574110600384,6.125900484583102,59.14977765639768
0.01208314426428855,3.245949132273034,89.22886254201663
0.011838852131472784,0.2859956342917654,55.44050147366766
0.012969516523035726,1.2372832242094294,67.8162031594656
0.012143914660280797,4.644319928062258,64.78759897474093
0.011933748049032293,4.924032985290362,92.83924015372617
0.011877426470740717,2.1316570716474557,63.62732327845746
0.012176814825040462,7.497904274728262,57.91351365534767
0.01773630007733417,1.4617710791599898,85.78396407097944
0.01159925353886181,4.8335952764851555,58.99299528370736
0.025448332299605185,0.4338175271264042,65.7382339675559
0.016714601777172926,7.765052518303141,62.11480486474139
0.010307104593591044,0.031868429105737395,85.69404178437628
0.012254989588539685,6.58860630813092,88.33682934675817
0.012233262239584475,1.0701622617115203,52.8001639470732
0.011620967728999856,5.964322009413157,59.60956419938973
0.01144852776442231,2.9273947019652375,51.31048076104594
0.01015273284808728,0.2637650114222936,54.797637349235806
0.010878048397039614,3.1122328760683695,52.6159639986494
0.013969636631806732,3.1764464282745895,54.296893766202835
0.012112477827867786,3.4028942069967485,51.99992218268429
0.011537469671803857,1.6670970719324472,67.94138900631447
0.010467220548826808,0.3909071619568485,50.45617164354501
0.01234414265233867,4.0764262938644755,79.59877368233393
0.01304600580418023,0.02493278751777339,51.81323782665911
0.012056908066350945,2.1470821543444965,70.08477083426585
0.015940185334807688,4.251711081222195,86.21028346603842
0.010631139645190728,4.386660939590631,80.72841154360917
0.01393379148349259,3.349535129062347,55.24970849424505
0.01588647418659307,4.9584168229842716,66.11122286305991
0.015371681877474397,1.2495244578225368,64.51221547166402
0.014810952213438026,6.030980894795643,70.46304353480508
0.010435948160133669,6.479271400274119,59.192648589869606
0.012076510528237466,2.9681042439181824,84.38834214233913
0.01176327034844251,1.7205436661447275,56.561141680443704
0.013200036930642022,0.9876518630666458,65.79139377758884
0.013176734655110102,5.181309431939387,66.98543552722606
0.011947070045093051,5.584526210979556,99.74886615044224
0.0117864276891317,2.123836416126333,60.353339347766315
0.012176814825040462,7.497904274728262,57.91351365534767
0.016913196005192893,1.903826930644488,81.2787289729585
0.011888573470743033,4.424307300396078,58.94334049658527
0.025448332299605185,0.4338175271264042,65.7382339675559
0.013950976795014695,5.561928900086042,57.61707611810946
0.010352647362594737,0.1339920310262302,75.6711169756466
0.012254989588539685,6.58860630813092,88.33682934675817
0.012233262239584475,1.0701622617115203,52.8001639470732
0.012336130506027542,5.095455516835862,58.02885401382274
0.01144852776442231,2.9273947019652375,51.31048076104594
0.01015273284808728,0.2637650114222936,54.797637349235806
0.010878048397039614,3.1122328760683695,52.6159639986494
0.013933912128597363,3.1542765868075215,54.4973087960966
0.01168702825400972,3.4153586152542394,51.24078868741107
0.011382064248858235,1.6303129014764202,75.77374883459314
0.010467220548826808,0.3909071619568485,50.45617164354501
0.013366102160674596,2.7895499227267386,90.52755146244286
0.01304600580418023,0.02493278751777339,51.81323782665911
0.012039669432449022,1.3778105585167957,71.83459585602984
0.014185466695021229,4.9618442911561536,77.59721938182845
0.010631139645190728,4.386660939590631,80.72841154360917
0.014189845148507883,3.269127057648962,53.2743518369171
0.019028563142846736,7.697709601961254,60.68314593375516
0.015371681877474397,1.2495244578225368,64.51221547166402
0.015027768368455414,6.149237821467598,73.70175618065369
0.010435948160133669,6.479271400274119,59.192648589869606
0.011941232968957806,2.4078908453357712,86.8092814576335
0.01176327034844251,1.7205436661447275,56.561141680443704
0.013200036930642022,0.9876518630666458,65.79139377758884
0.013149758613496815,5.178554272106993,66.6980075911612
0.011947070045093051,5.584526210979556,99.74886615044224
0.011409305095131479,1.6944569900891115,59.070859476654896
0.012176814825040462,7.497904274728262,57.91351365534767
0.016913196005192893,1.903826930644488,81.2787289729585
0.011851246940008978,5.176909507516806,55.75870317112729
0.02609533065150849,0.3814428770504813,65.81695377155971
0.013950976795014695,5.561928900086042,57.61707611810946
0.010352647362594737,0.1339920310262302,75.6711169756466
0.012254989588539685,6.58860630813092,88.33682934675817
0.01200431525911266,0.6295489768582607,51.23137057429881
0.012336130506027542,5.095455516835862,58.02885401382274
0.01144852776442231,2.9273947019652375,51.31048076104594
0.01015273284808728,0.2637650114222936,54.797637349235806
0.010878048397039614,3.1122328760683695,52.6159639986494
0.013933912128597363,3.1542765868075215,54.4973087960966
0.011527158739790554,3.461596671063055,50.32192210098977
0.011382064248858235,1.6303129014764202,75.77374883459314
0.010467220548826808,0.3909071619568485,50.45617164354501
0.013471911471754085,3.544409968091756,87.57139830016364
0.01304600580418023,0.02493278751777339,51.81323782665911
0.012039669432449022,1.3778105585167957,71.83459585602984
0.014185466695021229,4.9618442911561536,77.59721938182845
0.010631139645190728,4.386660939590631,80.72841154360917
0.014189845148507883,3.269127057648962,53.2743518369171
0.019028563142846736,7.697709601961254,60.68314593375516
0.013884106772467167,2.2339532220063494,69.60083369138209
0.014423480326988057,6.03846797733588,78.81097344810406
0.010435948160133669,6.479271400274119,59.192648589869606
0.011941232968957806,2.4078908453357712,86.8092814576335
0.01186611544273524,0.21118916090246298,57.79093229193269
0.013200036930642022,0.9876518630666458,65.79139377758884
0.013997251677745248,7.29226852307886,72.89418232201115
0.011947070045093051,5.584526210979556,99.74886615044224
0.011409305095131479,1.6944569900891115,59.070859476654896
0.011987246827708667,7.228312433340188,56.57219506126067
0.016913196005192893,1.903826930644488,81.2787289729585
0.01144091979794748,6.451360036171554,52.706571043571635
0.02609533065150849,0.3814428770504813,65.81695377155971
0.013950976795014695,5.561928900086042,57.61707611810946
0.010352647362594737,0.1339920310262302,75.6711169756466
0.012670280630103179,7.637094618580918,99.11038704663663
0.013277531116194383,0.8272222502499401,51.87348817734812
0.012980203438544499,4.626406661584893,57.63438209008258
0.01144852776442231,2.9273947019652375,51.31048076104594
0.01015273284808728,0.2637650114222936,54.797637349235806
0.010878048397039614,3.1122328760683695,52.6159639986494
0.013933912128597363,3.1542765868075215,54.4973087960966
0.011618910865602353,3.2281125692265578,58.40692848490283
0.011394851359020417,1.6179758261123802,75.58961634939817
0.010532824071630406,1.9900834012315292,62.571694634171706
0.014595834370188736,5.244604922107924,99.92053491933888
0.01304600580418023,0.02493278751777339,51.81323782665911
0.012039669432449022,1.3778105585167957,71.83459585602984
0.014185466695021229,4.9618442911561536,77.59721938182845
0.010631139645190728,4.386660939590631,80.72841154360917
0.014189845148507883,3.269127057648962,53.2743518369171
0.019028563142846736,7.697709601961254,60.68314593375516
0.014280220872002963,2.3203044096857264,71.2862500592473
0.014542107428966751,6.87521378379429,80.83660518143807
0.010976462140577804,5.017330047546576,69.10916144532044
0.011941232968957806,2.4078908453357712,86.8092814576335
0.01186611544273524,0.21118916090246298,57.79093229193269
0.01246372920422735,2.3220271201775273,66.89002917277112
0.01357496338304532,7.615505149019156,66.73843890263115
0.0115655407121888,4.45317449269749,90.19090103308895
0.011409305095131479,1.6944569900891115,59.070859476654896
0.011987246827708667,7.228312433340188,56.57219506126067
0.016913196005192893,1.903826930644488,81.2787289729585
0.01144091979794748,6.451360036171554,52.706571043571635
0.02609533065150849,0.3814428770504813,65.81695377155971
0.013950976795014695,5.561928900086042,57.61707611810946
0.010352647362594737,0.1339920310262302,75.6711169756466
0.012670280630103179,7.637094618580918,99.11038704663663
0.013277531116194383,0.8272222502499401,51.87348817734812
0.012980203438544499,4.626406661584893,57.63438209008258
0.011192640448935144,2.27513711131099,56.99867245980979
0.01015273284808728,0.2637650114222936,54.797637349235806
0.010486306825839037,1.6585349367558893,51.218720611309735
0.013904266489672827,3.1316140637918175,54.499663466738895
0.011618910865602353,3.2281125692265578,58.40692848490283
0.01113138854459333,1.7161036856370453,77.12386036050954
0.010532824071630406,1.9900834012315292,62.571694634171706
0.014444254197733175,5.140159792052744,91.67482692692818
0.01304600580418023,0.02493278751777339,51.81323782665911
0.011960747833929945,1.5464000224579921,72.33292692247046
0.015491260140626411,3.456616290327156,62.8922771972416
0.010631139645190728,4.386660939590631,80.72841154360917
0.015832931805630404,4.492295974070489,52.654381443718435
0.01746675516773488,7.177815705544404,62.317479410281436
0.014280220872002963,2.3203044096857264,71.2862500592473
0.01452183956923574,6.515840562419431,83.08147288076673
0.010889612245658823,4.424693681262438,67.8293382170485
0.011942103920069476,2.398776848965979,86.67678767830562
0.01186611544273524,0.21118916090246298,57.79093229193269
0.01241060021056945,2.3042005433215467,66.4689755515152
0.01357496338304532,7.615505149019156,66.73843890263115
0.011424750712748608,4.675568860996943,94.66453134138331
0.011530666314826573,1.796157403398083,58.73722966745735
0.012305172466534084,6.683020676677732,56.86007083537635
0.015531950329887387,2.2493247198516144,75.31162016079116
0.011215189611950544,5.342396767868307,55.15879729951965
0.024640007941877845,0.6387819846059735,67.12503917565456
0.014648583519217287,5.6896525342452655,54.92186129124217
0.010352647362594737,0.1339920310262302,75.6711169756466
0.012440119877040965,6.973758894054248,97.25210747828204
0.013322374818485958,0.8467949423915487,51.685478289693194
0.013276798059577124,5.016532159406617,57.73985980358053
0.010207511176173262,1.5053436958908835,56.1635407068983
0.01015273284808728,0.2637650114222936,54.797637349235806
0.010486306825839037,1.6585349367558893,51.218720611309735
0.012652476444956495,2.736231622947277,55.65330136967469
0.011114684951940238,3.8165509363296684,53.27222119852581
0.01113138854459333,1.7161036856370453,77.12386036050954
0.010336481083124389,1.373760657452244,65.70970660176569
0.01471920628974566,5.011885589977038,83.9489494044171
0.01304600580418023,0.02493278751777339,51.81323782665911
0.011960747833929945,1.5464000224579921,72.33292692247046
0.017729734905976832,6.598104195782598,73.0344328355038
0.010631139645190728,4.386660939590631,80.72841154360917
0.015832931805630404,4.492295974070489,52.654381443718435
0.015399449816747665,6.570868316557933,59.95020329335723
0.0140661895631223,2.0209092116903156,73.85453443228116
0.01452183956923574,6.515840562419431,83.08147288076673
0.010513192908366902,5.664806459591921,71.41712995511291
0.011135237278613066,1.4360532094694232,72.3017799667936
0.01186611544273524,0.21118916090246298,57.79093229193269
0.012597869952310084,1.6324439703874605,62.14956721399046
0.013554781634074559,5.445121911350517,62.08611795771077
0.011424750712748608,4.675568860996943,94.66453134138331
0.011588143899632074,2.12338249891992,61.17137501321315
0.012245885206766335,6.9901575573994545,57.13015940092764
0.017993710371073626,2.146836970370819,67.51788414481938
0.011215189611950544,5.342396767868307,55.15879729951965
0.03209839619893889,0.25553690408289853,67.86304595909823
0.014580532576016889,5.625536000872921,54.9408876544403
0.010352647362594737,0.1339920310262302,75.6711169756466
0.012440119877040965,6.973758894054248,97.25210747828204
0.013508334017333232,0.4500578586225652,51.37895771503982
0.013276798059577124,5.016532159406617,57.73985980358053
0.0100556427001734,1.1098116334378112,51.359977729807746
0.01015273284808728,0.2637650114222936,54.797637349235806
0.011977553598443446,2.1942807962569253,54.69690561898056
0.012652476444956495,2.736231622947277,55.65330136967469
0.011114684951940238,3.8165509363296684,53.27222119852581
0.011143817270824894,0.15321333115568248,94.87126952422076
0.010336481083124389,1.373760657452244,65.70970660176569
0.01510134156622742,4.833606903981621,73.21133209254404
0.01304600580418023,0.02493278751777339,51.81323782665911
0.011960747833929945,1.5464000224579921,72.33292692247046
0.016929282805704958,6.494583682306721,72.85504311009052
0.010674595716197903,3.915743439281647,84.15904239253105
0.015832931805630404,4.492295974070489,52.654381443718435
0.015399449816747665,6.570868316557933,59.95020329335723
0.014751976495438218,3.3626425385643315,88.6711133583265
0.014454293816989192,7.0305462316229255,82.78459226079796
0.010513192908366902,5.664806459591921,71.41712995511291
0.011082605248577126,1.2126915888359573,71.2954163379328
0.01186611544273524,0.21118916090246298,57.79093229193269
0.011925332150992838,2.9333247041600625,65.13937625304179
0.013554781634074559,5.445121911350517,62.08611795771077
0.011239489279545054,4.113485988057485,89.73541066816233
0.011865153655299266,1.579895603362214,54.20096202397604
0.012245885206766335,6.9901575573994545,57.13015940092764
0.017154824846223694,2.7666183727098073,65.94802875585405
0.011220124087307343,5.2998067049357935,55.23834838001128
0.03209839619893889,0.25553690408289853,67.86304595909823
0.013673789197223778,4.430263981951217,54.85589691993817
0.010352647362594737,0.1339920310262302,75.6711169756466
0.012440119877040965,6.973758894054248,97.25210747828204
0.015595247975931243,0.05529926030317145,51.57190230269322
0.013244389674031427,5.65570743550009,58.63020344308124
0.010049756116497445,1.1042790634246922,51.0591966227367
0.01015273284808728,0.2637650114222936,54.797637349235806
0.011977553598443446,2.1942807962569253,54.69690561898056
0.012652476444956495,2.736231622947277,55.65330136967469
0.011114684951940238,3.8165509363296684,53.27222119852581
0.011143817270824894,0.15321333115568248,94.87126952422076
0.010336481083124389,1.373760657452244,65.70970660176569
0.014109864995167067,2.513943220618539,62.88907257576602
0.01304600580418023,0.02493278751777339,51.81323782665911
0.011960747833929945,1.5464000224579921,72.33292692247046
0.016482840401991636,6.5168453904325965,69.08909757949729
0.010674595716197903,3.915743439281647,84.15904239253105
0.015832931805630404,4.492295974070489,52.654381443718435
0.015399449816747665,6.570868316557933,59.95020329335723
0.015081604604121869,2.86127264441755,95.23944373763956
0.013347872876216705,6.392066309463799,74.7866759733956
0.010513192908366902,5.664806459591921,71.41712995511291
0.011135330378320141,1.3203428385890337,70.910264266427
0.01186611544273524,0.21118916090246298,57.79093229193269
0.011068863192928772,2.3465700352634813,69.93945590682588
0.014209546922299757,5.882125802082426,64.45120197022909
0.011239489279545054,4.113485988057485,89.73541066816233
0.011865153655299266,1.579895603362214,54.20096202397604
0.012011731828356438,6.811051643777302,59.06087867843319
0.017154824846223694,2.7666183727098073,65.94802875585405
0.011150943925163767,5.124289305281223,58.90587221020548
0.02934655962060409,0.6065856872424065,66.13521707785335
0.013794497243084295,4.213863052219059,54.66364185118793
0.010352647362594737,0.1339920310262302,75.6711169756466
0.012440119877040965,6.973758894054248,97.25210747828204
0.015595247975931243,0.05529926030317145,51.57190230269322
0.012898979295576504,5.656858175496065,60.247346953692244
0.010049756116497445,1.1042790634246922,51.0591966227367
0.01015273284808728,0.2637650114222936,54.797637349235806
0.011977553598443446,2.1942807962569253,54.69690561898056
0.014287033133378362,3.7611281291862477,58.53848444497809
0.011114684951940238,3.8165509363296684,53.27222119852581
0.011143817270824894,0.15321333115568248,94.87126952422076
0.011465165917843655,2.014145461411451,63.02882247086994
0.014169891261864747,2.208442356465084,61.95183359802816
0.01304600580418023,0.02493278751777339,51.81323782665911
0.011960747833929945,1.5464000224579921,72.33292692247046
0.016338923024199457,6.5263153891620185,68.7663062751936
0.01101154861041082,4.227871254007617,82.977703608142
0.015832931805630404,4.492295974070489,52.654381443718435
0.017081644458474477,7.661616369958065,62.62887100216615
0.01461522382030388,2.9349877503633137,96.19098210746435
0.013286823570498686,6.306814398637241,74.75726213863092
0.010513192908366902,5.664806459591921,71.41712995511291
0.011155255247643738,1.3660158267909202,70.94517297293964
0.01186611544273524,0.21118916090246298,57.79093229193269
0.01015665804778576,1.9357148607120402,73.24913407086163
0.013426931346792258,6.212905144805682,62.53177254379295
0.011376840299879749,4.389723944281146,91.82660165503499
0.011865153655299266,1.579895603362214,54.20096202397604
0.012011731828356438,6.811051643777302,59.06087867843319
0.0190319123105177,1.9581838489047438,72.25151570790094
0.011150943925163767,5.124289305281223,58.90587221020548
0.02934655962060409,0.6065856872424065,66.13521707785335
0.013794497243084295,4.213863052219059,54.66364185118793
0.010615634822485653,0.1403812539279878,82.05331035249418
0.012440119877040965,6.973758894054248,97.25210747828204
0.015311728881889496,0.06153557184008894,54.32971168589806
0.01344624706856273,5.7951819245360685,61.602645837579686
0.010049756116497445,1.1042790634246922,51.0591966227367
0.010246271655024952,0.2971998645229217,54.94659202011712
0.011701209340899611,2.6594472583327944,54.19845291602791
0.014198593071373545,3.8057408895417275,58.84029589950275
0.011052130470389242,3.7520327330123875,53.027684540701614
0.011143817270824894,0.15321333115568248,94.87126952422076
0.011465165917843655,2.014145461411451,63.02882247086994
0.014169891261864747,2.208442356465084,61.95183359802816
0.01304600580418023,0.02493278751777339,51.81323782665911
0.01197976186236167,1.5397376300741359,75.93944042613244
0.016338923024199457,6.5263153891620185,68.7663062751936
0.01101154861041082,4.227871254007617,82.977703608142
0.015445777893447591,4.09829617893853,53.093225938574044
0.018156727161012878,7.820939812327409,54.60934164531143
0.01538554250642243,2.5889476762089343,97.22914321303858
0.013409620202240402,5.966665270924542,72.72489554446949
0.010602955947303669,6.548134683453917,75.3602566003123
0.011155255247643738,1.3660158267909202,70.94517297293964
0.01186594400378831,0.4551615630956616,57.15101883576344
0.010123424573703329,2.54336304425388,80.03668649314619
0.013137236442960727,5.955274488182484,66.6713753750542
0.011376840299879749,4.389723944281146,91.82660165503499
0.010954399248157845,0.8195518235309041,52.57044742451733
0.012104600792067953,7.401464557665524,57.772247885218654
0.0190319123105177,1.9581838489047438,72.25151570790094
0.011150943925163767,5.124289305281223,58.90587221020548
0.02266017256757465,2.529190283832089,59.46505521737791
0.01283342292092259,4.218700699195572,64.4417302396063
0.010615634822485653,0.1403812539279878,82.05331035249418
0.012440119877040965,6.973758894054248,97.25210747828204
0.015311728881889496,0.06153557184008894,54.32971168589806
0.01344624706856273,5.7951819245360685,61.602645837579686
0.010049756116497445,1.1042790634246922,51.0591966227367
0.010246271655024952,0.2971998645229217,54.94659202011712
0.011701209340899611,2.6594472583327944,54.19845291602791
0.01426883857511579,3.586613180709082,58.50425534161243
0.010863348495683005,4.0698068168971115,52.687171275119695
0.011143817270824894,0.15321333115568248,94.87126952422076
0.011465165917843655,2.014145461411451,63.02882247086994
0.013292359817423452,0.4615479932317097,59.19488270623391
0.01304600580418023,0.02493278751777339,51.81323782665911
0.012141961986679661,1.5547641443043398,75.68924898661989
0.015654152712470747,6.341259547535885,67.46481057145853
0.011219223981190279,3.21438187155161,73.8446938685792
0.013925862838028956,4.867175660316546,60.08171230429569
0.018156727161012878,7.820939812327409,54.60934164531143
0.015374595386556649,2.5905910222620765,97.16769991041572
0.013652027927607387,5.707936541557004,70.70962423399453
0.010802384253245369,5.586042206567422,72.48498203122314
0.011155255247643738,1.3660158267909202,70.94517297293964
0.01186594400378831,0.4551615630956616,57.15101883576344
0.010123424573703329,2.54336304425388,80.03668649314619
0.01288737845311756,5.598220541340439,67.60583798935991
0.011248512240783659,4.324778720016372,92.53104095317457
0.010954399248157845,0.8195518235309041,52.57044742451733
0.012104600792067953,7.401464557665524,57.772247885218654
0.01939166569511355,1.8136562860184893,72.86072262044584
0.011150943925163767,5.124289305281223,58.90587221020548
0.02197896652134442,2.300436906692922,58.9890051566109
0.014202766355093939,5.120117595845805,66.13102695204132
0.010615634822485653,0.1403812539279878,82.05331035249418
0.012440119877040965,6.973758894054248,97.25210747828204
0.015311728881889496,0.06153557184008894,54.32971168589806
0.01344624706856273,5.7951819245360685,61.602645837579686
0.010049756116497445,1.1042790634246922,51.0591966227367
0.010246271655024952,0.2971998645229217,54.94659202011712
0.012347329429579158,3.820488723789249,56.93993965366999
0.01426883857511579,3.586613180709082,58.50425534161243
0.010863348495683005,4.0698068168971115,52.687171275119695
0.011143817270824894,0.15321333115568248,94.87126952422076
0.01118081044756834,1.2975497841985737,62.113699472065136
0.013292359817423452,0.4615479932317097,59.19488270623391
0.01304600580418023,0.02493278751777339,51.81323782665911
0.012257222604307975,2.0970289473003034,92.27203943156381
0.016843816287423555,7.9734426254902235,60.235976628535
0.011198806059105105,3.134535388418721,73.74179249488766
0.011180989909226724,2.950851561981259,63.63204172436644
0.018156727161012878,7.820939812327409,54.60934164531143
0.014110984057014567,3.2540736274596247,91.68797330300578
0.01165101299957138,7.065602868412025,69.9596849247002
0.010084944167098207,5.368020671412589,74.22880892904959
0.011135971050468948,1.417680954397979,77.6094869613758
0.012016048835838997,0.9623825369508738,57.5738559094581
0.010123424573703329,2.54336304425388,80.03668649314619
0.01288737845311756,5.598220541340439,67.60583798935991
0.011248512240783659,4.324778720016372,92.53104095317457
0.010954399248157845,0.8195518235309041,52.57044742451733
0.012104600792067953,7.401464557665524,57.772247885218654
0.022419617515490983,1.8304038386768584,66.50592700964435
0.011274560427100618,5.604179792652544,61.63836204163451
0.02214302157094402,2.3093737275460406,58.50123751563221
0.014589522291318173,5.59654609542449,65.52006952291795
0.010451027714433327,0.2102676428613467,69.97317105718587
0.012440119877040965,6.973758894054248,97.25210747828204
0.015311728881889496,0.06153557184008894,54.32971168589806
0.01344624706856273,5.7951819245360685,61.602645837579686
0.010049756116497445,1.1042790634246922,51.0591966227367
0.010340567464469989,0.5649043130796878,55.82279349213796
0.011890645921385107,3.8584498227376813,56.724327670487845
0.013986851235267005,3.684206050171478,57.71399989813259
0.010863348495683005,4.0698068168971115,52.687171275119695
0.012325592584978666,1.774573949667074,87.69036755855137
0.01118081044756834,1.2975497841985737,62.113699472065136
0.013292359817423452,0.4615479932317097,59.19488270623391
0.012390060143848556,0.3538381427991816,53.58839515587767
0.012257222604307975,2.0970289473003034,92.27203943156381
0.015498884301972337,6.441288403336933,59.323289551755025
0.010964852392786162,2.434060468133592,68.85711876934738
0.010912409787057063,2.61361364922712,63.87265696443197
0.018156727161012878,7.820939812327409,54.60934164531143
0.013642644149084324,3.3717101047126805,86.06368705351764
0.01165101299957138,7.065602868412025,69.9596849247002
0.010084944167098207,5.368020671412589,74.22880892904959
0.011170677477707114,1.0800500003283244,80.78224182258236
0.012016048835838997,0.9623825369508738,57.5738559094581
0.010123424573703329,2.54336304425388,80.03668649314619
0.013357606487165604,6.284299403034293,65.89711775066976
0.011248512240783659,4.324778720016372,92.53104095317457
0.010792826451605418,1.1547256961203363,57.91091951532926
0.012104600792067953,7.401464557665524,57.772247885218654
0.022419617515490983,1.8304038386768584,66.50592700964435
0.011274560427100618,5.604179792652544,61.63836204163451
0.02214302157094402,2.3093737275460406,58.50123751563221
0.01564863962921058,7.185706916597255,53.37177000942629
0.010451027714433327,0.2102676428613467,69.97317105718587
0.012440119877040965,6.973758894054248,97.25210747828204
0.015311728881889496,0.06153557184008894,54.32971168589806
0.01344624706856273,5.7951819245360685,61.602645837579686
0.010049756116497445,1.1042790634246922,51.0591966227367
0.010340567464469989,0.5649043130796878,55.82279349213796
0.011790064515864552,3.866810494009646,56.67684061232519
0.014603440697740538,4.535761587881194,57.75784564678339
0.010863348495683005,4.0698068168971115,52.687171275119695
0.014182648829038389,4.322399940291321,76.40621000879239
0.011095129896677838,0.7314183199618469,62.51636439039889
0.013292359817423452,0.4615479932317097,59.19488270623391
0.01226804979663138,1.0662192110533555,54.676279084373256
0.012257222604307975,2.0970289473003034,92.27203943156381
0.015498884301972337,6.441288403336933,59.323289551755025
0.010964852392786162,2.434060468133592,68.85711876934738
0.01082681255127991,2.589846106797598,63.176932501692825
0.01862467979366205,7.87527080546223,53.50519944486977
0.013642644149084324,3.3717101047126805,86.06368705351764
0.011400737675302003,4.213762106220259,66.60847771824562
0.010084944167098207,5.368020671412589,74.22880892904959
0.011170677477707114,1.0800500003283244,80.78224182258236
0.013052153746611086,2.0461890815037522,56.93596964071217
0.010123424573703329,2.54336304425388,80.03668649314619
0.01289236265942874,6.494797099341016,66.28877683532538
0.0109545123859051,4.183262932802291,94.0865359521294
0.010792826451605418,1.1547256961203363,57.91091951532926
0.012104600792067953,7.401464557665524,57.772247885218654
0.022419617515490983,1.8304038386768584,66.50592700964435
0.011487618529642052,5.622918477609907,61.634858024747075
0.02214302157094402,2.3093737275460406,58.50123751563221
0.015141987519029492,5.901166383466231,55.497886301905986
0.010451027714433327,0.2102676428613467,69.97317105718587
0.012440119877040965,6.973758894054248,97.25210747828204
0.015311728881889496,0.06153557184008894,54.32971168589806
0.01344624706856273,5.7951819245360685,61.602645837579686
0.010049756116497445,1.1042790634246922,51.0591966227367
0.010340567464469989,0.5649043130796878,55.82279349213796
0.01116225128490064,3.135817949543491,54.809603399538595
0.014603440697740538,4.535761587881194,57.75784564678339
0.010863348495683005,4.0698068168971115,52.687171275119695
0.014135963319053448,4.498579322360379,77.31903508287233
0.011095129896677838,0.7314183199618469,62.51636439039889
0.013292359817423452,0.4615479932317097,59.19488270623391
0.01226804979663138,1.0662192110533555,54.676279084373256
0.013339691397375964,0.3635020643129132,90.76430898553205
0.015498884301972337,6.441288403336933,59.323289551755025
0.010175540415488028,1.953193870510846,60.41953999329405
0.01082681255127991,2.589846106797598,63.176932501692825
0.018593433025739375,7.862349724316848,53.733157066746415
0.012758731817279328,3.5269321338522244,88.03331195307914
0.011400737675302003,4.213762106220259,66.60847771824562
0.010084944167098207,5.368020671412589,74.22880892904959
0.010991382858308616,1.3305760712214565,80.65459924597005
0.013052153746611086,2.0461890815037522,56.93596964071217
0.010118642441961005,2.5774200119374187,80.18358696698911
0.01289236265942874,6.494797099341016,66.28877683532538
0.010898409342669054,4.126190111583792,94.6435177531751
0.010792826451605418,1.1547256961203363,57.91091951532926
0.011736051057264899,7.5835073938044,58.04821384995264
0.024979032450998508,0.511301392414282,58.62053674730814
0.011475748669812722,5.620761454346946,61.7414318924411
0.024627966233833433,1.868843595999718,56.625840861814524
0.016572115837989645,7.003909123173535,55.68225306422175
0.010451027714433327,0.2102676428613467,69.97317105718587
0.012440119877040965,6.973758894054248,97.25210747828204
0.015311728881889496,0.06153557184008894,54.32971168589806
0.014258301954210491,7.544160675587926,61.28705560507375
0.01136681963437827,0.8432820053809248,51.87780140585146
0.010429200194695266,0.6474655112062733,55.86302667436256
0.011033592980537547,2.7332672592329192,54.96824753499571
0.017840352228803494,7.550937737313381,59.227181535942464
0.010863348495683005,4.0698068168971115,52.687171275119695
0.01483437387280488,3.377496318552522,83.51366734771479
0.011447958486946333,0.6735845854987452,66.95673390862481
0.013292359817423452,0.4615479932317097,59.19488270623391
0.01226804979663138,1.0662192110533555,54.676279084373256
0.013339691397375964,0.3635020643129132,90.76430898553205
0.01522233045530216,6.066620936203505,58.82497247476558
0.010175540415488028,1.953193870510846,60.41953999329405
0.01082681255127991,2.589846106797598,63.176932501692825
0.018593433025739375,7.862349724316848,53.733157066746415
0.012522704853312815,2.343284525173922,71.98797329458237
0.012895599790694828,3.948753466723275,65.48029991574005
0.010783715582822446,5.732385412970952,72.06189016639878
0.011001264095356556,1.1191719780392813,82.81302593497725
0.013052153746611086,2.0461890815037522,56.93596964071217
0.010118642441961005,2.5774200119374187,80.18358696698911
0.01289236265942874,6.494797099341016,66.28877683532538
0.010544541325912135,3.9467073131248283,97.07352457097441
0.010792826451605418,1.1547256961203363,57.91091951532926
0.011736051057264899,7.5835073938044,58.04821384995264
0.024979032450998508,0.511301392414282,58.62053674730814
0.010466431771053646,4.998023748043888,58.50151464682376
0.024627966233833433,1.868843595999718,56.625840861814524
0.017520133381136928,7.963391878094387,55.31666920914582
0.010451027714433327,0.2102676428613467,69.97317105718587
0.012440119877040965,6.973758894054248,97.25210747828204
0.015311728881889496,0.06153557184008894,54.32971168589806
0.01437474571425489,7.758852666054782,61.400497463316846
0.01136681963437827,0.8432820053809248,51.87780140585146
0.010429200194695266,0.6474655112062733,55.86302667436256
0.011033592980537547,2.7332672592329192,54.96824753499571
0.017840352228803494,7.550937737313381,59.227181535942464
0.010863348495683005,4.0698068168971115,52.687171275119695
0.014255046833368161,2.686313567719549,88.10328782243383
0.012083030091607326,0.20717622701903815,75.72556149194743
0.013292359817423452,0.4615479932317097,59.19488270623391
0.012023001746168153,1.0764624371203029,60.11907414843124
0.013002910251495721,0.3456368956020358,88.34032889501154
0.01521753241103311,5.952380596907799,60.14022378056995
0.010175540415488028,1.953193870510846,60.41953999329405
0.01082681255127991,2.589846106797598,63.176932501692825
0.018593433025739375,7.862349724316848,53.733157066746415
0.012522704853312815,2.343284525173922,71.98797329458237
0.012237277178066183,2.9419802245925886,66.69022892407747
0.010783715582822446,5.732385412970952,72.06189016639878
0.011001264095356556,1.1191719780392813,82.81302593497725
0.013052153746611086,2.0461890815037522,56.93596964071217
0.010118642441961005,2.5774200119374187,80.18358696698911
0.013120577491768865,6.381819538680215,66.14398872112942
0.010544541325912135,3.9467073131248283,97.07352457097441
0.010288809054177481,0.225448779585955,57.419895607055665
0.011736051057264899,7.5835073938044,58.04821384995264
0.024979032450998508,0.511301392414282,58.62053674730814
0.010468211443767868,5.551166281387874,57.17616286426099
0.026702532012558608,1.7675302332819103,53.257517527472245
0.016633849677447805,7.445000335022728,54.96657810542035
0.010451027714433327,0.2102676428613467,69.97317105718587
0.012467292884458785,7.128965692067655,98.40085999549547
0.015311728881889496,0.06153557184008894,54.32971168589806
0.01437474571425489,7.758852666054782,61.400497463316846
0.01136681963437827,0.8432820053809248,51.87780140585146
0.010429200194695266,0.6474655112062733,55.86302667436256
0.011033592980537547,2.7332672592329192,54.96824753499571
0.017840352228803494,7.550937737313381,59.227181535942464
0.010863348495683005,4.0698068168971115,52.687171275119695
0.015087280317398699,2.85110796656699,95.84523745488067
0.012083030091607326,0.20717622701903815,75.72556149194743
0.01392209657423022,0.33680481014437774,57.67768752207044
0.012023001746168153,1.0764624371203029,60.11907414843124
0.013002910251495721,0.3456368956020358,88.34032889501154
0.014898178617440657,6.068745236490648,60.33160544607887
0.010175540415488028,1.953193870510846,60.41953999329405
0.01082681255127991,2.589846106797598,63.176932501692825
0.018593433025739375,7.862349724316848,53.733157066746415
0.011651016109424553,2.170677407955509,63.87898647796185
0.01282389119577559,3.7598306198091707,69.48119450669645
0.010741741644065814,5.130340695909243,70.14397594627513
0.011053209833715674,0.007819051355098416,94.15989146512703
0.013838049894722104,1.3196039351914193,58.46151160850656
0.010118642441961005,2.5774200119374187,80.18358696698911
0.013120577491768865,6.381819538680215,66.14398872112942
0.010544541325912135,3.9467073131248283,97.07352457097441
0.010288809054177481,0.225448779585955,57.419895607055665
0.011736051057264899,7.5835073938044,58.04821384995264
0.02076991530561311,0.5506922745150274,57.822817383802764
0.01037208982859573,5.5216416188624295,57.210610045206394
0.03160736889748152,1.513474016345428,50.19289342894997
0.016633849677447805,7.445000335022728,54.96657810542035
0.010451027714433327,0.2102676428613467,69.97317105718587
0.012464355300177787,7.382671562125652,99.80110045605001
0.01552618141383046,0.08075457340232756,54.46695605666509
0.01437474571425489,7.758852666054782,61.400497463316846
0.011448764642272624,0.8407321783192945,51.929610341788965
0.010429200194695266,0.6474655112062733,55.86302667436256
0.011033592980537547,2.7332672592329192,54.96824753499571
0.018090973402361564,7.675983552100957,59.46210545304866
0.010877415432064675,3.947129003860457,50.66784623322643
0.015087280317398699,2.85110796656699,95.84523745488067
0.012075535847320355,0.20719042296987678,75.69914620006116
0.01392209657423022,0.33680481014437774,57.67768752207044
0.011906171914554665,0.947724070455553,64.21993630662122
0.013002910251495721,0.3456368956020358,88.34032889501154
0.015335409532188527,6.555432297976083,58.40299943287282
0.010117074296233385,1.9133097885302754,60.21949105062059
0.010522810177735403,2.4117469268047884,62.21727544549736
0.018593433025739375,7.862349724316848,53.733157066746415
0.011651016109424553,2.170677407955509,63.87898647796185
0.01282389119577559,3.7598306198091707,69.48119450669645
0.010741741644065814,5.130340695909243,70.14397594627513
0.011053209833715674,0.007819051355098416,94.15989146512703
0.012767338097915268,1.771266531931655,60.13818342191883
0.010118642441961005,2.5774200119374187,80.18358696698911
0.012158752780364757,5.16288394674943,70.64229808059338
0.010544541325912135,3.9467073131248283,97.07352457097441
0.010288809054177481,0.225448779585955,57.419895607055665
0.01130881037417787,6.529416381668698,63.24559163989447
0.02076991530561311,0.5506922745150274,57.822817383802764
0.01037208982859573,5.5216416188624295,57.210610045206394
0.03160736889748152,1.513474016345428,50.19289342894997
0.016633849677447805,7.445000335022728,54.96657810542035
0.010451027714433327,0.2102676428613467,69.97317105718587
0.012464355300177787,7.382671562125652,99.80110045605001
0.01552618141383046,0.08075457340232756,54.46695605666509
0.014565674397194023,7.142364891617339,61.01060576217751
0.011464750548763206,0.7678613838455195,51.812609653865316
0.010429200194695266,0.6474655112062733,55.86302667436256
0.011033592980537547,2.7332672592329192,54.96824753499571
0.018090973402361564,7.675983552100957,59.46210545304866
0.0114785556178506,3.7906246247581334,57.11887164426021
0.014927816509551297,2.763851507353678,94.56827840005475
0.012075535847320355,0.20719042296987678,75.69914620006116
0.015444182268762515,0.4274770642074609,59.739868560685295
0.014324503617271616,0.8375710903032145,62.45726350024692
0.013002910251495721,0.3456368956020358,88.34032889501154
0.015117646830529028,6.399327866265397,58.330496003203166
0.010117074296233385,1.9133097885302754,60.21949105062059
0.010522810177735403,2.4117469268047884,62.21727544549736
0.018593433025739375,7.862349724316848,53.733157066746415
0.011583385902662054,2.390811864313212,64.34496517773732
0.01282389119577559,3.7598306198091707,69.48119450669645
0.010741741644065814,5.130340695909243,70.14397594627513
0.011053209833715674,0.007819051355098416,94.15989146512703
0.012896842902303475,1.3964268003672657,59.77469032096614
0.010118642441961005,2.5774200119374187,80.18358696698911
0.011573180264437266,3.4646504035710555,70.41285693553523
0.010544541325912135,3.9467073131248283,97.07352457097441
0.010288809054177481,0.225448779585955,57.419895607055665
0.011222474021813356,6.2427333499011874,64.47429617252682
0.020816237594476657,0.5418780540080097,57.72557060014573
0.01037208982859573,5.5216416188624295,57.210610045206394
0.022607306970055967,0.854191975946254,69.4447491658342
0.016633849677447805,7.445000335022728,54.96657810542035
0.010451027714433327,0.2102676428613467,69.97317105718587
0.012464355300177787,7.382671562125652,99.80110045605001
0.01552618141383046,0.08075457340232756,54.46695605666509
0.01453600434892623,7.092378665380864,61.07523336338086
0.011549149726756375,0.7446938286995672,53.816894041527604
0.010429200194695266,0.6474655112062733,55.86302667436256
0.01083522355929329,2.91401951481649,52.10535166298451
0.01604728016046692,5.452711154521044,61.03427341683758
0.011229320341636132,3.4510163092681982,55.17656825564602
0.012884403505097846,2.6005157424026595,79.56115805450844
0.012075535847320355,0.20719042296987678,75.69914620006116
0.015444182268762515,0.4274770642074609,59.739868560685295
0.014324503617271616,0.8375710903032145,62.45726350024692
0.013002910251495721,0.3456368956020358,88.34032889501154
0.014859854581387891,5.345414728658567,64.73592712596397
0.010117074296233385,1.9133097885302754,60.21949105062059
0.010243159358462758,1.9621472968682006,71.268769194264
0.018593433025739375,7.862349724316848,53.733157066746415
0.01187309724444104,2.1714787371538073,63.33689223631982
0.013583954820690539,2.581396867487326,71.85756548567993
0.012287376328115452,3.499049295740494,65.07944449641862
0.011053209833715674,0.007819051355098416,94.15989146512703
0.013562321223952086,0.6968751697599793,55.80586541307524
0.010118642441961005,2.5774200119374187,80.18358696698911
0.011047401881581643,3.3405614771405667,70.80451255549374
0.010489637544357671,2.3762280809825524,77.456826257066
0.010288809054177481,0.225448779585955,57.419895607055665
0.011222474021813356,6.2427333499011874,64.47429617252682
0.01938722304305627,2.0107291020400924,57.8772655084662
0.01037208982859573,5.5216416188624295,57.210610045206394
0.022607306970055967,0.854191975946254,69.4447491658342
0.016633849677447805,7.445000335022728,54.96657810542035
0.010451027714433327,0.2102676428613467,69.97317105718587
0.012464355300177787,7.382671562125652,99.80110045605001
0.01552618141383046,0.08075457340232756,54.46695605666509
0.01453600434892623,7.092378665380864,61.07523336338086
0.011549149726756375,0.7446938286995672,53.816894041527604
0.011934009259858297,1.977293235705643,55.47045493376142
0.010886350202540286,3.0167993770682973,56.61111510601069
0.01563488741350725,4.0520151004301574,65.30021882441527
0.011229320341636132,3.4510163092681982,55.17656825564602
0.0138996850613511,1.4200241287945436,88.59350914117343
0.013817992493978942,0.2250795169691299,65.55236110691888
0.01572860841388537,0.24469503386202884,54.42634016860545
0.014324503617271616,0.8375710903032145,62.45726350024692
0.013002910251495721,0.3456368956020358,88.34032889501154
0.016024409285040134,4.487648486622018,62.97170432964384
0.010039094475211365,1.8831052576206206,53.385844646922244
0.010243159358462758,1.9621472968682006,71.268769194264
0.018593433025739375,7.862349724316848,53.733157066746415
0.01248730738111413,0.9507065354445188,71.12243670930202
0.016283310664659226,0.1103195115408635,84.16734340657709
0.010990092338811309,4.725883631302048,69.09547751494334
0.011631040765955732,0.1543838131638965,88.56004006581503
0.01375640532188531,0.6922651098134749,55.99761644620856
0.010118642441961005,2.5774200119374187,80.18358696698911
0.011543002264393283,4.197417981578658,64.89361256233327
0.010489637544357671,2.3762280809825524,77.456826257066
0.010288809054177481,0.225448779585955,57.419895607055665
0.011405792064581512,7.209934355931604,61.226734023956865
0.021553770736410637,0.4149333293784103,54.595090083006795
0.010798998266379416,5.682682604556084,57.606833429555145
0.022607306970055967,0.854191975946254,69.4447491658342
0.016633849677447805,7.445000335022728,54.96657810542035
0.010451027714433327,0.2102676428613467,69.97317105718587
0.012464355300177787,7.382671562125652,99.80110045605001
0.013045603725066073,0.14928611840333303,55.86555738992109
0.01453600434892623,7.092378665380864,61.07523336338086
0.011549149726756375,0.7446938286995672,53.816894041527604
0.011934009259858297,1.977293235705643,55.47045493376142
0.010886350202540286,3.0167993770682973,56.61111510601069
0.015483879975793587,3.539116840935344,66.86229645593012
0.011229320341636132,3.4510163092681982,55.17656825564602
0.015099476011590255,1.0835933774044308,92.5118390979994
0.013817992493978942,0.2250795169691299,65.55236110691888
0.01572860841388537,0.24469503386202884,54.42634016860545
0.014324503617271616,0.8375710903032145,62.45726350024692
0.013002910251495721,0.3456368956020358,88.34032889501154
0.01755323943262245,6.13184389361506,56.447391082508204
0.010039094475211365,1.8831052576206206,53.385844646922244
0.010243159358462758,1.9621472968682006,71.268769194264
0.018593433025739375,7.862349724316848,53.733157066746415
0.01248730738111413,0.9507065354445188,71.12243670930202
0.016283310664659226,0.1103195115408635,84.16734340657709
0.010538212622567373,7.9438339832792115,81.44498243778105
0.011993972750939927,0.15307590638860638,80.17167288910318
0.013988676050893656,2.599090272141198,57.510422057900044
0.010118642441961005,2.5774200119374187,80.18358696698911
0.011543002264393283,4.197417981578658,64.89361256233327
0.010489637544357671,2.3762280809825524,77.456826257066
0.010288809054177481,0.225448779585955,57.419895607055665
0.011405792064581512,7.209934355931604,61.226734023956865
0.022582458168083422,0.28377115200945147,54.70312052638969
0.010798998266379416,5.682682604556084,57.606833429555145
0.01757762208058661,1.383442221646669,62.8595026517319
0.016472136368824906,6.1587297680321935,54.87006939804864
0.010451027714433327,0.2102676428613467,69.97317105718587
0.012464355300177787,7.382671562125652,99.80110045605001
0.013045603725066073,0.14928611840333303,55.86555738992109
0.01453600434892623,7.092378665380864,61.07523336338086
0.011549149726756375,0.7446938286995672,53.816894041527604
0.011934009259858297,1.977293235705643,55.47045493376142
0.01100447480205273,3.343615116861865,59.84418433377166
0.015483879975793587,3.539116840935344,66.86229645593012
0.011229320341636132,3.4510163092681982,55.17656825564602
0.015099476011590255,1.0835933774044308,92.5118390979994
0.013814043378429485,0.2249236246991883,65.58401282105285
0.01572860841388537,0.24469503386202884,54.42634016860545
0.013416817960740908,0.6998959930444903,61.32428712856322
0.012902132767308712,0.44709873247037324,86.07129459576825
0.01815198039518524,5.941235108462808,55.52904078331837
0.010039094475211365,1.8831052576206206,53.385844646922244
0.010223085991504616,2.725819126159751,77.35848166924276
0.018593433025739375,7.862349724316848,53.733157066746415
0.01248730738111413,0.9507065354445188,71.12243670930202
0.016283310664659226,0.1103195115408635,84.16734340657709
0.010538212622567373,7.9438339832792115,81.44498243778105
0.011993972750939927,0.15307590638860638,80.17167288910318
0.013988676050893656,2.599090272141198,57.510422057900044
0.010118642441961005,2.5774200119374187,80.18358696698911
0.011543002264393283,4.197417981578658,64.89361256233327
0.010449215142685998,2.010979866162158,79.80431152922085
0.010288809054177481,0.225448779585955,57.419895607055665
0.011593889765146925,6.936143246840049,62.111420732147266
0.020956080557078878,0.5830646617389537,58.02801404596326
0.010834938585816287,5.496294770556869,57.40385870041885
0.01326726352221027,2.330521511266395,69.8840946433031
0.016472136368824906,6.1587297680321935,54.87006939804864
0.010619884651516653,0.9511026494606845,65.9779294709968
0.012464355300177787,7.382671562125652,99.80110045605001
0.013045603725066073,0.14928611840333303,55.86555738992109
0.01453600434892623,7.092378665380864,61.07523336338086
0.011525005244858364,1.8335779560484218,55.06486882438019
0.012073328764547663,0.5971621540109533,53.95221213729291
0.011285609045978192,3.8718706361551307,50.2265494469662
0.013963516803848532,3.1851065444842868,70.08751692827515
0.012025371466113103,6.181144797165633,53.27781033059761
0.015099476011590255,1.0835933774044308,92.5118390979994
0.013680756994331817,0.21823991210711158,65.72502465420163
0.014866588884579791,0.6331735937706697,58.01690838461863
0.013416817960740908,0.6998959930444903,61.32428712856322
0.012902132767308712,0.44709873247037324,86.07129459576825
0.01815198039518524,5.941235108462808,55.52904078331837
0.010039094475211365,1.8831052576206206,53.385844646922244
0.010223085991504616,2.725819126159751,77.35848166924276
0.015487391728859332,6.166278106213703,52.24274513165387
0.012787428760760434,1.042949001301118,73.020330219032
0.0154864978230256,0.39889166841066714,79.29392242483162
0.010538212622567373,7.9438339832792115,81.44498243778105
0.011993972750939927,0.15307590638860638,80.17167288910318
0.013988676050893656,2.599090272141198,57.510422057900044
0.010678388101482477,2.348208603013279,77.57030935898689
0.01151490319374631,4.16187866972609,63.29244045220537
0.010124542687404014,1.288616906643873,91.28584504972183
0.010303596107731273,0.2795417126882134,57.31318573970499
0.011761856474957177,7.482030008325272,63.05405692079626
0.020956080557078878,0.5830646617389537,58.02801404596326
0.010834938585816287,5.496294770556869,57.40385870041885
0.015038016614811113,3.555955513560686,77.39505073409073
0.0164571929123867,6.140879866941177,54.940075742435
0.01100298143887313,0.951021387727808,67.0333113961979
0.012464355300177787,7.382671562125652,99.80110045605001
0.013045603725066073,0.14928611840333303,55.86555738992109
0.01456225693948512,7.307899150754559,61.24621946433507
0.011525005244858364,1.8335779560484218,55.06486882438019
0.012073328764547663,0.5971621540109533,53.95221213729291
0.011285609045978192,3.8718706361551307,50.2265494469662
0.014257828402198762,4.158485378010976,74.64752129051527
0.012025371466113103,6.181144797165633,53.27781033059761
0.015099476011590255,1.0835933774044308,92.5118390979994
0.013672728158552387,0.22092618175925,65.92570129448849
0.014866588884579791,0.6331735937706697,58.01690838461863
0.013416817960740908,0.6998959930444903,61.32428712856322
0.012940463548866044,0.46592561285669454,84.22828036196539
0.01837014822149687,6.152355234363201,55.524266319258786
0.010039094475211365,1.8831052576206206,53.385844646922244
0.010223085991504616,2.725819126159751,77.35848166924276
0.015487391728859332,6.166278106213703,52.24274513165387
0.012849827401922653,1.1126233271953834,73.14162146972139
0.0154864978230256,0.39889166841066714,79.29392242483162
0.010381265976139352,6.038050646325901,72.62184586928453
0.013053880095609144,0.06550667988055972,87.47719318127845
0.013725132100290732,2.753635494262859,58.22514129522129
0.010678388101482477,2.348208603013279,77.57030935898689
0.011596395849633564,4.001951063425436,63.99817742846234
0.010124542687404014,1.288616906643873,91.28584504972183
0.010303596107731273,0.2795417126882134,57.31318573970499
0.011761856474957177,7.482030008325272,63.05405692079626
0.020956080557078878,0.5830646617389537,58.02801404596326
0.011170532361587902,5.1285349148948995,58.983150452395826
0.015418834782594867,3.9811770990699547,78.13528980012505
0.0164571929123867,6.140879866941177,54.940075742435
0.01031055898511576,0.29215904616270283,68.56857051585399
0.011494829469748589,5.368215419932318,90.09289692509356
0.012635778743261515,0.6032290104297506,55.64975934653551
0.01456225693948512,7.307899150754559,61.24621946433507
0.011321383333266245,2.5821076164753283,58.19056829578713
0.012073328764547663,0.5971621540109533,53.95221213729291
0.012370957619546008,3.2897940499720555,57.42662560272573
0.01662262551693892,1.0096083146526142,85.63169574862036
0.012025371466113103,6.181144797165633,53.27781033059761
0.01607938257109396,0.0546215554382643,96.64271387611626
0.013672728158552387,0.22092618175925,65.92570129448849
0.014866588884579791,0.6331735937706697,58.01690838461863
0.013001781886019585,1.178170998368509,65.17101642032073
0.012940463548866044,0.46592561285669454,84.22828036196539
0.018451379842287466,6.198535603648031,54.16894791934827
0.010039094475211365,1.8831052576206206,53.385844646922244
0.010166489897982483,4.445475633475498,91.44969773348353
0.013899492354490712,5.652744638255945,63.94314808704648
0.012849827401922653,1.1126233271953834,73.14162146972139
0.0154864978230256,0.39889166841066714,79.29392242483162
0.010381265976139352,6.038050646325901,72.62184586928453
0.013053880095609144,0.06550667988055972,87.47719318127845
0.014836430268456427,1.47959550435214,76.35973596303292
0.010678388101482477,2.348208603013279,77.57030935898689
0.011486876850929749,4.035921386268232,66.10073739978903
0.010124542687404014,1.288616906643873,91.28584504972183
0.010303596107731273,0.2795417126882134,57.31318573970499
0.011789759836797602,7.344280460944245,62.01885909447559
0.024248085318268782,0.6768642817390215,58.24892196644181
0.010634752023208306,6.5688801745509355,50.8770808300394
0.016532469611487025,5.107630581437031,86.18522825782172
0.0164571929123867,6.140879866941177,54.940075742435
0.010461927314319615,0.4022202514919462,68.32358352285036
0.011610723517751788,5.093282276787968,85.77180940200076
0.012379206403754912,0.989509660599176,56.145729806711685
0.01456225693948512,7.307899150754559,61.24621946433507
0.01117831791590746,2.812937158752225,62.310629150427644
0.012019366195105633,0.5279446733721396,53.56523435799167
0.012370957619546008,3.2897940499720555,57.42662560272573
0.017068322967603966,1.2491895287775718,88.11797385665236
0.012025371466113103,6.181144797165633,53.27781033059761
0.01607938257109396,0.0546215554382643,96.64271387611626
0.013672728158552387,0.22092618175925,65.92570129448849
0.01381485708096696,0.9054872976793775,57.00797153157096
0.013158281768634794,1.2797408109842952,66.36086667801244
0.012940463548866044,0.46592561285669454,84.22828036196539
0.01807557987823543,4.8537144968204196,63.39347292650682
0.010039094475211365,1.8831052576206206,53.385844646922244
0.010166489897982483,4.445475633475498,91.44969773348353
0.013899492354490712,5.652744638255945,63.94314808704648
0.012879984549959813,1.110675837305339,72.94084316806125
0.014477785458327529,2.294048852599576,74.58015313764102
0.010381265976139352,6.038050646325901,72.62184586928453
0.013053880095609144,0.06550667988055972,87.47719318127845
0.013654259908297049,1.6016350249939226,70.13173031972897
0.010678388101482477,2.348208603013279,77.57030935898689
0.011486876850929749,4.035921386268232,66.10073739978903
0.01081772661306103,1.0918281206898657,80.13046650817802
0.010303596107731273,0.2795417126882134,57.31318573970499
0.011789759836797602,7.344280460944245,62.01885909447559
0.023496123136549238,0.6357968020064055,60.21230875035654
0.010634752023208306,6.5688801745509355,50.8770808300394
0.016532469611487025,5.107630581437031,86.18522825782172
0.0164571929123867,6.140879866941177,54.940075742435
0.010477453856727968,0.5418042891464172,68.98684305689783
0.011610723517751788,5.093282276787968,85.77180940200076
0.012379206403754912,0.989509660599176,56.145729806711685
0.016188223764208143,6.194742661814703,60.74306102451851
0.01117831791590746,2.812937158752225,62.310629150427644
0.012538996409962103,0.6031748483128272,52.43014708955023
0.012370957619546008,3.2897940499720555,57.42662560272573
0.01854824114609159,0.6522839438364878,95.85183870417089
0.012025371466113103,6.181144797165633,53.27781033059761
0.015180366781840857,0.3924149431233914,80.90773569809343
0.012214638389783889,0.36735150904207103,67.32258277097723
0.013780901786943427,0.9017871264215529,57.129846557566765
0.01389820059134924,1.8175260627820644,65.91435510962543
0.012940463548866044,0.46592561285669454,84.22828036196539
0.01807557987823543,4.8537144968204196,63.39347292650682
0.010039094475211365,1.8831052576206206,53.385844646922244
0.013580446829631698,3.4697489033190694,83.44924500256985
0.0145118783850605,6.567808417974205,65.07223970874566
0.013221841294951305,0.39937739286178164,74.55045572289305
0.01456260446394845,2.4267983569019203,73.81190396842226
0.010381265976139352,6.038050646325901,72.62184586928453
0.01309913500527916,0.04923012881874955,88.56400174574992
0.013654259908297049,1.6016350249939226,70.13173031972897
0.010812871814482001,2.436471233513825,77.04366103941433
0.011425213924080078,4.137604802056893,66.09114048375471
0.010217743783509828,1.262157939732801,89.78596389399289
0.010269403896146924,0.19110693630792852,57.263923263985426
0.011789759836797602,7.344280460944245,62.01885909447559
0.018939127234980237,1.7229046354377846,59.07126085606482
0.012264247328145201,5.350572342260166,60.13799667367791
0.016532469611487025,5.107630581437031,86.18522825782172
0.016414767386276716,6.057710425995483,55.3626726614676
0.010056529162903316,0.44271135158363406,71.8290328421316
0.011610723517751788,5.093282276787968,85.77180940200076
0.012379206403754912,0.989509660599176,56.145729806711685
0.016188223764208143,6.194742661814703,60.74306102451851
0.01117831791590746,2.812937158752225,62.310629150427644
0.012538996409962103,0.6031748483128272,52.43014708955023
0.012370957619546008,3.2897940499720555,57.42662560272573
0.016698174488413917,1.442205514649999,84.34367249038905
0.012025371466113103,6.181144797165633,53.27781033059761
0.015180366781840857,0.3924149431233914,80.90773569809343
0.012214638389783889,0.36735150904207103,67.32258277097723
0.011794550869042644,0.5855877795396605,56.38223866165461
0.013500289719826487,2.579565094415604,64.88415294516582
0.012940463548866044,0.46592561285669454,84.22828036196539
0.016960643255130164,3.1356833559506083,70.13815538703054
0.010039094475211365,1.8831052576206206,53.385844646922244
0.013316148144558448,4.844021616383259,98.03427561419505
0.01464486543285359,7.59721836742048,64.88974908873018
0.013271913048267813,0.38753499913449546,72.82826676264307
0.013857183237840541,1.4667753029460813,69.38093791870793
0.010381265976139352,6.038050646325901,72.62184586928453
0.012891628767691378,1.2053299876455625,84.3571992873035
0.012678805309679655,1.2874154497458279,70.59192083088446
0.010812871814482001,2.436471233513825,77.04366103941433
0.011382607060327204,4.112321216903963,66.27190051278345
0.01121379500680366,1.538912367193871,86.88361842958689
0.010269403896146924,0.19110693630792852,57.263923263985426
0.011789759836797602,7.344280460944245,62.01885909447559
0.020896463352369492,2.0344852309757053,59.80794837845925
0.012388308416824931,4.709120268646257,62.00520284056858
0.016568266380224208,5.099104399206906,86.44658915818013
0.015825553210716978,5.0135365435438715,58.90353563605145
0.010056529162903316,0.44271135158363406,71.8290328421316
0.011610723517751788,5.093282276787968,85.77180940200076
0.012379206403754912,0.989509660599176,56.145729806711685
0.016188223764208143,6.194742661814703,60.74306102451851
0.01117831791590746,2.812937158752225,62.310629150427644
0.012579303897658808,0.6324802631782578,50.57948630529307
0.012181753552623431,3.1756573172680262,57.09876236931137
0.01677610142324655,1.9449988147084918,80.12605673584838
0.012025371466113103,6.181144797165633,53.27781033059761
0.013305182183746607,0.9361168424896259,70.86963167799775
0.012214638389783889,0.36735150904207103,67.32258277097723
0.012569556937197676,0.7860439012831549,55.93420910834024
0.013500289719826487,2.579565094415604,64.88415294516582
0.012940463548866044,0.46592561285669454,84.22828036196539
0.016471958387695766,2.8506347898400004,69.84824255093665
0.010039094475211365,1.8831052576206206,53.385844646922244
0.013192407569192243,4.7322182921742,96.34836409288957
0.015049217296089351,7.072045995532383,69.42159069953595
0.013271913048267813,0.38753499913449546,72.82826676264307
0.013753851597652975,2.111791504700895,74.85340434036235
0.01030216267631571,6.136792515976966,73.58247553211669
0.012533531228114767,1.4384427154319712,96.03613745649172
0.012678805309679655,1.2874154497458279,70.59192083088446
0.010826780602555644,2.4280982349027926,77.00920575366526
0.011487899478381301,3.8061443665677883,64.89118972165492
0.01121379500680366,1.538912367193871,86.88361842958689
0.010269403896146924,0.19110693630792852,57.263923263985426
0.011789759836797602,7.344280460944245,62.01885909447559
0.019518152426549588,1.7367615084884662,62.16166713836042
0.01275323733780803,4.801773838940697,63.98401578153654
0.016568266380224208,5.099104399206906,86.44658915818013
0.015390737106809042,5.021763383430274,61.67535774244429
0.010056529162903316,0.44271135158363406,71.8290328421316
0.011610723517751788,5.093282276787968,85.77180940200076
0.012379206403754912,0.989509660599176,56.145729806711685
0.013787755645943848,3.759876172547441,59.33204337921471
0.010704540625904039,2.9419150440847055,60.003347331235126
0.012579303897658808,0.6324802631782578,50.57948630529307
0.012424894529834632,2.954721470702319,54.36813287294997
0.01706990135754486,1.9211415405438497,80.27997861052661
0.011605175854033721,4.51028695129512,57.75869684819638
0.013334567022037756,1.4206496842500078,69.13967463506947
0.012214638389783889,0.36735150904207103,67.32258277097723
0.013286638712889678,0.24906735907197897,56.90178793939335
0.013256846297418409,3.0286720523242625,55.31272722732227
0.011699311233728185,1.0875625081299833,70.8666880346998
0.015170753304084258,2.4969376348433436,72.24430071486046
0.010076972158433528,1.9001185607162365,53.40143975187927
0.013250769307919099,4.78281244755738,97.27280848017995
0.01619408701333476,7.730888734596367,63.977674999958445
0.013271913048267813,0.38753499913449546,72.82826676264307
0.013753851597652975,2.111791504700895,74.85340434036235
0.01030216267631571,6.136792515976966,73.58247553211669
0.012533531228114767,1.4384427154319712,96.03613745649172
0.012238552053670472,1.0737287751441975,70.29999434376758
0.010826780602555644,2.4280982349027926,77.00920575366526
0.01116818358577352,4.434568188907587,67.23466273856768
0.01121379500680366,1.538912367193871,86.88361842958689
0.010269403896146924,0.19110693630792852,57.263923263985426
0.01185275694016163,7.6658920064872,61.03820615371415
0.014848228026589774,1.098063873409215,66.93313876911499
0.013261054785126077,3.1865813478412592,65.64527740299508
0.016568266380224208,5.099104399206906,86.44658915818013
0.015390737106809042,5.021763383430274,61.67535774244429
0.010056529162903316,0.44271135158363406,71.8290328421316
0.011634785316815718,5.308748115609288,85.70441155911126
0.012379206403754912,0.989509660599176,56.145729806711685
0.013258742265899796,3.223282105064205,59.021084359111704
0.010461410275972388,2.3646997017688918,53.08962687057744
0.012595366923822527,0.6038193717292955,50.13265054911983
0.012424894529834632,2.954721470702319,54.36813287294997
0.01667599364079077,1.9508070917454703,83.19509740442619
0.012178161635369254,2.774809607740809,69.11706931726013
0.012960172759996263,0.8035043207363515,64.03768009263051
0.012548895295616576,0.39763627200747254,69.05099978940333
0.013286638712889678,0.24906735907197897,56.90178793939335
0.013256846297418409,3.0286720523242625,55.31272722732227
0.011417373450275011,1.0947953656412395,71.16297933389231
0.015170753304084258,2.4969376348433436,72.24430071486046
0.010076972158433528,1.9001185607162365,53.40143975187927
0.013250769307919099,4.78281244755738,97.27280848017995
0.01643644118581272,7.796459140429041,63.5825980519804
0.013425455311145845,0.3384492224321463,77.97904088568298
0.013268121085298448,2.138550998329742,73.4668136866236
0.010195076966052083,6.068487532376502,76.78742561816144
0.012533531228114767,1.4384427154319712,96.03613745649172
0.012280726109920375,1.499445409274564,66.69420764570958
0.010826780602555644,2.4280982349027926,77.00920575366526
0.010571367344994668,6.308505627222308,65.525494596731
0.011008261595508967,1.2455815163995845,80.43730935255473
0.010269403896146924,0.19110693630792852,57.263923263985426
0.011897794870420843,6.988937336775845,62.15636849461506
0.0153214274032646,1.2018768381022544,70.4619761855759
0.013552180060074892,3.8861151775078735,53.48409388702596
0.016568266380224208,5.099104399206906,86.44658915818013
0.017258741462556647,6.625317131359604,58.11960785182903
0.010056529162903316,0.44271135158363406,71.8290328421316
0.011634785316815718,5.308748115609288,85.70441155911126
0.011882358347696012,1.3949253752857564,55.73176392770459
0.01310415052064534,2.8428115635720683,66.91150709245478
0.010461410275972388,2.3646997017688918,53.08962687057744
0.012595366923822527,0.6038193717292955,50.13265054911983
0.012424894529834632,2.954721470702319,54.36813287294997
0.01752928705374532,2.0563474935130386,80.55001006256306
0.011416932909466888,2.1978839346913066,70.76483076659159
0.013059903591223884,1.2358668437453952,67.09135908296903
0.012575233367542942,0.5695764513358652,68.01141598970895
0.013286638712889678,0.24906735907197897,56.90178793939335
0.01290324079182049,2.710874246747657,55.06471262388439
0.011417373450275011,1.0947953656412395,71.16297933389231
0.01611067599394306,1.326483314872581,68.9242127877287
0.01082195337559713,2.5620981911767244,63.544554120117844
0.013211389655662297,4.685317017697905,96.07735482158454
0.014975014643338523,7.425699143677705,64.06671822793096
0.012838381097950217,0.5595713417940859,75.98632632031403
0.013823816299357026,3.406239953081351,92.74084203469951
0.010379151598138198,5.833085242804477,76.58852173137035
0.012533531228114767,1.4384427154319712,96.03613745649172
0.012223300803272287,1.484378690599433,65.11395504543944
0.01149303352751889,2.738046868144047,78.10433766563715
0.010571367344994668,6.308505627222308,65.525494596731
0.010692290610053336,1.1915962726082738,89.36794033199388
0.010269403896146924,0.19110693630792852,57.263923263985426
0.011965378720877407,7.698717435041888,59.493502629478996
0.015773791191513904,0.4372338500204016,71.55939424161792
0.01359565404803262,3.922034558806894,53.450000749841784
0.016568266380224208,5.099104399206906,86.44658915818013
0.015866792822411997,5.6009746271994905,60.99224887308155
0.010056529162903316,0.44271135158363406,71.8290328421316
0.012537273415642414,5.776322147250329,81.54653895029817
0.011960454326697909,1.4921848492268772,56.81605297441999
0.012751583878446193,2.4774448460372573,67.80014099606684
0.010461410275972388,2.3646997017688918,53.08962687057744
0.012595366923822527,0.6038193717292955,50.13265054911983
0.012424894529834632,2.954721470702319,54.36813287294997
0.01752928705374532,2.0563474935130386,80.55001006256306
0.011249716693805131,2.203243427157827,70.52076300267153
0.013488408132379176,0.5010249166441909,65.573286044722
0.012575233367542942,0.5695764513358652,68.01141598970895
0.013286638712889678,0.24906735907197897,56.90178793939335
0.012847910272254433,2.7612827074274784,52.3306377207997
0.012825037213347292,0.9343970181969752,71.77503739186838
0.01611067599394306,1.326483314872581,68.9242127877287
0.010279143253330082,0.9399637831407919,59.76398351818707
0.012925338186611929,4.361158667868732,93.08542091654412
0.014975014643338523,7.425699143677705,64.06671822793096
0.012641053779219499,0.9827154031576519,76.03464617245666
0.011979642143833673,2.2686944454718097,96.9703591114094
0.010379151598138198,5.833085242804477,76.58852173137035
0.012533531228114767,1.4384427154319712,96.03613745649172
0.012223300803272287,1.484378690599433,65.11395504543944
0.01149303352751889,2.738046868144047,78.10433766563715
0.010571367344994668,6.308505627222308,65.525494596731
0.011304606914444515,1.7674428438308363,81.79288454028907
0.010082600500517519,0.04558012981716919,56.52707560238693
0.011965378720877407,7.698717435041888,59.493502629478996
0.017994560947804664,0.34534792434864,74.02276780915744
0.01359565404803262,3.922034558806894,53.450000749841784
0.016568266380224208,5.099104399206906,86.44658915818013
0.01612741813329846,5.067692466288823,60.09372438546622
0.010056529162903316,0.44271135158363406,71.8290328421316
0.012122271571242738,6.447970616956991,72.6010262490494
0.011960454326697909,1.4921848492268772,56.81605297441999
0.01318009765879429,2.45864584545592,68.74518079364476
0.010506861152640882,2.3306644558300844,53.150955030918425
0.012595366923822527,0.6038193717292955,50.13265054911983
0.013580178059042151,3.8429443134305723,56.59153736082096
0.019379925024632184,0.9295789816162832,73.89503632213706
0.011190963065802561,2.5916879279209946,70.29570473352567
0.013803152241736352,0.14816411545815233,63.59667740585947
0.012575233367542942,0.5695764513358652,68.01141598970895
0.012670317745266984,0.617948415428291,60.308791070013854
0.012553907376507717,3.127101711946518,55.21949365417635
0.012960689169236459,0.8987716182451035,68.63440538253153
0.017828877192732823,1.5597842112819442,69.08229199844868
0.010279143253330082,0.9399637831407919,59.76398351818707
0.012545757347232475,3.232517661960731,78.81721963430842
0.014792726640303353,7.69189079438992,61.506179999343
0.012641053779219499,0.9827154031576519,76.03464617245666
0.011784028151937305,2.5619099281397033,97.30029308631643
0.010695320384125954,5.188143760163072,79.44258188335706
0.012533531228114767,1.4384427154319712,96.03613745649172
0.012171006274903204,1.5101623614333743,64.74947998602877
0.010960214238972251,2.8602225786900655,78.38870787003809
0.01260106000191597,6.82343321408023,64.85312746938243
0.011273427056088211,1.8663785058649573,81.48468476149671
0.010374097560655396,0.27013489388377443,56.571933222942704
0.012401753416503153,6.687815280577086,57.87584256353037
0.017994560947804664,0.34534792434864,74.02276780915744
0.013532319748090124,3.889404235300315,53.44386895276109
0.016568266380224208,5.099104399206906,86.44658915818013
0.016347462890345714,4.617444778771078,59.33510427329892
0.01055277761677105,1.8853407004732725,72.01448700768121
0.012122271571242738,6.447970616956991,72.6010262490494
0.011960454326697909,1.4921848492268772,56.81605297441999
0.013490258105901091,0.12065558576004332,70.8299519391428
0.010506861152640882,2.3306644558300844,53.150955030918425
0.012595366923822527,0.6038193717292955,50.13265054911983
0.01442035617975758,4.196146129020745,64.98605539937888
0.019379925024632184,0.9295789816162832,73.89503632213706
0.011556442093321143,2.0578042383934982,69.69260024763722
0.013791498417853664,0.15571682579376667,63.6815489472965
0.012575233367542942,0.5695764513358652,68.01141598970895
0.012665071347836171,0.728072255702874,61.08835322299606
0.012553907376507717,3.127101711946518,55.21949365417635
0.01287256743278379,0.9709985904338168,69.013919833973
0.016060465095602258,1.0838360120538788,75.9866303722973
0.010239740998237505,0.8038332840801199,57.999959959758215
0.012457522717849456,1.3187138337907154,95.49472484234232
0.014792726640303353,7.69189079438992,61.506179999343
0.0135505055314724,0.4083086637501381,85.78616192014707
0.012222042426759241,1.9428035669812658,86.62936252084145
0.010253042043047974,7.7294478090071355,77.88027873575884
0.012060017635882601,1.3337417710864026,88.41750299719234
0.012171006274903204,1.5101623614333743,64.74947998602877
0.011497712899053322,2.0978667635843853,74.93501473274165
0.01260106000191597,6.82343321408023,64.85312746938243
0.011200873685791556,1.4780099873943904,82.25136193214344
0.010374097560655396,0.27013489388377443,56.571933222942704
0.012651040870635913,5.516110980611937,58.917249269397225
0.01710489520397533,0.19383904688736242,73.2346810811089
0.013749149309112427,4.6798008796540636,51.53259397309947
0.015359920006223576,2.947925571677478,76.54008844743439
0.016919634612214986,4.6628327113821575,57.9894103884807
0.01055277761677105,1.8853407004732725,72.01448700768121
0.012125172000117748,6.425655637650987,72.48422894350806
0.011960454326697909,1.4921848492268772,56.81605297441999
0.013552455373589121,0.07487242594880272,71.56421096249213
0.010506861152640882,2.3306644558300844,53.150955030918425
0.01258818634534142,1.040838780946316,51.013665381712876
0.01410558911600344,4.439606532134271,64.6077797889827
0.02141157426992962,0.9272606891102083,77.04963814490944
0.010859759481723798,1.3109502185027457,79.80138485339981
0.013791498417853664,0.15571682579376667,63.6815489472965
0.012575233367542942,0.5695764513358652,68.01141598970895
0.012820258211273432,0.48241613248588444,59.938385718455734
0.011847639842157111,2.201432465188997,55.657689753966515
0.01159136102536032,1.2062596194967181,67.73621483417504
0.016060465095602258,1.0838360120538788,75.9866303722973
0.010239740998237505,0.8038332840801199,57.999959959758215
0.012428022813171105,1.352225669220935,96.13946575372067
0.017112510321453535,7.6726991197801,53.13899804462217
0.015549120012617212,0.5402481070258396,83.56496992793932
0.012222042426759241,1.9428035669812658,86.62936252084145
0.010243792519234478,7.729524330733177,77.91364066056713
0.012060017635882601,1.3337417710864026,88.41750299719234
0.013610990807800306,2.462803395251533,61.92774253367339
0.011497712899053322,2.0978667635843853,74.93501473274165
0.012157483563604993,7.768825390941926,62.03767174532189
0.011433057669048154,1.583690488932567,83.24679155567497
0.011132767047295895,0.22352602067712807,60.15056858298639
0.013045752934997669,7.121454646835663,55.63234004032399
0.01710489520397533,0.19383904688736242,73.2346810811089
0.013749149309112427,4.6798008796540636,51.53259397309947
0.015359920006223576,2.947925571677478,76.54008844743439
0.01575004824799459,3.877925464044421,57.73612911433192
0.01055277761677105,1.8853407004732725,72.01448700768121
0.012125172000117748,6.425655637650987,72.48422894350806
0.011960454326697909,1.4921848492268772,56.81605297441999
0.013552455373589121,0.07487242594880272,71.56421096249213
0.010506861152640882,2.3306644558300844,53.150955030918425
0.01258818634534142,1.040838780946316,51.013665381712876
0.01469531549902513,4.785200529603045,66.48521867690954
0.025391390722811304,1.1899900809396473,72.62660582977585
0.010859759481723798,1.3109502185027457,79.80138485339981
0.013791498417853664,0.15571682579376667,63.6815489472965
0.012575233367542942,0.5695764513358652,68.01141598970895
0.013442704714159115,0.5779101108645404,59.860120134126355
0.011847639842157111,2.201432465188997,55.657689753966515
0.011706234386861313,2.3294466537886596,68.75796291914291
0.01447601541353298,0.807212347422801,70.8947106115224
0.010239740998237505,0.8038332840801199,57.999959959758215
0.011808626664184448,1.3898884681234651,98.49027014257169
0.015930403299967883,5.939938885667864,52.58369504751522
0.01403238705406029,2.595580640270442,81.94931898647116
0.012223712022477984,1.761680452061463,87.38201140197937
0.010243792519234478,7.729524330733177,77.91364066056713
0.012060017635882601,1.3337417710864026,88.41750299719234
0.011197599646224101,1.8713827032098012,52.57570088200603
0.011497712899053322,2.0978667635843853,74.93501473274165
0.012171375214081846,7.439345802575421,63.788730801477726
0.011433057669048154,1.583690488932567,83.24679155567497
0.011132767047295895,0.22352602067712807,60.15056858298639
0.013045752934997669,7.121454646835663,55.63234004032399
0.017271859028475993,1.238475555644833,74.5985852444776
0.013499898483858156,4.0520026560591695,59.94836614744323
0.017624751878243496,3.4464074573552965,77.48131764750205
0.018443123168741887,5.380339064355404,57.607185989941094
0.01055277761677105,1.8853407004732725,72.01448700768121
0.012116187130405352,6.228529219829483,74.1751917832627
0.011960454326697909,1.4921848492268772,56.81605297441999
0.013552455373589121,0.07487242594880272,71.56421096249213
0.010506861152640882,2.3306644558300844,53.150955030918425
0.011800644107725541,1.3675942487988606,59.13932281008783
0.015398422708199133,4.463870779154337,69.12444187829456
0.02004504333295689,0.8890676199781745,67.2304625298946
0.010859759481723798,1.3109502185027457,79.80138485339981
0.012211336411808688,1.202033156220688,58.61552702031484
0.01127581123799316,0.407122611453386,66.0403236987752
0.013442704714159115,0.5779101108645404,59.860120134126355
0.011847639842157111,2.201432465188997,55.657689753966515
0.011706234386861313,2.3294466537886596,68.75796291914291
0.014452481717403423,0.658343190131025,71.27874928629497
0.010239740998237505,0.8038332840801199,57.999959959758215
0.011173375874670733,1.8489793594142763,76.36505982989632
0.015147991131054426,5.057987841303383,59.92895909439594
0.014662663973455522,2.8349025114111637,81.18010502130925
0.01259282097410553,1.7310018847870743,91.25358666233046
0.010243792519234478,7.729524330733177,77.91364066056713
0.012327799026630028,1.654361807712558,96.58073212076661
0.011197599646224101,1.8713827032098012,52.57570088200603
0.011500343674030111,2.1179115320026543,75.0404665373232
0.012171375214081846,7.439345802575421,63.788730801477726
0.01169236425815607,1.7070527300859897,84.80517195842175
0.011015282894794781,0.07273562671354511,55.313232058904966
0.012985418658673312,7.960508115848219,53.73529390560607
0.015201252516635635,1.4126515934345825,83.80486034010362
0.01471616459047893,5.220051058112613,53.974664614166144
0.01948189634423771,4.074709757616336,70.78494467866419
0.018443123168741887,5.380339064355404,57.607185989941094
0.01055277761677105,1.8853407004732725,72.01448700768121
0.012116187130405352,6.228529219829483,74.1751917832627
0.011960454326697909,1.4921848492268772,56.81605297441999
0.013552455373589121,0.07487242594880272,71.56421096249213
0.010506861152640882,2.3306644558300844,53.150955030918425
0.01183328759805756,1.3980015397268717,61.318499958369294
0.016280293286940424,4.973673008861185,69.21197452389008
0.016169460899455795,1.308404468723034,71.22090570187437
0.010859759481723798,1.3109502185027457,79.80138485339981
0.012211336411808688,1.202033156220688,58.61552702031484
0.01127581123799316,0.407122611453386,66.0403236987752
0.0127827041679666,0.4405563832172004,58.623850199835246
0.012017708083770551,3.062263986226939,55.37034174144445
0.012138027260404922,2.2140911429919985,66.908409953328
0.014452481717403423,0.658343190131025,71.27874928629497
0.010239740998237505,0.8038332840801199,57.999959959758215
0.010754845099239897,4.496605344118967,77.0622848093322
0.015108791932266887,5.102997155104177,59.83130327799707
0.012707039041929602,1.936851688261143,70.93084907614502
0.012944841228329593,2.18935352881662,86.93806061802759
0.010229983980005266,7.127876490846602,77.62338785331974
0.012327799026630028,1.654361807712558,96.58073212076661
0.011197599646224101,1.8713827032098012,52.57570088200603
0.011892132367803255,0.8678147872871289,73.97792186369993
0.012550177505008312,4.868180342150833,75.126034582627
0.01169236425815607,1.7070527300859897,84.80517195842175
0.010671045742273797,1.1134740447747344,63.16304861804912
0.012985418658673312,7.960508115848219,53.73529390560607
0.015188451336886778,2.2887948639254954,78.06637456514602
0.015241500313638242,6.819199518251612,51.797255804735414
0.019517620471934987,4.246838773140332,70.87709550358863
0.018443123168741887,5.380339064355404,57.607185989941094
0.01012952190889552,2.7506728583402804,75.51169467003177
0.012521060164630771,5.9039649205715,73.3668167050497
0.013247614150796205,0.7497093875864307,60.061504940250025
0.013552455373589121,0.07487242594880272,71.56421096249213
0.010487102532561807,2.158088756022255,51.24577170289808
0.0103150089211645,2.5665196732199886,52.270026174384796
0.016127793699314025,4.997694402366745,67.72636564590874
0.018812660381333578,0.8501404014630771,69.05864231592167
0.010859759481723798,1.3109502185027457,79.80138485339981
0.01240259313219184,1.0597593128652554,57.06327267334646
0.01127581123799316,0.407122611453386,66.0403236987752
0.0127827041679666,0.4405563832172004,58.623850199835246
0.012017708083770551,3.062263986226939,55.37034174144445
0.011742923196509006,2.7355313183096293,69.34647047765743
0.014240850086667188,0.11018023105317187,71.72749957933488
0.010239740998237505,0.8038332840801199,57.999959959758215
0.010754845099239897,4.496605344118967,77.0622848093322
0.014716989609058208,4.7792713044255315,59.10447583840219
0.012707039041929602,1.936851688261143,70.93084907614502
0.01270369993028175,2.07525400803037,84.41666531667497
0.010229983980005266,7.127876490846602,77.62338785331974
0.012327799026630028,1.654361807712558,96.58073212076661
0.011197599646224101,1.8713827032098012,52.57570088200603
0.011631414551183956,0.992329234435458,74.3569429541264
0.013846067811980407,4.915093148370107,72.44571374073283
0.01169236425815607,1.7070527300859897,84.80517195842175
0.010671699605790957,1.1134928035216398,63.1604608881781
0.012592523959495474,6.060395118569636,63.17587922527247
0.014401020814812544,3.4328458044237724,73.54959546664772
0.015241500313638242,6.819199518251612,51.797255804735414
0.015542344570047424,4.360146599539981,73.68303688060385
0.016128952722636876,4.443082014067311,55.75683923850616
0.01012952190889552,2.7506728583402804,75.51169467003177
0.012521079508136256,5.904062885329554,73.36654970977935
0.013247614150796205,0.7497093875864307,60.061504940250025
0.013552455373589121,0.07487242594880272,71.56421096249213
0.010487102532561807,2.158088756022255,51.24577170289808
0.010244070588335902,2.7348780922595672,52.692231879811935
0.0201343758684365,5.371354125426486,60.76461521114278
0.022973671667372596,0.3341117364167392,51.39909340200749
0.010347719286076822,0.5365263427973099,90.60469345690225
0.01259040134908143,1.1685386035158505,55.56700799719845
0.01127191941671753,0.4116732050778471,66.02177098308535
0.0127827041679666,0.4405563832172004,58.623850199835246
0.012111734835561796,3.566101676253862,50.74886017629813
0.011786835901155764,3.628811081521996,55.91989518826979
0.014240850086667188,0.11018023105317187,71.72749957933488
0.010318842181075058,0.860538796683434,58.944961912107985
0.010754845099239897,4.496605344118967,77.0622848093322
0.014716989609058208,4.7792713044255315,59.10447583840219
0.012524552482011493,2.1761315203928353,71.5040014611825
0.013061867567226737,2.493683458205584,89.02613585070364
0.010229983980005266,7.127876490846602,77.62338785331974
0.012327799026630028,1.654361807712558,96.58073212076661
0.01124840731763653,1.5953741406496658,51.260494138554975
0.011507333416945603,0.8620979490386864,73.08449983816594
0.013181420790481683,3.925070865556914,76.25992348985918
0.011751697923730956,1.671472888878829,82.87339490819843
0.010671699605790957,1.1134928035216398,63.1604608881781
0.012592523959495474,6.060395118569636,63.17587922527247
0.014401020814812544,3.4328458044237724,73.54959546664772
0.015241500313638242,6.819199518251612,51.797255804735414
0.01641083192580685,6.230454977690091,74.60779868252257
0.01482680776523856,3.489383152746907,61.53102358014915
0.010896224521429264,3.156915050841748,66.44818352063369
0.011958032028733053,6.204820822912296,74.41268766322517
0.013247614150796205,0.7497093875864307,60.061504940250025
0.013552455373589121,0.07487242594880272,71.56421096249213
0.011000476645384177,2.4762171696173065,52.19956909524824
0.010244070588335902,2.7348780922595672,52.692231879811935
0.01873750309195472,4.742812008849757,61.118288052737654
0.02019675900992967,2.8290119357340595,61.219316048637104
0.01056157043398719,0.6124586721025422,87.89797622390702
0.01259040134908143,1.1685386035158505,55.56700799719845
0.01127191941671753,0.4116732050778471,66.02177098308535
0.0127827041679666,0.4405563832172004,58.623850199835246
0.012111734835561796,3.566101676253862,50.74886017629813
0.011786835901155764,3.628811081521996,55.91989518826979
0.014240850086667188,0.11018023105317187,71.72749957933488
0.010318842181075058,0.860538796683434,58.944961912107985
0.01050533280181564,5.963275271343485,90.10595757836855
0.014014689518064432,4.149854364194324,61.107975694974414
0.012524552482011493,2.1761315203928353,71.5040014611825
0.013061867567226737,2.493683458205584,89.02613585070364
0.010229983980005266,7.127876490846602,77.62338785331974
0.012327799026630028,1.654361807712558,96.58073212076661
0.01124840731763653,1.5953741406496658,51.260494138554975
0.011507333416945603,0.8620979490386864,73.08449983816594
0.01320248304433406,3.951593467324301,76.22810165570034
0.011034219484952935,1.221211841726695,79.50401523469628
0.010671699605790957,1.1134928035216398,63.1604608881781
0.013104546816350654,6.496105690831315,59.30678260976745
0.014350066733740965,3.389135566440806,74.11563736864478
0.015241500313638242,6.819199518251612,51.797255804735414
0.01641083192580685,6.230454977690091,74.60779868252257
0.013116302774559973,3.3447002107316472,63.67086545512044
0.010953756777988826,2.901823168896011,63.96713659986799
0.012813743038520115,6.364935241010184,68.51883629838473
0.013247614150796205,0.7497093875864307,60.061504940250025
0.013365116790567006,0.5288410642060501,68.85756646172503
0.011000476645384177,2.4762171696173065,52.19956909524824
0.010244070588335902,2.7348780922595672,52.692231879811935
0.02135214148951478,4.82345449659354,55.895994154087546
0.016344202190034064,2.1529830683756295,68.90745123833723
0.010733020793080405,0.5639969423626532,82.6179190473353
0.01259040134908143,1.1685386035158505,55.56700799719845
0.011291522654421075,0.44918067411056256,66.6098938323963
0.013647713707668829,0.43555357582711435,53.99127940688151
0.012111734835561796,3.566101676253862,50.74886017629813
0.011635450878752068,3.057088282486268,54.60985416539442
0.013348726730139924,1.3893304426671453,65.98086079816045
0.010318842181075058,0.860538796683434,58.944961912107985
0.0101057528243614,6.9322730911998605,95.62970304364481
0.014456224977377308,5.074075074872429,62.825699517129195
0.012524552482011493,2.1761315203928353,71.5040014611825
0.012686634819093007,2.9172100052826293,73.90941913975409
0.010435112647704407,7.049786147791434,76.54620049595505
0.012327799026630028,1.654361807712558,96.58073212076661
0.01124840731763653,1.5953741406496658,51.260494138554975
0.011507333416945603,0.8620979490386864,73.08449983816594
0.014561534737630383,4.586038007330453,83.63820112843794
0.011034219484952935,1.221211841726695,79.50401523469628
0.010671699605790957,1.1134928035216398,63.1604608881781
0.013292738341556837,7.669170072964346,50.27599874174236
0.01472097904233756,3.2073426737473656,73.43286450181833
0.01543152215345754,7.232656816733769,50.355109933531345
0.01641083192580685,6.230454977690091,74.60779868252257
0.013080676305294832,3.0938137374135892,58.479770199468405
0.010953756777988826,2.901823168896011,63.96713659986799
0.012170962732822298,6.388966135846485,67.43077169244978
0.014013840058419132,0.42559572800249335,63.43462390807089
0.013991224196031053,0.011852057441233965,79.59869363151036
0.011140432317203052,2.428357871209577,52.10841309464344
0.010244070588335902,2.7348780922595672,52.692231879811935
0.018825543844181468,3.9458147341154652,57.61449838310508
0.013377879718874799,4.425489353174521,81.61362409696923
0.010748913668502566,0.6367245267085282,81.4277618019259
0.01259040134908143,1.1685386035158505,55.56700799719845
0.011343354927436052,0.6461505607617428,65.60757583997238
0.013647713707668829,0.43555357582711435,53.99127940688151
0.012111734835561796,3.566101676253862,50.74886017629813
0.011635450878752068,3.057088282486268,54.60985416539442
0.013348726730139924,1.3893304426671453,65.98086079816045
0.010279598698025031,0.8597518496703098,58.5350030253776
0.0101057528243614,6.9322730911998605,95.62970304364481
0.013375475254913947,5.605084660943529,66.51334273850883
0.012202973102628467,2.375358592012642,61.03630609786032
0.013726823001670095,2.9264462036745305,79.87743567670684
0.010435112647704407,7.049786147791434,76.54620049595505
0.012282930005327675,2.051363719329883,87.06304560160757
0.011193244868518396,1.9653245853493821,52.97552012104737
0.011587711864427119,0.8859833579137623,72.20026858633564
0.014561534737630383,4.586038007330453,83.63820112843794
0.011731069212207484,1.5725438055785563,99.53060906538775
0.010640024086324697,1.0997670189950794,62.072980815500785
0.013292738341556837,7.669170072964346,50.27599874174236
0.014794050905513424,3.2547604211014365,72.7260819763238
0.015156620535783413,7.288762627712087,50.34494163392205
0.014543634037296563,4.5656770226894166,70.88346479948626
0.013177040663878271,2.6420595244697442,57.716980065300106
0.01121702439956057,2.8786008847234137,71.98643294350138
0.01252066297138738,7.732959126265989,72.63026156273455
0.013810304017605135,1.7057423999285786,69.25272528064453
0.0129102464516617,1.937183736295939,84.05868387121359
0.011621035652146429,2.991316842982254,51.43570232303662
0.010688091571546621,2.9252569389963403,55.87480832214996
0.018825543844181468,3.9458147341154652,57.61449838310508
0.013377879718874799,4.425489353174521,81.61362409696923
0.010748913668502566,0.6367245267085282,81.4277618019259
0.012313354695495732,1.1309739576154523,55.97899410844456
0.011343354927436052,0.6461505607617428,65.60757583997238
0.013691400789160636,0.3768963888382111,53.77824693995493
0.011940683169206837,2.640738561966091,58.06495605471487
0.011635450878752068,3.057088282486268,54.60985416539442
0.01345378498576637,0.6227596022232604,71.03770037404172
0.010279598698025031,0.8597518496703098,58.5350030253776
0.010304512208504956,5.922719342303674,90.8081376157445
0.014005734481364045,6.200855025283839,60.79214521320792
0.013477816534189366,4.496065617233163,56.42173510733536
0.012803289649441142,2.2999290316134022,88.97192478524194
0.01036743588813543,4.355999103083452,68.70806453915662
0.012282930005327675,2.051363719329883,87.06304560160757
0.01121627101818254,1.907298328848936,53.99969106972466
0.011617982673682439,0.8949786878647298,71.86726395138169
0.013468861288353349,3.5618753710298385,73.16720463771505
0.011731069212207484,1.5725438055785563,99.53060906538775
0.010640024086324697,1.0997670189950794,62.072980815500785
0.013603410607356245,7.460100146514234,50.688062442530104
0.015822755582627107,4.0324264864821,74.84821635241775
0.015156620535783413,7.288762627712087,50.34494163392205
0.014543634037296563,4.5656770226894166,70.88346479948626
0.013177040663878271,2.6420595244697442,57.716980065300106
0.01121702439956057,2.8786008847234137,71.98643294350138
0.01252066297138738,7.732959126265989,72.63026156273455
0.013675334063096439,1.758460728583138,68.67441202537948
0.0129102464516617,1.937183736295939,84.05868387121359
0.011621478380060326,2.9933368495352033,51.53318852023666
0.010688091571546621,2.9252569389963403,55.87480832214996
0.018825543844181468,3.9458147341154652,57.61449838310508
0.013377879718874799,4.425489353174521,81.61362409696923
0.010183088835252433,0.41983627628870956,83.89362830013162
0.012313354695495732,1.1309739576154523,55.97899410844456
0.011990010861589427,1.8473803848335897,70.69495847167423
0.013691400789160636,0.3768963888382111,53.77824693995493
0.011940683169206837,2.640738561966091,58.06495605471487
0.011398098520249986,2.771842757821915,54.897340184742745
0.01258944844935666,0.5691336961092218,74.4350958227823
0.010088341200919084,0.4478578586622417,55.79058625248324
0.010304512208504956,5.922719342303674,90.8081376157445
0.014005734481364045,6.200855025283839,60.79214521320792
0.013334308128287032,3.7620116510154613,64.99802114008318
0.012710716985634626,2.2557089362461173,88.6323326725313
0.01036743588813543,4.355999103083452,68.70806453915662
0.012282930005327675,2.051363719329883,87.06304560160757
0.01121627101818254,1.907298328848936,53.99969106972466
0.01130899830855474,1.750125578848571,71.08669081650999
0.013468861288353349,3.5618753710298385,73.16720463771505
0.0115201920511572,2.1083290177695244,88.23113181914599
0.010640024086324697,1.0997670189950794,62.072980815500785
0.013603410607356245,7.460100146514234,50.688062442530104
0.017489765635336087,2.164270187685432,75.96791630216198
0.015156620535783413,7.288762627712087,50.34494163392205
0.01484788684660837,4.849838928366274,70.23697068042564
0.013170744837406226,2.637844666549196,57.78581329918096
0.01121702439956057,2.8786008847234137,71.98643294350138
0.01252066297138738,7.732959126265989,72.63026156273455
0.013764924321571127,2.963045321347005,66.53708325088337
0.013066263816952818,2.390949178264716,81.01676700377574
0.011547913782930325,3.0745973815062464,50.027863839784686
0.010688091571546621,2.9252569389963403,55.87480832214996
0.020111934532512955,4.290437483451777,58.225602042334785
0.011224500054914295,5.6096815865311465,84.57026068684425
0.010183088835252433,0.41983627628870956,83.89362830013162
0.012140452965754101,0.8416270910769688,50.22919759368999
0.011927848124712832,1.7820727782744226,70.70492033660794
0.013691400789160636,0.3768963888382111,53.77824693995493
0.011889730928892102,2.6970211532480772,57.02233952635204
0.011398098520249986,2.771842757821915,54.897340184742745
0.012298280551592398,0.8528774965328563,70.10198219388876
0.01012036339567425,0.47125530644754,56.246896237177864
0.010791544231824653,6.149690165032939,84.88502055516668
0.014426136937555267,7.408733068342902,63.172852407645784
0.013605491810253525,4.42537573618804,68.35275299811448
0.012668535379745348,1.840685676368472,88.16442899102779
0.01036743588813543,4.355999103083452,68.70806453915662
0.012282930005327675,2.051363719329883,87.06304560160757
0.01121627101818254,1.907298328848936,53.99969106972466
0.010761567849623614,0.3877662506253685,75.95365849192139
0.012997533722735967,2.596714299804116,65.02865654504684
0.011515062335174466,2.104935931322421,87.65335815535694
0.010640024086324697,1.0997670189950794,62.072980815500785
0.013503110903953503,7.120211621409135,51.88627792576501
0.017489765635336087,2.164270187685432,75.96791630216198
0.015156620535783413,7.288762627712087,50.34494163392205
0.013796900146290137,3.293909026314526,62.47024235296992
0.014636297759147605,3.6790910260076726,58.734459606631376
0.011364675335124948,2.9660593151590247,62.18798235919902
0.01252066297138738,7.732959126265989,72.63026156273455
0.013463769431457481,2.909837303000064,65.13846194937167
0.012617622997706378,1.3397606329404672,87.59967830200287
0.011547913782930325,3.0745973815062464,50.027863839784686
0.010688091571546621,2.9252569389963403,55.87480832214996
0.020111934532512955,4.290437483451777,58.225602042334785
0.011364183585387285,5.435459874503928,84.46871044242269
0.010183088835252433,0.41983627628870956,83.89362830013162
0.012140452965754101,0.8416270910769688,50.22919759368999
0.012166218576407362,1.7401236054016547,76.30098717105739
0.013961033916791925,0.0953125397606005,53.64667047234584
0.011889730928892102,2.6970211532480772,57.02233952635204
0.011247164310105797,3.0986455714431482,52.596173716680354
0.012386009765039627,0.6328169259916958,69.95918883893421
0.010109279952139555,0.4726984440150827,55.90625795034626
0.010791544231824653,6.149690165032939,84.88502055516668
0.013854388129449283,6.754009957975938,61.7185232282011
0.014041303298253646,5.491449059436971,73.74404598553943
0.012478630520610256,3.139342972737856,82.7175279581706
0.010478268744106943,6.722492957148249,59.57822289078154
0.012282930005327675,2.051363719329883,87.06304560160757
0.01121627101818254,1.907298328848936,53.99969106972466
0.010761567849623614,0.3877662506253685,75.95365849192139
0.012954299482600223,2.5799810152832534,64.76096501330927
0.011515062335174466,2.104935931322421,87.65335815535694
0.010640024086324697,1.0997670189950794,62.072980815500785
0.013503110903953503,7.120211621409135,51.88627792576501
0.016395604795463394,2.2733999383866483,72.18330384293192
0.014772828965741176,7.188611707452793,53.38181663804167
0.016222851465814828,4.980032141942775,62.775524262273066
0.014196800723326256,3.1697822491813357,65.01886871367024
0.010981178626147208,3.4638296618953692,54.41008224840737
0.01247867105417552,7.531865624415712,71.65455474618392
0.014604607004452043,3.0640829960891502,71.02089582383776
0.012617622997706378,1.3397606329404672,87.59967830200287
0.011547913782930325,3.0745973815062464,50.027863839784686
0.010688091571546621,2.9252569389963403,55.87480832214996
0.020111934532512955,4.290437483451777,58.225602042334785
0.012257915152481261,4.648696785731508,76.38691181646325
0.010183088835252433,0.41983627628870956,83.89362830013162
0.012140452965754101,0.8416270910769688,50.22919759368999
0.012166218576407362,1.7401236054016547,76.30098717105739
0.013961033916791925,0.0953125397606005,53.64667047234584
0.01129081261385401,1.7639637919710767,57.77860095286509
0.011247164310105797,3.0986455714431482,52.596173716680354
0.012396485916277669,1.4128133866205763,70.15086445465029
0.010257795966770983,0.6398494866318911,57.58684630301848
0.010791544231824653,6.149690165032939,84.88502055516668
0.013854388129449283,6.754009957975938,61.7185232282011
0.0131263278006805,4.067631562389002,74.36048024803922
0.012617133968882309,3.677531935575567,78.54933253593057
0.010460782592465485,6.9409987173215955,58.21142157212948
0.013832427677768364,3.2552871453215833,89.40179617075383
0.011056393974358944,1.6771249483046873,58.62554930809593
0.01110852635423701,0.9276775279529437,75.71990675706436
0.012891216783678609,2.034460297468329,61.240827537668004
0.010844047143413724,2.151750987484439,88.16921356488847
0.010640024086324697,1.0997670189950794,62.072980815500785
0.013503110903953503,7.120211621409135,51.88627792576501
0.016395604795463394,2.2733999383866483,72.18330384293192
0.014772828965741176,7.188611707452793,53.38181663804167
0.015588424630103155,4.446557427401758,64.30640282260138
0.01611027912394237,4.719408641079361,58.92801990509757
0.010981178626147208,3.4638296618953692,54.41008224840737
0.01247867105417552,7.531865624415712,71.65455474618392
0.015651682263271828,3.5208189241378953,63.78589365216648
0.012617622997706378,1.3397606329404672,87.59967830200287
0.011547913782930325,3.0745973815062464,50.027863839784686
0.010688091571546621,2.9252569389963403,55.87480832214996
0.020111934532512955,4.290437483451777,58.225602042334785
0.012054548349073766,6.039413085921525,70.55389176329466
0.010183088835252433,0.41983627628870956,83.89362830013162
0.011998613889450048,1.3761443898309904,50.18100332314966
0.012920376352786483,2.2422112578844775,73.41360707084641
0.013961033916791925,0.0953125397606005,53.64667047234584
0.011294518671378883,1.7645901809973936,57.786618434404666
0.01148476527192806,2.7724321834055257,50.975836842222684
0.011169107380673188,0.32001047210224964,73.8599235589962
0.010257795966770983,0.6398494866318911,57.58684630301848
0.010052409727904207,7.598348616082948,93.2083369033073
0.014745220024786926,7.831222798372858,63.362642005571296
0.01462033387925404,6.928305113433341,74.74257044516588
0.012617133968882309,3.677531935575567,78.54933253593057
0.010460782592465485,6.9409987173215955,58.21142157212948
0.013832427677768364,3.2552871453215833,89.40179617075383
0.01101004571888128,2.4598162710217153,63.220912212441554
0.010508124624956547,0.6251676412909364,92.9469784539836
0.012891216783678609,2.034460297468329,61.240827537668004
0.01125468218258811,3.6732572875088296,81.87279317355635
0.010872018983905654,1.336541725066135,60.54210838265659
0.013503110903953503,7.120211621409135,51.88627792576501
0.015586068513690498,2.9100812796403073,70.27747663598366
0.014772828965741176,7.188611707452793,53.38181663804167
0.017071478404252986,4.906969077790727,66.85816979365678
0.017626537098631472,6.069416878827998,54.34598568955872
0.010981178626147208,3.4638296618953692,54.41008224840737
0.01247867105417552,7.531865624415712,71.65455474618392
0.016091351404518103,4.411654356289487,66.42269482827022
0.012617622997706378,1.3397606329404672,87.59967830200287
0.011547913782930325,3.0745973815062464,50.027863839784686
0.010688091571546621,2.9252569389963403,55.87480832214996
0.017685970583053948,4.092048380106401,64.80411431592887
0.012040390117679274,6.584503185140777,69.82524001275911
0.010183088835252433,0.41983627628870956,83.89362830013162
0.011891538828250251,1.5958527450796065,50.62607231286676
0.012920376352786483,2.2422112578844775,73.41360707084641
0.013961033916791925,0.0953125397606005,53.64667047234584
0.01177288686212696,1.4070814905234212,55.25371163300028
0.01148476527192806,2.7724321834055257,50.975836842222684
0.011169107380673188,0.32001047210224964,73.8599235589962
0.010257795966770983,0.6398494866318911,57.58684630301848
0.010052409727904207,7.598348616082948,93.2083369033073
0.014745220024786926,7.831222798372858,63.362642005571296
0.013574307514656127,5.61628404773535,66.32828011635823
0.01082087606114929,0.171517675543015,91.36799317315561
0.010460782592465485,6.9409987173215955,58.21142157212948
0.014391871905498385,2.21596144265581,95.51327038610358
0.010084125178827,2.6691783222024767,64.19551845943752
0.010508124624956547,0.6251676412909364,92.9469784539836
0.012884469659600384,1.9863895765974995,58.424213424359294
0.01036510532153427,4.849326464881413,91.15070975584062
0.011601516234186525,0.10267654302225626,57.15947916539291
0.013503110903953503,7.120211621409135,51.88627792576501
0.014140761886617802,2.914559349116043,66.0275031862511
0.013495143998333469,5.304330164210814,61.8756489642035
0.016471418435167383,5.401808458614199,68.78833472801743
0.01926886729004389,6.878561025920908,55.51266135208306
0.010915041149069942,3.5133233765638336,54.173559088800445
0.01247867105417552,7.531865624415712,71.65455474618392
0.015177391696056268,3.7863629082662627,68.43766246783524
0.012617622997706378,1.3397606329404672,87.59967830200287
0.011547913782930325,3.0745973815062464,50.027863839784686
0.011654541418675456,2.629537772857547,63.46809100362149
0.017667239756541962,4.7152281694073235,61.508171046843295
0.01181614770275131,5.8366921926134765,68.28570452235424
0.010183088835252433,0.41983627628870956,83.89362830013162
0.011891538828250251,1.5958527450796065,50.62607231286676
0.012920376352786483,2.2422112578844775,73.41360707084641
0.012367859543715347,1.8830670379977974,53.92225400297551
0.012884352070193544,2.2183641771209066,55.292107358038095
0.01148476527192806,2.7724321834055257,50.975836842222684
0.011341883522625912,0.25937197890071195,76.94514718628214
0.010257795966770983,0.6398494866318911,57.58684630301848
0.010328813656094019,4.9270471456616365,92.54639738269698
0.014745220024786926,7.831222798372858,63.362642005571296
0.012694397447872643,5.809995570726494,67.3645206995413
0.01082087606114929,0.171517675543015,91.36799317315561
0.01019492489794803,7.886526317150244,60.21270882315703
0.016265126945726335,3.288425471777281,97.68777905840709
0.010084125178827,2.6691783222024767,64.19551845943752
0.010508124624956547,0.6251676412909364,92.9469784539836
0.012382284414932828,2.401552998887154,57.51383306018736
0.010137523542190446,5.918750421987767,94.46049615621997
0.011601516234186525,0.10267654302225626,57.15947916539291
0.013503110903953503,7.120211621409135,51.88627792576501
0.013957129165098534,3.594280476034235,64.8465936978664
0.013524504608241561,5.337950387394708,62.0542915276566
0.017907138631277023,7.60131918716478,50.337422802448614
0.016275096052317542,4.693342131821781,55.40924109525846
0.010572411106914774,3.8978000599988243,54.23282642219006
0.012114066375880573,5.913078435814798,75.99020053229683
0.015177391696056268,3.7863629082662627,68.43766246783524
0.012859575348009713,2.919221732980505,77.84128284861174
0.011547913782930325,3.0745973815062464,50.027863839784686
0.01042403162124682,2.113976378899456,62.73141502952011
0.02052859720449884,5.579739334815821,58.93347137644439
0.011897495497828963,7.451078303974353,70.71074782760876
0.010183088835252433,0.41983627628870956,83.89362830013162
0.011891538828250251,1.5958527450796065,50.62607231286676
0.01228601400961988,1.8604470215252071,69.64286606405896
0.01195672427496132,1.9319062242406095,55.78546254334185
0.013437705005442007,3.130968837465741,54.4866140581188
0.011442838044887542,2.6995589024403928,51.20174411917311
0.011341883522625912,0.25937197890071195,76.94514718628214
0.010257795966770983,0.6398494866318911,57.58684630301848
0.01060065252305549,4.383506190635482,82.45767418136472
0.013939249618740584,6.070155815907852,59.76542930384241
0.012694397447872643,5.809995570726494,67.3645206995413
0.011247708972380104,0.9871635664881451,86.74011904238553
0.01019492489794803,7.886526317150244,60.21270882315703
0.016265126945726335,3.288425471777281,97.68777905840709
0.010084125178827,2.6691783222024767,64.19551845943752
0.010508124624956547,0.6251676412909364,92.9469784539836
0.011413447068426733,3.068675213508601,55.545395233255725
0.010137523542190446,5.918750421987767,94.46049615621997
0.011601516234186525,0.10267654302225626,57.15947916539291
0.013503110903953503,7.120211621409135,51.88627792576501
0.014305128319871881,3.8938593095474046,62.01130889898583
0.013524504608241561,5.337950387394708,62.0542915276566
0.01675995624650198,6.41707155610455,51.07983984636879
0.01599070462517265,4.492386747362487,55.09892412509761
0.010196114735006763,3.906906156122574,53.072077063087775
0.012114066375880573,5.913078435814798,75.99020053229683
0.016007827493875162,3.4350023424431133,64.14979381814724
0.011725423595907863,2.5442457392557962,70.80511968194713
0.011547913782930325,3.0745973815062464,50.027863839784686
0.01042403162124682,2.113976378899456,62.73141502952011
0.017732961814859206,4.620864904061364,59.98425041260544
0.011872277993216683,7.749594636183355,71.61082495756479
0.010183088835252433,0.41983627628870956,83.89362830013162
0.011891538828250251,1.5958527450796065,50.62607231286676
0.01228601400961988,1.8604470215252071,69.64286606405896
0.010965536194960709,1.5641419696786236,53.738951998249824
0.013437705005442007,3.130968837465741,54.4866140581188
0.011442838044887542,2.6995589024403928,51.20174411917311
0.012168854803325139,0.025800878720026454,72.35883149439687
0.010923558617339419,1.5037443000765873,63.58307623626742
0.010713095902882518,3.7578826132399192,81.62143397139772
0.01232465855996772,5.1370439545744775,56.87827000640357
0.013417869274184528,7.525736118705477,58.898885834965505
0.012061346971056038,2.541965159512393,77.91836667323018
0.01019492489794803,7.886526317150244,60.21270882315703
0.016265126945726335,3.288425471777281,97.68777905840709
0.010084125178827,2.6691783222024767,64.19551845943752
0.010508124624956547,0.6251676412909364,92.9469784539836
0.011413447068426733,3.068675213508601,55.545395233255725
0.010137523542190446,5.918750421987767,94.46049615621997
0.011601516234186525,0.10267654302225626,57.15947916539291
0.013503110903953503,7.120211621409135,51.88627792576501
0.014366896340118673,3.526454685413086,62.39046061204195
0.01356403347153702,5.413487099940374,61.625705542250074
0.01675995624650198,6.41707155610455,51.07983984636879
0.014388495371868686,3.374429155499374,62.87014475514995
0.010196114735006763,3.906906156122574,53.072077063087775
0.012612991546472142,5.740969260431599,74.99495140554234
0.016412630340074126,2.8394127212592926,66.13177699245831
0.011725423595907863,2.5442457392557962,70.80511968194713
0.011547913782930325,3.0745973815062464,50.027863839784686
0.011060993669322927,2.3245703108839786,66.68306338074876
0.018163372090807192,3.826310560378838,63.923127982893945
0.01274704349334959,7.5111081486981615,67.9363201050932
0.010332649175213532,0.5444217531394635,82.542279072668
0.011891538828250251,1.5958527450796065,50.62607231286676
0.013709920676812143,0.4661373333565577,80.93300680229481
0.010965536194960709,1.5641419696786236,53.738951998249824
0.014640901192738066,5.0102715412315,52.44040023377722
0.011442838044887542,2.6995589024403928,51.20174411917311
0.012168854803325139,0.025800878720026454,72.35883149439687
0.010923558617339419,1.5037443000765873,63.58307623626742
0.01038071964759807,4.200576741035207,88.66162887376441
0.012621175217775287,5.9566607686026565,58.78703086562067
0.013417869274184528,7.525736118705477,58.898885834965505
0.011830429018992561,2.6008021832565547,67.94381738991862
0.01019492489794803,7.886526317150244,60.21270882315703
0.016265126945726335,3.288425471777281,97.68777905840709
0.010084125178827,2.6691783222024767,64.19551845943752
0.010807263088827918,0.5172069051121391,89.23854541912493
0.01149404415285529,2.989360564347181,52.54453966373978
0.010302101048919985,5.629876250418418,93.04536502440243
0.011573256995204183,0.21884010595366954,57.65738482152055
0.013633427665069912,7.586238805683436,51.496573837128146
0.014366896340118673,3.526454685413086,62.39046061204195
0.01356403347153702,5.413487099940374,61.625705542250074
0.01700744850664632,6.624350714498737,50.966263393403274
0.014388495371868686,3.374429155499374,62.87014475514995
0.010196114735006763,3.906906156122574,53.072077063087775
0.0125888380836476,5.682265157591371,75.20095189588568
0.016412630340074126,2.8394127212592926,66.13177699245831
0.011725423595907863,2.5442457392557962,70.80511968194713
0.011547913782930325,3.0745973815062464,50.027863839784686
0.01103023037731931,2.277344554381806,67.68744404800627
0.01845524527852108,3.9908402622215906,63.55491523724328
0.011645703835806926,6.663695441977735,79.2468468602974
0.010293928398574176,2.6086329185958457,76.26438588454593
0.012146384060118998,1.8488766582143137,51.26238209038023
0.013668033865131787,1.8866094549448942,75.38953717169733
0.010965536194960709,1.5641419696786236,53.738951998249824
0.014640901192738066,5.0102715412315,52.44040023377722
0.011442838044887542,2.6995589024403928,51.20174411917311
0.012168854803325139,0.025800878720026454,72.35883149439687
0.010923558617339419,1.5037443000765873,63.58307623626742
0.01034084813117917,4.20957416761034,88.81055338624458
0.012892278793238912,6.185807962338629,59.425919841992645
0.013417869274184528,7.525736118705477,58.898885834965505
0.011670687621612484,2.6542547721751326,65.1995879246661
0.01019492489794803,7.886526317150244,60.21270882315703
0.016496830173901456,3.2648130672951075,99.39112085781153
0.010084125178827,2.6691783222024767,64.19551845943752
0.010807263088827918,0.5172069051121391,89.23854541912493
0.01149404415285529,2.989360564347181,52.54453966373978
0.010302101048919985,5.629876250418418,93.04536502440243
0.011573256995204183,0.21884010595366954,57.65738482152055
0.013333228857907296,7.264903130106076,51.634170907495914
0.014366896340118673,3.526454685413086,62.39046061204195
0.013571840188786766,5.425046481583131,61.61991846212059
0.015968411249431165,6.885265144137453,53.26243509778198
0.0151337442927832,0.6269037739371175,70.8051993357734
0.010196114735006763,3.906906156122574,53.072077063087775
0.01249119558456024,5.772172164055197,74.58961414174638
0.016744859187031877,2.523600786679016,66.76463401236744
0.012080134698692738,2.5172457898196683,72.23356128294158
0.011547913782930325,3.0745973815062464,50.027863839784686
0.01103023037731931,2.277344554381806,67.68744404800627
0.025412753105148414,5.596447787165154,59.6825861002347
0.010879384010931529,6.290931790165271,88.04571269518186
0.01129278478804912,2.8337199188723408,72.86193855266652
0.012146384060118998,1.8488766582143137,51.26238209038023
0.013668033865131787,1.8866094549448942,75.38953717169733
0.010965536194960709,1.5641419696786236,53.738951998249824
0.014640901192738066,5.0102715412315,52.44040023377722
0.011236395997974042,3.2298658124127666,58.774289570476896
0.011902902725042287,0.549026432423926,69.75871579405016
0.010514584207488136,1.1453621924628214,60.5241966053215
0.010069210782264134,6.328451164781189,88.3460987325421
0.012892278793238912,6.185807962338629,59.425919841992645
0.012581211068509323,4.211557536709069,58.33577996058253
0.011661529965950155,2.654340911068078,65.19379242480069
0.01019492489794803,7.886526317150244,60.21270882315703
0.016496830173901456,3.2648130672951075,99.39112085781153
0.011225734515725063,4.2839382279257405,59.78194688225186
0.010818486850374898,0.4838063411155611,89.62723609502899
0.011105773175790807,3.6228906118738893,51.59969013741097
0.010599308232843259,4.866412480879349,82.14344391694505
0.011573256995204183,0.21884010595366954,57.65738482152055
0.013333228857907296,7.264903130106076,51.634170907495914
0.014366896340118673,3.526454685413086,62.39046061204195
0.013571840188786766,5.425046481583131,61.61991846212059
0.01582253860708476,7.7046987133947065,50.72575319320569
0.0151337442927832,0.6269037739371175,70.8051993357734
0.010196114735006763,3.906906156122574,53.072077063087775
0.013066533921339952,7.472561012451395,75.64638653169186
0.016744859187031877,2.523600786679016,66.76463401236744
0.012133470448192704,2.719321476432002,71.35678445269491
0.011547913782930325,3.0745973815062464,50.027863839784686
0.01103023037731931,2.277344554381806,67.68744404800627
0.024544398277862388,5.500032166610266,59.30534986095546
0.010879384010931529,6.290931790165271,88.04571269518186
0.011472507295886888,2.76148072335046,72.7185035471416
0.01213738791680475,1.9396359404971135,54.11010362947832
0.01492570182862532,2.5057466463004276,69.10562688104073
0.010546622613323679,0.6846928287543221,52.53057501689575
0.013957925042918718,4.653105204209885,53.711038727504295
0.011353567187308735,2.877314991498107,65.21004355681396
0.011902902725042287,0.549026432423926,69.75871579405016
0.010546341846746377,1.192480096267552,60.49056743516932
0.010069210782264134,6.328451164781189,88.3460987325421
0.013040057074325536,5.919301804930086,59.72301025715561
0.012581211068509323,4.211557536709069,58.33577996058253
0.011700575569748716,2.555218771352683,64.62056260541658
0.010765788610664073,5.596495897010126,65.80068844632353
0.016496830173901456,3.2648130672951075,99.39112085781153
0.012253246789526804,0.6928740631258847,59.35256285853541
0.010635509885052801,0.4571436386826613,93.48820801358295
0.011105773175790807,3.6228906118738893,51.59969013741097
0.01057155364565728,5.4213818733216455,81.19577135277082
0.011035491533263022,0.18587793185948065,55.693772753792615
0.013333228857907296,7.264903130106076,51.634170907495914
0.014366896340118673,3.526454685413086,62.39046061204195
0.013571840188786766,5.425046481583131,61.61991846212059
0.01582253860708476,7.7046987133947065,50.72575319320569
0.015394072285889916,0.45303584314123446,71.60881819596587
0.010196114735006763,3.906906156122574,53.072077063087775
0.013066533921339952,7.472561012451395,75.64638653169186
0.016779132517909533,2.4211780361164466,62.25621636833396
0.012133470448192704,2.719321476432002,71.35678445269491
0.011547913782930325,3.0745973815062464,50.027863839784686
0.01103023037731931,2.277344554381806,67.68744404800627
0.024544398277862388,5.500032166610266,59.30534986095546
0.0108055261849227,7.161360908330558,99.93596369044894
0.011472507295886888,2.76148072335046,72.7185035471416
0.012270496997412575,1.9778337862686466,54.165841025456785
0.017977551950542778,0.10353460896513322,57.014790965724856
0.010546622613323679,0.6846928287543221,52.53057501689575
0.013957925042918718,4.653105204209885,53.711038727504295
0.011353567187308735,2.877314991498107,65.21004355681396
0.011572146286477994,0.4105526545259522,64.39554949795624
0.010546341846746377,1.192480096267552,60.49056743516932
0.010069210782264134,6.328451164781189,88.3460987325421
0.013040057074325536,5.919301804930086,59.72301025715561
0.012486975929116068,4.096122509076976,58.02337116586375
0.010965392987551236,2.574622790025017,64.96283033806783
0.010954239437886147,5.761812018330841,50.88967747196999
0.016496830173901456,3.2648130672951075,99.39112085781153
0.012253246789526804,0.6928740631258847,59.35256285853541
0.010635509885052801,0.4571436386826613,93.48820801358295
0.011105773175790807,3.6228906118738893,51.59969013741097
0.010570440533845865,5.425129250107636,81.2574384123113
0.011035491533263022,0.18587793185948065,55.693772753792615
0.013333228857907296,7.264903130106076,51.634170907495914
0.015070897366885615,4.05013529261222,64.20744287017216
0.013571840188786766,5.425046481583131,61.61991846212059
0.014957970494752457,6.34675662721691,51.62300597290262
0.015394072285889916,0.45303584314123446,71.60881819596587
0.010541331088800456,3.3675453320654625,54.126032934123664
0.013066533921339952,7.472561012451395,75.64638653169186
0.016779132517909533,2.4211780361164466,62.25621636833396
0.012133470448192704,2.719321476432002,71.35678445269491
0.011547913782930325,3.0745973815062464,50.027863839784686
0.01103023037731931,2.277344554381806,67.68744404800627
0.0258995476073919,6.031705830754004,58.77360096879438
0.010690658308493818,4.5160133215008855,82.45416315180172
0.011605991872247316,2.907598932785499,74.23693875750985
0.012270496997412575,1.9778337862686466,54.165841025456785
0.01813490068997798,0.10166821523192968,57.04473316413919
0.010546622613323679,0.6846928287543221,52.53057501689575
0.013957925042918718,4.653105204209885,53.711038727504295
0.011353567187308735,2.877314991498107,65.21004355681396
0.011572146286477994,0.4105526545259522,64.39554949795624
0.010546341846746377,1.192480096267552,60.49056743516932
0.010069210782264134,6.328451164781189,88.3460987325421
0.01336255986433634,7.057640441495317,55.584492736307695
0.012847233637055705,4.545911956795873,55.633415870247376
0.010965392987551236,2.574622790025017,64.96283033806783
0.010954239437886147,5.761812018330841,50.88967747196999
0.016080623575350745,3.4523187824911084,95.74902968819836
0.012253246789526804,0.6928740631258847,59.35256285853541
0.010635509885052801,0.4571436386826613,93.48820801358295
0.011105773175790807,3.6228906118738893,51.59969013741097
0.010570440533845865,5.425129250107636,81.2574384123113
0.011035491533263022,0.18587793185948065,55.693772753792615
0.012081266626483707,7.3877646039761125,50.922880913280025
0.014460946343775363,4.731085747702702,61.49709739249334
0.013879406548950063,5.629563353769014,59.40171864789916
0.014957970494752457,6.34675662721691,51.62300597290262
0.015394072285889916,0.45303584314123446,71.60881819596587
0.010541331088800456,3.3675453320654625,54.126032934123664
0.013066533921339952,7.472561012451395,75.64638653169186
0.014645029911608994,2.7449531571675263,59.474684148394765
0.012148247331244276,2.738268138436676,71.53209596588746
0.011547913782930325,3.0745973815062464,50.027863839784686
0.01103023037731931,2.277344554381806,67.68744404800627
0.02719951358281867,6.54172908675731,58.2635055481515
0.010690658308493818,4.5160133215008855,82.45416315180172
0.011605991872247316,2.907598932785499,74.23693875750985
0.012270496997412575,1.9778337862686466,54.165841025456785
0.015905323898824937,3.3441272283498336,65.22760873699639
0.010761657812660717,1.3928621485874062,59.27004571211744
0.015406750810049677,6.338543016548301,54.212397453794566
0.011569272378134933,2.3535782677339983,63.80566694466454
0.011572146286477994,0.4105526545259522,64.39554949795624
0.010546341846746377,1.192480096267552,60.49056743516932
0.010095929104078341,6.3113447728341985,87.21531871667344
0.013250619677305448,7.191330917873531,54.22017659610682
0.012847233637055705,4.545911956795873,55.633415870247376
0.010932613475945268,2.724916245858531,63.58536114866681
0.010954239437886147,5.761812018330841,50.88967747196999
0.015821119147397877,4.12137625903623,85.5491747731163
0.012253246789526804,0.6928740631258847,59.35256285853541
0.010635509885052801,0.4571436386826613,93.48820801358295
0.011105773175790807,3.6228906118738893,51.59969013741097
0.011068098519575966,4.577663076824907,78.18995617025031
0.011035491533263022,0.18587793185948065,55.693772753792615
0.012081266626483707,7.3877646039761125,50.922880913280025
0.014460946343775363,4.731085747702702,61.49709739249334
0.013879406548950063,5.629563353769014,59.40171864789916
0.014464092094762947,5.997538122022055,51.620016721165605
0.015089776723045551,0.604240256639692,70.98801073956531
0.010541331088800456,3.3675453320654625,54.126032934123664
0.013066533921339952,7.472561012451395,75.64638653169186
0.016091247490532732,2.9289771704026633,57.43826112550876
0.01194896844617925,2.907372167815083,67.72182634012914
0.011547913782930325,3.0745973815062464,50.027863839784686
0.01103023037731931,2.277344554381806,67.68744404800627
0.03182731677891172,6.858642718438825,57.8680563068313
0.010690658308493818,4.5160133215008855,82.45416315180172
0.011496871502115097,3.0993440849056677,75.21654510307822
0.012282290974895787,2.856361520075352,50.61967619567086
0.018561210477195007,3.701686882152389,75.93604357290366
0.010144067398348286,0.6050760007591021,54.87377522284952
0.014994673195449077,5.929636801568808,55.8223695816719
0.011569272378134933,2.3535782677339983,63.80566694466454
0.011572146286477994,0.4105526545259522,64.39554949795624
0.010546341846746377,1.192480096267552,60.49056743516932
0.010095929104078341,6.3113447728341985,87.21531871667344
0.013250619677305448,7.191330917873531,54.22017659610682
0.012704698331690327,4.603737098864684,57.83657183708319
0.010156485855991743,1.9598890482179763,64.6872506999227
0.010954239437886147,5.761812018330841,50.88967747196999
0.014590618649262166,5.196095773529473,74.15629989239586
0.012146337707709063,1.4709444195463128,62.293127949248834
0.010635509885052801,0.4571436386826613,93.48820801358295
0.01129629763274059,3.3866235324014213,50.922368609058026
0.010386228493445438,5.544317030518087,93.67296089847574
0.011072876213306458,0.1605238144850475,52.161278510789195
0.012081266626483707,7.3877646039761125,50.922880913280025
0.01510520851304111,4.541717784865874,63.445922758203835
0.01362721327098666,5.361737580448915,61.07573092715283
0.013123027856153572,3.7243629567682768,53.21342733700745
0.015089776723045551,0.604240256639692,70.98801073956531
0.010541331088800456,3.3675453320654625,54.126032934123664
0.013066533921339952,7.472561012451395,75.64638653169186
0.016025925494038584,2.931399415995958,57.69102951159262
0.01194896844617925,2.907372167815083,67.72182634012914
0.011547913782930325,3.0745973815062464,50.027863839784686
0.010899349606592477,1.983913552320182,65.74085366943548
0.03358939952585509,7.517089218557214,56.48682314655568
0.01075674871683791,4.539092903454225,81.97637520628037
0.011496871502115097,3.0993440849056677,75.21654510307822
0.012282290974895787,2.856361520075352,50.61967619567086
0.017245320368768975,4.196947529261211,75.34622039132188
0.010571764846696297,1.6101194436732928,57.91380760043931
0.016086714506945786,5.13962543830305,56.82558474165716
0.01044368115369241,0.12290965742819804,69.72305948789266
0.011703517063623511,0.03370292730308355,65.70433343414484
0.010546341846746377,1.192480096267552,60.49056743516932
0.010095929104078341,6.3113447728341985,87.21531871667344
0.013274582366824465,7.30491084616223,54.06143842432875
0.012704698331690327,4.603737098864684,57.83657183708319
0.010156485855991743,1.9598890482179763,64.6872506999227
0.01095539570752894,5.781056004205212,50.73514085227159
0.013178391426078146,4.1659411869339245,76.34831777000588
0.012204675486453818,1.2827790761205788,60.342582732186635
0.010635509885052801,0.4571436386826613,93.48820801358295
0.01129629763274059,3.3866235324014213,50.922368609058026
0.010386228493445438,5.544317030518087,93.67296089847574
0.011072876213306458,0.1605238144850475,52.161278510789195
0.012081266626483707,7.3877646039761125,50.922880913280025
0.015018327239094204,4.589921163655446,63.30659532336445
0.01313511010544511,5.63476575112978,60.28656810049879
0.013123027856153572,3.7243629567682768,53.21342733700745
0.014825215775856345,0.815669486079134,71.0603150036522
0.010541331088800456,3.3675453320654625,54.126032934123664
0.013066533921339952,7.472561012451395,75.64638653169186
0.016158668687263535,2.712902141177337,56.951222615380196
0.011709742279844835,2.943982599603175,79.99606964101814
0.011547913782930325,3.0745973815062464,50.027863839784686
0.011016215555217503,2.2459237179196503,67.47900152654756
0.02367727021128977,5.166391926219681,59.95560639258606
0.010681075248740273,4.127543168290776,72.19290480675525
0.011655260466977986,3.054887443071736,78.71247718959368
0.012282290974895787,2.856361520075352,50.61967619567086
0.02047132541920113,4.832448469989285,89.68206686345465
0.010571764846696297,1.6101194436732928,57.91380760043931
0.014193740430732621,4.278374897497002,53.990494543382766
0.01044368115369241,0.12290965742819804,69.72305948789266
0.011703517063623511,0.03370292730308355,65.70433343414484
0.01112711714411311,2.4104327718423173,58.140311720915776
0.010056152380145511,6.40001458409347,88.2340588920671
0.013274582366824465,7.30491084616223,54.06143842432875
0.011715525434078203,5.274606714678903,69.18935593084885
0.010183699221657423,1.99395278401887,64.35860979856955
0.01095539570752894,5.781056004205212,50.73514085227159
0.014860040682532608,5.659249845429974,83.24649810171695
0.012204675486453818,1.2827790761205788,60.342582732186635
0.010635509885052801,0.4571436386826613,93.48820801358295
0.01129629763274059,3.3866235324014213,50.922368609058026
0.010386228493445438,5.544317030518087,93.67296089847574
0.011202487156058276,1.0894591553803172,52.002104169167865
0.012021972751250097,7.529780715329012,50.48773199488532
0.01662946527592092,5.3257066352044165,71.88649937507743
0.013107728606212765,6.564003077734776,50.12526110216261
0.013123027856153572,3.7243629567682768,53.21342733700745
0.014825215775856345,0.815669486079134,71.0603150036522
0.010426238176349384,3.224196677392975,54.305451936467804
0.013047419106035553,7.48796416510128,77.62954144287811
0.01476679863412891,3.17666649851252,55.23740810234614
0.01100242636139974,2.503646917097345,72.74815863924908
0.011547913782930325,3.0745973815062464,50.027863839784686
0.011016215555217503,2.2459237179196503,67.47900152654756
0.02752547372901011,4.657543732927917,63.53468018220454
0.010832293393047369,3.5776530494328633,68.31128408965837
0.012598657023895817,5.458124670147994,65.04308211165215
0.012282290974895787,2.856361520075352,50.61967619567086
0.02047132541920113,4.832448469989285,89.68206686345465
0.010715979048013071,1.9637226528402136,56.52220074755719
0.017662491191531383,5.2489599844067785,53.70051231560524
0.01044368115369241,0.12290965742819804,69.72305948789266
0.011703517063623511,0.03370292730308355,65.70433343414484
0.011164296964371517,2.6249645852325916,56.554065991804585
0.010056152380145511,6.40001458409347,88.2340588920671
0.01404780710287457,7.166100682907672,56.267455507600054
0.011715525434078203,5.274606714678903,69.18935593084885
0.010035148199099089,1.2404491310119665,70.51599957643957
0.01095539570752894,5.781056004205212,50.73514085227159
0.015128824013465597,6.102248191888281,85.56489508662906
0.013084730775208078,1.2704538129268195,60.06794349547347
0.011548712423400494,2.7834636998749778,80.256310789327
0.01129629763274059,3.3866235324014213,50.922368609058026
0.010386228493445438,5.544317030518087,93.67296089847574
0.01131399328941288,1.4239326783586144,52.11292359430073
0.012021972751250097,7.529780715329012,50.48773199488532
0.01853303635996454,4.202699958821977,82.00049486063037
0.013107728606212765,6.564003077734776,50.12526110216261
0.013477831773988846,3.870726560329823,53.930994672949524
0.014825215775856345,0.815669486079134,71.0603150036522
0.010426238176349384,3.224196677392975,54.305451936467804
0.013047419106035553,7.48796416510128,77.62954144287811
0.01765002160432707,1.2065164538268052,58.643251200904544
0.01100242636139974,2.503646917097345,72.74815863924908
0.011547913782930325,3.0745973815062464,50.027863839784686
0.011169252920417299,2.319710627773726,65.44112393443764
0.028982910893622885,4.579375933708858,63.38740155779446
0.010528153813157833,3.7028666403579305,79.70914858439028
0.011017163815794914,5.055512123620577,52.21582289451982
0.012282290974895787,2.856361520075352,50.61967619567086
0.0211085766665624,5.4355360334598615,95.61575018959363
0.010715979048013071,1.9637226528402136,56.52220074755719
0.018785522683451714,5.925596598040032,53.98135231236219
0.01044368115369241,0.12290965742819804,69.72305948789266
0.011703517063623511,0.03370292730308355,65.70433343414484
0.010911869184821312,1.9386712365752752,57.567209641408034
0.010056152380145511,6.40001458409347,88.2340588920671
0.01404780710287457,7.166100682907672,56.267455507600054
0.011715525434078203,5.274606714678903,69.18935593084885
0.010035148199099089,1.2404491310119665,70.51599957643957
0.01095539570752894,5.781056004205212,50.73514085227159
0.016062190267341944,6.0474594883977435,85.07377174923428
0.013999102399403718,1.2103623468890048,51.196205312930545
0.012161239909138253,2.1801114411873668,72.20567139097456
0.011204918053304806,3.499942245927031,51.24722641153956
0.011045383266593446,6.025742254256199,89.69913938349596
0.01131399328941288,1.4239326783586144,52.11292359430073
0.012021972751250097,7.529780715329012,50.48773199488532
0.015449746694567043,4.844922136708387,69.27883817082918
0.01273505482799696,6.8954956499124815,50.249675257026986
0.013477831773988846,3.870726560329823,53.930994672949524
0.013239907998149648,1.2858160721254812,72.35732746826126
0.010333128788002695,3.510150866993638,50.245099483196555
0.013047419106035553,7.48796416510128,77.62954144287811
0.017063485000771678,1.6073058231016484,57.95039752156052
0.011018173727567271,1.4062655981544676,80.11882060147099
0.012131684532807156,3.339463620854348,52.90808858943429
0.011169252920417299,2.319710627773726,65.44112393443764
0.028982910893622885,4.579375933708858,63.38740155779446
0.010825851231941406,2.001740489525819,74.33237720943852
0.011017163815794914,5.055512123620577,52.21582289451982
0.012191864784297865,2.8832335931965716,50.54680446507103
0.0211085766665624,5.4355360334598615,95.61575018959363
0.010715979048013071,1.9637226528402136,56.52220074755719
0.018047695058823792,5.695799229266061,57.374589569073954
0.012092546900558884,1.2698808270471842,66.61152090659293
0.011703517063623511,0.03370292730308355,65.70433343414484
0.011056494501610913,1.9201758234198312,58.3387377274243
0.010056152380145511,6.40001458409347,88.2340588920671
0.014006463834236276,7.179402410288682,57.1502914275503
0.011715525434078203,5.274606714678903,69.18935593084885
0.010035148199099089,1.2404491310119665,70.51599957643957
0.010978342315044288,5.409658038453645,52.313074172154366
0.014315780806560312,5.763292393129596,73.92912944221843
0.013999102399403718,1.2103623468890048,51.196205312930545
0.012161239909138253,2.1801114411873668,72.20567139097456
0.011204918053304806,3.499942245927031,51.24722641153956
0.011045383266593446,6.025742254256199,89.69913938349596
0.01131399328941288,1.4239326783586144,52.11292359430073
0.012075658310099914,7.5170475320601735,50.515462544823286
0.015431736560629343,4.881055568766575,69.40526928584588
0.01273505482799696,6.8954956499124815,50.249675257026986
0.013599500224597884,3.9524693628735106,53.324379225793166
0.01373932822423498,1.2927523223752406,74.85834656163694
0.011147088883051454,2.4737341098645285,57.81670161820091
0.013047419106035553,7.48796416510128,77.62954144287811
0.017760385783297094,1.8119050114411528,56.94223402720815
0.011074752972131521,1.7332145024015748,78.53493402470527
0.012131684532807156,3.339463620854348,52.90808858943429
0.011169252920417299,2.319710627773726,65.44112393443764
0.028982910893622885,4.579375933708858,63.38740155779446
0.010825851231941406,2.001740489525819,74.33237720943852
0.010932148248450525,5.212724466715338,52.336613250952965
0.012191864784297865,2.8832335931965716,50.54680446507103
0.0211085766665624,5.4355360334598615,95.61575018959363
0.010715979048013071,1.9637226528402136,56.52220074755719
0.022392273154952985,5.8716516439157385,60.48522072919355
0.012082124316055595,0.7187386062257213,70.26082652642847
0.011828136951639952,0.9958580583899286,61.979934187702256
0.011056494501610913,1.9201758234198312,58.3387377274243
0.010056152380145511,6.40001458409347,88.2340588920671
0.014006463834236276,7.179402410288682,57.1502914275503
0.011833899548072117,5.25292067713576,71.89928627124395
0.010035148199099089,1.2404491310119665,70.51599957643957
0.010978342315044288,5.409658038453645,52.313074172154366
0.014315780806560312,5.763292393129596,73.92912944221843
0.013999102399403718,1.2103623468890048,51.196205312930545
0.012252767498038492,2.9322489914296606,68.7035327710165
0.011204918053304806,3.499942245927031,51.24722641153956
0.011045383266593446,6.025742254256199,89.69913938349596
0.01131399328941288,1.4239326783586144,52.11292359430073
0.012075658310099914,7.5170475320601735,50.515462544823286
0.015431736560629343,4.881055568766575,69.40526928584588
0.01273505482799696,6.8954956499124815,50.249675257026986
0.013599500224597884,3.9524693628735106,53.324379225793166
0.014294941094086801,1.37906407799112,78.6023002730315
0.01112737986257629,2.353519395236238,58.05260535296493
0.013047419106035553,7.48796416510128,77.62954144287811
0.020226390919597343,0.39929335586116643,51.946011819498125
0.011074752972131521,1.7332145024015748,78.53493402470527
0.012131684532807156,3.339463620854348,52.90808858943429
0.010750273797768026,0.05336967330313769,62.566311612620666
0.028982910893622885,4.579375933708858,63.38740155779446
0.010825851231941406,2.001740489525819,74.33237720943852
0.010932148248450525,5.212724466715338,52.336613250952965
0.012191864784297865,2.8832335931965716,50.54680446507103
0.019932464410698472,4.824428992136629,91.86321946596513
0.010715979048013071,1.9637226528402136,56.52220074755719
0.02167806674338133,5.542015318402407,60.58627337703754
0.010629411551155852,0.34617926932295484,84.70826274669818
0.011828136951639952,0.9958580583899286,61.979934187702256
0.011056494501610913,1.9201758234198312,58.3387377274243
0.010056152380145511,6.40001458409347,88.2340588920671
0.013911134573270487,6.308834920529189,56.033076635517595
0.0119025205194111,5.580516126651295,70.797127816786
0.010035148199099089,1.2404491310119665,70.51599957643957
0.010978342315044288,5.409658038453645,52.313074172154366
0.014315780806560312,5.763292393129596,73.92912944221843
0.013999102399403718,1.2103623468890048,51.196205312930545
0.014002836760343796,4.267359546746988,67.2731959920046
0.011204918053304806,3.499942245927031,51.24722641153956
0.011057283171796117,6.24386640917312,90.53210671527101
0.01131399328941288,1.4239326783586144,52.11292359430073
0.012075658310099914,7.5170475320601735,50.515462544823286
0.013848718117821162,3.174334517533171,66.14340790283593
0.01273505482799696,6.8954956499124815,50.249675257026986
0.013662555774288708,4.038759407044809,53.11984822700371
0.0171056681029551,0.9094199587315959,96.18954184593828
0.010892214926878915,2.169568150233876,59.216185298139095
0.013115080407954857,7.616298913669802,83.56030088868806
0.017240943190620216,3.0063820752224357,51.422030689471676
0.011059859221282201,1.557664200143274,84.33156569860095
0.012131684532807156,3.339463620854348,52.90808858943429
0.010750273797768026,0.05336967330313769,62.566311612620666
0.028982910893622885,4.579375933708858,63.38740155779446
0.010724444718436718,2.0376018802650075,81.36427205053222
0.01145968698987298,3.151158394518455,60.55914690073961
0.012150937279958087,3.1541687807427583,52.98811357374677
0.019860058163995126,4.8088874061608875,91.50149091827029
0.010678325218497722,1.4983275216866283,57.044838857561764
0.021929294102639618,5.538269035032754,60.5309040348205
0.010735180891188996,0.6438646106220549,84.61570097685986
0.013206048668553863,0.8078898380980579,55.41996860017893
0.011056494501610913,1.9201758234198312,58.3387377274243
0.010056152380145511,6.40001458409347,88.2340588920671
0.014289530489895933,6.939368060210253,52.27755274313957
0.0119025205194111,5.580516126651295,70.797127816786
0.010035148199099089,1.2404491310119665,70.51599957643957
0.010960080952052483,4.980781982727312,53.134047154210975
0.015633319763701626,7.873243546524148,78.12795870169755
0.013999102399403718,1.2103623468890048,51.196205312930545
0.014255432522772938,3.3144765958782543,62.638981133310196
0.01122558008224534,3.9603274528940333,51.1330929236378
0.011057283171796117,6.24386640917312,90.53210671527101
0.011087985451698257,0.8944846625136322,51.89314195590322
0.012075658310099914,7.5170475320601735,50.515462544823286
0.015674560857161682,1.1665920388823041,50.19106457058053
0.012828534937084937,5.6872631713302875,51.27584490961354
0.014140029454747929,4.143441643493596,53.48366410706757
0.0171056681029551,0.9094199587315959,96.18954184593828
0.010892214926878915,2.169568150233876,59.216185298139095
0.013115080407954857,7.616298913669802,83.56030088868806
0.01679531382470128,3.6002177154323194,51.55120467798644
0.011059859221282201,1.557664200143274,84.33156569860095
0.012131684532807156,3.339463620854348,52.90808858943429
0.010750273797768026,0.05336967330313769,62.566311612620666
0.03363514206241947,5.36371231609548,57.950989556002426
0.010724444718436718,2.0376018802650075,81.36427205053222
0.011544460423671882,3.752016586484887,59.1768786312857
0.011428009618201587,4.761762034088328,51.32188639906985
0.019860058163995126,4.8088874061608875,91.50149091827029
0.010678325218497722,1.4983275216866283,57.044838857561764
0.029638221585633232,7.891162442723754,61.44917881025822
0.010735180891188996,0.6438646106220549,84.61570097685986
0.012791769636096304,1.467324082079064,54.52322995972738
0.011056494501610913,1.9201758234198312,58.3387377274243
0.010056152380145511,6.40001458409347,88.2340588920671
0.013809349261234673,6.138288385790321,52.41786464834955
0.0119025205194111,5.580516126651295,70.797127816786
0.010035148199099089,1.2404491310119665,70.51599957643957
0.010960080952052483,4.980781982727312,53.134047154210975
0.015633319763701626,7.873243546524148,78.12795870169755
0.015276767060924066,1.3489983968791632,50.89032570175702
0.016593560284053902,4.333581474464275,65.78206124960293
0.011222103896497346,3.946506311480293,51.13028354021378
0.011057283171796117,6.24386640917312,90.53210671527101
0.011352229058109214,0.9833275778936739,52.30104804264403
0.011979635027538044,7.75042162603527,50.41848196652892
0.015674560857161682,1.1665920388823041,50.19106457058053
0.012828534937084937,5.6872631713302875,51.27584490961354
0.014014896840062355,4.186976646377274,53.816640657804285
0.0171056681029551,0.9094199587315959,96.18954184593828
0.010221141860146502,0.9504357892635733,61.968079895799185
0.013113632610357983,7.613868187192168,83.54506164856758
0.01661467707361919,3.5145813552946095,51.56202698133399
0.011059859221282201,1.557664200143274,84.33156569860095
0.012131684532807156,3.339463620854348,52.90808858943429
0.010750273797768026,0.05336967330313769,62.566311612620666
0.03602086433409721,5.459803066197115,52.14034049454211
0.010724444718436718,2.0376018802650075,81.36427205053222
0.012011086693486064,4.884124074557708,59.14875804874001
0.01144027940374452,4.813961262763643,51.3066085982002
0.015308765367298163,3.1558435131205025,81.7801686954227
0.010678325218497722,1.4983275216866283,57.044838857561764
0.029638221585633232,7.891162442723754,61.44917881025822
0.010735180891188996,0.6438646106220549,84.61570097685986
0.017227419202422385,3.158712626319425,56.34682356313289
0.011056494501610913,1.9201758234198312,58.3387377274243
0.010056152380145511,6.40001458409347,88.2340588920671
0.013169621462330968,7.843474203726614,53.18160958509587
0.0119025205194111,5.580516126651295,70.797127816786
0.010035148199099089,1.2404491310119665,70.51599957643957
0.010960080952052483,4.980781982727312,53.134047154210975
0.015633319763701626,7.873243546524148,78.12795870169755
0.015276767060924066,1.3489983968791632,50.89032570175702
0.016601747739671557,4.0160366551713444,60.26863322149138
0.011222103896497346,3.946506311480293,51.13028354021378
0.011057283171796117,6.24386640917312,90.53210671527101
0.011352229058109214,0.9833275778936739,52.30104804264403
0.012208781499999792,7.768340040319677,50.95055605430323
0.015674560857161682,1.1665920388823041,50.19106457058053
0.012212962793777858,6.778056368363737,51.37277807324434
0.014774674573520406,4.769137081110083,52.65527439690833
0.0171056681029551,0.9094199587315959,96.18954184593828
0.010221141860146502,0.9504357892635733,61.968079895799185
0.013113632610357983,7.613868187192168,83.54506164856758
0.01661467707361919,3.5145813552946095,51.56202698133399
0.011059859221282201,1.557664200143274,84.33156569860095
0.012860328553290966,5.542006928174082,53.475557135063994
0.010750273797768026,0.05336967330313769,62.566311612620666
0.03602086433409721,5.459803066197115,52.14034049454211
0.010724444718436718,2.0376018802650075,81.36427205053222
0.011589072379839263,5.485747695177717,73.03445048566688
0.01144027940374452,4.813961262763643,51.3066085982002
0.015145272359249765,3.1856748816381733,80.03337774515676
0.010678325218497722,1.4983275216866283,57.044838857561764
0.02668090820060825,7.797617078782245,62.49360912465398
0.010735180891188996,0.6438646106220549,84.61570097685986
0.017097459342038417,3.1585182871718773,58.06954911267199
0.011055545445604373,2.022426194066453,51.007176134489946
0.010056683237719974,6.530416926163077,88.68186335403126
0.013169621462330968,7.843474203726614,53.18160958509587
0.011989312736377971,5.947558347364386,69.76971079873417
0.010035148199099089,1.2404491310119665,70.51599957643957
0.010960080952052483,4.980781982727312,53.134047154210975
0.015633319763701626,7.873243546524148,78.12795870169755
0.015276767060924066,1.3489983968791632,50.89032570175702
0.01680429036175049,3.934652695656947,59.163090350830515
0.011222103896497346,3.946506311480293,51.13028354021378
0.010141592155620183,6.693570325895661,96.95320130428689
0.01137430197102392,0.9060198591729425,52.39731059557153
0.012208781499999792,7.768340040319677,50.95055605430323
0.015674560857161682,1.1665920388823041,50.19106457058053
0.012212962793777858,6.778056368363737,51.37277807324434
0.013515353437751013,3.483074217435828,62.61900843525675
0.0171056681029551,0.9094199587315959,96.18954184593828
0.010221141860146502,0.9504357892635733,61.968079895799185
0.013113632610357983,7.613868187192168,83.54506164856758
0.01661467707361919,3.5145813552946095,51.56202698133399
0.011059859221282201,1.557664200143274,84.33156569860095
0.013446418856301538,4.422953934883766,55.37930072884487
0.011005341675911754,1.8131727602854997,58.40404317372539
0.03602086433409721,5.459803066197115,52.14034049454211
0.012441387511455643,2.4681263676152847,72.6772208780393
0.01183728231352774,7.328085377187891,67.73591213201198
0.01144027940374452,4.813961262763643,51.3066085982002
0.01521882626239004,3.0943275607350085,80.53289311920875
0.010678325218497722,1.4983275216866283,57.044838857561764
0.026930269988958744,7.798121536407559,62.692501548427906
0.010735180891188996,0.6438646106220549,84.61570097685986
0.018940444035465416,3.565511610233954,57.968358119925526
0.011185978325353327,2.5165993622431655,53.93207344480186
0.010729111946431821,5.862968914034519,83.81372028881974
0.012731879970544114,7.140335256248052,59.3336442278174
0.011989312736377971,5.947558347364386,69.76971079873417
0.010428404103584223,2.18770738745571,70.36581648658967
0.010760318222407143,5.769299689570908,54.661689284727984
0.014691771092531954,7.844401189025976,70.65575504150647
0.015750214969428866,1.2352046555110394,62.616941110402784
0.01680429036175049,3.934652695656947,59.163090350830515
0.011222103896497346,3.946506311480293,51.13028354021378
0.010141592155620183,6.693570325895661,96.95320130428689
0.01137430197102392,0.9060198591729425,52.39731059557153
0.012208781499999792,7.768340040319677,50.95055605430323
0.015674560857161682,1.1665920388823041,50.19106457058053
0.011711289681569485,4.506855022320518,65.71193888847091
0.013515353437751013,3.483074217435828,62.61900843525675
0.01694753462699581,0.94742751889124,92.2728058703518
0.010221141860146502,0.9504357892635733,61.968079895799185
0.013113632610357983,7.613868187192168,83.54506164856758
0.019339805741178648,4.871099843952496,51.12765820464583
0.01137666034291312,2.991903182393708,75.27654138304011
0.013446418856301538,4.422953934883766,55.37930072884487
0.01109166822458236,1.6009239624961111,56.99863316313962
0.033192558239546595,5.146131858107176,53.10538804494347
0.012542666751112657,1.6533461688319129,73.50563949523504
0.01183728231352774,7.328085377187891,67.73591213201198
0.01144027940374452,4.813961262763643,51.3066085982002
0.01521882626239004,3.0943275607350085,80.53289311920875
0.010678325218497722,1.4983275216866283,57.044838857561764
0.026930269988958744,7.798121536407559,62.692501548427906
0.01090281449801924,1.0939095240782999,71.62912823212527
0.018940444035465416,3.565511610233954,57.968358119925526
0.011032838024490685,3.8262842336522302,55.18010602003698
0.010729111946431821,5.862968914034519,83.81372028881974
0.012731879970544114,7.140335256248052,59.3336442278174
0.01275948439400342,5.636603710555484,58.4390181817147
0.010221614921827167,2.6644793296995104,69.81515569747584
0.010760318222407143,5.769299689570908,54.661689284727984
0.014691771092531954,7.844401189025976,70.65575504150647
0.015251579914645782,1.2095230021099592,62.558424078543084
0.019371342175327825,2.180856962933393,54.73247991348052
0.011176479798182946,3.765107168744132,51.09341106134405
0.010141592155620183,6.693570325895661,96.95320130428689
0.01137430197102392,0.9060198591729425,52.39731059557153
0.012208781499999792,7.768340040319677,50.95055605430323
0.015674560857161682,1.1665920388823041,50.19106457058053
0.011711289681569485,4.506855022320518,65.71193888847091
0.011426405379753209,5.584181015085979,62.62094078505907
0.01694753462699581,0.94742751889124,92.2728058703518
0.010221141860146502,0.9504357892635733,61.968079895799185
0.012834631766330451,7.200372115048915,80.12669770888752
0.016488637366274546,3.645210447524054,54.517175342209455
0.010859959289263681,0.0260009983643954,90.38162811635331
0.013446418856301538,4.422953934883766,55.37930072884487
0.01109166822458236,1.6009239624961111,56.99863316313962
0.033192558239546595,5.146131858107176,53.10538804494347
0.012109670985189168,0.3264021660639953,82.19013150635065
0.010877500860105046,7.983802806986945,69.39244968322858
0.011415620192624973,4.715917467425245,51.28667951960923
0.015405038179008264,2.3066600665938335,68.13530445124142
0.010678325218497722,1.4983275216866283,57.044838857561764
0.026930269988958744,7.798121536407559,62.692501548427906
0.01088445804153031,1.1055834186731426,71.46849389064081
0.018940444035465416,3.565511610233954,57.968358119925526
0.011032838024490685,3.8262842336522302,55.18010602003698
0.010729111946431821,5.862968914034519,83.81372028881974
0.012717742414515698,7.132074821979515,56.47274086023306
0.012524811690245942,5.627375318575281,59.17519591292241
0.010059230386635743,2.431917968106073,72.74468979428775
0.010747255146495552,5.788813684751138,55.554583994653974
0.014957923276192338,7.936698919175475,69.2984459604471
0.015389927538797792,1.1954812423801338,58.51333685834032
0.019371342175327825,2.180856962933393,54.73247991348052
0.011176479798182946,3.765107168744132,51.09341106134405
0.010141592155620183,6.693570325895661,96.95320130428689
0.014218948547245466,1.4588422264656726,52.48962915977144
0.012208781499999792,7.768340040319677,50.95055605430323
0.015674560857161682,1.1665920388823041,50.19106457058053
0.011693281582237704,4.695824759613114,64.96707228259656
0.01198037982452199,5.417264677568793,68.3848806142863
0.01694753462699581,0.94742751889124,92.2728058703518
0.010221141860146502,0.9504357892635733,61.968079895799185
0.012834631766330451,7.200372115048915,80.12669770888752
0.017973503189802613,4.193861363793964,53.87121328855945
0.010859959289263681,0.0260009983643954,90.38162811635331
0.014027102131559863,2.2640517121989694,54.50793675934796
0.01109166822458236,1.6009239624961111,56.99863316313962
0.02715628707841236,5.019700825304513,56.43574857881215
0.012109670985189168,0.3264021660639953,82.19013150635065
0.010877500860105046,7.983802806986945,69.39244968322858
0.011415620192624973,4.715917467425245,51.28667951960923
0.016626587282572672,0.8982927888546097,71.93542662757997
0.010678325218497722,1.4983275216866283,57.044838857561764
0.026930269988958744,7.798121536407559,62.692501548427906
0.01062468407131454,0.2516375598761531,73.59337225565989
0.017094600907585536,3.853400942451774,59.75092178184652
0.010636481879766431,4.0192024212382025,52.69444690713205
0.010734948128341543,6.36453383409582,86.88987951205822
0.01287973043641821,6.772198164460584,56.59644191156811
0.012524811690245942,5.627375318575281,59.17519591292241
0.010059230386635743,2.431917968106073,72.74468979428775
0.010747255146495552,5.788813684751138,55.554583994653974
0.013845778537222133,5.789817906488394,75.02020198129858
0.015389927538797792,1.1954812423801338,58.51333685834032
0.017248095645879924,2.627717070845529,54.23708028930696
0.011176479798182946,3.765107168744132,51.09341106134405
0.010141592155620183,6.693570325895661,96.95320130428689
0.014218948547245466,1.4588422264656726,52.48962915977144
0.012208781499999792,7.768340040319677,50.95055605430323
0.015674560857161682,1.1665920388823041,50.19106457058053
0.011693281582237704,4.695824759613114,64.96707228259656
0.01198037982452199,5.417264677568793,68.3848806142863
0.015589119735277898,1.9165240942742674,85.21328383764461
0.010221141860146502,0.9504357892635733,61.968079895799185
0.012263199327515354,7.997522889478857,83.01254711415415
0.01754393587327732,4.288673967013962,53.97128195941058
0.010859959289263681,0.0260009983643954,90.38162811635331
0.014027102131559863,2.2640517121989694,54.50793675934796
0.01109166822458236,1.6009239624961111,56.99863316313962
0.023285151617996745,3.608059602531849,55.58878256799715
0.012109670985189168,0.3264021660639953,82.19013150635065
0.010877500860105046,7.983802806986945,69.39244968322858
0.011415620192624973,4.715917467425245,51.28667951960923
0.016626587282572672,0.8982927888546097,71.93542662757997
0.010678325218497722,1.4983275216866283,57.044838857561764
0.0352105213724305,7.814872442701342,69.29687857832505
0.01062468407131454,0.2516375598761531,73.59337225565989
0.016720311997406114,3.4908254065304622,64.56527022018507
0.010636481879766431,4.0192024212382025,52.69444690713205
0.010830795787084874,5.084592338870342,78.85835560954773
0.012799995517283554,6.541641320679124,57.19742683475891
0.01137274560577066,6.955633159732617,55.591228749058665
0.010059230386635743,2.431917968106073,72.74468979428775
0.010747255146495552,5.788813684751138,55.554583994653974
0.013845778537222133,5.789817906488394,75.02020198129858
0.015389927538797792,1.1954812423801338,58.51333685834032
0.017248095645879924,2.627717070845529,54.23708028930696
0.011176479798182946,3.765107168744132,51.09341106134405
0.010141592155620183,6.693570325895661,96.95320130428689
0.015478405348869064,0.5587185515727633,52.41762315693874
0.012208781499999792,7.768340040319677,50.95055605430323
0.015674560857161682,1.1665920388823041,50.19106457058053
0.011693281582237704,4.695824759613114,64.96707228259656
0.011469016464892607,4.7157590539118655,75.36480303514925
0.015589119735277898,1.9165240942742674,85.21328383764461
0.010221141860146502,0.9504357892635733,61.968079895799185
0.012254416469584485,7.960533533301759,77.83784747406006
0.0198561220538327,3.1905825937096353,52.398865985034924
0.010859959289263681,0.0260009983643954,90.38162811635331
0.014027102131559863,2.2640517121989694,54.50793675934796
0.01109166822458236,1.6009239624961111,56.99863316313962
0.018757262819372924,4.030675882581084,53.947652559976554
0.011907751645892327,0.5337450951531539,81.2599814931232
0.010877500860105046,7.983802806986945,69.39244968322858
0.011415620192624973,4.715917467425245,51.28667951960923
0.016314057225614607,1.1272565181669294,70.6970088831625
0.010678325218497722,1.4983275216866283,57.044838857561764
0.03133533355993605,6.908636389049296,68.30522560830903
0.010615296685295135,0.1986523469598378,73.85812376957814
0.016720311997406114,3.4908254065304622,64.56527022018507
0.010636481879766431,4.0192024212382025,52.69444690713205
0.01089946941525952,6.641606839169631,80.45179177384384
0.013693743340099996,7.720322195616074,61.0133844367452
0.01137274560577066,6.955633159732617,55.591228749058665
0.010059230386635743,2.431917968106073,72.74468979428775
0.010747255146495552,5.788813684751138,55.554583994653974
0.013845778537222133,5.789817906488394,75.02020198129858
0.015302930387845796,1.8215878321357344,64.50703996439367
0.016680445388919593,1.964059964797374,53.653466698577766
0.011176479798182946,3.765107168744132,51.09341106134405
0.010455911773708877,5.959776533602183,88.70082895961849
0.015478405348869064,0.5587185515727633,52.41762315693874
0.012214983996372877,7.7944621009674755,54.604953746047144
0.015674560857161682,1.1665920388823041,50.19106457058053
0.011693281582237704,4.695824759613114,64.96707228259656
0.011469016464892607,4.7157590539118655,75.36480303514925
0.015589119735277898,1.9165240942742674,85.21328383764461
0.010221141860146502,0.9504357892635733,61.968079895799185
0.012254416469584485,7.960533533301759,77.83784747406006
0.020219182416358776,2.9130178570731555,51.88715074641269
0.01084692787337424,0.03519689300021536,89.50153997210427
0.015669048217205325,2.639495604084295,53.26406277849834
0.01109166822458236,1.6009239624961111,56.99863316313962
0.018757262819372924,4.030675882581084,53.947652559976554
0.011907751645892327,0.5337450951531539,81.2599814931232
0.01093356191575283,6.313002370294041,66.14820918320257
0.011415620192624973,4.715917467425245,51.28667951960923
0.017195275586681668,0.9434478126248202,70.40851903956761
0.010412143286751545,0.9490894078223606,56.69452089637352
0.02416233856287736,6.58266150977742,75.31200780270099
0.010646508952031116,0.2554808822026594,74.0078438731816
0.019667630562460903,3.234852548202109,70.31610435863405
0.010636481879766431,4.0192024212382025,52.69444690713205
0.011022919447582978,6.771241496654275,71.42794361162615
0.014325558407083952,6.497505713942527,62.70863873697346
0.011252496486347413,7.012319933220315,54.64651147790472
0.010059230386635743,2.431917968106073,72.74468979428775
0.010747255146495552,5.788813684751138,55.554583994653974
0.013845778537222133,5.789817906488394,75.02020198129858
0.01097950333805491,0.8617676143354558,75.60516310656432
0.017586342440535436,3.0231716418928416,54.58483918479064
0.011176479798182946,3.765107168744132,51.09341106134405
0.010069299502889865,6.118999382646061,90.55059945657425
0.01659490719832707,1.271955105897872,57.18788170005683
0.012214983996372877,7.7944621009674755,54.604953746047144
0.015674560857161682,1.1665920388823041,50.19106457058053
0.012148968371814058,3.5788512160812727,56.0780902211125
0.01118562610790204,5.189599504609218,83.4031192364976
0.013446203462763935,1.0663841608986189,87.15107423475278
0.010065743272124008,0.9505914963012323,61.78000889276681
0.012254416469584485,7.960533533301759,77.83784747406006
0.021168061262256385,2.5655802915637484,50.42984192468167
0.01084692787337424,0.03519689300021536,89.50153997210427
0.015834562391799496,2.35351322785522,51.289067273422795
0.01109166822458236,1.6009239624961111,56.99863316313962
0.018757262819372924,4.030675882581084,53.947652559976554
0.011907751645892327,0.5337450951531539,81.2599814931232
0.01093356191575283,6.313002370294041,66.14820918320257
0.011415620192624973,4.715917467425245,51.28667951960923
0.01622828399746465,0.16075469881553772,69.7279406655855
0.010521980338088864,1.3635120738714193,56.788680627254145
0.02522544006955181,7.443146996758862,76.06022930003196
0.011128449705649412,0.24730204879619266,73.63830913548742
0.02678050001349119,5.710984285806958,59.613453567096045
0.010637141232636899,3.771710378207646,54.09595764705798
0.010648140485528064,6.51490602060132,78.94327416777277
0.014325558407083952,6.497505713942527,62.70863873697346
0.01143027195189069,6.982538126064775,55.1129024793612
0.010059230386635743,2.431917968106073,72.74468979428775
0.010747255146495552,5.788813684751138,55.554583994653974
0.010359636003157008,7.319738861189997,77.83702981128674
0.010978413357266986,0.8549718907957665,75.71941338538981
0.018434338621595853,3.846682249422222,56.53375642810627
0.011293572971142753,3.335889179929714,55.231099751477196
0.010069299502889865,6.118999382646061,90.55059945657425
0.015964306437327797,1.0935747112894698,58.11976043531057
0.012214983996372877,7.7944621009674755,54.604953746047144
0.015685541118465873,1.254247739749261,50.27627249561761
0.012148968371814058,3.5788512160812727,56.0780902211125
0.01118562610790204,5.189599504609218,83.4031192364976
0.013446203462763935,1.0663841608986189,87.15107423475278
0.011686317761461297,1.1863269206057914,60.123256577210206
0.012254416469584485,7.960533533301759,77.83784747406006
0.021168061262256385,2.5655802915637484,50.42984192468167
0.013182075422489435,1.129619644673781,71.60985082210588
0.015825098209413427,2.3683354904015212,51.35924946806112
0.011135837860719455,1.9276881556378136,57.05981246908777
0.020905629901449296,6.02668572249943,56.565657828170835
0.012045046693743313,0.5812790544340712,81.78571642416664
0.01093356191575283,6.313002370294041,66.14820918320257
0.011619151887691031,5.5032149624978075,57.72925010342436
0.015309567081779003,1.6551941724332355,66.51563704213498
0.010521980338088864,1.3635120738714193,56.788680627254145
0.02522544006955181,7.443146996758862,76.06022930003196
0.013138570277994132,0.5990722072351649,67.18771398224095
0.02678050001349119,5.710984285806958,59.613453567096045
0.010428487025039897,4.74081521164719,52.92142216796077
0.010559588165531581,7.163620955844751,99.83950441556604
0.013214388965208521,3.614849932436084,72.00386210385575
0.01143027195189069,6.982538126064775,55.1129024793612
0.010059230386635743,2.431917968106073,72.74468979428775
0.010747255146495552,5.788813684751138,55.554583994653974
0.010359636003157008,7.319738861189997,77.83702981128674
0.010978413357266986,0.8549718907957665,75.71941338538981
0.020023912773091037,5.618427818882964,55.51309321971703
0.011034299909320887,3.6387885789758743,52.982456157781115
0.010069299502889865,6.118999382646061,90.55059945657425
0.015964306437327797,1.0935747112894698,58.11976043531057
0.012136730257894399,6.8163189019395585,55.42177880140008
0.015713535842503075,1.4777303225472886,50.49351435180961
0.012148968371814058,3.5788512160812727,56.0780902211125
0.01125033529638904,5.356879331039498,86.86072167702662
0.013446203462763935,1.0663841608986189,87.15107423475278
0.011686317761461297,1.1863269206057914,60.123256577210206
0.012239590361741586,7.437986177723182,78.11740802939214
0.021168061262256385,2.5655802915637484,50.42984192468167
0.013182075422489435,1.129619644673781,71.60985082210588
0.015825098209413427,2.3683354904015212,51.35924946806112
0.011225068697143,1.0410520601871873,57.40546036042674
0.021494426012712925,6.040473177105419,56.62426133077196
0.012045046693743313,0.5812790544340712,81.78571642416664
0.010341012736781875,7.550297565085938,61.19516267438479
0.011619151887691031,5.5032149624978075,57.72925010342436
0.015309567081779003,1.6551941724332355,66.51563704213498
0.010521980338088864,1.3635120738714193,56.788680627254145
0.019652774973323427,4.471411754346489,84.34151530356834
0.013051352559309079,0.9675158374567663,68.38010976319738
0.02181857493599504,3.8129850987514273,55.524486222627814
0.010428487025039897,4.74081521164719,52.92142216796077
0.010559588165531581,7.163620955844751,99.83950441556604
0.014876691483979226,1.3381190095850375,78.25689924827569
0.011678298300880994,6.055728258280901,56.86603386516345
0.010059230386635743,2.431917968106073,72.74468979428775
0.010747255146495552,5.788813684751138,55.554583994653974
0.010359636003157008,7.319738861189997,77.83702981128674
0.010978413357266986,0.8549718907957665,75.71941338538981
0.015662783504347896,6.488532194841862,58.07226860238766
0.011034299909320887,3.6387885789758743,52.982456157781115
0.010069299502889865,6.118999382646061,90.55059945657425
0.015964306437327797,1.0935747112894698,58.11976043531057
0.011762411865210829,6.898747458772209,65.96386739257161
0.015713535842503075,1.4777303225472886,50.49351435180961
0.012075066295444633,3.704279784177646,54.09816345735365
0.011076733609821516,4.405069663201427,79.69312161434296
0.013542825945584308,1.2131590975764968,93.421234700304
0.011686317761461297,1.1863269206057914,60.123256577210206
0.012399190425779106,7.365844375284407,83.38553409281775
0.021168061262256385,2.5655802915637484,50.42984192468167
0.012936850406325697,1.451220175857638,69.94552429348148
0.01570541042328536,2.519778861691994,51.50411729841585
0.011225068697143,1.0410520601871873,57.40546036042674
0.021494426012712925,6.040473177105419,56.62426133077196
0.012045046693743313,0.5812790544340712,81.78571642416664
0.01084990298792015,6.853308805205607,63.10944097623927
0.011584441476884639,7.734124037719424,56.49206009138797
0.01774096716623351,0.1181615550351296,73.28728897345805
0.01063630844465218,1.9536565872658596,57.6830623339728
0.017050845506542008,5.2417619737124825,88.77611841892617
0.013051352559309079,0.9675158374567663,68.38010976319738
0.025294195041838614,3.192713108621194,55.51503762719528
0.010428487025039897,4.74081521164719,52.92142216796077
0.010559588165531581,7.163620955844751,99.83950441556604
0.014876691483979226,1.3381190095850375,78.25689924827569
0.011678298300880994,6.055728258280901,56.86603386516345
0.010637683695272286,4.442838727631951,66.58069879934112
0.010907042566923143,5.77494666980337,56.39670459340775
0.01032141958895299,7.719010441883818,77.96781628225207
0.010978413357266986,0.8549718907957665,75.71941338538981
0.015662783504347896,6.488532194841862,58.07226860238766
0.011034299909320887,3.6387885789758743,52.982456157781115
0.010069299502889865,6.118999382646061,90.55059945657425
0.018847800756099712,1.0550465926439105,57.50187440213297
0.011673541337616805,7.307696982890874,65.79727110520497
0.015713535842503075,1.4777303225472886,50.49351435180961
0.01197350871673612,3.0464838730103363,55.67217291399685
0.012132433025717926,3.0386576798149534,85.56993358769762
0.014035914382530438,0.65463079229285,99.83350702122834
0.011686317761461297,1.1863269206057914,60.123256577210206
0.012613343179526296,7.651101519433409,86.69601371990095
0.02044804809980361,3.078647411923266,51.4293642091157
0.012936850406325697,1.451220175857638,69.94552429348148
0.01570541042328536,2.519778861691994,51.50411729841585
0.011932654075856076,1.1474440667826298,58.98367810234513
0.02235657469750961,6.4079606073074,56.61134225289079
0.017081813854863254,3.427378904339582,69.48904602950589
0.011129535151021842,7.116357249331262,53.27931511717432
0.011584441476884639,7.734124037719424,56.49206009138797
0.01774096716623351,0.1181615550351296,73.28728897345805
0.01063630844465218,1.9536565872658596,57.6830623339728
0.016951228137301974,5.162072656842586,88.1962564564007
0.013051352559309079,0.9675158374567663,68.38010976319738
0.018869531572979385,2.649625186919615,56.46529938838883
0.014819078300325066,3.9767500796839346,52.346441629622824
0.010559588165531581,7.163620955844751,99.83950441556604
0.014733900400101602,1.3989368450675033,78.50464636353664
0.013053563764375654,6.207890926133556,57.30218578596936
0.010637683695272286,4.442838727631951,66.58069879934112
0.010739855385283619,5.413664626650091,55.18258705999591
0.01032141958895299,7.719010441883818,77.96781628225207
0.010978413357266986,0.8549718907957665,75.71941338538981
0.0156373106601799,6.493762876791408,58.12159571183033
0.011034299909320887,3.6387885789758743,52.982456157781115
0.010069299502889865,6.118999382646061,90.55059945657425
0.018847800756099712,1.0550465926439105,57.50187440213297
0.01212373322567731,7.3659237201232255,52.039477984422746
0.015713535842503075,1.4777303225472886,50.49351435180961
0.01197350871673612,3.0464838730103363,55.67217291399685
0.012354543594321189,2.941844357045754,83.3943905162916
0.012971982410071513,3.0920082453730173,80.44338289443452
0.011686317761461297,1.1863269206057914,60.123256577210206
0.012586951199332043,7.986601624120324,87.15613992711151
0.020239152235643695,3.0335309898198135,51.636642690536064
0.012936850406325697,1.451220175857638,69.94552429348148
0.01570541042328536,2.519778861691994,51.50411729841585
0.011932654075856076,1.1474440667826298,58.98367810234513
0.02755776176935605,6.85313959986005,57.25104291521956
0.02191717041990535,5.435773542118909,77.88251545863594
0.011030674057695318,7.518318254405325,50.09625338503836
0.011584441476884639,7.734124037719424,56.49206009138797
0.01531026367724451,0.7461360086584525,67.94864434294865
0.01063630844465218,1.9536565872658596,57.6830623339728
0.015215015488515372,4.32347074251554,86.3825447898636
0.012289825456387984,3.4362972801272935,61.48952713624061
0.018869531572979385,2.649625186919615,56.46529938838883
0.014819078300325066,3.9767500796839346,52.346441629622824
0.010559588165531581,7.163620955844751,99.83950441556604
0.01339308398825421,2.1992066428894024,67.41413507533862
0.013053563764375654,6.207890926133556,57.30218578596936
0.010637683695272286,4.442838727631951,66.58069879934112
0.010739855385283619,5.413664626650091,55.18258705999591
0.01032141958895299,7.719010441883818,77.96781628225207
0.010978413357266986,0.8549718907957665,75.71941338538981
0.0164237934868931,6.286248976194821,58.503123840077286
0.011033099909586844,3.634683177469454,52.983494838662494
0.010069299502889865,6.118999382646061,90.55059945657425
0.016137416932577947,1.9497456230227919,55.93475838350425
0.01212373322567731,7.3659237201232255,52.039477984422746
0.015713535842503075,1.4777303225472886,50.49351435180961
0.01197350871673612,3.0464838730103363,55.67217291399685
0.012354543594321189,2.941844357045754,83.3943905162916
0.012319724846250352,2.733907985487166,78.71631818625839
0.01018169408130544,1.0774546295562508,63.72105979882923
0.012586951199332043,7.986601624120324,87.15613992711151
0.02111424468008563,3.490244880617604,52.30796136030003
0.013457099976092577,0.11945387506907323,57.92992234270931
0.016034522264672474,1.9787779569748878,51.191346380486344
0.011932654075856076,1.1474440667826298,58.98367810234513
0.02832117388417204,7.001826976625206,57.448196595570195
0.02066419334658295,3.647474629510212,69.56273687851231
0.011030674057695318,7.518318254405325,50.09625338503836
0.011774927093009245,7.512854778611169,56.24792737108246
0.01586494954860314,0.3637373984315948,69.98942508123216
0.010513020851754568,1.8613617678859473,57.66559301727
0.015215015488515372,4.32347074251554,86.3825447898636
0.01304627784342387,3.3168841863291134,66.6095061579812
0.019744392802340804,2.1307961607496004,54.26461245315882
0.0104076404423117,2.98838952011766,50.679583706767296
0.010559588165531581,7.163620955844751,99.83950441556604
0.013385297720990976,2.45216705853723,68.56770026446094
0.013053563764375654,6.207890926133556,57.30218578596936
0.010637683695272286,4.442838727631951,66.58069879934112
0.010739855385283619,5.413664626650091,55.18258705999591
0.01032141958895299,7.719010441883818,77.96781628225207
0.010978413357266986,0.8549718907957665,75.71941338538981
0.016578366095787975,6.413743003364465,57.748499220101095
0.011033099909586844,3.634683177469454,52.983494838662494
0.010069299502889865,6.118999382646061,90.55059945657425
0.014439152186247185,1.5147050238959991,55.60497753472333
0.01212373322567731,7.3659237201232255,52.039477984422746
0.015713535842503075,1.4777303225472886,50.49351435180961
0.01197350871673612,3.0464838730103363,55.67217291399685
0.011993959664366541,2.6324492650809264,80.1296053284972
0.013405886086233982,3.330228586259411,81.59228444408915
0.01018169408130544,1.0774546295562508,63.72105979882923
0.012586951199332043,7.986601624120324,87.15613992711151
0.02111424468008563,3.490244880617604,52.30796136030003
0.013457099976092577,0.11945387506907323,57.92992234270931
0.016034522264672474,1.9787779569748878,51.191346380486344
0.01223818650919133,4.341076402128406,72.13917047045668
0.021673713445458834,5.365465320219636,68.2087579052912
0.020726662169188767,3.6256505473205505,67.16770895456116
0.011030674057695318,7.518318254405325,50.09625338503836
0.011774927093009245,7.512854778611169,56.24792737108246
0.015284358951597805,0.6429681168280044,67.93509535327993
0.010178570097744867,1.5899695905483964,58.1220849009641
0.014041094699525613,3.861006358226665,75.26069729086923
0.012722207191429923,4.143471244895845,64.73765945279213
0.018745997963028758,1.9690395990336438,53.330556762163006
0.0104076404423117,2.98838952011766,50.679583706767296
0.010559588165531581,7.163620955844751,99.83950441556604
0.012375950553250144,2.810546941071779,74.11831240679842
0.013053563764375654,6.207890926133556,57.30218578596936
0.010637683695272286,4.442838727631951,66.58069879934112
0.010739855385283619,5.413664626650091,55.18258705999591
0.01032141958895299,7.719010441883818,77.96781628225207
0.010978413357266986,0.8549718907957665,75.71941338538981
0.016578366095787975,6.413743003364465,57.748499220101095
0.011033099909586844,3.634683177469454,52.983494838662494
0.01200239230321108,4.199377697779793,83.69258390394072
0.0150945758367573,1.734754554591712,56.810301686513
0.013557987406504324,5.013380447017355,51.42181037420675
0.015713535842503075,1.4777303225472886,50.49351435180961
0.01197350871673612,3.0464838730103363,55.67217291399685
0.010635945311434483,3.428355059132018,83.68696681197207
0.014276155981941208,2.6501345179738762,90.21317713670562
0.01018169408130544,1.0774546295562508,63.72105979882923
0.012586951199332043,7.986601624120324,87.15613992711151
0.02111424468008563,3.490244880617604,52.30796136030003
0.013457099976092577,0.11945387506907323,57.92992234270931
0.016034522264672474,1.9787779569748878,51.191346380486344
0.012128869993556605,3.806387249943937,65.33801507642288
0.020488779673256845,5.605151377497004,66.19221756157282
0.020726662169188767,3.6256505473205505,67.16770895456116
0.011030674057695318,7.518318254405325,50.09625338503836
0.0119043974909255,7.511904351335079,57.318073733990154
0.015284358951597805,0.6429681168280044,67.93509535327993
0.010178570097744867,1.5899695905483964,58.1220849009641
0.014041094699525613,3.861006358226665,75.26069729086923
0.012722207191429923,4.143471244895845,64.73765945279213
0.018596275851157435,2.071228425531979,53.768411615222554
0.0104076404423117,2.98838952011766,50.679583706767296
0.010559588165531581,7.163620955844751,99.83950441556604
0.011599438743156516,2.320682958263234,73.5855805372257
0.011757168854750843,6.644968455489966,58.10540417293504
0.010637683695272286,4.442838727631951,66.58069879934112
0.010960329084932397,7.126467455687978,51.809890564084
0.010416880343494122,7.496403832048346,86.73424501222138
0.010978413357266986,0.8549718907957665,75.71941338538981
0.016578366095787975,6.413743003364465,57.748499220101095
0.011033099909586844,3.634683177469454,52.983494838662494
0.012178917085392817,4.333423269086359,87.34682806057404
0.0150945758367573,1.734754554591712,56.810301686513
0.013557987406504324,5.013380447017355,51.42181037420675
0.015713535842503075,1.4777303225472886,50.49351435180961
0.01191688466541809,2.7770394869157764,55.85199008796209
0.010635945311434483,3.428355059132018,83.68696681197207
0.015430529682928986,3.0935286311245696,97.68224249388436
0.01018169408130544,1.0774546295562508,63.72105979882923
0.012235039869760392,7.179498983372755,81.26596875425541
0.02111424468008563,3.490244880617604,52.30796136030003
0.013457099976092577,0.11945387506907323,57.92992234270931
0.014712081897794261,3.3203729944744205,51.352551870327225
0.011939383874355584,3.698737268993558,65.52974257584486
0.022481777369261227,7.505385877084553,65.52479430564085
0.020726662169188767,3.6256505473205505,67.16770895456116
0.012766793825953634,6.821314784535176,53.15299099098278
0.011426699789690149,7.8944350221625115,59.6251921330088
0.015053875087302371,0.9168712846052096,69.37582145919632
0.010178570097744867,1.5899695905483964,58.1220849009641
0.014844250317525504,2.1099163911853758,85.18938767596657
0.012722207191429923,4.143471244895845,64.73765945279213
0.018596275851157435,2.071228425531979,53.768411615222554
0.0104076404423117,2.98838952011766,50.679583706767296
0.010559588165531581,7.163620955844751,99.83950441556604
0.011683221418037414,2.441127947436432,68.90520023025366
0.011757168854750843,6.644968455489966,58.10540417293504
0.012572095501904858,4.943022830133636,66.40824540818161
0.010959647254176839,7.36292145728548,50.908430571186486
0.010416880343494122,7.496403832048346,86.73424501222138
0.010974460150535513,2.2259155497296295,70.49281179397705
0.01638540228092131,6.30080920907902,58.07216901029628
0.011033099909586844,3.634683177469454,52.983494838662494
0.012178917085392817,4.333423269086359,87.34682806057404
0.014129864496721725,2.335249364034333,59.4763022357491
0.013557987406504324,5.013380447017355,51.42181037420675
0.015586607968505762,2.120138095330123,68.29491197639904
0.011865035377171814,2.794302226024778,56.822658196324326
0.010584286349155836,3.2207157233467156,80.79950104913554
0.01538507641149902,3.140130273603747,96.55933701715571
0.01018169408130544,1.0774546295562508,63.72105979882923
0.01238615740420844,6.8437600046930935,80.62853889234944
0.02111424468008563,3.490244880617604,52.30796136030003
0.013457099976092577,0.11945387506907323,57.92992234270931
0.014867637787829808,3.278711708540422,61.80164403372285
0.011680042216303066,0.7402214941151044,74.39364629504642
0.01729522994341703,5.073022323340057,67.14840358504844
0.023720162379452653,3.745166181745632,63.14431510429764
0.012288554540306928,7.682003710255646,53.595619890721
0.011426699789690149,7.8944350221625115,59.6251921330088
0.015088241043561603,1.1475600397126717,72.1964246343283
0.010291934032744594,4.399654190253248,71.73285958191163
0.014844250317525504,2.1099163911853758,85.18938767596657
0.012493237309539355,4.224246806279959,65.16523827886482
0.018596275851157435,2.071228425531979,53.768411615222554
0.0104076404423117,2.98838952011766,50.679583706767296
0.010559588165531581,7.163620955844751,99.83950441556604
0.01161817347943824,2.5262634894502107,69.30766250643144
0.012183023960545616,6.261600843483912,61.948394698042975
0.012572095501904858,4.943022830133636,66.40824540818161
0.010959647254176839,7.36292145728548,50.908430571186486
0.010416880343494122,7.496403832048346,86.73424501222138
0.010810960781747899,2.0107912326844377,71.06633563302516
0.015666362810425827,5.902372375442374,57.18294646082808
0.010871539599401538,1.8861896841268813,50.257288024905655
0.012178917085392817,4.333423269086359,87.34682806057404
0.014129864496721725,2.335249364034333,59.4763022357491
0.013557987406504324,5.013380447017355,51.42181037420675
0.015586607968505762,2.120138095330123,68.29491197639904
0.01214153713877439,3.047040811519021,58.64987926619588
0.011588499634358283,3.4978914840805926,78.75677587368443
0.015479140531558492,3.19133509472925,95.66668077969015
0.01002608467496948,1.042996972929264,63.004570047984885
0.010959176736988666,7.940407412522271,86.80054393073215
0.020122787097841856,3.8683587924225913,52.17131631626215
0.013508927083746836,0.0840399633313571,58.083718961951085
0.014867637787829808,3.278711708540422,61.80164403372285
0.011680042216303066,0.7402214941151044,74.39364629504642
0.017984116450763803,5.414783194234391,68.95983299404197
0.019295643650065964,5.2688898455156306,59.4485636922345
0.01203485683492114,6.644340184751711,52.997935907493215
0.011426699789690149,7.8944350221625115,59.6251921330088
0.01383357472378772,3.3561436226579002,67.7706424508697
0.010291934032744594,4.399654190253248,71.73285958191163
0.015068039243473825,3.1422686042371417,77.5656969362
0.01206619996622034,5.098229576200376,61.19534471675648
0.018596275851157435,2.071228425531979,53.768411615222554
0.0104076404423117,2.98838952011766,50.679583706767296
0.010559588165531581,7.163620955844751,99.83950441556604
0.011669180181213405,3.054192982559965,67.46731014081256
0.012183023960545616,6.261600843483912,61.948394698042975
0.012573011067090602,4.9399199454572225,66.41874035219514
0.010959647254176839,7.36292145728548,50.908430571186486
0.010416880343494122,7.496403832048346,86.73424501222138
0.010810960781747899,2.0107912326844377,71.06633563302516
0.015666362810425827,5.902372375442374,57.18294646082808
0.010871539599401538,1.8861896841268813,50.257288024905655
0.011606663984202476,4.258202780487167,89.59011620120017
0.014129864496721725,2.335249364034333,59.4763022357491
0.013557987406504324,5.013380447017355,51.42181037420675
0.015379440415406679,2.372218461726083,67.90861551590824
0.012286390021712577,0.26500267121633847,60.6160530850852
0.011588499634358283,3.4978914840805926,78.75677587368443
0.015479140531558492,3.19133509472925,95.66668077969015
0.01002608467496948,1.042996972929264,63.004570047984885
0.010959176736988666,7.940407412522271,86.80054393073215
0.02024818901861555,4.01599190051682,52.04011596082207
0.013508927083746836,0.0840399633313571,58.083718961951085
0.014787999856683722,3.4197646123052623,60.85138206122771
0.01191649848703976,0.6969355216510305,76.02187339835203
0.020703724011106456,7.534187935814994,60.933786021806995
0.01614902401949593,5.951348664254593,73.99688326303215
0.01197588160927372,6.228613672720284,56.40133882673875
0.011426699789690149,7.8944350221625115,59.6251921330088
0.013739617088763827,3.415946541930168,67.76225645526976
0.010291934032744594,4.399654190253248,71.73285958191163
0.017101653267110658,1.3283687981097652,67.51871484262918
0.011865346507684262,5.509300094471933,59.328138336695474
0.01774927890692672,3.342560503538824,54.31966282710613
0.0104076404423117,2.98838952011766,50.679583706767296
0.010559588165531581,7.163620955844751,99.83950441556604
0.011669180181213405,3.054192982559965,67.46731014081256
0.011962734705681637,6.664318197380567,61.1256162524978
0.012573011067090602,4.9399199454572225,66.41874035219514
0.010959647254176839,7.36292145728548,50.908430571186486
0.010416880343494122,7.496403832048346,86.73424501222138
0.011161079717988678,1.9728098788961117,70.86888690695737
0.01570740882215085,6.407382585342022,55.648573594032015
0.010871539599401538,1.8861896841268813,50.257288024905655
0.011606663984202476,4.258202780487167,89.59011620120017
0.013844946654923035,2.307395615183117,60.47127153450524
0.013557987406504324,5.013380447017355,51.42181037420675
0.015596651802359442,2.5201990007430144,68.42074024664916
0.012286390021712577,0.26500267121633847,60.6160530850852
0.011588499634358283,3.4978914840805926,78.75677587368443
0.012952733003979724,3.0902361657408313,73.25600569561874
0.010041124931510877,1.23289769750723,63.49836741825684
0.010959176736988666,7.940407412522271,86.80054393073215
0.024120230400639806,3.112532601387549,50.69068908026167
0.013837087043380537,1.027904005202119,57.72023301995794
0.01701097592780871,3.6803301690758414,56.135800097681454
0.012315574888459399,0.8559137111033146,74.87318053444677
0.021847325184203042,7.969114385154244,57.13361388815391
0.0164747801916198,5.9258654164491,74.98651247545527
0.012504046217676123,5.822924507119292,54.73899064511658
0.011426699789690149,7.8944350221625115,59.6251921330088
0.01357930141758511,3.709024399609261,67.16347882169703
0.010291934032744594,4.399654190253248,71.73285958191163
0.016533044985085094,1.9404443833872733,69.3036313430556
0.011865346507684262,5.509300094471933,59.328138336695474
0.015806327282093573,4.375168981626555,66.62100559102083
0.0104076404423117,2.98838952011766,50.679583706767296
0.013628931517979531,5.801257691896791,80.57650837282091
0.011735519085510189,3.8844532961703098,64.71483091013978
0.011962734705681637,6.664318197380567,61.1256162524978
0.0129365063971077,4.00304315289619,68.57297463445767
0.010959647254176839,7.36292145728548,50.908430571186486
0.010416880343494122,7.496403832048346,86.73424501222138
0.010795239624953972,2.101989066658847,72.66645476697681
0.01570740882215085,6.407382585342022,55.648573594032015
0.010871539599401538,1.8861896841268813,50.257288024905655
0.012481526651477292,2.9911481779931055,77.08945140985196
0.013634983892973802,2.464368715968697,60.89365600502384
0.013557987406504324,5.013380447017355,51.42181037420675
0.015568210066756108,1.52199366835863,71.70055571748435
0.012286390021712577,0.26500267121633847,60.6160530850852
0.011683683545132516,2.825969261778954,77.54017100481539
0.012867079131943035,3.0406822689066786,72.30946741808924
0.010974079446633879,2.084877431088133,62.20589765633885
0.010959176736988666,7.940407412522271,86.80054393073215
0.030583370645037574,1.9493851320111957,50.243308778458704
0.013621587487159189,1.6418030310410412,57.89054500731754
0.018192208884972645,3.7757946745258737,51.93768118125553
0.012439541864656185,0.20866754488248107,77.04417835857397
0.021847325184203042,7.969114385154244,57.13361388815391
0.014419176145469444,3.1475921678372027,67.93368948868505
0.012504046217676123,5.822924507119292,54.73899064511658
0.011426699789690149,7.8944350221625115,59.6251921330088
0.01347954444286981,3.6418691293778007,66.54063583878691
0.010228214245984944,4.5317499168953885,72.08802437037738
0.016533044985085094,1.9404443833872733,69.3036313430556
0.011865346507684262,5.509300094471933,59.328138336695474
0.018423458292633935,3.622013897815934,71.46406120067678
0.0104076404423117,2.98838952011766,50.679583706767296
0.013628931517979531,5.801257691896791,80.57650837282091
0.0119448101987598,3.794575371810342,63.691054015756606
0.011954434216170717,6.56276602664134,61.25673504880114
0.014149360546354293,4.489675062440341,77.15471594406824
0.010959647254176839,7.36292145728548,50.908430571186486
0.010416880343494122,7.496403832048346,86.73424501222138
0.010795239624953972,2.101989066658847,72.66645476697681
0.01570740882215085,6.407382585342022,55.648573594032015
0.010871539599401538,1.8861896841268813,50.257288024905655
0.012201346940853324,2.8808150325466895,77.85041454906502
0.012601792918573529,2.3325232581964204,65.17698164151231
0.013650375386902397,5.086551845386696,51.073292031811945
0.015568210066756108,1.52199366835863,71.70055571748435
0.012286390021712577,0.26500267121633847,60.6160530850852
0.011683683545132516,2.825969261778954,77.54017100481539
0.012867079131943035,3.0406822689066786,72.30946741808924
0.010569243903982083,2.6462917791564804,62.69634984194048
0.010959176736988666,7.940407412522271,86.80054393073215
0.02574671697782415,1.8117146436248848,57.15507449384211
0.013621587487159189,1.6418030310410412,57.89054500731754
0.018687991992781858,3.5299015933124696,52.00823503094577
0.012456728150737761,0.28947861796944707,77.09521935593742
0.021847325184203042,7.969114385154244,57.13361388815391
0.015052515553649524,4.003588700016486,70.10669101823798
0.01363845126456577,7.3567453125313405,56.93561296525962
0.011426699789690149,7.8944350221625115,59.6251921330088
0.013125164640481335,3.430867151970971,69.67626795986584
0.010228214245984944,4.5317499168953885,72.08802437037738
0.01592064139311111,2.5953792393842434,71.32069045223525
0.012162100112084063,6.454188726750332,55.629261578504675
0.020897602960469844,4.636887445480798,71.60578949604185
0.0104076404423117,2.98838952011766,50.679583706767296
0.013125602829605202,7.069744130173421,83.88586700032059
0.010444076878746862,3.8345480250586057,61.89049150486183
0.011492725388331104,7.447032526902628,59.6570974636245
0.015476355136733299,5.543671320644922,88.04388344939521
0.011515502955355365,5.660164157013256,55.73824295138812
0.010416880343494122,7.496403832048346,86.73424501222138
0.010795239624953972,2.101989066658847,72.66645476697681
0.01570740882215085,6.407382585342022,55.648573594032015
0.010871539599401538,1.8861896841268813,50.257288024905655
0.012201346940853324,2.8808150325466895,77.85041454906502
0.012601792918573529,2.3325232581964204,65.17698164151231
0.013650375386902397,5.086551845386696,51.073292031811945
0.015568210066756108,1.52199366835863,71.70055571748435
0.012286390021712577,0.26500267121633847,60.6160530850852
0.011121697986740217,5.213908159645053,93.32083743034575
0.012815320605258435,2.989876867188432,72.79698274003371
0.010052764802728573,2.5720768819363733,57.900845181109034
0.010959176736988666,7.940407412522271,86.80054393073215
0.023832474712870012,1.7572276603429524,59.89060094832787
0.013621587487159189,1.6418030310410412,57.89054500731754
0.018687991992781858,3.5299015933124696,52.00823503094577
0.014939882702486418,0.609866180709888,73.33970966023384
0.021847325184203042,7.969114385154244,57.13361388815391
0.01454857303803333,4.491060619403857,68.62739189707541
0.013347437407616403,7.963891705797702,55.101297397227356
0.012007947813907002,7.753130230500769,58.918371048005596
0.013125164640481335,3.430867151970971,69.67626795986584
0.010849314367146694,4.0147605560744,72.25302364661327
0.014259285196782425,4.785395246197346,66.0545816261882
0.012162100112084063,6.454188726750332,55.629261578504675
0.02110478304730313,5.3638063797308835,68.44871206415573
0.0104076404423117,2.98838952011766,50.679583706767296
0.013105180826816762,6.760526724329605,83.15581490741059
0.010634732947510207,2.9655451298929174,56.70187332731492
0.011418226323164919,7.555341081802029,59.43694539532442
0.013854937090894437,4.726268828423705,76.0915141555574
0.011515502955355365,5.660164157013256,55.73824295138812
0.010416880343494122,7.496403832048346,86.73424501222138
0.010795239624953972,2.101989066658847,72.66645476697681
0.01570740882215085,6.407382585342022,55.648573594032015
0.010871539599401538,1.8861896841268813,50.257288024905655
0.011218780302825068,1.3851346610007123,96.00762003359908
0.012601792918573529,2.3325232581964204,65.17698164151231
0.013650375386902397,5.086551845386696,51.073292031811945
0.015568210066756108,1.52199366835863,71.70055571748435
0.013891486101761188,3.1469248404453967,58.28537841653621
0.011121697986740217,5.213908159645053,93.32083743034575
0.012866571812086162,3.14765577771968,74.62594580515659
0.010052764802728573,2.5720768819363733,57.900845181109034
0.010959176736988666,7.940407412522271,86.80054393073215
0.0181737519924213,4.626615196374046,59.42533248782517
0.013621587487159189,1.6418030310410412,57.89054500731754
0.018687991992781858,3.5299015933124696,52.00823503094577
0.014939882702486418,0.609866180709888,73.33970966023384
0.017931923028774166,5.7991470236658476,54.68061579536359
0.014868284488557933,5.473751531505666,72.33046244650097
0.012983085612294581,5.320179390024222,56.99500277016944
0.012007947813907002,7.753130230500769,58.918371048005596
0.013145933734194678,3.3876263452589583,69.51206773887726
0.010807112308609425,3.8289692906663184,68.98885852581724
0.014327050528553553,4.7569985711217075,66.53563911464614
0.012162100112084063,6.454188726750332,55.629261578504675
0.029134858467075895,6.420114974349476,65.46991997963998
0.0104076404423117,2.98838952011766,50.679583706767296
0.01235016861548242,7.22017750119403,87.49762120828578
0.011000215306727729,5.1065835929546015,57.97772405318832
0.011418226323164919,7.555341081802029,59.43694539532442
0.013854937090894437,4.726268828423705,76.0915141555574
0.011515502955355365,5.660164157013256,55.73824295138812
0.010416880343494122,7.496403832048346,86.73424501222138
0.010375982482912544,1.9507089912367939,59.76487904071533
0.01570740882215085,6.407382585342022,55.648573594032015
0.010869449388520004,2.0863748586908595,52.32591549375097
0.011280693943288123,2.2771549935503077,87.60508078329832
0.012601792918573529,2.3325232581964204,65.17698164151231
0.013650375386902397,5.086551845386696,51.073292031811945
0.014524790202873637,2.325633685650779,70.75784253565182
0.014246760894237069,3.266824642661871,56.63524043357721
0.011121697986740217,5.213908159645053,93.32083743034575
0.011980963033261832,2.1062380196594073,80.07636758382738
0.010052764802728573,2.5720768819363733,57.900845181109034
0.010970517190305803,7.9308946564300395,86.12454808818163
0.0181737519924213,4.626615196374046,59.42533248782517
0.01413920245560188,1.2366237100447028,63.9564995684135
0.018798357927061433,3.294525462801146,50.41638124692041
0.014402134132196012,1.4425189392319409,72.19234760748095
0.01813075653608207,5.922534519126959,53.83209280031253
0.016363424298401114,4.571660246315082,77.9180814685443
0.012983085612294581,5.320179390024222,56.99500277016944
0.012007947813907002,7.753130230500769,58.918371048005596
0.013145933734194678,3.3876263452589583,69.51206773887726
0.010807112308609425,3.8289692906663184,68.98885852581724
0.014661994198503787,5.015706406719261,67.91215907336961
0.011209766094664009,6.466761702570671,55.624074021979794
0.029134858467075895,6.420114974349476,65.46991997963998
0.0104076404423117,2.98838952011766,50.679583706767296
0.012509187951369611,7.569657734087236,89.4050377664179
0.011000215306727729,5.1065835929546015,57.97772405318832
0.011418226323164919,7.555341081802029,59.43694539532442
0.014772495303831026,5.35888057477435,80.57403745294505
0.010459391528800124,5.897292884274365,50.90640282041724
0.010416880343494122,7.496403832048346,86.73424501222138
0.010462326190081509,2.3872286711973816,59.51768026964546
0.01570740882215085,6.407382585342022,55.648573594032015
0.010869449388520004,2.0863748586908595,52.32591549375097
0.011381320380501164,2.252594768933623,86.5232286825723
0.011119511074330615,3.0652939315091627,59.400993443613125
0.013650375386902397,5.086551845386696,51.073292031811945
0.014524790202873637,2.325633685650779,70.75784253565182
0.014246760894237069,3.266824642661871,56.63524043357721
0.016289277774724234,4.614700127051206,81.06273855154372
0.011980963033261832,2.1062380196594073,80.07636758382738
0.010052764802728573,2.5720768819363733,57.900845181109034
0.010970517190305803,7.9308946564300395,86.12454808818163
0.024041122612895777,3.7158329813025706,62.674463107710004
0.0144094627969894,0.41027793116963185,64.59537504919454
0.018798357927061433,3.294525462801146,50.41638124692041
0.014402134132196012,1.4425189392319409,72.19234760748095
0.01813075653608207,5.922534519126959,53.83209280031253
0.01400878444857618,5.100347595687371,67.14531352541452
0.012983085612294581,5.320179390024222,56.99500277016944
0.012007947813907002,7.753130230500769,58.918371048005596
0.013220234344955154,2.5058853102523257,75.2230674191444
0.01096463257853287,4.175154993877274,70.87829397979604
0.015716456168281365,4.989537012105955,70.77292271574422
0.011209766094664009,6.466761702570671,55.624074021979794
0.029134858467075895,6.420114974349476,65.46991997963998
0.0104076404423117,2.98838952011766,50.679583706767296
0.012509187951369611,7.569657734087236,89.4050377664179
0.011000215306727729,5.1065835929546015,57.97772405318832
0.011418226323164919,7.555341081802029,59.43694539532442
0.017116107580594456,6.830356353828576,94.15783709708121
0.010459391528800124,5.897292884274365,50.90640282041724
0.010367546968682483,7.79553253165944,88.16231326140394
0.010462326190081509,2.3872286711973816,59.51768026964546
0.015600843089556586,6.178254229685187,55.720558685424145
0.010697663559806113,1.937808298146651,52.202663946592295
0.011381320380501164,2.252594768933623,86.5232286825723
0.011119511074330615,3.0652939315091627,59.400993443613125
0.013650375386902397,5.086551845386696,51.073292031811945
0.014524790202873637,2.325633685650779,70.75784253565182
0.01244238107804811,3.135960627966809,53.83609231499801
0.015675279831660796,4.915946530499528,80.86491092954086
0.012106002743908226,1.723711165735593,82.89381790055045
0.010291093126931938,2.5101815515602084,58.683963276081805
0.010970517190305803,7.9308946564300395,86.12454808818163
0.02378957483423185,3.7923463037346425,62.609946187801675
0.0144094627969894,0.41027793116963185,64.59537504919454
0.018798357927061433,3.294525462801146,50.41638124692041
0.014402134132196012,1.4425189392319409,72.19234760748095
0.01813075653608207,5.922534519126959,53.83209280031253
0.014025825695971238,4.941878005754672,67.36396822372848
0.012916722838509974,5.48575328791085,57.12589714646948
0.012007947813907002,7.753130230500769,58.918371048005596
0.01466065181695483,1.7260761272783185,93.92018917034744
0.01096463257853287,4.175154993877274,70.87829397979604
0.017675039771693463,3.5299937545953206,77.03369613286421
0.01104550723282855,6.790372407678268,54.022801110521115
0.029134858467075895,6.420114974349476,65.46991997963998
0.010363813150112677,2.9836547945118426,50.14263814990383
0.012509187951369611,7.569657734087236,89.4050377664179
0.011069732241031053,5.361115061972546,57.90848974200875
0.012133666902453303,6.089692243211641,62.49526117844
0.017116107580594456,6.830356353828576,94.15783709708121
0.010885302045222221,6.244779965912014,58.905720855543294
0.010367546968682483,7.79553253165944,88.16231326140394
0.010462326190081509,2.3872286711973816,59.51768026964546
0.015600843089556586,6.178254229685187,55.720558685424145
0.011601183749993051,3.3824023938018795,54.207225356815584
0.011269426972078566,1.270394456382835,91.45247602331511
0.011119511074330615,3.0652939315091627,59.400993443613125
0.013613693509642037,5.26436150657537,50.04279307276248
0.015501587438514042,0.21919919269310384,75.35279177493433
0.01244238107804811,3.135960627966809,53.83609231499801
0.015675279831660796,4.915946530499528,80.86491092954086
0.012106002743908226,1.723711165735593,82.89381790055045
0.011178511876133557,2.7683190477392596,56.68418840524514
0.011177790885632312,6.4359956722401925,75.63466032444835
0.02173466783996866,3.57569348003793,62.13315468844521
0.0144094627969894,0.41027793116963185,64.59537504919454
0.018798357927061433,3.294525462801146,50.41638124692041
0.016694223709168343,1.1618216869831146,61.50971479206764
0.017923706636498893,5.906072057397528,53.95162469004571
0.014025825695971238,4.941878005754672,67.36396822372848
0.013381708195434893,5.517131330686767,56.928877141137384
0.012007947813907002,7.753130230500769,58.918371048005596
0.01466065181695483,1.7260761272783185,93.92018917034744
0.013851469015407115,5.421219072911424,81.80319138769273
0.017675039771693463,3.5299937545953206,77.03369613286421
0.011147626215602634,6.854503472560101,56.8524132369051
0.029134858467075895,6.420114974349476,65.46991997963998
0.010511237790545358,3.031162971491651,50.62690721815563
0.012318436029377268,7.589775976180488,89.29435063923145
0.010424743756830777,5.425467875838343,52.87519714353973
0.012133666902453303,6.089692243211641,62.49526117844
0.017116107580594456,6.830356353828576,94.15783709708121
0.010885302045222221,6.244779965912014,58.905720855543294
0.010367546968682483,7.79553253165944,88.16231326140394
0.010467171273805764,2.3862759598575973,59.51922900725117
0.019114911572560424,6.811980283070394,54.02372543063163
0.011601183749993051,3.3824023938018795,54.207225356815584
0.011269426972078566,1.270394456382835,91.45247602331511
0.011119511074330615,3.0652939315091627,59.400993443613125
0.013632737044449816,5.148198554576746,50.39105054615034
0.015501587438514042,0.21919919269310384,75.35279177493433
0.011879612055768573,3.3972553977990225,52.82042043025919
0.015675279831660796,4.915946530499528,80.86491092954086
0.012768242902677814,2.0825603455511943,76.11871478983264
0.011178511876133557,2.7683190477392596,56.68418840524514
0.011177790885632312,6.4359956722401925,75.63466032444835
0.02173466783996866,3.57569348003793,62.13315468844521
0.0144094627969894,0.41027793116963185,64.59537504919454
0.018798357927061433,3.294525462801146,50.41638124692041
0.016694223709168343,1.1618216869831146,61.50971479206764
0.017923706636498893,5.906072057397528,53.95162469004571
0.01242094680266338,5.226299539978702,68.45295436208674
0.01380959082253615,4.820688853299374,56.30921312191015
0.012007947813907002,7.753130230500769,58.918371048005596
0.01466065181695483,1.7260761272783185,93.92018917034744
0.013851469015407115,5.421219072911424,81.80319138769273
0.01735547229497653,3.5077415908581506,75.85572514429178
0.011147626215602634,6.854503472560101,56.8524132369051
0.025294995552893676,5.6692606055129735,62.3133790643662
0.010511237790545358,3.031162971491651,50.62690721815563
0.012318436029377268,7.589775976180488,89.29435063923145
0.010424743756830777,5.425467875838343,52.87519714353973
0.012049826765074292,5.640696473586574,62.18632383397402
0.017116107580594456,6.830356353828576,94.15783709708121
0.010866714844290819,6.219806808550284,58.905511411321726
0.01082806556407068,7.743751895945418,86.3650342832996
0.011407604825770547,2.2013541380148114,59.81983987189075
0.02024366751212081,5.789244595780986,56.95261382025954
0.011410871258866428,2.9543315529325644,50.90000119481343
0.011269426972078566,1.270394456382835,91.45247602331511
0.011119511074330615,3.0652939315091627,59.400993443613125
0.013632737044449816,5.148198554576746,50.39105054615034
0.015501587438514042,0.21919919269310384,75.35279177493433
0.011879612055768573,3.3972553977990225,52.82042043025919
0.015406936618879536,4.072307226291775,84.31769880461896
0.012768242902677814,2.0825603455511943,76.11871478983264
0.011803584516455625,3.255906170517465,56.595104498914544
0.011177790885632312,6.4359956722401925,75.63466032444835
0.02466289204700813,1.7851029708567712,68.4195881924443
0.0144094627969894,0.41027793116963185,64.59537504919454
0.01476427270562969,4.321131552047154,51.600944169109624
0.017694414696488848,0.4816280307889631,62.88720810851049
0.020723760873730797,7.0683342662887005,54.47567891164714
0.010262480691584683,4.488880218959094,56.63586845237139
0.014268921130578496,3.571511613049167,61.47901828955627
0.012007947813907002,7.753130230500769,58.918371048005596
0.01466065181695483,1.7260761272783185,93.92018917034744
0.014696051363443598,6.274899138945242,92.49741122173646
0.017411529830788686,3.485205559370486,76.0001511051226
0.011147626215602634,6.854503472560101,56.8524132369051
0.023606013932405842,5.185665935255795,64.17475199604735
0.010511237790545358,3.031162971491651,50.62690721815563
0.01219920109786219,7.652507933002342,77.62924495791762
0.010424743756830777,5.425467875838343,52.87519714353973
0.012619582357925188,4.377764319141367,62.76801117251756
0.017116107580594456,6.830356353828576,94.15783709708121
0.010866714844290819,6.219806808550284,58.905511411321726
0.01082806556407068,7.743751895945418,86.3650342832996
0.011407604825770547,2.2013541380148114,59.81983987189075
0.017308733721035655,6.164967558335762,65.64447115233374
0.011410871258866428,2.9543315529325644,50.90000119481343
0.010514268241976571,1.4772470335944943,97.91143872206518
0.01142992103274262,3.0827114150022203,63.8785265080262
0.013811883865612861,4.47696771374524,53.528737891611726
0.014828062017905715,0.6695313820821065,71.32670555011538
0.01301810164090339,3.6838497546835876,53.62679830516134
0.015406936618879536,4.072307226291775,84.31769880461896
0.012768242902677814,2.0825603455511943,76.11871478983264
0.011803584516455625,3.255906170517465,56.595104498914544
0.0105223704205777,7.033740997779628,85.74240378385497
0.026187952390740517,1.9895897914581162,68.98838870479383
0.0144094627969894,0.41027793116963185,64.59537504919454
0.014756297778731607,4.121409492396184,54.85794079964368
0.0150446722343698,3.060981054513171,60.44468957164973
0.020883100475548172,7.241270966179671,54.020256078756915
0.010262480691584683,4.488880218959094,56.63586845237139
0.014268921130578496,3.571511613049167,61.47901828955627
0.012007947813907002,7.753130230500769,58.918371048005596
0.01466065181695483,1.7260761272783185,93.92018917034744
0.013382888636779644,4.947591214717575,75.86996108680897
0.01826701914384512,3.280226990658837,82.81196062539271
0.011147626215602634,6.854503472560101,56.8524132369051
0.021649460732652687,4.700104308526453,63.32230785479688
0.010511237790545358,3.031162971491651,50.62690721815563
0.012159519086589738,7.681101556002501,77.59535129466336
0.010424743756830777,5.425467875838343,52.87519714353973
0.012619582357925188,4.377764319141367,62.76801117251756
0.01646122755364346,5.9344616297367505,86.62364901373033
0.010622264891931542,6.221887748137522,58.6497936900359
0.01082806556407068,7.743751895945418,86.3650342832996
0.011771697463690008,2.3757019543020457,60.03096460698271
0.018931931996295174,6.7836264564512305,66.64018754460508
0.011410871258866428,2.9543315529325644,50.90000119481343
0.010514759361121598,1.4555876312392328,98.15850141584392
0.01142992103274262,3.0827114150022203,63.8785265080262
0.014158715946396496,4.505825280014689,50.841098602150524
0.014828062017905715,0.6695313820821065,71.32670555011538
0.01301810164090339,3.6838497546835876,53.62679830516134
0.01511607755103254,4.094257713208689,71.14812265331355
0.013956173318861669,1.3196126753805069,98.18936660662825
0.011902523635792455,3.331884066607245,58.029913470985086
0.010521110233684213,6.5806588101709185,81.7674141900335
0.026187952390740517,1.9895897914581162,68.98838870479383
0.0144094627969894,0.41027793116963185,64.59537504919454
0.015392335627720195,3.280937254160432,53.91825431350102
0.0150446722343698,3.060981054513171,60.44468957164973
0.0198665333903097,7.289411777873027,56.78400539994162
0.010262480691584683,4.488880218959094,56.63586845237139
0.014268921130578496,3.571511613049167,61.47901828955627
0.012007947813907002,7.753130230500769,58.918371048005596
0.01466065181695483,1.7260761272783185,93.92018917034744
0.010857493179690132,4.03544638934113,83.30398741275535
0.021393716089961583,5.6538692570906175,93.254344945444
0.011147626215602634,6.854503472560101,56.8524132369051
0.021649460732652687,4.700104308526453,63.32230785479688
0.010511237790545358,3.031162971491651,50.62690721815563
0.012159519086589738,7.681101556002501,77.59535129466336
0.010628070574009729,4.951576129553967,55.100945766859134
0.012427513467564266,5.437715545731349,61.5591257126703
0.016124040506008623,5.992845044853192,84.73444535365117
0.010622264891931542,6.221887748137522,58.6497936900359
0.01082806556407068,7.743751895945418,86.3650342832996
0.010145515207790182,3.587385810856245,57.21700569408562
0.018931931996295174,6.7836264564512305,66.64018754460508
0.011251946760360208,2.872853551562221,50.7894111070152
0.010514151043794722,0.9646834965904416,99.72851912088906
0.01096482012880023,0.15135023608772435,55.1343863971191
0.014004498968838982,4.341822842662149,51.442376192436456
0.015124480727229803,0.8945586198151125,72.31666976339172
0.013346105882066644,3.6416530385531543,54.00938933810486
0.013242377328661436,4.450431966448837,71.51361576429876
0.013956173318861669,1.3196126753805069,98.18936660662825
0.011902523635792455,3.331884066607245,58.029913470985086
0.010521110233684213,6.5806588101709185,81.7674141900335
0.026667938885800557,1.8693135557537222,69.24753348385046
0.0144094627969894,0.41027793116963185,64.59537504919454
0.015198648886348885,3.544562942249785,55.336812929824546
0.0150446722343698,3.060981054513171,60.44468957164973
0.018299681395063817,6.486112285247774,55.693687032730956
0.010262480691584683,4.488880218959094,56.63586845237139
0.015241951099826267,3.7968417447181886,64.92661408313477
0.012007947813907002,7.753130230500769,58.918371048005596
0.0158459594385287,0.3360251426843206,97.39998917179041
0.010857493179690132,4.03544638934113,83.30398741275535
0.01904750581688642,5.928797582440319,84.91881527689344
0.011147626215602634,6.854503472560101,56.8524132369051
0.022901882345152325,3.7398759461650384,61.79320379212591
0.010310556882676809,3.074053876570771,50.58287990206054
0.01221358645998775,7.5197934436037634,77.2916887716732
0.010628070574009729,4.951576129553967,55.100945766859134
0.012413623817966497,5.553986064097799,62.390253415403144
0.0170391338673164,6.531043974363625,89.22935635369285
0.010728444136265114,6.065758725955607,59.909061023128714
0.01082806556407068,7.743751895945418,86.3650342832996
0.011129348117284782,3.055288932541983,60.200666933693576
0.018931931996295174,6.7836264564512305,66.64018754460508
0.011251946760360208,2.872853551562221,50.7894111070152
0.010514151043794722,0.9646834965904416,99.72851912088906
0.01096482012880023,0.15135023608772435,55.1343863971191
0.014004498968838982,4.341822842662149,51.442376192436456
0.015124480727229803,0.8945586198151125,72.31666976339172
0.013732290208405563,3.130990452421533,60.71248981488986
0.013242377328661436,4.450431966448837,71.51361576429876
0.013956173318861669,1.3196126753805069,98.18936660662825
0.01200221566577968,5.019004671383094,65.61961285352348
0.010094523723226119,6.678539591596731,82.45563691443908
0.026667938885800557,1.8693135557537222,69.24753348385046
0.01573542753577975,0.22155818874228372,52.63604723321113
0.01509203306044727,3.3536417551458544,59.01395598341845
0.014832838925642154,3.208450553729883,60.418401811804046
0.018299681395063817,6.486112285247774,55.693687032730956
0.010262480691584683,4.488880218959094,56.63586845237139
0.015241951099826267,3.7968417447181886,64.92661408313477
0.012345192616657966,7.685216481210989,58.745523944637696
0.0158459594385287,0.3360251426843206,97.39998917179041
0.01111698643491598,4.702188546819246,82.15351275999255
0.01904750581688642,5.928797582440319,84.91881527689344
0.011147626215602634,6.854503472560101,56.8524132369051
0.023480229291075374,3.4526168373395794,62.93795262013217
0.010310556882676809,3.074053876570771,50.58287990206054
0.012887988130430964,6.186024755520657,81.02508054056038
0.010628070574009729,4.951576129553967,55.100945766859134
0.013575969399741072,4.92874850437209,63.4033290849353
0.0170391338673164,6.531043974363625,89.22935635369285
0.010728444136265114,6.065758725955607,59.909061023128714
0.01082806556407068,7.743751895945418,86.3650342832996
0.011178069940328106,3.025314519313791,60.1206504969476
0.018931931996295174,6.7836264564512305,66.64018754460508
0.011251946760360208,2.872853551562221,50.7894111070152
0.010514151043794722,0.9646834965904416,99.72851912088906
0.012316291547010687,1.6064332082945427,57.85840765844899
0.014004498968838982,4.341822842662149,51.442376192436456
0.015124480727229803,0.8945586198151125,72.31666976339172
0.013732290208405563,3.130990452421533,60.71248981488986
0.015305387795718654,7.086260093585979,50.178273723747566
0.013497204995136403,1.5404897070924646,92.1959030089848
0.012333014001456519,5.81923861520227,67.82680454223627
0.010094523723226119,6.678539591596731,82.45563691443908
0.028232590727063217,1.5842851573429555,67.94900438722495
0.015065134968101985,1.817108015081474,52.17380468769837
0.013667490423853523,4.239042815483383,59.3061730816494
0.01466723658725166,1.8494920029895674,64.00700240781393
0.017922478617432083,6.561715232248121,54.9988890274884
0.010253669706945365,4.603749255273555,57.99036767638884
0.015416931421098155,3.93847623093711,65.00787239943065
0.012345192616657966,7.685216481210989,58.745523944637696
0.0158459594385287,0.3360251426843206,97.39998917179041
0.01146162975195384,4.741486342015355,91.79964401387886
0.021595416722716143,6.761311618667979,94.93202525009741
0.011147626215602634,6.854503472560101,56.8524132369051
0.03098392301028894,1.914932808086208,64.7202814922619
0.010310556882676809,3.074053876570771,50.58287990206054
0.015411046865110068,5.741185059007687,79.73300116225998
0.01059757062481603,4.936054405311666,54.87329126533915
0.012598429958753802,5.703969011661658,60.76623122419363
0.018254488047986357,6.668168876489331,81.68231194095723
0.010740724844577193,6.3580911396961834,57.62708756142607
0.01082806556407068,7.743751895945418,86.3650342832996
0.012000492068192346,2.7481645423361396,61.0366920998851
0.02047317705857819,6.91849714973152,67.90481006759005
0.011251946760360208,2.872853551562221,50.7894111070152
0.010514151043794722,0.9646834965904416,99.72851912088906
0.01235681440440924,1.6095389309004178,57.774606466360844
0.014004498968838982,4.341822842662149,51.442376192436456
0.015124480727229803,0.8945586198151125,72.31666976339172
0.013629525070474236,3.1901656485267007,60.52106406583901
0.015305387795718654,7.086260093585979,50.178273723747566
0.013497204995136403,1.5404897070924646,92.1959030089848
0.011977641134213325,6.423611242044288,68.40834892668019
0.010094523723226119,6.678539591596731,82.45563691443908
0.028232590727063217,1.5842851573429555,67.94900438722495
0.015065134968101985,1.817108015081474,52.17380468769837
0.013719844497909906,4.113908331572418,59.55234313528773
0.01466723658725166,1.8494920029895674,64.00700240781393
0.017458047503114825,6.181461368489078,55.63217176359174
0.010253669706945365,4.603749255273555,57.99036767638884
0.019170675000077658,2.23531004507946,69.09013375612379
0.012372051894585658,7.475078134363148,58.95984754313591
0.0158459594385287,0.3360251426843206,97.39998917179041
0.011206430992539977,4.371808011524321,82.66167599366452
0.021834288216724115,7.028261646137282,94.82948927148358
0.010008139796161556,6.864667425583499,52.69926710356002
0.0314695339385696,1.9732922122156862,64.15041098561929
0.010310556882676809,3.074053876570771,50.58287990206054
0.015411046865110068,5.741185059007687,79.73300116225998
0.01059757062481603,4.936054405311666,54.87329126533915
0.01344404605383822,4.162998509438781,62.199263623976215
0.01875661368880807,6.489779942152966,81.0161608677858
0.010740724844577193,6.3580911396961834,57.62708756142607
0.014158004974918774,5.726026092461665,80.10371648372669
0.010385739165538076,3.7062715876703543,55.20620464874476
0.017823813602114318,7.145181907926128,72.97554911120622
0.011251946760360208,2.872853551562221,50.7894111070152
0.01115025983316359,1.0927518216849634,82.60356241291626
0.012093630877044513,1.2826815185413314,57.206667171074535
0.014004498968838982,4.341822842662149,51.442376192436456
0.015481648870067529,0.6225700895312154,73.36719270276214
0.013629525070474236,3.1901656485267007,60.52106406583901
0.015305387795718654,7.086260093585979,50.178273723747566
0.013556640795872618,1.868700737919911,87.4211202898302
0.011578267280473108,7.575677455638237,63.599479137814285
0.010094523723226119,6.678539591596731,82.45563691443908
0.023476628891583095,3.613512211961042,62.51226478031569
0.015065134968101985,1.817108015081474,52.17380468769837
0.013719844497909906,4.113908331572418,59.55234313528773
0.01482652710456509,1.6436962735470695,64.54209998824774
0.017620385486282114,6.11219659328048,55.8177471263306
0.010253669706945365,4.603749255273555,57.99036767638884
0.023066077902107913,0.32831568789703525,63.353779413641234
0.012372051894585658,7.475078134363148,58.95984754313591
0.016148847020619278,0.22380458191767727,97.98431934705967
0.011215814139736094,4.919560047180784,82.67138361387937
0.021834288216724115,7.028261646137282,94.82948927148358
0.010008139796161556,6.864667425583499,52.69926710356002
0.021317762197394344,1.5333628620242368,73.3698437381614
0.010310556882676809,3.074053876570771,50.58287990206054
0.01609815948267336,7.676280588064532,98.65571138112742
0.01059757062481603,4.936054405311666,54.87329126533915
0.01344404605383822,4.162998509438781,62.199263623976215
0.01875661368880807,6.489779942152966,81.0161608677858
0.010740724844577193,6.3580911396961834,57.62708756142607
0.014158004974918774,5.726026092461665,80.10371648372669
0.0103690136512903,3.5656245371650535,54.177671316424245
0.01797273752422796,7.285610142400181,73.41776255142858
0.011251946760360208,2.872853551562221,50.7894111070152
0.01115025983316359,1.0927518216849634,82.60356241291626
0.012093630877044513,1.2826815185413314,57.206667171074535
0.014004498968838982,4.341822842662149,51.442376192436456
0.015481648870067529,0.6225700895312154,73.36719270276214
0.013629525070474236,3.1901656485267007,60.52106406583901
0.015305387795718654,7.086260093585979,50.178273723747566
0.012303915379900684,1.6483607880609052,90.56668418350407
0.011578267280473108,7.575677455638237,63.599479137814285
0.010094523723226119,6.678539591596731,82.45563691443908
0.01985426286409327,2.9763798135185446,71.60794020963745
0.014465221090119922,3.0774830956514947,53.68547037881368
0.012261465887117972,3.036720751703923,54.78229833561349
0.01431015983124332,1.8663362874039797,63.34146384235442
0.01688407170982269,6.167606347670157,58.4239397251736
0.010253669706945365,4.603749255273555,57.99036767638884
0.023066077902107913,0.32831568789703525,63.353779413641234
0.012372051894585658,7.475078134363148,58.95984754313591
0.01517612708892531,1.260856798871652,95.48939825130981
0.011215814139736094,4.919560047180784,82.67138361387937
0.021834288216724115,7.028261646137282,94.82948927148358
0.010008139796161556,6.864667425583499,52.69926710356002
0.021554882086478228,1.0744808158041517,72.66192154481794
0.010310556882676809,3.074053876570771,50.58287990206054
0.015570567549067469,7.163025428563783,97.40153698032742
0.01059757062481603,4.936054405311666,54.87329126533915
0.01344404605383822,4.162998509438781,62.199263623976215
0.01875661368880807,6.489779942152966,81.0161608677858
0.010740724844577193,6.3580911396961834,57.62708756142607
0.014158004974918774,5.726026092461665,80.10371648372669
0.0103690136512903,3.5656245371650535,54.177671316424245
0.01797273752422796,7.285610142400181,73.41776255142858
0.011251946760360208,2.872853551562221,50.7894111070152
0.011443152441922101,1.2681122785520829,80.04851130985638
0.010132528640821804,0.7662855246020956,51.77882764385872
0.014004498968838982,4.341822842662149,51.442376192436456
0.015481648870067529,0.6225700895312154,73.36719270276214
0.013690764681923463,3.1645225739556135,60.56697209414503
0.015305387795718654,7.086260093585979,50.178273723747566
0.011584806834415824,3.2855737068350575,87.92671612424412
0.011579520525991541,6.753518430130077,68.2615709251397
0.010094523723226119,6.678539591596731,82.45563691443908
0.018717237187221774,2.9626960547894527,68.85621592295311
0.014465221090119922,3.0774830956514947,53.68547037881368
0.012169109951542124,3.0625324488295345,54.752791173966564
0.01431015983124332,1.8663362874039797,63.34146384235442
0.01688407170982269,6.167606347670157,58.4239397251736
0.010253669706945365,4.603749255273555,57.99036767638884
0.020288280244713342,1.2552522299507474,62.190963467376946
0.012372051894585658,7.475078134363148,58.95984754313591
0.01500710143254222,2.002151148859446,92.9351123519168
0.011215814139736094,4.919560047180784,82.67138361387937
0.01953663820268655,7.077695524659813,95.7729645265098
0.010008139796161556,6.864667425583499,52.69926710356002
0.021554882086478228,1.0744808158041517,72.66192154481794
0.010310556882676809,3.074053876570771,50.58287990206054
0.015237192731950004,6.90387003329924,94.43421196312121
0.01059757062481603,4.936054405311666,54.87329126533915
0.011827820473230024,3.2211745839105146,63.97302221490743
0.01960879888731415,6.834417832005598,84.08679988623769
0.010740724844577193,6.3580911396961834,57.62708756142607
0.013960072218386075,5.693964075774861,81.67782980967401
0.010474924758232326,2.612397745215314,50.67677758324213
0.016703160531912696,6.361787548795013,69.3346924497952
0.011821924703628209,2.8635206762058085,52.248760281574754
0.01150554847882072,1.0177919215983504,79.93714255731463
0.010543171055335986,1.2722330630085494,54.668274700230114
0.014785338317675515,4.287295580772514,50.079229792129425
0.015481648870067529,0.6225700895312154,73.36719270276214
0.013135752507330286,2.8002088487543606,58.326568024757954
0.015322845643069422,7.087626070933783,50.07013555863154
0.011585386783249498,2.9051134052226497,90.08413432743691
0.011579520525991541,6.753518430130077,68.2615709251397
0.010094523723226119,6.678539591596731,82.45563691443908
0.017917378209150115,2.763713116141867,67.85532040712505
0.014465221090119922,3.0774830956514947,53.68547037881368
0.012820885023062731,3.05849200494022,56.21513532921871
0.013690756772913334,0.7027360180433755,61.790179662754646
0.01688407170982269,6.167606347670157,58.4239397251736
0.010253669706945365,4.603749255273555,57.99036767638884
0.020288280244713342,1.2552522299507474,62.190963467376946
0.013104308228397959,5.95420143284384,68.40126505381883
0.015081521255653691,3.200780075441135,82.83198493334186
0.011215814139736094,4.919560047180784,82.67138361387937
0.01953663820268655,7.077695524659813,95.7729645265098
0.01016460729185402,6.661331618502526,52.980788431153904
0.01756750703128102,3.344519128058075,70.90300301453355
0.010310556882676809,3.074053876570771,50.58287990206054
0.016380032451410714,6.885713609453748,91.72915732305955
0.01059757062481603,4.936054405311666,54.87329126533915
0.011827820473230024,3.2211745839105146,63.97302221490743
0.01960879888731415,6.834417832005598,84.08679988623769
0.010812394477715084,6.3581355712503225,57.76781524240636
0.013960072218386075,5.693964075774861,81.67782980967401
0.010474924758232326,2.612397745215314,50.67677758324213
0.01657355095178732,6.50090412653658,77.15144592974647
0.011821924703628209,2.8635206762058085,52.248760281574754
0.01192225733434738,0.37304995175875666,91.7678941275162
0.010543171055335986,1.2722330630085494,54.668274700230114
0.014152694905517335,4.059241360746426,53.05125454683103
0.015481648870067529,0.6225700895312154,73.36719270276214
0.01419005295807387,2.4608759531975606,53.775063021003874
0.015322845643069422,7.087626070933783,50.07013555863154
0.011585386783249498,2.9051134052226497,90.08413432743691
0.011391367722790533,6.995661336214538,69.20893472662485
0.010094523723226119,6.678539591596731,82.45563691443908
0.01964865937113697,2.206771909406346,64.02774062739414
0.01445777734047096,3.0493510849809162,53.76932700941799
0.012820885023062731,3.05849200494022,56.21513532921871
0.013901973712051043,0.0973903385474797,61.14275450775534
0.01688407170982269,6.167606347670157,58.4239397251736
0.01088786445649748,4.766056065766248,59.81368909890742
0.020288280244713342,1.2552522299507474,62.190963467376946
0.013900190138812227,5.536987982195742,68.47418014214972
0.014160656634059977,1.1639791368275452,86.3379522834218
0.011327459044130277,4.807099751990849,82.42787546825176
0.018821771639412687,6.676912708895209,90.10048242469918
0.01016460729185402,6.661331618502526,52.980788431153904
0.01693943881732082,3.46180293543351,73.0605566419319
0.010310556882676809,3.074053876570771,50.58287990206054
0.015748998418709036,5.203934984145047,83.06484966511752
0.01059757062481603,4.936054405311666,54.87329126533915
0.011828328932907186,3.2218374635824447,63.918259002599164
0.019647815749527866,6.901123088517206,84.33879245872387
0.010812394477715084,6.3581355712503225,57.76781524240636
0.013960072218386075,5.693964075774861,81.67782980967401
0.010474924758232326,2.612397745215314,50.67677758324213
0.015467686210722479,3.9147231532067877,68.87779110253098
0.012098175885395857,3.218888421919914,54.40550664095556
0.01192225733434738,0.37304995175875666,91.7678941275162
0.010514157988163422,1.2823812599601752,54.612348664448405
0.014267666857730302,3.980114239990218,52.88891220588835
0.015481648870067529,0.6225700895312154,73.36719270276214
0.014260446870617645,2.430150334370688,53.649610012448306
0.015322845643069422,7.087626070933783,50.07013555863154
0.011585386783249498,2.9051134052226497,90.08413432743691
0.011649596727184523,7.932617880637518,73.65910067113833
0.010094523723226119,6.678539591596731,82.45563691443908
0.021415159061168525,2.626018701686194,57.685464840286045
0.013815419557781797,0.05072385742677188,56.51616724264852
0.012820885023062731,3.05849200494022,56.21513532921871
0.013901973712051043,0.0973903385474797,61.14275450775534
0.01688407170982269,6.167606347670157,58.4239397251736
0.01088786445649748,4.766056065766248,59.81368909890742
0.020288280244713342,1.2552522299507474,62.190963467376946
0.015593201837169886,7.461900712565601,52.66899083795059
0.014160656634059977,1.1639791368275452,86.3379522834218
0.011148690492502944,5.078447797514186,82.4319007187591
0.018821771639412687,6.676912708895209,90.10048242469918
0.01016460729185402,6.661331618502526,52.980788431153904
0.01693943881732082,3.46180293543351,73.0605566419319
0.010274684120851987,3.955766249386199,51.172258748941445
0.017287539247907067,6.053397222191471,80.471078441892
0.01061427826652004,4.878503406305468,55.338625295640604
0.011841842906256728,3.2002710869786295,63.86791823327409
0.019647815749527866,6.901123088517206,84.33879245872387
0.010812394477715084,6.3581355712503225,57.76781524240636
0.013831008962669545,7.0963408222428725,93.72083434448953
0.010474924758232326,2.612397745215314,50.67677758324213
0.015243012708962939,4.351477060437276,72.28809910685779
0.012385600188917548,3.2005986855103443,54.506691722353395
0.01192225733434738,0.37304995175875666,91.7678941275162
0.010335054017298208,1.153655125069443,54.69458486635662
0.013566327849117175,3.754650877954137,56.06309357965493
0.016635963935481172,2.362161547439003,76.40708122773543
0.014989186543565052,2.395066423979596,54.22190119656242
0.015322845643069422,7.087626070933783,50.07013555863154
0.01187047657769373,1.4862887706058916,95.0797657371008
0.011649596727184523,7.932617880637518,73.65910067113833
0.010094523723226119,6.678539591596731,82.45563691443908
0.021415159061168525,2.626018701686194,57.685464840286045
0.013079655433826628,1.1603615357528425,56.24551592168816
0.012663587639387033,3.280919406034539,52.67853233140535
0.012715630531749813,0.4486997689016432,58.99811915452548
0.015804166257234888,4.629238869493627,56.45878654771465
0.010891619869076347,4.770553929004548,60.13934951889289
0.02229568714626211,0.3467224086292884,65.29247500791945
0.01572148272599955,7.639489703469549,53.90211762566837
0.012490241004469452,1.1594712481813878,72.52115508792971
0.011148690492502944,5.078447797514186,82.4319007187591
0.01568660549841408,5.384701489683028,75.59524787962292
0.010135344231663438,6.671875927515363,52.96274147591283
0.020270798412652072,5.5127048062732875,60.639066917632206
0.010708274356964897,3.3327989541813627,52.56238212317635
0.017436562871177216,6.286421255628742,80.19146999312521
0.010154881311158555,5.571339811860415,55.169635820935895
0.01185596959392277,2.7036031271560765,68.76920590895992
0.022756387827014772,6.796796364538526,79.32491551479744
0.010812394477715084,6.3581355712503225,57.76781524240636
0.013831008962669545,7.0963408222428725,93.72083434448953
0.010474924758232326,2.612397745215314,50.67677758324213
0.014669582143098266,4.4889551507491054,70.35885449398955
0.012385600188917548,3.2005986855103443,54.506691722353395
0.01192225733434738,0.37304995175875666,91.7678941275162
0.010335054017298208,1.153655125069443,54.69458486635662
0.013566327849117175,3.754650877954137,56.06309357965493
0.02015252328595154,0.8877974336096397,86.36582384314372
0.014989186543565052,2.395066423979596,54.22190119656242
0.015322845643069422,7.087626070933783,50.07013555863154
0.01187047657769373,1.4862887706058916,95.0797657371008
0.011649596727184523,7.932617880637518,73.65910067113833
0.010094523723226119,6.678539591596731,82.45563691443908
0.02125249243746072,3.0470903729911183,56.280164224180936
0.013079655433826628,1.1603615357528425,56.24551592168816
0.012663587639387033,3.280919406034539,52.67853233140535
0.012715630531749813,0.4486997689016432,58.99811915452548
0.016412765876837255,5.01599980105886,56.65510588165262
0.010891619869076347,4.770553929004548,60.13934951889289
0.02229568714626211,0.3467224086292884,65.29247500791945
0.01572148272599955,7.639489703469549,53.90211762566837
0.012490241004469452,1.1594712481813878,72.52115508792971
0.01165013129988477,5.072499179480499,79.97647676086892
0.017209957752387657,7.977472686705962,96.98835528004365
0.010135344231663438,6.671875927515363,52.96274147591283
0.01717073329815714,4.806003307213069,58.020694547925785
0.010708274356964897,3.3327989541813627,52.56238212317635
0.01647436945640279,6.651140806058955,66.4798205578631
0.010154881311158555,5.571339811860415,55.169635820935895
0.011781116082478824,2.6500949732329393,70.2605586908135
0.022756387827014772,6.796796364538526,79.32491551479744
0.010812394477715084,6.3581355712503225,57.76781524240636
0.013831008962669545,7.0963408222428725,93.72083434448953
0.010474924758232326,2.612397745215314,50.67677758324213
0.014669582143098266,4.4889551507491054,70.35885449398955
0.012385600188917548,3.2005986855103443,54.506691722353395
0.01192225733434738,0.37304995175875666,91.7678941275162
0.010335054017298208,1.153655125069443,54.69458486635662
0.01372541672407652,3.6942260111404863,55.82064207606693
0.0199407491951736,1.308749316833322,85.88438524572675
0.014123763509960792,2.724718099373869,53.64756872553527
0.015322845643069422,7.087626070933783,50.07013555863154
0.01187047657769373,1.4862887706058916,95.0797657371008
0.011649596727184523,7.932617880637518,73.65910067113833
0.010094523723226119,6.678539591596731,82.45563691443908
0.02211139010448584,2.640391395329124,56.562773970591934
0.01301754148578801,0.9587890081128725,56.33158984896464
0.01181147489540086,2.9925898231390553,51.66855287882634
0.012715630531749813,0.4486997689016432,58.99811915452548
0.01474278513830267,5.1641979839500145,56.258692946413746
0.010891619869076347,4.770553929004548,60.13934951889289
0.02229568714626211,0.3467224086292884,65.29247500791945
0.014627681066771248,6.184022879741267,54.100351269308284
0.011953524360973978,1.1580228309009473,68.08171805007105
0.01170502151582792,4.364287688728225,77.8244635543593
0.017209957752387657,7.977472686705962,96.98835528004365
0.010135344231663438,6.671875927515363,52.96274147591283
0.01717073329815714,4.806003307213069,58.020694547925785
0.011042846687067454,1.3828879370702793,52.3285854425551
0.01647436945640279,6.651140806058955,66.4798205578631
0.010154881311158555,5.571339811860415,55.169635820935895
0.011781116082478824,2.6500949732329393,70.2605586908135
0.022756387827014772,6.796796364538526,79.32491551479744
0.010807129427344233,6.351835287825651,57.747010266593946
0.013831008962669545,7.0963408222428725,93.72083434448953
0.010474924758232326,2.612397745215314,50.67677758324213
0.014669582143098266,4.4889551507491054,70.35885449398955
0.012385600188917548,3.2005986855103443,54.506691722353395
0.011896946767483478,0.9715386625844449,82.60636033637672
0.010335054017298208,1.153655125069443,54.69458486635662
0.01408062008811197,4.835875449475828,54.70292967715462
0.0199407491951736,1.308749316833322,85.88438524572675
0.014123763509960792,2.724718099373869,53.64756872553527
0.015234287110100313,7.088143396725046,52.66133196661629
0.013550069788327393,1.3026945964591297,90.28077094051183
0.011649596727184523,7.932617880637518,73.65910067113833
0.010094523723226119,6.678539591596731,82.45563691443908
0.024162390413924578,1.9655442932413711,56.344034172558736
0.012662750900848833,1.5304564425596041,56.18758031792412
0.01181147489540086,2.9925898231390553,51.66855287882634
0.010603798428841302,0.19731562837413175,51.13952436823124
0.016642593978772966,6.74679051971606,57.67074481567961
0.010602989506444995,5.49618785235348,57.400418262302004
0.022094361066324196,0.5218985310417574,65.00681408343698
0.014627681066771248,6.184022879741267,54.100351269308284
0.012120341584641916,1.245096461770264,68.25533488713577
0.010706594137578669,3.6245511030931308,95.84115935372006
0.017209957752387657,7.977472686705962,96.98835528004365
0.010135344231663438,6.671875927515363,52.96274147591283
0.01935338707762018,4.9823961179812475,50.112342810600026
0.011042846687067454,1.3828879370702793,52.3285854425551
0.01612833141438821,6.652626895613091,67.34633684098668
0.010053015629967996,5.754323597878965,54.224355861950485
0.011894469462189056,2.180609840934216,69.59050619248158
0.019599917748723595,4.939527025024553,82.86872360471561
0.010999183521113419,5.946418044442458,56.89078132587803
0.013444873904081259,7.053164496809874,92.55666872067214
0.010474924758232326,2.612397745215314,50.67677758324213
0.012152379706057159,3.770587014464032,67.56796380928766
0.012577864886177592,3.147959767338635,54.41166093848365
0.011896946767483478,0.9715386625844449,82.60636033637672
0.010335054017298208,1.153655125069443,54.69458486635662
0.013012452183311684,5.332965350207183,54.23178057313433
0.0199407491951736,1.308749316833322,85.88438524572675
0.014168316123983364,2.839296193376698,50.49504842422836
0.015333004600108783,7.206263452287348,52.68996475554307
0.013615852292257067,1.4184984639184757,89.58710808143667
0.011649596727184523,7.932617880637518,73.65910067113833
0.010094523723226119,6.678539591596731,82.45563691443908
0.024162390413924578,1.9655442932413711,56.344034172558736
0.012650247069218716,1.551932755170951,56.12120330521763
0.011507811269597584,3.6444947167423365,57.11362185788339
0.011266613459625291,0.97792124013134,55.739669896648365
0.016642593978772966,6.74679051971606,57.67074481567961
0.010425297507465646,7.157864679622594,59.44931993296371
0.02184640435406673,0.9254084954733495,63.659415624770055
0.01604159775215594,7.840938521370267,53.90462105836765
0.012260518026909308,1.4167493207404394,59.25031088545251
0.010706594137578669,3.6245511030931308,95.84115935372006
0.018125693471472984,5.741202243342725,93.26478202404155
0.01117537441976212,6.161546414919271,53.912686562932265
0.01935338707762018,4.9823961179812475,50.112342810600026
0.011042846687067454,1.3828879370702793,52.3285854425551
0.01577543147357234,6.400425574396369,66.30578079517683
0.010053015629967996,5.754323597878965,54.224355861950485
0.011975982309932793,0.2658905253991266,68.23615891382839
0.0180824396014494,4.189990216604527,79.90391683624635
0.010258188418374382,7.713859248002338,58.52143909623829
0.013444873904081259,7.053164496809874,92.55666872067214
0.010474924758232326,2.612397745215314,50.67677758324213
0.012152379706057159,3.770587014464032,67.56796380928766
0.012577864886177592,3.147959767338635,54.41166093848365
0.011896946767483478,0.9715386625844449,82.60636033637672
0.010335054017298208,1.153655125069443,54.69458486635662
0.013012452183311684,5.332965350207183,54.23178057313433
0.017098533981826484,2.900144984105186,81.15201522078185
0.0131865727738818,3.937122532356447,52.768356225458746
0.014676638024317073,5.988360813121293,55.87006445632647
0.014638701940649253,3.7781074272556223,78.56028506198571
0.011736014020505583,5.902694190101126,72.22326534851648
0.010094523723226119,6.678539591596731,82.45563691443908
0.01868715171264019,3.700308701267902,63.34064994602671
0.012644534852622227,1.677887121346506,55.986290597844466
0.010257994085897486,2.720050324449959,57.60409342029004
0.012697416310724583,1.8957480811724245,53.1535953660468
0.016642593978772966,6.74679051971606,57.67074481567961
0.010559242776076241,6.875112458628063,58.85215580484992
0.02184640435406673,0.9254084954733495,63.659415624770055
0.01572328015736231,7.546305789168459,54.129925320075245
0.012260518026909308,1.4167493207404394,59.25031088545251
0.010706594137578669,3.6245511030931308,95.84115935372006
0.018125693471472984,5.741202243342725,93.26478202404155
0.01117537441976212,6.161546414919271,53.912686562932265
0.01935338707762018,4.9823961179812475,50.112342810600026
0.011042846687067454,1.3828879370702793,52.3285854425551
0.01577543147357234,6.400425574396369,66.30578079517683
0.010031888447576222,6.067066927823228,53.87600543893855
0.01228457101361892,1.7745132956593506,64.06662821247143
0.02288021203455165,4.557791874691205,69.53720522541582
0.010412790271576105,7.077783002866855,60.79363100297503
0.013488256474953587,7.058015390186279,92.68746362405913
0.010271033716401885,3.0538070710316694,50.083758000374765
0.013515203278169146,4.526344527234325,74.735985615983
0.01272908915372941,2.8230182120144955,54.465463111316055
0.011896946767483478,0.9715386625844449,82.60636033637672
0.010335054017298208,1.153655125069443,54.69458486635662
0.012982800664361976,5.0703208364165135,54.256233453311836
0.015351767263853122,2.491704789808168,74.95251065730506
0.0137050933848172,4.152611713980768,51.9121629413668
0.017679061636942613,5.20168471948033,52.61215756324218
0.014039379918793327,3.1469124348010755,71.7759528538963
0.01080816144283029,7.159975720407322,84.66763379360896
0.010094523723226119,6.678539591596731,82.45563691443908
0.020133136252896637,4.438729928430453,66.16207213655898
0.012644534852622227,1.677887121346506,55.986290597844466
0.010257994085897486,2.720050324449959,57.60409342029004
0.013334133926398031,0.9666819904049637,52.895778131740975
0.016642593978772966,6.74679051971606,57.67074481567961
0.010344917508352362,7.123330895262242,60.57038124991016
0.02184640435406673,0.9254084954733495,63.659415624770055
0.01572328015736231,7.546305789168459,54.129925320075245
0.012563433212271118,1.7586225539387115,58.355228322557004
0.010339305716395335,3.506621456635918,98.60113254789107
0.018125693471472984,5.741202243342725,93.26478202404155
0.01117537441976212,6.161546414919271,53.912686562932265
0.01935338707762018,4.9823961179812475,50.112342810600026
0.011025890565787705,0.7714875074591854,52.12590929190833
0.014376352586780935,4.742301440419473,62.12879627755287
0.010031888447576222,6.067066927823228,53.87600543893855
0.01228457101361892,1.7745132956593506,64.06662821247143
0.02288021203455165,4.557791874691205,69.53720522541582
0.010412790271576105,7.077783002866855,60.79363100297503
0.01218401397317572,5.434733737732423,75.41618097509021
0.010271033716401885,3.0538070710316694,50.083758000374765
0.013515203278169146,4.526344527234325,74.735985615983
0.013446826368502852,2.755629271001911,55.74489431312198
0.011896946767483478,0.9715386625844449,82.60636033637672
0.010335054017298208,1.153655125069443,54.69458486635662
0.013040472590064951,4.782636945643591,54.441253243676364
0.01499324797806595,2.2747335932061055,76.21736450802416
0.01449545889286058,5.1500442085513765,51.84910771399161
0.02149362507072481,6.208677043590203,53.284073824028084
0.012799338007332874,2.718595982279079,76.83123102803289
0.01080816144283029,7.159975720407322,84.66763379360896
0.010094523723226119,6.678539591596731,82.45563691443908
0.02109679000607683,4.480495973670744,67.34604372200977
0.012644534852622227,1.677887121346506,55.986290597844466
0.011805624259174885,3.7213097805404787,57.675228349434576
0.013334133926398031,0.9666819904049637,52.895778131740975
0.016562568979379917,6.798876996174912,57.89387549877237
0.010460156652525799,7.328037929601605,50.49809398636797
0.019561755444005197,3.4650056738210844,61.16648501079206
0.01578495765865357,7.650019961489871,54.19770202133863
0.012563433212271118,1.7586225539387115,58.355228322557004
0.010740770697154055,4.781468120553532,77.14255380281647
0.01959784771121286,6.129112826049786,99.18112606681106
0.01117537441976212,6.161546414919271,53.912686562932265
0.01935338707762018,4.9823961179812475,50.112342810600026
0.011025890565787705,0.7714875074591854,52.12590929190833
0.014362944285660362,4.696400110802277,63.2860243389602
0.010031888447576222,6.067066927823228,53.87600543893855
0.012186901291773768,2.1715158213120755,62.76325525706102
0.020818315172206787,5.017690117722331,66.37645573452069
0.010412790271576105,7.077783002866855,60.79363100297503
0.011695719144310699,4.9243618386150185,81.55324461042275
0.010271033716401885,3.0538070710316694,50.083758000374765
0.013515203278169146,4.526344527234325,74.735985615983
0.013446826368502852,2.755629271001911,55.74489431312198
0.011896946767483478,0.9715386625844449,82.60636033637672
0.010335054017298208,1.153655125069443,54.69458486635662
0.013057301243812105,4.761024302730932,54.628915705359844
0.016878880343894485,0.29746712730297364,82.5668371945261
0.01449545889286058,5.1500442085513765,51.84910771399161
0.023826030177854028,7.707110685753818,53.39506884072057
0.012799338007332874,2.718595982279079,76.83123102803289
0.01079473557263988,7.174295866408368,84.84694498162986
0.010094523723226119,6.678539591596731,82.45563691443908
0.019501162102776946,4.411339321734339,65.3856112614658
0.012644534852622227,1.677887121346506,55.986290597844466
0.011805624259174885,3.7213097805404787,57.675228349434576
0.013334133926398031,0.9666819904049637,52.895778131740975
0.01802859176590337,7.671534879806461,59.713750893169625
0.010460156652525799,7.328037929601605,50.49809398636797
0.019561755444005197,3.4650056738210844,61.16648501079206
0.01578495765865357,7.650019961489871,54.19770202133863
0.01210141714521871,1.2587540742205023,58.24038092171459
0.010738413194200689,4.7801274447442275,77.1532775440759
0.01959784771121286,6.129112826049786,99.18112606681106
0.011334915499334814,5.77762487295356,53.83753290712201
0.01935338707762018,4.9823961179812475,50.112342810600026
0.011049483271663739,1.1536842612403015,52.25658428974974
0.014171866553498507,4.708589329280067,64.47257490485559
0.01003251301772946,6.068724213386319,53.88734836823514
0.012869605209647961,1.8571184690980187,67.28149157208114
0.01814418715294573,5.614144188805143,62.2771969743829
0.01022594233831424,7.798734792379155,57.64885706881209
0.010885660985463366,4.918222744846151,84.87918656119328
0.010271033716401885,3.0538070710316694,50.083758000374765
0.014222422224093563,4.859371441266231,81.7936826493842
0.013446826368502852,2.755629271001911,55.74489431312198
0.01174995871199614,0.6772539562165427,84.98459771432451
0.010335054017298208,1.153655125069443,54.69458486635662
0.013057301243812105,4.761024302730932,54.628915705359844
0.016660965257546373,0.6784759600996324,80.89685039794932
0.013815475497336681,4.812623994663518,51.56494870006427
0.017728375242997838,6.528406345372379,63.369426445095826
0.011852837462573158,1.5213683227191552,85.03057487039948
0.010844013619469985,7.819710965081223,88.07929006168038
0.010849183734710298,5.198627442538334,74.62219769333632
0.017480690693585016,3.4973700851091243,69.96123538789423
0.012644534852622227,1.677887121346506,55.986290597844466
0.011805624259174885,3.7213097805404787,57.675228349434576
0.012306889839745053,3.2404178793565546,52.03877523113087
0.01802859176590337,7.671534879806461,59.713750893169625
0.010460156652525799,7.328037929601605,50.49809398636797
0.018772685254138208,2.4899807852659066,57.894827885461616
0.01578495765865357,7.650019961489871,54.19770202133863
0.01210141714521871,1.2587540742205023,58.24038092171459
0.010738413194200689,4.7801274447442275,77.1532775440759
0.01959784771121286,6.129112826049786,99.18112606681106
0.011334915499334814,5.77762487295356,53.83753290712201
0.01935338707762018,4.9823961179812475,50.112342810600026
0.01170393313224562,1.5909986738834598,53.2088568332469
0.014918821776425069,5.020245332212942,66.61830339757739
0.01003251301772946,6.068724213386319,53.88734836823514
0.013811776990539752,2.168236041678909,50.834583742359186
0.016277498041119404,5.301082399949635,59.47057547272195
0.01022594233831424,7.798734792379155,57.64885706881209
0.011015791409811987,5.312961499548932,92.24616181910123
0.010271033716401885,3.0538070710316694,50.083758000374765
0.014222422224093563,4.859371441266231,81.7936826493842
0.014170163234365393,2.1687829449458924,56.70980144874765
0.012502570496880935,1.162522399730714,81.33460378043556
0.010335054017298208,1.153655125069443,54.69458486635662
0.013057301243812105,4.761024302730932,54.628915705359844
0.016660965257546373,0.6784759600996324,80.89685039794932
0.016708202161585715,2.644005959309827,52.48471794403995
0.018901428849364615,7.6476230460513985,65.07302322762072
0.01220503793331466,1.730903201438605,85.67406411478146
0.010844013619469985,7.819710965081223,88.07929006168038
0.01087134998745339,5.163728175542193,73.52533932566037
0.016791532492290987,3.2553989880630025,71.80654983838946
0.01074631338432636,1.2265934056671082,57.621946245536954
0.011805624259174885,3.7213097805404787,57.675228349434576
0.01128884710723639,4.506407174004528,52.86622230565388
0.018309132852847104,7.950913612519305,58.56370363291748
0.010460156652525799,7.328037929601605,50.49809398636797
0.017627851956484746,4.467197408048178,56.47816834753702
0.01578495765865357,7.650019961489871,54.19770202133863
0.01210141714521871,1.2587540742205023,58.24038092171459
0.010819571093508852,4.512061523505593,75.14060146306542
0.01959784771121286,6.129112826049786,99.18112606681106
0.011334915499334814,5.77762487295356,53.83753290712201
0.017727528114064053,4.637153683086759,50.10722575909609
0.01170393313224562,1.5909986738834598,53.2088568332469
0.014918821776425069,5.020245332212942,66.61830339757739
0.01003251301772946,6.068724213386319,53.88734836823514
0.013893574365965836,2.238097369791129,52.98721636810671
0.016145277855314964,5.254373159158805,59.417492326416934
0.01022594233831424,7.798734792379155,57.64885706881209
0.011015791409811987,5.312961499548932,92.24616181910123
0.010271033716401885,3.0538070710316694,50.083758000374765
0.01402639014870259,4.803364611429468,78.58473537414665
0.01403623958468117,2.359944575804235,56.74168651786774
0.012403449716700845,0.9494606831844261,81.30814553701005
0.010335054017298208,1.153655125069443,54.69458486635662
0.012626934034089,4.4035366734817725,55.67633695594283
0.016660965257546373,0.6784759600996324,80.89685039794932
0.01560222982109159,2.3853760384316134,52.868210001171214
0.019198254304197332,7.7701035476121465,65.54898386206145
0.01220503793331466,1.730903201438605,85.67406411478146
0.010844013619469985,7.819710965081223,88.07929006168038
0.01087330764267732,5.166320685221704,73.44219695183165
0.016731494925763066,3.3395258904820873,71.38186356219741
0.01074631338432636,1.2265934056671082,57.621946245536954
0.011174485314844915,3.1970496607220955,59.21128483196039
0.011544599596064622,4.511600589405591,52.75663150084426
0.01660547753251293,5.721725203768872,57.83724290549407
0.010460156652525799,7.328037929601605,50.49809398636797
0.017627851956484746,4.467197408048178,56.47816834753702
0.013822259006717547,7.416056976428423,50.802872099426594
0.01210141714521871,1.2587540742205023,58.24038092171459
0.010756541858798051,4.442049610436934,79.3296207843836
0.01959784771121286,6.129112826049786,99.18112606681106
0.012461809929699847,5.525753251047353,53.7944304357529
0.014891900245973994,4.585804953971561,60.383105815576066
0.01170393313224562,1.5909986738834598,53.2088568332469
0.014509897579091081,6.039366073265787,63.266774987607036
0.01003251301772946,6.068724213386319,53.88734836823514
0.01406795148939535,2.069034434201106,51.80623435532844
0.014680320961148467,4.161474002335598,58.9302882293881
0.01022594233831424,7.798734792379155,57.64885706881209
0.011015791409811987,5.312961499548932,92.24616181910123
0.010271033716401885,3.0538070710316694,50.083758000374765
0.013576195726370458,4.180666659508196,73.66577287023829
0.013623355226192176,1.812092692033664,56.9988540533497
0.012436424468375541,0.875290935385884,81.43654756940266
0.010335054017298208,1.153655125069443,54.69458486635662
0.012626934034089,4.4035366734817725,55.67633695594283
0.016358595001530234,1.3463203075305028,77.3906218757376
0.01495985700197008,2.810188077263362,52.98575040924556
0.019207425229458855,7.732441756906685,66.32086312015113
0.012200796441542991,1.7382207716350795,85.61646107234012
0.010844013619469985,7.819710965081223,88.07929006168038
0.01087330764267732,5.166320685221704,73.44219695183165
0.014152118068417204,4.979985263061846,62.79245096936786
0.01072204145975333,0.4736084706838062,54.598282523604
0.010322231937701532,4.979186065329047,60.103967669332604
0.01115693956094578,4.886805274126665,52.718577223341484
0.015487472021831587,4.285569531400623,55.837777562248135
0.010460156652525799,7.328037929601605,50.49809398636797
0.017627851956484746,4.467197408048178,56.47816834753702
0.013822259006717547,7.416056976428423,50.802872099426594
0.01210141714521871,1.2587540742205023,58.24038092171459
0.010756541858798051,4.442049610436934,79.3296207843836
0.01959784771121286,6.129112826049786,99.18112606681106
0.012515053901921834,5.891083218937961,53.762212593678164
0.0161299613039481,4.628843035811779,54.71081815123581
0.011934959676074665,1.9108053384915742,54.11322667803102
0.014509897579091081,6.039366073265787,63.266774987607036
0.01003251301772946,6.068724213386319,53.88734836823514
0.012836804582026008,3.262661821835893,60.144268175908735
0.015029726849325103,3.620029307555896,56.37546995592605
0.01022594233831424,7.798734792379155,57.64885706881209
0.010990818143565857,4.901542019733759,89.045512719209
0.010271033716401885,3.0538070710316694,50.083758000374765
0.013048494045935635,4.229584799436081,74.72576895571348
0.013936481163376816,1.9565493623411505,57.25793710004583
0.012331402571429215,0.995503311252518,74.16475004489646
0.010440444618952271,0.9684539578071563,54.66835827414731
0.013241011954831045,3.9266792605156455,55.086061269981066
0.01634544693570512,1.359542574758037,76.92520498340522
0.01566272742828827,2.0461150249258178,52.7582137541938
0.019207425229458855,7.732441756906685,66.32086312015113
0.012200796441542991,1.7382207716350795,85.61646107234012
0.010844013619469985,7.819710965081223,88.07929006168038
0.010885109027586937,4.097376355300524,67.54550025965504
0.014152118068417204,4.979985263061846,62.79245096936786
0.01072204145975333,0.4736084706838062,54.598282523604
0.010322231937701532,4.979186065329047,60.103967669332604
0.01115693956094578,4.886805274126665,52.718577223341484
0.017384460334702128,5.53234886768039,56.27731841378127
0.010460156652525799,7.328037929601605,50.49809398636797
0.017627851956484746,4.467197408048178,56.47816834753702
0.013822259006717547,7.416056976428423,50.802872099426594
0.01210141714521871,1.2587540742205023,58.24038092171459
0.010514817291320576,4.894588840293701,78.27739372721341
0.01959784771121286,6.129112826049786,99.18112606681106
0.012515053901921834,5.891083218937961,53.762212593678164
0.0214147160268348,6.049526024159505,58.88442801753985
0.011934959676074665,1.9108053384915742,54.11322667803102
0.012647675189898797,6.804158335423816,60.8246830559632
0.01003251301772946,6.068724213386319,53.88734836823514
0.010467201770372647,2.279621195705058,64.05392676267901
0.017744604579617913,1.258417450030711,55.655810215383546
0.01022594233831424,7.798734792379155,57.64885706881209
0.010054742824837594,7.628969217164392,99.43614114496043
0.010271033716401885,3.0538070710316694,50.083758000374765
0.011431736806054542,5.454732308418798,73.12840086579726
0.013936481163376816,1.9565493623411505,57.25793710004583
0.012383286979349713,1.2189497931231923,73.35171588787034
0.010440444618952271,0.9684539578071563,54.66835827414731
0.013241011954831045,3.9266792605156455,55.086061269981066
0.017795166577848284,0.6326477423568311,79.41551646308615
0.01566272742828827,2.0461150249258178,52.7582137541938
0.017887132866733563,7.256584016196639,65.46247770198926
0.012153976480249996,1.825873712527942,85.41265377793782
0.010844013619469985,7.819710965081223,88.07929006168038
0.010885109027586937,4.097376355300524,67.54550025965504
0.014122248203161865,4.996609152175916,62.62768528148228
0.01072204145975333,0.4736084706838062,54.598282523604
0.010322231937701532,4.979186065329047,60.103967669332604
0.010847097457782956,4.780298762534304,51.743833202637845
0.017384460334702128,5.53234886768039,56.27731841378127
0.010460156652525799,7.328037929601605,50.49809398636797
0.017793316669220904,4.475783000787265,55.818832682639396
0.013822259006717547,7.416056976428423,50.802872099426594
0.012258211794522824,1.6258287488560104,57.80638417180408
0.010514817291320576,4.894588840293701,78.27739372721341
0.018401244060710226,5.966475926281888,96.42725634818589
0.01219172743940529,6.213082283231824,52.19133854211215
0.02595928239153692,6.484713275456778,54.248559674590396
0.01200428372897715,2.1130235820914542,53.99163113025165
0.012647675189898797,6.804158335423816,60.8246830559632
0.01003251301772946,6.068724213386319,53.88734836823514
0.010467201770372647,2.279621195705058,64.05392676267901
0.017744604579617913,1.258417450030711,55.655810215383546
0.01022594233831424,7.798734792379155,57.64885706881209
0.010054742824837594,7.628969217164392,99.43614114496043
0.010271033716401885,3.0538070710316694,50.083758000374765
0.011601744515314677,6.014373323985687,74.72785604154512
0.014322550679427925,1.3923824357743184,53.062981798227874
0.011030756742253126,0.576643936910112,87.3662690348814
0.010440444618952271,0.9684539578071563,54.66835827414731
0.013101942182116985,3.6011006020779175,55.47099678682788
0.017795166577848284,0.6326477423568311,79.41551646308615
0.01716819247213542,0.20714882900289044,52.27802254495755
0.017887132866733563,7.256584016196639,65.46247770198926
0.012153976480249996,1.825873712527942,85.41265377793782
0.010844013619469985,7.819710965081223,88.07929006168038
0.011106984272239984,5.062458592548622,69.39924582279662
0.011095920483291907,4.151829377765927,65.03920694457831
0.010019504486675122,0.029437761462856926,54.412711470235976
0.010322231937701532,4.979186065329047,60.103967669332604
0.010847097457782956,4.780298762534304,51.743833202637845
0.02084356194463144,6.8728203334624585,57.27182326244245
0.010481738127827213,7.0726838815974755,51.89253752667299
0.015421265489860819,5.398399533404376,54.09773775619246
0.013822259006717547,7.416056976428423,50.802872099426594
0.012258211794522824,1.6258287488560104,57.80638417180408
0.010584273023030291,4.870699057576749,72.73114677326816
0.018401244060710226,5.966475926281888,96.42725634818589
0.011684954400415008,6.467834117863262,52.10278576717828
0.023558341322229892,5.37170902838692,53.90611938489451
0.01200428372897715,2.1130235820914542,53.99163113025165
0.012647675189898797,6.804158335423816,60.8246830559632
0.01003251301772946,6.068724213386319,53.88734836823514
0.010462140881364004,2.0316249961651005,62.27872582079955
0.017744604579617913,1.258417450030711,55.655810215383546
0.01022594233831424,7.798734792379155,57.64885706881209
0.010054742824837594,7.628969217164392,99.43614114496043
0.01030432160149009,3.1085610325645296,50.12028485421265
0.010973304342729438,6.500927420766184,76.67900577393058
0.015175076029695256,1.4854787521905088,52.71043497927866
0.011030756742253126,0.576643936910112,87.3662690348814
0.010440444618952271,0.9684539578071563,54.66835827414731
0.012705275334948639,1.5002657119064233,58.04165769422375
0.01575104762575628,2.4326516686058515,71.72278476461864
0.017189958927640393,0.22192073597726547,53.22014606888488
0.017120523197659995,7.116127199137153,63.67616350023537
0.011817237011034607,2.882426487344156,78.66269128716287
0.010844013619469985,7.819710965081223,88.07929006168038
0.010753622442576268,4.382593272137933,65.59350863429441
0.011095920483291907,4.151829377765927,65.03920694457831
0.010019504486675122,0.029437761462856926,54.412711470235976
0.010320638615866795,4.812773348441825,59.21580903106769
0.010849493228056614,4.7686567763595376,51.72105776345943
0.019939622024924896,6.936174177254844,60.804555593757385
0.010481738127827213,7.0726838815974755,51.89253752667299
0.013938279100934894,3.972530693811381,54.05168697422856
0.012698339479309591,7.300528967336858,51.169490449206336
0.012258211794522824,1.6258287488560104,57.80638417180408
0.010579621269426522,4.908710038389419,72.53535250144522
0.015466670310052,6.0023302437220565,81.51024005596248
0.011876181778580458,6.624964961994504,51.926671454438896
0.019423724842201652,4.001124886144442,55.3331914396785
0.01200428372897715,2.1130235820914542,53.99163113025165
0.012647675189898797,6.804158335423816,60.8246830559632
0.01003251301772946,6.068724213386319,53.88734836823514
0.010462140881364004,2.0316249961651005,62.27872582079955
0.017744604579617913,1.258417450030711,55.655810215383546
0.010322478131549143,7.779282134989596,57.395867455650034
0.010162584246716464,7.335165577200523,97.39871187038423
0.01030432160149009,3.1085610325645296,50.12028485421265
0.010973304342729438,6.500927420766184,76.67900577393058
0.015175076029695256,1.4854787521905088,52.71043497927866
0.011030756742253126,0.576643936910112,87.3662690348814
0.010440444618952271,0.9684539578071563,54.66835827414731
0.013152349332815404,1.746860333946242,50.212379903492874
0.01344145829256598,3.533366266750061,62.2980652615684
0.016305863393413052,1.2612780712865561,55.789336892122456
0.01781640681242863,7.199124314922907,65.15783436714531
0.011817237011034607,2.882426487344156,78.66269128716287
0.010844013619469985,7.819710965081223,88.07929006168038
0.010008760020650697,5.7342919250336415,72.50329521721025
0.011095920483291907,4.151829377765927,65.03920694457831
0.010019504486675122,0.029437761462856926,54.412711470235976
0.010320638615866795,4.812773348441825,59.21580903106769
0.010849493228056614,4.7686567763595376,51.72105776345943
0.019506414903153614,6.978255411601275,62.10360109893094
0.010481738127827213,7.0726838815974755,51.89253752667299
0.012873157676946526,5.296823697569713,65.76481542830645
0.012698339479309591,7.300528967336858,51.169490449206336
0.013740805319719607,1.2908581837175226,54.11462304884988
0.010611509724626992,4.203728753291225,79.26038675943093
0.015647465113822086,5.982268717587846,81.7046293089945
0.0121130738011212,6.462072906615532,52.08879177436247
0.019423724842201652,4.001124886144442,55.3331914396785
0.01200428372897715,2.1130235820914542,53.99163113025165
0.012635735062815059,6.687177943621181,63.10013639959733
0.01003251301772946,6.068724213386319,53.88734836823514
0.010462140881364004,2.0316249961651005,62.27872582079955
0.01876822877631483,0.768339138916299,55.164953852929884
0.010210136535446146,7.77057354390373,50.78649043471871
0.010162584246716464,7.335165577200523,97.39871187038423
0.01030432160149009,3.1085610325645296,50.12028485421265
0.010973304342729438,6.500927420766184,76.67900577393058
0.015175076029695256,1.4854787521905088,52.71043497927866
0.011910805057086363,1.6560220554780305,78.21489545081526
0.010440444618952271,0.9684539578071563,54.66835827414731
0.013152349332815404,1.746860333946242,50.212379903492874
0.012949776501910593,3.1131347003218757,61.04802497460301
0.016305863393413052,1.2612780712865561,55.789336892122456
0.01781640681242863,7.199124314922907,65.15783436714531
0.011817237011034607,2.882426487344156,78.66269128716287
0.010844013619469985,7.819710965081223,88.07929006168038
0.010008760020650697,5.7342919250336415,72.50329521721025
0.01110148137715286,4.134797616381609,65.12911980792653
0.010019504486675122,0.029437761462856926,54.412711470235976
0.010320638615866795,4.812773348441825,59.21580903106769
0.010849493228056614,4.7686567763595376,51.72105776345943
0.019577636001228207,6.974884021731018,62.21798575516067
0.010408895524352261,7.097705206399496,51.86450950597858
0.012873157676946526,5.296823697569713,65.76481542830645
0.012698339479309591,7.300528967336858,51.169490449206336
0.013740805319719607,1.2908581837175226,54.11462304884988
0.010611509724626992,4.203728753291225,79.26038675943093
0.014594777801661372,5.715999151438867,75.1261569688607
0.0121130738011212,6.462072906615532,52.08879177436247
0.017610610044768396,3.752431498236126,56.93370610281738
0.011752590205686808,3.3509562341282617,61.38615323925875
0.014386429360512907,7.103094603883074,69.29583357527733
0.01003251301772946,6.068724213386319,53.88734836823514
0.010523034304672881,2.231939822924922,62.55020908957175
0.01876822877631483,0.768339138916299,55.164953852929884
0.010210136535446146,7.77057354390373,50.78649043471871
0.010120448631894447,7.3052041187664285,97.97497051639579
0.01030432160149009,3.1085610325645296,50.12028485421265
0.01067959778591244,6.5878116645990215,77.42091034908867
0.01906047484118753,0.1907466822258943,54.77659667267909
0.011910805057086363,1.6560220554780305,78.21489545081526
0.010440444618952271,0.9684539578071563,54.66835827414731
0.013152349332815404,1.746860333946242,50.212379903492874
0.012949776501910593,3.1131347003218757,61.04802497460301
0.016305863393413052,1.2612780712865561,55.789336892122456
0.01781640681242863,7.199124314922907,65.15783436714531
0.012745117678353733,0.10520543140051686,96.3185759069085
0.011183997224720271,7.629022483463091,86.90516855623008
0.010008760020650697,5.7342919250336415,72.50329521721025
0.01110148137715286,4.134797616381609,65.12911980792653
0.010019504486675122,0.029437761462856926,54.412711470235976
0.010320638615866795,4.812773348441825,59.21580903106769
0.010936720281909692,4.878491554218041,51.74054487702552
0.022904448476964653,7.751911006009527,63.29691864930539
0.010408895524352261,7.097705206399496,51.86450950597858
0.012873157676946526,5.296823697569713,65.76481542830645
0.012512526910870401,6.862719650828783,52.09259073184119
0.013740805319719607,1.2908581837175226,54.11462304884988
0.01065862814193326,4.221617528618867,79.21148260315904
0.014594777801661372,5.715999151438867,75.1261569688607
0.0121130738011212,6.462072906615532,52.08879177436247
0.015146003553087595,4.967193804339363,54.76167725637807
0.011096214252520312,4.031063135997675,63.78672726468578
0.014386429360512907,7.103094603883074,69.29583357527733
0.01003251301772946,6.068724213386319,53.88734836823514
0.010472087843064491,2.113355895553547,62.81800533597028
0.01876822877631483,0.768339138916299,55.164953852929884
0.010293037195698847,7.600847614248028,50.770314126146054
0.010120448631894447,7.3052041187664285,97.97497051639579
0.01030432160149009,3.1085610325645296,50.12028485421265
0.01067959778591244,6.5878116645990215,77.42091034908867
0.01906047484118753,0.1907466822258943,54.77659667267909
0.011910805057086363,1.6560220554780305,78.21489545081526
0.010440444618952271,0.9684539578071563,54.66835827414731
0.013152349332815404,1.746860333946242,50.212379903492874
0.01315986533222193,2.629157463010075,59.20658725720807
0.016305863393413052,1.2612780712865561,55.789336892122456
0.020724382379459297,7.2805394429602295,61.649589557279484
0.012439718354389975,0.2195971518668317,90.79937731338126
0.011183997224720271,7.629022483463091,86.90516855623008
0.01415126502459964,3.197295967555332,64.39069568440044
0.01110148137715286,4.134797616381609,65.12911980792653
0.010019504486675122,0.029437761462856926,54.412711470235976
0.010320638615866795,4.812773348441825,59.21580903106769
0.010936720281909692,4.878491554218041,51.74054487702552
0.02210436781554004,7.565040159497897,63.0374410412719
0.010408895524352261,7.097705206399496,51.86450950597858
0.013029678070987996,5.112815733074475,65.30996553431584
0.012512526910870401,6.862719650828783,52.09259073184119
0.016031582781124928,0.07916825322768961,56.77726913122956
0.010841305235661288,4.080776846841199,78.44873339116442
0.01622806399274044,7.745994203876324,82.52046593653694
0.0121130738011212,6.462072906615532,52.08879177436247
0.015105713235876485,4.89550688035575,55.15168548043506
0.011096214252520312,4.031063135997675,63.78672726468578
0.014386429360512907,7.103094603883074,69.29583357527733
0.01003251301772946,6.068724213386319,53.88734836823514
0.010395024677074559,2.087431010632179,62.841444273095
0.01646727849717143,1.0661936012162232,62.899165960193486
0.010293037195698847,7.600847614248028,50.770314126146054
0.010120448631894447,7.3052041187664285,97.97497051639579
0.01030432160149009,3.1085610325645296,50.12028485421265
0.01067959778591244,6.5878116645990215,77.42091034908867
0.01906412600789627,0.18836945951536777,54.77695631019955
0.01227366303485853,2.0239427739457163,75.59551822227903
0.010440444618952271,0.9684539578071563,54.66835827414731
0.014747490892717931,1.6802542683112487,51.64853648936894
0.014575963124784314,3.4939440538979953,61.56980233963203
0.020166113702193057,1.4539965144093152,56.52709462478702
0.022821423495036696,7.317707917583727,63.63880397585394
0.011775231435367003,0.07992145582732779,95.40249305217344
0.011183997224720271,7.629022483463091,86.90516855623008
0.013192462651193062,3.668893699009244,61.87260186852199
0.011170407385654325,3.8399296329932326,66.44921122871379
0.010060729079921903,0.43902576490036704,55.849635070608315
0.010320638615866795,4.812773348441825,59.21580903106769
0.010992172230512826,4.58386250390295,55.92869245443634
0.018949563865929615,7.295191024033127,67.00925191043824
0.010408895524352261,7.097705206399496,51.86450950597858
0.015621801585983254,3.1496316127143134,78.60839152758535
0.01149837105584169,4.502151704414766,57.42342476163866
0.015224491028202931,1.10576051152169,56.97012779410755
0.010841305235661288,4.080776846841199,78.44873339116442
0.01622806399274044,7.745994203876324,82.52046593653694
0.01213650088018574,6.530824710413854,52.04586254695714
0.015105713235876485,4.89550688035575,55.15168548043506
0.011096214252520312,4.031063135997675,63.78672726468578
0.01437163210945806,7.067521581035885,69.33995488398817
0.01003251301772946,6.068724213386319,53.88734836823514
0.010395024677074559,2.087431010632179,62.841444273095
0.01479381642107552,3.17778965390414,58.70532520716612
0.010293037195698847,7.600847614248028,50.770314126146054
0.010120448631894447,7.3052041187664285,97.97497051639579
0.01030432160149009,3.1085610325645296,50.12028485421265
0.01067959778591244,6.5878116645990215,77.42091034908867
0.018497262220310333,1.698965407293426,60.32224793769891
0.012292776244691675,2.0433226589828584,75.45754493887884
0.010440444618952271,0.9684539578071563,54.66835827414731
0.01470423287722647,1.2919885725580964,51.22550516198643
0.014708240330644053,3.379548152139803,61.87788205927783
0.018421053946044985,1.9498272868671709,57.923856830873376
0.022821423495036696,7.317707917583727,63.63880397585394
0.011775231435367003,0.07992145582732779,95.40249305217344
0.011178502518654748,6.096999082208612,78.63432206142015
0.013419764163883135,3.3814983135988435,61.46466673867822
0.011366047749072782,4.60952579634106,69.60664672891588
0.010060729079921903,0.43902576490036704,55.849635070608315
0.010320638615866795,4.812773348441825,59.21580903106769
0.010996714352583092,4.599008801928067,55.25068614124179
0.019268383542120564,7.615829902929541,65.7474865776448
0.010408895524352261,7.097705206399496,51.86450950597858
0.015621801585983254,3.1496316127143134,78.60839152758535
0.011826100165266475,5.428393889841954,57.78219050617202
0.01543298783331321,1.031128416522126,59.27232231641047
0.010841305235661288,4.080776846841199,78.44873339116442
0.0158078780387803,7.537358779019076,80.8628420363057
0.01213650088018574,6.530824710413854,52.04586254695714
0.015105713235876485,4.89550688035575,55.15168548043506
0.011736168644887588,1.186734806075461,74.1579283468492
0.01437163210945806,7.067521581035885,69.33995488398817
0.01003251301772946,6.068724213386319,53.88734836823514
0.010395024677074559,2.087431010632179,62.841444273095
0.015073169596947454,2.903260460976597,59.19783337854314
0.010293037195698847,7.600847614248028,50.770314126146054
0.010120448631894447,7.3052041187664285,97.97497051639579
0.01030432160149009,3.1085610325645296,50.12028485421265
0.010711459131803092,6.513203626217692,77.54260008085885
0.01869165839242169,1.5902906943740538,60.39626464386759
0.010917175897128557,2.486724230002977,82.54763974189413
0.010440444618952271,0.9684539578071563,54.66835827414731
0.012800248853973302,2.0780782739589716,50.74724056156582
0.014141922845453698,3.8305426754885903,64.06280876736695
0.018421053946044985,1.9498272868671709,57.923856830873376
0.02059359355956627,7.1536410330734475,61.22165011462199
0.01330177420881178,0.4475990108804895,87.4359281280552
0.01088597312076567,4.616266520106431,72.67140459035443
0.012427905428339653,3.528545278200392,63.456495643330285
0.010034638045334566,5.932700240743541,76.93782499149815
0.010060729079921903,0.43902576490036704,55.849635070608315
0.010320638615866795,4.812773348441825,59.21580903106769
0.011820888463957532,3.342734464374073,56.41603165255198
0.017857766731570766,6.906549971541928,63.28833428720718
0.010408895524352261,7.097705206399496,51.86450950597858
0.016167187650556376,4.253780672488968,94.88427854189015
0.011826100165266475,5.428393889841954,57.78219050617202
0.013568318295243437,0.7111657668968595,58.62918242775295
0.010448254759956813,4.930176874819581,93.62545679103187
0.019141873919563186,7.808854972268082,98.76997934362575
0.01213650088018574,6.530824710413854,52.04586254695714
0.014587270913009112,5.015400732995139,55.02247988216365
0.011736168644887588,1.186734806075461,74.1579283468492
0.01437163210945806,7.067521581035885,69.33995488398817
0.01003251301772946,6.068724213386319,53.88734836823514
0.010492830679354545,1.0132741882851901,65.25726815602353
0.01747018111032124,0.7476983755361992,62.96649308426572
0.010293037195698847,7.600847614248028,50.770314126146054
0.010120448631894447,7.3052041187664285,97.97497051639579
0.011518833529755036,2.6166072616806604,52.287565422559496
0.010711459131803092,6.513203626217692,77.54260008085885
0.01869165839242169,1.5902906943740538,60.39626464386759
0.010917175897128557,2.486724230002977,82.54763974189413
0.010440444618952271,0.9684539578071563,54.66835827414731
0.012800248853973302,2.0780782739589716,50.74724056156582
0.014809527634906224,3.4669331118271742,65.71588947290148
0.018421053946044985,1.9498272868671709,57.923856830873376
0.02059359355956627,7.1536410330734475,61.22165011462199
0.01330177420881178,0.4475990108804895,87.4359281280552
0.01088597312076567,4.616266520106431,72.67140459035443
0.012695032215654921,3.6103140732395604,66.55475588549632
0.010034638045334566,5.932700240743541,76.93782499149815
0.01032894160247624,0.5708854052802463,56.028795044902886
0.010190863609995155,5.050637374987936,59.96619850823265
0.010993475074135643,4.603946378017344,55.246105945690246
0.017857766731570766,6.906549971541928,63.28833428720718
0.010408895524352261,7.097705206399496,51.86450950597858
0.016167187650556376,4.253780672488968,94.88427854189015
0.011826100165266475,5.428393889841954,57.78219050617202
0.013568318295243437,0.7111657668968595,58.62918242775295
0.010410599369290513,5.578074878598986,83.22890697515928
0.019141873919563186,7.808854972268082,98.76997934362575
0.01213650088018574,6.530824710413854,52.04586254695714
0.014009824487560435,5.020028892208141,55.67181295171126
0.011018400907220673,0.5854854087422996,89.94944130366596
0.01437163210945806,7.067521581035885,69.33995488398817
0.01003251301772946,6.068724213386319,53.88734836823514
0.010492830679354545,1.0132741882851901,65.25726815602353
0.01747018111032124,0.7476983755361992,62.96649308426572
0.010293037195698847,7.600847614248028,50.770314126146054
0.010340644498384245,5.657394625345511,96.00695015763651
0.010841563095157429,2.9012376657849526,53.10167812147162
0.010711459131803092,6.513203626217692,77.54260008085885
0.01869165839242169,1.5902906943740538,60.39626464386759
0.010917175897128557,2.486724230002977,82.54763974189413
0.011851784878956405,2.570455154607048,55.06512635086303
0.012489348780966726,4.1637482071927945,51.355516120980674
0.016187048256998175,3.373525375228309,65.1693970227363
0.018421053946044985,1.9498272868671709,57.923856830873376
0.02059359355956627,7.1536410330734475,61.22165011462199
0.01330177420881178,0.4475990108804895,87.4359281280552
0.010889599045226411,4.36880266015802,73.81907434254303
0.012695032215654921,3.6103140732395604,66.55475588549632
0.010034638045334566,5.932700240743541,76.93782499149815
0.01032894160247624,0.5708854052802463,56.028795044902886
0.010190863609995155,5.050637374987936,59.96619850823265
0.01168530018569222,4.83601678927897,56.056650689007924
0.015411826680738894,4.848240016729691,60.92987895335707
0.010408895524352261,7.097705206399496,51.86450950597858
0.016167187650556376,4.253780672488968,94.88427854189015
0.011903600907208342,5.754456897392255,58.73198195134707
0.013568318295243437,0.7111657668968595,58.62918242775295
0.010410599369290513,5.578074878598986,83.22890697515928
0.019141873919563186,7.808854972268082,98.76997934362575
0.012290250215605113,7.108340646710181,50.679162497790735
0.013745039446048013,5.346945836482287,55.11362707889876
0.010916839492123168,0.34358450453378087,94.20066344312559
0.01437163210945806,7.067521581035885,69.33995488398817
0.01003251301772946,6.068724213386319,53.88734836823514
0.010427113103329102,1.7311352499538106,66.92546618086487
0.01747018111032124,0.7476983755361992,62.96649308426572
0.010293037195698847,7.600847614248028,50.770314126146054
0.010315410597497736,5.555172956864545,89.93508902249712
0.01070112738610369,2.7807975562144462,53.21213571973951
0.01062508452165567,6.5464102835284494,78.18121636866714
0.019177539339222158,1.2672163989790333,60.896751900390186
0.010930227413481165,2.5320428915755286,83.07943686848705
0.011851784878956405,2.570455154607048,55.06512635086303
0.012400397246049685,4.238120978446319,51.87560052649452
0.014063671165277377,2.3576576453475133,61.85621991810177
0.01759706629350195,2.0394116007338603,58.65264385174943
0.019941045860523397,6.921434232411093,60.47728333510129
0.014223857391705416,0.2619065743486534,94.71644806904465
0.011043641750404804,4.091234671009858,73.31366771012098
0.013461192288422802,2.4890657112543346,62.31067353893936
0.010046583312308571,5.887824164845867,76.58496800923372
0.01032894160247624,0.5708854052802463,56.028795044902886
0.010190863609995155,5.050637374987936,59.96619850823265
0.011655333942575178,4.74178657201888,56.056035269889584
0.015411826680738894,4.848240016729691,60.92987895335707
0.010645071582042483,6.356672592915743,52.38839518452329
0.014327566997139536,3.7865742399129436,80.45139205368612
0.011903600907208342,5.754456897392255,58.73198195134707
0.013568318295243437,0.7111657668968595,58.62918242775295
0.010337930310418571,5.639910582508424,81.90256770359142
0.018862958561039065,7.7376388459002055,98.49079769277375
0.012290250215605113,7.108340646710181,50.679162497790735
0.015016142326578621,4.823681564708343,56.085880160512
0.010916839492123168,0.34358450453378087,94.20066344312559
0.01301265909796927,6.411926514322845,66.29298351196428
0.01003251301772946,6.068724213386319,53.88734836823514
0.010427113103329102,1.7311352499538106,66.92546618086487
0.015361528211046319,2.5186138846718595,59.880061695836915
0.010293037195698847,7.600847614248028,50.770314126146054
0.010315410597497736,5.555172956864545,89.93508902249712
0.01070112738610369,2.7807975562144462,53.21213571973951
0.01062508452165567,6.5464102835284494,78.18121636866714
0.019177539339222158,1.2672163989790333,60.896751900390186
0.010930227413481165,2.5320428915755286,83.07943686848705
0.011851784878956405,2.570455154607048,55.06512635086303
0.012760629259041338,4.547062225710693,51.59226544567803
0.016033877486157033,2.697093552199506,59.10981497726035
0.01759706629350195,2.0394116007338603,58.65264385174943
0.019982059569948564,6.920432281016553,60.52980823572402
0.013802371660488703,0.19883390190737238,98.83869654233098
0.011043641750404804,4.091234671009858,73.31366771012098
0.013461192288422802,2.4890657112543346,62.31067353893936
0.010046583312308571,5.887824164845867,76.58496800923372
0.01032894160247624,0.5708854052802463,56.028795044902886
0.010190863609995155,5.050637374987936,59.96619850823265
0.011655333942575178,4.74178657201888,56.056035269889584
0.016806081234864576,4.887751127341599,62.7388479106864
0.010310075585443858,6.760988626109626,52.486259735266906
0.013323919584461249,4.322905678886246,87.14301521960653
0.012677345907874959,5.55458926452132,59.216731772785714
0.013568318295243437,0.7111657668968595,58.62918242775295
0.010771225871615837,5.5374740089267975,78.83300470983812
0.018862958561039065,7.7376388459002055,98.49079769277375
0.012290250215605113,7.108340646710181,50.679162497790735
0.014209133868345346,4.724708896584659,54.47809294122887
0.010916839492123168,0.34358450453378087,94.20066344312559
0.01301265909796927,6.411926514322845,66.29298351196428
0.01003251301772946,6.068724213386319,53.88734836823514
0.010427113103329102,1.7311352499538106,66.92546618086487
0.015361528211046319,2.5186138846718595,59.880061695836915
0.010293037195698847,7.600847614248028,50.770314126146054
0.010315410597497736,5.555172956864545,89.93508902249712
0.01070112738610369,2.7807975562144462,53.21213571973951
0.01062508452165567,6.5464102835284494,78.18121636866714
0.01610604099583366,2.7865961472339005,68.1956412778301
0.010930227413481165,2.5320428915755286,83.07943686848705
0.011789356621500092,2.3638725988678777,54.46132660576062
0.012551620247270131,5.586205872524662,53.35376770604237
0.016033877486157033,2.697093552199506,59.10981497726035
0.01759706629350195,2.0394116007338603,58.65264385174943
0.019982059569948564,6.920432281016553,60.52980823572402
0.013802371660488703,0.19883390190737238,98.83869654233098
0.011043641750404804,4.091234671009858,73.31366771012098
0.011908276813294476,1.5380652391023526,59.19622731340775
0.010046583312308571,5.887824164845867,76.58496800923372
0.01032894160247624,0.5708854052802463,56.028795044902886
0.0101572153180433,4.914329296410514,51.86963995055387
0.011655333942575178,4.74178657201888,56.056035269889584
0.01670726983928077,4.7335023748075375,63.926404941528205
0.010310075585443858,6.760988626109626,52.486259735266906
0.013323919584461249,4.322905678886246,87.14301521960653
0.012117946974417605,7.742327383548435,57.008712743654186
0.013286251600427155,2.305408433320795,57.99756887589116
0.010771225871615837,5.5374740089267975,78.83300470983812
0.018003889338897367,6.259355686728382,81.30708218973615
0.012290250215605113,7.108340646710181,50.679162497790735
0.015835579367977175,3.8793596568269084,55.581344037111485
0.010916839492123168,0.34358450453378087,94.20066344312559
0.013233483247998567,6.807422595857457,72.4904901386953
0.010078145739462084,5.979479167626737,54.76406742108199
0.010566995072291358,2.134849004275355,65.70571432654697
0.018127690054645866,1.511147928058127,51.27410859415644
0.012011293015209513,6.862682274259498,53.85615069548388
0.01031464561625262,5.625117740432846,88.59598473543991
0.01070112738610369,2.7807975562144462,53.21213571973951
0.01062508452165567,6.5464102835284494,78.18121636866714
0.016346038005201725,2.6540678932356925,66.56116441322715
0.010567986136849027,3.6484063659426385,68.45421076180104
0.011789356621500092,2.3638725988678777,54.46132660576062
0.012551620247270131,5.586205872524662,53.35376770604237
0.01709586783678485,2.1311408824803957,56.01017708461087
0.01759706629350195,2.0394116007338603,58.65264385174943
0.017337717426076406,6.5661229646221315,68.20679131424208
0.013802371660488703,0.19883390190737238,98.83869654233098
0.010482214469063807,2.1831893504557467,81.83456692442265
0.01180834668315463,1.3414835355579298,57.223465392577
0.010046583312308571,5.887824164845867,76.58496800923372
0.01032894160247624,0.5708854052802463,56.028795044902886
0.0101572153180433,4.914329296410514,51.86963995055387
0.012426269943454415,7.166029963916168,56.07186804385805
0.01708726733288691,4.682035908662757,62.97215484146099
0.010815642282912681,4.932266644665775,54.084751105123935
0.012182581356239359,2.436075492754079,90.48946129112896
0.012117946974417605,7.742327383548435,57.008712743654186
0.013286251600427155,2.305408433320795,57.99756887589116
0.010541967210099423,5.4192301908649725,79.4235507734526
0.018003889338897367,6.259355686728382,81.30708218973615
0.01250132523487039,7.419823347786897,50.19168737646139
0.016029423658630464,3.695020373079541,55.52997113616224
0.010916839492123168,0.34358450453378087,94.20066344312559
0.013378877923732185,7.365066303033682,74.04805603598322
0.010115708730865355,5.6840592906292455,55.60481928683356
0.010566995072291358,2.134849004275355,65.70571432654697
0.018127690054645866,1.511147928058127,51.27410859415644
0.013897343819329049,5.949474530816152,58.56131607405381
0.01031464561625262,5.625117740432846,88.59598473543991
0.01070112738610369,2.7807975562144462,53.21213571973951
0.010900860071030439,5.333330392966718,73.29672375397118
0.018886704883221354,3.533673668809037,71.00836622123694
0.010567986136849027,3.6484063659426385,68.45421076180104
0.011789356621500092,2.3638725988678777,54.46132660576062
0.011610023528194388,5.891277974931664,50.72972825056781
0.015584526253602012,1.6939186954987728,65.35126874111153
0.017314181195949806,2.334897123672781,58.15941001896529
0.017337717426076406,6.5661229646221315,68.20679131424208
0.013802371660488703,0.19883390190737238,98.83869654233098
0.010422067624669963,0.3463175515268375,83.37259048784158
0.01180834668315463,1.3414835355579298,57.223465392577
0.010037564231713808,5.892630585862781,76.61129205629484
0.01032894160247624,0.5708854052802463,56.028795044902886
0.0101572153180433,4.914329296410514,51.86963995055387
0.012391880198680283,7.15419966459902,56.49399829031168
0.022209851074062495,3.8023715424362403,53.06143639875884
0.010815642282912681,4.932266644665775,54.084751105123935
0.012182581356239359,2.436075492754079,90.48946129112896
0.012117946974417605,7.742327383548435,57.008712743654186
0.014352187929045315,1.1283944651430104,51.8901656397674
0.010541967210099423,5.4192301908649725,79.4235507734526
0.018003889338897367,6.259355686728382,81.30708218973615
0.01250132523487039,7.419823347786897,50.19168737646139
0.016029423658630464,3.695020373079541,55.52997113616224
0.010916839492123168,0.34358450453378087,94.20066344312559
0.013378877923732185,7.365066303033682,74.04805603598322
0.010115708730865355,5.6840592906292455,55.60481928683356
0.010566995072291358,2.134849004275355,65.70571432654697
0.017951501799248246,1.6870009908458936,53.23584692427839
0.015195402452217921,4.641599826169026,59.69393028669594
0.011457606711552704,5.069444298789438,83.75847228683489
0.01070112738610369,2.7807975562144462,53.21213571973951
0.011126004254873235,7.49024856202605,78.41577375482515
0.022270447742256116,1.8952977703749525,79.44985131566737
0.010567986136849027,3.6484063659426385,68.45421076180104
0.011789356621500092,2.3638725988678777,54.46132660576062
0.011610023528194388,5.891277974931664,50.72972825056781
0.012161421929113847,0.6045450792736609,71.70105224280827
0.017511388548890026,2.1262769395991565,58.13621347183168
0.017337717426076406,6.5661229646221315,68.20679131424208
0.013802371660488703,0.19883390190737238,98.83869654233098
0.010422067624669963,0.3463175515268375,83.37259048784158
0.01180834668315463,1.3414835355579298,57.223465392577
0.010037564231713808,5.892630585862781,76.61129205629484
0.01032894160247624,0.5708854052802463,56.028795044902886
0.011885981927128551,4.258933826717183,53.34274137431725
0.012371135360498916,6.564628612225643,57.862870295006374
0.021883614343643144,3.7734130787366422,53.065708258531146
0.01084856887447105,4.87213882469602,54.961661456496195
0.012182581356239359,2.436075492754079,90.48946129112896
0.012117946974417605,7.742327383548435,57.008712743654186
0.014352187929045315,1.1283944651430104,51.8901656397674
0.010541967210099423,5.4192301908649725,79.4235507734526
0.018003889338897367,6.259355686728382,81.30708218973615
0.01250132523487039,7.419823347786897,50.19168737646139
0.014966313224891276,3.1123853523989298,55.622999216376655
0.01106004277632986,1.4896696469956892,85.2201036449034
0.013378877923732185,7.365066303033682,74.04805603598322
0.010115708730865355,5.6840592906292455,55.60481928683356
0.010504970433235814,2.4524259835019877,60.653786001631694
0.02415707867879162,0.7508233136394029,53.25614128347809
0.015195402452217921,4.641599826169026,59.69393028669594
0.011457606711552704,5.069444298789438,83.75847228683489
0.01070112738610369,2.7807975562144462,53.21213571973951
0.011126004254873235,7.49024856202605,78.41577375482515
0.022270447742256116,1.8952977703749525,79.44985131566737
0.010567986136849027,3.6484063659426385,68.45421076180104
0.011732945050255553,3.4734641193854436,53.28750351159738
0.011610023528194388,5.891277974931664,50.72972825056781
0.012337619772411311,0.6466769783472122,70.10771206253543
0.017903577348297707,1.7179009424528644,58.21820066883927
0.017337717426076406,6.5661229646221315,68.20679131424208
0.013667485192085115,0.3426945034884641,97.57154519279653
0.010422067624669963,0.3463175515268375,83.37259048784158
0.010243673433661216,1.472550978849149,60.503886868654284
0.010037564231713808,5.892630585862781,76.61129205629484
0.01032894160247624,0.5708854052802463,56.028795044902886
0.011812424733673886,3.881085950474904,53.71941352722807
0.012371135360498916,6.564628612225643,57.862870295006374
0.02193394493935131,3.756023478027979,52.94710534513857
0.01084856887447105,4.87213882469602,54.961661456496195
0.01317009201936135,3.2272216162352874,86.22102416223284
0.012117946974417605,7.742327383548435,57.008712743654186
0.012720996435719126,2.882483500436988,53.32043618903637
0.010541967210099423,5.4192301908649725,79.4235507734526
0.016203063514227612,6.176455726796057,80.24557641062789
0.01250132523487039,7.419823347786897,50.19168737646139
0.01394894006134131,3.6428416104046732,61.09590806005705
0.01106004277632986,1.4896696469956892,85.2201036449034
0.012450961052935403,6.887054077940507,68.80352548297196
0.010115708730865355,5.6840592906292455,55.60481928683356
0.010504970433235814,2.4524259835019877,60.653786001631694
0.02415707867879162,0.7508233136394029,53.25614128347809
0.013648484140990867,6.311626140304606,60.53687184545091
0.013692476179281612,3.907437467087734,74.90345626935817
0.010226591698242832,2.310962807524268,52.99552274586761
0.011080171886600858,7.8973927639505455,81.99096061039134
0.019589933455254206,2.2968570999876015,76.93123834403772
0.013257052237594675,3.0750205908443786,65.44675361889067
0.011732945050255553,3.4734641193854436,53.28750351159738
0.011410721809621526,4.961007635330323,56.20617609153943
0.012337619772411311,0.6466769783472122,70.10771206253543
0.017903577348297707,1.7179009424528644,58.21820066883927
0.014444599265870111,6.299211712231716,71.53757261114377
0.013667485192085115,0.3426945034884641,97.57154519279653
0.010422067624669963,0.3463175515268375,83.37259048784158
0.010243673433661216,1.472550978849149,60.503886868654284
0.010037564231713808,5.892630585862781,76.61129205629484
0.01032894160247624,0.5708854052802463,56.028795044902886
0.011812424733673886,3.881085950474904,53.71941352722807
0.012327937936801946,6.280872217853153,60.408193734245735
0.02193394493935131,3.756023478027979,52.94710534513857
0.01084856887447105,4.87213882469602,54.961661456496195
0.012537212113798372,3.850898387591751,75.42409574585555
0.012117946974417605,7.742327383548435,57.008712743654186
0.013902529350603512,3.3908236644073386,52.06250089344529
0.010634839075583387,5.253512252345579,72.01386727162281
0.01800520985314817,7.319708463201616,82.61583444323072
0.011356590344609169,6.7102452529598855,62.46700272773367
0.013780767836280178,3.504825416133701,62.153436973579794
0.01106004277632986,1.4896696469956892,85.2201036449034
0.012450961052935403,6.887054077940507,68.80352548297196
0.010115708730865355,5.6840592906292455,55.60481928683356
0.01051730417509844,2.9698501192503044,65.50782809487791
0.02415707867879162,0.7508233136394029,53.25614128347809
0.013648484140990867,6.311626140304606,60.53687184545091
0.013349000177091853,4.078045976070704,73.05021342534715
0.010084692463565144,2.51775667833546,51.55522025379287
0.011080171886600858,7.8973927639505455,81.99096061039134
0.017071905925875513,2.300650463598632,70.49434942385707
0.014355773272487398,3.9887151606730638,65.40762025468158
0.011732945050255553,3.4734641193854436,53.28750351159738
0.011410721809621526,4.961007635330323,56.20617609153943
0.011884195052808341,1.9333548585486064,65.49565094452034
0.01772168789476418,1.8087526333005366,58.16183624663996
0.014355867733146756,6.416733915841401,71.87924817519468
0.013667485192085115,0.3426945034884641,97.57154519279653
0.010422067624669963,0.3463175515268375,83.37259048784158
0.010243673433661216,1.472550978849149,60.503886868654284
0.010037564231713808,5.892630585862781,76.61129205629484
0.010492365916674424,1.923642329608187,55.69317837456586
0.012085761558948579,4.2864023031190035,53.3107176340887
0.012442055122353224,5.4866611316956675,62.25560277783755
0.029178519850829778,4.442929065672823,52.65353773599402
0.01084856887447105,4.87213882469602,54.961661456496195
0.012537212113798372,3.850898387591751,75.42409574585555
0.012117946974417605,7.742327383548435,57.008712743654186
0.013902529350603512,3.3908236644073386,52.06250089344529
0.010509228845888256,5.357688617537146,68.04348814156575
0.01800520985314817,7.319708463201616,82.61583444323072
0.01113141256697594,6.524027428570608,61.22174999788507
0.012693995603243852,5.272479783650699,70.13644156308477
0.01106004277632986,1.4896696469956892,85.2201036449034
0.012450961052935403,6.887054077940507,68.80352548297196
0.01015849876688397,4.2757756904144815,57.24301539641355
0.01051730417509844,2.9698501192503044,65.50782809487791
0.02415707867879162,0.7508233136394029,53.25614128347809
0.015759272465789828,6.953039468104497,55.48953528085115
0.015406305684145555,3.1509939193003924,76.67739403156267
0.010084692463565144,2.51775667833546,51.55522025379287
0.011080171886600858,7.8973927639505455,81.99096061039134
0.015526017497226279,2.451622215497077,71.24592818916386
0.014543562171674221,4.236434722912813,70.9367959443345
0.011732945050255553,3.4734641193854436,53.28750351159738
0.011410721809621526,4.961007635330323,56.20617609153943
0.011879835601440033,1.8250180669268081,65.65393154430237
0.01772168789476418,1.8087526333005366,58.16183624663996
0.013518500826834715,6.040853957913129,67.77446846651519
0.013667485192085115,0.3426945034884641,97.57154519279653
0.010375416497763853,0.14923618785585724,84.14220647280818
0.010243673433661216,1.472550978849149,60.503886868654284
0.010037564231713808,5.892630585862781,76.61129205629484
0.010492365916674424,1.923642329608187,55.69317837456586
0.012085761558948579,4.2864023031190035,53.3107176340887
0.012803936606662987,4.950930318844958,62.22798526699608
0.030883463084188968,4.24632389699009,51.84408305230818
0.010950951517981462,4.888324142230529,55.18831988030931
0.011024477010725085,2.8912434979221535,73.4344834420027
0.012117946974417605,7.742327383548435,57.008712743654186
0.013383259928218661,3.654278078363787,52.612424463763794
0.010459579153611145,5.3864491080871435,68.01179452759284
0.01800520985314817,7.319708463201616,82.61583444323072
0.012501820108993953,6.651066999224952,59.524319554343926
0.012621754550564754,5.4837664838221505,75.33300326552829
0.01106004277632986,1.4896696469956892,85.2201036449034
0.012450961052935403,6.887054077940507,68.80352548297196
0.01015849876688397,4.2757756904144815,57.24301539641355
0.01051730417509844,2.9698501192503044,65.50782809487791
0.024065302682374723,0.14018656332756985,53.304770969102584
0.015759272465789828,6.953039468104497,55.48953528085115
0.013669681600442869,3.6273168774363582,81.32543045276759
0.010084692463565144,2.51775667833546,51.55522025379287
0.011080171886600858,7.8973927639505455,81.99096061039134
0.014986948689809543,2.780330407642995,69.27584831093559
0.0173567528381837,4.037662851071792,65.91617578489901
0.011732945050255553,3.4734641193854436,53.28750351159738
0.011410721809621526,4.961007635330323,56.20617609153943
0.011902749475307495,1.7964553619919268,65.44550131780038
0.016275692569784644,3.323073227372449,57.79381677973093
0.013518500826834715,6.040853957913129,67.77446846651519
0.013667485192085115,0.3426945034884641,97.57154519279653
0.010375416497763853,0.14923618785585724,84.14220647280818
0.010243673433661216,1.472550978849149,60.503886868654284
0.010037564231713808,5.892630585862781,76.61129205629484
0.010492365916674424,1.923642329608187,55.69317837456586
0.012085761558948579,4.2864023031190035,53.3107176340887
0.013047458070169984,3.615178631889617,57.69145246795871
0.02457442836197373,3.527682887294588,53.034998667968495
0.010950951517981462,4.888324142230529,55.18831988030931
0.011024477010725085,2.8912434979221535,73.4344834420027
0.012051261560162858,7.74711441588515,56.71865919014678
0.014786815181081856,4.140931974388016,53.06877743696049
0.010095390108874098,5.6022174361874715,69.93002100491782
0.01800520985314817,7.319708463201616,82.61583444323072
0.012399111534322837,6.790108103172557,59.12724509239018
0.012621754550564754,5.4837664838221505,75.33300326552829
0.011066755801312137,1.2251231057984082,87.44463505898567
0.012450961052935403,6.887054077940507,68.80352548297196
0.01015849876688397,4.2757756904144815,57.24301539641355
0.011055775166209418,3.421838911930715,61.3204078779581
0.024065302682374723,0.14018656332756985,53.304770969102584
0.015759272465789828,6.953039468104497,55.48953528085115
0.013669681600442869,3.6273168774363582,81.32543045276759
0.010079886361843758,2.5089012840976825,51.5383631857918
0.011080171886600858,7.8973927639505455,81.99096061039134
0.015667764603975412,2.365189028192655,71.76395690639154
0.01720090362920577,4.146628272335052,65.64599803683791
0.011732945050255553,3.4734641193854436,53.28750351159738
0.011410721809621526,4.961007635330323,56.20617609153943
0.011634111070911246,1.3696402586054304,67.26520925044001
0.020834391389004715,4.7216055262446215,55.74568114959129
0.014518129407025595,6.16894610554127,67.14499659107027
0.013349692589384971,1.2706173869357587,95.65782468761574
0.010375416497763853,0.14923618785585724,84.14220647280818
0.010243673433661216,1.472550978849149,60.503886868654284
0.010260102171436036,5.647941076630675,71.39179298679127
0.010492365916674424,1.923642329608187,55.69317837456586
0.012085761558948579,4.2864023031190035,53.3107176340887
0.013047458070169984,3.615178631889617,57.69145246795871
0.02457442836197373,3.527682887294588,53.034998667968495
0.010950951517981462,4.888324142230529,55.18831988030931
0.011024477010725085,2.8912434979221535,73.4344834420027
0.012051261560162858,7.74711441588515,56.71865919014678
0.014786815181081856,4.140931974388016,53.06877743696049
0.010095390108874098,5.6022174361874715,69.93002100491782
0.022839031123938744,6.91647274460321,83.05200944174058
0.012399111534322837,6.790108103172557,59.12724509239018
0.011872332884663151,5.948579921794987,83.0396203344783
0.011066755801312137,1.2251231057984082,87.44463505898567
0.013445103596951734,6.154322381268339,59.239552679131265
0.01015849876688397,4.2757756904144815,57.24301539641355
0.01074540000037396,2.892509294734237,63.53872276174247
0.024065302682374723,0.14018656332756985,53.304770969102584
0.015759272465789828,6.953039468104497,55.48953528085115
0.013338896969827875,3.1008511769369287,85.4152822906445
0.010079886361843758,2.5089012840976825,51.5383631857918
0.011080171886600858,7.8973927639505455,81.99096061039134
0.015667764603975412,2.365189028192655,71.76395690639154
0.01720090362920577,4.146628272335052,65.64599803683791
0.011732945050255553,3.4734641193854436,53.28750351159738
0.011639167572218353,5.954660703109713,56.38895099689136
0.010812774177995824,0.6025809649364628,65.28626727652053
0.019025995125104674,4.869896344575464,58.13425589049578
0.014641064506593995,6.216734505180873,67.577757645138
0.012162695529241414,2.8505555011617987,86.27368553085275
0.010375416497763853,0.14923618785585724,84.14220647280818
0.010053964495326898,1.1827642199911401,61.24468123132119
0.010305568286191308,5.660562351909999,71.79529162338268
0.010492365916674424,1.923642329608187,55.69317837456586
0.012085761558948579,4.2864023031190035,53.3107176340887
0.013047458070169984,3.615178631889617,57.69145246795871
0.028244938702110586,3.138117339498968,52.39548350983174
0.011906208018549587,4.87221041626421,55.24219008972977
0.0111843945951125,3.748191428487712,66.30141834328349
0.012051261560162858,7.74711441588515,56.71865919014678
0.014786815181081856,4.140931974388016,53.06877743696049
0.010095390108874098,5.6022174361874715,69.93002100491782
0.022839031123938744,6.91647274460321,83.05200944174058
0.012552207848079963,6.757652558806878,59.059367841358345
0.011000804091358828,4.2761289257386625,67.7229833911455
0.011066755801312137,1.2251231057984082,87.44463505898567
0.013445103596951734,6.154322381268339,59.239552679131265
0.01015849876688397,4.2757756904144815,57.24301539641355
0.010822515519602815,3.3102729485923335,64.80209888771216
0.024065302682374723,0.14018656332756985,53.304770969102584
0.015759272465789828,6.953039468104497,55.48953528085115
0.010422652400666891,1.929574488189818,86.14073326841616
0.010079886361843758,2.5089012840976825,51.5383631857918
0.011080171886600858,7.8973927639505455,81.99096061039134
0.01447778997922581,3.058595224658545,65.03147144616065
0.015487930203260905,3.938096142673814,61.60676716045247
0.011193675957080295,3.4153268050415555,51.480816530100846
0.011639167572218353,5.954660703109713,56.38895099689136
0.010812774177995824,0.6025809649364628,65.28626727652053
0.01956403133194596,5.271186016405694,55.9505842846206
0.015549802168588572,6.264157666847049,73.91345041314584
0.011517157796313819,2.3400009613328177,78.61165256737826
0.010375416497763853,0.14923618785585724,84.14220647280818
0.010053964495326898,1.1827642199911401,61.24468123132119
0.010429580128344034,7.392394867918389,82.92644011550983
0.010492365916674424,1.923642329608187,55.69317837456586
0.0121320534630821,4.425471628357171,51.760064930418096
0.013083437759474308,3.8449249688874034,57.83152738609181
0.02798358366084463,3.1619835636397444,52.70905447806392
0.011572258773627596,4.9179746351942555,54.58599678538614
0.0111843945951125,3.748191428487712,66.30141834328349
0.012051261560162858,7.74711441588515,56.71865919014678
0.014786815181081856,4.140931974388016,53.06877743696049
0.010095390108874098,5.6022174361874715,69.93002100491782
0.022881347780782928,6.9335777748756495,83.06860572865183
0.012552207848079963,6.757652558806878,59.059367841358345
0.011000804091358828,4.2761289257386625,67.7229833911455
0.011095645968441224,0.9454929825889371,87.64949442913515
0.015263253126280261,6.453992591753955,53.43700567801895
0.010328180372363846,3.7058493273944704,62.88531610885918
0.010739318498206602,2.8595635194637503,63.439090097330656
0.024065302682374723,0.14018656332756985,53.304770969102584
0.015759272465789828,6.953039468104497,55.48953528085115
0.010422652400666891,1.929574488189818,86.14073326841616
0.010142273338703194,3.380139008052889,57.13814052433053
0.011080171886600858,7.8973927639505455,81.99096061039134
0.016882528215586244,2.212574918745242,67.69446546214867
0.015801272700125792,4.170312799078576,60.22558537222797
0.010153512852511759,2.638659375713922,50.98082459171925
0.011579742545308969,5.852725553376107,56.683421203491946
0.010812774177995824,0.6025809649364628,65.28626727652053
0.018257233762849823,5.085368656785482,56.87687141711207
0.015549802168588572,6.264157666847049,73.91345041314584
0.011517157796313819,2.3400009613328177,78.61165256737826
0.010375416497763853,0.14923618785585724,84.14220647280818
0.010058394899310064,1.6554177658497253,62.17356461126795
0.010429580128344034,7.392394867918389,82.92644011550983
0.010492365916674424,1.923642329608187,55.69317837456586
0.0121320534630821,4.425471628357171,51.760064930418096
0.013083437759474308,3.8449249688874034,57.83152738609181
0.02798358366084463,3.1619835636397444,52.70905447806392
0.011462926060028439,4.119266218548807,61.69282757447173
0.01223625050369797,4.928404143580456,80.36071308500271
0.012051261560162858,7.74711441588515,56.71865919014678
0.014786815181081856,4.140931974388016,53.06877743696049
0.010095390108874098,5.6022174361874715,69.93002100491782
0.022881347780782928,6.9335777748756495,83.06860572865183
0.012552207848079963,6.757652558806878,59.059367841358345
0.010986772904388082,4.76887302873884,64.77499658774484
0.010912478554372464,0.8388609576674272,88.54666258744572
0.015263253126280261,6.453992591753955,53.43700567801895
0.010328180372363846,3.7058493273944704,62.88531610885918
0.011343100015297196,3.5384194378233875,58.37597348774079
0.024065302682374723,0.14018656332756985,53.304770969102584
0.015759272465789828,6.953039468104497,55.48953528085115
0.012351483532851135,1.6765864641798085,81.49830492565755
0.010142273338703194,3.380139008052889,57.13814052433053
0.011080171886600858,7.8973927639505455,81.99096061039134
0.013597416796536239,2.781630272336112,62.54945177500077
0.016821800322222035,4.043436223365071,59.26124847188794
0.010153512852511759,2.638659375713922,50.98082459171925
0.011579742545308969,5.852725553376107,56.683421203491946
0.01080524063703315,0.5934484115365289,64.69068194951959
0.017322269241160884,5.512764481294217,55.80266526288979
0.015549802168588572,6.264157666847049,73.91345041314584
0.011333256743263118,4.678772491490514,80.03379981258583
0.010375416497763853,0.14923618785585724,84.14220647280818
0.010058394899310064,1.6554177658497253,62.17356461126795
0.010423732259584614,7.417065970145174,83.0835991537225
0.010492365916674424,1.923642329608187,55.69317837456586
0.012026469043595254,4.69831754228739,52.701255294923904
0.013083437759474308,3.8449249688874034,57.83152738609181
0.02798358366084463,3.1619835636397444,52.70905447806392
0.010178052915751069,4.336786218051412,64.75437962358005
0.013239157487528448,5.056453553430852,92.87076042937701
0.012051261560162858,7.74711441588515,56.71865919014678
0.014786815181081856,4.140931974388016,53.06877743696049
0.01010155590893633,5.309983062394941,68.2477099152001
0.020775518466705032,6.714304592471027,80.9046992332063
0.012552207848079963,6.757652558806878,59.059367841358345
0.010986772904388082,4.76887302873884,64.77499658774484
0.010879592434229935,0.7636015095469633,81.2308673459703
0.015101251579137005,6.333505623930483,53.64111005961159
0.010348921870808788,3.5705291937818813,62.9638093214569
0.011343100015297196,3.5384194378233875,58.37597348774079
0.022562596983943077,0.6758552979275034,56.45947714505664
0.015859857721995333,7.2439073110224825,55.739924220055144
0.012351483532851135,1.6765864641798085,81.49830492565755
0.010142273338703194,3.380139008052889,57.13814052433053
0.011080171886600858,7.8973927639505455,81.99096061039134
0.01427124285092016,2.217030674224678,57.346016958363265
0.017543714017321094,4.195518395809492,60.15769323787503
0.010428534893693355,3.341748052158441,55.53366656489959
0.011663235057763557,5.636968427677837,55.93916036829903
0.010819337739591685,0.6763149398095649,64.54689185684198
0.018582162863512417,4.021354039041453,55.85671779098541
0.016920359954192696,7.608524378077453,82.85016906297858
0.011333256743263118,4.678772491490514,80.03379981258583
0.010375416497763853,0.14923618785585724,84.14220647280818
0.010058394899310064,1.6554177658497253,62.17356461126795
0.010330777184660972,6.251613349367877,76.14856770935884
0.010330614718220879,0.9927908511745036,52.72195220538857
0.011899201982254672,4.694729260346231,57.71924562495242
0.013310655879132707,3.80645853701029,57.29011977481672
0.02798358366084463,3.1619835636397444,52.70905447806392
0.010178052915751069,4.336786218051412,64.75437962358005
0.014071000508725395,6.481873845852473,95.40618060873815
0.012051261560162858,7.74711441588515,56.71865919014678
0.014786815181081856,4.140931974388016,53.06877743696049
0.01010155590893633,5.309983062394941,68.2477099152001
0.018627027292980068,5.700135666684227,77.14961726965377
0.012552207848079963,6.757652558806878,59.059367841358345
0.010986772904388082,4.76887302873884,64.77499658774484
0.010879592434229935,0.7636015095469633,81.2308673459703
0.01629875695014204,7.1002214344786765,53.15609315561804
0.010348921870808788,3.5705291937818813,62.9638093214569
0.012228135518706894,4.26449077885901,57.859453155649646
0.022562596983943077,0.6758552979275034,56.45947714505664
0.015859857721995333,7.2439073110224825,55.739924220055144
0.012351483532851135,1.6765864641798085,81.49830492565755
0.010142273338703194,3.380139008052889,57.13814052433053
0.011175665534697446,7.4301214308989865,81.95395513755585
0.013679661911729927,3.6906881988681146,57.178838568493504
0.018364406004347585,3.774258177758222,60.33827737851448
0.010428534893693355,3.341748052158441,55.53366656489959
0.011437890005311438,5.28266789857006,57.14356880193484
0.010819337739591685,0.6763149398095649,64.54689185684198
0.019140793749960704,3.360069687225417,55.88068442685778
0.016920359954192696,7.608524378077453,82.85016906297858
0.01116582526572582,4.2817061338813005,77.68816088464689
0.010375416497763853,0.14923618785585724,84.14220647280818
0.010058394899310064,1.6554177658497253,62.17356461126795
0.01011718412766898,6.463634756110814,78.6583311665151
0.010497896416105424,1.6494478050739927,53.11051301523076
0.011899201982254672,4.694729260346231,57.71924562495242
0.013301492269180148,3.8080098718180886,57.3119545130961
0.02798358366084463,3.1619835636397444,52.70905447806392
0.010178052915751069,4.336786218051412,64.75437962358005
0.015239868999556176,5.744732515283495,85.85903506958351
0.012051261560162858,7.74711441588515,56.71865919014678
0.014786815181081856,4.140931974388016,53.06877743696049
0.01010155590893633,5.309983062394941,68.2477099152001
0.015662425281090797,6.622990519601221,67.93857449709103
0.012552207848079963,6.757652558806878,59.059367841358345
0.010636624251927426,4.911143114113861,66.72564999541979
0.010875352121876795,0.7734424950735176,80.9184745512296
0.01629875695014204,7.1002214344786765,53.15609315561804
0.010348921870808788,3.5705291937818813,62.9638093214569
0.012228135518706894,4.26449077885901,57.859453155649646
0.017556445245616416,4.04362872521587,56.58291575616172
0.01580613419983014,7.0885520870499015,55.606189155566554
0.012351483532851135,1.6765864641798085,81.49830492565755
0.010142273338703194,3.380139008052889,57.13814052433053
0.011175665534697446,7.4301214308989865,81.95395513755585
0.014252901623391535,3.431264883868918,55.405521452049335
0.018364406004347585,3.774258177758222,60.33827737851448
0.010385458686736987,2.9904722144892633,57.456508293899965
0.011437890005311438,5.28266789857006,57.14356880193484
0.010819337739591685,0.6763149398095649,64.54689185684198
0.019140793749960704,3.360069687225417,55.88068442685778
0.016920359954192696,7.608524378077453,82.85016906297858
0.01157608019215272,5.225190487597791,85.45130374764011
0.010375416497763853,0.14923618785585724,84.14220647280818
0.01029947831404888,2.289323492882562,61.29451215174095
0.010079950934398892,6.928468654523183,81.17996254697664
0.010497896416105424,1.6494478050739927,53.11051301523076
0.011847141098359,4.500999166209337,58.04841042522636
0.013797318211454725,3.5971432836458668,57.05904323246319
0.02798358366084463,3.1619835636397444,52.70905447806392
0.010178052915751069,4.336786218051412,64.75437962358005
0.016545782174155754,5.252562723371066,98.88078019880153
0.011810120883171318,7.263691537344826,58.424462171153735
0.014786815181081856,4.140931974388016,53.06877743696049
0.01010155590893633,5.309983062394941,68.2477099152001
0.017363985783835224,7.569367382021863,72.34944187795735
0.012552207848079963,6.757652558806878,59.059367841358345
0.010938088291535393,4.253762222963114,68.93391745357634
0.011271801932774024,3.5260569512103146,71.37841788304226
0.01629875695014204,7.1002214344786765,53.15609315561804
0.010348921870808788,3.5705291937818813,62.9638093214569
0.012109196518625336,4.322964868531187,58.44046543748222
0.01755099138987287,4.051056031897147,56.61561452692757
0.016372135775597783,7.322543881193654,55.4069879974698
0.012819723420977747,1.7926916310987386,79.73152871823088
0.01167558565764125,3.471173548151013,57.10495875605212
0.011175665534697446,7.4301214308989865,81.95395513755585
0.0156602170065694,2.845875082443064,53.41311897640721
0.018466296241068207,3.6102016634818046,60.692545906923094
0.010439736628557248,3.046563943685358,57.47848791764858
0.011437890005311438,5.28266789857006,57.14356880193484
0.010819337739591685,0.6763149398095649,64.54689185684198
0.016108505698212813,2.6081809239612586,67.32220087973145
0.014119208798140447,6.406091143474436,75.66221314519608
0.01157608019215272,5.225190487597791,85.45130374764011
0.010365881811875068,0.417942380574333,81.27348380949006
0.01029947831404888,2.289323492882562,61.29451215174095
0.010079950934398892,6.928468654523183,81.17996254697664
0.010497896416105424,1.6494478050739927,53.11051301523076
0.011847141098359,4.500999166209337,58.04841042522636
0.013797318211454725,3.5971432836458668,57.05904323246319
0.02798358366084463,3.1619835636397444,52.70905447806392
0.010178052915751069,4.336786218051412,64.75437962358005
0.016545782174155754,5.252562723371066,98.88078019880153
0.011810120883171318,7.263691537344826,58.424462171153735
0.014542787370881625,4.224127418532564,53.36569730277647
0.01053224566639107,4.752673262049011,70.06730459176842
0.017363985783835224,7.569367382021863,72.34944187795735
0.013773011202622535,5.355273094449009,61.79667193066834
0.010938088291535393,4.253762222963114,68.93391745357634
0.011109555529422947,1.8100769657598366,85.28401044228411
0.01629875695014204,7.1002214344786765,53.15609315561804
0.01113794993880246,4.228463994473013,64.93585782734492
0.012109196518625336,4.322964868531187,58.44046543748222
0.01986881662906726,3.9177042959133423,59.119680115522854
0.016372135775597783,7.322543881193654,55.4069879974698
0.012819723420977747,1.7926916310987386,79.73152871823088
0.01280277840321303,3.386756558633187,52.12701790904882
0.011175665534697446,7.4301214308989865,81.95395513755585
0.015385836014454826,3.1263557657569496,55.15935000771401
0.01515461475805987,2.3396182891698727,62.3617541429806
0.010439736628557248,3.046563943685358,57.47848791764858
0.011437890005311438,5.28266789857006,57.14356880193484
0.010355452762316593,0.41742967538881137,61.02560844088832
0.016138393042198666,2.6380763363933073,67.10036753255125
0.013376066685954778,6.094728270350399,70.52966996947532
0.011729981218432326,4.964734294802436,77.65376401722008
0.010745387145486788,1.5183975671978711,77.41752849826437
0.01029947831404888,2.289323492882562,61.29451215174095
0.010134957998692221,6.463336440989366,79.9425366388836
0.010497896416105424,1.6494478050739927,53.11051301523076
0.011847141098359,4.500999166209337,58.04841042522636
0.01684245594288479,2.9748306253232935,50.584425516968835
0.02798358366084463,3.1619835636397444,52.70905447806392
0.010178052915751069,4.336786218051412,64.75437962358005
0.016545782174155754,5.252562723371066,98.88078019880153
0.013460080457280876,6.562990824711341,72.51991477246561
0.014542787370881625,4.224127418532564,53.36569730277647
0.010066333935031915,4.480015764949257,76.71596329662793
0.017363985783835224,7.569367382021863,72.34944187795735
0.01501962343385879,5.890599976916311,64.21584170550142
0.010938088291535393,4.253762222963114,68.93391745357634
0.011109555529422947,1.8100769657598366,85.28401044228411
0.01629875695014204,7.1002214344786765,53.15609315561804
0.01113794993880246,4.228463994473013,64.93585782734492
0.012272873002296875,4.268557686987377,57.84315745993818
0.019060962990527366,3.9929389564891173,59.75788047620579
0.014650405669891703,6.610760144692422,56.0129414888917
0.012819723420977747,1.7926916310987386,79.73152871823088
0.01367004963906503,3.8041266262739555,52.74441185849609
0.011219978685498998,7.067224589141221,77.76126332446576
0.015691105666797146,3.232134507020027,53.69510665508881
0.014208176878849363,2.4815265480048265,61.38151499300047
0.010439736628557248,3.046563943685358,57.47848791764858
0.011437890005311438,5.28266789857006,57.14356880193484
0.010355452762316593,0.41742967538881137,61.02560844088832
0.018513773105698524,1.603555627183495,72.10269086487708
0.012305306538885157,5.661133777340346,82.727314802421
0.011729981218432326,4.964734294802436,77.65376401722008
0.010745387145486788,1.5183975671978711,77.41752849826437
0.01029947831404888,2.289323492882562,61.29451215174095
0.010134957998692221,6.463336440989366,79.9425366388836
0.010497896416105424,1.6494478050739927,53.11051301523076
0.011822559157110531,4.5176995597417005,58.01163395531917
0.01684245594288479,2.9748306253232935,50.584425516968835
0.02773373993508066,3.2266084558389174,52.77096435737765
0.010178052915751069,4.336786218051412,64.75437962358005
0.01663756646357543,4.547882889345537,83.93895836189552
0.013460080457280876,6.562990824711341,72.51991477246561
0.014542787370881625,4.224127418532564,53.36569730277647
0.010066333935031915,4.480015764949257,76.71596329662793
0.017363985783835224,7.569367382021863,72.34944187795735
0.01501962343385879,5.890599976916311,64.21584170550142
0.01115031145715636,4.230579598020221,70.10096148517691
0.010119161975094122,1.8377014109426393,87.04715338244323
0.01550233342476873,6.553174824812812,54.79867934957889
0.0109770565599219,3.444857092041836,64.13185079069588
0.012272873002296875,4.268557686987377,57.84315745993818
0.023285091433406777,3.821425479074021,60.949384414320235
0.014644864440593965,6.5561869386012575,54.707215662068194
0.013246862596707334,1.3813297815800287,82.15322631693248
0.013298145066748325,3.6251493581633105,52.479660044728696
0.011219978685498998,7.067224589141221,77.76126332446576
0.015617805731011722,3.209795558593169,53.68685536495324
0.013283431003709002,3.0104672861841753,64.01841069153092
0.011227040328538945,3.13298837077584,57.686645564799456
0.011437890005311438,5.28266789857006,57.14356880193484
0.010355452762316593,0.41742967538881137,61.02560844088832
0.019280536899679422,1.2761305672585088,73.85463269262863
0.012346094605234269,5.75774428729653,84.81558056690676
0.013030469701391555,5.490943682375432,88.4632201062739
0.010745387145486788,1.5183975671978711,77.41752849826437
0.01029947831404888,2.289323492882562,61.29451215174095
0.010134957998692221,6.463336440989366,79.9425366388836
0.010482069498220462,1.6142666911362795,52.839008853161374
0.011798463419822994,4.5707592801005505,57.603217145335954
0.01684245594288479,2.9748306253232935,50.584425516968835
0.03295893098115937,3.233859287567405,52.37597166334661
0.010178052915751069,4.336786218051412,64.75437962358005
0.018767750354309533,3.947336656023049,83.50382408605371
0.014733241836830524,7.426578254222617,75.53231467404841
0.014542787370881625,4.224127418532564,53.36569730277647
0.010007604336218112,2.782657412643881,73.95460892869073
0.01749124504321715,7.679488120492776,72.71022558323813
0.014830401598858477,5.229297235873125,59.910202108774186
0.011061633799911211,4.240266480518244,69.61331099555456
0.010119161975094122,1.8377014109426393,87.04715338244323
0.016169800688290534,7.025361180950962,54.1694443668451
0.010937681047010364,3.4939802448323083,65.14704974938728
0.012272873002296875,4.268557686987377,57.84315745993818
0.02163045648445814,4.235646239446008,61.60328500331677
0.014644864440593965,6.5561869386012575,54.707215662068194
0.013244499259611851,1.2779240361728381,83.5207236287882
0.013298145066748325,3.6251493581633105,52.479660044728696
0.011219978685498998,7.067224589141221,77.76126332446576
0.014183866944389641,3.720757527552576,55.15721926579648
0.01049950543923341,2.97885910828461,65.66572250981035
0.011227040328538945,3.13298837077584,57.686645564799456
0.011437890005311438,5.28266789857006,57.14356880193484
0.010355452762316593,0.41742967538881137,61.02560844088832
0.019280536899679422,1.2761305672585088,73.85463269262863
0.012346094605234269,5.75774428729653,84.81558056690676
0.013030469701391555,5.490943682375432,88.4632201062739
0.010624478168528486,0.8611669604160559,80.95730265370648
0.01029947831404888,2.289323492882562,61.29451215174095
0.010846021656592288,5.825330643197825,73.76906252326685
0.010680395917721169,2.3754356254340703,53.73217650946604
0.011798463419822994,4.5707592801005505,57.603217145335954
0.01684245594288479,2.9748306253232935,50.584425516968835
0.02667862719257314,3.1329204231457046,51.677837981893155
0.010625756827500037,4.186248462665524,65.20197380821276
0.018767750354309533,3.947336656023049,83.50382408605371
0.012930212316261677,5.532419486124315,71.33040995706338
0.014444920211025879,1.9882477788950617,52.079506465909695
0.010007604336218112,2.782657412643881,73.95460892869073
0.014680957601107462,6.249581428613608,69.63683225525212
0.014830401598858477,5.229297235873125,59.910202108774186
0.011169181968480702,3.4496303635664756,67.54040610738124
0.011740776510738925,3.005092910410676,77.70658101662812
0.016169800688290534,7.025361180950962,54.1694443668451
0.010906045603945412,3.5000408174417457,64.81998889659859
0.012273826930870035,4.270529549133153,57.82978126929936
0.020842754626412618,3.994133534102877,62.98845906292694
0.011991370764984242,7.653075121771421,51.1617790164428
0.012865481451428452,1.1424334898863107,84.54491846524985
0.01461033272114123,4.251587889228065,51.8518166004617
0.011016175936870634,5.295115574752806,68.68537315085123
0.01764144750813814,5.04845763562893,56.563595998840015
0.010866152640058179,3.8790071656253353,62.33593223517879
0.011227040328538945,3.13298837077584,57.686645564799456
0.011272402514252192,6.182790785636032,55.14795490337515
0.010355452762316593,0.41742967538881137,61.02560844088832
0.017000445573065546,1.8822659126212833,71.4748619408298
0.011071990576856405,5.489355227996035,93.09842388739048
0.013030469701391555,5.490943682375432,88.4632201062739
0.010624478168528486,0.8611669604160559,80.95730265370648
0.01029947831404888,2.289323492882562,61.29451215174095
0.010965675571832638,5.592777957158909,71.49861456601198
0.010680395917721169,2.3754356254340703,53.73217650946604
0.011611721805889975,4.337158475476499,59.239806741284525
0.01684245594288479,2.9748306253232935,50.584425516968835
0.026170157283082196,3.108845372603171,51.74313078253048
0.010851810545163858,4.699531154900687,62.00120096293015
0.018823380343262534,3.8814268069761293,84.13196220630581
0.012930212316261677,5.532419486124315,71.33040995706338
0.01449896128943912,2.017187626063946,50.968690446666436
0.010029388017931405,2.7988176224562764,73.93448267941488
0.014839956877409945,6.666061436244344,78.69824283182342
0.014823321694256146,5.225615651635752,59.90276998531526
0.011635614656067422,5.187699374209528,71.27471300167397
0.011740776510738925,3.005092910410676,77.70658101662812
0.014407089771901659,5.532216681742337,54.02903263591929
0.010906045603945412,3.5000408174417457,64.81998889659859
0.012273826930870035,4.270529549133153,57.82978126929936
0.024006860491152873,5.073254722989507,63.580667358757935
0.011991370764984242,7.653075121771421,51.1617790164428
0.012865481451428452,1.1424334898863107,84.54491846524985
0.01461033272114123,4.251587889228065,51.8518166004617
0.010375116744247435,5.215636493023677,67.79948342706841
0.01913917808311973,4.358021837592365,57.995517514736974
0.010190314806711016,3.981257115635745,63.66486626622826
0.011227040328538945,3.13298837077584,57.686645564799456
0.011272402514252192,6.182790785636032,55.14795490337515
0.010355452762316593,0.41742967538881137,61.02560844088832
0.017000445573065546,1.8822659126212833,71.4748619408298
0.011071990576856405,5.489355227996035,93.09842388739048
0.013030469701391555,5.490943682375432,88.4632201062739
0.010624478168528486,0.8611669604160559,80.95730265370648
0.010378105037277374,2.2845472266415654,61.41396468960538
0.010965675571832638,5.592777957158909,71.49861456601198
0.010306424004719776,1.8506713404627542,50.80694001811838
0.01261318065414153,4.076331745609613,57.582676425527104
0.01684245594288479,2.9748306253232935,50.584425516968835
0.019689252947495788,4.167620657566741,60.163897957332786
0.010816635675335171,4.573352778300733,57.033262862489885
0.015189937632900817,4.19542125551774,71.83463343229363
0.012930212316261677,5.532419486124315,71.33040995706338
0.014198568057035267,1.901209474040981,51.69778997295672
0.010029388017931405,2.7988176224562764,73.93448267941488
0.015164358351063095,6.815727981946841,79.44978678382978
0.015427802001190278,5.32402118179543,60.33568649990212
0.01140283848640484,5.266083099215275,71.6034566702853
0.011740776510738925,3.005092910410676,77.70658101662812
0.013341358560659367,6.467865665623889,52.7641000572239
0.01119123025907866,4.284493655843514,71.48470297116765
0.012273826930870035,4.270529549133153,57.82978126929936
0.022126892585965455,4.409977965873987,67.11812166275129
0.011991370764984242,7.653075121771421,51.1617790164428
0.012865481451428452,1.1424334898863107,84.54491846524985
0.014745108230259759,4.263414848412906,51.46507611966774
0.010375116744247435,5.215636493023677,67.79948342706841
0.02334554365675595,5.009291919231924,58.15972450622001
0.010190314806711016,3.981257115635745,63.66486626622826
0.011227040328538945,3.13298837077584,57.686645564799456
0.011300852499604797,6.104846430752685,56.41114514087277
0.010355452762316593,0.41742967538881137,61.02560844088832
0.017216840436822277,1.988910815149047,71.0207590549389
0.010807966653013253,6.470094582271665,99.17482972075504
0.013753656882907334,5.057084397502936,82.8944498764044
0.010664652854111518,0.5724538814221551,82.55743351671465
0.010378105037277374,2.2845472266415654,61.41396468960538
0.01087093919323431,5.684937053830692,52.251211877517015
0.010306424004719776,1.8506713404627542,50.80694001811838
0.012933850722062195,3.8605504891056706,55.43304624012571
0.017429373000915314,3.214667746753215,50.488188198180495
0.02049787488671149,4.162624303265105,58.06642043198049
0.010816635675335171,4.573352778300733,57.033262862489885
0.017368965678316077,4.947418264464451,68.1249956350737
0.010286439788199977,5.6420128547555874,73.18011722025815
0.014396229338205639,1.9815671091993368,51.62378629874509
0.010137678845533129,3.5558253447997448,72.01284847374214
0.015868277192758407,7.5992284065855245,79.80820537632033
0.015898265906360363,5.862866029598999,64.25797473306085
0.011057756899573152,5.3822839124083535,72.09080632892822
0.011740776510738925,3.005092910410676,77.70658101662812
0.013339114473971292,6.477409624072169,52.766525911631945
0.011654348406925212,4.424799557334219,75.10289897632215
0.013392855976827945,4.04135110531212,56.23626318633261
0.017911994850831822,2.9229080570638777,75.04911244876365
0.011991370764984242,7.653075121771421,51.1617790164428
0.012865481451428452,1.1424334898863107,84.54491846524985
0.014443150518727655,4.1962526699575,52.12658293003486
0.010375116744247435,5.215636493023677,67.79948342706841
0.02334554365675595,5.009291919231924,58.15972450622001
0.010190314806711016,3.981257115635745,63.66486626622826
0.011227040328538945,3.13298837077584,57.686645564799456
0.011300852499604797,6.104846430752685,56.41114514087277
0.010355452762316593,0.41742967538881137,61.02560844088832
0.015864914659081956,2.53482674147743,68.06615722994627
0.01082158263299583,6.300327106592674,89.02896234712128
0.013753656882907334,5.057084397502936,82.8944498764044
0.010664652854111518,0.5724538814221551,82.55743351671465
0.010378105037277374,2.2845472266415654,61.41396468960538
0.01087093919323431,5.684937053830692,52.251211877517015
0.010306424004719776,1.8506713404627542,50.80694001811838
0.014181243604852177,2.146207664976871,54.68590910875727
0.017429373000915314,3.214667746753215,50.488188198180495
0.019300335974316952,4.213430126832159,57.938622082504104
0.01057065421811993,3.260703173864063,54.03144997862594
0.01381318220963652,4.910606343066849,74.05386437379255
0.010286439788199977,5.6420128547555874,73.18011722025815
0.014396229338205639,1.9815671091993368,51.62378629874509
0.010223600598694725,3.497259856023437,68.44453170374402
0.015868277192758407,7.5992284065855245,79.80820537632033
0.015635229390549284,6.317813206040052,66.6235549635215
0.011057756899573152,5.3822839124083535,72.09080632892822
0.011501860313473992,3.741159481853462,70.71481385246608
0.013339114473971292,6.477409624072169,52.766525911631945
0.011808917199878192,4.4983010852441545,74.77366482577025
0.013188408354964563,4.09194990915047,55.38516247900458
0.017911994850831822,2.9229080570638777,75.04911244876365
0.012037478637498756,7.722609432662117,50.68714498982514
0.012669969845765752,1.3799620623113582,81.33997933943412
0.014443150518727655,4.1962526699575,52.12658293003486
0.010375116744247435,5.215636493023677,67.79948342706841
0.02778851335370046,5.415060198720964,61.1707199525864
0.010190314806711016,3.981257115635745,63.66486626622826
0.011227040328538945,3.13298837077584,57.686645564799456
0.011537999078847297,6.5583222065128455,54.86217011493311
0.010355452762316593,0.41742967538881137,61.02560844088832
0.015360540330495973,2.418408819286957,64.05786021403907
0.01082158263299583,6.300327106592674,89.02896234712128
0.013584797153126021,4.8119330509669345,82.87602695079518
0.010664652854111518,0.5724538814221551,82.55743351671465
0.010454916291693792,2.345086769743079,61.92805455701036
0.01023408386203162,4.572499301225146,53.10509156472489
0.010548254288853288,1.8804365240902583,51.5578275632801
0.014181243604852177,2.146207664976871,54.68590910875727
0.020371202225118394,3.7850808680664336,50.03089390123832
0.017782760311421727,4.1747540244510075,58.89251765015829
0.01057065421811993,3.260703173864063,54.03144997862594
0.01303819078313919,6.137882291550024,63.85564915809506
0.010286439788199977,5.6420128547555874,73.18011722025815
0.014396229338205639,1.9815671091993368,51.62378629874509
0.010223600598694725,3.497259856023437,68.44453170374402
0.015905600563041394,7.98006671516227,80.96600188129973
0.01459270124996753,5.753941963640106,66.97653387220777
0.010878455770515542,4.977099726597317,71.30704295453285
0.011030764482861064,3.8274004804552013,68.1825335032212
0.013423694187550853,7.816184059864325,51.296887304406894
0.011907332301843031,4.72616270178789,74.20767275643128
0.01317869337850311,3.938175894313213,55.55396778552293
0.01531928057027641,2.063256975431619,70.23752817135926
0.012037478637498756,7.722609432662117,50.68714498982514
0.01371964159575081,1.7850910975279097,74.597709501585
0.014443150518727655,4.1962526699575,52.12658293003486
0.012534328445646902,4.004143302902271,66.1789678411741
0.022991963221913943,4.18532808491733,57.75141180301997
0.010419122452996022,4.418787040083224,62.170358814458986
0.011179656018020814,3.1488159625166596,57.73477625003572
0.011537999078847297,6.5583222065128455,54.86217011493311
0.011429504759397316,0.7785641568772146,59.84657584302818
0.020309466773824805,1.3790440023192216,59.83174200611039
0.01082158263299583,6.300327106592674,89.02896234712128
0.013628541650602415,4.742610131842564,82.55727799505668
0.010000564099023357,0.3114003696418157,85.17362878672887
0.010455804333673348,2.340663472494774,61.903037208683955
0.011076204754499771,4.528127336192906,53.75072957197481
0.010876940145775343,2.137560831163273,52.057164262805586
0.013965313852251327,2.3118504637014032,54.62087511216431
0.020371202225118394,3.7850808680664336,50.03089390123832
0.01738174316049556,4.11244715478142,58.82220615163321
0.01057065421811993,3.260703173864063,54.03144997862594
0.014125437031521462,4.396549431783877,63.95031759946159
0.010286439788199977,5.6420128547555874,73.18011722025815
0.0143593865950781,2.202601067114589,51.611402318928064
0.010223600598694725,3.497259856023437,68.44453170374402
0.014912481711308866,7.656786013157592,75.03043117425374
0.014807807465400386,6.030165721065014,68.71419390297817
0.011103928875020763,5.486623212318821,72.29263385488704
0.011030764482861064,3.8274004804552013,68.1825335032212
0.013423694187550853,7.816184059864325,51.296887304406894
0.011907332301843031,4.72616270178789,74.20767275643128
0.012979780146417782,3.958539805795142,58.833868652580186
0.017900046351248602,1.3369897089066,71.14561187261829
0.012037478637498756,7.722609432662117,50.68714498982514
0.012879952204785456,2.455133126172644,71.43605096289947
0.017150055352124022,4.850208995870435,50.795066145887255
0.012332000659366774,4.024856782276915,69.51517164568165
0.022991963221913943,4.18532808491733,57.75141180301997
0.010419122452996022,4.418787040083224,62.170358814458986
0.011179656018020814,3.1488159625166596,57.73477625003572
0.011616823231916587,6.436631716339504,54.771349900811174
0.011429504759397316,0.7785641568772146,59.84657584302818
0.018055466027402853,1.9738036094466018,61.8603328238191
0.01082158263299583,6.300327106592674,89.02896234712128
0.013628541650602415,4.742610131842564,82.55727799505668
0.010000564099023357,0.3114003696418157,85.17362878672887
0.010455804333673348,2.340663472494774,61.903037208683955
0.011170345509502003,5.657528774346775,54.55083912414956
0.010876940145775343,2.137560831163273,52.057164262805586
0.015360059602741595,1.8927917916581414,53.06178184301819
0.020371202225118394,3.7850808680664336,50.03089390123832
0.019375284940171256,6.301204977881843,64.5024455164137
0.01057065421811993,3.260703173864063,54.03144997862594
0.013499971709030239,4.756960870574053,68.69805183125392
0.010716637646337117,5.526241061755311,74.38715238759028
0.014359296210242449,2.2026940877725063,51.61223523694112
0.010223600598694725,3.497259856023437,68.44453170374402
0.014193322363147527,6.673224743924591,70.9364479036368
0.01571173846708646,6.000759000924603,66.7942756520494
0.01025485884451566,6.178282430922619,78.38449964143912
0.010867856977340613,3.6267545664722536,63.17217426096351
0.013423694187550853,7.816184059864325,51.296887304406894
0.01261919119537186,3.9935444241394507,67.64772173255027
0.01260585285325228,3.686569530808654,64.37737986351615
0.018978459072515757,0.46490273984715724,68.25268023982879
0.012037478637498756,7.722609432662117,50.68714498982514
0.011380282038918482,2.7951694177865503,82.54659530521513
0.01556488284415854,3.7219505605411944,53.30325204424003
0.012571677943468048,1.0156851525922148,84.83711689527769
0.025426878169416044,3.919346622307617,54.451571553346255
0.010111913186093054,5.949557568036457,68.95661267328069
0.011179656018020814,3.1488159625166596,57.73477625003572
0.011721426040077313,6.454560686470205,50.26523883501663
0.011429504759397316,0.7785641568772146,59.84657584302818
0.018055466027402853,1.9738036094466018,61.8603328238191
0.01082158263299583,6.300327106592674,89.02896234712128
0.013652503723539272,4.771877394390579,82.53999751644093
0.010000564099023357,0.3114003696418157,85.17362878672887
0.010474881332195294,2.5736523432077894,62.81610864263379
0.011170345509502003,5.657528774346775,54.55083912414956
0.010876940145775343,2.137560831163273,52.057164262805586
0.015360059602741595,1.8927917916581414,53.06178184301819
0.020371202225118394,3.7850808680664336,50.03089390123832
0.02446697333805946,5.314895408974932,74.08885356577173
0.01057065421811993,3.260703173864063,54.03144997862594
0.013169278067367562,4.588046811880787,67.04232417711191
0.010716637646337117,5.526241061755311,74.38715238759028
0.014097767535720732,1.873120815803578,51.245401886466524
0.010330459195191448,5.023630982956146,60.42948556744259
0.01359501300785486,5.3971526287749265,68.53571994175623
0.01376425620152094,3.6257994493595924,63.63458772090111
0.01025485884451566,6.178282430922619,78.38449964143912
0.010867856977340613,3.6267545664722536,63.17217426096351
0.013428596587143586,7.891454684887934,50.92404328306252
0.012640111614099276,3.8594342001393254,68.25768340952283
0.014539098579685078,4.696222815961798,65.79378589510695
0.01841056466607611,0.9241455713633049,69.77610412019907
0.012039564801654266,7.719454198196869,50.71385084191489
0.011380282038918482,2.7951694177865503,82.54659530521513
0.01556488284415854,3.7219505605411944,53.30325204424003
0.012513503823659707,0.6898632264280091,86.43791861851439
0.025426878169416044,3.919346622307617,54.451571553346255
0.010111913186093054,5.949557568036457,68.95661267328069
0.011179656018020814,3.1488159625166596,57.73477625003572
0.011721426040077313,6.454560686470205,50.26523883501663
0.011429504759397316,0.7785641568772146,59.84657584302818
0.02052204431869737,0.06414535716358127,59.10118717146091
0.01082158263299583,6.300327106592674,89.02896234712128
0.01437442627293642,4.1880756313145096,80.60338035828921
0.01119917953292655,0.7465812958538889,84.0390950105977
0.010299298511506324,2.557849718322184,62.914334253024414
0.011170345509502003,5.657528774346775,54.55083912414956
0.010876940145775343,2.137560831163273,52.057164262805586
0.015360059602741595,1.8927917916581414,53.06178184301819
0.020371202225118394,3.7850808680664336,50.03089390123832
0.022978425709437547,5.0232684768968845,72.88960346676123
0.011925576494981422,3.41559945694479,58.105691328176164
0.01321570526618592,4.622756879360772,67.1151461733336
0.010716637646337117,5.526241061755311,74.38715238759028
0.014895317357670815,2.0171715785168596,51.471110693595335
0.010330459195191448,5.023630982956146,60.42948556744259
0.013655585103448916,4.489278862847386,74.94600179725177
0.01376425620152094,3.6257994493595924,63.63458772090111
0.010582573753862288,5.104748300947495,71.0669791914169
0.010867856977340613,3.6267545664722536,63.17217426096351
0.013428596587143586,7.891454684887934,50.92404328306252
0.012640111614099276,3.8594342001393254,68.25768340952283
0.014931592192820888,7.206922027917864,78.73225438249445
0.01811527169433187,1.102966051572194,69.74694395300043
0.012039564801654266,7.719454198196869,50.71385084191489
0.011467972694196653,2.6528612988524336,85.86211557226486
0.016384590833701855,2.1220826439931093,54.21617109894282
0.012104324294089638,2.3205553606119995,76.13656948110598
0.025426878169416044,3.919346622307617,54.451571553346255
0.010111913186093054,5.949557568036457,68.95661267328069
0.011179656018020814,3.1488159625166596,57.73477625003572
0.0119172320135532,6.301814434060271,51.977173860579676
0.011429504759397316,0.7785641568772146,59.84657584302818
0.02052204431869737,0.06414535716358127,59.10118717146091
0.01082158263299583,6.300327106592674,89.02896234712128
0.014469014338290856,4.218845155765049,81.28045471649321
0.011923472123577127,0.7839039387515703,82.54233949116676
0.010299298511506324,2.557849718322184,62.914334253024414
0.011269674617770908,5.646862185888063,55.123744787216125
0.010876940145775343,2.137560831163273,52.057164262805586
0.015360059602741595,1.8927917916581414,53.06178184301819
0.019900190313297525,3.8844536710615096,50.89978831950599
0.020069926891208876,3.8281319329197294,65.3198444196056
0.010705018872323516,1.8472798603320073,52.73446914864188
0.01332009998212779,5.207451371372123,64.24247286556158
0.010716637646337117,5.526241061755311,74.38715238759028
0.015061241304105735,1.3526386591836799,51.53299812680385
0.010330459195191448,5.023630982956146,60.42948556744259
0.013013602651594264,4.55145847973554,77.41809515904139
0.013958697010346768,3.661683163819717,64.07843358984377
0.011291820344540937,5.131356923651742,69.2988654123776
0.01103904360627417,3.6549005156338783,64.0329796010966
0.013428596587143586,7.891454684887934,50.92404328306252
0.01270716582636118,3.9291587261490393,68.79558884504264
0.014931592192820888,7.206922027917864,78.73225438249445
0.01866064732659438,0.7343173362974662,68.92688704532401
0.012039564801654266,7.719454198196869,50.71385084191489
0.013374129258052954,2.789606431898874,80.81012590898852
0.01846460842137711,2.8350334594022133,53.93555234919533
0.012402265649396787,3.1501473952315857,85.41822065884385
0.02333992427185444,3.504539292565282,54.39724128517786
0.010325230186098957,5.049502562087652,66.66578310305985
0.011171464890941913,3.1057795681984626,57.72762316076385
0.0119172320135532,6.301814434060271,51.977173860579676
0.0114221692902072,0.4211535235848327,54.88565992322332
0.02052204431869737,0.06414535716358127,59.10118717146091
0.010512783807671683,6.299907916856417,99.47167236351575
0.015833554735783205,4.443198453076078,88.14199330923364
0.011923472123577127,0.7839039387515703,82.54233949116676
0.010308800435003308,2.5509361708638707,62.73573909554177
0.011578456707655765,5.244125138919191,58.083038083500995
0.010876940145775343,2.137560831163273,52.057164262805586
0.016155409905801898,1.3976999955198384,51.89669815539901
0.023539775718436164,2.108791934398651,50.98588011063717
0.01754839669757356,3.350905031383623,68.74390411958221
0.010705018872323516,1.8472798603320073,52.73446914864188
0.012267594426290147,3.9015474639349192,54.778836958264066
0.010716637646337117,5.526241061755311,74.38715238759028
0.015061241304105735,1.3526386591836799,51.53299812680385
0.010330459195191448,5.023630982956146,60.42948556744259
0.013659318603286758,3.5427214244025382,69.25531700268883
0.014156847530004447,4.383745453659795,67.06299169778924
0.011291820344540937,5.131356923651742,69.2988654123776
0.01006550027077623,3.0879588073795317,67.2715443651934
0.013377640289209073,7.656053550648315,52.636644467262514
0.01270716582636118,3.9291587261490393,68.79558884504264
0.014931592192820888,7.206922027917864,78.73225438249445
0.01866064732659438,0.7343173362974662,68.92688704532401
0.012039564801654266,7.719454198196869,50.71385084191489
0.013406324687333956,2.7898937413258467,80.64015400560952
0.014971089312349212,3.4103942749046214,52.147141668727706
0.012402265649396787,3.1501473952315857,85.41822065884385
0.02333992427185444,3.504539292565282,54.39724128517786
0.01129551359800192,4.67889834138301,65.9748555578528
0.01163475630390264,2.049277696354481,56.23922699609974
0.014498721875001766,5.669639702030387,52.52410092290003
0.0114221692902072,0.4211535235848327,54.88565992322332
0.02052204431869737,0.06414535716358127,59.10118717146091
0.010577429453574833,6.277349497378814,99.3340204273142
0.016163068238416806,4.328213078390842,87.44035020538062
0.011923472123577127,0.7839039387515703,82.54233949116676
0.010308800435003308,2.5509361708638707,62.73573909554177
0.011124183589638572,5.713009526447385,76.803020275995
0.010521004615466976,2.2043298515953085,52.101752198646686
0.016155409905801898,1.3976999955198384,51.89669815539901
0.022000221710177306,2.252739994944456,55.745511983122455
0.014250041184966356,2.751029951569446,60.49401146619958
0.010705018872323516,1.8472798603320073,52.73446914864188
0.012267594426290147,3.9015474639349192,54.778836958264066
0.010140857924867712,5.714722188204434,85.27990100984769
0.015061241304105735,1.3526386591836799,51.53299812680385
0.01009000155241452,5.663597396850938,57.091656580105
0.01364971338285326,3.546994498452283,69.22985060532814
0.014131945407774137,4.2930018945181985,66.68791405007015
0.011291820344540937,5.131356923651742,69.2988654123776
0.01006550027077623,3.0879588073795317,67.2715443651934
0.013377640289209073,7.656053550648315,52.636644467262514
0.012950108926001765,3.722802214445613,68.70920176088876
0.015387801773121776,7.666407435224262,80.31090293680066
0.014884811357349294,1.7682687122896772,68.19969734252156
0.011953176386667685,6.48852840857116,51.31954344943435
0.014257548850993913,3.9414222437149142,79.54821385684157
0.015372512961684973,2.7281946347949892,52.062254223868045
0.012157995959206172,3.2642037048638075,87.59993587073853
0.027577929732631058,3.8146718097435377,51.68538007524438
0.01129551359800192,4.67889834138301,65.9748555578528
0.01163475630390264,2.049277696354481,56.23922699609974
0.013426538712750588,5.045255217638304,56.09079845275221
0.011503341218554678,0.07894548478531771,54.47345981623705
0.02052204431869737,0.06414535716358127,59.10118717146091
0.010577429453574833,6.277349497378814,99.3340204273142
0.016163068238416806,4.328213078390842,87.44035020538062
0.011923472123577127,0.7839039387515703,82.54233949116676
0.010308800435003308,2.5509361708638707,62.73573909554177
0.012716190417633097,5.692548932801059,65.34894800954402
0.010521004615466976,2.2043298515953085,52.101752198646686
0.018930122284260997,1.0004680373704011,51.795717490584494
0.022000221710177306,2.252739994944456,55.745511983122455
0.01443861135492923,2.4259623419153105,58.41094987808965
0.010705018872323516,1.8472798603320073,52.73446914864188
0.012267594426290147,3.9015474639349192,54.778836958264066
0.010350238760459938,5.984559702507769,92.02029307310606
0.015021769329792543,1.479782318123589,52.90891732499085
0.01009000155241452,5.663597396850938,57.091656580105
0.014014828954170794,3.55401141662662,68.76993820734494
0.014433185867025222,3.3406162188836825,62.02318072612584
0.010943638694292594,4.4168519109362565,78.7643720270493
0.01006550027077623,3.0879588073795317,67.2715443651934
0.013377640289209073,7.656053550648315,52.636644467262514
0.011859604929010167,3.2389796663336563,66.24296772020745
0.01634465461085035,5.865801586909345,72.60837121309913
0.017954703819251683,0.31801573274612727,52.578817661395796
0.011953176386667685,6.48852840857116,51.31954344943435
0.014257548850993913,3.9414222437149142,79.54821385684157
0.016665333679507184,3.6133980879336303,51.25658914831845
0.011784763579989253,3.2327674143248983,83.97401971271744
0.027577929732631058,3.8146718097435377,51.68538007524438
0.011106897069658834,6.140948691464063,71.38779569957265
0.01163475630390264,2.049277696354481,56.23922699609974
0.013242740680716025,4.8638735612384405,55.882733282054055
0.011503341218554678,0.07894548478531771,54.47345981623705
0.02052204431869737,0.06414535716358127,59.10118717146091
0.010577429453574833,6.277349497378814,99.3340204273142
0.013798586678345267,5.153310672110612,92.47511256732408
0.011923472123577127,0.7839039387515703,82.54233949116676
0.010308800435003308,2.5509361708638707,62.73573909554177
0.013213609207714114,4.783662552328452,62.6650645913506
0.010521004615466976,2.2043298515953085,52.101752198646686
0.018930122284260997,1.0004680373704011,51.795717490584494
0.022000221710177306,2.252739994944456,55.745511983122455
0.01443861135492923,2.4259623419153105,58.41094987808965
0.010705018872323516,1.8472798603320073,52.73446914864188
0.012267594426290147,3.9015474639349192,54.778836958264066
0.010350238760459938,5.984559702507769,92.02029307310606
0.015686761324057892,1.1848741679839094,51.7970229624356
0.01009000155241452,5.663597396850938,57.091656580105
0.014250034126627058,2.0398264026584387,74.72521385031575
0.014433185867025222,3.3406162188836825,62.02318072612584
0.011143128233526804,4.71874084532373,81.3752347718784
0.010551538058116284,3.838827338695995,63.545918860566104
0.013377640289209073,7.656053550648315,52.636644467262514
0.011859604929010167,3.2389796663336563,66.24296772020745
0.017949723112522197,6.639094665585201,79.62755232312782
0.017954703819251683,0.31801573274612727,52.578817661395796
0.012141414267363202,6.294990306488032,51.359040579379496
0.013700646647794681,5.735266737649532,98.96078305884329
0.015812023276736444,3.8794616668126576,52.01383207448129
0.012399000169743938,3.516518197123534,92.81253922647619
0.027577929732631058,3.8146718097435377,51.68538007524438
0.010984051889057869,5.780812099834726,70.90223473077253
0.013317457923257212,2.2356039347711025,55.75859711257803
0.020019017951667346,4.367913448291939,53.898634639862834
0.011503341218554678,0.07894548478531771,54.47345981623705
0.02052204431869737,0.06414535716358127,59.10118717146091
0.010577429453574833,6.277349497378814,99.3340204273142
0.013798586678345267,5.153310672110612,92.47511256732408
0.011440004627894542,1.205838627872153,70.71493748677737
0.010308800435003308,2.5509361708638707,62.73573909554177
0.013213609207714114,4.783662552328452,62.6650645913506
0.010521004615466976,2.2043298515953085,52.101752198646686
0.016771764271927662,2.6837742765816235,51.65688325176404
0.022000221710177306,2.252739994944456,55.745511983122455
0.01443861135492923,2.4259623419153105,58.41094987808965
0.010705018872323516,1.8472798603320073,52.73446914864188
0.012267594426290147,3.9015474639349192,54.778836958264066
0.010350238760459938,5.984559702507769,92.02029307310606
0.015686761324057892,1.1848741679839094,51.7970229624356
0.01009000155241452,5.663597396850938,57.091656580105
0.014250034126627058,2.0398264026584387,74.72521385031575
0.012580964830596758,3.8608538387086027,70.23358505194923
0.01138841301538547,4.498673366941826,87.03114710070292
0.010551538058116284,3.838827338695995,63.545918860566104
0.013377640289209073,7.656053550648315,52.636644467262514
0.011859604929010167,3.2389796663336563,66.24296772020745
0.017949723112522197,6.639094665585201,79.62755232312782
0.017954703819251683,0.31801573274612727,52.578817661395796
0.011484846436544245,6.092908945651158,53.19380119341252
0.013700646647794681,5.735266737649532,98.96078305884329
0.01756322491127447,2.7270431740581755,52.326224904547296
0.01284123738371723,2.9837769055482424,92.98355022368641
0.027577929732631058,3.8146718097435377,51.68538007524438
0.010603014819385187,6.3546772830741425,66.37183118512073
0.013317457923257212,2.2356039347711025,55.75859711257803
0.020106899603940312,4.375716821263837,53.91302729287987
0.011503341218554678,0.07894548478531771,54.47345981623705
0.02052204431869737,0.06414535716358127,59.10118717146091
0.010577429453574833,6.277349497378814,99.3340204273142
0.013798586678345267,5.153310672110612,92.47511256732408
0.011704030284315494,1.8202265199200038,70.60354938377928
0.010190953105787569,2.74342356166761,68.64131056909149
0.013213609207714114,4.783662552328452,62.6650645913506
0.010521004615466976,2.2043298515953085,52.101752198646686
0.017050153120393347,2.652308890724818,50.8302400231302
0.022000221710177306,2.252739994944456,55.745511983122455
0.014531244359544499,2.3338534372265576,57.920089053944835
0.010705018872323516,1.8472798603320073,52.73446914864188
0.012004556193087075,3.656276460892505,52.586081174763606
0.010350238760459938,5.984559702507769,92.02029307310606
0.015686761324057892,1.1848741679839094,51.7970229624356
0.010155148226871948,5.6354118853588435,57.03305003079417
0.01566427862629387,2.1618089076056184,77.01470030135704
0.012384564566320595,3.1061518828404364,74.50849616462168
0.01138841301538547,4.498673366941826,87.03114710070292
0.010551538058116284,3.838827338695995,63.545918860566104
0.013369129512959963,6.889512835263301,53.07813991205524
0.012077651653281217,3.165107493669571,65.5636932608838
0.014267506254836679,5.2453485668772935,71.62341868771696
0.01931575551310892,0.08704354770139822,52.52539255192229
0.011484846436544245,6.092908945651158,53.19380119341252
0.013066314841744812,5.845364855911674,99.03658833247768
0.015765591028157923,3.7224721987877207,52.582803947714204
0.01284123738371723,2.9837769055482424,92.98355022368641
0.02140567050545336,3.131215021502361,53.44836181799809
0.010603014819385187,6.3546772830741425,66.37183118512073
0.013695542824996652,2.016452768904469,54.694116244925894
0.020106899603940312,4.375716821263837,53.91302729287987
0.013764722611406585,1.2083199034162226,54.32615429176688
0.02052204431869737,0.06414535716358127,59.10118717146091
0.010577429453574833,6.277349497378814,99.3340204273142
0.013792716484125814,5.117712082247795,92.02713876716858
0.011704030284315494,1.8202265199200038,70.60354938377928
0.010190953105787569,2.74342356166761,68.64131056909149
0.013290974764732146,4.739826420769922,61.58891863086955
0.01083436341974851,1.5263464579919022,52.858311061278386
0.016709593793835128,2.5317753614340326,57.26470591207617
0.022000221710177306,2.252739994944456,55.745511983122455
0.016950243677943365,0.5088323696915173,58.41042261320424
0.010705018872323516,1.8472798603320073,52.73446914864188
0.012004556193087075,3.656276460892505,52.586081174763606
0.010350238760459938,5.984559702507769,92.02029307310606
0.015686761324057892,1.1848741679839094,51.7970229624356
0.010155148226871948,5.6354118853588435,57.03305003079417
0.014936224086858737,2.459113937171929,72.15494184375619
0.013199555327283622,3.240916054077785,76.68832706870099
0.010459641104876197,5.143663909513523,92.33504876434878
0.010287029919289087,3.199999975306642,66.47980378043698
0.013244352273424496,6.862151711281068,55.14558303280643
0.01217936442985411,3.1549960630174194,65.4590192807598
0.014267506254836679,5.2453485668772935,71.62341868771696
0.01931575551310892,0.08704354770139822,52.52539255192229
0.011484846436544245,6.092908945651158,53.19380119341252
0.012853450445943,5.675520598148368,96.03246487988253
0.015765591028157923,3.7224721987877207,52.582803947714204
0.013907633598706493,2.3096152711032447,77.54837635033223
0.02140567050545336,3.131215021502361,53.44836181799809
0.010603014819385187,6.3546772830741425,66.37183118512073
0.013695542824996652,2.016452768904469,54.694116244925894
0.024906878718748502,6.772912464317397,53.600358477620446
0.014937132000991516,0.9715000266404091,53.94582327777638
0.02052204431869737,0.06414535716358127,59.10118717146091
0.010577429453574833,6.277349497378814,99.3340204273142
0.014510323194209637,6.2506241329645755,99.38760847151997
0.011704030284315494,1.8202265199200038,70.60354938377928
0.010190953105787569,2.74342356166761,68.64131056909149
0.013290974764732146,4.739826420769922,61.58891863086955
0.012829568126621886,1.2252020923589835,54.14404868304656
0.016709593793835128,2.5317753614340326,57.26470591207617
0.021672896189871536,2.211228807124849,55.68909864505381
0.016950243677943365,0.5088323696915173,58.41042261320424
0.011552781166297195,3.3578879660893914,69.81968081481537
0.012004556193087075,3.656276460892505,52.586081174763606
0.010350238760459938,5.984559702507769,92.02029307310606
0.01570640900630984,1.817350470687463,51.99287267790308
0.010155148226871948,5.6354118853588435,57.03305003079417
0.014936434527604826,2.1143075618519562,67.93434392781994
0.013199555327283622,3.240916054077785,76.68832706870099
0.010459641104876197,5.143663909513523,92.33504876434878
0.010287029919289087,3.199999975306642,66.47980378043698
0.013244352273424496,6.862151711281068,55.14558303280643
0.011646630579272385,1.3005830618470773,70.61806089637261
0.013942703552366263,5.8188050847944615,73.22313426023949
0.01931575551310892,0.08704354770139822,52.52539255192229
0.012628903948149549,5.313131217036538,54.08520297878641
0.012853450445943,5.675520598148368,96.03246487988253
0.015765591028157923,3.7224721987877207,52.582803947714204
0.013208925178681961,3.0314116232366604,80.39080754728083
0.02140567050545336,3.131215021502361,53.44836181799809
0.010246839987929217,7.040424044514827,69.87521487294148
0.013695542824996652,2.016452768904469,54.694116244925894
0.021118433742315666,5.857790091034493,53.302541263310744
0.014937132000991516,0.9715000266404091,53.94582327777638
0.02052204431869737,0.06414535716358127,59.10118717146091
0.010577429453574833,6.277349497378814,99.3340204273142
0.014510323194209637,6.2506241329645755,99.38760847151997
0.01018255139323713,2.1666658917239,74.21712359757609
0.010190953105787569,2.74342356166761,68.64131056909149
0.010827390323718142,7.588321943093376,63.72882513150263
0.012694611009732307,1.527946881586443,56.85201172809146
0.017150459293394767,2.1182177896303482,56.462990601532766
0.02172121993229734,2.187270379836269,55.65327646426301
0.016950243677943365,0.5088323696915173,58.41042261320424
0.011065457143481484,2.348346068548846,74.04713559468797
0.012004556193087075,3.656276460892505,52.586081174763606
0.010350238760459938,5.984559702507769,92.02029307310606
0.014483457216712002,3.263874935756311,54.93455111561317
0.010155148226871948,5.6354118853588435,57.03305003079417
0.014936434527604826,2.1143075618519562,67.93434392781994
0.013150018373099039,3.304659433176222,76.57402521840154
0.010459641104876197,5.143663909513523,92.33504876434878
0.010287029919289087,3.199999975306642,66.47980378043698
0.013529810495207692,6.543607504544307,55.02238994450724
0.011646630579272385,1.3005830618470773,70.61806089637261
0.01345178760452521,7.648874749588362,75.83586505324817
0.01931575551310892,0.08704354770139822,52.52539255192229
0.012628903948149549,5.313131217036538,54.08520297878641
0.014593427334056589,3.481141336978309,80.05375169603714
0.01621055901506479,3.6758256015225594,52.651091202289614
0.010742148293727816,4.694632809654895,94.8832132295232
0.019749278900723605,3.201639882122915,58.629425657292245
0.010246839987929217,7.040424044514827,69.87521487294148
0.014030225996730173,2.5463215105881485,54.796246001614016
0.021118433742315666,5.857790091034493,53.302541263310744
0.014238430646885526,1.6111618983054568,53.62185768887355
0.02052204431869737,0.06414535716358127,59.10118717146091
0.012191817914276972,6.266379173041639,99.35601744170174
0.014510323194209637,6.2506241329645755,99.38760847151997
0.01157636723706813,2.5222438588627973,67.96812486607979
0.010190953105787569,2.74342356166761,68.64131056909149
0.010827390323718142,7.588321943093376,63.72882513150263
0.012694611009732307,1.527946881586443,56.85201172809146
0.016366384849414987,3.3454705085141776,69.21085458469733
0.02172121993229734,2.187270379836269,55.65327646426301
0.016950243677943365,0.5088323696915173,58.41042261320424
0.011392028344674635,1.9910543003693841,77.22183525010017
0.012004556193087075,3.656276460892505,52.586081174763606
0.010350238760459938,5.984559702507769,92.02029307310606
0.013295227991512188,2.980456887746155,56.505549308175446
0.010155148226871948,5.6354118853588435,57.03305003079417
0.015488356907234047,2.1335001232751183,66.48812866725945
0.013535297524258739,3.29864492821517,75.52638055308424
0.010459641104876197,5.143663909513523,92.33504876434878
0.010287029919289087,3.199999975306642,66.47980378043698
0.013529810495207692,6.543607504544307,55.02238994450724
0.011646630579272385,1.3005830618470773,70.61806089637261
0.01345178760452521,7.648874749588362,75.83586505324817
0.01931575551310892,0.08704354770139822,52.52539255192229
0.012628903948149549,5.313131217036538,54.08520297878641
0.014593427334056589,3.481141336978309,80.05375169603714
0.01621055901506479,3.6758256015225594,52.651091202289614
0.01181503047582088,4.3565806027066705,90.75204930120044
0.019881033209848062,3.1995830956513815,58.27116152939608
0.010246839987929217,7.040424044514827,69.87521487294148
0.013488120260008039,2.843365453772256,54.20476607256424
0.02165922429275693,6.040295255317931,51.71765053514255
0.014238430646885526,1.6111618983054568,53.62185768887355
0.02052204431869737,0.06414535716358127,59.10118717146091
0.012191817914276972,6.266379173041639,99.35601744170174
0.014510323194209637,6.2506241329645755,99.38760847151997
0.011602547640484994,2.3599658218022106,67.00081456215159
0.013262173869717479,3.6187311892562217,64.33027599927759
0.011004741009511704,6.41495927932303,62.75596038348443
0.011841695443274226,0.8776190685436294,58.164811154702285
0.01821537028324379,2.372040520539312,76.69373148368814
0.02172121993229734,2.187270379836269,55.65327646426301
0.016950243677943365,0.5088323696915173,58.41042261320424
0.011392028344674635,1.9910543003693841,77.22183525010017
0.012004556193087075,3.656276460892505,52.586081174763606
0.0109122412522696,5.459476785847325,86.33548878812661
0.013972702087667389,2.4076487515979115,56.39174071028517
0.010155148226871948,5.6354118853588435,57.03305003079417
0.014994030142693257,2.129235618047341,67.34743801069403
0.01433222196771654,2.8205873937082924,71.17113512478701
0.010459641104876197,5.143663909513523,92.33504876434878
0.01041899685955514,3.676920698844532,70.67085704375494
0.013529810495207692,6.543607504544307,55.02238994450724
0.011646630579272385,1.3005830618470773,70.61806089637261
0.01345178760452521,7.648874749588362,75.83586505324817
0.017817139385964277,0.32418010532899777,56.060862999723255
0.012628903948149549,5.313131217036538,54.08520297878641
0.014673581755832995,0.8099592208911508,61.40613542324179
0.01621055901506479,3.6758256015225594,52.651091202289614
0.011484946439924957,4.5482625208819885,91.13756424090585
0.017648479444149212,3.0751836170372537,56.851081737726496
0.010246839987929217,7.040424044514827,69.87521487294148
0.012476453298264608,2.7869946534333776,53.561266314419825
0.02165922429275693,6.040295255317931,51.71765053514255
0.014238430646885526,1.6111618983054568,53.62185768887355
0.02052204431869737,0.06414535716358127,59.10118717146091
0.012191817914276972,6.266379173041639,99.35601744170174
0.014510323194209637,6.2506241329645755,99.38760847151997
0.010002347633035667,1.760107167643392,60.01714679919438
0.01370923187791806,4.738307695884277,66.78868398364337
0.011004741009511704,6.41495927932303,62.75596038348443
0.011969860829929185,0.3823652322305504,57.22374253597337
0.016300138173274786,2.608874842315631,68.83520779639088
0.02172121993229734,2.187270379836269,55.65327646426301
0.014587554259424498,2.2913702695753115,57.93150312645808
0.01115356451174166,0.7163310545060844,70.62234692860275
0.012004556193087075,3.656276460892505,52.586081174763606
0.0109122412522696,5.459476785847325,86.33548878812661
0.01652294012193528,0.25140823489968955,55.96332726006818
0.010155148226871948,5.6354118853588435,57.03305003079417
0.014098405388811111,1.8100679310563124,70.88896223512717
0.01433222196771654,2.8205873937082924,71.17113512478701
0.010041079241538995,4.793217927875498,94.643067131254
0.01041899685955514,3.676920698844532,70.67085704375494
0.01402934280322649,7.003938094588753,52.50956989079043
0.012643379450240988,1.5952974306405618,68.33172859411621
0.013483059889138675,7.603837917878808,75.57305210550047
0.017555659482453953,0.8696790774438083,55.50590364833644
0.012899705628357844,7.33918941639232,52.795572965227514
0.014492486925486906,1.1248444066868921,64.3918125323195
0.01621055901506479,3.6758256015225594,52.651091202289614
0.011484946439924957,4.5482625208819885,91.13756424090585
0.022081250830192908,3.8375865417239625,55.015585965808384
0.010246839987929217,7.040424044514827,69.87521487294148
0.012194027075798312,2.7818822324219066,50.88125085338294
0.02165922429275693,6.040295255317931,51.71765053514255
0.014327484016844395,1.1338470125670121,51.649031603808126
0.02052204431869737,0.06414535716358127,59.10118717146091
0.012189385221069072,6.291543647699636,99.52315430068681
0.014510323194209637,6.2506241329645755,99.38760847151997
0.010002347633035667,1.760107167643392,60.01714679919438
0.013792621403247853,4.000643489921144,63.49800392812205
0.010969713319345806,7.756211036193392,60.90449642450678
0.011969860829929185,0.3823652322305504,57.22374253597337
0.016332367730129176,2.2249981589236802,74.65806789388046
0.02172121993229734,2.187270379836269,55.65327646426301
0.014587554259424498,2.2913702695753115,57.93150312645808
0.01115356451174166,0.7163310545060844,70.62234692860275
0.012004556193087075,3.656276460892505,52.586081174763606
0.0109122412522696,5.459476785847325,86.33548878812661
0.01652294012193528,0.25140823489968955,55.96332726006818
0.010113603744458273,4.998817034698291,51.21441283497376
0.013630303593425444,1.6362112722536915,70.84658198136432
0.01433222196771654,2.8205873937082924,71.17113512478701
0.010041079241538995,4.793217927875498,94.643067131254
0.010422876655723867,3.6011194411265843,70.68878795419054
0.014009218526263044,7.774797057320203,52.06392248624598
0.014510344672056193,0.9485761643056089,62.37966930333164
0.013617467639880637,7.740180172635596,73.08472992872119
0.01613647092658436,0.8356855549774848,58.856851018993595
0.012899705628357844,7.33918941639232,52.795572965227514
0.0144096367958204,1.1394191172434418,64.46450924429668
0.01621055901506479,3.6758256015225594,52.651091202289614
0.011533054249876447,4.270514307201437,93.73674869645734
0.022081250830192908,3.8375865417239625,55.015585965808384
0.010246839987929217,7.040424044514827,69.87521487294148
0.012194027075798312,2.7818822324219066,50.88125085338294
0.02134563463265752,4.392307374758216,53.75374050940495
0.014159016039540395,2.036814226211888,55.3811533671625
0.020761687681582597,0.6830118397564693,58.67808494703619
0.012189385221069072,6.291543647699636,99.52315430068681
0.014510323194209637,6.2506241329645755,99.38760847151997
0.010002347633035667,1.760107167643392,60.01714679919438
0.013792621403247853,4.000643489921144,63.49800392812205
0.010927511521361219,7.766587217648737,61.02028854755234
0.011969860829929185,0.3823652322305504,57.22374253597337
0.016176983535222254,3.8341750103791274,89.90092230132349
0.02141171611511456,2.3616763577383595,57.530427557924995
0.013648437053869256,2.1825598362941734,58.35867337576627
0.01115356451174166,0.7163310545060844,70.62234692860275
0.012004556193087075,3.656276460892505,52.586081174763606
0.011005342378413014,5.547530370522983,84.76433915071114
0.01652294012193528,0.25140823489968955,55.96332726006818
0.010113603744458273,4.998817034698291,51.21441283497376
0.013630303593425444,1.6362112722536915,70.84658198136432
0.01442788807163442,3.0948827214480605,73.28435955263902
0.010041079241538995,4.793217927875498,94.643067131254
0.010552929289431042,3.7991919332268353,72.81161110840864
0.014009218526263044,7.774797057320203,52.06392248624598
0.014510344672056193,0.9485761643056089,62.37966930333164
0.013617467639880637,7.740180172635596,73.08472992872119
0.01613647092658436,0.8356855549774848,58.856851018993595
0.012899705628357844,7.33918941639232,52.795572965227514
0.013882238262762062,1.5303871788652839,61.23118232539833
0.01621055901506479,3.6758256015225594,52.651091202289614
0.011383501556318424,2.8698501378567256,84.62761952380716
0.01876272089183023,4.3499147009438195,63.92881674076998
0.010246839987929217,7.040424044514827,69.87521487294148
0.012219975143312198,2.761345001385044,51.010059501525234
0.02134563463265752,4.392307374758216,53.75374050940495
0.014926169700340311,1.0556371169290246,52.53895705561404
0.020761687681582597,0.6830118397564693,58.67808494703619
0.012189385221069072,6.291543647699636,99.52315430068681
0.014396242101547042,6.440946273834881,96.02686203298872
0.010002347633035667,1.760107167643392,60.01714679919438
0.012467907398804948,5.819722125057799,67.15372794041559
0.010927511521361219,7.766587217648737,61.02028854755234
0.011969860829929185,0.3823652322305504,57.22374253597337
0.02109079910128985,3.066144775394532,86.10327097455031
0.02141171611511456,2.3616763577383595,57.530427557924995
0.013648437053869256,2.1825598362941734,58.35867337576627
0.01115356451174166,0.7163310545060844,70.62234692860275
0.011979074119613107,3.6654251498681685,52.38262167665436
0.011005342378413014,5.547530370522983,84.76433915071114
0.01652294012193528,0.25140823489968955,55.96332726006818
0.010113603744458273,4.998817034698291,51.21441283497376
0.013631964828999253,1.4623436898637188,68.82856252043716
0.013137689774025092,3.9523261253295745,65.20205777523222
0.010936176014600755,4.45004410274518,91.64023947680175
0.010552929289431042,3.7991919332268353,72.81161110840864
0.014009218526263044,7.774797057320203,52.06392248624598
0.013638729763464311,0.754314787153479,60.610721765261545
0.013617467639880637,7.740180172635596,73.08472992872119
0.016205236732446785,0.7984598176730959,58.87061995818484
0.011653178320819283,4.938906681122022,55.902503141608655
0.013017099257425821,1.9238275731115468,68.43470437039475
0.015750356964785953,3.312049717850053,55.896352152866264
0.011625439440091775,1.9821454303533983,87.76766196129057
0.01876272089183023,4.3499147009438195,63.92881674076998
0.010246839987929217,7.040424044514827,69.87521487294148
0.012219975143312198,2.761345001385044,51.010059501525234
0.021370396020030834,4.365365357643402,54.57101864951597
0.014926169700340311,1.0556371169290246,52.53895705561404
0.020761687681582597,0.6830118397564693,58.67808494703619
0.012189385221069072,6.291543647699636,99.52315430068681
0.014617859154176984,6.35206546560325,95.8391854968772
0.010002347633035667,1.760107167643392,60.01714679919438
0.012265163184018874,5.5625513793672905,69.13864240938831
0.011630133896579117,7.539017962367915,60.53021570164192
0.011969860829929185,0.3823652322305504,57.22374253597337
0.02242051781416754,3.2227638174420807,89.2314992543719
0.019314847455261786,2.713678069882256,56.9251945363625
0.013648437053869256,2.1825598362941734,58.35867337576627
0.01115356451174166,0.7163310545060844,70.62234692860275
0.012090244786876536,3.8904542736529595,52.36516971533675
0.011005342378413014,5.547530370522983,84.76433915071114
0.016492757657389417,0.37097815069698115,55.96071074716615
0.010113603744458273,4.998817034698291,51.21441283497376
0.01294597473554296,1.6400532999730684,75.30345422488901
0.013539827148658005,4.474207335884499,71.42091136608104
0.010936176014600755,4.45004410274518,91.64023947680175
0.010552929289431042,3.7991919332268353,72.81161110840864
0.01419596566925186,7.811247951517103,51.179851962170844
0.014180393418011207,0.013592332274908081,54.39158108414532
0.013617467639880637,7.740180172635596,73.08472992872119
0.016205236732446785,0.7984598176730959,58.87061995818484
0.011653178320819283,4.938906681122022,55.902503141608655
0.013023593975720551,1.9398457259465829,68.56802699472934
0.013181733945597225,2.6185304264146945,57.73781888943556
0.011625439440091775,1.9821454303533983,87.76766196129057
0.02144597661214198,5.001405511880572,69.22694853343118
0.010981973105836745,7.193040695583509,70.57520937057177
0.012219975143312198,2.761345001385044,51.010059501525234
0.020158699965421932,4.303356897619021,54.28300411360417
0.014926169700340311,1.0556371169290246,52.53895705561404
0.020761687681582597,0.6830118397564693,58.67808494703619
0.012189385221069072,6.291543647699636,99.52315430068681
0.014617859154176984,6.35206546560325,95.8391854968772
0.010002347633035667,1.760107167643392,60.01714679919438
0.012265163184018874,5.5625513793672905,69.13864240938831
0.011630133896579117,7.539017962367915,60.53021570164192
0.012435053925343612,0.48830863862936547,56.486563183445895
0.022296773843951942,3.2024795360138922,87.9442697847865
0.019314847455261786,2.713678069882256,56.9251945363625
0.013648437053869256,2.1825598362941734,58.35867337576627
0.010084402318795066,0.7854872468191495,73.55830872363688
0.012090244786876536,3.8904542736529595,52.36516971533675
0.011005342378413014,5.547530370522983,84.76433915071114
0.014948882798020416,0.2581299744361964,54.97796198180773
0.010113603744458273,4.998817034698291,51.21441283497376
0.01294597473554296,1.6400532999730684,75.30345422488901
0.013725279153612336,5.1432975069272,73.92785555580966
0.010936176014600755,4.45004410274518,91.64023947680175
0.010552929289431042,3.7991919332268353,72.81161110840864
0.013362723487014075,7.180183429974597,71.25464077694583
0.014180393418011207,0.013592332274908081,54.39158108414532
0.013617467639880637,7.740180172635596,73.08472992872119
0.016205236732446785,0.7984598176730959,58.87061995818484
0.012681589197274983,6.10060311837532,53.99246302691561
0.013310295426726236,1.595076479755848,65.39911836228032
0.013582165530464171,2.3774809517464215,57.8878466417734
0.011625439440091775,1.9821454303533983,87.76766196129057
0.024487567492084,6.1300429889158385,68.06740626295657
0.010981973105836745,7.193040695583509,70.57520937057177
0.012219975143312198,2.761345001385044,51.010059501525234
0.01709622679428526,5.912408304122208,63.08559329164546
0.014926169700340311,1.0556371169290246,52.53895705561404
0.020761687681582597,0.6830118397564693,58.67808494703619
0.012189385221069072,6.291543647699636,99.52315430068681
0.014617859154176984,6.35206546560325,95.8391854968772
0.010002347633035667,1.760107167643392,60.01714679919438
0.012265163184018874,5.5625513793672905,69.13864240938831
0.011630133896579117,7.539017962367915,60.53021570164192
0.010652866117036149,0.341698333955936,55.359605384410905
0.01854447185384388,5.337265414717919,70.91495675996939
0.01917126222963639,2.9152025115712537,56.751236720886766
0.013648437053869256,2.1825598362941734,58.35867337576627
0.010084402318795066,0.7854872468191495,73.55830872363688
0.012446515915728677,3.2296333350439936,52.710576666368894
0.011005342378413014,5.547530370522983,84.76433915071114
0.014667625819984403,0.13716761288569135,54.10652186532218
0.010113603744458273,4.998817034698291,51.21441283497376
0.01264608068672959,2.0351914907404134,80.38385878577066
0.013697708320124435,5.118242687361832,73.82483732066149
0.010999146526859602,4.363932228644357,90.91724011878259
0.010552929289431042,3.7991919332268353,72.81161110840864
0.013362723487014075,7.180183429974597,71.25464077694583
0.014180393418011207,0.013592332274908081,54.39158108414532
0.013847514874509637,7.763466050178771,74.53799931026555
0.016205236732446785,0.7984598176730959,58.87061995818484
0.012681589197274983,6.10060311837532,53.99246302691561
0.013310295426726236,1.595076479755848,65.39911836228032
0.013582165530464171,2.3774809517464215,57.8878466417734
0.011625439440091775,1.9821454303533983,87.76766196129057
0.026798419023019764,6.8752676814879266,64.52799459979326
0.010981973105836745,7.193040695583509,70.57520937057177
0.012219975143312198,2.761345001385044,51.010059501525234
0.017118211710761784,5.908508226580427,62.79504519971403
0.015398399440527635,0.75938352545985,50.34988230628686
0.020761687681582597,0.6830118397564693,58.67808494703619
0.012189385221069072,6.291543647699636,99.52315430068681
0.014617859154176984,6.35206546560325,95.8391854968772
0.010002347633035667,1.760107167643392,60.01714679919438
0.012265163184018874,5.5625513793672905,69.13864240938831
0.011630133896579117,7.539017962367915,60.53021570164192
0.010926360264039505,0.5740669275901005,58.793248175539674
0.018072877113086798,5.526147581184055,68.23009761572234
0.01917126222963639,2.9152025115712537,56.751236720886766
0.013098101539035144,2.4699731219540313,60.928192024479024
0.010084402318795066,0.7854872468191495,73.55830872363688
0.010337695463722612,5.73380932314513,50.79978230619234
0.010183272374680134,7.307340829862172,86.95912029996899
0.0144599571920125,0.04785396159481292,53.46308619089401
0.010178053147660342,5.210202865928599,51.09516393895454
0.012509892954138502,1.38586693193907,81.04651210054459
0.012672273839503085,6.318850708315357,67.23123504946474
0.010999146526859602,4.363932228644357,90.91724011878259
0.010623442780626493,4.043999825830014,72.00767464068812
0.013362723487014075,7.180183429974597,71.25464077694583
0.014182338756410978,0.00917717221739478,54.37983201671387
0.013847514874509637,7.763466050178771,74.53799931026555
0.016205236732446785,0.7984598176730959,58.87061995818484
0.013541934712727357,7.89830680676484,52.018627244273176
0.012557700289886101,2.1966674505304584,67.42228311981637
0.013582165530464171,2.3774809517464215,57.8878466417734
0.01155096411487327,2.148245267415291,85.88067696559851
0.026798419023019764,6.8752676814879266,64.52799459979326
0.011070598398603023,7.847224408152185,71.65284051761492
0.012219975143312198,2.761345001385044,51.010059501525234
0.017118211710761784,5.908508226580427,62.79504519971403
0.015398399440527635,0.75938352545985,50.34988230628686
0.01852330938305234,2.084710848879535,64.66231358217644
0.012189385221069072,6.291543647699636,99.52315430068681
0.014617859154176984,6.35206546560325,95.8391854968772
0.010002347633035667,1.760107167643392,60.01714679919438
0.012077847645446088,7.297124646744745,63.608826249931695
0.011630133896579117,7.539017962367915,60.53021570164192
0.010104448724540582,0.7156329521781681,59.905031861896404
0.018253203843547443,5.453923485837949,69.25672456760945
0.016984973996271743,1.6441299924879562,55.71757153189525
0.013098101539035144,2.4699731219540313,60.928192024479024
0.010084402318795066,0.7854872468191495,73.55830872363688
0.010337695463722612,5.73380932314513,50.79978230619234
0.010183272374680134,7.307340829862172,86.95912029996899
0.01474625213553433,0.2649235965384358,52.51332659543056
0.010178053147660342,5.210202865928599,51.09516393895454
0.012509892954138502,1.38586693193907,81.04651210054459
0.011763373505572437,7.7390425631332365,69.38211126260221
0.011145005348681437,4.213600925014715,97.99122373773889
0.010623442780626493,4.043999825830014,72.00767464068812
0.014131946128789622,7.762762095264997,52.72223517583245
0.014182338756410978,0.00917717221739478,54.37983201671387
0.013839797767234601,7.726671933842093,74.57554870343756
0.016486343588972885,0.3592195037815529,58.20539184847884
0.013541934712727357,7.89830680676484,52.018627244273176
0.012557700289886101,2.1966674505304584,67.42228311981637
0.013582165530464171,2.3774809517464215,57.8878466417734
0.011561297496791939,2.6931924381551484,83.3301203839395
0.0214615655269811,6.73578831991667,62.50211160163838
0.011070598398603023,7.847224408152185,71.65284051761492
0.013078740400120449,2.220443346908233,50.831688967703016
0.01622498561344966,5.949664652292788,68.31247295635886
0.015398399440527635,0.75938352545985,50.34988230628686
0.017112921978597255,2.0975627860980155,68.9544292632097
0.012189385221069072,6.291543647699636,99.52315430068681
0.013535135929389987,6.073602588088161,84.92758457556985
0.010002347633035667,1.760107167643392,60.01714679919438
0.011325695072054883,6.4708860247587765,58.654509706368636
0.011654809321694999,7.62468580719158,60.248886926525984
0.010104448724540582,0.7156329521781681,59.905031861896404
0.024214166823559705,4.084871937276068,56.18061282797241
0.016631899703911445,1.7269127823380825,55.368756866836485
0.013098101539035144,2.4699731219540313,60.928192024479024
0.010084402318795066,0.7854872468191495,73.55830872363688
0.010337695463722612,5.73380932314513,50.79978230619234
0.010183272374680134,7.307340829862172,86.95912029996899
0.01474625213553433,0.2649235965384358,52.51332659543056
0.010139493020168899,5.246388433467688,50.965315811189015
0.012509892954138502,1.38586693193907,81.04651210054459
0.011763373505572437,7.7390425631332365,69.38211126260221
0.010988623561067092,3.877820809565594,92.7941695776502
0.010673064916984975,3.676110594526163,70.32213952692655
0.014131946128789622,7.762762095264997,52.72223517583245
0.013827100130488101,0.15798082928354273,54.85892201908833
0.01621966178263642,7.999595241562749,66.51565214569796
0.015954709866099138,0.662554550738164,59.31348799196067
0.013541934712727357,7.89830680676484,52.018627244273176
0.013582323264101226,2.719012230203905,66.85608847958292
0.013582165530464171,2.3774809517464215,57.8878466417734
0.011561297496791939,2.6931924381551484,83.3301203839395
0.019316996458707325,6.666024373083461,65.15056646648121
0.011070598398603023,7.847224408152185,71.65284051761492
0.013116640058092249,2.144504277927479,50.953538920836806
0.013909565578953453,6.490117835038008,71.82852188029919
0.015398399440527635,0.75938352545985,50.34988230628686
0.017112921978597255,2.0975627860980155,68.9544292632097
0.012356317629760192,5.765324370915206,95.74189026640501
0.013535135929389987,6.073602588088161,84.92758457556985
0.010002347633035667,1.760107167643392,60.01714679919438
0.011730161490192088,6.888410302329951,61.27634020160427
0.01140914958983109,7.8273307552257165,57.02467990716862
0.010104448724540582,0.7156329521781681,59.905031861896404
0.024214166823559705,4.084871937276068,56.18061282797241
0.014612610208498768,2.3874437095032786,60.43605770770783
0.013098101539035144,2.4699731219540313,60.928192024479024
0.010084402318795066,0.7854872468191495,73.55830872363688
0.010337695463722612,5.73380932314513,50.79978230619234
0.010180194603795331,7.1624520038069495,84.42868821101631
0.01474625213553433,0.2649235965384358,52.51332659543056
0.010139493020168899,5.246388433467688,50.965315811189015
0.014597419129859582,1.9025905546965545,87.49131973271442
0.011763373505572437,7.7390425631332365,69.38211126260221
0.010988623561067092,3.877820809565594,92.7941695776502
0.010673064916984975,3.676110594526163,70.32213952692655
0.014131946128789622,7.762762095264997,52.72223517583245
0.013830213356671707,0.1826343190889137,54.91406042960753
0.0142661067495915,5.774275522479993,73.56705195884845
0.015615933942958465,1.054033988643455,59.10667333434546
0.013541934712727357,7.89830680676484,52.018627244273176
0.013843382554507658,2.0703462995305584,60.705295444001315
0.014092175796289477,1.451926157448368,55.53315895309104
0.011350299730530988,2.5669029965341084,80.174800597433
0.020459247800483946,6.867692075169928,63.24719054652218
0.011070598398603023,7.847224408152185,71.65284051761492
0.013116640058092249,2.144504277927479,50.953538920836806
0.014392149796753894,4.632582212301822,64.86652783532034
0.015398399440527635,0.75938352545985,50.34988230628686
0.017112921978597255,2.0975627860980155,68.9544292632097
0.012356317629760192,5.765324370915206,95.74189026640501
0.014417259655586809,5.39018304627629,95.6931141294829
0.010002347633035667,1.760107167643392,60.01714679919438
0.013021962171848485,4.051551053853132,57.52311515603043
0.011267165430632813,7.8306977812829,57.24903710350525
0.010104448724540582,0.7156329521781681,59.905031861896404
0.022208273008771755,3.734147711188747,55.235811752800494
0.013557809951319348,2.5097350478139546,56.84243365852004
0.013098101539035144,2.4699731219540313,60.928192024479024
0.010084402318795066,0.7854872468191495,73.55830872363688
0.010337695463722612,5.73380932314513,50.79978230619234
0.010176797030767619,7.167411620848787,84.45378410642003
0.01474625213553433,0.2649235965384358,52.51332659543056
0.010064123552658318,5.061039291197567,51.02826242225528
0.014597419129859582,1.9025905546965545,87.49131973271442
0.011206267683569065,6.883885955020949,63.06384827412997
0.010988623561067092,3.877820809565594,92.7941695776502
0.01111016229189062,6.383721796026655,52.8364853705981
0.013571760784901075,7.778217559315612,56.18628062184207
0.013830213356671707,0.1826343190889137,54.91406042960753
0.015172710343516919,6.298864836763881,68.24852767318146
0.01368187572418455,3.610978765541136,60.84227105653593
0.013541934712727357,7.89830680676484,52.018627244273176
0.013843382554507658,2.0703462995305584,60.705295444001315
0.014092175796289477,1.451926157448368,55.53315895309104
0.01012431771197796,0.27688157973326444,92.27423623781576
0.020459247800483946,6.867692075169928,63.24719054652218
0.011070598398603023,7.847224408152185,71.65284051761492
0.013036383701685061,1.0587177028595685,50.75254860233825
0.01516979844809862,4.543194371404188,63.90834010338436
0.015398399440527635,0.75938352545985,50.34988230628686
0.016415129591177826,3.4236832078403223,65.15476699287717
0.012356317629760192,5.765324370915206,95.74189026640501
0.013721740201674552,4.636326552051557,89.92163287670273
0.010978601422690644,1.452411549666207,58.47292665164387
0.013021962171848485,4.051551053853132,57.52311515603043
0.011267165430632813,7.8306977812829,57.24903710350525
0.010104448724540582,0.7156329521781681,59.905031861896404
0.020881217306252062,4.371795456431484,54.74317196627752
0.013557809951319348,2.5097350478139546,56.84243365852004
0.014498290089024212,0.8144246434823712,66.06572720235584
0.010076808307922796,0.26095070086635364,72.66279904836472
0.010337695463722612,5.73380932314513,50.79978230619234
0.010176797030767619,7.167411620848787,84.45378410642003
0.01474625213553433,0.2649235965384358,52.51332659543056
0.010064123552658318,5.061039291197567,51.02826242225528
0.015532548897381333,0.7009471396448399,96.78423066709367
0.011206267683569065,6.883885955020949,63.06384827412997
0.010819130064719495,3.2716394821687698,86.48942676773245
0.01111016229189062,6.383721796026655,52.8364853705981
0.013571760784901075,7.778217559315612,56.18628062184207
0.013830213356671707,0.1826343190889137,54.91406042960753
0.015172710343516919,6.298864836763881,68.24852767318146
0.013073994236542628,4.227766542330109,64.93718672995499
0.013572490575207603,7.307563284609705,52.89913989732402
0.013843382554507658,2.0703462995305584,60.705295444001315
0.014092175796289477,1.451926157448368,55.53315895309104
0.010881007387990606,0.634732536811129,77.95014322003863
0.020459247800483946,6.867692075169928,63.24719054652218
0.011182303363953108,7.614495882355806,71.21180541558134
0.012140124325757073,1.2301895855011256,54.11513038906651
0.014989385402276253,4.705379682494456,63.72776831508693
0.015398399440527635,0.75938352545985,50.34988230628686
0.0192378428703558,1.1630572911306638,61.88745368151464
0.012705027840978895,4.9627727063459925,89.43450337694554
0.014964503754600584,5.047911949873932,85.00141212200795
0.011000435359732962,2.112898929096932,59.838352406537155
0.015273739848331132,6.626259293452652,55.68471853425676
0.011267165430632813,7.8306977812829,57.24903710350525
0.010102810540908787,0.7051476752985559,59.88784719646308
0.021551716243601183,4.196684836777401,52.8821712436526
0.012221373072189023,3.7806508819156335,61.556621758390236
0.014729102549327973,0.34109911385391367,65.7075294555646
0.010076808307922796,0.26095070086635364,72.66279904836472
0.010337695463722612,5.73380932314513,50.79978230619234
0.010176797030767619,7.167411620848787,84.45378410642003
0.01474625213553433,0.2649235965384358,52.51332659543056
0.010058146202364771,5.053481123070531,51.01792974377436
0.015357745945692818,0.8330697280021186,93.5904769502146
0.011075302880433503,7.070132788334842,62.93248996491559
0.010792379408364893,3.17579490711482,85.49600178077279
0.01111016229189062,6.383721796026655,52.8364853705981
0.013348865044106447,6.188354977758324,60.10486395377673
0.013830213356671707,0.1826343190889137,54.91406042960753
0.018982102138063298,4.804745071243794,78.97721472068801
0.01259128707054158,4.37321701612594,65.41210273819433
0.012581824749126102,7.2133716148280085,56.879496301400664
0.016733382170042128,3.1251110480275965,61.33686331985459
0.013214179478005558,2.453257186457479,54.42624483957727
0.010661950680207397,0.5311370272917985,82.09687438067661
0.021908605567977815,7.410820889286131,63.54462636405723
0.011182303363953108,7.614495882355806,71.21180541558134
0.012140124325757073,1.2301895855011256,54.11513038906651
0.013470799034924149,5.980442815413879,61.084584147950615
0.015398399440527635,0.75938352545985,50.34988230628686
0.020380589479350054,1.1522488600462517,63.138812978258116
0.012705027840978895,4.9627727063459925,89.43450337694554
0.014964503754600584,5.047911949873932,85.00141212200795
0.010811712930391723,1.8551116588180923,59.572756575532814
0.015273739848331132,6.626259293452652,55.68471853425676
0.011267165430632813,7.8306977812829,57.24903710350525
0.010102810540908787,0.7051476752985559,59.88784719646308
0.01750069415633435,4.498671135865399,52.22510094565894
0.012221373072189023,3.7806508819156335,61.556621758390236
0.014729102549327973,0.34109911385391367,65.7075294555646
0.010076808307922796,0.26095070086635364,72.66279904836472
0.010337695463722612,5.73380932314513,50.79978230619234
0.010176797030767619,7.167411620848787,84.45378410642003
0.01474625213553433,0.2649235965384358,52.51332659543056
0.010058146202364771,5.053481123070531,51.01792974377436
0.017078316288022064,0.9436998600353234,97.80180870332968
0.012360540217259845,6.701897705904534,65.54053383239102
0.010458710614708558,4.029100490985359,69.82760567696107
0.01111016229189062,6.383721796026655,52.8364853705981
0.016369516595838268,6.619751647119703,61.31872360679145
0.013830213356671707,0.1826343190889137,54.91406042960753
0.01759630800303491,4.711171866329505,76.03573504591581
0.01259128707054158,4.37321701612594,65.41210273819433
0.012581824749126102,7.2133716148280085,56.879496301400664
0.016733382170042128,3.1251110480275965,61.33686331985459
0.013214179478005558,2.453257186457479,54.42624483957727
0.010661950680207397,0.5311370272917985,82.09687438067661
0.021848153581454456,7.4005730605753985,63.52700158938239
0.011182303363953108,7.614495882355806,71.21180541558134
0.012140124325757073,1.2301895855011256,54.11513038906651
0.013470799034924149,5.980442815413879,61.084584147950615
0.015398399440527635,0.75938352545985,50.34988230628686
0.020380589479350054,1.1522488600462517,63.138812978258116
0.013350560035172598,3.955327970000617,80.06692067755162
0.016993833742987435,5.506766713473729,91.83542768838817
0.010475234777851599,3.283228650249166,55.752905962983185
0.015273739848331132,6.626259293452652,55.68471853425676
0.011201020747256742,7.4088936699928025,58.10713087542587
0.010102810540908787,0.7051476752985559,59.88784719646308
0.01750069415633435,4.498671135865399,52.22510094565894
0.010019612320589476,1.728030939936537,65.79219598791593
0.014729102549327973,0.34109911385391367,65.7075294555646
0.010080125466376908,0.26095352319915227,72.64848492544971
0.010337695463722612,5.73380932314513,50.79978230619234
0.011056935727484968,4.505818274875113,70.85328906359328
0.01474625213553433,0.2649235965384358,52.51332659543056
0.010058146202364771,5.053481123070531,51.01792974377436
0.017078316288022064,0.9436998600353234,97.80180870332968
0.012401945473012828,6.284038835215668,65.51748813436213
0.011963604013223429,4.688681237700438,67.66124114105519
0.01111016229189062,6.383721796026655,52.8364853705981
0.015220948342368423,6.84001088803375,63.50927934194224
0.013830213356671707,0.1826343190889137,54.91406042960753
0.0184086523463612,5.447439342076282,72.2639626525663
0.012659715401596165,3.682643208100778,65.37401630145033
0.011745841920149791,7.978755442713409,55.992870949455714
0.01705609208707878,3.116957497927669,61.62480770697798
0.013647097402206411,2.3220717984390777,54.21655262504276
0.010818226530210258,0.6376396983545334,81.80756157062339
0.020023583157151668,6.911130252629967,64.7657243754735
0.011182303363953108,7.614495882355806,71.21180541558134
0.012140124325757073,1.2301895855011256,54.11513038906651
0.012930206075033101,4.050629739310605,58.25321025139759
0.015398399440527635,0.75938352545985,50.34988230628686
0.020380589479350054,1.1522488600462517,63.138812978258116
0.013350560035172598,3.955327970000617,80.06692067755162
0.017376020133812196,6.378502777173639,96.24466051628244
0.010475234777851599,3.283228650249166,55.752905962983185
0.015377541692396381,7.878076843015469,56.308801946092814
0.011201020747256742,7.4088936699928025,58.10713087542587
0.010102810540908787,0.7051476752985559,59.88784719646308
0.01740982444497699,4.486774306700681,52.83471452653097
0.010019612320589476,1.728030939936537,65.79219598791593
0.014254620012087344,0.044566063250243926,76.59497788278551
0.010310792485535424,1.7999244098161906,72.3478124289714
0.010337695463722612,5.73380932314513,50.79978230619234
0.011056935727484968,4.505818274875113,70.85328906359328
0.014738077390186587,0.28022322832202606,52.525994001246644
0.010058146202364771,5.053481123070531,51.01792974377436
0.017078316288022064,0.9436998600353234,97.80180870332968
0.012478317596229445,6.096556373709744,66.68885013874718
0.011672719245314638,5.109075363749152,68.61700609151657
0.01111016229189062,6.383721796026655,52.8364853705981
0.012920512626633957,7.844972866003953,57.19138215246728
0.013830213356671707,0.1826343190889137,54.91406042960753
0.0184086523463612,5.447439342076282,72.2639626525663
0.012451992150216005,0.3673753798851065,71.89142985918575
0.011745841920149791,7.978755442713409,55.992870949455714
0.01683530762000513,3.0403763696019412,61.56965476975034
0.013647097402206411,2.3220717984390777,54.21655262504276
0.010818226530210258,0.6376396983545334,81.80756157062339
0.020023583157151668,6.911130252629967,64.7657243754735
0.011182303363953108,7.614495882355806,71.21180541558134
0.012140124325757073,1.2301895855011256,54.11513038906651
0.012892308735730473,4.038783385144772,58.21461310768082
0.015153137317460616,1.00046426003186,50.37168627459846
0.02347475869899146,0.6146927024186037,67.23876335144647
0.013350560035172598,3.955327970000617,80.06692067755162
0.017404460598024328,6.66844253937254,99.32224216286049
0.010475234777851599,3.283228650249166,55.752905962983185
0.015377541692396381,7.878076843015469,56.308801946092814
0.01143593304420763,7.236696180666043,58.24826417619551
0.010102810540908787,0.7051476752985559,59.88784719646308
0.017819936620600295,4.36328176964304,52.83459924341016
0.010019612320589476,1.728030939936537,65.79219598791593
0.014254620012087344,0.044566063250243926,76.59497788278551
0.010310792485535424,1.7999244098161906,72.3478124289714
0.010337695463722612,5.73380932314513,50.79978230619234
0.011056935727484968,4.505818274875113,70.85328906359328
0.014738077390186587,0.28022322832202606,52.525994001246644
0.01055848088164833,5.269121520407766,54.25766100816898
0.015503189362374055,3.0217418171555233,85.45212278910648
0.012413369537861946,6.068564260245404,66.2683031249839
0.011838118036295347,5.311816798086029,68.22113305745665
0.011932997168156611,6.432409059726068,53.937722936837105
0.012781055734650961,7.8430939392095445,57.24147594021353
0.013830213356671707,0.1826343190889137,54.91406042960753
0.0184086523463612,5.447439342076282,72.2639626525663
0.012451992150216005,0.3673753798851065,71.89142985918575
0.011745841920149791,7.978755442713409,55.992870949455714
0.014534273545991353,5.2731016079209745,59.048295878526964
0.013647097402206411,2.3220717984390777,54.21655262504276
0.010818226530210258,0.6376396983545334,81.80756157062339
0.020023583157151668,6.911130252629967,64.7657243754735
0.011182303363953108,7.614495882355806,71.21180541558134
0.012140124325757073,1.2301895855011256,54.11513038906651
0.012652871770340222,4.861637514340652,57.750607352768874
0.015153137317460616,1.00046426003186,50.37168627459846
0.02347475869899146,0.6146927024186037,67.23876335144647
0.01333053235137021,4.136472133490505,79.00158684855225
0.017404460598024328,6.66844253937254,99.32224216286049
0.010319315959216112,3.207055847670854,54.772525238596884
0.015377541692396381,7.878076843015469,56.308801946092814
0.01141133578885838,7.203035985046851,58.081440336093614
0.010102810540908787,0.7051476752985559,59.88784719646308
0.014991220976368631,6.0470136580450005,54.30541144246308
0.01001769861212985,1.72149878822369,65.83436308030379
0.01448536852023634,1.9249000499058857,69.61252136589685
0.010188108559735072,1.355010265318768,72.59354807778043
0.010128659095994549,5.949309656154793,50.58396407979075
0.011056935727484968,4.505818274875113,70.85328906359328
0.012765140561090075,2.6351828893719373,53.3434101338109
0.010393678952214972,4.002898139219393,51.61062399393528
0.013786882876083031,3.539987827946299,89.37352215477645
0.01214176245429161,6.932331867665611,61.79276036348469
0.011698181229940223,5.4938117893894525,68.97461120227182
0.011932997168156611,6.432409059726068,53.937722936837105
0.012781055734650961,7.8430939392095445,57.24147594021353
0.01359927743244011,1.8688207273847741,55.42636081301181
0.022031205090005432,5.522212533364431,74.49290823761778
0.012451992150216005,0.3673753798851065,71.89142985918575
0.011745841920149791,7.978755442713409,55.992870949455714
0.014534273545991353,5.2731016079209745,59.048295878526964
0.01514870068052182,3.007111881003431,51.81380283248808
0.010660853736861672,0.059931531661607806,83.77718455593035
0.02191968744590452,7.476934216760208,66.74062494797128
0.011182303363953108,7.614495882355806,71.21180541558134
0.012310940218804411,1.3539547928696276,54.12662663281756
0.012652871770340222,4.861637514340652,57.750607352768874
0.015153137317460616,1.00046426003186,50.37168627459846
0.02347475869899146,0.6146927024186037,67.23876335144647
0.013048297489469434,4.049359935987823,76.73064880660725
0.01635275223447358,6.783839952151712,92.81796127081707
0.010319315959216112,3.207055847670854,54.772525238596884
0.015377541692396381,7.878076843015469,56.308801946092814
0.010834431093624499,7.389330984274576,58.68995392912012
0.010102810540908787,0.7051476752985559,59.88784719646308
0.014991220976368631,6.0470136580450005,54.30541144246308
0.01001769861212985,1.72149878822369,65.83436308030379
0.01448536852023634,1.9249000499058857,69.61252136589685
0.010188108559735072,1.355010265318768,72.59354807778043
0.010128659095994549,5.949309656154793,50.58396407979075
0.010272492058721484,6.832874926217474,70.26953993264891
0.012765140561090075,2.6351828893719373,53.3434101338109
0.010393678952214972,4.002898139219393,51.61062399393528
0.012772879055178037,3.8461705752050603,91.69030763093967
0.013395161311585926,6.814138041990008,63.312351842722954
0.011484397528984391,5.55585489004314,66.4696318077265
0.012574978423583894,5.873201969038155,51.160608943210754
0.012781055734650961,7.8430939392095445,57.24147594021353
0.013671525078084477,1.9175170050271166,55.52460464289838
0.02278632607503533,5.928563841501194,74.69798050482837
0.012451992150216005,0.3673753798851065,71.89142985918575
0.011745841920149791,7.978755442713409,55.992870949455714
0.01383480284308774,5.7616908882461235,61.58651015359689
0.019207349467801994,0.6283771173588404,52.80811403054067
0.010660853736861672,0.059931531661607806,83.77718455593035
0.02191968744590452,7.476934216760208,66.74062494797128
0.011170853058292992,7.67358395265069,71.37591625652455
0.012374072894947782,1.4644974532311315,54.13083781981909
0.013351086304547548,5.854989776651241,53.545920711882005
0.015153137317460616,1.00046426003186,50.37168627459846
0.019174620915481402,0.8542916600683796,68.97180455317408
0.012833735771700902,4.731711291352607,73.19509984289579
0.01635275223447358,6.783839952151712,92.81796127081707
0.010319315959216112,3.207055847670854,54.772525238596884
0.015110987804608792,7.308880145372526,56.11551050726937
0.010834431093624499,7.389330984274576,58.68995392912012
0.010102810540908787,0.7051476752985559,59.88784719646308
0.014991220976368631,6.0470136580450005,54.30541144246308
0.01001769861212985,1.72149878822369,65.83436308030379
0.01448536852023634,1.9249000499058857,69.61252136589685
0.010188108559735072,1.355010265318768,72.59354807778043
0.010128659095994549,5.949309656154793,50.58396407979075
0.010272492058721484,6.832874926217474,70.26953993264891
0.012765140561090075,2.6351828893719373,53.3434101338109
0.010393678952214972,4.002898139219393,51.61062399393528
0.013053557915925919,4.176356382953911,95.03339726179563
0.013395161311585926,6.814138041990008,63.312351842722954
0.011998920369864177,7.223253565555625,64.03892779702835
0.012574978423583894,5.873201969038155,51.160608943210754
0.012781055734650961,7.8430939392095445,57.24147594021353
0.011748690895502414,1.0713572295487417,51.479840251975766
0.02278632607503533,5.928563841501194,74.69798050482837
0.01269468424983093,0.4090327931161255,70.2809575800173
0.011745841920149791,7.978755442713409,55.992870949455714
0.013809670971007817,5.751488729454302,61.27478632108715
0.019282506285890327,0.5799911381051652,52.567713363489595
0.010660853736861672,0.059931531661607806,83.77718455593035
0.02191968744590452,7.476934216760208,66.74062494797128
0.011555866763919561,6.753744567846509,76.25805869105409
0.012539169206577867,2.63797693408627,60.97811547293688
0.01448738676952036,6.847429246662868,53.08619219181447
0.012810059044906393,3.3082724762852567,50.47067834724127
0.019492507363314673,0.6599457796789432,69.07523546355728
0.012833735771700902,4.731711291352607,73.19509984289579
0.01635275223447358,6.783839952151712,92.81796127081707
0.010319315959216112,3.207055847670854,54.772525238596884
0.013495867462169617,5.355507762833537,61.52169911352516
0.010834431093624499,7.389330984274576,58.68995392912012
0.010102810540908787,0.7051476752985559,59.88784719646308
0.014556111725223836,6.119477135787799,55.77744768649626
0.010332091487544685,2.026163221418102,65.13768288181315
0.013678925383813432,2.8296620703171484,80.00936150076421
0.010188108559735072,1.355010265318768,72.59354807778043
0.010122257927273453,4.650638781560936,52.88798940707004
0.010272492058721484,6.832874926217474,70.26953993264891
0.012258548899553107,1.9466058242313145,52.48018135573997
0.010393678952214972,4.002898139219393,51.61062399393528
0.013053557915925919,4.176356382953911,95.03339726179563
0.013166840116177225,6.056932584358583,61.72693787899405
0.011998920369864177,7.223253565555625,64.03892779702835
0.012574978423583894,5.873201969038155,51.160608943210754
0.012781055734650961,7.8430939392095445,57.24147594021353
0.011697501166907914,1.184010166859967,51.52415979940128
0.02107234043077521,6.24684689169745,71.79409614591331
0.01269468424983093,0.4090327931161255,70.2809575800173
0.011863577053328571,7.62728689916743,59.73599319310025
0.013809670971007817,5.751488729454302,61.27478632108715
0.019282506285890327,0.5799911381051652,52.567713363489595
0.010660853736861672,0.059931531661607806,83.77718455593035
0.01978439655381804,7.310911775982074,65.88188391980421
0.010994998317110347,6.788326612369608,73.64091873877791
0.01251171991868278,0.1580393421852726,68.50365179228704
0.015146267791488977,6.849704408010209,50.400055883043606
0.012810059044906393,3.3082724762852567,50.47067834724127
0.019492507363314673,0.6599457796789432,69.07523546355728
0.014525522347656566,2.83945952734202,72.7849105461706
0.01679011279450813,6.783473700125984,94.3834086935585
0.010294479754013043,3.1902579482556255,54.719756106047626
0.013277717330952512,4.773942136610666,78.04990070998204
0.010834431093624499,7.389330984274576,58.68995392912012
0.010102810540908787,0.7051476752985559,59.88784719646308
0.014563070077792253,6.111321723427506,55.772722210706256
0.010332091487544685,2.026163221418102,65.13768288181315
0.013984758840340273,2.8947520550180537,88.93415416018547
0.010188108559735072,1.355010265318768,72.59354807778043
0.010122257927273453,4.650638781560936,52.88798940707004
0.010272492058721484,6.832874926217474,70.26953993264891
0.012258548899553107,1.9466058242313145,52.48018135573997
0.010373623848562295,4.025011829011087,51.60127263780032
0.013053557915925919,4.176356382953911,95.03339726179563
0.013166840116177225,6.056932584358583,61.72693787899405
0.011998920369864177,7.223253565555625,64.03892779702835
0.012466787282085352,6.126759092953002,53.5793235300129
0.012781055734650961,7.8430939392095445,57.24147594021353
0.01151999775924316,0.4978288773727222,50.124527439176546
0.01912504667613521,5.842446465892879,68.11876193140859
0.01269468424983093,0.4090327931161255,70.2809575800173
0.011863577053328571,7.62728689916743,59.73599319310025
0.012662882136983604,4.9159180079989735,59.136286594257115
0.018842449841823566,0.6174924847006067,53.536716246274786
0.011049808241168912,1.2412013502154196,77.14942196154611
0.01999435201860998,7.469981037241462,66.25464534391428
0.010994998317110347,6.788326612369608,73.64091873877791
0.011761109829785758,1.5693153853666617,63.59824891360794
0.014522981290260367,6.997344471905356,52.172676018724054
0.012810059044906393,3.3082724762852567,50.47067834724127
0.019534488652052557,0.8084078631512588,69.14748441042072
0.015459942911600473,1.7977739171078437,79.63194134531645
0.01679011279450813,6.783473700125984,94.3834086935585
0.010294479754013043,3.1902579482556255,54.719756106047626
0.014174143505808104,6.195383130063514,78.41221922813916
0.010834431093624499,7.389330984274576,58.68995392912012
0.010066467396922706,0.4957545316252814,59.05569983744622
0.014563070077792253,6.111321723427506,55.772722210706256
0.010293641089153016,0.17564176288615707,77.66960627655284
0.013870482970516584,3.364532410595978,85.92534878823656
0.010188108559735072,1.355010265318768,72.59354807778043
0.010122257927273453,4.650638781560936,52.88798940707004
0.010272492058721484,6.832874926217474,70.26953993264891
0.012258548899553107,1.9466058242313145,52.48018135573997
0.010373623848562295,4.025011829011087,51.60127263780032
0.013062963712934772,4.158550911267019,95.89764571112957
0.013166840116177225,6.056932584358583,61.72693787899405
0.012159118665784572,7.60230990775811,64.9148253850116
0.012466787282085352,6.126759092953002,53.5793235300129
0.012781055734650961,7.8430939392095445,57.24147594021353
0.011120275841215811,1.727700144963657,50.63944444638668
0.01912504667613521,5.842446465892879,68.11876193140859
0.01269468424983093,0.4090327931161255,70.2809575800173
0.011863577053328571,7.62728689916743,59.73599319310025
0.011608711551521645,4.2527417992180565,61.00229708684968
0.018842449841823566,0.6174924847006067,53.536716246274786
0.011049808241168912,1.2412013502154196,77.14942196154611
0.017334099358319602,7.240178901229899,59.40780600156089
0.010539198485429249,6.874809938693773,75.92347400004972
0.011761109829785758,1.5693153853666617,63.59824891360794
0.01403374752950325,7.23487999184484,53.59628912327381
0.013529744341012196,4.4590429446877025,52.64739197668264
0.019534488652052557,0.8084078631512588,69.14748441042072
0.015459942911600473,1.7977739171078437,79.63194134531645
0.015519768974408103,5.2958772580190026,90.70326950520341
0.010294479754013043,3.1902579482556255,54.719756106047626
0.014692965404716677,5.581733029507937,86.29675131675549
0.010834431093624499,7.389330984274576,58.68995392912012
0.010066467396922706,0.4957545316252814,59.05569983744622
0.014563070077792253,6.111321723427506,55.772722210706256
0.010340290235648485,0.1788360584643185,77.62658536221794
0.01404205069325516,4.044967235753056,78.45593819403317
0.010188108559735072,1.355010265318768,72.59354807778043
0.010122257927273453,4.650638781560936,52.88798940707004
0.010272492058721484,6.832874926217474,70.26953993264891
0.012258548899553107,1.9466058242313145,52.48018135573997
0.0103481112170417,3.762527415139169,53.46885002192295
0.013062963712934772,4.158550911267019,95.89764571112957
0.012648526699631842,5.210192602842946,63.62223055477782
0.012159118665784572,7.60230990775811,64.9148253850116
0.012466787282085352,6.126759092953002,53.5793235300129
0.012781055734650961,7.8430939392095445,57.24147594021353
0.01066613404630371,1.1967896221780119,54.26645403283799
0.01895349382952389,5.744696200819225,68.31061204796254
0.0128099830516202,0.5073255418929943,70.2446601857502
0.01187370516645332,7.706767699976762,59.51926680371145
0.0119230229290526,4.506845195158916,62.50482815771098
0.018842449841823566,0.6174924847006067,53.536716246274786
0.011049808241168912,1.2412013502154196,77.14942196154611
0.01716663369054626,7.24402184400323,59.38931035350963
0.010539198485429249,6.874809938693773,75.92347400004972
0.0114836801080604,1.3935628589735154,62.85458871622094
0.01403374752950325,7.23487999184484,53.59628912327381
0.013382320587560836,4.364138270447963,66.30715924148498
0.016796869345379384,1.9259501175334468,64.41828590907676
0.015459942911600473,1.7977739171078437,79.63194134531645
0.01626374561521083,4.603921020192199,99.7932291294257
0.010294479754013043,3.1902579482556255,54.719756106047626
0.015572541624119007,6.1728024624566675,76.72912038910827
0.010257725442408522,7.417172169088693,59.60813296448792
0.010165178168542415,0.6111515022461805,58.26734492503393
0.014563070077792253,6.111321723427506,55.772722210706256
0.010340290235648485,0.1788360584643185,77.62658536221794
0.013995894498477794,4.050321806241611,79.27817652994231
0.010081160425861867,1.0160282192831058,73.01019995592195
0.010122257927273453,4.650638781560936,52.88798940707004
0.010075054502486204,7.356494685646981,70.26860925819514
0.012911966886144183,3.8931223440422116,52.89100011031568
0.0103481112170417,3.762527415139169,53.46885002192295
0.013062963712934772,4.158550911267019,95.89764571112957
0.01263188209355849,5.304492425114537,62.68184288935194
0.012159118665784572,7.60230990775811,64.9148253850116
0.012471180398724689,6.21494600958428,53.6025116652456
0.012781055734650961,7.8430939392095445,57.24147594021353
0.01066613404630371,1.1967896221780119,54.26645403283799
0.016955592882663736,5.061867278751432,72.7305149082192
0.0128099830516202,0.5073255418929943,70.2446601857502
0.011879878915449595,7.806700104861249,59.46647163102575
0.011561813007127669,4.586397049745571,59.58197468945032
0.018842449841823566,0.6174924847006067,53.536716246274786
0.010977893998607241,1.1335237512177017,77.19778556087759
0.01716663369054626,7.24402184400323,59.38931035350963
0.010539198485429249,6.874809938693773,75.92347400004972
0.010090030087768173,1.355838849795704,63.77029351982315
0.01403374752950325,7.23487999184484,53.59628912327381
0.013954758348747449,4.79976662900623,65.26072417602069
0.01687380972213634,1.5394655576929241,59.31297675641707
0.015459942911600473,1.7977739171078437,79.63194134531645
0.01626374561521083,4.603921020192199,99.7932291294257
0.010294479754013043,3.1902579482556255,54.719756106047626
0.015572541624119007,6.1728024624566675,76.72912038910827
0.010289285753529187,7.427655501885107,57.76630772032505
0.010165178168542415,0.6111515022461805,58.26734492503393
0.015369299860889536,6.37650882242637,56.29644567023101
0.010340290235648485,0.1788360584643185,77.62658536221794
0.016218517874394586,4.566772452146535,94.02500256216906
0.010081160425861867,1.0160282192831058,73.01019995592195
0.01092623450575975,5.181809669767551,53.0335749614971
0.010075054502486204,7.356494685646981,70.26860925819514
0.012596794515216309,3.458492083047713,55.710121275944715
0.0103481112170417,3.762527415139169,53.46885002192295
0.01257212529833853,4.090253612404531,95.30025980751515
0.01263188209355849,5.304492425114537,62.68184288935194
0.012452511352741856,7.387989487631065,67.40788229796323
0.012471180398724689,6.21494600958428,53.6025116652456
0.012781055734650961,7.8430939392095445,57.24147594021353
0.01066613404630371,1.1967896221780119,54.26645403283799
0.019154960746189303,3.872498226931239,78.47798427168361
0.0128099830516202,0.5073255418929943,70.2446601857502
0.011879878915449595,7.806700104861249,59.46647163102575
0.010502056076269051,4.088146253098505,60.49645247581868
0.018842449841823566,0.6174924847006067,53.536716246274786
0.010977893998607241,1.1335237512177017,77.19778556087759
0.015510195891995978,4.682669255281532,63.51661209718174
0.010539198485429249,6.874809938693773,75.92347400004972
0.010090030087768173,1.355838849795704,63.77029351982315
0.013462803594258043,6.136706179182061,56.843346760806156
0.012658699007918741,7.384672687291074,52.88619502456643
0.01656783322438153,1.7212404766426408,58.81700202844804
0.015031655369853646,1.744080894808338,77.36574289820769
0.016090091027433195,4.622068452115221,91.43332827268387
0.010294479754013043,3.1902579482556255,54.719756106047626
0.015572541624119007,6.1728024624566675,76.72912038910827
0.010289285753529187,7.427655501885107,57.76630772032505
0.010165178168542415,0.6111515022461805,58.26734492503393
0.01503195972673741,7.686784277508699,55.587007914120846
0.010340290235648485,0.1788360584643185,77.62658536221794
0.016218517874394586,4.566772452146535,94.02500256216906
0.01073698520864583,0.8937704295125894,72.34555084977154
0.011163508599652153,5.929795543803461,52.40027999678888
0.010075054502486204,7.356494685646981,70.26860925819514
0.012596794515216309,3.458492083047713,55.710121275944715
0.0103481112170417,3.762527415139169,53.46885002192295
0.01257212529833853,4.090253612404531,95.30025980751515
0.013535377137183077,7.407543780342236,58.07414506959589
0.012091258968401457,7.845302428187267,71.30250794803975
0.012877195237502716,6.354891075025883,53.93531475461758
0.011827399379007189,7.909318755040701,57.9424360672735
0.013402287089240517,1.4399361733686427,56.3761847001462
0.019154960746189303,3.872498226931239,78.47798427168361
0.012791242890902867,1.3592500916359294,68.09439754755181
0.011879878915449595,7.806700104861249,59.46647163102575
0.01213511019919368,3.243041565100552,66.5783291473629
0.01536715264971617,4.205913101168652,56.49649395718436
0.010977893998607241,1.1335237512177017,77.19778556087759
0.01735937648392406,6.15051943793333,60.096209506204566
0.010539198485429249,6.874809938693773,75.92347400004972
0.010090030087768173,1.355838849795704,63.77029351982315
0.013439505069012862,6.138544450686818,56.76720223471046
0.012658699007918741,7.384672687291074,52.88619502456643
0.01656783322438153,1.7212404766426408,58.81700202844804
0.016585990787892156,0.6496569461515871,91.18998243247768
0.016090091027433195,4.622068452115221,91.43332827268387
0.010294479754013043,3.1902579482556255,54.719756106047626
0.015618772092880366,6.213420796653178,76.83839378266015
0.011743821490585313,4.629920837631007,57.11677905210413
0.010165178168542415,0.6111515022461805,58.26734492503393
0.01503195972673741,7.686784277508699,55.587007914120846
0.010340290235648485,0.1788360584643185,77.62658536221794
0.01628791084104708,4.555418261263113,97.01385194813474
0.01073698520864583,0.8937704295125894,72.34555084977154
0.01090000063190778,5.673392267485891,52.31464375891697
0.011144176100748665,6.720007091247992,67.48633547709028
0.012169864846592339,3.4315407220130205,54.22795753356507
0.0103481112170417,3.762527415139169,53.46885002192295
0.01257212529833853,4.090253612404531,95.30025980751515
0.013535377137183077,7.407543780342236,58.07414506959589
0.012091258968401457,7.845302428187267,71.30250794803975
0.012877195237502716,6.354891075025883,53.93531475461758
0.011827399379007189,7.909318755040701,57.9424360672735
0.013409064983405881,1.4068210220797654,56.29901698906194
0.01880667723100269,3.850511666965799,77.26885490866246
0.012791242890902867,1.3592500916359294,68.09439754755181
0.011879878915449595,7.806700104861249,59.46647163102575
0.010790673429617642,4.193304101056657,58.843591217529685
0.01678844049216857,4.629335017497699,52.063015744949524
0.010977893998607241,1.1335237512177017,77.19778556087759
0.017494977160777546,6.1872378388158875,60.16815480576857
0.010539198485429249,6.874809938693773,75.92347400004972
0.010090030087768173,1.355838849795704,63.77029351982315
0.013439505069012862,6.138544450686818,56.76720223471046
0.012658699007918741,7.384672687291074,52.88619502456643
0.01656783322438153,1.7212404766426408,58.81700202844804
0.01669550298735113,0.019706326213114522,92.81492418233995
0.01591415486089203,5.216096000318721,85.98526192769305
0.010294479754013043,3.1902579482556255,54.719756106047626
0.015618772092880366,6.213420796653178,76.83839378266015
0.011293531428404903,6.035993439488551,52.3974631078153
0.013115605928115021,1.7171515242517823,64.75494413950776
0.01503195972673741,7.686784277508699,55.587007914120846
0.010340290235648485,0.1788360584643185,77.62658536221794
0.01365310365373743,3.9552721759392173,78.42069786206001
0.010135461336859547,0.7782753077806915,75.9578581123833
0.01090000063190778,5.673392267485891,52.31464375891697
0.011144176100748665,6.720007091247992,67.48633547709028
0.012169864846592339,3.4315407220130205,54.22795753356507
0.011376678353135567,3.4249559516883146,54.35328398637579
0.01257212529833853,4.090253612404531,95.30025980751515
0.013535377137183077,7.407543780342236,58.07414506959589
0.012091258968401457,7.845302428187267,71.30250794803975
0.012877195237502716,6.354891075025883,53.93531475461758
0.011827399379007189,7.909318755040701,57.9424360672735
0.013409064983405881,1.4068210220797654,56.29901698906194
0.01807165060576718,4.160957933036531,74.3763976429138
0.012538796826132587,1.3398123047167954,72.91406560505834
0.01141643901838071,7.940361777924133,59.408558489693206
0.010790673429617642,4.193304101056657,58.843591217529685
0.016511669048671733,4.494077515356434,52.546748447717576
0.010977893998607241,1.1335237512177017,77.19778556087759
0.017494977160777546,6.1872378388158875,60.16815480576857
0.010509993139430565,7.257025494918689,75.83863905433876
0.010090030087768173,1.355838849795704,63.77029351982315
0.013439505069012862,6.138544450686818,56.76720223471046
0.012400835638170913,7.129923760663931,52.79387957491179
0.013812367532103055,1.317298009190925,66.1597119496808
0.01669550298735113,0.019706326213114522,92.81492418233995
0.013636902414562453,5.423783876587892,70.69325173162707
0.010294479754013043,3.1902579482556255,54.719756106047626
0.017652377170471325,6.108483130629838,93.82709052940103
0.01258878906040007,5.67768548023856,56.597504735113304
0.012569455300169993,3.1031063634779725,65.51162899507634
0.01503195972673741,7.686784277508699,55.587007914120846
0.010340290235648485,0.1788360584643185,77.62658536221794
0.011773515142332274,6.386657259184473,69.52797226774157
0.010135461336859547,0.7782753077806915,75.9578581123833
0.01114413332587235,5.651127102805051,53.95402267420434
0.01040781236040979,6.536895135070601,69.74012174575311
0.012527009746254812,2.848004380630176,54.824849269980156
0.011508057600066377,3.340843546754261,55.30331743778227
0.01257212529833853,4.090253612404531,95.30025980751515
0.013776501052485424,7.848189734448077,58.450288935842195
0.012091258968401457,7.845302428187267,71.30250794803975
0.012447366727779203,6.574958892482178,54.09953258018368
0.011827399379007189,7.909318755040701,57.9424360672735
0.013409064983405881,1.4068210220797654,56.29901698906194
0.01807165060576718,4.160957933036531,74.3763976429138
0.012538796826132587,1.3398123047167954,72.91406560505834
0.01141643901838071,7.940361777924133,59.408558489693206
0.01088284129923389,4.042856907019668,59.585441393194564
0.01577756317193494,4.725248491546003,57.29146287133043
0.010997939979537415,0.5199647745109552,80.91211158895047
0.01699795231483981,5.930032008380822,59.61372037136389
0.010509993139430565,7.257025494918689,75.83863905433876
0.010090030087768173,1.355838849795704,63.77029351982315
0.013640631723312924,6.052678115804213,57.53178929901275
0.012400835638170913,7.129923760663931,52.79387957491179
0.013895083605184561,1.2403410164692903,66.34533849833788
0.01669550298735113,0.019706326213114522,92.81492418233995
0.013726955104472978,5.370987864788141,70.5450683568401
0.010294479754013043,3.1902579482556255,54.719756106047626
0.01571333857566866,5.338162086022669,94.38937211677863
0.01258878906040007,5.67768548023856,56.597504735113304
0.01217165900076287,2.8491735830072384,66.04141736728981
0.01503195972673741,7.686784277508699,55.587007914120846
0.010340290235648485,0.1788360584643185,77.62658536221794
0.01194995898559111,6.435962869779611,65.48813136990596
0.010135461336859547,0.7782753077806915,75.9578581123833
0.01114413332587235,5.651127102805051,53.95402267420434
0.01040781236040979,6.536895135070601,69.74012174575311
0.01192068568513581,2.4300371446229003,54.17540953108291
0.011453036789404115,3.4622926395691946,55.453715361783324
0.01257212529833853,4.090253612404531,95.30025980751515
0.013776501052485424,7.848189734448077,58.450288935842195
0.012091258968401457,7.845302428187267,71.30250794803975
0.011119407961318883,7.433552468030385,51.747818922666376
0.011827399379007189,7.909318755040701,57.9424360672735
0.011773688657056606,1.381700756628867,59.980312651868836
0.015485665584507383,3.1766715948631807,72.50368691610538
0.012526388367653768,2.0503015225424708,70.36064658832275
0.01141643901838071,7.940361777924133,59.408558489693206
0.013723498268422975,4.919507729887926,59.59857784749821
0.014494580500342594,5.108455363383022,57.012253296605
0.010997939979537415,0.5199647745109552,80.91211158895047
0.014235297837900104,4.800908407989053,57.59680568052619
0.010532867777368324,7.2302611602568,75.9014190652641
0.010090030087768173,1.355838849795704,63.77029351982315
0.014301029310042065,5.376470788361852,57.38222758641196
0.012400835638170913,7.129923760663931,52.79387957491179
0.014899402073363384,1.209856134584339,67.02500442589347
0.01669550298735113,0.019706326213114522,92.81492418233995
0.013697978230670016,5.311806451392227,70.38833930780176
0.010294479754013043,3.1902579482556255,54.719756106047626
0.01632982670539834,4.9114397529712885,98.31882128850664
0.01258878906040007,5.67768548023856,56.597504735113304
0.01217165900076287,2.8491735830072384,66.04141736728981
0.01503195972673741,7.686784277508699,55.587007914120846
0.010537001056331503,0.7114773250212201,73.86622307813273
0.012118770732122442,6.504474646437715,64.94581289448217
0.01084175730831504,1.2723697677221533,73.62114031718323
0.01127724541006596,5.098986615954422,53.99197152025528
0.01040781236040979,6.536895135070601,69.74012174575311
0.01192068568513581,2.4300371446229003,54.17540953108291
0.011453036789404115,3.4622926395691946,55.453715361783324
0.01257212529833853,4.090253612404531,95.30025980751515
0.013776501052485424,7.848189734448077,58.450288935842195
0.012559479841520173,7.779345913815509,79.55507279892433
0.010648942450401258,7.54502722194809,51.36376645673365
0.011827399379007189,7.909318755040701,57.9424360672735
0.011773688657056606,1.381700756628867,59.980312651868836
0.015829760942394435,2.53770695476028,76.89594137595958
0.012708863556335732,1.9359016176248716,75.23664313105654
0.01141643901838071,7.940361777924133,59.408558489693206
0.014969603686869599,4.017039588136736,53.231479296133855
0.015249545640548907,4.844573930528815,54.660982889471846
0.011380501044194346,1.1989077683023144,79.42102696213284
0.014235297837900104,4.800908407989053,57.59680568052619
0.010532867777368324,7.2302611602568,75.9014190652641
0.010090030087768173,1.355838849795704,63.77029351982315
0.014118055809757231,5.628925559471379,59.71178708106733
0.012400835638170913,7.129923760663931,52.79387957491179
0.016093797295904808,1.144190998900871,69.71691666432054
0.015962873010160784,0.5008046942326447,87.59372855942355
0.01597809510313211,3.589788998161267,78.24645568278348
0.010294479754013043,3.1902579482556255,54.719756106047626
0.01647622539957954,5.040529758817725,99.1858072231205
0.012891510829678068,6.005888160381311,56.84526356417251
0.011453276988193288,0.6114435335700925,69.43946524022796
0.01755292767008156,7.5117205485499445,53.73403645388482
0.011006183337326825,1.3943019054586436,73.35000250759288
0.010681809343059158,7.589714013538234,59.99351858097988
0.011075847916899265,2.8486493054785216,69.8974382464142
0.011247829967365437,4.498525795378422,52.84729752580278
0.01040781236040979,6.536895135070601,69.74012174575311
0.01192068568513581,2.4300371446229003,54.17540953108291
0.011518411820506396,3.1321682600908414,56.28407102637547
0.01229156191743788,3.2179041541456685,88.81538434156984
0.014534647047602798,7.921678827368166,60.168120420523294
0.012353575676900035,7.723558800195184,79.18386089648487
0.010648942450401258,7.54502722194809,51.36376645673365
0.01194185469271153,7.692006895619516,58.05715165020225
0.011773688657056606,1.381700756628867,59.980312651868836
0.01706831876703932,0.8789580603437281,85.60181700322767
0.014677455976051738,0.9131494099075432,91.96529589734283
0.01141643901838071,7.940361777924133,59.408558489693206
0.015563896951138068,3.5810945019092735,51.202539940012414
0.015249545640548907,4.844573930528815,54.660982889471846
0.011380501044194346,1.1989077683023144,79.42102696213284
0.013918561429080555,5.091946599299627,53.416090295317176
0.010526141057360857,7.313201310978775,75.9376795778223
0.010118358468474895,1.6100144791881006,62.516258362090035
0.014118055809757231,5.628925559471379,59.71178708106733
0.012407795349933344,7.379082741320071,50.49964735930469
0.016458379137461274,1.044963720647041,75.65967563889454
0.015962873010160784,0.5008046942326447,87.59372855942355
0.01565413338924574,3.4971892234161466,76.32451570508364
0.010294479754013043,3.1902579482556255,54.719756106047626
0.01648523007832817,5.061196826955079,98.80568487588846
0.013189768449369114,5.322641506808848,59.307903139203276
0.011453276988193288,0.6114435335700925,69.43946524022796
0.01755292767008156,7.5117205485499445,53.73403645388482
0.011006183337326825,1.3943019054586436,73.35000250759288
0.010625682454265704,7.896237786541972,60.70214144246828
0.010211494712265555,0.055768106772478454,81.05491201844688
0.011247829967365437,4.498525795378422,52.84729752580278
0.01040781236040979,6.536895135070601,69.74012174575311
0.010253453541214558,0.20866726188825613,54.80906327116324
0.011518411820506396,3.1321682600908414,56.28407102637547
0.012555316269372667,3.0887564435535744,88.63794337117714
0.013684885933397943,6.973466834863753,59.076227622457964
0.012353575676900035,7.723558800195184,79.18386089648487
0.010648942450401258,7.54502722194809,51.36376645673365
0.01194185469271153,7.692006895619516,58.05715165020225
0.011799077759066988,1.23762640859767,59.96434881408294
0.01706831876703932,0.8789580603437281,85.60181700322767
0.01446039606751538,2.2384482698703323,84.77295898930402
0.01141643901838071,7.940361777924133,59.408558489693206
0.015563896951138068,3.5810945019092735,51.202539940012414
0.015249545640548907,4.844573930528815,54.660982889471846
0.011380501044194346,1.1989077683023144,79.42102696213284
0.014809067161957614,6.278429611055353,53.077641753368255
0.010505386876302635,7.274021324407601,80.09082010495203
0.010118358468474895,1.6100144791881006,62.516258362090035
0.013893374251804329,5.505768327221048,60.10280321750116
0.012407795349933344,7.379082741320071,50.49964735930469
0.016930493886676685,0.2768238398009455,75.25434080251034
0.016079769929598343,1.0162300355517013,85.10444702715291
0.017247069660099014,1.592394063646183,88.99644604007582
0.010294479754013043,3.1902579482556255,54.719756106047626
0.0164793055656461,5.057231800465407,98.7781595562205
0.01335845850364345,4.838290431477702,55.298210035865424
0.011453276988193288,0.6114435335700925,69.43946524022796
0.01755292767008156,7.5117205485499445,53.73403645388482
0.011006183337326825,1.3943019054586436,73.35000250759288
0.010625682454265704,7.896237786541972,60.70214144246828
0.010211494712265555,0.055768106772478454,81.05491201844688
0.011313391686947486,4.429986706689162,53.59508846083489
0.010229188455341282,6.547384898401037,70.4163646306956
0.01026915991605319,1.35013213863627,54.7748731347748
0.012605853191183736,3.5541474119396055,65.59889054288935
0.012546457023137761,3.106844038308366,88.60100499180098
0.013684885933397943,6.973466834863753,59.076227622457964
0.012353575676900035,7.723558800195184,79.18386089648487
0.010648942450401258,7.54502722194809,51.36376645673365
0.01194185469271153,7.692006895619516,58.05715165020225
0.011799077759066988,1.23762640859767,59.96434881408294
0.01706831876703932,0.8789580603437281,85.60181700322767
0.013959951373321925,1.9813675293645547,84.33503946052312
0.01141643901838071,7.940361777924133,59.408558489693206
0.015563896951138068,3.5810945019092735,51.202539940012414
0.01567543956880326,4.845989044640606,54.517472224483676
0.011230113334663193,1.045099628933147,80.04687606515537
0.014077193839215268,5.483944338287735,53.351250508633726
0.010389847248829834,5.521534456125812,75.14648928522762
0.010124837024455918,1.50190112049793,63.80580688409655
0.01440548986424817,4.454191672922096,65.95889425432621
0.012407795349933344,7.379082741320071,50.49964735930469
0.013662816902873354,3.3344621248593524,72.895256658859
0.016079769929598343,1.0162300355517013,85.10444702715291
0.017247069660099014,1.592394063646183,88.99644604007582
0.010294479754013043,3.1902579482556255,54.719756106047626
0.0164793055656461,5.057231800465407,98.7781595562205
0.01335845850364345,4.838290431477702,55.298210035865424
0.011453276988193288,0.6114435335700925,69.43946524022796
0.01755292767008156,7.5117205485499445,53.73403645388482
0.01071888160982391,1.8973655526337152,75.86290804807894
0.010088376789427254,7.866256283256632,61.58110910458611
0.010211494712265555,0.055768106772478454,81.05491201844688
0.011406028104624053,4.249072116548673,52.157846143436885
0.010229188455341282,6.547384898401037,70.4163646306956
0.010253059087474389,0.1800002337210609,54.809921930612916
0.014181546538948781,4.857529015319093,66.73767796033385
0.012501053574287518,3.121472185163129,88.59718540724992
0.013684885933397943,6.973466834863753,59.076227622457964
0.012353575676900035,7.723558800195184,79.18386089648487
0.010648942450401258,7.54502722194809,51.36376645673365
0.012116430347182688,7.6755946681880225,57.72523661747514
0.011799077759066988,1.23762640859767,59.96434881408294
0.021386171881367766,0.907224412783615,88.72193651827729
0.01420156557754371,1.895676955231527,84.43350640768169
0.011466110568816783,7.928870454919045,60.45671931229887
0.01542495943701547,3.6332006700086525,51.84550106170739
0.015545942546237142,4.948946210657413,54.63418895999044
0.011230113334663193,1.045099628933147,80.04687606515537
0.016571653798604688,6.9964849983692865,52.44880788673338
0.010389847248829834,5.521534456125812,75.14648928522762
0.011070260000544185,2.283935845841883,64.48908437007397
0.015119523131944946,4.096312905953338,65.19678878662394
0.012407795349933344,7.379082741320071,50.49964735930469
0.015180692448339495,5.485645318826928,79.60690666434155
0.016282944392203375,0.6505062367226797,85.42727289822342
0.017247069660099014,1.592394063646183,88.99644604007582
0.010294479754013043,3.1902579482556255,54.719756106047626
0.016391034071207684,5.117762770198647,97.52403550719
0.01335845850364345,4.838290431477702,55.298210035865424
0.01157481242278445,0.3752734351721111,63.66264511696042
0.01755292767008156,7.5117205485499445,53.73403645388482
0.010391644434931735,0.835249943184432,80.77719205012066
0.011379684539227677,5.991833358796708,68.7554643941518
0.010211494712265555,0.055768106772478454,81.05491201844688
0.011406028104624053,4.249072116548673,52.157846143436885
0.010083217381850635,7.479450221737611,66.1186766014635
0.010261805955138887,0.8156811163668878,54.79088147083188
0.016319934226013126,5.774742975888102,73.34908381960624
0.012874178515494154,4.227744828598731,98.64176058589652
0.014353559039616496,6.685536512347567,58.660188359948364
0.01305825119064806,7.560534818234394,94.05380676440774
0.010648942450401258,7.54502722194809,51.36376645673365
0.012116430347182688,7.6755946681880225,57.72523661747514
0.011744485434700934,1.2226420875431028,59.78062619159141
0.021357065109629595,0.9147955679019404,88.66486959487902
0.013150850218401379,0.34941352917275736,78.15142469517637
0.01149367809200627,7.68010188940837,62.03623585198745
0.01542495943701547,3.6332006700086525,51.84550106170739
0.0136618343106938,5.915026801093965,60.22669778278771
0.011230113334663193,1.045099628933147,80.04687606515537
0.016571653798604688,6.9964849983692865,52.44880788673338
0.010389847248829834,5.521534456125812,75.14648928522762
0.010757752303244751,2.7325798985864145,66.42923288176448
0.015700407716573758,3.8515727074440838,68.46182046896237
0.011892401215615129,4.607113991974773,63.430530367534146
0.015235227025459704,5.538601009507502,79.59358021231084
0.016385408297241454,0.3300037677708634,86.84879297175294
0.016791811586035613,2.1022938893417704,79.71420424909061
0.010294479754013043,3.1902579482556255,54.719756106047626
0.016434143373170552,5.160212104910282,97.82712390506157
0.01335845850364345,4.838290431477702,55.298210035865424
0.01157481242278445,0.3752734351721111,63.66264511696042
0.01755292767008156,7.5117205485499445,53.73403645388482
0.010391644434931735,0.835249943184432,80.77719205012066
0.011570441266740967,6.987393127306742,66.43448023901699
0.010211494712265555,0.055768106772478454,81.05491201844688
0.011406028104624053,4.249072116548673,52.157846143436885
0.010083217381850635,7.479450221737611,66.1186766014635
0.010261805955138887,0.8156811163668878,54.79088147083188
0.018931065045547566,6.585447556495891,84.60959479263303
0.012874178515494154,4.227744828598731,98.64176058589652
0.013706173907368752,5.215387894985451,59.82564767516077
0.01305825119064806,7.560534818234394,94.05380676440774
0.010648942450401258,7.54502722194809,51.36376645673365
0.012116430347182688,7.6755946681880225,57.72523661747514
0.011744485434700934,1.2226420875431028,59.78062619159141
0.021357065109629595,0.9147955679019404,88.66486959487902
0.013203975692943744,0.42612609369036747,77.53689190806821
0.011474704884760531,6.93740196564346,59.89790428124576
0.01542495943701547,3.6332006700086525,51.84550106170739
0.015321543569267224,7.289264946248643,55.077786550556745
0.011182570695322625,1.1374854409305497,82.30667195579201
0.016571653798604688,6.9964849983692865,52.44880788673338
0.01096856355561689,3.685000434887188,68.58202385608695
0.010469971634382586,2.609504231057336,64.83742816495804
0.01825035281772816,3.9413368957703367,68.39704402499798
0.011892401215615129,4.607113991974773,63.430530367534146
0.01429175807190173,4.508911866300016,79.86802182344428
0.016385408297241454,0.3300037677708634,86.84879297175294
0.016729817162395147,3.4804534381410446,72.03651747481055
0.010106276040694511,3.2786369948954937,53.727000403767015
0.01698540818631522,4.7682524745352355,98.44328605006345
0.01335845850364345,4.838290431477702,55.298210035865424
0.01157481242278445,0.3752734351721111,63.66264511696042
0.01755292767008156,7.5117205485499445,53.73403645388482
0.010390342978501542,0.8350537919699873,80.5167141775026
0.011570441266740967,6.987393127306742,66.43448023901699
0.010211494712265555,0.055768106772478454,81.05491201844688
0.011213955757194173,4.189437443821989,51.32953346003222
0.010083217381850635,7.479450221737611,66.1186766014635
0.010261805955138887,0.8156811163668878,54.79088147083188
0.01753247691134545,5.5381101477168055,84.03943629183473
0.012874178515494154,4.227744828598731,98.64176058589652
0.013706173907368752,5.215387894985451,59.82564767516077
0.012956493259118474,7.572731148377301,95.80617390604787
0.010648942450401258,7.54502722194809,51.36376645673365
0.012116430347182688,7.6755946681880225,57.72523661747514
0.011744485434700934,1.2226420875431028,59.78062619159141
0.021357065109629595,0.9147955679019404,88.66486959487902
0.012217076403564536,0.5567955007315795,69.9071412351961
0.011474704884760531,6.93740196564346,59.89790428124576
0.014847997138785372,4.338138987978526,52.87084666004772
0.015321543569267224,7.289264946248643,55.077786550556745
0.011222815535766515,1.211005434456193,82.69529810643766
0.016295167629808174,7.061238973010793,53.03025760336639
0.010729352638983409,4.7102195396029956,67.91645419280107
0.01050064283504425,3.292983374077525,58.79811327006913
0.017357723316195235,3.9888904451798957,73.41870529378181
0.011718602075116288,6.7752558723894705,59.96359034894396
0.01429175807190173,4.508911866300016,79.86802182344428
0.016385408297241454,0.3300037677708634,86.84879297175294
0.02111650284368065,0.5483082349539155,86.94964513799226
0.010106276040694511,3.2786369948954937,53.727000403767015
0.01698540818631522,4.7682524745352355,98.44328605006345
0.013164102668851423,4.745082947240078,55.204311934157175
0.01157481242278445,0.3752734351721111,63.66264511696042
0.01755292767008156,7.5117205485499445,53.73403645388482
0.010390342978501542,0.8350537919699873,80.5167141775026
0.013222063621426972,6.310531686646624,76.19750557407927
0.010211494712265555,0.055768106772478454,81.05491201844688
0.011213955757194173,4.189437443821989,51.32953346003222
0.010102777831134203,7.386287609955181,66.08646874479123
0.010261805955138887,0.8156811163668878,54.79088147083188
0.01853116373570241,6.222999907644654,84.25218512508697
0.012874178515494154,4.227744828598731,98.64176058589652
0.013706173907368752,5.215387894985451,59.82564767516077
0.012956493259118474,7.572731148377301,95.80617390604787
0.010648942450401258,7.54502722194809,51.36376645673365
0.012116430347182688,7.6755946681880225,57.72523661747514
0.011527381572925882,2.436716919268666,56.32226194538542
0.019729121214819734,0.8250093202748018,84.50404692974503
0.012217076403564536,0.5567955007315795,69.9071412351961
0.011474704884760531,6.93740196564346,59.89790428124576
0.014847997138785372,4.338138987978526,52.87084666004772
0.01455157176038056,7.179417895713405,56.1219142985695
0.011222815535766515,1.211005434456193,82.69529810643766
0.016295167629808174,7.061238973010793,53.03025760336639
0.010343277505795714,3.8848457404622025,70.75304774446779
0.01050064283504425,3.292983374077525,58.79811327006913
0.018974220005172487,3.3511881322380477,65.36937327890823
0.011718602075116288,6.7752558723894705,59.96359034894396
0.014544949545988884,4.203449871348766,88.53382694960803
0.016047604234683252,2.5397458869308958,76.76069177012835
0.01971125369761494,1.1003938605997747,84.12496484273457
0.010106276040694511,3.2786369948954937,53.727000403767015
0.01698540818631522,4.7682524745352355,98.44328605006345
0.013164102668851423,4.745082947240078,55.204311934157175
0.01157481242278445,0.3752734351721111,63.66264511696042
0.018489646970009627,7.847217600895324,54.258177157240695
0.010390342978501542,0.8350537919699873,80.5167141775026
0.014043512578956995,5.296335036390731,89.921790498471
0.010211494712265555,0.055768106772478454,81.05491201844688
0.011213955757194173,4.189437443821989,51.32953346003222
0.010168093485623562,7.075201863697849,65.97892125404846
0.010261805955138887,0.8156811163668878,54.79088147083188
0.017736049296903436,6.2874553523596575,81.41739061359229
0.012874178515494154,4.227744828598731,98.64176058589652
0.013364781344701999,5.080314689740009,60.93496912532515
0.012987525015595816,7.650544678277003,96.27850201803955
0.010648942450401258,7.54502722194809,51.36376645673365
0.012116430347182688,7.6755946681880225,57.72523661747514
0.011622088256318688,2.380608870826099,56.495217864259125
0.019729121214819734,0.8250093202748018,84.50404692974503
0.011885150101699075,1.4615367522715814,63.36920801655784
0.011281886448956925,6.715598140548169,60.55072297861845
0.013990998120598615,3.679914588537947,53.229634133538546
0.01455157176038056,7.179417895713405,56.1219142985695
0.011222815535766515,1.211005434456193,82.69529810643766
0.015486308486925015,6.034174951201764,54.92656629516228
0.010343277505795714,3.8848457404622025,70.75304774446779
0.01050064283504425,3.292983374077525,58.79811327006913
0.01807110774807857,2.987971887010102,65.16106374798697
0.011817620209971794,7.282626893991301,61.65770398658337
0.0141770949860015,3.9052074655961344,87.82398079612841
0.01419526580151033,4.352079917029279,69.57337345022349
0.022477352966958967,0.9727496150899797,91.46098884087473
0.010106276040694511,3.2786369948954937,53.727000403767015
0.016628416640865396,4.721318424311818,98.46052024444144
0.013164102668851423,4.745082947240078,55.204311934157175
0.01157481242278445,0.3752734351721111,63.66264511696042
0.018489646970009627,7.847217600895324,54.258177157240695
0.010390342978501542,0.8350537919699873,80.5167141775026
0.014043512578956995,5.296335036390731,89.921790498471
0.010211494712265555,0.055768106772478454,81.05491201844688
0.011213955757194173,4.189437443821989,51.32953346003222
0.01020563291384651,7.063081731322905,65.7959685274209
0.010379044240389632,2.8535592496140154,53.75303282435473
0.016722847463923777,6.258355319622251,93.20146706384259
0.012725366854798378,3.8115343214720854,93.33456510838629
0.012733305306078874,4.830468905443353,62.9868882106078
0.012987525015595816,7.650544678277003,96.27850201803955
0.010648942450401258,7.54502722194809,51.36376645673365
0.011692518882852863,7.7619695378552205,58.00434431459546
0.011622088256318688,2.380608870826099,56.495217864259125
0.016445266351297394,2.225303240660505,88.6444177334214
0.011885150101699075,1.4615367522715814,63.36920801655784
0.011281886448956925,6.715598140548169,60.55072297861845
0.013990998120598615,3.679914588537947,53.229634133538546
0.01228894231681366,7.576491318947866,53.15072307193922
0.011222815535766515,1.211005434456193,82.69529810643766
0.013978165790947912,6.2786041252004,56.94397338383895
0.010561295295900473,3.9711052696093665,70.0446204454328
0.01050064283504425,3.292983374077525,58.79811327006913
0.01807110774807857,2.987971887010102,65.16106374798697
0.011817620209971794,7.282626893991301,61.65770398658337
0.0141770949860015,3.9052074655961344,87.82398079612841
0.01538574086724067,5.149658085852784,71.745279912197
0.022477352966958967,0.9727496150899797,91.46098884087473
0.010106276040694511,3.2786369948954937,53.727000403767015
0.016310205830770398,4.59451249367246,96.2050172806405
0.01198373386956957,2.870428062784091,65.53864762344088
0.01157481242278445,0.3752734351721111,63.66264511696042
0.019367249617625544,6.334304836035269,62.44566290902152
0.013336255616324209,3.021677918638097,80.87792029991711
0.014043512578956995,5.296335036390731,89.921790498471
0.010211494712265555,0.055768106772478454,81.05491201844688
0.011213955757194173,4.189437443821989,51.32953346003222
0.01020563291384651,7.063081731322905,65.7959685274209
0.010287124068574785,2.99680622424161,53.74426015739483
0.016722847463923777,6.258355319622251,93.20146706384259
0.013450416265523017,3.6998335357957317,89.51335847544134
0.012765414407153787,5.1866572521332674,67.19176986483126
0.012987525015595816,7.650544678277003,96.27850201803955
0.010648942450401258,7.54502722194809,51.36376645673365
0.011692518882852863,7.7619695378552205,58.00434431459546
0.01202508790942046,2.141855667266134,57.23118678230166
0.016445266351297394,2.225303240660505,88.6444177334214
0.011885150101699075,1.4615367522715814,63.36920801655784
0.011281886448956925,6.715598140548169,60.55072297861845
0.013990998120598615,3.679914588537947,53.229634133538546
0.01228894231681366,7.576491318947866,53.15072307193922
0.011222815535766515,1.211005434456193,82.69529810643766
0.013634053966958978,6.438515635208425,57.69473302982152
0.011531000536516477,4.625971685010629,66.3266668005693
0.010295609859033624,3.0277293171733275,57.29999108084477
0.01807110774807857,2.987971887010102,65.16106374798697
0.011817620209971794,7.282626893991301,61.65770398658337
0.015531070764543572,5.139987165387967,90.17450729663159
0.01538574086724067,5.149658085852784,71.745279912197
0.024347185863619572,0.5844816535785535,92.33407267538503
0.010164768611046622,3.449643214470142,54.066515152843394
0.01513190295558223,4.791343784442767,86.56089756718366
0.012097408377447145,2.429637551583068,65.34078789980605
0.01157481242278445,0.3752734351721111,63.66264511696042
0.019367249617625544,6.334304836035269,62.44566290902152
0.014155246350139183,3.723341523942397,80.17365827845087
0.013695847320715208,5.228550689451829,91.71611184163397
0.010211494712265555,0.055768106772478454,81.05491201844688
0.011213955757194173,4.189437443821989,51.32953346003222
0.010299125215180872,6.751265136108984,65.66088004688082
0.010287124068574785,2.99680622424161,53.74426015739483
0.017474856833479938,6.099052643018072,98.38138719548539
0.014055678636786015,2.85809789448741,97.5971732816366
0.012984951790106681,5.503048222525633,64.79151697624204
0.012987525015595816,7.650544678277003,96.27850201803955
0.010648942450401258,7.54502722194809,51.36376645673365
0.011692518882852863,7.7619695378552205,58.00434431459546
0.01202508790942046,2.141855667266134,57.23118678230166
0.016445266351297394,2.225303240660505,88.6444177334214
0.011885150101699075,1.4615367522715814,63.36920801655784
0.011281886448956925,6.715598140548169,60.55072297861845
0.013990998120598615,3.679914588537947,53.229634133538546
0.01228894231681366,7.576491318947866,53.15072307193922
0.011223367094390525,1.216877201285218,82.67569317660201
0.012799034194975231,5.57984948598096,56.70913636143768
0.011531000536516477,4.625971685010629,66.3266668005693
0.010303002758516583,3.0546698030190766,60.397776895026446
0.01642973338416442,3.2755628236990417,61.850254937196276
0.011810265598380268,7.464864301327173,61.81462149628353
0.016004600797939573,4.816535134865644,94.14307117716683
0.01783136677898255,7.463528793256358,65.31238811195016
0.023557923215786345,0.9855329752650954,89.9734537702291
0.010164768611046622,3.449643214470142,54.066515152843394
0.015531818116645769,5.050942328677935,85.85870117952264
0.012647587201224416,2.7929031174615275,61.82191568484512
0.01157481242278445,0.3752734351721111,63.66264511696042
0.01637036928766231,6.891788923819851,60.711387037370415
0.014676107908482826,3.6255275984411752,78.17678387783153
0.014297968021327299,6.606302042558996,99.67994735199615
0.010211494712265555,0.055768106772478454,81.05491201844688
0.011213955757194173,4.189437443821989,51.32953346003222
0.010299125215180872,6.751265136108984,65.66088004688082
0.010287124068574785,2.99680622424161,53.74426015739483
0.01712712680122101,6.256433806483193,91.92864934083002
0.014055678636786015,2.85809789448741,97.5971732816366
0.012876492036658825,5.422599763840869,63.967075031735796
0.012987525015595816,7.650544678277003,96.27850201803955
0.010639460284749444,7.5498454343360075,51.3354060882797
0.011692518882852863,7.7619695378552205,58.00434431459546
0.012004157107952784,2.022054305393425,56.381997159623005
0.016323107307290616,1.7656898973915345,87.48914396040877
0.010775920083306788,1.1645003262641382,62.74195971812381
0.011281886448956925,6.715598140548169,60.55072297861845
0.013990998120598615,3.679914588537947,53.229634133538546
0.01228894231681366,7.576491318947866,53.15072307193922
0.010117128093895637,0.5758522603269398,76.84768909222898
0.012936155029993405,5.5169298366715,56.217346547695946
0.011490820986880574,4.542536094015844,65.50041824306658
0.01047394826754593,3.107334921171522,61.41222713268521
0.017806724610255044,3.047252338032254,66.71774481501699
0.011026570238555456,5.552548351396746,58.124456740271114
0.016034567236211016,4.820457755742163,94.41087837729764
0.017676310725825966,6.8700803098375705,79.69501205951718
0.01882437842833424,0.6557755689561107,86.81033662546741
0.010164768611046622,3.449643214470142,54.066515152843394
0.014850034916689894,4.2732317333281475,80.5461937291893
0.01223526322895841,2.861207341583568,60.75801132907911
0.012288041703162063,1.3507641989216124,60.5829443627471
0.015342231873926674,7.064269812179134,58.80680769512965
0.012534971228554313,5.150768894057883,71.85283520846338
0.014297968021327299,6.606302042558996,99.67994735199615
0.010211494712265555,0.055768106772478454,81.05491201844688
0.011252585066852366,4.139199280159024,51.68615044490522
0.0103642634797972,6.697075176209877,65.44154698570591
0.010287124068574785,2.99680622424161,53.74426015739483
0.01712712680122101,6.256433806483193,91.92864934083002
0.014055678636786015,2.85809789448741,97.5971732816366
0.012330858284963962,4.972105564866183,65.22092564196159
0.01271235448476551,6.897721952166491,94.7694827049919
0.010639460284749444,7.5498454343360075,51.3354060882797
0.011692518882852863,7.7619695378552205,58.00434431459546
0.012004157107952784,2.022054305393425,56.381997159623005
0.016323107307290616,1.7656898973915345,87.48914396040877
0.010453748980172484,0.9981380200384999,59.3181276217561
0.011378961754526698,7.7806383352198,60.13030970511979
0.013990998120598615,3.679914588537947,53.229634133538546
0.01228894231681366,7.576491318947866,53.15072307193922
0.010117128093895637,0.5758522603269398,76.84768909222898
0.013161439157711702,4.981887403255935,64.54429750641478
0.011490820986880574,4.542536094015844,65.50041824306658
0.01047394826754593,3.107334921171522,61.41222713268521
0.021256222850609532,3.0189881778931102,69.21357627830304
0.011026570238555456,5.552548351396746,58.124456740271114
0.016034567236211016,4.820457755742163,94.41087837729764
0.017676310725825966,6.8700803098375705,79.69501205951718
0.015870294207803302,3.59922886296515,74.87861996733479
0.010164768611046622,3.449643214470142,54.066515152843394
0.015019483580741058,3.5571307492672437,74.6733746616028
0.01223526322895841,2.861207341583568,60.75801132907911
0.012288041703162063,1.3507641989216124,60.5829443627471
0.014818032112640763,7.0256027646447325,59.50547198484588
0.012014305923373981,5.28945391558567,67.11411492641301
0.014292662186650429,6.607670437983494,99.60983457325037
0.010211494712265555,0.055768106772478454,81.05491201844688
0.011508816870243648,2.7138515527079923,51.83273049133432
0.0103642634797972,6.697075176209877,65.44154698570591
0.010287124068574785,2.99680622424161,53.74426015739483
0.015109333361314502,5.30136683507444,82.6735487555465
0.013258984178948038,2.8129755943418937,83.28140694675004
0.012591254604810111,5.182971874989086,64.63304743175239
0.012752720681969658,7.003160360043575,95.40307559562025
0.010639460284749444,7.5498454343360075,51.3354060882797
0.011692518882852863,7.7619695378552205,58.00434431459546
0.011955484945694223,1.1643246185209835,56.59852535029177
0.01547507714513034,1.3993452526514722,81.31443877021402
0.010453748980172484,0.9981380200384999,59.3181276217561
0.011378961754526698,7.7806383352198,60.13030970511979
0.013990998120598615,3.679914588537947,53.229634133538546
0.01229566008955993,7.1590925945092625,55.08518579450135
0.010373000558178318,1.7430099898973888,73.78718302771611
0.012209114806036004,5.035394723573547,54.64474848265896
0.011251018115225175,4.450761918585368,64.98004045225922
0.01047394826754593,3.107334921171522,61.41222713268521
0.021256222850609532,3.0189881778931102,69.21357627830304
0.011026570238555456,5.552548351396746,58.124456740271114
0.015475579670606714,4.560265173761498,89.15193713880376
0.016240722194327047,6.360355303937766,75.8078139794953
0.016442596569940897,3.5082654935226314,75.86441565511291
0.010164768611046622,3.449643214470142,54.066515152843394
0.014499149121920636,3.8171625729372445,72.51681089156457
0.01269850731035104,0.19988144215796044,61.09758690013914
0.012126383162965501,1.5072967419184924,60.656843887086
0.014747938550376769,6.929432754204419,59.764055816756695
0.012462068859908733,4.924858933848533,63.96898393393643
0.014292662186650429,6.607670437983494,99.60983457325037
0.010211494712265555,0.055768106772478454,81.05491201844688
0.011508816870243648,2.7138515527079923,51.83273049133432
0.01086299354802742,6.259621456867042,65.38559723056083
0.010254362695464326,1.7227976672399723,65.57477808288655
0.015474759759460815,5.0382067517236155,85.31190637806822
0.013258984178948038,2.8129755943418937,83.28140694675004
0.012591254604810111,5.182971874989086,64.63304743175239
0.012419368438632653,6.436571632560402,88.64968298729185
0.010639460284749444,7.5498454343360075,51.3354060882797
0.011486966512513762,7.080007398818042,58.04141833526691
0.012350323495658958,1.0199394386591272,52.30986081322935
0.018223015133725345,2.1692062021882434,75.56256510531556
0.010453748980172484,0.9981380200384999,59.3181276217561
0.011378961754526698,7.7806383352198,60.13030970511979
0.013990998120598615,3.679914588537947,53.229634133538546
0.01229566008955993,7.1590925945092625,55.08518579450135
0.010461868198140269,1.7581503622171797,79.93881985902247
0.01234848551942272,5.035514734895943,55.953556921538336
0.011464172910594397,4.8130546785086565,69.29834953296626
0.011049545561652531,4.091385178552532,69.99800791351876
0.021256222850609532,3.0189881778931102,69.21357627830304
0.010906314468486633,5.153575174622354,58.14614641914973
0.016010298504098575,3.6347685356457533,84.42461271189433
0.016240722194327047,6.360355303937766,75.8078139794953
0.016180033990388084,3.5366548798744706,75.5788075370042
0.010164768611046622,3.449643214470142,54.066515152843394
0.014168426504395662,3.152779086888895,70.41945003707225
0.01269850731035104,0.19988144215796044,61.09758690013914
0.012126383162965501,1.5072967419184924,60.656843887086
0.014401746943726184,6.671163518168235,59.06599190630213
0.01114206796341366,5.642631432416233,58.43010583592265
0.014292662186650429,6.607670437983494,99.60983457325037
0.010211494712265555,0.055768106772478454,81.05491201844688
0.011508816870243648,2.7138515527079923,51.83273049133432
0.01086299354802742,6.259621456867042,65.38559723056083
0.010254362695464326,1.7227976672399723,65.57477808288655
0.015474759759460815,5.0382067517236155,85.31190637806822
0.014086085607961388,1.623185583726471,89.45908126592039
0.012591254604810111,5.182971874989086,64.63304743175239
0.012419368438632653,6.436571632560402,88.64968298729185
0.010361113531298198,7.608955456578053,50.11928454359581
0.011839183214897893,7.114451998879673,56.753867022206755
0.012350323495658958,1.0199394386591272,52.30986081322935
0.025251954938206436,4.023439652481038,70.74383235462336
0.010453748980172484,0.9981380200384999,59.3181276217561
0.011378961754526698,7.7806383352198,60.13030970511979
0.013541630848597485,4.050513739238914,54.975952544756595
0.012168148295149828,7.553352746287383,52.637121327491705
0.010461868198140269,1.7581503622171797,79.93881985902247
0.01234848551942272,5.035514734895943,55.953556921538336
0.011787693058045796,4.648401540907256,69.35700815801393
0.011049545561652531,4.091385178552532,69.99800791351876
0.021256222850609532,3.0189881778931102,69.21357627830304
0.010906314468486633,5.153575174622354,58.14614641914973
0.016010298504098575,3.6347685356457533,84.42461271189433
0.016240722194327047,6.360355303937766,75.8078139794953
0.016666448652135655,2.5010621787464844,68.86606833156446
0.010164768611046622,3.449643214470142,54.066515152843394
0.014388278794723559,3.324853055538908,69.82852990042726
0.012182536758883129,1.903299559374096,62.30296443546578
0.011279695008178497,2.345668250323684,57.81227216937659
0.014401746943726184,6.671163518168235,59.06599190630213
0.011033408450165275,5.413218425025592,58.691381562136684
0.014292662186650429,6.607670437983494,99.60983457325037
0.010211494712265555,0.055768106772478454,81.05491201844688
0.01099741196869716,2.247018472678491,65.5617625336235
0.010942151667042738,6.04680018927279,67.79344882121664
0.010282189337362099,1.8075745452123835,65.38666320649295
0.015267435029218264,5.313470522552372,87.81957932679609
0.014086085607961388,1.623185583726471,89.45908126592039
0.012665019897310855,5.341899541119727,64.12401975696883
0.011469706765594077,4.368914082756002,78.52806882258531
0.010490982343043043,7.51072732122058,50.871509989648686
0.011689268152801973,7.726395055596095,56.9894413311619
0.012350323495658958,1.0199394386591272,52.30986081322935
0.02592570073807553,3.8590287181812144,71.4689701545255
0.010453748980172484,0.9981380200384999,59.3181276217561
0.011524758345961582,7.6350598737047894,60.37118856798931
0.013541630848597485,4.050513739238914,54.975952544756595
0.012168148295149828,7.553352746287383,52.637121327491705
0.010461868198140269,1.7581503622171797,79.93881985902247
0.01234848551942272,5.035514734895943,55.953556921538336
0.012369983671748762,6.417775551472715,72.15340039561798
0.011049545561652531,4.091385178552532,69.99800791351876
0.026255392928368156,3.9921710232243375,55.0979855555473
0.010906314468486633,5.153575174622354,58.14614641914973
0.015211405906227953,3.940367367360924,78.2131224420027
0.017019931947470663,6.126489051974604,79.02952277235374
0.014687842968376826,4.476707621151183,65.59710104995382
0.010164768611046622,3.449643214470142,54.066515152843394
0.014863734859195628,2.833232594236258,71.20314892973968
0.012182536758883129,1.903299559374096,62.30296443546578
0.01062903511846527,1.855258859405593,58.62815712118179
0.014401746943726184,6.671163518168235,59.06599190630213
0.011104757334222006,5.107928856608493,56.6041534437046
0.014292662186650429,6.607670437983494,99.60983457325037
0.010211494712265555,0.055768106772478454,81.05491201844688
0.011878170263059075,3.412538579874925,74.66217065818753
0.010683064599919113,6.912279331909469,68.94028096709613
0.010191218966861901,1.611361840314185,64.37995921262468
0.017192611344280323,5.7922930079715815,92.52970988700277
0.014101607266928572,1.620901516467546,89.68051397804616
0.011899543339781674,7.3246099691263415,50.506402316777574
0.012399369000431426,5.023819763039278,95.95493504835866
0.010577827188671462,7.521172177066135,51.6695533929841
0.011913844321430597,7.158005504319953,60.0328094050802
0.012350323495658958,1.0199394386591272,52.30986081322935
0.02592570073807553,3.8590287181812144,71.4689701545255
0.010453748980172484,0.9981380200384999,59.3181276217561
0.011524758345961582,7.6350598737047894,60.37118856798931
0.013541630848597485,4.050513739238914,54.975952544756595
0.012168148295149828,7.553352746287383,52.637121327491705
0.010245519269653995,0.706151509314906,83.98401591355304
0.011537613106140591,5.229209492011415,52.610893788336085
0.012022736051449389,5.507741156195278,69.45567074004597
0.010838954878380418,4.092759227381047,70.2043631276322
0.02539195648239623,3.901722765188859,56.73458786172496
0.011046053738734525,4.146393777678316,60.90130449917707
0.013567357686612647,2.6630509810216445,79.14754685724353
0.015252134901080756,5.436188918637447,72.59210779431777
0.014687842968376826,4.476707621151183,65.59710104995382
0.010164768611046622,3.449643214470142,54.066515152843394
0.014863734859195628,2.833232594236258,71.20314892973968
0.012662644524875068,1.1209307248502456,59.47952439853385
0.010311188674357161,1.8767097162686956,55.7859177705903
0.014401746943726184,6.671163518168235,59.06599190630213
0.011104757334222006,5.107928856608493,56.6041534437046
0.014292662186650429,6.607670437983494,99.60983457325037
0.010211494712265555,0.055768106772478454,81.05491201844688
0.011878170263059075,3.412538579874925,74.66217065818753
0.010683064599919113,6.912279331909469,68.94028096709613
0.010191218966861901,1.611361840314185,64.37995921262468
0.014702280209993998,4.30517408992511,82.51710143030468
0.014203790371088543,1.468226015944167,91.0426271076105
0.011899543339781674,7.3246099691263415,50.506402316777574
0.012181900462896654,5.458557760061968,96.75652034983709
0.010578373510918906,7.519776151669973,51.67206764858295
0.011913844321430597,7.158005504319953,60.0328094050802
0.012350323495658958,1.0199394386591272,52.30986081322935
0.02592570073807553,3.8590287181812144,71.4689701545255
0.010377701379623624,0.9229648562616122,59.42506564912866
0.01128187830242614,7.836247454805708,66.76407983543494
0.013541630848597485,4.050513739238914,54.975952544756595
0.012168148295149828,7.553352746287383,52.637121327491705
0.013885779323696449,1.4741677912440967,77.43495074137354
0.011595399074956282,4.920955542433672,56.35256936807549
0.012155471578997275,5.877680289566441,70.26502611788109
0.010838954878380418,4.092759227381047,70.2043631276322
0.019384793874742276,2.6343411434414996,67.54186504339707
0.012178848549410128,4.493765401315293,64.04990786516093
0.01443546051463026,4.142767439390074,98.01967853390438
0.01533197932572255,5.562643838178509,70.1061111848675
0.014687842968376826,4.476707621151183,65.59710104995382
0.010164768611046622,3.449643214470142,54.066515152843394
0.014827392962697307,2.7754228377112256,72.08423825777433
0.012274211211999682,1.0872771355555,59.47026657849116
0.010311188674357161,1.8767097162686956,55.7859177705903
0.01447560530032289,6.896199285994765,59.41720447791945
0.010791613091924002,4.3144793157682955,55.27714671871732
0.014031385037884488,6.481064385859977,96.13897539964869
0.010211494712265555,0.055768106772478454,81.05491201844688
0.010189357583633372,2.878744147007854,69.96493615484961
0.010626045074771398,7.0367340576685,69.72699390814039
0.010191218966861901,1.611361840314185,64.37995921262468
0.014702280209993998,4.30517408992511,82.51710143030468
0.014203790371088543,1.468226015944167,91.0426271076105
0.011899543339781674,7.3246099691263415,50.506402316777574
0.012181900462896654,5.458557760061968,96.75652034983709
0.010835644810053524,7.481771455957716,51.4450777281971
0.011913844321430597,7.158005504319953,60.0328094050802
0.01232555547001884,1.0418520882748188,54.63995925544103
0.024006102070202436,3.467507068665199,74.67438331980333
0.010965224858064324,3.3076601017817366,59.657507380805825
0.01128187830242614,7.836247454805708,66.76407983543494
0.013541630848597485,4.050513739238914,54.975952544756595
0.012048022680363785,7.270707114600288,52.86750749736848
0.013885779323696449,1.4741677912440967,77.43495074137354
0.011654991434186888,4.9822424889934505,56.447794073162825
0.012636539536466512,4.799141876992879,72.19291764643815
0.010744866239494347,5.330159126640922,63.51286989446473
0.017681316539948165,2.327224801117567,64.91272136589927
0.012178848549410128,4.493765401315293,64.04990786516093
0.01443546051463026,4.142767439390074,98.01967853390438
0.01582054166338576,5.209640168106256,69.79699413199774
0.016263890700075716,3.604797677180057,62.69196922533246
0.010164768611046622,3.449643214470142,54.066515152843394
0.0152885490733448,3.412713645038471,69.4637220970825
0.011007128016093881,0.10977505720624192,55.26949674475108
0.010311188674357161,1.8767097162686956,55.7859177705903
0.01447560530032289,6.896199285994765,59.41720447791945
0.010791613091924002,4.3144793157682955,55.27714671871732
0.014308213714296822,6.124409923809829,91.99157698270437
0.010211494712265555,0.055768106772478454,81.05491201844688
0.010189357583633372,2.878744147007854,69.96493615484961
0.010629320426220588,6.9896916583911874,69.55569917170942
0.010191218966861901,1.611361840314185,64.37995921262468
0.014702280209993998,4.30517408992511,82.51710143030468
0.014824440019958657,1.6563316190000679,89.30056492875838
0.011899543339781674,7.3246099691263415,50.506402316777574
0.012682064712281439,5.523127608988046,90.48135327504016
0.010835644810053524,7.481771455957716,51.4450777281971
0.01226720300712331,6.869374823517356,60.24881565819603
0.01232555547001884,1.0418520882748188,54.63995925544103
0.020732477037761925,3.4469309823182357,72.71767012053574
0.010965224858064324,3.3076601017817366,59.657507380805825
0.01128187830242614,7.836247454805708,66.76407983543494
0.01313815740197707,3.9341804755604928,55.70909905667429
0.012497457057394275,6.84673759221222,54.33247178209103
0.013885779323696449,1.4741677912440967,77.43495074137354
0.011654991434186888,4.9822424889934505,56.447794073162825
0.013577330434062866,5.638703987098293,79.2491590759799
0.010821625467916865,5.845743731620457,63.39265417170156
0.01578970277035785,3.5778758742667502,66.15814473365695
0.010636852230719817,7.221590377464448,51.9582125535796
0.01443546051463026,4.142767439390074,98.01967853390438
0.018619246348036054,5.707816039040448,77.8775950788001
0.016263890700075716,3.604797677180057,62.69196922533246
0.010159006782613939,3.4367730168284214,54.078339604181444
0.015580592046784955,3.341893651748969,71.33172645403499
0.011007128016093881,0.10977505720624192,55.26949674475108
0.010301421022858834,1.855105716123515,56.48562441754771
0.013815064722839103,5.603785292246965,58.62731051673988
0.010791613091924002,4.3144793157682955,55.27714671871732
0.014308213714296822,6.124409923809829,91.99157698270437
0.010211494712265555,0.055768106772478454,81.05491201844688
0.010189357583633372,2.878744147007854,69.96493615484961
0.010629320426220588,6.9896916583911874,69.55569917170942
0.010191218966861901,1.611361840314185,64.37995921262468
0.015373854813178734,6.633685869344467,86.69718670580329
0.014824440019958657,1.6563316190000679,89.30056492875838
0.011899543339781674,7.3246099691263415,50.506402316777574
0.012682064712281439,5.523127608988046,90.48135327504016
0.010835644810053524,7.481771455957716,51.4450777281971
0.011391482576474663,7.791531611008017,52.24053042470577
0.01232555547001884,1.0418520882748188,54.63995925544103
0.01950744342967759,3.421954830817149,72.38811548696985
0.011075349099670043,1.3612414256239642,56.79307872821166
0.01128187830242614,7.836247454805708,66.76407983543494
0.013633343296563152,4.590400649194962,51.42063455080259
0.013424230883092525,6.055028215185601,56.085456618873394
0.013885779323696449,1.4741677912440967,77.43495074137354
0.011327164783030516,5.982322536403112,54.446170220998866
0.013402667342216084,5.664358709592817,94.40000604674714
0.010911714200741244,4.253447707384753,61.04936677361927
0.01578970277035785,3.5778758742667502,66.15814473365695
0.010632869470450328,6.9056393041823725,51.84293764814332
0.01443546051463026,4.142767439390074,98.01967853390438
0.02089294692282172,7.478138872298599,82.77560050458084
0.016263890700075716,3.604797677180057,62.69196922533246
0.010930719194129461,3.4561118031210007,55.73393166018948
0.01435288814725137,2.9961319141439318,67.87917352849749
0.011007128016093881,0.10977505720624192,55.26949674475108
0.010301421022858834,1.855105716123515,56.48562441754771
0.013815064722839103,5.603785292246965,58.62731051673988
0.010581148467521171,2.8026290095693165,50.34595231176711
0.013957690091454488,6.206853654745922,89.85389465376946
0.010211494712265555,0.055768106772478454,81.05491201844688
0.010189357583633372,2.878744147007854,69.96493615484961
0.010629320426220588,6.9896916583911874,69.55569917170942
0.010191606323713935,1.347617538163123,63.21771650308296
0.015373854813178734,6.633685869344467,86.69718670580329
0.014824440019958657,1.6563316190000679,89.30056492875838
0.011899543339781674,7.3246099691263415,50.506402316777574
0.012623617016157928,5.562559978241311,89.37929802468891
0.010835644810053524,7.481771455957716,51.4450777281971
0.010821969834979942,6.092209720565785,53.884943002892975
0.01298498739271367,1.5246072647168902,56.83255054482191
0.019149790689264243,3.292444014525471,72.7215621984692
0.011075349099670043,1.3612414256239642,56.79307872821166
0.01128187830242614,7.836247454805708,66.76407983543494
0.0136656073375837,4.6168873618714255,51.371588676557856
0.013373113993693325,6.098695525957233,55.988769455796934
0.015354601099333422,0.5850370513917187,85.60592631655437
0.011342616055737652,5.349782778168371,50.24342851763676
0.012382972828282292,5.162926145939662,98.38467150322333
0.010052036784522135,3.7948702731918234,56.108049704969446
0.015996346756100677,3.5896079920806696,64.64763744860122
0.010632869470450328,6.9056393041823725,51.84293764814332
0.01443546051463026,4.142767439390074,98.01967853390438
0.02089294692282172,7.478138872298599,82.77560050458084
0.016263890700075716,3.604797677180057,62.69196922533246
0.010938504126832452,3.4531104776554686,55.7306170566766
0.012343800426325983,2.4303068307080844,62.22921046233989
0.01130907144772902,0.7358359349939052,58.88629833127786
0.010301421022858834,1.855105716123515,56.48562441754771
0.013815064722839103,5.603785292246965,58.62731051673988
0.010425383965980724,3.0947336271804615,52.04224868381547
0.013964812388843876,6.2423491774482835,90.69784659782592
0.010211494712265555,0.055768106772478454,81.05491201844688
0.010189357583633372,2.878744147007854,69.96493615484961
0.010629320426220588,6.9896916583911874,69.55569917170942
0.010191606323713935,1.347617538163123,63.21771650308296
0.014934485830552907,6.315466984982756,85.27918384532965
0.014803796304123637,1.7882904338348307,89.76330114270347
0.011899543339781674,7.3246099691263415,50.506402316777574
0.012809899949272296,5.190004432632249,89.46370380410907
0.010835644810053524,7.481771455957716,51.4450777281971
0.010813946586737502,5.2769395872562646,55.31643700355177
0.012612187226068626,1.8716908817518811,57.16558560035152
0.019149790689264243,3.292444014525471,72.7215621984692
0.011075349099670043,1.3612414256239642,56.79307872821166
0.011240129325747406,7.860198032416633,66.3760567353161
0.013926153985715764,4.217418231494664,51.499229241300064
0.012895050485490172,6.239475069632579,55.26548695980949
0.014300441572639915,2.209003766265186,90.13907607453233
0.011342616055737652,5.349782778168371,50.24342851763676
0.012382972828282292,5.162926145939662,98.38467150322333
0.010052036784522135,3.7948702731918234,56.108049704969446
0.01751528046462813,3.6044282283397755,66.37407773790277
0.010632869470450328,6.9056393041823725,51.84293764814332
0.01443546051463026,4.142767439390074,98.01967853390438
0.020377676833202393,7.1570975796814125,81.4119251365927
0.014326401613964444,2.7670158713780606,60.489223860923424
0.010938504126832452,3.4531104776554686,55.7306170566766
0.010244055930819599,2.1643252856051367,58.99217118492207
0.01130907144772902,0.7358359349939052,58.88629833127786
0.010301421022858834,1.855105716123515,56.48562441754771
0.01360010267881582,5.442222211684294,59.29949916517902
0.010821219036393756,3.5391142706980174,58.76551833607917
0.014273106361928944,6.120237974084885,94.56513454732135
0.01034914524558394,0.6990142324031554,76.26005979569213
0.010188885495666265,3.2001803389452537,71.38140986675609
0.010629320426220588,6.9896916583911874,69.55569917170942
0.010479092640911404,2.3472335393605195,59.97714418868793
0.014875528268538584,6.298063622672532,86.10696432589653
0.014825471499069806,1.6113588586043184,89.56717781932996
0.011899543339781674,7.3246099691263415,50.506402316777574
0.012809899949272296,5.190004432632249,89.46370380410907
0.010842742621477932,7.4519227145887665,51.42825413205145
0.011549306939915375,4.6708203677073605,62.35562853706854
0.01077113941791115,0.6186228965079223,51.41724615012143
0.019149790689264243,3.292444014525471,72.7215621984692
0.011582949613408113,0.5218541181617633,54.082444336295346
0.011134286889933797,7.093473376265875,65.48611738812242
0.013926153985715764,4.217418231494664,51.499229241300064
0.01223073666577888,6.99066213968648,51.464562599485944
0.014205414120970077,2.481529627919954,87.78105037303588
0.011342616055737652,5.349782778168371,50.24342851763676
0.012382972828282292,5.162926145939662,98.38467150322333
0.010052036784522135,3.7948702731918234,56.108049704969446
0.020834275440341575,1.9727498199350872,64.8405536549096
0.010632869470450328,6.9056393041823725,51.84293764814332
0.01443546051463026,4.142767439390074,98.01967853390438
0.01646469221229362,5.255722226113625,72.93859535807542
0.015971402278014753,0.5547801489043467,64.76785769192743
0.010938504126832452,3.4531104776554686,55.7306170566766
0.010244055930819599,2.1643252856051367,58.99217118492207
0.01130907144772902,0.7358359349939052,58.88629833127786
0.010301421022858834,1.855105716123515,56.48562441754771
0.01360010267881582,5.442222211684294,59.29949916517902
0.010821219036393756,3.5391142706980174,58.76551833607917
0.014273106361928944,6.120237974084885,94.56513454732135
0.01034914524558394,0.6990142324031554,76.26005979569213
0.010363274702584366,3.2936538236634565,67.90211424680783
0.010629320426220588,6.9896916583911874,69.55569917170942
0.010479092640911404,2.3472335393605195,59.97714418868793
0.014875528268538584,6.298063622672532,86.10696432589653
0.014825471499069806,1.6113588586043184,89.56717781932996
0.011899543339781674,7.3246099691263415,50.506402316777574
0.012487672906599884,5.225093009554586,80.85062396724555
0.010842742621477932,7.4519227145887665,51.42825413205145
0.01156945112155572,4.823455615747395,61.674108953809366
0.01077113941791115,0.6186228965079223,51.41724615012143
0.01811912612993191,4.046040685242817,72.80486952880534
0.01144262160219043,0.3587105750773105,52.648709580322944
0.011056165419923755,7.189522560776426,61.71920765403286
0.013046825157495577,5.565601847912896,51.06845022712814
0.012087368785763244,6.780365205807609,51.770124144662645
0.014339859773199778,2.646616933775454,86.89780206781846
0.011342616055737652,5.349782778168371,50.24342851763676
0.014961817513470858,4.4500825313432895,88.60442111144248
0.010052036784522135,3.7948702731918234,56.108049704969446
0.025196055448428685,1.2356405034897229,68.37314668732527
0.010632869470450328,6.9056393041823725,51.84293764814332
0.01332408336198854,4.054561282333933,87.39336687013801
0.01646469221229362,5.255722226113625,72.93859535807542
0.014241875681906708,1.5532402374526015,61.658389420193785
0.010940061859537184,3.4593857277107802,55.72214921265189
0.010244055930819599,2.1643252856051367,58.99217118492207
0.01130907144772902,0.7358359349939052,58.88629833127786
0.010301421022858834,1.855105716123515,56.48562441754771
0.013160490137445462,5.308266410758048,59.81357467961698
0.010821219036393756,3.5391142706980174,58.76551833607917
0.01465776575218705,5.8971893969681375,92.84217389274902
0.010346587148275455,0.22926224160193032,77.7732416548688
0.010363274702584366,3.2936538236634565,67.90211424680783
0.010629320426220588,6.9896916583911874,69.55569917170942
0.01068600649825864,2.9757661037887555,62.05714697807477
0.016729573411917713,7.559737647510363,98.610271855689
0.014837068314625446,1.586636026945473,89.6309247525069
0.011899543339781674,7.3246099691263415,50.506402316777574
0.014306884021998577,7.831627598272101,99.75614996432878
0.010842742621477932,7.4519227145887665,51.42825413205145
0.01156945112155572,4.823455615747395,61.674108953809366
0.01077113941791115,0.6186228965079223,51.41724615012143
0.016126358829654297,4.643034399179765,64.26522926595635
0.01144262160219043,0.3587105750773105,52.648709580322944
0.01099877719899204,7.180330446715883,62.48219057640665
0.012003550223802097,3.297688028471137,51.22835369582933
0.012087368785763244,6.780365205807609,51.770124144662645
0.013442260075382753,2.08071913329662,78.60190192922533
0.011342616055737652,5.349782778168371,50.24342851763676
0.015361493293018152,4.664335039083158,84.43823804565953
0.010052036784522135,3.7948702731918234,56.108049704969446
0.021465789474783184,0.9977957652374703,64.10829666145172
0.010524134632208458,7.147375736115051,50.70156271261257
0.012648239739575295,4.991332601478236,87.72308934394577
0.01646469221229362,5.255722226113625,72.93859535807542
0.014241875681906708,1.5532402374526015,61.658389420193785
0.010932376717777288,3.4529865522509287,55.70798834781941
0.010244055930819599,2.1643252856051367,58.99217118492207
0.01130907144772902,0.7358359349939052,58.88629833127786
0.010177781336817808,1.4319542580152076,56.948210500903485
0.013160490137445462,5.308266410758048,59.81357467961698
0.010821219036393756,3.5391142706980174,58.76551833607917
0.01452803490656401,6.612405613913591,95.39846533004247
0.010346587148275455,0.22926224160193032,77.7732416548688
0.010363274702584366,3.2936538236634565,67.90211424680783
0.010648788775591427,7.03185632491641,67.90211561257107
0.01065888613056909,3.674686736796639,60.15460746874744
0.016729573411917713,7.559737647510363,98.610271855689
0.015097195618556807,2.1730304035878563,86.96315202692303
0.011899543339781674,7.3246099691263415,50.506402316777574
0.014306884021998577,7.831627598272101,99.75614996432878
0.010842742621477932,7.4519227145887665,51.42825413205145
0.01156945112155572,4.823455615747395,61.674108953809366
0.01077113941791115,0.6186228965079223,51.41724615012143
0.015588860192168472,5.009985658457218,64.28102702918328
0.01144262160219043,0.3587105750773105,52.648709580322944
0.011019315778103663,6.753765143291184,62.2441761186651
0.011978011227630658,4.286502807355239,51.05107780030353
0.012087368785763244,6.780365205807609,51.770124144662645
0.011956655471237681,0.08084144792191772,74.08421865538364
0.011342616055737652,5.349782778168371,50.24342851763676
0.015361493293018152,4.664335039083158,84.43823804565953
0.010052036784522135,3.7948702731918234,56.108049704969446
0.0167300217998991,4.129883500482604,57.37468238416381
0.010524134632208458,7.147375736115051,50.70156271261257
0.011282601682299288,3.8136516294864222,82.14706396916677
0.014713473524334103,5.28788117719584,65.1792026660193
0.016238443136080558,0.48504509122650497,64.30327097923009
0.010932376717777288,3.4529865522509287,55.70798834781941
0.010244055930819599,2.1643252856051367,58.99217118492207
0.01130907144772902,0.7358359349939052,58.88629833127786
0.010177781336817808,1.4319542580152076,56.948210500903485
0.01415277603617068,7.75890510702026,60.310557479774
0.011374657555189674,4.955876480275691,55.707806875314716
0.014459301034184236,6.773059626703412,96.30233632787727
0.010346587148275455,0.22926224160193032,77.7732416548688
0.010386299213250502,3.2937104517057714,67.66806504428995
0.010648788775591427,7.03185632491641,67.90211561257107
0.01065888613056909,3.674686736796639,60.15460746874744
0.016729573411917713,7.559737647510363,98.610271855689
0.013697930345112387,1.6005043144124391,84.25631509642756
0.011899543339781674,7.3246099691263415,50.506402316777574
0.014306884021998577,7.831627598272101,99.75614996432878
0.010842742621477932,7.4519227145887665,51.42825413205145
0.011886580183019385,3.7285358254159338,61.34744040492387
0.011022040003896257,1.9401555615184956,54.64086529044651
0.015447888409590103,5.054737798381899,64.42566873466696
0.01144262160219043,0.3587105750773105,52.648709580322944
0.011011123578164682,6.751137279245891,62.24923142149039
0.012176554775230363,3.8958177503865734,51.09880809988211
0.012087368785763244,6.780365205807609,51.770124144662645
0.011956655471237681,0.08084144792191772,74.08421865538364
0.011342616055737652,5.349782778168371,50.24342851763676
0.0160643842489352,5.285956355257007,85.37240621333656
0.010052036784522135,3.7948702731918234,56.108049704969446
0.017697944614624206,3.6679893922887294,55.699077657040135
0.010524134632208458,7.147375736115051,50.70156271261257
0.01184385694009933,4.13923337209373,91.2136620818469
0.014976825589390863,5.183798223994594,65.3876146176237
0.016238443136080558,0.48504509122650497,64.30327097923009
0.010860325035917516,3.511393941434601,56.87945969359113
0.010244055930819599,2.1643252856051367,58.99217118492207
0.011511004660229248,0.17608803726484545,56.96455610982029
0.010177781336817808,1.4319542580152076,56.948210500903485
0.013011535851781162,6.780531195947706,56.22217383150492
0.011374657555189674,4.955876480275691,55.707806875314716
0.014459301034184236,6.773059626703412,96.30233632787727
0.010346587148275455,0.22926224160193032,77.7732416548688
0.010386299213250502,3.2937104517057714,67.66806504428995
0.010648788775591427,7.03185632491641,67.90211561257107
0.01065888613056909,3.674686736796639,60.15460746874744
0.016729573411917713,7.559737647510363,98.610271855689
0.013591056760268592,1.7468432212798288,84.65735456515814
0.011899543339781674,7.3246099691263415,50.506402316777574
0.014306884021998577,7.831627598272101,99.75614996432878
0.010842742621477932,7.4519227145887665,51.42825413205145
0.012004133947574,4.840438986139806,62.71926715409309
0.011022040003896257,1.9401555615184956,54.64086529044651
0.019760570753041842,6.297527318953447,68.27192510209912
0.011254189580306174,0.8243294364414071,53.117469519156074
0.011011123578164682,6.751137279245891,62.24923142149039
0.012176554775230363,3.8958177503865734,51.09880809988211
0.012087368785763244,6.780365205807609,51.770124144662645
0.011956655471237681,0.08084144792191772,74.08421865538364
0.01147735321583482,5.114869691457292,50.3816298183114
0.01391429285263144,5.956804119203899,80.61917663564779
0.010052036784522135,3.7948702731918234,56.108049704969446
0.017841335074504132,3.601875166862609,55.558617854774205
0.010524134632208458,7.147375736115051,50.70156271261257
0.012075883578122835,3.821526011363736,90.34299006518074
0.014976825589390863,5.183798223994594,65.3876146176237
0.015480785675019522,1.2643685967697134,64.0198404919804
0.010771603370555482,3.9661705830464773,56.86785660125183
0.010244055930819599,2.1643252856051367,58.99217118492207
0.011511004660229248,0.17608803726484545,56.96455610982029
0.01014700143454719,2.0103516731954825,56.74255493397563
0.013011535851781162,6.780531195947706,56.22217383150492
0.011374657555189674,4.955876480275691,55.707806875314716
0.014459301034184236,6.773059626703412,96.30233632787727
0.010496557999649997,0.529746492342174,75.58719887943911
0.010429036279112815,2.186541132575991,66.26537028453508
0.01023924201952624,7.103452879353386,72.49470325304861
0.010170110895593356,6.139315141852537,66.77444336128411
0.016729573411917713,7.559737647510363,98.610271855689
0.012692318368357283,3.3294285316273537,74.7068659347427
0.011852570081883809,7.425712748817906,50.276171772068444
0.014306884021998577,7.831627598272101,99.75614996432878
0.010842742621477932,7.4519227145887665,51.42825413205145
0.011927109014776668,4.111884978904185,61.82040301677956
0.010798417336347175,1.639988862334844,52.40484725844012
0.01988654098119047,6.333828272044701,68.38427137607388
0.011236763295518938,0.7607656265356444,52.3279998088846
0.010873838351078954,5.9979569177674135,61.37437207705639
0.01156268662821997,2.6658606719470423,60.04682710183522
0.012353060246794431,6.348483935121896,52.72922971281162
0.011924959437398078,0.08761567349123467,72.86661646559095
0.01147735321583482,5.114869691457292,50.3816298183114
0.013763159338089874,6.059408092546915,78.36031051537728
0.010052036784522135,3.7948702731918234,56.108049704969446
0.017841335074504132,3.601875166862609,55.558617854774205
0.010524134632208458,7.147375736115051,50.70156271261257
0.01244368491315905,4.186473163705005,96.4692581337621
0.014976825589390863,5.183798223994594,65.3876146176237
0.01547242345026177,1.2877131375023971,64.08965674414722
0.010771603370555482,3.9661705830464773,56.86785660125183
0.010183492925717673,1.9438205385315097,58.82246166369991
0.011511004660229248,0.17608803726484545,56.96455610982029
0.01014700143454719,2.0103516731954825,56.74255493397563
0.013027023443931713,6.778727173852007,56.13126633244891
0.011374657555189674,4.955876480275691,55.707806875314716
0.013919063393652198,6.664158606829274,85.12610593232685
0.010412326639904119,0.38716070752698073,75.51569246049736
0.010429036279112815,2.186541132575991,66.26537028453508
0.01023924201952624,7.103452879353386,72.49470325304861
0.010930201618097256,4.954651902934811,67.21238893296251
0.016608223888862718,7.464227921495163,98.54965175460956
0.012169868021922922,3.0225309420371875,67.92665421188275
0.011852570081883809,7.425712748817906,50.276171772068444
0.014306884021998577,7.831627598272101,99.75614996432878
0.010842742621477932,7.4519227145887665,51.42825413205145
0.01146054388728249,5.548986996834142,57.34902295621558
0.010988256448188606,1.0919028060189064,51.46295151678508
0.01988654098119047,6.333828272044701,68.38427137607388
0.011357404389995216,1.465939906189293,55.185137298789705
0.010873838351078954,5.9979569177674135,61.37437207705639
0.011456494728973006,3.179532028266493,60.25147960215009
0.012353060246794431,6.348483935121896,52.72922971281162
0.011924959437398078,0.08761567349123467,72.86661646559095
0.01147735321583482,5.114869691457292,50.3816298183114
0.01477982007009673,6.81733193962203,85.02554030310822
0.01001759438802912,3.8943091985050335,56.27893728590304
0.0211157760394037,4.680540910873698,55.74722875942667
0.010505749558758638,6.188312770358481,53.71046598016837
0.01244368491315905,4.186473163705005,96.4692581337621
0.014976825589390863,5.183798223994594,65.3876146176237
0.015963458417294185,0.633922399348938,65.43255523847988
0.010498478374106116,3.6255779289572203,56.957055600997485
0.010183492925717673,1.9438205385315097,58.82246166369991
0.01246558684423888,2.6697500236314733,66.03320764151327
0.010105310722790467,1.910322826648466,56.777694564959496
0.013027023443931713,6.778727173852007,56.13126633244891
0.011374657555189674,4.955876480275691,55.707806875314716
0.013080545685872328,4.91845922331763,76.88114652711215
0.010412326639904119,0.38716070752698073,75.51569246049736
0.010578681237000608,2.3344657763183747,70.8014073294279
0.01023924201952624,7.103452879353386,72.49470325304861
0.010930201618097256,4.954651902934811,67.21238893296251
0.01443024521715824,7.340854929832065,89.63973125350594
0.011732446203215735,2.817644020518006,65.13200221738877
0.011852570081883809,7.425712748817906,50.276171772068444
0.014306884021998577,7.831627598272101,99.75614996432878
0.010866167315119376,7.071071752665651,53.58835301915029
0.011385563243893929,5.132795542053678,57.675897807869816
0.010988256448188606,1.0919028060189064,51.46295151678508
0.02073183894546025,6.578459394710233,65.16334464973193
0.011759911435541155,3.4397728911640835,54.19230418299431
0.010937939524899132,5.90416150178378,60.20679904209352
0.011456494728973006,3.179532028266493,60.25147960215009
0.012353060246794431,6.348483935121896,52.72922971281162
0.011924959437398078,0.08761567349123467,72.86661646559095
0.011843408533905125,4.209163761199289,56.17918935656236
0.014855040829739747,6.805207616242972,85.66744115995252
0.01001759438802912,3.8943091985050335,56.27893728590304
0.026994401391112068,3.1840316976019207,54.18847429640347
0.010505749558758638,6.188312770358481,53.71046598016837
0.01245024911001627,4.181748761850444,96.7195475096623
0.017212264334162758,4.2780051482867165,62.0341199375054
0.015963458417294185,0.633922399348938,65.43255523847988
0.010206069143478377,2.804958104927122,58.39975855022134
0.010898057165885006,2.4268189772832853,59.801159338421265
0.01246558684423888,2.6697500236314733,66.03320764151327
0.010105310722790467,1.910322826648466,56.777694564959496
0.013755123953344387,6.554326533098249,57.69895192657351
0.011374657555189674,4.955876480275691,55.707806875314716
0.013237892636101489,4.857217549213337,78.77825557850636
0.010412326639904119,0.38716070752698073,75.51569246049736
0.010578681237000608,2.3344657763183747,70.8014073294279
0.01023924201952624,7.103452879353386,72.49470325304861
0.011035774810003283,5.077315585768622,68.47720401539846
0.014644683013882547,7.548355692105019,91.42821245165106
0.011732446203215735,2.817644020518006,65.13200221738877
0.011852570081883809,7.425712748817906,50.276171772068444
0.014306884021998577,7.831627598272101,99.75614996432878
0.01108051087156507,6.481235918297514,55.256129578484526
0.010392062884873012,5.495588331003998,55.91114978556401
0.011119787280581652,2.4071984004448606,52.907899133599095
0.020150348057625087,6.6488108130519885,67.42194721773028
0.013015010810340472,0.6891784520810935,54.6745025644925
0.01107493586925818,5.75959299987848,61.74568327135205
0.011691364424089676,3.7182720073238613,65.37398138805828
0.012353060246794431,6.348483935121896,52.72922971281162
0.011924959437398078,0.08761567349123467,72.86661646559095
0.012072020761485003,4.5115306035822496,56.10046788989065
0.013795456423877339,5.891839941994115,75.29257175433767
0.01001759438802912,3.8943091985050335,56.27893728590304
0.0253025422298659,3.0964725851467714,55.90065887820824
0.010354440327758074,6.519912273735352,53.652334275413224
0.012179437424060854,3.8205441300803935,87.80181225509324
0.015278173300530627,3.711345770123038,64.59031493583856
0.016423438146124333,0.05303381468198243,66.50137646447033
0.010651794009442673,3.6846361205139355,58.126215230040444
0.011406320483077895,2.757966532880334,61.73963064732661
0.01246558684423888,2.6697500236314733,66.03320764151327
0.010105310722790467,1.910322826648466,56.777694564959496
0.013755123953344387,6.554326533098249,57.69895192657351
0.011309998230309254,4.976491362028753,55.56067362111333
0.01460021570651031,7.0124181602284565,80.3512731651811
0.010412326639904119,0.38716070752698073,75.51569246049736
0.010578681237000608,2.3344657763183747,70.8014073294279
0.010254140729753022,7.681144141298557,74.2430859222437
0.010857540018789169,5.655424710915508,69.33303267414104
0.013622338048565781,6.559083451624568,82.90152183825083
0.011734277289461286,2.816494377860245,65.14145535222146
0.011741295809372373,6.88190901737931,52.22619578973159
0.014306884021998577,7.831627598272101,99.75614996432878
0.01161254384035638,5.193091821761778,71.01275693128703
0.010351359903914718,5.311414290555998,55.41067316711228
0.011119787280581652,2.4071984004448606,52.907899133599095
0.019632948544100547,6.753541299203759,70.28492381334138
0.012788145499765964,1.2083475121167306,56.50833115459581
0.010866885417365697,7.644079233784155,61.74948324006247
0.011859735042177454,3.983063838291781,67.58728805913546
0.0133647457968424,6.261708269878059,52.26196150524884
0.011924959437398078,0.08761567349123467,72.86661646559095
0.012100448969130593,4.134019924224194,56.85496224701799
0.013722883448020449,5.998566285629234,75.81640380746455
0.01001759438802912,3.8943091985050335,56.27893728590304
0.02399812237886014,3.9958448422973327,58.81759032854165
0.010354440327758074,6.519912273735352,53.652334275413224
0.012179437424060854,3.8205441300803935,87.80181225509324
0.015494162926530185,3.5881422511538688,65.07013184814876
0.01619075124895062,0.06596768720754537,66.85031579409156
0.010651794009442673,3.6846361205139355,58.126215230040444
0.011485062922433648,3.6877724865506174,65.28039631853498
0.012530500764286847,0.5475758494223122,73.7079563604552
0.010105310722790467,1.910322826648466,56.777694564959496
0.013755123953344387,6.554326533098249,57.69895192657351
0.011309998230309254,4.976491362028753,55.56067362111333
0.014178112041174196,5.660417842956331,74.79729784038045
0.010412326639904119,0.38716070752698073,75.51569246049736
0.010420966084512219,0.4562192265116689,71.63188120291792
0.010254140729753022,7.681144141298557,74.2430859222437
0.010955516032941516,6.822231499242374,68.81712460381024
0.010686523477658956,6.15154703225725,85.21709806829226
0.012110568805940263,2.999849255509961,68.78870172181347
0.011741295809372373,6.88190901737931,52.22619578973159
0.012437151064269293,5.0859175758914485,76.91258527341527
0.01161254384035638,5.193091821761778,71.01275693128703
0.010870881644768031,4.436642049944686,55.64469342293203
0.011119787280581652,2.4071984004448606,52.907899133599095
0.022695483042331314,7.818576152492788,75.74522556276999
0.012788145499765964,1.2083475121167306,56.50833115459581
0.010961617260459827,7.638348907477072,59.817941387647544
0.012292301014851714,4.296026858051194,68.93254161167019
0.0133647457968424,6.261708269878059,52.26196150524884
0.011924959437398078,0.08761567349123467,72.86661646559095
0.012953418306371495,5.084703639010911,56.88799602985307
0.013724922674974615,6.030152168472035,75.67613562822729
0.010749243032117875,5.162436804303349,54.558695726778865
0.025831927967857923,4.482943666865559,56.563686795498455
0.010354440327758074,6.519912273735352,53.652334275413224
0.013421475374650809,1.3300128056577778,96.5487512161643
0.015494162926530185,3.5881422511538688,65.07013184814876
0.01619075124895062,0.06596768720754537,66.85031579409156
0.010744500016422489,2.8006816008956164,59.52103784214606
0.010473366785110197,2.2020928271267657,52.91994341805091
0.012530500764286847,0.5475758494223122,73.7079563604552
0.010105310722790467,1.910322826648466,56.777694564959496
0.013755123953344387,6.554326533098249,57.69895192657351
0.011669567697937627,4.727409039057247,60.455412321055974
0.013376078071712458,4.992431596024602,71.22902065688024
0.010412326639904119,0.38716070752698073,75.51569246049736
0.010420966084512219,0.4562192265116689,71.63188120291792
0.010630023476643935,7.685296291491081,74.28846915824099
0.010955516032941516,6.822231499242374,68.81712460381024
0.011478913924091186,5.275465021412142,82.57301003078683
0.014992434930939715,4.335027964011099,70.53961005104
0.011741295809372373,6.88190901737931,52.22619578973159
0.012695876903019172,4.907778828892896,79.80210221088095
0.011910991611344266,6.379509628381934,70.85768836112743
0.010864712377671556,4.262748921951793,54.68451342968618
0.010888688745109464,2.0104108521061965,52.97439267405291
0.022214358474758424,7.680970534515359,74.9273662955851
0.012788145499765964,1.2083475121167306,56.50833115459581
0.010961617260459827,7.638348907477072,59.817941387647544
0.013437610192266344,4.182726115744542,79.63923015057637
0.012154979707687058,4.184585108545992,52.610045192687814
0.011924959437398078,0.08761567349123467,72.86661646559095
0.012953418306371495,5.084703639010911,56.88799602985307
0.01328635597271928,5.081483198456622,76.17119734857476
0.010749243032117875,5.162436804303349,54.558695726778865
0.021314249731644367,4.667732545052635,61.882734485120395
0.010354440327758074,6.519912273735352,53.652334275413224
0.012225494359214818,2.786720533993707,77.36871638668529
0.014278682401391313,4.875701425133733,64.10823185750225
0.01619075124895062,0.06596768720754537,66.85031579409156
0.010633899720312114,2.7845564966951675,58.77070493269977
0.010701761834421682,2.801762000346408,56.54739449381547
0.012601907993016432,3.278816877311991,68.77601138002628
0.010105310722790467,1.910322826648466,56.777694564959496
0.013755123953344387,6.554326533098249,57.69895192657351
0.012687719626564951,6.561009148146492,62.84918488260349
0.012854622489086939,4.191976901142282,71.30010895460325
0.01054205186246129,1.0211352867006402,73.24232509557314
0.010420966084512219,0.4562192265116689,71.63188120291792
0.010630023476643935,7.685296291491081,74.28846915824099
0.010085739658269484,7.854657619628765,68.34310015282244
0.011268906916572449,5.61432616720896,91.88043651903477
0.013130216443487674,2.948362565962703,71.67053425347392
0.011741295809372373,6.88190901737931,52.22619578973159
0.012538940884020496,4.663829467211821,83.07686272296702
0.011483538922678563,6.9946082722921705,68.39885961671182
0.010855569765336116,3.9442737205049787,54.20019375021146
0.010888688745109464,2.0104108521061965,52.97439267405291
0.022214358474758424,7.680970534515359,74.9273662955851
0.013047562769293483,0.3875498246159026,56.170316619133004
0.01094448864683819,7.041688076468158,58.91057220751496
0.01577883278037783,5.115892772500437,78.38232705453824
0.012154979707687058,4.184585108545992,52.610045192687814
0.012349520134356641,1.6449869623918723,73.89717231499638
0.014770352376544216,6.926882717027004,57.16283837054281
0.01328635597271928,5.081483198456622,76.17119734857476
0.010694301465817062,5.590518051332472,54.49883029987312
0.020503727095203844,4.667372041166481,63.84030896992607
0.010354440327758074,6.519912273735352,53.652334275413224
0.013959457728606357,1.59696513990894,72.76913511381623
0.014590951900540897,3.874507721394641,67.93096194887345
0.01619075124895062,0.06596768720754537,66.85031579409156
0.011242401963134781,2.379424036122443,63.6429005672075
0.01074241492890111,3.255008501700657,52.297812687808715
0.013114432037252561,1.133052047951315,78.63199364347065
0.010105310722790467,1.910322826648466,56.777694564959496
0.013619017415904587,6.319939167910808,58.357373101800164
0.010779981838499032,6.225860844627861,68.05800440068847
0.012825714238299112,4.60230286731213,69.836374727576
0.01054205186246129,1.0211352867006402,73.24232509557314
0.010420966084512219,0.4562192265116689,71.63188120291792
0.011869815874678603,6.470016320547378,75.16719653946683
0.010133867899417124,6.792468605800652,68.81526832057355
0.011064772168511944,5.869652561586349,81.93415559225265
0.013130216443487674,2.948362565962703,71.67053425347392
0.011741295809372373,6.88190901737931,52.22619578973159
0.012538940884020496,4.663829467211821,83.07686272296702
0.011993887797287458,7.902542706835719,77.38711056350402
0.010855569765336116,3.9442737205049787,54.20019375021146
0.010888688745109464,2.0104108521061965,52.97439267405291
0.022214358474758424,7.680970534515359,74.9273662955851
0.013047562769293483,0.3875498246159026,56.170316619133004
0.010950758751586999,7.607040957740561,59.577606849681516
0.014711839811136865,5.104119246438022,77.39595369282428
0.012154979707687058,4.184585108545992,52.610045192687814
0.012349520134356641,1.6449869623918723,73.89717231499638
0.014770352376544216,6.926882717027004,57.16283837054281
0.013272587621171915,5.088238098522872,76.06544818632615
0.010694301465817062,5.590518051332472,54.49883029987312
0.026597151263412156,2.792284740709528,66.55930176746075
0.010354440327758074,6.519912273735352,53.652334275413224
0.013959457728606357,1.59696513990894,72.76913511381623
0.014632085894450565,3.917494460215412,68.29287230192429
0.01619075124895062,0.06596768720754537,66.85031579409156
0.010762719072866744,1.5646854090296936,64.9227821800165
0.010688344798975517,2.784230950667552,55.549949426983105
0.01372053256454829,0.7205440441968305,84.39849657459025
0.010105310722790467,1.910322826648466,56.777694564959496
0.01433107491364359,7.625517257896349,55.401756683322375
0.010779981838499032,6.225860844627861,68.05800440068847
0.0131179113761571,4.031383880373831,68.20685956660662
0.010293225918575455,0.31100477651175873,87.79123107716131
0.010420966084512219,0.4562192265116689,71.63188120291792
0.011869815874678603,6.470016320547378,75.16719653946683
0.010133867899417124,6.792468605800652,68.81526832057355
0.011064772168511944,5.869652561586349,81.93415559225265
0.013849456818046063,3.1977668033402997,75.1981948152694
0.012460598804498397,7.06966134296833,51.48651836997533
0.012538940884020496,4.663829467211821,83.07686272296702
0.010084522411068938,7.943936322621957,77.84663446532065
0.010855569765336116,3.9442737205049787,54.20019375021146
0.010888688745109464,2.0104108521061965,52.97439267405291
0.022214358474758424,7.680970534515359,74.9273662955851
0.013049089218035255,0.3983105439539858,56.25714078350888
0.010950758751586999,7.607040957740561,59.577606849681516
0.014739033360769125,5.9512434249842,67.9926704509896
0.012154979707687058,4.184585108545992,52.610045192687814
0.013250366634914997,2.229394181327104,67.81029324954443
0.014767815078158122,6.847841663537742,58.040213178765235
0.013457966647443725,3.2806970539891354,79.51402466639219
0.010621226439268404,4.217885569063042,59.07927701563585
0.024662383887590997,2.3368413725351607,66.39701384429203
0.010354440327758074,6.519912273735352,53.652334275413224
0.013959457728606357,1.59696513990894,72.76913511381623
0.013811046251696853,6.66848932739075,70.26852181476406
0.01573129258243801,0.23446650498018973,65.6478755873332
0.010762719072866744,1.5646854090296936,64.9227821800165
0.010688344798975517,2.784230950667552,55.549949426983105
0.01372053256454829,0.7205440441968305,84.39849657459025
0.010094493975745973,1.8956935644178081,56.78121657218527
0.01433107491364359,7.625517257896349,55.401756683322375
0.01043822879443429,4.0670365535923345,62.43591132352552
0.013953678946110788,3.8984143017672763,81.74396928594953
0.010293225918575455,0.31100477651175873,87.79123107716131
0.010466009220737047,0.8484005915639918,68.92268782080498
0.011869815874678603,6.470016320547378,75.16719653946683
0.010133867899417124,6.792468605800652,68.81526832057355
0.011064772168511944,5.869652561586349,81.93415559225265
0.013944952813566436,3.1901634106091024,75.12046585869984
0.012460598804498397,7.06966134296833,51.48651836997533
0.012558296218069438,4.0694403483000166,90.88162960435636
0.010084522411068938,7.943936322621957,77.84663446532065
0.010855569765336116,3.9442737205049787,54.20019375021146
0.010722963895704672,1.7258674794718187,53.02207636861023
0.022214358474758424,7.680970534515359,74.9273662955851
0.013049089218035255,0.3983105439539858,56.25714078350888
0.012687036227575048,7.2617013762588005,58.8782873285215
0.014987339046533718,6.121004336972887,69.47081054652
0.012154979707687058,4.184585108545992,52.610045192687814
0.013418341583915094,3.757514848666697,77.45191239568115
0.014963916919001483,6.899643570311734,56.774862977155536
0.014013459310021605,3.1259893016021505,82.59333066866942
0.010621226439268404,4.217885569063042,59.07927701563585
0.024662383887590997,2.3368413725351607,66.39701384429203
0.010354440327758074,6.519912273735352,53.652334275413224
0.018766136145069102,1.929243160460621,69.90741885806185
0.013886081982158347,7.262573251441369,70.59750644433073
0.01623575929682047,0.17564548999757412,65.33411587980147
0.010762719072866744,1.5646854090296936,64.9227821800165
0.010688344798975517,2.784230950667552,55.549949426983105
0.012141579716262415,0.7825744671837385,76.89030882175601
0.010094493975745973,1.8956935644178081,56.78121657218527
0.01433107491364359,7.625517257896349,55.401756683322375
0.010425475661242897,4.12526242130062,62.70377977076197
0.013956356918416724,4.115770187955858,83.77666345559435
0.010293225918575455,0.31100477651175873,87.79123107716131
0.010466009220737047,0.8484005915639918,68.92268782080498
0.01160275723966822,5.80496928221841,69.64642688249727
0.010133867899417124,6.792468605800652,68.81526832057355
0.011064772168511944,5.869652561586349,81.93415559225265
0.01482466598172652,3.639518963677159,77.93956632329878
0.013568667591990874,6.994404672188731,53.82735134792218
0.012540026271388043,3.616415379621917,95.42333625212859
0.010084522411068938,7.943936322621957,77.84663446532065
0.010855569765336116,3.9442737205049787,54.20019375021146
0.010722963895704672,1.7258674794718187,53.02207636861023
0.02182279759554025,7.6782161830347695,73.95753376225336
0.013049089218035255,0.3983105439539858,56.25714078350888
0.012687036227575048,7.2617013762588005,58.8782873285215
0.018982445484433536,4.63557099258886,62.64569132450701
0.012154979707687058,4.184585108545992,52.610045192687814
0.013402845723248664,3.831766166136195,77.05834997525578
0.0150099387411156,6.939073691594137,56.82603391929528
0.013902003609715993,3.4735018650091605,80.60062050082551
0.010621226439268404,4.217885569063042,59.07927701563585
0.030362400561114236,2.730874443460608,63.00343745756625
0.010354440327758074,6.519912273735352,53.652334275413224
0.018766136145069102,1.929243160460621,69.90741885806185
0.014101789021991171,7.369070877925781,69.73074767239672
0.016061421781558366,0.523760953535807,65.01696148746744
0.01076543407032176,1.2859660212767803,67.00172960713101
0.010745953563785852,3.2858186711478607,52.08497568277406
0.012081484394974695,0.9755013093980169,76.10889604812392
0.010094493975745973,1.8956935644178081,56.78121657218527
0.01433107491364359,7.625517257896349,55.401756683322375
0.010415908011052634,4.120735308375448,62.88093347009579
0.012834828890151924,6.029506484031695,93.77138234883967
0.010293369316137675,0.31113044077036145,87.7909453527095
0.010466009220737047,0.8484005915639918,68.92268782080498
0.012270469816116951,7.467751208011482,83.44971518093332
0.010133867899417124,6.792468605800652,68.81526832057355
0.011064772168511944,5.869652561586349,81.93415559225265
0.018068886485671815,1.7152504858159237,74.49283908711115
0.013568667591990874,6.994404672188731,53.82735134792218
0.01228581809618139,3.643089673488421,98.1899428737715
0.010084522411068938,7.943936322621957,77.84663446532065
0.010855569765336116,3.9442737205049787,54.20019375021146
0.0107001577409654,0.17836848394692018,53.95169671684631
0.02182279759554025,7.6782161830347695,73.95753376225336
0.013049089218035255,0.3983105439539858,56.25714078350888
0.012687036227575048,7.2617013762588005,58.8782873285215
0.018982445484433536,4.63557099258886,62.64569132450701
0.012386708121714158,3.9799785641771295,60.05384012488846
0.012714710852129427,3.6903658056572715,70.59024789630502
0.0150099387411156,6.939073691594137,56.82603391929528
0.01395343465247906,3.4852658864206867,80.41885663991599
0.010621226439268404,4.217885569063042,59.07927701563585
0.0359712919669829,1.8185827745821177,57.50118919719097
0.010354440327758074,6.519912273735352,53.652334275413224
0.018766136145069102,1.929243160460621,69.90741885806185
0.017372480922026378,7.844354615360095,70.48536219424868
0.016247125428347865,0.49703425619460717,64.94736565417821
0.01076543407032176,1.2859660212767803,67.00172960713101
0.011348603944441461,4.077603011640397,52.456973464821544
0.012037408310071331,0.4000854551922539,71.3458731649926
0.010094493975745973,1.8956935644178081,56.78121657218527
0.01433107491364359,7.625517257896349,55.401756683322375
0.010432448812967635,3.929903809779889,62.13393451874333
0.012834828890151924,6.029506484031695,93.77138234883967
0.01074127375925979,0.9405466463463208,84.85039255633592
0.010466009220737047,0.8484005915639918,68.92268782080498
0.012531236457621444,7.550167672617542,85.23581090996197
0.010133867899417124,6.792468605800652,68.81526832057355
0.011064772168511944,5.869652561586349,81.93415559225265
0.018068886485671815,1.7152504858159237,74.49283908711115
0.013568667591990874,6.994404672188731,53.82735134792218
0.01228581809618139,3.643089673488421,98.1899428737715
0.010084522411068938,7.943936322621957,77.84663446532065
0.01083972316770433,3.4769213304841724,56.45080920018568
0.0107001577409654,0.17836848394692018,53.95169671684631
0.02182279759554025,7.6782161830347695,73.95753376225336
0.013049089218035255,0.3983105439539858,56.25714078350888
0.012493842481911233,7.095923725480566,61.62398678756895
0.018982445484433536,4.63557099258886,62.64569132450701
0.012386708121714158,3.9799785641771295,60.05384012488846
0.012714710852129427,3.6903658056572715,70.59024789630502
0.0150099387411156,6.939073691594137,56.82603391929528
0.01470309497664061,3.3611419518543144,86.36700909707616
0.010594781358717234,3.6438107177737895,60.75634476690708
0.0359712919669829,1.8185827745821177,57.50118919719097
0.010354440327758074,6.519912273735352,53.652334275413224
0.018271179670309067,2.0725987387978426,68.74298698217461
0.017372480922026378,7.844354615360095,70.48536219424868
0.016247125428347865,0.49703425619460717,64.94736565417821
0.010265566510884557,0.6693878814525105,66.08149914219842
0.011740028811816839,4.635756102343278,52.51464361083359
0.012037408310071331,0.4000854551922539,71.3458731649926
0.010094493975745973,1.8956935644178081,56.78121657218527
0.013810434829885674,7.588055800989492,52.819684570972
0.010538877575309077,2.9095464642955964,59.75238213194436
0.01307192172027041,6.341251342449584,80.86603498488113
0.01074127375925979,0.9405466463463208,84.85039255633592
0.010466009220737047,0.8484005915639918,68.92268782080498
0.012531236457621444,7.550167672617542,85.23581090996197
0.010165699723423956,6.685572416838488,68.85758618658129
0.011064772168511944,5.869652561586349,81.93415559225265
0.021544563371825476,2.627091636432185,87.11912491449546
0.012672561060473706,5.838572032135574,53.18407177301004
0.01228581809618139,3.643089673488421,98.1899428737715
0.010132368885943079,7.7591090005714864,77.68736324912834
0.01083972316770433,3.4769213304841724,56.45080920018568
0.0107001577409654,0.17836848394692018,53.95169671684631
0.02182279759554025,7.6782161830347695,73.95753376225336
0.013049089218035255,0.3983105439539858,56.25714078350888
0.012493842481911233,7.095923725480566,61.62398678756895
0.01076676163881534,5.997846213555002,65.13353551478522
0.012386708121714158,3.9799785641771295,60.05384012488846
0.012714710852129427,3.6903658056572715,70.59024789630502
0.0150099387411156,6.939073691594137,56.82603391929528
0.01470309497664061,3.3611419518543144,86.36700909707616
0.010594781358717234,3.6438107177737895,60.75634476690708
0.0359712919669829,1.8185827745821177,57.50118919719097
0.010354440327758074,6.519912273735352,53.652334275413224
0.01628773452533385,2.5930322299179847,78.5011980733733
0.017372480922026378,7.844354615360095,70.48536219424868
0.014821413858789342,1.8062193305940766,61.014573179020566
0.010265566510884557,0.6693878814525105,66.08149914219842
0.011740028811816839,4.635756102343278,52.51464361083359
0.012037408310071331,0.4000854551922539,71.3458731649926
0.010094493975745973,1.8956935644178081,56.78121657218527
0.013810434829885674,7.588055800989492,52.819684570972
0.010516431875997205,2.2746500024644427,62.57711895081475
0.012346387121567496,6.117444846677391,89.86587984606345
0.01074127375925979,0.9405466463463208,84.85039255633592
0.010466009220737047,0.8484005915639918,68.92268782080498
0.012188182612334217,7.15704035599354,84.46344600413737
0.010165699723423956,6.685572416838488,68.85758618658129
0.011064772168511944,5.869652561586349,81.93415559225265
0.021156743073165372,2.762006583858927,85.95925377726743
0.011412783703969545,5.2454342252406185,51.2211620202843
0.01228581809618139,3.643089673488421,98.1899428737715
0.010328258083091825,5.56552710656831,79.99176270728805
0.01083972316770433,3.4769213304841724,56.45080920018568
0.012728104999229797,0.7992290392962396,60.25393981151742
0.02182279759554025,7.6782161830347695,73.95753376225336
0.013049089218035255,0.3983105439539858,56.25714078350888
0.012493842481911233,7.095923725480566,61.62398678756895
0.01076676163881534,5.997846213555002,65.13353551478522
0.012788088460583042,4.721404804557875,54.005073401147186
0.012763311934929354,3.6323149315153938,71.313297989968
0.015987099811413483,7.399147982679953,58.348587872951214
0.01470309497664061,3.3611419518543144,86.36700909707616
0.010594781358717234,3.6438107177737895,60.75634476690708
0.041483957582022155,1.7198139690845973,56.40191372220748
0.010354440327758074,6.519912273735352,53.652334275413224
0.017177907261961188,2.161545881006666,74.08257143330418
0.017372480922026378,7.844354615360095,70.48536219424868
0.015964664545953612,0.35482672394912473,56.94952820398248
0.010265566510884557,0.6693878814525105,66.08149914219842
0.011740028811816839,4.635756102343278,52.51464361083359
0.01217929702281853,0.3998365230745714,69.22967150719472
0.010094493975745973,1.8956935644178081,56.78121657218527
0.013746301814702114,7.571016329704321,54.070667501062374
0.010516431875997205,2.2746500024644427,62.57711895081475
0.012346387121567496,6.117444846677391,89.86587984606345
0.01074127375925979,0.9405466463463208,84.85039255633592
0.010131594863383239,0.5096534613168924,68.847022449404
0.012111209714121673,6.826334287995636,84.4840308512843
0.010302302699956785,5.717193283781937,66.27846463834226
0.01095754575827654,5.361836183712865,77.10252785800358
0.021627073293129073,2.640236971089699,86.21844898233515
0.011412783703969545,5.2454342252406185,51.2211620202843
0.01228581809618139,3.643089673488421,98.1899428737715
0.010328258083091825,5.56552710656831,79.99176270728805
0.01083972316770433,3.4769213304841724,56.45080920018568
0.012728104999229797,0.7992290392962396,60.25393981151742
0.02182279759554025,7.6782161830347695,73.95753376225336
0.013363807924614259,0.00521785308189282,52.338358030785976
0.012493842481911233,7.095923725480566,61.62398678756895
0.01059756122250724,6.194911342634782,68.77734199458625
0.012788088460583042,4.721404804557875,54.005073401147186
0.012771281754652482,3.6375009574769894,71.35669475620416
0.016301032309702226,7.617777950444436,58.20841196464343
0.014010820854659616,3.3818883546465837,81.00635212672621
0.010594781358717234,3.6438107177737895,60.75634476690708
0.041483957582022155,1.7198139690845973,56.40191372220748
0.010353250162103457,6.501588299046813,53.9405558025979
0.017154354768933257,2.1741446151007175,73.98917479047552
0.017372480922026378,7.844354615360095,70.48536219424868
0.014469549985098877,1.869863818368752,55.380005776912895
0.010265566510884557,0.6693878814525105,66.08149914219842
0.010541534734987585,5.850220218591656,51.256503678587734
0.01217929702281853,0.3998365230745714,69.22967150719472
0.010094493975745973,1.8956935644178081,56.78121657218527
0.013504209990703337,6.851064297262793,54.05409520510786
0.01047218650591817,2.537180701187475,58.19408666497961
0.012346387121567496,6.117444846677391,89.86587984606345
0.01074127375925979,0.9405466463463208,84.85039255633592
0.010131594863383239,0.5096534613168924,68.847022449404
0.01208785401784301,7.25212652958281,82.65072185063282
0.010302302699956785,5.717193283781937,66.27846463834226
0.01095754575827654,5.361836183712865,77.10252785800358
0.021627073293129073,2.640236971089699,86.21844898233515
0.012584279830956106,5.125143294351069,51.776514385084255
0.012025396734768073,3.9800674854505793,94.0555397319007
0.010220535301321693,5.666161265481805,79.09909010108123
0.01083972316770433,3.4769213304841724,56.45080920018568
0.012744514463364495,0.7773485987738713,60.250075327038836
0.02182279759554025,7.6782161830347695,73.95753376225336
0.013363807924614259,0.00521785308189282,52.338358030785976
0.013753922374251588,7.888658824723264,58.94777985881657
0.01059756122250724,6.194911342634782,68.77734199458625
0.01343081013569317,5.131931776079592,53.19828043712744
0.01276686193240037,3.3524562638724356,75.9198186956705
0.016301032309702226,7.617777950444436,58.20841196464343
0.013929055994438166,3.3826485260549886,81.10413050624088
0.010594781358717234,3.6438107177737895,60.75634476690708
0.031109772713105645,3.2229186666745586,60.558597436140424
0.010353250162103457,6.501588299046813,53.9405558025979
0.017154354768933257,2.1741446151007175,73.98917479047552
0.017372480922026378,7.844354615360095,70.48536219424868
0.014469549985098877,1.869863818368752,55.380005776912895
0.010265566510884557,0.6693878814525105,66.08149914219842
0.010541534734987585,5.850220218591656,51.256503678587734
0.01217929702281853,0.3998365230745714,69.22967150719472
0.01003264574694189,0.9247459404867486,50.64027738211668
0.014470370998344076,7.177450566454676,54.96642059177157
0.01047218650591817,2.537180701187475,58.19408666497961
0.012453968021198174,5.777424950006033,81.131611964005
0.01074127375925979,0.9405466463463208,84.85039255633592
0.010131594863383239,0.5096534613168924,68.847022449404
0.01208785401784301,7.25212652958281,82.65072185063282
0.010302302699956785,5.717193283781937,66.27846463834226
0.01093279409654769,5.41911640683211,76.53010831258965
0.01938567602538875,2.2514279997704385,82.2458329185185
0.012584279830956106,5.125143294351069,51.776514385084255
0.011430785116505898,4.579521236205341,84.47012463656048
0.010220535301321693,5.666161265481805,79.09909010108123
0.01083972316770433,3.4769213304841724,56.45080920018568
0.011923551862882496,0.15329291389692745,59.01048954202537
0.02182279759554025,7.6782161830347695,73.95753376225336
0.013363807924614259,0.00521785308189282,52.338358030785976
0.013753922374251588,7.888658824723264,58.94777985881657
0.01059756122250724,6.194911342634782,68.77734199458625
0.014265219573180379,5.569763107430837,50.974565269953345
0.012288343881196245,2.7826749503936745,78.02954704845524
0.015371197596717207,7.4432806574386445,57.54120514519072
0.016614901457064943,1.5937291660214634,84.72104091940724
0.010594781358717234,3.6438107177737895,60.75634476690708
0.031109772713105645,3.2229186666745586,60.558597436140424
0.010353250162103457,6.501588299046813,53.9405558025979
0.018625479100664973,2.6988074309658394,75.39655967811012
0.017372480922026378,7.844354615360095,70.48536219424868
0.014006201551792134,2.387428335525185,56.98322188304325
0.010265566510884557,0.6693878814525105,66.08149914219842
0.010541534734987585,5.850220218591656,51.256503678587734
0.01217929702281853,0.3998365230745714,69.22967150719472
0.010050935782319786,1.3862971657355843,53.410589404841446
0.014725870037681646,6.902057245637333,56.22267693494031
0.010525591916533053,1.8731485456089652,53.75762750238286
0.013210244253232892,6.8552144844676715,92.69460656015568
0.01074127375925979,0.9405466463463208,84.85039255633592
0.010131594863383239,0.5096534613168924,68.847022449404
0.01093970782586194,6.813469779439686,98.98525127253255
0.010302302699956785,5.717193283781937,66.27846463834226
0.01093279409654769,5.41911640683211,76.53010831258965
0.01938567602538875,2.2514279997704385,82.2458329185185
0.012584279830956106,5.125143294351069,51.776514385084255
0.011430785116505898,4.579521236205341,84.47012463656048
0.010220535301321693,5.666161265481805,79.09909010108123
0.01083972316770433,3.4769213304841724,56.45080920018568
0.011923551862882496,0.15329291389692745,59.01048954202537
0.02182279759554025,7.6782161830347695,73.95753376225336
0.013363807924614259,0.00521785308189282,52.338358030785976
0.012064777200375394,4.392915514589716,62.40209701316825
0.01059756122250724,6.194911342634782,68.77734199458625
0.014265219573180379,5.569763107430837,50.974565269953345
0.013874501145339845,3.597100036582521,77.35212455031238
0.014695468681182143,6.421725199162276,62.03203290834489
0.017188622737804846,1.7299134018497402,84.20852015333618
0.010594781358717234,3.6438107177737895,60.75634476690708
0.031109772713105645,3.2229186666745586,60.558597436140424
0.010353250162103457,6.501588299046813,53.9405558025979
0.016012768910485052,2.025425886716649,73.38192865885343
0.014463342455460193,7.010451946643332,78.61496504197588
0.015117185454001331,2.0051711298383648,57.17002306979987
0.010265566510884557,0.6693878814525105,66.08149914219842
0.010541534734987585,5.850220218591656,51.256503678587734
0.01217929702281853,0.3998365230745714,69.22967150719472
0.010050935782319786,1.3862971657355843,53.410589404841446
0.013876748461128666,4.733976503866525,60.55968972544237
0.010525591916533053,1.8731485456089652,53.75762750238286
0.012343017724663556,7.501732156219813,94.16194585356357
0.010745960673202838,0.9388750549442341,84.79228802906313
0.010131594863383239,0.5096534613168924,68.847022449404
0.010915132002444927,5.993359704406183,88.53045793950588
0.010302302699956785,5.717193283781937,66.27846463834226
0.01093279409654769,5.41911640683211,76.53010831258965
0.019509245613959,2.526582916651413,81.82559055997946
0.012584279830956106,5.125143294351069,51.776514385084255
0.011447017158898367,4.633286662907813,84.4495838522416
0.010220535301321693,5.666161265481805,79.09909010108123
0.010492692497636368,3.211878615348048,55.948479418183375
0.012352912938750195,0.9950766031562477,63.67723575365376
0.01650251032825302,6.8161262047676825,63.251640033746284
0.013363807924614259,0.00521785308189282,52.338358030785976
0.01197119886172266,4.98979392574059,62.50172900763507
0.01059756122250724,6.194911342634782,68.77734199458625
0.014265219573180379,5.569763107430837,50.974565269953345
0.013949632432100479,4.125524380958155,81.03205682486261
0.014695468681182143,6.421725199162276,62.03203290834489
0.016800844375959634,1.781442353114281,79.14684428808474
0.010594781358717234,3.6438107177737895,60.75634476690708
0.026357702023691164,3.7787293605762486,64.77635464879327
0.010353250162103457,6.501588299046813,53.9405558025979
0.016012768910485052,2.025425886716649,73.38192865885343
0.013081190045766893,6.572530887119495,78.77267539569362
0.015117185454001331,2.0051711298383648,57.17002306979987
0.012549943520700112,1.2983392847853303,61.88554490465667
0.010541534734987585,5.850220218591656,51.256503678587734
0.01217929702281853,0.3998365230745714,69.22967150719472
0.010038574515885721,1.173320210308451,52.77779637186437
0.012563927256863481,5.173357166740693,56.89772952966626
0.010525591916533053,1.8731485456089652,53.75762750238286
0.011881419538841824,6.072158540735346,83.89987079837677
0.010745960673202838,0.9388750549442341,84.79228802906313
0.010120871957567302,0.626195427239139,66.79488627963207
0.010915132002444927,5.993359704406183,88.53045793950588
0.010302302699956785,5.717193283781937,66.27846463834226
0.011249564751227651,4.6860466850304245,83.85590793520771
0.018914284512365362,2.441569018251416,80.0007665902671
0.01143230106044544,5.237754397555795,50.68923630747464
0.012431567394642871,6.86251401430635,94.7516185081527
0.010220535301321693,5.666161265481805,79.09909010108123
0.010492692497636368,3.211878615348048,55.948479418183375
0.012352912938750195,0.9950766031562477,63.67723575365376
0.014904636754431665,7.3085951795506325,63.004430109648055
0.012823433121716767,0.195043048327887,52.409769982296666
0.011707231780512632,7.752264411799378,61.688829763505616
0.010578540417717976,5.052710436359272,64.80777394776972
0.014265219573180379,5.569763107430837,50.974565269953345
0.015017830145843994,3.1201200699480056,79.55087839302192
0.014793420981444278,6.837041711203975,62.48740136470813
0.016951491818344492,1.6109710058980617,79.23029381466357
0.010641940680017392,3.8433390951352853,62.977308585562646
0.030255463465690108,4.4789362233719245,56.80405889186545
0.010353250162103457,6.501588299046813,53.9405558025979
0.016012768910485052,2.025425886716649,73.38192865885343
0.012829203027052658,6.275717467843126,76.94679638112791
0.015117185454001331,2.0051711298383648,57.17002306979987
0.012549943520700112,1.2983392847853303,61.88554490465667
0.010306920657374466,6.002727862513455,50.21110619679824
0.012224707779919283,0.2777452084105345,69.00086482510878
0.010038574515885721,1.173320210308451,52.77779637186437
0.012563927256863481,5.173357166740693,56.89772952966626
0.010525591916533053,1.8731485456089652,53.75762750238286
0.011881419538841824,6.072158540735346,83.89987079837677
0.011545092686833264,2.9860884365110762,81.78275650386684
0.010344413012416233,2.136760602716751,72.91226892770591
0.010915132002444927,5.993359704406183,88.53045793950588
0.010302302699956785,5.717193283781937,66.27846463834226
0.011249564751227651,4.6860466850304245,83.85590793520771
0.016664423694133002,2.647360200890633,73.57510521855728
0.011999824419900482,5.507793232916873,52.68135037244868
0.012191954208489113,6.518280021172515,90.02521302159474
0.010220535301321693,5.666161265481805,79.09909010108123
0.010492692497636368,3.211878615348048,55.948479418183375
0.012352912938750195,0.9950766031562477,63.67723575365376
0.014904636754431665,7.3085951795506325,63.004430109648055
0.012987715191014302,0.25139195030350203,53.47713153857117
0.011707231780512632,7.752264411799378,61.688829763505616
0.01059692395595042,4.988412162724438,65.79569323363806
0.016425354310092156,5.333484284834125,51.391202441428064
0.012859022094684197,4.441095759707644,66.10571741265686
0.017993491213101523,7.432129801743112,71.24367103688542
0.016951491818344492,1.6109710058980617,79.23029381466357
0.010964764957059487,4.202340744263742,65.03910506112692
0.030255463465690108,4.4789362233719245,56.80405889186545
0.01024487407126076,6.532042985029759,51.81587414558327
0.01631106191499964,0.8483448365316191,76.04709190056514
0.012303719806021313,7.256538132733964,81.48894776255393
0.015117185454001331,2.0051711298383648,57.17002306979987
0.012549943520700112,1.2983392847853303,61.88554490465667
0.010306920657374466,6.002727862513455,50.21110619679824
0.012224707779919283,0.2777452084105345,69.00086482510878
0.010038574515885721,1.173320210308451,52.77779637186437
0.01418411354505152,5.271811621270484,50.442692530083164
0.010547707591019369,1.9049280582901007,53.802122065216345
0.011881419538841824,6.072158540735346,83.89987079837677
0.011545092686833264,2.9860884365110762,81.78275650386684
0.010344413012416233,2.136760602716751,72.91226892770591
0.011056466166435061,6.07436625331699,89.11027989073564
0.013996503386643077,6.540904684360417,68.66333257594239
0.010856766771962971,3.7371356435628966,85.0755236842056
0.016572493507713247,3.6802648899382584,65.04465149274368
0.011999824419900482,5.507793232916873,52.68135037244868
0.012191954208489113,6.518280021172515,90.02521302159474
0.010709516664597367,6.352290259999341,73.3727747744417
0.010492692497636368,3.211878615348048,55.948479418183375
0.012766086147148033,0.5027031298211999,65.3938683534651
0.014884241665112392,7.464602684161895,62.482973002935964
0.012987715191014302,0.25139195030350203,53.47713153857117
0.011707231780512632,7.752264411799378,61.688829763505616
0.010578391931633091,4.678277673683893,62.38484866522914
0.016856842848359723,5.345357639927084,51.573811628964904
0.013216062888500451,3.4146743100250685,67.47489811599038
0.017675391635843914,7.403909794717079,71.9421212573291
0.015538180854962726,2.4624465484861258,79.2027447365536
0.010964764957059487,4.202340744263742,65.03910506112692
0.04686484628268431,7.462624491419248,52.037164345538784
0.01024487407126076,6.532042985029759,51.81587414558327
0.01631106191499964,0.8483448365316191,76.04709190056514
0.01218261715234822,6.940090169033427,80.9588324329935
0.014415469258950955,0.21982726372695272,60.2698461578815
0.012549943520700112,1.2983392847853303,61.88554490465667
0.010306920657374466,6.002727862513455,50.21110619679824
0.011286116416545984,0.3025590839440638,72.74150879431566
0.010038574515885721,1.173320210308451,52.77779637186437
0.01418411354505152,5.271811621270484,50.442692530083164
0.010547707591019369,1.9049280582901007,53.802122065216345
0.01197140900953041,6.897884507985632,84.46633759581624
0.011545092686833264,2.9860884365110762,81.78275650386684
0.010289591664434158,1.910868873295973,73.36374793458495
0.010752067208013357,7.584743377422646,94.35002219215059
0.014073890215709374,5.37334386330642,67.11297885589657
0.010828923969121152,3.5720740705454426,82.25813721209994
0.020182623482298094,6.69397568588149,64.71344199856763
0.012345451354922668,5.686625759550478,55.447845946639184
0.012191954208489113,6.518280021172515,90.02521302159474
0.01109881615515034,6.201684944680873,91.43416336228486
0.010804039550143127,3.3856203970406114,55.48410255699039
0.012766086147148033,0.5027031298211999,65.3938683534651
0.014812803614584459,7.395422924281425,62.37667532412612
0.012987715191014302,0.25139195030350203,53.47713153857117
0.011707231780512632,7.752264411799378,61.688829763505616
0.010345060189666648,4.306491327812244,58.686177371720134
0.016856842848359723,5.345357639927084,51.573811628964904
0.012076505191218188,2.810373837636884,72.45191010276842
0.017675391635843914,7.403909794717079,71.9421212573291
0.016241564620674956,3.072225355332469,86.29751920940024
0.011024267612510841,4.486838149663715,64.77060784292883
0.04686484628268431,7.462624491419248,52.037164345538784
0.01024487407126076,6.532042985029759,51.81587414558327
0.01631302508738693,0.857777823230041,76.04118514291387
0.012379383118581685,6.981524866549812,83.91812172283359
0.014415469258950955,0.21982726372695272,60.2698461578815
0.012549943520700112,1.2983392847853303,61.88554490465667
0.010445635128757213,6.0456022472067765,50.58562557659422
0.011221842076648053,0.09862382696024774,72.76505893233758
0.010038574515885721,1.173320210308451,52.77779637186437
0.01418411354505152,5.271811621270484,50.442692530083164
0.010547707591019369,1.9049280582901007,53.802122065216345
0.011872191250580266,6.970797680584825,85.99195918719701
0.012064363828588692,3.430795752767642,85.26483108144534
0.010289591664434158,1.910868873295973,73.36374793458495
0.010787912416966871,7.558194348343683,94.24235840440097
0.014073890215709374,5.37334386330642,67.11297885589657
0.010696977093584229,2.7898482668217484,68.90655963256192
0.018941267603055385,6.673748157300352,63.10236578603485
0.012614644959658493,5.625893933020042,54.715054845755056
0.012191954208489113,6.518280021172515,90.02521302159474
0.01109881615515034,6.201684944680873,91.43416336228486
0.010804039550143127,3.3856203970406114,55.48410255699039
0.012766086147148033,0.5027031298211999,65.3938683534651
0.014812803614584459,7.395422924281425,62.37667532412612
0.012987715191014302,0.25139195030350203,53.47713153857117
0.012591728370198455,7.700637364555433,63.20839384676996
0.010345060189666648,4.306491327812244,58.686177371720134
0.016856842848359723,5.345357639927084,51.573811628964904
0.012076505191218188,2.810373837636884,72.45191010276842
0.016675051435181963,6.583193260009675,72.03320406120191
0.01665555900390067,3.6245121145815737,82.74058598452197
0.010755548486665857,4.671228892326918,64.19795543937136
0.04256782926230537,7.188839414795924,54.01274052010256
0.01020725890869224,6.62318390479447,52.04637701550879
0.01631302508738693,0.857777823230041,76.04118514291387
0.012221458673301712,6.446709788384603,99.32026639913232
0.014415469258950955,0.21982726372695272,60.2698461578815
0.012435467676697367,0.9922330476256231,61.492870465651336
0.010445635128757213,6.0456022472067765,50.58562557659422
0.011221842076648053,0.09862382696024774,72.76505893233758
0.010038574515885721,1.173320210308451,52.77779637186437
0.01418411354505152,5.271811621270484,50.442692530083164
0.010538273529344543,2.702232736696361,59.84584231826419
0.011872191250580266,6.970797680584825,85.99195918719701
0.012204553024668842,3.5508547280194023,86.2048972558752
0.010371813210983283,4.461578785998816,84.19733487935406
0.010478349725836014,7.766597432629522,98.23468451446647
0.013637102319354832,5.043356448544902,66.21520130748895
0.010249799893482422,5.082731672450807,65.61917531632025
0.01773676524652083,5.470052633378728,63.54933568678721
0.012614644959658493,5.625893933020042,54.715054845755056
0.012191954208489113,6.518280021172515,90.02521302159474
0.010962100747434369,5.874451987975509,90.07325283977246
0.010804039550143127,3.3856203970406114,55.48410255699039
0.012766086147148033,0.5027031298211999,65.3938683534651
0.014812803614584459,7.395422924281425,62.37667532412612
0.012814791533071013,0.5167397226478934,53.81798846442907
0.012583705390247236,7.692499508991835,63.46243506710414
0.010345060189666648,4.306491327812244,58.686177371720134
0.016856842848359723,5.345357639927084,51.573811628964904
0.012076505191218188,2.810373837636884,72.45191010276842
0.016675051435181963,6.583193260009675,72.03320406120191
0.01665555900390067,3.6245121145815737,82.74058598452197
0.010755548486665857,4.671228892326918,64.19795543937136
0.04256782926230537,7.188839414795924,54.01274052010256
0.0101726669002423,6.63953786932991,50.518149138336646
0.016234519152667184,0.20994747743725473,79.57331330366696
0.012221458673301712,6.446709788384603,99.32026639913232
0.014415469258950955,0.21982726372695272,60.2698461578815
0.013451272422951601,1.7401840529534203,52.058047613639275
0.010445635128757213,6.0456022472067765,50.58562557659422
0.011221842076648053,0.09862382696024774,72.76505893233758
0.010038574515885721,1.173320210308451,52.77779637186437
0.01418411354505152,5.271811621270484,50.442692530083164
0.010538273529344543,2.702232736696361,59.84584231826419
0.011988782076125689,7.210900094790796,88.26751317009446
0.011793008712743075,3.1496242593973194,90.40808245912284
0.010371813210983283,4.461578785998816,84.19733487935406
0.010478349725836014,7.766597432629522,98.23468451446647
0.013711361374402209,5.119614379473517,65.24098802094397
0.010249799893482422,5.082731672450807,65.61917531632025
0.01625775520851153,4.892650642214258,70.23271106713545
0.012614644959658493,5.625893933020042,54.715054845755056
0.012206612441237465,6.989062303535068,92.2564452176814
0.010962100747434369,5.874451987975509,90.07325283977246
0.010785314913840098,3.3375137071376293,54.99318422632553
0.012766086147148033,0.5027031298211999,65.3938683534651
0.014692088496336991,7.298246634961382,61.955926157572016
0.012814791533071013,0.5167397226478934,53.81798846442907
0.0126416276804738,5.409092642933398,64.07583881247129
0.010345060189666648,4.306491327812244,58.686177371720134
0.016856842848359723,5.345357639927084,51.573811628964904
0.012353597876214035,2.2606929358795673,76.16709724716773
0.015650558626503903,6.07726112564611,69.68526067119667
0.018216562946882318,2.8318137891452175,92.01881552592415
0.010755548486665857,4.671228892326918,64.19795543937136
0.02832577405330155,4.523687387846368,53.056623200184035
0.0101726669002423,6.63953786932991,50.518149138336646
0.01633132253029376,1.008768175841868,75.21794912143726
0.011653286926250641,6.053653019636533,89.60864286972853
0.014415469258950955,0.21982726372695272,60.2698461578815
0.013451272422951601,1.7401840529534203,52.058047613639275
0.010445635128757213,6.0456022472067765,50.58562557659422
0.010925527911080393,1.5207001333343553,68.00700895012034
0.010038574515885721,1.173320210308451,52.77779637186437
0.012694379937744284,5.779745027281737,50.47071490085409
0.010538273529344543,2.702232736696361,59.84584231826419
0.011960273325688393,7.1521903311883115,87.71109545625175
0.012229252575970604,2.801078609380868,99.96538798740448
0.0104763319581343,4.71174794566239,85.23774916165016
0.010478349725836014,7.766597432629522,98.23468451446647
0.013847400389408964,5.211098849158395,63.62114214317852
0.010249799893482422,5.082731672450807,65.61917531632025
0.019276488263343865,5.014131566002509,73.54362198203036
0.012637852796490982,5.652425182309025,54.66864459941955
0.012206612441237465,6.989062303535068,92.2564452176814
0.010962100747434369,5.874451987975509,90.07325283977246
0.010750063090330917,3.4942999050238184,58.44378253773273
0.012766086147148033,0.5027031298211999,65.3938683534651
0.014175366675366854,5.431651914349924,59.71597687622512
0.013051905805539013,0.7648399510810231,53.70546720358058
0.012631092805187559,5.293937899311331,64.51808436407521
0.010359461643136291,4.555516832681353,57.52624905547341
0.01737546053253364,5.288713205295478,51.65374832489296
0.012540805768479487,0.6548004756157741,68.53174396074293
0.015650558626503903,6.07726112564611,69.68526067119667
0.01735490070678255,2.6876063352028634,95.33977198485864
0.010755888958499821,4.744279433488223,64.55510990572843
0.02355408836895665,3.725099946585294,71.44731000989688
0.0101726669002423,6.63953786932991,50.518149138336646
0.01689333315110333,0.6322817446271332,76.1049988205654
0.011872143369940651,6.3906692538017795,95.80342348455727
0.014415469258950955,0.21982726372695272,60.2698461578815
0.013451272422951601,1.7401840529534203,52.058047613639275
0.01042895699238906,5.757209041749409,51.928923506655586
0.0108621665501956,2.405690872794781,72.29001452449623
0.010038574515885721,1.173320210308451,52.77779637186437
0.01330868760958926,5.841570255376899,54.463586821154216
0.010538273529344543,2.702232736696361,59.84584231826419
0.011960273325688393,7.1521903311883115,87.71109545625175
0.011411582892383934,4.288476380957604,77.32805913131284
0.0104763319581343,4.71174794566239,85.23774916165016
0.010478349725836014,7.766597432629522,98.23468451446647
0.013207467582607579,5.11630663957629,67.72464116281203
0.010249799893482422,5.082731672450807,65.61917531632025
0.018373650507268156,4.63876223471393,71.51414087737072
0.012637852796490982,5.652425182309025,54.66864459941955
0.012542752671241384,6.639069624204116,80.72937294645588
0.013976070370012191,5.562585405795124,84.08125340718287
0.010897646706627255,4.0462446586129115,57.46677001780123
0.012584663201398682,0.5473098419676554,64.55469871750333
0.016169814275836594,5.889578801041809,60.860475327023096
0.013045265453366898,0.579092064798524,53.1070409448576
0.012631092805187559,5.293937899311331,64.51808436407521
0.010359461643136291,4.555516832681353,57.52624905547341
0.014641296818592171,5.06005860637304,64.96327799470869
0.012819327733601504,0.07993726219977404,70.40730084270301
0.01523872138988504,5.281340701095969,69.07254719723187
0.015171349637138624,4.162380157952953,95.52442482756354
0.011035274380614654,3.8786627440489716,75.34503803288627
0.021651151269512794,3.7733850967967073,69.34529042722052
0.0101726669002423,6.63953786932991,50.518149138336646
0.015917142451631824,0.637332275921381,74.40645902770845
0.011872143369940651,6.3906692538017795,95.80342348455727
0.014553943552013315,0.6673531656516865,60.31646581129727
0.014198895027155298,1.059415864220357,50.73579625565072
0.010357079375759758,4.913218791344731,52.085218837632034
0.010836882921740591,2.3678580615835036,71.69100475563947
0.010038574515885721,1.173320210308451,52.77779637186437
0.01355059035678363,6.037076139607752,50.87411039439914
0.010538273529344543,2.702232736696361,59.84584231826419
0.011960273325688393,7.1521903311883115,87.71109545625175
0.011691692006157411,5.248377533545186,79.89660706409876
0.0104763319581343,4.71174794566239,85.23774916165016
0.010478349725836014,7.766597432629522,98.23468451446647
0.011980254859092107,5.10237551844341,66.85102899696852
0.010205910029717264,5.1520822798572805,71.15614747020905
0.02226305519793087,5.0416217329651865,69.48373127326347
0.012637852796490982,5.652425182309025,54.66864459941955
0.012542752671241384,6.639069624204116,80.72937294645588
0.013976070370012191,5.562585405795124,84.08125340718287
0.01110920828413048,3.7036541699789005,58.948227494233215
0.012584663201398682,0.5473098419676554,64.55469871750333
0.016169814275836594,5.889578801041809,60.860475327023096
0.012050980270186726,2.1786035029696,65.54297483116852
0.012632446201615808,5.365709501759384,62.54615925361192
0.010359461643136291,4.555516832681353,57.52624905547341
0.014551010054049685,5.073795929691528,64.85464182793532
0.012819327733601504,0.07993726219977404,70.40730084270301
0.01439843646385787,4.820281327738212,67.42311691809111
0.01838132492465512,1.9943578059609788,95.25297202295887
0.011035274380614654,3.8786627440489716,75.34503803288627
0.022732475710226588,3.7459475566581513,70.53974144206029
0.0101726669002423,6.63953786932991,50.518149138336646
0.014825488219293224,2.5789639201706738,76.45199501771926
0.011924423869016616,6.339058879349249,95.7122281052662
0.01386299549852075,2.3948995480970146,67.61433499960626
0.014198895027155298,1.059415864220357,50.73579625565072
0.010357079375759758,4.913218791344731,52.085218837632034
0.010836882921740591,2.3678580615835036,71.69100475563947
0.010038574515885721,1.173320210308451,52.77779637186437
0.01355059035678363,6.037076139607752,50.87411039439914
0.010538273529344543,2.702232736696361,59.84584231826419
0.011960273325688393,7.1521903311883115,87.71109545625175
0.011257628871259657,5.276090501582233,82.09419217888863
0.0104763319581343,4.71174794566239,85.23774916165016
0.010478349725836014,7.766597432629522,98.23468451446647
0.011383710446298378,4.603394248769703,77.90236132871098
0.010205910029717264,5.1520822798572805,71.15614747020905
0.026637480472669194,4.030124025034733,58.81151745943947
0.012637852796490982,5.652425182309025,54.66864459941955
0.012704014192663041,6.74168408237222,81.39000489393064
0.01336405561449586,7.71491755193023,89.58712835774219
0.010777762664050259,2.959166909726298,59.58485077440491
0.012584663201398682,0.5473098419676554,64.55469871750333
0.01419605263442772,4.586161065886059,64.86894311386874
0.012673901914645621,2.750425577523755,66.98619058619558
0.012735935206468997,5.441382874890926,61.23053935423246
0.010359461643136291,4.555516832681353,57.52624905547341
0.014551010054049685,5.073795929691528,64.85464182793532
0.012999771888357312,0.0019638925249774175,71.4867902997878
0.01460530511349371,4.523391718273618,71.46096129079766
0.01838132492465512,1.9943578059609788,95.25297202295887
0.010380554790885822,2.066965645544915,60.347786724690714
0.022732475710226588,3.7459475566581513,70.53974144206029
0.0101726669002423,6.63953786932991,50.518149138336646
0.01482426876368363,2.579643160458228,76.45059704354621
0.011924423869016616,6.339058879349249,95.7122281052662
0.01386299549852075,2.3948995480970146,67.61433499960626
0.014198895027155298,1.059415864220357,50.73579625565072
0.010357079375759758,4.913218791344731,52.085218837632034
0.011471758209570861,3.3953731890993817,68.19394938967484
0.010094699064326716,1.257301409813291,54.107477072110925
0.01355059035678363,6.037076139607752,50.87411039439914
0.010538273529344543,2.702232736696361,59.84584231826419
0.011985354784815034,7.721083842200533,82.11323986417308
0.012469629509940353,5.403822515327657,82.98011136416278
0.0104763319581343,4.71174794566239,85.23774916165016
0.010478349725836014,7.766597432629522,98.23468451446647
0.011383710446298378,4.603394248769703,77.90236132871098
0.010958967913416738,4.584330114734533,70.42682631369662
0.020828122184605915,5.373421080960394,72.984513882388
0.012624588559344197,5.680965623089649,53.78124258534186
0.01254625807984402,6.925742806169955,82.21384900199406
0.012255530224945806,7.734770046291909,92.90903153400129
0.010777762664050259,2.959166909726298,59.58485077440491
0.012584663201398682,0.5473098419676554,64.55469871750333
0.015616013636560146,4.538219704912798,57.09338339719951
0.013104353048055661,0.7306383524868547,54.74509952759196
0.010052630242021477,6.282839896473415,65.08503546871808
0.010359461643136291,4.555516832681353,57.52624905547341
0.013289523371341557,4.386191263964736,66.22266634536935
0.012623509523518001,0.4147244931119016,69.70736574707098
0.016288831342096636,2.2225587016577846,56.09421744510729
0.015921953372825988,3.569336719852488,77.53557363754204
0.010380554790885822,2.066965645544915,60.347786724690714
0.02912496735600879,1.3121738506371345,56.891154624871255
0.0101726669002423,6.63953786932991,50.518149138336646
0.015541198994082368,1.7357449122303228,81.2284010679364
0.011790286204974266,5.987123487248117,92.24144065211854
0.01386299549852075,2.3948995480970146,67.61433499960626
0.014198895027155298,1.059415864220357,50.73579625565072
0.010357079375759758,4.913218791344731,52.085218837632034
0.011471758209570861,3.3953731890993817,68.19394938967484
0.010094699064326716,1.257301409813291,54.107477072110925
0.01355059035678363,6.037076139607752,50.87411039439914
0.010899437670410734,3.3428062579902873,65.31635732119106
0.01209580821887405,7.564464778885717,82.13305187966404
0.012095538827273725,5.4642536630776135,83.43357489523031
0.010592368704859833,5.76208386864319,94.70301160774346
0.010478349725836014,7.766597432629522,98.23468451446647
0.011383710446298378,4.603394248769703,77.90236132871098
0.011143354426020761,4.593192041386236,74.39457872787871
0.02447409837203405,7.9042060875562745,86.55086614874463
0.01271030406533161,5.6260735046444665,54.39874007825101
0.01254625807984402,6.925742806169955,82.21384900199406
0.012255530224945806,7.734770046291909,92.90903153400129
0.01080157699726358,2.974135250306843,59.88027045600615
0.012790711357792998,1.6695103483219804,65.04228713475642
0.015616013636560146,4.538219704912798,57.09338339719951
0.013104353048055661,0.7306383524868547,54.74509952759196
0.010052630242021477,6.282839896473415,65.08503546871808
0.010359461643136291,4.555516832681353,57.52624905547341
0.013495905344575879,4.265262313989936,66.29520087022247
0.012623509523518001,0.4147244931119016,69.70736574707098
0.016288831342096636,2.2225587016577846,56.09421744510729
0.015921953372825988,3.569336719852488,77.53557363754204
0.010380554790885822,2.066965645544915,60.347786724690714
0.02912496735600879,1.3121738506371345,56.891154624871255
0.010256602792321719,6.389020067524868,62.88930436281971
0.017243614093756687,0.6296209772181842,83.87378840715601
0.011405055884969725,6.052682452535396,86.22099075753917
0.014399298674163199,2.1705147941055936,67.48433993827199
0.014198895027155298,1.059415864220357,50.73579625565072
0.010357079375759758,4.913218791344731,52.085218837632034
0.011471758209570861,3.3953731890993817,68.19394938967484
0.010094699064326716,1.257301409813291,54.107477072110925
0.012555736353426158,4.661113291626421,51.80490581341746
0.010899437670410734,3.3428062579902873,65.31635732119106
0.01209580821887405,7.564464778885717,82.13305187966404
0.012128841360504081,5.494718936992933,83.74971268307496
0.010474101507125865,5.739866307693472,94.94603593864879
0.010478349725836014,7.766597432629522,98.23468451446647
0.01180937475600312,3.5663148926811505,69.82122217582496
0.011143354426020761,4.593192041386236,74.39457872787871
0.02447409837203405,7.9042060875562745,86.55086614874463
0.013377403085550799,5.46121948356061,51.71638789408627
0.013315551982707586,7.632958919264375,92.80127680943309
0.012255530224945806,7.734770046291909,92.90903153400129
0.01058394934771762,1.9431967087966582,50.63824764168737
0.012424448921350903,1.529974991778509,66.09178054494552
0.015616013636560146,4.538219704912798,57.09338339719951
0.013104353048055661,0.7306383524868547,54.74509952759196
0.010052630242021477,6.282839896473415,65.08503546871808
0.010359461643136291,4.555516832681353,57.52624905547341
0.01389608997862703,4.096767628337173,72.46302120804222
0.012623509523518001,0.4147244931119016,69.70736574707098
0.015533411332831731,2.7143994246531946,57.183316998778395
0.015921953372825988,3.569336719852488,77.53557363754204
0.010380554790885822,2.066965645544915,60.347786724690714
0.028461437856922393,1.3388925658729245,57.01351521407354
0.010256602792321719,6.389020067524868,62.88930436281971
0.017243614093756687,0.6296209772181842,83.87378840715601
0.010682143675012364,6.312676419791051,91.2214453452587
0.014399298674163199,2.1705147941055936,67.48433993827199
0.014198895027155298,1.059415864220357,50.73579625565072
0.010357079375759758,4.913218791344731,52.085218837632034
0.011471758209570861,3.3953731890993817,68.19394938967484
0.010094699064326716,1.257301409813291,54.107477072110925
0.012555736353426158,4.661113291626421,51.80490581341746
0.010943680724145893,3.2146993464065305,66.39569173292374
0.012026770554497834,7.727145801722964,82.91400358819801
0.011415807690858596,3.8555396893568536,68.46735687413069
0.010474101507125865,5.739866307693472,94.94603593864879
0.010478349725836014,7.766597432629522,98.23468451446647
0.010866368841452416,1.0202205145109167,55.43358767174622
0.012128675774454999,7.7276100545843445,93.4564317345633
0.02447409837203405,7.9042060875562745,86.55086614874463
0.01336154196359034,5.502943571008664,51.08196877601307
0.013315551982707586,7.632958919264375,92.80127680943309
0.012255530224945806,7.734770046291909,92.90903153400129
0.01058394934771762,1.9431967087966582,50.63824764168737
0.012424448921350903,1.529974991778509,66.09178054494552
0.014544866959292456,4.996580205086298,54.23723449350534
0.013336451614814473,0.26946649108845566,54.08132704057681
0.01093847828774559,6.930937478751234,73.08535665465604
0.010804736266305622,5.353867122246388,66.56913327713178
0.014011357452835391,4.885068366192244,76.249058040685
0.012623509523518001,0.4147244931119016,69.70736574707098
0.014742028683434397,1.833692561120223,56.06592690218573
0.014923115669945681,3.8293828209703893,75.03458732675236
0.010380554790885822,2.066965645544915,60.347786724690714
0.028461437856922393,1.3388925658729245,57.01351521407354
0.010256602792321719,6.389020067524868,62.88930436281971
0.017243614093756687,0.6296209772181842,83.87378840715601
0.010849743783306193,6.320620022384865,98.17993883587103
0.014567715716738403,1.5258244132135723,65.81804366235836
0.014198895027155298,1.059415864220357,50.73579625565072
0.010357079375759758,4.913218791344731,52.085218837632034
0.011471758209570861,3.3953731890993817,68.19394938967484
0.010094699064326716,1.257301409813291,54.107477072110925
0.01249843688601417,5.247773184084675,59.650330302741295
0.010943680724145893,3.2146993464065305,66.39569173292374
0.012026770554497834,7.727145801722964,82.91400358819801
0.010942115248524053,2.9239237633939386,63.31852475053311
0.010474101507125865,5.739866307693472,94.94603593864879
0.010478349725836014,7.766597432629522,98.23468451446647
0.010866368841452416,1.0202205145109167,55.43358767174622
0.012128675774454999,7.7276100545843445,93.4564317345633
0.02447409837203405,7.9042060875562745,86.55086614874463
0.012988088330017803,5.104855746231182,52.97075766250474
0.013315551982707586,7.632958919264375,92.80127680943309
0.012255530224945806,7.734770046291909,92.90903153400129
0.01058394934771762,1.9431967087966582,50.63824764168737
0.013409206800425722,0.40957979054398974,65.8896699529802
0.014490964804924523,5.86128383240269,53.73728725002721
0.013336451614814473,0.26946649108845566,54.08132704057681
0.01093847828774559,6.930937478751234,73.08535665465604
0.010804736266305622,5.353867122246388,66.56913327713178
0.014011357452835391,4.885068366192244,76.249058040685
0.012623509523518001,0.4147244931119016,69.70736574707098
0.01449079294770459,1.8427535519597764,56.04857425647806
0.014923115669945681,3.8293828209703893,75.03458732675236
0.010384659560268334,1.9238373630935204,60.26362233922731
0.028461437856922393,1.3388925658729245,57.01351521407354
0.010256602792321719,6.389020067524868,62.88930436281971
0.014713552327501128,2.2033830354003032,72.19490377718043
0.010871308146655892,5.52765227910302,90.04144933104945
0.014567715716738403,1.5258244132135723,65.81804366235836
0.014198895027155298,1.059415864220357,50.73579625565072
0.010357079375759758,4.913218791344731,52.085218837632034
0.01173160690110046,3.6076023406511046,66.94973352625762
0.010094699064326716,1.257301409813291,54.107477072110925
0.012233927128577073,4.808657606857905,59.04038908938791
0.011094223903064861,3.0434208435141596,66.36479442135692
0.012026770554497834,7.727145801722964,82.91400358819801
0.010942115248524053,2.9239237633939386,63.31852475053311
0.010474101507125865,5.739866307693472,94.94603593864879
0.010515895681917038,5.696086725078274,81.31176664225916
0.010866368841452416,1.0202205145109167,55.43358767174622
0.012128675774454999,7.7276100545843445,93.4564317345633
0.0204269260407577,6.414693379749535,79.60249143977448
0.012966600191978104,4.938961823304102,50.35708226191642
0.013315551982707586,7.632958919264375,92.80127680943309
0.012223331072374242,7.683429063624648,92.84232712412913
0.01058394934771762,1.9431967087966582,50.63824764168737
0.013409206800425722,0.40957979054398974,65.8896699529802
0.014490964804924523,5.86128383240269,53.73728725002721
0.013336451614814473,0.26946649108845566,54.08132704057681
0.01093916754652656,6.171548099262894,71.23439507925312
0.011093431473936943,4.808664705952946,68.50725423286136
0.014011357452835391,4.885068366192244,76.249058040685
0.012623509523518001,0.4147244931119016,69.70736574707098
0.01449079294770459,1.8427535519597764,56.04857425647806
0.016289770179656254,3.054325754212722,92.27218343322303
0.010213695079030338,2.0094317479040438,59.94560637342098
0.028461437856922393,1.3388925658729245,57.01351521407354
0.010256602792321719,6.389020067524868,62.88930436281971
0.01471052280793261,2.2055632807903622,72.19181774582727
0.010871308146655892,5.52765227910302,90.04144933104945
0.014629163219855685,1.394835256964122,66.4114033913461
0.014210678104914146,1.0702084968220742,50.69008815605911
0.010357079375759758,4.913218791344731,52.085218837632034
0.010328121417868028,5.044106229518439,76.15486494986317
0.010094699064326716,1.257301409813291,54.107477072110925
0.012233927128577073,4.808657606857905,59.04038908938791
0.011252085692734951,1.350084520835062,56.599314263470575
0.012026770554497834,7.727145801722964,82.91400358819801
0.010942115248524053,2.9239237633939386,63.31852475053311
0.010474101507125865,5.739866307693472,94.94603593864879
0.010860536870469152,5.550111926013528,80.8208960830569
0.011110942520032587,1.6897617722036324,56.08023079739178
0.012128675774454999,7.7276100545843445,93.4564317345633
0.021642996852789566,7.047863793047554,82.19048297229152
0.012966600191978104,4.938961823304102,50.35708226191642
0.013315551982707586,7.632958919264375,92.80127680943309
0.012137007682921065,7.422827363547512,91.27149499635433
0.01058394934771762,1.9431967087966582,50.63824764168737
0.013401095655319046,0.3687022907905595,65.98078990687523
0.014490964804924523,5.86128383240269,53.73728725002721
0.013336451614814473,0.26946649108845566,54.08132704057681
0.01093916754652656,6.171548099262894,71.23439507925312
0.011093431473936943,4.808664705952946,68.50725423286136
0.014622377929349183,3.9287873484806224,70.57865670148736
0.01294663621970848,0.23577056338819435,71.5980962065668
0.014545132519618248,1.7921671993759136,55.573878222343346
0.016289770179656254,3.054325754212722,92.27218343322303
0.011276199216213117,1.7597612880721076,57.48524406163881
0.028461437856922393,1.3388925658729245,57.01351521407354
0.010898399389691664,5.793951155443563,61.555803921529886
0.014939966550111237,1.964278560815531,72.25006594156567
0.010871308146655892,5.52765227910302,90.04144933104945
0.014629163219855685,1.394835256964122,66.4114033913461
0.014210678104914146,1.0702084968220742,50.69008815605911
0.010357079375759758,4.913218791344731,52.085218837632034
0.010328121417868028,5.044106229518439,76.15486494986317
0.010094699064326716,1.257301409813291,54.107477072110925
0.012177070283991544,4.608377250721752,58.899030406679856
0.011252085692734951,1.350084520835062,56.599314263470575
0.011247187908918956,7.784119356275104,76.9332015323531
0.010820818159790102,1.413090482123001,59.15917053245716
0.010446393692097483,5.607807260132839,91.3793694667278
0.010860536870469152,5.550111926013528,80.8208960830569
0.011110942520032587,1.6897617722036324,56.08023079739178
0.012125204378685292,7.854594328193906,94.36676100437994
0.021642996852789566,7.047863793047554,82.19048297229152
0.012966600191978104,4.938961823304102,50.35708226191642
0.013197981214914516,5.275528845146271,86.04397752010954
0.01168534445544142,6.997110669469937,88.81304610450299
0.010650726061598396,1.771370763591889,51.54165706867643
0.013401095655319046,0.3687022907905595,65.98078990687523
0.01506541433213774,6.208856478451547,55.01110136301085
0.013336451614814473,0.26946649108845566,54.08132704057681
0.01093916754652656,6.171548099262894,71.23439507925312
0.011380975556138751,4.226761957583214,66.65792175527035
0.014255389357052813,3.1200141648626114,70.80191464533351
0.01294663621970848,0.23577056338819435,71.5980962065668
0.014545132519618248,1.7921671993759136,55.573878222343346
0.016289770179656254,3.054325754212722,92.27218343322303
0.011590833370670099,3.8296689100376087,69.83445867353716
0.028502518591652162,1.3390750601456547,57.020015125863694
0.011215472223081255,5.72246962388188,64.93230242324569
0.014939966550111237,1.964278560815531,72.25006594156567
0.010871308146655892,5.52765227910302,90.04144933104945
0.015371497159700775,2.0151051424178252,66.67169770552603
0.014210678104914146,1.0702084968220742,50.69008815605911
0.010651977725087806,4.472954912499271,53.4313946116603
0.010328121417868028,5.044106229518439,76.15486494986317
0.010849206226076703,1.2606531813105408,54.226857361403944
0.012177070283991544,4.608377250721752,58.899030406679856
0.011252085692734951,1.350084520835062,56.599314263470575
0.011264742170505151,7.884283012106782,77.70713428900844
0.010820818159790102,1.413090482123001,59.15917053245716
0.010504570081843568,5.885083494744425,98.8680790077805
0.010867024015618992,6.225799986771047,84.35884470828371
0.01108530333324145,2.100388971481267,59.713841507614454
0.012125204378685292,7.854594328193906,94.36676100437994
0.021642996852789566,7.047863793047554,82.19048297229152
0.012966600191978104,4.938961823304102,50.35708226191642
0.013188324583424076,5.28883133421494,86.1118883530937
0.012174982266374257,7.458240724207957,84.64347365297955
0.010785912407721497,1.7024267110932696,52.25137027014532
0.013401095655319046,0.3687022907905595,65.98078990687523
0.014971145177780627,5.849382929115656,56.84880595302
0.013336451614814473,0.26946649108845566,54.08132704057681
0.011592254423827324,5.992037760071783,70.69351391218169
0.011380975556138751,4.226761957583214,66.65792175527035
0.017051960175370546,0.5518784831727039,59.38029493262588
0.01294663621970848,0.23577056338819435,71.5980962065668
0.014545132519618248,1.7921671993759136,55.573878222343346
0.016289770179656254,3.054325754212722,92.27218343322303
0.011528896150806331,4.141994292471924,69.0255685381803
0.02872392819072918,1.2831503582632866,56.50520294928728
0.01124992583770438,5.778945675269198,64.50909365626286
0.016512236834279673,3.6260670454913697,90.06478512255859
0.010871308146655892,5.52765227910302,90.04144933104945
0.01591999462906178,1.5258202928095992,66.90125694183929
0.014210678104914146,1.0702084968220742,50.69008815605911
0.010754781713037625,4.967309934442176,70.5911647762654
0.010328121417868028,5.044106229518439,76.15486494986317
0.010912867389782527,1.615743115424543,55.71505154763737
0.012177070283991544,4.608377250721752,58.899030406679856
0.011373543253865468,0.8036829172265472,54.33119139785656
0.011264742170505151,7.884283012106782,77.70713428900844
0.010820818159790102,1.413090482123001,59.15917053245716
0.010504570081843568,5.885083494744425,98.8680790077805
0.010848674449397442,6.2484549160814815,84.71545543249579
0.01108530333324145,2.100388971481267,59.713841507614454
0.012270648766722068,7.75211617934555,92.44937185328766
0.02253967048680238,6.9755977826564015,82.57784102809721
0.012966600191978104,4.938961823304102,50.35708226191642
0.013926596333634703,4.919515958543487,86.98986340061296
0.012174982266374257,7.458240724207957,84.64347365297955
0.010785912407721497,1.7024267110932696,52.25137027014532
0.0133909791006116,0.386282240418522,65.99841484125766
0.014971145177780627,5.849382929115656,56.84880595302
0.013336451614814473,0.26946649108845566,54.08132704057681
0.011592254423827324,5.992037760071783,70.69351391218169
0.011213641523410098,4.424654161031219,67.70897874609842
0.017051960175370546,0.5518784831727039,59.38029493262588
0.01294663621970848,0.23577056338819435,71.5980962065668
0.014545132519618248,1.7921671993759136,55.573878222343346
0.01655934908911503,3.135226521527563,93.90441020615077
0.011692836764750579,4.245061862941644,66.7021399395226
0.02872392819072918,1.2831503582632866,56.50520294928728
0.011861998764924173,4.16276480239801,61.4501553451015
0.016512236834279673,3.6260670454913697,90.06478512255859
0.012671060377151312,3.697693380223968,73.15629596357005
0.019025172733362777,1.5944678757978417,71.61585298394361
0.014210678104914146,1.0702084968220742,50.69008815605911
0.01042953924616796,5.043077636784187,69.49108701848249
0.010541365740642732,4.909937504018837,75.80198152451233
0.010912867389782527,1.615743115424543,55.71505154763737
0.012457496901309716,4.725794858958095,55.86508628459851
0.011373717854381104,0.8034904112661632,54.32966628590594
0.011264742170505151,7.884283012106782,77.70713428900844
0.010820818159790102,1.413090482123001,59.15917053245716
0.010504570081843568,5.885083494744425,98.8680790077805
0.010467375381800616,7.164848370975134,89.41071703182881
0.010877705243125613,2.3083535022373356,58.38836738318982
0.012270648766722068,7.75211617934555,92.44937185328766
0.01857477720564124,6.132081127840557,69.23291970071348
0.012966600191978104,4.938961823304102,50.35708226191642
0.015400679355211111,3.9627090840922254,85.95826140548604
0.012174982266374257,7.458240724207957,84.64347365297955
0.010762043045774283,1.6051688870286895,51.60512715531477
0.0133909791006116,0.386282240418522,65.99841484125766
0.014971145177780627,5.849382929115656,56.84880595302
0.013382937098725881,0.14672139549170193,53.849007947008374
0.011480187489244616,6.752020386761768,74.53372370360624
0.011213641523410098,4.424654161031219,67.70897874609842
0.014905612678055872,2.093117096766602,66.12961281197805
0.012930359545598657,0.4167518930670919,72.10016087799876
0.014727921445955633,2.014824081875015,53.92289333181111
0.01655934908911503,3.135226521527563,93.90441020615077
0.012548992657848387,7.025517432329542,74.1078967348243
0.02872392819072918,1.2831503582632866,56.50520294928728
0.011861998764924173,4.16276480239801,61.4501553451015
0.017664742066041895,3.478041408430106,95.65169851692312
0.013039893696448172,3.6270292588771618,71.77565048111282
0.017444407121186122,2.06506884875688,73.32083194843517
0.013937924472204368,1.5829012366660091,52.77378724610024
0.010663214421146303,3.3860605469068457,62.83077240265352
0.010689649586010456,3.595069016999748,67.78433954230302
0.011510968067167358,1.678308571339695,55.43408802075574
0.0120060121620706,5.6842804582632445,56.80783712749391
0.011373717854381104,0.8034904112661632,54.32966628590594
0.011624664076603904,6.56134688109401,73.6025791829172
0.010820818159790102,1.413090482123001,59.15917053245716
0.010677228625504616,4.079688068534865,80.61976159064147
0.010467375381800616,7.164848370975134,89.41071703182881
0.011012274563320462,1.3876025141417565,51.664774988161085
0.012270648766722068,7.75211617934555,92.44937185328766
0.01532151655533465,4.515936354549442,64.6493383730861
0.012678906157079306,6.101870178847663,67.75729180414876
0.015187378075124158,3.5831219182215825,83.83980577373438
0.012069750363623231,7.80894601195796,86.54580926533461
0.010762043045774283,1.6051688870286895,51.60512715531477
0.0133909791006116,0.386282240418522,65.99841484125766
0.014971145177780627,5.849382929115656,56.84880595302
0.013382937098725881,0.14672139549170193,53.849007947008374
0.011480187489244616,6.752020386761768,74.53372370360624
0.011779360330098488,4.177573602008043,68.96871314373016
0.014631758823339065,0.49780041598172087,67.1043064449917
0.012930359545598657,0.4167518930670919,72.10016087799876
0.01439270715922169,1.5492315187708054,53.90447866652692
0.01655934908911503,3.135226521527563,93.90441020615077
0.012548992657848387,7.025517432329542,74.1078967348243
0.022546467400528125,3.24233837625793,62.96380621832989
0.011889116953639329,4.349332482841193,61.84561370090064
0.017664742066041895,3.478041408430106,95.65169851692312
0.013039893696448172,3.6270292588771618,71.77565048111282
0.018916717828070008,0.6980002583054601,64.21677072909304
0.013937924472204368,1.5829012366660091,52.77378724610024
0.010626516382305683,3.3613193888782904,63.02950592400602
0.010689649586010456,3.595069016999748,67.78433954230302
0.011510968067167358,1.678308571339695,55.43408802075574
0.0120060121620706,5.6842804582632445,56.80783712749391
0.011373717854381104,0.8034904112661632,54.32966628590594
0.0113976620609459,6.142905027870954,66.97972884248577
0.010820818159790102,1.413090482123001,59.15917053245716
0.010677228625504616,4.079688068534865,80.61976159064147
0.010467375381800616,7.164848370975134,89.41071703182881
0.011012274563320462,1.3876025141417565,51.664774988161085
0.012470337753828416,6.235778716178205,83.341614261079
0.01335451160121533,3.260200573455995,59.02192809553214
0.01277546311529982,3.9188105985765787,69.42493378817646
0.014808108611420095,2.9081807234476145,80.07299513383681
0.012069750363623231,7.80894601195796,86.54580926533461
0.010762043045774283,1.6051688870286895,51.60512715531477
0.0133909791006116,0.386282240418522,65.99841484125766
0.014971145177780627,5.849382929115656,56.84880595302
0.01307407921583979,0.9230861465207458,56.76114800059529
0.011480187489244616,6.752020386761768,74.53372370360624
0.011779360330098488,4.177573602008043,68.96871314373016
0.014631758823339065,0.49780041598172087,67.1043064449917
0.012908465937213273,0.4157089605561159,72.16444754012306
0.01439270715922169,1.5492315187708054,53.90447866652692
0.01655934908911503,3.135226521527563,93.90441020615077
0.01291858195093711,6.421341176562066,64.51583995051432
0.022546467400528125,3.24233837625793,62.96380621832989
0.011889116953639329,4.349332482841193,61.84561370090064
0.017664742066041895,3.478041408430106,95.65169851692312
0.013271664796232286,3.883011455451054,74.07446471819924
0.018916717828070008,0.6980002583054601,64.21677072909304
0.013937924472204368,1.5829012366660091,52.77378724610024
0.010626516382305683,3.3613193888782904,63.02950592400602
0.010691459066678784,3.5244699031193,65.9144802785704
0.011510968067167358,1.678308571339695,55.43408802075574
0.011681256828641073,6.330489213318668,52.10625667099429
0.011373717854381104,0.8034904112661632,54.32966628590594
0.0113976620609459,6.142905027870954,66.97972884248577
0.010820818159790102,1.413090482123001,59.15917053245716
0.01009884969103103,2.7830950408038975,97.04520715284298
0.010467375381800616,7.164848370975134,89.41071703182881
0.011012274563320462,1.3876025141417565,51.664774988161085
0.012261051169737986,5.539884160305599,78.79480344425767
0.01335451160121533,3.260200573455995,59.02192809553214
0.012170225400052286,3.8042859354860186,68.40542575840918
0.013553249081238743,4.204742820677468,79.44326806258249
0.012069750363623231,7.80894601195796,86.54580926533461
0.010688171210836999,1.7363758205385686,56.666610454425765
0.0133909791006116,0.386282240418522,65.99841484125766
0.014988806934414732,6.16800346147726,54.33292876980616
0.01307407921583979,0.9230861465207458,56.76114800059529
0.01201628577522931,5.688145814025874,73.26994210516345
0.011779360330098488,4.177573602008043,68.96871314373016
0.014631758823339065,0.49780041598172087,67.1043064449917
0.012908465937213273,0.4157089605561159,72.16444754012306
0.014542961506277043,1.6592186099852726,56.67843199624986
0.01655934908911503,3.135226521527563,93.90441020615077
0.012568441607805184,7.631998772912646,63.986807273759176
0.02415229240976534,3.20412213473622,62.56412145501238
0.013006183710019438,5.1186895558595085,58.05054363995366
0.01679553518790443,3.4636264710888702,91.6229225930121
0.0132138309832556,3.01663362361947,69.00681191143566
0.018916717828070008,0.6980002583054601,64.21677072909304
0.013937924472204368,1.5829012366660091,52.77378724610024
0.010517175322070527,3.28057166626785,63.25827950452669
0.011608966432164605,2.237910488150636,68.50102661396237
0.011510968067167358,1.678308571339695,55.43408802075574
0.011681256828641073,6.330489213318668,52.10625667099429
0.011299505928245291,0.3304715404047349,53.73249953078329
0.011188513675735463,6.29665302207037,64.85309205805173
0.010820818159790102,1.413090482123001,59.15917053245716
0.01009884969103103,2.7830950408038975,97.04520715284298
0.011373841053561439,6.434280133799708,78.21376280561287
0.011012274563320462,1.3876025141417565,51.664774988161085
0.012261051169737986,5.539884160305599,78.79480344425767
0.01452292878789653,4.925960332449074,62.02934521562353
0.012170225400052286,3.8042859354860186,68.40542575840918
0.015159866710362537,4.713450547899459,88.07894721835129
0.012069750363623231,7.80894601195796,86.54580926533461
0.010688171210836999,1.7363758205385686,56.666610454425765
0.0133909791006116,0.386282240418522,65.99841484125766
0.014988806934414732,6.16800346147726,54.33292876980616
0.01332250873706591,0.13117148993901884,53.56064997993111
0.01106155949012411,7.420307228755844,83.43485838565692
0.011779360330098488,4.177573602008043,68.96871314373016
0.014631758823339065,0.49780041598172087,67.1043064449917
0.012898762942651132,0.501240386423536,72.33082369791707
0.014546379158212793,1.6609313711473526,56.67823954072486
0.01655934908911503,3.135226521527563,93.90441020615077
0.0124778088221117,7.110492629174493,63.254400981561204
0.025984403305689557,3.031158594105523,59.6464554492135
0.01323474347984664,4.46206578359815,51.095567743840675
0.015766099562536662,2.6810337046363357,86.52640356629182
0.0132138309832556,3.01663362361947,69.00681191143566
0.018916717828070008,0.6980002583054601,64.21677072909304
0.013937924472204368,1.5829012366660091,52.77378724610024
0.010479226836484772,3.231406762855495,62.92018917798869
0.011544500301657927,1.8405570082022944,65.42447958363807
0.011510968067167358,1.678308571339695,55.43408802075574
0.01127445529633618,6.424326800288085,51.8918028498169
0.011299505928245291,0.3304715404047349,53.73249953078329
0.010824589850773563,7.601870682612963,62.31813217204096
0.010820818159790102,1.413090482123001,59.15917053245716
0.01009884969103103,2.7830950408038975,97.04520715284298
0.011373841053561439,6.434280133799708,78.21376280561287
0.011012274563320462,1.3876025141417565,51.664774988161085
0.011267669150126992,5.311138453657447,87.7032206794999
0.01452292878789653,4.925960332449074,62.02934521562353
0.010287387091452257,6.333432013316322,69.40065794343094
0.014329621992272293,4.840943363755383,87.9988009848932
0.012009316239593986,7.145897619382559,83.18097535348096
0.010688171210836999,1.7363758205385686,56.666610454425765
0.013357870421802883,0.2629240535930629,59.98416370299399
0.014988806934414732,6.16800346147726,54.33292876980616
0.012924508988991858,1.4185308860924035,58.595850582332844
0.01106155949012411,7.420307228755844,83.43485838565692
0.011779360330098488,4.177573602008043,68.96871314373016
0.014248862225744337,1.5843337373898483,62.71660117818338
0.012898762942651132,0.501240386423536,72.33082369791707
0.014546379158212793,1.6609313711473526,56.67823954072486
0.014369673582870088,4.8419008308941285,89.73456689550366
0.0124778088221117,7.110492629174493,63.254400981561204
0.026616205754975725,2.883997897145752,58.843552038517345
0.01323474347984664,4.46206578359815,51.095567743840675
0.015705587883130017,2.644686070211576,85.40920887924915
0.013150187448196808,3.2348135664256996,69.75573912274614
0.018916717828070008,0.6980002583054601,64.21677072909304
0.013988922729463437,1.4902009836909587,52.7906748705367
0.010665718658579676,2.5718742929335696,60.831352585223186
0.011008027369276462,2.3072887404496494,67.03395918250634
0.011510968067167358,1.678308571339695,55.43408802075574
0.01127445529633618,6.424326800288085,51.8918028498169
0.011299505928245291,0.3304715404047349,53.73249953078329
0.010824589850773563,7.601870682612963,62.31813217204096
0.010981867493097238,1.5082195381730827,60.55346201386854
0.01009884969103103,2.7830950408038975,97.04520715284298
0.011373841053561439,6.434280133799708,78.21376280561287
0.01137727865912291,2.715160550473159,59.89854567435691
0.011380800670034018,5.597247186155588,86.8100448426062
0.01452292878789653,4.925960332449074,62.02934521562353
0.010287387091452257,6.333432013316322,69.40065794343094
0.016444152962499892,2.7874111453025296,93.35323810183814
0.011982904797671376,7.119963834281561,82.05641951748362
0.010688171210836999,1.7363758205385686,56.666610454425765
0.013357870421802883,0.2629240535930629,59.98416370299399
0.014988806934414732,6.16800346147726,54.33292876980616
0.013590377750738304,1.1097378948707237,55.66408600537126
0.01106155949012411,7.420307228755844,83.43485838565692
0.011779360330098488,4.177573602008043,68.96871314373016
0.01472296441943831,1.595379334880203,63.03051323100021
0.012898762942651132,0.501240386423536,72.33082369791707
0.014546379158212793,1.6609313711473526,56.67823954072486
0.014369673582870088,4.8419008308941285,89.73456689550366
0.0124778088221117,7.110492629174493,63.254400981561204
0.02819854357065031,2.6168185057894484,58.426708776697076
0.01323474347984664,4.46206578359815,51.095567743840675
0.016299007090104754,3.0753136069320766,93.7541609749655
0.015468611384600522,0.7254135797558154,70.04329976369385
0.016705882220520888,2.0313543281048623,71.00515475324117
0.013984364082254598,1.4858491612104334,52.82354159411595
0.010665718658579676,2.5718742929335696,60.831352585223186
0.01080844770273896,2.411736160391155,73.6219287352269
0.011545751240341679,1.1589418908520015,50.82073896393274
0.011082309639659864,5.208313222449101,54.71354142732523
0.011299505928245291,0.3304715404047349,53.73249953078329
0.010824589850773563,7.601870682612963,62.31813217204096
0.010981867493097238,1.5082195381730827,60.55346201386854
0.01009884969103103,2.7830950408038975,97.04520715284298
0.011373841053561439,6.434280133799708,78.21376280561287
0.011083400370443348,2.9215170132890003,59.54078039518748
0.011380800670034018,5.597247186155588,86.8100448426062
0.014713756847663318,6.70200154852627,64.94726525498837
0.01057754847399497,5.800073550821004,67.88181543678687
0.016444152962499892,2.7874111453025296,93.35323810183814
0.011982904797671376,7.119963834281561,82.05641951748362
0.010688171210836999,1.7363758205385686,56.666610454425765
0.013357870421802883,0.2629240535930629,59.98416370299399
0.015359713102753284,7.89696186597689,54.89029349460919
0.013123099905790626,1.1209829496951795,54.557190072862745
0.01106155949012411,7.420307228755844,83.43485838565692
0.011306312547587936,3.785041132530683,76.87197952177091
0.013028222207989604,1.5558953574454581,61.90839227550302
0.012898762942651132,0.501240386423536,72.33082369791707
0.01417290002881012,1.6682344837999663,56.67711383130588
0.015148635510003772,5.38018716728317,93.44500853991154
0.012535933450070223,6.658237496106746,63.03841459467702
0.028142730281317585,2.6323180711562637,58.5080408722678
0.01323474347984664,4.46206578359815,51.095567743840675
0.015972799445256727,3.3740044530643534,93.07453647614793
0.01633426793715782,0.4308245037483329,72.92891982753113
0.016941486295186405,1.4637546432394064,73.29279141496804
0.013984364082254598,1.4858491612104334,52.82354159411595
0.010665718658579676,2.5718742929335696,60.831352585223186
0.01080220272034336,2.3766701772852974,72.7415766190236
0.011545751240341679,1.1589418908520015,50.82073896393274
0.010641049033648636,5.713749754908284,54.43319138418488
0.011698615487048898,0.9619772878688728,53.797454124696465
0.010855730555202154,7.326533832012261,62.18180296322485
0.010981867493097238,1.5082195381730827,60.55346201386854
0.01009884969103103,2.7830950408038975,97.04520715284298
0.011373841053561439,6.434280133799708,78.21376280561287
0.011083400370443348,2.9215170132890003,59.54078039518748
0.011382523898796518,5.550880475647337,86.43406671220694
0.013633780328819409,4.812366549458105,60.131517248762606
0.010584971805368914,5.527379385800456,67.12921985483479
0.016444152962499892,2.7874111453025296,93.35323810183814
0.011862775440214548,7.1571279708903175,81.54042866945206
0.010496120788082321,1.843681153706719,55.305744613738334
0.014156060084201377,0.30795043294414515,63.45559870707912
0.015359713102753284,7.89696186597689,54.89029349460919
0.013123099905790626,1.1209829496951795,54.557190072862745
0.010907612361360296,7.624378970606944,83.74159999525652
0.011306312547587936,3.785041132530683,76.87197952177091
0.01269111252843352,1.7008671326047686,61.7547076366164
0.012898762942651132,0.501240386423536,72.33082369791707
0.01417290002881012,1.6682344837999663,56.67711383130588
0.015762547508714808,5.9506646636272436,98.29109427988303
0.012535933450070223,6.658237496106746,63.03841459467702
0.028142730281317585,2.6323180711562637,58.5080408722678
0.01323474347984664,4.46206578359815,51.095567743840675
0.017461036116186268,3.644192441524787,98.50050504564545
0.013474186720020738,3.0158423231000824,62.583794171577956
0.015280429077689624,1.3047804994514232,67.11623816798016
0.013984364082254598,1.4858491612104334,52.82354159411595
0.010665718658579676,2.5718742929335696,60.831352585223186
0.010812990805068975,2.4372459760256597,74.26236765034295
0.011545751240341679,1.1589418908520015,50.82073896393274
0.010568322450184676,5.642240088707223,52.07306782210385
0.011698615487048898,0.9619772878688728,53.797454124696465
0.010855730555202154,7.326533832012261,62.18180296322485
0.010904570421287054,0.9657805647872766,56.665673920984446
0.010371750811497348,3.5646003373817075,93.01449571950522
0.011373841053561439,6.434280133799708,78.21376280561287
0.010998933075805888,3.2435234414812553,61.13385257646535
0.01130647880248926,5.296540333170373,87.20894642452468
0.013850188673897857,4.753780991814337,60.70040965354041
0.010417488615686513,5.770283011638307,67.31072109530703
0.015903318897116235,3.040325012068209,90.93261958555269
0.011995559380881904,7.601236638351695,80.18739492051698
0.010496120788082321,1.843681153706719,55.305744613738334
0.014156549225181116,0.34746188555391155,63.25870763586011
0.015359713102753284,7.89696186597689,54.89029349460919
0.01234643993333603,1.6499053878620056,56.57764077900641
0.010967736739950086,6.808342080198871,79.95059780187115
0.011306312547587936,3.785041132530683,76.87197952177091
0.01269111252843352,1.7008671326047686,61.7547076366164
0.01297222196556458,0.5685221939074272,71.4283256509931
0.014014974512959282,1.7848532104731016,57.78968569684173
0.015762547508714808,5.9506646636272436,98.29109427988303
0.012535933450070223,6.658237496106746,63.03841459467702
0.03187154882438876,1.6704344016892874,57.4256316036766
0.01323474347984664,4.46206578359815,51.095567743840675
0.017461036116186268,3.644192441524787,98.50050504564545
0.01242034554504234,3.931925497022405,64.24173824438765
0.01587006160832518,1.8070283115080414,69.1400536893467
0.014319571467754833,1.3761527042176478,52.014694295528486
0.011295047258340903,2.365926808885701,59.31279792366326
0.0107029637099701,2.3349317564515943,74.94830257010926
0.011545751240341679,1.1589418908520015,50.82073896393274
0.010568322450184676,5.642240088707223,52.07306782210385
0.011657101030407896,1.0154683994040405,52.98904591194528
0.010855730555202154,7.326533832012261,62.18180296322485
0.010904570421287054,0.9657805647872766,56.665673920984446
0.010333979993194572,3.6611035949421726,94.61970656260557
0.011373841053561439,6.434280133799708,78.21376280561287
0.011049180637602768,3.355157152410306,61.196116450507596
0.01130647880248926,5.296540333170373,87.20894642452468
0.015272236332604123,5.846718081261619,54.262616678545
0.010417488615686513,5.770283011638307,67.31072109530703
0.015317820137692461,3.3522620300613877,82.1921716741019
0.011854799792562046,5.585233203189006,70.99761369998342
0.012120307161990666,2.2031228848917985,66.00716218848586
0.014156549225181116,0.34746188555391155,63.25870763586011
0.015141458534206115,7.86931999056424,55.24362640305831
0.011967593774422528,1.4176058229544584,53.85376050073425
0.01252962835286873,5.214912383345281,76.50633438934958
0.011648901589579099,3.2694322475987816,73.13208078961421
0.01269111252843352,1.7008671326047686,61.7547076366164
0.01297222196556458,0.5685221939074272,71.4283256509931
0.012973002027735688,1.5104672673447002,57.41314640837875
0.015762547508714808,5.9506646636272436,98.29109427988303
0.012535933450070223,6.658237496106746,63.03841459467702
0.04390809096319424,2.569334475029239,53.46231988769025
0.01323474347984664,4.46206578359815,51.095567743840675
0.016174377374359686,3.989628798838914,96.13991566964285
0.013040398799669907,5.897862733057032,73.75670334246074
0.014572481766550373,3.1308091915775056,72.00146016396056
0.014319571467754833,1.3761527042176478,52.014694295528486
0.011295047258340903,2.365926808885701,59.31279792366326
0.010599610701375033,3.0368225514339104,84.32083121050128
0.011545751240341679,1.1589418908520015,50.82073896393274
0.010568322450184676,5.642240088707223,52.07306782210385
0.011657101030407896,1.0154683994040405,52.98904591194528
0.010855730555202154,7.326533832012261,62.18180296322485
0.010904570421287054,0.9657805647872766,56.665673920984446
0.011960273981909304,2.2513304121208466,81.27731799109759
0.011373841053561439,6.434280133799708,78.21376280561287
0.011217730555625713,4.357631744689875,62.9173182985393
0.011137229474410495,5.939868644939991,91.61821490740104
0.015272236332604123,5.846718081261619,54.262616678545
0.010030780472930503,6.439751626734333,69.890426249538
0.014153626319362528,4.223003670737713,77.24001105990678
0.011532481036035842,4.693005982397326,67.07614983446032
0.012120307161990666,2.2031228848917985,66.00716218848586
0.014156549225181116,0.34746188555391155,63.25870763586011
0.015141458534206115,7.86931999056424,55.24362640305831
0.012741691215464517,1.7466266060950315,51.806115002987696
0.012478426489792685,5.249117766513863,76.4019206744426
0.01156563056962604,4.227549014532288,74.67049429914857
0.01269111252843352,1.7008671326047686,61.7547076366164
0.01297222196556458,0.5685221939074272,71.4283256509931
0.014596496055362201,1.9379871359120906,57.99983108062823
0.015762547508714808,5.9506646636272436,98.29109427988303
0.011525580326797288,6.188612011298905,66.06102552350822
0.04390809096319424,2.569334475029239,53.46231988769025
0.01323474347984664,4.46206578359815,51.095567743840675
0.016174377374359686,3.989628798838914,96.13991566964285
0.013014422162913703,5.5857295656284505,72.86410747347156
0.015420768112675887,3.7721622874371477,81.3588580078507
0.014319571467754833,1.3761527042176478,52.014694295528486
0.011295047258340903,2.365926808885701,59.31279792366326
0.010599610701375033,3.0368225514339104,84.32083121050128
0.011545751240341679,1.1589418908520015,50.82073896393274
0.010677153911069442,5.699176194602408,59.63802298160905
0.011660087441867119,0.9919493920148446,52.95478790538128
0.010855730555202154,7.326533832012261,62.18180296322485
0.010904570421287054,0.9657805647872766,56.665673920984446
0.011960273981909304,2.2513304121208466,81.27731799109759
0.011373841053561439,6.434280133799708,78.21376280561287
0.011369571717643905,4.336480764830964,63.58354713443667
0.011210295802917256,5.647822452665449,88.72768139748943
0.015272236332604123,5.846718081261619,54.262616678545
0.010475016203570182,6.262586340327949,71.78849366811264
0.015474384595137697,5.547081959380996,85.60358709469153
0.011532481036035842,4.693005982397326,67.07614983446032
0.012120307161990666,2.2031228848917985,66.00716218848586
0.014156549225181116,0.34746188555391155,63.25870763586011
0.015019059830430235,6.902331590709818,54.76276094030267
0.012809600126988938,2.7025478378088197,57.04947062850368
0.012508950715366441,5.285059873556573,76.27326590531027
0.01156563056962604,4.227549014532288,74.67049429914857
0.012855187783104946,1.3325218472745668,59.871815628127734
0.012999775955061375,0.9771845447591065,69.2942201878782
0.014596496055362201,1.9379871359120906,57.99983108062823
0.015762547508714808,5.9506646636272436,98.29109427988303
0.011525580326797288,6.188612011298905,66.06102552350822
0.04090353065757846,2.723203517266986,58.08584099729001
0.01323474347984664,4.46206578359815,51.095567743840675
0.015523905488593899,3.073094773570541,80.66540383266513
0.013014422162913703,5.5857295656284505,72.86410747347156
0.015420768112675887,3.7721622874371477,81.3588580078507
0.014319571467754833,1.3761527042176478,52.014694295528486
0.011295047258340903,2.365926808885701,59.31279792366326
0.010599610701375033,3.0368225514339104,84.32083121050128
0.011545751240341679,1.1589418908520015,50.82073896393274
0.010769593579607384,5.796713181200542,62.1027379554435
0.011660087441867119,0.9919493920148446,52.95478790538128
0.010855730555202154,7.326533832012261,62.18180296322485
0.010904570421287054,0.9657805647872766,56.665673920984446
0.011425020823570747,3.6895982613094103,72.2504924731496
0.011373841053561439,6.434280133799708,78.21376280561287
0.011369571717643905,4.336480764830964,63.58354713443667
0.011210295802917256,5.647822452665449,88.72768139748943
0.015272236332604123,5.846718081261619,54.262616678545
0.010169681530132426,6.517875254976797,64.75426973718496
0.015505058386853128,5.455783070904099,87.68123617314515
0.010302528135410964,6.609953106476421,76.7325266440796
0.012409337123282935,0.564828524218485,61.28079448868171
0.014156549225181116,0.34746188555391155,63.25870763586011
0.015019059830430235,6.902331590709818,54.76276094030267
0.012809600126988938,2.7025478378088197,57.04947062850368
0.012959688301707548,7.215912732913757,88.18399764604715
0.011191845756725204,4.509911746383144,76.72642213936217
0.012855187783104946,1.3325218472745668,59.871815628127734
0.012999775955061375,0.9771845447591065,69.2942201878782
0.014596496055362201,1.9379871359120906,57.99983108062823
0.015542163925013692,6.232756450762432,85.38848624198386
0.011610401378594107,6.23258271725433,66.50514192645514
0.04090353065757846,2.723203517266986,58.08584099729001
0.012581930172212229,7.007102007771955,50.26607657828014
0.01705464616174108,2.036201145869378,81.81839750997342
0.013014422162913703,5.5857295656284505,72.86410747347156
0.015420768112675887,3.7721622874371477,81.3588580078507
0.014036773514343515,1.3352981966036999,52.11465975736001
0.011515017665486937,2.0833294671112697,50.74149794880243
0.01055919733315251,3.3112777563206457,87.98570227975415
0.011553939862072109,1.0572150563150275,50.598192090332134
0.010769593579607384,5.796713181200542,62.1027379554435
0.011660087441867119,0.9919493920148446,52.95478790538128
0.011079943566365139,6.945647118738266,63.48026152527123
0.010904570421287054,0.9657805647872766,56.665673920984446
0.010204008499118858,3.6643685142397673,69.46717667041936
0.01133843108960255,6.264000422010689,80.49018157618919
0.011288496290311896,4.533802899848503,63.383444448400596
0.010466103578168873,6.9866370612799535,95.16087282036482
0.015044459830801701,5.014968696091123,53.8666079065298
0.010169681530132426,6.517875254976797,64.75426973718496
0.015505058386853128,5.455783070904099,87.68123617314515
0.010374625248745531,6.659924630259456,83.2332403353046
0.012409337123282935,0.564828524218485,61.28079448868171
0.014156549225181116,0.34746188555391155,63.25870763586011
0.015019059830430235,6.902331590709818,54.76276094030267
0.012809600126988938,2.7025478378088197,57.04947062850368
0.012959688301707548,7.215912732913757,88.18399764604715
0.013271209800361079,5.333396648514837,80.86671347941989
0.012855187783104946,1.3325218472745668,59.871815628127734
0.012999775955061375,0.9771845447591065,69.2942201878782
0.013820155588900387,2.720783456677155,58.832162883495826
0.015542163925013692,6.232756450762432,85.38848624198386
0.011610401378594107,6.23258271725433,66.50514192645514
0.04090353065757846,2.723203517266986,58.08584099729001
0.012656134038183837,6.76323314439373,54.14328423026299
0.016934130275265868,2.2147859896688114,80.14261519527955
0.013790438874481765,5.5127944592383455,76.58421449966109
0.018091056414884593,3.4001998146345818,93.07520055584658
0.01342707151581502,2.0145949017964,54.566443736299156
0.011515017665486937,2.0833294671112697,50.74149794880243
0.011261976087291585,4.468184829935645,76.64357052307824
0.011553939862072109,1.0572150563150275,50.598192090332134
0.010769593579607384,5.796713181200542,62.1027379554435
0.01217898618433351,2.75200672364191,60.58282898466496
0.011069571330862423,6.940772752527485,63.49477856836472
0.010904570421287054,0.9657805647872766,56.665673920984446
0.010204008499118858,3.6643685142397673,69.46717667041936
0.012353938164523296,6.142380526926031,79.72063347050818
0.011288496290311896,4.533802899848503,63.383444448400596
0.010466103578168873,6.9866370612799535,95.16087282036482
0.015044459830801701,5.014968696091123,53.8666079065298
0.010169681530132426,6.517875254976797,64.75426973718496
0.014700631496836494,5.51369783946476,83.33614385167371
0.010374625248745531,6.659924630259456,83.2332403353046
0.012478586308117656,0.3807628872300244,61.17339613232814
0.014156549225181116,0.34746188555391155,63.25870763586011
0.014399735994047267,6.575056439969111,54.46139469293879
0.012809600126988938,2.7025478378088197,57.04947062850368
0.012959688301707548,7.215912732913757,88.18399764604715
0.01301410344778546,5.1934913427314315,79.91115398326728
0.012855187783104946,1.3325218472745668,59.871815628127734
0.012999775955061375,0.9771845447591065,69.2942201878782
0.013820155588900387,2.720783456677155,58.832162883495826
0.016005324285170364,6.2076629563513315,86.1854472974105
0.01161035475757764,6.230554672866041,66.49743707746653
0.038831084997265085,3.0161811593883794,58.461578225906585
0.013536431059577015,6.118852050656318,54.04130595559663
0.016934130275265868,2.2147859896688114,80.14261519527955
0.01380640051273622,5.519388853707793,76.58383979793369
0.017135616160923527,2.658884940469305,85.8346806650068
0.01342707151581502,2.0145949017964,54.566443736299156
0.011515017665486937,2.0833294671112697,50.74149794880243
0.011261976087291585,4.468184829935645,76.64357052307824
0.011553939862072109,1.0572150563150275,50.598192090332134
0.010769593579607384,5.796713181200542,62.1027379554435
0.012118298394629117,2.756766451043136,60.92286540689506
0.011069571330862423,6.940772752527485,63.49477856836472
0.010904570421287054,0.9657805647872766,56.665673920984446
0.010204008499118858,3.6643685142397673,69.46717667041936
0.012519689652130394,6.396510622748648,80.18770808017794
0.011288496290311896,4.533802899848503,63.383444448400596
0.010466103578168873,6.9866370612799535,95.16087282036482
0.015044459830801701,5.014968696091123,53.8666079065298
0.010283646485527358,6.06830317611826,63.58881042921737
0.015184416648575238,4.799139772435694,82.644412223908
0.010374625248745531,6.659924630259456,83.2332403353046
0.012448459785427935,0.47067391855883756,61.4892700378609
0.014156549225181116,0.34746188555391155,63.25870763586011
0.013443192691982008,4.702738061124668,62.5270777507509
0.012108466629562595,3.502449627727575,65.92635508856334
0.012959688301707548,7.215912732913757,88.18399764604715
0.013079500705671819,5.145177069301722,80.53606662598068
0.013500468350286036,0.5697691451435647,56.75322284585981
0.012279290714851942,2.424540034700839,72.34123298828506
0.014020332843126421,3.0116321952563077,61.034600665912876
0.016005324285170364,6.2076629563513315,86.1854472974105
0.01161035475757764,6.230554672866041,66.49743707746653
0.038831084997265085,3.0161811593883794,58.461578225906585
0.013580576718236913,7.7756359847621415,53.829321226885945
0.01690002217426228,2.240715867785389,80.14609669224211
0.015322025881863889,7.319767707783438,86.09702188157328
0.017127934490017063,2.663869467770862,85.84542219042699
0.013430815029936354,2.155088763290437,54.54846761249615
0.011515017665486937,2.0833294671112697,50.74149794880243
0.011261976087291585,4.468184829935645,76.64357052307824
0.011553939862072109,1.0572150563150275,50.598192090332134
0.010359427312709932,5.585063131549991,59.9587791473437
0.012118298394629117,2.756766451043136,60.92286540689506
0.011069571330862423,6.940772752527485,63.49477856836472
0.010904570421287054,0.9657805647872766,56.665673920984446
0.010676595360139846,3.9077229953860266,70.40079007941607
0.012519689652130394,6.396510622748648,80.18770808017794
0.011288496290311896,4.533802899848503,63.383444448400596
0.011867384108089869,4.7029900118143715,75.96528713963338
0.015093590375046052,4.979833725332561,53.257081767315164
0.01036605426816383,5.855218650465311,63.508887385407846
0.0188378751757391,5.107399423000835,88.23374517606428
0.010374625248745531,6.659924630259456,83.2332403353046
0.012448459785427935,0.47067391855883756,61.4892700378609
0.014156549225181116,0.34746188555391155,63.25870763586011
0.01278163005697871,5.124694406494814,66.99118803466763
0.01171045288242582,4.115573578939076,66.44477185601292
0.012079911894553992,7.135020624162202,90.64555033205711
0.013704432832791352,5.103765828427235,72.05415911272827
0.013500468350286036,0.5697691451435647,56.75322284585981
0.012279290714851942,2.424540034700839,72.34123298828506
0.015773246454306618,3.2790295193514454,61.31372937783103
0.0174581480749776,6.003354052419478,83.83137758018312
0.01161035475757764,6.230554672866041,66.49743707746653
0.038831084997265085,3.0161811593883794,58.461578225906585
0.013580576718236913,7.7756359847621415,53.829321226885945
0.01690002217426228,2.240715867785389,80.14609669224211
0.015322025881863889,7.319767707783438,86.09702188157328
0.0180837163106555,0.19972323331807296,85.71226240050727
0.013430815029936354,2.155088763290437,54.54846761249615
0.011515017665486937,2.0833294671112697,50.74149794880243
0.011415729168037434,4.615392842952679,78.28326701650958
0.011553939862072109,1.0572150563150275,50.598192090332134
0.010167753920574648,5.801945429296322,59.25224687578312
0.01213305328574523,2.7237380855611844,60.73407592326649
0.011176561011563628,6.516525598682398,63.2170430664562
0.010904570421287054,0.9657805647872766,56.665673920984446
0.010676595360139846,3.9077229953860266,70.40079007941607
0.012519689652130394,6.396510622748648,80.18770808017794
0.011288496290311896,4.533802899848503,63.383444448400596
0.01191160012556418,2.858677298713533,80.2968888242728
0.015093590375046052,4.979833725332561,53.257081767315164
0.0105072274974877,5.652985312960164,63.489689230848555
0.019961334342777765,4.697898440198246,94.61895680751371
0.010624754045569482,6.829641702724507,80.74878472737561
0.012448459785427935,0.47067391855883756,61.4892700378609
0.014926602725594002,0.29191452655721783,64.05641856620716
0.013013250403604402,5.902634953174703,70.54940649500668
0.01171045288242582,4.115573578939076,66.44477185601292
0.012229348143211022,7.919395303782041,94.96584819969388
0.014284717028552017,6.093413826257754,78.16674408088682
0.013500468350286036,0.5697691451435647,56.75322284585981
0.012260628358177265,2.527770343319959,72.50542892510788
0.01619273917219532,3.9573090632529286,66.91998515501086
0.017081233169487467,5.393918752869546,78.79414742981403
0.011797325037373602,7.625253077797412,69.101982706683
0.038831084997265085,3.0161811593883794,58.461578225906585
0.013376383543736227,7.0981136888058565,57.19320456999137
0.018279571899204844,3.192734735443116,88.63788551616051
0.014405163369753215,6.686489425208024,80.93399352347811
0.01966972242161874,0.14005823812645413,94.7802430324738
0.013446310953282314,2.1610570218361094,54.56831728438559
0.011817020108050538,1.8848702635203094,52.17257223814761
0.01138837489971136,4.801520761279855,80.0631201851961
0.011682013375458758,1.4815373920039572,52.30832107420322
0.010167753920574648,5.801945429296322,59.25224687578312
0.010516760218655729,4.621818863836568,58.71749429614597
0.01114825674047608,6.435246076694971,63.02402049125556
0.010904570421287054,0.9657805647872766,56.665673920984446
0.01088372688997115,4.106037206663826,72.60973991961384
0.012519689652130394,6.396510622748648,80.18770808017794
0.011274052127860685,4.4460456557109085,63.22111184423253
0.01042858652412892,1.8700809848310334,92.89919068619174
0.015093590375046052,4.979833725332561,53.257081767315164
0.0105072274974877,5.652985312960164,63.489689230848555
0.019285881688334623,4.266322256220809,90.66027533252881
0.010487264870353516,6.9005676546740515,81.09025658913389
0.012487500232448032,0.04310987796333299,59.19957989549416
0.014926602725594002,0.29191452655721783,64.05641856620716
0.01219843014448304,5.827749660476987,66.50278212209192
0.01104132397140143,4.868989746649232,71.02284148495588
0.012229348143211022,7.919395303782041,94.96584819969388
0.017787133180019194,6.341374178193357,94.25783811563085
0.013500468350286036,0.5697691451435647,56.75322284585981
0.012260628358177265,2.527770343319959,72.50542892510788
0.01619273917219532,3.9573090632529286,66.91998515501086
0.020368498997869633,5.780560239600661,88.84785566944151
0.011884099462469854,7.594016219575311,69.49568653548714
0.03288905369883051,2.9069563765781674,61.6022468842854
0.01243856751591137,6.625757173061575,59.2512816277471
0.02051603624625882,1.4455253316184358,86.29875501421998
0.014405163369753215,6.686489425208024,80.93399352347811
0.01966972242161874,0.14005823812645413,94.7802430324738
0.013446310953282314,2.1610570218361094,54.56831728438559
0.011817020108050538,1.8848702635203094,52.17257223814761
0.011107490447156582,5.031734513133311,75.27420466054608
0.011682013375458758,1.4815373920039572,52.30832107420322
0.010167753920574648,5.801945429296322,59.25224687578312
0.010516760218655729,4.621818863836568,58.71749429614597
0.011241986037506752,7.808109662435861,56.01285005864173
0.010904570421287054,0.9657805647872766,56.665673920984446
0.01088372688997115,4.106037206663826,72.60973991961384
0.01341389206491023,6.114990446136381,81.57173544075884
0.011274052127860685,4.4460456557109085,63.22111184423253
0.01042858652412892,1.8700809848310334,92.89919068619174
0.016910161077238174,4.676651910598505,51.04615954293611
0.0105072274974877,5.652985312960164,63.489689230848555
0.019285881688334623,4.266322256220809,90.66027533252881
0.010487264870353516,6.9005676546740515,81.09025658913389
0.01238750751379432,0.31778264059897565,58.15160013578102
0.014926602725594002,0.29191452655721783,64.05641856620716
0.010370815411846618,6.274244427773131,72.49819050716873
0.010232017204391796,5.784195998245894,77.94554715783991
0.012229348143211022,7.919395303782041,94.96584819969388
0.017787133180019194,6.341374178193357,94.25783811563085
0.013500468350286036,0.5697691451435647,56.75322284585981
0.011752283629036719,2.1769834588453083,70.50457614119132
0.017791287717438323,3.1326726718364637,62.94978643211004
0.019582571601721464,5.3807191775900645,86.17530186694175
0.011884099462469854,7.594016219575311,69.49568653548714
0.02470177901227315,1.7150218251706242,62.72085690681528
0.01243856751591137,6.625757173061575,59.2512816277471
0.02104681481267635,2.264268842849175,80.97946101198534
0.011600060847467479,7.39395139285865,78.09427013378166
0.01966972242161874,0.14005823812645413,94.7802430324738
0.012868444310662239,2.80278688628071,55.39388982750354
0.011817020108050538,1.8848702635203094,52.17257223814761
0.011959947937286929,3.4422355906105397,68.67642134969736
0.011682013375458758,1.4815373920039572,52.30832107420322
0.010167753920574648,5.801945429296322,59.25224687578312
0.01038290630188094,5.074431220534126,58.9225872348219
0.011241986037506752,7.808109662435861,56.01285005864173
0.011121487903199478,1.2757097713423473,60.20684774557112
0.010436141975472057,5.577547180216623,83.99238134386786
0.013496592068240457,6.5820952016617005,83.4587915793282
0.011274052127860685,4.4460456557109085,63.22111184423253
0.01042858652412892,1.8700809848310334,92.89919068619174
0.016910161077238174,4.676651910598505,51.04615954293611
0.0105072274974877,5.652985312960164,63.489689230848555
0.018164057268829338,4.460081498859873,71.95433733531422
0.010487264870353516,6.9005676546740515,81.09025658913389
0.012530237711058479,0.45534397755045575,57.927359892030566
0.016062281818400595,0.07064948545607863,69.8722006088229
0.010370815411846618,6.274244427773131,72.49819050716873
0.010232017204391796,5.784195998245894,77.94554715783991
0.012229348143211022,7.919395303782041,94.96584819969388
0.014991941127342043,4.950711482215377,81.98690972365272
0.013500468350286036,0.5697691451435647,56.75322284585981
0.011752283629036719,2.1769834588453083,70.50457614119132
0.016450028092579654,2.9204146013774874,64.62770124434698
0.01950082963433933,5.40488475322913,85.87556484343077
0.01511656263972545,6.664688807702448,76.49918559276323
0.02470177901227315,1.7150218251706242,62.72085690681528
0.013018212618853223,6.634183824465243,62.98454573283404
0.021386239885930122,2.0465768701753655,80.44106028151437
0.01120556369071389,6.3465773496581726,74.86710698312349
0.019008813379501766,0.2869073097364594,91.19424247278648
0.012868444310662239,2.80278688628071,55.39388982750354
0.011817020108050538,1.8848702635203094,52.17257223814761
0.011959947937286929,3.4422355906105397,68.67642134969736
0.011682013375458758,1.4815373920039572,52.30832107420322
0.010502651412986024,5.786961855507447,60.209935480061475
0.010395433034273106,4.195713125085216,68.23987594501173
0.011260639205937426,7.840952191475953,55.6598723261908
0.011835724744369865,1.900049754949187,58.23908721909109
0.010436141975472057,5.577547180216623,83.99238134386786
0.013496592068240457,6.5820952016617005,83.4587915793282
0.011274052127860685,4.4460456557109085,63.22111184423253
0.01030231877983428,0.963974370165519,98.55042507458046
0.016910161077238174,4.676651910598505,51.04615954293611
0.0105072274974877,5.652985312960164,63.489689230848555
0.020879551111167932,3.1301991907187254,78.36384621821398
0.010513130739875663,7.01369669542197,81.40892999806965
0.012530237711058479,0.45534397755045575,57.927359892030566
0.016062281818400595,0.07064948545607863,69.8722006088229
0.010370815411846618,6.274244427773131,72.49819050716873
0.010232017204391796,5.784195998245894,77.94554715783991
0.012229348143211022,7.919395303782041,94.96584819969388
0.014991941127342043,4.950711482215377,81.98690972365272
0.013500468350286036,0.5697691451435647,56.75322284585981
0.011728467982152681,2.245652859460514,71.0016389766688
0.016513615788109212,2.854970009097072,65.28789932487427
0.01950082963433933,5.40488475322913,85.87556484343077
0.01511656263972545,6.664688807702448,76.49918559276323
0.02531894835173274,1.2771651762157,59.973209359378885
0.014723745182219486,5.463147251396816,70.09233930734429
0.01593895329261439,4.137219574111135,76.51319639065458
0.011523133959840825,6.661990200796394,80.0410184209189
0.018587040400514065,0.47570821955922327,89.84687549958274
0.011666683512344955,2.426688460585072,51.63574194647594
0.011817020108050538,1.8848702635203094,52.17257223814761
0.011959947937286929,3.4422355906105397,68.67642134969736
0.011682013375458758,1.4815373920039572,52.30832107420322
0.010604689756795203,5.755996509242099,60.51594456102141
0.010395433034273106,4.195713125085216,68.23987594501173
0.011260639205937426,7.840952191475953,55.6598723261908
0.012457745910451398,0.14287234453194841,55.78068123168816
0.010436141975472057,5.577547180216623,83.99238134386786
0.013333477175040936,6.331574241160786,83.96070387053393
0.011274052127860685,4.4460456557109085,63.22111184423253
0.01030231877983428,0.963974370165519,98.55042507458046
0.016910161077238174,4.676651910598505,51.04615954293611
0.0105072274974877,5.652985312960164,63.489689230848555
0.017642691396448616,4.098615721523073,76.55712986196174
0.010513130739875663,7.01369669542197,81.40892999806965
0.012436753230220901,0.7523292952857408,58.3213173291751
0.014047054770746647,0.7197557006389949,61.79159880074526
0.010370815411846618,6.274244427773131,72.49819050716873
0.010232017204391796,5.784195998245894,77.94554715783991
0.013345465574728769,7.353028973914859,91.98211351243782
0.016496073860579098,2.7560816444640928,72.85582170341175
0.012516473502355388,3.601484043839705,68.34209267801845
0.011728467982152681,2.245652859460514,71.0016389766688
0.016513615788109212,2.854970009097072,65.28789932487427
0.01950082963433933,5.40488475322913,85.87556484343077
0.01511656263972545,6.664688807702448,76.49918559276323
0.02531894835173274,1.2771651762157,59.973209359378885
0.014723745182219486,5.463147251396816,70.09233930734429
0.01827152590996163,2.1727066105936936,69.84575779934093
0.011504251684146866,6.968921630631536,81.83157468629896
0.018587040400514065,0.47570821955922327,89.84687549958274
0.011666683512344955,2.426688460585072,51.63574194647594
0.011817020108050538,1.8848702635203094,52.17257223814761
0.012082153588608927,3.1405715439945654,67.60096792329259
0.011682013375458758,1.4815373920039572,52.30832107420322
0.010604689756795203,5.755996509242099,60.51594456102141
0.010376774473984423,3.952493557741426,69.03268484305688
0.011271364058457177,7.771985264189997,55.66095465050629
0.012457745910451398,0.14287234453194841,55.78068123168816
0.010436141975472057,5.577547180216623,83.99238134386786
0.013333477175040936,6.331574241160786,83.96070387053393
0.012419163047061917,1.1516409059649861,61.74017283965047
0.010338336201843094,1.2170141473771103,96.95631157949828
0.016910161077238174,4.676651910598505,51.04615954293611
0.010505939284085363,5.658852200151754,63.57476140040437
0.021449354634687612,5.303973028189764,80.1416571881591
0.010354247886489573,7.126761789685513,81.63606607871748
0.012202510029054708,1.2081001945216283,60.883232596328895
0.012593258946139146,3.359702840264645,62.88923925664035
0.010370815411846618,6.274244427773131,72.49819050716873
0.010091201857785417,5.848631586619535,85.33314869658082
0.013345465574728769,7.353028973914859,91.98211351243782
0.01558588471561307,3.197151910311179,71.44558287927549
0.01348857256098921,2.606740641892024,70.64711101844333
0.011708480062613214,2.2195829458652554,70.96920643551138
0.01692363404782016,3.2099082606551157,65.8690919433576
0.019289154514673477,5.408916700194078,85.83158946252144
0.015793244009705387,5.371001340187886,72.51860889752408
0.02531894835173274,1.2771651762157,59.973209359378885
0.01341638959914353,5.008816713407855,69.7736472173808
0.023491144105126024,2.1354256623576053,68.95227433463879
0.011504251684146866,6.968921630631536,81.83157468629896
0.018587040400514065,0.47570821955922327,89.84687549958274
0.011666683512344955,2.426688460585072,51.63574194647594
0.011817020108050538,1.8848702635203094,52.17257223814761
0.011902362496894258,2.9497721841004436,67.29417188532248
0.011682013375458758,1.4815373920039572,52.30832107420322
0.010040154155964704,7.995884602449346,64.81687658947669
0.010376774473984423,3.952493557741426,69.03268484305688
0.011271364058457177,7.771985264189997,55.66095465050629
0.011692024060627972,2.201361248498103,66.46641191452971
0.010436141975472057,5.577547180216623,83.99238134386786
0.013967040560284473,6.911639961545571,90.34105073032586
0.012059698552995,0.9863491786489549,61.00766565004873
0.010468006164752457,1.2755803341365208,93.0290991475799
0.016910161077238174,4.676651910598505,51.04615954293611
0.010505939284085363,5.658852200151754,63.57476140040437
0.021449354634687612,5.303973028189764,80.1416571881591
0.010354247886489573,7.126761789685513,81.63606607871748
0.012202510029054708,1.2081001945216283,60.883232596328895
0.013101561590512366,2.4366763124924082,62.5054621561296
0.010366418994763387,6.267552436134983,72.69999699554141
0.010098744739836773,5.8414339025409685,85.30054258447669
0.013345465574728769,7.353028973914859,91.98211351243782
0.0193392868806387,4.1046898279239485,75.08724938914872
0.01348857256098921,2.606740641892024,70.64711101844333
0.01184213192874672,1.8373383166779549,71.79103418190478
0.018425685422698523,3.846794422939128,67.45537030787152
0.023216613429015074,6.050725288670387,93.23443891437104
0.018875392262709737,7.288969592108889,76.65712849959093
0.020942574527753315,2.5716962406910153,61.03725637413893
0.013204045981081668,5.056242668906788,69.32138255046006
0.019339131965512055,2.046313275177301,62.98441526262701
0.01139606901876906,7.079818116027451,82.51377376947656
0.018327373885810433,0.5856686933389152,89.18858399081532
0.011666683512344955,2.426688460585072,51.63574194647594
0.011817020108050538,1.8848702635203094,52.17257223814761
0.011902362496894258,2.9497721841004436,67.29417188532248
0.011682013375458758,1.4815373920039572,52.30832107420322
0.010135545780566833,7.737397487484003,64.94377604411665
0.010376774473984423,3.952493557741426,69.03268484305688
0.011271364058457177,7.771985264189997,55.66095465050629
0.010584295690295672,1.9878139579096852,66.59288699196348
0.010436141975472057,5.577547180216623,83.99238134386786
0.010187161470831806,7.723793335992213,95.4935308309704
0.012059698552995,0.9863491786489549,61.00766565004873
0.010468006164752457,1.2755803341365208,93.0290991475799
0.016665687834055982,4.736985216471244,51.531703167416694
0.01039442042775125,6.284664994058801,63.986947213387474
0.019917184594068417,5.555689608671942,80.34802640861932
0.010942778640254208,4.62452159927555,68.6365718027186
0.012202510029054708,1.2081001945216283,60.883232596328895
0.013101561590512366,2.4366763124924082,62.5054621561296
0.010366418994763387,6.267552436134983,72.69999699554141
0.010098744739836773,5.8414339025409685,85.30054258447669
0.014530586110462434,7.519125398615053,97.73831731529225
0.019711444810357637,4.255736837467631,75.82793914213373
0.01348857256098921,2.606740641892024,70.64711101844333
0.01195218228082591,1.8823281315710825,70.0901298045941
0.018425685422698523,3.846794422939128,67.45537030787152
0.023216613429015074,6.050725288670387,93.23443891437104
0.018875392262709737,7.288969592108889,76.65712849959093
0.02058091356804196,2.5733965611131695,61.50351721882912
0.013204045981081668,5.056242668906788,69.32138255046006
0.01948449998220434,1.9779244649241825,62.827011938556595
0.01120096080319008,7.052473406303692,81.56612108890883
0.018327373885810433,0.5856686933389152,89.18858399081532
0.011666683512344955,2.426688460585072,51.63574194647594
0.011817020108050538,1.8848702635203094,52.17257223814761
0.011118725072096571,3.119240503868016,65.63771499650468
0.011682013375458758,1.4815373920039572,52.30832107420322
0.010135545780566833,7.737397487484003,64.94377604411665
0.010328704137182374,5.362969667142124,56.388879735982414
0.011271364058457177,7.771985264189997,55.66095465050629
0.010584295690295672,1.9878139579096852,66.59288699196348
0.01051886336700852,4.983175641402067,89.2343876098524
0.010187161470831806,7.723793335992213,95.4935308309704
0.012138553244952714,0.6973589399959683,62.88805209906124
0.010468006164752457,1.2755803341365208,93.0290991475799
0.016665687834055982,4.736985216471244,51.531703167416694
0.010562614343473815,6.5367952025930025,51.86279494075721
0.020300008361842144,5.994312509904768,83.65719028872124
0.010856623630560051,4.907471860680429,69.05075000055758
0.012202510029054708,1.2081001945216283,60.883232596328895
0.01395904674542681,0.9042199774132618,61.80053740321367
0.010353950699727246,6.073607653623633,72.70590744586552
0.010098744739836773,5.8414339025409685,85.30054258447669
0.014530586110462434,7.519125398615053,97.73831731529225
0.02038074262220521,4.149983657050255,81.16697889498886
0.016026728890707005,0.5756449546795821,54.760904440262436
0.011305383017863487,3.96697992815133,68.25781067044372
0.018105844590449137,3.9968972892155845,67.35847080626245
0.021256686042229703,6.38205714898956,94.25070035369005
0.018886505135189042,7.2986289117304555,76.66952701329004
0.02058091356804196,2.5733965611131695,61.50351721882912
0.013204045981081668,5.056242668906788,69.32138255046006
0.018181366796159438,2.7807266038536316,63.122063715845314
0.01120096080319008,7.052473406303692,81.56612108890883
0.018327373885810433,0.5856686933389152,89.18858399081532
0.011666683512344955,2.426688460585072,51.63574194647594
0.011874167423461191,2.0555979774760553,52.11511079602712
0.011253119261201476,1.9694528663813582,63.347080713713815
0.011682013375458758,1.4815373920039572,52.30832107420322
0.010135545780566833,7.737397487484003,64.94377604411665
0.010303298865439242,5.415829059104305,59.58295947218889
0.011271364058457177,7.771985264189997,55.66095465050629
0.010105480678468452,2.2086474410251373,72.82369177110206
0.01051886336700852,4.983175641402067,89.2343876098524
0.010306624697091397,7.729103379786507,91.10456504629046
0.01214921354311208,0.7598951203283792,62.68083797862823
0.010468006164752457,1.2755803341365208,93.0290991475799
0.016665687834055982,4.736985216471244,51.531703167416694
0.010562614343473815,6.5367952025930025,51.86279494075721
0.020300008361842144,5.994312509904768,83.65719028872124
0.010905934738273528,4.7930765070275205,68.69218710321461
0.012223718076345914,1.1969587799220989,61.2326241396227
0.014135494322486893,1.8792341052716655,60.40938012913985
0.010353950699727246,6.073607653623633,72.70590744586552
0.010098744739836773,5.8414339025409685,85.30054258447669
0.013767165620771338,5.426907090254081,85.65735136989703
0.02038074262220521,4.149983657050255,81.16697889498886
0.016026728890707005,0.5756449546795821,54.760904440262436
0.011560421325045544,3.3132137448665935,62.72904935696296
0.017550934163412142,4.183742419166084,66.21854641973026
0.021256686042229703,6.38205714898956,94.25070035369005
0.018886505135189042,7.2986289117304555,76.66952701329004
0.016575982090955805,4.553362252941027,62.82257090262936
0.015212734930331265,7.8318509065405095,51.91614303005468
0.018181366796159438,2.7807266038536316,63.122063715845314
0.010923267046921887,6.828142848446904,68.64456714874011
0.018327373885810433,0.5856686933389152,89.18858399081532
0.011477201695282538,3.0160913254953754,55.88403827119782
0.01197229404380396,2.2574176242093875,53.80040652400947
0.0116629171016575,0.5949167539340268,55.553699017679286
0.011682013375458758,1.4815373920039572,52.30832107420322
0.010135545780566833,7.737397487484003,64.94377604411665
0.010307358942527264,5.41089978665513,60.916446085500894
0.011271364058457177,7.771985264189997,55.66095465050629
0.010105480678468452,2.2086474410251373,72.82369177110206
0.010399490852753449,5.2990439580779665,91.17613482588285
0.010306624697091397,7.729103379786507,91.10456504629046
0.01214921354311208,0.7598951203283792,62.68083797862823
0.010468006164752457,1.2755803341365208,93.0290991475799
0.016665687834055982,4.736985216471244,51.531703167416694
0.010562614343473815,6.5367952025930025,51.86279494075721
0.02031874107958492,6.008857628063481,83.67323206810364
0.010905934738273528,4.7930765070275205,68.69218710321461
0.014076275124228287,2.297386222410705,66.37641994149246
0.014186619896746496,1.8225271681817024,60.24313399179985
0.010353950699727246,6.073607653623633,72.70590744586552
0.010098744739836773,5.8414339025409685,85.30054258447669
0.016891930769339928,3.3480925669324098,80.73868003261373
0.020383899324052306,4.077870575562022,81.06961186801793
0.015620696941177422,0.7070037127401025,54.68259306047333
0.01186795732501808,3.2925649334637237,62.77193977315476
0.022242842932851975,1.9352525872407194,67.02512673563122
0.021256686042229703,6.38205714898956,94.25070035369005
0.01847150635776133,7.459112932098825,73.59121116814197
0.016575982090955805,4.553362252941027,62.82257090262936
0.015212734930331265,7.8318509065405095,51.91614303005468
0.018236885146121012,2.864937633153548,63.660180385528776
0.010923267046921887,6.828142848446904,68.64456714874011
0.017819369033186944,1.7365291620943557,81.54091621454565
0.010915154809992774,3.028659290045584,55.237475974795
0.011599911534006692,2.3553754906886692,51.72679947738586
0.0116629171016575,0.5949167539340268,55.553699017679286
0.011607687319974202,2.0052856842374407,53.90860391772857
0.010135545780566833,7.737397487484003,64.94377604411665
0.010307358942527264,5.41089978665513,60.916446085500894
0.011271364058457177,7.771985264189997,55.66095465050629
0.010105480678468452,2.2086474410251373,72.82369177110206
0.010486472787326924,4.495495305304315,99.82089298090642
0.010306624697091397,7.729103379786507,91.10456504629046
0.01194926725071589,1.3406510239231797,58.69356076357565
0.010468006164752457,1.2755803341365208,93.0290991475799
0.016665687834055982,4.736985216471244,51.531703167416694
0.010562614343473815,6.5367952025930025,51.86279494075721
0.02031874107958492,6.008857628063481,83.67323206810364
0.01009625112735582,5.4947929525597115,71.09810668173151
0.014076275124228287,2.297386222410705,66.37641994149246
0.014291343464805017,1.3718584745147715,54.42229106542549
0.011166539996677775,5.8750655596260914,71.41515640521415
0.010098744739836773,5.8414339025409685,85.30054258447669
0.01762640302623398,4.874016789858592,95.79293093460376
0.02038872866456525,3.934751403478122,80.8766390736253
0.015787177881270983,1.3490333360344242,54.180614416351
0.01186795732501808,3.2925649334637237,62.77193977315476
0.021776789609453718,1.9679468975207237,66.13172186754079
0.021819043319144263,7.037026738559949,99.9473678163904
0.017462247694810133,6.709506565849617,70.37989742290434
0.016575982090955805,4.553362252941027,62.82257090262936
0.015212734930331265,7.8318509065405095,51.91614303005468
0.017711584093574678,2.253126905505689,58.33889170125771
0.010923267046921887,6.828142848446904,68.64456714874011
0.019629636306442176,2.0722133523096327,89.18229948817022
0.010915154809992774,3.028659290045584,55.237475974795
0.011599911534006692,2.3553754906886692,51.72679947738586
0.0116629171016575,0.5949167539340268,55.553699017679286
0.011607687319974202,2.0052856842374407,53.90860391772857
0.010135545780566833,7.737397487484003,64.94377604411665
0.010279385412979588,5.013012280104349,53.838094344015985
0.011271364058457177,7.771985264189997,55.66095465050629
0.010105480678468452,2.2086474410251373,72.82369177110206
0.010486472787326924,4.495495305304315,99.82089298090642
0.010306624697091397,7.729103379786507,91.10456504629046
0.01194926725071589,1.3406510239231797,58.69356076357565
0.010468006164752457,1.2755803341365208,93.0290991475799
0.016665687834055982,4.736985216471244,51.531703167416694
0.010523673605882319,6.168103769118158,53.64834005728962
0.019277220913699156,6.025790443247575,80.48065268141114
0.01009625112735582,5.4947929525597115,71.09810668173151
0.016247639731805555,2.455096106213502,78.81218368640151
0.01416833437786448,1.3201544884962177,53.888599148729156
0.012014535365818705,4.046727947230524,51.998677413867895
0.010098744739836773,5.8414339025409685,85.30054258447669
0.01762640302623398,4.874016789858592,95.79293093460376
0.01962444550741133,4.25641597833104,78.76287882235846
0.014415093558577854,1.3300860792564786,64.20161010907708
0.01186795732501808,3.2925649334637237,62.77193977315476
0.021776789609453718,1.9679468975207237,66.13172186754079
0.021819043319144263,7.037026738559949,99.9473678163904
0.017462247694810133,6.709506565849617,70.37989742290434
0.014794793441917729,4.273270629310618,63.544668593005014
0.015212734930331265,7.8318509065405095,51.91614303005468
0.017711584093574678,2.253126905505689,58.33889170125771
0.010841714273536796,7.515409579368118,70.0879478329856
0.019629636306442176,2.0722133523096327,89.18229948817022
0.010768083212645574,1.070235889296633,55.06263019089739
0.01160840200851741,2.118140424187497,52.24250299714484
0.010984633723048743,0.3985755274385623,56.004486028513
0.011219938403101455,3.7111252593599726,64.99392247655692
0.010135545780566833,7.737397487484003,64.94377604411665
0.010305119824237426,5.127531960218125,54.58175244498981
0.011271364058457177,7.771985264189997,55.66095465050629
0.010105480678468452,2.2086474410251373,72.82369177110206
0.010486472787326924,4.495495305304315,99.82089298090642
0.010306624697091397,7.729103379786507,91.10456504629046
0.01142586555522921,3.1130333299707447,56.84122571610643
0.010468006164752457,1.2755803341365208,93.0290991475799
0.016665687834055982,4.736985216471244,51.531703167416694
0.010608261604082183,5.869609726922432,55.02669511572486
0.01799259449971722,6.651572962907351,71.49367737427163
0.010093903895751074,5.168500635886227,57.72938693478886
0.014711258857846046,3.8932529761907975,76.3327286497809
0.013392034163735415,1.8276578799866412,54.72438791598144
0.011984467992373835,4.034028815697477,52.49041461478962
0.0104057487229249,5.084264741185861,78.5778578818319
0.01576925942718827,3.9159045264012065,93.95270966026833
0.016140087661766646,4.988332394248808,69.14742629452255
0.014324035821966064,1.3264211774158683,60.39595865170467
0.012764469518105438,1.374848017634534,68.85653209074974
0.01882705225545893,1.5390026345442371,63.363722020102884
0.021819043319144263,7.037026738559949,99.9473678163904
0.018842013302083897,6.5159339927737365,71.4036286191791
0.015294771269392781,3.9015396661736768,63.39453218587354
0.015686757154796407,7.774819914647548,55.36252589276795
0.016541575458179223,2.8903853613035384,57.575389437615456
0.011657685884741448,6.751604719355693,71.40478596565954
0.020880864201212823,1.4746349555569118,87.63611100359397
0.010768083212645574,1.070235889296633,55.06263019089739
0.01160840200851741,2.118140424187497,52.24250299714484
0.010984633723048743,0.3985755274385623,56.004486028513
0.011219938403101455,3.7111252593599726,64.99392247655692
0.010135545780566833,7.737397487484003,64.94377604411665
0.010305119824237426,5.127531960218125,54.58175244498981
0.011271364058457177,7.771985264189997,55.66095465050629
0.010105480678468452,2.2086474410251373,72.82369177110206
0.010486472787326924,4.495495305304315,99.82089298090642
0.010306624697091397,7.729103379786507,91.10456504629046
0.011715270360169281,3.0514848155459626,57.09627154146331
0.010390952665087745,0.032294976505062856,98.60418866723337
0.015271137910448554,3.958129158383846,60.86909632212951
0.010590955462226114,5.976296475762176,57.096629929445115
0.01799259449971722,6.651572962907351,71.49367737427163
0.010093903895751074,5.168500635886227,57.72938693478886
0.014715016204977924,3.8922136000195646,76.3307693628169
0.013392034163735415,1.8276578799866412,54.72438791598144
0.011622610012861394,4.251169129215879,53.493165032944205
0.0104057487229249,5.084264741185861,78.5778578818319
0.01576925942718827,3.9159045264012065,93.95270966026833
0.01428008729229328,6.051772381488335,63.995184293413445
0.014324035821966064,1.3264211774158683,60.39595865170467
0.013002392665863704,0.5637205453644607,73.84867384689534
0.01882705225545893,1.5390026345442371,63.363722020102884
0.021819043319144263,7.037026738559949,99.9473678163904
0.02651693566052512,7.698069002402126,83.4003628120874
0.015314322651503483,3.8547243663145823,65.48377230128213
0.015686757154796407,7.774819914647548,55.36252589276795
0.016949281227735022,3.018918562636793,57.75283255156164
0.011657685884741448,6.751604719355693,71.40478596565954
0.01692456133086037,1.7441358690977478,82.19756521052078
0.010768083212645574,1.070235889296633,55.06263019089739
0.01160840200851741,2.118140424187497,52.24250299714484
0.01125579521052667,1.3845338522779795,55.05144724910398
0.010727448276315846,4.138173230851525,67.32238536913715
0.010832208762098474,7.152117525334706,66.67777062480448
0.010305119824237426,5.127531960218125,54.58175244498981
0.011271364058457177,7.771985264189997,55.66095465050629
0.010105480678468452,2.2086474410251373,72.82369177110206
0.010486472787326924,4.495495305304315,99.82089298090642
0.010306624697091397,7.729103379786507,91.10456504629046
0.011715270360169281,3.0514848155459626,57.09627154146331
0.010390952665087745,0.032294976505062856,98.60418866723337
0.01668865887445723,5.565271768593027,65.50441941095357
0.01062141195797616,6.122987470029093,53.5641292747385
0.01589195777492092,6.257153640531898,67.83309925599191
0.010391146126318996,4.607427207169872,56.74183899867277
0.014769996527949752,3.9780121496160055,77.22868467320453
0.013392034163735415,1.8276578799866412,54.72438791598144
0.011622610012861394,4.251169129215879,53.493165032944205
0.0104057487229249,5.084264741185861,78.5778578818319
0.016309318260537786,3.5053822861366246,77.3851654084032
0.014109277964452072,6.899894392093131,59.15063859230804
0.013129055392643632,2.874459287191333,58.19106215078186
0.012668082165766122,1.1457277146292109,74.4575428002505
0.016044862181889483,2.4318100670040126,64.72351120271568
0.021300359825160348,7.099431057627029,96.1762747904138
0.02651693566052512,7.698069002402126,83.4003628120874
0.016192454551011884,3.003894046400416,67.61729143675788
0.015686757154796407,7.774819914647548,55.36252589276795
0.018779013905545008,2.374223380185746,58.69849045950908
0.012464629886979908,7.2411074521235985,85.29726221242986
0.015966591109504765,1.766785829161443,74.74723730388172
0.010768083212645574,1.070235889296633,55.06263019089739
0.011688570496238372,2.158413356278057,52.43131839622484
0.01125579521052667,1.3845338522779795,55.05144724910398
0.010777221300317021,4.745497576490502,62.69531180739379
0.01085565916130074,7.2151221322961305,66.96199355128209
0.010097581541892744,5.433073281866543,54.21167920748247
0.011271364058457177,7.771985264189997,55.66095465050629
0.010106725599253899,1.8903566987602494,74.44687277841147
0.010464525759525,3.470015234660821,99.54133886421425
0.010306624697091397,7.729103379786507,91.10456504629046
0.012080661182995863,2.025484667825312,58.276143055538185
0.01101363583939548,0.5278815127771139,95.891750021438
0.01943154521821788,7.096717612551866,61.77783450105733
0.01062141195797616,6.122987470029093,53.5641292747385
0.01589195777492092,6.257153640531898,67.83309925599191
0.010391146126318996,4.607427207169872,56.74183899867277
0.016102267648734153,3.5631226478790996,83.79164874219788
0.013392034163735415,1.8276578799866412,54.72438791598144
0.011398336234330557,4.099891417735716,62.41082185267126
0.0104057487229249,5.084264741185861,78.5778578818319
0.01614187390582205,4.609388522090985,73.55289185062132
0.013530134834359539,4.587588108867015,65.30170316181147
0.012814985376130503,3.281321477374489,57.61156154687053
0.012668082165766122,1.1457277146292109,74.4575428002505
0.01601866149164645,2.4542709006856707,64.72953532633933
0.019333033007531142,6.793049443401187,85.86633688127264
0.02651693566052512,7.698069002402126,83.4003628120874
0.016192454551011884,3.003894046400416,67.61729143675788
0.018265165245911028,7.861548434694283,55.24005894426762
0.01835092240754026,2.3611936680667807,58.32010466302936
0.012464629886979908,7.2411074521235985,85.29726221242986
0.015345183134215887,2.4213889499569,76.54310907641627
0.010768083212645574,1.070235889296633,55.06263019089739
0.011688570496238372,2.158413356278057,52.43131839622484
0.01125579521052667,1.3845338522779795,55.05144724910398
0.010777221300317021,4.745497576490502,62.69531180739379
0.01085565916130074,7.2151221322961305,66.96199355128209
0.010097581541892744,5.433073281866543,54.21167920748247
0.011285849227587423,7.62678895216954,55.5715563276062
0.010106725599253899,1.8903566987602494,74.44687277841147
0.010464525759525,3.470015234660821,99.54133886421425
0.010306624697091397,7.729103379786507,91.10456504629046
0.012742466646649905,2.1057450002457436,61.979343125147714
0.01087186902891893,0.36235132452910523,98.14647380478536
0.01942926778092428,7.0896973131546535,62.33472032551683
0.01062141195797616,6.122987470029093,53.5641292747385
0.015910769950710116,6.34818045571328,67.42306730306422
0.010429317553547637,4.357267118853203,59.142534059523776
0.015393531252004204,3.8454082107929257,78.69685063024185
0.013777654336505678,1.6625695703977499,50.417434431374026
0.011398336234330557,4.099891417735716,62.41082185267126
0.010342264182723397,4.7784971177808355,85.94112060470198
0.015339328487446877,3.7975356901580852,68.0577608666834
0.012134081522474114,4.483892743488594,62.52871538309923
0.013809054023606708,3.791876073344142,51.43214877093674
0.012599010720649433,1.2772240668937163,74.0278790913451
0.01740955104874452,0.5809164369301234,56.68024378330797
0.015079999963608377,6.1667645697841,71.28899807097261
0.02651693566052512,7.698069002402126,83.4003628120874
0.016874635941058994,3.4728985808671338,60.430660843511674
0.01747227339731845,7.325517948625993,59.447410865335954
0.014665768906573149,4.154682103029642,56.05262608634125
0.012464629886979908,7.2411074521235985,85.29726221242986
0.014380623960826457,3.281334811989164,85.8238718675008
0.011691707646320607,1.3428884426261825,59.39722971585143
0.011688570496238372,2.158413356278057,52.43131839622484
0.011170600152339632,1.3042076199551245,55.172213049603364
0.011191544019789034,4.32633693651445,67.86711302447681
0.010702805914430617,6.937023473813679,76.31613900232291
0.010097581541892744,5.433073281866543,54.21167920748247
0.011113008926861118,7.683340021209703,51.21298469386179
0.010106725599253899,1.8903566987602494,74.44687277841147
0.010464525759525,3.470015234660821,99.54133886421425
0.010306624697091397,7.729103379786507,91.10456504629046
0.012742466646649905,2.1057450002457436,61.979343125147714
0.01087186902891893,0.36235132452910523,98.14647380478536
0.01942926778092428,7.0896973131546535,62.33472032551683
0.01062141195797616,6.122987470029093,53.5641292747385
0.01857568980241609,7.489903909988421,67.17231722765374
0.010429317553547637,4.357267118853203,59.142534059523776
0.015393531252004204,3.8454082107929257,78.69685063024185
0.013777654336505678,1.6625695703977499,50.417434431374026
0.011398336234330557,4.099891417735716,62.41082185267126
0.010115678229230669,3.924522304424978,96.15060675200777
0.015339328487446877,3.7975356901580852,68.0577608666834
0.012383648323271882,4.6141470365362025,62.568705188943454
0.01555732357545955,1.2684286946638856,51.57426727009411
0.012599010720649433,1.2772240668937163,74.0278790913451
0.01767355242608965,0.28312606684403097,56.90947498703487
0.015079999963608377,6.1667645697841,71.28899807097261
0.02651693566052512,7.698069002402126,83.4003628120874
0.016874635941058994,3.4728985808671338,60.430660843511674
0.017582488892708505,7.507819099745637,59.00248892361669
0.014665768906573149,4.154682103029642,56.05262608634125
0.012353848682923697,6.317044295070145,77.66652703655139
0.014380623960826457,3.281334811989164,85.8238718675008
0.011691707646320607,1.3428884426261825,59.39722971585143
0.011688491829989139,2.1788632182327103,52.256643260628024
0.011170600152339632,1.3042076199551245,55.172213049603364
0.011285364615060845,4.223599735234618,65.39162096182795
0.010702805914430617,6.937023473813679,76.31613900232291
0.010097581541892744,5.433073281866543,54.21167920748247
0.011113008926861118,7.683340021209703,51.21298469386179
0.010106725599253899,1.8903566987602494,74.44687277841147
0.010464525759525,3.470015234660821,99.54133886421425
0.010306624697091397,7.729103379786507,91.10456504629046
0.012821501285170211,2.5622047248427506,55.34140413345919
0.01087186902891893,0.36235132452910523,98.14647380478536
0.019321141470822388,6.956919158387616,63.180570415614575
0.01062141195797616,6.122987470029093,53.5641292747385
0.01857568980241609,7.489903909988421,67.17231722765374
0.010429317553547637,4.357267118853203,59.142534059523776
0.016547342956123052,3.5507190565782984,84.87943095529744
0.013777654336505678,1.6625695703977499,50.417434431374026
0.011486222288515419,3.2739687035398255,61.50803204083845
0.010115678229230669,3.924522304424978,96.15060675200777
0.018334380412780946,3.482761316559381,70.02749412198925
0.013284892599045712,3.842494702875857,67.1738323207322
0.014704965895745374,1.636897906037319,59.60229102527344
0.012599010720649433,1.2772240668937163,74.0278790913451
0.01767355242608965,0.28312606684403097,56.90947498703487
0.015079999963608377,6.1667645697841,71.28899807097261
0.027131108224973284,7.947418140301354,84.35547785724594
0.01595824673442494,4.290427707130687,64.85410109893618
0.017582488892708505,7.507819099745637,59.00248892361669
0.015859000680980603,4.097622347645722,55.18232779506895
0.012495315772427698,7.379777628733535,81.56978053749984
0.014380623960826457,3.281334811989164,85.8238718675008
0.012283676143618883,1.5961154704876348,60.35416431782599
0.011688491829989139,2.1788632182327103,52.256643260628024
0.011170600152339632,1.3042076199551245,55.172213049603364
0.010977099024982602,4.271733835260102,63.14130255295003
0.010702805914430617,6.937023473813679,76.31613900232291
0.010097581541892744,5.433073281866543,54.21167920748247
0.011461325387857879,6.8963184354068705,51.10899215099968
0.010206085235564991,4.792499594927648,82.7265611983363
0.01043935884522327,3.6046518122914244,96.43239858095077
0.010306624697091397,7.729103379786507,91.10456504629046
0.012821501285170211,2.5622047248427506,55.34140413345919
0.01087186902891893,0.36235132452910523,98.14647380478536
0.019262048516329705,6.957855473271612,63.191105450473074
0.01109684084131659,5.451108936340125,53.09013854900379
0.01857568980241609,7.489903909988421,67.17231722765374
0.010389927688814938,5.439776549761653,69.40376778995
0.016547342956123052,3.5507190565782984,84.87943095529744
0.013777654336505678,1.6625695703977499,50.417434431374026
0.011513343431447092,3.12713239701598,60.2675672847686
0.010115678229230669,3.924522304424978,96.15060675200777
0.017401455806986602,3.092663786118494,73.54278363868485
0.015028548652365727,5.935818946688003,77.07156246887149
0.014382377987088177,2.0641063211211774,60.949484863026896
0.012151779709421183,1.131006451249847,82.98675597217097
0.01767355242608965,0.28312606684403097,56.90947498703487
0.01661385969393766,6.404521598463015,71.90555121579281
0.02062575327684891,4.9871267317922685,83.76105724096571
0.019763622225391412,3.548499048503044,71.76430840473265
0.01663392989771453,6.999497435509602,63.659643899719235
0.015912061171087254,4.29631780403758,55.762781515987534
0.012495315772427698,7.379777628733535,81.56978053749984
0.014380623960826457,3.281334811989164,85.8238718675008
0.012283676143618883,1.5961154704876348,60.35416431782599
0.011688491829989139,2.1788632182327103,52.256643260628024
0.011170600152339632,1.3042076199551245,55.172213049603364
0.010977099024982602,4.271733835260102,63.14130255295003
0.010702805914430617,6.937023473813679,76.31613900232291
0.010097581541892744,5.433073281866543,54.21167920748247
0.011461325387857879,6.8963184354068705,51.10899215099968
0.010206085235564991,4.792499594927648,82.7265611983363
0.010393369281907998,3.8506842554133405,90.7511774234279
0.010306624697091397,7.729103379786507,91.10456504629046
0.012821501285170211,2.5622047248427506,55.34140413345919
0.01087186902891893,0.36235132452910523,98.14647380478536
0.019262048516329705,6.957855473271612,63.191105450473074
0.011090955529496288,5.449698579615157,53.087775757851006
0.018283491268317822,7.41610691139552,66.64372561614536
0.010389927688814938,5.439776549761653,69.40376778995
0.015668006071435436,3.5935808687052333,85.71844059692057
0.013777654336505678,1.6625695703977499,50.417434431374026
0.011513343431447092,3.12713239701598,60.2675672847686
0.010115678229230669,3.924522304424978,96.15060675200777
0.017401455806986602,3.092663786118494,73.54278363868485
0.013379357489466987,5.260650997464666,83.47616680773848
0.015440658734355418,1.4219867478881558,59.88767351450973
0.012151779709421183,1.131006451249847,82.98675597217097
0.01767355242608965,0.28312606684403097,56.90947498703487
0.01661385969393766,6.404521598463015,71.90555121579281
0.020379580788232626,4.594878504560324,81.52200876124084
0.022982657534265663,3.7129049022924403,76.25002537581426
0.01663392989771453,6.999497435509602,63.659643899719235
0.015912061171087254,4.29631780403758,55.762781515987534
0.012601182759042595,7.3804420992016535,81.29677975207198
0.014029058184531845,3.0647973974494596,82.46686429685869
0.012267572479126432,1.6281210993899378,60.35235402268421
0.011688491829989139,2.1788632182327103,52.256643260628024
0.011170600152339632,1.3042076199551245,55.172213049603364
0.011045533715869247,4.088760955454311,64.29746140381152
0.010702805914430617,6.937023473813679,76.31613900232291
0.010097581541892744,5.433073281866543,54.21167920748247
0.012178288556829052,5.710267177202185,53.524310122648615
0.010206085235564991,4.792499594927648,82.7265611983363
0.010393369281907998,3.8506842554133405,90.7511774234279
0.01075358227505403,7.4370186523198205,89.99821435787096
0.012567858735881373,2.780226506691774,56.62050248913645
0.01087186902891893,0.36235132452910523,98.14647380478536
0.019142458545659963,7.041564607759196,62.65970829772501
0.011090955529496288,5.449698579615157,53.087775757851006
0.016826598367791344,7.017798659321917,63.89788356188289
0.010281805969788843,4.845956871387228,63.28063047895594
0.01437257835371128,3.639342313599686,87.27166827241902
0.013777654336505678,1.6625695703977499,50.417434431374026
0.0108439341685995,4.217441579151004,57.40418495782964
0.010084517731044379,3.752357599943317,99.18960937476439
0.023871369464497534,2.461964409267564,56.55005545361785
0.0130581557051065,5.089039950430179,85.43190836744267
0.015440658734355418,1.4219867478881558,59.88767351450973
0.012020461621746135,1.440909070541137,80.41806249992517
0.01767355242608965,0.28312606684403097,56.90947498703487
0.020560493020894924,6.0489860668439075,68.96073403105692
0.02107644765179484,4.762780091350485,81.41832618978732
0.02631557873297636,1.0863793058932316,83.06337019022934
0.01663392989771453,6.999497435509602,63.659643899719235
0.01470757820307747,2.7117326847108565,50.236195739829874
0.01266907020169822,5.895783413424525,73.29906796231013
0.014029058184531845,3.0647973974494596,82.46686429685869
0.012267572479126432,1.6281210993899378,60.35235402268421
0.011688491829989139,2.1788632182327103,52.256643260628024
0.011101965983762403,1.9162927485353292,55.641161589806146
0.0114224627397702,3.764766666436513,62.396639573915344
0.010702805914430617,6.937023473813679,76.31613900232291
0.010278607037102247,5.412037225764426,56.1206526473172
0.011803431280967166,6.08047748570565,53.29339242522821
0.010206085235564991,4.792499594927648,82.7265611983363
0.010327663858642207,3.7822303568585296,92.12155148304208
0.01075358227505403,7.4370186523198205,89.99821435787096
0.011883444018435826,2.5674833610416714,54.41498173951237
0.01087186902891893,0.36235132452910523,98.14647380478536
0.019142458545659963,7.041564607759196,62.65970829772501
0.011090955529496288,5.449698579615157,53.087775757851006
0.0169873588912225,7.033069005935069,64.09666820358488
0.010281805969788843,4.845956871387228,63.28063047895594
0.01429028611309641,3.74737930762807,88.49401891198609
0.013777654336505678,1.6625695703977499,50.417434431374026
0.0108439341685995,4.217441579151004,57.40418495782964
0.010084517731044379,3.752357599943317,99.18960937476439
0.023777630655949275,2.4383631075084846,53.24809746010146
0.01358607942488074,4.67189385725083,98.95414843691108
0.015440658734355418,1.4219867478881558,59.88767351450973
0.011752642581586202,1.96541582534027,77.77824673796265
0.01767355242608965,0.28312606684403097,56.90947498703487
0.022313772863941393,6.731733009669606,63.77252546008427
0.021735021803975924,5.6297431200586505,86.16160943279112
0.02447546076561027,2.614060870790822,77.82922607051309
0.01663392989771453,6.999497435509602,63.659643899719235
0.01470757820307747,2.7117326847108565,50.236195739829874
0.012635107787749459,4.850330386009059,67.70242592081966
0.014029058184531845,3.0647973974494596,82.46686429685869
0.01224166381517104,1.629804213309051,60.3561481997612
0.011688491829989139,2.1788632182327103,52.256643260628024
0.011101965983762403,1.9162927485353292,55.641161589806146
0.0114224627397702,3.764766666436513,62.396639573915344
0.010702805914430617,6.937023473813679,76.31613900232291
0.010330576651927555,5.633601417658507,59.82738026728798
0.011720071233961784,6.006676013651123,53.269335164300706
0.010206085235564991,4.792499594927648,82.7265611983363
0.010327663858642207,3.7822303568585296,92.12155148304208
0.01075358227505403,7.4370186523198205,89.99821435787096
0.011883444018435826,2.5674833610416714,54.41498173951237
0.01087186902891893,0.36235132452910523,98.14647380478536
0.019142458545659963,7.041564607759196,62.65970829772501
0.011840026672454549,5.045955901863417,60.45262822634642
0.01647970547107232,6.414623843303355,68.68883146672403
0.010281805969788843,4.845956871387228,63.28063047895594
0.01429028611309641,3.74737930762807,88.49401891198609
0.013777654336505678,1.6625695703977499,50.417434431374026
0.010341034623659498,3.843977864851368,56.62478414772085
0.010084517731044379,3.752357599943317,99.18960937476439
0.023777630655949275,2.4383631075084846,53.24809746010146
0.014646530041260233,3.5332755698378313,88.04611311479178
0.014472968158830746,1.484851181186005,60.02938631782525
0.012637903622680828,2.0002334734581693,75.97237505196713
0.015451480688528923,0.8353539889691635,56.48061608377231
0.022313772863941393,6.731733009669606,63.77252546008427
0.021735021803975924,5.6297431200586505,86.16160943279112
0.02447546076561027,2.614060870790822,77.82922607051309
0.013748139675273925,6.374165295696592,61.905163627226734
0.01470757820307747,2.7117326847108565,50.236195739829874
0.012635107787749459,4.850330386009059,67.70242592081966
0.013370685326271205,3.241595361722645,77.39753478378348
0.01224166381517104,1.629804213309051,60.3561481997612
0.011688491829989139,2.1788632182327103,52.256643260628024
0.011101965983762403,1.9162927485353292,55.641161589806146
0.01206175822586584,3.1587999674030156,61.90119571191004
0.010702805914430617,6.937023473813679,76.31613900232291
0.010330576651927555,5.633601417658507,59.82738026728798
0.011720071233961784,6.006676013651123,53.269335164300706
0.010206085235564991,4.792499594927648,82.7265611983363
0.010327663858642207,3.7822303568585296,92.12155148304208
0.010843005347687559,7.088046539852575,88.21693788638397
0.011883444018435826,2.5674833610416714,54.41498173951237
0.010861601161207133,2.7549272467490935,94.61417449644641
0.018588979821179095,6.9531297331239355,62.48180835257111
0.011840026672454549,5.045955901863417,60.45262822634642
0.01647970547107232,6.414623843303355,68.68883146672403
0.010281805969788843,4.845956871387228,63.28063047895594
0.01429028611309641,3.74737930762807,88.49401891198609
0.01330207458553697,1.1260087286268814,50.51012315019164
0.010341034623659498,3.843977864851368,56.62478414772085
0.01141810820672247,3.027536455484182,88.57721887945871
0.02427377001673272,2.4731376433979113,52.94239410648874
0.014398938414599403,3.3443064400528026,86.55785406412882
0.014472968158830746,1.484851181186005,60.02938631782525
0.012637903622680828,2.0002334734581693,75.97237505196713
0.015451480688528923,0.8353539889691635,56.48061608377231
0.022313772863941393,6.731733009669606,63.77252546008427
0.017206924416715896,4.900076453681098,91.22508583940716
0.02226733560624584,2.8069066303213632,80.68370388871872
0.013512143150819828,6.417783691651791,63.021934519877426
0.01470757820307747,2.7117326847108565,50.236195739829874
0.01198445707497983,4.723852617798794,67.96661447531164
0.010087874731272936,1.8223722184502082,65.5647918191058
0.01224166381517104,1.629804213309051,60.3561481997612
0.011688491829989139,2.1788632182327103,52.256643260628024
0.010838972831702478,1.798558405014388,57.158750540610974
0.011778658788294386,3.352847196038223,62.35390623937649
0.010702805914430617,6.937023473813679,76.31613900232291
0.010330576651927555,5.633601417658507,59.82738026728798
0.01173287400058325,5.737162452751936,53.359114167458024
0.010206085235564991,4.792499594927648,82.7265611983363
0.010079948482896544,3.8712873863340898,96.43852922457012
0.010843005347687559,7.088046539852575,88.21693788638397
0.011883444018435826,2.5674833610416714,54.41498173951237
0.010861601161207133,2.7549272467490935,94.61417449644641
0.019256909175753505,6.9544938728845995,61.31009242909263
0.011840026672454549,5.045955901863417,60.45262822634642
0.01647970547107232,6.414623843303355,68.68883146672403
0.010261430678442408,4.874942547419115,63.39341512227402
0.01409229179678435,3.5427208728039785,85.77456277808285
0.013252175591225112,1.1107162392772891,50.10444865552461
0.010341034623659498,3.843977864851368,56.62478414772085
0.011369726178861336,3.0979909747618817,88.34366993717778
0.025321573579732057,2.2004253251907255,52.90757675658849
0.015114005753204303,2.941933159992528,91.25608147667879
0.012994409634839886,2.2880539558996755,72.28361064804545
0.012133617011497379,3.2867613261807938,76.06195996379503
0.015451480688528923,0.8353539889691635,56.48061608377231
0.01751635114823786,4.301645737866143,62.145279132790925
0.017206924416715896,4.900076453681098,91.22508583940716
0.02124895527661252,2.794085680000562,76.58209827738214
0.013837297362347433,6.448161530373187,62.9250441221009
0.014424305705905206,2.8583594638237733,53.31134521485173
0.012156127985794903,4.032407763165751,77.93422810987491
0.01003643405725018,1.760371933384227,63.63346342310615
0.01224166381517104,1.629804213309051,60.3561481997612
0.011688491829989139,2.1788632182327103,52.256643260628024
0.010323622851163977,0.9517551493731582,54.3016820006167
0.011778264397662747,3.3419661591398016,62.366125109991685
0.010702805914430617,6.937023473813679,76.31613900232291
0.010330576651927555,5.633601417658507,59.82738026728798
0.01173287400058325,5.737162452751936,53.359114167458024
0.010206085235564991,4.792499594927648,82.7265611983363
0.010079948482896544,3.8712873863340898,96.43852922457012
0.010843005347687559,7.088046539852575,88.21693788638397
0.012142052467555876,2.2244392828228383,50.05001597860673
0.010861601161207133,2.7549272467490935,94.61417449644641
0.018725100359704393,6.866606124805895,61.37463607696531
0.012450048291204727,5.1405821982218285,52.13679735215539
0.01647970547107232,6.414623843303355,68.68883146672403
0.010261430678442408,4.874942547419115,63.39341512227402
0.01409229179678435,3.5427208728039785,85.77456277808285
0.012563968289854233,3.0285456072974104,55.147608510603334
0.010341034623659498,3.843977864851368,56.62478414772085
0.011369726178861336,3.0979909747618817,88.34366993717778
0.025321573579732057,2.2004253251907255,52.90757675658849
0.015114005753204303,2.941933159992528,91.25608147667879
0.013636034853009503,1.9395015332542214,66.96585065965179
0.012189196603646136,3.2144188439782306,76.56239874401936
0.015451480688528923,0.8353539889691635,56.48061608377231
0.014034866773649731,3.1188244666900387,62.83794594850771
0.0198966206270252,5.809376021267967,89.78849726067291
0.02124895527661252,2.794085680000562,76.58209827738214
0.013623489826601222,6.023504153198811,61.99379947534296
0.014424305705905206,2.8583594638237733,53.31134521485173
0.012156127985794903,4.032407763165751,77.93422810987491
0.010057309116870776,1.7015955328624455,62.955158775817935
0.01224166381517104,1.629804213309051,60.3561481997612
0.011688491829989139,2.1788632182327103,52.256643260628024
0.010323622851163977,0.9517551493731582,54.3016820006167
0.01171197716824754,3.586883324356651,62.6536433837179
0.010485447184132357,7.377978470792227,76.69862452334526
0.010330576651927555,5.633601417658507,59.82738026728798
0.01173287400058325,5.737162452751936,53.359114167458024
0.010206085235564991,4.792499594927648,82.7265611983363
0.010909581995957552,3.420602527484247,89.56256522587951
0.010617387409039282,7.6202463972131,92.55232114388234
0.012142052467555876,2.2244392828228383,50.05001597860673
0.010548236447009455,2.6464691664943034,98.87510321658985
0.018537806786746835,6.71532534429109,61.345213990048094
0.012474013789413686,4.696270314995916,52.770185609535005
0.01647970547107232,6.414623843303355,68.68883146672403
0.010261430678442408,4.874942547419115,63.39341512227402
0.01376638923942917,3.8458355327099456,81.29706938245465
0.012589762351835926,2.5503327967309346,55.82932419315981
0.010341034623659498,3.843977864851368,56.62478414772085
0.011657267141812526,3.2560343568137116,84.65741757271809
0.02411322689574879,2.2937257009139174,55.08412299500189
0.015114005753204303,2.941933159992528,91.25608147667879
0.014518315935557783,1.4884979562775282,58.64339849333935
0.01229740649700365,3.777415031228563,67.52308168496027
0.015977514092157814,0.5437581489954142,52.37428616392553
0.014034866773649731,3.1188244666900387,62.83794594850771
0.015813921291040242,4.104903848080113,78.65433882882368
0.02124895527661252,2.794085680000562,76.58209827738214
0.014227734649202352,7.944781085881173,62.70991155914448
0.014424305705905206,2.8583594638237733,53.31134521485173
0.01302121954625897,2.300045135174022,78.5740332921229
0.010057309116870776,1.7015955328624455,62.955158775817935
0.011921060610412624,1.6403412049160293,60.73761148524922
0.012189750205007142,2.6295278652506813,51.50558743654595
0.010323622851163977,0.9517551493731582,54.3016820006167
0.011750806297155289,3.443805085801796,61.59302720020781
0.010485447184132357,7.377978470792227,76.69862452334526
0.010330576651927555,5.633601417658507,59.82738026728798
0.011568052868810992,5.783005341676835,53.3361489168161
0.010224049941029927,4.205471838929284,78.38204067985308
0.010909581995957552,3.420602527484247,89.56256522587951
0.010617387409039282,7.6202463972131,92.55232114388234
0.012142052467555876,2.2244392828228383,50.05001597860673
0.010548236447009455,2.6464691664943034,98.87510321658985
0.018537806786746835,6.71532534429109,61.345213990048094
0.012474013789413686,4.696270314995916,52.770185609535005
0.014424669850584257,4.9065510735515305,66.8541733475123
0.01097378962310043,4.04544245094979,59.001819088618774
0.01363553268418876,3.634980800833609,84.16810582314766
0.011710430072290069,3.4282594317055413,58.686026009055254
0.010341034623659498,3.843977864851368,56.62478414772085
0.012570000792125176,2.1974347134395074,98.56189068699054
0.024822912191693233,2.147233788626782,55.22521220122221
0.015114005753204303,2.941933159992528,91.25608147667879
0.014518315935557783,1.4884979562775282,58.64339849333935
0.010532487906249404,2.840608975113251,68.07805235104415
0.015977514092157814,0.5437581489954142,52.37428616392553
0.01642760709128909,4.515993242163651,68.34150845658712
0.018449751588979428,4.530512993856818,89.70668980313692
0.02124895527661252,2.794085680000562,76.58209827738214
0.014227734649202352,7.944781085881173,62.70991155914448
0.014424305705905206,2.8583594638237733,53.31134521485173
0.013627322104799635,0.958608873071805,75.04954591224768
0.010063861247584181,1.7142062293446665,63.43456205354481
0.011921060610412624,1.6403412049160293,60.73761148524922
0.012189750205007142,2.6295278652506813,51.50558743654595
0.010323622851163977,0.9517551493731582,54.3016820006167
0.011746329089729862,3.4481072236839094,61.59843934075318
0.010485447184132357,7.377978470792227,76.69862452334526
0.01096973813905271,5.273940879163609,64.02688129010959
0.011409372291277193,7.6451750911765295,50.009116060185015
0.010554549999676274,3.940502868191957,73.86320861989984
0.010865835171732407,3.419164526541109,91.02458607878896
0.010617387409039282,7.6202463972131,92.55232114388234
0.012142052467555876,2.2244392828228383,50.05001597860673
0.010548236447009455,2.6464691664943034,98.87510321658985
0.018545640270120463,6.909688557997432,58.82214715394615
0.012474013789413686,4.696270314995916,52.770185609535005
0.012689100957158675,4.454951235287772,62.50662301372027
0.01097378962310043,4.04544245094979,59.001819088618774
0.013697982335409416,3.573493236868446,81.72507863442097
0.011618333981850448,3.5817269152519233,60.06566828784161
0.010341034623659498,3.843977864851368,56.62478414772085
0.012936749677907911,2.644842681454662,93.08761489127637
0.0220749654254625,2.8764394333285437,58.298401412271375
0.014636424486292144,3.5482496183340775,85.93874625246906
0.013372659584018268,2.230238998006136,63.56544991330718
0.010532487906249404,2.840608975113251,68.07805235104415
0.015977514092157814,0.5437581489954142,52.37428616392553
0.018025062811581973,4.879855964674425,70.6361609804124
0.018449751588979428,4.530512993856818,89.70668980313692
0.02124895527661252,2.794085680000562,76.58209827738214
0.014227734649202352,7.944781085881173,62.70991155914448
0.013224328674931398,2.6273646909285895,57.95091420373936
0.01360802483594911,0.24448543835108127,73.22646171695754
0.010063861247584181,1.7142062293446665,63.43456205354481
0.011528603994740235,2.300938828363837,64.50723273053794
0.012071515720607414,1.7699023580200883,50.9795998631874
0.010732039894835444,3.4695614531902894,52.68698433061548
0.011745556924212645,3.4495326829863906,61.61601485067436
0.0102117915734435,7.937102099790344,76.84225838076756
0.01113034190366401,4.854918870080552,63.04601511951056
0.011409372291277193,7.6451750911765295,50.009116060185015
0.010509419737430435,3.920100596489993,70.21956181727617
0.010865835171732407,3.419164526541109,91.02458607878896
0.012353304607275805,5.448872918950233,74.65882312821196
0.012231605285833363,3.5913230447897444,60.48204302276374
0.010548236447009455,2.6464691664943034,98.87510321658985
0.018545640270120463,6.909688557997432,58.82214715394615
0.012474013789413686,4.696270314995916,52.770185609535005
0.012183396272409367,6.181728542549158,66.81104001429748
0.010811080585307751,4.006597735740195,58.669364412326225
0.010989550250560217,3.8530562085056563,83.56979627799045
0.012142422353525738,4.4066341568698615,56.760801548846395
0.010341034623659498,3.843977864851368,56.62478414772085
0.012936749677907911,2.644842681454662,93.08761489127637
0.0220749654254625,2.8764394333285437,58.298401412271375
0.014309250555085196,2.4971937236872934,81.89447406245297
0.013324341894452231,2.3595997365564996,61.73655669649658
0.010587909329821076,1.9598539576750067,66.56345824766635
0.015977514092157814,0.5437581489954142,52.37428616392553
0.02168935719059497,5.323421684597632,76.71461585094472
0.017889187900702937,4.445845352380632,87.07209824013445
0.025372415052207355,3.1167482937537563,80.45708947194973
0.014373242229363887,7.82733802626327,63.01363283993121
0.013224328674931398,2.6273646909285895,57.95091420373936
0.012223701841964536,1.7968394930845004,63.34001536465873
0.010063861247584181,1.7142062293446665,63.43456205354481
0.011532920978435019,2.3625585996982443,64.29354540151931
0.012071515720607414,1.7699023580200883,50.9795998631874
0.010732039894835444,3.4695614531902894,52.68698433061548
0.011795712009837953,3.4641639590046402,61.49900086890535
0.0102117915734435,7.937102099790344,76.84225838076756
0.01113034190366401,4.854918870080552,63.04601511951056
0.011073388263686984,5.319839461689824,56.7799564062882
0.010509419737430435,3.920100596489993,70.21956181727617
0.010865835171732407,3.419164526541109,91.02458607878896
0.012152712663785883,5.203981427362133,71.94034426869058
0.012231605285833363,3.5913230447897444,60.48204302276374
0.010979017071895874,2.601954361625039,93.11214983452857
0.018545640270120463,6.909688557997432,58.82214715394615
0.012474013789413686,4.696270314995916,52.770185609535005
0.013028817662767173,7.963694342239291,68.15781968939505
0.01060779600997831,3.872023662058653,56.276767601903664
0.010989550250560217,3.8530562085056563,83.56979627799045
0.011622154370813263,3.8321983366555266,70.50494687246314
0.010341034623659498,3.843977864851368,56.62478414772085
0.012936749677907911,2.644842681454662,93.08761489127637
0.0220749654254625,2.8764394333285437,58.298401412271375
0.014982602390294543,2.591262511435336,95.67582373973369
0.013324341894452231,2.3595997365564996,61.73655669649658
0.012640490585559865,2.4940735845892155,66.11751555238939
0.015977514092157814,0.5437581489954142,52.37428616392553
0.017346814338459287,3.7189754063231693,65.09502219513688
0.014629471059074767,4.106955925573988,70.73675836104488
0.025372415052207355,3.1167482937537563,80.45708947194973
0.013222755890663705,6.476045720073138,70.00291713641047
0.013179392744871506,2.653046724990662,57.96429211894973
0.012223701841964536,1.7968394930845004,63.34001536465873
0.010075228910067695,2.1924028365268136,64.4648725435944
0.01122588082455798,2.7441849160886957,62.31800668847144
0.012071515720607414,1.7699023580200883,50.9795998631874
0.010575797547335477,3.685524506957752,50.42268269426116
0.011620214742625706,4.542243293346798,68.1926241129973
0.0102117915734435,7.937102099790344,76.84225838076756
0.01113034190366401,4.854918870080552,63.04601511951056
0.011073388263686984,5.319839461689824,56.7799564062882
0.010522439670656627,3.9259865852257816,71.27074201675224
0.010898074488934154,3.7143972381071713,85.705352006816
0.012750560091942517,5.913782941790072,65.38118271937222
0.012334504110125575,4.762055484131325,66.5898129304646
0.010979017071895874,2.601954361625039,93.11214983452857
0.018545640270120463,6.909688557997432,58.82214715394615
0.012474013789413686,4.696270314995916,52.770185609535005
0.013028817662767173,7.963694342239291,68.15781968939505
0.01060779600997831,3.872023662058653,56.276767601903664
0.010989550250560217,3.8530562085056563,83.56979627799045
0.011622154370813263,3.8321983366555266,70.50494687246314
0.010341034623659498,3.843977864851368,56.62478414772085
0.013226521699992035,2.4650426712832116,94.50400681634923
0.018907949184275727,3.580322532448397,62.19588014319509
0.014982602390294543,2.591262511435336,95.67582373973369
0.011499850631634199,0.4895838873144718,57.20553930720745
0.012623007620062087,2.540989368717362,65.87655611495053
0.015977514092157814,0.5437581489954142,52.37428616392553
0.016651710757401312,3.8428398432292927,66.09421942008369
0.015298116235736832,4.382623565855907,66.6383098838919
0.025372415052207355,3.1167482937537563,80.45708947194973
0.013220829232600899,6.554117339671076,70.15969513138688
0.013179392744871506,2.653046724990662,57.96429211894973
0.012223701841964536,1.7968394930845004,63.34001536465873
0.010075228910067695,2.1924028365268136,64.4648725435944
0.01087622242678372,3.1787822957884733,60.068256314056335
0.012071515720607414,1.7699023580200883,50.9795998631874
0.010575797547335477,3.685524506957752,50.42268269426116
0.011620214742625706,4.542243293346798,68.1926241129973
0.0102117915734435,7.937102099790344,76.84225838076756
0.010309178054367927,5.737326358444449,65.08253228944953
0.011430711705882675,4.867367698778926,56.98090133178308
0.010522439670656627,3.9259865852257816,71.27074201675224
0.010628532985221274,3.777098956892535,71.63379182198051
0.012750560091942517,5.913782941790072,65.38118271937222
0.014058080486250686,4.184482658112412,65.95210354917808
0.010979017071895874,2.601954361625039,93.11214983452857
0.018545640270120463,6.909688557997432,58.82214715394615
0.012474013789413686,4.696270314995916,52.770185609535005
0.013028817662767173,7.963694342239291,68.15781968939505
0.01060779600997831,3.872023662058653,56.276767601903664
0.01067365358787655,3.48339518648855,86.83253915823484
0.012403579680842575,3.87553078756495,69.61717611043784
0.010341034623659498,3.843977864851368,56.62478414772085
0.013226521699992035,2.4650426712832116,94.50400681634923
0.0189831019348169,3.599258587001186,61.55488968265763
0.014982602390294543,2.591262511435336,95.67582373973369
0.011036155047201124,0.001426250875912416,56.15671650546657
0.013091217185949229,2.1649022684708887,60.80501617118074
0.015977514092157814,0.5437581489954142,52.37428616392553
0.016916183756611233,5.136999359722095,71.47625716111224
0.01616214868190389,3.479406497442335,65.17361525830744
0.022129465290457707,3.2414060193786463,73.87449907438571
0.013220829232600899,6.554117339671076,70.15969513138688
0.01317271570267634,2.024431354145336,55.999134718716554
0.011736768444209334,1.6800634555620757,67.10657779691128
0.010075228910067695,2.1924028365268136,64.4648725435944
0.010571432935780981,2.278083069619024,63.77972158991432
0.012190162518779954,1.6300545947225866,50.0774447242288
0.010575797547335477,3.685524506957752,50.42268269426116
0.011870420713306967,4.73529280745189,67.32440131826051
0.0102117915734435,7.937102099790344,76.84225838076756
0.01020231904736994,6.39323592295427,62.89042244363713
0.011506912713053112,5.042567857838327,52.388250387314145
0.010522439670656627,3.9259865852257816,71.27074201675224
0.010628532985221274,3.777098956892535,71.63379182198051
0.012750560091942517,5.913782941790072,65.38118271937222
0.015260916954046045,4.294670048296505,68.97042517812534
0.011122409145360097,2.188048855146092,96.060918900069
0.018935681354833193,6.835170019222734,58.162112184288816
0.012474013789413686,4.696270314995916,52.770185609535005
0.013028817662767173,7.963694342239291,68.15781968939505
0.010684821051450591,3.722475435111919,57.01564000845234
0.011096828704165758,2.966228683567356,76.57619246328612
0.012463948198122481,3.47206256219002,74.58161204933317
0.010341034623659498,3.843977864851368,56.62478414772085
0.012621002178716322,2.4224046660972585,87.49702658554801
0.01727849549391636,3.331525239820282,62.005747033257784
0.014892772760905696,2.7761297290040567,99.58547830015075
0.011036155047201124,0.001426250875912416,56.15671650546657
0.012476367393671691,2.6725505014057713,63.62395567340889
0.015944337508182034,0.6127261584037909,52.59934202985438
0.016916183756611233,5.136999359722095,71.47625716111224
0.017823129906765923,2.667333625395495,65.80993217178643
0.02185848457045634,3.205281905301609,73.3670276512259
0.013273984611269456,6.163898149239542,70.71388281527754
0.01317271570267634,2.024431354145336,55.999134718716554
0.011736768444209334,1.6800634555620757,67.10657779691128
0.010075228910067695,2.1924028365268136,64.4648725435944
0.01076440584425854,0.9665488390794876,69.77242646470978
0.012190162518779954,1.6300545947225866,50.0774447242288
0.010575797547335477,3.685524506957752,50.42268269426116
0.011870420713306967,4.73529280745189,67.32440131826051
0.0102117915734435,7.937102099790344,76.84225838076756
0.01020231904736994,6.39323592295427,62.89042244363713
0.011506912713053112,5.042567857838327,52.388250387314145
0.01046963355847562,4.3294021393227045,72.82435120015657
0.010210587681490182,3.753922596817799,72.10861598753553
0.012750560091942517,5.913782941790072,65.38118271937222
0.013136576233431275,4.0672132293941745,70.2904552525437
0.01113613246476639,2.213407877238804,95.89924877615009
0.018935681354833193,6.835170019222734,58.162112184288816
0.012474013789413686,4.696270314995916,52.770185609535005
0.012944612161573664,7.802071292314372,67.28530495913085
0.010684821051450591,3.722475435111919,57.01564000845234
0.011096828704165758,2.966228683567356,76.57619246328612
0.012544529689366247,3.4489734900672637,75.41116921876566
0.010301704283121119,3.803544003868022,56.767701590818014
0.012802817173417923,2.0062290596586108,88.30110598834459
0.016136386016284806,0.9168619222150909,64.6547267844691
0.013518209038412058,2.6095780929242745,89.56470587343662
0.011032218712637322,0.0329275152326054,56.10768705446895
0.013208216194506016,2.323266382112009,60.883403075556544
0.01704630148020739,0.3141094749234201,53.339595209259265
0.016833174891112718,5.080725487149241,71.4532665630892
0.018165812016447604,1.8319156502376313,63.85643963498183
0.018783866205006983,3.509127093350788,72.28248449460183
0.013243774712879849,6.05146132055239,70.9084178587673
0.012406983059164793,1.688072985659396,60.37841301700167
0.012337692383557313,1.4947672331333468,68.06199528460864
0.010075228910067695,2.1924028365268136,64.4648725435944
0.01076440584425854,0.9665488390794876,69.77242646470978
0.012190162518779954,1.6300545947225866,50.0774447242288
0.010836657115366983,4.065711357461791,50.97335264167986
0.013231813646450328,5.5287025764273166,76.8487348413081
0.0102117915734435,7.937102099790344,76.84225838076756
0.01020231904736994,6.39323592295427,62.89042244363713
0.011506912713053112,5.042567857838327,52.388250387314145
0.01018667364604452,4.245652097163218,73.3144058239633
0.010210587681490182,3.753922596817799,72.10861598753553
0.012750560091942517,5.913782941790072,65.38118271937222
0.013219783817640243,4.5810255401364195,65.80032174816033
0.011255985094595043,2.1470753995618,90.68890045808844
0.018843944167068905,6.518545626421278,57.927959089309766
0.012474013789413686,4.696270314995916,52.770185609535005
0.012944612161573664,7.802071292314372,67.28530495913085
0.010872633436701154,3.6487065388869366,59.17316934291391
0.011028455653118894,2.6200419479806243,80.60903296044707
0.01259858001212453,2.49292250003338,92.76544637423272
0.010301704283121119,3.803544003868022,56.767701590818014
0.012802817173417923,2.0062290596586108,88.30110598834459
0.016136386016284806,0.9168619222150909,64.6547267844691
0.013518209038412058,2.6095780929242745,89.56470587343662
0.011032218712637322,0.0329275152326054,56.10768705446895
0.013271695849563371,2.2044066046905844,60.09373231732439
0.01704630148020739,0.3141094749234201,53.339595209259265
0.016833174891112718,5.080725487149241,71.4532665630892
0.019357326910784435,1.900843089254977,62.996645651479184
0.01879431756741579,4.032655566178723,69.78532343806549
0.012667804684279239,5.576315251986108,66.13839744302003
0.011711959191893875,2.386461657461786,59.186394816095536
0.012337692383557313,1.4947672331333468,68.06199528460864
0.010075228910067695,2.1924028365268136,64.4648725435944
0.011123536436370436,1.133677788325854,64.81150250027093
0.012190162518779954,1.6300545947225866,50.0774447242288
0.010836657115366983,4.065711357461791,50.97335264167986
0.012488354571023642,3.671140630389388,69.83829852235672
0.0102117915734435,7.937102099790344,76.84225838076756
0.01020231904736994,6.39323592295427,62.89042244363713
0.011506912713053112,5.042567857838327,52.388250387314145
0.01018667364604452,4.245652097163218,73.3144058239633
0.010638125046904246,3.3645182133806095,68.42882563807711
0.012750560091942517,5.913782941790072,65.38118271937222
0.012161522919011146,4.299066704023163,62.524582135305806
0.011255985094595043,2.1470753995618,90.68890045808844
0.014652803648717828,4.4508000327412525,61.05237606947478
0.012474013789413686,4.696270314995916,52.770185609535005
0.012944612161573664,7.802071292314372,67.28530495913085
0.010309988015786305,5.911239931416327,53.615267064115066
0.011385090094298214,0.29809976495819246,82.25397067805358
0.01259858001212453,2.49292250003338,92.76544637423272
0.010190684926072287,3.982819110491664,53.699464878438754
0.012279363350825866,2.8892889201244842,83.18619384788926
0.0163267078246679,0.8227010786365048,64.91199409848329
0.011823449065353481,1.3462161527557006,98.82409006065231
0.011032218712637322,0.0329275152326054,56.10768705446895
0.012862502084213464,2.202869949631641,60.653301166906196
0.01704630148020739,0.3141094749234201,53.339595209259265
0.016948394287862344,5.202765341646814,71.5230396567207
0.017796741867542414,2.3007288092373575,60.7269353576776
0.01879431756741579,4.032655566178723,69.78532343806549
0.01321908728096494,4.8600938422967115,65.95361670561891
0.011706048415863642,2.411130260865607,59.078978279440165
0.012233699107650658,0.20898191606829464,68.66797464568153
0.010075228910067695,2.1924028365268136,64.4648725435944
0.011465893790194972,1.2630630939246577,65.0334908669796
0.012190162518779954,1.6300545947225866,50.0774447242288
0.010835027111429299,4.084604881621658,50.60183790599717
0.012495050186887032,3.5995700753037756,71.23100217884591
0.0102117915734435,7.937102099790344,76.84225838076756
0.01020231904736994,6.39323592295427,62.89042244363713
0.011494184361106542,4.895693443239989,54.331058265055646
0.010260311234317237,4.149516653341712,72.4603388024504
0.010722062068135958,3.2006916013240394,67.5204641909512
0.012832857510204116,6.617672286551833,63.982245266822964
0.013779330956056698,1.2803724025193848,50.644354762246635
0.011529551307372201,1.7609926834670815,94.61075827546321
0.01552114144674325,2.747223163271694,57.883944551096526
0.012474013789413686,4.696270314995916,52.770185609535005
0.012944612161573664,7.802071292314372,67.28530495913085
0.010309988015786305,5.911239931416327,53.615267064115066
0.011385090094298214,0.29809976495819246,82.25397067805358
0.01259858001212453,2.49292250003338,92.76544637423272
0.010190684926072287,3.982819110491664,53.699464878438754
0.014883722688220564,3.346350858201408,77.8291827591285
0.01474793922203959,1.6884987392170565,66.87643698363763
0.011823449065353481,1.3462161527557006,98.82409006065231
0.011032218712637322,0.0329275152326054,56.10768705446895
0.013628720983012082,2.0648851857760806,61.69638311839411
0.01704630148020739,0.3141094749234201,53.339595209259265
0.01983476197521943,3.328898965077432,74.57806615738932
0.015913596350066284,3.3155243518247737,61.26340285553936
0.0178527247504479,3.51589844238234,66.19149557536775
0.011867118587101346,3.7128937145527052,65.3134048185755
0.011714880537282826,2.3448528572962952,59.21110308940213
0.012233699107650658,0.20898191606829464,68.66797464568153
0.010075228910067695,2.1924028365268136,64.4648725435944
0.01212366618942035,1.735735627346294,65.81208561204791
0.012190162518779954,1.6300545947225866,50.0774447242288
0.010835027111429299,4.084604881621658,50.60183790599717
0.012495050186887032,3.5995700753037756,71.23100217884591
0.0102117915734435,7.937102099790344,76.84225838076756
0.01020231904736994,6.39323592295427,62.89042244363713
0.011385132987074751,4.819321948455304,54.2782188661355
0.010260311234317237,4.149516653341712,72.4603388024504
0.011193143428674893,3.963283692462541,66.73081449233814
0.012832857510204116,6.617672286551833,63.982245266822964
0.013779330956056698,1.2803724025193848,50.644354762246635
0.011529551307372201,1.7609926834670815,94.61075827546321
0.015514446953321572,2.738574327673881,57.95797991794965
0.012474013789413686,4.696270314995916,52.770185609535005
0.012944612161573664,7.802071292314372,67.28530495913085
0.010309988015786305,5.911239931416327,53.615267064115066
0.011161975299226573,0.2058510287153208,83.2742231926947
0.012392035596754414,2.1519291925671196,79.96631933922188
0.010190684926072287,3.982819110491664,53.699464878438754
0.015463805905299118,3.5629935530890386,74.03761388265679
0.01467986765575284,1.6603539630626594,67.18771256111476
0.011823449065353481,1.3462161527557006,98.82409006065231
0.011032218712637322,0.0329275152326054,56.10768705446895
0.013561985333996185,2.4125047271220836,66.59356403131484
0.01606195956966828,0.8183732104990664,55.74654263396475
0.022365686091891723,3.891341276398557,82.68957206583951
0.020248470936339844,0.9795331249111934,60.02849068265563
0.016987164549273088,4.271777727357773,66.3843921019069
0.011392077405409557,2.284050564105705,65.96819421491999
0.012436482554503418,1.4495713241467203,52.63824664476637
0.012233699107650658,0.20898191606829464,68.66797464568153
0.010075228910067695,2.1924028365268136,64.4648725435944
0.012131958636135828,1.722556639268175,63.84989202322853
0.012190162518779954,1.6300545947225866,50.0774447242288
0.010835027111429299,4.084604881621658,50.60183790599717
0.012495050186887032,3.5995700753037756,71.23100217884591
0.0102117915734435,7.937102099790344,76.84225838076756
0.01020231904736994,6.39323592295427,62.89042244363713
0.011385132987074751,4.819321948455304,54.2782188661355
0.010260311234317237,4.149516653341712,72.4603388024504
0.011193143428674893,3.963283692462541,66.73081449233814
0.012832857510204116,6.617672286551833,63.982245266822964
0.013779330956056698,1.2803724025193848,50.644354762246635
0.011568897308760645,1.6236691309698266,95.55111243599183
0.01639623076674336,2.1708050197629714,59.46253956518165
0.012474013789413686,4.696270314995916,52.770185609535005
0.012857440598567913,7.635341959463795,66.55823656128509
0.010364073857936782,6.785486058404677,53.57709613571881
0.011161975299226573,0.2058510287153208,83.2742231926947
0.013721707770746392,1.0460247994463483,95.83217203591097
0.010190684926072287,3.982819110491664,53.699464878438754
0.019031530371243506,4.683627257538549,81.10818992311191
0.014149299606195789,1.6325137518691477,72.55440233120376
0.011711235570996853,1.5045825323019104,97.21539224088181
0.011032218712637322,0.0329275152326054,56.10768705446895
0.013561985333996185,2.4125047271220836,66.59356403131484
0.02058195745965996,1.5242173058950936,55.42199867333915
0.01978414601871864,3.0124708116046084,76.63474355828647
0.022191246048844246,0.6506691976710348,59.662498086838866
0.015996754919753577,4.71769762690208,62.754748180679876
0.011392077405409557,2.284050564105705,65.96819421491999
0.012436482554503418,1.4495713241467203,52.63824664476637
0.012233699107650658,0.20898191606829464,68.66797464568153
0.010075228910067695,2.1924028365268136,64.4648725435944
0.01220314288443607,2.3414088057633142,61.54412184292819
0.012190162518779954,1.6300545947225866,50.0774447242288
0.0112305700356863,3.3681598732855322,50.44877570169494
0.012495050186887032,3.5995700753037756,71.23100217884591
0.0102117915734435,7.937102099790344,76.84225838076756
0.01020231904736994,6.39323592295427,62.89042244363713
0.011836944093077026,5.380557627104061,57.306686527436625
0.010260311234317237,4.149516653341712,72.4603388024504
0.011064255255341375,4.047661238991829,66.73828226009873
0.013539841146477086,7.495880979578578,68.7211218705136
0.013779330956056698,1.2803724025193848,50.644354762246635
0.01195188634398932,3.4104967796084082,86.93366539514037
0.017026100295321908,1.9490908465662984,58.60305163026778
0.012474013789413686,4.696270314995916,52.770185609535005
0.012857440598567913,7.635341959463795,66.55823656128509
0.010364073857936782,6.785486058404677,53.57709613571881
0.011161975299226573,0.2058510287153208,83.2742231926947
0.013721707770746392,1.0460247994463483,95.83217203591097
0.010190684926072287,3.982819110491664,53.699464878438754
0.018786812762826673,4.808945347647379,80.5562042689606
0.014149299606195789,1.6325137518691477,72.55440233120376
0.011644075146734295,1.6686059205762251,90.64004715272449
0.011032218712637322,0.0329275152326054,56.10768705446895
0.013354411372091533,2.4253017037379774,66.72476420943057
0.019447573247275394,1.5963595634317502,56.398334295277394
0.016199171676853925,2.2499216572050234,64.92669158386283
0.022649359177905108,0.0911161858999634,56.850963739527046
0.014995815918630084,4.711609347524581,59.917770464507896
0.011392077405409557,2.284050564105705,65.96819421491999
0.013451566699116388,2.473604433965955,50.13033193132576
0.012233699107650658,0.20898191606829464,68.66797464568153
0.010075228910067695,2.1924028365268136,64.4648725435944
0.012337828484713069,2.570534183429893,51.777228090930414
0.012190162518779954,1.6300545947225866,50.0774447242288
0.0112305700356863,3.3681598732855322,50.44877570169494
0.01231168924306518,3.8229932223614638,70.56396514780903
0.0102117915734435,7.937102099790344,76.84225838076756
0.010050526796100117,6.652018017472116,60.80443353512936
0.012409890954777049,5.867011954965072,58.562106308642775
0.010260311234317237,4.149516653341712,72.4603388024504
0.011663831776573447,4.148915608766626,65.69813075649661
0.013539841146477086,7.495880979578578,68.7211218705136
0.013779330956056698,1.2803724025193848,50.644354762246635
0.010538108083903373,3.849186196557212,90.90939594997923
0.019524688469210183,1.123535130306547,57.8245446870828
0.012060712047101048,4.567129642090329,52.9383929786526
0.012857440598567913,7.635341959463795,66.55823656128509
0.010364073857936782,6.785486058404677,53.57709613571881
0.011224417750250905,0.2890665964597208,96.34751023654825
0.013721707770746392,1.0460247994463483,95.83217203591097
0.010190684926072287,3.982819110491664,53.699464878438754
0.02167325036358228,6.55148013418127,79.5272784645111
0.012172640101344227,2.806094360699664,63.13954528120492
0.011644075146734295,1.6686059205762251,90.64004715272449
0.011032218712637322,0.0329275152326054,56.10768705446895
0.011781520351332507,1.3356052773258535,71.0774754605684
0.019447573247275394,1.5963595634317502,56.398334295277394
0.0162766785060255,2.2898126828281167,64.85356663290317
0.022051269697763037,0.1713055172711564,56.432463657698314
0.0171891677136456,5.08201486847852,56.11272125606711
0.010799933265628165,0.9638418989083264,73.19146867726886
0.013318325339249216,3.6311986324699994,53.81452683648699
0.012233699107650658,0.20898191606829464,68.66797464568153
0.010075228910067695,2.1924028365268136,64.4648725435944
0.012337828484713069,2.570534183429893,51.777228090930414
0.012190162518779954,1.6300545947225866,50.0774447242288
0.0112305700356863,3.3681598732855322,50.44877570169494
0.014367766064003314,3.053508429953638,66.93257322604902
0.01032431614994395,7.716180712707396,77.45105695933964
0.010050526796100117,6.652018017472116,60.80443353512936
0.013197955568409407,5.388793432586014,58.31981174562749
0.010260311234317237,4.149516653341712,72.4603388024504
0.011663831776573447,4.148915608766626,65.69813075649661
0.0130968920954602,7.043904951804773,69.22615845682633
0.013779330956056698,1.2803724025193848,50.644354762246635
0.010540785971280062,3.8535576692372016,90.88128024775781
0.01694651661674184,0.7708585462179912,57.27116185458752
0.012060712047101048,4.567129642090329,52.9383929786526
0.012857440598567913,7.635341959463795,66.55823656128509
0.010255651412223246,7.2023549884735605,52.238467879798414
0.011224417750250905,0.2890665964597208,96.34751023654825
0.013906821317743578,0.7295960108743182,98.16178484708686
0.010190684926072287,3.982819110491664,53.699464878438754
0.02161572528558707,6.4234095819796035,78.92948541199064
0.012409094570161502,2.1779513020484096,61.3086860915797
0.011644075146734295,1.6686059205762251,90.64004715272449
0.011604561912152783,0.04011504059538032,56.12455635478083
0.011781520351332507,1.3356052773258535,71.0774754605684
0.019447573247275394,1.5963595634317502,56.398334295277394
0.0162766785060255,2.2898126828281167,64.85356663290317
0.02099032371640962,0.8538958409873967,58.33403101755413
0.0171891677136456,5.08201486847852,56.11272125606711
0.010799933265628165,0.9638418989083264,73.19146867726886
0.013318325339249216,3.6311986324699994,53.81452683648699
0.012233699107650658,0.20898191606829464,68.66797464568153
0.010075228910067695,2.1924028365268136,64.4648725435944
0.012337828484713069,2.570534183429893,51.777228090930414
0.012190162518779954,1.6300545947225866,50.0774447242288
0.0112305700356863,3.3681598732855322,50.44877570169494
0.015521130600512821,3.639954355484904,56.89349004524969
0.01032431614994395,7.716180712707396,77.45105695933964
0.010050526796100117,6.652018017472116,60.80443353512936
0.013731694105540206,5.774422034847008,60.84545425451508
0.010198364379075078,2.5758284652238963,83.73373821327854
0.011331291245225117,5.74035481767789,75.56742171111411
0.013252150494373064,7.293183711390477,69.47080174838456
0.013300174198696599,1.2294669023227933,54.270457456109206
0.013230217957824673,4.350498460811705,76.81655317553565
0.01694651661674184,0.7708585462179912,57.27116185458752
0.011672152587420256,4.777015810738495,51.84024538136846
0.013145134654397922,7.203816795663821,65.5143875691963
0.010660220750380513,6.813468621842392,52.5427743645791
0.010803944024542827,1.7915107919922266,79.00029816544074
0.01328455705294787,1.4310658324902115,81.45806940154993
0.010177256012537363,3.9867155820397433,53.68600762002861
0.02142996297272641,6.329640959380804,78.83093439899889
0.012409094570161502,2.1779513020484096,61.3086860915797
0.011644075146734295,1.6686059205762251,90.64004715272449
0.011604561912152783,0.04011504059538032,56.12455635478083
0.011832104262879487,1.4035002856421948,70.2900887857556
0.019447573247275394,1.5963595634317502,56.398334295277394
0.016192514107354172,2.2976665210883764,64.58748985884833
0.01948725311713337,1.28536980775832,63.0156556595664
0.0171891677136456,5.08201486847852,56.11272125606711
0.010799933265628165,0.9638418989083264,73.19146867726886
0.013171227456238504,3.506776704107435,53.568195887546715
0.012233699107650658,0.20898191606829464,68.66797464568153
0.010010113490873957,2.2840422125597404,64.819983682962
0.012183986114812608,2.671724091892008,51.9149559394993
0.012190162518779954,1.6300545947225866,50.0774447242288
0.0112305700356863,3.3681598732855322,50.44877570169494
0.015521130600512821,3.639954355484904,56.89349004524969
0.01032431614994395,7.716180712707396,77.45105695933964
0.010050526796100117,6.652018017472116,60.80443353512936
0.015346920778402261,5.797345802665933,50.939069411354005
0.01018390628814148,1.4081865486519476,91.68250877156457
0.011331291245225117,5.74035481767789,75.56742171111411
0.013071663997519046,7.459144917698277,69.8516319112244
0.01255569198466874,2.935142608709428,62.323354187569414
0.01480618477251821,3.197021877919553,77.8532386474162
0.01694651661674184,0.7708585462179912,57.27116185458752
0.011670665198855176,4.6727764018030005,51.93452517848375
0.011788163881504577,6.961855665591506,63.449095209531876
0.010660220750380513,6.813468621842392,52.5427743645791
0.010504931828663853,0.6864743159824771,99.01139267111881
0.01328455705294787,1.4310658324902115,81.45806940154993
0.010211977875073278,4.189939798592973,53.603816965448985
0.02234738832738574,6.800513316573324,79.64732361170749
0.01399531401376989,2.1078034103054835,58.98699687117118
0.011644075146734295,1.6686059205762251,90.64004715272449
0.011604561912152783,0.04011504059538032,56.12455635478083
0.012427103314334543,1.1159458043943844,72.07643556507495
0.018763426558585105,2.601151971173777,55.23990652283332
0.02082723210318943,1.2977691558239455,77.79379609601297
0.01948725311713337,1.28536980775832,63.0156556595664
0.0171891677136456,5.08201486847852,56.11272125606711
0.010799933265628165,0.9638418989083264,73.19146867726886
0.013171227456238504,3.506776704107435,53.568195887546715
0.012233699107650658,0.20898191606829464,68.66797464568153
0.010010113490873957,2.2840422125597404,64.819983682962
0.01231552171349382,2.575642119441364,52.1172337273156
0.012190162518779954,1.6300545947225866,50.0774447242288
0.0112305700356863,3.3681598732855322,50.44877570169494
0.015521130600512821,3.639954355484904,56.89349004524969
0.01032431614994395,7.716180712707396,77.45105695933964
0.010050526796100117,6.652018017472116,60.80443353512936
0.016088331437100468,6.530010083753643,50.710315816796424
0.010130838937733927,1.6756276633230542,83.48008005114842
0.012548765416431065,5.130025137929726,70.14119231418925
0.012493045796275325,4.533114230889587,64.43773750944312
0.012660167918916734,4.413206618686493,54.39915459779705
0.015997607276141756,2.5088442489067924,84.76312608493181
0.01694651661674184,0.7708585462179912,57.27116185458752
0.011711602282280631,4.794130145574217,52.072727675059
0.011788163881504577,6.961855665591506,63.449095209531876
0.010363034796618856,6.974694802239887,51.80467653855088
0.010504931828663853,0.6864743159824771,99.01139267111881
0.013012225838721251,1.1143611833648004,78.14349957741064
0.010211977875073278,4.189939798592973,53.603816965448985
0.02340791486861711,6.846347036081357,84.55037295736116
0.01348228348496524,1.9519639062337273,59.011015462727364
0.011644075146734295,1.6686059205762251,90.64004715272449
0.011604561912152783,0.04011504059538032,56.12455635478083
0.012641161942764143,0.44405791402099126,71.52931215502784
0.02077466994615885,3.3206611177149035,54.99136905038518
0.020748805225579717,1.316027802209535,77.51850912780955
0.015449936141329817,2.549663257318718,58.91889570995597
0.017048066795452035,5.228785372667581,55.27182916627007
0.010799933265628165,0.9638418989083264,73.19146867726886
0.013129654021204166,3.6151913687655064,54.6750848963616
0.012233699107650658,0.20898191606829464,68.66797464568153
0.010010113490873957,2.2840422125597404,64.819983682962
0.011471209966209615,1.690699710482158,52.432085894888026
0.012190162518779954,1.6300545947225866,50.0774447242288
0.0112305700356863,3.3681598732855322,50.44877570169494
0.01488890171594194,3.005100801341305,57.76094390365821
0.01032431614994395,7.716180712707396,77.45105695933964
0.010050526796100117,6.652018017472116,60.80443353512936
0.016088331437100468,6.530010083753643,50.710315816796424
0.010130838937733927,1.6756276633230542,83.48008005114842
0.012548765416431065,5.130025137929726,70.14119231418925
0.012493045796275325,4.533114230889587,64.43773750944312
0.012312172805689005,5.0047159432451345,54.194627999407686
0.015602449926776818,2.6087102163114775,82.62867156288253
0.021730955844757843,1.4253376811524958,58.298101361884605
0.011844706661642553,6.5124886551440415,51.87375229347976
0.01262149036191392,6.954348140365784,70.25802397985416
0.010363034796618856,6.974694802239887,51.80467653855088
0.010504931828663853,0.6864743159824771,99.01139267111881
0.013012225838721251,1.1143611833648004,78.14349957741064
0.010103132948066022,3.9985226822230464,52.92394251695696
0.02340791486861711,6.846347036081357,84.55037295736116
0.015618477644672522,0.6084228109909704,67.13398802719293
0.011644075146734295,1.6686059205762251,90.64004715272449
0.011604561912152783,0.04011504059538032,56.12455635478083
0.012641161942764143,0.44405791402099126,71.52931215502784
0.021488029792091162,2.8321303213306614,55.643035904846904
0.020748805225579717,1.316027802209535,77.51850912780955
0.015422048297048364,2.5517417932830173,57.602887203283814
0.015180086489317944,5.187782968521088,61.44516035376943
0.010799933265628165,0.9638418989083264,73.19146867726886
0.012125871011893514,4.834084245774212,53.63364518042614
0.01224117981664631,0.6661477126937712,67.28826530152601
0.010010113490873957,2.2840422125597404,64.819983682962
0.011471209966209615,1.690699710482158,52.432085894888026
0.012190162518779954,1.6300545947225866,50.0774447242288
0.0112305700356863,3.3681598732855322,50.44877570169494
0.015452892446930103,3.5733180583511315,51.6354468940887
0.01032431614994395,7.716180712707396,77.45105695933964
0.010050526796100117,6.652018017472116,60.80443353512936
0.016088331437100468,6.530010083753643,50.710315816796424
0.010117811500143351,2.4828482584432354,79.80186199091634
0.012548765416431065,5.130025137929726,70.14119231418925
0.012603991393506542,4.462356068377817,64.12855328509025
0.01230073011829963,4.99119247806404,54.24744272173277
0.015565809937255521,2.6303960566215054,82.26565503955155
0.019297869880625974,1.3226154607786955,61.61314738904293
0.011844706661642553,6.5124886551440415,51.87375229347976
0.011861422403148905,7.202104340430241,71.76027796915129
0.01006971174052638,7.066196654175716,51.791001775591596
0.010504931828663853,0.6864743159824771,99.01139267111881
0.013012225838721251,1.1143611833648004,78.14349957741064
0.010103132948066022,3.9985226822230464,52.92394251695696
0.02340791486861711,6.846347036081357,84.55037295736116
0.015618477644672522,0.6084228109909704,67.13398802719293
0.011644075146734295,1.6686059205762251,90.64004715272449
0.011604561912152783,0.04011504059538032,56.12455635478083
0.012398055028511365,0.2994980115752952,71.23530430198683
0.021262592695110077,4.13764385260792,53.179116360776376
0.020421223332330665,1.4683924854502357,77.22379404530379
0.016823273250019116,1.0003391315099295,59.846957692694204
0.015103947260990847,5.983120521223742,60.45713186859169
0.010799933265628165,0.9638418989083264,73.19146867726886
0.012125871011893514,4.834084245774212,53.63364518042614
0.01224117981664631,0.6661477126937712,67.28826530152601
0.011758505994628222,2.5720519172288063,63.01124404488782
0.014159494085630837,1.6211688919035148,53.969113849662044
0.012190162518779954,1.6300545947225866,50.0774447242288
0.0112305700356863,3.3681598732855322,50.44877570169494
0.013885536184177174,2.134307602411316,53.46378096358057
0.01032431614994395,7.716180712707396,77.45105695933964
0.01019112265036976,6.212340689412435,63.436775115825924
0.015078090218330904,4.514062470734928,51.97310407731915
0.010117811500143351,2.4828482584432354,79.80186199091634
0.012548765416431065,5.130025137929726,70.14119231418925
0.01352089334397317,3.8407057556314594,62.00531867226816
0.012340604491023604,3.0689880449257756,61.20743192655877
0.01468288821022385,2.4138629524423054,84.15102800390245
0.01801000096549075,2.049148083943948,63.24047498846582
0.011844706661642553,6.5124886551440415,51.87375229347976
0.011861422403148905,7.202104340430241,71.76027796915129
0.010064641258416308,7.531607306255484,51.619118226678815
0.010504931828663853,0.6864743159824771,99.01139267111881
0.013676865318803199,0.27359071191538087,88.4749041317659
0.010103132948066022,3.9985226822230464,52.92394251695696
0.02340791486861711,6.846347036081357,84.55037295736116
0.015618477644672522,0.6084228109909704,67.13398802719293
0.010003064780616988,0.946330962357413,91.48953326585804
0.011604561912152783,0.04011504059538032,56.12455635478083
0.013773617609978476,0.018317090914758194,51.05291584296877
0.022493782081343252,4.3741855859073535,53.52933176111676
0.020337632758856878,1.5196589158418006,76.54801917674268
0.015873174404644814,1.424224735345442,58.86817623435694
0.017812083586244688,7.057857786498173,64.53664821364981
0.010799933265628165,0.9638418989083264,73.19146867726886
0.012113849681808887,5.385573890156786,54.257836090840065
0.01224117981664631,0.6661477126937712,67.28826530152601
0.01349070030093745,2.0345125198008525,61.92903068217748
0.014192361011276826,1.5946474258205179,53.71938101136781
0.012195402117717588,1.6442804092187309,50.02333883820917
0.0112305700356863,3.3681598732855322,50.44877570169494
0.013597695421553577,2.0745037847159478,58.2378299577977
0.01032431614994395,7.716180712707396,77.45105695933964
0.01019112265036976,6.212340689412435,63.436775115825924
0.017307845154075584,3.3778396757866593,52.05417692512547
0.010117811500143351,2.4828482584432354,79.80186199091634
0.012548765416431065,5.130025137929726,70.14119231418925
0.01352089334397317,3.8407057556314594,62.00531867226816
0.012340604491023604,3.0689880449257756,61.20743192655877
0.014341017455455482,2.3069538612472424,75.98753422936379
0.01682515306421995,2.0559569163209885,61.8971016870555
0.011944936400806632,5.816496159261762,53.76025435022849
0.011942153251463458,7.692738290919186,74.48753357703528
0.010064641258416308,7.531607306255484,51.619118226678815
0.010504931828663853,0.6864743159824771,99.01139267111881
0.013676865318803199,0.27359071191538087,88.4749041317659
0.010103132948066022,3.9985226822230464,52.92394251695696
0.02340791486861711,6.846347036081357,84.55037295736116
0.015373257540551065,0.6302930278403458,67.52312186448924
0.010030191071837523,1.7059232815411693,87.44308050045447
0.012434729922651672,0.9179323827909585,58.679347102384284
0.013773617609978476,0.018317090914758194,51.05291584296877
0.021901392803927902,4.356225374648718,53.50038847549505
0.020669894787291115,1.4689279573805987,77.9339185944614
0.016592405752134744,1.4657630554358814,56.73599239776651
0.017812083586244688,7.057857786498173,64.53664821364981
0.01016663931689327,1.094650834111019,75.78537807699534
0.010707295761301304,4.968558870096977,51.79340983108166
0.015586143385023789,2.5174087559468887,72.45908031177271
0.016101849646899757,0.5206462798499087,68.87018568327804
0.014268479723777913,3.096249842364748,55.25562160686441
0.012195402117717588,1.6442804092187309,50.02333883820917
0.0112305700356863,3.3681598732855322,50.44877570169494
0.014003306253867427,0.698026147742528,54.25662311877555
0.01032431614994395,7.716180712707396,77.45105695933964
0.01019112265036976,6.212340689412435,63.436775115825924
0.017307845154075584,3.3778396757866593,52.05417692512547
0.010117811500143351,2.4828482584432354,79.80186199091634
0.012845174430030987,4.79304862134491,78.18230583821888
0.014419176238576342,6.0690569662750935,58.29700389022733
0.012819770758585012,3.6908964245189138,51.33945102754441
0.014100844060694147,2.7061226296824046,76.33992798931392
0.016651192271072333,1.686701290462044,63.57418932914366
0.01134860594431883,7.2993684205075375,53.616451323822034
0.012158956572473071,6.784263061656951,71.71341300640299
0.010064641258416308,7.531607306255484,51.619118226678815
0.011020050344521332,1.355045004661622,88.40300886088164
0.013676865318803199,0.27359071191538087,88.4749041317659
0.010103132948066022,3.9985226822230464,52.92394251695696
0.02654689181728594,7.456534934768252,86.44280002311979
0.01492784829135145,1.368361353129517,65.98406698327076
0.010037410547529706,1.7285292022515124,87.39416098881912
0.010804807393508017,0.16273869325171386,55.472731578824295
0.01344794209332225,1.3830016274871566,55.220117461007064
0.021901392803927902,4.356225374648718,53.50038847549505
0.020669894787291115,1.4689279573805987,77.9339185944614
0.016592405752134744,1.4657630554358814,56.73599239776651
0.017993502089700877,7.232716038943787,65.0054273106741
0.01016663931689327,1.094650834111019,75.78537807699534
0.01239887903751133,3.5738161886321738,57.14821563259198
0.015483331702834948,2.663425708756865,72.5163111726695
0.016101849646899757,0.5206462798499087,68.87018568327804
0.014379710820002257,2.963645271098641,53.46390465685609
0.012195402117717588,1.6442804092187309,50.02333883820917
0.011704852558013734,2.5207524169696724,50.239643695760506
0.014035140793817288,1.3534317771828113,61.464206249848544
0.01032431614994395,7.716180712707396,77.45105695933964
0.01019112265036976,6.212340689412435,63.436775115825924
0.017307845154075584,3.3778396757866593,52.05417692512547
0.010117811500143351,2.4828482584432354,79.80186199091634
0.012739131924029454,4.646630018271461,78.08741209377696
0.015454263304976533,5.721404014175655,59.884358937949166
0.012856353381532133,3.2608941292543543,53.41536098596731
0.014712520230322393,2.835514619881754,74.54897680039869
0.015804878787713226,2.1294031335526267,60.871687410138776
0.011907240261808769,5.72502048818234,54.04318762255788
0.012171839936972413,4.967298338331223,64.0460525745089
0.010078429498781082,6.222350454416569,58.92753798438886
0.010631066576119431,2.4764872552714516,73.3517283647399
0.013676865318803199,0.27359071191538087,88.4749041317659
0.010103132948066022,3.9985226822230464,52.92394251695696
0.02654689181728594,7.456534934768252,86.44280002311979
0.014928587798405243,1.3662091125479052,66.00095827211518
0.010037410547529706,1.7285292022515124,87.39416098881912
0.010804807393508017,0.16273869325171386,55.472731578824295
0.01344794209332225,1.3830016274871566,55.220117461007064
0.021901392803927902,4.356225374648718,53.50038847549505
0.018935157999378012,1.9104005841610119,73.57439073459132
0.01745830907501935,1.9372015619648768,56.20826080593921
0.017993502089700877,7.232716038943787,65.0054273106741
0.01016663931689327,1.094650834111019,75.78537807699534
0.01239887903751133,3.5738161886321738,57.14821563259198
0.014861243300531114,3.4345556277622804,72.36606530152709
0.016101849646899757,0.5206462798499087,68.87018568327804
0.014379710820002257,2.963645271098641,53.46390465685609
0.012195402117717588,1.6442804092187309,50.02333883820917
0.011704852558013734,2.5207524169696724,50.239643695760506
0.012956924267152403,2.078756049215246,59.122335668682126
0.01032431614994395,7.716180712707396,77.45105695933964
0.01019112265036976,6.212340689412435,63.436775115825924
0.015822831066388807,3.4814238950188368,51.81768841508453
0.010117811500143351,2.4828482584432354,79.80186199091634
0.012561842943802142,4.282226855637787,73.31394118918998
0.0159413365922356,3.9001829215582555,58.53700101798745
0.012856353381532133,3.2608941292543543,53.41536098596731
0.016247081773757752,2.970503188526791,74.99912313622886
0.017046039461236142,0.9844178231030618,63.04614903329258
0.011907240261808769,5.72502048818234,54.04318762255788
0.01201073047005224,4.123246171300036,59.28287636298662
0.01174315207783177,3.8314487931070413,57.095870500697494
0.010631066576119431,2.4764872552714516,73.3517283647399
0.01293886300199588,0.9308632248363458,70.56742797115972
0.010103132948066022,3.9985226822230464,52.92394251695696
0.026873098924434964,7.5769911472839215,87.32697771857784
0.017065225684298795,1.2079349812347324,56.65565650106848
0.010037410547529706,1.7285292022515124,87.39416098881912
0.010804807393508017,0.16273869325171386,55.472731578824295
0.01344794209332225,1.3830016274871566,55.220117461007064
0.01846769028718177,3.738126689976978,52.402327046165844
0.018935157999378012,1.9104005841610119,73.57439073459132
0.017468852257455307,1.933686331204254,56.217659319532814
0.017993502089700877,7.232716038943787,65.0054273106741
0.01016663931689327,1.094650834111019,75.78537807699534
0.012917572726074834,3.4140389644038485,56.18345483527869
0.013998457264599534,4.306203793051525,78.51616950909369
0.013362484346934829,2.108848292470392,61.588197320147714
0.013559179065408648,3.880054991107804,53.65614964302117
0.012135180157007916,1.6466314969495397,51.06622714895742
0.011704852558013734,2.5207524169696724,50.239643695760506
0.013721394069975478,0.9748580623266596,60.3986636658363
0.01032431614994395,7.716180712707396,77.45105695933964
0.01019112265036976,6.212340689412435,63.436775115825924
0.014468944913646198,3.350019411660379,51.518415720055394
0.010982533618749355,2.1244134591554698,67.48465910612134
0.012004486556828748,4.686502588495003,79.39994160087974
0.014996542873905661,3.4411720043779956,61.35899453898476
0.010120298136027378,4.595458174367762,51.308946986366905
0.016247081773757752,2.970503188526791,74.99912313622886
0.015418597756080373,1.832956252521138,60.28808874543874
0.011907240261808769,5.72502048818234,54.04318762255788
0.010800490532067329,4.608741524519806,59.96253288753347
0.01174315207783177,3.8314487931070413,57.095870500697494
0.010631066576119431,2.4764872552714516,73.3517283647399
0.01293886300199588,0.9308632248363458,70.56742797115972
0.010103132948066022,3.9985226822230464,52.92394251695696
0.026873098924434964,7.5769911472839215,87.32697771857784
0.01735694040067562,0.5935461628102217,55.21685657540115
0.010037410547529706,1.7285292022515124,87.39416098881912
0.010804807393508017,0.16273869325171386,55.472731578824295
0.01345706445829174,1.6577839096559797,55.05924265264654
0.01846769028718177,3.738126689976978,52.402327046165844
0.022332084543418396,0.8756769990054076,82.1546833377266
0.017468852257455307,1.933686331204254,56.217659319532814
0.016138818031877084,4.845909557367431,61.012815136706024
0.010417413477341788,1.117980767719247,75.72214521924239
0.013499779447582332,2.4481739336179658,51.40870905001995
0.014998896838538875,5.734193952932946,93.25472263548843
0.013362484346934829,2.108848292470392,61.588197320147714
0.013530140358436764,3.8589633933257304,53.77053391637902
0.012135180157007916,1.6466314969495397,51.06622714895742
0.011704852558013734,2.5207524169696724,50.239643695760506
0.013862802837214378,0.968732479937167,59.74282608582561
0.01032431614994395,7.716180712707396,77.45105695933964
0.010179723940271362,5.952114760250869,61.48488602411103
0.016030282755172945,3.118096299839232,51.01575958356037
0.010982533618749355,2.1244134591554698,67.48465910612134
0.011965433712212564,5.594853213381037,87.86640167523161
0.015614756599206903,4.262809957784551,63.809683002484846
0.010232221353062513,4.537102074424187,51.49862565763083
0.01870458313804118,2.500741193852761,84.76776313447901
0.01322662267984373,2.136469129489092,53.35511384827815
0.011907240261808769,5.72502048818234,54.04318762255788
0.010800490532067329,4.608741524519806,59.96253288753347
0.01174315207783177,3.8314487931070413,57.095870500697494
0.010631066576119431,2.4764872552714516,73.3517283647399
0.01293886300199588,0.9308632248363458,70.56742797115972
0.010103132948066022,3.9985226822230464,52.92394251695696
0.025688934654852294,7.205126694839649,86.30807869237071
0.01735694040067562,0.5935461628102217,55.21685657540115
0.010488001423010478,1.7800674002471282,83.89711627234638
0.010804807393508017,0.16273869325171386,55.472731578824295
0.013533298136927805,1.859336125843181,56.94776308046078
0.01846769028718177,3.738126689976978,52.402327046165844
0.022332084543418396,0.8756769990054076,82.1546833377266
0.017468852257455307,1.933686331204254,56.217659319532814
0.016138818031877084,4.845909557367431,61.012815136706024
0.011876121097052748,2.0684393621720822,71.97191017333377
0.013499779447582332,2.4481739336179658,51.40870905001995
0.012605818380675319,5.8424078727323865,77.47863134151056
0.014346518171014087,1.5383349330767704,64.20403057756816
0.013530140358436764,3.8589633933257304,53.77053391637902
0.012135180157007916,1.6466314969495397,51.06622714895742
0.011704852558013734,2.5207524169696724,50.239643695760506
0.014133333174928866,0.35225333357200883,58.74500387271728
0.010344422313342747,7.3727414740784285,77.18236370412234
0.010179723940271362,5.952114760250869,61.48488602411103
0.016030282755172945,3.118096299839232,51.01575958356037
0.010982533618749355,2.1244134591554698,67.48465910612134
0.011896638545240272,5.049087469529246,78.34306055046854
0.018726543088803674,3.0355498301512003,72.00688177606976
0.010232221353062513,4.537102074424187,51.49862565763083
0.01870458313804118,2.500741193852761,84.76776313447901
0.013187949744317001,1.9056556176391952,52.835087838945434
0.011907240261808769,5.72502048818234,54.04318762255788
0.010140711951861236,5.281067791731203,61.75939855148425
0.01174315207783177,3.8314487931070413,57.095870500697494
0.010631066576119431,2.4764872552714516,73.3517283647399
0.01293886300199588,0.9308632248363458,70.56742797115972
0.010103132948066022,3.9985226822230464,52.92394251695696
0.025688934654852294,7.205126694839649,86.30807869237071
0.01735694040067562,0.5935461628102217,55.21685657540115
0.010488001423010478,1.7800674002471282,83.89711627234638
0.011272546588134511,0.5593987020572966,54.767380062583875
0.012262192480586312,1.5714444691878837,53.261872826700994
0.020824636217149292,4.350124166806877,52.87373323028878
0.022332084543418396,0.8756769990054076,82.1546833377266
0.017468852257455307,1.933686331204254,56.217659319532814
0.015831095341465373,4.868234614785035,61.051117336424994
0.01202529797908298,2.0496161658162313,70.61945635304227
0.01354237824376402,2.452961122749902,51.576586808017666
0.012631214357344456,5.733344578926154,76.91646117246937
0.013625838094182512,2.0636134507560695,61.97849056452759
0.013442553477322131,3.425219130070051,56.25868528332259
0.012135180157007916,1.6466314969495397,51.06622714895742
0.011704852558013734,2.5207524169696724,50.239643695760506
0.014133333174928866,0.35225333357200883,58.74500387271728
0.010486038165057655,6.20798160285357,75.03015501468315
0.010179723940271362,5.952114760250869,61.48488602411103
0.016030282755172945,3.118096299839232,51.01575958356037
0.010982533618749355,2.1244134591554698,67.48465910612134
0.011052370380222276,5.386732607114281,78.03468544346296
0.018726543088803674,3.0355498301512003,72.00688177606976
0.010232221353062513,4.537102074424187,51.49862565763083
0.01533692013664583,3.7708374146948613,81.80460236736802
0.013915051251979869,1.4063073784858053,52.787138127837
0.011907240261808769,5.72502048818234,54.04318762255788
0.010140711951861236,5.281067791731203,61.75939855148425
0.011593479948569702,5.971593409989968,60.90008781488271
0.010721799018926205,2.9181592717783262,66.66380482494208
0.01130267167428445,0.5686525489742904,75.75043519223888
0.01014703627586362,3.9940501126126375,53.035625069003956
0.022118183879191934,6.821640438741196,77.94844731988252
0.016723904182569825,1.0748257123329354,57.50797429558857
0.010488001423010478,1.7800674002471282,83.89711627234638
0.011189764439595837,2.3743862348314884,63.515453019233206
0.011923112338634806,1.2582176557581497,52.52181958428754
0.017312868813000107,2.9564871049487293,53.56992092103495
0.022332084543418396,0.8756769990054076,82.1546833377266
0.014597414168235352,3.6913407789932755,63.953640254662204
0.015831095341465373,4.868234614785035,61.051117336424994
0.012284426634318703,2.2071226825306285,73.23834297845949
0.013303822641575952,2.389183866838599,51.63036237522306
0.011983712936375679,7.575378903549433,93.40271077256892
0.013625838094182512,2.0636134507560695,61.97849056452759
0.012848859890666399,2.632686917943108,61.666519911008
0.010093199772374488,0.8752263315003028,51.09268441831138
0.011660453665025855,2.4963905872870096,51.29964579754494
0.014133333174928866,0.35225333357200883,58.74500387271728
0.010486038165057655,6.20798160285357,75.03015501468315
0.010177857961140523,5.920017969236083,61.49801620967982
0.014697673848938733,2.514641708416085,51.504414488701556
0.010982533618749355,2.1244134591554698,67.48465910612134
0.011052370380222276,5.386732607114281,78.03468544346296
0.019408721990765737,3.633207070776737,80.57104887482126
0.010147265602085417,4.596510176981379,51.4949820233427
0.015608005561705399,4.041311607311579,84.94563816341562
0.013915051251979869,1.4063073784858053,52.787138127837
0.011907240261808769,5.72502048818234,54.04318762255788
0.010140711951861236,5.281067791731203,61.75939855148425
0.011593479948569702,5.971593409989968,60.90008781488271
0.010721799018926205,2.9181592717783262,66.66380482494208
0.01130267167428445,0.5686525489742904,75.75043519223888
0.01014703627586362,3.9940501126126375,53.035625069003956
0.02562469224252465,7.911116722967657,87.37262331954352
0.015918137196110495,1.3319966355819872,58.67069785253357
0.010488001423010478,1.7800674002471282,83.89711627234638
0.011191606322338754,2.3766080112054673,63.480174424260404
0.014368239061582187,2.028657662228018,52.997303142594276
0.017312868813000107,2.9564871049487293,53.56992092103495
0.022332084543418396,0.8756769990054076,82.1546833377266
0.014597414168235352,3.6913407789932755,63.953640254662204
0.015831095341465373,4.868234614785035,61.051117336424994
0.012141336547908875,2.181567206141629,76.27140156378579
0.013303822641575952,2.389183866838599,51.63036237522306
0.011983712936375679,7.575378903549433,93.40271077256892
0.013625838094182512,2.0636134507560695,61.97849056452759
0.012848859890666399,2.632686917943108,61.666519911008
0.010093199772374488,0.8752263315003028,51.09268441831138
0.010159091278707313,2.7557304232353825,50.35836038919761
0.01432990886764676,0.875137024911707,59.01201762797088
0.010708551001524156,5.666732425373731,75.19700909564911
0.010177857961140523,5.920017969236083,61.49801620967982
0.015070161085339547,3.042150616500395,50.893905432019324
0.010982533618749355,2.1244134591554698,67.48465910612134
0.01057372818012265,6.023989433998443,83.64805042679376
0.019408721990765737,3.633207070776737,80.57104887482126
0.010147265602085417,4.596510176981379,51.4949820233427
0.015608005561705399,4.041311607311579,84.94563816341562
0.013915051251979869,1.4063073784858053,52.787138127837
0.011907240261808769,5.72502048818234,54.04318762255788
0.010124436655125291,5.260807035245904,61.47996066705905
0.012030616192037536,5.949132844765751,51.14873534813397
0.010536984173287635,2.956022019025468,67.73986134177204
0.010851906044529878,0.6829114448844384,66.56058420158053
0.01014703627586362,3.9940501126126375,53.035625069003956
0.02562469224252465,7.911116722967657,87.37262331954352
0.015918137196110495,1.3319966355819872,58.67069785253357
0.010515073346849707,2.2571460700769013,82.82919929663531
0.011191606322338754,2.3766080112054673,63.480174424260404
0.013655455555923188,2.7372316283609166,57.32105532423963
0.017312868813000107,2.9564871049487293,53.56992092103495
0.021927226110963285,1.075069096401836,80.93611729726805
0.01482639918225957,6.102016211235264,68.18367802956067
0.015831095341465373,4.868234614785035,61.051117336424994
0.011917232492583835,2.231978183019077,77.31577468423214
0.013421269050521973,2.5054328243867863,53.53107025553384
0.011983712936375679,7.575378903549433,93.40271077256892
0.013625838094182512,2.0636134507560695,61.97849056452759
0.012848859890666399,2.632686917943108,61.666519911008
0.010093199772374488,0.8752263315003028,51.09268441831138
0.010031940623835476,2.8014124925492254,50.27613888465451
0.01432990886764676,0.875137024911707,59.01201762797088
0.010708551001524156,5.666732425373731,75.19700909564911
0.010177857961140523,5.920017969236083,61.49801620967982
0.015070161085339547,3.042150616500395,50.893905432019324
0.010618754079211593,0.7079348635846356,72.77253320511436
0.01057372818012265,6.023989433998443,83.64805042679376
0.019408721990765737,3.633207070776737,80.57104887482126
0.010137465271359133,4.881688854858834,55.78147378199523
0.018526319604071143,5.026754660460735,86.79065681929599
0.013915051251979869,1.4063073784858053,52.787138127837
0.011800510890825455,5.954590669793917,54.109955547004816
0.010124436655125291,5.260807035245904,61.47996066705905
0.012030616192037536,5.949132844765751,51.14873534813397
0.010698312704017793,3.7124517410421785,73.79159409384891
0.010851906044529878,0.6829114448844384,66.56058420158053
0.01014703627586362,3.9940501126126375,53.035625069003956
0.02562469224252465,7.911116722967657,87.37262331954352
0.015924849201382124,1.3350717404180146,58.65966576385223
0.010515073346849707,2.2571460700769013,82.82919929663531
0.011132751541887441,2.030771578489609,64.38587000176645
0.015464839579578372,1.4440873116666526,55.18992629474301
0.018947342070759522,2.719826677778774,53.69178984238507
0.02276034450179134,1.019534652831185,83.19410793379306
0.01482639918225957,6.102016211235264,68.18367802956067
0.01584318170217259,4.377203628169885,60.720579704453584
0.010916468328259326,2.4570945874249226,81.9795510340646
0.013421269050521973,2.5054328243867863,53.53107025553384
0.01231588748627179,5.677624449868281,81.21754978624982
0.014129551758140393,0.9898671176199745,64.14987583527129
0.012622118108865547,2.4113019491676715,62.22221069957541
0.01073422023588005,1.2656343601349103,52.16602307819872
0.010031940623835476,2.8014124925492254,50.27613888465451
0.013289587346871233,1.6508413609552144,57.52563006553126
0.010708551001524156,5.666732425373731,75.19700909564911
0.010177857961140523,5.920017969236083,61.49801620967982
0.020096522518675476,3.2823220879569197,51.510217872533815
0.010618754079211593,0.7079348635846356,72.77253320511436
0.01057372818012265,6.023989433998443,83.64805042679376
0.017934302901305606,3.4323420977752686,70.48555099510084
0.010137465271359133,4.881688854858834,55.78147378199523
0.018526319604071143,5.026754660460735,86.79065681929599
0.014337646622610093,1.3913288325676487,54.0219403593828
0.011800510890825455,5.954590669793917,54.109955547004816
0.010124436655125291,5.260807035245904,61.47996066705905
0.012030616192037536,5.949132844765751,51.14873534813397
0.01060976785269044,4.088024499568867,71.70009038304177
0.010851906044529878,0.6829114448844384,66.56058420158053
0.01014703627586362,3.9940501126126375,53.035625069003956
0.02562469224252465,7.911116722967657,87.37262331954352
0.015924849201382124,1.3350717404180146,58.65966576385223
0.010515073346849707,2.2571460700769013,82.82919929663531
0.011387056870560226,2.51901044168663,72.1834310500104
0.015464839579578372,1.4440873116666526,55.18992629474301
0.014926622548089333,1.7081622267983758,60.08326925690937
0.02276034450179134,1.019534652831185,83.19410793379306
0.01482639918225957,6.102016211235264,68.18367802956067
0.016114058383541085,4.912646228161508,60.178504469026755
0.010916468328259326,2.4570945874249226,81.9795510340646
0.0134166951067855,2.515220035336759,53.46249619781955
0.01231588748627179,5.677624449868281,81.21754978624982
0.014054923071351717,0.9554870513086007,64.11873562464537
0.012622118108865547,2.4113019491676715,62.22221069957541
0.01073422023588005,1.2656343601349103,52.16602307819872
0.010031940623835476,2.8014124925492254,50.27613888465451
0.012671464645286006,2.1117377763914265,56.64247050634715
0.01045670289142071,5.665025790944547,74.25367096507294
0.010177857961140523,5.920017969236083,61.49801620967982
0.020096522518675476,3.2823220879569197,51.510217872533815
0.010618754079211593,0.7079348635846356,72.77253320511436
0.01057372818012265,6.023989433998443,83.64805042679376
0.020215926386022133,3.7937482028514733,66.6895290975242
0.010137465271359133,4.881688854858834,55.78147378199523
0.018526319604071143,5.026754660460735,86.79065681929599
0.014337646622610093,1.3913288325676487,54.0219403593828
0.011729439351257314,5.977483868450142,54.132227376805254
0.010173370123941702,5.27011425842001,61.92068636710579
0.012030616192037536,5.949132844765751,51.14873534813397
0.0106123852178,4.087944318869274,71.69872516839925
0.010749794402657518,0.6938707450355157,69.28118023478265
0.01014703627586362,3.9940501126126375,53.035625069003956
0.02562469224252465,7.911116722967657,87.37262331954352
0.014669315623262342,1.302655054345936,66.78125970083143
0.010515073346849707,2.2571460700769013,82.82919929663531
0.011387056870560226,2.51901044168663,72.1834310500104
0.01567822109876621,1.409036825461587,53.998413446440296
0.016538455170140784,2.099576008177515,56.53380721234909
0.02276034450179134,1.019534652831185,83.19410793379306
0.01625726367483607,6.180260975350311,76.90205663804973
0.016770826265932848,4.780368576540464,56.54049827755411
0.011181904952613377,1.212613418753727,89.3400616732284
0.0134166951067855,2.515220035336759,53.46249619781955
0.012078638991036004,5.750662431810821,82.12339098875405
0.014054923071351717,0.9554870513086007,64.11873562464537
0.011584286176901245,2.5676113840451125,57.435660409984074
0.01073422023588005,1.2656343601349103,52.16602307819872
0.010031940623835476,2.8014124925492254,50.27613888465451
0.013590492272662725,2.7898244454030428,50.598081017888646
0.010621802612108997,6.77807605883225,83.57343439833781
0.010177857961140523,5.920017969236083,61.49801620967982
0.020096522518675476,3.2823220879569197,51.510217872533815
0.010618754079211593,0.7079348635846356,72.77253320511436
0.01057372818012265,6.023989433998443,83.64805042679376
0.020215926386022133,3.7937482028514733,66.6895290975242
0.010137465271359133,4.881688854858834,55.78147378199523
0.020023738072002327,4.83898218641389,87.3823880674776
0.014337646622610093,1.3913288325676487,54.0219403593828
0.011226042561084571,6.862634274115715,54.15351331185266
0.010173370123941702,5.27011425842001,61.92068636710579
0.012030616192037536,5.949132844765751,51.14873534813397
0.010620210409522301,3.6960383395400043,69.27987036944863
0.010749794402657518,0.6938707450355157,69.28118023478265
0.010156106741476063,3.9696712455625023,53.353827901108154
0.02145064146721539,5.182509637595603,73.36708863465411
0.013755096696780475,2.242501510615073,65.70587581520415
0.010515073346849707,2.2571460700769013,82.82919929663531
0.01177189674703363,3.257861588781625,83.98346861218504
0.01567822109876621,1.409036825461587,53.998413446440296
0.014710191483443252,2.2722976256589202,56.866622958888634
0.02276034450179134,1.019534652831185,83.19410793379306
0.01625726367483607,6.180260975350311,76.90205663804973
0.01589135958838666,4.186437520431308,55.73343375499902
0.011181904952613377,1.212613418753727,89.3400616732284
0.0134166951067855,2.515220035336759,53.46249619781955
0.012078638991036004,5.750662431810821,82.12339098875405
0.014810281580717614,0.8849380077819129,66.83761279592366
0.011584286176901245,2.5676113840451125,57.435660409984074
0.01073422023588005,1.2656343601349103,52.16602307819872
0.010031940623835476,2.8014124925492254,50.27613888465451
0.013590492272662725,2.7898244454030428,50.598081017888646
0.010621802612108997,6.77807605883225,83.57343439833781
0.010177857961140523,5.920017969236083,61.49801620967982
0.020096522518675476,3.2823220879569197,51.510217872533815
0.010618642550222284,0.4790993046612426,73.04000903336525
0.01057372818012265,6.023989433998443,83.64805042679376
0.021652631121926415,4.566847718935508,66.6501716187287
0.010137465271359133,4.881688854858834,55.78147378199523
0.020120890655316213,4.858793953062278,87.74318080611158
0.014337646622610093,1.3913288325676487,54.0219403593828
0.01114097920405524,6.8507303844960115,58.29517467568219
0.010173370123941702,5.27011425842001,61.92068636710579
0.012970469980721402,7.429311491973256,51.55906362013614
0.010620210409522301,3.6960383395400043,69.27987036944863
0.010749794402657518,0.6938707450355157,69.28118023478265
0.010156106741476063,3.9696712455625023,53.353827901108154
0.02134620445764222,5.029023871241698,71.60443391820121
0.013389237497285546,2.0976892805090235,70.53146513697632
0.010515073346849707,2.2571460700769013,82.82919929663531
0.01177189674703363,3.257861588781625,83.98346861218504
0.01567822109876621,1.409036825461587,53.998413446440296
0.013089314932064909,1.942243922585591,58.039543546557894
0.02276034450179134,1.019534652831185,83.19410793379306
0.014650505944166614,4.579652877442455,74.67873019349162
0.01589135958838666,4.186437520431308,55.73343375499902
0.011976575686158137,1.5385378158542533,89.16411332639615
0.014876027851239896,3.1950255808059267,54.167809673926406
0.012884674206985457,5.604267583933154,81.30677834269044
0.01535649344761773,0.9378227896247967,66.02937945248452
0.011584286176901245,2.5676113840451125,57.435660409984074
0.01073422023588005,1.2656343601349103,52.16602307819872
0.010031940623835476,2.8014124925492254,50.27613888465451
0.013590492272662725,2.7898244454030428,50.598081017888646
0.010561129193192006,6.369034996269089,80.14846245631176
0.01018297786405864,6.379099622399275,63.4150330082771
0.020236068601106078,3.3975136107145723,52.867913106046586
0.010618642550222284,0.4790993046612426,73.04000903336525
0.01057372818012265,6.023989433998443,83.64805042679376
0.016439972230123,5.699410077115331,62.50698371197181
0.010113704154784606,5.046839102196687,54.07948645507105
0.020120890655316213,4.858793953062278,87.74318080611158
0.014417610211587543,1.406873299959663,53.68185288902402
0.01114097920405524,6.8507303844960115,58.29517467568219
0.010173370123941702,5.27011425842001,61.92068636710579
0.012970469980721402,7.429311491973256,51.55906362013614
0.010620210409522301,3.6960383395400043,69.27987036944863
0.010749794402657518,0.6938707450355157,69.28118023478265
0.010385070094905918,4.006897659844071,54.37779587670089
0.02808963295274889,7.889141690896753,70.70202028293079
0.013162087337180375,2.2606316447156134,72.42075454160737
0.010515073346849707,2.2571460700769013,82.82919929663531
0.011925615748362359,3.2626408274480183,83.32546462191587
0.01567822109876621,1.409036825461587,53.998413446440296
0.015007293654826882,2.4932717629947017,62.82291268422742
0.01945522578091189,3.1835126876990545,72.51393251664264
0.014774384176445995,4.720542101033622,74.00764924400933
0.017332640588138003,4.72814719876011,55.163815663847394
0.011976575686158137,1.5385378158542533,89.16411332639615
0.014876027851239896,3.1950255808059267,54.167809673926406
0.011951464614624858,5.773760273096474,82.25223424768073
0.01535649344761773,0.9378227896247967,66.02937945248452
0.011584286176901245,2.5676113840451125,57.435660409984074
0.01073422023588005,1.2656343601349103,52.16602307819872
0.010031940623835476,2.8014124925492254,50.27613888465451
0.013590492272662725,2.7898244454030428,50.598081017888646
0.010559988646997713,6.371333875192848,80.10634339609207
0.010191181631765968,7.114699359636605,66.48672416302344
0.018248399210095537,3.459220891970589,56.260386710491915
0.010596239038190338,0.44241179732375124,73.68209654224472
0.01057372818012265,6.023989433998443,83.64805042679376
0.01617191228905073,5.1501022056699615,61.42508649635379
0.010113704154784606,5.046839102196687,54.07948645507105
0.019729931296335143,4.836672082319609,83.01673928654002
0.014417610211587543,1.406873299959663,53.68185288902402
0.01114097920405524,6.8507303844960115,58.29517467568219
0.010173370123941702,5.27011425842001,61.92068636710579
0.012970469980721402,7.429311491973256,51.55906362013614
0.010510553631104447,6.236537507059249,69.27876193306528
0.010749794402657518,0.6938707450355157,69.28118023478265
0.010385070094905918,4.006897659844071,54.37779587670089
0.02808963295274889,7.889141690896753,70.70202028293079
0.014475373695009928,2.798847414111488,83.3769813046575
0.010587646560977543,1.9287946526588133,72.67470765230232
0.010691906052495072,2.7142619329043143,89.6883525120503
0.01567822109876621,1.409036825461587,53.998413446440296
0.014376031848456138,2.226473562994199,63.78048364279229
0.024396985037087413,2.896837647810126,74.32286616068555
0.017058597187449107,7.318423841154638,61.633466887365145
0.01739720075768086,4.704677893491186,54.81556129043527
0.011976575686158137,1.5385378158542533,89.16411332639615
0.017924440427082987,4.615077163840109,55.64114499011546
0.011951464614624858,5.773760273096474,82.25223424768073
0.016540113704792626,1.9119105271761958,71.4237439485631
0.011606244990686056,2.5100079194569833,59.21169360187701
0.01073422023588005,1.2656343601349103,52.16602307819872
0.010031940623835476,2.8014124925492254,50.27613888465451
0.014132095060381707,3.0179217657618285,51.22830025648694
0.010559988646997713,6.371333875192848,80.10634339609207
0.010191181631765968,7.114699359636605,66.48672416302344
0.02088196049364443,3.9853403838514376,50.617583436707235
0.010596239038190338,0.44241179732375124,73.68209654224472
0.01057372818012265,6.023989433998443,83.64805042679376
0.015441306520722349,3.5911776248815848,58.20029915117206
0.010113704154784606,5.046839102196687,54.07948645507105
0.0209847425634362,5.370445618069807,82.02184177427179
0.014417610211587543,1.406873299959663,53.68185288902402
0.01114097920405524,6.8507303844960115,58.29517467568219
0.010173370123941702,5.27011425842001,61.92068636710579
0.012970469980721402,7.429311491973256,51.55906362013614
0.010533433506479789,6.400752083422699,70.18717361546636
0.010749794402657518,0.6938707450355157,69.28118023478265
0.010385070094905918,4.006897659844071,54.37779587670089
0.02203195385040585,5.5772933588329625,64.23227365460329
0.012343334107798754,2.80007818515855,67.494598183529
0.010484754950196337,1.9428160203738225,73.18494889691986
0.010691906052495072,2.7142619329043143,89.6883525120503
0.01567822109876621,1.409036825461587,53.998413446440296
0.014628348171811294,2.5497114286150406,62.45878542614942
0.022539417559699425,3.326235352549594,75.50637121106945
0.017597212376694513,7.303814273005105,62.96078043411176
0.019584304444201422,3.3585250579327184,56.4244908636832
0.011976575686158137,1.5385378158542533,89.16411332639615
0.018124560315488186,4.661956766587181,56.05970861545869
0.012141126697063966,4.3345190278998125,75.10964204144477
0.015354362678569445,2.9098496176062456,74.22192991404451
0.011606244990686056,2.5100079194569833,59.21169360187701
0.01073422023588005,1.2656343601349103,52.16602307819872
0.010031940623835476,2.8014124925492254,50.27613888465451
0.014105380845857452,3.043126386349457,50.62374265649617
0.010645547003037957,6.1988829017586715,83.26591515950668
0.010191181631765968,7.114699359636605,66.48672416302344
0.01916335910704437,4.386472825332419,53.86754595389686
0.010596239038190338,0.44241179732375124,73.68209654224472
0.01057372818012265,6.023989433998443,83.64805042679376
0.015441306520722349,3.5911776248815848,58.20029915117206
0.010113704154784606,5.046839102196687,54.07948645507105
0.02035265873718429,5.089950049440628,80.07647923887035
0.013743453613514452,1.0376338312952136,52.747742726816206
0.01114097920405524,6.8507303844960115,58.29517467568219
0.01015706242167013,5.367422539097884,62.50173138012274
0.012914689415834001,7.593489324471181,51.19233424114887
0.010533433506479789,6.400752083422699,70.18717361546636
0.010742738071487469,0.5828111117667367,69.47934972701252
0.010385070094905918,4.006897659844071,54.37779587670089
0.02203195385040585,5.5772933588329625,64.23227365460329
0.012343334107798754,2.80007818515855,67.494598183529
0.010058538941588356,2.061207801741935,75.85799889045639
0.010691906052495072,2.7142619329043143,89.6883525120503
0.018022900915055533,0.25827580249759396,53.83036036685914
0.01814919551433547,1.3406154945754674,69.1639624295127
0.025022306897007747,4.020019856099953,83.289544205042
0.014290014779132849,6.39783491980657,62.497435917548955
0.019584304444201422,3.3585250579327184,56.4244908636832
0.011976575686158137,1.5385378158542533,89.16411332639615
0.018124560315488186,4.661956766587181,56.05970861545869
0.012653959254174788,3.0443142198543045,83.7313766915013
0.014627483168117027,2.8793573917458275,76.63315356460193
0.011665804091551605,2.281313699237811,57.720436384298736
0.01027407085363772,1.25228756719087,51.99547834745186
0.010031940623835476,2.8014124925492254,50.27613888465451
0.014105380845857452,3.043126386349457,50.62374265649617
0.010645547003037957,6.1988829017586715,83.26591515950668
0.01014656861561155,7.127098267041504,66.8714900755406
0.019839546285718684,4.648608455949734,50.254160191501526
0.010596239038190338,0.44241179732375124,73.68209654224472
0.01057372818012265,6.023989433998443,83.64805042679376
0.015441306520722349,3.5911776248815848,58.20029915117206
0.011297824307125979,5.099541603924692,55.08820168024514
0.0191027513237914,4.323591616361799,74.90817386387988
0.013743453613514452,1.0376338312952136,52.747742726816206
0.01103484701927105,7.973805409743216,55.22055544019581
0.01015706242167013,5.367422539097884,62.50173138012274
0.012914689415834001,7.593489324471181,51.19233424114887
0.010533433506479789,6.400752083422699,70.18717361546636
0.010742738071487469,0.5828111117667367,69.47934972701252
0.010385070094905918,4.006897659844071,54.37779587670089
0.023522943537273074,6.236924786511339,63.53928164671029
0.011717069139843711,2.331637526478004,62.80377125855775
0.010058538941588356,2.061207801741935,75.85799889045639
0.010691906052495072,2.7142619329043143,89.6883525120503
0.01608219262020423,1.9507362302708584,57.04366163928724
0.01750279376779482,0.24072130097207012,65.9626973248457
0.025022306897007747,4.020019856099953,83.289544205042
0.012953302513751593,4.2065726393823155,65.12841472019772
0.019584304444201422,3.3585250579327184,56.4244908636832
0.011976575686158137,1.5385378158542533,89.16411332639615
0.017974799929645065,3.5970459384151554,58.4449694752135
0.012819552165307054,3.174515385022404,92.38713251781834
0.012388696130101965,2.0636199364059093,80.38263551864546
0.011665804091551605,2.281313699237811,57.720436384298736
0.01027407085363772,1.25228756719087,51.99547834745186
0.010031940623835476,2.8014124925492254,50.27613888465451
0.014105380845857452,3.043126386349457,50.62374265649617
0.010501673289186813,6.399032834351034,82.66228116683753
0.01014656861561155,7.127098267041504,66.8714900755406
0.019839546285718684,4.648608455949734,50.254160191501526
0.0116970211547823,0.9667770001281006,74.40355198760818
0.01057372818012265,6.023989433998443,83.64805042679376
0.018258177371680985,2.565743869848117,60.31600188604329
0.011297824307125979,5.099541603924692,55.08820168024514
0.022060067266033656,4.431024322586294,81.8727338802027
0.012820751827506405,1.6268505057021738,57.326693862173876
0.01103484701927105,7.973805409743216,55.22055544019581
0.010419124613975022,5.15158018413989,65.44327651049286
0.012914689415834001,7.593489324471181,51.19233424114887
0.010414252909217409,6.957327599569442,69.75531058098922
0.010742738071487469,0.5828111117667367,69.47934972701252
0.010385070094905918,4.006897659844071,54.37779587670089
0.023522943537273074,6.236924786511339,63.53928164671029
0.011717069139843711,2.331637526478004,62.80377125855775
0.010058538941588356,2.061207801741935,75.85799889045639
0.010775104532704393,0.778845448839097,99.92651986205556
0.01608219262020423,1.9507362302708584,57.04366163928724
0.01750279376779482,0.24072130097207012,65.9626973248457
0.025022306897007747,4.020019856099953,83.289544205042
0.012953302513751593,4.2065726393823155,65.12841472019772
0.021171806269305468,3.8569040520783755,54.08049304719115
0.011976575686158137,1.5385378158542533,89.16411332639615
0.02069163680122036,4.124140950161301,52.46887035057228
0.012819552165307054,3.174515385022404,92.38713251781834
0.012572895788963343,1.8849682881230492,82.77334242035647
0.011665804091551605,2.281313699237811,57.720436384298736
0.01027407085363772,1.25228756719087,51.99547834745186
0.010113255037615959,2.580110231327574,55.70871112743158
0.014105380845857452,3.043126386349457,50.62374265649617
0.010501673289186813,6.399032834351034,82.66228116683753
0.01014656861561155,7.127098267041504,66.8714900755406
0.019839546285718684,4.648608455949734,50.254160191501526
0.0116970211547823,0.9667770001281006,74.40355198760818
0.01052369468715862,7.634789577723527,87.84253621130752
0.018258177371680985,2.565743869848117,60.31600188604329
0.011297824307125979,5.099541603924692,55.08820168024514
0.02177716594976649,4.08178657204227,85.4181859943326
0.012820751827506405,1.6268505057021738,57.326693862173876
0.011533787990714077,6.7690576877560265,56.22804502479191
0.010419124613975022,5.15158018413989,65.44327651049286
0.012914689415834001,7.593489324471181,51.19233424114887
0.010414252909217409,6.957327599569442,69.75531058098922
0.010742738071487469,0.5828111117667367,69.47934972701252
0.010379696947997568,4.07719196701397,54.659263541207515
0.023522943537273074,6.236924786511339,63.53928164671029
0.012198605683244525,1.285440703042743,61.82451659090972
0.010181514884086676,1.884180684710246,79.50081518722317
0.010829346970499238,0.951609287017515,98.69101803510405
0.01590257915562056,2.166941677142474,55.915984878680945
0.01750279376779482,0.24072130097207012,65.9626973248457
0.019263181549256866,2.9392318124335066,71.06934055596545
0.011906516335151572,5.270683121255435,78.95422882710554
0.021171806269305468,3.8569040520783755,54.08049304719115
0.011976575686158137,1.5385378158542533,89.16411332639615
0.02069163680122036,4.124140950161301,52.46887035057228
0.012807312931191653,3.2074281797945448,92.13224983362176
0.012572895788963343,1.8849682881230492,82.77334242035647
0.0136846662491016,1.5755261271593242,60.57121900144951
0.01027407085363772,1.25228756719087,51.99547834745186
0.010113255037615959,2.580110231327574,55.70871112743158
0.014065216282962062,3.076256705770805,50.442403966239134
0.010501673289186813,6.399032834351034,82.66228116683753
0.01014656861561155,7.127098267041504,66.8714900755406
0.020359608410286986,4.339558060846729,51.7478106942195
0.013052355056464057,1.5707730125096608,73.15843017521952
0.01052369468715862,7.634789577723527,87.84253621130752
0.019899145009692618,2.562849461123657,61.2442384883951
0.010185837899428027,4.996086200703616,54.31949866179903
0.022421931529321457,4.3748194093196595,89.09825721638873
0.011836313305914213,1.3450927916634385,54.06905763116123
0.011533787990714077,6.7690576877560265,56.22804502479191
0.010551324973341015,6.262999161820666,69.65066796547609
0.013222884280442406,7.099584833277369,52.184497823664486
0.011872924841119882,5.684152286311713,66.07713347341596
0.010742738071487469,0.5828111117667367,69.47934972701252
0.010440981592381745,3.7867020117919985,54.766673383370815
0.025299986100593447,6.944185183900587,66.14097380009993
0.011926620140685903,1.7868606567198295,60.81036265334478
0.010181514884086676,1.884180684710246,79.50081518722317
0.010829346970499238,0.951609287017515,98.69101803510405
0.016387955172962796,1.7432900325115241,54.69206405282067
0.01750279376779482,0.24072130097207012,65.9626973248457
0.023086313552302895,2.8384492507783357,86.24056571061067
0.012274301270552398,6.752175565313291,81.94854304190008
0.02094159905136853,3.9937062306989244,53.41932371653427
0.01266609771019355,1.4057688476655632,92.87599700414744
0.01677980873669657,3.5531667847930626,53.666945855760744
0.012807312931191653,3.2074281797945448,92.13224983362176
0.012609808172830531,1.8050286911801736,83.01295272393793
0.0136846662491016,1.5755261271593242,60.57121900144951
0.01027407085363772,1.25228756719087,51.99547834745186
0.010107192985908403,1.7526975592398122,53.67742697079102
0.014065216282962062,3.076256705770805,50.442403966239134
0.010501673289186813,6.399032834351034,82.66228116683753
0.01014656861561155,7.127098267041504,66.8714900755406
0.020359608410286986,4.339558060846729,51.7478106942195
0.013052355056464057,1.5707730125096608,73.15843017521952
0.01052369468715862,7.634789577723527,87.84253621130752
0.019687204309997163,2.3473460556577823,62.437241897417515
0.010185837899428027,4.996086200703616,54.31949866179903
0.01949128012395374,4.018984519718609,90.02305466277924
0.011880937354038843,1.2463805630852685,54.06228643508061
0.01090451053855103,7.457302102615327,55.20177743084984
0.010551324973341015,6.262999161820666,69.65066796547609
0.013222884280442406,7.099584833277369,52.184497823664486
0.01134357752701467,3.294829280913237,67.67063472846267
0.010742738071487469,0.5828111117667367,69.47934972701252
0.010440981592381745,3.7867020117919985,54.766673383370815
0.024176657962744402,6.434077687964672,65.59186368214418
0.011768988464723183,1.6265437192045828,61.964622014876134
0.010186021651682888,1.2080395085364746,81.12952794137199
0.010829346970499238,0.951609287017515,98.69101803510405
0.014697970244247394,1.7458213460549765,54.41905238231352
0.014514022054813057,2.8299890155277607,67.54833377880168
0.023086313552302895,2.8384492507783357,86.24056571061067
0.011669439548962966,6.24357615627944,73.94660650775748
0.02094159905136853,3.9937062306989244,53.41932371653427
0.01236329087742866,2.1012584867215054,89.55044423738084
0.01677980873669657,3.5531667847930626,53.666945855760744
0.012807312931191653,3.2074281797945448,92.13224983362176
0.012658166002885527,1.6447448371712854,83.80160572000045
0.013567584065818754,1.6164576734582214,60.40589030298807
0.01027407085363772,1.25228756719087,51.99547834745186
0.010107192985908403,1.7526975592398122,53.67742697079102
0.014065216282962062,3.076256705770805,50.442403966239134
0.012447423958216136,6.470711988750401,80.48998319802516
0.010950496820905653,6.526739412007071,67.70210287856786
0.020359608410286986,4.339558060846729,51.7478106942195
0.01250230328529744,1.3354828337122047,72.28223090496638
0.01052369468715862,7.634789577723527,87.84253621130752
0.017025096516901893,1.9903396511022549,73.97833531764996
0.010686504139246662,4.4957334765588435,55.2205866403536
0.01640297939653882,3.646567049765003,91.69471525210552
0.011177234546079842,1.1220193263031715,53.62820959009693
0.01090451053855103,7.457302102615327,55.20177743084984
0.010551324973341015,6.262999161820666,69.65066796547609
0.013389395979576935,7.726400981645313,51.064400304146034
0.01134357752701467,3.294829280913237,67.67063472846267
0.010742738071487469,0.5828111117667367,69.47934972701252
0.010440981592381745,3.7867020117919985,54.766673383370815
0.023781525268411707,6.261509560840394,65.81830727580473
0.01171110800092384,1.2132653620835452,60.38413793405301
0.010186021651682888,1.2080395085364746,81.12952794137199
0.010829346970499238,0.951609287017515,98.69101803510405
0.014540196772560523,1.7163357579081717,55.702642172374
0.014514022054813057,2.8299890155277607,67.54833377880168
0.019248008709918652,2.8346611199221345,77.87098514281956
0.012620845658775942,5.088337330131645,62.407674183270416
0.02151673218945266,4.112057081166395,53.336955959242175
0.01236329087742866,2.1012584867215054,89.55044423738084
0.020942378846341328,4.682331324368091,52.84243231008199
0.012642270257832086,3.193064005117887,93.73034254684683
0.012658166002885527,1.6447448371712854,83.80160572000045
0.013567584065818754,1.6164576734582214,60.40589030298807
0.01027407085363772,1.25228756719087,51.99547834745186
0.010429265155412244,1.830479014946937,54.9248488020823
0.014065216282962062,3.076256705770805,50.442403966239134
0.012447423958216136,6.470711988750401,80.48998319802516
0.010950496820905653,6.526739412007071,67.70210287856786
0.020359608410286986,4.339558060846729,51.7478106942195
0.012942990320976846,1.3519367165589489,76.29442852003905
0.01052369468715862,7.634789577723527,87.84253621130752
0.017871535051546525,1.1618924986414347,72.77429339037656
0.010686504139246662,4.4957334765588435,55.2205866403536
0.01640297939653882,3.646567049765003,91.69471525210552
0.01112242007663008,2.395340173060954,53.94447909315843
0.01090451053855103,7.457302102615327,55.20177743084984
0.010551324973341015,6.262999161820666,69.65066796547609
0.013389395979576935,7.726400981645313,51.064400304146034
0.011047565527425408,1.9587154258950707,68.5617235850326
0.010742738071487469,0.5828111117667367,69.47934972701252
0.010440981592381745,3.7867020117919985,54.766673383370815
0.021123134345416857,3.9676350853441806,68.94720083889162
0.012206235720015971,1.5356167336642255,55.73375450844521
0.010186021651682888,1.2080395085364746,81.12952794137199
0.010891858654516272,1.240108586123538,90.06007041612483
0.014540196772560523,1.7163357579081717,55.702642172374
0.014514022054813057,2.8299890155277607,67.54833377880168
0.020350530492966524,2.835749229636579,80.2750789472168
0.012620845658775942,5.088337330131645,62.407674183270416
0.01700223874189078,5.535141448098846,54.130260565137796
0.012350603768131173,2.090783677112355,89.16618819056919
0.021529551259969543,5.008925926693115,55.52601205198389
0.012995801437606463,3.1244874290871327,88.78515886193748
0.012481178612894024,1.6020074970404141,72.80952150501801
0.013416438047066713,1.675367819480399,63.977849957627086
0.010570064499181124,1.5226167165660744,58.33489280886741
0.010429265155412244,1.830479014946937,54.9248488020823
0.014065216282962062,3.076256705770805,50.442403966239134
0.012447423958216136,6.470711988750401,80.48998319802516
0.010950496820905653,6.526739412007071,67.70210287856786
0.020359608410286986,4.339558060846729,51.7478106942195
0.012942990320976846,1.3519367165589489,76.29442852003905
0.01052369468715862,7.634789577723527,87.84253621130752
0.017871535051546525,1.1618924986414347,72.77429339037656
0.010686504139246662,4.4957334765588435,55.2205866403536
0.015681094247047972,4.146872337354392,86.90361602887592
0.01112242007663008,2.395340173060954,53.94447909315843
0.010777950328074173,7.927310552551349,53.78839192992381
0.010587896893422863,6.287162908364996,69.47214143093348
0.013389395979576935,7.726400981645313,51.064400304146034
0.011047565527425408,1.9587154258950707,68.5617235850326
0.010612950469621022,0.2714543785392056,69.9680415443567
0.010440981592381745,3.7867020117919985,54.766673383370815
0.021123134345416857,3.9676350853441806,68.94720083889162
0.012358192175825362,1.5104017818197168,55.80292754184901
0.010186021651682888,1.2080395085364746,81.12952794137199
0.010891858654516272,1.240108586123538,90.06007041612483
0.015943352827616872,2.2325738290427104,50.60579314316685
0.015189954572026794,2.5358216539589344,69.72539090529526
0.01996068736681719,2.264618346670095,85.99093889327109
0.012620845658775942,5.088337330131645,62.407674183270416
0.0170161410615128,5.549750115791355,53.785388626813486
0.012305123407051486,2.2348790042274116,88.46895977371896
0.02178389097878306,5.0854130894185765,54.61769554780267
0.01299719363731489,3.125734341168976,88.78431524037691
0.012481178612894024,1.6020074970404141,72.80952150501801
0.013105770029809333,1.0045509692494057,70.45930993298471
0.010222988936521005,1.4464983093765658,57.47916605488393
0.012735537013877012,2.172175718212541,62.09483422972581
0.014065216282962062,3.076256705770805,50.442403966239134
0.012899311230264813,7.927226285792565,84.34053592410253
0.010950496820905653,6.526739412007071,67.70210287856786
0.016933997727236617,5.135853410426704,57.55634992005775
0.014162659505110928,2.608850650600552,69.63483298819457
0.011423546300197433,4.630675224302131,72.12657381808668
0.018409363863750347,0.945404030678175,71.00817870061888
0.010162244608266814,3.8691052831193637,56.0267307363818
0.015662239386876067,4.148189307887937,86.78401080080928
0.011228579000240695,2.34794273474155,56.81707078354674
0.010902703925207648,7.73058718164873,53.64782303292757
0.010587896893422863,6.287162908364996,69.47214143093348
0.013389395979576935,7.726400981645313,51.064400304146034
0.01144761291810123,2.2072200805057154,73.93848090612985
0.010612950469621022,0.2714543785392056,69.9680415443567
0.010440981592381745,3.7867020117919985,54.766673383370815
0.028005370857209215,0.6539885307035425,56.06504478102336
0.012092826965524646,1.461486299989407,62.00250887244429
0.010186021651682888,1.2080395085364746,81.12952794137199
0.010891858654516272,1.240108586123538,90.06007041612483
0.015943352827616872,2.2325738290427104,50.60579314316685
0.015189954572026794,2.5358216539589344,69.72539090529526
0.01996068736681719,2.264618346670095,85.99093889327109
0.012538018926448789,4.243938884823532,55.88396908441959
0.0170161410615128,5.549750115791355,53.785388626813486
0.01269193437466947,1.6945893119688993,96.4145190780282
0.02192561385959496,5.3251605408191995,51.54422088570718
0.013049326662257808,3.8137153039862484,95.8960550313125
0.013207994277470471,0.4300928117931129,79.93277063491276
0.013168384293843685,0.9621828383965778,71.68687250982728
0.010222988936521005,1.4464983093765658,57.47916605488393
0.012800250859294988,0.5267506414814793,61.91831633632041
0.013770256833123164,3.208756250527789,50.41674386081528
0.012899311230264813,7.927226285792565,84.34053592410253
0.010198691082884721,6.6478322637709075,69.42700879356087
0.016933997727236617,5.135853410426704,57.55634992005775
0.014559414014438088,2.8503704248192756,72.67610215907908
0.011423546300197433,4.630675224302131,72.12657381808668
0.018409363863750347,0.945404030678175,71.00817870061888
0.010162244608266814,3.8691052831193637,56.0267307363818
0.019085038787362917,6.234768453133361,84.43340284803185
0.011228579000240695,2.34794273474155,56.81707078354674
0.011232790424994156,6.617035034064432,61.53764460912915
0.010255362954546873,6.116327405382478,71.65711400256598
0.013389395979576935,7.726400981645313,51.064400304146034
0.011463747500739295,0.5825033278846403,75.15320766006721
0.010612950469621022,0.2714543785392056,69.9680415443567
0.010473513053381447,3.6029614499700378,57.31314528345495
0.028005370857209215,0.6539885307035425,56.06504478102336
0.014211953903559163,1.353949108768167,61.21179682882706
0.010186021651682888,1.2080395085364746,81.12952794137199
0.010689641227507318,2.3822504545491814,74.23105506417612
0.015943352827616872,2.2325738290427104,50.60579314316685
0.015886950744684315,3.0437823003232407,68.7763098514748
0.01937370654934421,1.350345183966411,96.28117762212918
0.012484708966049493,4.999617859151638,54.65722751430309
0.017007498141826394,5.506200922001542,54.18215990332967
0.01269193437466947,1.6945893119688993,96.4145190780282
0.02192561385959496,5.3251605408191995,51.54422088570718
0.013049326662257808,3.8137153039862484,95.8960550313125
0.013207994277470471,0.4300928117931129,79.93277063491276
0.013050448499443574,0.976580828595409,72.63869912373261
0.010177839564630356,1.0578612491075492,57.509086262346415
0.012800250859294988,0.5267506414814793,61.91831633632041
0.013770256833123164,3.208756250527789,50.41674386081528
0.012100258881228329,6.502823378804153,75.43777551083403
0.010198691082884721,6.6478322637709075,69.42700879356087
0.017837066620361622,6.390543030739061,56.343613973242704
0.012639561586472238,2.205365956737653,78.18370369351791
0.011423546300197433,4.630675224302131,72.12657381808668
0.018409363863750347,0.945404030678175,71.00817870061888
0.010162244608266814,3.8691052831193637,56.0267307363818
0.019085038787362917,6.234768453133361,84.43340284803185
0.011228579000240695,2.34794273474155,56.81707078354674
0.011232790424994156,6.617035034064432,61.53764460912915
0.010255362954546873,6.116327405382478,71.65711400256598
0.012977919286815909,7.515009542891666,53.768080086690524
0.011463747500739295,0.5825033278846403,75.15320766006721
0.010612950469621022,0.2714543785392056,69.9680415443567
0.010473513053381447,3.6029614499700378,57.31314528345495
0.028005370857209215,0.6539885307035425,56.06504478102336
0.013700609243236309,1.403719644923512,60.01836382892152
0.010814563754157862,0.9003241825520882,78.18964148806967
0.010689641227507318,2.3822504545491814,74.23105506417612
0.015133842874875904,3.674583648598495,51.469040529757685
0.015278801627511301,3.5106915484355685,67.83044903571835
0.01937370654934421,1.350345183966411,96.28117762212918
0.012484708966049493,4.999617859151638,54.65722751430309
0.017957475079552067,6.180392075973648,55.287131099549775
0.013782345332244964,1.8750103254165749,81.05188967956806
0.02192561385959496,5.3251605408191995,51.54422088570718
0.013049326662257808,3.8137153039862484,95.8960550313125
0.013207994277470471,0.4300928117931129,79.93277063491276
0.013050448499443574,0.976580828595409,72.63869912373261
0.010177839564630356,1.0578612491075492,57.509086262346415
0.012800250859294988,0.5267506414814793,61.91831633632041
0.013770256833123164,3.208756250527789,50.41674386081528
0.012100258881228329,6.502823378804153,75.43777551083403
0.010198691082884721,6.6478322637709075,69.42700879356087
0.017837066620361622,6.390543030739061,56.343613973242704
0.012608037227998713,2.7742100511840526,73.3942654091175
0.01083482701521335,5.952964813007357,71.94125349342191
0.01806489785790476,0.800757875572219,61.980590142852904
0.010162244608266814,3.8691052831193637,56.0267307363818
0.019085038787362917,6.234768453133361,84.43340284803185
0.011426943878471242,2.118085245258123,57.46091252892796
0.011232790424994156,6.617035034064432,61.53764460912915
0.010255362954546873,6.116327405382478,71.65711400256598
0.012977919286815909,7.515009542891666,53.768080086690524
0.010610625047819669,0.6180916174887336,83.60135923257151
0.010612950469621022,0.2714543785392056,69.9680415443567
0.010473513053381447,3.6029614499700378,57.31314528345495
0.028005370857209215,0.6539885307035425,56.06504478102336
0.013700609243236309,1.403719644923512,60.01836382892152
0.010833767000141699,0.967468992825324,77.19831873744863
0.010689641227507318,2.3822504545491814,74.23105506417612
0.015133842874875904,3.674583648598495,51.469040529757685
0.017775497334326647,1.1604187060008346,61.855012847869396
0.015377248663037066,1.8252340526823478,86.13358166045687
0.012484708966049493,4.999617859151638,54.65722751430309
0.017957475079552067,6.180392075973648,55.287131099549775
0.01558792770762225,2.88153583108393,85.64542295543131
0.02192561385959496,5.3251605408191995,51.54422088570718
0.013044904260039132,4.042943892109083,93.28698490780735
0.014097190146040321,0.22883462366409246,80.95687786897828
0.012449777295642821,0.9976423205556453,73.91541341360416
0.010177839564630356,1.0578612491075492,57.509086262346415
0.012800250859294988,0.5267506414814793,61.91831633632041
0.013770256833123164,3.208756250527789,50.41674386081528
0.012100258881228329,6.502823378804153,75.43777551083403
0.010198691082884721,6.6478322637709075,69.42700879356087
0.017837066620361622,6.390543030739061,56.343613973242704
0.015337175058909932,3.5213888253769827,66.99434132223422
0.010970973272447324,6.838466609679234,77.4532524571573
0.01806489785790476,0.800757875572219,61.980590142852904
0.010162244608266814,3.8691052831193637,56.0267307363818
0.019085038787362917,6.234768453133361,84.43340284803185
0.010564561416276465,1.6545031869107758,54.423524916258636
0.011232790424994156,6.617035034064432,61.53764460912915
0.012005543442184522,4.925064905517726,69.48852605757222
0.012977919286815909,7.515009542891666,53.768080086690524
0.010610625047819669,0.6180916174887336,83.60135923257151
0.011708653579708857,3.627433478123142,62.46250996042582
0.010473513053381447,3.6029614499700378,57.31314528345495
0.028005370857209215,0.6539885307035425,56.06504478102336
0.013717075716159745,1.3550217692087223,60.09096764982677
0.010967997500017422,0.9332599127581371,76.56145185379566
0.011001517343401867,1.5029984989691263,84.996186573766
0.015133842874875904,3.674583648598495,51.469040529757685
0.014334486876678312,2.3114503710762806,59.71468863117842
0.015060740254833057,2.575802857987693,81.86407473683019
0.012484708966049493,4.999617859151638,54.65722751430309
0.017957475079552067,6.180392075973648,55.287131099549775
0.013121174819170913,0.5162703112071405,86.5003440696358
0.02192561385959496,5.3251605408191995,51.54422088570718
0.013044904260039132,4.042943892109083,93.28698490780735
0.014097190146040321,0.22883462366409246,80.95687786897828
0.011932900783475938,0.6873511683856997,71.98339435023505
0.010177839564630356,1.0578612491075492,57.509086262346415
0.012800250859294988,0.5267506414814793,61.91831633632041
0.012967108053706577,2.9932775260771116,56.62538441329421
0.01108137388291974,6.877501035479167,76.67879693505816
0.011450465018532377,4.995380189080485,63.63859617289552
0.018485853752543777,6.368293038014237,55.83336574299958
0.017645140225664744,4.035662253207411,77.09160494764039
0.010970973272447324,6.838466609679234,77.4532524571573
0.01806489785790476,0.800757875572219,61.980590142852904
0.01092572648916998,3.74978882308375,59.20415722432352
0.019085038787362917,6.234768453133361,84.43340284803185
0.010564561416276465,1.6545031869107758,54.423524916258636
0.011232790424994156,6.617035034064432,61.53764460912915
0.012005543442184522,4.925064905517726,69.48852605757222
0.012977919286815909,7.515009542891666,53.768080086690524
0.010610625047819669,0.6180916174887336,83.60135923257151
0.011756147512486588,3.4305697040241547,61.62482482546055
0.010395938402526133,3.4425632338879444,56.941378710432794
0.028005370857209215,0.6539885307035425,56.06504478102336
0.01350096896176388,1.5745766101570404,59.14355923530876
0.010967997500017422,0.9332599127581371,76.56145185379566
0.011001517343401867,1.5029984989691263,84.996186573766
0.015133842874875904,3.674583648598495,51.469040529757685
0.015423596795117478,0.7287144886409038,62.6924142450803
0.016788351823261292,3.3358201675166,81.18963089596882
0.012484708966049493,4.999617859151638,54.65722751430309
0.017957475079552067,6.180392075973648,55.287131099549775
0.013121174819170913,0.5162703112071405,86.5003440696358
0.02192561385959496,5.3251605408191995,51.54422088570718
0.013162386773555813,3.943234732305422,95.97700623199009
0.014097190146040321,0.22883462366409246,80.95687786897828
0.011932900783475938,0.6873511683856997,71.98339435023505
0.010355159123920783,3.0309420111262124,64.08813901817064
0.014963594854710584,0.0886138220409105,65.55568680690381
0.012392170310354628,2.5943400013872457,56.807537385974975
0.010761566200180367,7.553139037358754,79.16698088847308
0.011164461609956017,5.031610044028992,60.624427695688155
0.016905066470062013,7.3171962012805665,55.794893699418076
0.01655314291761356,4.203479911052762,74.31687805611608
0.01098617559660617,4.1829097954314225,81.20750413238972
0.018094146460711887,0.9565571504010739,62.624337866087004
0.01092572648916998,3.74978882308375,59.20415722432352
0.019085038787362917,6.234768453133361,84.43340284803185
0.010564561416276465,1.6545031869107758,54.423524916258636
0.011034077767131016,5.141316559988153,59.422103957519944
0.012005543442184522,4.925064905517726,69.48852605757222
0.012977919286815909,7.515009542891666,53.768080086690524
0.010358257841988716,0.3955278984485443,88.57276019972625
0.011848193778919398,3.0490351723085443,60.00133768488893
0.010395938402526133,3.4425632338879444,56.941378710432794
0.028005370857209215,0.6539885307035425,56.06504478102336
0.01350096896176388,1.5745766101570404,59.14355923530876
0.010967997500017422,0.9332599127581371,76.56145185379566
0.011001517343401867,1.5029984989691263,84.996186573766
0.015734386536257257,3.7039929349567715,50.77540518389565
0.015423596795117478,0.7287144886409038,62.6924142450803
0.016581084752704225,3.3259974861039394,80.63864846946228
0.011979816438243317,3.8192012095643446,62.45499776687261
0.017957475079552067,6.180392075973648,55.287131099549775
0.01300336534542168,0.18799113529997946,94.98622645528675
0.019776421204325864,4.899013278136776,53.87423274215273
0.0131827665047778,3.9259381507432627,96.44364513787691
0.01378259752673323,0.6652932015572119,76.50109142117341
0.011932900783475938,0.6873511683856997,71.98339435023505
0.010355159123920783,3.0309420111262124,64.08813901817064
0.014963594854710584,0.0886138220409105,65.55568680690381
0.012827417805717287,2.3264763946697484,57.65247884383904
0.010761566200180367,7.553139037358754,79.16698088847308
0.011544773854733176,4.276607134345079,59.442054286357504
0.015409446982793734,6.4688163482331955,56.81251807899475
0.022124116792703055,4.652620512352699,89.27801946194641
0.01098617559660617,4.1829097954314225,81.20750413238972
0.018094146460711887,0.9565571504010739,62.624337866087004
0.01092572648916998,3.74978882308375,59.20415722432352
0.01651255851001122,3.532736589761698,80.58504061327858
0.010564561416276465,1.6545031869107758,54.423524916258636
0.010266639181123208,6.391106751647286,54.65332834884531
0.010729188053314725,6.4920487747340605,72.02630210714516
0.012977919286815909,7.515009542891666,53.768080086690524
0.010358257841988716,0.3955278984485443,88.57276019972625
0.01169056438751317,3.4394400640300424,55.227460898785154
0.010395938402526133,3.4425632338879444,56.941378710432794
0.028005370857209215,0.6539885307035425,56.06504478102336
0.013030840064672523,1.2688949836300352,55.79640324650667
0.010967997500017422,0.9332599127581371,76.56145185379566
0.011001517343401867,1.5029984989691263,84.996186573766
0.015734386536257257,3.7039929349567715,50.77540518389565
0.015423596795117478,0.7287144886409038,62.6924142450803
0.016581084752704225,3.3259974861039394,80.63864846946228
0.011979816438243317,3.8192012095643446,62.45499776687261
0.017252086456132146,5.901761716692461,56.132969228609184
0.01223052104459465,0.6527211890927023,82.132116973196
0.019776421204325864,4.899013278136776,53.87423274215273
0.0131827665047778,3.9259381507432627,96.44364513787691
0.01378259752673323,0.6652932015572119,76.50109142117341
0.011750457996603776,1.014404435195912,70.19785471210528
0.010709923508701572,3.4024216251856654,62.70259347234884
0.014963594854710584,0.0886138220409105,65.55568680690381
0.012400889401832331,2.5432048186784293,58.669727076795375
0.010761566200180367,7.553139037358754,79.16698088847308
0.011296076183507179,4.538089096363841,57.719666512053124
0.015409446982793734,6.4688163482331955,56.81251807899475
0.02781103485914043,7.3710226400166245,97.98882388399846
0.010720923521595281,4.458028140858743,83.53473596302945
0.018094146460711887,0.9565571504010739,62.624337866087004
0.010633638841004628,4.051887877649618,59.53587577726351
0.01779008795903383,2.093418274533276,90.27753103243447
0.010564561416276465,1.6545031869107758,54.423524916258636
0.010266639181123208,6.391106751647286,54.65332834884531
0.010729188053314725,6.4920487747340605,72.02630210714516
0.012977919286815909,7.515009542891666,53.768080086690524
0.010358257841988716,0.3955278984485443,88.57276019972625
0.011448577798097428,2.8865748650227077,61.28396139260019
0.010420109879280983,3.475046253611182,56.942492263160176
0.028005370857209215,0.6539885307035425,56.06504478102336
0.014481357788967425,0.07228701566215445,55.166092359323606
0.010967997500017422,0.9332599127581371,76.56145185379566
0.010332953973991161,1.9391560131242902,98.20634223669066
0.015734386536257257,3.7039929349567715,50.77540518389565
0.015423596795117478,0.7287144886409038,62.6924142450803
0.016098867803465786,4.701400556590713,70.11835446993074
0.012140759460488199,5.787354055488318,57.02176065265304
0.017241080746328803,5.90514861836676,56.13702803531161
0.01223052104459465,0.6527211890927023,82.132116973196
0.027306497423098472,5.1313211266979035,52.0130084405784
0.0131827665047778,3.9259381507432627,96.44364513787691
0.013930556288635284,0.4243391854747651,77.42049024697214
0.012042035956879811,1.6997411115951926,65.02998010659742
0.010709923508701572,3.4024216251856654,62.70259347234884
0.014963594854710584,0.0886138220409105,65.55568680690381
0.012400889401832331,2.5432048186784293,58.669727076795375
0.010761566200180367,7.553139037358754,79.16698088847308
0.010914441019660468,4.625615308331561,56.06466646427751
0.015487648480820758,6.444750586975348,56.78367807048977
0.02781103485914043,7.3710226400166245,97.98882388399846
0.010720923521595281,4.458028140858743,83.53473596302945
0.018458723177045167,1.8109524950343405,60.72804559530024
0.010633638841004628,4.051887877649618,59.53587577726351
0.01779008795903383,2.093418274533276,90.27753103243447
0.010564561416276465,1.6545031869107758,54.423524916258636
0.010266639181123208,6.391106751647286,54.65332834884531
0.010729188053314725,6.4920487747340605,72.02630210714516
0.01242286839378955,6.167145089723457,53.9188265807859
0.010358257841988716,0.3955278984485443,88.57276019972625
0.011448577798097428,2.8865748650227077,61.28396139260019
0.010420109879280983,3.475046253611182,56.942492263160176
0.02842284344516704,0.5723311673118814,55.98163474470614
0.014481357788967425,0.07228701566215445,55.166092359323606
0.010967997500017422,0.9332599127581371,76.56145185379566
0.010393801312211163,2.1753443769165886,92.47561757534257
0.015734386536257257,3.7039929349567715,50.77540518389565
0.015423596795117478,0.7287144886409038,62.6924142450803
0.018678819914281126,3.9935604019120454,78.65490322896707
0.012140759460488199,5.787354055488318,57.02176065265304
0.017241080746328803,5.90514861836676,56.13702803531161
0.011760506239506042,0.7158627758877493,83.43475721264946
0.027306497423098472,5.1313211266979035,52.0130084405784
0.012837512595426804,3.604515543866356,89.23570275814258
0.01361134012951402,1.2370370556990418,77.05892441869874
0.011594447325999572,2.4472533996997266,63.283953643633765
0.010709923508701572,3.4024216251856654,62.70259347234884
0.014963594854710584,0.0886138220409105,65.55568680690381
0.012400889401832331,2.5432048186784293,58.669727076795375
0.011982069570099108,5.385024793226502,75.21350230436104
0.010499176368253245,4.232219091001022,55.740568439435464
0.014328261058552224,6.456274676503668,60.497506704708016
0.020983536285089983,5.232047418641928,80.5684122384471
0.010720923521595281,4.458028140858743,83.53473596302945
0.020626857728637933,2.879371632208446,57.73331271333858
0.010633638841004628,4.051887877649618,59.53587577726351
0.01779008795903383,2.093418274533276,90.27753103243447
0.010564561416276465,1.6545031869107758,54.423524916258636
0.010266639181123208,6.391106751647286,54.65332834884531
0.010729188053314725,6.4920487747340605,72.02630210714516
0.01242286839378955,6.167145089723457,53.9188265807859
0.010358257841988716,0.3955278984485443,88.57276019972625
0.011427577563298196,2.87563127843405,61.302621168860135
0.010420109879280983,3.475046253611182,56.942492263160176
0.021758048113879398,1.091046414798773,57.28797331133484
0.014481357788967425,0.07228701566215445,55.166092359323606
0.010967997500017422,0.9332599127581371,76.56145185379566
0.010380601512136448,2.2156055352028576,95.41705414961592
0.015734386536257257,3.7039929349567715,50.77540518389565
0.016893465095339486,0.18241293441448247,64.50634674932681
0.018678819914281126,3.9935604019120454,78.65490322896707
0.01216191761383705,5.561122851925399,57.139995278428614
0.016725861254010037,5.589637607391792,56.789139675904885
0.011760506239506042,0.7158627758877493,83.43475721264946
0.028057038390345384,5.0790873389855244,51.91690321062868
0.012837512595426804,3.604515543866356,89.23570275814258
0.01361134012951402,1.2370370556990418,77.05892441869874
0.011594447325999572,2.4472533996997266,63.283953643633765
0.012512682789413535,1.810605189525694,59.10011857395433
0.014963594854710584,0.0886138220409105,65.55568680690381
0.012400889401832331,2.5432048186784293,58.669727076795375
0.011982069570099108,5.385024793226502,75.21350230436104
0.010499176368253245,4.232219091001022,55.740568439435464
0.014328261058552224,6.456274676503668,60.497506704708016
0.020983536285089983,5.232047418641928,80.5684122384471
0.010720923521595281,4.458028140858743,83.53473596302945
0.020626857728637933,2.879371632208446,57.73331271333858
0.010633638841004628,4.051887877649618,59.53587577726351
0.018359406750212064,2.015977443242089,86.81709753049887
0.010564561416276465,1.6545031869107758,54.423524916258636
0.010266639181123208,6.391106751647286,54.65332834884531
0.010709368542537295,5.9108572854153785,75.27222340650184
0.01176589217719222,5.5063322646133255,54.540984939829315
0.010358257841988716,0.3955278984485443,88.57276019972625
0.011427577563298196,2.87563127843405,61.302621168860135
0.010033390660746152,2.891343124201098,57.632580873201796
0.022643818836267524,0.8552921722952194,57.10898617212928
0.014481357788967425,0.07228701566215445,55.166092359323606
0.010967997500017422,0.9332599127581371,76.56145185379566
0.010380601512136448,2.2156055352028576,95.41705414961592
0.014653807447568798,3.3277144159518848,53.33441118055584
0.018809582193305384,0.269894181742536,71.92600883847088
0.018927198575975246,3.863323910836503,79.64166345009765
0.013559313345045327,6.6779559416406515,58.316097150046474
0.016725861254010037,5.589637607391792,56.789139675904885
0.011760506239506042,0.7158627758877493,83.43475721264946
0.028057038390345384,5.0790873389855244,51.91690321062868
0.012924258791822095,3.649360119111196,90.95428448443062
0.01361134012951402,1.2370370556990418,77.05892441869874
0.010993644721667025,2.807758990286616,59.180593117064035
0.012512682789413535,1.810605189525694,59.10011857395433
0.013360320253144129,1.1867476121694658,62.981088775948
0.012388087625660195,2.627096868817727,58.62044173235568
0.011665736571279284,7.531440427210814,87.70895173873852
0.010331589721593858,4.715001234551176,54.574665311016474
0.013436838091133524,5.355889967728031,60.74493029501715
0.01762253849764761,5.332058956259113,71.07812116846323
0.010642117156151458,3.938763531373697,86.28625447580782
0.02334025336533312,1.3384644076884937,56.542515412285354
0.010688197185214389,3.888949723968321,59.67295558970102
0.018359406750212064,2.015977443242089,86.81709753049887
0.010564561416276465,1.6545031869107758,54.423524916258636
0.010266639181123208,6.391106751647286,54.65332834884531
0.010709368542537295,5.9108572854153785,75.27222340650184
0.01254430030240413,3.777630053035389,54.818308908911014
0.010358257841988716,0.3955278984485443,88.57276019972625
0.011427577563298196,2.87563127843405,61.302621168860135
0.011645401560969913,2.2603138301593897,58.420310226811964
0.022643818836267524,0.8552921722952194,57.10898617212928
0.014105494104452092,0.3105038876098183,55.374516440238914
0.010967213265489,0.5522583423246896,79.48608791254597
0.010380601512136448,2.2156055352028576,95.41705414961592
0.01497235457856654,3.854970376309222,50.958723593606685
0.018809582193305384,0.269894181742536,71.92600883847088
0.025868804986914937,5.201612396216932,66.82877986650347
0.013724662759140072,4.7502892337289016,57.42557027134907
0.01752636289564781,5.603082462111359,57.15197491318399
0.011760506239506042,0.7158627758877493,83.43475721264946
0.028057038390345384,5.0790873389855244,51.91690321062868
0.012924258791822095,3.649360119111196,90.95428448443062
0.016476021541495387,0.3693447829453551,60.7808532940254
0.01097233467979854,3.0403748738743808,60.38686131811369
0.012507166577496226,1.7859609882208756,58.67318811983893
0.013026246169321803,0.6337915979541435,65.4725745776636
0.012388087625660195,2.627096868817727,58.62044173235568
0.011665736571279284,7.531440427210814,87.70895173873852
0.010331589721593858,4.715001234551176,54.574665311016474
0.012884574478276803,5.79314555637338,61.231949150963594
0.018900858962423217,7.1572155057957945,76.78582259346487
0.010642117156151458,3.938763531373697,86.28625447580782
0.017676085531512217,1.9994591042719203,57.006510108672636
0.010688197185214389,3.888949723968321,59.67295558970102
0.02102447601909266,2.583312795194869,99.71981721214851
0.01035333732667609,1.734675574645334,54.36679626972401
0.010270719976377178,6.509606868361523,60.07838156144496
0.010283503920024258,6.880833239685406,77.07349409124038
0.01254430030240413,3.777630053035389,54.818308908911014
0.010306180068202376,0.3821243350896726,89.34985101061409
0.011427577563298196,2.87563127843405,61.302621168860135
0.012184544640042549,1.6354658028115199,56.84505457216906
0.025616427330491305,0.9237537801835255,54.52396032439859
0.01326301790055654,0.6302748427297629,55.14825183720503
0.010967213265489,0.5522583423246896,79.48608791254597
0.010380601512136448,2.2156055352028576,95.41705414961592
0.01497235457856654,3.854970376309222,50.958723593606685
0.01685247075256149,0.9617364962268868,69.04446176603224
0.02397143071394723,4.309383776012748,67.29504228801268
0.013724662759140072,4.7502892337289016,57.42557027134907
0.01597194161140681,5.254396374925117,57.26384129736231
0.010321116906946324,0.4322744447319511,82.69698209924982
0.028057038390345384,5.0790873389855244,51.91690321062868
0.012924258791822095,3.649360119111196,90.95428448443062
0.016476021541495387,0.3693447829453551,60.7808532940254
0.01097233467979854,3.0403748738743808,60.38686131811369
0.012409538442729753,0.7493797342391986,58.01128606038238
0.013026246169321803,0.6337915979541435,65.4725745776636
0.012388087625660195,2.627096868817727,58.62044173235568
0.011602111423145604,7.308130282526287,87.62052109472613
0.010331589721593858,4.715001234551176,54.574665311016474
0.013333213443135147,5.115611314115073,61.17559883457406
0.017155151505126386,7.101225868530114,76.84409920809286
0.010642117156151458,3.938763531373697,86.28625447580782
0.017676085531512217,1.9994591042719203,57.006510108672636
0.010688197185214389,3.888949723968321,59.67295558970102
0.018849695047983887,2.4103602985754273,90.47685919512116
0.012175708248011449,1.8796021694605034,62.11198906896324
0.010273231733221066,6.411451275961928,60.88618017941969
0.010283503920024258,6.880833239685406,77.07349409124038
0.012594859429910487,4.151899873435116,53.562623124746395
0.010306180068202376,0.3821243350896726,89.34985101061409
0.011427577563298196,2.87563127843405,61.302621168860135
0.012184544640042549,1.6354658028115199,56.84505457216906
0.023602838311380284,0.8759171105459689,54.62571899612731
0.01326301790055654,0.6302748427297629,55.14825183720503
0.01092035942289163,0.5401992929030114,80.1852285994459
0.010432345858629245,2.497098771563336,89.40411189184792
0.01497235457856654,3.854970376309222,50.958723593606685
0.021201613491587782,1.3468119753962084,55.55422119251555
0.023594616575474358,4.251332480374443,68.07474244570004
0.014640640551441738,5.4978213924490325,55.8795707898445
0.01597194161140681,5.254396374925117,57.26384129736231
0.010321116906946324,0.4322744447319511,82.69698209924982
0.028057038390345384,5.0790873389855244,51.91690321062868
0.012924258791822095,3.649360119111196,90.95428448443062
0.016476021541495387,0.3693447829453551,60.7808532940254
0.01097233467979854,3.0403748738743808,60.38686131811369
0.012409538442729753,0.7493797342391986,58.01128606038238
0.013418005433476604,0.3995612517119387,61.03848428864991
0.012390398910522758,2.6383571039231217,58.64060172684568
0.011602111423145604,7.308130282526287,87.62052109472613
0.010331589721593858,4.715001234551176,54.574665311016474
0.013164444936916502,5.32936425696996,63.75376579144758
0.02191383320314027,6.9239189819263585,67.60923671026882
0.010634616199281981,3.9468722767119835,90.61839599478475
0.01877293837443133,1.85086468947969,56.66357880199774
0.010688197185214389,3.888949723968321,59.67295558970102
0.019053587300912476,2.344538365328102,88.93897797838538
0.012344270276194766,1.685923075776709,61.03242386067759
0.010279406649674276,5.2814824884620295,66.2206163332946
0.012008072131495424,5.859030914339536,72.92736500623697
0.012427343482861085,4.574744690157428,59.132060463621684
0.010306180068202376,0.3821243350896726,89.34985101061409
0.011936781695071013,2.1777686429596015,62.42495612785157
0.012249777766231856,1.953271863608594,57.41404521708809
0.023602838311380284,0.8759171105459689,54.62571899612731
0.01326301790055654,0.6302748427297629,55.14825183720503
0.01092035942289163,0.5401992929030114,80.1852285994459
0.010432345858629245,2.497098771563336,89.40411189184792
0.01497235457856654,3.854970376309222,50.958723593606685
0.021201613491587782,1.3468119753962084,55.55422119251555
0.01873583157059299,4.570858355248786,65.73290219769095
0.015006547157810097,5.5893491591841356,54.67100546323057
0.01648714039180013,5.975676807794459,60.51357228074763
0.01159163665390188,0.41885363304892265,73.81143490501768
0.02743621271173284,5.066335390807348,52.00999010452902
0.012924258791822095,3.649360119111196,90.95428448443062
0.015860078022441246,0.3882870306672229,62.93217188675359
0.011195516634276481,2.457075107859309,62.411344301651205
0.012409538442729753,0.7493797342391986,58.01128606038238
0.013418005433476604,0.3995612517119387,61.03848428864991
0.012407149934638392,2.655365559850657,58.500854359078296
0.011695821460361187,6.42125722213197,83.45312444637784
0.010710171585650338,4.169934416835559,55.13505757318802
0.012558815808859258,4.9770743873221726,62.75570026163456
0.02191383320314027,6.9239189819263585,67.60923671026882
0.010634616199281981,3.9468722767119835,90.61839599478475
0.01877293837443133,1.85086468947969,56.66357880199774
0.01062779091253464,3.90059398364496,59.71441766149023
0.01712141757070883,3.893701451049459,72.57849306397677
0.012344270276194766,1.685923075776709,61.03242386067759
0.010279406649674276,5.2814824884620295,66.2206163332946
0.012008072131495424,5.859030914339536,72.92736500623697
0.012427343482861085,4.574744690157428,59.132060463621684
0.010306180068202376,0.3821243350896726,89.34985101061409
0.01130141918713675,3.040963164064188,76.18131407089035
0.012249777766231856,1.953271863608594,57.41404521708809
0.020167863806933105,2.061594800474327,53.16623698960984
0.01326301790055654,0.6302748427297629,55.14825183720503
0.01092035942289163,0.5401992929030114,80.1852285994459
0.010432345858629245,2.497098771563336,89.40411189184792
0.01497235457856654,3.854970376309222,50.958723593606685
0.021201613491587782,1.3468119753962084,55.55422119251555
0.021323467169455497,5.217109135748737,58.35618511796061
0.015006547157810097,5.5893491591841356,54.67100546323057
0.016993922244146763,5.988874646835584,59.109020149264225
0.01159163665390188,0.41885363304892265,73.81143490501768
0.02674057630845838,4.998412105840245,53.87680066773836
0.012982840592058955,3.7039385589966467,89.9335133759345
0.01884982647704521,0.36687723623810264,55.31199932544807
0.012062335458899707,2.3877276938768537,61.753828921687976
0.012409538442729753,0.7493797342391986,58.01128606038238
0.013418005433476604,0.3995612517119387,61.03848428864991
0.012407149934638392,2.655365559850657,58.500854359078296
0.011695821460361187,6.42125722213197,83.45312444637784
0.010729261898987812,4.08869545445818,55.53954086823309
0.012558815808859258,4.9770743873221726,62.75570026163456
0.02191383320314027,6.9239189819263585,67.60923671026882
0.010634616199281981,3.9468722767119835,90.61839599478475
0.02435796769119765,1.4040500505587001,52.42711949931062
0.01062779091253464,3.90059398364496,59.71441766149023
0.01712141757070883,3.893701451049459,72.57849306397677
0.012288011702330999,2.4931863337121656,63.63652495794708
0.010279406649674276,5.2814824884620295,66.2206163332946
0.012008072131495424,5.859030914339536,72.92736500623697
0.012427343482861085,4.574744690157428,59.132060463621684
0.010306180068202376,0.3821243350896726,89.34985101061409
0.011335422601239578,3.176565690661461,76.02473738300102
0.012249777766231856,1.953271863608594,57.41404521708809
0.01700512490259902,2.410944123458178,61.37591773454924
0.01326301790055654,0.6302748427297629,55.14825183720503
0.01092035942289163,0.5401992929030114,80.1852285994459
0.010432345858629245,2.497098771563336,89.40411189184792
0.014323019951022056,2.6299884870310395,52.55022151010323
0.021201613491587782,1.3468119753962084,55.55422119251555
0.02310471907839003,5.14519725581299,56.883275509150565
0.013530109435549277,7.595618782080057,54.42476067087863
0.016266982661470482,6.441464259790271,59.76862200871594
0.01159163665390188,0.41885363304892265,73.81143490501768
0.02674057630845838,4.998412105840245,53.87680066773836
0.012982840592058955,3.7039385589966467,89.9335133759345
0.01884982647704521,0.36687723623810264,55.31199932544807
0.01226250930816283,2.374296178967233,58.35818543142699
0.012409538442729753,0.7493797342391986,58.01128606038238
0.013418005433476604,0.3995612517119387,61.03848428864991
0.012407149934638392,2.655365559850657,58.500854359078296
0.011940360849931112,6.998395629741516,88.8884079953074
0.011184849408596511,4.226882979139301,55.7991256001494
0.012558815808859258,4.9770743873221726,62.75570026163456
0.01974830704640899,5.666435474878974,70.08649184610974
0.010950865312556946,3.668822112908953,85.45750570920956
0.02435796769119765,1.4040500505587001,52.42711949931062
0.014219222485649167,3.2475676716394855,57.8082635657161
0.01712141757070883,3.893701451049459,72.57849306397677
0.011639483593582502,2.703337224120321,64.45926821572337
0.010279406649674276,5.2814824884620295,66.2206163332946
0.012008072131495424,5.859030914339536,72.92736500623697
0.012307947831333486,4.501487111061719,61.26087194899816
0.010306180068202376,0.3821243350896726,89.34985101061409
0.011335422601239578,3.176565690661461,76.02473738300102
0.01230168192342141,1.5621430345886473,57.608080966622346
0.01758613718844205,2.3800583838756464,61.739218351748306
0.013346100046776136,0.4854514631316784,54.88169923160242
0.01092035942289163,0.5401992929030114,80.1852285994459
0.010432345858629245,2.497098771563336,89.40411189184792
0.014323019951022056,2.6299884870310395,52.55022151010323
0.021201613491587782,1.3468119753962084,55.55422119251555
0.024371122762430846,7.6727969569987025,57.76768218345656
0.013530109435549277,7.595618782080057,54.42476067087863
0.016591257721113858,6.485810955149338,58.7667103366297
0.011981095927077927,1.4869298128446857,66.49966241501032
0.02674057630845838,4.998412105840245,53.87680066773836
0.013535921078348587,1.9560869268596601,90.48798687674451
0.01834403315405051,0.5181429419753569,58.66015445774572
0.01226250930816283,2.374296178967233,58.35818543142699
0.012409538442729753,0.7493797342391986,58.01128606038238
0.013418005433476604,0.3995612517119387,61.03848428864991
0.012407149934638392,2.655365559850657,58.500854359078296
0.011940360849931112,6.998395629741516,88.8884079953074
0.011184849408596511,4.226882979139301,55.7991256001494
0.01622740185424988,4.748206122415168,68.63949515633281
0.0243391046403484,4.242149751070606,81.64930189103464
0.010950865312556946,3.668822112908953,85.45750570920956
0.02435796769119765,1.4040500505587001,52.42711949931062
0.014219222485649167,3.2475676716394855,57.8082635657161
0.01712141757070883,3.893701451049459,72.57849306397677
0.011639483593582502,2.703337224120321,64.45926821572337
0.010279406649674276,5.2814824884620295,66.2206163332946
0.012016878013691099,5.710856027822156,70.85162428719062
0.012307947831333486,4.501487111061719,61.26087194899816
0.01055355125511167,0.6223562442415185,88.14614467224725
0.011335422601239578,3.176565690661461,76.02473738300102
0.01230168192342141,1.5621430345886473,57.608080966622346
0.01758613718844205,2.3800583838756464,61.739218351748306
0.013374919780917012,0.4510266005169766,57.34934340471244
0.01092035942289163,0.5401992929030114,80.1852285994459
0.010464754008640945,2.4684519208744478,88.88955230012249
0.015498902424783507,3.220124775409581,53.16079652893861
0.02146031237510058,1.3782951516808166,55.3719441907359
0.024371122762430846,7.6727969569987025,57.76768218345656
0.013530109435549277,7.595618782080057,54.42476067087863
0.016553904160892818,6.3741394085493255,58.57501369752976
0.011981095927077927,1.4869298128446857,66.49966241501032
0.03193515949035665,4.2371376438256085,51.374066882368965
0.014295883506753409,2.3674790278277644,93.48149658176266
0.01834403315405051,0.5181429419753569,58.66015445774572
0.012227696102569156,3.096067094750225,59.02481288985936
0.012406371372962598,0.7557184248636988,58.07087726740092
0.013418005433476604,0.3995612517119387,61.03848428864991
0.012407149934638392,2.655365559850657,58.500854359078296
0.011940360849931112,6.998395629741516,88.8884079953074
0.011184849408596511,4.226882979139301,55.7991256001494
0.017972704804306672,2.905766763416696,77.83724392829899
0.0243391046403484,4.242149751070606,81.64930189103464
0.010950865312556946,3.668822112908953,85.45750570920956
0.027527611981050113,0.7248352981108632,51.615765676048596
0.01430636387891781,3.2456989135698557,57.491788531318946
0.01712141757070883,3.893701451049459,72.57849306397677
0.011892387854127329,2.8721929624939073,62.12270296990893
0.010279406649674276,5.2814824884620295,66.2206163332946
0.012016878013691099,5.710856027822156,70.85162428719062
0.012307947831333486,4.501487111061719,61.26087194899816
0.01055355125511167,0.6223562442415185,88.14614467224725
0.010854016316846276,3.7624334852326142,80.43938875235064
0.01230168192342141,1.5621430345886473,57.608080966622346
0.02028669451014539,1.6842407687834227,64.89218469208897
0.01358114839785081,0.4435344396667015,55.43070530531876
0.011374307312072625,0.5388505760400087,78.86899861346512
0.010464754008640945,2.4684519208744478,88.88955230012249
0.015498902424783507,3.220124775409581,53.16079652893861
0.017314644549322775,1.461514171929485,56.384134859934846
0.02768959466054763,6.165514629802161,54.96269412388023
0.013529969042236474,7.5215048103641315,54.96737060896278
0.01652939550309438,6.404932223070611,58.53353658050098
0.011981095927077927,1.4869298128446857,66.49966241501032
0.03193515949035665,4.2371376438256085,51.374066882368965
0.013520244550035077,2.387921696095216,92.55182535199219
0.01834403315405051,0.5181429419753569,58.66015445774572
0.012227696102569156,3.096067094750225,59.02481288985936
0.012406371372962598,0.7557184248636988,58.07087726740092
0.013418005433476604,0.3995612517119387,61.03848428864991
0.012149037024073174,2.6208715110398195,58.00212571842678
0.013126629663407762,5.738878271553094,76.97831776000587
0.011184849408596511,4.226882979139301,55.7991256001494
0.01869214234692678,2.0708460975260907,82.28150510098169
0.024118659167104678,4.220484368625603,81.12996294064912
0.010950865312556946,3.668822112908953,85.45750570920956
0.027527611981050113,0.7248352981108632,51.615765676048596
0.014135036416323984,3.299552188283077,57.39888502317213
0.01107088369604935,4.701058719607095,79.36578422452062
0.011714941257432963,2.756280342026199,63.76330662661371
0.010279406649674276,5.2814824884620295,66.2206163332946
0.012016878013691099,5.710856027822156,70.85162428719062
0.012307947831333486,4.501487111061719,61.26087194899816
0.010504712451851087,0.24787730393767138,88.47663866533387
0.0109112746495254,3.7133434570632318,79.42936213812325
0.01230168192342141,1.5621430345886473,57.608080966622346
0.02028669451014539,1.6842407687834227,64.89218469208897
0.013571486648480078,0.5560980834914933,55.8887450191932
0.011374307312072625,0.5388505760400087,78.86899861346512
0.010912892152404378,2.5951873310249525,80.48736555513769
0.014997656116852331,3.418084116218008,54.41497638485446
0.017243838824606488,1.6213989208774429,56.46780652912179
0.02501352402902124,4.545581208081281,58.55210064777586
0.013529969042236474,7.5215048103641315,54.96737060896278
0.015111961958556876,6.435340150658938,58.98706180965361
0.011695106802088835,1.7836424864015816,70.2445761444855
0.024265245961515337,2.9404596551805566,64.56477984563831
0.013520244550035077,2.387921696095216,92.55182535199219
0.01834403315405051,0.5181429419753569,58.66015445774572
0.012227922526244573,3.0913727260250834,59.02047717194145
0.01256706329024262,0.29908473042950456,58.36972750640106
0.01322920420875803,1.0972265120145135,61.076308508361564
0.012101785237252232,3.725656491230734,62.59630182016902
0.013126629663407762,5.738878271553094,76.97831776000587
0.011184849408596511,4.226882979139301,55.7991256001494
0.019776079895135766,2.00439270644855,80.1290291261293
0.02654080291939459,3.885899358254771,82.04479686032133
0.010950865312556946,3.668822112908953,85.45750570920956
0.027527611981050113,0.7248352981108632,51.615765676048596
0.014135036416323984,3.299552188283077,57.39888502317213
0.011299212093501685,4.3371234062071835,74.51510362847962
0.011714941257432963,2.756280342026199,63.76330662661371
0.010279406649674276,5.2814824884620295,66.2206163332946
0.012016878013691099,5.710856027822156,70.85162428719062
0.012485266855095559,5.287866502428059,58.66153283543643
0.010504712451851087,0.24787730393767138,88.47663866533387
0.0109112746495254,3.7133434570632318,79.42936213812325
0.012388002855152909,1.4275203926717057,55.82842540669557
0.021683559393819732,1.3872996048297943,61.81511739122981
0.013571486648480078,0.5560980834914933,55.8887450191932
0.011374307312072625,0.5388505760400087,78.86899861346512
0.010164261015932315,2.6745703239216434,81.82810684099682
0.014997656116852331,3.418084116218008,54.41497638485446
0.01871777160115522,2.048967341824528,56.70021826366894
0.020139839047695073,3.534889093708023,62.83079542447969
0.013529969042236474,7.5215048103641315,54.96737060896278
0.015111961958556876,6.435340150658938,58.98706180965361
0.011695106802088835,1.7836424864015816,70.2445761444855
0.02275638174255387,4.1640684064780675,72.0928000665685
0.013520244550035077,2.387921696095216,92.55182535199219
0.0182274626643069,0.5126564752253534,58.75098182993244
0.01202801169661757,3.1754811622936456,59.03225465883007
0.012547041121770242,0.3031095538155096,58.71383800945327
0.014056945656938137,0.6823247012847485,64.17143164815273
0.012147145807192795,4.063938567339979,64.78770010663574
0.013185445903855857,5.05364311517784,74.18998482853671
0.011184849408596511,4.226882979139301,55.7991256001494
0.01849501317320199,2.0897849327006535,80.18082232828003
0.02764365189838488,3.4095427091022747,99.00888652006986
0.010950865312556946,3.668822112908953,85.45750570920956
0.026763613772098106,0.9144160400080827,52.09993167637538
0.01356041251562761,3.690864526840319,57.20903501876394
0.012264181025205035,3.8044504419417744,72.31947175637521
0.01254684805376647,3.65725655859927,62.59363741533479
0.010279406649674276,5.2814824884620295,66.2206163332946
0.011899951632826948,4.5666831678806385,68.1066410637565
0.012485266855095559,5.287866502428059,58.66153283543643
0.010564181843766831,0.2851273515360826,87.445693365436
0.0109112746495254,3.7133434570632318,79.42936213812325
0.012388002855152909,1.4275203926717057,55.82842540669557
0.022161930822435557,0.934866920066582,61.999916383617744
0.013571486648480078,0.5560980834914933,55.8887450191932
0.011374307312072625,0.5388505760400087,78.86899861346512
0.010164261015932315,2.6745703239216434,81.82810684099682
0.012957990885694194,2.5548136287383887,50.49335905209069
0.015040053019499783,2.8159870237725064,70.31712137369198
0.018133179635060122,4.745167048611824,60.44357519040952
0.013529969042236474,7.5215048103641315,54.96737060896278
0.015111961958556876,6.435340150658938,58.98706180965361
0.011499219189907258,1.0880368360161947,69.53035235709721
0.02139444192607812,4.374332737494059,64.59207089140918
0.013520244550035077,2.387921696095216,92.55182535199219
0.022404194097587985,0.4736863580811292,61.31860554970064
0.01202801169661757,3.1754811622936456,59.03225465883007
0.012470684831735957,0.04784637700455763,58.82722306679554
0.014056945656938137,0.6823247012847485,64.17143164815273
0.012147145807192795,4.063938567339979,64.78770010663574
0.011292058409141964,5.210324610777792,76.40372328993968
0.011347572146969227,4.098750137536312,58.35993419313389
0.020046668696816112,1.4869791474040723,82.81744211780823
0.027583829152302286,3.239930365374698,95.82013547532291
0.010950865312556946,3.668822112908953,85.45750570920956
0.026763613772098106,0.9144160400080827,52.09993167637538
0.012240466829197182,1.3560638038072286,55.69641883776639
0.01222690358322907,3.8164192762903846,71.75175321918778
0.012258462309289172,4.530081279627867,64.48073731111991
0.011434568014572325,5.557297602157986,64.49152640415612
0.01194184357034156,4.473950470826541,67.6702360779312
0.010414877985697138,4.383415633313247,58.40494745405821
0.010564181843766831,0.2851273515360826,87.445693365436
0.0109112746495254,3.7133434570632318,79.42936213812325
0.012635396017104755,1.5824808985952232,51.539684437181755
0.02228850000088285,0.9388106732631385,61.9660055377117
0.013571486648480078,0.5560980834914933,55.8887450191932
0.011654002491390338,0.8948908589059426,73.85756215761799
0.010164261015932315,2.6745703239216434,81.82810684099682
0.012957990885694194,2.5548136287383887,50.49335905209069
0.015040053019499783,2.8159870237725064,70.31712137369198
0.018140113636052523,5.657225439488453,51.700292641808716
0.013529969042236474,7.5215048103641315,54.96737060896278
0.015111961958556876,6.435340150658938,58.98706180965361
0.011183098877093905,1.1381805275315586,70.19268420246456
0.022300488381016514,4.816556660502877,65.60008094296556
0.015023313549206576,3.4571293905862457,95.14813992894493
0.022404194097587985,0.4736863580811292,61.31860554970064
0.012335554255889607,3.224612503661828,59.22888553630335
0.012470684831735957,0.04784637700455763,58.82722306679554
0.014056945656938137,0.6823247012847485,64.17143164815273
0.012325536061916088,3.6246023218968855,63.67315868592826
0.011292058409141964,5.210324610777792,76.40372328993968
0.011347572146969227,4.098750137536312,58.35993419313389
0.018121959067733198,3.269278511513157,74.59191330031047
0.0276248721742252,3.257765877251285,96.08253196805802
0.011046179256132273,3.7589916539763117,83.71500948048995
0.023286607421017576,1.9794213324528651,53.69778673872472
0.012240466829197182,1.3560638038072286,55.69641883776639
0.011781518976386851,4.216142427791769,74.68981067938324
0.012258462309289172,4.530081279627867,64.48073731111991
0.011434568014572325,5.557297602157986,64.49152640415612
0.01194184357034156,4.473950470826541,67.6702360779312
0.010561258683194349,4.1858203638839475,64.60476447577125
0.010564181843766831,0.2851273515360826,87.445693365436
0.0109112746495254,3.7133434570632318,79.42936213812325
0.012635396017104755,1.5824808985952232,51.539684437181755
0.01730536819434438,2.641396207445853,64.71326334293765
0.013571486648480078,0.5560980834914933,55.8887450191932
0.011241716046531177,0.5706846938224597,86.62490832212666
0.010868251614129487,2.227497019390922,72.96749073455825
0.012957990885694194,2.5548136287383887,50.49335905209069
0.015040053019499783,2.8159870237725064,70.31712137369198
0.018459432205153198,5.51673028128749,51.53835434458685
0.013613921821657228,7.648678792177364,53.995692490890534
0.015111961958556876,6.435340150658938,58.98706180965361
0.011183098877093905,1.1381805275315586,70.19268420246456
0.022300488381016514,4.816556660502877,65.60008094296556
0.01335252970921008,3.7487738394471317,78.42630536015646
0.019101638138309195,0.3321089628661089,60.49030511270948
0.01401598534647797,2.210756687792241,59.9497624438864
0.012470684831735957,0.04784637700455763,58.82722306679554
0.014099595286930994,0.6124782650868541,63.982743045063124
0.012606158491170113,3.0158738201603934,63.415402711629476
0.011292058409141964,5.210324610777792,76.40372328993968
0.011347572146969227,4.098750137536312,58.35993419313389
0.018121959067733198,3.269278511513157,74.59191330031047
0.02833520207373287,3.3124156029596117,97.96851918140655
0.011046179256132273,3.7589916539763117,83.71500948048995
0.023286607421017576,1.9794213324528651,53.69778673872472
0.012029309717607236,0.39765888161040586,51.23933515579022
0.011781518976386851,4.216142427791769,74.68981067938324
0.012773321446323569,4.1676763944697,58.128674502812444
0.011434568014572325,5.557297602157986,64.49152640415612
0.011084272588113567,6.008643497305253,69.13578329443574
0.010561258683194349,4.1858203638839475,64.60476447577125
0.010564181843766831,0.2851273515360826,87.445693365436
0.010919718464425087,4.004959615096002,80.69758613801484
0.012635396017104755,1.5824808985952232,51.539684437181755
0.01730536819434438,2.641396207445853,64.71326334293765
0.013571486648480078,0.5560980834914933,55.8887450191932
0.011241716046531177,0.5706846938224597,86.62490832212666
0.010868251614129487,2.227497019390922,72.96749073455825
0.012830878610028948,2.407863304480637,53.16936603315499
0.015584576251107075,4.091814388046659,73.98471433218349
0.018459432205153198,5.51673028128749,51.53835434458685
0.012791790678583895,6.7853003093750335,61.92998348989804
0.015111961958556876,6.435340150658938,58.98706180965361
0.010623050331581412,1.628280690355136,82.73659767885232
0.022300488381016514,4.816556660502877,65.60008094296556
0.01335252970921008,3.7487738394471317,78.42630536015646
0.01821995061578711,0.7666577724125854,60.27353293360795
0.015373275637740973,0.7161187942245348,51.75101048653356
0.012470684831735957,0.04784637700455763,58.82722306679554
0.014099595286930994,0.6124782650868541,63.982743045063124
0.01370570772954217,0.8536239349892334,59.28247783178765
0.011292058409141964,5.210324610777792,76.40372328993968
0.011350760731150718,4.152209014397729,58.58467013140415
0.018121959067733198,3.269278511513157,74.59191330031047
0.02057207586458524,2.4570100396599606,75.01072578172892
0.010983768289124554,4.77662787524548,82.78623489934492
0.02255167361841122,1.8481722674462786,54.04632807809711
0.012029309717607236,0.39765888161040586,51.23933515579022
0.011905365979237865,4.4927998249612635,73.82956257777656
0.012064803111517102,5.270118517560803,67.2929189921314
0.010795076870097129,6.343314558147173,66.56008489716007
0.011084272588113567,6.008643497305253,69.13578329443574
0.010568302683815558,2.563345963822606,74.05944355853357
0.010577900787549764,0.3525742113332706,86.94232013534273
0.010960294132177103,4.499026914427271,77.84668298056201
0.012287963304357559,2.018558721331221,53.72817799826553
0.01730536819434438,2.641396207445853,64.71326334293765
0.01363490090001689,0.452670391345138,55.22959902565718
0.011124380336355206,0.5964620804372324,91.89665123974457
0.010868251614129487,2.227497019390922,72.96749073455825
0.012830878610028948,2.407863304480637,53.16936603315499
0.01625936263346098,4.07360520658605,77.79064460101398
0.018459432205153198,5.51673028128749,51.53835434458685
0.012791790678583895,6.7853003093750335,61.92998348989804
0.015111961958556876,6.435340150658938,58.98706180965361
0.010589440747097053,1.3421832511118361,83.22392465382768
0.019249894389794135,3.504120819021678,61.334864043964814
0.014159093575054535,5.059663407302147,97.13872855266284
0.016939502596843802,0.6903354809905704,58.40493469998245
0.015373275637740973,0.7161187942245348,51.75101048653356
0.012470684831735957,0.04784637700455763,58.82722306679554
0.014099595286930994,0.6124782650868541,63.982743045063124
0.01370570772954217,0.8536239349892334,59.28247783178765
0.010845129417387224,7.167909429636769,83.06864049586659
0.011344824224477273,4.1574819027405665,58.877522498606815
0.022343130888539158,1.6262200549572627,77.86447485845152
0.018319188941810945,1.702599223763993,64.93118701710762
0.012543258125121078,4.123098014515293,78.99030184901835
0.025781213093005656,1.7945591234739546,54.14643595431558
0.01095980658614665,0.295805608604605,51.07568565050482
0.010698708449429018,6.9319139482610925,83.57957217598087
0.012053317102554114,3.693342985966181,62.09782245386972
0.010795076870097129,6.343314558147173,66.56008489716007
0.012471329457967896,5.257881287314461,68.14973725543106
0.010568302683815558,2.563345963822606,74.05944355853357
0.010577900787549764,0.3525742113332706,86.94232013534273
0.010960294132177103,4.499026914427271,77.84668298056201
0.012287963304357559,2.018558721331221,53.72817799826553
0.023007550547196005,2.707457123898083,56.80275337258725
0.014221357977770435,0.6565946584317416,53.41734772668886
0.011124380336355206,0.5964620804372324,91.89665123974457
0.010868251614129487,2.227497019390922,72.96749073455825
0.012830878610028948,2.407863304480637,53.16936603315499
0.015769905074847854,3.4564332584276722,74.24319497993623
0.018459432205153198,5.51673028128749,51.53835434458685
0.012791790678583895,6.7853003093750335,61.92998348989804
0.01871582735204847,6.512165880640794,52.6648745681778
0.010589440747097053,1.3421832511118361,83.22392465382768
0.019917794851721453,1.8035678822139123,69.6124179619453
0.014159093575054535,5.059663407302147,97.13872855266284
0.018878730664599053,0.8059249680539419,61.23491146467367
0.015373275637740973,0.7161187942245348,51.75101048653356
0.01247076568027402,0.7012850440671947,59.996445797537696
0.013733075807530698,1.0841373824102654,63.30349865978045
0.01370570772954217,0.8536239349892334,59.28247783178765
0.010784796983005853,5.629205417662282,83.9432044331412
0.013062632024490317,3.8636120874683764,58.21035220079463
0.02913800142993357,2.2499144755868414,69.3655942138206
0.01960199979165091,0.9226977199804658,64.22515241113193
0.012543258125121078,4.123098014515293,78.99030184901835
0.0263469615971395,1.5910275308610151,53.050921607248426
0.01095980658614665,0.295805608604605,51.07568565050482
0.010698708449429018,6.9319139482610925,83.57957217598087
0.011956406542544321,3.5734711688417553,62.98670635985751
0.010795076870097129,6.343314558147173,66.56008489716007
0.012471329457967896,5.257881287314461,68.14973725543106
0.011419445298953524,2.2937045981200104,63.99652397351866
0.010577900787549764,0.3525742113332706,86.94232013534273
0.010960294132177103,4.499026914427271,77.84668298056201
0.012287963304357559,2.018558721331221,53.72817799826553
0.023007550547196005,2.707457123898083,56.80275337258725
0.014221357977770435,0.6565946584317416,53.41734772668886
0.011124380336355206,0.5964620804372324,91.89665123974457
0.010868251614129487,2.227497019390922,72.96749073455825
0.012830878610028948,2.407863304480637,53.16936603315499
0.01317208286169256,3.690896057871857,75.19105915450122
0.018459432205153198,5.51673028128749,51.53835434458685
0.01204179016424739,6.353275153881638,70.15618124328978
0.01871582735204847,6.512165880640794,52.6648745681778
0.010362350206115378,1.6587539956791453,79.54221140670515
0.01766302892871461,2.748046056051256,73.15042042834511
0.013332310274082418,5.564804325960364,86.60234561424619
0.018878730664599053,0.8059249680539419,61.23491146467367
0.015373275637740973,0.7161187942245348,51.75101048653356
0.01247076568027402,0.7012850440671947,59.996445797537696
0.013733075807530698,1.0841373824102654,63.30349865978045
0.01370570772954217,0.8536239349892334,59.28247783178765
0.012101955433231872,4.844293550091722,80.24779239367197
0.012279659765107871,3.2798333108196984,63.47581576638521
0.025463975668154,2.4094049021815733,70.5774096682406
0.01960199979165091,0.9226977199804658,64.22515241113193
0.012595249641663083,4.168702719258641,80.78289642970238
0.02747331560075527,1.677827515423405,53.01688408304618
0.01095980658614665,0.295805608604605,51.07568565050482
0.010698708449429018,6.9319139482610925,83.57957217598087
0.011956406542544321,3.5734711688417553,62.98670635985751
0.010795076870097129,6.343314558147173,66.56008489716007
0.01246869097714967,5.249250318183944,68.1232817267027
0.011526598804169822,2.5408679058327666,61.07484549377099
0.011884295232364495,1.7156690688626477,82.70686469387907
0.011336100427664518,4.726556731780707,90.97197425228937
0.012287963304357559,2.018558721331221,53.72817799826553
0.021886882267538606,2.1201444116931585,59.24525027207193
0.013738923715736281,0.8355166605590822,56.4420377666497
0.011124380336355206,0.5964620804372324,91.89665123974457
0.010649318617968688,1.9813687970648453,75.81275519295114
0.010294246230547284,4.095771941782605,54.58450559080904
0.015144733818213796,5.1176179115736335,72.13621169944453
0.018459432205153198,5.51673028128749,51.53835434458685
0.012170894891664955,7.076066118838756,72.43290912748063
0.018492738688623778,6.269141196009724,53.14118899165827
0.010290195557613513,1.6761299048124951,79.97944671420564
0.012896095760740136,3.2680777767184903,82.93354149315097
0.01418864913535603,6.691049331065782,88.63801853555351
0.018878730664599053,0.8059249680539419,61.23491146467367
0.015373275637740973,0.7161187942245348,51.75101048653356
0.01247076568027402,0.7012850440671947,59.996445797537696
0.012967818794706636,0.366444403826117,65.20842466125973
0.01370570772954217,0.8536239349892334,59.28247783178765
0.012425122151418564,5.481205672330287,81.23445086338256
0.012279659765107871,3.2798333108196984,63.47581576638521
0.0197866629695228,4.148330290841006,75.5768005510041
0.018950243503259117,0.9150625361637812,63.67880579114958
0.012595249641663083,4.168702719258641,80.78289642970238
0.01938468389504598,2.816297913803041,53.75498652369596
0.01095980658614665,0.295805608604605,51.07568565050482
0.010698708449429018,6.9319139482610925,83.57957217598087
0.012063937658952964,3.4083028835766536,62.591896407428266
0.010795076870097129,6.343314558147173,66.56008489716007
0.012680004591755709,4.498366631528891,66.61304977273409
0.011845246666798682,1.8141072291509155,61.5234402137237
0.012043037728598053,1.0172472029651392,82.59001473722931
0.011336100427664518,4.726556731780707,90.97197425228937
0.014543364814654711,3.296987171094089,52.92789338933643
0.016787861846903958,1.3982595403768199,74.71471651338355
0.013328727638109557,0.9355002602468926,59.24160687882903
0.01163176696587009,0.6359647164783856,79.8750277177273
0.010649318617968688,1.9813687970648453,75.81275519295114
0.010722710733678129,4.374347136689828,59.94312616924636
0.014671688937849335,4.085185189444539,70.6307996115676
0.018459432205153198,5.51673028128749,51.53835434458685
0.012730567370463568,4.807040505244878,67.63757884427113
0.01741781789333555,5.667239655103904,56.65826910626387
0.010290195557613513,1.6761299048124951,79.97944671420564
0.011515017452611735,3.0916485197219723,84.40805513272029
0.014075967229345536,6.5272760506677265,86.99295544196798
0.018878730664599053,0.8059249680539419,61.23491146467367
0.015373275637740973,0.7161187942245348,51.75101048653356
0.01247076568027402,0.7012850440671947,59.996445797537696
0.012967818794706636,0.366444403826117,65.20842466125973
0.01370570772954217,0.8536239349892334,59.28247783178765
0.012898625616295054,6.414408504583504,82.68010159956948
0.011133266811437205,3.7582996424327426,60.61787009545163
0.01745062040173204,3.540192012955815,76.65981051692697
0.019029276592254032,1.2609339321986166,61.87347160454639
0.012595249641663083,4.168702719258641,80.78289642970238
0.019794502903229136,2.7059616776045337,52.287548292853984
0.01095980658614665,0.295805608604605,51.07568565050482
0.010591921296366692,7.008429315145145,83.92761379406468
0.01181023533056813,4.262094990086743,61.85748644573763
0.010795076870097129,6.343314558147173,66.56008489716007
0.012282009242055834,3.526036854084689,63.018231823243745
0.011845246666798682,1.8141072291509155,61.5234402137237
0.013057418262683487,3.7666125908468158,84.7869710714146
0.012776436927286614,3.556850563330319,82.25611497850203
0.014543364814654711,3.296987171094089,52.92789338933643
0.01836507242795888,0.8917338748449293,71.81524990808875
0.012423977228102413,2.129390490246127,59.48515858586275
0.011346095791165623,0.5635210568944511,80.84050641444338
0.010649318617968688,1.9813687970648453,75.81275519295114
0.010722710733678129,4.374347136689828,59.94312616924636
0.013568765159223083,3.668344603759028,76.19018164752649
0.018459432205153198,5.51673028128749,51.53835434458685
0.011833543773613012,3.6601012765848613,54.7326945309257
0.01741781789333555,5.667239655103904,56.65826910626387
0.010290195557613513,1.6761299048124951,79.97944671420564
0.011351695929861485,3.0346144772279247,85.18109789821733
0.014075967229345536,6.5272760506677265,86.99295544196798
0.018878730664599053,0.8059249680539419,61.23491146467367
0.015373275637740973,0.7161187942245348,51.75101048653356
0.01247076568027402,0.7012850440671947,59.996445797537696
0.012967818794706636,0.366444403826117,65.20842466125973
0.015624994846725304,1.2435190811177554,65.01873332110866
0.013443043935399178,7.23352488937199,89.4838646408879
0.011133266811437205,3.7582996424327426,60.61787009545163
0.02229926830750075,2.912551556550148,72.5424335205719
0.015361786899645374,1.435177304463749,69.4719223828479
0.012595249641663083,4.168702719258641,80.78289642970238
0.019794502903229136,2.7059616776045337,52.287548292853984
0.011389390327516274,1.0324310504996035,56.14456110831564
0.010591921296366692,7.008429315145145,83.92761379406468
0.012872690783483933,5.865015363621792,69.35094064162215
0.010795076870097129,6.343314558147173,66.56008489716007
0.011619810130657491,3.11606857060031,59.229335739076646
0.011845246666798682,1.8141072291509155,61.5234402137237
0.01323892037243653,3.608704409074353,86.35944475747938
0.011929504979265088,3.1423897128712257,70.86091661906451
0.014373296191146384,3.373087119096388,55.35960897297953
0.017117864547320692,1.1174156895481244,70.84211014870064
0.012516164973815263,2.2967329807334176,62.52522325421168
0.011346095791165623,0.5635210568944511,80.84050641444338
0.010330929806941029,0.8123285841440753,85.80944794888657
0.010654500085411174,2.518443935550321,53.7061337481866
0.013575538666317645,3.665858772153124,76.01480490480775
0.018459432205153198,5.51673028128749,51.53835434458685
0.011833543773613012,3.6601012765848613,54.7326945309257
0.01741781789333555,5.667239655103904,56.65826910626387
0.011094302585688139,1.637926574475619,78.31346584297778
0.011090381297393787,2.335091996532375,98.47286943438533
0.015571231866813438,4.746023638863371,78.97359475331098
0.018878730664599053,0.8059249680539419,61.23491146467367
0.015414476710997379,0.7291848472018163,51.87469368753816
0.01247076568027402,0.7012850440671947,59.996445797537696
0.012967818794706636,0.366444403826117,65.20842466125973
0.016758258938959904,0.12017627160537314,54.88298012724069
0.013443043935399178,7.23352488937199,89.4838646408879
0.011131775134453969,3.677124881724967,61.29531491499506
0.02229926830750075,2.912551556550148,72.5424335205719
0.015345215679444453,1.6572156107184246,75.00634249469492
0.012613214233564886,3.985364892216376,80.03192435614073
0.019794502903229136,2.7059616776045337,52.287548292853984
0.011389390327516274,1.0324310504996035,56.14456110831564
0.010385350884378832,7.3173779350200325,84.32574221838115
0.012872690783483933,5.865015363621792,69.35094064162215
0.010795076870097129,6.343314558147173,66.56008489716007
0.011619810130657491,3.11606857060031,59.229335739076646
0.01204561131945072,0.6569432822097379,63.562406275206556
0.01323892037243653,3.608704409074353,86.35944475747938
0.01193449332147613,3.1618766788792443,70.99683260865909
0.013312684583885313,4.819682041971962,55.571569552493614
0.017117864547320692,1.1174156895481244,70.84211014870064
0.012735952626707302,2.454837447486258,62.8533996370488
0.011430441983166787,0.7748442991212916,77.57632106647885
0.010411457360730719,1.1003929956158687,83.34447362903275
0.010301322386042373,2.7273515414468497,51.38750579164683
0.012775576349404433,3.420182024532796,73.5686880093474
0.018459432205153198,5.51673028128749,51.53835434458685
0.011833543773613012,3.6601012765848613,54.7326945309257
0.01741781789333555,5.667239655103904,56.65826910626387
0.010781389365175507,4.144691721791975,80.96713147318223
0.011090381297393787,2.335091996532375,98.47286943438533
0.01431205100968036,3.728480903918608,71.81442650754495
0.018878730664599053,0.8059249680539419,61.23491146467367
0.015414476710997379,0.7291848472018163,51.87469368753816
0.01247076568027402,0.7012850440671947,59.996445797537696
0.013119399683549778,0.1709665255210011,65.7060080272138
0.016758258938959904,0.12017627160537314,54.88298012724069
0.013143986515465075,6.6285088177254625,88.87823112498779
0.011131775134453969,3.677124881724967,61.29531491499506
0.024961712348592787,1.1068807042508304,87.10612424855316
0.01620793695503491,1.7545820980384055,73.54832962426883
0.011958775547505674,3.12785094931738,81.01652915987972
0.018966932793188413,3.1057215526424686,57.516806423673714
0.011389390327516274,1.0324310504996035,56.14456110831564
0.010385350884378832,7.3173779350200325,84.32574221838115
0.013366605347304602,5.357222746707,70.15090670464109
0.010762878612575124,6.339405187588025,66.25415341057672
0.012326230312366973,0.4588783627073809,53.43835609687369
0.011038877131270296,1.1943407364392686,61.77862756912783
0.010167543207310952,5.244477460657145,94.67498580764996
0.011568257213180364,3.3969560624878725,66.57056428419176
0.013032251556915928,4.624833818100743,55.18192872272971
0.01654239182053851,1.3266115497899396,69.62661927710091
0.012755027579893042,2.4659521031666847,62.68524860536306
0.011430441983166787,0.7748442991212916,77.57632106647885
0.010411457360730719,1.1003929956158687,83.34447362903275
0.012214410662455013,2.2016369232929778,54.172288827870034
0.012775576349404433,3.420182024532796,73.5686880093474
0.018459432205153198,5.51673028128749,51.53835434458685
0.011833543773613012,3.6601012765848613,54.7326945309257
0.017455244021052613,5.692919115843161,56.608746163320234
0.011497483190462508,3.960388823156867,70.94480056641069
0.011090381297393787,2.335091996532375,98.47286943438533
0.0162032195503814,3.621341565969515,67.36188525613323
0.017409973383659006,0.7739018282904365,61.73519907515534
0.015522149066457037,0.6539161949395957,51.283045536209734
0.01247076568027402,0.7012850440671947,59.996445797537696
0.013129180981437965,0.07853084259172594,65.48232566634118
0.016758258938959904,0.12017627160537314,54.88298012724069
0.013129273464329948,6.665472013001551,89.11082241180776
0.011131775134453969,3.677124881724967,61.29531491499506
0.024961712348592787,1.1068807042508304,87.10612424855316
0.017032554841354786,1.5882670944150976,76.08844205750913
0.010025859484349094,4.339144378866539,91.54140289992043
0.021195502525248096,3.3385164865170633,55.60812275114017
0.011436642840206616,1.0106040848632387,55.38503536209828
0.011479183840485296,5.898456304327176,77.28961011654212
0.013138219357981457,4.7317281148960735,66.98365337515777
0.011721221217783415,4.949422042044302,69.73695662290356
0.012326230312366973,0.4588783627073809,53.43835609687369
0.011038877131270296,1.1943407364392686,61.77862756912783
0.010348717619829209,5.392038941806481,94.38425401743892
0.011357956867304108,3.6743391595517334,70.79010484869613
0.013268998299337897,4.759234599216003,52.97491888396135
0.015206803279774809,2.0689225965548452,71.02434684460137
0.01320479168505615,2.130365335700683,63.070365710370915
0.011430441983166787,0.7748442991212916,77.57632106647885
0.010411457360730719,1.1003929956158687,83.34447362903275
0.012214410662455013,2.2016369232929778,54.172288827870034
0.010620449938976711,2.532092998564439,81.97715129527855
0.018459432205153198,5.51673028128749,51.53835434458685
0.011890925300201518,3.3936612961919144,55.20669280390262
0.018437505294427167,5.7533616178770846,51.478048021168746
0.01086457072441616,6.634485132918338,84.31443606566421
0.011090381297393787,2.335091996532375,98.47286943438533
0.01707399831525757,4.4522638383059014,61.171402142764194
0.017409973383659006,0.7739018282904365,61.73519907515534
0.013996310088434147,0.6990115087396416,61.088074060323706
0.01247076568027402,0.7012850440671947,59.996445797537696
0.013129180981437965,0.07853084259172594,65.48232566634118
0.016758258938959904,0.12017627160537314,54.88298012724069
0.012660646367758373,7.275040109655052,90.6742865094274
0.011131775134453969,3.677124881724967,61.29531491499506
0.029711123290924842,0.5780894152373881,96.60786662978548
0.016815291903508982,1.665177503234848,75.54376856984267
0.010025859484349094,4.339144378866539,91.54140289992043
0.018556188551035236,3.065667934120797,57.82112110552695
0.011436642840206616,1.0106040848632387,55.38503536209828
0.011479183840485296,5.898456304327176,77.28961011654212
0.013050185252082082,4.720623756918453,67.678277265097
0.011454432917123576,6.929598088941091,76.92408153788699
0.01194590053592765,0.5863018865816565,59.3785836238264
0.011038877131270296,1.1943407364392686,61.77862756912783
0.010348717619829209,5.392038941806481,94.38425401743892
0.011523923453908763,4.505021423783804,53.61957635983999
0.013268998299337897,4.759234599216003,52.97491888396135
0.01484365947063864,2.2823780959141016,72.55545717452017
0.014154641092313283,2.007983848317683,66.3518651136934
0.011311904294845156,0.6842869924210588,78.54540986164638
0.010411457360730719,1.1003929956158687,83.34447362903275
0.011960108158924287,3.4803041258567933,62.168178671610775
0.010620449938976711,2.532092998564439,81.97715129527855
0.018242283377158445,5.008038796213093,54.70885479356305
0.011890925300201518,3.3936612961919144,55.20669280390262
0.018437505294427167,5.7533616178770846,51.478048021168746
0.011062017603665557,7.110041295882143,80.46013314200634
0.011179903415279626,2.7831607138905308,89.21111315567649
0.015669555770324556,4.034389908549014,65.69921809536339
0.01752730677749154,0.7360606539003909,61.217734220975345
0.014115795376542893,0.7845100931631455,60.48257204807303
0.01247076568027402,0.7012850440671947,59.996445797537696
0.013129180981437965,0.07853084259172594,65.48232566634118
0.016758258938959904,0.12017627160537314,54.88298012724069
0.012917743405221626,7.484438440908704,90.26172117572106
0.011131775134453969,3.677124881724967,61.29531491499506
0.029711123290924842,0.5780894152373881,96.60786662978548
0.016815291903508982,1.665177503234848,75.54376856984267
0.010025859484349094,4.339144378866539,91.54140289992043
0.018556188551035236,3.065667934120797,57.82112110552695
0.011436642840206616,1.0106040848632387,55.38503536209828
0.011707870964120706,7.360681875697988,87.81810091345267
0.010405004041352906,4.2135481118956495,75.63261108390066
0.013233787582330266,5.182252868226288,76.46593363185693
0.01194590053592765,0.5863018865816565,59.3785836238264
0.011018157753860067,1.233047493244864,60.506236625585004
0.010423743258217127,5.371270245032334,93.90947401993058
0.010937891200749053,4.947344682914064,73.94743315245259
0.013268998299337897,4.759234599216003,52.97491888396135
0.014779077696816453,2.22298503222852,73.23821710769835
0.014154641092313283,2.007983848317683,66.3518651136934
0.011311904294845156,0.6842869924210588,78.54540986164638
0.010411457360730719,1.1003929956158687,83.34447362903275
0.011957780258475482,3.006125643414933,61.71110717096224
0.010620449938976711,2.532092998564439,81.97715129527855
0.016402706081738407,3.716165822413946,56.07318211426987
0.011702364503456646,4.269206754364611,53.64909234741486
0.018437505294427167,5.7533616178770846,51.478048021168746
0.011046195057647831,6.9460012100843755,80.51449194465279
0.011179903415279626,2.7831607138905308,89.21111315567649
0.015669555770324556,4.034389908549014,65.69921809536339
0.01752730677749154,0.7360606539003909,61.217734220975345
0.014115795376542893,0.7845100931631455,60.48257204807303
0.012261307269482666,0.540679319646062,60.205441990843845
0.013129180981437965,0.07853084259172594,65.48232566634118
0.014757858227263502,0.3139353256589851,56.75171218768083
0.012917743405221626,7.484438440908704,90.26172117572106
0.011095335837185812,3.710922304692374,61.34097456652851
0.029711123290924842,0.5780894152373881,96.60786662978548
0.018004072484289636,1.0013165886223647,75.86664812843982
0.010025859484349094,4.339144378866539,91.54140289992043
0.019182516025309845,4.483806617680848,55.75344708467264
0.011077695836650834,1.857487881575559,64.58433568930849
0.011707870964120706,7.360681875697988,87.81810091345267
0.011485807247944058,3.2148082336860018,71.22001838039169
0.013497011629183646,4.3414399773133425,73.06106708820202
0.01194590053592765,0.5863018865816565,59.3785836238264
0.011025035712186385,1.2292859441977015,60.52244930036909
0.010423743258217127,5.371270245032334,93.90947401993058
0.010255941876084522,2.8099201074938787,61.66257455975426
0.013268998299337897,4.759234599216003,52.97491888396135
0.014779077696816453,2.22298503222852,73.23821710769835
0.014154641092313283,2.007983848317683,66.3518651136934
0.01130014386225486,0.7431975461993043,77.84437509561896
0.011145432583971356,0.9675841586950367,78.85376312743293
0.011957780258475482,3.006125643414933,61.71110717096224
0.010620449938976711,2.532092998564439,81.97715129527855
0.018346630869775636,3.06912168439928,57.99511967561051
0.011702364503456646,4.269206754364611,53.64909234741486
0.018437505294427167,5.7533616178770846,51.478048021168746
0.011037142523332873,4.500237412353489,71.96136101755259
0.011179903415279626,2.7831607138905308,89.21111315567649
0.016167588958503086,3.4948689383969507,67.48850915841759
0.01752730677749154,0.7360606539003909,61.217734220975345
0.014115795376542893,0.7845100931631455,60.48257204807303
0.012261307269482666,0.540679319646062,60.205441990843845
0.012409513707707641,0.472116208966454,63.7859310521004
0.014757858227263502,0.3139353256589851,56.75171218768083
0.012917743405221626,7.484438440908704,90.26172117572106
0.011095335837185812,3.710922304692374,61.34097456652851
0.029711123290924842,0.5780894152373881,96.60786662978548
0.018449897434178197,1.0224367547387174,75.68819194179557
0.010025859484349094,4.339144378866539,91.54140289992043
0.015432752225696537,3.686939299875056,71.43062042370883
0.011077695836650834,1.857487881575559,64.58433568930849
0.011622047807481647,6.611205326109355,84.6539089527946
0.01138310205406363,2.873225405899805,69.55008448867054
0.012510151523987708,3.875113740923489,69.59038660533275
0.01201025326319164,0.3091407260438057,58.487547692786926
0.011025035712186385,1.2292859441977015,60.52244930036909
0.010423743258217127,5.371270245032334,93.90947401993058
0.011261607175050245,2.98029292564643,63.56014934049178
0.013083176284315703,5.487958355945022,51.85912946595731
0.015470479592508232,2.133266739484262,75.00765793784433
0.014053130579638964,2.8469284327132742,70.66386481517824
0.01130014386225486,0.7431975461993043,77.84437509561896
0.011145432583971356,0.9675841586950367,78.85376312743293
0.012082723076957468,2.813491546197092,59.08864454199727
0.010620449938976711,2.532092998564439,81.97715129527855
0.017382613658667306,2.486054040159585,58.30542605873661
0.01173162975288468,4.259042974403057,52.84347688936124
0.018437505294427167,5.7533616178770846,51.478048021168746
0.011037142523332873,4.500237412353489,71.96136101755259
0.011179903415279626,2.7831607138905308,89.21111315567649
0.017517638197242044,2.9059772670327524,74.24836724305034
0.01752730677749154,0.7360606539003909,61.217734220975345
0.014320864477894202,0.6342127436398493,59.29096895504309
0.012160848715395758,0.6524429275931418,60.57709886846927
0.01253311987313611,0.4149336512958525,66.7721071489086
0.01448027521284129,0.2716255232011757,56.30408088636064
0.012917743405221626,7.484438440908704,90.26172117572106
0.010081174712202538,3.8380331006617245,59.30273732020434
0.027119337143339348,1.1093079684738103,90.42532193493517
0.018449897434178197,1.0224367547387174,75.68819194179557
0.010025859484349094,4.339144378866539,91.54140289992043
0.015432752225696537,3.686939299875056,71.43062042370883
0.011056945496911292,1.961430827190655,63.34741609025376
0.011622047807481647,6.611205326109355,84.6539089527946
0.01143060353951506,3.0621010484707365,67.27311000283831
0.01236550647836898,4.713859115669563,70.07572308740262
0.01201025326319164,0.3091407260438057,58.487547692786926
0.011025035712186385,1.2292859441977015,60.52244930036909
0.010423743258217127,5.371270245032334,93.90947401993058
0.011175121799054626,2.9384268992123,61.66000906258163
0.012843176787559588,4.846378436255087,53.59342345120219
0.015470479592508232,2.133266739484262,75.00765793784433
0.014639076527233275,2.551893707106558,72.45963138664655
0.01130014386225486,0.7431975461993043,77.84437509561896
0.011250248313893969,0.6848818089743047,80.7792880355218
0.012082723076957468,2.813491546197092,59.08864454199727
0.010620449938976711,2.532092998564439,81.97715129527855
0.017382613658667306,2.486054040159585,58.30542605873661
0.011051218713579863,4.290994451613153,68.27960949260468
0.018437505294427167,5.7533616178770846,51.478048021168746
0.010879953460782518,4.250804496173379,70.43173477665277
0.011179903415279626,2.7831607138905308,89.21111315567649
0.019510927060565366,3.658354384063882,73.50905682398553
0.015919369699681895,0.7379034953201453,65.51095614332948
0.014409555475535601,0.6399658910724407,59.636076910604785
0.012356558553976708,0.5530481739257408,60.58651543450715
0.013096891123924426,0.47281867079377105,67.62166287818216
0.01448027521284129,0.2716255232011757,56.30408088636064
0.012917743405221626,7.484438440908704,90.26172117572106
0.0112154368236841,5.296125559598114,71.68234317417253
0.027119337143339348,1.1093079684738103,90.42532193493517
0.018449897434178197,1.0224367547387174,75.68819194179557
0.010025859484349094,4.339144378866539,91.54140289992043
0.015432752225696537,3.686939299875056,71.43062042370883
0.011056945496911292,1.961430827190655,63.34741609025376
0.01160221170256613,6.547050491979789,84.0211042575053
0.011357892172352195,1.5855078956403466,60.17688836721453
0.011901379595635895,4.869249694770311,69.87070388485876
0.01201025326319164,0.3091407260438057,58.487547692786926
0.011025035712186385,1.2292859441977015,60.52244930036909
0.010423743258217127,5.371270245032334,93.90947401993058
0.011242509973310472,2.726265338530288,61.40401777403812
0.012843176787559588,4.846378436255087,53.59342345120219
0.01775518329585216,2.2222190703558757,81.04368193903036
0.014639076527233275,2.551893707106558,72.45963138664655
0.011103027705102155,0.7497417512406082,78.99866092615706
0.011250248313893969,0.6848818089743047,80.7792880355218
0.012082723076957468,2.813491546197092,59.08864454199727
0.010620449938976711,2.532092998564439,81.97715129527855
0.016251838806556673,2.977705679718059,60.6913349933058
0.011066476655727917,6.075181473502177,72.80003477416885
0.017977616814163204,5.169543076057326,52.409485520790994
0.010879953460782518,4.250804496173379,70.43173477665277
0.012012688044390592,1.6603271331143348,87.52952250876194
0.028373676495208725,1.9877439497875558,53.61248711631342
0.016946708777167314,0.8045442292527325,69.5084631973502
0.015883579013182346,0.8432100166307962,60.34168168687206
0.0123532975466316,0.5497260027391739,60.57501982994037
0.013096891123924426,0.47281867079377105,67.62166287818216
0.01448027521284129,0.2716255232011757,56.30408088636064
0.012917743405221626,7.484438440908704,90.26172117572106
0.0112154368236841,5.296125559598114,71.68234317417253
0.022358988716616603,3.2462401237116207,90.37048325759396
0.020231631233897172,0.2353097629098544,77.47231073600382
0.010025859484349094,4.339144378866539,91.54140289992043
0.014205158492560398,4.569895253014378,69.88510507475995
0.011137990320714455,0.25916674182713795,58.549932423021296
0.01160221170256613,6.547050491979789,84.0211042575053
0.010980516148566129,1.189957881098377,58.89016355571919
0.012030417562824563,4.950116374092166,69.87257638647955
0.01201025326319164,0.3091407260438057,58.487547692786926
0.011025035712186385,1.2292859441977015,60.52244930036909
0.010440698728480396,5.317169869832117,93.53091011763917
0.011613056869214988,2.4453434381315917,60.82035415322796
0.012843176787559588,4.846378436255087,53.59342345120219
0.01775518329585216,2.2222190703558757,81.04368193903036
0.016544100739824815,1.2971428730917536,62.89848703590947
0.011103027705102155,0.7497417512406082,78.99866092615706
0.01122500774735145,0.2644845077519111,80.54680567882474
0.012082723076957468,2.813491546197092,59.08864454199727
0.010138212311399837,4.340896265571092,83.11809508450524
0.020574228388684564,1.9238191595325933,53.22328559645897
0.01120649376170052,5.219741391607314,70.67665832622866
0.017977616814163204,5.169543076057326,52.409485520790994
0.010946980291315151,4.2711381143649705,69.85685436224801
0.01201303075689332,1.8505160812700308,91.61738382361173
0.028373676495208725,1.9877439497875558,53.61248711631342
0.01711378188678546,0.2820337501879142,71.62843540690908
0.015883579013182346,0.8432100166307962,60.34168168687206
0.0123532975466316,0.5497260027391739,60.57501982994037
0.012551623779013218,3.0457700859167254,66.32994913447314
0.014617082983277359,0.23572733704154247,56.202989297579634
0.012680161833708401,6.471091794775709,88.89819765086375
0.011648436116667165,7.307639049174178,64.19033830413667
0.022358988716616603,3.2462401237116207,90.37048325759396
0.020231631233897172,0.2353097629098544,77.47231073600382
0.010025859484349094,4.339144378866539,91.54140289992043
0.015205908943487473,4.371238485081178,63.59906363928236
0.011137990320714455,0.25916674182713795,58.549932423021296
0.011489222866062866,6.427411035826698,84.94619241707082
0.010980516148566129,1.189957881098377,58.89016355571919
0.01207118058353155,4.838845895562104,68.73722504977805
0.01201025326319164,0.3091407260438057,58.487547692786926
0.011025035712186385,1.2292859441977015,60.52244930036909
0.010440698728480396,5.317169869832117,93.53091011763917
0.012500833735723403,2.2283443720193956,62.68050912947023
0.012843176787559588,4.846378436255087,53.59342345120219
0.017103349026156837,2.0791343935300572,79.32317616878171
0.018737792902094895,0.7863385390937139,63.82299388202892
0.011103027705102155,0.7497417512406082,78.99866092615706
0.01122500774735145,0.2644845077519111,80.54680567882474
0.011374430082232517,0.9200435647858574,64.20693977655287
0.010138212311399837,4.340896265571092,83.11809508450524
0.020646117532238144,1.898525848404784,53.08934627520084
0.01212621914958778,4.896147323879425,68.96308395173804
0.017564442096035165,4.315914052971264,53.97458759942669
0.010946980291315151,4.2711381143649705,69.85685436224801
0.011801886913429406,2.130985075515118,90.66018581043977
0.027900641019202276,1.9274989471520767,53.7015643599892
0.017384199900729008,0.26099201982808823,71.2968560930678
0.015883579013182346,0.8432100166307962,60.34168168687206
0.010994562204623005,0.7381895724399608,63.19913442335392
0.01341054812232978,4.060342384116854,70.397278971595
0.014617082983277359,0.23572733704154247,56.202989297579634
0.012680161833708401,6.471091794775709,88.89819765086375
0.011648436116667165,7.307639049174178,64.19033830413667
0.022399455128928845,3.2426154107385807,90.39449794539524
0.01985510200876444,0.4307425112444747,78.08987519970928
0.010041432089646734,4.339387198214235,90.37389469070779
0.01469107306094759,4.796193066464911,63.68463264535003
0.011137990320714455,0.25916674182713795,58.549932423021296
0.011458121598192456,4.935277948168752,79.32722378261255
0.010980516148566129,1.189957881098377,58.89016355571919
0.01109169677070544,5.86540718960789,70.89421335401448
0.01152299596803187,0.21946359917364267,58.79212786444253
0.01100585394478405,1.394030004974871,60.85741889949846
0.010440698728480396,5.317169869832117,93.53091011763917
0.01243851265692266,2.1857786825391337,62.52513473455484
0.012843176787559588,4.846378436255087,53.59342345120219
0.01787752747743492,1.9560252417583017,73.46208679240037
0.018737792902094895,0.7863385390937139,63.82299388202892
0.011170438464665257,0.2848763903823919,77.51959238056097
0.01122500774735145,0.2644845077519111,80.54680567882474
0.011374430082232517,0.9200435647858574,64.20693977655287
0.010138212311399837,4.340896265571092,83.11809508450524
0.018186990889788403,1.7088744400686404,57.024170569979624
0.012186582536369141,5.206377369035288,68.1872030948773
0.019126023538327867,4.140460380574123,54.10065949360009
0.010648588182166662,4.688329731217184,71.3236192369758
0.011801886913429406,2.130985075515118,90.66018581043977
0.020174712366191734,1.5907289942964047,56.07073997197572
0.017480810432990424,0.16027213409335328,71.2735154090289
0.015272104493981663,1.484074179455014,61.688251552533146
0.010994562204623005,0.7381895724399608,63.19913442335392
0.013249165830294408,4.571910812371993,72.2958623242613
0.014617082983277359,0.23572733704154247,56.202989297579634
0.012680161833708401,6.471091794775709,88.89819765086375
0.011648436116667165,7.307639049174178,64.19033830413667
0.01918424828016681,2.4493229097452933,77.44487265938395
0.01904810579890078,0.4006974683223496,74.71786874406368
0.010322258132379662,3.2783462527494276,82.36724348098605
0.014162546311395623,5.686227294462201,62.19073207733516
0.011132435328286025,0.3068762146327997,58.646938790989864
0.011175241772849193,7.242892599404938,70.00148271171992
0.010980516148566129,1.189957881098377,58.89016355571919
0.011050574020174626,3.7234072435527166,66.08611681185157
0.01152299596803187,0.21946359917364267,58.79212786444253
0.01100585394478405,1.394030004974871,60.85741889949846
0.010440698728480396,5.317169869832117,93.53091011763917
0.012754231545606875,2.863868793245153,63.81247421703913
0.012843176787559588,4.846378436255087,53.59342345120219
0.017233897967768277,1.795657500441136,73.85145546295259
0.018567928222297633,0.15361616301097092,58.64022267934938
0.011170438464665257,0.2848763903823919,77.51959238056097
0.01122500774735145,0.2644845077519111,80.54680567882474
0.011374430082232517,0.9200435647858574,64.20693977655287
0.010138212311399837,4.340896265571092,83.11809508450524
0.020550396203693838,0.3243551484352878,52.40413195428366
0.013154133668843767,5.61518882879214,61.134571067072216
0.019126023538327867,4.140460380574123,54.10065949360009
0.010327212559743353,7.40014690499938,67.5078989196391
0.011801886913429406,2.130985075515118,90.66018581043977
0.020174712366191734,1.5907289942964047,56.07073997197572
0.017480810432990424,0.16027213409335328,71.2735154090289
0.015272104493981663,1.484074179455014,61.688251552533146
0.010994562204623005,0.7381895724399608,63.19913442335392
0.013214835859743068,4.55673847425223,72.41399048346769
0.015710914745047853,0.241476946848042,55.28766856286692
0.012680161833708401,6.471091794775709,88.89819765086375
0.012030729298075457,6.997666828844634,73.34552945565407
0.019726805223739364,3.178401692736251,79.41049337926938
0.01809519234000135,1.2288611209968758,74.1470081636302
0.010322258132379662,3.2783462527494276,82.36724348098605
0.014132271916800427,5.625555350213222,62.22559449776967
0.011132435328286025,0.3068762146327997,58.646938790989864
0.011166533072900848,7.452204546250453,70.21420719341225
0.010980516148566129,1.189957881098377,58.89016355571919
0.011050574020174626,3.7234072435527166,66.08611681185157
0.01146710950859782,0.22790708454094455,62.87212779329265
0.01100585394478405,1.394030004974871,60.85741889949846
0.01058419499220331,4.392736446550044,91.15535350675145
0.013460257314133924,3.7167473827373385,64.05856232525309
0.012843176787559588,4.846378436255087,53.59342345120219
0.02307526874692564,3.2841435351734076,67.34276223132494
0.018567928222297633,0.15361616301097092,58.64022267934938
0.011170438464665257,0.2848763903823919,77.51959238056097
0.01122500774735145,0.2644845077519111,80.54680567882474
0.011374430082232517,0.9200435647858574,64.20693977655287
0.010138212311399837,4.340896265571092,83.11809508450524
0.020550396203693838,0.3243551484352878,52.40413195428366
0.013154133668843767,5.61518882879214,61.134571067072216
0.01924747440590924,4.1467326586937405,53.920403993718764
0.010327212559743353,7.40014690499938,67.5078989196391
0.011801886913429406,2.130985075515118,90.66018581043977
0.016208871244046047,1.2224304547362592,59.15021899493322
0.017480810432990424,0.16027213409335328,71.2735154090289
0.015272104493981663,1.484074179455014,61.688251552533146
0.010994562204623005,0.7381895724399608,63.19913442335392
0.01421475032664495,4.619076135817575,65.29034230796915
0.015710914745047853,0.241476946848042,55.28766856286692
0.01270771541306603,6.196474850748203,82.93081321997545
0.012030729298075457,6.997666828844634,73.34552945565407
0.020062734473489854,3.1572999837683753,79.92639109092173
0.016326402603498536,2.4349851675883856,73.51890980683001
0.010322258132379662,3.2783462527494276,82.36724348098605
0.014243998700493053,5.219605932556936,62.172923956312026
0.011132435328286025,0.3068762146327997,58.646938790989864
0.011166533072900848,7.452204546250453,70.21420719341225
0.010980516148566129,1.189957881098377,58.89016355571919
0.010657594090639304,4.556335783717788,53.23246290791612
0.01146710950859782,0.22790708454094455,62.87212779329265
0.010599698335463327,2.4208520152627084,59.08337998797383
0.010191513983221295,5.12210550531014,91.31503507087581
0.012999674229878702,4.28430712041244,64.66111040904593
0.012869780376425511,4.8986015342977165,53.51777236741359
0.02307526874692564,3.2841435351734076,67.34276223132494
0.018567928222297633,0.15361616301097092,58.64022267934938
0.011634394591699798,1.6274281290218653,72.57369474479425
0.01122500774735145,0.2644845077519111,80.54680567882474
0.011374430082232517,0.9200435647858574,64.20693977655287
0.010975143133941843,3.8751750596405676,79.62458646836981
0.018607085789219144,1.0449987975485793,57.928559596938996
0.012712797008367133,4.748005604102725,61.07763369029071
0.0159625696742198,2.5923886214745986,55.83366853521227
0.010327212559743353,7.40014690499938,67.5078989196391
0.011801886913429406,2.130985075515118,90.66018581043977
0.01489691306891578,1.8874038537590114,64.28260516828786
0.01935058013286814,1.2043267617782014,69.95978621900852
0.0136472125056864,0.9476382954849596,62.193816218487406
0.010417789815082817,0.04307856281104527,62.82457526005961
0.01598324821499528,7.194911979411165,56.265811754095154
0.015710914745047853,0.241476946848042,55.28766856286692
0.01270771541306603,6.196474850748203,82.93081321997545
0.012030729298075457,6.997666828844634,73.34552945565407
0.017524039697293502,2.326319827328093,80.10460923707996
0.016335235694134923,2.4429520631651673,73.6180290935906
0.010012913684783685,4.311103709717207,82.99105136409439
0.014243998700493053,5.219605932556936,62.172923956312026
0.011132435328286025,0.3068762146327997,58.646938790989864
0.014833283994398667,4.9265121915699055,70.57153953548126
0.010980516148566129,1.189957881098377,58.89016355571919
0.010657594090639304,4.556335783717788,53.23246290791612
0.01146710950859782,0.22790708454094455,62.87212779329265
0.010599698335463327,2.4208520152627084,59.08337998797383
0.010254514223704466,4.926242558509328,89.15689382961513
0.013964987528906759,2.616124883884802,61.736906696563636
0.012869780376425511,4.8986015342977165,53.51777236741359
0.03330397325166455,5.890600886422602,55.945523073717986
0.022384802409277094,0.11368286628173684,56.36546394483998
0.011634394591699798,1.6274281290218653,72.57369474479425
0.011580573456383084,0.3620100441030034,88.35314542001521
0.011374430082232517,0.9200435647858574,64.20693977655287
0.01080481606167329,3.2153960793872436,70.30571036501667
0.022750277803494118,1.1263281444081175,54.3656102708131
0.011515732988697375,4.681581049946683,61.37598794123177
0.0159625696742198,2.5923886214745986,55.83366853521227
0.010327212559743353,7.40014690499938,67.5078989196391
0.011899977843122307,2.4127977133387413,87.4746024512472
0.01489691306891578,1.8874038537590114,64.28260516828786
0.020182709313960465,1.2417779620540614,71.09285192322903
0.0136472125056864,0.9476382954849596,62.193816218487406
0.010417789815082817,0.04307856281104527,62.82457526005961
0.01598324821499528,7.194911979411165,56.265811754095154
0.014262930209597523,3.112663278591257,68.61573691599075
0.01270771541306603,6.196474850748203,82.93081321997545
0.012030729298075457,6.997666828844634,73.34552945565407
0.017453292246580272,2.3383749347730345,79.00493575267384
0.016417316062417538,2.375227893473263,73.7015044271095
0.010012913684783685,4.311103709717207,82.99105136409439
0.011119559368387294,7.31239727672601,57.48002416823607
0.011132435328286025,0.3068762146327997,58.646938790989864
0.014998200394668046,6.770865534793185,79.7683988858866
0.010980516148566129,1.189957881098377,58.89016355571919
0.010657594090639304,4.556335783717788,53.23246290791612
0.01146710950859782,0.22790708454094455,62.87212779329265
0.01067702644899213,2.1709090817295476,59.044145840581194
0.010254514223704466,4.926242558509328,89.15689382961513
0.014591801285057214,2.225874525594727,57.10482240037218
0.013553068636363567,4.7615081626383216,63.45804449976532
0.02754831557923975,4.388270050442747,63.08213163642405
0.022384802409277094,0.11368286628173684,56.36546394483998
0.011709687303667483,1.6240339608671923,72.45036346884777
0.011580573456383084,0.3620100441030034,88.35314542001521
0.011312121278597336,1.2361172838607,63.25301651903489
0.01080481606167329,3.2153960793872436,70.30571036501667
0.018383220792750368,1.3231934909753753,61.51895485345004
0.011515732988697375,4.681581049946683,61.37598794123177
0.01546596148677612,3.1706400899905764,58.00289496932598
0.010447726737375184,6.254560326327325,65.91819497770454
0.011899977843122307,2.4127977133387413,87.4746024512472
0.01489691306891578,1.8874038537590114,64.28260516828786
0.018246498658424766,1.960327461408912,74.61572693759243
0.01173095098733791,0.24743880271259977,53.72985759523681
0.010417789815082817,0.04307856281104527,62.82457526005961
0.01598324821499528,7.194911979411165,56.265811754095154
0.014021012650152993,2.433471744918151,68.61555734617637
0.014774107274806245,4.51652180229067,81.22134743041539
0.01175110072069799,7.496230661452264,74.22972001284676
0.017468278818677227,2.3410648230436815,79.04337586034892
0.013611827972713986,1.284672256102796,68.61525361784537
0.01021967619962998,4.337500728450768,82.45833513403105
0.010941601487447983,7.550159793645298,56.84959017128001
0.011132435328286025,0.3068762146327997,58.646938790989864
0.014918110676008487,7.387293552963213,83.49507285379781
0.010778741176808037,1.1618708240981985,56.235456333985645
0.010657594090639304,4.556335783717788,53.23246290791612
0.011243487248316902,1.2366276821766116,65.38206435448467
0.01067702644899213,2.1709090817295476,59.044145840581194
0.010254514223704466,4.926242558509328,89.15689382961513
0.014076379600413462,2.2616659756672277,62.919930089913095
0.0131640760957228,5.085015991772642,64.56736563866927
0.02342342650814493,3.8461438408859876,62.09487788539644
0.022384802409277094,0.11368286628173684,56.36546394483998
0.010654600572774876,1.4037116564555028,78.06807215915745
0.011827395027691456,0.08434054281758963,91.09467056422314
0.011077818750197081,0.767126689244161,53.59899686822549
0.010720004961744323,3.664220920509497,71.4062910579262
0.014437096895360298,3.0723128506293635,74.93593952894123
0.011515732988697375,4.681581049946683,61.37598794123177
0.015332186862672181,2.6832125231284447,59.82396202303407
0.010447726737375184,6.254560326327325,65.91819497770454
0.011899977843122307,2.4127977133387413,87.4746024512472
0.015233624075721848,1.675421985482933,65.16027078979594
0.01800087205995036,2.3608238062300817,75.27100016463125
0.01173095098733791,0.24743880271259977,53.72985759523681
0.010417789815082817,0.04307856281104527,62.82457526005961
0.014761548203309917,5.6364316280297455,58.093265441225626
0.014021012650152993,2.433471744918151,68.61555734617637
0.014774107274806245,4.51652180229067,81.22134743041539
0.011469520092197007,7.0126910419779005,77.03824661221995
0.022795523754178156,4.077389163161646,91.29806107633071
0.01473612109226154,0.5113590037694737,67.93817459218751
0.01042235019860855,5.239425721362053,75.26891146650672
0.010941601487447983,7.550159793645298,56.84959017128001
0.011132435328286025,0.3068762146327997,58.646938790989864
0.014918110676008487,7.387293552963213,83.49507285379781
0.010778741176808037,1.1618708240981985,56.235456333985645
0.010657594090639304,4.556335783717788,53.23246290791612
0.01125064261207881,1.222107614948608,65.21102439537135
0.010030554684527043,1.375771543133876,55.31707203517331
0.01013763349828035,5.765540302509695,96.49700000636426
0.014076379600413462,2.2616659756672277,62.919930089913095
0.012493538675799755,7.159801609104406,61.39972853779823
0.023342168570900785,3.823886057526389,62.29232440760586
0.022384802409277094,0.11368286628173684,56.36546394483998
0.010654600572774876,1.4037116564555028,78.06807215915745
0.011827395027691456,0.08434054281758963,91.09467056422314
0.011077818750197081,0.767126689244161,53.59899686822549
0.010983431620989923,2.2701530616761976,67.98784352681072
0.014437096895360298,3.0723128506293635,74.93593952894123
0.011515732988697375,4.681581049946683,61.37598794123177
0.015613095643169747,2.5610999953590414,55.08132460431761
0.010447726737375184,6.254560326327325,65.91819497770454
0.01230807719625368,2.5188816989015144,85.45773996968107
0.016414453109671108,0.7206441770696408,66.36218632622902
0.016925915322150167,2.3469345358290923,74.15534006485858
0.011909413126347952,0.4007000393725677,54.429124239258286
0.010417789815082817,0.04307856281104527,62.82457526005961
0.014761548203309917,5.6364316280297455,58.093265441225626
0.014536987975643486,2.7757719457781813,69.4448160413954
0.014774107274806245,4.51652180229067,81.22134743041539
0.011469520092197007,7.0126910419779005,77.03824661221995
0.022795523754178156,4.077389163161646,91.29806107633071
0.014272740071725708,1.4336001573868904,69.2290578863238
0.01042235019860855,5.239425721362053,75.26891146650672
0.010942945392332695,7.564326377882601,56.86670618675172
0.011132435328286025,0.3068762146327997,58.646938790989864
0.014918110676008487,7.387293552963213,83.49507285379781
0.010778741176808037,1.1618708240981985,56.235456333985645
0.010657594090639304,4.556335783717788,53.23246290791612
0.011225211731480127,1.7462859231698316,64.52137448493049
0.010299091529069665,2.006398939884745,55.98025839344416
0.01013763349828035,5.765540302509695,96.49700000636426
0.016198237099473455,0.2564244386450554,64.19930429614094
0.014008424056863398,7.8301158055648745,58.05388886110151
0.025518194926745997,3.647977694651516,57.4849296464585
0.020983731528750035,0.19953203203448666,55.737943415726825
0.010654600572774876,1.4037116564555028,78.06807215915745
0.011827395027691456,0.08434054281758963,91.09467056422314
0.011031468878857,0.8093466086704391,51.2804607781713
0.010941169803874625,3.5553291499659516,82.68652504089867
0.01567725285389774,3.719938791056108,81.27526720671312
0.011515732988697375,4.681581049946683,61.37598794123177
0.016398235026105448,2.244978977319346,55.3742544149651
0.010447726737375184,6.254560326327325,65.91819497770454
0.012776456207842023,3.400150876683365,96.13923822022863
0.016349385247994293,0.7132921308566524,66.32380084813695
0.016925915322150167,2.3469345358290923,74.15534006485858
0.012132322805285953,0.9183257864871379,56.582574749571776
0.010417789815082817,0.04307856281104527,62.82457526005961
0.014804148698712974,5.691560807677298,58.17107313068353
0.012276244182525795,3.181599069075486,64.98704633820682
0.014237573358339039,3.785745229542353,76.21732936765544
0.011469520092197007,7.0126910419779005,77.03824661221995
0.0174557881569064,3.192453365677461,76.20673542385298
0.014272740071725708,1.4336001573868904,69.2290578863238
0.01042235019860855,5.239425721362053,75.26891146650672
0.010942945392332695,7.564326377882601,56.86670618675172
0.011132435328286025,0.3068762146327997,58.646938790989864
0.01425375743594303,6.329682669147168,78.8408378978743
0.010778741176808037,1.1618708240981985,56.235456333985645
0.010657594090639304,4.556335783717788,53.23246290791612
0.011219818691315952,1.4947700028404727,65.03552396959674
0.010299091529069665,2.006398939884745,55.98025839344416
0.01013763349828035,5.765540302509695,96.49700000636426
0.013603588027788435,2.4948927248697848,69.17200311477717
0.014008424056863398,7.8301158055648745,58.05388886110151
0.025518194926745997,3.647977694651516,57.4849296464585
0.020983731528750035,0.19953203203448666,55.737943415726825
0.010654600572774876,1.4037116564555028,78.06807215915745
0.011827395027691456,0.08434054281758963,91.09467056422314
0.011031468878857,0.8093466086704391,51.2804607781713
0.010769487115580633,3.1411670253756174,75.54564544374378
0.01567725285389774,3.719938791056108,81.27526720671312
0.011510923837635318,4.924168313306318,63.00588291916675
0.016398235026105448,2.244978977319346,55.3742544149651
0.010074066737181296,6.722125822623116,66.94172535047517
0.012776456207842023,3.400150876683365,96.13923822022863
0.017000063698284332,0.2739601843200381,67.82038623710694
0.017807429607008665,1.3776390737431443,69.1289076683755
0.011746069018062744,3.076633881425777,56.67484726331274
0.010417789815082817,0.04307856281104527,62.82457526005961
0.014804148698712974,5.691560807677298,58.17107313068353
0.011758941962633301,3.620949338671645,61.230414727162305
0.015093875416546405,3.275208063003105,81.89574181486284
0.011469520092197007,7.0126910419779005,77.03824661221995
0.017435492648926923,3.2054052855388426,76.20955453281637
0.015825593046390418,1.5543659950964486,75.0038601770474
0.01042235019860855,5.239425721362053,75.26891146650672
0.0113064142012042,5.533336136764954,56.77987679692977
0.011193964284246277,1.5309059821077993,62.0039518931387
0.015492956907414224,6.664503598859279,88.11628672046773
0.01078041109388304,1.1633549855058782,56.258655691291985
0.010657594090639304,4.556335783717788,53.23246290791612
0.011219818691315952,1.4947700028404727,65.03552396959674
0.010299091529069665,2.006398939884745,55.98025839344416
0.01013763349828035,5.765540302509695,96.49700000636426
0.012168543526284414,2.282754409567146,63.4432209130307
0.014008424056863398,7.8301158055648745,58.05388886110151
0.023034987109901907,3.280968173748504,58.26833446920368
0.020983731528750035,0.19953203203448666,55.737943415726825
0.010101692377327012,1.3146364758683442,90.81678361266987
0.011827395027691456,0.08434054281758963,91.09467056422314
0.011031468878857,0.8093466086704391,51.2804607781713
0.010595367696274192,2.722445994109741,78.49049036991534
0.015710057716018137,3.9377751177061433,82.17909561283732
0.011510923837635318,4.924168313306318,63.00588291916675
0.016398235026105448,2.244978977319346,55.3742544149651
0.010074066737181296,6.722125822623116,66.94172535047517
0.012666751250501073,3.016865964355886,95.55612082897909
0.017000063698284332,0.2739601843200381,67.82038623710694
0.014722584230794523,1.3303338325282432,66.41535356524356
0.011961986487282653,3.681138127959355,54.5907376471423
0.010692233065996612,1.2685295244414938,62.87009453066538
0.014125606717353209,7.3656098769292075,55.18941672081732
0.01155819599171486,3.6158778335560333,60.20346115339271
0.015093875416546405,3.275208063003105,81.89574181486284
0.011469520092197007,7.0126910419779005,77.03824661221995
0.014935908119208034,3.1488310118558145,67.6271997546362
0.015376373802223502,1.7219914397728355,72.98554988637144
0.01042235019860855,5.239425721362053,75.26891146650672
0.0113064142012042,5.533336136764954,56.77987679692977
0.011262733973798436,2.8989796930648986,65.75601862748154
0.015419205572684318,6.038152652289586,86.96671326233002
0.01078041109388304,1.1633549855058782,56.258655691291985
0.010657594090639304,4.556335783717788,53.23246290791612
0.012792832901292994,2.350600113351166,71.0412358384355
0.010299091529069665,2.006398939884745,55.98025839344416
0.01013763349828035,5.765540302509695,96.49700000636426
0.012168543526284414,2.282754409567146,63.4432209130307
0.014222554583919926,7.289274066708316,58.75293870710066
0.024254481316648886,3.2368965659245625,58.67335639344106
0.020983731528750035,0.19953203203448666,55.737943415726825
0.010101692377327012,1.3146364758683442,90.81678361266987
0.011827395027691456,0.08434054281758963,91.09467056422314
0.010891400820986658,0.377064342248977,50.78217461157811
0.010602661718278866,2.6739541030842315,78.20355555470759
0.015710057716018137,3.9377751177061433,82.17909561283732
0.011678347788039233,5.78609745753705,64.55225900421794
0.014366773035277721,1.284705842154947,71.24981945967141
0.01009419361892573,6.419246089427983,76.29969023083757
0.012666751250501073,3.016865964355886,95.55612082897909
0.017000063698284332,0.2739601843200381,67.82038623710694
0.013856748228476377,0.9577067697711632,73.79595623792423
0.011969226843756177,3.874628092022718,52.62700616070142
0.010692233065996612,1.2685295244414938,62.87009453066538
0.014379863287593135,7.70002205606453,53.511215603682544
0.01155819599171486,3.6158778335560333,60.20346115339271
0.015153605594489786,3.7824809636309333,82.82676533416617
0.011469520092197007,7.0126910419779005,77.03824661221995
0.014110471145737045,4.068916387274564,69.86821431353309
0.015376373802223502,1.7219914397728355,72.98554988637144
0.01042235019860855,5.239425721362053,75.26891146650672
0.0113064142012042,5.533336136764954,56.77987679692977
0.011262733973798436,2.8989796930648986,65.75601862748154
0.014284429033615835,5.144590617310116,80.09915099426534
0.010700908917932154,2.068386775089812,60.479604472515
0.010657594090639304,4.556335783717788,53.23246290791612
0.013753510728164801,4.605685996014804,51.08667364395872
0.010299091529069665,2.006398939884745,55.98025839344416
0.010379975756758768,5.398816515206957,90.3054679798228
0.011452033684502556,3.3609132097491816,58.60116039788591
0.014337880556340377,7.836703493906308,54.62067508071436
0.024254481316648886,3.2368965659245625,58.67335639344106
0.020983731528750035,0.19953203203448666,55.737943415726825
0.010101692377327012,1.3146364758683442,90.81678361266987
0.011827395027691456,0.08434054281758963,91.09467056422314
0.010891400820986658,0.377064342248977,50.78217461157811
0.010602661718278866,2.6739541030842315,78.20355555470759
0.01451183040159433,3.657895998476031,77.75428182113514
0.011810524634853697,6.694607142975643,66.8651039754682
0.014347706629725569,1.3675980806432806,70.3402442957179
0.01009419361892573,6.419246089427983,76.29969023083757
0.012666751250501073,3.016865964355886,95.55612082897909
0.014157853838930937,2.1929934478600996,61.28319456278807
0.014077701681950473,3.8055273800839897,65.22808303708472
0.012178881310260084,4.082872570224255,50.205264695256474
0.010701446727667012,1.1329651796544864,62.446805325738566
0.014379863287593135,7.70002205606453,53.511215603682544
0.01117685620270685,4.192939269527993,69.94620074599214
0.016544158195827247,2.9279061202278496,76.36576737106941
0.011469520092197007,7.0126910419779005,77.03824661221995
0.013938251279403195,5.939742891070974,68.93985653193218
0.015115985256119324,1.8865050152078253,71.42966407746867
0.01042235019860855,5.239425721362053,75.26891146650672
0.011104065441593331,4.06150559388824,58.67534392329159
0.011840824300050914,2.612015432866033,66.61505266367442
0.013757684440280695,7.20840654350655,85.59078852499553
0.010700908917932154,2.068386775089812,60.479604472515
0.010657594090639304,4.556335783717788,53.23246290791612
0.013753510728164801,4.605685996014804,51.08667364395872
0.010212347252660375,2.1947036512113165,54.58612719676999
0.010442814107209875,5.174442410926741,93.38508652143092
0.011452033684502556,3.3609132097491816,58.60116039788591
0.014337880556340377,7.836703493906308,54.62067508071436
0.025288693452057462,3.3773653259033276,56.32448207289024
0.01869253564455437,1.1325181180474662,59.05744117973393
0.010101692377327012,1.3146364758683442,90.81678361266987
0.011827395027691456,0.08434054281758963,91.09467056422314
0.010883066264435583,0.526043689932691,50.86952054187671
0.01081585725914491,0.06521975911155575,66.61740190867691
0.016860032104976073,3.5582173629477243,90.44947339825893
0.011700306613810541,5.669663144462174,64.32435502143952
0.014347706629725569,1.3675980806432806,70.3402442957179
0.01009419361892573,6.419246089427983,76.29969023083757
0.012666751250501073,3.016865964355886,95.55612082897909
0.016137891901068804,1.710153461272075,58.22412885708059
0.012692695369753364,4.298344090121417,58.973862450166095
0.012291014767174212,3.9424863840917097,51.2462913040991
0.010688971741254794,0.18644716258714666,64.24505285768832
0.014387249361565626,7.715844480067329,53.48405424066204
0.01117685620270685,4.192939269527993,69.94620074599214
0.016544158195827247,2.9279061202278496,76.36576737106941
0.010795857933938844,7.3054748698749545,79.24811821273111
0.013938251279403195,5.939742891070974,68.93985653193218
0.017076278558798456,2.5165438205169717,80.95120506469904
0.01057147793399272,7.064720141755217,68.03809154159941
0.010736836993743375,3.818140406561176,57.34536019995176
0.011781348011384528,2.5967741029195337,66.17572449226269
0.013757684440280695,7.20840654350655,85.59078852499553
0.010885875963039134,2.386675834353837,60.017031188625964
0.01063878644908058,5.090049983850493,51.64182664435123
0.013753510728164801,4.605685996014804,51.08667364395872
0.010212347252660375,2.1947036512113165,54.58612719676999
0.010442814107209875,5.174442410926741,93.38508652143092
0.011452033684502556,3.3609132097491816,58.60116039788591
0.014337880556340377,7.836703493906308,54.62067508071436
0.02763590984022888,3.2753116099099278,57.24153910159109
0.01791252054160773,1.6121137948135082,60.621604902058635
0.010101692377327012,1.3146364758683442,90.81678361266987
0.011846206690670706,0.019888365822470888,91.67713752064236
0.010883066264435583,0.526043689932691,50.86952054187671
0.01081585725914491,0.06521975911155575,66.61740190867691
0.016860032104976073,3.5582173629477243,90.44947339825893
0.011700306613810541,5.669663144462174,64.32435502143952
0.014347706629725569,1.3675980806432806,70.3402442957179
0.01009419361892573,6.419246089427983,76.29969023083757
0.012575617167040328,3.2257706830088093,94.76173300453696
0.015682620297515194,1.98709302950467,61.03493955322082
0.012736427138241534,4.301385005880778,58.657311876359586
0.012291014767174212,3.9424863840917097,51.2462913040991
0.010688971741254794,0.18644716258714666,64.24505285768832
0.014387249361565626,7.715844480067329,53.48405424066204
0.011173983591242661,4.1904916398929615,69.86383169830671
0.016544158195827247,2.9279061202278496,76.36576737106941
0.011057892910573441,7.29688716341158,79.80925893569936
0.013912499860493236,5.83787801043582,69.82629425896019
0.014412882472211612,2.460668636186189,71.94436004695226
0.01117711568644227,6.7270160520434485,70.19648575558031
0.010737485141523326,3.8185699392044303,57.347707583447516
0.012662481767481531,2.803508279461206,72.23580484129195
0.013757684440280695,7.20840654350655,85.59078852499553
0.010885875963039134,2.386675834353837,60.017031188625964
0.01063878644908058,5.090049983850493,51.64182664435123
0.01643526236326181,4.188652640901145,50.60869153924114
0.010212347252660375,2.1947036512113165,54.58612719676999
0.01071829577579887,5.282931513866207,87.01868770631916
0.011379586787622397,3.593680611142897,61.62167792391435
0.014337880556340377,7.836703493906308,54.62067508071436
0.02763590984022888,3.2753116099099278,57.24153910159109
0.017833570525220173,1.6448422062916892,60.48993534733475
0.010101692377327012,1.3146364758683442,90.81678361266987
0.011846206690670706,0.019888365822470888,91.67713752064236
0.010703291810605095,0.7074790305874087,60.060379769524246
0.01081585725914491,0.06521975911155575,66.61740190867691
0.018862317371473994,3.918223260877988,99.13762655147619
0.011052512688141676,7.599330216502127,58.99789328837454
0.013396239660236132,1.647686541158646,67.5029604317443
0.01009419361892573,6.419246089427983,76.29969023083757
0.01294388817071371,2.5175733869086896,82.52880541904906
0.02000101907526384,0.38773378070048725,64.25485923777211
0.012736427138241534,4.301385005880778,58.657311876359586
0.012291014767174212,3.9424863840917097,51.2462913040991
0.010455956027291817,2.6282654430550667,68.96768778425529
0.01443214286420257,7.605941385760645,52.45046854930731
0.011184572315487334,4.220250055354339,69.75238684699663
0.01639417536057674,2.895025530534369,76.05462264262317
0.011084345340872947,7.502052180014681,80.28569743479451
0.014006848034033955,5.897883410473312,70.19710572454802
0.014412882472211612,2.460668636186189,71.94436004695226
0.01117711568644227,6.7270160520434485,70.19648575558031
0.010737485141523326,3.8185699392044303,57.347707583447516
0.014716925675487633,3.5059429688021337,86.80396975352565
0.014537213827280338,7.098198164234018,89.45246070122822
0.010885875963039134,2.386675834353837,60.017031188625964
0.01063878644908058,5.090049983850493,51.64182664435123
0.01643526236326181,4.188652640901145,50.60869153924114
0.010280251575681475,1.989000218085271,55.34329093141973
0.01071829577579887,5.282931513866207,87.01868770631916
0.011379586787622397,3.593680611142897,61.62167792391435
0.014337880556340377,7.836703493906308,54.62067508071436
0.022252785620621107,4.240108305286881,63.09002015273253
0.017833570525220173,1.6448422062916892,60.48993534733475
0.010101692377327012,1.3146364758683442,90.81678361266987
0.011846206690670706,0.019888365822470888,91.67713752064236
0.010703291810605095,0.7074790305874087,60.060379769524246
0.01079735416521861,1.054788668556668,70.48662257224731
0.015741494274038148,3.7828662296383357,83.4908465843099
0.011052512688141676,7.599330216502127,58.99789328837454
0.011712375428755376,0.23978592741801696,76.86375101642184
0.01009419361892573,6.419246089427983,76.29969023083757
0.012691040452454627,3.1969258639551246,79.38308554712543
0.01605787725221325,3.58223305315851,67.93141411892755
0.011452019515810792,1.7983726565293834,63.35864050028397
0.012291014767174212,3.9424863840917097,51.2462913040991
0.010455956027291817,2.6282654430550667,68.96768778425529
0.014546016384207477,7.939998571381109,50.7230945639965
0.011184572315487334,4.220250055354339,69.75238684699663
0.01639417536057674,2.895025530534369,76.05462264262317
0.011143775744268027,7.56704383870277,80.52494361375484
0.013980138449277904,6.123988811164484,70.08216858368853
0.015254190256885028,2.556689384679861,75.3239526189687
0.011121929739164418,7.581044520489083,72.53365333237464
0.010737485141523326,3.8185699392044303,57.347707583447516
0.014716925675487633,3.5059429688021337,86.80396975352565
0.014860639495769403,6.350397337444228,84.87520924417291
0.010885875963039134,2.386675834353837,60.017031188625964
0.01063878644908058,5.090049983850493,51.64182664435123
0.01643526236326181,4.188652640901145,50.60869153924114
0.01026209278562745,1.9229331213061358,53.935230066735336
0.01071160523233334,5.793494234135813,97.36373949320293
0.011379586787622397,3.593680611142897,61.62167792391435
0.01441814586685815,7.6381645130846,55.24183360077828
0.026237316088002637,2.5119294846408033,67.08144023237769
0.01689016314265486,2.0965909200021278,59.32973776756056
0.01034545142159964,2.9258251750774233,82.65946702293454
0.011846206690670706,0.019888365822470888,91.67713752064236
0.010703291810605095,0.7074790305874087,60.060379769524246
0.010583993704633338,1.4008396024661063,63.88907441549258
0.016096783248099655,2.5473910298879643,93.2292291145364
0.011052512688141676,7.599330216502127,58.99789328837454
0.011712375428755376,0.23978592741801696,76.86375101642184
0.010095117943346065,6.416010327561527,76.29078962266134
0.01158996531152413,2.9052856442505774,87.84486230399256
0.0161777338440745,3.5488839536455505,68.291698622077
0.011427877184572582,1.7504498002744056,63.45723514932366
0.012291014767174212,3.9424863840917097,51.2462913040991
0.010455956027291817,2.6282654430550667,68.96768778425529
0.01454889500642802,7.865315849984836,51.330804117288075
0.0115824846089362,5.287939392413855,62.01211746737774
0.01639417536057674,2.895025530534369,76.05462264262317
0.011143775744268027,7.56704383870277,80.52494361375484
0.017281403327191462,5.873155995663266,64.80013635279343
0.015079862739997368,2.3342390001085245,76.92746603613217
0.011121929739164418,7.581044520489083,72.53365333237464
0.010737485141523326,3.8185699392044303,57.347707583447516
0.013689600796522431,3.586650159119123,79.19959654820556
0.01435412724482177,5.662889948124999,81.85188377660639
0.010885875963039134,2.386675834353837,60.017031188625964
0.01063878644908058,5.090049983850493,51.64182664435123
0.01567973733837781,4.6710235278698296,54.88017112909806
0.01026209278562745,1.9229331213061358,53.935230066735336
0.010857491409635711,5.685385259804873,96.47391366200124
0.011379586787622397,3.593680611142897,61.62167792391435
0.014637575094004441,7.262914136869492,54.73782365210418
0.03478590481607462,0.24517554710670808,56.45580355714513
0.01689016314265486,2.0965909200021278,59.32973776756056
0.0114266057068844,4.196295779125818,74.60152180037143
0.012031746522865639,0.5584777734216662,88.90735756277786
0.010703291810605095,0.7074790305874087,60.060379769524246
0.010647922745645143,2.1353034574671224,64.91640778718032
0.014428674125346718,3.622639117747186,88.52134155219332
0.011052512688141676,7.599330216502127,58.99789328837454
0.011712375428755376,0.23978592741801696,76.86375101642184
0.010095117943346065,6.416010327561527,76.29078962266134
0.011348429634524301,2.5599255675999997,90.468732013367
0.0161777338440745,3.5488839536455505,68.291698622077
0.011478719347336793,0.7095250498821128,60.402835950113456
0.012214716707531771,4.0319048054864615,53.47413135119867
0.010455956027291817,2.6282654430550667,68.96768778425529
0.01454889500642802,7.865315849984836,51.330804117288075
0.0115824846089362,5.287939392413855,62.01211746737774
0.01593450971107082,2.6488253557394623,77.40890507674081
0.011143775744268027,7.56704383870277,80.52494361375484
0.017281403327191462,5.873155995663266,64.80013635279343
0.015079862739997368,2.3342390001085245,76.92746603613217
0.011121929739164418,7.581044520489083,72.53365333237464
0.010737485141523326,3.8185699392044303,57.347707583447516
0.013689600796522431,3.586650159119123,79.19959654820556
0.01441122497683475,5.652793359328237,81.92643770246677
0.010885875963039134,2.386675834353837,60.017031188625964
0.010910706563170098,4.205440542665007,58.916441049780786
0.01567973733837781,4.6710235278698296,54.88017112909806
0.01026209278562745,1.9229331213061358,53.935230066735336
0.01076492309909632,4.462589637515432,86.00074117663658
0.011379586787622397,3.593680611142897,61.62167792391435
0.014637575094004441,7.262914136869492,54.73782365210418
0.03478590481607462,0.24517554710670808,56.45580355714513
0.02009718345418208,1.8315868621624207,54.5258666905444
0.011173945847664747,4.200774396112413,66.91980659968141
0.012292123891056446,0.3643605426231786,98.32897285633133
0.010703291810605095,0.7074790305874087,60.060379769524246
0.010582772206674227,2.0564388440959815,65.39220134714577
0.012833809326215473,2.9720334913180197,75.28262922437823
0.011052512688141676,7.599330216502127,58.99789328837454
0.01165887711158199,0.8364603725652415,75.41527807730614
0.010095117943346065,6.416010327561527,76.29078962266134
0.01130953549775493,3.112307864411198,99.44401523669282
0.0161777338440745,3.5488839536455505,68.291698622077
0.011299132243238122,1.8148194323731817,59.932886394155155
0.01218626832081672,3.9693316996430146,53.59809923235963
0.010455956027291817,2.6282654430550667,68.96768778425529
0.01454889500642802,7.865315849984836,51.330804117288075
0.01164603242473418,5.010785391299803,62.373546734449
0.01843975681837285,1.7888257199389228,78.96909553902236
0.011143775744268027,7.56704383870277,80.52494361375484
0.01678408413675156,5.837433591080888,67.69708251905031
0.015079862739997368,2.3342390001085245,76.92746603613217
0.011121929739164418,7.581044520489083,72.53365333237464
0.010737485141523326,3.8185699392044303,57.347707583447516
0.013313291017344374,3.6824418807357686,72.79110477593073
0.015260697154456028,6.763828438599841,87.54131079708486
0.010575791384493157,2.009284215557928,61.547655233338
0.010910706563170098,4.205440542665007,58.916441049780786
0.01567973733837781,4.6710235278698296,54.88017112909806
0.01026209278562745,1.9229331213061358,53.935230066735336
0.011190096972783243,3.321639509212142,89.43293034688847
0.011379586787622397,3.593680611142897,61.62167792391435
0.014637575094004441,7.262914136869492,54.73782365210418
0.0281694370517125,1.7778471584526172,55.91016188511296
0.02009718345418208,1.8315868621624207,54.5258666905444
0.011173945847664747,4.200774396112413,66.91980659968141
0.012292123891056446,0.3643605426231786,98.32897285633133
0.010703291810605095,0.7074790305874087,60.060379769524246
0.010582772206674227,2.0564388440959815,65.39220134714577
0.0148320746994196,2.16509509728568,92.3786171197162
0.011052512688141676,7.599330216502127,58.99789328837454
0.012251084005686487,0.3758189978696025,84.52236231442524
0.010095117943346065,6.416010327561527,76.29078962266134
0.01110457500268326,2.879574528878776,90.53899061763798
0.0161967237572799,3.546079361633728,68.27209137330564
0.01171867303534984,2.1311716528615734,64.129106782883
0.01218626832081672,3.9693316996430146,53.59809923235963
0.012587939097802592,2.9712957287157207,68.7158084740546
0.01454889500642802,7.865315849984836,51.330804117288075
0.01164603242473418,5.010785391299803,62.373546734449
0.014962522520755667,1.302803254633053,70.47037746409049
0.011143775744268027,7.56704383870277,80.52494361375484
0.01678408413675156,5.837433591080888,67.69708251905031
0.013104213876270254,2.212196635494657,71.8598267687619
0.011121929739164418,7.581044520489083,72.53365333237464
0.010737485141523326,3.8185699392044303,57.347707583447516
0.01532145791660113,4.9614314371426325,78.83249613923297
0.014939539808445139,6.95912911665804,91.72483065216753
0.010343209269590849,1.9844795142777434,61.022316970657016
0.010788080188486461,4.207614202408027,55.18818405904969
0.014323429246147755,3.131013954619271,64.77210819928361
0.010287921212245641,2.0928957106903088,54.49390343911669
0.011190096972783243,3.321639509212142,89.43293034688847
0.011921080428624758,4.434467048407142,61.93483614976085
0.014637575094004441,7.262914136869492,54.73782365210418
0.0281694370517125,1.7778471584526172,55.91016188511296
0.018074781254930682,3.84351290164564,54.604381887409396
0.011173945847664747,4.200774396112413,66.91980659968141
0.012292123891056446,0.3643605426231786,98.32897285633133
0.010703291810605095,0.7074790305874087,60.060379769524246
0.010780719473674902,2.0694621247178304,65.17208871878302
0.01501132692781839,2.065344633207595,93.62612607936086
0.011052512688141676,7.599330216502127,58.99789328837454
0.012251084005686487,0.3758189978696025,84.52236231442524
0.010095117943346065,6.416010327561527,76.29078962266134
0.010623624377815385,3.9298783503062227,93.06291422787392
0.01978033616257174,0.9384262045280414,61.03052239418464
0.012195667977581186,0.31890660849322794,61.685407022722835
0.01218626832081672,3.9693316996430146,53.59809923235963
0.013759297689596682,3.7713813261355624,68.43142998165224
0.014323335630021718,6.982689214838269,54.53601906115019
0.011548480877781977,4.491952487912189,62.09827119844164
0.012488948364622027,1.0480667719849328,78.1514941518324
0.011109202461267191,7.248067598363693,78.55267761734808
0.01718238911472029,5.7149938373652125,68.30161661688669
0.013146606596549761,2.213992432784804,72.12123025836122
0.011089632464977068,7.34439702670589,73.86424140032278
0.010280558677899163,3.477069241925904,53.609579805859724
0.014821211246282953,4.2702960296316075,78.71222506143937
0.014939539808445139,6.95912911665804,91.72483065216753
0.010338505882239963,1.988445263905639,60.96438349424792
0.010788080188486461,4.207614202408027,55.18818405904969
0.014420679288593356,3.2067946017307074,64.16479287235025
0.010171820332517999,1.6020104343526378,54.33274149945121
0.011190096972783243,3.321639509212142,89.43293034688847
0.012245646106083826,4.4994526018402405,63.8675203883229
0.01465070308254041,7.277922501334663,54.605704767827696
0.0281694370517125,1.7778471584526172,55.91016188511296
0.018074781254930682,3.84351290164564,54.604381887409396
0.010420331480518793,3.9907453462716442,69.06615929806973
0.012330763593303058,0.4985826982733954,94.36782028670741
0.010913785252481243,1.2249901957303377,60.57996086376866
0.010780719473674902,2.0694621247178304,65.17208871878302
0.01501132692781839,2.065344633207595,93.62612607936086
0.012262426192666615,7.485794017739944,57.56017332715123
0.012251084005686487,0.3758189978696025,84.52236231442524
0.010278817371851061,6.3567889934627235,75.7915479188781
0.010623624377815385,3.9298783503062227,93.06291422787392
0.01978033616257174,0.9384262045280414,61.03052239418464
0.012204199468068793,0.33590865926773295,61.77903359849674
0.01218626832081672,3.9693316996430146,53.59809923235963
0.015566521246765146,3.6800326659463423,54.23524493566986
0.014323335630021718,6.982689214838269,54.53601906115019
0.011568123138335306,4.5331863236571905,62.2090701591636
0.012489254301843375,1.0491295015339581,78.12013096992294
0.011109202461267191,7.248067598363693,78.55267761734808
0.021452053169788945,6.641877178024673,73.00282931691875
0.013146606596549761,2.213992432784804,72.12123025836122
0.011077793243643629,7.402673247414348,71.02788756263259
0.010191132659531425,3.2961871734919734,53.43132074153476
0.014683276157695026,5.870059730034875,67.89170651460329
0.014939539808445139,6.95912911665804,91.72483065216753
0.01032743761354343,2.086661470181081,60.39862289593509
0.010788080188486461,4.207614202408027,55.18818405904969
0.01508211882814936,3.9457127684629776,59.38562077458256
0.010153733331883815,0.015325632778547593,55.17696901324415
0.010879291806226496,4.184587129004207,90.87143041134416
0.012045910629007802,7.328388337591612,52.181739599139036
0.012983730000743699,5.952884715480265,54.857082478208326
0.027878870053488325,1.749420259510172,55.898336554545175
0.018074781254930682,3.84351290164564,54.604381887409396
0.010420331480518793,3.9907453462716442,69.06615929806973
0.012330763593303058,0.4985826982733954,94.36782028670741
0.010913785252481243,1.2249901957303377,60.57996086376866
0.010780719473674902,2.0694621247178304,65.17208871878302
0.014417813162614843,1.8148678340159643,88.9283053315914
0.012262426192666615,7.485794017739944,57.56017332715123
0.012251084005686487,0.3758189978696025,84.52236231442524
0.010278817371851061,6.3567889934627235,75.7915479188781
0.010623624377815385,3.9298783503062227,93.06291422787392
0.01978033616257174,0.9384262045280414,61.03052239418464
0.012204199468068793,0.33590865926773295,61.77903359849674
0.01218626832081672,3.9693316996430146,53.59809923235963
0.015566521246765146,3.6800326659463423,54.23524493566986
0.014323335630021718,6.982689214838269,54.53601906115019
0.010978166399238144,5.399982904940872,58.504409448847085
0.012533145121784852,1.4843982874642832,76.05524835807694
0.011109202461267191,7.248067598363693,78.55267761734808
0.021790541539920334,6.726652179147005,72.37576646443551
0.013774319214361504,3.5338350137529164,55.004621782826995
0.011011626351068806,7.407750319391856,72.31594525749632
0.010191132659531425,3.2961871734919734,53.43132074153476
0.014388844316907106,5.583320282121225,67.68652254453009
0.014987229433640632,7.067626639004555,92.03536844994343
0.01101359239957307,1.8993085397827758,65.26910932887438
0.010788080188486461,4.207614202408027,55.18818405904969
0.01620449760347268,3.5479883886015933,59.62662086064896
0.010153733331883815,0.015325632778547593,55.17696901324415
0.010879291806226496,4.184587129004207,90.87143041134416
0.012045910629007802,7.328388337591612,52.181739599139036
0.012983730000743699,5.952884715480265,54.857082478208326
0.03382684409085661,0.8330680887980333,53.99881361645326
0.017913881524576417,3.8778800874575454,54.58314616001947
0.010420331480518793,3.9907453462716442,69.06615929806973
0.012330763593303058,0.4985826982733954,94.36782028670741
0.010913785252481243,1.2249901957303377,60.57996086376866
0.010780719473674902,2.0694621247178304,65.17208871878302
0.01356359875949705,1.2441502640055284,78.45163589025778
0.012262426192666615,7.485794017739944,57.56017332715123
0.012251084005686487,0.3758189978696025,84.52236231442524
0.010278817371851061,6.3567889934627235,75.7915479188781
0.011128135829101512,3.866461101457158,86.96875235214907
0.025534828515097224,1.3960714063336759,60.461986981654555
0.012204199468068793,0.33590865926773295,61.77903359849674
0.012052584031631635,4.136657381835318,55.153533941614796
0.016421659546656843,4.259000730320052,54.086466831053954
0.014023108828956372,6.93622829928422,56.11382858667676
0.010978166399238144,5.399982904940872,58.504409448847085
0.012598514411542685,1.7413179288648926,74.0929458851898
0.011109202461267191,7.248067598363693,78.55267761734808
0.021110277735456075,6.570904269391969,71.3130869581715
0.013774319214361504,3.5338350137529164,55.004621782826995
0.011085817004528506,7.514151182021551,71.96407015780876
0.010191132659531425,3.2961871734919734,53.43132074153476
0.014388844316907106,5.583320282121225,67.68652254453009
0.01484919276658268,6.665459347251545,87.82104098584303
0.011065786277044777,2.002329678501252,65.03158664807532
0.010788080188486461,4.207614202408027,55.18818405904969
0.013939960470919437,2.5536958779484182,60.034670607789046
0.010153733331883815,0.015325632778547593,55.17696901324415
0.010879291806226496,4.184587129004207,90.87143041134416
0.013311608846572686,6.597081357317099,52.94038598952589
0.012957882950483618,5.736981390644641,56.42107721715973
0.03382684409085661,0.8330680887980333,53.99881361645326
0.01692308717491161,4.510407556270212,55.1050686601122
0.010420331480518793,3.9907453462716442,69.06615929806973
0.012330763593303058,0.4985826982733954,94.36782028670741
0.010913785252481243,1.2249901957303377,60.57996086376866
0.010780719473674902,2.0694621247178304,65.17208871878302
0.015572540610887958,0.7280045397520187,88.8370724650218
0.012262426192666615,7.485794017739944,57.56017332715123
0.011537873847763227,1.7840935496627872,78.50105640734796
0.010278817371851061,6.3567889934627235,75.7915479188781
0.011128135829101512,3.866461101457158,86.96875235214907
0.019401829335914174,2.448910485760645,63.95329612898509
0.012204199468068793,0.33590865926773295,61.77903359849674
0.012052584031631635,4.136657381835318,55.153533941614796
0.016126829079121652,4.1136232280638065,53.00321964358572
0.014023108828956372,6.93622829928422,56.11382858667676
0.010891376476948971,5.180728759853161,60.14764370667395
0.013442957594395226,2.0001188358344617,80.86611059237904
0.011085116601088598,7.281634790720218,78.76549200142694
0.021110277735456075,6.570904269391969,71.3130869581715
0.014334910010720691,2.7038827070856053,51.468336547289056
0.011085817004528506,7.514151182021551,71.96407015780876
0.010191132659531425,3.2961871734919734,53.43132074153476
0.014388844316907106,5.583320282121225,67.68652254453009
0.013866025493946506,6.980683170622505,90.53088303140439
0.011065786277044777,2.002329678501252,65.03158664807532
0.010360385019045635,3.2566422680041125,54.50009025402958
0.015241040169098271,3.425968425572952,61.70394629896777
0.011194869725572895,1.1135694673933174,60.21217338184998
0.011000493278053313,4.08131283579756,90.39841263587866
0.013311608846572686,6.597081357317099,52.94038598952589
0.012533454068522215,5.259153133825228,56.543497443099994
0.024425834103816213,3.594989467511914,61.42554748928539
0.017041981138886893,4.575409497984902,54.99674798579221
0.010420331480518793,3.9907453462716442,69.06615929806973
0.012330763593303058,0.4985826982733954,94.36782028670741
0.010913785252481243,1.2249901957303377,60.57996086376866
0.010780719473674902,2.0694621247178304,65.17208871878302
0.013956682965976085,4.026871107808406,73.56901517284446
0.012262426192666615,7.485794017739944,57.56017332715123
0.01213064236195529,0.037919594359514974,86.00324896960458
0.010278817371851061,6.3567889934627235,75.7915479188781
0.010771925007904994,3.6496659498669612,74.21917322284882
0.019401829335914174,2.448910485760645,63.95329612898509
0.012204199468068793,0.33590865926773295,61.77903359849674
0.012741167795699821,3.078534735172055,67.88771077599229
0.01648121948390542,3.804373647658486,52.58531791129996
0.014023108828956372,6.93622829928422,56.11382858667676
0.010221188265732959,5.6627780877548926,61.836829911104886
0.013442957594395226,2.0001188358344617,80.86611059237904
0.011085116601088598,7.281634790720218,78.76549200142694
0.021057645269785617,6.565520401406529,71.2169430382398
0.0148154938880052,2.6370452023400777,51.101748853310816
0.011085817004528506,7.514151182021551,71.96407015780876
0.010030909243456987,3.333622514800015,52.41956585209256
0.016682828628316722,5.15161384493644,63.162756325747395
0.013729545250764169,6.434665381364287,90.1748045456777
0.011065786277044777,2.002329678501252,65.03158664807532
0.010307557877646157,2.946603518801976,53.22833472871942
0.015527877430376764,3.738410340748978,59.46309292226583
0.011194869725572895,1.1135694673933174,60.21217338184998
0.011000493278053313,4.08131283579756,90.39841263587866
0.012303249382730645,5.426835606753389,61.38894409708092
0.012533454068522215,5.259153133825228,56.543497443099994
0.024425834103816213,3.594989467511914,61.42554748928539
0.017041981138886893,4.575409497984902,54.99674798579221
0.010420331480518793,3.9907453462716442,69.06615929806973
0.012330763593303058,0.4985826982733954,94.36782028670741
0.010822995004092154,0.7606851364317488,57.92100371625585
0.010780719473674902,2.0694621247178304,65.17208871878302
0.014267719964534699,5.253976052142275,69.15096073550272
0.012262426192666615,7.485794017739944,57.56017332715123
0.01213064236195529,0.037919594359514974,86.00324896960458
0.010278817371851061,6.3567889934627235,75.7915479188781
0.010771925007904994,3.6496659498669612,74.21917322284882
0.017690350950439585,3.984848719554528,60.94829661596278
0.012204199468068793,0.33590865926773295,61.77903359849674
0.011405586442756008,3.2042387871168447,60.265203355843404
0.01648121948390542,3.804373647658486,52.58531791129996
0.014059227886156976,7.243540616207334,54.572800943624756
0.011174863532060524,5.37966219143023,60.427421896535535
0.013442957594395226,2.0001188358344617,80.86611059237904
0.01126217188489042,7.613406676475087,82.2348874919143
0.024595175039761552,7.248830890341953,72.29331333270002
0.0148154938880052,2.6370452023400777,51.101748853310816
0.011085817004528506,7.514151182021551,71.96407015780876
0.010030909243456987,3.333622514800015,52.41956585209256
0.01625091373663432,5.164861577457797,64.72079029076343
0.012593840623331909,5.277031653898924,77.91284324563557
0.010714230524368889,0.3913660060662636,67.22658139904449
0.010307557877646157,2.946603518801976,53.22833472871942
0.0179186688619575,4.048212045008329,58.99789559448437
0.010382292566178628,1.7396378213054244,58.950747338005954
0.010912870380126184,4.067634262123853,87.17656337810625
0.012367702864440588,5.23304580647021,62.49042882941667
0.012533454068522215,5.259153133825228,56.543497443099994
0.024425834103816213,3.594989467511914,61.42554748928539
0.017838815146942147,5.273700300533115,53.879633532044465
0.010420331480518793,3.9907453462716442,69.06615929806973
0.012297121527649342,0.5665877827147487,93.93298238000857
0.010822995004092154,0.7606851364317488,57.92100371625585
0.01063520382519747,0.8473558946489739,66.92379156640834
0.014715016792389752,5.796593659993708,69.42520747418735
0.012447296358407488,7.836552435809227,56.405447937936195
0.01224915909914222,0.008345345984626606,87.57436643463402
0.010278817371851061,6.3567889934627235,75.7915479188781
0.010771925007904994,3.6496659498669612,74.21917322284882
0.01736008107192615,3.9472107218292227,60.721464685336066
0.012204199468068793,0.33590865926773295,61.77903359849674
0.011405586442756008,3.2042387871168447,60.265203355843404
0.01648121948390542,3.804373647658486,52.58531791129996
0.014500443271352977,7.184053846877425,53.83923381615778
0.01126741046792408,4.507062371723589,60.362353244115795
0.013287879607934292,1.9267556194409927,79.50796869117409
0.01126217188489042,7.613406676475087,82.2348874919143
0.02330198555117291,6.951591491479803,71.998895855837
0.014121470047072659,2.738086629718893,51.29290367302601
0.011085817004528506,7.514151182021551,71.96407015780876
0.010030909243456987,3.333622514800015,52.41956585209256
0.015118928454590386,5.119053923565476,69.71715056252552
0.010440976371062059,5.274845515411915,86.45223736183002
0.010714230524368889,0.3913660060662636,67.22658139904449
0.010307557877646157,2.946603518801976,53.22833472871942
0.0179186688619575,4.048212045008329,58.99789559448437
0.010292480511636597,1.1400837261368606,56.574061784663506
0.011009781181652785,5.051379370630108,85.805536444401
0.012692952904421401,6.136714802452952,53.313207021897675
0.01264969846564114,5.573945110187111,57.06490039612476
0.025828367072994927,3.1658773857036895,60.89721801119076
0.019188306901148297,5.283728042914638,51.75571491167066
0.01039832605592275,4.260245612845646,69.20389602635319
0.011505519567234297,2.8375708832835445,86.81770441612213
0.010822995004092154,0.7606851364317488,57.92100371625585
0.01063520382519747,0.8473558946489739,66.92379156640834
0.01572656177217917,6.256575998794225,64.70253427802962
0.012447296358407488,7.836552435809227,56.405447937936195
0.01224915909914222,0.008345345984626606,87.57436643463402
0.010298399293972174,6.155416383826522,75.14848656518649
0.010771925007904994,3.6496659498669612,74.21917322284882
0.023656874072160473,3.6640758074218347,53.04924494041495
0.012204199468068793,0.33590865926773295,61.77903359849674
0.011147115643162094,2.7333188474387313,61.1180980405957
0.01648121948390542,3.804373647658486,52.58531791129996
0.01614445743668423,6.517617536613909,53.108552451849015
0.011406317039975274,2.206845223587128,51.487833774882986
0.014355673371946105,2.3612513473055747,84.57353529621973
0.01126217188489042,7.613406676475087,82.2348874919143
0.0250771984842939,7.435551131987504,74.61793586725511
0.014121470047072659,2.738086629718893,51.29290367302601
0.011085817004528506,7.514151182021551,71.96407015780876
0.012856853583978842,3.5398632148757314,52.492183459027146
0.016182759266429744,4.431022603417107,66.26431292568729
0.010440976371062059,5.274845515411915,86.45223736183002
0.010714230524368889,0.3913660060662636,67.22658139904449
0.010158010861306353,2.984595051420089,51.82296322078837
0.01808262071434083,3.8830443108916612,58.571234833381034
0.010292480511636597,1.1400837261368606,56.574061784663506
0.010619011395098809,4.951532786693351,87.55385089192139
0.012717276191513733,6.453177324632102,51.20351567929803
0.01264969846564114,5.573945110187111,57.06490039612476
0.027477578508458944,2.787504287603924,66.85761803484426
0.015740166844067864,5.280226609101784,65.4328554393198
0.010766557307969467,4.6084661189663105,66.34557557746436
0.010691774696413466,2.868517493966586,97.86841986904334
0.01406069449528714,2.260757492123468,58.41238090692924
0.010662441500011853,1.1412966913511715,67.58895886707592
0.01572656177217917,6.256575998794225,64.70253427802962
0.012447296358407488,7.836552435809227,56.405447937936195
0.012212147723994518,0.09957684659971688,87.23975862327663
0.011907475179564158,6.30432038959969,75.06872866741644
0.010750709168280088,3.638503116314076,74.2599236340752
0.025215503282308677,3.5041390510381554,50.29341478375922
0.012204199468068793,0.33590865926773295,61.77903359849674
0.011147115643162094,2.7333188474387313,61.1180980405957
0.01648121948390542,3.804373647658486,52.58531791129996
0.01614445743668423,6.517617536613909,53.108552451849015
0.011098591876422528,1.3735197918938473,50.107562441613624
0.014417628994013956,2.426621897333812,84.49647182606368
0.01126217188489042,7.613406676475087,82.2348874919143
0.025307003937097602,7.54431380776929,74.40454728580501
0.01413194616208893,2.820365684357742,50.065692069562445
0.011085817004528506,7.514151182021551,71.96407015780876
0.013080566411524244,3.7424915937491168,52.534125753893974
0.018294897397210512,4.938106813504087,71.32711776343254
0.010437443553138087,5.2766937541395444,86.74691049929305
0.010714230524368889,0.3913660060662636,67.22658139904449
0.010449488572319893,2.6072920773805546,53.241196415320594
0.015998933972910984,3.793892238047525,56.74259021743654
0.010292480511636597,1.1400837261368606,56.574061784663506
0.010619011395098809,4.951532786693351,87.55385089192139
0.012413793357608876,7.23250818947314,51.44760789921418
0.01264969846564114,5.573945110187111,57.06490039612476
0.027477578508458944,2.787504287603924,66.85761803484426
0.015111792318563622,5.768539358436088,63.710141650149964
0.010787408477187028,5.093605143331122,57.556257487786326
0.010691774696413466,2.868517493966586,97.86841986904334
0.015744290401608817,2.815371767190162,53.86603044119734
0.010662441500011853,1.1412966913511715,67.58895886707592
0.016355464344413272,7.765087854381106,67.07720943355127
0.012447048412261186,7.839324169634786,56.40464009705987
0.012212147723994518,0.09957684659971688,87.23975862327663
0.01211303817177645,5.887307650914941,72.78593069816525
0.010750709168280088,3.638503116314076,74.2599236340752
0.02327369032722389,4.149225809802902,50.89604328848459
0.012204199468068793,0.33590865926773295,61.77903359849674
0.011147115643162094,2.7333188474387313,61.1180980405957
0.01648121948390542,3.804373647658486,52.58531791129996
0.01614445743668423,6.517617536613909,53.108552451849015
0.011098591876422528,1.3735197918938473,50.107562441613624
0.01467301476234836,2.5971296560457855,80.54721222204797
0.01126217188489042,7.613406676475087,82.2348874919143
0.024938652546241516,7.357635766213348,73.59725031886977
0.01413194616208893,2.820365684357742,50.065692069562445
0.011085817004528506,7.514151182021551,71.96407015780876
0.013152103396439286,3.672088493807947,54.24421015739028
0.018133251787116004,4.837061866144317,69.65673866847716
0.010473139146082507,5.065960240885758,84.7687412928453
0.010714230524368889,0.3913660060662636,67.22658139904449
0.010534263720252032,3.3994985697265103,51.44164451018704
0.015980557482654926,3.7232767820746426,56.53500173433163
0.010292480511636597,1.1400837261368606,56.574061784663506
0.010773268652790227,4.303600867006746,79.8320672577081
0.012413793357608876,7.23250818947314,51.44760789921418
0.011812398014772007,4.4169767958646355,74.51440777158243
0.027477578508458944,2.787504287603924,66.85761803484426
0.014455130097593633,5.3376960991601905,68.78488405102253
0.010787408477187028,5.093605143331122,57.556257487786326
0.010691774696413466,2.868517493966586,97.86841986904334
0.015744290401608817,2.815371767190162,53.86603044119734
0.010662441500011853,1.1412966913511715,67.58895886707592
0.014867362378346956,5.101953485503561,65.17797483601039
0.012447048412261186,7.839324169634786,56.40464009705987
0.012234782691695763,0.9002570679721975,83.22204615871294
0.012208311071625715,6.0445751895607005,72.68284871062694
0.010750709168280088,3.638503116314076,74.2599236340752
0.02041612545776666,3.6430002817649147,52.02321557766778
0.012204199468068793,0.33590865926773295,61.77903359849674
0.011147115643162094,2.7333188474387313,61.1180980405957
0.01648121948390542,3.804373647658486,52.58531791129996
0.01535168251066411,5.9638988412244895,60.465209942807405
0.011098591876422528,1.3735197918938473,50.107562441613624
0.014180758543772497,2.428618658896789,76.35517692743032
0.01126217188489042,7.613406676475087,82.2348874919143
0.021488481834043442,6.270504638273907,79.47500678000299
0.014265614819562178,2.798848522535553,50.014569793358596
0.011085817004528506,7.514151182021551,71.96407015780876
0.012947936709607021,4.656660089431718,53.470858872144376
0.021028939631845135,5.3071779470487614,67.85121075754938
0.010936260467490709,5.582989262792159,76.81692420125742
0.010714230524368889,0.3913660060662636,67.22658139904449
0.010534263720252032,3.3994985697265103,51.44164451018704
0.016105184724585095,3.7434638117706296,55.55182705734158
0.010292480511636597,1.1400837261368606,56.574061784663506
0.010773268652790227,4.303600867006746,79.8320672577081
0.012413793357608876,7.23250818947314,51.44760789921418
0.012439909494168896,4.691244474069676,72.02349953176542
0.027477578508458944,2.787504287603924,66.85761803484426
0.012107584864510459,6.005097237270922,75.38592507615802
0.010787408477187028,5.093605143331122,57.556257487786326
0.010691774696413466,2.868517493966586,97.86841986904334
0.015744290401608817,2.815371767190162,53.86603044119734
0.010662441500011853,1.1412966913511715,67.58895886707592
0.01432092686305497,4.482172465503253,65.44751392657162
0.012447048412261186,7.839324169634786,56.40464009705987
0.012234782691695763,0.9002570679721975,83.22204615871294
0.012155746099948475,6.113393567034198,72.64918922379437
0.010750709168280088,3.638503116314076,74.2599236340752
0.02041612545776666,3.6430002817649147,52.02321557766778
0.012204199468068793,0.33590865926773295,61.77903359849674
0.01116805959293948,3.3202387227963834,65.87049300294258
0.01648121948390542,3.804373647658486,52.58531791129996
0.01535168251066411,5.9638988412244895,60.465209942807405
0.011098591876422528,1.3735197918938473,50.107562441613624
0.014751901321481214,1.3893496990029943,77.4004288307776
0.01126217188489042,7.613406676475087,82.2348874919143
0.022436331379616092,6.708852845681625,83.4227141141628
0.014265614819562178,2.798848522535553,50.014569793358596
0.011085817004528506,7.514151182021551,71.96407015780876
0.012947936709607021,4.656660089431718,53.470858872144376
0.029492332249085745,3.3087154353973673,55.38703564492254
0.010892959209845326,4.880587686347662,75.35762973324758
0.010714230524368889,0.3913660060662636,67.22658139904449
0.01051761443106806,3.243914353051998,51.79506483207335
0.016105184724585095,3.7434638117706296,55.55182705734158
0.010292480511636597,1.1400837261368606,56.574061784663506
0.011842110639364732,4.477128279382284,66.87562259434486
0.011925962825273907,7.608591692104673,51.59628386765152
0.013032902889014429,5.619796609991956,78.81271495513721
0.027477578508458944,2.787504287603924,66.85761803484426
0.012573788651305989,6.608519369804761,86.53813894357462
0.011320128524507884,4.985867884314062,56.54892339643238
0.010691774696413466,2.868517493966586,97.86841986904334
0.016182542638837158,2.4125996928588656,51.57213055681256
0.010662441500011853,1.1412966913511715,67.58895886707592
0.014952631091203143,4.047518436388069,62.611017647010144
0.012447048412261186,7.839324169634786,56.40464009705987
0.012234782691695763,0.9002570679721975,83.22204615871294
0.010223311184702908,6.203786112652793,80.0162779087459
0.010750709168280088,3.638503116314076,74.2599236340752
0.02041612545776666,3.6430002817649147,52.02321557766778
0.012220137584426891,0.3549512176222751,61.6880750282692
0.01143456635870497,3.1170051589538668,60.513268253640334
0.01679468076107303,3.8551478765728207,50.11244612857341
0.01535168251066411,5.9638988412244895,60.465209942807405
0.011098591876422528,1.3735197918938473,50.107562441613624
0.014751901321481214,1.3893496990029943,77.4004288307776
0.01126217188489042,7.613406676475087,82.2348874919143
0.02309158941015328,6.777753521329871,85.54604996998721
0.014265614819562178,2.798848522535553,50.014569793358596
0.011085817004528506,7.514151182021551,71.96407015780876
0.012947936709607021,4.656660089431718,53.470858872144376
0.029492332249085745,3.3087154353973673,55.38703564492254
0.010879909985639234,4.552823510940189,74.76397084485619
0.010714230524368889,0.3913660060662636,67.22658139904449
0.010514923101327385,3.2829607407310113,51.58383441454659
0.014765036549473847,5.243970986861408,55.86425276849926
0.010292480511636597,1.1400837261368606,56.574061784663506
0.011842110639364732,4.477128279382284,66.87562259434486
0.011925962825273907,7.608591692104673,51.59628386765152
0.012482280195545288,6.60907845165794,65.27450716693171
0.027375987999313414,2.7875915166207235,66.72810709410098
0.013695657353299008,6.1842933856192825,81.60068047532837
0.011253179319086443,4.920009738530117,59.31909967415085
0.010691774696413466,2.868517493966586,97.86841986904334
0.01645738147691906,2.5553215267828295,50.870472249179
0.010662441500011853,1.1412966913511715,67.58895886707592
0.014845978355264524,3.5353357869664817,63.18451833211114
0.012447048412261186,7.839324169634786,56.40464009705987
0.011821340618287553,0.5137368939219384,89.98251035107842
0.010223311184702908,6.203786112652793,80.0162779087459
0.010750709168280088,3.638503116314076,74.2599236340752
0.015923870655899643,3.640910106599537,62.35830674728129
0.012220137584426891,0.3549512176222751,61.6880750282692
0.01143456635870497,3.1170051589538668,60.513268253640334
0.01679468076107303,3.8551478765728207,50.11244612857341
0.01535168251066411,5.9638988412244895,60.465209942807405
0.011098591876422528,1.3735197918938473,50.107562441613624
0.013820661512334038,1.8743358577267089,72.65987764455367
0.01126217188489042,7.613406676475087,82.2348874919143
0.02309158941015328,6.777753521329871,85.54604996998721
0.015248639314831634,3.2420133014523875,53.97201551318224
0.011085817004528506,7.514151182021551,71.96407015780876
0.012632709938937777,5.567180290204062,52.8926481819278
0.02114624112104084,2.366020766909232,55.90303068848456
0.010879909985639234,4.552823510940189,74.76397084485619
0.010714230524368889,0.3913660060662636,67.22658139904449
0.010514923101327385,3.2829607407310113,51.58383441454659
0.015803139471808683,5.435193472072163,59.56479498934098
0.010100499282389128,1.1394542907093566,50.858179439330996
0.01064870954865112,4.606928133517804,66.88695557675543
0.011925962825273907,7.608591692104673,51.59628386765152
0.012482280195545288,6.60907845165794,65.27450716693171
0.027375987999313414,2.7875915166207235,66.72810709410098
0.013695657353299008,6.1842933856192825,81.60068047532837
0.011275179547082757,4.701325361120923,59.4639390246913
0.010691774696413466,2.868517493966586,97.86841986904334
0.01645738147691906,2.5553215267828295,50.870472249179
0.010662441500011853,1.1412966913511715,67.58895886707592
0.014096059486683833,3.461884873286379,63.75933610986016
0.012447048412261186,7.839324169634786,56.40464009705987
0.011821340618287553,0.5137368939219384,89.98251035107842
0.010103049605090427,6.506173765630465,80.97828201720974
0.010756971865291277,3.720325969781694,71.75115662341946
0.015044506873619554,4.073771564878665,65.17126590483
0.012220137584426891,0.3549512176222751,61.6880750282692
0.01143456635870497,3.1170051589538668,60.513268253640334
0.018047857801510615,4.401122386732805,50.11352057184398
0.01539808589280778,5.994722662051575,60.09274861679164
0.011098591876422528,1.3735197918938473,50.107562441613624
0.014144205050930659,1.7058356106125374,74.3069020636385
0.01126217188489042,7.613406676475087,82.2348874919143
0.02309158941015328,6.777753521329871,85.54604996998721
0.015248639314831634,3.2420133014523875,53.97201551318224
0.011085817004528506,7.514151182021551,71.96407015780876
0.012632709938937777,5.567180290204062,52.8926481819278
0.02207973809662806,1.8876225564273126,52.6833261520991
0.010879909985639234,4.552823510940189,74.76397084485619
0.010470625281335636,0.39725669721460083,68.12252592728248
0.010514923101327385,3.2829607407310113,51.58383441454659
0.015803139471808683,5.435193472072163,59.56479498934098
0.010100499282389128,1.1394542907093566,50.858179439330996
0.01064870954865112,4.606928133517804,66.88695557675543
0.011925962825273907,7.608591692104673,51.59628386765152
0.01157127790347789,7.53810681814249,68.57558250973571
0.025388616021315133,2.745314430420483,63.841748009405606
0.013736808682518052,6.346870115356399,82.15603066422298
0.011275179547082757,4.701325361120923,59.4639390246913
0.010691774696413466,2.868517493966586,97.86841986904334
0.01645738147691906,2.5553215267828295,50.870472249179
0.010662441500011853,1.1412966913511715,67.58895886707592
0.016490351251046694,5.1300114272627955,74.66398413705903
0.012447048412261186,7.839324169634786,56.40464009705987
0.01177565382607738,0.8212417842944477,86.5015260121776
0.01011196132996049,6.515314094680097,80.89654123494796
0.010574173552659182,4.976084401414244,83.33248197560403
0.015148384286267729,4.101302882457319,65.30530156057772
0.012220137584426891,0.3549512176222751,61.6880750282692
0.01143456635870497,3.1170051589538668,60.513268253640334
0.018047857801510615,4.401122386732805,50.11352057184398
0.01505685404865661,5.746970924718353,60.12895247297274
0.011098591876422528,1.3735197918938473,50.107562441613624
0.014187469590211424,0.12781563115159278,83.78514972076911
0.010920524449708239,7.775139580436709,83.85214221864851
0.01890186269369267,6.693040040289139,84.04522337886645
0.015248639314831634,3.2420133014523875,53.97201551318224
0.01184414224642111,5.708260761163819,74.8542142894862
0.012632709938937777,5.567180290204062,52.8926481819278
0.02450422620876163,1.5996955668023534,53.46507000684807
0.010879909985639234,4.552823510940189,74.76397084485619
0.010470625281335636,0.39725669721460083,68.12252592728248
0.010514923101327385,3.2829607407310113,51.58383441454659
0.015799355228502007,5.436874006581725,59.481648851287524
0.01023921276146222,0.8612981745587207,57.32840193676003
0.01064870954865112,4.606928133517804,66.88695557675543
0.011871243720189965,7.479996724532348,52.25135509539331
0.01157127790347789,7.53810681814249,68.57558250973571
0.025503885541932857,2.7262067221534334,64.04565115262403
0.011951976244079204,7.391670267316308,96.45457881723328
0.011572731802727484,5.603564722052967,61.64382001284091
0.011115738082239271,3.457993222588503,88.0442484969997
0.01645738147691906,2.5553215267828295,50.870472249179
0.010662441500011853,1.1412966913511715,67.58895886707592
0.01713159990832116,5.057341647031197,78.28299347949762
0.012447048412261186,7.839324169634786,56.40464009705987
0.012125138645945392,1.1028772730096938,94.57968648947012
0.01011196132996049,6.515314094680097,80.89654123494796
0.010574173552659182,4.976084401414244,83.33248197560403
0.015148384286267729,4.101302882457319,65.30530156057772
0.012220137584426891,0.3549512176222751,61.6880750282692
0.010768296206110549,0.009453576390217933,63.216976728495396
0.017716888964884648,4.017022005095412,50.27103779618492
0.01505685404865661,5.746970924718353,60.12895247297274
0.011267522315923739,1.8353075306659856,50.414244026072936
0.014187469590211424,0.12781563115159278,83.78514972076911
0.010920524449708239,7.775139580436709,83.85214221864851
0.015493625606790726,4.3965610602700735,77.23808854469043
0.015676064940533658,2.9323824389722106,51.35031054512278
0.01184414224642111,5.708260761163819,74.8542142894862
0.012632709938937777,5.567180290204062,52.8926481819278
0.02450422620876163,1.5996955668023534,53.46507000684807
0.010848672734489709,2.0744873158597343,67.77410902590594
0.010470625281335636,0.39725669721460083,68.12252592728248
0.010514923101327385,3.2829607407310113,51.58383441454659
0.015570146700938356,5.550784051687989,59.97464057858583
0.01023921276146222,0.8612981745587207,57.32840193676003
0.0107554479840812,5.8510465819200475,73.54897988775677
0.011871243720189965,7.479996724532348,52.25135509539331
0.01157127790347789,7.53810681814249,68.57558250973571
0.019760776581878435,2.0245622687540825,61.51838478318682
0.011651645698604864,6.749941964902833,89.64088485317808
0.011572731802727484,5.603564722052967,61.64382001284091
0.011115738082239271,3.457993222588503,88.0442484969997
0.01645738147691906,2.5553215267828295,50.870472249179
0.010850057970836996,1.8690461945790307,67.06707406778541
0.012888444442813939,7.04731499780799,92.56641207881296
0.012380369353296833,7.797713505064981,55.923683377993
0.012125138645945392,1.1028772730096938,94.57968648947012
0.01011196132996049,6.515314094680097,80.89654123494796
0.010160698732309757,6.136937358162697,88.7696708214063
0.014409375652346255,4.460706259204915,67.44095895677549
0.012220137584426891,0.3549512176222751,61.6880750282692
0.010771758661723085,0.150396897153513,63.57518478089678
0.016080300964205874,3.850212570035346,50.56936012006791
0.01505685404865661,5.746970924718353,60.12895247297274
0.011455035337884934,4.234427178540491,69.56305478457601
0.014187469590211424,0.12781563115159278,83.78514972076911
0.010920524449708239,7.775139580436709,83.85214221864851
0.015910587144940494,3.1073997956987274,93.57123011497222
0.015676064940533658,2.9323824389722106,51.35031054512278
0.01180229722790711,5.934702064920367,78.06854987377294
0.012662020603595892,5.55258300627281,52.87289609509781
0.02450422620876163,1.5996955668023534,53.46507000684807
0.010972947722199521,2.321868722838631,69.90409323746195
0.010238131953616184,0.37733600717820903,68.36535460115357
0.010539976645341998,3.3838799482946182,51.9868273369259
0.017839208253583455,4.367324435252973,64.71242641433881
0.01023921276146222,0.8612981745587207,57.32840193676003
0.0107554479840812,5.8510465819200475,73.54897988775677
0.01194916316889719,7.528621886524419,52.813388858073765
0.01157127790347789,7.53810681814249,68.57558250973571
0.01644403102421193,3.672956317559179,57.478960652000836
0.011651645698604864,6.749941964902833,89.64088485317808
0.011376683337823592,5.677618856280943,65.4100075913358
0.011115738082239271,3.457993222588503,88.0442484969997
0.01645738147691906,2.5553215267828295,50.870472249179
0.010699451803267925,0.7798572408272815,67.54096774452434
0.012888444442813939,7.04731499780799,92.56641207881296
0.012380369353296833,7.797713505064981,55.923683377993
0.012125138645945392,1.1028772730096938,94.57968648947012
0.01011196132996049,6.515314094680097,80.89654123494796
0.010160698732309757,6.136937358162697,88.7696708214063
0.01569189602150859,3.396065604891374,57.1165770797889
0.012220137584426891,0.3549512176222751,61.6880750282692
0.010771758661723085,0.150396897153513,63.57518478089678
0.015821649393833567,4.738419704868237,50.362817690992635
0.015678387738268074,5.408846104515151,61.66592393480161
0.011443768621798436,4.19429371869242,69.52981470043457
0.013809071497169987,0.1715030578440084,79.53498203130391
0.010920524449708239,7.775139580436709,83.85214221864851
0.015910587144940494,3.1073997956987274,93.57123011497222
0.015676064940533658,2.9323824389722106,51.35031054512278
0.01180229722790711,5.934702064920367,78.06854987377294
0.012662020603595892,5.55258300627281,52.87289609509781
0.025027965615126924,1.5206325988643918,53.59053020534666
0.010972947722199521,2.321868722838631,69.90409323746195
0.010238131953616184,0.37733600717820903,68.36535460115357
0.010539976645341998,3.3838799482946182,51.9868273369259
0.01611412022641647,5.4513870392155965,61.93503076980874
0.01023921276146222,0.8612981745587207,57.32840193676003
0.0112963738969988,6.499079528312381,67.6816316051814
0.011772269871308106,7.418232691101592,51.53745573371984
0.01157127790347789,7.53810681814249,68.57558250973571
0.016394267323084563,3.633865318582476,57.52855023393929
0.011651645698604864,6.749941964902833,89.64088485317808
0.011376683337823592,5.677618856280943,65.4100075913358
0.011120707415801463,3.502501835189726,87.83187124524034
0.014770527193984646,3.106761644204217,57.148498223700145
0.010754040383837258,0.9891912319821872,68.1007190255433
0.014234363737336046,6.549534014729743,98.52636166190449
0.012380369353296833,7.797713505064981,55.923683377993
0.012125138645945392,1.1028772730096938,94.57968648947012
0.01011196132996049,6.515314094680097,80.89654123494796
0.011916846635744199,5.448271704726737,80.02413381840614
0.01569189602150859,3.396065604891374,57.1165770797889
0.012220137584426891,0.3549512176222751,61.6880750282692
0.011170938214051813,0.5130670988693709,62.53078460276727
0.015821649393833567,4.738419704868237,50.362817690992635
0.016557172569461293,5.755161241545748,63.321268965793166
0.011443768621798436,4.19429371869242,69.52981470043457
0.013809071497169987,0.1715030578440084,79.53498203130391
0.010920524449708239,7.775139580436709,83.85214221864851
0.014342251940918349,4.287879512096949,73.92298551968003
0.015676064940533658,2.9323824389722106,51.35031054512278
0.011791104927688796,5.880371190391659,77.80199349328788
0.012662020603595892,5.55258300627281,52.87289609509781
0.025027965615126924,1.5206325988643918,53.59053020534666
0.012057733874590285,2.4626852907363186,65.62461526471306
0.010238131953616184,0.37733600717820903,68.36535460115357
0.010539976645341998,3.3838799482946182,51.9868273369259
0.014232785365560824,6.281002658021576,63.69620107552606
0.01023921276146222,0.8612981745587207,57.32840193676003
0.011312890089504972,6.6668773382968585,67.66886874184429
0.011772269871308106,7.418232691101592,51.53745573371984
0.01157127790347789,7.53810681814249,68.57558250973571
0.016394267323084563,3.633865318582476,57.52855023393929
0.011528350266618565,5.591211062690583,82.13323700698997
0.011364220279770722,5.583773506736369,65.46386589422568
0.011384131829143544,4.2917947950434785,96.9474778662559
0.014770527193984646,3.106761644204217,57.148498223700145
0.010754040383837258,0.9891912319821872,68.1007190255433
0.014234363737336046,6.549534014729743,98.52636166190449
0.012380369353296833,7.797713505064981,55.923683377993
0.012125138645945392,1.1028772730096938,94.57968648947012
0.01011196132996049,6.515314094680097,80.89654123494796
0.011637400534983586,5.3412209562195585,90.10969544985554
0.01569189602150859,3.396065604891374,57.1165770797889
0.012220137584426891,0.3549512176222751,61.6880750282692
0.012202390597425065,1.0669712896243473,59.97100608505931
0.015821649393833567,4.738419704868237,50.362817690992635
0.016626520466467763,5.7303093709260775,63.0686768483604
0.011317057101970679,3.6054771603110036,69.26727233232735
0.013809071497169987,0.1715030578440084,79.53498203130391
0.010920524449708239,7.775139580436709,83.85214221864851
0.014149993991723118,4.818097630965816,81.45325607170584
0.015676064940533658,2.9323824389722106,51.35031054512278
0.011790950090018818,5.881538835375073,77.79549476555378
0.012677939870398582,5.73983276151635,52.555320675217416
0.02869170250326336,1.6502248916925106,51.76789185875371
0.012057733874590285,2.4626852907363186,65.62461526471306
0.010238131953616184,0.37733600717820903,68.36535460115357
0.010539976645341998,3.3838799482946182,51.9868273369259
0.014298614480162123,6.286627146821811,63.374779209253965
0.01023921276146222,0.8612981745587207,57.32840193676003
0.011187897106788297,7.372387022959298,68.01191696840135
0.011873710467500626,7.4815360833133,52.269147768411344
0.01157127790347789,7.53810681814249,68.57558250973571
0.016419069850995498,3.61605544624028,57.47860872282312
0.011553639531712874,5.278519526528076,80.96567192608435
0.011364220279770722,5.583773506736369,65.46386589422568
0.011384131829143544,4.2917947950434785,96.9474778662559
0.014738815435016223,3.091056125769299,57.198265096184855
0.010754040383837258,0.9891912319821872,68.1007190255433
0.013233468667838503,5.436473786351293,92.69933865333647
0.012380369353296833,7.797713505064981,55.923683377993
0.012125138645945392,1.1028772730096938,94.57968648947012
0.01011196132996049,6.515314094680097,80.89654123494796
0.010947713325429053,2.8945656073883095,79.3921005840517
0.018558827543839293,4.982949623587301,51.203326256647195
0.011951593134135085,0.35798416107750497,62.59278808481662
0.012202390597425065,1.0669712896243473,59.97100608505931
0.015821649393833567,4.738419704868237,50.362817690992635
0.017051829719543256,5.565812216389067,60.457061201583926
0.011317057101970679,3.6054771603110036,69.26727233232735
0.014576147420703687,0.09449265097676579,86.53153678360528
0.01089880328258494,7.741295741589784,83.77274321893063
0.014149993991723118,4.818097630965816,81.45325607170584
0.013744032317263222,2.9169302564197497,62.80835292019519
0.011978012488363395,6.088353176531814,74.70551375727695
0.011776702993585844,6.8738455520199135,50.57712796527256
0.02869170250326336,1.6502248916925106,51.76789185875371
0.012057733874590285,2.4626852907363186,65.62461526471306
0.013084005971499751,1.8685316243917631,63.35279700086155
0.010539976645341998,3.3838799482946182,51.9868273369259
0.014332398336944713,6.370749891241513,63.42963622366698
0.01023921276146222,0.8612981745587207,57.32840193676003
0.011187897106788297,7.372387022959298,68.01191696840135
0.011873710467500626,7.4815360833133,52.269147768411344
0.01157127790347789,7.53810681814249,68.57558250973571
0.016419069850995498,3.61605544624028,57.47860872282312
0.011553639531712874,5.278519526528076,80.96567192608435
0.011364220279770722,5.583773506736369,65.46386589422568
0.011384131829143544,4.2917947950434785,96.9474778662559
0.014754756871025072,3.115308543109625,57.09763392691423
0.010754040383837258,0.9891912319821872,68.1007190255433
0.017468603234397133,4.399144830011107,81.48523832178792
0.012380369353296833,7.797713505064981,55.923683377993
0.012125138645945392,1.1028772730096938,94.57968648947012
0.01011196132996049,6.515314094680097,80.89654123494796
0.010947713325429053,2.8945656073883095,79.3921005840517
0.018558827543839293,4.982949623587301,51.203326256647195
0.011951593134135085,0.35798416107750497,62.59278808481662
0.012100434431308359,3.348659320323637,66.66628450664362
0.015821649393833567,4.738419704868237,50.362817690992635
0.017051829719543256,5.565812216389067,60.457061201583926
0.011181302849516739,3.3441778707126764,72.98870633998138
0.014380333933990404,2.2649446480438975,84.1981146283862
0.01089880328258494,7.741295741589784,83.77274321893063
0.014149993991723118,4.818097630965816,81.45325607170584
0.013816627241740277,2.842545963254478,65.24868639565464
0.011978012488363395,6.088353176531814,74.70551375727695
0.011776702993585844,6.8738455520199135,50.57712796527256
0.02869170250326336,1.6502248916925106,51.76789185875371
0.012044277042955293,2.5378541708447586,66.03414578119644
0.012524485172454615,3.9655676414480965,65.2845765341044
0.011324941925572866,2.9761918670634517,62.602804403119926
0.010394220165582509,7.663899368670524,74.8220870778962
0.01023921276146222,0.8612981745587207,57.32840193676003
0.011187897106788297,7.372387022959298,68.01191696840135
0.011873710467500626,7.4815360833133,52.269147768411344
0.01157127790347789,7.53810681814249,68.57558250973571
0.01461747149932478,3.7777365102686855,61.089576233553395
0.011542793724924965,5.091518397910734,85.16638865603247
0.011713184493967804,7.0486302890592825,67.98739195146858
0.011384131829143544,4.2917947950434785,96.9474778662559
0.014754756871025072,3.115308543109625,57.09763392691423
0.010754040383837258,0.9891912319821872,68.1007190255433
0.019199339424852073,5.2944550638659,86.95136809195
0.012648549651073418,7.807925761479166,50.882687023809545
0.012125138645945392,1.1028772730096938,94.57968648947012
0.010626407136961025,6.797459174301426,72.53709764539278
0.011049395896544459,2.852238721571678,79.94036039733396
0.018045105524615246,4.758658614686848,52.79773735269308
0.012012240121621443,1.5765669227381511,64.25257801685858
0.012100434431308359,3.348659320323637,66.66628450664362
0.015821649393833567,4.738419704868237,50.362817690992635
0.017051829719543256,5.565812216389067,60.457061201583926
0.011181302849516739,3.3441778707126764,72.98870633998138
0.01363958341337907,1.7740345606610273,93.90633026579874
0.01089880328258494,7.741295741589784,83.77274321893063
0.013502360949104958,5.400394966289125,81.91529495310665
0.013748862684125382,2.8829191970338774,66.13175263693442
0.011978012488363395,6.088353176531814,74.70551375727695
0.011617240499694412,6.375114093099338,56.33222090990205
0.025503757367401785,2.7226315921563082,54.147694083044
0.011724173266426899,3.4995190191931482,67.50227726597599
0.012274753196102089,4.037009841609218,72.21860182820683
0.0112667712893361,2.899939653661976,61.888918932486725
0.010394220165582509,7.663899368670524,74.8220870778962
0.01023921276146222,0.8612981745587207,57.32840193676003
0.011182252428753297,7.46100004248512,67.1795875871879
0.012164172492602852,6.832432140357662,54.08791457664352
0.011595048357936373,7.556739557890179,68.47592124551238
0.013654421081828409,3.502130236313789,63.41930538115352
0.011542793724924965,5.091518397910734,85.16638865603247
0.011713830021621262,6.840140261767477,67.95889423293359
0.011384131829143544,4.2917947950434785,96.9474778662559
0.01405350105807954,2.048456809774992,61.524348833611256
0.010754040383837258,0.9891912319821872,68.1007190255433
0.019199339424852073,5.2944550638659,86.95136809195
0.012214232581297533,7.455362933828035,58.82489576135737
0.012125138645945392,1.1028772730096938,94.57968648947012
0.010626407136961025,6.797459174301426,72.53709764539278
0.011049395896544459,2.852238721571678,79.94036039733396
0.018045105524615246,4.758658614686848,52.79773735269308
0.013184104083050641,2.0493163498269578,68.82904005753961
0.012182619781708573,2.4937892829851336,58.46009195545355
0.015821649393833567,4.738419704868237,50.362817690992635
0.017051829719543256,5.565812216389067,60.457061201583926
0.011914973996618523,5.277769167225272,85.18447576920993
0.01363958341337907,1.7740345606610273,93.90633026579874
0.01089880328258494,7.741295741589784,83.77274321893063
0.012893049260851433,5.353325578113798,83.1701560184227
0.013748862684125382,2.8829191970338774,66.13175263693442
0.011980735897696554,6.027405705526965,74.52667235478081
0.01158838781986177,6.44213270110969,57.11711835210429
0.025503757367401785,2.7226315921563082,54.147694083044
0.011078974530034473,3.901447638813983,69.15809912352125
0.012274753196102089,4.037009841609218,72.21860182820683
0.0112667712893361,2.899939653661976,61.888918932486725
0.010394220165582509,7.663899368670524,74.8220870778962
0.01023921276146222,0.8612981745587207,57.32840193676003
0.011182252428753297,7.46100004248512,67.1795875871879
0.011852684896645467,7.62115094875966,52.86189329504945
0.011595048357936373,7.556739557890179,68.47592124551238
0.012697816982955482,4.723271360082186,66.76509540756012
0.011775121438983205,5.137542250355865,83.35906094833884
0.011713830021621262,6.840140261767477,67.95889423293359
0.011384131829143544,4.2917947950434785,96.9474778662559
0.016609982123495286,2.8441356721375257,64.33663200654372
0.010754040383837258,0.9891912319821872,68.1007190255433
0.018299715706357505,5.57276204138813,83.32891217353686
0.012214232581297533,7.455362933828035,58.82489576135737
0.012125138645945392,1.1028772730096938,94.57968648947012
0.010626407136961025,6.797459174301426,72.53709764539278
0.011049395896544459,2.852238721571678,79.94036039733396
0.018045105524615246,4.758658614686848,52.79773735269308
0.011447739517086553,0.27900978454455583,80.98583374498828
0.01299981400953709,1.4514885243011268,50.53875156663576
0.015821649393833567,4.738419704868237,50.362817690992635
0.01893841092725885,7.778970732418966,59.7855121430404
0.012274765559930186,4.910491592493756,80.68251376861326
0.014077021190544605,0.8216394971448135,95.52368502647086
0.01089880328258494,7.741295741589784,83.77274321893063
0.012978720982567407,5.2078940388317,84.14001697111293
0.013748862684125382,2.8829191970338774,66.13175263693442
0.01240668698707862,5.2626546576844415,78.44597548660431
0.010954565255894578,6.326851688215927,56.88701183821549
0.0244077708134987,2.9351853194848956,56.181018248520346
0.011014733984780343,1.0448894300992286,71.1661689238271
0.012274753196102089,4.037009841609218,72.21860182820683
0.0112667712893361,2.899939653661976,61.888918932486725
0.010394220165582509,7.663899368670524,74.8220870778962
0.01023921276146222,0.8612981745587207,57.32840193676003
0.011160905914054454,7.544657182689823,66.59703839003993
0.011852684896645467,7.62115094875966,52.86189329504945
0.011595048357936373,7.556739557890179,68.47592124551238
0.013019224132942733,5.244633305142152,62.621994507495046
0.01173883118766532,5.077610336964481,84.39738842558796
0.011713830021621262,6.840140261767477,67.95889423293359
0.011420809138405277,4.552409512482713,93.49655473406284
0.01860918888317586,2.461965661492482,62.593891739248626
0.010754040383837258,0.9891912319821872,68.1007190255433
0.018299715706357505,5.57276204138813,83.32891217353686
0.011931576587774335,7.516803424729274,64.18562371251899
0.012125138645945392,1.1028772730096938,94.57968648947012
0.010626407136961025,6.797459174301426,72.53709764539278
0.011049395896544459,2.852238721571678,79.94036039733396
0.018045105524615246,4.758658614686848,52.79773735269308
0.011447739517086553,0.27900978454455583,80.98583374498828
0.01299981400953709,1.4514885243011268,50.53875156663576
0.015821649393833567,4.738419704868237,50.362817690992635
0.01893224624683545,7.778169635455846,59.79248642836167
0.012274765559930186,4.910491592493756,80.68251376861326
0.014077021190544605,0.8216394971448135,95.52368502647086
0.01089880328258494,7.741295741589784,83.77274321893063
0.013634104264623782,5.658597935834768,89.30854800185236
0.01512584571882271,0.9889240563180524,52.539601284496186
0.01240668698707862,5.2626546576844415,78.44597548660431
0.010954565255894578,6.326851688215927,56.88701183821549
0.0244077708134987,2.9351853194848956,56.181018248520346
0.011014733984780343,1.0448894300992286,71.1661689238271
0.012649987797243816,3.3861722859699452,76.57627158078662
0.011445905491774924,0.9336831166856925,64.75885910669928
0.010447944387927392,7.655543671795651,74.24573053887798
0.01023921276146222,0.8612981745587207,57.32840193676003
0.011160905914054454,7.544657182689823,66.59703839003993
0.011852684896645467,7.62115094875966,52.86189329504945
0.011595048357936373,7.556739557890179,68.47592124551238
0.010699339089036594,5.663683681502245,72.77030473867114
0.01170243529384708,4.617020291369274,88.21395287776213
0.011713830021621262,6.840140261767477,67.95889423293359
0.011420809138405277,4.552409512482713,93.49655473406284
0.01860918888317586,2.461965661492482,62.593891739248626
0.010754040383837258,0.9891912319821872,68.1007190255433
0.015105627770044809,6.517924317465422,76.2529818289036
0.011931576587774335,7.516803424729274,64.18562371251899
0.012522586815869425,1.2612845056905784,74.56770294057151
0.010626407136961025,6.797459174301426,72.53709764539278
0.011019584604152458,1.5977589726336374,83.50758855066472
0.019421304691377865,5.445773382083606,51.99896941997102
0.011119701835106374,0.031201312830339445,87.42095674290395
0.01299981400953709,1.4514885243011268,50.53875156663576
0.015821649393833567,4.738419704868237,50.362817690992635
0.01893224624683545,7.778169635455846,59.79248642836167
0.012139320675956845,4.8536966735054765,82.71493163918294
0.01374646294379524,0.8357160132220823,91.65856920418133
0.010896860572008612,7.650682850049421,83.56242546889689
0.013634104264623782,5.658597935834768,89.30854800185236
0.015099008898717299,1.0332967427230129,52.634749490855064
0.01240668698707862,5.2626546576844415,78.44597548660431
0.010889278607161055,6.15721384410836,60.949945420181265
0.022550155118166923,3.617355342517224,57.37284649965508
0.011014733984780343,1.0448894300992286,71.1661689238271
0.01267151391636207,3.4300169415673745,76.7875387237646
0.011445905491774924,0.9336831166856925,64.75885910669928
0.010447944387927392,7.655543671795651,74.24573053887798
0.01023921276146222,0.8612981745587207,57.32840193676003
0.010281608323350198,7.7680778090774565,68.15096420165497
0.011821379641522224,7.754423601289914,51.41620160194693
0.011595048357936373,7.556739557890179,68.47592124551238
0.010699339089036594,5.663683681502245,72.77030473867114
0.01170243529384708,4.617020291369274,88.21395287776213
0.011713830021621262,6.840140261767477,67.95889423293359
0.011420809138405277,4.552409512482713,93.49655473406284
0.018279813930974234,0.16849203593776885,57.369868017793095
0.010754040383837258,0.9891912319821872,68.1007190255433
0.019039622084811133,5.459118872187341,69.42074132454508
0.010842891750768087,7.831963192998663,63.38380088139993
0.012522586815869425,1.2612845056905784,74.56770294057151
0.01016585329635041,7.389169977266842,69.43881052315011
0.011019584604152458,1.5977589726336374,83.50758855066472
0.018836090150545343,5.064077658718708,54.49601275069424
0.011119701835106374,0.031201312830339445,87.42095674290395
0.011812557708134518,0.7129933520805043,50.268774869060636
0.015821649393833567,4.738419704868237,50.362817690992635
0.018150639889077447,7.014365136184631,57.423073294812454
0.013596187176530794,2.9819423402333696,92.51571999341857
0.01374646294379524,0.8357160132220823,91.65856920418133
0.0110887570910791,7.719332522426368,87.27001174748816
0.013634104264623782,5.658597935834768,89.30854800185236
0.015099008898717299,1.0332967427230129,52.634749490855064
0.01240668698707862,5.2626546576844415,78.44597548660431
0.010889278607161055,6.15721384410836,60.949945420181265
0.022826614442413205,3.4723139211729213,56.42405814465834
0.011014733984780343,1.0448894300992286,71.1661689238271
0.01267151391636207,3.4300169415673745,76.7875387237646
0.011445905491774924,0.9336831166856925,64.75885910669928
0.010447944387927392,7.655543671795651,74.24573053887798
0.010008144693261957,0.8038964337998729,52.4935049895784
0.010281608323350198,7.7680778090774565,68.15096420165497
0.011789862541615393,7.726895688899258,53.791802888124586
0.011595048357936373,7.556739557890179,68.47592124551238
0.010886489506639606,5.367156133440357,73.93039758392779
0.012041185977784117,3.975395340202591,99.57178996419083
0.013244287577559632,5.285053533144945,65.49071042305455
0.011420809138405277,4.552409512482713,93.49655473406284
0.018279813930974234,0.16849203593776885,57.369868017793095
0.010754040383837258,0.9891912319821872,68.1007190255433
0.0240304557108217,4.183234099314092,66.6179454951851
0.010842891750768087,7.831963192998663,63.38380088139993
0.012355755427019863,2.8061338069269732,69.05949186747323
0.01016585329635041,7.389169977266842,69.43881052315011
0.011046281630618444,1.7943580759436775,84.17224305655789
0.018836090150545343,5.064077658718708,54.49601275069424
0.011119701835106374,0.031201312830339445,87.42095674290395
0.011812557708134518,0.7129933520805043,50.268774869060636
0.014636728358724356,3.8617657100178535,54.51033822159019
0.019214446349849805,7.543524656822274,50.08394319297716
0.013596187176530794,2.9819423402333696,92.51571999341857
0.01374646294379524,0.8357160132220823,91.65856920418133
0.0110887570910791,7.719332522426368,87.27001174748816
0.013383122637408087,5.704190424258903,86.71549142568703
0.015099008898717299,1.0332967427230129,52.634749490855064
0.012176847923625982,4.795934620118538,76.20666704651981
0.010889278607161055,6.15721384410836,60.949945420181265
0.022387357134070522,3.44812386159446,56.98490573287343
0.010993750088399869,0.931027384971518,71.1714340098486
0.01267151391636207,3.4300169415673745,76.7875387237646
0.011345567953836094,2.840048519307154,71.08315911123898
0.010447944387927392,7.655543671795651,74.24573053887798
0.010008144693261957,0.8038964337998729,52.4935049895784
0.010404399455916298,7.5034076056094765,70.34364877674132
0.011789862541615393,7.726895688899258,53.791802888124586
0.011701882079784953,7.522430430546112,64.51013560289506
0.010876672176307618,5.3658308378150625,73.88012368183814
0.012041185977784117,3.975395340202591,99.57178996419083
0.013766544870282272,6.210249652893228,64.73774327730207
0.011420809138405277,4.552409512482713,93.49655473406284
0.018279813930974234,0.16849203593776885,57.369868017793095
0.010828303656728454,1.0050578680305986,68.97396770332821
0.033993163874072335,3.1655320449576463,67.65912285458354
0.010839182423776777,6.096080210600468,64.80521732018696
0.0142041082136788,3.450155603428896,64.90562507549626
0.010777737880163415,6.7923225220884005,68.75193306054061
0.011046281630618444,1.7943580759436775,84.17224305655789
0.018836090150545343,5.064077658718708,54.49601275069424
0.011119701835106374,0.031201312830339445,87.42095674290395
0.011812557708134518,0.7129933520805043,50.268774869060636
0.014636728358724356,3.8617657100178535,54.51033822159019
0.019214446349849805,7.543524656822274,50.08394319297716
0.013596187176530794,2.9819423402333696,92.51571999341857
0.01374646294379524,0.8357160132220823,91.65856920418133
0.0110887570910791,7.719332522426368,87.27001174748816
0.01367080387720305,5.3389679726277235,92.6602380255175
0.01317478795798015,3.3753823164384764,56.43553315759843
0.012176847923625982,4.795934620118538,76.20666704651981
0.010889278607161055,6.15721384410836,60.949945420181265
0.018994361102355417,3.268198770886766,70.69820127509436
0.010679147233437322,0.89044749327246,65.20948430507593
0.011839501240617268,3.8331904343546173,62.635462799803854
0.011345567953836094,2.840048519307154,71.08315911123898
0.010530440725996206,7.519094604394979,74.3392985591438
0.010008144693261957,0.8038964337998729,52.4935049895784
0.010404399455916298,7.5034076056094765,70.34364877674132
0.011789862541615393,7.726895688899258,53.791802888124586
0.011701882079784953,7.522430430546112,64.51013560289506
0.010876672176307618,5.3658308378150625,73.88012368183814
0.011972399712609008,5.002166666123522,87.0419822441766
0.013766544870282272,6.210249652893228,64.73774327730207
0.011265851579082786,4.784052999424786,87.91025111897201
0.016971727443288034,1.630895062129766,58.78978050059679
0.010828303656728454,1.0050578680305986,68.97396770332821
0.033993163874072335,3.1655320449576463,67.65912285458354
0.010839182423776777,6.096080210600468,64.80521732018696
0.013176305440755593,3.616645961377013,63.91887374281227
0.010777737880163415,6.7923225220884005,68.75193306054061
0.011046281630618444,1.7943580759436775,84.17224305655789
0.017799828976901102,5.193877720512916,53.59607519190993
0.011022975478077663,2.154395998614984,82.03167438286334
0.011812557708134518,0.7129933520805043,50.268774869060636
0.014636728358724356,3.8617657100178535,54.51033822159019
0.017687236840683164,7.007600727579188,57.87768873293248
0.013160018360273942,2.9544433927066316,88.36210101821918
0.013039517235178101,3.147751768464185,82.2715750441841
0.011049123298153133,7.601201805402411,84.91021637052606
0.013728947700725315,5.309758963733495,93.14073873515306
0.01317478795798015,3.3753823164384764,56.43553315759843
0.01216684092762941,4.80602892834687,76.73701629861247
0.010889278607161055,6.15721384410836,60.949945420181265
0.017523942637365262,3.5993957211233574,71.99875914823127
0.010476938559610308,0.35823811956932605,63.642651719839115
0.011839501240617268,3.8331904343546173,62.635462799803854
0.011845222004800302,3.052001385663525,69.12784643961103
0.010530440725996206,7.519094604394979,74.3392985591438
0.010008144693261957,0.8038964337998729,52.4935049895784
0.010404399455916298,7.5034076056094765,70.34364877674132
0.011789862541615393,7.726895688899258,53.791802888124586
0.012171674137134197,7.523768222340324,60.56827144358196
0.010142766136736148,5.684271353368889,72.25499460960651
0.01174448192359481,4.931807716309792,87.32206779365724
0.013649037088756845,6.017091722981437,65.00624124426989
0.011234316848518165,4.60714264768733,86.94021742753472
0.016971727443288034,1.630895062129766,58.78978050059679
0.010828303656728454,1.0050578680305986,68.97396770332821
0.033993163874072335,3.1655320449576463,67.65912285458354
0.010786538031650443,7.225108563076912,59.87099190016456
0.01198286117627232,4.430083803406326,67.19844082253755
0.0123164956557739,6.06404030730755,69.49250929092489
0.011169057284195635,1.8650532686886303,83.15795151340532
0.017799828976901102,5.193877720512916,53.59607519190993
0.011022975478077663,2.154395998614984,82.03167438286334
0.011666908430417185,1.4861706403318058,53.003201164461174
0.014636728358724356,3.8617657100178535,54.51033822159019
0.017344267108949426,4.430349741912378,58.314887559406635
0.013160018360273942,2.9544433927066316,88.36210101821918
0.014205056450630586,3.9391451285718473,81.16016448192536
0.01113068669180019,7.844306021858102,89.76649948269738
0.012877455362208036,5.864034436168248,83.51293780989674
0.013175184571925704,3.4384397215611546,58.39140197104118
0.012686913119846316,3.2810402983286338,70.19718694822876
0.010889278607161055,6.15721384410836,60.949945420181265
0.018526465616421975,3.2128996705522415,73.66827694193732
0.010476938559610308,0.35823811956932605,63.642651719839115
0.011665235045339527,4.1081303520397725,60.7293066306288
0.011862015035050247,3.282033627211913,68.68753318202148
0.010530440725996206,7.519094604394979,74.3392985591438
0.01071785573765149,1.2019761215935345,52.13681718945578
0.010404399455916298,7.5034076056094765,70.34364877674132
0.011789862541615393,7.726895688899258,53.791802888124586
0.012171674137134197,7.523768222340324,60.56827144358196
0.010142766136736148,5.684271353368889,72.25499460960651
0.01174448192359481,4.931807716309792,87.32206779365724
0.01299649924875034,5.018374948107893,66.35047887385663
0.01128007051692498,6.529629404854378,89.59197494779954
0.018665731938773338,0.05319825060553196,65.98125023971595
0.011250934447313874,2.8164579555765497,77.43790133650545
0.028955633064882403,3.317351171313857,66.51679064886363
0.010786538031650443,7.225108563076912,59.87099190016456
0.012397927824575309,5.738333416373001,59.05856747527419
0.0123164956557739,6.06404030730755,69.49250929092489
0.011169057284195635,1.8650532686886303,83.15795151340532
0.017799828976901102,5.193877720512916,53.59607519190993
0.011022975478077663,2.154395998614984,82.03167438286334
0.011666908430417185,1.4861706403318058,53.003201164461174
0.014908459625675718,3.552502156941489,50.030696263452214
0.02047333090234627,2.573246529328652,60.862959149764336
0.01340131188431263,2.6519668162980103,92.70022528877222
0.013704829946525228,4.0496577103761116,78.0173154722057
0.01113068669180019,7.844306021858102,89.76649948269738
0.015262939616140971,4.83056269307332,76.39971338169875
0.012760576560539185,3.8712077291505307,66.77531447640796
0.012919217423410035,2.1297213367063303,74.44559992656227
0.010866904488373899,6.389772433308702,60.71497852319147
0.01705359035732075,3.9909508291665237,73.06538077322114
0.010476938559610308,0.35823811956932605,63.642651719839115
0.011677845761850178,4.019988929670571,60.04428009393102
0.014506789707837992,3.2545979466001933,70.66413197092865
0.01081281722874642,6.9173118769932245,77.35898930745321
0.01071785573765149,1.2019761215935345,52.13681718945578
0.010404399455916298,7.5034076056094765,70.34364877674132
0.011789862541615393,7.726895688899258,53.791802888124586
0.012102250594712505,7.221886500219137,60.16564796440729
0.010142766136736148,5.684271353368889,72.25499460960651
0.010964827773371943,4.2318802302941965,97.65226401844447
0.01299649924875034,5.018374948107893,66.35047887385663
0.011545685281851376,6.727060790889024,93.64098595776164
0.018665731938773338,0.05319825060553196,65.98125023971595
0.01136984003915629,3.326088593644135,79.81919740008334
0.026395029695080386,3.3062301345154745,67.25177655068126
0.010786538031650443,7.225108563076912,59.87099190016456
0.012801473587064526,6.685189502112834,50.909589973952166
0.01317221431677221,6.2135416035391895,68.40501877417643
0.01098330315064391,3.2347477722669478,80.0450432113027
0.017799828976901102,5.193877720512916,53.59607519190993
0.011022975478077663,2.154395998614984,82.03167438286334
0.011666908430417185,1.4861706403318058,53.003201164461174
0.014908459625675718,3.552502156941489,50.030696263452214
0.022001283852815884,2.707285244454958,61.88140772126911
0.01340131188431263,2.6519668162980103,92.70022528877222
0.014454808426885023,2.350216527421705,86.55291729699108
0.01113068669180019,7.844306021858102,89.76649948269738
0.015262939616140971,4.83056269307332,76.39971338169875
0.01255010505649812,4.1511327009027905,66.10174060804059
0.013362208651521974,2.196712710733283,72.24037582008077
0.010515204340052424,6.857530073625396,59.589429340229145
0.01548960339273293,5.011511225992577,68.99072322053019
0.010574448177706358,1.1324248656655462,70.43981839885485
0.011677845761850178,4.019988929670571,60.04428009393102
0.014506789707837992,3.2545979466001933,70.66413197092865
0.010629000606054612,6.965030305928636,73.27516873121314
0.01071785573765149,1.2019761215935345,52.13681718945578
0.010404399455916298,7.5034076056094765,70.34364877674132
0.011789862541615393,7.726895688899258,53.791802888124586
0.012102250594712505,7.221886500219137,60.16564796440729
0.010142766136736148,5.684271353368889,72.25499460960651
0.010964827773371943,4.2318802302941965,97.65226401844447
0.01299649924875034,5.018374948107893,66.35047887385663
0.011545685281851376,6.727060790889024,93.64098595776164
0.01579069297140058,1.9796926978862484,66.03789439260409
0.012024278272171497,0.6218833696184234,95.31016469442923
0.031801392142834554,1.9623669913977349,73.75131082416846
0.010786538031650443,7.225108563076912,59.87099190016456
0.012316359406614623,5.408571255599013,51.19531670884387
0.015098086987033209,5.644469665997074,64.71705159202274
0.011180782409615113,1.7063859219510915,88.67475851426684
0.022589115923717783,3.764943702781147,56.170191592945145
0.01130539045769531,2.1517859889576436,81.91912977740157
0.01251278831043995,2.0129099408612454,58.263641504147756
0.014908459625675718,3.552502156941489,50.030696263452214
0.022001283852815884,2.707285244454958,61.88140772126911
0.01340131188431263,2.6519668162980103,92.70022528877222
0.01438741222992688,2.553221839617041,85.59930357494424
0.01113068669180019,7.844306021858102,89.76649948269738
0.015262939616140971,4.83056269307332,76.39971338169875
0.012945182321040269,3.4624954346206978,67.49756346074436
0.013048576846516972,2.8090056239975034,70.73419246896708
0.010515204340052424,6.857530073625396,59.589429340229145
0.0170613828859627,4.418582397729741,66.5775079249348
0.010574448177706358,1.1324248656655462,70.43981839885485
0.011682439006355834,4.041368386143663,59.77971263566397
0.014332187315792388,3.2778428409414584,70.31007983136479
0.012067365396753736,6.3024961088802645,74.24502073022381
0.01071785573765149,1.2019761215935345,52.13681718945578
0.010404399455916298,7.5034076056094765,70.34364877674132
0.011789862541615393,7.726895688899258,53.791802888124586
0.012122261255741475,6.967987625051311,60.0729392921146
0.010142766136736148,5.684271353368889,72.25499460960651
0.010964827773371943,4.2318802302941965,97.65226401844447
0.01299649924875034,5.018374948107893,66.35047887385663
0.011545685281851376,6.727060790889024,93.64098595776164
0.015680625435907477,2.574266339634324,68.19894153325987
0.012024278272171497,0.6218833696184234,95.31016469442923
0.029719120026390683,2.323486867907562,74.08475766810764
0.010651275264454875,7.041866727711923,59.730629931950325
0.012316359406614623,5.408571255599013,51.19531670884387
0.015501378211134753,7.398680164450896,52.866864315806744
0.011283269953810605,2.002169836642554,87.88037746792851
0.022589115923717783,3.764943702781147,56.170191592945145
0.011049651519940001,1.3279359533276391,89.69115415692849
0.01251278831043995,2.0129099408612454,58.263641504147756
0.014908459625675718,3.552502156941489,50.030696263452214
0.026338667466257803,2.798565927572337,57.546168284790156
0.013009227324279463,2.6912289268019127,95.52363142424204
0.01438741222992688,2.553221839617041,85.59930357494424
0.011127450156065465,7.866613755292505,89.94239961875422
0.017062309509375602,4.53054597154847,77.85628164143164
0.012945182321040269,3.4624954346206978,67.49756346074436
0.01331707044236399,2.625666504903186,67.26576629581074
0.010515204340052424,6.857530073625396,59.589429340229145
0.015599485107222893,4.673861672473049,68.0006501434041
0.010952096711611533,1.3433007832674204,68.66144860328413
0.011682439006355834,4.041368386143663,59.77971263566397
0.014644110863004732,2.7319785358904154,72.33674439849874
0.012792131544271454,5.779105955407932,75.94534558434276
0.010732824784672504,1.2076588298877202,53.83109019085358
0.010404399455916298,7.5034076056094765,70.34364877674132
0.011789862541615393,7.726895688899258,53.791802888124586
0.011889700182868525,7.870299146675684,58.43877984138434
0.010142766136736148,5.684271353368889,72.25499460960651
0.010964827773371943,4.2318802302941965,97.65226401844447
0.012133734405122342,4.707195830979775,57.41605587444148
0.015247204927638754,5.830151889697926,89.65782238801278
0.016293585874602265,1.762508329144782,70.46867789710106
0.012024278272171497,0.6218833696184234,95.31016469442923
0.029719120026390683,2.323486867907562,74.08475766810764
0.010830376497699185,6.558017117095483,59.589486985280544
0.011845198687677055,6.3826851930586965,66.5506547484246
0.015501378211134753,7.398680164450896,52.866864315806744
0.011283269953810605,2.002169836642554,87.88037746792851
0.02417045459602061,3.3573828169914703,56.75049703222651
0.011049651519940001,1.3279359533276391,89.69115415692849
0.01251278831043995,2.0129099408612454,58.263641504147756
0.014908459625675718,3.552502156941489,50.030696263452214
0.024873346826317734,2.867223454692362,58.881469580328066
0.012464765746692892,3.2452728915132467,80.85573742046344
0.014437488025138999,2.571661316976072,86.05594203222249
0.011127450156065465,7.866613755292505,89.94239961875422
0.018305258292812703,5.4581493582612595,73.97344314420903
0.01467349465998611,3.345137030494312,68.17627881235718
0.013246985462199526,2.6041807437021274,67.97614797937678
0.010515204340052424,6.857530073625396,59.589429340229145
0.015599485107222893,4.673861672473049,68.0006501434041
0.010481299352817658,1.0846307475296575,68.80203830447671
0.01169724399242677,4.314874826327298,59.68392773433607
0.014644110863004732,2.7319785358904154,72.33674439849874
0.012962657164599985,7.098985607545046,73.38751083158523
0.010732824784672504,1.2076588298877202,53.83109019085358
0.010404399455916298,7.5034076056094765,70.34364877674132
0.011812610563033897,7.539131484813639,54.041567322529396
0.011889700182868525,7.870299146675684,58.43877984138434
0.010142766136736148,5.684271353368889,72.25499460960651
0.010964827773371943,4.2318802302941965,97.65226401844447
0.012854001450735033,6.506456211517026,59.259238763507234
0.015410277199713263,5.997129508338743,90.95198602407663
0.017363038117858113,0.3804589195441235,86.24878842685729
0.012024278272171497,0.6218833696184234,95.31016469442923
0.030180545767491587,2.1859122740239627,73.69118763162217
0.010964470591393735,6.534849535935332,60.50930475382468
0.011561336286966725,6.752935594313838,65.96383630043134
0.015501378211134753,7.398680164450896,52.866864315806744
0.011392611654572234,2.0489304169131017,86.7387686444504
0.01921675191870538,5.0699782143577,69.35670424966682
0.011049651519940001,1.3279359533276391,89.69115415692849
0.012364640856050928,2.9826240553287273,60.10264539930532
0.014908459625675718,3.552502156941489,50.030696263452214
0.02986017287720011,2.9331563246300485,52.32192640176761
0.01258625251246804,4.185588545205889,79.03347123605599
0.013772205211016162,2.8897215447654756,88.27753388548328
0.011282741938723511,7.253576923541489,86.19692317209922
0.01875542158136395,5.146596901022587,77.36210694532771
0.015686135561173622,2.0350568737189016,63.99459016774858
0.0150442282499667,3.6480465397983437,50.215015960093126
0.010376337739488891,6.628654649911173,52.70491712415069
0.015599485107222893,4.673861672473049,68.0006501434041
0.010161541119937511,0.3095956144178871,68.21113497516787
0.01169502510541404,4.370923942295505,59.82400035483375
0.014644110863004732,2.7319785358904154,72.33674439849874
0.012962657164599985,7.098985607545046,73.38751083158523
0.010732824784672504,1.2076588298877202,53.83109019085358
0.010404399455916298,7.5034076056094765,70.34364877674132
0.011812610563033897,7.539131484813639,54.041567322529396
0.011889700182868525,7.870299146675684,58.43877984138434
0.011396789466328522,6.064555199640664,66.24408846193685
0.010964827773371943,4.2318802302941965,97.65226401844447
0.012854001450735033,6.506456211517026,59.259238763507234
0.015410277199713263,5.997129508338743,90.95198602407663
0.017363038117858113,0.3804589195441235,86.24878842685729
0.013678023853710537,3.2471912157869216,93.1815997202856
0.030180545767491587,2.1859122740239627,73.69118763162217
0.010783798547228893,6.537564432036621,60.62883282434814
0.011601024997687765,6.745367935497995,65.75798497898916
0.015299598599066827,6.300253581073226,57.44959438089583
0.011392611654572234,2.0489304169131017,86.7387686444504
0.01739013315328099,5.768092401154625,66.63488839212177
0.011049651519940001,1.3279359533276391,89.69115415692849
0.016317775778763144,2.971446766548033,58.34458328631583
0.014908459625675718,3.552502156941489,50.030696263452214
0.02986017287720011,2.9331563246300485,52.32192640176761
0.01258625251246804,4.185588545205889,79.03347123605599
0.013772205211016162,2.8897215447654756,88.27753388548328
0.011545783306637133,7.520849769344025,74.1671994425223
0.01891044287646234,5.076029367198567,78.58012599442814
0.016298764842208276,0.49563726874725456,77.14566430636101
0.0150442282499667,3.6480465397983437,50.215015960093126
0.010376337739488891,6.628654649911173,52.70491712415069
0.015599485107222893,4.673861672473049,68.0006501434041
0.010161541119937511,0.3095956144178871,68.21113497516787
0.01169502510541404,4.370923942295505,59.82400035483375
0.014644110863004732,2.7319785358904154,72.33674439849874
0.012962657164599985,7.098985607545046,73.38751083158523
0.010732824784672504,1.2076588298877202,53.83109019085358
0.010404399455916298,7.5034076056094765,70.34364877674132
0.011812610563033897,7.539131484813639,54.041567322529396
0.011889700182868525,7.870299146675684,58.43877984138434
0.010347147821957631,5.371149725130537,61.455667568658015
0.010964827773371943,4.2318802302941965,97.65226401844447
0.012854001450735033,6.506456211517026,59.259238763507234
0.015410277199713263,5.997129508338743,90.95198602407663
0.017363038117858113,0.3804589195441235,86.24878842685729
0.013923588910950899,2.927918784258619,94.894747610582
0.030180545767491587,2.1859122740239627,73.69118763162217
0.010783798547228893,6.537564432036621,60.62883282434814
0.011601024997687765,6.745367935497995,65.75798497898916
0.015299598599066827,6.300253581073226,57.44959438089583
0.01153000635916078,2.097476626966125,86.8276149918236
0.01739013315328099,5.768092401154625,66.63488839212177
0.011049651519940001,1.3279359533276391,89.69115415692849
0.017187364104297005,0.12843319131543218,59.10896095962775
0.014908459625675718,3.552502156941489,50.030696263452214
0.033394252970179075,3.2519692785824175,52.04308452163593
0.01258625251246804,4.185588545205889,79.03347123605599
0.013203147783954887,2.688654251312795,87.90955264492972
0.011309105383468451,7.588608182110462,74.17324521246674
0.01891044287646234,5.076029367198567,78.58012599442814
0.016298764842208276,0.49563726874725456,77.14566430636101
0.0150442282499667,3.6480465397983437,50.215015960093126
0.012423749370433546,5.23898540649094,51.49682276318558
0.01741792970734972,4.814950447709784,71.80880406181164
0.010161541119937511,0.3095956144178871,68.21113497516787
0.011749652479180186,2.991035741729143,56.37551498787821
0.014644110863004732,2.7319785358904154,72.33674439849874
0.011625462648713263,7.500944443994061,75.42695039421382
0.010732824784672504,1.2076588298877202,53.83109019085358
0.010404399455916298,7.5034076056094765,70.34364877674132
0.011812610563033897,7.539131484813639,54.041567322529396
0.011889700182868525,7.870299146675684,58.43877984138434
0.010347147821957631,5.371149725130537,61.455667568658015
0.010964827773371943,4.2318802302941965,97.65226401844447
0.012854001450735033,6.506456211517026,59.259238763507234
0.018519045303140656,7.672883873206899,98.25110212789586
0.01786145571400736,0.02591402081644656,88.01012265216609
0.013923588910950899,2.927918784258619,94.894747610582
0.030180545767491587,2.1859122740239627,73.69118763162217
0.010783798547228893,6.537564432036621,60.62883282434814
0.011601024997687765,6.745367935497995,65.75798497898916
0.014391577513158466,5.866983474864735,65.87100192666847
0.01153000635916078,2.097476626966125,86.8276149918236
0.01739013315328099,5.768092401154625,66.63488839212177
0.010171127346804237,1.2522886078191773,91.17136580089806
0.017187364104297005,0.12843319131543218,59.10896095962775
0.014908459625675718,3.552502156941489,50.030696263452214
0.033394252970179075,3.2519692785824175,52.04308452163593
0.012229854966218734,4.282750608855588,83.48463227843988
0.013708191079623561,1.3820895824335961,91.57231646385347
0.011309105383468451,7.588608182110462,74.17324521246674
0.022591159726555888,3.6110966229159374,89.13949206216915
0.0166063788994804,0.03452200733429667,77.25879642106602
0.0150442282499667,3.6480465397983437,50.215015960093126
0.012423749370433546,5.23898540649094,51.49682276318558
0.01648656932560642,5.329695850017375,69.55630879063838
0.010161541119937511,0.3095956144178871,68.21113497516787
0.011741511375070669,2.402921893942132,56.67731754867279
0.014644110863004732,2.7319785358904154,72.33674439849874
0.011898483201626075,7.955822788173716,78.41091591045179
0.010732824784672504,1.2076588298877202,53.83109019085358
0.010404399455916298,7.5034076056094765,70.34364877674132
0.011814691499435828,7.689458454948911,53.964423985887976
0.011889700182868525,7.870299146675684,58.43877984138434
0.010347147821957631,5.371149725130537,61.455667568658015
0.010964827773371943,4.2318802302941965,97.65226401844447
0.012985789588683985,6.32006392223065,59.37136840308492
0.018918132276204185,7.554275147652729,97.01138714101796
0.016807497276910895,1.38650193279235,81.81936719580281
0.013923588910950899,2.927918784258619,94.894747610582
0.030180545767491587,2.1859122740239627,73.69118763162217
0.010544418922699576,6.596894942444907,60.050814518667586
0.011601024997687765,6.745367935497995,65.75798497898916
0.014391577513158466,5.866983474864735,65.87100192666847
0.01153000635916078,2.097476626966125,86.8276149918236
0.019105527225259898,7.299563131925958,78.11211633152904
0.010171127346804237,1.2522886078191773,91.17136580089806
0.017187364104297005,0.12843319131543218,59.10896095962775
0.014908459625675718,3.552502156941489,50.030696263452214
0.033394252970179075,3.2519692785824175,52.04308452163593
0.012659755330120016,3.4392379465415566,85.83653205474998
0.013708191079623561,1.3820895824335961,91.57231646385347
0.011309105383468451,7.588608182110462,74.17324521246674
0.021259523876113927,3.986652996242913,85.01260261430365
0.01654910246222014,0.057798212912909985,77.3667608843062
0.014556504978496802,4.086776296139188,52.41664831892464
0.012423749370433546,5.23898540649094,51.49682276318558
0.015789845225968626,4.347371258426361,70.60772814950518
0.010161541119937511,0.3095956144178871,68.21113497516787
0.011759448532859276,3.698703245403824,56.01236104140377
0.014644110863004732,2.7319785358904154,72.33674439849874
0.011898483201626075,7.955822788173716,78.41091591045179
0.010732824784672504,1.2076588298877202,53.83109019085358
0.010404399455916298,7.5034076056094765,70.34364877674132
0.011814691499435828,7.689458454948911,53.964423985887976
0.011833353848241215,7.975412568811919,58.15447243318952
0.010347147821957631,5.371149725130537,61.455667568658015
0.010964827773371943,4.2318802302941965,97.65226401844447
0.012231484091688562,6.048798908512006,59.96720461617016
0.018918132276204185,7.554275147652729,97.01138714101796
0.01577047275682266,2.695649685347611,76.03379082816868
0.014420843260301283,2.905222902875872,94.24619065651667
0.02909504217097108,2.5284455303232543,72.77196466277547
0.010544418922699576,6.596894942444907,60.050814518667586
0.011601024997687765,6.745367935497995,65.75798497898916
0.014152882612377318,5.6703527481371765,64.97697001350677
0.01153000635916078,2.097476626966125,86.8276149918236
0.018892525200349914,7.081492302192541,77.83638194216532
0.010211616022376316,2.3372855670673394,87.55633149307583
0.01672361945111941,0.8081096498714944,59.026286678203945
0.014908459625675718,3.552502156941489,50.030696263452214
0.033394252970179075,3.2519692785824175,52.04308452163593
0.013523048359759076,3.7339607340797087,70.6256934998694
0.013708191079623561,1.3820895824335961,91.57231646385347
0.011309105383468451,7.588608182110462,74.17324521246674
0.021628375848303724,4.056609195234588,85.71936352142052
0.016796550826466985,0.7994491259485716,77.41634944581169
0.014556504978496802,4.086776296139188,52.41664831892464
0.012423749370433546,5.23898540649094,51.49682276318558
0.015789845225968626,4.347371258426361,70.60772814950518
0.010161541119937511,0.3095956144178871,68.21113497516787
0.010131855896901725,3.8085756200682956,54.43884657139782
0.01540649114078692,1.8711760941236029,79.4923113178704
0.011898483201626075,7.955822788173716,78.41091591045179
0.010732824784672504,1.2076588298877202,53.83109019085358
0.010404399455916298,7.5034076056094765,70.34364877674132
0.011812688029864207,7.683089652040845,53.379905454535844
0.011833353848241215,7.975412568811919,58.15447243318952
0.010347147821957631,5.371149725130537,61.455667568658015
0.010964827773371943,4.2318802302941965,97.65226401844447
0.014422870379550055,5.220954605464328,66.3916994300987
0.018687060499075963,7.239778589698794,93.37200148933204
0.020488032872758223,1.1875774135340498,54.81157253258508
0.014946488667200353,4.028671417723643,96.21841459142803
0.025561759311729097,3.308260388521788,70.69236872240336
0.010544418922699576,6.596894942444907,60.050814518667586
0.010428760659081302,6.939677870441545,63.72417471012099
0.013910346182674973,5.879791012875804,63.83465808669797
0.01153000635916078,2.097476626966125,86.8276149918236
0.017593940986911295,5.75200570682825,76.1553447535227
0.010211616022376316,2.3372855670673394,87.55633149307583
0.01672361945111941,0.8081096498714944,59.026286678203945
0.014908459625675718,3.552502156941489,50.030696263452214
0.033610377714539376,3.2883413925434084,51.00102723935418
0.0140775787806525,2.4500113046955336,76.03391997221118
0.013708191079623561,1.3820895824335961,91.57231646385347
0.011309105383468451,7.588608182110462,74.17324521246674
0.020147507094053108,3.058347347506317,83.17463682806891
0.016796550826466985,0.7994491259485716,77.41634944581169
0.014568359206981258,3.903454339053487,55.11209933441213
0.012423749370433546,5.23898540649094,51.49682276318558
0.016820364279773566,5.37618016120578,78.7048197396496
0.010161541119937511,0.3095956144178871,68.21113497516787
0.010121069634699888,3.674680657466133,53.926011254246816
0.02057199156763717,3.4091020233347575,90.60260235629019
0.011898483201626075,7.955822788173716,78.41091591045179
0.010732824784672504,1.2076588298877202,53.83109019085358
0.010404399455916298,7.5034076056094765,70.34364877674132
0.011690489023498224,7.7881407546677535,52.77086418547088
0.011833353848241215,7.975412568811919,58.15447243318952
0.010299323356951036,5.887428227282154,62.40112547578343
0.010964827773371943,4.2318802302941965,97.65226401844447
0.01377449650357629,5.910627200448616,64.32922841256003
0.018522067316384578,7.0750592139394985,92.07560147899855
0.020488032872758223,1.1875774135340498,54.81157253258508
0.014946488667200353,4.028671417723643,96.21841459142803
0.020012725059884155,4.844082973760743,70.56470408019734
0.010546106499698366,6.548622819649147,59.99510359967325
0.010428760659081302,6.939677870441545,63.72417471012099
0.013910346182674973,5.879791012875804,63.83465808669797
0.01153000635916078,2.097476626966125,86.8276149918236
0.013973364749014333,4.809060577248108,65.61857971531633
0.010211616022376316,2.3372855670673394,87.55633149307583
0.016598018535510836,0.8827830785694739,59.86873043927223
0.014908459625675718,3.552502156941489,50.030696263452214
0.02375971743903417,5.077586596556529,59.21173878441345
0.0140775787806525,2.4500113046955336,76.03391997221118
0.013708191079623561,1.3820895824335961,91.57231646385347
0.011309105383468451,7.588608182110462,74.17324521246674
0.020147507094053108,3.058347347506317,83.17463682806891
0.016796550826466985,0.7994491259485716,77.41634944581169
0.014020304916653641,4.158154800595404,56.04785677225618
0.012423749370433546,5.23898540649094,51.49682276318558
0.014281166600313549,4.717740775417711,84.4938934462036
0.010161541119937511,0.3095956144178871,68.21113497516787
0.010121069634699888,3.674680657466133,53.926011254246816
0.019053354360842954,3.4476936038392862,85.27307868140743
0.011898483201626075,7.955822788173716,78.41091591045179
0.010732824784672504,1.2076588298877202,53.83109019085358
0.010404399455916298,7.5034076056094765,70.34364877674132
0.011690489023498224,7.7881407546677535,52.77086418547088
0.011833353848241215,7.975412568811919,58.15447243318952
0.010299323356951036,5.887428227282154,62.40112547578343
0.010935546267488756,3.8501879201025258,92.12151647750193
0.013280775053033331,6.9373421741124,70.55473248382351
0.015920264387307374,7.425282318437618,78.88082294208961
0.020488032872758223,1.1875774135340498,54.81157253258508
0.014946488667200353,4.028671417723643,96.21841459142803
0.020012725059884155,4.844082973760743,70.56470408019734
0.010546106499698366,6.548622819649147,59.99510359967325
0.010427977462587572,6.957801406828673,63.936986402721
0.014012539695833976,5.862105293928396,64.35686585649589
0.01153000635916078,2.097476626966125,86.8276149918236
0.013973364749014333,4.809060577248108,65.61857971531633
0.010211616022376316,2.3372855670673394,87.55633149307583
0.015323513845227092,2.212836335606644,57.31258583578992
0.014908459625675718,3.552502156941489,50.030696263452214
0.02375971743903417,5.077586596556529,59.21173878441345
0.015112634412088537,1.9887618794555688,70.73430665207233
0.013694230212066918,0.42858819232928536,97.30845570321978
0.011309105383468451,7.588608182110462,74.17324521246674
0.022991315057613107,4.2172206090291535,76.94619391329694
0.016425390719558175,0.36391156649221745,76.12421017953585
0.014020304916653641,4.158154800595404,56.04785677225618
0.012423749370433546,5.23898540649094,51.49682276318558
0.014281166600313549,4.717740775417711,84.4938934462036
0.010161541119937511,0.3095956144178871,68.21113497516787
0.012148566182417985,4.414908031790236,57.16816973385937
0.017094292776719765,2.7563017525115967,81.51395806564844
0.011898483201626075,7.955822788173716,78.41091591045179
0.010732824784672504,1.2076588298877202,53.83109019085358
0.01042221259385017,7.777358236132559,71.69011352463549
0.011690489023498224,7.7881407546677535,52.77086418547088
0.011833353848241215,7.975412568811919,58.15447243318952
0.010299323356951036,5.887428227282154,62.40112547578343
0.010935546267488756,3.8501879201025258,92.12151647750193
0.013280775053033331,6.9373421741124,70.55473248382351
0.015920264387307374,7.425282318437618,78.88082294208961
0.0189218630767293,2.078338546406417,62.301270626666465
0.014946488667200353,4.028671417723643,96.21841459142803
0.020012725059884155,4.844082973760743,70.56470408019734
0.010546106499698366,6.548622819649147,59.99510359967325
0.010025484810605029,7.400324223750303,63.11908911799851
0.014430464980279821,5.248016210206454,60.817141440090914
0.01153000635916078,2.097476626966125,86.8276149918236
0.014112873266980554,4.380360275877381,64.62428921231674
0.01021937648829567,2.348916956047022,87.51334241093055
0.01580822607278537,2.227576325326185,53.54132781634059
0.014702119595412459,3.6925543034709842,50.15244912605923
0.02375971743903417,5.077586596556529,59.21173878441345
0.014310104390820928,3.348778805557049,66.5216855539665
0.013694230212066918,0.42858819232928536,97.30845570321978
0.011512417956447658,7.865727984511688,77.95122511869843
0.022866355087176354,4.077305232703304,79.83022582444066
0.016425390719558175,0.36391156649221745,76.12421017953585
0.014020304916653641,4.158154800595404,56.04785677225618
0.012423749370433546,5.23898540649094,51.49682276318558
0.014281166600313549,4.717740775417711,84.4938934462036
0.010161541119937511,0.3095956144178871,68.21113497516787
0.012148566182417985,4.414908031790236,57.16816973385937
0.016956982592440807,2.8265705191167196,80.66508564589861
0.011908444372218642,7.952826640712294,81.50902572713247
0.010732824784672504,1.2076588298877202,53.83109019085358
0.010374683742155862,7.771612531258414,71.47373583738785
0.011690489023498224,7.7881407546677535,52.77086418547088
0.011833353848241215,7.975412568811919,58.15447243318952
0.010299323356951036,5.887428227282154,62.40112547578343
0.01106043563102243,4.501639197990286,85.61178063294075
0.013681654411787534,7.789130416938654,70.85592818975616
0.015635528662362702,6.43210036986379,83.95040069509267
0.01962629555507283,1.4888373568822875,60.68550192921647
0.014946488667200353,4.028671417723643,96.21841459142803
0.022129488186346757,5.818426331694198,71.07042484711006
0.010894023021245225,6.378078278187367,62.277137493614745
0.010025484810605029,7.400324223750303,63.11908911799851
0.013171599539609823,6.415061123905614,57.120327846957025
0.010574962833508271,1.1878726449641506,87.63774797480326
0.017519397049773486,3.0341440364508343,66.61017121732894
0.010210857193838921,1.9718462844222615,90.18934929063094
0.01580822607278537,2.227576325326185,53.54132781634059
0.014739845047084707,3.744443725717349,57.26406657087093
0.02375971743903417,5.077586596556529,59.21173878441345
0.01380531092347296,3.8240070338806627,62.822463883404026
0.013694230212066918,0.42858819232928536,97.30845570321978
0.011512417956447658,7.865727984511688,77.95122511869843
0.022231140526201072,4.241688954682159,79.00355620332095
0.01647569660037804,0.2765388247781084,76.37437635794457
0.013793479622038111,4.288571621667919,55.66446308201153
0.01237299072405807,5.172437698675404,52.32615150302303
0.014100743153028188,4.597860336803791,84.56708249201529
0.010161541119937511,0.3095956144178871,68.21113497516787
0.012134173721201074,4.366327264857943,57.47869085195815
0.016909593896331496,2.8484710283333925,80.2905808907876
0.011908444372218642,7.952826640712294,81.50902572713247
0.010692281201304662,1.8068041983777556,54.755358209782116
0.01052553063176831,7.05230673794237,74.58372374589446
0.011690489023498224,7.7881407546677535,52.77086418547088
0.011833353848241215,7.975412568811919,58.15447243318952
0.010543929109606675,5.684648723825986,61.74491075140121
0.01106043563102243,4.501639197990286,85.61178063294075
0.013681654411787534,7.789130416938654,70.85592818975616
0.015635528662362702,6.43210036986379,83.95040069509267
0.01898266258748213,1.5939143988038884,61.46737316348297
0.014946488667200353,4.028671417723643,96.21841459142803
0.020183762775817925,6.272323640474186,71.0210214606533
0.010894023021245225,6.378078278187367,62.277137493614745
0.010338720701069492,7.031654066111446,62.815441605936314
0.012003045244115997,4.0448187723043505,61.425961991949876
0.01074020965194528,2.3649896309835032,85.93028801803243
0.019890762907202264,2.59967581433511,68.8387558304827
0.010210857193838921,1.9718462844222615,90.18934929063094
0.013270115460556007,3.9137758156243914,57.6232925235774
0.015562042342833992,3.2717082762261764,58.653793655148725
0.020506507305143386,5.619981419590565,69.11796669701653
0.01380531092347296,3.8240070338806627,62.822463883404026
0.013694230212066918,0.42858819232928536,97.30845570321978
0.011512417956447658,7.865727984511688,77.95122511869843
0.022231140526201072,4.241688954682159,79.00355620332095
0.014799461146935864,2.2768477711887325,66.54903466654201
0.014102233006350376,4.027455988274285,53.87698543898458
0.01237299072405807,5.172437698675404,52.32615150302303
0.014155042789437012,5.154767482241926,82.86516389852224
0.010153348547815001,0.2417216071442958,68.2775048093653
0.011909335689541854,3.903946404544495,58.701960512010075
0.016003066252189696,3.0916872840365484,85.51981727312297
0.01194538682414178,7.88672509640122,81.0437141178
0.010692281201304662,1.8068041983777556,54.755358209782116
0.01052553063176831,7.05230673794237,74.58372374589446
0.011690489023498224,7.7881407546677535,52.77086418547088
0.011833353848241215,7.975412568811919,58.15447243318952
0.010549057300893304,5.303442627718749,58.166359878474324
0.011851415577454224,4.378334005848886,77.35955883600626
0.012936593704123405,6.15584746768903,65.7465516169948
0.01714174708205621,7.841438329355504,92.84619462439298
0.02074075194840195,1.8498849348821098,60.1233109671599
0.014309517534841755,4.8475269411013455,92.99764880294067
0.020183762775817925,6.272323640474186,71.0210214606533
0.010894023021245225,6.378078278187367,62.277137493614745
0.010338720701069492,7.031654066111446,62.815441605936314
0.011794949039389017,3.622725901178552,62.192709526036225
0.010872941996494384,3.1224800964603867,81.29867314671232
0.01932262412370884,2.201068623570708,66.3711979152996
0.01024182207723701,2.317016468919112,87.54493923684095
0.01420489517539932,1.6210326277706653,60.494826876118054
0.015676456296743867,3.292239393169905,58.032475357415365
0.020506507305143386,5.619981419590565,69.11796669701653
0.01380531092347296,3.8240070338806627,62.822463883404026
0.013694230212066918,0.42858819232928536,97.30845570321978
0.0112580399739172,7.874710285476621,78.78326319080251
0.01937148670158592,4.9283164748128305,77.92380120507443
0.014799461146935864,2.2768477711887325,66.54903466654201
0.014102233006350376,4.027455988274285,53.87698543898458
0.012340050636871987,5.0823185136932825,52.779116938536916
0.013197284931796813,5.175894685309785,76.39245769423326
0.010153348547815001,0.2417216071442958,68.2775048093653
0.011909335689541854,3.903946404544495,58.701960512010075
0.015401725333746499,3.4380154613325358,77.99653636174007
0.01194538682414178,7.88672509640122,81.0437141178
0.010692281201304662,1.8068041983777556,54.755358209782116
0.01052553063176831,7.05230673794237,74.58372374589446
0.011645849857843674,7.857747575066263,52.75039089716968
0.011833353848241215,7.975412568811919,58.15447243318952
0.010549057300893304,5.303442627718749,58.166359878474324
0.010294439923167668,4.704237956831526,78.86422144447714
0.014912103077835652,6.8611492797496885,72.01859832326657
0.015874607743910037,5.1168355585393765,94.48630452473338
0.018311387522453558,2.6467665433047034,57.83746962762268
0.014309517534841755,4.8475269411013455,92.99764880294067
0.01860618886324481,5.2292831488537646,66.47498235950687
0.010677606453590602,5.488295646685968,52.463860824931245
0.010338720701069492,7.031654066111446,62.815441605936314
0.011794949039389017,3.622725901178552,62.192709526036225
0.011348859098537358,5.02772566871665,89.9104757023037
0.017629376236213596,3.168899418912588,71.77573269683982
0.01024182207723701,2.317016468919112,87.54493923684095
0.015507716656182644,1.3922347539825828,51.60236727008811
0.014186486153708348,4.036929287171484,55.7927192331966
0.020029310261596173,5.52187151569028,68.45427566282274
0.014147943014456325,4.160101938484047,62.31066450361847
0.013063363223152052,1.4895559245160879,85.64437701229944
0.0112580399739172,7.874710285476621,78.78326319080251
0.01958343446953391,5.0360728682307885,78.14559338869438
0.014799461146935864,2.2768477711887325,66.54903466654201
0.014102233006350376,4.027455988274285,53.87698543898458
0.012430399348788338,4.914624791827162,53.15293064792588
0.01320506873183429,5.186363462796711,76.45969067026752
0.010153348547815001,0.2417216071442958,68.2775048093653
0.011909335689541854,3.903946404544495,58.701960512010075
0.01676741242912282,2.9294072496390844,85.7371347904758
0.01216288452245207,7.497554021012757,78.30420445456937
0.010291239700891075,1.5506528477861212,51.68072402916772
0.01052553063176831,7.05230673794237,74.58372374589446
0.011645849857843674,7.857747575066263,52.75039089716968
0.011833353848241215,7.975412568811919,58.15447243318952
0.010549057300893304,5.303442627718749,58.166359878474324
0.010294439923167668,4.704237956831526,78.86422144447714
0.014897044103267693,6.802537282663609,71.68185714147285
0.015874607743910037,5.1168355585393765,94.48630452473338
0.016913354437923533,2.4995087062349794,61.30538291514114
0.014143156440511305,4.293955958394981,99.03332211184684
0.01860618886324481,5.2292831488537646,66.47498235950687
0.010677606453590602,5.488295646685968,52.463860824931245
0.010338720701069492,7.031654066111446,62.815441605936314
0.011993835964098863,3.8265955098778375,62.801094294552065
0.011348859098537358,5.02772566871665,89.9104757023037
0.017629376236213596,3.168899418912588,71.77573269683982
0.01024182207723701,2.317016468919112,87.54493923684095
0.015507716656182644,1.3922347539825828,51.60236727008811
0.016123360721535092,3.2357862356589004,57.63022343450878
0.022562702772729447,5.7688482983161675,52.580853513431734
0.011238823117544056,4.988360528519397,54.401560277677504
0.012885817447439002,2.1175083892864706,84.96961598199117
0.0112580399739172,7.874710285476621,78.78326319080251
0.02162191710329652,4.262946338694865,83.4038035788288
0.014799461146935864,2.2768477711887325,66.54903466654201
0.014102233006350376,4.027455988274285,53.87698543898458
0.012430399348788338,4.914624791827162,53.15293064792588
0.01320506873183429,5.186363462796711,76.45969067026752
0.010153348547815001,0.2417216071442958,68.2775048093653
0.011909335689541854,3.903946404544495,58.701960512010075
0.01676741242912282,2.9294072496390844,85.7371347904758
0.01216288452245207,7.497554021012757,78.30420445456937
0.010215825956598028,1.5385050243227374,51.43200621663429
0.01052553063176831,7.05230673794237,74.58372374589446
0.011645849857843674,7.857747575066263,52.75039089716968
0.011833353848241215,7.975412568811919,58.15447243318952
0.010549057300893304,5.303442627718749,58.166359878474324
0.010482952768808205,4.516063232341102,79.30836564471234
0.013496421578011805,6.077022830052737,74.10180244602573
0.015874607743910037,5.1168355585393765,94.48630452473338
0.01676297574630091,2.847348327541888,59.17775572509312
0.014143156440511305,4.293955958394981,99.03332211184684
0.01860618886324481,5.2292831488537646,66.47498235950687
0.010701678396068918,5.520859752374234,52.88265598424399
0.010214367889345956,7.278347124541202,59.479914828541894
0.011993835964098863,3.8265955098778375,62.801094294552065
0.011348859098537358,5.02772566871665,89.9104757023037
0.017629376236213596,3.168899418912588,71.77573269683982
0.010958383083710006,4.864616258148425,74.31236489731178
0.015507716656182644,1.3922347539825828,51.60236727008811
0.016482563597068272,3.4959671893398703,55.21035511341366
0.026140620867555097,6.015452942605833,52.005578971885065
0.01124100086834848,5.059282964564182,55.015010479261946
0.012885817447439002,2.1175083892864706,84.96961598199117
0.011326201326022252,7.833991621809156,79.01511087133248
0.021805514212581985,4.269732521207615,83.87074298328707
0.012147857204421101,0.22030738509895365,66.60061634086179
0.014102233006350376,4.027455988274285,53.87698543898458
0.012313029997592692,4.921887705729417,53.27591971541892
0.012666686141164629,5.210095809498937,72.75157002404974
0.010153348547815001,0.2417216071442958,68.2775048093653
0.011909335689541854,3.903946404544495,58.701960512010075
0.015249070036124255,3.932305618816169,83.02405925247
0.012790105073483623,6.829416339621165,76.32763178081754
0.010215825956598028,1.5385050243227374,51.43200621663429
0.01052553063176831,7.05230673794237,74.58372374589446
0.011645849857843674,7.857747575066263,52.75039089716968
0.011833353848241215,7.975412568811919,58.15447243318952
0.010374310330678963,5.737766383488141,51.35646493925488
0.010482952768808205,4.516063232341102,79.30836564471234
0.013857249252872069,6.454024036953799,74.68897903714952
0.015874607743910037,5.1168355585393765,94.48630452473338
0.018225995920539223,2.0034755631749426,54.32976740516638
0.014143156440511305,4.293955958394981,99.03332211184684
0.023495587852459095,7.380046713228379,75.24112432095517
0.011051505985899475,5.590476592402361,55.53872932684939
0.010339053787138924,7.030993284742295,62.824376003867215
0.013175345188115561,2.9129690409878872,59.403221936161565
0.011883799992462026,5.00683078471908,89.61243757836843
0.022269818561694524,0.6321427530538015,69.94146978641693
0.010759107398498044,4.781374936476276,66.35201880524457
0.015507716656182644,1.3922347539825828,51.60236727008811
0.016482563597068272,3.4959671893398703,55.21035511341366
0.025089254897970314,5.859460979061795,52.50028816944371
0.01124100086834848,5.059282964564182,55.015010479261946
0.013248731533502232,0.4374534625512636,94.39954844429005
0.011326201326022252,7.833991621809156,79.01511087133248
0.022951226321523945,4.57453519482542,83.44630779213101
0.012147857204421101,0.22030738509895365,66.60061634086179
0.014102233006350376,4.027455988274285,53.87698543898458
0.012313029997592692,4.921887705729417,53.27591971541892
0.012666686141164629,5.210095809498937,72.75157002404974
0.010153348547815001,0.2417216071442958,68.2775048093653
0.011781330388906169,3.903944647008898,58.9531747175606
0.016140324520409435,4.9990931148688755,87.74397624518207
0.012669739456706268,6.838908806733631,76.56081805392392
0.010215825956598028,1.5385050243227374,51.43200621663429
0.01052553063176831,7.05230673794237,74.58372374589446
0.011645849857843674,7.857747575066263,52.75039089716968
0.011833353848241215,7.975412568811919,58.15447243318952
0.010374310330678963,5.737766383488141,51.35646493925488
0.010482952768808205,4.516063232341102,79.30836564471234
0.013702952438477651,6.2928111109491285,74.43789109736646
0.013498975448471602,5.976417079666313,85.6471697226832
0.018225995920539223,2.0034755631749426,54.32976740516638
0.014143156440511305,4.293955958394981,99.03332211184684
0.023367348737968793,7.355760893685396,75.02946652032901
0.011051505985899475,5.590476592402361,55.53872932684939
0.010339053787138924,7.030993284742295,62.824376003867215
0.014091580160623111,5.314078170638952,52.98513766737513
0.011883799992462026,5.00683078471908,89.61243757836843
0.022269818561694524,0.6321427530538015,69.94146978641693
0.010759107398498044,4.781374936476276,66.35201880524457
0.015507716656182644,1.3922347539825828,51.60236727008811
0.017790011630469806,3.2453720184889123,56.0123248421933
0.031028124468980164,6.941236928828834,51.723415618632714
0.01124100086834848,5.059282964564182,55.015010479261946
0.013248731533502232,0.4374534625512636,94.39954844429005
0.011326201326022252,7.833991621809156,79.01511087133248
0.02031007515375364,4.414134550988739,77.52761470842003
0.012147857204421101,0.22030738509895365,66.60061634086179
0.014353809468509867,3.903979967605257,53.90460809517311
0.012313029997592692,4.921887705729417,53.27591971541892
0.01238218923647133,5.189334504108465,76.69817148739263
0.010175358862039064,1.2481855728625684,68.4464227480344
0.011781330388906169,3.903944647008898,58.9531747175606
0.01912366694906169,5.6743609008842135,81.71705191939785
0.012698082972491392,7.001505570690172,76.54727927378848
0.010215825956598028,1.5385050243227374,51.43200621663429
0.01052553063176831,7.05230673794237,74.58372374589446
0.011782532545117127,5.778284283996686,56.521423424668775
0.011833353848241215,7.975412568811919,58.15447243318952
0.010376059387147312,5.7529707263792895,51.62511793733207
0.010482952768808205,4.516063232341102,79.30836564471234
0.013702952438477651,6.2928111109491285,74.43789109736646
0.013518167924916911,5.954966146776887,84.58935619534634
0.018225995920539223,2.0034755631749426,54.32976740516638
0.014143156440511305,4.293955958394981,99.03332211184684
0.02702252081487031,7.159390640188499,80.37722397773217
0.011043689698821772,5.592176631795505,55.49045704566111
0.010318394748904669,7.78877670069846,69.54415024611023
0.014091580160623111,5.314078170638952,52.98513766737513
0.011422368312409524,3.93120234494051,97.27515334536662
0.022269818561694524,0.6321427530538015,69.94146978641693
0.010759107398498044,4.781374936476276,66.35201880524457
0.015463027294936656,1.4242513118711808,51.645299497770175
0.017790011630469806,3.2453720184889123,56.0123248421933
0.021926522398888745,7.3137173931516335,59.55534956312883
0.01020359028919621,5.192241380667145,56.697941574416696
0.013248731533502232,0.4374534625512636,94.39954844429005
0.011326201326022252,7.833991621809156,79.01511087133248
0.021000378312447724,4.427586919332226,75.12034157237912
0.012147857204421101,0.22030738509895365,66.60061634086179
0.014353809468509867,3.903979967605257,53.90460809517311
0.012313029997592692,4.921887705729417,53.27591971541892
0.012950664676257044,5.018243032457123,85.70532050388309
0.010175358862039064,1.2481855728625684,68.4464227480344
0.011781330388906169,3.903944647008898,58.9531747175606
0.01745036617594241,5.192541275946564,85.77604940751564
0.01263192082291207,6.748330737520823,71.98776339425449
0.010215825956598028,1.5385050243227374,51.43200621663429
0.01052553063176831,7.05230673794237,74.58372374589446
0.012420407839839668,5.9389591475257735,57.411501722314846
0.011833353848241215,7.975412568811919,58.15447243318952
0.010376059387147312,5.7529707263792895,51.62511793733207
0.01111259571927783,4.655303011268786,74.7154184850447
0.015537512658242167,4.641743487966762,90.41614026757591
0.013518167924916911,5.954966146776887,84.58935619534634
0.018307642701062513,1.9344817897436135,54.037660329728844
0.014143156440511305,4.293955958394981,99.03332211184684
0.02702252081487031,7.159390640188499,80.37722397773217
0.011043689698821772,5.592176631795505,55.49045704566111
0.010318394748904669,7.78877670069846,69.54415024611023
0.014091580160623111,5.314078170638952,52.98513766737513
0.011422368312409524,3.93120234494051,97.27515334536662
0.022269818561694524,0.6321427530538015,69.94146978641693
0.010706788631730213,4.632313857329353,68.34885246562192
0.015444835171376008,1.4570860935126255,51.677923831627695
0.017428004058457652,4.162148881089456,57.39331517740888
0.018357322543660654,7.459785877479786,62.62664814172849
0.010506967836850171,5.114386958123154,56.670524072343504
0.012606293749610562,0.6069236166638295,88.97447627124093
0.011326201326022252,7.833991621809156,79.01511087133248
0.02749454846632475,3.9510704276380046,66.58082608609655
0.012147857204421101,0.22030738509895365,66.60061634086179
0.015065880432841077,3.5614286021881343,54.22246007701235
0.011617587059485035,5.2202767543682285,52.683221802195504
0.012950664676257044,5.018243032457123,85.70532050388309
0.010175358862039064,1.2481855728625684,68.4464227480344
0.011131821515406797,4.337752281244395,60.24301608202632
0.01745036617594241,5.192541275946564,85.77604940751564
0.013549204828688542,6.3358069922213405,72.95662528964483
0.010215825956598028,1.5385050243227374,51.43200621663429
0.01052553063176831,7.05230673794237,74.58372374589446
0.012420407839839668,5.9389591475257735,57.411501722314846
0.011833353848241215,7.975412568811919,58.15447243318952
0.010252895241870997,5.782633949990603,50.91204188437929
0.01111259571927783,4.655303011268786,74.7154184850447
0.015015239073684279,5.037636060169742,89.00222046429052
0.013084590821952473,6.22064044137586,83.31131613220074
0.018307642701062513,1.9344817897436135,54.037660329728844
0.014356176441349126,4.475611606468996,96.58306659696277
0.02702252081487031,7.159390640188499,80.37722397773217
0.010039851781710584,5.692317582308921,54.81371833463788
0.010318394748904669,7.78877670069846,69.54415024611023
0.014091580160623111,5.314078170638952,52.98513766737513
0.011422368312409524,3.93120234494051,97.27515334536662
0.0181633556660363,3.2380947668440347,70.8133434047055
0.010947393959879094,2.6769231784300596,67.60837990045745
0.015444835171376008,1.4570860935126255,51.677923831627695
0.01825658379891348,4.00371946370691,52.153874513506366
0.020350637561230005,7.872287834659577,65.50790053725922
0.010506967836850171,5.114386958123154,56.670524072343504
0.012606293749610562,0.6069236166638295,88.97447627124093
0.011326201326022252,7.833991621809156,79.01511087133248
0.02749454846632475,3.9510704276380046,66.58082608609655
0.012012154694283931,1.499859704795564,63.03898762858711
0.015065880432841077,3.5614286021881343,54.22246007701235
0.011617587059485035,5.2202767543682285,52.683221802195504
0.012950664676257044,5.018243032457123,85.70532050388309
0.010175358862039064,1.2481855728625684,68.4464227480344
0.011202078859337682,4.2394441291854585,69.19778560984795
0.01745036617594241,5.192541275946564,85.77604940751564
0.013736423084452219,6.401626764971838,75.53488422252369
0.010217801054607041,1.6588622876402175,51.78077955019022
0.01052553063176831,7.05230673794237,74.58372374589446
0.012420407839839668,5.9389591475257735,57.411501722314846
0.012536667293108246,7.146553099209912,56.54450862137782
0.010251095330291931,5.576558846569897,50.93728892692234
0.011909272289697119,7.424218773448118,95.40004658649282
0.014367442815520569,5.072458330901339,82.07764097962459
0.013717403762924445,6.6521615478739875,96.52318030406774
0.018307642701062513,1.9344817897436135,54.037660329728844
0.01390289290308726,4.603385310544181,92.19661296703023
0.02702252081487031,7.159390640188499,80.37722397773217
0.010039851781710584,5.692317582308921,54.81371833463788
0.010318394748904669,7.78877670069846,69.54415024611023
0.014091580160623111,5.314078170638952,52.98513766737513
0.011422368312409524,3.93120234494051,97.27515334536662
0.01706355346541223,3.7553233190365676,68.24682610021695
0.010947393959879094,2.6769231784300596,67.60837990045745
0.015444835171376008,1.4570860935126255,51.677923831627695
0.018793847069031238,4.490325043900565,52.2448182121203
0.017693367313675004,6.525094687282156,76.50695916090048
0.010506967836850171,5.114386958123154,56.670524072343504
0.012606293749610562,0.6069236166638295,88.97447627124093
0.010242362521995833,7.8805731609804415,78.92105627202098
0.027970154229911712,3.9516583612320697,65.67252373917586
0.011989882954689916,1.5916729982341793,64.33182685135513
0.015065880432841077,3.5614286021881343,54.22246007701235
0.011617587059485035,5.2202767543682285,52.683221802195504
0.012950664676257044,5.018243032457123,85.70532050388309
0.010175358862039064,1.2481855728625684,68.4464227480344
0.011777790379491572,4.3707516211335875,68.06564670316664
0.017660703520417258,5.2006888007734355,85.77935561122021
0.013736423084452219,6.401626764971838,75.53488422252369
0.010413431154333623,1.937991009858477,54.281909264338864
0.01052553063176831,7.05230673794237,74.58372374589446
0.012420407839839668,5.9389591475257735,57.411501722314846
0.012536667293108246,7.146553099209912,56.54450862137782
0.010251095330291931,5.576558846569897,50.93728892692234
0.011909272289697119,7.424218773448118,95.40004658649282
0.01439980492792029,5.044113325614206,85.49055260599252
0.013717403762924445,6.6521615478739875,96.52318030406774
0.019956610296388327,1.106912600189339,53.943659360600996
0.01356770035054562,4.74941880842998,89.9116220071849
0.02178610566350689,6.0758028933364,86.04925656545157
0.010039851781710584,5.692317582308921,54.81371833463788
0.010318394748904669,7.78877670069846,69.54415024611023
0.014091580160623111,5.314078170638952,52.98513766737513
0.011422368312409524,3.93120234494051,97.27515334536662
0.014889118572652326,5.74588106258348,78.99715236501089
0.010478998934849071,2.1294871466124845,63.37704118142774
0.017859024688562125,1.2263362662530986,50.428468547722254
0.01604139167738861,5.343187942963658,59.68125844108015
0.0159739308838754,6.408188949954339,75.79363888825415
0.010506967836850171,5.114386958123154,56.670524072343504
0.012606293749610562,0.6069236166638295,88.97447627124093
0.010178753065780958,7.957371160439125,86.76588625446169
0.02241883401264759,3.783784493641747,60.74679363639713
0.011739041294524098,1.6809625744480374,64.17331036736164
0.015065880432841077,3.5614286021881343,54.22246007701235
0.011617587059485035,5.2202767543682285,52.683221802195504
0.012950664676257044,5.018243032457123,85.70532050388309
0.010175358862039064,1.2481855728625684,68.4464227480344
0.010245001791120768,4.643658837620566,61.738134303810014
0.016302697818402635,4.393515391932244,80.82447444443424
0.012292735014585525,6.206089780799375,66.55326214760655
0.010413431154333623,1.937991009858477,54.281909264338864
0.01052553063176831,7.05230673794237,74.58372374589446
0.012420407839839668,5.9389591475257735,57.411501722314846
0.012763094847595973,7.080998882303909,55.217585529805305
0.010261878796892344,5.931025167892871,53.91868864344229
0.011909272289697119,7.424218773448118,95.40004658649282
0.015850434977982643,3.657802448994569,79.71869098554761
0.012347793672569435,6.749994710958267,98.3010612835326
0.0183025535148984,2.896605754224406,56.36761459581633
0.014652347277620851,3.858947626992599,79.9321197142307
0.02178610566350689,6.0758028933364,86.04925656545157
0.010039851781710584,5.692317582308921,54.81371833463788
0.010318394748904669,7.78877670069846,69.54415024611023
0.014091580160623111,5.314078170638952,52.98513766737513
0.011422368312409524,3.93120234494051,97.27515334536662
0.014889118572652326,5.74588106258348,78.99715236501089
0.010478998934849071,2.1294871466124845,63.37704118142774
0.017859024688562125,1.2263362662530986,50.428468547722254
0.01604139167738861,5.343187942963658,59.68125844108015
0.016882097492690734,6.1811774217095845,71.41297950990851
0.010663368082713795,6.937844382812806,51.116532509864584
0.013330968312397969,1.7587307642270282,85.77183973470244
0.010178753065780958,7.957371160439125,86.76588625446169
0.024714832183297064,3.091515823599422,56.83619447057275
0.011739041294524098,1.6809625744480374,64.17331036736164
0.01868753454961758,4.825177885119951,54.17618243245753
0.011617587059485035,5.2202767543682285,52.683221802195504
0.013607597893395978,5.485503933486431,80.73206551871728
0.010175358862039064,1.2481855728625684,68.4464227480344
0.010245001791120768,4.643658837620566,61.738134303810014
0.019378141393651602,2.931450688100538,83.57947647422658
0.013595918667115908,5.161420958034479,64.57909561498327
0.010413431154333623,1.937991009858477,54.281909264338864
0.010552295873617366,7.127254285397433,75.67322759422248
0.012420407839839668,5.9389591475257735,57.411501722314846
0.012763094847595973,7.080998882303909,55.217585529805305
0.010261878796892344,5.931025167892871,53.91868864344229
0.011909272289697119,7.424218773448118,95.40004658649282
0.01534001015711729,3.689317352326484,81.74243065159892
0.012347793672569435,6.749994710958267,98.3010612835326
0.015517832302224647,2.380841139776507,59.679360786708685
0.013620455272802354,3.611859893272136,86.51851681706384
0.0208203305737115,6.096554917202792,83.16684868699268
0.010039851781710584,5.692317582308921,54.81371833463788
0.010318394748904669,7.78877670069846,69.54415024611023
0.015059284529418458,5.497035504891319,52.583326711924165
0.011441668962361696,4.294317789404101,79.59244929252982
0.014889118572652326,5.74588106258348,78.99715236501089
0.010478998934849071,2.1294871466124845,63.37704118142774
0.017859024688562125,1.2263362662530986,50.428468547722254
0.014210829180695547,3.784985607620822,61.59253508237821
0.013879890737026567,6.420791389906512,62.104102964276876
0.010562756872019716,6.685540513841804,51.818738847889925
0.015262415415970999,2.0712190637508714,96.37617052515847
0.010178753065780958,7.957371160439125,86.76588625446169
0.0265878650364664,2.5374259222293043,50.55618994680619
0.011739041294524098,1.6809625744480374,64.17331036736164
0.01669778074768859,4.362845350738881,57.4725163802016
0.011469522460065034,4.8183434167004275,54.07387049103732
0.014338823880166862,4.297058104833679,72.67321958823348
0.010175358862039064,1.2481855728625684,68.4464227480344
0.010245001791120768,4.643658837620566,61.738134303810014
0.019378141393651602,2.931450688100538,83.57947647422658
0.011445650674523182,6.1549485507779345,63.61765351090126
0.010413431154333623,1.937991009858477,54.281909264338864
0.010762573872002709,7.993390214027049,91.42471493082067
0.011834643327845985,5.745575430001585,55.528122833958584
0.011801837121451043,6.908235690343224,53.73273744317554
0.010261878796892344,5.931025167892871,53.91868864344229
0.011909272289697119,7.424218773448118,95.40004658649282
0.01390131059939142,4.8473228626145195,78.14785057381701
0.012347793672569435,6.749994710958267,98.3010612835326
0.013706390400865574,1.1114772880086088,51.65555435398949
0.013620455272802354,3.611859893272136,86.51851681706384
0.0208203305737115,6.096554917202792,83.16684868699268
0.010798534568264987,6.215872527755463,54.34826520262288
0.010311484250623532,7.736764699533799,69.17869630760272
0.015059284529418458,5.497035504891319,52.583326711924165
0.011114852541844137,4.1856639284886406,82.03246111785901
0.018534840966783143,4.034234914871689,72.98431810119476
0.010478998934849071,2.1294871466124845,63.37704118142774
0.017859024688562125,1.2263362662530986,50.428468547722254
0.013643107973090547,4.394901972628299,62.423558056696464
0.013879890737026567,6.420791389906512,62.104102964276876
0.010562756872019716,6.685540513841804,51.818738847889925
0.015262415415970999,2.0712190637508714,96.37617052515847
0.010178753065780958,7.957371160439125,86.76588625446169
0.0265878650364664,2.5374259222293043,50.55618994680619
0.011747501945379034,1.7514137342729477,64.64762963966263
0.01638949538108187,3.87065368747479,65.82817818657074
0.011415195167130247,4.848816234544918,53.254398216179766
0.012630032230450885,4.441731816853655,68.10883402957603
0.010175358862039064,1.2481855728625684,68.4464227480344
0.010245001791120768,4.643658837620566,61.738134303810014
0.02039772707435923,2.7766965843305953,83.77035866816588
0.011445650674523182,6.1549485507779345,63.61765351090126
0.010336033879889437,1.8734319104389043,53.75231561338403
0.010762573872002709,7.993390214027049,91.42471493082067
0.011834643327845985,5.745575430001585,55.528122833958584
0.011743060669333713,6.675300172506414,56.15398153347296
0.010261878796892344,5.931025167892871,53.91868864344229
0.011909272289697119,7.424218773448118,95.40004658649282
0.015545691362424868,4.938918300085355,85.52792243760447
0.012347793672569435,6.749994710958267,98.3010612835326
0.013695453791255155,1.4296906781176357,56.09241991658982
0.013620455272802354,3.611859893272136,86.51851681706384
0.020184282990665936,5.050499250554319,76.13509703146943
0.010798534568264987,6.215872527755463,54.34826520262288
0.013154156706778754,6.9633089649643924,71.181651017042
0.015059284529418458,5.497035504891319,52.583326711924165
0.011164341910160153,4.4802806217639315,79.27749636413253
0.02422117621563038,5.929377506241483,76.07111151482165
0.010478998934849071,2.1294871466124845,63.37704118142774
0.017859024688562125,1.2263362662530986,50.428468547722254
0.014750690445115386,5.187900482741219,62.08979547659563
0.013879890737026567,6.420791389906512,62.104102964276876
0.01109570334395077,6.680916658696641,53.776245296233355
0.015262415415970999,2.0712190637508714,96.37617052515847
0.010178753065780958,7.957371160439125,86.76588625446169
0.0265878650364664,2.5374259222293043,50.55618994680619
0.011058074922630348,0.7899838806019708,65.45651873761271
0.018552693247624423,2.447252414345284,58.53558687889901
0.011415195167130247,4.848816234544918,53.254398216179766
0.013167759925201554,3.689691019518056,75.50370990403457
0.010175358862039064,1.2481855728625684,68.4464227480344
0.010245001791120768,4.643658837620566,61.738134303810014
0.020459526970378446,2.814437166679095,84.58200376451717
0.011445650674523182,6.1549485507779345,63.61765351090126
0.010336033879889437,1.8734319104389043,53.75231561338403
0.010762573872002709,7.993390214027049,91.42471493082067
0.011689088024560597,5.757692362970131,55.168891238316306
0.011933332645113953,6.8222835664386015,56.990595673218145
0.010261878796892344,5.931025167892871,53.91868864344229
0.011909272289697119,7.424218773448118,95.40004658649282
0.015545691362424868,4.938918300085355,85.52792243760447
0.012347793672569435,6.749994710958267,98.3010612835326
0.013695453791255155,1.4296906781176357,56.09241991658982
0.013620455272802354,3.611859893272136,86.51851681706384
0.01935512603855233,5.119523456353713,74.08873136685568
0.01071450869780845,6.354696935729115,54.29767555659863
0.013154156706778754,6.9633089649643924,71.181651017042
0.0140866769579326,4.6508998559399455,55.7423771075881
0.016234683096015085,3.841585031884046,69.83563138641227
0.024233219308865073,5.928998274166873,76.09052559449293
0.010478998934849071,2.1294871466124845,63.37704118142774
0.017859024688562125,1.2263362662530986,50.428468547722254
0.013943108479785797,4.247743431551768,57.60245868937775
0.01563061027327039,6.212270598019505,66.97907827907987
0.01117341981787136,6.23525772628164,53.649305850384884
0.015262415415970999,2.0712190637508714,96.37617052515847
0.010178753065780958,7.957371160439125,86.76588625446169
0.0265878650364664,2.5374259222293043,50.55618994680619
0.011058074922630348,0.7899838806019708,65.45651873761271
0.018552693247624423,2.447252414345284,58.53558687889901
0.010909792345907688,3.4553566568117544,53.487587508881546
0.013167759925201554,3.689691019518056,75.50370990403457
0.01070762184610908,1.6824599054905143,69.70171327955218
0.010245001791120768,4.643658837620566,61.738134303810014
0.02229809896253952,1.5207388544608849,91.284178974333
0.010206441085159446,6.753554282372561,62.008690127148604
0.010336033879889437,1.8734319104389043,53.75231561338403
0.010762573872002709,7.993390214027049,91.42471493082067
0.011626874158465333,5.4865202305860965,54.7048676069202
0.012032063820762596,6.898552513687635,57.424710561880055
0.010318002554514085,4.948359071122542,56.36359444692271
0.011909272289697119,7.424218773448118,95.40004658649282
0.015545691362424868,4.938918300085355,85.52792243760447
0.012347793672569435,6.749994710958267,98.3010612835326
0.013807704377524741,1.1784771469509598,54.74014128985071
0.013620455272802354,3.611859893272136,86.51851681706384
0.024471094954790336,3.537379761214253,67.02102274779986
0.010762122292836962,6.355834395442379,54.665817605406474
0.012863700663140215,6.406039819524607,70.91494490844615
0.013363535213884482,3.9195908348077158,50.4793728043729
0.019027016812829596,3.7657205196565133,88.66055287735978
0.024710896448806714,6.281412072593647,78.0136200001887
0.010478998934849071,2.1294871466124845,63.37704118142774
0.017859024688562125,1.2263362662530986,50.428468547722254
0.016057620941399346,3.116852245541483,60.247697297630395
0.013752126605236045,7.534052481582866,60.13141241360273
0.01117341981787136,6.23525772628164,53.649305850384884
0.015233920448456287,2.1167087870015404,96.36787543637904
0.010178753065780958,7.957371160439125,86.76588625446169
0.02693652431829256,2.551670943178468,50.48762174247285
0.011058074922630348,0.7899838806019708,65.45651873761271
0.022973046844532725,3.424715522739266,54.45359568081534
0.010926064478564269,3.5002209871010237,53.48007966178295
0.01323905165965144,3.6809301244737362,75.38362693606094
0.010802635468227108,1.4404949023012363,68.550770865152
0.010245001791120768,4.643658837620566,61.738134303810014
0.01998939390332922,2.1120155362448907,80.39617316620085
0.010206441085159446,6.753554282372561,62.008690127148604
0.010472105813060337,2.2765957098639014,54.04695067138992
0.010762573872002709,7.993390214027049,91.42471493082067
0.011912579436899981,5.987243711012895,71.98233396673459
0.012032063820762596,6.898552513687635,57.424710561880055
0.010318002554514085,4.948359071122542,56.36359444692271
0.011909272289697119,7.424218773448118,95.40004658649282
0.016585821464293337,3.2696524466024357,69.74636681934393
0.012347793672569435,6.749994710958267,98.3010612835326
0.013807704377524741,1.1784771469509598,54.74014128985071
0.013620455272802354,3.611859893272136,86.51851681706384
0.024471094954790336,3.537379761214253,67.02102274779986
0.010762122292836962,6.355834395442379,54.665817605406474
0.012863700663140215,6.406039819524607,70.91494490844615
0.013363535213884482,3.9195908348077158,50.4793728043729
0.017151668338182553,3.8443781880216874,96.11482865414592
0.024840339136436386,7.762616010811627,83.9473250349146
0.010478998934849071,2.1294871466124845,63.37704118142774
0.016577478034037516,1.6888609115828683,51.009326428130734
0.01573464842290454,3.2016877659066205,60.3305119773984
0.013752126605236045,7.534052481582866,60.13141241360273
0.01117341981787136,6.23525772628164,53.649305850384884
0.016739797862979904,0.37684126369060333,99.22819984286726
0.010178753065780958,7.957371160439125,86.76588625446169
0.021417777659436456,1.974443994444088,52.27518362158255
0.011154937005638993,0.24572780479342704,66.64661801084726
0.0223275200994438,3.147221103937479,53.94551668984712
0.010912680409860015,3.7333502813120982,53.57688206826724
0.01323905165965144,3.6809301244737362,75.38362693606094
0.01228916013722707,2.003325789904628,75.00445487031412
0.010245001791120768,4.643658837620566,61.738134303810014
0.019547018670441826,1.9161538651103973,85.4006572433204
0.010206441085159446,6.753554282372561,62.008690127148604
0.010472105813060337,2.2765957098639014,54.04695067138992
0.010762573872002709,7.993390214027049,91.42471493082067
0.012832473853519391,5.6925221610843595,85.82845313622173
0.012032063820762596,6.898552513687635,57.424710561880055
0.010318002554514085,4.948359071122542,56.36359444692271
0.012030707862716858,7.131571209605697,91.64902765419572
0.013997985035923428,5.368869503557356,79.38016961763712
0.012347793672569435,6.749994710958267,98.3010612835326
0.013807704377524741,1.1784771469509598,54.74014128985071
0.01023130811616059,4.581561367508228,87.15777271321883
0.027656014015503792,4.025979706353551,66.66457263417624
0.010762122292836962,6.355834395442379,54.665817605406474
0.01417478764064367,5.726807264295392,68.05802085953225
0.013077077642252752,3.7284135679002466,51.76745007006792
0.017151668338182553,3.8443781880216874,96.11482865414592
0.022739670994143375,7.797051875286683,85.06309266186298
0.010486654557767124,1.9996060429148494,63.415475516388234
0.016577478034037516,1.6888609115828683,51.009326428130734
0.01573464842290454,3.2016877659066205,60.3305119773984
0.013752126605236045,7.534052481582866,60.13141241360273
0.011172911714410849,6.070601999562183,54.0066096634108
0.016739797862979904,0.37684126369060333,99.22819984286726
0.01147940596004281,7.442394161087084,83.25212156157752
0.021417777659436456,1.974443994444088,52.27518362158255
0.011154937005638993,0.24572780479342704,66.64661801084726
0.0223275200994438,3.147221103937479,53.94551668984712
0.010912680409860015,3.7333502813120982,53.57688206826724
0.014857803805859823,2.9785614707095567,85.92392163997278
0.01228916013722707,2.003325789904628,75.00445487031412
0.01011191342934563,4.339504223862353,63.14690619619918
0.021093544495694408,0.8777560229157402,82.62941339272855
0.010206441085159446,6.753554282372561,62.008690127148604
0.010472105813060337,2.2765957098639014,54.04695067138992
0.010762573872002709,7.993390214027049,91.42471493082067
0.012889920897953811,5.717057857967046,85.7990949604967
0.012032063820762596,6.898552513687635,57.424710561880055
0.010318002554514085,4.948359071122542,56.36359444692271
0.012497146787286898,6.82596850271441,86.51686608441157
0.016054916032155447,4.617671290232736,88.80428155683666
0.012347793672569435,6.749994710958267,98.3010612835326
0.01381492334636478,0.3529546689555616,54.03987179994739
0.01023130811616059,4.581561367508228,87.15777271321883
0.027656014015503792,4.025979706353551,66.66457263417624
0.010940116053121587,6.232244098245358,54.38018488400935
0.014408535468944723,4.727331066209132,72.44174056589674
0.013077077642252752,3.7284135679002466,51.76745007006792
0.015433836955643454,3.441180234286673,85.2959283558391
0.022739670994143375,7.797051875286683,85.06309266186298
0.010288181312136668,0.8222284773155852,66.13662476119164
0.016577478034037516,1.6888609115828683,51.009326428130734
0.01573464842290454,3.2016877659066205,60.3305119773984
0.013752126605236045,7.534052481582866,60.13141241360273
0.011203201717648189,6.049570079700412,53.95800225131964
0.016739797862979904,0.37684126369060333,99.22819984286726
0.01129566044037481,6.42123850754095,80.6120688565812
0.021417777659436456,1.974443994444088,52.27518362158255
0.011154937005638993,0.24572780479342704,66.64661801084726
0.0223275200994438,3.147221103937479,53.94551668984712
0.010912680409860015,3.7333502813120982,53.57688206826724
0.014857803805859823,2.9785614707095567,85.92392163997278
0.01228916013722707,2.003325789904628,75.00445487031412
0.010159230948611288,4.47929569001407,61.58947571985069
0.021093544495694408,0.8777560229157402,82.62941339272855
0.01019760690686692,6.7913332897033705,62.11416159144592
0.010472105813060337,2.2765957098639014,54.04695067138992
0.010762573872002709,7.993390214027049,91.42471493082067
0.012889920897953811,5.717057857967046,85.7990949604967
0.012032063820762596,6.898552513687635,57.424710561880055
0.010318002554514085,4.948359071122542,56.36359444692271
0.011719691404937938,7.3085328388209,86.01701256713523
0.017923893022033816,4.66153740741921,97.43158189133106
0.012347793672569435,6.749994710958267,98.3010612835326
0.01381492334636478,0.3529546689555616,54.03987179994739
0.01023130811616059,4.581561367508228,87.15777271321883
0.022231535629172513,5.299913988877865,74.61504664004674
0.010940116053121587,6.232244098245358,54.38018488400935
0.016319756613437732,3.6873176737747007,67.42537979224261
0.013077077642252752,3.7284135679002466,51.76745007006792
0.013711457455480719,2.5645516507524606,78.88283077701907
0.022739670994143375,7.797051875286683,85.06309266186298
0.010288181312136668,0.8222284773155852,66.13662476119164
0.016577478034037516,1.6888609115828683,51.009326428130734
0.015740297576366157,3.1992379615304665,60.354018668778416
0.014459384393268496,7.945956239532381,61.84436693699996
0.011203201717648189,6.049570079700412,53.95800225131964
0.016709033344500693,0.6255086813786419,90.08926449602896
0.010638823369296509,7.4141262176268405,91.2475420630433
0.021417777659436456,1.974443994444088,52.27518362158255
0.011154937005638993,0.24572780479342704,66.64661801084726
0.0223275200994438,3.147221103937479,53.94551668984712
0.010912680409860015,3.7333502813120982,53.57688206826724
0.012542506228627185,4.872837945801194,74.09466185767519
0.011680412636489213,4.391947272037094,81.55226189635857
0.010159230948611288,4.47929569001407,61.58947571985069
0.017626050047567864,3.2494739842795792,89.75343032761792
0.01019760690686692,6.7913332897033705,62.11416159144592
0.010472105813060337,2.2765957098639014,54.04695067138992
0.010762573872002709,7.993390214027049,91.42471493082067
0.012529870296271586,5.988494557715828,86.67054394595039
0.011960870292146202,6.8256307876468645,57.12694426711858
0.010544323667172104,4.886783239653241,56.05920106749495
0.012175153296911621,6.781637237248205,82.73472205503685
0.017923893022033816,4.66153740741921,97.43158189133106
0.012719303301981039,6.605620493658829,99.83441169145547
0.01381492334636478,0.3529546689555616,54.03987179994739
0.01023130811616059,4.581561367508228,87.15777271321883
0.022231535629172513,5.299913988877865,74.61504664004674
0.010940116053121587,6.232244098245358,54.38018488400935
0.016319756613437732,3.6873176737747007,67.42537979224261
0.014816477227113784,3.724446219794899,50.313315302475935
0.0138676480601889,3.7321115966450433,75.16168986290751
0.02477160227010778,7.763742801552952,83.98383454761832
0.010288181312136668,0.8222284773155852,66.13662476119164
0.016577478034037516,1.6888609115828683,51.009326428130734
0.015647696668016728,3.1372254411999148,58.78165047181967
0.014428351212513896,7.923493936277408,61.80329711779909
0.011203201717648189,6.049570079700412,53.95800225131964
0.016709033344500693,0.6255086813786419,90.08926449602896
0.010955650915610526,7.239973618630667,89.60649724625381
0.018031664984961376,3.3504562611671753,52.95546627646363
0.011154937005638993,0.24572780479342704,66.64661801084726
0.02106791774927396,3.054719756789099,53.956293747354515
0.010501599475015002,4.212157954851326,53.511303046839096
0.011199820552534406,5.550915688251876,88.13656186392654
0.011680412636489213,4.391947272037094,81.55226189635857
0.010159230948611288,4.47929569001407,61.58947571985069
0.015765753498265336,1.835617844155871,72.320840203714
0.01019760690686692,6.7913332897033705,62.11416159144592
0.010472105813060337,2.2765957098639014,54.04695067138992
0.010783226992153498,7.913115792910246,91.24982496687636
0.01283370634470192,5.687656013420945,81.83952706503734
0.01232448766931693,7.936691823074537,57.87920509058286
0.010544323667172104,4.886783239653241,56.05920106749495
0.013010997768403034,6.47338294039277,84.87158850400269
0.017923893022033816,4.66153740741921,97.43158189133106
0.012719303301981039,6.605620493658829,99.83441169145547
0.01381492334636478,0.3529546689555616,54.03987179994739
0.013190355852979804,2.7744225440807035,88.49688850150169
0.023994831459848973,5.561227859861984,65.27529746670575
0.011017149670083553,6.168312891518682,54.40965739886642
0.017396037470436297,4.001285627304915,60.178349709545415
0.014816477227113784,3.724446219794899,50.313315302475935
0.014635748450602816,3.4652391415641914,79.57673557209708
0.023814185591495982,7.33000604708159,85.8640396103916
0.010288181312136668,0.8222284773155852,66.13662476119164
0.01659610990940484,1.5382607863961475,56.54412797190933
0.015489360695774342,3.2413240914962156,58.63361045080924
0.014428351212513896,7.923493936277408,61.80329711779909
0.011203201717648189,6.049570079700412,53.95800225131964
0.016938118067380544,0.13419377900923202,95.99741517685182
0.010886369553742097,7.512221915201772,90.37641703889001
0.017929296869182633,3.390919713200115,52.97049567835522
0.011049322941531308,3.103274277362271,75.97835384893501
0.02106791774927396,3.054719756789099,53.956293747354515
0.010625709687599164,6.010378565505686,71.54158365299935
0.013294116435201397,4.423296407348201,73.73224167860552
0.01285638171995789,4.023197262095483,80.76617258975068
0.010159230948611288,4.47929569001407,61.58947571985069
0.015765753498265336,1.835617844155871,72.320840203714
0.01019760690686692,6.7913332897033705,62.11416159144592
0.010472105813060337,2.2765957098639014,54.04695067138992
0.010783226992153498,7.913115792910246,91.24982496687636
0.01275802631176932,5.68132233186155,82.13119971635862
0.01232448766931693,7.936691823074537,57.87920509058286
0.010544323667172104,4.886783239653241,56.05920106749495
0.013010997768403034,6.47338294039277,84.87158850400269
0.017923893022033816,4.66153740741921,97.43158189133106
0.012719303301981039,6.605620493658829,99.83441169145547
0.01381492334636478,0.3529546689555616,54.03987179994739
0.013190355852979804,2.7744225440807035,88.49688850150169
0.019314942722891706,5.557456091621901,73.63700770987509
0.010443599174723747,6.543692288090467,53.86794540195899
0.018206890685400504,3.997371868092406,56.501043920495476
0.014816477227113784,3.724446219794899,50.313315302475935
0.014635748450602816,3.4652391415641914,79.57673557209708
0.023814185591495982,7.33000604708159,85.8640396103916
0.010288181312136668,0.8222284773155852,66.13662476119164
0.01659610990940484,1.5382607863961475,56.54412797190933
0.015489360695774342,3.2413240914962156,58.63361045080924
0.014428351212513896,7.923493936277408,61.80329711779909
0.011203201717648189,6.049570079700412,53.95800225131964
0.016938118067380544,0.13419377900923202,95.99741517685182
0.010886369553742097,7.512221915201772,90.37641703889001
0.02098745916031394,2.1821077483145483,52.521504800937265
0.011001548959041159,2.188552392878397,82.81490349014328
0.01996240008124176,2.8257662413132407,55.20544962577537
0.010625709687599164,6.010378565505686,71.54158365299935
0.0104872526168388,5.095740751321025,81.53067753462908
0.010867986865965917,4.032794681868012,89.78375527001984
0.010159230948611288,4.47929569001407,61.58947571985069
0.014892530363464515,1.2956496365383663,60.28942585373074
0.01019760690686692,6.7913332897033705,62.11416159144592
0.010472105813060337,2.2765957098639014,54.04695067138992
0.012227589128560113,6.850984094848961,92.45302580845312
0.011564509736851157,5.129282436425218,72.69725643063808
0.01232448766931693,7.936691823074537,57.87920509058286
0.010753299798578716,4.949199617898959,55.11601987373922
0.012629301261395734,6.443116869581159,84.83652337999601
0.017548631231354497,2.9380821005076023,96.88562769877659
0.012719303301981039,6.605620493658829,99.83441169145547
0.01381492334636478,0.3529546689555616,54.03987179994739
0.013190355852979804,2.7744225440807035,88.49688850150169
0.01706181513087898,6.0981677841998705,68.31341449158712
0.010160774361773678,6.751381203261378,52.13349290693968
0.018206890685400504,3.997371868092406,56.501043920495476
0.014707195159962584,3.7329803567070243,51.40573566481578
0.014635748450602816,3.4652391415641914,79.57673557209708
0.022545419483554985,7.117296934729902,85.45148985527393
0.010288181312136668,0.8222284773155852,66.13662476119164
0.018562952382591858,1.3011302319308926,57.34614480607048
0.015479849551612641,3.2896968227937062,58.162609707732955
0.013712627771638246,6.901914883208174,60.40009827477121
0.011004520430633175,5.0242334597444165,53.98217471141224
0.016938118067380544,0.13419377900923202,95.99741517685182
0.010886369553742097,7.512221915201772,90.37641703889001
0.023079281263622773,1.7383316828352275,50.76973326181839
0.011028383137160876,2.186564504141243,82.7557961279154
0.01996240008124176,2.8257662413132407,55.20544962577537
0.010625709687599164,6.010378565505686,71.54158365299935
0.0104872526168388,5.095740751321025,81.53067753462908
0.010867986865965917,4.032794681868012,89.78375527001984
0.01020902794363914,4.572878262832262,64.61675112206942
0.013805392338113303,2.3382100530352594,58.525836595803874
0.012497745295341176,4.098886211830014,61.22018648025609
0.010472105813060337,2.2765957098639014,54.04695067138992
0.012227589128560113,6.850984094848961,92.45302580845312
0.01132203004056392,3.6086463276550518,62.18744285124743
0.01232448766931693,7.936691823074537,57.87920509058286
0.012972240496094202,3.001632291366067,67.66328963377268
0.012001646399262409,7.870649253968592,91.64409982002053
0.01759339609060799,2.9051636413664097,96.92291828883654
0.012719303301981039,6.605620493658829,99.83441169145547
0.01381492334636478,0.3529546689555616,54.03987179994739
0.012514122879051877,2.6505756147476216,79.92660115914268
0.01706181513087898,6.0981677841998705,68.31341449158712
0.010160774361773678,6.751381203261378,52.13349290693968
0.01583286673554184,4.40192301009023,62.28966048643879
0.014707195159962584,3.7329803567070243,51.40573566481578
0.013836263480498042,3.9726658365466143,77.97476023682242
0.022545419483554985,7.117296934729902,85.45148985527393
0.010288181312136668,0.8222284773155852,66.13662476119164
0.018562952382591858,1.3011302319308926,57.34614480607048
0.018092848767528393,2.276957256650377,60.603429828953914
0.013712627771638246,6.901914883208174,60.40009827477121
0.011004520430633175,5.0242334597444165,53.98217471141224
0.016178615707363123,0.18739232313961904,85.79412781828195
0.010852234116995438,7.315543848011979,87.90984911958711
0.023079281263622773,1.7383316828352275,50.76973326181839
0.010987824581544946,2.1931287401909074,80.66261480509165
0.022091156975149254,2.334917700151198,55.226122025393586
0.010625709687599164,6.010378565505686,71.54158365299935
0.010083386406189488,5.8151986243953,90.88895516798549
0.010784017006521176,3.9160994386404995,89.3278892761696
0.01020902794363914,4.572878262832262,64.61675112206942
0.013794981642125278,2.3508160884239864,58.50757713837164
0.011879505436854941,2.6724568386715006,61.63752002979461
0.010472105813060337,2.2765957098639014,54.04695067138992
0.011554217721038429,6.091031242268722,83.1671287022605
0.01132203004056392,3.6086463276550518,62.18744285124743
0.01232448766931693,7.936691823074537,57.87920509058286
0.01184601939916265,4.577826319839969,59.525972391326206
0.011926437630034,7.616039902247282,91.52068161566822
0.014870966223590121,2.6648655993715025,80.53167312543552
0.012719303301981039,6.605620493658829,99.83441169145547
0.01381492334636478,0.3529546689555616,54.03987179994739
0.012514122879051877,2.6505756147476216,79.92660115914268
0.015604619523234178,4.994811488732453,68.0817622607732
0.010160774361773678,6.751381203261378,52.13349290693968
0.01583286673554184,4.40192301009023,62.28966048643879
0.018502119075468604,2.8288401147428233,51.11744661719133
0.013836263480498042,3.9726658365466143,77.97476023682242
0.0206420923555459,5.098565853939379,69.2892191076972
0.010273532393666188,0.7827468715526189,66.19258192613574
0.018562952382591858,1.3011302319308926,57.34614480607048
0.01552396865487712,2.2768353826605154,58.39330294007837
0.013712627771638246,6.901914883208174,60.40009827477121
0.011004520430633175,5.0242334597444165,53.98217471141224
0.014883323189466374,0.32699128400078364,81.47148963543148
0.010852234116995438,7.315543848011979,87.90984911958711
0.023079281263622773,1.7383316828352275,50.76973326181839
0.010987824581544946,2.1931287401909074,80.66261480509165
0.022091156975149254,2.334917700151198,55.226122025393586
0.010625709687599164,6.010378565505686,71.54158365299935
0.010083386406189488,5.8151986243953,90.88895516798549
0.011079865741843341,3.1141845749578017,88.66871257216944
0.01020902794363914,4.572878262832262,64.61675112206942
0.013303898652521655,3.54162011037723,63.99485562099796
0.012673261501183832,4.503844688775049,61.101706896352844
0.010509658365454665,2.7743891180664484,57.39223765748302
0.012158854206060872,6.318184481424359,76.78938910257199
0.01097207669080312,2.466126758860836,63.61585489943212
0.01232448766931693,7.936691823074537,57.87920509058286
0.01184601939916265,4.577826319839969,59.525972391326206
0.011618623376372435,6.750674806279053,78.98714010693746
0.01498619047784106,2.7263452673869315,80.88589623191127
0.011823830557589564,5.361157177876583,94.97295812600717
0.013957080552724923,0.6381906330085969,54.62104118211296
0.012064875102742628,2.160521877298609,77.20835639097172
0.015604619523234178,4.994811488732453,68.0817622607732
0.01007878436398957,6.751420931303469,50.623233303664506
0.01583286673554184,4.40192301009023,62.28966048643879
0.018502119075468604,2.8288401147428233,51.11744661719133
0.012732934183076111,2.806426604862618,74.3891378367676
0.02185620599864191,4.924015099980711,68.21580132125094
0.01028316134755874,0.2169719459771029,66.42781534256599
0.015116981644051189,3.5364322355748037,55.20828889893581
0.01527537359235451,2.427957723897521,58.150666086331924
0.013712627771638246,6.901914883208174,60.40009827477121
0.01071266538806855,5.201653786948947,53.69731471234659
0.014773050779227038,0.5320482715164436,79.14475131898794
0.010852234116995438,7.315543848011979,87.90984911958711
0.023079281263622773,1.7383316828352275,50.76973326181839
0.010799162310168201,2.2236629558249676,70.92596770880783
0.022091156975149254,2.334917700151198,55.226122025393586
0.010625709687599164,6.010378565505686,71.54158365299935
0.01019043876106993,5.051541031349558,82.47671408028708
0.010410651284324236,1.0637071195172698,97.79244754548999
0.01020902794363914,4.572878262832262,64.61675112206942
0.014844618981391363,4.252238029519008,64.24527530395798
0.012353717854310414,4.738956360145192,62.73096788481472
0.010509658365454665,2.7743891180664484,57.39223765748302
0.01204737335631722,6.078634205649026,75.47819799205479
0.012204827432433491,1.711223341969938,59.90116513895948
0.01232448766931693,7.936691823074537,57.87920509058286
0.011960565730628906,4.4433575019490466,58.39810773753608
0.011474659182053946,6.504522594024967,74.96837832726176
0.013121910546430225,2.281070861344001,87.80214399118378
0.011538790942478587,5.22201279168151,89.61458089409045
0.013957080552724923,0.6381906330085969,54.62104118211296
0.012064875102742628,2.160521877298609,77.20835639097172
0.016852057085575366,5.714167549457827,67.34344152383126
0.01007878436398957,6.751420931303469,50.623233303664506
0.01583286673554184,4.40192301009023,62.28966048643879
0.018502119075468604,2.8288401147428233,51.11744661719133
0.012732934183076111,2.806426604862618,74.3891378367676
0.018539544864901326,3.5750470838362043,67.70339133909275
0.01028316134755874,0.2169719459771029,66.42781534256599
0.015116981644051189,3.5364322355748037,55.20828889893581
0.016665194872824658,2.305140157646255,56.83617366261999
0.014785284787360665,7.211710174148845,56.5286018076904
0.01071266538806855,5.201653786948947,53.69731471234659
0.014172021164129581,2.3496081480475475,73.92486418895407
0.010852234116995438,7.315543848011979,87.90984911958711
0.023079281263622773,1.7383316828352275,50.76973326181839
0.010745265971228208,1.8821030291729492,70.6034330800114
0.022091156975149254,2.334917700151198,55.226122025393586
0.010625709687599164,6.010378565505686,71.54158365299935
0.010286922819669485,5.034970981627226,82.09876498421016
0.010410651284324236,1.0637071195172698,97.79244754548999
0.01020902794363914,4.572878262832262,64.61675112206942
0.014844618981391363,4.252238029519008,64.24527530395798
0.012353717854310414,4.738956360145192,62.73096788481472
0.010509658365454665,2.7743891180664484,57.39223765748302
0.0120459442638867,6.051713050502398,75.19701269869134
0.01224933570795534,0.49531284865537817,55.61630725403984
0.012298489581872513,7.922970163487322,57.795204061344926
0.012105185354173143,4.270857287498157,59.09084007307132
0.01315490238537194,5.844610971567953,71.84382702834378
0.013121910546430225,2.281070861344001,87.80214399118378
0.011538790942478587,5.22201279168151,89.61458089409045
0.013957080552724923,0.6381906330085969,54.62104118211296
0.010663693687970526,2.116473537881584,83.4133867462417
0.01776784126459493,5.808910085721527,65.28519088735831
0.01007878436398957,6.751420931303469,50.623233303664506
0.017486039384617284,3.511316576545264,56.39164066747183
0.01746593962796364,2.73467074148957,55.38672108817717
0.012732934183076111,2.806426604862618,74.3891378367676
0.017788739911236764,3.8788125231537616,70.5039668023862
0.01028316134755874,0.2169719459771029,66.42781534256599
0.01513285095073524,3.54477003386195,55.064699090785645
0.016665194872824658,2.305140157646255,56.83617366261999
0.014609668027156682,7.3389586302283,55.60964856126135
0.01076819527114747,5.865599898414267,52.68661746410758
0.014172021164129581,2.3496081480475475,73.92486418895407
0.010852234116995438,7.315543848011979,87.90984911958711
0.023167978207556304,1.7154741439118837,50.55251066112693
0.010758943367971825,1.9155550143600972,69.49208037355054
0.022091156975149254,2.334917700151198,55.226122025393586
0.010038791541596287,6.247453932846858,73.06350767350887
0.010155069373785835,6.056318376386589,81.63870444359799
0.010410651284324236,1.0637071195172698,97.79244754548999
0.01269073910703642,3.701173575975366,61.62594463416641
0.013679347367778606,4.830547551344391,69.01280323981307
0.012072452112697817,4.783469333905177,62.3287103995266
0.010509658365454665,2.7743891180664484,57.39223765748302
0.011905080899244283,5.007973355985795,84.90329961412638
0.01224933570795534,0.49531284865537817,55.61630725403984
0.012298489581872513,7.922970163487322,57.795204061344926
0.012105185354173143,4.270857287498157,59.09084007307132
0.011750886759082967,7.477116826908647,83.75422663749967
0.012344799665340682,2.015018187568147,90.68260107791653
0.011538790942478587,5.22201279168151,89.61458089409045
0.013957080552724923,0.6381906330085969,54.62104118211296
0.010663693687970526,2.116473537881584,83.4133867462417
0.01776784126459493,5.808910085721527,65.28519088735831
0.010096014305022856,6.739547828924078,51.37410925670511
0.020609328774763992,3.070445028928156,54.8249040829629
0.014333823124690323,4.390490222203589,67.32789778771551
0.013022748985287092,1.428045958654148,71.62537990394155
0.02062424948875847,3.977615358894824,75.44192539719381
0.01028316134755874,0.2169719459771029,66.42781534256599
0.01513285095073524,3.54477003386195,55.064699090785645
0.016665194872824658,2.305140157646255,56.83617366261999
0.014609668027156682,7.3389586302283,55.60964856126135
0.010589468172556538,5.949147710080359,52.61456608965736
0.01426330540603201,2.32063121540455,73.89541435823925
0.010773560469253892,6.272652732815613,80.90137930441637
0.023167978207556304,1.7154741439118837,50.55251066112693
0.010491444338171813,2.170463330254476,71.98253590503512
0.0230689222716882,1.7769692317246832,54.969607721595274
0.01092687298576318,5.719098573863575,70.88869375062964
0.014985142064366186,4.676786382782019,69.2502032705298
0.010410651284324236,1.0637071195172698,97.79244754548999
0.01269073910703642,3.701173575975366,61.62594463416641
0.014534926924863358,5.80795116407959,75.40567437496031
0.012072452112697817,4.783469333905177,62.3287103995266
0.010464821409940763,2.1800342879520995,53.39803555367756
0.011958416897584177,5.002639781469434,84.425617426433
0.013580551843204634,1.777099431199992,57.9487093455871
0.012298489581872513,7.922970163487322,57.795204061344926
0.011696010108864873,3.738287808147152,62.35961911021456
0.011750886759082967,7.477116826908647,83.75422663749967
0.011449667408843605,1.8724259224423077,98.51513032706417
0.012034578907170709,5.07451578433371,85.66132793071871
0.013957080552724923,0.6381906330085969,54.62104118211296
0.010663693687970526,2.116473537881584,83.4133867462417
0.018875136672966177,6.384435578544705,62.459620638417306
0.010096014305022856,6.739547828924078,51.37410925670511
0.026073146285574757,4.075826817709637,52.39661505622574
0.014333823124690323,4.390490222203589,67.32789778771551
0.013022748985287092,1.428045958654148,71.62537990394155
0.019426753939100917,3.603506735417996,72.46791239647678
0.010753068421717034,0.5292079707628923,64.95980498040137
0.014591992175377997,3.080032076669116,52.96683837093125
0.013770127931049252,2.214129179380409,69.65676781614495
0.014609668027156682,7.3389586302283,55.60964856126135
0.010496712634757268,6.013280025881892,50.45915214262056
0.01426330540603201,2.32063121540455,73.89541435823925
0.010773560469253892,6.272652732815613,80.90137930441637
0.023167978207556304,1.7154741439118837,50.55251066112693
0.010491444338171813,2.170463330254476,71.98253590503512
0.02077289732168086,3.286613706460276,55.14332867788961
0.010897192874568038,5.826262355166682,72.82707182545818
0.014004169265172898,6.753465540255783,73.67070922978722
0.010410651284324236,1.0637071195172698,97.79244754548999
0.01337123385656826,2.894887275488703,57.37609140790073
0.010955845466063735,7.504606048177159,85.70927324492388
0.012072452112697817,4.783469333905177,62.3287103995266
0.010464821409940763,2.1800342879520995,53.39803555367756
0.011717591429402673,3.5208983059652783,91.09513477404474
0.01653539176919748,1.3949713787875375,62.26439483202943
0.012172870746255896,7.529539700577765,57.49396788546621
0.011696010108864873,3.738287808147152,62.35961911021456
0.011750886759082967,7.477116826908647,83.75422663749967
0.011449667408843605,1.8724259224423077,98.51513032706417
0.012034578907170709,5.07451578433371,85.66132793071871
0.013957080552724923,0.6381906330085969,54.62104118211296
0.010663693687970526,2.116473537881584,83.4133867462417
0.018875136672966177,6.384435578544705,62.459620638417306
0.010769871428822537,6.366022436471702,53.9109330047048
0.024064397753851878,4.574927764509551,53.133240742705624
0.014333823124690323,4.390490222203589,67.32789778771551
0.013022748985287092,1.428045958654148,71.62537990394155
0.018518123365056025,2.909459213532976,69.2613863796511
0.011100212555797111,0.8428748165697035,63.95427582391907
0.014591992175377997,3.080032076669116,52.96683837093125
0.014134728109461708,1.2638285110343945,67.11128881502937
0.014609668027156682,7.3389586302283,55.60964856126135
0.010496712634757268,6.013280025881892,50.45915214262056
0.01605126516008669,1.477634212701072,61.815342454336424
0.010773560469253892,6.272652732815613,80.90137930441637
0.018526741021427106,3.9156413741772687,63.91388473900902
0.010493794449728583,2.1696184638258345,73.62306352369099
0.02071489991899366,3.3812861419384728,55.36692164326133
0.010897192874568038,5.826262355166682,72.82707182545818
0.014004169265172898,6.753465540255783,73.67070922978722
0.015298252457314466,2.3206109430497053,81.80589088565672
0.01337123385656826,2.894887275488703,57.37609140790073
0.010955845466063735,7.504606048177159,85.70927324492388
0.012220255959698592,4.668113493741538,63.442071076929594
0.010464821409940763,2.1800342879520995,53.39803555367756
0.012594650077134515,3.8717853828268214,87.58624667760073
0.01653539176919748,1.3949713787875375,62.26439483202943
0.012165857678743402,7.405040318811627,58.92239344515821
0.011841910365388257,3.461524156657614,63.807367663684985
0.011750886759082967,7.477116826908647,83.75422663749967
0.011419556937333241,1.3121701298804327,99.9906589398796
0.012496953593151758,4.93695923332317,81.9745016507025
0.013957080552724923,0.6381906330085969,54.62104118211296
0.010382216954392468,1.7951400667750699,88.0972775072537
0.017989452182474736,4.845456964316448,62.25754799006916
0.011025786891492003,6.430866865023233,54.024149308346665
0.024064397753851878,4.574927764509551,53.133240742705624
0.014333823124690323,4.390490222203589,67.32789778771551
0.013022748985287092,1.428045958654148,71.62537990394155
0.016015346630189838,4.598749521115959,74.62137976121248
0.011006816639233698,0.5131298016686814,63.972774762568044
0.014591992175377997,3.080032076669116,52.96683837093125
0.014134728109461708,1.2638285110343945,67.11128881502937
0.014609668027156682,7.3389586302283,55.60964856126135
0.010496712634757268,6.013280025881892,50.45915214262056
0.01605126516008669,1.477634212701072,61.815342454336424
0.01094558781470739,6.43382140635075,99.81753061857793
0.018526741021427106,3.9156413741772687,63.91388473900902
0.010533002984362142,2.1573539316769867,75.88242755096506
0.02071489991899366,3.3812861419384728,55.36692164326133
0.010897192874568038,5.826262355166682,72.82707182545818
0.014004169265172898,6.753465540255783,73.67070922978722
0.015298252457314466,2.3206109430497053,81.80589088565672
0.013512665375724106,2.7414568465650215,57.71641703179053
0.010955845466063735,7.504606048177159,85.70927324492388
0.011502226453647374,5.738514485523806,66.62309753408302
0.010464821409940763,2.1800342879520995,53.39803555367756
0.011886207002780556,5.02737598458285,72.43079165791801
0.013577103512969672,1.7775453787808302,57.94367289382652
0.012165857678743402,7.405040318811627,58.92239344515821
0.012612515773866732,3.8206182876024295,63.20961915523525
0.011750886759082967,7.477116826908647,83.75422663749967
0.011419556937333241,1.3121701298804327,99.9906589398796
0.015566949850702998,4.840876188621762,74.32003953957957
0.013601738000307567,0.6231277653063058,55.74740444229792
0.010382216954392468,1.7951400667750699,88.0972775072537
0.017989452182474736,4.845456964316448,62.25754799006916
0.011502125336806853,6.482460694203397,57.166261580921756
0.025049458517874747,4.881348821324067,52.31550891553712
0.015551049427560054,5.1899445043864,60.930237140524696
0.013022748985287092,1.428045958654148,71.62537990394155
0.01744954750471641,4.22720632630204,68.74534027952599
0.011006816639233698,0.5131298016686814,63.972774762568044
0.01400934877613266,2.777272616512836,51.37353907599072
0.014134728109461708,1.2638285110343945,67.11128881502937
0.014582865338077101,7.313041501682302,56.40912995402248
0.010496712634757268,6.013280025881892,50.45915214262056
0.01605126516008669,1.477634212701072,61.815342454336424
0.011145247235600023,6.24000785371505,98.33144084669055
0.01859166132552433,3.85890441839187,64.05151647034083
0.010533002984362142,2.1573539316769867,75.88242755096506
0.020869671820844576,3.3464705120639886,54.73386454721664
0.010906494575150852,6.092430483621547,74.87005709508875
0.016366386741887576,6.171389175599656,64.34174413775375
0.015298252457314466,2.3206109430497053,81.80589088565672
0.01392740633687977,1.6266333645439595,51.586846562347354
0.010441928214554577,7.522375169308958,86.97302166639794
0.011502226453647374,5.738514485523806,66.62309753408302
0.010464821409940763,2.1800342879520995,53.39803555367756
0.011993867512074515,3.0783671776492394,63.42188993303519
0.013577103512969672,1.7775453787808302,57.94367289382652
0.012852441633799231,4.66721276299011,58.44623698061414
0.012612515773866732,3.8206182876024295,63.20961915523525
0.011750886759082967,7.477116826908647,83.75422663749967
0.011419556937333241,1.3121701298804327,99.9906589398796
0.015604730701373875,5.1952442146497475,73.26747319986235
0.013601738000307567,0.6231277653063058,55.74740444229792
0.010402156542410404,1.8880482779582697,79.72135414456694
0.0182558493174918,4.706812782119473,61.56166782619192
0.011674837436298983,7.2038544449941195,53.62476348501991
0.020825401694029924,3.5349408024053925,57.71569932833861
0.01775467815439011,5.616796707374166,62.958621599535306
0.012909165156399883,1.3564356797631298,74.4286774154064
0.01744954750471641,4.22720632630204,68.74534027952599
0.011006816639233698,0.5131298016686814,63.972774762568044
0.01383649470553063,2.8872907299747457,50.489610511355764
0.014083328667443884,1.3859211358403618,66.33501474925136
0.014794405172403668,7.177632448893763,57.35000113539318
0.010496712634757268,6.013280025881892,50.45915214262056
0.01605126516008669,1.477634212701072,61.815342454336424
0.011145247235600023,6.24000785371505,98.33144084669055
0.020398524632111604,2.3020395713747472,67.49612872158345
0.011362682331438341,2.728268220664443,74.24100173756236
0.02118876376644486,3.4660363690265,54.68936601089933
0.010942879336463852,4.068932208718833,70.91783561466025
0.016366386741887576,6.171389175599656,64.34174413775375
0.014771945159014758,2.0541729680068803,70.203929631277
0.01392740633687977,1.6266333645439595,51.586846562347354
0.010441928214554577,7.522375169308958,86.97302166639794
0.011502226453647374,5.738514485523806,66.62309753408302
0.010801797472618127,2.0664933767704743,56.297309806903655
0.012009151884843744,2.938717096223952,64.21554351375785
0.013577103512969672,1.7775453787808302,57.94367289382652
0.011866178592734745,4.2450338280992295,56.79153816245839
0.012836135265817176,3.960654585105481,63.277060262181095
0.011750886759082967,7.477116826908647,83.75422663749967
0.011419556937333241,1.3121701298804327,99.9906589398796
0.015604730701373875,5.1952442146497475,73.26747319986235
0.012657922571535734,1.5104947339454473,63.542897293790325
0.010402156542410404,1.8880482779582697,79.72135414456694
0.018194058970406275,4.689077109180774,61.67532537210398
0.011574871324734516,6.786310286909579,55.67458972650107
0.020825401694029924,3.5349408024053925,57.71569932833861
0.01743361597997757,5.246803571200303,63.253889628409645
0.012909165156399883,1.3564356797631298,74.4286774154064
0.01744954750471641,4.22720632630204,68.74534027952599
0.011006816639233698,0.5131298016686814,63.972774762568044
0.01383649470553063,2.8872907299747457,50.489610511355764
0.014083328667443884,1.3859211358403618,66.33501474925136
0.014794405172403668,7.177632448893763,57.35000113539318
0.010496712634757268,6.013280025881892,50.45915214262056
0.01605126516008669,1.477634212701072,61.815342454336424
0.011100386310529113,7.045912119928516,98.06009040562142
0.018737457868167183,3.7471703080762526,64.4888060837754
0.011362682331438341,2.728268220664443,74.24100173756236
0.02118876376644486,3.4660363690265,54.68936601089933
0.010942879336463852,4.068932208718833,70.91783561466025
0.016937852472760032,5.805587464707272,66.88346701954818
0.016148068476737377,4.492384373442743,73.60981895565132
0.01392740633687977,1.6266333645439595,51.586846562347354
0.010715708501236518,5.783236704538919,90.61854923899793
0.011473938199292745,5.659951806623192,67.64044490673638
0.011051482323606797,2.5775401603729606,56.41324697544112
0.011271217728743657,5.09695265387683,74.93100216455531
0.015471280793310872,2.2368005585281843,57.88409720619906
0.011907063568357554,4.216860027403824,56.66077023302881
0.012848760642099062,3.9210588769738397,63.278196762056346
0.011921237601950166,7.405374720399387,83.35942235270628
0.011419556937333241,1.3121701298804327,99.9906589398796
0.017815186651120994,7.446179643563209,77.73591719080096
0.013462431184293132,1.9964651749577547,63.333437610255764
0.010402156542410404,1.8880482779582697,79.72135414456694
0.017446790563119537,5.012429323119314,64.23599965522155
0.011574871324734516,6.786310286909579,55.67458972650107
0.020112658291723,3.651467095546341,58.99996322359233
0.017120565357376865,4.923578022110486,62.21220203196771
0.013365970458050087,0.2148210254477414,72.1061104732576
0.018723081644105723,4.540824058257316,67.59550168673749
0.011006816639233698,0.5131298016686814,63.972774762568044
0.01383649470553063,2.8872907299747457,50.489610511355764
0.014083328667443884,1.3859211358403618,66.33501474925136
0.014794405172403668,7.177632448893763,57.35000113539318
0.010496712634757268,6.013280025881892,50.45915214262056
0.016774374370656465,0.4688203985552848,58.12631610754654
0.01149983579185846,7.060155581874187,93.65794070040522
0.01758921703600925,3.366085767772315,64.2373113829924
0.011362682331438341,2.728268220664443,74.24100173756236
0.02870100239551647,2.838311902587985,52.995413255559065
0.010942879336463852,4.068932208718833,70.91783561466025
0.016340260541536138,5.86594067931591,65.55774860154953
0.015568852213208115,4.445264014503803,73.31026393656705
0.01392740633687977,1.6266333645439595,51.586846562347354
0.010715708501236518,5.783236704538919,90.61854923899793
0.010207963521742592,7.145680805357431,76.83071061512481
0.011051482323606797,2.5775401603729606,56.41324697544112
0.012061589523776102,3.5740271521885942,73.51885070705026
0.015021553816886257,2.5721814353337975,60.979742742313036
0.01188927457619445,3.6166427248527713,56.89055170695631
0.01276948489258066,4.089689135354467,64.13745996075895
0.011921237601950166,7.405374720399387,83.35942235270628
0.011419556937333241,1.3121701298804327,99.9906589398796
0.017815186651120994,7.446179643563209,77.73591719080096
0.012543584633889972,2.2179210318531744,60.69605554188557
0.010596394562844285,1.927993826824074,79.30288127697379
0.016766439973162434,5.246695737074083,67.60196353382847
0.011969022412337015,6.307409613437407,55.860444145867305
0.02049473773296841,3.4069285794716833,56.63652502186854
0.015325588027198463,5.405753238684811,59.999027933650275
0.013365970458050087,0.2148210254477414,72.1061104732576
0.019409191490324464,4.101699976857772,63.351415127548194
0.011957086003091196,0.39297074770974844,67.24888999091465
0.01383649470553063,2.8872907299747457,50.489610511355764
0.013412484957845059,0.29652107929191107,64.28557350038383
0.014794405172403668,7.177632448893763,57.35000113539318
0.010496712634757268,6.013280025881892,50.45915214262056
0.016774374370656465,0.4688203985552848,58.12631610754654
0.012180016679033675,4.565123569472151,85.80258959969018
0.017010015346653563,3.187000470638898,63.5024839937065
0.012060648480003853,3.113523666906648,73.3198979793097
0.026046157154302474,2.4894403172769906,54.64246253826599
0.010942879336463852,4.068932208718833,70.91783561466025
0.017751730012010976,5.0545272159169015,64.54300685851061
0.016174128575586373,3.954070390382555,71.64273085006428
0.01392740633687977,1.6266333645439595,51.586846562347354
0.010715708501236518,5.783236704538919,90.61854923899793
0.010207963521742592,7.145680805357431,76.83071061512481
0.011051482323606797,2.5775401603729606,56.41324697544112
0.012957524287211475,2.1774882540253673,86.7211580087876
0.016656188198048406,0.5719620789287045,63.72113353708556
0.01188927457619445,3.6166427248527713,56.89055170695631
0.013311424068245583,6.112217501311192,58.01812025273699
0.011921237601950166,7.405374720399387,83.35942235270628
0.011419556937333241,1.3121701298804327,99.9906589398796
0.02006633485808209,7.884679146271664,86.15937741363098
0.014118729797378141,0.3964668844278538,50.63749731148531
0.010596394562844285,1.927993826824074,79.30288127697379
0.019795893564075785,4.978062767969423,56.078120749098744
0.011969022412337015,6.307409613437407,55.860444145867305
0.024838232769528068,1.7273709190397728,53.81110584481534
0.015325588027198463,5.405753238684811,59.999027933650275
0.013365970458050087,0.2148210254477414,72.1061104732576
0.016156598976672546,5.536739227709425,72.04242678223824
0.011834921260553691,0.6018780664333836,74.6901429922433
0.01383649470553063,2.8872907299747457,50.489610511355764
0.013412484957845059,0.29652107929191107,64.28557350038383
0.014794405172403668,7.177632448893763,57.35000113539318
0.010496712634757268,6.013280025881892,50.45915214262056
0.016823010081397607,0.4713130147075756,58.0372114928032
0.012180016679033675,4.565123569472151,85.80258959969018
0.01622005072121581,3.4123977372831558,67.14975095681194
0.010129279300835452,4.197145943430787,79.54521027557315
0.022234422858506735,1.8278096102778116,57.55190772576859
0.010942879336463852,4.068932208718833,70.91783561466025
0.017293470336780862,4.494196364342936,60.26326512762385
0.015752093909933082,3.920835612249101,70.18972195099734
0.01392740633687977,1.6266333645439595,51.586846562347354
0.010715708501236518,5.783236704538919,90.61854923899793
0.010207963521742592,7.145680805357431,76.83071061512481
0.011051482323606797,2.5775401603729606,56.41324697544112
0.012918894675606347,2.2961152924238206,86.67551994621051
0.016854771459781707,0.5478025626438066,63.27122328440186
0.01188927457619445,3.6166427248527713,56.89055170695631
0.013136739881655372,7.4911214779617,64.68556470338513
0.011921237601950166,7.405374720399387,83.35942235270628
0.01186298903787222,1.5851949022456282,91.44543733271516
0.01721739015351494,4.765026176990294,80.58527604048794
0.014118729797378141,0.3964668844278538,50.63749731148531
0.010577315443097183,1.3115139627843764,77.49342810683218
0.021846879670820673,7.856310961549377,51.085386968582036
0.011388651289031777,6.5836686277653325,62.77136414506456
0.01920376076210657,3.870747803736167,55.867555772158724
0.0135204951016051,4.461874187876882,50.038179261087535
0.01329609709280807,0.4711297315290164,72.91307201380314
0.015166272789718136,5.754191613660592,70.11678147067427
0.011834921260553691,0.6018780664333836,74.6901429922433
0.01383649470553063,2.8872907299747457,50.489610511355764
0.012995837907530337,2.2826992200129617,69.614711440548
0.015009841567463248,6.918118627041233,59.6736669795027
0.010496712634757268,6.013280025881892,50.45915214262056
0.016823010081397607,0.4713130147075756,58.0372114928032
0.012180016679033675,4.565123569472151,85.80258959969018
0.019390153990771417,1.44388123583989,62.04509414678719
0.010154328160945105,4.035815673407779,79.43049898406701
0.020551608042107976,1.9124072546674897,62.81297775737171
0.01088049809918855,4.025229866796847,71.09030467430551
0.017487045041511762,4.491511346797216,59.29644944401698
0.016847598078906827,4.849038720341373,68.93110241744085
0.013928480935521573,1.6248262704198813,51.56580478106455
0.011939024830890113,5.7752531474741025,84.98327567095504
0.010207963521742592,7.145680805357431,76.83071061512481
0.011051482323606797,2.5775401603729606,56.41324697544112
0.015328547240037467,2.174978415827581,79.14209988729169
0.016854771459781707,0.5478025626438066,63.27122328440186
0.012405552829130284,4.256975760821797,57.18468435397418
0.013136739881655372,7.4911214779617,64.68556470338513
0.011921237601950166,7.405374720399387,83.35942235270628
0.011857522109194895,1.3936684073759942,88.1819085506733
0.017206627825852167,4.767471255133965,80.24609615053765
0.01372507627670593,1.0901546447598645,56.60166096696427
0.010577315443097183,1.3115139627843764,77.49342810683218
0.022200253249087712,7.913691477142172,51.10488402449164
0.011388651289031777,6.5836686277653325,62.77136414506456
0.01920376076210657,3.870747803736167,55.867555772158724
0.01210479250527712,5.6088736669179635,61.48871347808774
0.01329609709280807,0.4711297315290164,72.91307201380314
0.015166272789718136,5.754191613660592,70.11678147067427
0.011834921260553691,0.6018780664333836,74.6901429922433
0.01383649470553063,2.8872907299747457,50.489610511355764
0.012894620233583974,2.553566407529652,69.1837299432636
0.015489722640080215,7.425819888252453,60.10165469646025
0.010496712634757268,6.013280025881892,50.45915214262056
0.016823010081397607,0.4713130147075756,58.0372114928032
0.013539449401708413,4.920340310770068,90.07887808993674
0.019974074861317158,1.1100575798670347,62.089687992277035
0.010154328160945105,4.035815673407779,79.43049898406701
0.021475502617348777,0.570044335215107,67.57378247917207
0.01088049809918855,4.025229866796847,71.09030467430551
0.022571830162778212,3.4359036319670087,57.225347899211165
0.01766272586265444,7.652540711835123,67.40251673824022
0.013928480935521573,1.6248262704198813,51.56580478106455
0.011939024830890113,5.7752531474741025,84.98327567095504
0.010207963521742592,7.145680805357431,76.83071061512481
0.011051482323606797,2.5775401603729606,56.41324697544112
0.015328547240037467,2.174978415827581,79.14209988729169
0.015945628894220836,1.7468595823571471,70.6225392771347
0.012405552829130284,4.256975760821797,57.18468435397418
0.012025719380019478,7.360079833876023,69.2927809756798
0.011921237601950166,7.405374720399387,83.35942235270628
0.010700578832926771,1.2937145224558648,93.15124895316492
0.017206627825852167,4.767471255133965,80.24609615053765
0.01372507627670593,1.0901546447598645,56.60166096696427
0.012179756160690695,1.2771593628166558,74.86660972570697
0.022200253249087712,7.913691477142172,51.10488402449164
0.012245921543090588,6.395432201620385,64.43828810124951
0.02110881170572733,6.590938752369078,54.131420732300164
0.012153666947040696,5.50210208837734,61.22278174589326
0.01329609709280807,0.4711297315290164,72.91307201380314
0.015648401083775267,7.36260732727631,77.34251228650726
0.012506597806906238,1.85597677096652,72.00908199398857
0.01319093171288132,4.311133631736322,56.150934530314004
0.012598539858055013,2.1364065252229234,69.06211880784694
0.014128487051815549,6.421528576940554,63.346916732215405
0.010496712634757268,6.013280025881892,50.45915214262056
0.016823010081397607,0.4713130147075756,58.0372114928032
0.012674911428815622,5.497827783178787,86.64090948796998
0.019974074861317158,1.1100575798670347,62.089687992277035
0.012056766112284085,3.943905445816619,76.02853278081538
0.021475502617348777,0.570044335215107,67.57378247917207
0.01088049809918855,4.025229866796847,71.09030467430551
0.018707314583244854,3.748018472999127,57.209890431454774
0.01766272586265444,7.652540711835123,67.40251673824022
0.013928480935521573,1.6248262704198813,51.56580478106455
0.011939024830890113,5.7752531474741025,84.98327567095504
0.010207963521742592,7.145680805357431,76.83071061512481
0.011051482323606797,2.5775401603729606,56.41324697544112
0.015015134024513727,2.115297854888092,80.09082124172892
0.016647800707889508,2.4056346016692105,68.37981438421679
0.012510707745814212,4.439736019527755,54.96643286611771
0.012025719380019478,7.360079833876023,69.2927809756798
0.011921237601950166,7.405374720399387,83.35942235270628
0.010700578832926771,1.2937145224558648,93.15124895316492
0.020559231363917706,4.254866297535406,75.44772439278593
0.01372507627670593,1.0901546447598645,56.60166096696427
0.012183083787536948,1.2050077052403139,74.83517265903734
0.022200253249087712,7.913691477142172,51.10488402449164
0.012245921543090588,6.395432201620385,64.43828810124951
0.021313444979377705,6.642876033308292,53.7948522934119
0.012153666947040696,5.50210208837734,61.22278174589326
0.013167226578829115,0.28516719132139845,77.81321636632869
0.016060051202807697,5.320843088726413,73.65080021327175
0.012576605371394965,1.8445958893399275,71.00254072555225
0.01319093171288132,4.311133631736322,56.150934530314004
0.012598539858055013,2.1364065252229234,69.06211880784694
0.014128487051815549,6.421528576940554,63.346916732215405
0.010496712634757268,6.013280025881892,50.45915214262056
0.016823010081397607,0.4713130147075756,58.0372114928032
0.012690666891106876,5.457950739865275,86.7095085887692
0.019974074861317158,1.1100575798670347,62.089687992277035
0.011888362130852093,4.505745175109644,78.19396043121206
0.019525006825221018,1.9715511566857788,67.92859478014289
0.010870376304082146,3.992355998218452,70.97098039099774
0.018707314583244854,3.748018472999127,57.209890431454774
0.01737212662180586,6.2927564326465415,66.93912146603805
0.013928480935521573,1.6248262704198813,51.56580478106455
0.010569389526691677,6.05957576163839,90.00396400861106
0.010207963521742592,7.145680805357431,76.83071061512481
0.011051482323606797,2.5775401603729606,56.41324697544112
0.015115693417066004,2.685629367176623,78.47308016868448
0.016647800707889508,2.4056346016692105,68.37981438421679
0.012572606782836638,4.515562833745863,55.287084687518245
0.011916076311602863,6.821840889693476,67.84328609323087
0.011921237601950166,7.405374720399387,83.35942235270628
0.01044636314371904,0.856197342748807,98.29308704138873
0.020559231363917706,4.254866297535406,75.44772439278593
0.01372507627670593,1.0901546447598645,56.60166096696427
0.012295684605707334,1.552036569286634,72.74769453135681
0.022200253249087712,7.913691477142172,51.10488402449164
0.012245921543090588,6.395432201620385,64.43828810124951
0.021313444979377705,6.642876033308292,53.7948522934119
0.012153666947040696,5.50210208837734,61.22278174589326
0.013167226578829115,0.28516719132139845,77.81321636632869
0.015529046918549429,5.0300004062940715,71.82328923355286
0.012977248299697992,1.9622417325358432,66.27247793566994
0.013197378481491833,4.3819990411739065,55.84557040614764
0.012703476156802947,2.2507077583163184,69.02772976715595
0.013702121987927173,6.078068409196981,66.38973788784946
0.010496712634757268,6.013280025881892,50.45915214262056
0.016241111069998662,1.000460546482946,65.13558179413756
0.012690666891106876,5.457950739865275,86.7095085887692
0.0206594322114165,0.7009276029607134,59.77300120596128
0.011771874156436638,4.523149162426857,80.16525430495878
0.0216448364171414,0.22353684099268722,69.72834297239675
0.010164602114567278,3.5768030223674243,63.77286982106608
0.019780828888474912,4.2249710874320705,58.47777442413659
0.017613624815605404,6.138338292480511,67.58384839057757
0.013928480935521573,1.6248262704198813,51.56580478106455
0.010539773136754617,6.04070989483956,73.88915038576333
0.010207963521742592,7.145680805357431,76.83071061512481
0.011051482323606797,2.5775401603729606,56.41324697544112
0.015045337387584453,2.2865989069242905,79.60492708760319
0.016647800707889508,2.4056346016692105,68.37981438421679
0.012760275103333232,3.33136036616569,60.381990214925224
0.011952853991642769,6.757083175273452,68.73905724364545
0.011921237601950166,7.405374720399387,83.35942235270628
0.01044636314371904,0.856197342748807,98.29308704138873
0.021035519695378087,3.9503192648236722,76.71926976670872
0.013666602062894946,1.254329028397943,56.77361896630429
0.01250200692851912,2.1995783197082703,68.88021178181253
0.022200253249087712,7.913691477142172,51.10488402449164
0.012245921543090588,6.395432201620385,64.43828810124951
0.021313444979377705,6.642876033308292,53.7948522934119
0.012153666947040696,5.50210208837734,61.22278174589326
0.013252452101110576,0.4505684302200623,74.22251010576191
0.01741481291248788,6.186916843398955,79.61577415312526
0.0128416432255581,3.6163472149564804,75.94290656025264
0.013197378481491833,4.3819990411739065,55.84557040614764
0.012703476156802947,2.2507077583163184,69.02772976715595
0.013702121987927173,6.078068409196981,66.38973788784946
0.010496712634757268,6.013280025881892,50.45915214262056
0.017518313640382588,1.2976657649663754,59.86800992912258
0.012690666891106876,5.457950739865275,86.7095085887692
0.0206594322114165,0.7009276029607134,59.77300120596128
0.011771874156436638,4.523149162426857,80.16525430495878
0.0216448364171414,0.22353684099268722,69.72834297239675
0.010164602114567278,3.5768030223674243,63.77286982106608
0.01572649766498509,3.1689994744238588,56.89211781663306
0.017687696176541548,6.424608266631019,67.52280385468669
0.013928480935521573,1.6248262704198813,51.56580478106455
0.010539773136754617,6.04070989483956,73.88915038576333
0.010207963521742592,7.145680805357431,76.83071061512481
0.01083820341439621,1.8958178619432848,54.98029669235997
0.01444445423827862,1.3854360280942588,82.41740965739409
0.016647800707889508,2.4056346016692105,68.37981438421679
0.013058087818295499,2.6488623611836344,59.19630460025118
0.011773973325146136,6.056412213948109,72.24830162781667
0.010596353433624004,7.700273229765607,87.03113465972304
0.01044636314371904,0.856197342748807,98.29308704138873
0.021035519695378087,3.9503192648236722,76.71926976670872
0.013666602062894946,1.254329028397943,56.77361896630429
0.01250200692851912,2.1995783197082703,68.88021178181253
0.017827333635066795,5.90570728236699,62.71073955720873
0.012245921543090588,6.395432201620385,64.43828810124951
0.020378895134871816,6.685188122462454,55.73336868234483
0.010833967495222476,5.72307931356139,61.69774014923851
0.013252452101110576,0.4505684302200623,74.22251010576191
0.018464857037561264,7.884276413318717,78.62537493723337
0.0128416432255581,3.6163472149564804,75.94290656025264
0.013231210339716635,4.454815619238843,53.93423264549417
0.011535558029193092,2.8474224390658023,85.67590868736568
0.013702121987927173,6.078068409196981,66.38973788784946
0.01110854703996332,6.146948364767693,55.348743256521104
0.01848589687382585,1.3085523276936692,60.64534767965432
0.011980120708824229,4.091629649591875,74.53919016507591
0.020135771654487274,0.6832276467198029,60.794556247981085
0.011821796746778914,4.536952289258093,80.05773578695977
0.0216448364171414,0.22353684099268722,69.72834297239675
0.010164602114567278,3.5768030223674243,63.77286982106608
0.01572649766498509,3.1689994744238588,56.89211781663306
0.017687696176541548,6.424608266631019,67.52280385468669
0.013928480935521573,1.6248262704198813,51.56580478106455
0.010539773136754617,6.04070989483956,73.88915038576333
0.01021098643035127,7.394482495069771,77.74102838197047
0.010821572475505787,2.0416174142811405,55.58380767414181
0.011186000616354504,1.7866205942591318,94.68994723357322
0.017752540239039192,2.9171536520752084,61.3414812693628
0.013014966714449024,2.6280443030175986,59.369478844426
0.01134831743923628,6.65059300355421,77.59162160377286
0.01052540768818249,4.463009897783591,92.35806353858811
0.01044636314371904,0.856197342748807,98.29308704138873
0.022030153492040697,3.752222525613409,76.98746720927801
0.013666602062894946,1.254329028397943,56.77361896630429
0.011899702315920831,2.089615620817551,63.848377853083754
0.01761001187442604,5.662758249480681,62.40063411599702
0.012268377985659315,6.798535502826228,63.12487112085001
0.022329078953642056,7.191395096260145,52.24632952092078
0.010833967495222476,5.72307931356139,61.69774014923851
0.013252452101110576,0.4505684302200623,74.22251010576191
0.018464857037561264,7.884276413318717,78.62537493723337
0.014500142520192357,3.6839455502709573,76.10004803474642
0.013231210339716635,4.454815619238843,53.93423264549417
0.011535558029193092,2.8474224390658023,85.67590868736568
0.013667227348935138,5.641371209870904,66.99756546728969
0.01110854703996332,6.146948364767693,55.348743256521104
0.018696313699733322,1.256593281217717,60.70152191906691
0.012142969607554802,4.547398393371551,70.4596701560368
0.020178446497362012,0.6794602912063016,60.82108096097172
0.011821796746778914,4.536952289258093,80.05773578695977
0.017679288375551726,2.916659841565212,68.37091503943972
0.010164602114567278,3.5768030223674243,63.77286982106608
0.01572649766498509,3.1689994744238588,56.89211781663306
0.018113068849470667,7.130731081732304,69.82853849013078
0.0138242159320097,1.7629107790767233,51.907185194213646
0.010033248199668922,5.946098602034374,90.40041875040318
0.01021098643035127,7.394482495069771,77.74102838197047
0.010821572475505787,2.0416174142811405,55.58380767414181
0.011186000616354504,1.7866205942591318,94.68994723357322
0.01918581746963688,3.219884116354462,60.128658598257644
0.013014966714449024,2.6280443030175986,59.369478844426
0.011114136973772698,6.228301545813655,70.35523205933083
0.01052540768818249,4.463009897783591,92.35806353858811
0.01044636314371904,0.856197342748807,98.29308704138873
0.022030153492040697,3.752222525613409,76.98746720927801
0.013666602062894946,1.254329028397943,56.77361896630429
0.012186922015534169,1.7416084380483725,66.0510432550563
0.01761001187442604,5.662758249480681,62.40063411599702
0.012268377985659315,6.798535502826228,63.12487112085001
0.021162417478853605,6.668717936360566,55.80099044543998
0.010833967495222476,5.72307931356139,61.69774014923851
0.013252452101110576,0.4505684302200623,74.22251010576191
0.01827620138471081,7.839721907415374,78.02843596275864
0.014454739304005624,3.551603558676303,75.04733124166226
0.013563528307427858,3.1060475588873997,52.80544399541596
0.010966206386830001,2.9318502941287123,95.7999597254979
0.013757838050482724,5.880078882302346,67.05550286692318
0.01110854703996332,6.146948364767693,55.348743256521104
0.018696313699733322,1.256593281217717,60.70152191906691
0.012088541160181961,3.570383144925465,73.6430437815558
0.020178446497362012,0.6794602912063016,60.82108096097172
0.011821796746778914,4.536952289258093,80.05773578695977
0.021351475263221703,3.702297228711205,69.92197740296005
0.010164602114567278,3.5768030223674243,63.77286982106608
0.013457451447310753,2.94348138844083,55.30396440858161
0.01810497201228026,7.139303035705752,69.8283048691556
0.013888992848656566,1.4291616823534086,51.68398152052131
0.010033248199668922,5.946098602034374,90.40041875040318
0.01021098643035127,7.394482495069771,77.74102838197047
0.010821572475505787,2.0416174142811405,55.58380767414181
0.011186000616354504,1.7866205942591318,94.68994723357322
0.01918581746963688,3.219884116354462,60.128658598257644
0.011800698432342344,2.511585107692105,59.22009135604438
0.011114136973772698,6.228301545813655,70.35523205933083
0.01052540768818249,4.463009897783591,92.35806353858811
0.01044636314371904,0.856197342748807,98.29308704138873
0.022260067893170324,3.6813708306280373,76.97280842961699
0.013666602062894946,1.254329028397943,56.77361896630429
0.011452581027594961,2.06969549388438,61.19805681095181
0.017050400557735837,5.553914030348498,64.10774307741478
0.012268377985659315,6.798535502826228,63.12487112085001
0.021162417478853605,6.668717936360566,55.80099044543998
0.010404086938825123,6.9881306434842045,60.314544828774864
0.013252452101110576,0.4505684302200623,74.22251010576191
0.01827620138471081,7.839721907415374,78.02843596275864
0.014169425160964587,2.7199655142505748,68.43205120404495
0.013563528307427858,3.1060475588873997,52.80544399541596
0.011024807076719621,2.9347696754774604,95.32099189669323
0.013908827823223627,6.0889934477780745,66.45965241551392
0.01110854703996332,6.146948364767693,55.348743256521104
0.018696313699733322,1.256593281217717,60.70152191906691
0.012865947486389587,4.03490707045704,57.80019897107908
0.021310435216373335,0.046449810393042856,61.820091085359884
0.011821796746778914,4.536952289258093,80.05773578695977
0.0179986273404186,4.777483111822503,68.36223011735827
0.010217565701122975,2.621472596115371,53.0362998941147
0.013651249471308012,2.6429086747212485,54.13106858192072
0.017552220246995293,6.944130108456717,71.47132329917011
0.013888992848656566,1.4291616823534086,51.68398152052131
0.010033248199668922,5.946098602034374,90.40041875040318
0.010268927162883511,7.290742538561827,77.81920897218757
0.010821572475505787,2.0416174142811405,55.58380767414181
0.011195244301496586,1.7251289967335133,95.09632891686383
0.01951179669769899,3.2688180228860304,61.91473396718548
0.01149752703377972,2.4093494834444162,60.323282105811664
0.011114136973772698,6.228301545813655,70.35523205933083
0.01052540768818249,4.463009897783591,92.35806353858811
0.010443622070157515,0.7311218096668983,98.49889929726275
0.02615297842869676,2.559063320201633,81.87349089906445
0.010950223116764878,1.6835714793223837,54.980260798851745
0.011452581027594961,2.06969549388438,61.19805681095181
0.01756166919778648,5.420845664814791,64.21282656478915
0.010632485202016264,6.989170050356615,60.70479780352835
0.021189796929503426,5.4437697214843634,56.91436828574796
0.01151663151919588,6.702708625969122,62.26524713942374
0.013323832763305229,0.37089603207821353,74.78785395838571
0.01672284717264199,6.279445421593996,69.71463184969278
0.013186705042658944,2.603189582161857,67.39465847408002
0.013563528307427858,3.1060475588873997,52.80544399541596
0.011024807076719621,2.9347696754774604,95.32099189669323
0.013908827823223627,6.0889934477780745,66.45965241551392
0.011190828247161916,6.137690116552159,55.46176567535584
0.016524277749747372,1.7317358624435704,70.5033427420181
0.012667347017270243,4.168900656196099,60.085799483607445
0.021310435216373335,0.046449810393042856,61.820091085359884
0.011815602358850142,4.521498682830283,79.90616877421503
0.018233519492959954,4.7307961898901665,68.80587747813122
0.010217565701122975,2.621472596115371,53.0362998941147
0.012115943316373542,3.5368799004744744,72.90685594212943
0.015084311152720244,7.9620476307193755,81.34747019535226
0.012719702152541564,3.4696741431023512,53.321141781882574
0.013282873472580203,5.028219811364772,80.63438746333776
0.010268927162883511,7.290742538561827,77.81920897218757
0.010663649259780684,1.9265882824527178,55.21103411020414
0.011195244301496586,1.7251289967335133,95.09632891686383
0.01951179669769899,3.2688180228860304,61.91473396718548
0.011303269119581164,2.1000151328993315,67.35988979325039
0.011189201052813734,6.8437102891422334,67.2045512159037
0.010557744171599643,4.923792715375505,90.92427329967255
0.010443622070157515,0.7311218096668983,98.49889929726275
0.02615297842869676,2.559063320201633,81.87349089906445
0.010950223116764878,1.6835714793223837,54.980260798851745
0.011532869900286003,2.6119570558155574,65.33570132488359
0.016797969606494104,4.978687567864249,62.0338604790881
0.010632485202016264,6.989170050356615,60.70479780352835
0.021189796929503426,5.4437697214843634,56.91436828574796
0.011376355527967232,7.726124110922166,53.98819319205899
0.013323832763305229,0.37089603207821353,74.78785395838571
0.016660370575185608,6.3434926231935655,69.75221503718828
0.011847644575988962,2.0386762787522406,67.0202227588883
0.013563528307427858,3.1060475588873997,52.80544399541596
0.010407364314120282,2.7809358825989525,97.59207229939474
0.014631237611331931,5.888519309420671,66.26178622651821
0.011243678950041,6.590183424895215,55.041992684842164
0.016524277749747372,1.7317358624435704,70.5033427420181
0.012667347017270243,4.168900656196099,60.085799483607445
0.021310435216373335,0.046449810393042856,61.820091085359884
0.011815602358850142,4.521498682830283,79.90616877421503
0.018233519492959954,4.7307961898901665,68.80587747813122
0.010217565701122975,2.621472596115371,53.0362998941147
0.012115943316373542,3.5368799004744744,72.90685594212943
0.015084311152720244,7.9620476307193755,81.34747019535226
0.012719702152541564,3.4696741431023512,53.321141781882574
0.01364355838446796,5.526224234258843,83.7875268907121
0.010025643709516106,7.599753250717468,79.66630209766248
0.010663649259780684,1.9265882824527178,55.21103411020414
0.011173807745210132,1.7332528372114244,93.48795543699663
0.02437447779818378,1.1800993344950426,58.824028199668255
0.01091783410548668,2.143444978669257,67.60038478000216
0.011189201052813734,6.8437102891422334,67.2045512159037
0.010557744171599643,4.923792715375505,90.92427329967255
0.010443622070157515,0.7311218096668983,98.49889929726275
0.03144399994289139,1.3040641134560769,81.06392454227537
0.010950223116764878,1.6835714793223837,54.980260798851745
0.011532869900286003,2.6119570558155574,65.33570132488359
0.016797969606494104,4.978687567864249,62.0338604790881
0.010754457078254427,6.820119971906992,60.66769435704218
0.020816161644234568,5.530667691165899,56.80295759696493
0.011376355527967232,7.726124110922166,53.98819319205899
0.013323832763305229,0.37089603207821353,74.78785395838571
0.016660370575185608,6.3434926231935655,69.75221503718828
0.012283957364379747,0.13030737166427997,69.55564269927824
0.013563528307427858,3.1060475588873997,52.80544399541596
0.010407364314120282,2.7809358825989525,97.59207229939474
0.013656911242254918,6.297648384544397,68.16298099883821
0.011243678950041,6.590183424895215,55.041992684842164
0.01636723987242536,1.4561949276091148,70.65929864639921
0.012667347017270243,4.168900656196099,60.085799483607445
0.021310435216373335,0.046449810393042856,61.820091085359884
0.012351542066972856,4.448141673128288,79.97970845401687
0.017335198852704556,4.555478447280916,69.40807571696183
0.010217565701122975,2.621472596115371,53.0362998941147
0.012141017075322662,3.5523653130171735,72.88945029316274
0.015084311152720244,7.9620476307193755,81.34747019535226
0.012846916688829597,3.85353665116828,55.33573779292216
0.012987602946693069,5.7918924544120065,85.31348585852867
0.010025643709516106,7.599753250717468,79.66630209766248
0.01070073804666911,1.8951367100153025,55.18116710749022
0.011173807745210132,1.7332528372114244,93.48795543699663
0.02437447779818378,1.1800993344950426,58.824028199668255
0.01091783410548668,2.143444978669257,67.60038478000216
0.011738831433618585,5.632033425841047,62.2187700129711
0.010608076255643428,5.264439110710054,96.53009738085294
0.010443622070157515,0.7311218096668983,98.49889929726275
0.03144399994289139,1.3040641134560769,81.06392454227537
0.010950223116764878,1.6835714793223837,54.980260798851745
0.011532869900286003,2.6119570558155574,65.33570132488359
0.01775606396826368,6.0077511770313,60.43737009556905
0.010754457078254427,6.820119971906992,60.66769435704218
0.02297196122024797,6.895156175646873,53.58078519756391
0.011216802954142286,6.911857171653079,61.167939551891386
0.013323832763305229,0.37089603207821353,74.78785395838571
0.018814726355126904,6.667047808828572,60.624353672611186
0.012283957364379747,0.13030737166427997,69.55564269927824
0.013563528307427858,3.1060475588873997,52.80544399541596
0.010407364314120282,2.7809358825989525,97.59207229939474
0.013688863890439214,6.394063653029134,68.66898982025533
0.011243678950041,6.590183424895215,55.041992684842164
0.018066947597007242,0.45599672718975537,81.48292795359774
0.012667347017270243,4.168900656196099,60.085799483607445
0.01859166298919783,0.7283168600859313,70.74013479668388
0.012809487974125783,2.908806806347256,92.18527893600215
0.016684249919427775,4.318631866294836,72.68420106748773
0.010217565701122975,2.621472596115371,53.0362998941147
0.012140866576167303,3.6173832659485807,75.01219580897272
0.015760374633753474,6.422500995683395,77.68675516951124
0.014325643997497814,5.545315864072132,55.612879839733125
0.012987602946693069,5.7918924544120065,85.31348585852867
0.010025643709516106,7.599753250717468,79.66630209766248
0.01070073804666911,1.8951367100153025,55.18116710749022
0.011173807745210132,1.7332528372114244,93.48795543699663
0.02283593873853733,1.260553764032006,58.41414149851458
0.01091783410548668,2.143444978669257,67.60038478000216
0.011738831433618585,5.632033425841047,62.2187700129711
0.011170535536541043,4.9448604370762546,94.71314413745654
0.010443622070157515,0.7311218096668983,98.49889929726275
0.03144399994289139,1.3040641134560769,81.06392454227537
0.010950223116764878,1.6835714793223837,54.980260798851745
0.011532869900286003,2.6119570558155574,65.33570132488359
0.0195124754115345,5.840922980597004,56.88256315112525
0.010754457078254427,6.820119971906992,60.66769435704218
0.02383877897744756,7.270933298641662,53.47987713489264
0.011216802954142286,6.911857171653079,61.167939551891386
0.013323832763305229,0.37089603207821353,74.78785395838571
0.018814726355126904,6.667047808828572,60.624353672611186
0.012457151293646664,1.5238387047771136,73.43424698831524
0.013286863448422281,2.918432537873197,52.39349656479745
0.010407364314120282,2.7809358825989525,97.59207229939474
0.014176739688736681,6.813001506130821,57.089210760334964
0.011182823654955999,5.7597035666638146,57.38741772229957
0.018066947597007242,0.45599672718975537,81.48292795359774
0.01214223764914272,3.0250586248619142,55.67362209077264
0.01859166298919783,0.7283168600859313,70.74013479668388
0.014475853977195984,4.4426301045221726,87.73836488704869
0.016469638491145123,4.203117360392047,73.8832610759278
0.010217565701122975,2.621472596115371,53.0362998941147
0.011808987836778737,4.359511353350932,68.9067395669781
0.015760374633753474,6.422500995683395,77.68675516951124
0.012562251840296981,4.301227546555491,74.50529812805243
0.012685646212462563,5.7926222750722225,86.95848108772917
0.010025643709516106,7.599753250717468,79.66630209766248
0.01070073804666911,1.8951367100153025,55.18116710749022
0.011173807745210132,1.7332528372114244,93.48795543699663
0.020505248218315023,1.539212850889733,59.841365742064845
0.011948390116316418,2.6147072961400557,63.45712671054558
0.011738831433618585,5.632033425841047,62.2187700129711
0.011133600982910354,4.961941715386538,95.24943718093152
0.010443622070157515,0.7311218096668983,98.49889929726275
0.03127895860616356,1.3569779854649244,80.83094141597591
0.010956497782648738,1.7935298102250172,55.04519661345526
0.011532869900286003,2.6119570558155574,65.33570132488359
0.0195124754115345,5.840922980597004,56.88256315112525
0.010754457078254427,6.820119971906992,60.66769435704218
0.02383877897744756,7.270933298641662,53.47987713489264
0.011216802954142286,6.911857171653079,61.167939551891386
0.013323929345939513,0.36424057234233276,74.84635939829008
0.01726889597360879,5.781544693460604,61.98992388521118
0.011632727002468509,0.13813279976648474,94.34090196971204
0.013003780705044042,1.7128194874085398,51.05753308662502
0.010407364314120282,2.7809358825989525,97.59207229939474
0.01420552373784565,6.830888735857011,56.72896604933997
0.011182823654955999,5.7597035666638146,57.38741772229957
0.0202511303119693,3.034912444196115,70.88598297497403
0.013441546119539582,3.297511676522869,57.454026836011934
0.01859166298919783,0.7283168600859313,70.74013479668388
0.013166023006977135,4.599979711678237,96.84057424840914
0.014783458274387349,3.6596478868106965,70.96379546021062
0.01031206799772089,2.6207889212572852,53.9199902850729
0.011808987836778737,4.359511353350932,68.9067395669781
0.01761717271404716,7.088038772540942,75.01731910162161
0.012562251840296981,4.301227546555491,74.50529812805243
0.01281468946993515,5.366670113447762,81.92163579783475
0.010025643709516106,7.599753250717468,79.66630209766248
0.01070073804666911,1.8951367100153025,55.18116710749022
0.011391249854798328,1.877675540946889,92.36426400352657
0.020505248218315023,1.539212850889733,59.841365742064845
0.01191891072711749,2.5666430407701246,62.64889982186764
0.011418537520824144,6.071175175058061,63.11505536731007
0.010938443881201973,5.124120385908393,96.94129317135
0.010443622070157515,0.7311218096668983,98.49889929726275
0.030329321381294003,1.3730408835424224,78.9808376284596
0.010956497782648738,1.7935298102250172,55.04519661345526
0.011532869900286003,2.6119570558155574,65.33570132488359
0.022922134124795806,5.204880753194107,56.98124761795964
0.010754457078254427,6.820119971906992,60.66769435704218
0.022791877159325822,7.017564566616034,54.82241169257626
0.011449998136885764,5.906774524366186,64.21538459253298
0.013323929345939513,0.36424057234233276,74.84635939829008
0.01927789898955245,5.738308480171608,61.221572661607034
0.011608961246671462,0.7268971627320666,87.43773233727613
0.012813938056027742,1.6781875677723586,50.538131421622666
0.010407364314120282,2.7809358825989525,97.59207229939474
0.01420552373784565,6.830888735857011,56.72896604933997
0.011182823654955999,5.7597035666638146,57.38741772229957
0.01661600960491986,4.127172003372632,65.47494914899443
0.013262639221407494,2.835904711586869,55.4825712918131
0.018513930799944234,0.73981100837148,70.58686599362017
0.013166023006977135,4.599979711678237,96.84057424840914
0.014310453725350145,2.3219263139359043,67.70866466522999
0.01031206799772089,2.6207889212572852,53.9199902850729
0.012174336307695812,4.7253891652594735,73.6347545968079
0.01731013254602069,6.179989902160691,72.09083205179482
0.012789079605494053,4.357277953102172,73.43903985700611
0.013436038215804975,5.988919110413093,89.96257874160641
0.010304074462130906,7.157016215394126,74.30574726909401
0.010852070905741903,2.185792723446993,57.076279383859664
0.011390617357966268,1.7804750243723362,93.04222714574578
0.020505248218315023,1.539212850889733,59.841365742064845
0.011921368747036021,2.567998001329417,62.6639681582807
0.011422637399387108,6.70123416351922,58.72046173083536
0.010913566334188987,5.188815111826587,97.80884245627777
0.010443622070157515,0.7311218096668983,98.49889929726275
0.021864868159932847,3.312335558207361,69.43462738691385
0.010956497782648738,1.7935298102250172,55.04519661345526
0.011060387363052659,2.0368082931729283,56.221122763244395
0.023116828742179303,5.553391321834878,54.68796845280443
0.010754457078254427,6.820119971906992,60.66769435704218
0.017822742024606406,4.358489825049715,52.68878796517309
0.011868839156384627,5.356776025132513,66.35173323314821
0.013323929345939513,0.36424057234233276,74.84635939829008
0.01927789898955245,5.738308480171608,61.221572661607034
0.011608961246671462,0.7268971627320666,87.43773233727613
0.012813938056027742,1.6781875677723586,50.538131421622666
0.010682198764776189,3.8366559403382157,83.34293817638812
0.016788203356802384,7.534909702210198,50.81102407114631
0.011182823654955999,5.7597035666638146,57.38741772229957
0.01635698403116406,3.3611227885080983,63.00610283470711
0.011165556439119649,2.7197586600764185,52.08128811001887
0.018513930799944234,0.73981100837148,70.58686599362017
0.013166023006977135,4.599979711678237,96.84057424840914
0.014648944544312334,1.6329020786690505,64.49227530364136
0.01031206799772089,2.6207889212572852,53.9199902850729
0.012607258301116623,4.697268169405219,72.02935121702856
0.01731013254602069,6.179989902160691,72.09083205179482
0.011861702620681562,5.715722553672459,77.90012913405782
0.013436038215804975,5.988919110413093,89.96257874160641
0.010304074462130906,7.157016215394126,74.30574726909401
0.01028809595701151,2.1281014827193214,56.443397608181606
0.011486322413702742,1.9224811160295467,87.56442147354943
0.020505248218315023,1.539212850889733,59.841365742064845
0.011921368747036021,2.567998001329417,62.6639681582807
0.011422637399387108,6.70123416351922,58.72046173083536
0.010913566334188987,5.188815111826587,97.80884245627777
0.010554077245272568,0.7307213819404557,97.45048081261436
0.02070404308395042,3.6983818654652736,69.92373897000752
0.010175448452541971,1.6847819247943738,54.014900164259544
0.010934709059941065,1.770748475065298,64.83606798687244
0.019201676232750386,6.043405872100448,60.68251063189065
0.010754457078254427,6.820119971906992,60.66769435704218
0.01781330243472414,4.392032345070767,53.046072304824094
0.011868839156384627,5.356776025132513,66.35173323314821
0.013323929345939513,0.36424057234233276,74.84635939829008
0.022579329334725774,6.440959581985157,55.00547778321596
0.011608961246671462,0.7268971627320666,87.43773233727613
0.012813938056027742,1.6781875677723586,50.538131421622666
0.010921379099694435,3.0340844503684177,84.39972916432234
0.016788203356802384,7.534909702210198,50.81102407114631
0.011182823654955999,5.7597035666638146,57.38741772229957
0.01635698403116406,3.3611227885080983,63.00610283470711
0.011165556439119649,2.7197586600764185,52.08128811001887
0.018513930799944234,0.73981100837148,70.58686599362017
0.013166023006977135,4.599979711678237,96.84057424840914
0.014648944544312334,1.6329020786690505,64.49227530364136
0.010155717221882639,2.0571730136010604,53.29738741655447
0.011000755000110888,5.680196383652511,72.24698988483395
0.01731013254602069,6.179989902160691,72.09083205179482
0.011311011747712239,6.034301745575328,79.66111922192661
0.013436038215804975,5.988919110413093,89.96257874160641
0.010304074462130906,7.157016215394126,74.30574726909401
0.01028809595701151,2.1281014827193214,56.443397608181606
0.011490450191366807,0.51577843515462,95.68705877862715
0.020505248218315023,1.539212850889733,59.841365742064845
0.011921368747036021,2.567998001329417,62.6639681582807
0.011471771314111097,6.881340936277812,58.93078032519589
0.010913566334188987,5.188815111826587,97.80884245627777
0.010554077245272568,0.7307213819404557,97.45048081261436
0.021132282266575018,4.324675178884124,66.5170142770864
0.010175448452541971,1.6847819247943738,54.014900164259544
0.010934709059941065,1.770748475065298,64.83606798687244
0.01911609538264246,6.012303089026191,60.92763948313659
0.010754457078254427,6.820119971906992,60.66769435704218
0.01781330243472414,4.392032345070767,53.046072304824094
0.011293383979405068,5.870735085571963,61.92712603675435
0.013323929345939513,0.36424057234233276,74.84635939829008
0.02345486955658866,6.275569063004906,55.63962267104241
0.011553179372728461,1.6361290636245647,82.92844230763662
0.012813938056027742,1.6781875677723586,50.538131421622666
0.011212268304356853,3.1773220854568773,83.83928723751836
0.016788203356802384,7.534909702210198,50.81102407114631
0.011232679601674513,6.561240987295228,55.89069194245162
0.016075528599274778,3.277989624050573,64.425226707774
0.011165556439119649,2.7197586600764185,52.08128811001887
0.01649100429240093,2.3210243674701143,71.50320645087184
0.013166023006977135,4.599979711678237,96.84057424840914
0.016756412114621245,0.9103981122888354,65.90492092883692
0.010153268395042296,2.1033901659479666,53.208337498421905
0.011000755000110888,5.680196383652511,72.24698988483395
0.017721100973097592,6.141830763756529,69.55051416813347
0.011311011747712239,6.034301745575328,79.66111922192661
0.01263920297008684,4.645158723333008,81.95815864185639
0.010304074462130906,7.157016215394126,74.30574726909401
0.01028809595701151,2.1281014827193214,56.443397608181606
0.011490450191366807,0.51577843515462,95.68705877862715
0.020505248218315023,1.539212850889733,59.841365742064845
0.011382951657265534,3.4139797452932372,57.98737333377241
0.011471771314111097,6.881340936277812,58.93078032519589
0.010913566334188987,5.188815111826587,97.80884245627777
0.010554077245272568,0.7307213819404557,97.45048081261436
0.021034320350361197,4.148828863494661,67.3551997636792
0.010175448452541971,1.6847819247943738,54.014900164259544
0.010934709059941065,1.770748475065298,64.83606798687244
0.01911609538264246,6.012303089026191,60.92763948313659
0.010754457078254427,6.820119971906992,60.66769435704218
0.015892154656533927,5.052864947852208,55.12038637920796
0.011257676196487187,5.933638661835068,61.84367963071478
0.013322037454707699,0.36956972194435167,74.85088467140689
0.02201628681199039,5.911505532013744,58.95326084425304
0.011326414937824032,3.1079106540463957,76.60841597997461
0.012813938056027742,1.6781875677723586,50.538131421622666
0.01122077133044084,3.260612994979148,89.62024018352251
0.016788203356802384,7.534909702210198,50.81102407114631
0.011232679601674513,6.561240987295228,55.89069194245162
0.01596491491850212,3.5521997880454386,64.19322819910865
0.011165556439119649,2.7197586600764185,52.08128811001887
0.0188747679416718,0.6930348519448541,75.89504560399203
0.013166023006977135,4.599979711678237,96.84057424840914
0.017052144898584972,0.8569679771504599,66.47355855421088
0.01026592240392296,2.987236679174341,54.606112402143
0.011000755000110888,5.680196383652511,72.24698988483395
0.017518577545680918,6.444255291753548,65.48234452530126
0.011311011747712239,6.034301745575328,79.66111922192661
0.01263920297008684,4.645158723333008,81.95815864185639
0.010304074462130906,7.157016215394126,74.30574726909401
0.01028809595701151,2.1281014827193214,56.443397608181606
0.011490450191366807,0.51577843515462,95.68705877862715
0.020505248218315023,1.539212850889733,59.841365742064845
0.011382951657265534,3.4139797452932372,57.98737333377241
0.011471771314111097,6.881340936277812,58.93078032519589
0.011690315248391944,4.944102812216552,90.67408350059517
0.010554077245272568,0.7307213819404557,97.45048081261436
0.030011849939152315,2.407971992703683,55.993145902342434
0.010175448452541971,1.6847819247943738,54.014900164259544
0.010761888664848876,1.1807933349412858,59.64211521208534
0.01911609538264246,6.012303089026191,60.92763948313659
0.010754457078254427,6.820119971906992,60.66769435704218
0.01635633751229537,4.964647889263904,54.44699076662492
0.011257676196487187,5.933638661835068,61.84367963071478
0.013322037454707699,0.36956972194435167,74.85088467140689
0.02201628681199039,5.911505532013744,58.95326084425304
0.012022397211766057,2.1529020125679317,75.99546907928949
0.012813938056027742,1.6781875677723586,50.538131421622666
0.01122077133044084,3.260612994979148,89.62024018352251
0.016788203356802384,7.534909702210198,50.81102407114631
0.011232679601674513,6.561240987295228,55.89069194245162
0.01596491491850212,3.5521997880454386,64.19322819910865
0.011697578476355025,2.383587248815176,51.583227857033336
0.02429255863771623,0.668496296309716,61.85981216201345
0.013166023006977135,4.599979711678237,96.84057424840914
0.016472855587978143,0.9267025909732497,65.42404769002931
0.01026592240392296,2.987236679174341,54.606112402143
0.010809056726884021,5.19134423609393,77.66653545604869
0.017518577545680918,6.444255291753548,65.48234452530126
0.011358022151255111,6.281998694898745,73.59901281702432
0.013927668723336296,5.8652318048840435,95.71958294048906
0.010040898311045703,7.494645420826564,77.74504365192416
0.010452730033272892,2.321459730654944,56.675566118875444
0.011490450191366807,0.51577843515462,95.68705877862715
0.01667667024463064,1.4432236304428878,67.51146793468942
0.011382951657265534,3.4139797452932372,57.98737333377241
0.013098924216096765,6.242849711647924,57.43713464692996
0.011843923703387039,4.815069579402141,89.8630879388165
0.010611663489887251,2.4807258187135925,86.87964388297203
0.030011849939152315,2.407971992703683,55.993145902342434
0.010175448452541971,1.6847819247943738,54.014900164259544
0.010761888664848876,1.1807933349412858,59.64211521208534
0.01651598263120898,4.226550285556101,66.78425768019632
0.010381740997523151,7.476704405129396,59.79668487763243
0.01635633751229537,4.964647889263904,54.44699076662492
0.011257676196487187,5.933638661835068,61.84367963071478
0.013322037454707699,0.36956972194435167,74.85088467140689
0.02201628681199039,5.911505532013744,58.95326084425304
0.01230373543909407,1.3335864215539734,76.27212452068362
0.012710051407258716,1.5818067520774908,50.423497738190015
0.01135698593472765,3.354401017120808,90.12583797291413
0.016788203356802384,7.534909702210198,50.81102407114631
0.011232679601674513,6.561240987295228,55.89069194245162
0.01654077774593166,3.7379468749397144,65.20563941093894
0.011697578476355025,2.383587248815176,51.583227857033336
0.02429255863771623,0.668496296309716,61.85981216201345
0.013166023006977135,4.599979711678237,96.84057424840914
0.016472855587978143,0.9267025909732497,65.42404769002931
0.010051599737431086,2.1949072968315733,54.321330956460294
0.010316788119755435,6.715910312439338,94.54668757893042
0.017518577545680918,6.444255291753548,65.48234452530126
0.011358022151255111,6.281998694898745,73.59901281702432
0.013944997132755843,6.0224744829582875,96.31668115253898
0.010040898311045703,7.494645420826564,77.74504365192416
0.010452730033272892,2.321459730654944,56.675566118875444
0.011490450191366807,0.51577843515462,95.68705877862715
0.016580208965693632,1.4408051755930422,67.70471667408133
0.011382951657265534,3.4139797452932372,57.98737333377241
0.013098924216096765,6.242849711647924,57.43713464692996
0.010761036001902596,4.269317701101034,86.81956469081817
0.010611663489887251,2.4807258187135925,86.87964388297203
0.03108459896408035,2.134738945938576,54.8247325219626
0.010609632974704776,2.3065533010369257,55.44329087838967
0.010761888664848876,1.1807933349412858,59.64211521208534
0.016512834159200396,4.288592916890127,66.98470988574506
0.0102682248194354,7.956530659717584,56.266443998983526
0.018299533681947946,5.834663913149427,53.71344621718404
0.011257676196487187,5.933638661835068,61.84367963071478
0.013322037454707699,0.36956972194435167,74.85088467140689
0.018830161823938936,5.318080630225227,70.60483091315129
0.01230373543909407,1.3335864215539734,76.27212452068362
0.012161629575659253,2.300271167328054,66.51557206300619
0.01135698593472765,3.354401017120808,90.12583797291413
0.016788203356802384,7.534909702210198,50.81102407114631
0.01125689883527203,6.507284574788173,59.31237086406391
0.019288688790523194,5.2972819409067675,58.02852989546372
0.011697578476355025,2.383587248815176,51.583227857033336
0.0216529681547687,0.8766347881797413,59.25353822559498
0.01311365812864206,4.2533654490326995,91.50992522195992
0.0162987739012885,0.008193733551094873,65.41434299621653
0.010210756697234088,2.0091721886339293,58.89695829994561
0.010316788119755435,6.715910312439338,94.54668757893042
0.017518577545680918,6.444255291753548,65.48234452530126
0.011358022151255111,6.281998694898745,73.59901281702432
0.013944997132755843,6.0224744829582875,96.31668115253898
0.010040898311045703,7.494645420826564,77.74504365192416
0.010453699811687589,2.3213675976869332,56.6679497292891
0.011490450191366807,0.51577843515462,95.68705877862715
0.016571782604713668,1.4486167774405159,67.7142275301246
0.012045598801395467,3.6160310375158886,57.62930122407272
0.013996048197086629,6.557040630307783,55.82585979579763
0.010761036001902596,4.269317701101034,86.81956469081817
0.010611663489887251,2.4807258187135925,86.87964388297203
0.027695543542344405,2.1143520572099486,55.48589488368679
0.010609632974704776,2.3065533010369257,55.44329087838967
0.010761888664848876,1.1807933349412858,59.64211521208534
0.013843836965363985,6.060240636359457,70.99909462431388
0.0102682248194354,7.956530659717584,56.266443998983526
0.018517527138652384,5.589421393603726,54.132089994724424
0.011257676196487187,5.933638661835068,61.84367963071478
0.013322037454707699,0.36956972194435167,74.85088467140689
0.018830161823938936,5.318080630225227,70.60483091315129
0.012653280944142769,0.7280946231786813,90.50918419973908
0.01199649889607821,2.176784458955154,66.80977075878438
0.010375876082976576,3.7129545353478712,94.34234979313183
0.016788203356802384,7.534909702210198,50.81102407114631
0.011256272801428211,6.96925997165004,57.273826972007875
0.016692379317147274,5.688420319606795,58.44353682264382
0.011697578476355025,2.383587248815176,51.583227857033336
0.0216529681547687,0.8766347881797413,59.25353822559498
0.01311365812864206,4.2533654490326995,91.50992522195992
0.0162987739012885,0.008193733551094873,65.41434299621653
0.010210756697234088,2.0091721886339293,58.89695829994561
0.010316788119755435,6.715910312439338,94.54668757893042
0.018612159282528233,7.296155678182426,66.42759570210944
0.011078624479124135,7.48567545547054,70.01390184748617
0.013533446398715834,5.586191601462563,91.64292723804826
0.010040898311045703,7.494645420826564,77.74504365192416
0.010453699811687589,2.3213675976869332,56.6679497292891
0.011519813407258729,0.5886535760520832,95.62893399743852
0.015773557832597904,1.5624843644236712,66.27302235546594
0.012291757734046043,4.487753249553783,61.90576113078808
0.013996048197086629,6.557040630307783,55.82585979579763
0.013152398777329936,5.038985894699144,79.26873667084195
0.010630477095265982,2.611728441186468,86.01556676477726
0.027695543542344405,2.1143520572099486,55.48589488368679
0.010609632974704776,2.3065533010369257,55.44329087838967
0.010761888664848876,1.1807933349412858,59.64211521208534
0.013843836965363985,6.060240636359457,70.99909462431388
0.0102682248194354,7.956530659717584,56.266443998983526
0.018517527138652384,5.589421393603726,54.132089994724424
0.011257676196487187,5.933638661835068,61.84367963071478
0.013322037454707699,0.36956972194435167,74.85088467140689
0.015948096675471802,6.359587331089134,75.51987687467599
0.01264081063587794,0.7556008695590373,90.05920388712964
0.012329572861669006,2.4454836038166157,68.74346561772845
0.010377594152365353,3.7112265024314772,94.28676758426434
0.016788203356802384,7.534909702210198,50.81102407114631
0.011256272801428211,6.96925997165004,57.273826972007875
0.016692379317147274,5.688420319606795,58.44353682264382
0.01161598604403317,3.0420455994810522,53.48632146497574
0.018238370331727382,3.4098075952249003,57.72496755107342
0.01311365812864206,4.2533654490326995,91.50992522195992
0.0162987739012885,0.008193733551094873,65.41434299621653
0.010104520537926306,1.8948043606604585,57.84997339153104
0.010353386935642923,6.721969293399931,93.70763386618736
0.016726677333245052,6.252757506216558,75.02853589146014
0.011078624479124135,7.48567545547054,70.01390184748617
0.013022618515380883,5.456512044150631,95.88102707538914
0.010040898311045703,7.494645420826564,77.74504365192416
0.010453699811687589,2.3213675976869332,56.6679497292891
0.011519813407258729,0.5886535760520832,95.62893399743852
0.014811406770049437,2.9364193046546587,63.82029454893514
0.012291757734046043,4.487753249553783,61.90576113078808
0.01197269650040975,6.990048070931703,56.58381798714879
0.01367007018377605,4.511991534123266,85.27368359059282
0.010630477095265982,2.611728441186468,86.01556676477726
0.03142248823782741,2.2868720065130916,52.113719434962725
0.010609632974704776,2.3065533010369257,55.44329087838967
0.010761888664848876,1.1807933349412858,59.64211521208534
0.013918417222309916,6.389095780355013,69.81748470323626
0.0102682248194354,7.956530659717584,56.266443998983526
0.018433273562843577,5.607452082625463,54.16365182751889
0.011257676196487187,5.933638661835068,61.84367963071478
0.013322037454707699,0.36956972194435167,74.85088467140689
0.01561468183463018,6.11453725133052,74.3758910206203
0.01264081063587794,0.7556008695590373,90.05920388712964
0.010568425585479664,0.43517372944236055,75.82673269259803
0.010416693394902763,1.7791671985563857,94.11963490884435
0.016788203356802384,7.534909702210198,50.81102407114631
0.011256272801428211,6.96925997165004,57.273826972007875
0.014763085092597019,6.142995029671159,58.028402488409206
0.01161598604403317,3.0420455994810522,53.48632146497574
0.018238370331727382,3.4098075952249003,57.72496755107342
0.012733926916862485,3.958134654364672,86.04048065884919
0.016429838668295248,1.8996249589640168,63.09316790517989
0.010781741901957034,3.7418508727844233,57.39098692170688
0.010353386935642923,6.721969293399931,93.70763386618736
0.016726677333245052,6.252757506216558,75.02853589146014
0.01086192882245052,7.711880731088549,70.29415468978993
0.013022618515380883,5.456512044150631,95.88102707538914
0.010040898311045703,7.494645420826564,77.74504365192416
0.010501643835330924,1.720527353936677,54.21999184205207
0.011519813407258729,0.5886535760520832,95.62893399743852
0.014811406770049437,2.9364193046546587,63.82029454893514
0.012152713272150367,4.726105828328073,61.518262706428764
0.01197269650040975,6.990048070931703,56.58381798714879
0.01367007018377605,4.511991534123266,85.27368359059282
0.010660511681355313,2.1685872021290793,88.48208705576144
0.03142248823782741,2.2868720065130916,52.113719434962725
0.010609632974704776,2.3065533010369257,55.44329087838967
0.010761888664848876,1.1807933349412858,59.64211521208534
0.013918417222309916,6.389095780355013,69.81748470323626
0.0102682248194354,7.956530659717584,56.266443998983526
0.018433273562843577,5.607452082625463,54.16365182751889
0.011257676196487187,5.933638661835068,61.84367963071478
0.013322037454707699,0.36956972194435167,74.85088467140689
0.017228599286216745,7.460621312191738,68.24567869130405
0.011966913247763061,0.9081011310309336,79.14975850928647
0.010547663303978435,0.35515451237686313,77.56365110212482
0.010416693394902763,1.7791671985563857,94.11963490884435
0.016788203356802384,7.534909702210198,50.81102407114631
0.011256272801428211,6.96925997165004,57.273826972007875
0.014763085092597019,6.142995029671159,58.028402488409206
0.011696187208740239,3.9296966083498823,54.18274856520102
0.018760184404265804,3.1121287040016172,57.820458670204864
0.013647298009670163,6.4929772290903065,78.82713854962498
0.019422581376740064,2.68542313415478,55.73085202829512
0.010781741901957034,3.7418508727844233,57.39098692170688
0.010340133287027646,6.950345007097999,95.6867558003699
0.01575321417483809,5.159672642734035,75.87140505766193
0.012034162034607906,7.100224924901428,71.63078456163849
0.012395054095024914,6.015916174847969,83.55706220433453
0.010161140766383414,6.397773760168146,73.02998462145881
0.010501643835330924,1.720527353936677,54.21999184205207
0.011519813407258729,0.5886535760520832,95.62893399743852
0.012491873689341468,3.0626764886183167,67.88948106464088
0.012152713272150367,4.726105828328073,61.518262706428764
0.01197269650040975,6.990048070931703,56.58381798714879
0.01367007018377605,4.511991534123266,85.27368359059282
0.010673378051289244,1.9787520867812374,89.53870766038573
0.03142248823782741,2.2868720065130916,52.113719434962725
0.010609632974704776,2.3065533010369257,55.44329087838967
0.010761888664848876,1.1807933349412858,59.64211521208534
0.014241242971553589,6.2950379121399695,65.31178556068075
0.0102682248194354,7.956530659717584,56.266443998983526
0.01936678195178251,6.2858682738251375,50.55656235866323
0.011257676196487187,5.933638661835068,61.84367963071478
0.013322037454707699,0.36956972194435167,74.85088467140689
0.017228599286216745,7.460621312191738,68.24567869130405
0.012058264197708477,2.7852717995724934,70.48100889065229
0.01053876315635634,0.35281761928524036,77.58554596731315
0.010521707797472591,2.343777242152517,83.5538143369679
0.016788203356802384,7.534909702210198,50.81102407114631
0.01076856621365235,7.465749864993876,51.61646955272817
0.01472651534674358,6.153649918087584,58.53880871505422
0.011603655630829405,4.0305236824740795,52.588772021554675
0.01919506104847978,3.2636955775573715,55.54957740183467
0.013647298009670163,6.4929772290903065,78.82713854962498
0.019422581376740064,2.68542313415478,55.73085202829512
0.010781741901957034,3.7418508727844233,57.39098692170688
0.010677462105184197,6.899133794007793,93.33297588254848
0.015674232005020966,5.1077885809267745,76.08742662953445
0.01207756830792066,7.216619174875761,72.1243062898216
0.012395054095024914,6.015916174847969,83.55706220433453
0.010161140766383414,6.397773760168146,73.02998462145881
0.010389087336563615,1.7744414813816363,53.39665248709038
0.012265564548516492,1.8828500593819166,87.00324823658013
0.012491873689341468,3.0626764886183167,67.88948106464088
0.012136146787187836,4.72954601591862,61.5323034977224
0.01197269650040975,6.990048070931703,56.58381798714879
0.013520778411916127,4.477207038164408,82.91230438221062
0.010916451090995514,1.9823616702674665,89.1002789486414
0.03545037578471294,1.5979115199043372,50.24897200859609
0.010782766190498847,2.6068246622910127,54.94610701021163
0.01035783703033893,1.3088234822838358,57.24181403300321
0.013789311890058543,6.426711653175595,71.6194158880541
0.013123210017965771,7.796108376112346,59.4925506320138
0.018996483329071053,6.2454674570135635,51.1103287342182
0.012453020787531577,5.531553833683321,60.895808109418496
0.013322037454707699,0.36956972194435167,74.85088467140689
0.018033132788695994,7.520218671461213,65.0407175459694
0.012058264197708477,2.7852717995724934,70.48100889065229
0.010524700994877423,0.15668057548616687,78.75428667174307
0.010509148333388793,3.809907978311949,87.94881140164836
0.016788203356802384,7.534909702210198,50.81102407114631
0.01076856621365235,7.465749864993876,51.61646955272817
0.014237295350143427,5.618048026508422,62.46296362693397
0.011638766631331095,4.092573167287875,52.93216772827403
0.01919506104847978,3.2636955775573715,55.54957740183467
0.01352547770941727,6.549820210440329,85.0099633296454
0.016404535104191847,1.892981055215737,63.15541610019331
0.010781741901957034,3.7418508727844233,57.39098692170688
0.010677462105184197,6.899133794007793,93.33297588254848
0.015628374449869458,5.30965437278655,76.8994598616848
0.012040305517682896,6.852756632595634,65.5731644224154
0.01172622483226373,5.992658996837958,86.84442984192191
0.010202467039891942,6.2231353028622705,72.1559612933434
0.011103101061608736,2.4171948490888786,53.1081479231769
0.012676056676532106,1.8525718550641483,86.36518878004644
0.011512342052650568,0.5229186266998544,65.07347860663627
0.011908526888152996,4.6501464929470835,61.74402836533279
0.01197269650040975,6.990048070931703,56.58381798714879
0.013520778411916127,4.477207038164408,82.91230438221062
0.011166269061103812,3.1667550322671603,81.40964550294368
0.03212279362256546,1.4484787295631918,52.309699479800386
0.010782766190498847,2.6068246622910127,54.94610701021163
0.01035783703033893,1.3088234822838358,57.24181403300321
0.013789311890058543,6.426711653175595,71.6194158880541
0.013123210017965771,7.796108376112346,59.4925506320138
0.018996483329071053,6.2454674570135635,51.1103287342182
0.011955330315948828,6.022993409379186,50.63374098634687
0.013322037454707699,0.36956972194435167,74.85088467140689
0.018033132788695994,7.520218671461213,65.0407175459694
0.012058264197708477,2.7852717995724934,70.48100889065229
0.010524700994877423,0.15668057548616687,78.75428667174307
0.010509148333388793,3.809907978311949,87.94881140164836
0.016788203356802384,7.534909702210198,50.81102407114631
0.010735048851716753,7.484289079106366,51.54238818103292
0.014331134186630753,5.495212608265306,59.49059528800922
0.011638766631331095,4.092573167287875,52.93216772827403
0.016511818686072266,2.3021583146695037,62.7308084620718
0.01352547770941727,6.549820210440329,85.0099633296454
0.016404535104191847,1.892981055215737,63.15541610019331
0.010781741901957034,3.7418508727844233,57.39098692170688
0.010677462105184197,6.899133794007793,93.33297588254848
0.015438401424154662,6.145919087318622,80.26345102045669
0.011901992563525789,6.912240169883932,65.13655815551549
0.011879892548089542,5.761403001840216,92.31750850048951
0.010202467039891942,6.2231353028622705,72.1559612933434
0.011103101061608736,2.4171948490888786,53.1081479231769
0.012676056676532106,1.8525718550641483,86.36518878004644
0.011512342052650568,0.5229186266998544,65.07347860663627
0.01210290519901456,5.0386087172118135,56.59410700114118
0.011726291201848597,6.123171499376314,56.68421911500898
0.01221817451108139,3.5873763208989877,69.6074412762953
0.010914096408937927,1.8829725818065706,86.98732187432381
0.03212279362256546,1.4484787295631918,52.309699479800386
0.010782766190498847,2.6068246622910127,54.94610701021163
0.010501463309567966,2.13317511104914,57.292356379649455
0.013456575772944896,6.88941475159193,72.07737329078898
0.013123210017965771,7.796108376112346,59.4925506320138
0.020052049485372776,6.278819391689696,51.18177582480457
0.011955330315948828,6.022993409379186,50.63374098634687
0.013322037454707699,0.36956972194435167,74.85088467140689
0.016386349985985798,7.034968676351126,63.25324727687965
0.01200699375890474,3.3007823514127987,68.35021067904498
0.011578266115280287,1.6343082811490461,73.42237821316887
0.010509148333388793,3.809907978311949,87.94881140164836
0.015599286590644086,7.298096307055375,54.6644054570521
0.010735048851716753,7.484289079106366,51.54238818103292
0.014331134186630753,5.495212608265306,59.49059528800922
0.011823469437209445,4.333129566663513,56.07247835812177
0.019814191558766327,1.7680278797599827,51.19139922169602
0.012972603968533164,5.2969682037636225,78.49605745262656
0.01610666899210873,3.2041930983608973,68.42994896492577
0.011083241493120765,5.472325827521308,57.49708517149862
0.010677462105184197,6.899133794007793,93.33297588254848
0.015438401424154662,6.145919087318622,80.26345102045669
0.011740520648346473,6.6282640812292435,63.629921549740274
0.011879892548089542,5.761403001840216,92.31750850048951
0.010202467039891942,6.2231353028622705,72.1559612933434
0.010499897016137648,0.8110525716986379,51.20176681944086
0.012580782578681737,2.382181913950977,81.41638716341285
0.01152596638793509,0.32028805412817274,63.06240220014923
0.01210290519901456,5.0386087172118135,56.59410700114118
0.01188766525128805,5.3975566223278575,61.72729384641333
0.01221817451108139,3.5873763208989877,69.6074412762953
0.010914096408937927,1.8829725818065706,86.98732187432381
0.03212279362256546,1.4484787295631918,52.309699479800386
0.01068253929448619,2.4380655505404816,55.78206464702014
0.01014814246203218,2.433200997391237,51.49940440765756
0.01291558706448201,6.8913066829170315,76.2150381611078
0.013123210017965771,7.796108376112346,59.4925506320138
0.020052049485372776,6.278819391689696,51.18177582480457
0.011955330315948828,6.022993409379186,50.63374098634687
0.013322037454707699,0.36956972194435167,74.85088467140689
0.015420611654415784,7.111752044603425,61.252004508927705
0.01202648502464557,3.248029621532131,67.98395710835369
0.011458727977907233,1.320304365986828,72.9874060401778
0.01098244428261133,3.7482802903326276,82.86937125214686
0.014756960631956612,7.467512914819082,56.30687163037519
0.010735048851716753,7.484289079106366,51.54238818103292
0.014541725631878456,5.618970643554347,63.441390147975156
0.011823469437209445,4.333129566663513,56.07247835812177
0.019814191558766327,1.7680278797599827,51.19139922169602
0.013971620874266647,7.92119530489852,82.13125341511326
0.01610666899210873,3.2041930983608973,68.42994896492577
0.011083241493120765,5.472325827521308,57.49708517149862
0.010677462105184197,6.899133794007793,93.33297588254848
0.014431831558292712,6.3051656509655025,83.0266431146924
0.011740520648346473,6.6282640812292435,63.629921549740274
0.011481345590955086,4.331726560865368,80.44315575231009
0.010202467039891942,6.2231353028622705,72.1559612933434
0.010499897016137648,0.8110525716986379,51.20176681944086
0.012580782578681737,2.382181913950977,81.41638716341285
0.01152596638793509,0.32028805412817274,63.06240220014923
0.012278143583408818,4.269898690196278,53.19179646632101
0.011856828364754986,5.875044220961115,60.33746291370353
0.013119405835659874,2.1050972762701163,77.72259360018754
0.010921993457356656,1.8348092026035951,87.15190751077756
0.0290714104717329,2.309605987230853,52.20022740625602
0.01068253929448619,2.4380655505404816,55.78206464702014
0.01014814246203218,2.433200997391237,51.49940440765756
0.013770305330294278,7.711718443705417,89.03274023454921
0.013123210017965771,7.796108376112346,59.4925506320138
0.020052049485372776,6.278819391689696,51.18177582480457
0.011955330315948828,6.022993409379186,50.63374098634687
0.013322037454707699,0.36956972194435167,74.85088467140689
0.017323366948040875,7.7095797689086165,67.08239897139727
0.012851819183379319,3.6060611704109613,75.22718563659501
0.012019042018669285,2.3646113093355456,70.1536648770879
0.010531277926601001,3.9644560220331897,89.30187698355587
0.015990985798307846,7.2193140371494,53.90062429600647
0.010698112723300065,7.631564843824912,51.007004875469406
0.011755852930745124,5.28536872410608,69.63952401041337
0.010507977500932394,5.012020249146379,52.198593887390395
0.019814191558766327,1.7680278797599827,51.19139922169602
0.013971620874266647,7.92119530489852,82.13125341511326
0.017159775401760016,1.5792028428982157,71.7869287755434
0.010910231953098693,5.738584110067663,57.8300509443567
0.010677462105184197,6.899133794007793,93.33297588254848
0.015036456312414074,6.141177937489342,87.8297882426937
0.011111066710475116,6.292275431285305,55.75228585941622
0.011994574279805782,5.548393432111757,96.2877722876886
0.01020738225431143,6.225782403271018,72.13465049018484
0.010499897016137648,0.8110525716986379,51.20176681944086
0.0117076947320066,2.400492942119642,70.67901837858227
0.01152596638793509,0.32028805412817274,63.06240220014923
0.011831252132378445,4.32206471937322,53.218183454570294
0.011856828364754986,5.875044220961115,60.33746291370353
0.013119405835659874,2.1050972762701163,77.72259360018754
0.011043579910715359,1.172086113044558,86.48286023098547
0.024444059039126005,2.63663223280453,58.61739255911106
0.01068253929448619,2.4380655505404816,55.78206464702014
0.01014814246203218,2.433200997391237,51.49940440765756
0.013770305330294278,7.711718443705417,89.03274023454921
0.013173911571631707,7.823413818353298,59.2727248547855
0.015392824515429011,5.66039339841726,51.67816605685786
0.011955330315948828,6.022993409379186,50.63374098634687
0.013322037454707699,0.36956972194435167,74.85088467140689
0.01756630279985715,7.739204987433259,66.12282967069719
0.012767400435086467,3.461850260814424,74.81046710443769
0.012019042018669285,2.3646113093355456,70.1536648770879
0.010531277926601001,3.9644560220331897,89.30187698355587
0.015990985798307846,7.2193140371494,53.90062429600647
0.010777702055106827,7.296247041346275,53.998201588479006
0.01178693292777297,5.466869431375711,66.77637185787749
0.010507977500932394,5.012020249146379,52.198593887390395
0.018358960846202324,2.5191129026499914,52.8640177083943
0.013126562913593386,6.512424395472195,75.36140256597565
0.023009484155621734,1.9685812239449816,57.73130890418315
0.010910231953098693,5.738584110067663,57.8300509443567
0.010677462105184197,6.899133794007793,93.33297588254848
0.015645062436776106,6.525615908061635,82.607737025846
0.011111066710475116,6.292275431285305,55.75228585941622
0.012758350078270097,6.478880786946956,93.16724460544394
0.01073540659675183,6.119502652905825,68.54382394543123
0.010499897016137648,0.8110525716986379,51.20176681944086
0.011673917953463866,2.474017750485333,70.15872143756407
0.01152596638793509,0.32028805412817274,63.06240220014923
0.011831252132378445,4.32206471937322,53.218183454570294
0.01199014467659592,5.866951323012198,60.010984752840606
0.013119405835659874,2.1050972762701163,77.72259360018754
0.011043579910715359,1.172086113044558,86.48286023098547
0.024444059039126005,2.63663223280453,58.61739255911106
0.01068253929448619,2.4380655505404816,55.78206464702014
0.01014814246203218,2.433200997391237,51.49940440765756
0.013770305330294278,7.711718443705417,89.03274023454921
0.013173911571631707,7.823413818353298,59.2727248547855
0.015392824515429011,5.66039339841726,51.67816605685786
0.01101284768491911,6.122410075273336,50.34738341561484
0.013863289513636872,1.309386141660319,73.73783509617708
0.01756630279985715,7.739204987433259,66.12282967069719
0.012477049652832615,3.9393849078475958,77.38376069692364
0.011039759530170409,3.864009723423006,66.62341069354888
0.010443047147844069,4.079542598992029,90.78004638247424
0.01682126821176283,5.5712838583069395,53.53715922481357
0.010767981621871382,6.8000064056284115,54.180414900163505
0.01178693292777297,5.466869431375711,66.77637185787749
0.010507977500932394,5.012020249146379,52.198593887390395
0.018358960846202324,2.5191129026499914,52.8640177083943
0.013126562913593386,6.512424395472195,75.36140256597565
0.02374234399729001,2.0895471866347544,56.436205047249224
0.010910231953098693,5.738584110067663,57.8300509443567
0.010673049773980146,6.958500797125226,95.22060912696874
0.015645062436776106,6.525615908061635,82.607737025846
0.011111066710475116,6.292275431285305,55.75228585941622
0.012758350078270097,6.478880786946956,93.16724460544394
0.01073540659675183,6.119502652905825,68.54382394543123
0.010499897016137648,0.8110525716986379,51.20176681944086
0.011441221073095755,3.5851820006154984,66.05456758573354
0.01152596638793509,0.32028805412817274,63.06240220014923
0.011708540325860859,4.5920090380580545,52.78773484199908
0.01199014467659592,5.866951323012198,60.010984752840606
0.014140206268701822,2.563911374315972,73.41467747734575
0.011043579910715359,1.172086113044558,86.48286023098547
0.02330653216393583,3.0745617482447773,57.8592841338797
0.01068253929448619,2.4380655505404816,55.78206464702014
0.010793818591980977,2.4168786659916393,51.733884845735
0.012321913619042696,7.271887070661142,72.21915714537442
0.013173911571631707,7.823413818353298,59.2727248547855
0.013988491636588846,4.796270016110663,51.63030026463408
0.01101284768491911,6.122410075273336,50.34738341561484
0.013540938618632536,1.6010370902255553,72.92561029705796
0.01756630279985715,7.739204987433259,66.12282967069719
0.012477049652832615,3.9393849078475958,77.38376069692364
0.011039759530170409,3.864009723423006,66.62341069354888
0.010443047147844069,4.079542598992029,90.78004638247424
0.01682126821176283,5.5712838583069395,53.53715922481357
0.010767981621871382,6.8000064056284115,54.180414900163505
0.011995828724094177,5.407857790902106,66.59569907570041
0.010522911821272882,5.038995059215938,52.40767046372042
0.018358960846202324,2.5191129026499914,52.8640177083943
0.013126562913593386,6.512424395472195,75.36140256597565
0.02374234399729001,2.0895471866347544,56.436205047249224
0.011024939228222872,7.40132322852316,58.86178788787813
0.010673049773980146,6.958500797125226,95.22060912696874
0.014772170201648454,6.721639119437736,79.87896645039763
0.011111066710475116,6.292275431285305,55.75228585941622
0.012537758632785683,6.550074443971319,93.90563099034652
0.01078339859088505,6.120005581286499,65.39618826925508
0.010520605365485913,1.0419691830790474,53.14046455762494
0.011799553894581063,4.2318298625847515,73.98096700728573
0.01152596638793509,0.32028805412817274,63.06240220014923
0.011708540325860859,4.5920090380580545,52.78773484199908
0.011967363850121501,5.854012063874231,59.70326775822884
0.012971256269691814,1.2526891284881474,82.08132727324349
0.011043579910715359,1.172086113044558,86.48286023098547
0.02330653216393583,3.0745617482447773,57.8592841338797
0.01068253929448619,2.4380655505404816,55.78206464702014
0.010793818591980977,2.4168786659916393,51.733884845735
0.012321913619042696,7.271887070661142,72.21915714537442
0.011959504242644844,6.547888029410004,56.12788398285617
0.013988491636588846,4.796270016110663,51.63030026463408
0.01101284768491911,6.122410075273336,50.34738341561484
0.013767540206770382,1.7395988720695132,69.28375618098431
0.01756630279985715,7.739204987433259,66.12282967069719
0.012640338073695708,3.116387839084411,84.09010660276681
0.011039660639943983,3.9336899377946506,66.10935052641179
0.010806199819031118,4.226602701308972,79.87757005137618
0.017436065494124072,5.406186499557141,52.78061678549355
0.010767981621871382,6.8000064056284115,54.180414900163505
0.01214592437473022,6.075509876156878,63.46103894174351
0.010570749383613083,5.144780198081337,52.2065030917935
0.01723164698127691,3.170250221075538,59.07657628843188
0.013960209628667753,7.542541395600165,79.05728372335814
0.02374234399729001,2.0895471866347544,56.436205047249224
0.011154219124776798,7.093110422948616,60.510780063780714
0.010673049773980146,6.958500797125226,95.22060912696874
0.014772170201648454,6.721639119437736,79.87896645039763
0.010232994223284242,6.5239505459020855,55.60058216082224
0.012537758632785683,6.550074443971319,93.90563099034652
0.010351985742938158,7.274179190100072,68.98149402065764
0.012269053481106788,2.14538202925488,53.049483603734686
0.011799553894581063,4.2318298625847515,73.98096700728573
0.012169388615262684,1.1105579550171232,63.38840176795276
0.011708540325860859,4.5920090380580545,52.78773484199908
0.013049743509626892,6.403668510815137,65.51327888272654
0.013008158162988113,1.160929970486972,82.67928350117785
0.011043579910715359,1.172086113044558,86.48286023098547
0.02330653216393583,3.0745617482447773,57.8592841338797
0.01068253929448619,2.4380655505404816,55.78206464702014
0.010793818591980977,2.4168786659916393,51.733884845735
0.012321913619042696,7.271887070661142,72.21915714537442
0.011745125007019689,6.616313965519572,62.64243132132361
0.013988491636588846,4.796270016110663,51.63030026463408
0.01101284768491911,6.122410075273336,50.34738341561484
0.013767540206770382,1.7395988720695132,69.28375618098431
0.01674801524047988,7.497239186989743,66.01239431613782
0.012598914105081804,2.939958218719418,82.26921742670751
0.011039660639943983,3.9336899377946506,66.10935052641179
0.010800406713704271,4.707659346135174,76.19828710202462
0.017436065494124072,5.406186499557141,52.78061678549355
0.010421933449790796,7.383807230785439,52.43799730950549
0.012119104982454509,5.8931912951863605,62.126369833879345
0.011402166955430074,3.6764022167067365,52.619190555341106
0.01723164698127691,3.170250221075538,59.07657628843188
0.013979517942694478,7.545971967820019,78.96234262636098
0.02374234399729001,2.0895471866347544,56.436205047249224
0.010498348613950567,7.908742204690894,59.41260075130689
0.010888181284469448,6.889834748620254,88.68320169106823
0.015385399444583104,7.634356238562278,78.79284529803115
0.010232994223284242,6.5239505459020855,55.60058216082224
0.013668647755982965,5.951345809980607,87.27488724800973
0.010361118873494342,7.313776301159014,68.38438936629646
0.012269053481106788,2.14538202925488,53.049483603734686
0.011740984210367934,4.726136913130503,75.6584817628805
0.012169388615262684,1.1105579550171232,63.38840176795276
0.011708540325860859,4.5920090380580545,52.78773484199908
0.013371822983352516,6.646517754282877,63.98330710159364
0.013008158162988113,1.160929970486972,82.67928350117785
0.010948443146270057,2.1020371540245373,81.37607058014785
0.02330653216393583,3.0745617482447773,57.8592841338797
0.01068253929448619,2.4380655505404816,55.78206464702014
0.010793818591980977,2.4168786659916393,51.733884845735
0.013014594069576762,6.242945419780188,63.66180278813222
0.012023918425847166,6.454604899147769,64.79248210558964
0.013988491636588846,4.796270016110663,51.63030026463408
0.011087941463456555,5.796992354804817,51.194131955471796
0.013767540206770382,1.7395988720695132,69.28375618098431
0.01674801524047988,7.497239186989743,66.01239431613782
0.012525434908154786,3.2563544675190808,80.58008777565517
0.011039660639943983,3.9336899377946506,66.10935052641179
0.013378170246322029,4.3710451445744845,72.41825041008678
0.017436065494124072,5.406186499557141,52.78061678549355
0.010407229819535816,7.392335804848661,52.32460312719576
0.01230744629673782,6.87238682162973,55.13934805029897
0.011402166955430074,3.6764022167067365,52.619190555341106
0.016455540156741257,3.7357493417567595,59.92044181560746
0.013979517942694478,7.545971967820019,78.96234262636098
0.019164950565096362,3.0414284667171465,55.04840747209709
0.011574018419001783,7.79664740173166,65.45340630991751
0.010888181284469448,6.889834748620254,88.68320169106823
0.015385399444583104,7.634356238562278,78.79284529803115
0.010232994223284242,6.5239505459020855,55.60058216082224
0.013668647755982965,5.951345809980607,87.27488724800973
0.010361118873494342,7.313776301159014,68.38438936629646
0.012269053481106788,2.14538202925488,53.049483603734686
0.011740984210367934,4.726136913130503,75.6584817628805
0.012169388615262684,1.1105579550171232,63.38840176795276
0.011708540325860859,4.5920090380580545,52.78773484199908
0.010601578611995902,6.061828384330008,63.02506061989099
0.012704033561943866,0.03315419743837644,92.31147488699318
0.010948443146270057,2.1020371540245373,81.37607058014785
0.02330653216393583,3.0745617482447773,57.8592841338797
0.010576727259111705,2.2654272027538083,55.42453825448648
0.010793818591980977,2.4168786659916393,51.733884845735
0.013014594069576762,6.242945419780188,63.66180278813222
0.01198384929763556,6.426452538126472,64.21033739741253
0.013988491636588846,4.796270016110663,51.63030026463408
0.011087941463456555,5.796992354804817,51.194131955471796
0.013767540206770382,1.7395988720695132,69.28375618098431
0.01636999803745021,7.279314305198827,65.0203963659284
0.012335337925758659,3.1641967446018295,77.41334923239594
0.011178992988591669,3.7310133541516177,64.62921995265496
0.014706156192750792,4.0830162535510395,69.78997139646798
0.017436065494124072,5.406186499557141,52.78061678549355
0.010407229819535816,7.392335804848661,52.32460312719576
0.011956954018573732,6.0599540889122325,58.17211714554337
0.011402166955430074,3.6764022167067365,52.619190555341106
0.016209437804180965,3.9150682957598897,60.18803035486131
0.013979517942694478,7.545971967820019,78.96234262636098
0.019164950565096362,3.0414284667171465,55.04840747209709
0.011574018419001783,7.79664740173166,65.45340630991751
0.010886674222860557,7.646397684168817,93.0889278875938
0.015385399444583104,7.634356238562278,78.79284529803115
0.010232994223284242,6.5239505459020855,55.60058216082224
0.013843782725803378,6.037441169004605,85.83207562311931
0.011713235284334541,5.6508383430834925,78.14652900541833
0.012269053481106788,2.14538202925488,53.049483603734686
0.011599866466590808,3.854601803564928,87.08432106034088
0.012169388615262684,1.1105579550171232,63.38840176795276
0.011782337063221255,4.493784557925698,51.877130869647885
0.010591919637065355,6.074653532698063,63.11438807521847
0.011960076821664339,0.9098731671138693,87.67743971049279
0.010948443146270057,2.1020371540245373,81.37607058014785
0.019888507613669792,2.422467460575834,66.841753524546
0.010596867524100467,1.6562304026267975,55.792883139623534
0.01079802747538228,2.362709687329424,51.72745355608848
0.013014594069576762,6.242945419780188,63.66180278813222
0.01198384929763556,6.426452538126472,64.21033739741253
0.013988491636588846,4.796270016110663,51.63030026463408
0.011087941463456555,5.796992354804817,51.194131955471796
0.013767540206770382,1.7395988720695132,69.28375618098431
0.01636999803745021,7.279314305198827,65.0203963659284
0.013324186298801916,3.669565451873334,89.77742752046798
0.010896359085233268,2.784481048606316,64.77631504317807
0.014485704067632279,4.00787712215047,69.49985851998021
0.017436065494124072,5.406186499557141,52.78061678549355
0.010407229819535816,7.392335804848661,52.32460312719576
0.011793554683350629,6.11769641718784,58.20559813042023
0.011471460764541678,4.004006216679024,54.0000038590658
0.016209437804180965,3.9150682957598897,60.18803035486131
0.013390570875921761,7.2155876197241895,74.60883923785208
0.022406064369984508,2.367430130504407,56.03106494863833
0.011206227803990814,5.260593965921505,58.985946228266776
0.010886674222860557,7.646397684168817,93.0889278875938
0.013677146243480705,7.263987959944118,69.37763533786472
0.010232994223284242,6.5239505459020855,55.60058216082224
0.013843782725803378,6.037441169004605,85.83207562311931
0.011713235284334541,5.6508383430834925,78.14652900541833
0.012269053481106788,2.14538202925488,53.049483603734686
0.012175093144121189,4.081373539893529,78.54631399101731
0.012170155447446498,1.5099103045571183,65.42600648876335
0.011555457355773957,5.588477194323746,51.33064623185782
0.010550586622022452,5.7160909318779005,70.10218315110603
0.011960076821664339,0.9098731671138693,87.67743971049279
0.010948443146270057,2.1020371540245373,81.37607058014785
0.02156850075011528,2.1033002587648237,60.97187405876977
0.010596867524100467,1.6562304026267975,55.792883139623534
0.01079802747538228,2.362709687329424,51.72745355608848
0.013014594069576762,6.242945419780188,63.66180278813222
0.011984088004305685,6.481846191430692,63.97469707717785
0.0171443101209227,3.0815076134936605,50.606521276901624
0.011087941463456555,5.796992354804817,51.194131955471796
0.013306128742867601,2.4382586513255893,66.16882712073905
0.0168978613948751,7.915916028521883,64.97849585372798
0.013223641512761423,3.7932232522319724,89.05150463879613
0.010896359085233268,2.784481048606316,64.77631504317807
0.013656474221986296,4.00681222127027,65.23578930074143
0.017436065494124072,5.406186499557141,52.78061678549355
0.010653448761154889,6.608416742007353,52.71222143215549
0.011793554683350629,6.11769641718784,58.20559813042023
0.012639321361565037,1.6277258806724868,52.49067577566515
0.01803609983645321,4.650227627499227,61.61847098075701
0.015545198975179125,7.687538371101979,87.57945858350308
0.018595224678349682,3.742589554476818,54.95491466653128
0.011183163863031264,5.251577366689951,58.95899340205531
0.010886674222860557,7.646397684168817,93.0889278875938
0.013677146243480705,7.263987959944118,69.37763533786472
0.010232994223284242,6.5239505459020855,55.60058216082224
0.013843782725803378,6.037441169004605,85.83207562311931
0.011713235284334541,5.6508383430834925,78.14652900541833
0.010342694628937181,1.7754909775278238,54.01477065454919
0.012329610831559737,4.408772231993353,77.60312295272684
0.011458904788534077,3.3570987016931726,67.47959858072727
0.011584283260893603,5.611241188911531,51.57583806873798
0.010550586622022452,5.7160909318779005,70.10218315110603
0.011960076821664339,0.9098731671138693,87.67743971049279
0.010700936849740626,3.6317779531719876,72.45915775109466
0.024643355014279528,1.4806094769584903,50.62529188532025
0.011783055299690148,3.9065697942510664,59.65354153857396
0.01079802747538228,2.362709687329424,51.72745355608848
0.01358587845793815,7.772668264921718,52.03457146165883
0.011984088004305685,6.481846191430692,63.97469707717785
0.0171443101209227,3.0815076134936605,50.606521276901624
0.011087941463456555,5.796992354804817,51.194131955471796
0.0117666154570086,1.2851952874547976,71.58381722893836
0.0168978613948751,7.915916028521883,64.97849585372798
0.013223641512761423,3.7932232522319724,89.05150463879613
0.01104627965244706,2.937085828704525,65.49675037654043
0.01147321435889513,3.9666009327905156,68.79680137372321
0.01737368681090636,5.484774866387408,51.86184652806007
0.010653448761154889,6.608416742007353,52.71222143215549
0.01120987572229869,6.140544265772779,50.340622456215456
0.013652699465382992,1.9547479121284674,52.06684321686221
0.01803609983645321,4.650227627499227,61.61847098075701
0.015818437300056998,7.803432421476901,89.80994799808829
0.018378877873469788,4.093789469722401,57.53329968843468
0.011183163863031264,5.251577366689951,58.95899340205531
0.010886674222860557,7.646397684168817,93.0889278875938
0.013677146243480705,7.263987959944118,69.37763533786472
0.010021700584125937,6.481503221986101,57.05208807785362
0.012461119882677178,6.630022999610617,94.45982536525558
0.011713235284334541,5.6508383430834925,78.14652900541833
0.010664477278876516,2.197718464564947,55.05040577064374
0.012450090955131105,4.409895086986598,79.37130453263248
0.011467965219876008,3.5199935181318915,66.33031890387653
0.011584283260893603,5.611241188911531,51.57583806873798
0.010556963352778188,5.771408869902347,69.02412756457443
0.011960076821664339,0.9098731671138693,87.67743971049279
0.010700936849740626,3.6317779531719876,72.45915775109466
0.024643355014279528,1.4806094769584903,50.62529188532025
0.011259390215608733,2.9783341824405856,56.96509175018607
0.01079802747538228,2.362709687329424,51.72745355608848
0.013415152462948669,7.435152364192849,53.294579061657394
0.011984088004305685,6.481846191430692,63.97469707717785
0.019470177508927336,1.6770890933149039,50.59654488027041
0.011257679482192712,5.733469526303442,51.32466708215232
0.010007004987802385,0.6974322825984394,78.44770071055929
0.0168978613948751,7.915916028521883,64.97849585372798
0.013223641512761423,3.7932232522319724,89.05150463879613
0.01104627965244706,2.937085828704525,65.49675037654043
0.01147321435889513,3.9666009327905156,68.79680137372321
0.01737368681090636,5.484774866387408,51.86184652806007
0.010653448761154889,6.608416742007353,52.71222143215549
0.011616096217648156,6.419585282629014,50.63023357229977
0.013652699465382992,1.9547479121284674,52.06684321686221
0.01803609983645321,4.650227627499227,61.61847098075701
0.01445075313565977,6.355934659126076,79.9567069720427
0.02153522373324805,3.0082870302878786,60.75511953481133
0.010976335851174518,4.396159931109894,57.7422876387018
0.01098316026452593,7.4841181349689965,87.472602388723
0.01413673735227388,7.3623680377361485,70.92729917084071
0.010021700584125937,6.481503221986101,57.05208807785362
0.012353460483804682,6.398197982789641,92.47008230591247
0.011953856314294091,6.315845865971095,82.01405798103539
0.010664477278876516,2.197718464564947,55.05040577064374
0.014181876472671152,4.531044315377472,73.61062665259496
0.01570117906477119,4.200259631505229,59.87708382415945
0.011584283260893603,5.611241188911531,51.57583806873798
0.010556963352778188,5.771408869902347,69.02412756457443
0.011960076821664339,0.9098731671138693,87.67743971049279
0.011103447496516022,1.9430507471172351,81.589279172803
0.023610600149258868,2.0252655554077545,52.39131461349624
0.01114427119498369,2.045418934236388,58.874660498154306
0.01079802747538228,2.362709687329424,51.72745355608848
0.013415152462948669,7.435152364192849,53.294579061657394
0.012055784465775305,6.637970647297984,66.19816823857329
0.019470177508927336,1.6770890933149039,50.59654488027041
0.011257679482192712,5.733469526303442,51.32466708215232
0.010007004987802385,0.6974322825984394,78.44770071055929
0.0168978613948751,7.915916028521883,64.97849585372798
0.012584981367230314,2.7198280948703797,91.9856714883652
0.010679068792106703,2.792698730908249,61.52425424009216
0.011511035030783217,3.6565622125286312,71.86269895993371
0.020517845119904923,4.974284950517726,52.53441711910875
0.010775089113121592,6.147189858312203,54.74595586666639
0.011616096217648156,6.419585282629014,50.63023357229977
0.013040060104394796,1.9768927100084166,53.72953251045372
0.018713361490448922,4.46357382429682,62.77764662669449
0.014975062132563572,6.736833284819002,81.00503366634862
0.01950533651033937,2.7369823666911386,58.517737131968225
0.011215422677781275,4.189465747013075,63.06147244448371
0.01098316026452593,7.4841181349689965,87.472602388723
0.014359365028343458,6.476851981213787,68.29107318590948
0.010021700584125937,6.481503221986101,57.05208807785362
0.012353460483804682,6.398197982789641,92.47008230591247
0.01244985491130932,6.373263578330935,82.01160482768702
0.010697210970820102,2.3429418120823318,54.898361134725754
0.01634432356729586,2.79877142141307,65.45451747524302
0.018043365991092908,5.078039030581115,63.77008144420867
0.011584283260893603,5.611241188911531,51.57583806873798
0.010888880052969301,5.331079020767799,76.44799500634623
0.012048390583936202,1.1656625198187789,88.2862945503924
0.011103447496516022,1.9430507471172351,81.589279172803
0.023610600149258868,2.0252655554077545,52.39131461349624
0.011455340804057398,2.414125643460489,53.52096412626682
0.01079802747538228,2.362709687329424,51.72745355608848
0.013415152462948669,7.435152364192849,53.294579061657394
0.01202916477335614,6.65941232950668,63.84880104277078
0.01552216353499053,1.8517453174115641,54.52189725692836
0.011411448825357886,5.60164446765274,50.23453067892133
0.010007004987802385,0.6974322825984394,78.44770071055929
0.0168978613948751,7.915916028521883,64.97849585372798
0.012584981367230314,2.7198280948703797,91.9856714883652
0.010679068792106703,2.792698730908249,61.52425424009216
0.011745085563918933,1.737909683437426,90.83578771719812
0.01934242589091093,4.361579252748511,56.173198950638664
0.010775089113121592,6.147189858312203,54.74595586666639
0.011616096217648156,6.419585282629014,50.63023357229977
0.013040060104394796,1.9768927100084166,53.72953251045372
0.01892609459756931,3.999792573273543,61.63338858811378
0.015057721648349487,6.675155041494827,81.99870661173124
0.022442127487319385,2.6795762308564726,52.07300745559835
0.01116870112466323,3.2521509192372697,70.79218470086698
0.01098316026452593,7.4841181349689965,87.472602388723
0.013914136926577109,6.928722964584294,61.21971991568556
0.01028145195503975,5.819414987874641,56.13787350240835
0.012353460483804682,6.398197982789641,92.47008230591247
0.01244985491130932,6.373263578330935,82.01160482768702
0.010697210970820102,2.3429418120823318,54.898361134725754
0.013864028261824809,4.24346651403279,62.158337038046014
0.019189259291297778,4.877554451330072,64.7297454539592
0.011584283260893603,5.611241188911531,51.57583806873798
0.010863708831552256,5.026547547795227,74.6575821292987
0.010727294203031281,0.9732364517697385,92.88918598071433
0.011291941485425692,3.3810299900904774,69.82361269428333
0.02360523487229297,2.024741856107047,52.40159128863115
0.011565973905473795,2.5452576009537413,51.61690144580329
0.01079802747538228,2.362709687329424,51.72745355608848
0.01403739899217075,7.2968352697664125,51.092471352924896
0.012090932925979838,7.729508684613366,57.98094357068704
0.017488293693897854,1.639087924579002,55.684912032172896
0.011411448825357886,5.60164446765274,50.23453067892133
0.010007004987802385,0.6974322825984394,78.44770071055929
0.0168978613948751,7.915916028521883,64.97849585372798
0.012584981367230314,2.7198280948703797,91.9856714883652
0.010426620287008494,2.8631303277221147,64.34428128098213
0.011745085563918933,1.737909683437426,90.83578771719812
0.020717097105440528,4.253766624095387,53.1762892417586
0.010709815680231993,6.496528973687375,52.84179430369923
0.011616096217648156,6.419585282629014,50.63023357229977
0.013040060104394796,1.9768927100084166,53.72953251045372
0.018738196196688702,4.070345536608948,62.144299715209776
0.016273218043052984,7.745000043422344,85.50125613464041
0.02162446214874851,3.2320765159934544,55.25450001446988
0.01116870112466323,3.2521509192372697,70.79218470086698
0.01098316026452593,7.4841181349689965,87.472602388723
0.014579353547459484,7.055370101290789,56.00021182018026
0.01028145195503975,5.819414987874641,56.13787350240835
0.012353460483804682,6.398197982789641,92.47008230591247
0.012533456943689193,6.351638190402475,72.94106003155017
0.010904416920372511,2.223303204990196,62.00460137428545
0.013864028261824809,4.24346651403279,62.158337038046014
0.019189259291297778,4.877554451330072,64.7297454539592
0.011584283260893603,5.611241188911531,51.57583806873798
0.010946673143692309,6.363762950680738,84.50341540925429
0.010727294203031281,0.9732364517697385,92.88918598071433
0.011531665907032897,2.098040668543251,76.81687180631798
0.024055271113678868,1.6774101117371112,52.280876079323534
0.011565973905473795,2.5452576009537413,51.61690144580329
0.01079802747538228,2.362709687329424,51.72745355608848
0.01403739899217075,7.2968352697664125,51.092471352924896
0.012090932925979838,7.729508684613366,57.98094357068704
0.01757813446853767,1.629370711901903,55.738055079621795
0.011411448825357886,5.60164446765274,50.23453067892133
0.010007004987802385,0.6974322825984394,78.44770071055929
0.0168978613948751,7.915916028521883,64.97849585372798
0.012584981367230314,2.7198280948703797,91.9856714883652
0.0103561817375165,2.998542692951845,66.8031867552842
0.011745085563918933,1.737909683437426,90.83578771719812
0.020717097105440528,4.253766624095387,53.1762892417586
0.010833620128157771,6.692226504235151,51.889171003645785
0.011616096217648156,6.419585282629014,50.63023357229977
0.013040060104394796,1.9768927100084166,53.72953251045372
0.015305504683841637,3.340424432590532,57.10579013973046
0.016292728107298243,7.7682355867705475,85.5369897702339
0.02162446214874851,3.2320765159934544,55.25450001446988
0.011211554479401534,2.949172288383459,72.46849511061271
0.010947977918242403,7.593733314658987,89.57355743518642
0.014579353547459484,7.055370101290789,56.00021182018026
0.01028145195503975,5.819414987874641,56.13787350240835
0.012383640439465583,6.397322611157892,94.18256667435237
0.01265280402138849,7.050084416043851,70.23207856633113
0.011047988768176496,2.1946316978203657,65.39500148863539
0.01398765223241084,4.287340276688216,61.99464265722255
0.02527797292345832,2.8538409451235776,59.60431748932291
0.011584283260893603,5.611241188911531,51.57583806873798
0.010946673143692309,6.363762950680738,84.50341540925429
0.010727294203031281,0.9732364517697385,92.88918598071433
0.011531665907032897,2.098040668543251,76.81687180631798
0.021797312351229912,1.6606633624027327,53.48606411915495
0.011819827476212248,1.8982024505542459,50.72344462368347
0.01065610701456037,1.6589135095322334,51.91780182106557
0.01403739899217075,7.2968352697664125,51.092471352924896
0.012090932925979838,7.729508684613366,57.98094357068704
0.01757813446853767,1.629370711901903,55.738055079621795
0.011411448825357886,5.60164446765274,50.23453067892133
0.010020751932940773,0.7026960914996063,78.72332097743023
0.0168978613948751,7.915916028521883,64.97849585372798
0.012584981367230314,2.7198280948703797,91.9856714883652
0.0103561817375165,2.998542692951845,66.8031867552842
0.01205030692773023,3.5241344796258667,83.90776707946658
0.019974440811587682,6.036545070717933,52.963316629797575
0.010833620128157771,6.692226504235151,51.889171003645785
0.011615039323659489,6.392730375051079,50.66164856197371
0.013040060104394796,1.9768927100084166,53.72953251045372
0.01702455503347485,3.459170356110328,53.737589433636444
0.016292728107298243,7.7682355867705475,85.5369897702339
0.01944120301082372,4.416904334764391,55.485593984231784
0.011211554479401534,2.949172288383459,72.46849511061271
0.010117843903826685,7.498207856258357,97.92034703490114
0.01478116160587753,6.965455520169333,57.827711128473396
0.010267054537573938,6.362883397680076,54.08309745173431
0.012383640439465583,6.397322611157892,94.18256667435237
0.01297495803289073,7.826982647005675,69.19278005951973
0.011184580250436352,2.4277604745569574,64.74149339007383
0.014725113317503246,7.542568710841677,70.69025393501525
0.03260989639358182,4.019803334332963,63.28584149392437
0.011569839430170072,5.616954901040893,51.570098654957526
0.01089687709838564,5.557464926088512,78.91902504885448
0.010727294203031281,0.9732364517697385,92.88918598071433
0.01149870469804206,0.40015936902784777,87.15719147223696
0.021797312351229912,1.6606633624027327,53.48606411915495
0.011819827476212248,1.8982024505542459,50.72344462368347
0.01065610701456037,1.6589135095322334,51.91780182106557
0.01403739899217075,7.2968352697664125,51.092471352924896
0.012317999259935408,7.91683825159456,59.081096584706486
0.023222826098141386,1.3658432085983874,60.65372381768735
0.011081584698732092,5.985460755134265,50.50054587518794
0.010020751932940773,0.7026960914996063,78.72332097743023
0.0168978613948751,7.915916028521883,64.97849585372798
0.012360167933013175,2.618921859538654,93.17286923578546
0.0103561817375165,2.998542692951845,66.8031867552842
0.01205030692773023,3.5241344796258667,83.90776707946658
0.018729493693716265,6.30081719456514,52.571016304775654
0.010623294657593544,6.5187081378637535,50.87012869853872
0.01177595337431838,6.393691803935754,59.77317218305519
0.013218800987510132,0.8935524760458682,52.928901167600976
0.01702455503347485,3.459170356110328,53.737589433636444
0.014881732163097093,6.268764979484013,80.11817637726142
0.01944120301082372,4.416904334764391,55.485593984231784
0.011211554479401534,2.949172288383459,72.46849511061271
0.010117843903826685,7.498207856258357,97.92034703490114
0.01478116160587753,6.965455520169333,57.827711128473396
0.010267054537573938,6.362883397680076,54.08309745173431
0.01055473153608449,6.612303880217744,96.97632622609501
0.013436582666929292,7.402587718789418,67.1664026385693
0.010898037126825385,1.5636355945876836,64.0290819655965
0.01473627606265978,7.559338805837287,70.63509340773417
0.032662549429066864,4.025176511644817,63.3176570848594
0.011674400941201769,5.161505850496639,58.60756839199275
0.01089687709838564,5.557464926088512,78.91902504885448
0.010727294203031281,0.9732364517697385,92.88918598071433
0.011218799824536945,1.8389563659983796,89.33891732679366
0.01861652543600315,1.2713491226786044,63.885594318993675
0.011819827476212248,1.8982024505542459,50.72344462368347
0.01091886580344894,2.269280565903153,61.639468803785505
0.01403739899217075,7.2968352697664125,51.092471352924896
0.012317999259935408,7.91683825159456,59.081096584706486
0.02264821921554503,1.7851920821246772,61.32954186391341
0.011081584698732092,5.985460755134265,50.50054587518794
0.010020751932940773,0.7026960914996063,78.72332097743023
0.015981602424901223,7.859466489833648,69.4302936067788
0.012360167933013175,2.618921859538654,93.17286923578546
0.0103561817375165,2.998542692951845,66.8031867552842
0.01205030692773023,3.5241344796258667,83.90776707946658
0.01919460530034295,6.224383819812937,52.93005412710751
0.010623294657593544,6.5187081378637535,50.87012869853872
0.01177595337431838,6.393691803935754,59.77317218305519
0.012411295264567876,0.3491791150737553,52.757313515058826
0.01950301934330475,3.942178787518317,50.530002990621156
0.013586208715585153,6.037512930808287,79.72831811696388
0.015609279750001112,5.4051171450485285,57.62899066558993
0.011211554479401534,2.949172288383459,72.46849511061271
0.010117843903826685,7.498207856258357,97.92034703490114
0.012446428919964296,7.291761646468424,59.94932036349584
0.010267054537573938,6.362883397680076,54.08309745173431
0.01055473153608449,6.612303880217744,96.97632622609501
0.014177078918771856,7.381252398822797,60.304404096216935
0.011766908040685373,0.12925573782894384,77.1909303535344
0.01473627606265978,7.559338805837287,70.63509340773417
0.032662549429066864,4.025176511644817,63.3176570848594
0.010004825835658558,3.0381978839240453,50.49852016959369
0.010633638923757268,4.814046598812759,70.53233009192776
0.01080412688417759,1.1185976611142765,92.39660982681872
0.011218799824536945,1.8389563659983796,89.33891732679366
0.01634407157396499,2.693072472440832,59.848813395258055
0.011732588456273589,1.8665387597400651,51.98270141904894
0.011789938139900431,1.5365088837571093,72.25669835506164
0.01403739899217075,7.2968352697664125,51.092471352924896
0.012317999259935408,7.91683825159456,59.081096584706486
0.02264821921554503,1.7851920821246772,61.32954186391341
0.011081584698732092,5.985460755134265,50.50054587518794
0.010020751932940773,0.7026960914996063,78.72332097743023
0.015981602424901223,7.859466489833648,69.4302936067788
0.012510203922522842,2.128135940275032,97.98067640866357
0.0103561817375165,2.998542692951845,66.8031867552842
0.012080569218468076,3.533523166807684,84.21330753521882
0.01992884517617019,6.24600669616889,53.149928071080545
0.010623294657593544,6.5187081378637535,50.87012869853872
0.011371029492754873,6.611190513153929,59.963579306797044
0.012411295264567876,0.3491791150737553,52.757313515058826
0.01950301934330475,3.942178787518317,50.530002990621156
0.013586208715585153,6.037512930808287,79.72831811696388
0.014721463195736077,4.811555967259179,58.38810679524952
0.011142890516039384,3.5183130049324505,73.87602859750008
0.010117843903826685,7.498207856258357,97.92034703490114
0.012446428919964296,7.291761646468424,59.94932036349584
0.010267054537573938,6.362883397680076,54.08309745173431
0.01055473153608449,6.612303880217744,96.97632622609501
0.014177078918771856,7.381252398822797,60.304404096216935
0.011577145171272962,0.9179401454247396,74.26730570069235
0.014232282462055108,7.431822742524771,68.21314816933813
0.032662549429066864,4.025176511644817,63.3176570848594
0.011166093740284147,4.038292329098176,55.07768771770128
0.010577031740750035,4.666014271623422,73.0637589801277
0.01059990436985284,0.742505424243868,93.83727003974425
0.01120940371912546,1.5443987044079037,91.15205779911466
0.01833008610203745,0.34984495764190005,59.79760082478604
0.011732588456273589,1.8665387597400651,51.98270141904894
0.011593193556305042,0.1846171814339419,64.16259463443936
0.01403739899217075,7.2968352697664125,51.092471352924896
0.012317999259935408,7.91683825159456,59.081096584706486
0.019877816024325843,1.8058379889193286,58.95729996902566
0.011081584698732092,5.985460755134265,50.50054587518794
0.010020751932940773,0.7026960914996063,78.72332097743023
0.014864275772615423,7.22320021559466,69.66053727549212
0.012510203922522842,2.128135940275032,97.98067640866357
0.0103561817375165,2.998542692951845,66.8031867552842
0.012080569218468076,3.533523166807684,84.21330753521882
0.01992884517617019,6.24600669616889,53.149928071080545
0.010623294657593544,6.5187081378637535,50.87012869853872
0.011371029492754873,6.611190513153929,59.963579306797044
0.012411295264567876,0.3491791150737553,52.757313515058826
0.018405658185356662,3.4013187236827087,54.31183406549599
0.01377389244384681,6.442558431023374,76.38317363594217
0.014680992246502211,4.747418686031224,58.64566438945447
0.011092436672391048,3.3917166133070253,74.093973631686
0.010117843903826685,7.498207856258357,97.92034703490114
0.012446428919964296,7.291761646468424,59.94932036349584
0.010131147721611413,6.303435729951394,55.308855945780024
0.01055473153608449,6.612303880217744,96.97632622609501
0.014151924528619115,7.322688246083198,61.30754201708456
0.011320839719062874,2.422900673766324,67.9803415003544
0.01649633823659131,7.39529294679087,51.8661413578345
0.032662549429066864,4.025176511644817,63.3176570848594
0.011169919439609441,3.950144590147274,55.28489357564366
0.010577031740750035,4.666014271623422,73.0637589801277
0.01059990436985284,0.742505424243868,93.83727003974425
0.011584434332491367,1.6921935385416402,89.7742800575761
0.01833008610203745,0.34984495764190005,59.79760082478604
0.011801590695247737,0.9610388906399416,50.45957933164595
0.011593193556305042,0.1846171814339419,64.16259463443936
0.01403739899217075,7.2968352697664125,51.092471352924896
0.012317999259935408,7.91683825159456,59.081096584706486
0.021524730523911233,1.7935646695104535,60.36752054110609
0.011081584698732092,5.985460755134265,50.50054587518794
0.010020751932940773,0.7026960914996063,78.72332097743023
0.014931359539962497,7.443597163953049,69.90720737128399
0.012510203922522842,2.128135940275032,97.98067640866357
0.0103561817375165,2.998542692951845,66.8031867552842
0.012080569218468076,3.533523166807684,84.21330753521882
0.0219910096745978,5.793293613500681,51.54287344435359
0.010623294657593544,6.5187081378637535,50.87012869853872
0.011371029492754873,6.611190513153929,59.963579306797044
0.012411295264567876,0.3491791150737553,52.757313515058826
0.018405658185356662,3.4013187236827087,54.31183406549599
0.013827010595975922,5.312994393122883,71.58317087907052
0.013888012323050362,4.015785164427886,66.07077170111098
0.010994947446125511,4.931411755084608,59.876469869014876
0.010117843903826685,7.498207856258357,97.92034703490114
0.012446428919964296,7.291761646468424,59.94932036349584
0.012390540204574084,4.840094703174733,55.46623145082115
0.01055473153608449,6.612303880217744,96.97632622609501
0.014151924528619115,7.322688246083198,61.30754201708456
0.011320839719062874,2.422900673766324,67.9803415003544
0.01649633823659131,7.39529294679087,51.8661413578345
0.029594742711074738,4.616623217007688,64.45776481387664
0.011169919439609441,3.950144590147274,55.28489357564366
0.010577031740750035,4.666014271623422,73.0637589801277
0.01059990436985284,0.742505424243868,93.83727003974425
0.011435983095012356,1.9333128675384534,96.4201551712492
0.01787157393627197,0.5803956221350819,59.508622750417
0.011801590695247737,0.9610388906399416,50.45957933164595
0.014066508193101734,0.2775032090888113,63.86535902240691
0.01403739899217075,7.2968352697664125,51.092471352924896
0.01221377443038435,7.947759435966981,58.07490963119305
0.024148875234880365,0.6561493424744587,62.65369007668791
0.011081584698732092,5.985460755134265,50.50054587518794
0.010020751932940773,0.7026960914996063,78.72332097743023
0.014931359539962497,7.443597163953049,69.90720737128399
0.012510203922522842,2.128135940275032,97.98067640866357
0.0103561817375165,2.998542692951845,66.8031867552842
0.0121172337900616,3.374488583299709,85.46638169658556
0.0219910096745978,5.793293613500681,51.54287344435359
0.014727138606020117,6.107255112778709,53.80936338890912
0.011371029492754873,6.611190513153929,59.963579306797044
0.012411295264567876,0.3491791150737553,52.757313515058826
0.016536936957525145,2.1545973725247807,55.75504416840658
0.014393986526626608,7.30093909105229,79.12268660123311
0.013888012323050362,4.015785164427886,66.07077170111098
0.011036675802959183,4.600317353608283,60.17543201954452
0.010117843903826685,7.498207856258357,97.92034703490114
0.011552498393554971,4.121167428281961,76.35499051350438
0.012446086513275681,5.205944794263598,55.93842989868354
0.010729961297420116,5.880767179605978,83.59591618289785
0.014383625708028086,7.649260842439677,62.075936812599224
0.012259523292207765,3.6649150985297023,60.22374346950675
0.01649633823659131,7.39529294679087,51.8661413578345
0.029594742711074738,4.616623217007688,64.45776481387664
0.01113591404172335,3.8199153105741352,55.194003933963536
0.010577031740750035,4.666014271623422,73.0637589801277
0.01059990436985284,0.742505424243868,93.83727003974425
0.011435983095012356,1.9333128675384534,96.4201551712492
0.01787157393627197,0.5803956221350819,59.508622750417
0.011801590695247737,0.9610388906399416,50.45957933164595
0.014066508193101734,0.2775032090888113,63.86535902240691
0.01403739899217075,7.2968352697664125,51.092471352924896
0.01221377443038435,7.947759435966981,58.07490963119305
0.024148875234880365,0.6561493424744587,62.65369007668791
0.011081584698732092,5.985460755134265,50.50054587518794
0.010020751932940773,0.7026960914996063,78.72332097743023
0.014931359539962497,7.443597163953049,69.90720737128399
0.012510203922522842,2.128135940275032,97.98067640866357
0.0103561817375165,2.998542692951845,66.8031867552842
0.011764187791753823,3.4719335233819817,87.83972407304093
0.0219910096745978,5.793293613500681,51.54287344435359
0.016004341834615625,5.368307489479413,55.008293378714086
0.011371029492754873,6.611190513153929,59.963579306797044
0.012411295264567876,0.3491791150737553,52.757313515058826
0.017189795560932683,0.48868013924003506,53.83862398301051
0.014289469048030363,7.192313376054292,78.34991545376955
0.014495642769935549,3.3892225622072467,67.54512265778204
0.011100636010865965,4.540904428697426,62.181641022369206
0.010117843903826685,7.498207856258357,97.92034703490114
0.01154598759717555,3.998911589512597,77.47621839550963
0.01256105426265974,5.055666311775162,55.507976109208066
0.010729961297420116,5.880767179605978,83.59591618289785
0.014383625708028086,7.649260842439677,62.075936812599224
0.012259523292207765,3.6649150985297023,60.22374346950675
0.015559856023308546,7.683314238110827,51.91673749376251
0.02499146517395731,3.4734166726579336,61.32332832750478
0.01113591404172335,3.8199153105741352,55.194003933963536
0.010592488065148311,4.791097139787731,73.57562622561434
0.01059990436985284,0.742505424243868,93.83727003974425
0.011435983095012356,1.9333128675384534,96.4201551712492
0.01787157393627197,0.5803956221350819,59.508622750417
0.011801590695247737,0.9610388906399416,50.45957933164595
0.014066508193101734,0.2775032090888113,63.86535902240691
0.01105105831799556,7.89185068200146,50.91076060411628
0.01221377443038435,7.947759435966981,58.07490963119305
0.024148875234880365,0.6561493424744587,62.65369007668791
0.011081584698732092,5.985460755134265,50.50054587518794
0.010020751932940773,0.7026960914996063,78.72332097743023
0.014931359539962497,7.443597163953049,69.90720737128399
0.012827634277572355,2.036498959904029,95.70286353230861
0.0103826095010235,3.0926200574960023,66.6250757753896
0.011660083385635567,3.7144047795263377,87.4125457881064
0.021928758996126615,5.724516054328666,51.572639254677526
0.014232403848455973,5.540469278889035,64.6123586188895
0.011210944855494485,6.357300941554857,60.32234384684189
0.012411295264567876,0.3491791150737553,52.757313515058826
0.019686804734126512,0.2697790089590477,55.40454541722017
0.014592196330973674,6.633533563866505,76.757618878103
0.015276498989252763,3.3655775199294533,61.74339212945463
0.012529133693646943,5.728652891304931,69.42452338423794
0.010117843903826685,7.498207856258357,97.92034703490114
0.01188660725167194,3.2134013662491814,74.92177946800541
0.01256105426265974,5.055666311775162,55.507976109208066
0.01289455487717713,4.524763911702365,76.78292892961449
0.014383625708028086,7.649260842439677,62.075936812599224
0.012259523292207765,3.6649150985297023,60.22374346950675
0.015559856023308546,7.683314238110827,51.91673749376251
0.02499146517395731,3.4734166726579336,61.32332832750478
0.01113591404172335,3.8199153105741352,55.194003933963536
0.010592488065148311,4.791097139787731,73.57562622561434
0.010190927798564621,0.7973645951477153,97.37324069800604
0.011435983095012356,1.9333128675384534,96.4201551712492
0.02091966363123342,0.8230309155056329,56.01861132074507
0.0116131732381347,1.6925721351253182,55.77061375133601
0.014066508193101734,0.2775032090888113,63.86535902240691
0.01105105831799556,7.89185068200146,50.91076060411628
0.01221377443038435,7.947759435966981,58.07490963119305
0.024224653251916837,0.6098536502185681,62.68276154481278
0.01107565675392037,5.998867721276242,50.34708124985277
0.010020751932940773,0.7026960914996063,78.72332097743023
0.01488551563718882,7.371326568348073,70.25494016067816
0.012827634277572355,2.036498959904029,95.70286353230861
0.0103826095010235,3.0926200574960023,66.6250757753896
0.011660083385635567,3.7144047795263377,87.4125457881064
0.021928758996126615,5.724516054328666,51.572639254677526
0.014232403848455973,5.540469278889035,64.6123586188895
0.011027371116451863,6.828654651343849,60.339605731413116
0.012411295264567876,0.3491791150737553,52.757313515058826
0.019686804734126512,0.2697790089590477,55.40454541722017
0.01610352013535818,6.174274364548527,74.51455630657962
0.01561067805607247,1.762307128296582,61.61892937059965
0.012529133693646943,5.728652891304931,69.42452338423794
0.010117843903826685,7.498207856258357,97.92034703490114
0.01210804440591378,4.445026110630174,90.43111417678176
0.012841362613044733,5.298724026057949,55.56973075006141
0.013227937284951285,4.714836343581981,78.13106713935423
0.014383625708028086,7.649260842439677,62.075936812599224
0.012259523292207765,3.6649150985297023,60.22374346950675
0.015559856023308546,7.683314238110827,51.91673749376251
0.023037695086274675,2.2934784824374086,59.143369565437425
0.011446291155082073,3.7770992529779552,56.58338021162867
0.011188745715544826,4.925687312800584,68.80161473636477
0.010117087826976099,0.7562875623141909,89.28096781755274
0.012577574649367656,1.886550479032053,86.90358310411436
0.020271579437155986,1.5263359910426635,57.54763243722337
0.0116131732381347,1.6925721351253182,55.77061375133601
0.014066508193101734,0.2775032090888113,63.86535902240691
0.011144212962043128,7.252881111206936,56.49396396730741
0.01221377443038435,7.947759435966981,58.07490963119305
0.024224653251916837,0.6098536502185681,62.68276154481278
0.01107565675392037,5.998867721276242,50.34708124985277
0.010020751932940773,0.7026960914996063,78.72332097743023
0.01488551563718882,7.371326568348073,70.25494016067816
0.012827634277572355,2.036498959904029,95.70286353230861
0.0103826095010235,3.0926200574960023,66.6250757753896
0.011693581923261864,3.8340005415780953,86.50776419827272
0.021303435078916168,5.695216359695458,51.847687993169366
0.014232403848455973,5.540469278889035,64.6123586188895
0.010954848551313814,6.4888646850266625,62.54688917366719
0.012411295264567876,0.3491791150737553,52.757313515058826
0.019686804734126512,0.2697790089590477,55.40454541722017
0.01610352013535818,6.174274364548527,74.51455630657962
0.01524295846109544,2.7703099249069725,62.417567685595834
0.012305055512801519,6.017070463356141,69.9921164808427
0.010117843903826685,7.498207856258357,97.92034703490114
0.01210804440591378,4.445026110630174,90.43111417678176
0.012102989280773035,5.6692653542727305,55.26817474400632
0.013227937284951285,4.714836343581981,78.13106713935423
0.014383625708028086,7.649260842439677,62.075936812599224
0.010756127978600958,2.683499370415667,54.634576276206154
0.015559856023308546,7.683314238110827,51.91673749376251
0.023037695086274675,2.2934784824374086,59.143369565437425
0.01136126557294135,3.684360611245716,56.6451592230653
0.011258460027727487,4.394632211935344,66.66120860723473
0.013037779350534455,3.399642955455454,82.07665467880955
0.012577574649367656,1.886550479032053,86.90358310411436
0.023092228107105657,0.15448445305732506,59.75624443073082
0.011502439721178306,1.820603714077488,55.62383337583538
0.010934130381744166,0.17501922787352603,64.2300262010242
0.011164390993051644,7.334292116997872,55.848984733692355
0.01221377443038435,7.947759435966981,58.07490963119305
0.024345318984335174,0.5477255492192814,62.745899839263
0.01107565675392037,5.998867721276242,50.34708124985277
0.010020751932940773,0.7026960914996063,78.72332097743023
0.01488551563718882,7.371326568348073,70.25494016067816
0.012827634277572355,2.036498959904029,95.70286353230861
0.010278182337658408,2.97369100371904,66.7438090304077
0.011693581923261864,3.8340005415780953,86.50776419827272
0.021303435078916168,5.695216359695458,51.847687993169366
0.014726245298810638,5.9463318214607686,66.0298072587293
0.010954848551313814,6.4888646850266625,62.54688917366719
0.012411295264567876,0.3491791150737553,52.757313515058826
0.01894198750567442,0.40103603170252455,55.43831634201103
0.01610352013535818,6.174274364548527,74.51455630657962
0.015193116276837726,2.8162891429737913,62.76283529868351
0.012305055512801519,6.017070463356141,69.9921164808427
0.010039310094106777,7.481363310233206,99.4133421316464
0.01210804440591378,4.445026110630174,90.43111417678176
0.012148653609022604,6.608433663619501,56.425077665089916
0.013211813529789217,4.724455632171855,77.92292411178425
0.014383625708028086,7.649260842439677,62.075936812599224
0.010756127978600958,2.683499370415667,54.634576276206154
0.015559856023308546,7.683314238110827,51.91673749376251
0.021802377231107544,3.9426986995911393,55.7400439015079
0.01216399436370164,3.5480354210831027,68.8219715268232
0.011157203430385308,4.247857809921637,66.66974071795626
0.01351349375839016,4.901749377532147,75.00702923201462
0.012577574649367656,1.886550479032053,86.90358310411436
0.023092228107105657,0.15448445305732506,59.75624443073082
0.011502439721178306,1.820603714077488,55.62383337583538
0.010934130381744166,0.17501922787352603,64.2300262010242
0.011164390993051644,7.334292116997872,55.848984733692355
0.012690347113940133,7.748699929320761,57.95886214756441
0.024345318984335174,0.5477255492192814,62.745899839263
0.01107565675392037,5.998867721276242,50.34708124985277
0.010020751932940773,0.7026960914996063,78.72332097743023
0.01488551563718882,7.371326568348073,70.25494016067816
0.012827634277572355,2.036498959904029,95.70286353230861
0.010278182337658408,2.97369100371904,66.7438090304077
0.011693581923261864,3.8340005415780953,86.50776419827272
0.021303435078916168,5.695216359695458,51.847687993169366
0.01401028348881766,6.225323178233679,63.983378770495705
0.010954848551313814,6.4888646850266625,62.54688917366719
0.012411295264567876,0.3491791150737553,52.757313515058826
0.01894198750567442,0.40103603170252455,55.43831634201103
0.016095460528681216,6.175016880365896,74.5496888126278
0.015193116276837726,2.8162891429737913,62.76283529868351
0.012305055512801519,6.017070463356141,69.9921164808427
0.010039310094106777,7.481363310233206,99.4133421316464
0.012120667576561548,4.242651220794801,85.55575937746893
0.012148653609022604,6.608433663619501,56.425077665089916
0.013211813529789217,4.724455632171855,77.92292411178425
0.014383625708028086,7.649260842439677,62.075936812599224
0.010756127978600958,2.683499370415667,54.634576276206154
0.015559856023308546,7.683314238110827,51.91673749376251
0.024781193141777996,3.0750310672325822,52.70151475891171
0.01216399436370164,3.5480354210831027,68.8219715268232
0.011150456821036063,1.350774679157392,76.82664882134746
0.01351349375839016,4.901749377532147,75.00702923201462
0.013142597049761435,0.9472245349858435,94.95258750622236
0.023092228107105657,0.15448445305732506,59.75624443073082
0.011322386456334876,1.916481572805572,51.306399639452344
0.010934130381744166,0.17501922787352603,64.2300262010242
0.011164390993051644,7.334292116997872,55.848984733692355
0.01225085114569814,7.9518142668087,55.817493992973425
0.024345318984335174,0.5477255492192814,62.745899839263
0.01107565675392037,5.998867721276242,50.34708124985277
0.010020751932940773,0.7026960914996063,78.72332097743023
0.015260174505535837,7.78652647064605,68.34723617710236
0.01315203698801774,2.70695778503175,90.50404027099229
0.010278182337658408,2.97369100371904,66.7438090304077
0.011062504089206128,3.168351119704888,92.84292822310425
0.021303435078916168,5.695216359695458,51.847687993169366
0.013961815903522558,6.226492491311741,63.73777682714463
0.010231138422178232,6.416379415862104,66.25806208988789
0.012225551306420907,0.9266137116368633,54.8178877295318
0.01894198750567442,0.40103603170252455,55.43831634201103
0.015983997340506623,6.120050078740887,74.56943214233
0.015074683918780377,2.7843379894524385,62.53374753681981
0.012305055512801519,6.017070463356141,69.9921164808427
0.010039310094106777,7.481363310233206,99.4133421316464
0.012919498347547938,6.981165963684345,99.91321226609185
0.012148653609022604,6.608433663619501,56.425077665089916
0.013221735680007616,5.059334768893229,75.83461788416709
0.014383625708028086,7.649260842439677,62.075936812599224
0.010756127978600958,2.683499370415667,54.634576276206154
0.01802721450703837,7.716688393987739,51.27772977469799
0.027555209391070302,3.152472082760604,52.319174712896434
0.01179636821284362,3.4360709068545234,68.41684796791914
0.011150456821036063,1.350774679157392,76.82664882134746
0.013605945053933977,4.946117450285533,74.53515717352198
0.01344663043965593,1.7944635811478014,89.53970642502024
0.0229513511354785,0.5908465806507932,59.13340351883742
0.011322386456334876,1.916481572805572,51.306399639452344
0.010934130381744166,0.17501922787352603,64.2300262010242
0.011075197814417447,7.62265354242953,53.07819466820417
0.012214964022742204,6.929325859256661,64.01530876658659
0.024345318984335174,0.5477255492192814,62.745899839263
0.011038830298353591,6.051548026092866,52.090645007289304
0.010020751932940773,0.7026960914996063,78.72332097743023
0.015260174505535837,7.78652647064605,68.34723617710236
0.01315203698801774,2.70695778503175,90.50404027099229
0.010278182337658408,2.97369100371904,66.7438090304077
0.011062504089206128,3.168351119704888,92.84292822310425
0.021303435078916168,5.695216359695458,51.847687993169366
0.013961815903522558,6.226492491311741,63.73777682714463
0.010791630585891776,6.5613026701268184,65.62441482649159
0.012225551306420907,0.9266137116368633,54.8178877295318
0.01894198750567442,0.40103603170252455,55.43831634201103
0.015983997340506623,6.120050078740887,74.56943214233
0.013045511772811727,4.677161299438885,77.39561255660094
0.014938841198151023,4.585667101810934,67.49293580611346
0.010469231621577278,6.866359863232858,79.05852974738006
0.012919498347547938,6.981165963684345,99.91321226609185
0.012220817636558301,6.542493902605331,56.414595525926266
0.013471139253913265,3.4734566626926484,55.96517473958894
0.014383625708028086,7.649260842439677,62.075936812599224
0.010756127978600958,2.683499370415667,54.634576276206154
0.01802721450703837,7.716688393987739,51.27772977469799
0.020554874507099676,1.8984519873294485,57.335693142497156
0.010405197635801451,1.851751792193364,61.17704244935711
0.01130420970266401,1.6502982831963253,76.12518083230003
0.013605945053933977,4.946117450285533,74.53515717352198
0.013595233198667754,1.52765925745513,90.87826706903499
0.0229513511354785,0.5908465806507932,59.13340351883742
0.011322386456334876,1.916481572805572,51.306399639452344
0.010934130381744166,0.17501922787352603,64.2300262010242
0.011013004374497048,7.62215336543676,52.909050726286196
0.012214964022742204,6.929325859256661,64.01530876658659
0.024989381969945483,0.08858312267550073,62.78921560649585
0.011038830298353591,6.051548026092866,52.090645007289304
0.010020751932940773,0.7026960914996063,78.72332097743023
0.015260174505535837,7.78652647064605,68.34723617710236
0.01315203698801774,2.70695778503175,90.50404027099229
0.010865170012774119,3.3467437990163758,69.45611166939742
0.011062504089206128,3.168351119704888,92.84292822310425
0.021303435078916168,5.695216359695458,51.847687993169366
0.013961815903522558,6.226492491311741,63.73777682714463
0.010791630585891776,6.5613026701268184,65.62441482649159
0.012225551306420907,0.9266137116368633,54.8178877295318
0.01734750598905458,2.936411897434189,57.760107288959354
0.015646459971600496,6.442578775955058,71.93440571693199
0.012663023988683235,4.4893477746741475,77.76348214768755
0.013558809714643929,3.9580717543777886,63.25048836922359
0.011171558132090292,6.2052444042508,75.46502726751689
0.012919498347547938,6.981165963684345,99.91321226609185
0.012220817636558301,6.542493902605331,56.414595525926266
0.013405917970784057,3.1129336559688032,50.545361737998434
0.014383625708028086,7.649260842439677,62.075936812599224
0.011049481491861322,2.7310412725109643,54.181866644575955
0.01802721450703837,7.716688393987739,51.27772977469799
0.020229055052647764,2.031429660961014,56.93500293530986
0.010405197635801451,1.851751792193364,61.17704244935711
0.01130420970266401,1.6502982831963253,76.12518083230003
0.013593938491889192,4.833550425653858,75.54996807129393
0.013595233198667754,1.52765925745513,90.87826706903499
0.02177659458272545,0.8803600062998206,57.026129608659424
0.011322386456334876,1.916481572805572,51.306399639452344
0.010934130381744166,0.17501922787352603,64.2300262010242
0.011013004374497048,7.62215336543676,52.909050726286196
0.01333946500608451,7.22008164940028,62.74403859206642
0.024989381969945483,0.08858312267550073,62.78921560649585
0.011004319896167165,5.9587483429821,54.10781523465525
0.010085999866941997,1.1985743648414235,77.61461656493562
0.013706307712577049,5.887063395130962,66.05236923302272
0.013348486380440849,3.8340781384330964,81.83766893601329
0.010480480813298563,4.550126657594703,84.72677459030268
0.011062504089206128,3.168351119704888,92.84292822310425
0.021303435078916168,5.695216359695458,51.847687993169366
0.013225721897956039,3.9795947509211533,59.95616605996584
0.010791630585891776,6.5613026701268184,65.62441482649159
0.012225551306420907,0.9266137116368633,54.8178877295318
0.01734750598905458,2.936411897434189,57.760107288959354
0.015646459971600496,6.442578775955058,71.93440571693199
0.01244154655278853,4.344348318895397,78.19620767252205
0.01341916885660032,2.1318364722157863,60.597862208600816
0.011171558132090292,6.2052444042508,75.46502726751689
0.012919498347547938,6.981165963684345,99.91321226609185
0.012623425706780647,5.073496494085518,66.51005186043685
0.013405917970784057,3.1129336559688032,50.545361737998434
0.014192932007074496,6.558348303084539,61.78368992140372
0.011049481491861322,2.7310412725109643,54.181866644575955
0.01802721450703837,7.716688393987739,51.27772977469799
0.020229055052647764,2.031429660961014,56.93500293530986
0.010405197635801451,1.851751792193364,61.17704244935711
0.01130420970266401,1.6502982831963253,76.12518083230003
0.013593938491889192,4.833550425653858,75.54996807129393
0.014328127949309129,0.11320496569000671,95.53907440937749
0.02177659458272545,0.8803600062998206,57.026129608659424
0.011322386456334876,1.916481572805572,51.306399639452344
0.012034522354935996,0.3947928367886864,63.36639520560922
0.011013004374497048,7.62215336543676,52.909050726286196
0.013831621619208784,7.1258481792103225,62.07066702523165
0.024989381969945483,0.08858312267550073,62.78921560649585
0.011004319896167165,5.9587483429821,54.10781523465525
0.011525398664900623,1.5430540379830708,73.67899270050454
0.013706307712577049,5.887063395130962,66.05236923302272
0.012959479564403327,3.7207910194127063,83.71043973190001
0.010480480813298563,4.550126657594703,84.72677459030268
0.011062504089206128,3.168351119704888,92.84292822310425
0.021303435078916168,5.695216359695458,51.847687993169366
0.015727689899793004,5.867114410689723,58.87317815539741
0.010791630585891776,6.5613026701268184,65.62441482649159
0.012764411614626716,0.09984783468780245,55.10930454307619
0.01734750598905458,2.936411897434189,57.760107288959354
0.015527135819621389,6.156667626915181,73.03640975708868
0.011763039597530923,4.659950989077137,93.97838595009071
0.013166938765226613,2.0534169005926515,62.34012996300187
0.012018782548939518,5.72549619856073,75.49473520444579
0.012097736738754437,7.2574526165277895,79.65287263064667
0.012623425706780647,5.073496494085518,66.51005186043685
0.013405917970784057,3.1129336559688032,50.545361737998434
0.014752313970586227,6.727338082650832,60.250979534129016
0.011049481491861322,2.7310412725109643,54.181866644575955
0.01802721450703837,7.716688393987739,51.27772977469799
0.02090895715215252,2.167221762100873,56.401388967482724
0.010480622593225856,1.9546883643158846,60.358131914366425
0.011254287392738016,1.5207562207222183,76.48904046333382
0.014438370026436739,3.4655401006128277,73.23435656643005
0.013880271649321804,1.569974490503342,73.68860851881698
0.022787453616003088,0.7426314857549661,56.40221323210581
0.011322386456334876,1.916481572805572,51.306399639452344
0.012034522354935996,0.3947928367886864,63.36639520560922
0.011013004374497048,7.62215336543676,52.909050726286196
0.013831621619208784,7.1258481792103225,62.07066702523165
0.024989381969945483,0.08858312267550073,62.78921560649585
0.01000506045419608,6.341268029216989,53.87642107562133
0.010638704792998594,0.19655675410062834,67.47653744701597
0.013706307712577049,5.887063395130962,66.05236923302272
0.012959479564403327,3.7207910194127063,83.71043973190001
0.010439499184458741,4.647420725680629,84.15529710898068
0.011062504089206128,3.168351119704888,92.84292822310425
0.019063477482086977,6.114660142817962,52.07871889802892
0.015727689899793004,5.867114410689723,58.87317815539741
0.010791630585891776,6.5613026701268184,65.62441482649159
0.012764411614626716,0.09984783468780245,55.10930454307619
0.017743784520779862,2.7571429825278444,57.026119934749175
0.015148772538096336,6.110167339188932,73.3015313145702
0.011763039597530923,4.659950989077137,93.97838595009071
0.014256785511494988,1.7046463604657136,66.53915529618189
0.012018782548939518,5.72549619856073,75.49473520444579
0.012097736738754437,7.2574526165277895,79.65287263064667
0.012563727042887567,5.167975750471072,66.0058598337666
0.013405917970784057,3.1129336559688032,50.545361737998434
0.017995477466793326,4.311775587525642,58.69753069229422
0.011049481491861322,2.7310412725109643,54.181866644575955
0.01802721450703837,7.716688393987739,51.27772977469799
0.02090895715215252,2.167221762100873,56.401388967482724
0.010480622593225856,1.9546883643158846,60.358131914366425
0.011254287392738016,1.5207562207222183,76.48904046333382
0.012159811291776047,4.4710868414383995,72.22802816189963
0.013880271649321804,1.569974490503342,73.68860851881698
0.022787453616003088,0.7426314857549661,56.40221323210581
0.011322386456334876,1.916481572805572,51.306399639452344
0.012005633692391748,0.3375347764845631,63.63647227529948
0.011013004374497048,7.62215336543676,52.909050726286196
0.013831621619208784,7.1258481792103225,62.07066702523165
0.01917890522422616,1.3735028643570304,75.32802005187983
0.01000506045419608,6.341268029216989,53.87642107562133
0.010638704792998594,0.19655675410062834,67.47653744701597
0.013706307712577049,5.887063395130962,66.05236923302272
0.01307161890722644,3.891081268745078,84.49485843384049
0.01035636052077655,4.5165621746782065,84.38103409912964
0.011062504089206128,3.168351119704888,92.84292822310425
0.019063477482086977,6.114660142817962,52.07871889802892
0.015772417550655567,5.9936878434418155,58.64006908875702
0.010791630585891776,6.5613026701268184,65.62441482649159
0.01276796465159255,0.07304075659300757,55.01216483643461
0.017743784520779862,2.7571429825278444,57.026119934749175
0.015148772538096336,6.110167339188932,73.3015313145702
0.011834192848494877,3.3921791345243526,85.0790522722961
0.014256785511494988,1.7046463604657136,66.53915529618189
0.011244512141932263,7.183774771315155,89.42096132788711
0.012097736738754437,7.2574526165277895,79.65287263064667
0.011159703383030552,5.3123123725398,62.04268667527412
0.013405917970784057,3.1129336559688032,50.545361737998434
0.017984031885489835,3.0838347947875535,61.37339252447396
0.011049481491861322,2.7310412725109643,54.181866644575955
0.01802721450703837,7.716688393987739,51.27772977469799
0.02090895715215252,2.167221762100873,56.401388967482724
0.010480622593225856,1.9546883643158846,60.358131914366425
0.011063511019102516,3.59922379869582,72.00901585495733
0.012135199263431935,5.57585699434936,75.1719153688169
0.013880271649321804,1.569974490503342,73.68860851881698
0.01996458261232796,1.5996212476393752,62.75568525081913
0.011363749655101217,1.793021763890185,50.87057571258307
0.012005633692391748,0.3375347764845631,63.63647227529948
0.011013004374497048,7.62215336543676,52.909050726286196
0.013831621619208784,7.1258481792103225,62.07066702523165
0.01917890522422616,1.3735028643570304,75.32802005187983
0.01000506045419608,6.341268029216989,53.87642107562133
0.010638704792998594,0.19655675410062834,67.47653744701597
0.015251401854289895,4.891677056518489,73.59242762165619
0.013362888904459918,4.862052969445699,90.19420772512989
0.01035636052077655,4.5165621746782065,84.38103409912964
0.011062504089206128,3.168351119704888,92.84292822310425
0.019557319357953042,7.3710755525416705,50.227353557551766
0.015772417550655567,5.9936878434418155,58.64006908875702
0.010791630585891776,6.5613026701268184,65.62441482649159
0.01276796465159255,0.07304075659300757,55.01216483643461
0.016994536948586568,2.8967868799283254,57.17400386242467
0.015283436959432928,6.126717397411814,73.20717109817129
0.011834192848494877,3.3921791345243526,85.0790522722961
0.014198649177478605,1.7861284873787193,66.52380831787183
0.011244512141932263,7.183774771315155,89.42096132788711
0.012018319781043119,6.0926816921833895,81.28801081848503
0.011330545498118705,5.114078921245189,62.294604396474455
0.013089660817446882,3.141130456220002,55.773957346534544
0.02346248220721927,1.4121410480485923,60.61487087391173
0.011049481491861322,2.7310412725109643,54.181866644575955
0.01802721450703837,7.716688393987739,51.27772977469799
0.018480815483715905,3.221793923766592,58.614899943001696
0.010480622593225856,1.9546883643158846,60.358131914366425
0.010522939557037043,3.7444490168799174,62.841434077480656
0.012866062341035005,5.039802625526206,80.36548362210202
0.01556671796864204,0.0095992402481766,81.31401672969702
0.017179760362819256,2.2136084280738997,70.40188807394792
0.011478378371203074,1.489715891184277,50.317146686891704
0.012015806740340714,0.24602885644394146,63.291840273599874
0.011013004374497048,7.62215336543676,52.909050726286196
0.013831621619208784,7.1258481792103225,62.07066702523165
0.01917890522422616,1.3735028643570304,75.32802005187983
0.010140235177593661,5.030422818255947,56.77772052091023
0.010638704792998594,0.19655675410062834,67.47653744701597
0.015902482307523592,5.292495418513932,75.39854582076339
0.013362888904459918,4.862052969445699,90.19420772512989
0.01036595308417026,4.318795177490804,82.52655664220315
0.010625859381998863,3.3607976359213207,96.50733279671518
0.019557319357953042,7.3710755525416705,50.227353557551766
0.014117190911459812,6.428737476364693,69.89236970313486
0.010791630585891776,6.5613026701268184,65.62441482649159
0.01276796465159255,0.07304075659300757,55.01216483643461
0.0171726029711406,3.7278891777234198,56.15730115004661
0.015283436959432928,6.126717397411814,73.20717109817129
0.011834192848494877,3.3921791345243526,85.0790522722961
0.013681815735206998,3.0480407011724084,71.89219445125381
0.011244512141932263,7.183774771315155,89.42096132788711
0.012173201134924611,6.754605360002528,82.83854463654926
0.011327935203374662,5.176874520983254,63.11763153457268
0.013089660817446882,3.141130456220002,55.773957346534544
0.022784720902985545,1.2917488306299494,62.39165646018819
0.011081538661041957,3.462936649137781,59.97411324594037
0.01536788563754277,5.1880608023388355,50.88765949595423
0.018480815483715905,3.221793923766592,58.614899943001696
0.011683427426911292,2.365500651286616,64.6918992180201
0.010522939557037043,3.7444490168799174,62.841434077480656
0.013798414810517072,7.148138866952461,92.7220485689515
0.01556671796864204,0.0095992402481766,81.31401672969702
0.017179760362819256,2.2136084280738997,70.40188807394792
0.011478378371203074,1.489715891184277,50.317146686891704
0.012015806740340714,0.24602885644394146,63.291840273599874
0.011013004374497048,7.62215336543676,52.909050726286196
0.013674985581177643,7.153428822935777,61.56153820267841
0.01917890522422616,1.3735028643570304,75.32802005187983
0.010140235177593661,5.030422818255947,56.77772052091023
0.010638704792998594,0.19655675410062834,67.47653744701597
0.01856217010444105,4.249732540321298,70.09240955921798
0.01345896185751417,4.82768094584392,92.09481976733625
0.01036595308417026,4.318795177490804,82.52655664220315
0.010625859381998863,3.3607976359213207,96.50733279671518
0.019557319357953042,7.3710755525416705,50.227353557551766
0.014117190911459812,6.428737476364693,69.89236970313486
0.010791630585891776,6.5613026701268184,65.62441482649159
0.01276796465159255,0.07304075659300757,55.01216483643461
0.02095518086478206,6.281879541227894,50.92402281942569
0.014765488302340684,5.757935063854146,78.56916932633878
0.012021803496811619,3.2737767858169553,85.40520837542253
0.012303408183976317,3.3768588697477924,72.47946777396731
0.010874691955172756,7.2926962312089625,91.10048623906958
0.012309418338468506,6.870132786022131,84.58472861483007
0.011327935203374662,5.176874520983254,63.11763153457268
0.013567676668477684,4.429857187850942,52.42744380996976
0.02497084647714602,0.8747343477475304,63.8838722016911
0.011120727255911537,3.5716795752601542,60.759577369920194
0.014958104147384804,5.311027964915679,52.207264607837644
0.018480815483715905,3.221793923766592,58.614899943001696
0.011683427426911292,2.365500651286616,64.6918992180201
0.010652526542358558,3.631984402787812,64.48451548045121
0.01353295704176709,5.647348010780016,78.88345583949612
0.01556671796864204,0.0095992402481766,81.31401672969702
0.018591870503182117,1.498539541978217,72.15965975098698
0.011478378371203074,1.489715891184277,50.317146686891704
0.012015806740340714,0.24602885644394146,63.291840273599874
0.011013004374497048,7.62215336543676,52.909050726286196
0.013674985581177643,7.153428822935777,61.56153820267841
0.01933346727035693,1.4318629990763885,75.07188496552041
0.010140235177593661,5.030422818255947,56.77772052091023
0.010638704792998594,0.19655675410062834,67.47653744701597
0.01856217010444105,4.249732540321298,70.09240955921798
0.01345896185751417,4.82768094584392,92.09481976733625
0.01036595308417026,4.318795177490804,82.52655664220315
0.010625859381998863,3.3607976359213207,96.50733279671518
0.01897763769595385,6.968042078379416,52.9256173865476
0.014117190911459812,6.428737476364693,69.89236970313486
0.010791630585891776,6.5613026701268184,65.62441482649159
0.01276796465159255,0.07304075659300757,55.01216483643461
0.016391018367516812,3.9739055566369568,50.63174266623333
0.014491181419982499,5.8669013543571245,79.1816076778835
0.012221242046993396,2.2705437966085986,84.37484062245552
0.012303408183976317,3.3768588697477924,72.47946777396731
0.010874691955172756,7.2926962312089625,91.10048623906958
0.01242065057402776,7.062031042308979,87.0176111716722
0.011327935203374662,5.176874520983254,63.11763153457268
0.013260915574095757,4.813183171122787,52.485274422944755
0.02497084647714602,0.8747343477475304,63.8838722016911
0.01114818255563349,3.581308513009072,60.66608903581856
0.014958104147384804,5.311027964915679,52.207264607837644
0.02220548049730244,4.658651357696244,54.40600357874122
0.011587060189457586,1.9539066664051892,57.936173444394925
0.012650158959682968,3.247304348304888,64.40071622953602
0.013362328774388579,5.608252776445141,78.8303647965668
0.01556671796864204,0.0095992402481766,81.31401672969702
0.017014778291808554,1.1981585058362003,70.03295150513944
0.011478378371203074,1.489715891184277,50.317146686891704
0.012015806740340714,0.24602885644394146,63.291840273599874
0.011013004374497048,7.62215336543676,52.909050726286196
0.013674985581177643,7.153428822935777,61.56153820267841
0.01705197622891786,1.9372655332634303,80.68821298845428
0.010140235177593661,5.030422818255947,56.77772052091023
0.010638704792998594,0.19655675410062834,67.47653744701597
0.025785127497221325,3.324035888918387,77.05631454503576
0.013153304634864773,4.325763380951366,89.42670986519146
0.01036595308417026,4.318795177490804,82.52655664220315
0.010625859381998863,3.3607976359213207,96.50733279671518
0.018735251287094887,6.858080570691468,54.44465289370883
0.014117190911459812,6.428737476364693,69.89236970313486
0.010791630585891776,6.5613026701268184,65.62441482649159
0.01276796465159255,0.07304075659300757,55.01216483643461
0.016391018367516812,3.9739055566369568,50.63174266623333
0.014491181419982499,5.8669013543571245,79.1816076778835
0.011386006425981521,2.835013987048499,85.13900966887816
0.012303408183976317,3.3768588697477924,72.47946777396731
0.010874691955172756,7.2926962312089625,91.10048623906958
0.01242065057402776,7.062031042308979,87.0176111716722
0.010825462035124914,5.455941254666893,60.684459197464896
0.015465951280678559,2.0577898182648724,52.06958100914871
0.03060580465771707,0.6456662247801112,59.52873045117119
0.010503434740213828,3.7608529175575702,58.479491503296394
0.015692648288662278,5.566641096870755,51.17301782144185
0.023385109648070064,4.095121408853018,55.1253708120458
0.011587060189457586,1.9539066664051892,57.936173444394925
0.012258346428725328,3.8085923610399606,67.75258154973245
0.012792841090327647,4.3632858025052315,70.21128091890901
0.014311119479344266,0.05723376629129248,77.78839342801925
0.017014778291808554,1.1981585058362003,70.03295150513944
0.011308181268153684,1.9400548867509961,51.138860652809456
0.012015806740340714,0.24602885644394146,63.291840273599874
0.011013004374497048,7.62215336543676,52.909050726286196
0.013674985581177643,7.153428822935777,61.56153820267841
0.01779029772055657,1.5167146829973266,82.50439018445293
0.010140235177593661,5.030422818255947,56.77772052091023
0.010638704792998594,0.19655675410062834,67.47653744701597
0.030797194006954482,2.6816877574859306,81.88862256768435
0.013153304634864773,4.325763380951366,89.42670986519146
0.01036595308417026,4.318795177490804,82.52655664220315
0.010625859381998863,3.3607976359213207,96.50733279671518
0.018735251287094887,6.858080570691468,54.44465289370883
0.01065408084838942,6.106770618088537,81.47670147507017
0.010791630585891776,6.5613026701268184,65.62441482649159
0.01275030540712385,0.4283971789706946,56.63948730239021
0.016391018367516812,3.9739055566369568,50.63174266623333
0.013499714680087253,4.531005302321484,71.92841824634986
0.010272812096071025,1.6257293691441097,96.95096129620822
0.011866828337053745,3.3932696631181356,72.25734736017904
0.01121800753011086,7.2737140800582525,89.49951638840113
0.01242065057402776,7.062031042308979,87.0176111716722
0.010792368531124294,5.5214907452164255,60.316685225902596
0.015622774450248227,2.0708372423119004,50.71424658404026
0.03060580465771707,0.6456662247801112,59.52873045117119
0.010503434740213828,3.7608529175575702,58.479491503296394
0.01453079468918313,5.084497773337446,58.800998923194626
0.023385109648070064,4.095121408853018,55.1253708120458
0.011587060189457586,1.9539066664051892,57.936173444394925
0.014001817849280453,3.8560205911267698,76.96522032924193
0.012792841090327647,4.3632858025052315,70.21128091890901
0.014311119479344266,0.05723376629129248,77.78839342801925
0.017014778291808554,1.1981585058362003,70.03295150513944
0.011308181268153684,1.9400548867509961,51.138860652809456
0.012015806740340714,0.24602885644394146,63.291840273599874
0.011013004374497048,7.62215336543676,52.909050726286196
0.013674985581177643,7.153428822935777,61.56153820267841
0.01718431646941077,1.70333898192973,80.50646073240584
0.010140235177593661,5.030422818255947,56.77772052091023
0.011773962201732047,0.6234751072964746,63.658469843996286
0.028202838724395964,2.582962430467205,77.79524912027281
0.013153304634864773,4.325763380951366,89.42670986519146
0.01036595308417026,4.318795177490804,82.52655664220315
0.010625859381998863,3.3607976359213207,96.50733279671518
0.018735251287094887,6.858080570691468,54.44465289370883
0.01065408084838942,6.106770618088537,81.47670147507017
0.010791630585891776,6.5613026701268184,65.62441482649159
0.01275030540712385,0.4283971789706946,56.63948730239021
0.016391018367516812,3.9739055566369568,50.63174266623333
0.014219929058343062,5.0328244090243075,71.7833380463608
0.010272812096071025,1.6257293691441097,96.95096129620822
0.01212684702022442,2.6271336013254065,73.86141171123025
0.01121800753011086,7.2737140800582525,89.49951638840113
0.012866767280287964,7.199158452503956,92.87626383363889
0.010792368531124294,5.5214907452164255,60.316685225902596
0.015622774450248227,2.0708372423119004,50.71424658404026
0.03060580465771707,0.6456662247801112,59.52873045117119
0.010503434740213828,3.7608529175575702,58.479491503296394
0.01453079468918313,5.084497773337446,58.800998923194626
0.023385109648070064,4.095121408853018,55.1253708120458
0.010212459115196297,2.145304269191368,54.87259427468871
0.015580848067902872,1.917439769060663,69.85552894320087
0.012688393164833655,4.33580144391637,69.67604999901042
0.014311119479344266,0.05723376629129248,77.78839342801925
0.017014778291808554,1.1981585058362003,70.03295150513944
0.011308181268153684,1.9400548867509961,51.138860652809456
0.012015806740340714,0.24602885644394146,63.291840273599874
0.011013004374497048,7.62215336543676,52.909050726286196
0.013469850129483112,7.138481520256761,65.72465491160999
0.015157649682988814,2.4807481494081483,81.10690706453231
0.010250041582641083,4.646592766957423,57.292218259954225
0.011610869918480564,1.0515108210400523,65.84399500723919
0.028325016943007153,2.598085058527418,77.88001660080809
0.013153304634864773,4.325763380951366,89.42670986519146
0.01036595308417026,4.318795177490804,82.52655664220315
0.010625859381998863,3.3607976359213207,96.50733279671518
0.018735251287094887,6.858080570691468,54.44465289370883
0.01065408084838942,6.106770618088537,81.47670147507017
0.010791630585891776,6.5613026701268184,65.62441482649159
0.012429460611359066,0.5046944468234065,52.29206592319098
0.016391018367516812,3.9739055566369568,50.63174266623333
0.014219929058343062,5.0328244090243075,71.7833380463608
0.010272812096071025,1.6257293691441097,96.95096129620822
0.01212684702022442,2.6271336013254065,73.86141171123025
0.01121800753011086,7.2737140800582525,89.49951638840113
0.012799986763421676,7.039411994417755,91.6637078968448
0.01044456232634131,5.763763603522083,58.66021273244097
0.015622774450248227,2.0708372423119004,50.71424658404026
0.03060580465771707,0.6456662247801112,59.52873045117119
0.010503434740213828,3.7608529175575702,58.479491503296394
0.01429588607014182,4.989038006016802,60.18758224743802
0.023385109648070064,4.095121408853018,55.1253708120458
0.010750952256636111,2.1378925046721706,54.45871050406468
0.015502232284201535,1.9936695336809098,69.78607451698943
0.012766553306427637,5.401990692249546,70.40454538102391
0.013344029731706338,0.6224273677004923,71.45107954357826
0.017014778291808554,1.1981585058362003,70.03295150513944
0.011308181268153684,1.9400548867509961,51.138860652809456
0.012015806740340714,0.24602885644394146,63.291840273599874
0.011013004374497048,7.62215336543676,52.909050726286196
0.01085598431239566,7.955096938564245,63.37818932027271
0.013860334375184141,2.8375643969886344,74.79974399953069
0.010250041582641083,4.646592766957423,57.292218259954225
0.011610869918480564,1.0515108210400523,65.84399500723919
0.02908830488821887,2.259014914609339,79.74533127596418
0.01274506143210605,4.542488986256371,84.78979284003978
0.010792356713393222,4.3219175545905495,80.16718353474025
0.010625859381998863,3.3607976359213207,96.50733279671518
0.018735251287094887,6.858080570691468,54.44465289370883
0.010679221808526417,6.197628800102655,82.98155800756328
0.010791630585891776,6.5613026701268184,65.62441482649159
0.012608782747041183,3.2498288525849715,68.93403724750786
0.016391018367516812,3.9739055566369568,50.63174266623333
0.015375524866697726,6.361012297958173,70.63602839827178
0.010272812096071025,1.6257293691441097,96.95096129620822
0.012309816582070256,1.8066078464923114,77.30323028745069
0.01121800753011086,7.2737140800582525,89.49951638840113
0.012799986763421676,7.039411994417755,91.6637078968448
0.010320037098625888,6.280005999196467,50.959799682860776
0.015373986615970774,2.1350621587346272,52.994205836524316
0.03060580465771707,0.6456662247801112,59.52873045117119
0.01032552779326707,3.8097848070112335,57.61456058169291
0.01429588607014182,4.989038006016802,60.18758224743802
0.029896799897799246,5.793258777830046,58.82578748999446
0.010990777420845584,2.1345915756424234,54.27438179936077
0.018332844578490243,2.192830418794792,55.08209975038984
0.012787395822962332,6.235523321870824,56.453935325618716
0.013344029731706338,0.6224273677004923,71.45107954357826
0.017014778291808554,1.1981585058362003,70.03295150513944
0.011308181268153684,1.9400548867509961,51.138860652809456
0.012015806740340714,0.24602885644394146,63.291840273599874
0.011013004374497048,7.62215336543676,52.909050726286196
0.01085598431239566,7.955096938564245,63.37818932027271
0.013891868916033716,2.9728591885809874,75.00427168955193
0.010250041582641083,4.646592766957423,57.292218259954225
0.011610869918480564,1.0515108210400523,65.84399500723919
0.02908830488821887,2.259014914609339,79.74533127596418
0.01274506143210605,4.542488986256371,84.78979284003978
0.011113464425131931,4.132393762536899,78.18138844421556
0.010625859381998863,3.3607976359213207,96.50733279671518
0.018735251287094887,6.858080570691468,54.44465289370883
0.010679221808526417,6.197628800102655,82.98155800756328
0.010791630585891776,6.5613026701268184,65.62441482649159
0.012608782747041183,3.2498288525849715,68.93403724750786
0.015556349970185259,4.359593900827706,52.86661371495509
0.015375524866697726,6.361012297958173,70.63602839827178
0.010272812096071025,1.6257293691441097,96.95096129620822
0.013621224356031168,0.5962584552004984,62.347737759775995
0.01121800753011086,7.2737140800582525,89.49951638840113
0.012797101288902827,7.038266679397349,91.65189512041404
0.010320037098625888,6.280005999196467,50.959799682860776
0.015598546418616042,1.5406015998381766,51.49588251831667
0.03060580465771707,0.6456662247801112,59.52873045117119
0.01032552779326707,3.8097848070112335,57.61456058169291
0.01429588607014182,4.989038006016802,60.18758224743802
0.026090522174871192,4.572398986279909,59.62936136716483
0.010990777420845584,2.1345915756424234,54.27438179936077
0.018332844578490243,2.192830418794792,55.08209975038984
0.012787395822962332,6.235523321870824,56.453935325618716
0.013344029731706338,0.6224273677004923,71.45107954357826
0.017014778291808554,1.1981585058362003,70.03295150513944
0.011091892341252537,3.4041652977254437,62.089046288906204
0.011937939116265601,0.3076664531011546,64.79554872795683
0.011013004374497048,7.62215336543676,52.909050726286196
0.01085598431239566,7.955096938564245,63.37818932027271
0.014465374995302885,3.43290919315222,72.56980224990508
0.010250041582641083,4.646592766957423,57.292218259954225
0.01539651123444043,1.3130582044931407,68.85504743095332
0.027864511053097354,2.5212055523156547,77.86835698620744
0.012724062581793347,3.535405850022637,82.02083328700414
0.010346730426487386,3.169068181341832,88.13351493612305
0.010631967406599389,3.3399000938011065,97.14468122649234
0.018735251287094887,6.858080570691468,54.44465289370883
0.010839298926021548,6.8808094376430615,68.55923409906485
0.010791630585891776,6.5613026701268184,65.62441482649159
0.012608782747041183,3.2498288525849715,68.93403724750786
0.015556349970185259,4.359593900827706,52.86661371495509
0.015723349676909394,6.269651871875443,67.8010249034952
0.010272812096071025,1.6257293691441097,96.95096129620822
0.013849057305708925,0.6459613124317279,62.213755387575496
0.01121800753011086,7.2737140800582525,89.49951638840113
0.013402225027029223,7.6064742697875785,99.81497667343038
0.010320037098625888,6.280005999196467,50.959799682860776
0.015598546418616042,1.5406015998381766,51.49588251831667
0.03060580465771707,0.6456662247801112,59.52873045117119
0.01032552779326707,3.8097848070112335,57.61456058169291
0.01429588607014182,4.989038006016802,60.18758224743802
0.01946030393665223,4.251669506920775,58.78200496532547
0.010214461147331436,2.3277150512188634,53.37089649268271
0.018332844578490243,2.192830418794792,55.08209975038984
0.012787395822962332,6.235523321870824,56.453935325618716
0.01285031259551057,1.5461212580851287,68.10553699855107
0.017014778291808554,1.1981585058362003,70.03295150513944
0.011091892341252537,3.4041652977254437,62.089046288906204
0.011484880543374883,0.2281986888815959,64.32816141355949
0.011013004374497048,7.62215336543676,52.909050726286196
0.01085598431239566,7.955096938564245,63.37818932027271
0.01559627513725739,0.9888862025905025,59.63431003824958
0.010250041582641083,4.646592766957423,57.292218259954225
0.01539651123444043,1.3130582044931407,68.85504743095332
0.027864511053097354,2.5212055523156547,77.86835698620744
0.01269411876970239,2.258796462784624,94.10880437728423
0.010368328044256489,3.6200042558759393,85.55721437424586
0.010631967406599389,3.3399000938011065,97.14468122649234
0.018735251287094887,6.858080570691468,54.44465289370883
0.010910938810987102,6.955134771372259,72.52048398395127
0.010443258049994646,6.722280642889723,66.55720166391752
0.01184525133335776,4.019008029471996,73.00879231365901
0.015556349970185259,4.359593900827706,52.86661371495509
0.01605156019533063,6.568859075408849,66.24495823385166
0.011114846762439488,1.5249971917758796,91.0484287250455
0.013975317828800501,1.8731856516142145,61.64121910318354
0.011396245570466375,7.458633442212888,99.35499587695904
0.013402225027029223,7.6064742697875785,99.81497667343038
0.010320037098625888,6.280005999196467,50.959799682860776
0.015598546418616042,1.5406015998381766,51.49588251831667
0.026165007334216853,1.0119803875836304,58.187686269973085
0.010328360146182833,3.8207778523112994,57.71574993515377
0.014111066988357136,4.676020495827358,60.4598186526149
0.01946030393665223,4.251669506920775,58.78200496532547
0.010214461147331436,2.3277150512188634,53.37089649268271
0.018738000633670482,2.9326807000110082,56.411672289366216
0.012787395822962332,6.235523321870824,56.453935325618716
0.01285031259551057,1.5461212580851287,68.10553699855107
0.01691429368789407,1.2148493512262528,69.7867453411096
0.011100726965409749,2.931794912095805,63.11710942573392
0.01135547014139887,0.7003294514142842,69.30733084750773
0.011013004374497048,7.62215336543676,52.909050726286196
0.01085598431239566,7.955096938564245,63.37818932027271
0.016570084707545212,1.4173103390904793,58.01440378720141
0.010250041582641083,4.646592766957423,57.292218259954225
0.015275083370371466,1.1762993097863106,79.2883109536582
0.022059004251345084,2.4207850934603155,84.0833596065152
0.012714935081392632,3.1462685999565156,85.70549977620126
0.011202694424105548,3.2882812680037166,80.12347755499705
0.010631967406599389,3.3399000938011065,97.14468122649234
0.018735251287094887,6.858080570691468,54.44465289370883
0.010967854790856693,7.0141842687348745,75.66759147602802
0.010443258049994646,6.722280642889723,66.55720166391752
0.012117881337283934,3.4933327413267556,74.26336122282656
0.015423689456151059,4.449469625760548,53.038482190767134
0.014367500965993686,5.695052402938055,71.967579152373
0.01099269826621977,1.9659036690051588,86.28056835289978
0.013591702693698565,1.988644793090665,71.36262579866255
0.011396245570466375,7.458633442212888,99.35499587695904
0.01534124289965256,4.485118043387754,81.4643142789464
0.010320037098625888,6.280005999196467,50.959799682860776
0.015598546418616042,1.5406015998381766,51.49588251831667
0.023703298636046154,1.5741780729853394,58.04917630246161
0.010328360146182833,3.8207778523112994,57.71574993515377
0.016581346863884183,3.2978583978752423,56.35321364692287
0.020651724309554316,3.776291179678283,59.6103356381077
0.010214461147331436,2.3277150512188634,53.37089649268271
0.018738000633670482,2.9326807000110082,56.411672289366216
0.012787395822962332,6.235523321870824,56.453935325618716
0.012362035740892358,3.1608671194520053,64.06696990708225
0.010020480773100093,1.3660312745934633,78.43059124113314
0.011100726965409749,2.931794912095805,63.11710942573392
0.01135547014139887,0.7003294514142842,69.30733084750773
0.011013004374497048,7.62215336543676,52.909050726286196
0.01085598431239566,7.955096938564245,63.37818932027271
0.018034881708933012,0.1490021221638571,55.97199824634046
0.010250041582641083,4.646592766957423,57.292218259954225
0.016232262781020128,0.37138104463429666,79.38803158699982
0.01938282858906359,2.6360389014394925,87.14227956201411
0.013138635357109019,3.426209159080309,86.84947194994844
0.011073227281406046,3.2880507411842927,80.69564097024798
0.010664898324403576,3.709991560996539,93.32164032824039
0.018735251287094887,6.858080570691468,54.44465289370883
0.010304031760459182,7.359558335836324,74.76240003981361
0.010316084505588137,5.11109372694472,70.12877733549844
0.012631514323989275,3.399348601226371,79.01289928406442
0.018045011399135065,4.349593633400299,50.883250143585336
0.012125402635499476,7.112169312737393,79.94787327407712
0.01099269826621977,1.9659036690051588,86.28056835289978
0.013591702693698565,1.988644793090665,71.36262579866255
0.011396245570466375,7.458633442212888,99.35499587695904
0.013901734612431597,3.6449970164173044,80.64831792214751
0.010320037098625888,6.280005999196467,50.959799682860776
0.015598546418616042,1.5406015998381766,51.49588251831667
0.01912212749522249,1.5112289216052242,64.88667454846762
0.010328360146182833,3.8207778523112994,57.71574993515377
0.01937669738085581,3.0640912025677007,55.74410208317738
0.020651724309554316,3.776291179678283,59.6103356381077
0.010214461147331436,2.3277150512188634,53.37089649268271
0.023552800125166685,2.933239131119928,52.18433453550051
0.012787395822962332,6.235523321870824,56.453935325618716
0.012314399528592338,3.1644280888403555,63.910403494515705
0.01003159202770507,1.386317304972588,78.45449779796763
0.010184428731206067,1.1370143334361842,66.73693950369392
0.01135547014139887,0.7003294514142842,69.30733084750773
0.011013004374497048,7.62215336543676,52.909050726286196
0.01085598431239566,7.955096938564245,63.37818932027271
0.018034881708933012,0.1490021221638571,55.97199824634046
0.010250041582641083,4.646592766957423,57.292218259954225
0.016232262781020128,0.37138104463429666,79.38803158699982
0.01938282858906359,2.6360389014394925,87.14227956201411
0.013529138090708659,3.3713817341005474,90.89775805462494
0.011213969320511361,5.1052119778054585,88.82569349947123
0.010664898324403576,3.709991560996539,93.32164032824039
0.018734098459144186,6.8599343786535405,54.4415455484019
0.010304031760459182,7.359558335836324,74.76240003981361
0.010316084505588137,5.11109372694472,70.12877733549844
0.011720105944068861,3.9703156616383835,87.46553439917861
0.018045011399135065,4.349593633400299,50.883250143585336
0.012725352132228012,6.7137868444137165,87.7789982610944
0.01099269826621977,1.9659036690051588,86.28056835289978
0.013128968623718753,2.4146008266461623,68.66287741363024
0.010840999808986845,6.0964207098998155,78.97888548476783
0.013403615399557867,3.852293389510521,82.2214362957196
0.010320037098625888,6.280005999196467,50.959799682860776
0.015598546418616042,1.5406015998381766,51.49588251831667
0.01911393825285794,1.475895960767932,64.18757298069016
0.010367213949215758,3.4110914563368917,57.92586380269981
0.01937669738085581,3.0640912025677007,55.74410208317738
0.021448206914775433,4.1286808836327005,60.88933687263493
0.010214461147331436,2.3277150512188634,53.37089649268271
0.023552800125166685,2.933239131119928,52.18433453550051
0.012787395822962332,6.235523321870824,56.453935325618716
0.012467278237442026,4.157047015391319,61.50037356445442
0.010062562745381427,1.545752445688108,74.20633859033566
0.01016388965418326,0.06843512318371658,65.3587507310165
0.011897396700590158,0.3459675104436646,67.25389498837339
0.011013004374497048,7.62215336543676,52.909050726286196
0.01085598431239566,7.955096938564245,63.37818932027271
0.018034881708933012,0.1490021221638571,55.97199824634046
0.010230542456232842,4.191561746124087,59.05628312278688
0.017298909538429753,3.137747530861952,68.75220579136358
0.01938282858906359,2.6360389014394925,87.14227956201411
0.013467748836014492,3.326300695295655,92.58646273671842
0.01128179330138937,5.1773974956953746,88.77872258165846
0.01069606737993361,3.6396227515755637,96.0286062374611
0.018839522739544225,7.270188887255209,55.042626890190306
0.010304031760459182,7.359558335836324,74.76240003981361
0.010316084505588137,5.11109372694472,70.12877733549844
0.011720105944068861,3.9703156616383835,87.46553439917861
0.01809147849165206,4.359203636354801,50.77761850185745
0.012725352132228012,6.7137868444137165,87.7789982610944
0.01099269826621977,1.9659036690051588,86.28056835289978
0.014984382772994704,2.8043076126363418,53.36139044052974
0.010508445181423295,6.78977355650428,71.58544335798643
0.012054411704367076,3.8059388881453784,85.79916268659463
0.010320037098625888,6.280005999196467,50.959799682860776
0.015598546418616042,1.5406015998381766,51.49588251831667
0.01911393825285794,1.475895960767932,64.18757298069016
0.010367213949215758,3.4110914563368917,57.92586380269981
0.01937669738085581,3.0640912025677007,55.74410208317738
0.029967432288905114,6.061338286298561,50.92498727125414
0.010214461147331436,2.3277150512188634,53.37089649268271
0.02145657480672307,3.6335730888903908,55.75664490041679
0.014186635447432983,7.86848199565621,55.60293289813162
0.011120432806688367,4.161301006968345,61.592009074095756
0.010090057559734845,1.5519898738768747,74.17417980471714
0.01016388965418326,0.06843512318371658,65.3587507310165
0.011897396700590158,0.3459675104436646,67.25389498837339
0.010858133621743114,6.612274150408691,54.11216180869583
0.01085598431239566,7.955096938564245,63.37818932027271
0.018034881708933012,0.1490021221638571,55.97199824634046
0.010230542456232842,4.191561746124087,59.05628312278688
0.017298909538429753,3.137747530861952,68.75220579136358
0.018826234472319486,2.802424714943692,87.55634305804666
0.014854820689315743,2.8555760379064803,99.24762846188632
0.01128179330138937,5.1773974956953746,88.77872258165846
0.01069606737993361,3.6396227515755637,96.0286062374611
0.018839522739544225,7.270188887255209,55.042626890190306
0.010304031760459182,7.359558335836324,74.76240003981361
0.010316084505588137,5.11109372694472,70.12877733549844
0.011672628639180803,4.940892388655003,92.87807922341493
0.01809147849165206,4.359203636354801,50.77761850185745
0.012689052368022683,6.689639513658783,87.51306729905153
0.011098701726180327,1.3677865410965269,82.79702772593612
0.014984382772994704,2.8043076126363418,53.36139044052974
0.010508445181423295,6.78977355650428,71.58544335798643
0.011978303363122432,3.65547504567436,84.97627577652395
0.010739353247631546,5.799279646488275,67.44847432192168
0.015469773915646842,1.540867824675883,52.026035375019106
0.01911393825285794,1.475895960767932,64.18757298069016
0.010443295254792047,2.9766248582589965,57.296590090649005
0.018146957538298623,3.3636702006891976,61.67150651493346
0.029967432288905114,6.061338286298561,50.92498727125414
0.01032967651347639,2.5341921434715156,56.492509441208874
0.02145657480672307,3.6335730888903908,55.75664490041679
0.014186635447432983,7.86848199565621,55.60293289813162
0.011120432806688367,4.161301006968345,61.592009074095756
0.010090057559734845,1.5519898738768747,74.17417980471714
0.01016388965418326,0.06843512318371658,65.3587507310165
0.012162100255100589,1.452230806891698,66.22515256317696
0.010785424824752105,6.649180627134159,57.745285282186
0.01085598431239566,7.955096938564245,63.37818932027271
0.018034881708933012,0.1490021221638571,55.97199824634046
0.010230542456232842,4.191561746124087,59.05628312278688
0.01723500016960428,3.1402677277639284,68.65238826846762
0.018826234472319486,2.802424714943692,87.55634305804666
0.013807512333891499,2.4407397703616387,94.66075254778399
0.011061882243812047,4.566894570234181,81.32155412604664
0.010727272796271614,4.48172350118098,89.65736188063191
0.018839522739544225,7.270188887255209,55.042626890190306
0.012894382371619679,4.5126235154392855,63.37921540955955
0.010248769706992686,4.924668447667961,72.11781341402835
0.011724101415691225,4.724440080251189,91.54748911898491
0.017918796714276347,4.318601437379833,50.90476133900923
0.012689052368022683,6.689639513658783,87.51306729905153
0.011098701726180327,1.3677865410965269,82.79702772593612
0.015140150145581257,2.8618942004913657,52.181388318606324
0.012556116246124759,5.053262927009106,63.00693450444664
0.011921539833558668,3.6931703898445614,84.67574965168001
0.010739353247631546,5.799279646488275,67.44847432192168
0.014895821191410988,2.257373751815973,55.20537900101031
0.01911393825285794,1.475895960767932,64.18757298069016
0.010394893902852,2.891944977416351,56.989556334559815
0.01803013139846889,3.354142901911097,61.88029514334789
0.029967432288905114,6.061338286298561,50.92498727125414
0.010331216562114803,2.4940356196629856,55.657430004173285
0.019124572661936064,3.5300405716976226,58.53910194254229
0.014186635447432983,7.86848199565621,55.60293289813162
0.011120432806688367,4.161301006968345,61.592009074095756
0.010306498707011717,3.1385497682323926,69.06049534207696
0.011321278099330728,2.312594855314197,62.55189406816407
0.012218941384491139,1.7207252350438202,66.24213657100144
0.010785424824752105,6.649180627134159,57.745285282186
0.01085598431239566,7.955096938564245,63.37818932027271
0.016813896216731822,0.5269651144897365,56.05447971196546
0.010230542456232842,4.191561746124087,59.05628312278688
0.01910814927815797,3.5225652683018045,54.438612261116795
0.018826234472319486,2.802424714943692,87.55634305804666
0.014201031322376335,2.179412932118038,96.7441807202518
0.011195387082659856,4.819337115405455,83.4885469148901
0.010727272796271614,4.48172350118098,89.65736188063191
0.018839522739544225,7.270188887255209,55.042626890190306
0.012868373771804201,4.788380282096323,66.4361855785749
0.010248769706992686,4.924668447667961,72.11781341402835
0.011724101415691225,4.724440080251189,91.54748911898491
0.014858921335530136,5.894067755306185,56.308718430984236
0.012942364450437779,7.6786029501660265,88.4495039166381
0.011406129582227652,1.489557959878271,84.14346349236938
0.015140150145581257,2.8618942004913657,52.181388318606324
0.013033179512945532,4.623287549928131,64.42453868806592
0.011809690899506635,3.7670222355312246,85.14230193879209
0.010869290125200291,6.030930810555818,66.2117444040204
0.01648593104486287,2.174931043506779,55.047904079791756
0.019198140152825262,1.4622208361943805,64.25708595175334
0.010411206873549074,2.8464350751179412,54.76191406911833
0.02003810248797238,3.53386375209147,66.74586391954462
0.029967432288905114,6.061338286298561,50.92498727125414
0.010331216562114803,2.4940356196629856,55.657430004173285
0.01673485886010713,2.9721548023315547,60.21721597746241
0.013758083483429478,7.129008019699844,60.9287427193339
0.011120432806688367,4.161301006968345,61.592009074095756
0.010312926975926826,3.1206161928151976,68.18267340548225
0.010569755587661536,2.808107316344392,59.46242793955309
0.012218941384491139,1.7207252350438202,66.24213657100144
0.010671953672954088,7.0562918339349485,51.8056705901247
0.01085598431239566,7.955096938564245,63.37818932027271
0.015173169365823188,1.6748528790774904,67.11955914329836
0.010230542456232842,4.191561746124087,59.05628312278688
0.02071142808783483,3.197320492024029,51.35589637689336
0.01958035602498643,2.214753772544394,93.49600710482879
0.014201031322376335,2.179412932118038,96.7441807202518
0.01144486149219551,4.283257189876277,92.2633073200943
0.010727272796271614,4.48172350118098,89.65736188063191
0.018839522739544225,7.270188887255209,55.042626890190306
0.012995550765434507,4.658393978852619,65.47222486704958
0.010248769706992686,4.924668447667961,72.11781341402835
0.012623875962425932,4.943525082089369,93.25358818759933
0.014858921335530136,5.894067755306185,56.308718430984236
0.012942364450437779,7.6786029501660265,88.4495039166381
0.010655188624567016,0.04323117237567331,93.24444312244644
0.014574243645938777,3.044828147202039,53.50624054134213
0.013665389364556864,4.972521168047328,63.5511161805229
0.011809690899506635,3.7670222355312246,85.14230193879209
0.010710329965790603,7.214308521801129,69.13579482875976
0.01648593104486287,2.174931043506779,55.047904079791756
0.01741221880516978,2.0734828264821745,60.104708342262725
0.010411206873549074,2.8464350751179412,54.76191406911833
0.02003810248797238,3.53386375209147,66.74586391954462
0.024467436595433545,4.475815820254383,52.60699762611127
0.010331216562114803,2.4940356196629856,55.657430004173285
0.01673485886010713,2.9721548023315547,60.21721597746241
0.013447076985997664,7.693830684337227,61.59922704298306
0.015617573009935572,4.26727364575175,58.56459881416608
0.010312926975926826,3.1206161928151976,68.18267340548225
0.010569755587661536,2.808107316344392,59.46242793955309
0.010164959740761642,1.3635978518639016,69.84250300911522
0.010671953672954088,7.0562918339349485,51.8056705901247
0.010799333645107512,7.6723702145185335,64.1935609077698
0.013758078693429546,1.5869064633481036,67.88893837349015
0.010504975626118542,4.544446180719081,62.030842209941056
0.019285304154267637,2.7115277899075805,55.13767833284545
0.021101358041313113,1.8647857891435264,99.23199832856352
0.014201031322376335,2.179412932118038,96.7441807202518
0.01144486149219551,4.283257189876277,92.2633073200943
0.010727272796271614,4.48172350118098,89.65736188063191
0.018839522739544225,7.270188887255209,55.042626890190306
0.01300218096869229,4.2818948857678745,62.6078784572834
0.010364334318490582,4.838960767229509,73.08209653321578
0.012623875962425932,4.943525082089369,93.25358818759933
0.014858921335530136,5.894067755306185,56.308718430984236
0.012942364450437779,7.6786029501660265,88.4495039166381
0.011584239938121705,1.8753079235560857,82.21973228819063
0.015299634935552543,3.0204292579364007,55.75934099821704
0.016859314571576217,6.7368499794484045,59.13858424020327
0.01213156383558217,3.9915504897844887,82.09866506845434
0.010710329965790603,7.214308521801129,69.13579482875976
0.01611643194616727,2.329466624240375,57.77570971929322
0.021043287383052882,1.6836419436175551,60.445545276906614
0.010411206873549074,2.8464350751179412,54.76191406911833
0.02003810248797238,3.53386375209147,66.74586391954462
0.024467436595433545,4.475815820254383,52.60699762611127
0.010331216562114803,2.4940356196629856,55.657430004173285
0.01673485886010713,2.9721548023315547,60.21721597746241
0.013447076985997664,7.693830684337227,61.59922704298306
0.016081775266048884,4.393956336285458,58.9036481225891
0.010312926975926826,3.1206161928151976,68.18267340548225
0.010569755587661536,2.808107316344392,59.46242793955309
0.010164959740761642,1.3635978518639016,69.84250300911522
0.010671953672954088,7.0562918339349485,51.8056705901247
0.010799333645107512,7.6723702145185335,64.1935609077698
0.013591570298235356,1.6495685846164503,67.2358629441855
0.010504975626118542,4.544446180719081,62.030842209941056
0.019285304154267637,2.7115277899075805,55.13767833284545
0.021101358041313113,1.8647857891435264,99.23199832856352
0.014201031322376335,2.179412932118038,96.7441807202518
0.01144486149219551,4.283257189876277,92.2633073200943
0.010727272796271614,4.48172350118098,89.65736188063191
0.018839522739544225,7.270188887255209,55.042626890190306
0.01425824858494057,5.122666900937227,65.87644811656287
0.010364334318490582,4.838960767229509,73.08209653321578
0.012712298782081348,4.993043345207895,93.3278565098011
0.013508819366456306,5.4273282701482515,56.73813914126431
0.012858596856076463,7.512278118461669,87.39750944399646
0.011584239938121705,1.8753079235560857,82.21973228819063
0.015299634935552543,3.0204292579364007,55.75934099821704
0.016859314571576217,6.7368499794484045,59.13858424020327
0.01213156383558217,3.9915504897844887,82.09866506845434
0.010710329965790603,7.214308521801129,69.13579482875976
0.01611643194616727,2.329466624240375,57.77570971929322
0.021592009156380584,0.6736218002944834,57.00625561483798
0.010411206873549074,2.8464350751179412,54.76191406911833
0.01736580706874265,2.9655674493480015,75.27609142380945
0.024467436595433545,4.475815820254383,52.60699762611127
0.010331216562114803,2.4940356196629856,55.657430004173285
0.016938026834246046,3.387053773300497,59.717701165556385
0.014270711517347628,7.700506400872398,60.792206617744036
0.0207287091557998,2.4191663790850324,63.744050942251036
0.010312926975926826,3.1206161928151976,68.18267340548225
0.010569755587661536,2.808107316344392,59.46242793955309
0.010205934023125139,1.3964860323458312,69.7769873020579
0.010648463529177987,6.702930319319028,53.24412765700703
0.010799333645107512,7.6723702145185335,64.1935609077698
0.013591570298235356,1.6495685846164503,67.2358629441855
0.010421015501259878,3.6522642951083544,61.41396711162525
0.02011868978007474,2.626365090535633,53.477884386877584
0.017605222105121703,2.8332217626345364,90.71719816096565
0.014062474812510575,2.8295314539497096,88.73637697268202
0.011440397844367964,4.2817923802782625,91.91138865030234
0.011368060970701113,4.258054005090216,86.20827376730229
0.018839522739544225,7.270188887255209,55.042626890190306
0.012404159690872928,6.390927548626619,52.115670357214206
0.010651063809844572,4.6730160849143925,76.83178487063627
0.011809216467199844,4.045234965149701,79.0404473283769
0.012494031145045601,6.024123032986134,56.70447898402195
0.012858596856076463,7.512278118461669,87.39750944399646
0.01145315109898323,1.7778329246927864,82.7107696874591
0.014821367300054348,2.6365806151496787,58.97283122272206
0.015921079295651192,6.313323041156361,63.76370984332876
0.010613053780713935,4.269280014327611,85.34063261299744
0.010710329965790603,7.214308521801129,69.13579482875976
0.017843845617153575,0.5675964335954431,58.286547342870186
0.027076749328299246,0.3254137965728716,50.85451813814498
0.01164458547036392,2.382277582558721,59.599443466183416
0.018599079883832532,3.397513705601118,74.40033511747328
0.02432782655915722,4.517306093412101,52.72685309652511
0.010331216562114803,2.4940356196629856,55.657430004173285
0.015913107110798543,3.9952416486661435,59.02276105738094
0.014270711517347628,7.700506400872398,60.792206617744036
0.0207287091557998,2.4191663790850324,63.744050942251036
0.010312926975926826,3.1206161928151976,68.18267340548225
0.010569755587661536,2.808107316344392,59.46242793955309
0.010205934023125139,1.3964860323458312,69.7769873020579
0.010648463529177987,6.702930319319028,53.24412765700703
0.010799333645107512,7.6723702145185335,64.1935609077698
0.01113484813857212,0.7602548846542407,56.943618891218364
0.01046954738055055,4.167976529346602,61.77054242471918
0.02011868978007474,2.626365090535633,53.477884386877584
0.016681071443963948,2.7679431977725466,80.17908473615202
0.014062474812510575,2.8295314539497096,88.73637697268202
0.011440397844367964,4.2817923802782625,91.91138865030234
0.011368060970701113,4.258054005090216,86.20827376730229
0.02516902188834838,7.708528121619428,56.432386025510915
0.012509585049271948,6.494237033133199,50.62932539513474
0.010651063809844572,4.6730160849143925,76.83178487063627
0.011529637529535314,3.5833485299116816,77.4250935753139
0.012494031145045601,6.024123032986134,56.70447898402195
0.012858596856076463,7.512278118461669,87.39750944399646
0.011457641114107197,0.8962684798082332,79.4715245269672
0.014821367300054348,2.6365806151496787,58.97283122272206
0.015921079295651192,6.313323041156361,63.76370984332876
0.010613053780713935,4.269280014327611,85.34063261299744
0.010710329965790603,7.214308521801129,69.13579482875976
0.018993633504950067,1.6884645818144781,57.99551103933387
0.027076749328299246,0.3254137965728716,50.85451813814498
0.01164458547036392,2.382277582558721,59.599443466183416
0.019304506874879727,3.5396057066417455,77.28117303472925
0.02432782655915722,4.517306093412101,52.72685309652511
0.01030024646394105,2.2227191317956683,59.1478132547994
0.01669257834976514,4.116977980584952,57.74782202776998
0.014270711517347628,7.700506400872398,60.792206617744036
0.016206029016528043,3.3076412346752337,74.59783931310022
0.010312926975926826,3.1206161928151976,68.18267340548225
0.010569755587661536,2.808107316344392,59.46242793955309
0.010205934023125139,1.3964860323458312,69.7769873020579
0.010630113020769487,6.927137897903053,53.10455180758793
0.010799333645107512,7.6723702145185335,64.1935609077698
0.011149396217816004,0.7347624295041044,56.905197216250514
0.01048230981441726,4.387286304749137,61.08173296343064
0.01615300677849526,3.937771434601605,54.97304821343191
0.015480568482923326,2.059494926805624,81.55203096441691
0.014062474812510575,2.8295314539497096,88.73637697268202
0.01176873833416807,4.824749497840808,80.93996817911948
0.011368060970701113,4.258054005090216,86.20827376730229
0.02516902188834838,7.708528121619428,56.432386025510915
0.012509585049271948,6.494237033133199,50.62932539513474
0.010651063809844572,4.6730160849143925,76.83178487063627
0.012297360046118899,0.18100017388422085,85.19248347384122
0.012494031145045601,6.024123032986134,56.70447898402195
0.016016475315382604,6.687657992352584,77.85147002512629
0.011457641114107197,0.8962684798082332,79.4715245269672
0.014821367300054348,2.6365806151496787,58.97283122272206
0.0196487102583253,7.266296916829727,58.97040209380556
0.010625896642482426,4.405694709714424,82.4656557223273
0.013437605868335334,5.275599823767788,71.84636943687448
0.018993633504950067,1.6884645818144781,57.99551103933387
0.02547312456740827,1.1861742441730527,52.71021119834991
0.011128579148762089,3.272425431929614,60.25752379945908
0.016597569091063035,3.9895467833426546,75.15421517501862
0.01872599831666497,4.7044470181064115,60.02322659055308
0.011229879497397396,2.393497418429667,61.57981180260679
0.01669257834976514,4.116977980584952,57.74782202776998
0.014270711517347628,7.700506400872398,60.792206617744036
0.01563430873873147,3.6397242577942315,78.00287319512006
0.010312926975926826,3.1206161928151976,68.18267340548225
0.010569755587661536,2.808107316344392,59.46242793955309
0.010205934023125139,1.3964860323458312,69.7769873020579
0.010630113020769487,6.927137897903053,53.10455180758793
0.010799333645107512,7.6723702145185335,64.1935609077698
0.01116302592686895,0.64494211510952,56.182586651728386
0.01048230981441726,4.387286304749137,61.08173296343064
0.01615300677849526,3.937771434601605,54.97304821343191
0.013388386993253966,0.40093069076882415,87.21143113490993
0.013271408401525995,3.2590870217970727,92.74407754324834
0.01045828440803977,4.470725845506986,88.08058415398567
0.011368060970701113,4.258054005090216,86.20827376730229
0.022186907526461103,7.375904687273779,63.41122601332267
0.012509585049271948,6.494237033133199,50.62932539513474
0.010679330773760862,4.9732629723808,70.50399987273781
0.012297360046118899,0.18100017388422085,85.19248347384122
0.012494031145045601,6.024123032986134,56.70447898402195
0.016861634145626116,7.739910580870593,81.62479630475862
0.011532182869721963,0.9598575589474873,85.36395095581815
0.017624719473339802,3.1911862483450015,57.130959724918995
0.02072765874186907,7.921363418635196,57.78381285965159
0.01063529107097675,4.406899112976696,83.86473762972508
0.014584427637063285,4.600969497659029,79.5021411911749
0.018993633504950067,1.6884645818144781,57.99551103933387
0.026001521356047035,1.0805649165180764,51.39515750900932
0.011128579148762089,3.272425431929614,60.25752379945908
0.016626019299708562,3.9876963675452735,75.21968501643796
0.01872599831666497,4.7044470181064115,60.02322659055308
0.011259085020625765,2.1400969823980978,61.96103569285769
0.016687622747972138,4.122208079188264,57.74728859939602
0.013980096996192135,7.712422979422893,60.6960587878183
0.013822502018886186,4.127337809527981,75.260881369362
0.010156341478550768,3.2786357291801815,65.8507028735025
0.013133271464398782,3.3105513334568943,66.1358503488229
0.010205934023125139,1.3964860323458312,69.7769873020579
0.010630113020769487,6.927137897903053,53.10455180758793
0.010834972473037798,6.983740531165553,63.40855185648535
0.01116302592686895,0.64494211510952,56.182586651728386
0.01048230981441726,4.387286304749137,61.08173296343064
0.01615300677849526,3.937771434601605,54.97304821343191
0.01259113689567815,2.64003320828797,80.12351257281745
0.013271408401525995,3.2590870217970727,92.74407754324834
0.010428706981159733,4.193063877884665,90.1521814679722
0.012338512635664104,6.647649573239635,99.92946777363765
0.022186907526461103,7.375904687273779,63.41122601332267
0.012509585049271948,6.494237033133199,50.62932539513474
0.010679330773760862,4.9732629723808,70.50399987273781
0.012297360046118899,0.18100017388422085,85.19248347384122
0.012335198271600846,6.150122690698174,54.155629475180476
0.016861634145626116,7.739910580870593,81.62479630475862
0.011483440612774329,1.9393827752700092,85.61470481419802
0.017624719473339802,3.1911862483450015,57.130959724918995
0.02072765874186907,7.921363418635196,57.78381285965159
0.010625485768897831,4.450530500043726,84.30617252798001
0.015781751297027035,3.684887931185189,97.27998896267373
0.015775940154980756,1.9355611851205066,59.828476737064626
0.026001521356047035,1.0805649165180764,51.39515750900932
0.011128579148762089,3.272425431929614,60.25752379945908
0.016626019299708562,3.9876963675452735,75.21968501643796
0.01872599831666497,4.7044470181064115,60.02322659055308
0.011110155067172315,2.2938612223084447,62.48635089993913
0.016687622747972138,4.122208079188264,57.74728859939602
0.013057553674122781,7.703622640631405,53.99558399456838
0.010503965441504006,4.944401334950564,91.08449189213331
0.010148759059260009,3.5664057617900364,65.25039621354803
0.013133271464398782,3.3105513334568943,66.1358503488229
0.010205934023125139,1.3964860323458312,69.7769873020579
0.010630113020769487,6.927137897903053,53.10455180758793
0.01076854220562712,6.1256378345636815,66.436998033236
0.01116302592686895,0.64494211510952,56.182586651728386
0.01048230981441726,4.387286304749137,61.08173296343064
0.01599313985180697,3.869457576034868,55.371002020679725
0.01259113689567815,2.64003320828797,80.12351257281745
0.013271408401525995,3.2590870217970727,92.74407754324834
0.0100429440698702,4.205847349912642,91.08168171063761
0.014639624151985504,4.932934255595669,85.43015023132789
0.022890892264882307,7.777037128730596,64.39572155597976
0.012509585049271948,6.494237033133199,50.62932539513474
0.010618271608675824,4.184540658682733,73.2875863652355
0.012297360046118899,0.18100017388422085,85.19248347384122
0.012909265610627437,5.8826488835999236,54.62935491425989
0.01582867193730639,7.7300569326195525,74.12234403649995
0.011483440612774329,1.9393827752700092,85.61470481419802
0.017624719473339802,3.1911862483450015,57.130959724918995
0.02072765874186907,7.921363418635196,57.78381285965159
0.010625485768897831,4.450530500043726,84.30617252798001
0.014922906956843686,3.798720845402464,91.41358447618661
0.015452230287936054,2.2064342351191484,60.25569334173289
0.02102472728972051,0.7538795855322727,63.66897182828639
0.010848282003496823,3.755958076002926,60.61499623933108
0.019574755711253392,6.58086506397913,68.42609092331169
0.01872599831666497,4.7044470181064115,60.02322659055308
0.01072456370772379,2.9800956792348465,55.111644187743615
0.01568605961365351,3.223089094583677,64.00843907424834
0.013159095467461374,7.821439015665165,52.74640437784199
0.011273601047382559,5.4470331828426755,79.60502601738361
0.010148759059260009,3.5664057617900364,65.25039621354803
0.012809761248581424,3.37361229451301,65.3542044222142
0.010205934023125139,1.3964860323458312,69.7769873020579
0.010630113020769487,6.927137897903053,53.10455180758793
0.01076854220562712,6.1256378345636815,66.436998033236
0.01116302592686895,0.64494211510952,56.182586651728386
0.01048230981441726,4.387286304749137,61.08173296343064
0.01599313985180697,3.869457576034868,55.371002020679725
0.011699230679843782,2.1968331162358874,75.80503989168241
0.01290500352851302,3.3342196998398657,87.88578704517106
0.0100429440698702,4.205847349912642,91.08168171063761
0.014869754304581213,5.190522222657256,86.02630592151486
0.022890892264882307,7.777037128730596,64.39572155597976
0.012509585049271948,6.494237033133199,50.62932539513474
0.010224801846436506,5.122711685021277,70.49784823688546
0.012297360046118899,0.18100017388422085,85.19248347384122
0.012963673963086864,6.550782107924125,54.39681811551618
0.01582867193730639,7.7300569326195525,74.12234403649995
0.011453079896133393,2.004973733932408,85.63045445961643
0.0192370104125279,3.9220100236432023,54.811970184435175
0.02072765874186907,7.921363418635196,57.78381285965159
0.010625485768897831,4.450530500043726,84.30617252798001
0.015036865516265438,3.801977572388483,90.44673996723009
0.015252184243394987,2.6962700207860824,59.60060601711091
0.020793629666025142,0.8715189413163085,64.7024423422867
0.010848282003496823,3.755958076002926,60.61499623933108
0.01637468243528552,5.819101618376105,74.10447866785572
0.020993398217823138,3.533372493163898,57.883813612698845
0.01072456370772379,2.9800956792348465,55.111644187743615
0.015286879806830777,3.407715416099559,64.03382152505591
0.013159095467461374,7.821439015665165,52.74640437784199
0.011371179447512406,5.610174865785119,80.85026919420739
0.011167919134408249,3.260371815015737,71.02821182587631
0.01470286224309126,2.7699069874082096,64.96585035190294
0.010205934023125139,1.3964860323458312,69.7769873020579
0.010630113020769487,6.927137897903053,53.10455180758793
0.01076854220562712,6.1256378345636815,66.436998033236
0.01116302592686895,0.64494211510952,56.182586651728386
0.01048230981441726,4.387286304749137,61.08173296343064
0.01795097380227404,3.9126488907563353,53.37544252806889
0.012780254933751508,2.776218736190762,80.16885536257124
0.01290500352851302,3.3342196998398657,87.88578704517106
0.0100429440698702,4.205847349912642,91.08168171063761
0.014024711552689757,5.291884759940339,84.77609047704678
0.022890892264882307,7.777037128730596,64.39572155597976
0.012509585049271948,6.494237033133199,50.62932539513474
0.010248993829885726,5.137233814946134,70.28747423940878
0.012297360046118899,0.18100017388422085,85.19248347384122
0.013683185830962192,7.89557069483246,50.38403427782017
0.013549477061731015,7.378034578192365,64.90755103075752
0.011034709090281565,2.6579471930464234,87.2477698241475
0.023753935271523526,1.0240708604357325,56.347036999949815
0.02072765874186907,7.921363418635196,57.78381285965159
0.01061911475870171,4.404153983585012,84.08554280078104
0.015036865516265438,3.801977572388483,90.44673996723009
0.015252184243394987,2.6962700207860824,59.60060601711091
0.020793629666025142,0.8715189413163085,64.7024423422867
0.010848282003496823,3.755958076002926,60.61499623933108
0.016397581576109377,5.869863283022079,74.3164742910225
0.02110566090948969,1.6796483878791024,57.926059325969184
0.01072456370772379,2.9800956792348465,55.111644187743615
0.015286879806830777,3.407715416099559,64.03382152505591
0.01524635505528321,7.811915772820008,55.24493054703713
0.011992751338276203,6.5767947550225365,77.96960595261882
0.011415725478105931,2.853060316734991,74.6232629544131
0.014345821317948483,4.196395002668775,64.9478032641708
0.010205934023125139,1.3964860323458312,69.7769873020579
0.010630113020769487,6.927137897903053,53.10455180758793
0.01076854220562712,6.1256378345636815,66.436998033236
0.01116302592686895,0.64494211510952,56.182586651728386
0.010488805736169607,4.376609162339534,61.17597256391138
0.01795097380227404,3.9126488907563353,53.37544252806889
0.014411133468446798,1.3426835186622692,69.90403995408931
0.01290500352851302,3.3342196998398657,87.88578704517106
0.0100429440698702,4.205847349912642,91.08168171063761
0.010911138874918447,4.419163712767986,91.93314737622221
0.021007816914711305,7.034577958955496,62.95875417842859
0.012509585049271948,6.494237033133199,50.62932539513474
0.010148095545962878,5.594898495197207,73.50722233674136
0.012297360046118899,0.18100017388422085,85.19248347384122
0.013683185830962192,7.89557069483246,50.38403427782017
0.013553504141077822,7.384304097532981,64.92151566938078
0.010351188464950917,2.6116344368210487,90.01973027281737
0.02528280370694856,0.6456010904409,55.43545569716198
0.021624033309396558,7.939261731115963,58.19900414718094
0.010791148741017569,3.2151506573947417,75.2601004387842
0.015036865516265438,3.801977572388483,90.44673996723009
0.015252184243394987,2.6962700207860824,59.60060601711091
0.020793629666025142,0.8715189413163085,64.7024423422867
0.010848282003496823,3.755958076002926,60.61499623933108
0.015575696969275039,7.571529549151739,79.71346403747603
0.018454668887859745,1.610778667273193,60.808399025033054
0.01072456370772379,2.9800956792348465,55.111644187743615
0.01747701144083806,1.3007238469760862,54.768486972726215
0.01524635505528321,7.811915772820008,55.24493054703713
0.011992751338276203,6.5767947550225365,77.96960595261882
0.011415725478105931,2.853060316734991,74.6232629544131
0.014821516796193536,4.041956004035507,64.53407116109341
0.010339919052472552,1.4732809657749861,69.62479151063758
0.010630113020769487,6.927137897903053,53.10455180758793
0.01076854220562712,6.1256378345636815,66.436998033236
0.01116302592686895,0.64494211510952,56.182586651728386
0.010212131765728279,4.3979791121806375,60.96153443057076
0.01795097380227404,3.9126488907563353,53.37544252806889
0.014411133468446798,1.3426835186622692,69.90403995408931
0.01402799062089298,2.808593778662704,89.75273056871508
0.0100429440698702,4.205847349912642,91.08168171063761
0.010911138874918447,4.419163712767986,91.93314737622221
0.021007816914711305,7.034577958955496,62.95875417842859
0.012509585049271948,6.494237033133199,50.62932539513474
0.010148095545962878,5.594898495197207,73.50722233674136
0.012297360046118899,0.18100017388422085,85.19248347384122
0.013683185830962192,7.89557069483246,50.38403427782017
0.01333718172498188,7.578894842631539,64.92806120111996
0.010351188464950917,2.6116344368210487,90.01973027281737
0.02285777626709859,1.0316340461776714,58.7909541187837
0.021624033309396558,7.939261731115963,58.19900414718094
0.010791148741017569,3.2151506573947417,75.2601004387842
0.013174746387455903,3.5446025091057147,83.78606676050092
0.015594618526074676,3.247383504901512,55.40555725853374
0.01788834583717464,1.8397530990918427,63.67532885008232
0.010260737741787734,4.153927408163662,59.083154571200325
0.012985534139794546,5.906014226708673,69.65960314163446
0.018623019300383365,1.4144450394335788,60.672874146371285
0.01072456370772379,2.9800956792348465,55.111644187743615
0.01747701144083806,1.3007238469760862,54.768486972726215
0.015269914675533779,7.99439747303323,54.83143183449805
0.011786283355553857,6.629879011528328,74.20203424731109
0.012471388832746089,1.6640626551180544,88.82698341952324
0.013237447343158633,5.136828321481795,66.14301505536407
0.010339919052472552,1.4732809657749861,69.62479151063758
0.010630113020769487,6.927137897903053,53.10455180758793
0.01076854220562712,6.1256378345636815,66.436998033236
0.01116302592686895,0.64494211510952,56.182586651728386
0.010212131765728279,4.3979791121806375,60.96153443057076
0.01768175407871119,3.93073231141539,53.37042992172748
0.014411133468446798,1.3426835186622692,69.90403995408931
0.01344787592419767,3.2251968785705665,87.32373238741184
0.0100429440698702,4.205847349912642,91.08168171063761
0.01088422577425195,4.1491104716423015,88.19347832130487
0.028229837960046376,6.522095238554052,61.10462131839554
0.012509585049271948,6.494237033133199,50.62932539513474
0.010148095545962878,5.594898495197207,73.50722233674136
0.012297360046118899,0.18100017388422085,85.19248347384122
0.012427758374627536,4.283641872425429,53.272605691632144
0.01333718172498188,7.578894842631539,64.92806120111996
0.010101765391950453,2.4937553042790155,90.7237959638548
0.023365960011121255,0.9500252782667817,58.945057204592665
0.017182288974242628,7.348075402477363,65.42437261314667
0.010964816549774829,2.8653097923538273,76.40531505216151
0.012083656002351825,4.7149698654955685,75.91915246379243
0.015594618526074676,3.247383504901512,55.40555725853374
0.019777666047581993,1.2168175243421193,57.061702170125095
0.010260737741787734,4.153927408163662,59.083154571200325
0.013296829970829161,5.718116838849301,68.48050041804993
0.01565440473913029,2.0969896343027,66.20205801779846
0.01072456370772379,2.9800956792348465,55.111644187743615
0.01747701144083806,1.3007238469760862,54.768486972726215
0.015269914675533779,7.99439747303323,54.83143183449805
0.011400430118149566,7.048804918606169,72.96789898573579
0.012471388832746089,1.6640626551180544,88.82698341952324
0.014468378040480345,5.543278082678398,69.0624126965594
0.010524802124665293,1.2872227073745317,66.60545561554886
0.010615523232404257,6.663875680127532,55.32563800911635
0.011285821980235939,5.457439583585042,64.425321346195
0.01116302592686895,0.64494211510952,56.182586651728386
0.010212131765728279,4.3979791121806375,60.96153443057076
0.017770391983814884,5.069324854300039,52.765178130975606
0.01291506173383224,3.3071209873981204,68.4800692018789
0.01565471194545384,2.429875489744525,86.57503949095837
0.0100429440698702,4.205847349912642,91.08168171063761
0.01088422577425195,4.1491104716423015,88.19347832130487
0.024146775022697537,3.959229382111051,59.15157380540572
0.012509585049271948,6.494237033133199,50.62932539513474
0.010148095545962878,5.594898495197207,73.50722233674136
0.012297360046118899,0.18100017388422085,85.19248347384122
0.0141131023735935,1.8052886459297346,53.43016102053446
0.013387220122111635,7.609514019216708,64.62884446622384
0.010398268954723547,2.743678790928579,88.3994884516391
0.020120333433800125,1.3989509571622882,66.31707774853737
0.017097951653519072,7.076542251869835,66.59209806487425
0.010009257861259653,0.6205378695414545,92.34975648779889
0.013300225313081327,4.7907773947863,70.96579878489058
0.01789591119469873,4.1371403157041895,50.32169584470258
0.019760513150687248,1.2497386197768923,57.02498678821505
0.010260737741787734,4.153927408163662,59.083154571200325
0.012886214270364649,7.686416494444559,76.05138684396726
0.01565440473913029,2.0969896343027,66.20205801779846
0.01072456370772379,2.9800956792348465,55.111644187743615
0.017119491075083444,1.3266748692065213,57.201072698830856
0.015269914675533779,7.99439747303323,54.83143183449805
0.011280946265689384,7.9636944135988585,71.33941006612673
0.012310659590098348,2.123223590308271,85.7194500752397
0.013971659499999315,4.82820113157706,68.87619124926094
0.010201406889211005,1.489048042588156,63.21433582314256
0.010724625279358625,6.654104128077421,55.055120270592724
0.011498204982094019,5.671311689181788,59.870281960914504
0.011206766110717267,0.6270524074301302,57.30121492790062
0.010212131765728279,4.3979791121806375,60.96153443057076
0.017770391983814884,5.069324854300039,52.765178130975606
0.01291506173383224,3.3071209873981204,68.4800692018789
0.016357663688013255,1.9004463199038022,72.47838783561306
0.0100429440698702,4.205847349912642,91.08168171063761
0.010926136316990308,3.4913077263092624,96.89549752426338
0.03227989112695984,5.742690486274707,52.39934742149307
0.012509585049271948,6.494237033133199,50.62932539513474
0.010158871318500021,5.52904815725418,73.90969313239987
0.012297360046118899,0.18100017388422085,85.19248347384122
0.013438733386780869,1.6106031069681048,59.82566847300625
0.013387220122111635,7.609514019216708,64.62884446622384
0.01054515461171562,3.1684855792754227,88.33721968181192
0.02035282316339597,1.5225231272892956,72.59657749691229
0.017097951653519072,7.076542251869835,66.59209806487425
0.010009257861259653,0.6205378695414545,92.34975648779889
0.012813077614610188,5.028815916085698,67.96630128133782
0.01789591119469873,4.1371403157041895,50.32169584470258
0.02156753508746518,1.0934758113787186,51.69515179467916
0.010094930315453587,3.841808754421531,53.93141371426711
0.012816543068086206,7.4658797656154805,71.34865671485534
0.01703970053764885,1.4850217734483144,65.05005941222713
0.010657086763753702,3.101438980117463,58.67249847031294
0.017119491075083444,1.3266748692065213,57.201072698830856
0.015269914675533779,7.99439747303323,54.83143183449805
0.011280946265689384,7.9636944135988585,71.33941006612673
0.012310659590098348,2.123223590308271,85.7194500752397
0.01636947747213458,6.9518469757780625,72.47703716009757
0.010201406889211005,1.489048042588156,63.21433582314256
0.010160270775189894,6.704649645472764,56.45443319326598
0.01135841818958331,5.779274395975665,59.513395545672815
0.011289163137534709,0.7764555905183332,57.25112993087577
0.010212131765728279,4.3979791121806375,60.96153443057076
0.017770391983814884,5.069324854300039,52.765178130975606
0.015525697905186412,5.056174298761221,73.54589916713186
0.016719887551617643,1.9364143347566238,74.04852361127392
0.0100429440698702,4.205847349912642,91.08168171063761
0.010736785145665464,3.679868113388283,86.13531303405843
0.02776297829858443,6.1890158979698,55.32320991143682
0.012575844672094242,6.703974772583675,55.101777633646066
0.010158871318500021,5.52904815725418,73.90969313239987
0.012297360046118899,0.18100017388422085,85.19248347384122
0.01380130833304932,1.4162794527240732,59.97597892161022
0.013317785446757243,7.383375645873176,64.38468083416569
0.011074667989804526,5.686083228126964,84.3724784941924
0.02035282316339597,1.5225231272892956,72.59657749691229
0.01690715685288982,6.869610328768848,66.28528569807759
0.010009257861259653,0.6205378695414545,92.34975648779889
0.012626727725862943,4.928052042959064,67.7299456512484
0.016543577860886463,3.649519182032842,58.892404270554174
0.020256063525323234,2.466669502748427,52.06472151393643
0.012075765998386384,3.393946430527376,57.53572339038785
0.012036452712190707,6.347684926203549,66.01789131465696
0.017637776816505215,1.1335181720375003,64.27998699818649
0.010657086763753702,3.101438980117463,58.67249847031294
0.017119491075083444,1.3266748692065213,57.201072698830856
0.015019423110319358,7.633620847144057,55.04350781877438
0.011280946265689384,7.9636944135988585,71.33941006612673
0.012310659590098348,2.123223590308271,85.7194500752397
0.01636947747213458,6.9518469757780625,72.47703716009757
0.010201406889211005,1.489048042588156,63.21433582314256
0.010386013748055036,6.314480055402589,56.581864293418185
0.011354850087642289,5.800548570706689,59.4158116507358
0.011289163137534709,0.7764555905183332,57.25112993087577
0.011133161956260379,5.052892529224981,59.84523314545702
0.017770391983814884,5.069324854300039,52.765178130975606
0.016759328984282073,6.181566531389742,68.8748286319169
0.016719887551617643,1.9364143347566238,74.04852361127392
0.0100429440698702,4.205847349912642,91.08168171063761
0.010736785145665464,3.679868113388283,86.13531303405843
0.02776297829858443,6.1890158979698,55.32320991143682
0.012500144374668837,6.524546599344043,56.20038963689161
0.010158871318500021,5.52904815725418,73.90969313239987
0.012297360046118899,0.18100017388422085,85.19248347384122
0.01380130833304932,1.4162794527240732,59.97597892161022
0.013317785446757243,7.383375645873176,64.38468083416569
0.010798270439389867,4.371937350295266,86.44201025227794
0.01915264684019833,2.374666664801752,72.43025881757643
0.01690715685288982,6.869610328768848,66.28528569807759
0.010009257861259653,0.6205378695414545,92.34975648779889
0.013926800028708669,4.611445938980794,64.47444078684234
0.016543577860886463,3.649519182032842,58.892404270554174
0.020256063525323234,2.466669502748427,52.06472151393643
0.01200392128683972,4.05151938432336,51.597026487668835
0.01296884605016663,7.835490007705691,50.63783552659548
0.02019187456474716,0.9452721448888486,67.14534543504148
0.010657086763753702,3.101438980117463,58.67249847031294
0.017119491075083444,1.3266748692065213,57.201072698830856
0.015019423110319358,7.633620847144057,55.04350781877438
0.011168015363925716,7.074662931414989,74.41003492904017
0.012962665996271652,1.0912357013224758,89.29788633856302
0.01481376963312421,6.048150684507906,76.24935164364166
0.010201406889211005,1.489048042588156,63.21433582314256
0.010386013748055036,6.314480055402589,56.581864293418185
0.011724918538609769,7.225169268262709,50.35822814873761
0.011289163137534709,0.7764555905183332,57.25112993087577
0.011359558567446807,4.942247905941973,56.57706453559487
0.017770391983814884,5.069324854300039,52.765178130975606
0.016759328984282073,6.181566531389742,68.8748286319169
0.016588417286519285,1.9167001610209193,74.8658517960413
0.0100429440698702,4.205847349912642,91.08168171063761
0.010736785145665464,3.679868113388283,86.13531303405843
0.02793248944380651,6.2468338731206465,55.048796313016894
0.012500144374668837,6.524546599344043,56.20038963689161
0.011848136582649531,4.757273903196515,72.77077417470377
0.012396999027289617,0.45379750202163827,84.08890389219256
0.014331635528622986,1.7797537611351821,50.86990818329149
0.013317785446757243,7.383375645873176,64.38468083416569
0.010798270439389867,4.371937350295266,86.44201025227794
0.018608792410005313,3.066646029376993,70.14248971158655
0.01690715685288982,6.869610328768848,66.28528569807759
0.010009257861259653,0.6205378695414545,92.34975648779889
0.014095388214705538,3.4322266075102146,58.80901995923866
0.016717114267159324,3.4088856342025853,57.15113479186212
0.020256063525323234,2.466669502748427,52.06472151393643
0.01200392128683972,4.05151938432336,51.597026487668835
0.01296884605016663,7.835490007705691,50.63783552659548
0.02019187456474716,0.9452721448888486,67.14534543504148
0.010657086763753702,3.101438980117463,58.67249847031294
0.01641842482880138,1.7001027755768643,56.43306291617096
0.015019423110319358,7.633620847144057,55.04350781877438
0.011168015363925716,7.074662931414989,74.41003492904017
0.013644399506801502,0.9930189120144112,95.73771316049758
0.01481376963312421,6.048150684507906,76.24935164364166
0.010357111401365703,1.660217272023921,64.50739648142334
0.01029122138558612,6.222332508309097,54.420776159133524
0.011724918538609769,7.225169268262709,50.35822814873761
0.011289163137534709,0.7764555905183332,57.25112993087577
0.011359558567446807,4.942247905941973,56.57706453559487
0.020089561292036193,4.678266103762998,51.56649340432049
0.016392504876974943,6.029191834994698,69.92613883441076
0.01539192795532295,1.2356890225708859,77.66308102131318
0.010413651719742185,4.5655392895927775,88.05961703190351
0.010736785145665464,3.679868113388283,86.13531303405843
0.030332684663972917,7.890732105797668,51.297921242131075
0.012500144374668837,6.524546599344043,56.20038963689161
0.013115290160561167,5.906578227967321,65.68747571096836
0.012095140019658359,3.495099245023915,68.9390691950849
0.014331635528622986,1.7797537611351821,50.86990818329149
0.013317785446757243,7.383375645873176,64.38468083416569
0.012556540688885153,4.078095926491658,82.77273409435213
0.01691667079079832,3.2037059453636063,65.89345542200358
0.01724935877098524,7.501725286450721,64.56498374829962
0.010009257861259653,0.6205378695414545,92.34975648779889
0.014095388214705538,3.4322266075102146,58.80901995923866
0.015815405990583644,3.034060040864765,61.88273406691035
0.020256063525323234,2.466669502748427,52.06472151393643
0.01200392128683972,4.05151938432336,51.597026487668835
0.01416430681266636,6.695111690848024,53.36994164278859
0.02019187456474716,0.9452721448888486,67.14534543504148
0.010657086763753702,3.101438980117463,58.67249847031294
0.019428170556383975,0.09694037584829651,59.73020377034959
0.015019423110319358,7.633620847144057,55.04350781877438
0.011387416935037371,7.287942947650759,79.41197938557053
0.013644399506801502,0.9930189120144112,95.73771316049758
0.014609407154219826,5.303982314761249,71.28799083369083
0.010230841289030929,1.7799452683039951,65.49044233275639
0.010244868822869138,6.61772770455055,53.8821129325905
0.011724918538609769,7.225169268262709,50.35822814873761
0.011289163137534709,0.7764555905183332,57.25112993087577
0.011359558567446807,4.942247905941973,56.57706453559487
0.020089561292036193,4.678266103762998,51.56649340432049
0.014860663937934636,6.70385313257605,67.16535612906102
0.013755960705997654,1.0487247237834134,82.12683593193643
0.010129285730856395,4.657454384802516,94.57971955538535
0.01073821605422088,3.6874797423493297,86.21682399260011
0.030332684663972917,7.890732105797668,51.297921242131075
0.012500144374668837,6.524546599344043,56.20038963689161
0.013115290160561167,5.906578227967321,65.68747571096836
0.01133800854484588,2.42358705998158,72.5367943646461
0.013466067133478327,3.399101755442592,59.26096814687053
0.013743308941587217,7.830334525283601,68.64401700483414
0.012556540688885153,4.078095926491658,82.77273409435213
0.016397097845808013,3.807127029332358,65.67563285168262
0.016832770904520043,6.732204697416491,66.65923536127303
0.010009257861259653,0.6205378695414545,92.34975648779889
0.014095388214705538,3.4322266075102146,58.80901995923866
0.016912294394605346,2.7801415663306512,63.84290064731779
0.019698637652785785,2.3424268061966895,55.74676818277913
0.01200392128683972,4.05151938432336,51.597026487668835
0.014130074416536237,6.6532226400459145,53.3418489097233
0.019409866771691056,1.230578243508869,66.22863104115628
0.010657086763753702,3.101438980117463,58.67249847031294
0.019428170556383975,0.09694037584829651,59.73020377034959
0.015019423110319358,7.633620847144057,55.04350781877438
0.010211572071981524,7.379308405971717,78.76107700263938
0.013678528727506474,0.9293885410801805,96.65603515904328
0.015603579054764201,6.960338859282166,81.74588418609176
0.010230841289030929,1.7799452683039951,65.49044233275639
0.010244868822869138,6.61772770455055,53.8821129325905
0.013168065651882024,7.126632869257129,62.03674577461136
0.011289163137534709,0.7764555905183332,57.25112993087577
0.011359558567446807,4.942247905941973,56.57706453559487
0.020089561292036193,4.678266103762998,51.56649340432049
0.01598094689654443,7.267531201745708,70.55339544171349
0.013755960705997654,1.0487247237834134,82.12683593193643
0.010129285730856395,4.657454384802516,94.57971955538535
0.01073821605422088,3.6874797423493297,86.21682399260011
0.030332684663972917,7.890732105797668,51.297921242131075
0.012500144374668837,6.524546599344043,56.20038963689161
0.012835080754872824,5.11938840096093,64.39296366037544
0.010533587346111269,2.1920544271622804,73.43625691245873
0.013176761532457603,3.559336108124345,59.23819891855601
0.013743308941587217,7.830334525283601,68.64401700483414
0.013033247612774402,2.7692898274146147,84.14307237881246
0.014811388292953451,4.164438787757013,62.81159827073267
0.016884222568805087,6.722655429488467,66.02773655116042
0.010009257861259653,0.6205378695414545,92.34975648779889
0.014095388214705538,3.4322266075102146,58.80901995923866
0.016912294394605346,2.7801415663306512,63.84290064731779
0.019698637652785785,2.3424268061966895,55.74676818277913
0.01200392128683972,4.05151938432336,51.597026487668835
0.014130074416536237,6.6532226400459145,53.3418489097233
0.02232201396987786,0.40549210372065003,59.51611897201867
0.010657086763753702,3.101438980117463,58.67249847031294
0.019428170556383975,0.09694037584829651,59.73020377034959
0.015019423110319358,7.633620847144057,55.04350781877438
0.011035186267702586,5.908262443965431,79.54318278159933
0.013678528727506474,0.9293885410801805,96.65603515904328
0.015603579054764201,6.960338859282166,81.74588418609176
0.012017593449896008,3.502731647688842,70.89633540323265
0.010244868822869138,6.61772770455055,53.8821129325905
0.010108200266653235,6.99042006994459,63.95111144983175
0.011289163137534709,0.7764555905183332,57.25112993087577
0.01135551201264913,4.944481372464965,56.57376325916606
0.02025419970809283,4.722806474941704,50.80641433092739
0.01855360637054326,7.558971294056999,78.03054835698501
0.013755960705997654,1.0487247237834134,82.12683593193643
0.010129285730856395,4.657454384802516,94.57971955538535
0.01073821605422088,3.6874797423493297,86.21682399260011
0.030332684663972917,7.890732105797668,51.297921242131075
0.011438899834730221,7.60822777591676,53.16474765659117
0.012689199308761407,5.102143044578439,63.622011808385764
0.010533587346111269,2.1920544271622804,73.43625691245873
0.01199909038728055,3.6212217944122256,72.26725602239388
0.013743308941587217,7.830334525283601,68.64401700483414
0.013033247612774402,2.7692898274146147,84.14307237881246
0.01766731849332513,1.2481290370115792,70.98085736492558
0.02246311372070319,6.502197214208176,67.73748083578782
0.010060715457476659,0.6981363507008882,91.8304177060356
0.012719807258893696,4.375205331059746,53.68708234640947
0.016929766876348215,2.779311355129005,63.85783221901103
0.019698637652785785,2.3424268061966895,55.74676818277913
0.01200392128683972,4.05151938432336,51.597026487668835
0.014344248169168926,6.8837773465577685,51.81379068052531
0.025065568219885804,0.1994761551672838,52.27430915597634
0.010653863777881023,3.0775131291797995,58.494593130618256
0.015988361249874627,2.5394458700517673,57.539671664057096
0.015019423110319358,7.633620847144057,55.04350781877438
0.011035186267702586,5.908262443965431,79.54318278159933
0.013678528727506474,0.9293885410801805,96.65603515904328
0.01462998347979701,6.17359357631845,73.59155498650661
0.012733522245243345,6.182218621627783,84.30735818786107
0.010244868822869138,6.61772770455055,53.8821129325905
0.014061703985609826,6.834191466400564,65.16272863390954
0.011289163137534709,0.7764555905183332,57.25112993087577
0.01135551201264913,4.944481372464965,56.57376325916606
0.02025419970809283,4.722806474941704,50.80641433092739
0.01855497469221903,7.5566892753566055,78.00864343011659
0.013755960705997654,1.0487247237834134,82.12683593193643
0.010129285730856395,4.657454384802516,94.57971955538535
0.01094320963402765,2.6127740365511194,93.46160771256449
0.030332684663972917,7.890732105797668,51.297921242131075
0.011438899834730221,7.60822777591676,53.16474765659117
0.014089756638767255,6.495333614653212,67.15029680326812
0.010533587346111269,2.1920544271622804,73.43625691245873
0.01199909038728055,3.6212217944122256,72.26725602239388
0.014016773818493816,7.399591896936673,60.98521298798114
0.016195055659202394,3.705332853391936,78.13998321222552
0.017864186373246244,0.848666213015588,72.8420355820803
0.021394461802402204,6.0253550351652,69.51102122272052
0.010060715457476659,0.6981363507008882,91.8304177060356
0.012719807258893696,4.375205331059746,53.68708234640947
0.016929766876348215,2.779311355129005,63.85783221901103
0.019698637652785785,2.3424268061966895,55.74676818277913
0.012283237557300085,3.8901380020641145,51.45598565696847
0.014344248169168926,6.8837773465577685,51.81379068052531
0.025065568219885804,0.1994761551672838,52.27430915597634
0.010653863777881023,3.0775131291797995,58.494593130618256
0.015988361249874627,2.5394458700517673,57.539671664057096
0.015019423110319358,7.633620847144057,55.04350781877438
0.010958564988892838,6.05511996933663,81.75356042951931
0.012983391626592306,0.8848958237103499,85.19198307045957
0.014628053741946178,6.166358899447021,73.68346363132164
0.012858738438623556,6.160306052743816,85.83819946904265
0.010244868822869138,6.61772770455055,53.8821129325905
0.014063683502236031,6.81028018971349,65.30298004666827
0.011289163137534709,0.7764555905183332,57.25112993087577
0.01135551201264913,4.944481372464965,56.57376325916606
0.014158376676168333,2.80673336390044,50.509133622290975
0.018123107780672235,7.2761875272325796,78.88539460515739
0.012136465398347463,1.1275893835383308,85.7869782456695
0.010129285730856395,4.657454384802516,94.57971955538535
0.01094320963402765,2.6127740365511194,93.46160771256449
0.023537017569143115,6.30816349997854,59.07057161368773
0.011438899834730221,7.60822777591676,53.16474765659117
0.015209069272792574,6.712031744552555,70.40695429948937
0.010533587346111269,2.1920544271622804,73.43625691245873
0.01199909038728055,3.6212217944122256,72.26725602239388
0.014016773818493816,7.399591896936673,60.98521298798114
0.016195055659202394,3.705332853391936,78.13998321222552
0.017864186373246244,0.848666213015588,72.8420355820803
0.021394461802402204,6.0253550351652,69.51102122272052
0.010060715457476659,0.6981363507008882,91.8304177060356
0.012719807258893696,4.375205331059746,53.68708234640947
0.017161018003300374,2.5860162533868265,62.79549449601557
0.02175048321664498,0.02222692608743948,56.055149353384856
0.012649074781608299,4.242979133896235,53.825557949667754
0.014344248169168926,6.8837773465577685,51.81379068052531
0.023773084942784968,0.5326592295868027,53.02403239265602
0.010653863777881023,3.0775131291797995,58.494593130618256
0.01411687928780102,3.2159714956403125,69.37085241568852
0.015019423110319358,7.633620847144057,55.04350781877438
0.010958564988892838,6.05511996933663,81.75356042951931
0.01319394440126594,1.5610387800971273,83.71864050503265
0.01568058118736047,7.187997405936578,73.7470108267654
0.012739974590617749,6.281418941901559,83.10519527107355
0.010310612594793492,6.505426268333618,54.57114143310275
0.014063683502236031,6.81028018971349,65.30298004666827
0.011289163137534709,0.7764555905183332,57.25112993087577
0.01135551201264913,4.944481372464965,56.57376325916606
0.014353676619551533,2.735104502166778,50.65179976541085
0.018123107780672235,7.2761875272325796,78.88539460515739
0.012136465398347463,1.1275893835383308,85.7869782456695
0.010129285730856395,4.657454384802516,94.57971955538535
0.011093541986085139,2.235120051011782,93.2550916211465
0.02394894476510375,6.362536179426551,57.063293577438955
0.011438899834730221,7.60822777591676,53.16474765659117
0.01549232939716802,6.761432618855659,68.9501833854667
0.010533587346111269,2.1920544271622804,73.43625691245873
0.01199909038728055,3.6212217944122256,72.26725602239388
0.014040059630783523,7.395254464712025,61.012122552414496
0.016195055659202394,3.705332853391936,78.13998321222552
0.01981304228142989,0.8862598703376441,68.09983546516355
0.019561653448103657,5.073356774444032,67.28743220000263
0.010060715457476659,0.6981363507008882,91.8304177060356
0.012719807258893696,4.375205331059746,53.68708234640947
0.017931633738576112,1.398536576319609,63.2358382358393
0.02175048321664498,0.02222692608743948,56.055149353384856
0.012649074781608299,4.242979133896235,53.825557949667754
0.01359282572997696,7.38992383966546,51.71734158492893
0.023773084942784968,0.5326592295868027,53.02403239265602
0.010653863777881023,3.0775131291797995,58.494593130618256
0.010459977003767712,4.745945007481342,75.74978239371029
0.015019423110319358,7.633620847144057,55.04350781877438
0.010807348693892226,4.680557169259213,78.79408281085338
0.01319394440126594,1.5610387800971273,83.71864050503265
0.01568058118736047,7.187997405936578,73.7470108267654
0.012739974590617749,6.281418941901559,83.10519527107355
0.010310612594793492,6.505426268333618,54.57114143310275
0.014940853416524652,7.957832130833866,63.281996635530014
0.011289163137534709,0.7764555905183332,57.25112993087577
0.01135551201264913,4.944481372464965,56.57376325916606
0.014353676619551533,2.735104502166778,50.65179976541085
0.01649242463351646,7.115308401490663,73.81033958880174
0.012136465398347463,1.1275893835383308,85.7869782456695
0.011055169546439151,5.079516018210768,91.10509493889523
0.011093541986085139,2.235120051011782,93.2550916211465
0.02394894476510375,6.362536179426551,57.063293577438955
0.011387580199767836,7.623568637894912,52.957928198640644
0.01536548270302339,6.43446327286815,68.98897830463481
0.010494025016431702,2.0595697522739242,74.24791223841609
0.011890657028704696,3.420713609823794,72.8652228595985
0.014040059630783523,7.395254464712025,61.012122552414496
0.019332448432351906,1.3661131023451363,73.63131319222913
0.01808206849739673,0.9406767109459201,72.08806888401699
0.018049661680968374,5.545079895199464,64.63684522592547
0.010060715457476659,0.6981363507008882,91.8304177060356
0.012254368745757183,2.76794712674079,54.73722417233247
0.017931633738576112,1.398536576319609,63.2358382358393
0.02175048321664498,0.02222692608743948,56.055149353384856
0.011174430072093065,4.926841412778228,53.46431109525617
0.013531715058332776,7.2474226276168,52.47658549981267
0.02380665702308704,0.5134386499649146,53.02421157431682
0.010653863777881023,3.0775131291797995,58.494593130618256
0.012127692953466555,4.048206585687954,72.84069638591416
0.015019423110319358,7.633620847144057,55.04350781877438
0.010807348693892226,4.680557169259213,78.79408281085338
0.010276254356326661,0.4857758332780615,91.69282885195817
0.01691481456892229,7.750619355107492,69.11522267160757
0.012739974590617749,6.281418941901559,83.10519527107355
0.010310612594793492,6.505426268333618,54.57114143310275
0.014940853416524652,7.957832130833866,63.281996635530014
0.011255687747868046,1.9874036474916181,56.14625893635061
0.01135551201264913,4.944481372464965,56.57376325916606
0.013403017019099815,2.8230857224277592,52.66699002666392
0.017899210108893514,6.6202957292228515,91.73354329032733
0.012116333340745503,1.3022188578261007,84.90444467734957
0.011216778463436381,4.924117264778451,88.35299680246953
0.010909620498680274,1.9615633883778218,97.95972619721705
0.02323697344054291,4.309228319487023,56.73680627587512
0.011387580199767836,7.623568637894912,52.957928198640644
0.014848871117699225,6.605638801949355,69.82661334604146
0.010494025016431702,2.0595697522739242,74.24791223841609
0.011890657028704696,3.420713609823794,72.8652228595985
0.014040059630783523,7.395254464712025,61.012122552414496
0.018018118617657054,3.3389026737902006,70.53393848824076
0.01808206849739673,0.9406767109459201,72.08806888401699
0.018049661680968374,5.545079895199464,64.63684522592547
0.010060715457476659,0.6981363507008882,91.8304177060356
0.012254368745757183,2.76794712674079,54.73722417233247
0.017931633738576112,1.398536576319609,63.2358382358393
0.021210568980175228,0.4968705643302851,55.82006332425705
0.010927410931466144,5.069387811187999,52.79832015001914
0.013531715058332776,7.2474226276168,52.47658549981267
0.02380665702308704,0.5134386499649146,53.02421157431682
0.010653863777881023,3.0775131291797995,58.494593130618256
0.012255171194713026,4.385673157634979,72.8275060151617
0.014751259664494863,7.474542403728391,58.3447970287819
0.010620031953775115,4.569126866655495,74.42081847796692
0.010276254356326661,0.4857758332780615,91.69282885195817
0.01691481456892229,7.750619355107492,69.11522267160757
0.012705940352703737,6.1483335229642435,82.3836794477588
0.010179477858268947,6.81073598387659,54.94805303944137
0.015060012402360901,7.86535260652207,63.33392726947732
0.01160260670005326,1.359014520414167,54.79257134880967
0.011398835857073502,4.731395600325229,58.227348810145564
0.013403017019099815,2.8230857224277592,52.66699002666392
0.017899210108893514,6.6202957292228515,91.73354329032733
0.012093916195604307,1.3126839739012668,84.75719212935658
0.01043011425343911,5.107468127346625,90.41400465001253
0.010909620498680274,1.9615633883778218,97.95972619721705
0.02323697344054291,4.309228319487023,56.73680627587512
0.011387580199767836,7.623568637894912,52.957928198640644
0.013531475171666698,5.979192451168831,64.82877302879868
0.010880142369129311,2.718991875921029,71.48058346916375
0.012213041926228938,3.1293364778718784,72.4705348088809
0.014040059630783523,7.395254464712025,61.012122552414496
0.018018118617657054,3.3389026737902006,70.53393848824076
0.01808206849739673,0.9406767109459201,72.08806888401699
0.014119249734105287,6.17715532362959,59.79821052331578
0.010060715457476659,0.6981363507008882,91.8304177060356
0.012254368745757183,2.76794712674079,54.73722417233247
0.01814631036897401,0.05744883165900738,61.994549246456565
0.01865176618537087,1.145721293770042,55.51069419720021
0.010927410931466144,5.069387811187999,52.79832015001914
0.013531715058332776,7.2474226276168,52.47658549981267
0.02380665702308704,0.5134386499649146,53.02421157431682
0.010653863777881023,3.0775131291797995,58.494593130618256
0.01362431273035049,3.379763854704013,70.30985185234695
0.014751259664494863,7.474542403728391,58.3447970287819
0.010743188372373504,4.5947872877250635,71.86005867627081
0.010276254356326661,0.4857758332780615,91.69282885195817
0.01629800040107826,7.115952221635046,71.15940877028515
0.012879467514828446,6.15187228478285,79.61061901294599
0.01011443966770334,7.322559900670324,54.46182328269153
0.015060012402360901,7.86535260652207,63.33392726947732
0.01160260670005326,1.359014520414167,54.79257134880967
0.01168926181385786,4.8857420232963875,58.395050871907266
0.013403017019099815,2.8230857224277592,52.66699002666392
0.017870472921514502,7.512878658043469,94.82093612904185
0.012093916195604307,1.3126839739012668,84.75719212935658
0.01043011425343911,5.107468127346625,90.41400465001253
0.010909620498680274,1.9615633883778218,97.95972619721705
0.02323697344054291,4.309228319487023,56.73680627587512
0.011487999716194783,6.726352596350858,57.47881730167121
0.013531475171666698,5.979192451168831,64.82877302879868
0.010307622264315851,2.0149948623181113,72.9169535871936
0.012034220492530537,2.742805470145578,73.50700047919418
0.014040059630783523,7.395254464712025,61.012122552414496
0.02245447113117189,2.304904876925571,58.91099031210233
0.01808206849739673,0.9406767109459201,72.08806888401699
0.014119249734105287,6.17715532362959,59.79821052331578
0.010060715457476659,0.6981363507008882,91.8304177060356
0.011198182782050406,0.8371226572943185,51.87090574246043
0.01814631036897401,0.05744883165900738,61.994549246456565
0.01865176618537087,1.145721293770042,55.51069419720021
0.010927410931466144,5.069387811187999,52.79832015001914
0.013911149940555171,7.7972109819229765,51.68313170596348
0.02320513583368309,0.7262228408117526,53.013661385489534
0.0104928931689722,1.9053814647457434,61.84660216518708
0.012669695189297274,3.943089490930584,63.9699449715622
0.01503720521987336,7.676600971936313,55.09610978595647
0.010743188372373504,4.5947872877250635,71.86005867627081
0.010276254356326661,0.4857758332780615,91.69282885195817
0.017834624893917926,6.92587519514107,78.06506756495719
0.012879467514828446,6.15187228478285,79.61061901294599
0.011167006279955902,7.348387944870359,59.93893423516555
0.015060012402360901,7.86535260652207,63.33392726947732
0.01160260670005326,1.359014520414167,54.79257134880967
0.01168926181385786,4.8857420232963875,58.395050871907266
0.013251353787414835,1.3384507385336573,52.96064376594579
0.017915615636532645,6.11073667892836,89.97100794264811
0.011802892821019846,0.6137004036123201,88.34358761192857
0.01043011425343911,5.107468127346625,90.41400465001253
0.010909620498680274,1.9615633883778218,97.95972619721705
0.023264817801348876,4.313121652062879,56.69512408040492
0.01153310842835051,4.6137962742258445,56.42152488032322
0.013531475171666698,5.979192451168831,64.82877302879868
0.010307622264315851,2.0149948623181113,72.9169535871936
0.012198102005593509,4.251146247082776,62.99618552945414
0.013975767480295985,7.354509609011901,61.535762117793794
0.017982405756199575,2.492838943823828,65.17516897196478
0.01808206849739673,0.9406767109459201,72.08806888401699
0.016833114344397805,6.233164818179367,56.062549396841085
0.010060715457476659,0.6981363507008882,91.8304177060356
0.011198182782050406,0.8371226572943185,51.87090574246043
0.01814631036897401,0.05744883165900738,61.994549246456565
0.01800221633936643,1.20556382283402,55.86690232515571
0.010927410931466144,5.069387811187999,52.79832015001914
0.013911149940555171,7.7972109819229765,51.68313170596348
0.02320513583368309,0.7262228408117526,53.013661385489534
0.010379072600998336,1.8151679277707364,61.66465752464241
0.011854418231083193,2.6053043949950396,64.18687458018995
0.014089129015828648,7.308576905199487,57.210453168900145
0.011009087602963945,6.112966930342605,64.07937905555369
0.010054045294099713,0.11078223857903868,93.52663275980554
0.016483660632818472,6.653629797441314,71.42297357326593
0.013535256643925894,6.43150074982605,76.7181236877853
0.011167006279955902,7.348387944870359,59.93893423516555
0.015060012402360901,7.86535260652207,63.33392726947732
0.01160260670005326,1.359014520414167,54.79257134880967
0.011314241961836677,3.9214248250131876,66.0945101309434
0.013251353787414835,1.3384507385336573,52.96064376594579
0.01574858159028037,5.787815621852923,78.44380125121695
0.011802892821019846,0.6137004036123201,88.34358761192857
0.01043011425343911,5.107468127346625,90.41400465001253
0.010909620498680274,1.9615633883778218,97.95972619721705
0.023264817801348876,4.313121652062879,56.69512408040492
0.01147363825638343,4.4256658136503715,59.049858518875666
0.013051559185939908,5.533792493092761,65.10273945973326
0.010336744636201434,2.7502278935962243,77.07686340333414
0.01223148538204578,4.240998399190569,63.008761256400874
0.013975767480295985,7.354509609011901,61.535762117793794
0.017982405756199575,2.492838943823828,65.17516897196478
0.019599588471080877,0.08688129073764195,74.43293515886337
0.019512007875532436,7.39292840981952,52.01872879141917
0.010025220366719939,0.5191138774482891,93.428958239308
0.011198182782050406,0.8371226572943185,51.87090574246043
0.01814631036897401,0.05744883165900738,61.994549246456565
0.0184315047541878,0.6730621383867108,56.032555642064565
0.010927410931466144,5.069387811187999,52.79832015001914
0.013508212142239419,6.780055754742239,54.132761184248984
0.017754805034468045,0.7765637293621608,52.49492892685538
0.01022335061566598,0.9589894866351534,53.26834347808223
0.012571125368148004,3.174396789774815,65.38524093063674
0.013397210324929212,5.759699897696616,55.93248659099214
0.011009087602963945,6.112966930342605,64.07937905555369
0.010054045294099713,0.11078223857903868,93.52663275980554
0.018127309473618493,7.586215725147839,74.67542896497336
0.01310561681095074,6.3234637634213495,76.90924148456963
0.011184424163479284,6.422610834851388,61.53641080332416
0.015060012402360901,7.86535260652207,63.33392726947732
0.01160260670005326,1.359014520414167,54.79257134880967
0.011314241961836677,3.9214248250131876,66.0945101309434
0.013251353787414835,1.3384507385336573,52.96064376594579
0.01574858159028037,5.787815621852923,78.44380125121695
0.011802892821019846,0.6137004036123201,88.34358761192857
0.01043011425343911,5.107468127346625,90.41400465001253
0.010909620498680274,1.9615633883778218,97.95972619721705
0.02913899602642838,2.389819022273276,53.63401777007779
0.01147363825638343,4.4256658136503715,59.049858518875666
0.011240697835365954,3.431611540392912,66.69753569674312
0.010608324705186781,3.0756239177980715,74.02561386932744
0.01223148538204578,4.240998399190569,63.008761256400874
0.01582316488247603,6.749641294545451,60.57306067619449
0.017982405756199575,2.492838943823828,65.17516897196478
0.01494922109175521,0.29682102771153296,83.65949560727361
0.018328764096722842,7.172692434292628,53.63165061301292
0.010025220366719939,0.5191138774482891,93.428958239308
0.01124931555754954,2.195989147682186,58.13747053573365
0.01814631036897401,0.05744883165900738,61.994549246456565
0.0184315047541878,0.6730621383867108,56.032555642064565
0.010696270173724508,5.216215744446815,50.98856987605554
0.013593276668418424,6.912394344090763,53.701402224819866
0.017754805034468045,0.7765637293621608,52.49492892685538
0.01022335061566598,0.9589894866351534,53.26834347808223
0.012571125368148004,3.174396789774815,65.38524093063674
0.013397210324929212,5.759699897696616,55.93248659099214
0.011139808561706847,5.834619364627691,63.431172456736334
0.011738508181904988,0.17479943610971907,90.13128455795238
0.01798783725649823,7.605684376496611,76.95750006541442
0.012813385452517466,5.627273622950414,72.26216429957314
0.011184424163479284,6.422610834851388,61.53641080332416
0.014010140142246358,6.819474900407584,67.50618577028374
0.011488444832186232,0.956569044150009,53.14539893347215
0.011370123673148262,5.4064954902683136,72.94307959103384
0.013251353787414835,1.3384507385336573,52.96064376594579
0.01574858159028037,5.787815621852923,78.44380125121695
0.011802892821019846,0.6137004036123201,88.34358761192857
0.01043011425343911,5.107468127346625,90.41400465001253
0.011806767974128479,1.5918438154319774,94.78381425332628
0.02913899602642838,2.389819022273276,53.63401777007779
0.011745947684783578,5.160116093748634,52.58642482298445
0.011237684075958342,3.2476963228498437,65.64652218451107
0.010608324705186781,3.0756239177980715,74.02561386932744
0.01294955407908402,3.269389179803239,54.72708011266465
0.015364740730363558,6.429450561458527,60.883941414063
0.019265627230660214,1.578569052185844,67.7618435621026
0.01494922109175521,0.29682102771153296,83.65949560727361
0.015222878328536027,4.989320124310852,55.608437631740955
0.010025220366719939,0.5191138774482891,93.428958239308
0.011522822966798886,1.8206536398926247,51.35808373959537
0.01814631036897401,0.05744883165900738,61.994549246456565
0.01803419086118203,0.9898026814415886,55.67683709335117
0.010696270173724508,5.216215744446815,50.98856987605554
0.013593276668418424,6.912394344090763,53.701402224819866
0.01722637676133909,0.8815079430629083,53.0400885730506
0.01022335061566598,0.9589894866351534,53.26834347808223
0.012571125368148004,3.174396789774815,65.38524093063674
0.015648621283617874,7.3636352925969994,52.972665041971496
0.010774521132700676,3.8912609043605424,59.38040975117031
0.011738508181904988,0.17479943610971907,90.13128455795238
0.01798783725649823,7.605684376496611,76.95750006541442
0.012813385452517466,5.627273622950414,72.26216429957314
0.011184424163479284,6.422610834851388,61.53641080332416
0.013304395166336632,5.031796545965779,66.46599758618368
0.01136935092117314,2.0446950825049646,59.08256263651151
0.01153055046895679,5.301324303986461,64.25349937073777
0.013040417096524579,1.9077718279395541,56.81347222375875
0.01668615299418423,5.934847087055456,84.50059717397062
0.011802892821019846,0.6137004036123201,88.34358761192857
0.01043011425343911,5.107468127346625,90.41400465001253
0.011806767974128479,1.5918438154319774,94.78381425332628
0.02913899602642838,2.389819022273276,53.63401777007779
0.010980137737416535,5.770655455379618,51.46073310439505
0.011160564947621564,3.952311117045819,69.4911258731145
0.010608324705186781,3.0756239177980715,74.02561386932744
0.014191329073397641,4.053350548694227,52.23628985319467
0.015364740730363558,6.429450561458527,60.883941414063
0.01737667953952931,3.4622758970295537,67.66995404026541
0.014265504842781834,2.0031869047449415,80.01102169530684
0.015222878328536027,4.989320124310852,55.608437631740955
0.010040072904908572,0.5307265665927083,93.29171292848548
0.013302942565878394,4.212232073839155,52.05471202822268
0.01814631036897401,0.05744883165900738,61.994549246456565
0.018435161295361758,1.0133677943648078,53.7867708960082
0.010696270173724508,5.216215744446815,50.98856987605554
0.013593276668418424,6.912394344090763,53.701402224819866
0.017820257157172153,0.4872880401613058,53.22666389452257
0.01022335061566598,0.9589894866351534,53.26834347808223
0.012571125368148004,3.174396789774815,65.38524093063674
0.015648621283617874,7.3636352925969994,52.972665041971496
0.010774521132700676,3.8912609043605424,59.38040975117031
0.01248569281721545,0.7154186799374442,87.13891617324389
0.018011966260998952,6.456395348291594,74.67925171139204
0.012878764061584416,5.951650499454541,71.22170041571444
0.011362385596254377,6.732887390171729,54.72343127375634
0.013304395166336632,5.031796545965779,66.46599758618368
0.01136935092117314,2.0446950825049646,59.08256263651151
0.010978618760952089,5.024919434422712,65.76543309869297
0.013021886885597835,1.745112812287005,57.14936660532152
0.01668615299418423,5.934847087055456,84.50059717397062
0.011802892821019846,0.6137004036123201,88.34358761192857
0.0100295865890906,5.469095651154208,95.09623736014743
0.010322953969601258,0.4286110940096579,99.59130469528935
0.024924582380848697,2.8748137497497144,53.21372064961168
0.010980137737416535,5.770655455379618,51.46073310439505
0.01150601292424831,3.0119315979740384,83.25753224025624
0.010608324705186781,3.0756239177980715,74.02561386932744
0.014568357100930155,4.071236347354046,51.4479712001304
0.015202017624439752,6.1064948333296165,62.367866366910874
0.01618384620005529,3.7754539989794837,64.69137741568062
0.013827584835194312,2.107143093284106,82.76523519937149
0.015023224306758478,4.817525044285848,57.06025034845483
0.010038978963565582,0.5287618128989511,93.30390178129075
0.013139232212353478,3.98006428414832,55.036803192596125
0.01814631036897401,0.05744883165900738,61.994549246456565
0.018435161295361758,1.0133677943648078,53.7867708960082
0.010696270173724508,5.216215744446815,50.98856987605554
0.013942043311592631,6.876402397672366,55.35718138584773
0.015677512893422986,1.0045990789858574,55.17176943155097
0.01022335061566598,0.9589894866351534,53.26834347808223
0.012516848566516652,3.171665449970419,65.62417085198021
0.015648621283617874,7.3636352925969994,52.972665041971496
0.010775541578832645,3.873982585228223,59.489845094234624
0.01248569281721545,0.7154186799374442,87.13891617324389
0.018011966260998952,6.456395348291594,74.67925171139204
0.013546737291901409,5.357985123861001,69.12572604569804
0.011362385596254377,6.732887390171729,54.72343127375634
0.013757514069153938,5.731270028864344,68.19493683487549
0.01136935092117314,2.0446950825049646,59.08256263651151
0.010978618760952089,5.024919434422712,65.76543309869297
0.013021886885597835,1.745112812287005,57.14936660532152
0.017584104252520688,5.601317398710612,81.09047021579806
0.012770207316653697,0.7346780858955436,80.9918786091584
0.0100295865890906,5.469095651154208,95.09623736014743
0.012164812526191383,2.82705863253869,83.46845373986685
0.024924582380848697,2.8748137497497144,53.21372064961168
0.011086272032839932,6.445459191764755,51.207227927182814
0.013532515828667872,4.084828287035237,80.5855317651727
0.010608324705186781,3.0756239177980715,74.02561386932744
0.014568357100930155,4.071236347354046,51.4479712001304
0.01423331183907693,5.107900620332529,58.925121780775505
0.019121929421180017,3.5780030090830985,74.00813896460838
0.013827584835194312,2.107143093284106,82.76523519937149
0.015023224306758478,4.817525044285848,57.06025034845483
0.01019805443850317,0.5936285865225357,91.37581683713779
0.013465365002641179,3.9947010221277472,54.42238988484181
0.01679601786109715,0.14853793500454926,66.98599716241112
0.018435161295361758,1.0133677943648078,53.7867708960082
0.010696270173724508,5.216215744446815,50.98856987605554
0.013942043311592631,6.876402397672366,55.35718138584773
0.01619639645351494,1.0527734322280422,50.56350593180292
0.01022335061566598,0.9589894866351534,53.26834347808223
0.012476067858371749,3.150979636436136,65.03888437242787
0.015665873723543056,7.416216796198467,52.99701527900815
0.010775541578832645,3.873982585228223,59.489845094234624
0.01248569281721545,0.7154186799374442,87.13891617324389
0.018011966260998952,6.456395348291594,74.67925171139204
0.013546737291901409,5.357985123861001,69.12572604569804
0.011362385596254377,6.732887390171729,54.72343127375634
0.013757514069153938,5.731270028864344,68.19493683487549
0.01136935092117314,2.0446950825049646,59.08256263651151
0.010978618760952089,5.024919434422712,65.76543309869297
0.013021886885597835,1.745112812287005,57.14936660532152
0.01740177230260921,5.477697644083005,81.34437417694184
0.012770207316653697,0.7346780858955436,80.9918786091584
0.0100295865890906,5.469095651154208,95.09623736014743
0.01191311813957513,2.957642739211563,85.49598693532363
0.024924582380848697,2.8748137497497144,53.21372064961168
0.011086272032839932,6.445459191764755,51.207227927182814
0.013587715199062746,3.7148572798479984,80.99329488008506
0.010608324705186781,3.0756239177980715,74.02561386932744
0.014490995825490679,4.2296175849566024,53.04577320430736
0.01423331183907693,5.107900620332529,58.925121780775505
0.019121929421180017,3.5780030090830985,74.00813896460838
0.013288468029977669,0.8850251446107364,94.35567666651292
0.01460430941552308,3.12355218105096,59.708894590128025
0.01019805443850317,0.5936285865225357,91.37581683713779
0.013465365002641179,3.9947010221277472,54.42238988484181
0.01679601786109715,0.14853793500454926,66.98599716241112
0.018435161295361758,1.0133677943648078,53.7867708960082
0.010696270173724508,5.216215744446815,50.98856987605554
0.013942043311592631,6.876402397672366,55.35718138584773
0.01619639645351494,1.0527734322280422,50.56350593180292
0.01022335061566598,0.9589894866351534,53.26834347808223
0.012476067858371749,3.150979636436136,65.03888437242787
0.015665873723543056,7.416216796198467,52.99701527900815
0.010587556866462556,4.453087797157423,59.618780208941125
0.011956062121305336,1.3812641977182052,83.4394779115606
0.018011966260998952,6.456395348291594,74.67925171139204
0.013546737291901409,5.357985123861001,69.12572604569804
0.011362385596254377,6.732887390171729,54.72343127375634
0.013999339442136147,5.935196353100478,67.74720077151635
0.01136935092117314,2.0446950825049646,59.08256263651151
0.010978618760952089,5.024919434422712,65.76543309869297
0.012416630407982406,3.2148861451179886,55.291291420215224
0.020091157551380166,6.428628898543858,84.24171985133206
0.012770207316653697,0.7346780858955436,80.9918786091584
0.0100295865890906,5.469095651154208,95.09623736014743
0.0120123543498828,2.8491197714924095,82.95892843086057
0.024063179425136846,2.8728448290650714,55.01255282580226
0.011086272032839932,6.445459191764755,51.207227927182814
0.011704832455989526,2.8445971839714437,80.81997782384926
0.010608324705186781,3.0756239177980715,74.02561386932744
0.014490995825490679,4.2296175849566024,53.04577320430736
0.01423331183907693,5.107900620332529,58.925121780775505
0.027598082820647147,1.815069997997461,54.349184149046295
0.013554087106354288,0.21435034646479334,99.56005044437876
0.013822091459201744,3.0407320884502416,66.72544908074653
0.010130502777490844,2.7808354648818576,92.80383565657358
0.013465365002641179,3.9947010221277472,54.42238988484181
0.01679601786109715,0.14853793500454926,66.98599716241112
0.018435161295361758,1.0133677943648078,53.7867708960082
0.010696270173724508,5.216215744446815,50.98856987605554
0.013942043311592631,6.876402397672366,55.35718138584773
0.01619639645351494,1.0527734322280422,50.56350593180292
0.010715504715038985,0.9622485129461579,53.299414113891025
0.014083044380317506,1.0625089436347617,65.9691831162932
0.01579386824581694,5.880965152161527,52.40990402298135
0.010587556866462556,4.453087797157423,59.618780208941125
0.011956062121305336,1.3812641977182052,83.4394779115606
0.01736902270951317,6.226947006965675,71.99866356620596
0.013546737291901409,5.357985123861001,69.12572604569804
0.011544869597710013,7.269815018503165,53.57050182255475
0.0140500006779535,5.957204042451762,67.86789891737106
0.01136935092117314,2.0446950825049646,59.08256263651151
0.010851578737350523,5.262210182554853,64.09844736661583
0.012366657457078946,3.188889396990713,57.08357501516913
0.01864001333706331,5.858809185985002,76.15805732464372
0.012770207316653697,0.7346780858955436,80.9918786091584
0.010046967133191868,5.485576296725482,94.56975037080784
0.0120123543498828,2.8491197714924095,82.95892843086057
0.01874396358153589,2.860686623626953,66.12045133964585
0.011086272032839932,6.445459191764755,51.207227927182814
0.011704832455989526,2.8445971839714437,80.81997782384926
0.010608324705186781,3.0756239177980715,74.02561386932744
0.014265059849853986,4.302341097117648,52.35118995559955
0.01420729108473636,4.977096586337447,59.41870237741371
0.027598082820647147,1.815069997997461,54.349184149046295
0.013554087106354288,0.21435034646479334,99.56005044437876
0.015049250754879357,2.1230092073895763,67.81069929682621
0.010130502777490844,2.7808354648818576,92.80383565657358
0.013488775954740751,3.976377078191037,54.302180080917495
0.015631167017508017,0.5555539316181817,65.28950049573444
0.019197787102172906,0.14539097141866897,53.55774924820773
0.010696270173724508,5.216215744446815,50.98856987605554
0.012965869226312099,7.238201404059061,55.42923600900165
0.01619639645351494,1.0527734322280422,50.56350593180292
0.010715504715038985,0.9622485129461579,53.299414113891025
0.015232926445806034,0.6751262881661498,66.4001553479981
0.01579386824581694,5.880965152161527,52.40990402298135
0.010587556866462556,4.453087797157423,59.618780208941125
0.011956062121305336,1.3812641977182052,83.4394779115606
0.01736902270951317,6.226947006965675,71.99866356620596
0.01384917576191152,5.373027049421514,71.0501031863084
0.011934250328061214,5.193117017271701,62.28430827389599
0.0140500006779535,5.957204042451762,67.86789891737106
0.01136935092117314,2.0446950825049646,59.08256263651151
0.010851578737350523,5.262210182554853,64.09844736661583
0.012366657457078946,3.188889396990713,57.08357501516913
0.02203202409326327,7.954735540986006,85.94248274977544
0.012963237594315441,1.0632166504373268,79.16720758296054
0.010373845122416769,5.273883729870648,92.15878627239161
0.011992456768511081,2.330277713553461,83.12878797696483
0.019188444041844985,2.7254384929302056,66.23432582428168
0.011086272032839932,6.445459191764755,51.207227927182814
0.0120069840114613,3.8973296502002004,74.73621221566958
0.010608324705186781,3.0756239177980715,74.02561386932744
0.014152748446084596,4.345263649604701,52.829823002060266
0.011877870266586973,5.527152976406459,60.300580128336975
0.0259187137864558,1.9396706664975791,56.294119830362035
0.012985456828654608,2.0166353272353517,86.24189077760668
0.015049250754879357,2.1230092073895763,67.81069929682621
0.010130502777490844,2.7808354648818576,92.80383565657358
0.013488775954740751,3.976377078191037,54.302180080917495
0.015414733754904533,1.4348123828229356,61.784477413076125
0.019197787102172906,0.14539097141866897,53.55774924820773
0.01081861734791879,5.601840732279701,51.05716492001489
0.012965869226312099,7.238201404059061,55.42923600900165
0.01619639645351494,1.0527734322280422,50.56350593180292
0.010715504715038985,0.9622485129461579,53.299414113891025
0.015232926445806034,0.6751262881661498,66.4001553479981
0.01563066788684966,7.8384990759633535,53.15850455709074
0.010587556866462556,4.453087797157423,59.618780208941125
0.011956062121305336,1.3812641977182052,83.4394779115606
0.01736902270951317,6.226947006965675,71.99866356620596
0.01384917576191152,5.373027049421514,71.0501031863084
0.011934250328061214,5.193117017271701,62.28430827389599
0.0140500006779535,5.957204042451762,67.86789891737106
0.01136935092117314,2.0446950825049646,59.08256263651151
0.010851578737350523,5.262210182554853,64.09844736661583
0.012366657457078946,3.188889396990713,57.08357501516913
0.020097024957673723,6.551802994840337,87.58464590926526
0.012963237594315441,1.0632166504373268,79.16720758296054
0.011314904260068892,4.8818909196108695,80.72183723734501
0.012306633126819757,0.9035347110395477,94.19606718967898
0.019188444041844985,2.7254384929302056,66.23432582428168
0.011086272032839932,6.445459191764755,51.207227927182814
0.0120069840114613,3.8973296502002004,74.73621221566958
0.01067885323627043,3.922873535328725,66.32239161380994
0.014738353064804425,4.1826036920163165,50.83084716720896
0.011877870266586973,5.527152976406459,60.300580128336975
0.025847253927924578,1.9401864987013466,56.3078153942362
0.012985456828654608,2.0166353272353517,86.24189077760668
0.014112791551954431,1.7066230137198524,76.81991018099285
0.010130502777490844,2.7808354648818576,92.80383565657358
0.013488775954740751,3.976377078191037,54.302180080917495
0.015558915472081871,1.768442307433176,62.504593699957304
0.019197787102172906,0.14539097141866897,53.55774924820773
0.010677215794207806,5.158484627892133,50.929804354904924
0.012965869226312099,7.238201404059061,55.42923600900165
0.01640298425648044,0.9903176672272901,50.76960177892525
0.010715504715038985,0.9622485129461579,53.299414113891025
0.014977176497046833,0.695088553078909,68.82944122412749
0.01563066788684966,7.8384990759633535,53.15850455709074
0.010541381386242207,5.712907185400023,61.89939506392888
0.011926540140035137,1.21003506925494,84.25836483830244
0.017489953028297707,6.236775234189953,72.14917015551377
0.014972259977526013,6.272679572392468,68.8028827941327
0.011894028377877891,5.178824070137877,62.19800513142064
0.014345677993508225,7.0007888582065805,75.0149028949778
0.010890810195101287,1.6675556783421208,60.33968262283877
0.01139819148214874,4.803732570311132,63.821260757171444
0.012432710203765174,2.882731772798225,56.28913224707304
0.01961270969565062,6.179180992230688,87.01318314468848
0.012963237594315441,1.0632166504373268,79.16720758296054
0.010945781188816159,5.192244366736249,82.42683897669966
0.012306633126819757,0.9035347110395477,94.19606718967898
0.017519123373699694,2.9978430069664674,68.21057781361549
0.011081149436687565,6.42499437591759,51.29362791711486
0.010766621567591589,5.187699346943731,73.5088727504735
0.01067885323627043,3.922873535328725,66.32239161380994
0.014738353064804425,4.1826036920163165,50.83084716720896
0.011877870266586973,5.527152976406459,60.300580128336975
0.01974129284537574,3.794708277091985,54.23438881012419
0.016035843989166337,3.9619189795960392,86.81784293597931
0.01488865357432145,0.7316772975711863,76.92175845035044
0.010130502777490844,2.7808354648818576,92.80383565657358
0.013488775954740751,3.976377078191037,54.302180080917495
0.015725849646115043,2.0764488707165456,60.68963330939812
0.019197787102172906,0.14539097141866897,53.55774924820773
0.010452649354008022,4.454370001919492,50.72753706732591
0.012965869226312099,7.238201404059061,55.42923600900165
0.015279892157212843,2.1372233267008127,50.88018950581628
0.010715504715038985,0.9622485129461579,53.299414113891025
0.01473641374511167,0.9916714547721859,69.44472741022267
0.01563066788684966,7.8384990759633535,53.15850455709074
0.010934239124564173,5.432431043997998,61.87299437800562
0.011994453475454392,1.6039361807162962,82.37457045413616
0.01760660070914047,6.302673393114507,72.66946954840587
0.012609217317918319,4.568468426346691,80.51666213952599
0.011876314433190992,5.14478944994606,62.30987024834363
0.014943833891168185,7.5996228047707906,72.49055823571153
0.010890810195101287,1.6675556783421208,60.33968262283877
0.010978963143052687,5.096611257404067,54.3494680791561
0.013694275240187534,3.4619358638678355,61.68751541318581
0.018915950180612692,5.770631638565913,84.37298440686146
0.012962054825021399,1.0654874339682472,79.15877444875765
0.011961018901556947,4.410533589508421,76.53744459539122
0.01245656462361179,0.7826325658479869,98.11609370955763
0.01755541855290972,4.369048594329106,70.06061444055292
0.011081149436687565,6.42499437591759,51.29362791711486
0.010766621567591589,5.187699346943731,73.5088727504735
0.010599298852169899,2.776418579163578,59.80846942716887
0.014738353064804425,4.1826036920163165,50.83084716720896
0.011877870266586973,5.527152976406459,60.300580128336975
0.01974129284537574,3.794708277091985,54.23438881012419
0.014524643134385555,3.2880179090079027,79.04066982112093
0.014305000166207862,0.8110872323475464,80.08631195278669
0.010130502777490844,2.7808354648818576,92.80383565657358
0.013488775954740751,3.976377078191037,54.302180080917495
0.01460398969465046,2.700416482057501,62.9941031358283
0.019197787102172906,0.14539097141866897,53.55774924820773
0.010452649354008022,4.454370001919492,50.72753706732591
0.012965869226312099,7.238201404059061,55.42923600900165
0.015271187653062802,2.150486629154403,51.2047487046539
0.010715504715038985,0.9622485129461579,53.299414113891025
0.01473641374511167,0.9916714547721859,69.44472741022267
0.01563066788684966,7.8384990759633535,53.15850455709074
0.010934239124564173,5.432431043997998,61.87299437800562
0.011168213476237922,0.7008099303047803,92.43002020507475
0.016316852998947837,3.9161206442334016,71.22039886387964
0.012936107331495781,4.869373129231728,81.06911059673658
0.011876314433190992,5.14478944994606,62.30987024834363
0.014943833891168185,7.5996228047707906,72.49055823571153
0.010884572266081739,1.658425750552711,60.32098144927494
0.014390511570240447,4.169566348960467,63.353142259494476
0.013694275240187534,3.4619358638678355,61.68751541318581
0.022966458171379604,6.542722640882392,86.84971276984804
0.012962054825021399,1.0654874339682472,79.15877444875765
0.012190034212995322,4.18260724245527,79.80823713421888
0.012525279369493042,0.5727499086731607,99.75203514394508
0.02055335273764528,2.4948926200874926,79.61796015106691
0.011081149436687565,6.42499437591759,51.29362791711486
0.010766621567591589,5.187699346943731,73.5088727504735
0.010632192011044605,2.2629007347063523,57.96602030061234
0.014738353064804425,4.1826036920163165,50.83084716720896
0.011660375586754985,6.422192950109146,56.517500113019295
0.019564567868842034,2.60810533264347,54.0143743720121
0.014574218691497155,3.8470852865845195,78.8046582080619
0.012711496570163417,3.585961744750786,65.8544974551466
0.010130502777490844,2.7808354648818576,92.80383565657358
0.01387768156913652,3.4561455462891355,53.83097562632809
0.011136319961637092,4.629100715239156,70.11722064913474
0.019197787102172906,0.14539097141866897,53.55774924820773
0.010452649354008022,4.454370001919492,50.72753706732591
0.012729455212084155,6.03270731187821,56.715709405992655
0.015271187653062802,2.150486629154403,51.2047487046539
0.01071770728829806,0.9278626190109605,53.176041068668546
0.01433340174629527,0.11837451050685432,83.19059303157155
0.01563066788684966,7.8384990759633535,53.15850455709074
0.011171959062196545,5.756455729222815,60.11973196941921
0.01125255322487322,0.2583977088242806,97.34527075501143
0.014136890265187826,3.5160657985519457,78.82602838536124
0.012229177480123138,5.788682688522503,88.73017987846404
0.011876314433190992,5.14478944994606,62.30987024834363
0.014943833891168185,7.5996228047707906,72.49055823571153
0.01192897910300692,1.9510151855640565,61.07159001069248
0.013913426359386818,1.2121053075978692,55.47468541292865
0.015787332861438925,4.630771946469892,65.4802330280304
0.022966458171379604,6.542722640882392,86.84971276984804
0.012962054825021399,1.0654874339682472,79.15877444875765
0.012190034212995322,4.18260724245527,79.80823713421888
0.013104358218759353,1.8073777643882207,80.0893088413987
0.02055335273764528,2.4948926200874926,79.61796015106691
0.011081149436687565,6.42499437591759,51.29362791711486
0.010766621567591589,5.187699346943731,73.5088727504735
0.010663789693757943,1.769607464254475,56.19613486217948
0.014580787258628401,4.783525948772337,50.72027983829262
0.011548559466260261,6.72390547912829,55.52424925384531
0.019564567868842034,2.60810533264347,54.0143743720121
0.014647715539052048,3.9027159919903935,78.80106676380925
0.012237636120236454,4.864575544952871,61.645244827384985
0.010200427752525778,2.4842659517364356,81.27596653092985
0.01375453649493684,3.5305743102759006,54.11311034548578
0.011136319961637092,4.629100715239156,70.11722064913474
0.019197787102172906,0.14539097141866897,53.55774924820773
0.010452649354008022,4.454370001919492,50.72753706732591
0.012537839315417212,6.375336635413854,53.70548979587203
0.015271187653062802,2.150486629154403,51.2047487046539
0.01071770728829806,0.9278626190109605,53.176041068668546
0.01433340174629527,0.11837451050685432,83.19059303157155
0.01563066788684966,7.8384990759633535,53.15850455709074
0.010321356254894424,5.605585133654865,61.97878706164486
0.01125255322487322,0.2583977088242806,97.34527075501143
0.014136890265187826,3.5160657985519457,78.82602838536124
0.01191526403841079,5.55290894443439,82.01509317443492
0.011876314433190992,5.14478944994606,62.30987024834363
0.014919445274442672,7.410444058221362,71.02808226636296
0.011655223132224913,2.7133121447321624,64.00079234868264
0.013913426359386818,1.2121053075978692,55.47468541292865
0.019162159418942417,4.028898636441907,67.64211071021312
0.022966458171379604,6.542722640882392,86.84971276984804
0.012962054825021399,1.0654874339682472,79.15877444875765
0.012190034212995322,4.18260724245527,79.80823713421888
0.013104358218759353,1.8073777643882207,80.0893088413987
0.01682629506859104,1.7931054392350116,79.39251627927975
0.011272972271929006,6.071938799723712,51.576800193359
0.010394290626175565,6.22448675886705,77.49283211759308
0.010370001497300382,1.7650607907059634,53.31994744146467
0.01467317977535046,5.500200481844245,56.26064471320167
0.011548559466260261,6.72390547912829,55.52424925384531
0.02036656011655413,2.2062825132155726,53.69741547688935
0.014647715539052048,3.9027159919903935,78.80106676380925
0.012237636120236454,4.864575544952871,61.645244827384985
0.010200427752525778,2.4842659517364356,81.27596653092985
0.013100644207077105,2.970156523618679,53.91133990282751
0.011136319961637092,4.629100715239156,70.11722064913474
0.019197787102172906,0.14539097141866897,53.55774924820773
0.010452649354008022,4.454370001919492,50.72753706732591
0.012441866491676792,5.977139958681585,54.82496763467788
0.017876487008358213,2.850017820733391,50.07686271116034
0.01071770728829806,0.9278626190109605,53.176041068668546
0.01433340174629527,0.11837451050685432,83.19059303157155
0.01563066788684966,7.8384990759633535,53.15850455709074
0.010336522858971046,5.472600047401858,60.67907477529472
0.01125255322487322,0.2583977088242806,97.34527075501143
0.014252317759752864,3.4329013730289244,79.66936163108204
0.011076718075048002,6.421199350107199,89.0284635488944
0.011897180064568651,5.1069769151319475,62.106575806703304
0.01487773194438944,7.15343760812679,70.38317990251407
0.010016267909798074,2.8087049488441087,65.93927473812928
0.013913426359386818,1.2121053075978692,55.47468541292865
0.021890830792930367,3.89559934328138,72.94141142385264
0.022966458171379604,6.542722640882392,86.84971276984804
0.012962054825021399,1.0654874339682472,79.15877444875765
0.012190034212995322,4.18260724245527,79.80823713421888
0.010984547337859706,1.8155064971894983,80.48616362816826
0.01767671957019859,0.9815503167169943,84.1577541991797
0.011272972271929006,6.071938799723712,51.576800193359
0.010470385888092248,7.692602218967902,76.00787216301751
0.010370001497300382,1.7650607907059634,53.31994744146467
0.015201442775671535,5.988017295871746,54.9058096057587
0.011548559466260261,6.72390547912829,55.52424925384531
0.02036656011655413,2.2062825132155726,53.69741547688935
0.013343267882486297,4.0742517315342885,70.07165740319807
0.011818956680919403,5.060459039842133,62.046794856305155
0.010200427752525778,2.4842659517364356,81.27596653092985
0.013100644207077105,2.970156523618679,53.91133990282751
0.011136319961637092,4.629100715239156,70.11722064913474
0.017775021498791017,0.4216737111142055,58.79399565398022
0.010452649354008022,4.454370001919492,50.72753706732591
0.012441866491676792,5.977139958681585,54.82496763467788
0.014818063983785955,3.657295748633717,59.17038987648288
0.01071770728829806,0.9278626190109605,53.176041068668546
0.01433340174629527,0.11837451050685432,83.19059303157155
0.01563066788684966,7.8384990759633535,53.15850455709074
0.010336522858971046,5.472600047401858,60.67907477529472
0.01125255322487322,0.2583977088242806,97.34527075501143
0.014635372977763808,4.657254427735433,72.30176907495527
0.012146117465872668,4.457443673655513,76.3791579799817
0.014619953410396347,4.174448990602453,59.40316216057208
0.01487773194438944,7.15343760812679,70.38317990251407
0.010016267909798074,2.8087049488441087,65.93927473812928
0.013913426359386818,1.2121053075978692,55.47468541292865
0.021890830792930367,3.89559934328138,72.94141142385264
0.021633147316222043,6.0705840932583435,82.32058214269638
0.012052046790980497,1.5330016260734671,79.85642903926086
0.012190034212995322,4.18260724245527,79.80823713421888
0.010984547337859706,1.8155064971894983,80.48616362816826
0.018317263179845444,1.1469254846763972,84.34305184003837
0.011272972271929006,6.071938799723712,51.576800193359
0.010470385888092248,7.692602218967902,76.00787216301751
0.010370001497300382,1.7650607907059634,53.31994744146467
0.015201442775671535,5.988017295871746,54.9058096057587
0.011548559466260261,6.72390547912829,55.52424925384531
0.02015554930167766,2.2614649406473766,53.90555417974181
0.014035450463485092,4.009215651510859,64.22766319229953
0.010342515436038511,5.271829752370509,56.67086129187808
0.010200427752525778,2.4842659517364356,81.27596653092985
0.013100644207077105,2.970156523618679,53.91133990282751
0.011136319961637092,4.629100715239156,70.11722064913474
0.017775021498791017,0.4216737111142055,58.79399565398022
0.01254345994722132,3.981836104141852,51.412345926521475
0.012441866491676792,5.977139958681585,54.82496763467788
0.015289074089455366,3.5337049419410627,55.46905584588314
0.010816061185302036,1.8390310769065472,52.89276807834563
0.01433340174629527,0.11837451050685432,83.19059303157155
0.015156101510427246,7.43449011842132,53.66386657092605
0.010336522858971046,5.472600047401858,60.67907477529472
0.011700105100030769,0.4188088229983308,90.30274823083298
0.014174919896756752,4.151087186494806,66.78422751641696
0.012494156918972047,4.3002923283147805,80.18225017403883
0.014612902933069825,3.953689957193326,53.50537440645606
0.014091807724578681,6.498394983510059,65.99096891142091
0.01030184952957624,2.8591739673943906,65.53670264362643
0.013913426359386818,1.2121053075978692,55.47468541292865
0.021890830792930367,3.89559934328138,72.94141142385264
0.021633147316222043,6.0705840932583435,82.32058214269638
0.011687209777692564,2.3708280735936333,75.77801980119524
0.01231401617927514,4.31434595717781,78.84792384342838
0.010984547337859706,1.8155064971894983,80.48616362816826
0.019360990098325526,0.2888685506308546,89.58675208739982
0.011272972271929006,6.071938799723712,51.576800193359
0.010470385888092248,7.692602218967902,76.00787216301751
0.010943724516662255,1.6859085317841718,62.37118429146578
0.014459726589044694,5.878691130538411,55.1752450828339
0.011548559466260261,6.72390547912829,55.52424925384531
0.02015554930167766,2.2614649406473766,53.90555417974181
0.012409419756413527,5.096178583364167,56.58878643785219
0.010623970673020794,3.5930854694451506,59.33945997481877
0.010200427752525778,2.4842659517364356,81.27596653092985
0.013100644207077105,2.970156523618679,53.91133990282751
0.011136319961637092,4.629100715239156,70.11722064913474
0.017775021498791017,0.4216737111142055,58.79399565398022
0.01254345994722132,3.981836104141852,51.412345926521475
0.012510511748678912,5.754860841518204,54.855275639704054
0.015289074089455366,3.5337049419410627,55.46905584588314
0.010816061185302036,1.8390310769065472,52.89276807834563
0.014362447149539437,1.4428227773831344,76.74912783370223
0.015005345411037414,7.097679903627516,53.99106033129937
0.01033187460423017,5.122248051260934,61.330281110610294
0.011700105100030769,0.4188088229983308,90.30274823083298
0.013486276507819753,1.8466272467808462,75.99276719927916
0.012494156918972047,4.3002923283147805,80.18225017403883
0.014612902933069825,3.953689957193326,53.50537440645606
0.014072566838383932,6.546039572355092,66.16006322308306
0.01030184952957624,2.8591739673943906,65.53670264362643
0.013913426359386818,1.2121053075978692,55.47468541292865
0.027964895677132097,2.6505999827858173,85.16327655636383
0.021633147316222043,6.0705840932583435,82.32058214269638
0.010996219141152098,2.1137887791913768,75.32347750194529
0.01491200233990147,4.803949795266542,79.81603107032574
0.010984547337859706,1.8155064971894983,80.48616362816826
0.019360990098325526,0.2888685506308546,89.58675208739982
0.011272972271929006,6.071938799723712,51.576800193359
0.010470385888092248,7.692602218967902,76.00787216301751
0.010730749995955071,1.5985488872391063,61.97371536115668
0.014459726589044694,5.878691130538411,55.1752450828339
0.014088426751672036,4.153130581757594,56.85802787000112
0.019834400597328432,2.2656123686466656,54.73503367514438
0.012409419756413527,5.096178583364167,56.58878643785219
0.011716582183262316,3.7697110990029388,58.55687211165783
0.010200427752525778,2.4842659517364356,81.27596653092985
0.012477247369109296,2.223572884054401,52.05166342720491
0.011136319961637092,4.629100715239156,70.11722064913474
0.017708055233292302,0.5319010324502216,58.72089983049598
0.013343264233667999,4.973977978724467,50.726894478435455
0.013477064858125574,7.0220691669747595,50.180877538140486
0.015289074089455366,3.5337049419410627,55.46905584588314
0.010816061185302036,1.8390310769065472,52.89276807834563
0.014327356150776937,1.663949097676035,75.6961290926109
0.015005345411037414,7.097679903627516,53.99106033129937
0.01033187460423017,5.122248051260934,61.330281110610294
0.01186519710601054,0.2178859074214563,95.12749908246361
0.013412683607058523,2.664721943868958,73.83868803515578
0.012384701330796647,3.765251604355498,81.57730404963019
0.013848920285095972,3.5281882380677594,53.38210864090487
0.01314510949952188,5.639206658964376,66.0067395191756
0.01030184952957624,2.8591739673943906,65.53670264362643
0.013913426359386818,1.2121053075978692,55.47468541292865
0.024601416032993907,3.179394722535912,78.98476319264014
0.01887338584021215,4.990988640575383,74.8126685886171
0.010996219141152098,2.1137887791913768,75.32347750194529
0.014881013498877684,4.771107521262689,79.46265441216507
0.010984547337859706,1.8155064971894983,80.48616362816826
0.019360990098325526,0.2888685506308546,89.58675208739982
0.011283655467999677,6.0559316282594144,51.663844407146215
0.010470385888092248,7.692602218967902,76.00787216301751
0.010730749995955071,1.5985488872391063,61.97371536115668
0.014459726589044694,5.878691130538411,55.1752450828339
0.014140187969783216,3.9102306604105688,57.42335167957596
0.020065364575531208,2.4724142188781517,54.27981199853731
0.012409419756413527,5.096178583364167,56.58878643785219
0.011716582183262316,3.7697110990029388,58.55687211165783
0.010200427752525778,2.4842659517364356,81.27596653092985
0.012477247369109296,2.223572884054401,52.05166342720491
0.011171958030264606,5.268931796071962,68.79288194525968
0.01463960511148006,2.920229678329878,58.11867974294254
0.013343264233667999,4.973977978724467,50.726894478435455
0.013477064858125574,7.0220691669747595,50.180877538140486
0.017250005015053468,4.223510553506456,56.846861754196894
0.010339986610183066,1.792741876508869,51.99168605142024
0.014020963240442238,1.0682651536633951,82.14025536952573
0.014316453216283293,6.945058947149953,54.504120473857434
0.01033187460423017,5.122248051260934,61.330281110610294
0.01186519710601054,0.2178859074214563,95.12749908246361
0.013313900612503192,2.347755509543809,78.72525642511687
0.01193883479745344,4.332589063817855,75.70421224332645
0.013835209127054174,4.02048573790321,52.93731873311342
0.013087821210066308,5.400554606563743,68.73793978015976
0.010485013143371202,3.3664439824811234,66.22214999597347
0.013913426359386818,1.2121053075978692,55.47468541292865
0.03579737399098042,5.78275199648953,64.79425709459906
0.01887338584021215,4.990988640575383,74.8126685886171
0.010996219141152098,2.1137887791913768,75.32347750194529
0.013772844781478638,4.013086058359394,78.28192103343058
0.01089295142067653,1.7446573011576856,81.3713481579727
0.019360990098325526,0.2888685506308546,89.58675208739982
0.011283655467999677,6.0559316282594144,51.663844407146215
0.010470385888092248,7.692602218967902,76.00787216301751
0.010730749995955071,1.5985488872391063,61.97371536115668
0.014459726589044694,5.878691130538411,55.1752450828339
0.014140187969783216,3.9102306604105688,57.42335167957596
0.020065364575531208,2.4724142188781517,54.27981199853731
0.01054275548196385,6.109013246451289,57.31462393475382
0.011849006156816218,4.09530077189129,54.88874349159713
0.010200427752525778,2.4842659517364356,81.27596653092985
0.012477247369109296,2.223572884054401,52.05166342720491
0.011171958030264606,5.268931796071962,68.79288194525968
0.015836981658825522,3.3059940181841028,61.478208514006056
0.013343264233667999,4.973977978724467,50.726894478435455
0.013477064858125574,7.0220691669747595,50.180877538140486
0.017250005015053468,4.223510553506456,56.846861754196894
0.010339986610183066,1.792741876508869,51.99168605142024
0.014558049289667946,1.59307666259574,77.93320888434879
0.014145336446724473,6.9607581642183876,53.62278901626903
0.01031790770036448,5.245632868917109,61.30775080538787
0.01186519710601054,0.2178859074214563,95.12749908246361
0.013637021569063473,1.962288492032778,83.98302556352789
0.01193883479745344,4.332589063817855,75.70421224332645
0.01376071960206595,4.079908120408796,52.900141189427686
0.013087821210066308,5.400554606563743,68.73793978015976
0.010485013143371202,3.3664439824811234,66.22214999597347
0.013913426359386818,1.2121053075978692,55.47468541292865
0.05079603190826636,6.536649030051672,56.417904196230396
0.0175549348464675,4.865808571829118,74.98217583000452
0.010996219141152098,2.1137887791913768,75.32347750194529
0.013772844781478638,4.013086058359394,78.28192103343058
0.01089295142067653,1.7446573011576856,81.3713481579727
0.019360990098325526,0.2888685506308546,89.58675208739982
0.011304684700105398,5.844821003528844,53.23554146645993
0.010470385888092248,7.692602218967902,76.00787216301751
0.010730749995955071,1.5985488872391063,61.97371536115668
0.014459726589044694,5.878691130538411,55.1752450828339
0.014161072074321403,4.038883448397362,57.27642204306485
0.020065364575531208,2.4724142188781517,54.27981199853731
0.010591097368736013,7.138050396045262,58.5836592565539
0.011849006156816218,4.09530077189129,54.88874349159713
0.010217943324228103,2.501382635925629,80.99561147109901
0.011797955678590375,2.613257405314887,56.88337129188041
0.010171161952328409,5.680768729651754,72.64874951402717
0.015836981658825522,3.3059940181841028,61.478208514006056
0.013343264233667999,4.973977978724467,50.726894478435455
0.012972891435986024,6.826741431348661,55.272259028215004
0.017250005015053468,4.223510553506456,56.846861754196894
0.010384552688926782,3.8091153167213267,60.199609120738266
0.014558049289667946,1.59307666259574,77.93320888434879
0.014162503197204638,7.096605369028271,52.48634166484523
0.010239382386317162,5.9393321775320596,61.181079976248824
0.01186519710601054,0.2178859074214563,95.12749908246361
0.013637021569063473,1.962288492032778,83.98302556352789
0.012602782637113289,5.835182314334086,83.25031640014231
0.01376071960206595,4.079908120408796,52.900141189427686
0.011265542797259743,6.165277480885998,72.51387247825687
0.010485013143371202,3.3664439824811234,66.22214999597347
0.014056850553399579,0.26580682248760734,56.66899148378927
0.05079603190826636,6.536649030051672,56.417904196230396
0.01982243004217879,5.377045525297371,73.00386323901074
0.013854294023404963,2.0533826134953532,78.36592572245569
0.012369338492445155,3.928596819873391,70.79182342776191
0.01089295142067653,1.7446573011576856,81.3713481579727
0.017191979844212165,1.982839744242738,81.91892440320865
0.011304684700105398,5.844821003528844,53.23554146645993
0.010470385888092248,7.692602218967902,76.00787216301751
0.010730749995955071,1.5985488872391063,61.97371536115668
0.014459726589044694,5.878691130538411,55.1752450828339
0.014161072074321403,4.038883448397362,57.27642204306485
0.020065364575531208,2.4724142188781517,54.27981199853731
0.010591097368736013,7.138050396045262,58.5836592565539
0.011849006156816218,4.09530077189129,54.88874349159713
0.010217943324228103,2.501382635925629,80.99561147109901
0.010077366548991913,2.020652384687876,53.426852901857345
0.01015923971915242,5.679043250859158,72.85293491170972
0.015740693466150188,3.457356352173327,61.04603093750744
0.013343264233667999,4.973977978724467,50.726894478435455
0.012972891435986024,6.826741431348661,55.272259028215004
0.017250005015053468,4.223510553506456,56.846861754196894
0.010411201058202868,5.014809547579562,65.10755191280471
0.014868418901781743,1.5634591871582824,79.63072433920577
0.014162503197204638,7.096605369028271,52.48634166484523
0.010239382386317162,5.9393321775320596,61.181079976248824
0.01186519710601054,0.2178859074214563,95.12749908246361
0.013637021569063473,1.962288492032778,83.98302556352789
0.012602782637113289,5.835182314334086,83.25031640014231
0.01376071960206595,4.079908120408796,52.900141189427686
0.01197411977960186,6.171934249814321,72.2253551112917
0.010485013143371202,3.3664439824811234,66.22214999597347
0.01415488912913833,0.06706930683937706,56.7912989926795
0.05079603190826636,6.536649030051672,56.417904196230396
0.0201722813500755,5.921553799756715,76.2568852022226
0.0141218497229654,0.5242703156016102,92.83666791435986
0.012380817056985093,3.9293033602855427,70.70523834131454
0.01089295142067653,1.7446573011576856,81.3713481579727
0.017191979844212165,1.982839744242738,81.91892440320865
0.011009129521680167,6.443951513683562,52.86682316001366
0.010470385888092248,7.692602218967902,76.00787216301751
0.010730749995955071,1.5985488872391063,61.97371536115668
0.014361376744936812,5.625603490606803,54.855139393743634
0.01749812978124079,6.412869642327349,52.70683979664662
0.018075488771879325,2.658107635965782,56.760281487407916
0.010554922123164537,7.784413492438299,55.85270289961339
0.011849006156816218,4.09530077189129,54.88874349159713
0.010217943324228103,2.501382635925629,80.99561147109901
0.010077366548991913,2.020652384687876,53.426852901857345
0.01015923971915242,5.679043250859158,72.85293491170972
0.01347378986482956,2.8822757598704154,57.99624370453151
0.013618311375468414,4.80076089008076,50.47473196849036
0.012555955887307547,6.73215942350963,56.24866832605147
0.017273386476525595,4.214875605710306,56.778707949881344
0.010411201058202868,5.014809547579562,65.10755191280471
0.017773930713379744,0.9774658595249377,78.77797377271423
0.014162503197204638,7.096605369028271,52.48634166484523
0.010565765558589759,6.153297585335167,57.65572289454669
0.011759137349843221,0.567790951795903,92.93773503064898
0.013637021569063473,1.962288492032778,83.98302556352789
0.012602782637113289,5.835182314334086,83.25031640014231
0.01376071960206595,4.079908120408796,52.900141189427686
0.011456291998655811,6.449315846954163,63.14412632386039
0.010137046011434583,4.749811250296353,53.3000406259207
0.01415488912913833,0.06706930683937706,56.7912989926795
0.041988653921640265,6.581678593658043,56.37892612838491
0.026327604418066027,4.797920254949346,76.4148703825882
0.0141218497229654,0.5242703156016102,92.83666791435986
0.013931184341056644,2.708216236383403,69.20643006570359
0.01089295142067653,1.7446573011576856,81.3713481579727
0.015312304444876619,1.9117643896455419,81.75552371214576
0.011009129521680167,6.443951513683562,52.86682316001366
0.010470385888092248,7.692602218967902,76.00787216301751
0.010727029763503544,1.6314137373937427,61.967714176252905
0.014372556578000528,5.624271144357866,54.67462398240801
0.016898325728667514,6.294544463206423,53.75637728640392
0.018118017813604753,2.6614972267002313,56.778006588306965
0.010557512472445837,7.82502404486904,55.659429864771106
0.013606608487992559,6.153511045366715,56.33905104687178
0.01023322238738491,1.64722428260347,88.2387850106481
0.010077366548991913,2.020652384687876,53.426852901857345
0.010728579911337677,5.648016072466538,72.97836213105478
0.01346402274767141,2.899544525811885,58.021165650424194
0.013618311375468414,4.80076089008076,50.47473196849036
0.012555955887307547,6.73215942350963,56.24866832605147
0.021039288382689147,2.205340171427107,57.20183600486222
0.010411201058202868,5.014809547579562,65.10755191280471
0.017773930713379744,0.9774658595249377,78.77797377271423
0.014162503197204638,7.096605369028271,52.48634166484523
0.010304052750428875,6.189667586933248,57.86067025407417
0.011759137349843221,0.567790951795903,92.93773503064898
0.013637021569063473,1.962288492032778,83.98302556352789
0.012602782637113289,5.835182314334086,83.25031640014231
0.01376071960206595,4.079908120408796,52.900141189427686
0.011486545609411595,6.395825905698576,63.06693068484987
0.010159420799410474,5.773016696042022,53.25249666907712
0.01415488912913833,0.06706930683937706,56.7912989926795
0.035252000957786675,5.174386656910232,56.64354790168148
0.020178790116427855,3.5498726033404235,70.72066470962375
0.0141218497229654,0.5242703156016102,92.83666791435986
0.013766621130911332,4.651114378699838,78.33933169588965
0.010576397955216954,1.9074581700514266,83.75670938797286
0.0156721611562322,1.7751824881703024,81.32024588674605
0.011009129521680167,6.443951513683562,52.86682316001366
0.010470385888092248,7.692602218967902,76.00787216301751
0.010727029763503544,1.6314137373937427,61.967714176252905
0.014372556578000528,5.624271144357866,54.67462398240801
0.016898325728667514,6.294544463206423,53.75637728640392
0.019033890900765568,2.3633573471199867,57.59310630883112
0.010557512472445837,7.82502404486904,55.659429864771106
0.013163631283444766,6.134531714939888,56.68660994061091
0.01023322238738491,1.64722428260347,88.2387850106481
0.01014906519937888,2.4200254564252077,55.57947584514624
0.010728579911337677,5.648016072466538,72.97836213105478
0.012748345133755841,0.7532008456576431,60.65733050844302
0.013618311375468414,4.80076089008076,50.47473196849036
0.012555955887307547,6.73215942350963,56.24866832605147
0.021039288382689147,2.205340171427107,57.20183600486222
0.010411201058202868,5.014809547579562,65.10755191280471
0.017773930713379744,0.9774658595249377,78.77797377271423
0.014162503197204638,7.096605369028271,52.48634166484523
0.010304052750428875,6.189667586933248,57.86067025407417
0.011759137349843221,0.567790951795903,92.93773503064898
0.013640213844538014,2.0614578923856732,83.6002690983437
0.01240137772339753,5.7713136955385895,88.64972016296613
0.014180669503173898,3.588912378181723,52.53839030681268
0.011145992971379234,5.958469559405074,63.71317838436508
0.010159420799410474,5.773016696042022,53.25249666907712
0.01415488912913833,0.06706930683937706,56.7912989926795
0.031853265219808295,4.918654924704935,55.981399624161995
0.020178790116427855,3.5498726033404235,70.72066470962375
0.01374403182798154,1.3660626392737312,88.56864457829471
0.013713717699239257,4.344886516412643,74.78709622926498
0.010579335796643302,0.9869166948409722,88.12754558799841
0.01584516443764687,1.6329125580369057,82.07630058203874
0.011254294991863815,6.637535556919332,52.75554523063764
0.010137090219357376,7.869264349730171,77.83000650404767
0.010727029763503544,1.6314137373937427,61.967714176252905
0.014372556578000528,5.624271144357866,54.67462398240801
0.016898325728667514,6.294544463206423,53.75637728640392
0.01731585144011441,3.432528553507745,61.28753917823717
0.011334794984645746,7.319839272888022,56.306723669807305
0.013947706203822678,7.58359174416535,54.9872014205143
0.01023322238738491,1.64722428260347,88.2387850106481
0.01014906519937888,2.4200254564252077,55.57947584514624
0.01057466331301356,5.681819749445345,67.64393446876845
0.012748345133755841,0.7532008456576431,60.65733050844302
0.013618311375468414,4.80076089008076,50.47473196849036
0.012555955887307547,6.73215942350963,56.24866832605147
0.017480725258940403,4.054089516711304,63.93503290231887
0.010411201058202868,5.014809547579562,65.10755191280471
0.017773930713379744,0.9774658595249377,78.77797377271423
0.014241419503435543,7.115154830977173,52.37642133113004
0.010304052750428875,6.189667586933248,57.86067025407417
0.011759137349843221,0.567790951795903,92.93773503064898
0.013640213844538014,2.0614578923856732,83.6002690983437
0.01240137772339753,5.7713136955385895,88.64972016296613
0.014180669503173898,3.588912378181723,52.53839030681268
0.011063904894483494,5.94303889012327,62.84279376433992
0.010159420799410474,5.773016696042022,53.25249666907712
0.01415488912913833,0.06706930683937706,56.7912989926795
0.03133229848475172,4.915286730256783,55.824075909821616
0.022803420977914664,4.147332818319869,65.55070021632818
0.01374403182798154,1.3660626392737312,88.56864457829471
0.013713717699239257,4.344886516412643,74.78709622926498
0.01024288246027345,0.3167409131994443,92.2208885324022
0.013761140931919102,1.920892404118646,72.38194603009389
0.011254294991863815,6.637535556919332,52.75554523063764
0.010138538534679256,7.853950281183494,77.79106420691492
0.010727029763503544,1.6314137373937427,61.967714176252905
0.014372556578000528,5.624271144357866,54.67462398240801
0.016898325728667514,6.294544463206423,53.75637728640392
0.017458324328557286,3.3337642139063792,61.438362337450855
0.011334794984645746,7.319839272888022,56.306723669807305
0.013947706203822678,7.58359174416535,54.9872014205143
0.01023322238738491,1.64722428260347,88.2387850106481
0.01014906519937888,2.4200254564252077,55.57947584514624
0.012295618362223912,5.46784345096587,67.29136737004596
0.012748345133755841,0.7532008456576431,60.65733050844302
0.013618311375468414,4.80076089008076,50.47473196849036
0.011204312643851834,6.700650102596149,57.172624917814154
0.0196071079301458,2.9536056437163634,59.92216507911087
0.011221614377198935,4.821490731378916,64.6855981612225
0.017773930713379744,0.9774658595249377,78.77797377271423
0.014241419503435543,7.115154830977173,52.37642133113004
0.010218588611330095,7.1106803819614655,57.030826167516416
0.011759137349843221,0.567790951795903,92.93773503064898
0.013640213844538014,2.0614578923856732,83.6002690983437
0.01235230184851224,5.80837344242815,87.11405234262122
0.01481791193329672,3.2428000022293286,52.42522673321185
0.011063904894483494,5.94303889012327,62.84279376433992
0.010159420799410474,5.773016696042022,53.25249666907712
0.01415488912913833,0.06706930683937706,56.7912989926795
0.026368104766715663,5.395641621711775,55.936332010520424
0.022527792778347627,4.195618003843853,65.19513130091072
0.016559862818325714,2.209989111641182,85.63129440262792
0.01483014822672983,6.502313707825053,64.41969063369477
0.01024288246027345,0.3167409131994443,92.2208885324022
0.013947588813665698,1.7079352240056034,72.94699928959568
0.011455348662251253,6.796288673301658,52.66428916542827
0.010138538534679256,7.853950281183494,77.79106420691492
0.010689917039007986,1.603370764428135,62.01709522772952
0.014372556578000528,5.624271144357866,54.67462398240801
0.017634145136913998,6.850541471065422,52.77731857891238
0.01879687806257597,4.657430761542448,63.32135492451875
0.011334794984645746,7.319839272888022,56.306723669807305
0.015774585364856226,6.071572816907505,60.473978795515265
0.01023322238738491,1.64722428260347,88.2387850106481
0.01014906519937888,2.4200254564252077,55.57947584514624
0.01275598352903375,5.1037153505119965,69.5655744487982
0.012748345133755841,0.7532008456576431,60.65733050844302
0.013618311375468414,4.80076089008076,50.47473196849036
0.011362654948455212,6.529304029722617,54.109338648929565
0.019164382333076026,3.8280637160247792,58.31888779297878
0.011221614377198935,4.821490731378916,64.6855981612225
0.01745534176430198,1.0377401745426398,77.80867338815591
0.014241419503435543,7.115154830977173,52.37642133113004
0.01046472748246541,6.915995627214622,58.246753877623206
0.011759137349843221,0.567790951795903,92.93773503064898
0.012891074399269087,1.676733483105891,85.50118641557006
0.012713549243637264,5.770615248386252,93.9193532325319
0.01481791193329672,3.2428000022293286,52.42522673321185
0.011063904894483494,5.94303889012327,62.84279376433992
0.010159420799410474,5.773016696042022,53.25249666907712
0.01415488912913833,0.06706930683937706,56.7912989926795
0.026368104766715663,5.395641621711775,55.936332010520424
0.021420558501582077,4.796319664545312,62.38548318243198
0.01829840691688187,1.3594834112345993,92.45282341017611
0.01483014822672983,6.502313707825053,64.41969063369477
0.01024288246027345,0.3167409131994443,92.2208885324022
0.013482513090510136,3.033285923923022,71.62725136348959
0.01169847328205104,6.734484959170375,51.80590709876653
0.010138538534679256,7.853950281183494,77.79106420691492
0.010546168291423783,1.3598306108116702,61.491901852089185
0.014631865297252343,5.873413368840255,52.57199606975324
0.018072128548728597,5.985450018180455,54.36342261381034
0.019824033807883258,2.7200415162013813,72.63593376897043
0.011334794984645746,7.319839272888022,56.306723669807305
0.015028099731402126,6.202026418995223,60.82848514604431
0.01023322238738491,1.64722428260347,88.2387850106481
0.01014906519937888,2.4200254564252077,55.57947584514624
0.01247330292385391,4.91310530373609,70.26688883943186
0.012748345133755841,0.7532008456576431,60.65733050844302
0.013618311375468414,4.80076089008076,50.47473196849036
0.011421318971667238,6.338862626935141,55.354812990309945
0.02177965378718659,2.8099585584518145,60.600353100730956
0.011656629785121848,6.218562771926199,54.31926649243251
0.01745534176430198,1.0377401745426398,77.80867338815591
0.014241419503435543,7.115154830977173,52.37642133113004
0.01046472748246541,6.915995627214622,58.246753877623206
0.011759137349843221,0.567790951795903,92.93773503064898
0.012771313761627127,1.9563656981694293,84.01605679582433
0.012713549243637264,5.770615248386252,93.9193532325319
0.01481791193329672,3.2428000022293286,52.42522673321185
0.011063904894483494,5.94303889012327,62.84279376433992
0.010181402407188516,5.855309406808136,53.61207544410565
0.012560773223993122,0.6381335284552649,58.86774272965242
0.026368104766715663,5.395641621711775,55.936332010520424
0.019820659402919293,5.364492989883103,58.55249648303315
0.01829840691688187,1.3594834112345993,92.45282341017611
0.01483014822672983,6.502313707825053,64.41969063369477
0.01024288246027345,0.3167409131994443,92.2208885324022
0.013604021277165184,3.410650532021792,73.44282391549652
0.01169847328205104,6.734484959170375,51.80590709876653
0.010138538534679256,7.853950281183494,77.79106420691492
0.010546168291423783,1.3598306108116702,61.491901852089185
0.014631865297252343,5.873413368840255,52.57199606975324
0.018072128548728597,5.985450018180455,54.36342261381034
0.017783856603908136,2.152930145888112,69.18206879085876
0.011184155900733947,7.249919827930713,56.64261068148658
0.015224196695986162,6.364657467950779,64.91463290716972
0.01023322238738491,1.64722428260347,88.2387850106481
0.01014906519937888,2.4200254564252077,55.57947584514624
0.012787869614422232,4.027503999437382,76.10724816689171
0.012748345133755841,0.7532008456576431,60.65733050844302
0.013618311375468414,4.80076089008076,50.47473196849036
0.011601914193131769,7.366330707495469,54.08836945417259
0.02177965378718659,2.8099585584518145,60.600353100730956
0.011656629785121848,6.218562771926199,54.31926649243251
0.016939942839823918,1.5521698363461631,79.55978903233803
0.014686776346665865,7.138640175769775,51.68417723044564
0.01046472748246541,6.915995627214622,58.246753877623206
0.011010756088640302,1.0971963887756888,90.63314648619146
0.01218714082354488,1.5775440835676862,85.91171465271806
0.012713549243637264,5.770615248386252,93.9193532325319
0.01481791193329672,3.2428000022293286,52.42522673321185
0.011403324291776692,5.993441560582797,62.98490603319078
0.010181402407188516,5.855309406808136,53.61207544410565
0.012076621505736221,0.9958493173774092,58.207621336029085
0.021783230762578404,4.235908654646007,65.40488971382611
0.01979017232083189,5.3676823579736785,58.5366882564269
0.01829840691688187,1.3594834112345993,92.45282341017611
0.01586879835926185,6.224325382976939,67.74368387602536
0.01024288246027345,0.3167409131994443,92.2208885324022
0.013604021277165184,3.410650532021792,73.44282391549652
0.01169847328205104,6.734484959170375,51.80590709876653
0.011718856150297684,7.157389016815034,68.9214360377373
0.010174966484778364,1.1962061757915485,62.2797689308633
0.01318625719316262,4.484481983031634,64.29383850987286
0.019422967342292444,5.525298781839818,55.43250741955689
0.018607190259776897,2.1852167777327187,66.74551673344357
0.011184155900733947,7.249919827930713,56.64261068148658
0.015706633873195788,7.1875488978889415,65.94263431597369
0.01023322238738491,1.64722428260347,88.2387850106481
0.01014906519937888,2.4200254564252077,55.57947584514624
0.012719812423830936,4.112123284038541,75.58401928339863
0.012748345133755841,0.7532008456576431,60.65733050844302
0.013618311375468414,4.80076089008076,50.47473196849036
0.011601914193131769,7.366330707495469,54.08836945417259
0.027448947550859387,0.9010054031162493,64.11800999162166
0.011656629785121848,6.218562771926199,54.31926649243251
0.021567315970876726,1.5274652285355705,73.37549399006231
0.014686776346665865,7.138640175769775,51.68417723044564
0.011124328491391656,6.814700802809361,59.41922646277209
0.011010756088640302,1.0971963887756888,90.63314648619146
0.01218714082354488,1.5775440835676862,85.91171465271806
0.012713549243637264,5.770615248386252,93.9193532325319
0.01481791193329672,3.2428000022293286,52.42522673321185
0.011262030743398255,5.01665282271691,69.31464995748274
0.010181402407188516,5.855309406808136,53.61207544410565
0.012076621505736221,0.9958493173774092,58.207621336029085
0.021783230762578404,4.235908654646007,65.40488971382611
0.01979017232083189,5.3676823579736785,58.5366882564269
0.01682158688411862,1.2731702263661542,84.32428841465408
0.015735453582200614,6.106571039417179,67.6157235610204
0.010240313582409533,0.6705528683893304,91.16193818007163
0.013663273891076983,3.517085308013961,73.2314650377628
0.01169847328205104,6.734484959170375,51.80590709876653
0.011718856150297684,7.157389016815034,68.9214360377373
0.010174966484778364,1.1962061757915485,62.2797689308633
0.012690412238785921,4.904133217413776,63.92981608161541
0.01840761528815537,5.156312298686508,58.57514040586403
0.016113796789152795,1.7311122163210024,63.485719089691166
0.011143889827958067,7.312628685639433,56.4478050992217
0.015706633873195788,7.1875488978889415,65.94263431597369
0.01023322238738491,1.64722428260347,88.2387850106481
0.01014906519937888,2.4200254564252077,55.57947584514624
0.012719812423830936,4.112123284038541,75.58401928339863
0.012985376611015223,1.3631771567501545,63.44329814985366
0.013618311375468414,4.80076089008076,50.47473196849036
0.011601914193131769,7.366330707495469,54.08836945417259
0.022242845259757227,1.8674813150814509,67.4704172687323
0.011656629785121848,6.218562771926199,54.31926649243251
0.021567315970876726,1.5274652285355705,73.37549399006231
0.014686776346665865,7.138640175769775,51.68417723044564
0.011124328491391656,6.814700802809361,59.41922646277209
0.011010756088640302,1.0971963887756888,90.63314648619146
0.01218714082354488,1.5775440835676862,85.91171465271806
0.012486137169208978,5.301668522552199,93.66581108652043
0.013775033094538529,3.763040547614608,57.37860428965552
0.011262030743398255,5.01665282271691,69.31464995748274
0.010271503959186155,5.785383182140831,54.92133810787801
0.012076621505736221,0.9958493173774092,58.207621336029085
0.01927073258258283,4.965235053514927,66.28277001727943
0.01621622993112618,6.171626264719282,57.6732480358661
0.01682158688411862,1.2731702263661542,84.32428841465408
0.015735453582200614,6.106571039417179,67.6157235610204
0.010240313582409533,0.6705528683893304,91.16193818007163
0.013791050612850533,3.436496959102239,72.91284930226355
0.01169847328205104,6.734484959170375,51.80590709876653
0.011308503785831066,7.264744968951105,69.05483307620537
0.010174966484778364,1.1962061757915485,62.2797689308633
0.01298512133228462,6.7806796416199155,66.67730433044535
0.02238368287305336,3.975973127564394,59.739615715579255
0.020496305546289686,2.125841529455112,64.3756396398441
0.011143889827958067,7.312628685639433,56.4478050992217
0.014555411094480556,6.625252346548623,66.81603990547706
0.01023322238738491,1.64722428260347,88.2387850106481
0.01014906519937888,2.4200254564252077,55.57947584514624
0.013825655655728668,0.8930080232777273,96.84786801856147
0.012985376611015223,1.3631771567501545,63.44329814985366
0.013618311375468414,4.80076089008076,50.47473196849036
0.011601914193131769,7.366330707495469,54.08836945417259
0.022932213570681856,1.6330211096701603,68.82890075614462
0.011656629785121848,6.218562771926199,54.31926649243251
0.021400571636136335,1.4435373262441966,74.83307415082913
0.014686776346665865,7.138640175769775,51.68417723044564
0.011633358227719237,7.429074870697903,62.10390406861156
0.011370628688027302,1.1777278735219037,89.70849253554229
0.012160918881993183,1.2509388431143167,85.23168137999767
0.012486137169208978,5.301668522552199,93.66581108652043
0.013775033094538529,3.763040547614608,57.37860428965552
0.011262030743398255,5.01665282271691,69.31464995748274
0.010271503959186155,5.785383182140831,54.92133810787801
0.012076621505736221,0.9958493173774092,58.207621336029085
0.01927073258258283,4.965235053514927,66.28277001727943
0.01621622993112618,6.171626264719282,57.6732480358661
0.015734566504419033,2.4319499989083697,77.42455010103434
0.016217536144123933,5.979943295354863,68.78827806131238
0.010240313582409533,0.6705528683893304,91.16193818007163
0.013768830205964913,5.069708605801453,57.54382182947469
0.01169847328205104,6.734484959170375,51.80590709876653
0.011308503785831066,7.264744968951105,69.05483307620537
0.010174966484778364,1.1962061757915485,62.2797689308633
0.01298512133228462,6.7806796416199155,66.67730433044535
0.02295936020851938,3.7710282727747977,59.9324929132087
0.018347061413084696,1.7286298298695053,74.83800050123557
0.011143889827958067,7.312628685639433,56.4478050992217
0.014457621415006044,6.2430810308430615,78.08035810399343
0.01023322238738491,1.64722428260347,88.2387850106481
0.01014906519937888,2.4200254564252077,55.57947584514624
0.013825655655728668,0.8930080232777273,96.84786801856147
0.012985376611015223,1.3631771567501545,63.44329814985366
0.013890517431910915,5.396367594980788,50.78285468108706
0.011513450990811023,7.355958654858745,54.544072793778994
0.020653579303312228,1.5521927811645186,72.29885855508108
0.011656629785121848,6.218562771926199,54.31926649243251
0.018812328488219586,2.8550112628221784,68.6900826902922
0.014686776346665865,7.138640175769775,51.68417723044564
0.01198398157013347,7.852260146139418,63.95312930691533
0.011370628688027302,1.1777278735219037,89.70849253554229
0.01219636267021145,0.9167368970058982,86.91158723242393
0.012486137169208978,5.301668522552199,93.66581108652043
0.013775033094538529,3.763040547614608,57.37860428965552
0.010640806415131654,6.403022523093451,66.33981041204399
0.010271503959186155,5.785383182140831,54.92133810787801
0.012076621505736221,0.9958493173774092,58.207621336029085
0.019728603434031693,5.217867520169988,66.79671470937069
0.018943162651628195,5.564244949276449,51.349175392279115
0.015734566504419033,2.4319499989083697,77.42455010103434
0.016217536144123933,5.979943295354863,68.78827806131238
0.010240313582409533,0.6705528683893304,91.16193818007163
0.012003835888544227,3.3611861418105464,72.866911484245
0.01169847328205104,6.734484959170375,51.80590709876653
0.011308503785831066,7.264744968951105,69.05483307620537
0.010174966484778364,1.1962061757915485,62.2797689308633
0.012764551652243815,6.012058653745461,68.06858112783465
0.02295936020851938,3.7710282727747977,59.9324929132087
0.018347061413084696,1.7286298298695053,74.83800050123557
0.01134874110572597,5.925305454537411,56.8343048968971
0.014457621415006044,6.2430810308430615,78.08035810399343
0.01023322238738491,1.64722428260347,88.2387850106481
0.01014906519937888,2.4200254564252077,55.57947584514624
0.013825655655728668,0.8930080232777273,96.84786801856147
0.013564798174940985,1.5115224441446957,63.96502892231732
0.013890517431910915,5.396367594980788,50.78285468108706
0.011513450990811023,7.355958654858745,54.544072793778994
0.021348217757137633,1.0262900201121452,71.65068566884692
0.011656629785121848,6.218562771926199,54.31926649243251
0.018812328488219586,2.8550112628221784,68.6900826902922
0.014686776346665865,7.138640175769775,51.68417723044564
0.01198398157013347,7.852260146139418,63.95312930691533
0.011370628688027302,1.1777278735219037,89.70849253554229
0.012433560395888535,0.9195762941985772,86.51605527652205
0.012525105088622035,5.891339673075054,94.57409684580814
0.013511940340224326,3.5754563726661663,57.73678124707816
0.010640806415131654,6.403022523093451,66.33981041204399
0.010271503959186155,5.785383182140831,54.92133810787801
0.012076621505736221,0.9958493173774092,58.207621336029085
0.016224290924905536,3.5239270223079036,76.40311244118435
0.018943162651628195,5.564244949276449,51.349175392279115
0.015734566504419033,2.4319499989083697,77.42455010103434
0.016217536144123933,5.979943295354863,68.78827806131238
0.010240313582409533,0.6705528683893304,91.16193818007163
0.012396607754567787,0.1615887203923796,87.54251747572155
0.01169847328205104,6.734484959170375,51.80590709876653
0.011308503785831066,7.264744968951105,69.05483307620537
0.010174966484778364,1.1962061757915485,62.2797689308633
0.012764551652243815,6.012058653745461,68.06858112783465
0.03111144898575762,0.7396463361370618,56.94611896635854
0.01616962233343333,1.4741684287104988,69.06302489524927
0.01134874110572597,5.925305454537411,56.8343048968971
0.014364219076893607,6.091389538497375,76.89555120913232
0.01023279351328078,1.6008638771320314,88.6120452902034
0.011086575716546126,2.016727270208645,65.67848018649605
0.013678696322914578,0.9016490712336476,93.60119334828053
0.013564798174940985,1.5115224441446957,63.96502892231732
0.014251990710114841,6.187297491817708,51.19202311939087
0.011513450990811023,7.355958654858745,54.544072793778994
0.022059013351247866,0.5619461567312563,71.57514049517422
0.011656629785121848,6.218562771926199,54.31926649243251
0.018812328488219586,2.8550112628221784,68.6900826902922
0.014686776346665865,7.138640175769775,51.68417723044564
0.01198398157013347,7.852260146139418,63.95312930691533
0.011370628688027302,1.1777278735219037,89.70849253554229
0.012180868743998603,0.22212626731540652,90.4223496549438
0.012680981198818747,5.7153731713512705,97.84373297258537
0.01315768810961258,4.406807729110188,70.96057032373571
0.01005595063278764,6.561840590403975,57.57634530247286
0.010271503959186155,5.785383182140831,54.92133810787801
0.012076621505736221,0.9958493173774092,58.207621336029085
0.016954306912725557,4.275933970820021,71.47111187354366
0.01735128711471592,4.642124393765441,59.412956798415394
0.015875037002387515,2.1227022078477256,74.7247871485558
0.013208828306749147,4.214959529275722,62.239441111779605
0.010240313582409533,0.6705528683893304,91.16193818007163
0.012396607754567787,0.1615887203923796,87.54251747572155
0.011780193058545966,6.962040675578337,51.60687935521007
0.011308503785831066,7.264744968951105,69.05483307620537
0.010192962209869014,1.279023131639856,62.175763646946784
0.013599965760775504,6.088017042974801,72.47418970794797
0.03111144898575762,0.7396463361370618,56.94611896635854
0.01616962233343333,1.4741684287104988,69.06302489524927
0.011014429053306492,5.881881680845283,56.240630741209564
0.013477846028946664,6.747117482915969,72.07594227653541
0.01023279351328078,1.6008638771320314,88.6120452902034
0.010796372515183868,1.6038626343166538,66.80652607502311
0.013158384591066795,0.36566349794457054,97.11642835633359
0.013564798174940985,1.5115224441446957,63.96502892231732
0.014251990710114841,6.187297491817708,51.19202311939087
0.010980428685128451,7.799329126794427,52.98230319087532
0.025205501923625966,0.6313346414629497,62.54596148498006
0.011656629785121848,6.218562771926199,54.31926649243251
0.01735985820922898,2.4928895113662524,71.67420221346475
0.014686776346665865,7.138640175769775,51.68417723044564
0.01198398157013347,7.852260146139418,63.95312930691533
0.011370628688027302,1.1777278735219037,89.70849253554229
0.012801365930795899,0.07874078157451503,90.18586444271537
0.012680981198818747,5.7153731713512705,97.84373297258537
0.013617295747005424,3.582442268801053,75.54941432788294
0.01005595063278764,6.561840590403975,57.57634530247286
0.010271503959186155,5.785383182140831,54.92133810787801
0.011878080169925058,1.9091295709138243,57.83995826392747
0.016954306912725557,4.275933970820021,71.47111187354366
0.01719090616138504,4.368412419997563,61.07644588355624
0.013827668879606594,3.7061305158812337,66.93895603414708
0.010772438309375031,4.175296368675376,56.23434732560121
0.010240313582409533,0.6705528683893304,91.16193818007163
0.012869819563867247,1.4877165327568878,82.89327207078348
0.011780193058545966,6.962040675578337,51.60687935521007
0.011222643693943355,7.308836456811649,68.9267112579913
0.010192962209869014,1.279023131639856,62.175763646946784
0.013599965760775504,6.088017042974801,72.47418970794797
0.03111144898575762,0.7396463361370618,56.94611896635854
0.015110192087235689,2.798718269133567,64.84981916644296
0.011014429053306492,5.881881680845283,56.240630741209564
0.012843321670401692,7.23925358122329,91.37111370029092
0.01023279351328078,1.6008638771320314,88.6120452902034
0.010796372515183868,1.6038626343166538,66.80652607502311
0.013158384591066795,0.36566349794457054,97.11642835633359
0.013274186439908409,2.6771812431219066,63.962841339097565
0.014164131653699662,6.214835427637858,51.206769017949306
0.010980428685128451,7.799329126794427,52.98230319087532
0.025205501923625966,0.6313346414629497,62.54596148498006
0.011238812770304493,6.308166808537935,55.16944495789914
0.01735985820922898,2.4928895113662524,71.67420221346475
0.014686776346665865,7.138640175769775,51.68417723044564
0.01198398157013347,7.852260146139418,63.95312930691533
0.011370628688027302,1.1777278735219037,89.70849253554229
0.012801365930795899,0.07874078157451503,90.18586444271537
0.011643800175156954,3.8659909536326387,82.97481874748951
0.014757947144356787,2.275263896913672,85.32305608507303
0.01005595063278764,6.561840590403975,57.57634530247286
0.010271503959186155,5.785383182140831,54.92133810787801
0.011878080169925058,1.9091295709138243,57.83995826392747
0.016954306912725557,4.275933970820021,71.47111187354366
0.01719090616138504,4.368412419997563,61.07644588355624
0.013949163020080467,3.6874736909003953,67.3646349491284
0.010772438309375031,4.175296368675376,56.23434732560121
0.010240313582409533,0.6705528683893304,91.16193818007163
0.012869819563867247,1.4877165327568878,82.89327207078348
0.011923669902230821,6.839928188373868,50.704159154601385
0.01069386866612224,7.886606410806786,58.441759104926575
0.010192962209869014,1.279023131639856,62.175763646946784
0.01345088319622776,6.180284543609252,71.75432706296424
0.03111144898575762,0.7396463361370618,56.94611896635854
0.014769013402173306,2.704814125319911,64.10986486214385
0.011014429053306492,5.881881680845283,56.240630741209564
0.012843321670401692,7.23925358122329,91.37111370029092
0.01023279351328078,1.6008638771320314,88.6120452902034
0.010796372515183868,1.6038626343166538,66.80652607502311
0.012195384661235233,3.3044424378763244,82.00445305992659
0.013274186439908409,2.6771812431219066,63.962841339097565
0.014164131653699662,6.214835427637858,51.206769017949306
0.010980428685128451,7.799329126794427,52.98230319087532
0.02106596716325164,3.192216875584715,58.271419559500345
0.011238812770304493,6.308166808537935,55.16944495789914
0.01516127877179543,3.054399962819187,66.52108490965249
0.014686776346665865,7.138640175769775,51.68417723044564
0.01198398157013347,7.852260146139418,63.95312930691533
0.010538310375070602,1.2627463204621578,90.5106721711307
0.012801365930795899,0.07874078157451503,90.18586444271537
0.010942833866821707,1.8947520383808207,78.06826234138003
0.015588378111147359,1.323595927493054,92.43858217160087
0.010018656204696396,7.753577904024196,50.78238002341761
0.010271503959186155,5.785383182140831,54.92133810787801
0.011878080169925058,1.9091295709138243,57.83995826392747
0.01896004285602304,3.119137081036091,75.64549074871218
0.01719090616138504,4.368412419997563,61.07644588355624
0.013949163020080467,3.6874736909003953,67.3646349491284
0.010772438309375031,4.175296368675376,56.23434732560121
0.010240313582409533,0.6705528683893304,91.16193818007163
0.013262548272503883,0.9844748087939892,87.88508033949591
0.01205793758744805,6.644798077240823,51.336755209907714
0.01069386866612224,7.886606410806786,58.441759104926575
0.010077526329428373,1.2168794564935883,61.289872018500844
0.013031820888055734,5.855328682238482,78.55964296846318
0.03111144898575762,0.7396463361370618,56.94611896635854
0.014769013402173306,2.704814125319911,64.10986486214385
0.011014429053306492,5.881881680845283,56.240630741209564
0.012666988036525948,7.6544675916783245,93.86739853773939
0.01023279351328078,1.6008638771320314,88.6120452902034
0.010796372515183868,1.6038626343166538,66.80652607502311
0.01088303704789934,4.7550818083166995,96.99964985643997
0.013536251752534383,1.822278281519858,66.68338590692602
0.014164131653699662,6.214835427637858,51.206769017949306
0.010980428685128451,7.799329126794427,52.98230319087532
0.02106596716325164,3.192216875584715,58.271419559500345
0.011238812770304493,6.308166808537935,55.16944495789914
0.01534797857359401,2.710080953641903,64.4741898696747
0.014686776346665865,7.138640175769775,51.68417723044564
0.01198398157013347,7.852260146139418,63.95312930691533
0.010538310375070602,1.2627463204621578,90.5106721711307
0.013028767377975762,0.5253433721831743,89.05138554488322
0.011036359072011634,0.6430270542815917,90.05226833630832
0.015239620824098922,1.2727448465699125,91.75578632852181
0.010018656204696396,7.753577904024196,50.78238002341761
0.010271503959186155,5.785383182140831,54.92133810787801
0.011878080169925058,1.9091295709138243,57.83995826392747
0.019850959271671582,2.5146674723022038,77.13872831061019
0.01571835193276143,3.34250951022356,63.33562618280886
0.013949163020080467,3.6874736909003953,67.3646349491284
0.010772438309375031,4.175296368675376,56.23434732560121
0.010240313582409533,0.6705528683893304,91.16193818007163
0.01376494173226614,3.155343707360852,75.11528785371351
0.01205793758744805,6.644798077240823,51.336755209907714
0.011385453143156955,7.512108287159732,58.72221130783866
0.010077526329428373,1.2168794564935883,61.289872018500844
0.0123227455185409,7.531009461932777,87.21301685254564
0.026551221059167768,2.435382599732887,58.61667803947503
0.014810373539843177,0.47487465680048135,70.35921496251737
0.011235651848095158,6.119172097211271,61.27760601128202
0.012666988036525948,7.6544675916783245,93.86739853773939
0.010127120725017993,1.0967406806430207,94.95221876396417
0.01100372436530462,1.8877587504661495,65.84605403584871
0.01088303704789934,4.7550818083166995,96.99964985643997
0.013549793008018191,1.7925482105162889,66.65402587822231
0.014164131653699662,6.214835427637858,51.206769017949306
0.010980428685128451,7.799329126794427,52.98230319087532
0.018675988637319063,4.258735418566369,58.38271350483835
0.011141789014660291,5.511585883656861,52.818777624665564
0.015521354882367996,2.6306723661872224,63.21120710467557
0.014686776346665865,7.138640175769775,51.68417723044564
0.011689378837615963,7.937574458496707,51.050139525262246
0.010114875437231517,0.9619340871981437,93.38482769017133
0.013028767377975762,0.5253433721831743,89.05138554488322
0.011043768700112913,0.6865585993926064,89.77146020488996
0.015239620824098922,1.2727448465699125,91.75578632852181
0.010018656204696396,7.753577904024196,50.78238002341761
0.010271503959186155,5.785383182140831,54.92133810787801
0.011878080169925058,1.9091295709138243,57.83995826392747
0.01767635489995269,3.6671601039410686,69.93881462150162
0.014350393466806294,2.553789836970621,71.14154513714074
0.013933390743641106,3.6746439144406122,67.46583551048239
0.010772438309375031,4.175296368675376,56.23434732560121
0.010240313582409533,0.6705528683893304,91.16193818007163
0.013466553737153952,3.3799855235090805,73.39044471367279
0.01205793758744805,6.644798077240823,51.336755209907714
0.012082660818006134,6.689222541079187,59.478941646049606
0.010077526329428373,1.2168794564935883,61.289872018500844
0.01132342542306144,6.680578457043285,71.4812161101385
0.026551221059167768,2.435382599732887,58.61667803947503
0.014753530870714066,0.6822714563605405,70.1716771777749
0.011235651848095158,6.119172097211271,61.27760601128202
0.012666988036525948,7.6544675916783245,93.86739853773939
0.010127120725017993,1.0967406806430207,94.95221876396417
0.011764255527525407,2.019411837402232,66.84252224338867
0.010506892161667178,2.8976951617990228,95.2295836964056
0.013471129360380646,2.3148832398489585,69.0789138512691
0.014164131653699662,6.214835427637858,51.206769017949306
0.010980369555623058,7.814333978758566,52.94965219209752
0.019052556423324152,4.375106988017247,58.01640005155754
0.011452501754484304,6.765430464736864,50.34563167588806
0.015521354882367996,2.6306723661872224,63.21120710467557
0.014686776346665865,7.138640175769775,51.68417723044564
0.011689378837615963,7.937574458496707,51.050139525262246
0.010114875437231517,0.9619340871981437,93.38482769017133
0.013700361398626779,0.07350604528564997,96.74730202229932
0.01094586892510513,0.7402907624267512,86.88570280083783
0.013672948631859855,2.893327312846309,76.86949239991404
0.010021579311333644,7.429008069924918,51.304113580658885
0.010287923669960121,6.3185902005364305,50.36890176589563
0.011878080169925058,1.9091295709138243,57.83995826392747
0.015845642379495116,4.637397595374342,63.877495004799954
0.013561940123263156,2.50202187398287,76.48134664898227
0.013933390743641106,3.6746439144406122,67.46583551048239
0.010772438309375031,4.175296368675376,56.23434732560121
0.010040148756778805,0.519176297649059,95.23448939123277
0.01468028186769107,0.5668736347789425,92.39291273055551
0.01205793758744805,6.644798077240823,51.336755209907714
0.012082660818006134,6.689222541079187,59.478941646049606
0.010077526329428373,1.2168794564935883,61.289872018500844
0.01132342542306144,6.680578457043285,71.4812161101385
0.026551221059167768,2.435382599732887,58.61667803947503
0.012555340823270311,3.9651620399781744,61.17009571300405
0.011266683751782188,6.083650499450936,61.37587959105171
0.012666988036525948,7.6544675916783245,93.86739853773939
0.010127120725017993,1.0967406806430207,94.95221876396417
0.011764255527525407,2.019411837402232,66.84252224338867
0.010506892161667178,2.8976951617990228,95.2295836964056
0.013471129360380646,2.3148832398489585,69.0789138512691
0.014164131653699662,6.214835427637858,51.206769017949306
0.010980369555623058,7.814333978758566,52.94965219209752
0.018769082409501973,4.900359324802998,55.66634626193661
0.011452501754484304,6.765430464736864,50.34563167588806
0.015744767074293686,1.423913593482884,66.29693109640037
0.014686776346665865,7.138640175769775,51.68417723044564
0.011689378837615963,7.937574458496707,51.050139525262246
0.010114875437231517,0.9619340871981437,93.38482769017133
0.01233945014625247,0.41071883378394514,95.47103732521708
0.01094586892510513,0.7402907624267512,86.88570280083783
0.013672948631859855,2.893327312846309,76.86949239991404
0.010021579311333644,7.429008069924918,51.304113580658885
0.010385514761564681,5.886887280407479,51.55032166191782
0.011878080169925058,1.9091295709138243,57.83995826392747
0.016038511193095507,4.676802273582019,64.03619562248751
0.015990062894424992,2.1875445459133718,61.58042795106206
0.014425600477970325,2.984640146424711,69.88539374582709
0.010772438309375031,4.175296368675376,56.23434732560121
0.010040148756778805,0.519176297649059,95.23448939123277
0.01468028186769107,0.5668736347789425,92.39291273055551
0.01205793758744805,6.644798077240823,51.336755209907714
0.012082660818006134,6.689222541079187,59.478941646049606
0.010077526329428373,1.2168794564935883,61.289872018500844
0.011168189375494303,7.193613629456156,63.095506927096594
0.02045668579511535,1.7733791479991665,69.65690108656908
0.01290604298360718,4.487319818521209,59.6093015589717
0.011301251910442065,6.21048362470474,59.32389671294272
0.012666988036525948,7.6544675916783245,93.86739853773939
0.010127120725017993,1.0967406806430207,94.95221876396417
0.012044869109553009,2.177562563863611,62.024371277282256
0.010554954311002998,3.3681743662866133,91.06921172327105
0.01337011902869091,2.025372593768547,65.17973753631235
0.014467546866065672,6.241168993484149,51.179182442912925
0.010978926394094396,7.51842671942315,54.369197340636696
0.016927224244123747,3.9209336366982193,63.01647506434173
0.011452501754484304,6.765430464736864,50.34563167588806
0.01715039391570264,1.4777838836469805,59.511186374003074
0.014780852807399832,7.149495855374221,51.723111966725725
0.011689378837615963,7.937574458496707,51.050139525262246
0.010602918390795232,1.2268535542179175,91.1195024500046
0.01233945014625247,0.41071883378394514,95.47103732521708
0.01094586892510513,0.7402907624267512,86.88570280083783
0.014705479559008638,3.4538057316090485,72.07684381551536
0.010134180858999543,6.227691623113095,59.01609195266193
0.010385514761564681,5.886887280407479,51.55032166191782
0.011878080169925058,1.9091295709138243,57.83995826392747
0.01724963784392361,5.066330913482194,57.20652362025804
0.017737378714206005,2.6774955209985056,51.697214077062235
0.013123478612532807,5.341658295359987,60.92201300211821
0.01151741614825618,3.990524645021518,57.26690097603567
0.010040148756778805,0.519176297649059,95.23448939123277
0.01468028186769107,0.5668736347789425,92.39291273055551
0.01205793758744805,6.644798077240823,51.336755209907714
0.012082660818006134,6.689222541079187,59.478941646049606
0.010077526329428373,1.2168794564935883,61.289872018500844
0.011168189375494303,7.193613629456156,63.095506927096594
0.02045668579511535,1.7733791479991665,69.65690108656908
0.01290604298360718,4.487319818521209,59.6093015589717
0.010760349937729004,6.967012221585884,55.32235333102362
0.012666988036525948,7.6544675916783245,93.86739853773939
0.010127120725017993,1.0967406806430207,94.95221876396417
0.01028168699954269,2.0336481576112493,59.359787409019006
0.010554954311002998,3.3681743662866133,91.06921172327105
0.013941525406586965,4.100857534298311,59.729239510768544
0.014467546866065672,6.241168993484149,51.179182442912925
0.010978926394094396,7.51842671942315,54.369197340636696
0.013825470485282824,3.6518736058571064,76.67137077510694
0.011452501754484304,6.765430464736864,50.34563167588806
0.016656914521169172,1.7964629204673042,58.9212854368163
0.014780852807399832,7.149495855374221,51.723111966725725
0.011689378837615963,7.937574458496707,51.050139525262246
0.010602918390795232,1.2268535542179175,91.1195024500046
0.012568583421076179,0.4260041106382073,95.16973383456858
0.01065857767983155,2.6825174532117178,77.02145132270776
0.015199846360122313,2.435078038401141,66.7922857422012
0.010134180858999543,6.227691623113095,59.01609195266193
0.01034932375365931,5.869777779636159,51.381246792117835
0.011980796936917282,0.737022365151665,59.64877414832807
0.01724963784392361,5.066330913482194,57.20652362025804
0.017737378714206005,2.6774955209985056,51.697214077062235
0.01388859805854665,4.699224989422122,61.175523648575975
0.011981574084348376,4.381007219936985,58.32324174231861
0.010040148756778805,0.519176297649059,95.23448939123277
0.01468028186769107,0.5668736347789425,92.39291273055551
0.012752890464854578,6.433506931150955,52.12247323001008
0.012082660818006134,6.689222541079187,59.478941646049606
0.010077526329428373,1.2168794564935883,61.289872018500844
0.0110175407623854,7.109911111594639,60.22424264930315
0.021806208120686572,1.3581572111135856,71.46160016753267
0.01290604298360718,4.487319818521209,59.6093015589717
0.010760349937729004,6.967012221585884,55.32235333102362
0.012666988036525948,7.6544675916783245,93.86739853773939
0.010127120725017993,1.0967406806430207,94.95221876396417
0.01028168699954269,2.0336481576112493,59.359787409019006
0.010554954311002998,3.3681743662866133,91.06921172327105
0.013941525406586965,4.100857534298311,59.729239510768544
0.014467546866065672,6.241168993484149,51.179182442912925
0.010978926394094396,7.51842671942315,54.369197340636696
0.011422584382677538,4.2503844659736725,92.01172400996211
0.01207151073360688,6.36280230630828,50.4787514883701
0.016656914521169172,1.7964629204673042,58.9212854368163
0.013481529894519723,6.999564266378452,51.18537070221628
0.011689378837615963,7.937574458496707,51.050139525262246
0.010607043282244516,1.2537444156869997,90.92153742608977
0.011522265614671828,0.7134562260179332,95.07651517023996
0.01065857767983155,2.6825174532117178,77.02145132270776
0.015199846360122313,2.435078038401141,66.7922857422012
0.010134180858999543,6.227691623113095,59.01609195266193
0.010459090993341469,4.738484888676346,60.48203497302943
0.011980796936917282,0.737022365151665,59.64877414832807
0.021690887947834712,3.671382266807734,55.25327770053495
0.017737378714206005,2.6774955209985056,51.697214077062235
0.013927014254110252,5.336589194865091,51.74554776230836
0.011458752647362578,4.00982862150064,70.32384302431879
0.01033526425840779,0.5222098794961723,95.05376325653184
0.01468028186769107,0.5668736347789425,92.39291273055551
0.012752890464854578,6.433506931150955,52.12247323001008
0.012082660818006134,6.689222541079187,59.478941646049606
0.010077526329428373,1.2168794564935883,61.289872018500844
0.0110175407623854,7.109911111594639,60.22424264930315
0.021806208120686572,1.3581572111135856,71.46160016753267
0.012375013109658075,2.1691491926080317,67.38247390432609
0.010760349937729004,6.967012221585884,55.32235333102362
0.012470492383784636,7.255687034821703,93.60706578928153
0.010127120725017993,1.0967406806430207,94.95221876396417
0.010140042162920068,1.4395829981048047,60.19592120268882
0.010554954311002998,3.3681743662866133,91.06921172327105
0.012326433062203185,5.003069932384497,59.42671917221819
0.014467546866065672,6.241168993484149,51.179182442912925
0.011433733512215693,6.669449717353475,56.07619960154976
0.011422584382677538,4.2503844659736725,92.01172400996211
0.011383436266841664,6.314815532082412,53.510927920765916
0.016982865889529564,1.3935058333744381,59.43776099811517
0.013481529894519723,6.999564266378452,51.18537070221628
0.011689378837615963,7.937574458496707,51.050139525262246
0.010607043282244516,1.2537444156869997,90.92153742608977
0.012427052794674584,0.6714595930880599,94.30764987978137
0.010483153874939425,3.1339008851956414,80.58287027020513
0.015199846360122313,2.435078038401141,66.7922857422012
0.010134180858999543,6.227691623113095,59.01609195266193
0.010009166641301987,6.5758937717330666,60.544532441074
0.011480241828330847,0.5682913735993393,60.340190368732856
0.02435011477680993,2.593296647019595,56.570979688613896
0.017737378714206005,2.6774955209985056,51.697214077062235
0.013927014254110252,5.336589194865091,51.74554776230836
0.01183874698752827,3.732849649326138,74.06494016598042
0.01059336617310647,3.0143055204201676,81.87792339636593
0.014131540216482467,1.5235866597882959,85.9212221723763
0.012752890464854578,6.433506931150955,52.12247323001008
0.012082660818006134,6.689222541079187,59.478941646049606
0.010077526329428373,1.2168794564935883,61.289872018500844
0.0110175407623854,7.109911111594639,60.22424264930315
0.020345861099532403,1.619045696492822,74.006553611097
0.012375013109658075,2.1691491926080317,67.38247390432609
0.010760349937729004,6.967012221585884,55.32235333102362
0.012470492383784636,7.255687034821703,93.60706578928153
0.010591158657433325,1.811414545050311,89.28948164273284
0.010140042162920068,1.4395829981048047,60.19592120268882
0.010554954311002998,3.3681743662866133,91.06921172327105
0.012326433062203185,5.003069932384497,59.42671917221819
0.014467546866065672,6.241168993484149,51.179182442912925
0.011413019314170887,6.708116389566083,55.99845415411361
0.011422584382677538,4.2503844659736725,92.01172400996211
0.01156328534429294,6.327358327217593,52.71837688105125
0.016982865889529564,1.3935058333744381,59.43776099811517
0.012731246833609128,5.964279421454499,59.15863835729856
0.011200976914755096,5.9011596219862845,54.15284589192728
0.010607043282244516,1.2537444156869997,90.92153742608977
0.012427052794674584,0.6714595930880599,94.30764987978137
0.010424036213199366,2.9410092933181287,71.94882818215686
0.017225220979959672,0.6249849307411575,71.98403160151405
0.010134180858999543,6.227691623113095,59.01609195266193
0.010009166641301987,6.5758937717330666,60.544532441074
0.011480241828330847,0.5682913735993393,60.340190368732856
0.02435011477680993,2.593296647019595,56.570979688613896
0.017737378714206005,2.6774955209985056,51.697214077062235
0.013927014254110252,5.336589194865091,51.74554776230836
0.01183874698752827,3.732849649326138,74.06494016598042
0.01059336617310647,3.0143055204201676,81.87792339636593
0.013577156323951534,2.5605295522781097,78.75405087055981
0.012752890464854578,6.433506931150955,52.12247323001008
0.011416692394685006,7.408943461879148,59.48453835287635
0.010077526329428373,1.2168794564935883,61.289872018500844
0.012622669837736423,6.705725382394431,56.01599237690799
0.020345861099532403,1.619045696492822,74.006553611097
0.012225051637664984,2.6064224279830532,69.25115893921496
0.010679714307076284,7.20884220312759,53.92090262251007
0.011679307898879594,5.587580903105008,85.23373152908906
0.010591158657433325,1.811414545050311,89.28948164273284
0.010140042162920068,1.4395829981048047,60.19592120268882
0.010554954311002998,3.3681743662866133,91.06921172327105
0.012326433062203185,5.003069932384497,59.42671917221819
0.014467546866065672,6.241168993484149,51.179182442912925
0.011413019314170887,6.708116389566083,55.99845415411361
0.011422584382677538,4.2503844659736725,92.01172400996211
0.011123964245863344,4.286524133850226,69.24550048732453
0.014790675399229042,2.9408767621541587,59.30278926742877
0.012731246833609128,5.964279421454499,59.15863835729856
0.01032365061931723,5.694324504771061,53.87252338755731
0.01066209025804897,0.7637299097379016,93.71837233134022
0.012427052794674584,0.6714595930880599,94.30764987978137
0.010424036213199366,2.9410092933181287,71.94882818215686
0.015662491199171697,1.1571451893652667,71.97594280026813
0.010134180858999543,6.227691623113095,59.01609195266193
0.010009166641301987,6.5758937717330666,60.544532441074
0.011480241828330847,0.5682913735993393,60.340190368732856
0.021869860807608454,3.5088127303062553,55.217786202815496
0.017737378714206005,2.6774955209985056,51.697214077062235
0.01271439484911658,4.507315747843053,58.73927983699373
0.012451069723137576,3.2585412263063356,78.19354081079284
0.01059336617310647,3.0143055204201676,81.87792339636593
0.013171332818295082,0.8829623158370845,91.32216479813181
0.0127451272457728,6.265202642667171,54.64623140899828
0.011416692394685006,7.408943461879148,59.48453835287635
0.010077526329428373,1.2168794564935883,61.289872018500844
0.012622669837736423,6.705725382394431,56.01599237690799
0.01768459851940663,1.3036325172346932,69.90421400111047
0.01198190608771952,3.8345861415970313,65.28292257717834
0.01008140953027455,7.617385228503572,52.22582486716372
0.01112646249722832,4.66462177094571,89.24132709972753
0.010591158657433325,1.811414545050311,89.28948164273284
0.010164013952827733,1.5249790044126508,59.776444125262536
0.010255177437536688,3.2100369988657924,95.55730284186856
0.012886934085095687,3.9567967780902134,61.53041648740931
0.014467546866065672,6.241168993484149,51.179182442912925
0.011413019314170887,6.708116389566083,55.99845415411361
0.011314852317943134,3.6892401841453335,94.8560568374387
0.011197146767217954,4.2479737797872135,68.90749221172723
0.014072237569691837,4.1884794986523834,58.21360422745607
0.012476216074105895,6.2463586331715995,58.063295378080554
0.01032365061931723,5.694324504771061,53.87252338755731
0.01065376959931952,0.7614792890546416,93.76778992320473
0.012427052794674584,0.6714595930880599,94.30764987978137
0.010424036213199366,2.9410092933181287,71.94882818215686
0.015662491199171697,1.1571451893652667,71.97594280026813
0.010134180858999543,6.227691623113095,59.01609195266193
0.010009166641301987,6.5758937717330666,60.544532441074
0.011480241828330847,0.5682913735993393,60.340190368732856
0.028147527131476374,4.616241088720775,52.55354463259101
0.017737378714206005,2.6774955209985056,51.697214077062235
0.012501788922965384,4.395162528447383,61.92229645160796
0.012451069723137576,3.2585412263063356,78.19354081079284
0.01059336617310647,3.0143055204201676,81.87792339636593
0.012842722923634305,1.9667867416282647,85.3324149768155
0.012481598692678359,6.677584217473866,53.93784674778908
0.011416692394685006,7.408943461879148,59.48453835287635
0.010077526329428373,1.2168794564935883,61.289872018500844
0.012622669837736423,6.705725382394431,56.01599237690799
0.01765445198163637,0.5189212615910619,80.30353164250727
0.01201029157792478,3.79782230293213,65.3791961229119
0.01008140953027455,7.617385228503572,52.22582486716372
0.011262517071117547,4.431883686154425,92.7357732202967
0.01066147757473073,1.01049199203581,94.40234221802703
0.010164013952827733,1.5249790044126508,59.776444125262536
0.01143264375289819,4.948608713080467,75.89153279174533
0.015191533206724839,6.21484330784801,61.924444676725024
0.013876617230705147,5.563175057243512,52.5074738905365
0.011438988345289508,6.581578590497492,56.406323052247885
0.011408187670156271,4.090715117510182,89.50429055144394
0.011197146767217954,4.2479737797872135,68.90749221172723
0.01759862740548044,6.591755767179039,56.803453921110055
0.012476216074105895,6.2463586331715995,58.063295378080554
0.01032365061931723,5.694324504771061,53.87252338755731
0.01065376959931952,0.7614792890546416,93.76778992320473
0.012427052794674584,0.6714595930880599,94.30764987978137
0.010424036213199366,2.9410092933181287,71.94882818215686
0.019363487748394418,0.6796674046364255,59.3407336154193
0.010134180858999543,6.227691623113095,59.01609195266193
0.010009166641301987,6.5758937717330666,60.544532441074
0.011480241828330847,0.5682913735993393,60.340190368732856
0.02820201413842002,4.637517091292295,52.40944829159431
0.01866917722646539,1.9799832684873868,50.54920311624701
0.012501788922965384,4.395162528447383,61.92229645160796
0.011410835552324586,2.6618395524499037,91.01381281954181
0.01059336617310647,3.0143055204201676,81.87792339636593
0.012842722923634305,1.9667867416282647,85.3324149768155
0.012012700666537212,6.6909818887332895,54.84205168090968
0.011416692394685006,7.408943461879148,59.48453835287635
0.010076282077214038,1.202919562226548,61.04986604760906
0.012622669837736423,6.705725382394431,56.01599237690799
0.01765445198163637,0.5189212615910619,80.30353164250727
0.01201029157792478,3.79782230293213,65.3791961229119
0.01008140953027455,7.617385228503572,52.22582486716372
0.011262517071117547,4.431883686154425,92.7357732202967
0.01066147757473073,1.01049199203581,94.40234221802703
0.010164013952827733,1.5249790044126508,59.776444125262536
0.01143264375289819,4.948608713080467,75.89153279174533
0.014930008337476071,5.690429137691831,64.98795471993938
0.013876617230705147,5.563175057243512,52.5074738905365
0.011438988345289508,6.581578590497492,56.406323052247885
0.010207052968600415,4.822720710262697,90.84098582696888
0.011578488074441486,6.552727449344091,50.757784210548635
0.015114337475483724,5.5880613018198,69.92665075632681
0.012476216074105895,6.2463586331715995,58.063295378080554
0.010448600078457505,5.5263120071679355,59.04465626942003
0.010954676691298132,2.645974613547146,79.77216196381761
0.012427052794674584,0.6714595930880599,94.30764987978137
0.010424036213199366,2.9410092933181287,71.94882818215686
0.019655867737543367,0.41828981077469685,59.484942793018064
0.010171355550080516,6.124148941751888,58.561589224581574
0.010009166641301987,6.5758937717330666,60.544532441074
0.011481984719560637,0.3142399631514783,60.5063897376004
0.02820201413842002,4.637517091292295,52.40944829159431
0.018910812578096247,1.5975326990765766,52.73751908223256
0.012501788922965384,4.395162528447383,61.92229645160796
0.011204338001063106,3.2378231757323004,83.95927675530184
0.010232328864363706,3.117727132940747,82.77002823014467
0.01282752950277503,2.1441949863293024,84.20198259592387
0.012013672137304483,7.857655438287686,50.592922884610005
0.011416692394685006,7.408943461879148,59.48453835287635
0.010492683304993573,2.383054840563636,59.714957604582516
0.01266657455310696,6.716141814192345,55.97039899640674
0.018033182137754462,0.053255375522345716,82.13159638671246
0.01201029157792478,3.79782230293213,65.3791961229119
0.01008140953027455,7.617385228503572,52.22582486716372
0.011262517071117547,4.431883686154425,92.7357732202967
0.0105383934205139,3.2908378119172905,76.62464757234068
0.010164198766898799,1.5282551508254931,59.77447554227195
0.01143264375289819,4.948608713080467,75.89153279174533
0.014930008337476071,5.690429137691831,64.98795471993938
0.013648549468430925,5.8655004341405865,50.88201934378279
0.011438988345289508,6.581578590497492,56.406323052247885
0.010207052968600415,4.822720710262697,90.84098582696888
0.011578488074441486,6.552727449344091,50.757784210548635
0.015114337475483724,5.5880613018198,69.92665075632681
0.012476216074105895,6.2463586331715995,58.063295378080554
0.010404043138771333,5.779908036439105,57.21972660929189
0.011842470419661634,3.614702098940837,67.6673830638725
0.012427052794674584,0.6714595930880599,94.30764987978137
0.010424036213199366,2.9410092933181287,71.94882818215686
0.019655867737543367,0.41828981077469685,59.484942793018064
0.010171355550080516,6.124148941751888,58.561589224581574
0.010009166641301987,6.5758937717330666,60.544532441074
0.011481984719560637,0.3142399631514783,60.5063897376004
0.021886305549155147,3.331557408150459,67.52956048977427
0.018930940361956965,1.5989650361636194,52.63585991160484
0.01252517920938671,2.7019602047854403,65.45194388768225
0.011171469805520744,3.2511577452490608,84.41981859169152
0.010317247516854318,0.5858785500551908,99.9565113712062
0.011488794058453919,2.2637869122921677,91.12576476498968
0.012013672137304483,7.857655438287686,50.592922884610005
0.011286113335358151,6.795599671249627,59.51496657762791
0.010808680492408662,3.2080467329495903,59.65584175617502
0.01266657455310696,6.716141814192345,55.97039899640674
0.016485720177773347,2.1045624766226907,71.10272911631158
0.013059969343905756,4.943191627163348,51.06718099208911
0.01008140953027455,7.617385228503572,52.22582486716372
0.011262517071117547,4.431883686154425,92.7357732202967
0.0105383934205139,3.2908378119172905,76.62464757234068
0.010554836532089754,1.8486327594736083,60.575629463588854
0.010644729606135722,6.568845504459185,83.42035003519945
0.014487754582309307,5.82380796508567,64.32898935128897
0.013508195509694534,5.910986572974554,51.232929706308916
0.011438988345289508,6.581578590497492,56.406323052247885
0.01033939215879805,4.8283090351512215,88.99598498204807
0.011578488074441486,6.552727449344091,50.757784210548635
0.015114337475483724,5.5880613018198,69.92665075632681
0.013105767986895903,6.029473800366505,59.42332299886612
0.010404043138771333,5.779908036439105,57.21972660929189
0.011101431196303118,2.6934334691187067,64.18227738969951
0.012427052794674584,0.6714595930880599,94.30764987978137
0.010213705894981131,2.7502489820439777,73.32298553741938
0.020164734277060288,0.40046813017362637,57.03362669322865
0.010171355550080516,6.124148941751888,58.561589224581574
0.010089065899666386,6.353350336690081,59.56767345873258
0.011481984719560637,0.3142399631514783,60.5063897376004
0.02083764156586395,3.680985275456467,67.90075867025664
0.018930940361956965,1.5989650361636194,52.63585991160484
0.011168291801995467,1.1894554319786161,63.10690632032506
0.01123836189590194,2.782098279098511,84.7292348020593
0.011324018114319514,2.1814613449787688,85.12544640714094
0.011488794058453919,2.2637869122921677,91.12576476498968
0.012013672137304483,7.857655438287686,50.592922884610005
0.011285914344856205,6.789447468164322,59.55819473895734
0.011132950962200742,1.7907198922904124,59.69557187771616
0.01266657455310696,6.716141814192345,55.97039899640674
0.016891236683669097,2.1415317626362413,71.82942028900035
0.013059969343905756,4.943191627163348,51.06718099208911
0.010088868006275013,7.068815965156191,52.90588222959239
0.011262517071117547,4.431883686154425,92.7357732202967
0.010444157479870852,0.24260126610585697,69.3455565932078
0.010554836532089754,1.8486327594736083,60.575629463588854
0.010652746224868387,6.9897916820731005,85.45763062461637
0.01653048644084366,7.401641441027911,51.96302762572279
0.013508195509694534,5.910986572974554,51.232929706308916
0.011539811479771858,6.4446644721732,54.330323326359206
0.010314449950055711,5.0210109700766195,90.54657052826147
0.011538321701614543,3.9561605781092557,54.81532319067858
0.016336429357979375,5.792166128647496,81.08154550655895
0.012528694058438903,6.048092367777492,59.253856672942916
0.010555589295604488,5.504005634679705,56.090050311117544
0.011101431196303118,2.6934334691187067,64.18227738969951
0.012207502270986244,1.0440607566249933,93.56309561526946
0.010191765280956238,2.401013180285827,75.179245414096
0.018043804360889155,1.5693827969523708,57.07406490337005
0.010171355550080516,6.124148941751888,58.561589224581574
0.010089065899666386,6.353350336690081,59.56767345873258
0.011510485158204974,3.335674796175631,57.46245988273748
0.019870720779758197,3.4837850025579717,68.32066675639749
0.01943870052132187,1.2660722998736196,52.51945265809483
0.011168291801995467,1.1894554319786161,63.10690632032506
0.011170042962535126,3.261163026969223,84.41321858342621
0.011324018114319514,2.1814613449787688,85.12544640714094
0.011488794058453919,2.2637869122921677,91.12576476498968
0.011846778924358514,6.487859675794507,52.07538697954877
0.011250470846864957,6.5158340098036565,59.5128217319654
0.010813459186421601,3.142231557038804,58.95338109408733
0.01244287084437017,6.662243625935312,55.64478395036814
0.016294496368867126,2.7544259486335174,69.87372629298628
0.013730916915693428,5.3570125420413985,57.29919535726611
0.010006917852957506,7.252940002762842,50.12475644754635
0.011260010897913815,4.865441982059016,85.82385882927673
0.010444157479870852,0.24260126610585697,69.3455565932078
0.010607272747165785,1.3414940021270656,60.68910462534997
0.010914633726788686,6.8797028048469775,78.13589446074523
0.018141084018720492,7.663753672757429,50.06157994334275
0.012667177795846076,5.9647120528409525,53.08004630411673
0.011486271699961796,6.431764832968567,54.25239275486268
0.010314449950055711,5.0210109700766195,90.54657052826147
0.010695921313448951,2.4572941144291507,56.11026054388444
0.016477457020990738,5.817911394069899,80.94979959742405
0.013777468075410214,5.043180788267067,58.76385895166055
0.010555589295604488,5.504005634679705,56.090050311117544
0.01082866342402043,0.3593528486934279,70.3123331057667
0.012207502270986244,1.0440607566249933,93.56309561526946
0.010191765280956238,2.401013180285827,75.179245414096
0.018243480522318948,1.449297858975326,57.0114714960732
0.010171355550080516,6.124148941751888,58.561589224581574
0.010089065899666386,6.353350336690081,59.56767345873258
0.011522971816211886,4.6594306836183605,56.12884844015526
0.024286067563749632,3.650289733783107,72.88714793810902
0.01943870052132187,1.2660722998736196,52.51945265809483
0.011168291801995467,1.1894554319786161,63.10690632032506
0.011170042962535126,3.261163026969223,84.41321858342621
0.010071962744368206,2.037132495306889,88.96732984209015
0.011488794058453919,2.2637869122921677,91.12576476498968
0.011846778924358514,6.487859675794507,52.07538697954877
0.011136693490984144,7.290938268727608,60.925732425223416
0.010813459186421601,3.142231557038804,58.95338109408733
0.01244287084437017,6.662243625935312,55.64478395036814
0.016294496368867126,2.7544259486335174,69.87372629298628
0.015680839299320397,4.44604255683857,55.559024639080796
0.010006917852957506,7.252940002762842,50.12475644754635
0.011260010897913815,4.865441982059016,85.82385882927673
0.010544875615235948,0.813296793885244,71.37982382613855
0.010607272747165785,1.3414940021270656,60.68910462534997
0.010914633726788686,6.8797028048469775,78.13589446074523
0.015160510683297433,5.57941580858636,52.483089966179485
0.014773519528857446,6.424273731230563,50.07752140129978
0.011486271699961796,6.431764832968567,54.25239275486268
0.010314449950055711,5.0210109700766195,90.54657052826147
0.010695921313448951,2.4572941144291507,56.11026054388444
0.016230087185902464,5.5790598623542875,80.80402020028407
0.016752447046059438,4.151401205136936,58.93072789438826
0.010555589295604488,5.504005634679705,56.090050311117544
0.013368608764526918,2.8137601668590166,75.09540456809987
0.012207502270986244,1.0440607566249933,93.56309561526946
0.010191765280956238,2.401013180285827,75.179245414096
0.019817042306157454,1.3361005137472617,50.857838985019725
0.010171355550080516,6.124148941751888,58.561589224581574
0.010089065899666386,6.353350336690081,59.56767345873258
0.011484576551320447,4.859172838184584,55.786931253425166
0.022034105829413432,4.139654998278896,69.6085991199894
0.01833468944722384,1.7393458762683194,53.0228570902888
0.011168291801995467,1.1894554319786161,63.10690632032506
0.012019655396449851,1.5136163868553636,78.32273864974108
0.010071962744368206,2.037132495306889,88.96732984209015
0.011331287204445133,1.4966688148929954,97.31974193580498
0.0120846372849972,6.506061834190401,51.06151102008366
0.011136693490984144,7.290938268727608,60.925732425223416
0.01176558848428835,3.397275671736264,58.28939633159667
0.012389291596836896,6.649551345873329,55.71358394136371
0.016294496368867126,2.7544259486335174,69.87372629298628
0.015085966605293728,4.2087162563797635,55.624806100012385
0.011960048546498136,5.855552144748511,56.259442332316866
0.011523312365992666,6.2869318635471165,95.96271416370263
0.010544875615235948,0.813296793885244,71.37982382613855
0.010607272747165785,1.3414940021270656,60.68910462534997
0.010914633726788686,6.8797028048469775,78.13589446074523
0.014930823335039044,5.785452240200673,51.5528135475348
0.014773519528857446,6.424273731230563,50.07752140129978
0.011486271699961796,6.431764832968567,54.25239275486268
0.01021618349777639,5.092028464221053,91.04370618973721
0.010820527158934822,1.586265965168148,55.52796962032012
0.016270621006060682,5.609607683976095,80.9490248735301
0.014633892513816875,3.8087547256003367,58.33392072051295
0.010555589295604488,5.504005634679705,56.090050311117544
0.01456647823575317,2.8968373130063734,82.24031708648953
0.012207502270986244,1.0440607566249933,93.56309561526946
0.010191765280956238,2.401013180285827,75.179245414096
0.019817042306157454,1.3361005137472617,50.857838985019725
0.010563059535650296,5.746835312933889,57.73397179775948
0.010089065899666386,6.353350336690081,59.56767345873258
0.011484576551320447,4.859172838184584,55.786931253425166
0.017800716176501315,4.860721101173218,63.998924623113744
0.01806192929997707,1.7983576843379383,54.23518360788567
0.010961335742526626,2.6468059389826024,60.736782394964166
0.012127396389573658,0.9904162580833464,78.34095619156359
0.010071962744368206,2.037132495306889,88.96732984209015
0.011460337578656275,2.354787849322876,89.39561454254235
0.0120846372849972,6.506061834190401,51.06151102008366
0.011136693490984144,7.290938268727608,60.925732425223416
0.0116052360524369,3.318912024634259,57.480733381765496
0.012389291596836896,6.649551345873329,55.71358394136371
0.01612935775337162,2.6845197502064027,70.20927538695601
0.013729513701030444,2.717398093263493,73.50291644600445
0.012337227490259485,5.396822903939023,57.85727651360957
0.011523312365992666,6.2869318635471165,95.96271416370263
0.010735635880416752,0.9273527270918243,71.50699736996307
0.010640954155574853,1.4656660986819603,60.6936401301936
0.010914633726788686,6.8797028048469775,78.13589446074523
0.012885237871367073,5.767366503723882,54.447678756840574
0.014773519528857446,6.424273731230563,50.07752140129978
0.01148720873073084,7.301049714730725,53.40414278175659
0.010183253667321002,5.4187740606422,82.88983578429382
0.010820527158934822,1.586265965168148,55.52796962032012
0.016189124149961216,5.5168504877895295,80.71021778898951
0.015166780355168172,3.894941859350252,58.484037831849584
0.010176355630007718,5.267091769832263,56.16790848977593
0.014853935944041436,3.374784726891417,70.86450252389943
0.012207502270986244,1.0440607566249933,93.56309561526946
0.010191765280956238,2.401013180285827,75.179245414096
0.019567216708599955,1.3933101312798941,51.14312752477035
0.010563059535650296,5.746835312933889,57.73397179775948
0.010089065899666386,6.353350336690081,59.56767345873258
0.011484576551320447,4.859172838184584,55.786931253425166
0.017800716176501315,4.860721101173218,63.998924623113744
0.018253229922338902,1.6781088645848161,54.11414522891872
0.011144506623337354,3.32209576124407,60.76144800297673
0.012206539836457548,1.0522759015942698,78.46748284434979
0.010071962744368206,2.037132495306889,88.96732984209015
0.011374126090403131,2.680699602477473,86.35352813148674
0.011966564266688136,6.243893279364343,53.28524583137217
0.011136693490984144,7.290938268727608,60.925732425223416
0.011271270560025477,3.1020369779606147,61.662420336378005
0.012389291596836896,6.649551345873329,55.71358394136371
0.01744840705834603,2.5053265811309515,60.05523791126487
0.014361329691776182,0.4349463810469123,87.7629526290549
0.012337227490259485,5.396822903939023,57.85727651360957
0.011523312365992666,6.2869318635471165,95.96271416370263
0.010735635880416752,0.9273527270918243,71.50699736996307
0.010405542699916132,0.597782735636077,60.661939858506074
0.01114717354575612,6.721081743662652,77.59118504688146
0.012885237871367073,5.767366503723882,54.447678756840574
0.014457902980625922,6.373492872234832,50.65144977248371
0.01148720873073084,7.301049714730725,53.40414278175659
0.010183253667321002,5.4187740606422,82.88983578429382
0.010820527158934822,1.586265965168148,55.52796962032012
0.016189124149961216,5.5168504877895295,80.71021778898951
0.01429807000046706,4.321201231216663,60.38664945852312
0.010808297136468682,5.074612350893707,57.35928755298795
0.015781610939500226,3.559819381576789,66.7353166302632
0.012207502270986244,1.0440607566249933,93.56309561526946
0.010191765280956238,2.401013180285827,75.179245414096
0.019567216708599955,1.3933101312798941,51.14312752477035
0.010575003915192652,6.137283978183783,57.51194624955411
0.010089065899666386,6.353350336690081,59.56767345873258
0.011637696641791439,4.819076433265398,55.899087240789775
0.018077586450769886,4.833553358785204,64.31016161731152
0.017505121265714615,2.1483592061441428,54.58748325558585
0.011144506623337354,3.32209576124407,60.76144800297673
0.012206539836457548,1.0522759015942698,78.46748284434979
0.010091312428801026,2.1832983431293242,87.73670558906399
0.01105348490298308,1.7764324082964706,95.84066204816413
0.011966564266688136,6.243893279364343,53.28524583137217
0.011136693490984144,7.290938268727608,60.925732425223416
0.011301368104908673,2.9896383653238097,61.8293715022635
0.012073002291243829,5.412998927607717,65.25989595638549
0.022080594740986267,0.08326625552892342,60.36212544410463
0.014361329691776182,0.4349463810469123,87.7629526290549
0.012337227490259485,5.396822903939023,57.85727651360957
0.011523312365992666,6.2869318635471165,95.96271416370263
0.010735635880416752,0.9273527270918243,71.50699736996307
0.010405542699916132,0.597782735636077,60.661939858506074
0.01078163326594288,3.7029866289172415,69.24697841375973
0.013760377814512987,7.5395508904114585,53.98979103477183
0.014457902980625922,6.373492872234832,50.65144977248371
0.011287073625245125,7.085129515929404,54.19619597494806
0.010359283450355368,5.500221205688436,79.96758009418376
0.010820527158934822,1.586265965168148,55.52796962032012
0.016189124149961216,5.5168504877895295,80.71021778898951
0.015901193493008278,3.235052676710874,57.487793528834025
0.010589072889721902,5.705256571862506,54.04982760517662
0.013588356525438407,4.628991830670479,63.92196137465404
0.013441079290473772,2.4298102810838054,89.5810462889629
0.010191765280956238,2.401013180285827,75.179245414096
0.019567216708599955,1.3933101312798941,51.14312752477035
0.0104551864355255,6.187629564840842,57.488466480881534
0.010125860293141546,6.316897051755408,59.48051039194797
0.011739822221795954,4.9931472521195275,53.79648220093862
0.01795337927169148,4.742326606848108,63.9208077132372
0.017505121265714615,2.1483592061441428,54.58748325558585
0.011457246733824384,5.153804715861675,52.54231187142003
0.011826985661174105,1.9661913842001284,78.77570653153762
0.010091312428801026,2.1832983431293242,87.73670558906399
0.010982424881954573,1.7496295026961333,96.27809253150242
0.011966564266688136,6.243893279364343,53.28524583137217
0.011136693490984144,7.290938268727608,60.925732425223416
0.011389681757163088,2.802463498947445,62.43061677679222
0.011838648614221835,5.427346198952296,71.82562508620342
0.022080594740986267,0.08326625552892342,60.36212544410463
0.01254862434284001,2.95231634396274,75.65857186296816
0.013627842327305607,4.859842275890455,56.90991248916812
0.011523312365992666,6.2869318635471165,95.96271416370263
0.010735635880416752,0.9273527270918243,71.50699736996307
0.010529142024183003,1.0448332202645148,60.077864393768834
0.012322836541024692,4.219960763466153,72.5141465786411
0.013933396222783133,7.889918307814055,53.89926493610698
0.014457902980625922,6.373492872234832,50.65144977248371
0.011287073625245125,7.085129515929404,54.19619597494806
0.010254057655523193,5.736457839006721,80.38448171414706
0.010820527158934822,1.586265965168148,55.52796962032012
0.016189124149961216,5.5168504877895295,80.71021778898951
0.015901193493008278,3.235052676710874,57.487793528834025
0.010589072889721902,5.705256571862506,54.04982760517662
0.014402203610464799,4.468666524475789,68.37986712938417
0.011789801036631698,0.5748324249289825,94.91145643310468
0.010222874580230789,2.659736381847119,73.52480596312043
0.019567216708599955,1.3933101312798941,51.14312752477035
0.0104551864355255,6.187629564840842,57.488466480881534
0.010125860293141546,6.316897051755408,59.48051039194797
0.011382743935254883,3.6698253051841916,54.46903727695077
0.01795337927169148,4.742326606848108,63.9208077132372
0.01814693777271431,2.02920383320372,52.3499407451299
0.011314069827228677,5.235207525586016,51.90684193234783
0.012048099713184365,1.3606737836191873,80.01041731600345
0.011044918148897747,2.948217264747107,79.05442204816462
0.011342687208286526,3.292435621015711,76.07136224747258
0.011966564266688136,6.243893279364343,53.28524583137217
0.011136693490984144,7.290938268727608,60.925732425223416
0.011210416816664202,1.7330469459556603,65.27252019958922
0.011951278268064474,5.9121706963837575,70.86144541202339
0.020844362564898983,0.4793039625257194,61.334227273565034
0.01254862434284001,2.95231634396274,75.65857186296816
0.013793813749798278,5.153198017659777,54.02658241971882
0.011523312365992666,6.2869318635471165,95.96271416370263
0.010388992847424831,0.20321648782562107,73.9017466412893
0.010529142024183003,1.0448332202645148,60.077864393768834
0.012375343374919,4.258972156992801,72.48887634736295
0.013933396222783133,7.889918307814055,53.89926493610698
0.01395693115042825,5.694014429045195,51.85344914006623
0.011287073625245125,7.085129515929404,54.19619597494806
0.010561478873248667,5.363444418452225,79.75131425410294
0.010820527158934822,1.586265965168148,55.52796962032012
0.016040810083560487,5.672879649813893,78.94739817152626
0.015041338712320478,3.634896126651697,56.931301751619905
0.010589072889721902,5.705256571862506,54.04982760517662
0.016359420029791644,3.0421404825254714,80.50951215399614
0.011789801036631698,0.5748324249289825,94.91145643310468
0.010222874580230789,2.659736381847119,73.52480596312043
0.01712673184094926,2.8413537196395775,57.46175218213872
0.0104551864355255,6.187629564840842,57.488466480881534
0.010067663315075514,6.71321426096938,59.81164167216075
0.011382743935254883,3.6698253051841916,54.46903727695077
0.018484786092319527,4.483772700899514,59.74567370508011
0.018160237591269335,1.8427793650646853,51.55488172996435
0.011314069827228677,5.235207525586016,51.90684193234783
0.011956684850592819,0.3045210120272799,87.22731058120895
0.013851681689042928,2.898899624094866,69.0893817521161
0.010439332023860768,2.4491740551000065,90.64619105473854
0.011966564266688136,6.243893279364343,53.28524583137217
0.011559633168612938,7.698483924314128,61.53042342880354
0.012292004276653112,4.178601562632782,60.75497950699613
0.011951278268064474,5.9121706963837575,70.86144541202339
0.021753423043978502,0.292687459963179,60.290873148438656
0.01254862434284001,2.95231634396274,75.65857186296816
0.013726832372939078,5.111988780964242,54.03887415650581
0.011523312365992666,6.2869318635471165,95.96271416370263
0.010388992847424831,0.20321648782562107,73.9017466412893
0.010525310812294724,1.091892311836574,60.07565420370844
0.012429580962820968,4.118121087461509,73.40055367732528
0.013933396222783133,7.889918307814055,53.89926493610698
0.013058866156552827,5.820608030234494,53.29861782758655
0.011287073625245125,7.085129515929404,54.19619597494806
0.010569283558568118,6.405766178079065,84.49961502379463
0.010820527158934822,1.586265965168148,55.52796962032012
0.01597971671454297,5.625053698333304,78.67331881389052
0.015041338712320478,3.634896126651697,56.931301751619905
0.010104179473295668,4.746674048906894,53.948147112215516
0.015097960309019344,3.590460347094786,73.35815200206576
0.011789801036631698,0.5748324249289825,94.91145643310468
0.010222874580230789,2.659736381847119,73.52480596312043
0.01888926152496217,2.7986341200525606,50.45614236294203
0.0104551864355255,6.187629564840842,57.488466480881534
0.010067663315075514,6.71321426096938,59.81164167216075
0.011368666431774139,3.6744095440052598,54.46113452401762
0.018484786092319527,4.483772700899514,59.74567370508011
0.018160237591269335,1.8427793650646853,51.55488172996435
0.011314069827228677,5.235207525586016,51.90684193234783
0.011956684850592819,0.3045210120272799,87.22731058120895
0.013851681689042928,2.898899624094866,69.0893817521161
0.010439332023860768,2.4491740551000065,90.64619105473854
0.011966564266688136,6.243893279364343,53.28524583137217
0.011559633168612938,7.698483924314128,61.53042342880354
0.012292004276653112,4.178601562632782,60.75497950699613
0.0145959042518558,5.333985354655205,66.3620157829747
0.021753423043978502,0.292687459963179,60.290873148438656
0.014157700646912188,3.154738587170202,77.13482360899881
0.013726832372939078,5.111988780964242,54.03887415650581
0.011523312365992666,6.2869318635471165,95.96271416370263
0.010388992847424831,0.20321648782562107,73.9017466412893
0.010525310812294724,1.091892311836574,60.07565420370844
0.012429580962820968,4.118121087461509,73.40055367732528
0.013933396222783133,7.889918307814055,53.89926493610698
0.013058866156552827,5.820608030234494,53.29861782758655
0.011287073625245125,7.085129515929404,54.19619597494806
0.010569283558568118,6.405766178079065,84.49961502379463
0.010820527158934822,1.586265965168148,55.52796962032012
0.016248096815935035,5.585193103289441,77.63209155665129
0.015041338712320478,3.634896126651697,56.931301751619905
0.010104179473295668,4.746674048906894,53.948147112215516
0.015285891462888711,3.6775487296008587,72.60330280297748
0.011698071500292492,0.7234120863360822,99.13513229133643
0.01020523148896452,2.3918079916827715,74.74269732171287
0.017108441417032695,3.5888722223992815,52.34474133256015
0.0104551864355255,6.187629564840842,57.488466480881534
0.010067663315075514,6.71321426096938,59.81164167216075
0.011426870161300121,1.2413933115736828,54.650126817665075
0.018484786092319527,4.483772700899514,59.74567370508011
0.018160237591269335,1.8427793650646853,51.55488172996435
0.011314069827228677,5.235207525586016,51.90684193234783
0.011956684850592819,0.3045210120272799,87.22731058120895
0.012970377402511855,4.744364141816744,66.18292392076297
0.010439332023860768,2.4491740551000065,90.64619105473854
0.011966564266688136,6.243893279364343,53.28524583137217
0.011559633168612938,7.698483924314128,61.53042342880354
0.012292004276653112,4.178601562632782,60.75497950699613
0.015141075707547996,3.2307328240018363,76.6174930345127
0.021753423043978502,0.292687459963179,60.290873148438656
0.014157700646912188,3.154738587170202,77.13482360899881
0.015973010138653668,4.105445998383738,52.480024193002095
0.011523312365992666,6.2869318635471165,95.96271416370263
0.010388992847424831,0.20321648782562107,73.9017466412893
0.010525310812294724,1.091892311836574,60.07565420370844
0.012429580962820968,4.118121087461509,73.40055367732528
0.013933396222783133,7.889918307814055,53.89926493610698
0.012341219154990922,6.733468017565029,50.63159905532566
0.011287073625245125,7.085129515929404,54.19619597494806
0.010177164282273535,6.67708742016076,87.49088822102851
0.010820527158934822,1.586265965168148,55.52796962032012
0.018431347753931942,5.249306884807414,90.04710257328631
0.014584958508340002,3.879390911113715,58.97009271922807
0.010104179473295668,4.746674048906894,53.948147112215516
0.015321592531377475,3.6992848721392484,71.39169146662455
0.014449199428601624,2.5726330467761596,95.42188313463996
0.010040894263974734,2.546564025850544,77.445589227741
0.016382175399696476,3.9638814870326455,52.47758317935402
0.010423212992323719,6.0563720278041835,57.165976580592634
0.01003517474488293,7.112274047877889,59.792899321956654
0.010923977769661707,1.7149660650867355,62.92131294148503
0.018484786092319527,4.483772700899514,59.74567370508011
0.018160237591269335,1.8427793650646853,51.55488172996435
0.01113922353820671,4.786848337818346,55.50769557682342
0.011956684850592819,0.3045210120272799,87.22731058120895
0.012970377402511855,4.744364141816744,66.18292392076297
0.010439332023860768,2.4491740551000065,90.64619105473854
0.01202919652816843,6.2115529553516655,53.27378971875598
0.011464024223902716,7.086327827387404,62.540818454164004
0.012477197511563906,4.1066122826666325,61.96391432895009
0.014853416632342301,3.182915995223775,77.47578786518145
0.021753423043978502,0.292687459963179,60.290873148438656
0.014083809303620933,3.1517458910482965,77.09861011465448
0.0158668379680195,4.0312506376173145,52.88732786926934
0.011523312365992666,6.2869318635471165,95.96271416370263
0.010388992847424831,0.20321648782562107,73.9017466412893
0.010525310812294724,1.091892311836574,60.07565420370844
0.012429580962820968,4.118121087461509,73.40055367732528
0.013933396222783133,7.889918307814055,53.89926493610698
0.012341219154990922,6.733468017565029,50.63159905532566
0.011091741703095598,7.013318563630348,60.05569817212012
0.010177164282273535,6.67708742016076,87.49088822102851
0.010865659861709022,1.2291385337610938,53.28573128588608
0.018431347753931942,5.249306884807414,90.04710257328631
0.014095188606664718,3.856365898796437,60.739403799189006
0.010104179473295668,4.746674048906894,53.948147112215516
0.018086812232620007,3.2988113170555615,69.47090199866128
0.014449199428601624,2.5726330467761596,95.42188313463996
0.010040894263974734,2.546564025850544,77.445589227741
0.016382175399696476,3.9638814870326455,52.47758317935402
0.010423212992323719,6.0563720278041835,57.165976580592634
0.01003517474488293,7.112274047877889,59.792899321956654
0.010923977769661707,1.7149660650867355,62.92131294148503
0.01774660140369176,4.50692970593995,59.235013133916894
0.018160237591269335,1.8427793650646853,51.55488172996435
0.01113922353820671,4.786848337818346,55.50769557682342
0.011956684850592819,0.3045210120272799,87.22731058120895
0.012970377402511855,4.744364141816744,66.18292392076297
0.010439332023860768,2.4491740551000065,90.64619105473854
0.01202919652816843,6.2115529553516655,53.27378971875598
0.011464024223902716,7.086327827387404,62.540818454164004
0.012477197511563906,4.1066122826666325,61.96391432895009
0.014979325449267866,3.071085150483243,80.25497598009959
0.017036008448113926,2.692439060536682,58.98979994568978
0.01410261258272784,2.5594225511310196,79.99878182884272
0.014910857248276116,3.866005817163913,50.382906056052384
0.011523312365992666,6.2869318635471165,95.96271416370263
0.010424524248792252,0.22551210394106613,73.77473056188776
0.010302719855654823,0.7593830861212227,59.5196681155519
0.012570444980301083,3.9868835571869106,73.956103802388
0.013933396222783133,7.889918307814055,53.89926493610698
0.012070328176165716,5.722954100277648,51.11885868707445
0.011091741703095598,7.013318563630348,60.05569817212012
0.010177164282273535,6.67708742016076,87.49088822102851
0.010865659861709022,1.2291385337610938,53.28573128588608
0.02075187861444085,4.847909362484629,90.76574110499055
0.01145686829615034,4.90056853033888,62.30903935352698
0.010104179473295668,4.746674048906894,53.948147112215516
0.017884592162676398,3.377708202123754,67.45499453154359
0.014057132999726682,2.560561793267442,94.95493788429089
0.010040894263974734,2.546564025850544,77.445589227741
0.016382175399696476,3.9638814870326455,52.47758317935402
0.010423212992323719,6.0563720278041835,57.165976580592634
0.01003517474488293,7.112274047877889,59.792899321956654
0.010923977769661707,1.7149660650867355,62.92131294148503
0.01774660140369176,4.50692970593995,59.235013133916894
0.018160237591269335,1.8427793650646853,51.55488172996435
0.011371165065322736,5.2599441358478,50.87492408062446
0.011956684850592819,0.3045210120272799,87.22731058120895
0.013251653344373795,4.179148683987269,73.62974577067745
0.01013974438895603,1.7274233980911364,98.98934351946639
0.01202919652816843,6.2115529553516655,53.27378971875598
0.011417052311597124,7.166915387376002,62.23003336261044
0.013728848993320018,3.470263233037345,68.00359516621222
0.015867349107786952,2.6098660487146366,84.77920881131409
0.01491872661429108,3.9224748190427006,67.78790571839357
0.01410261258272784,2.5594225511310196,79.99878182884272
0.014225409075655558,3.935652213386785,56.741490383202944
0.011523312365992666,6.2869318635471165,95.96271416370263
0.010540085989375596,1.4011569018481866,71.39860078312446
0.010302719855654823,0.7593830861212227,59.5196681155519
0.012570444980301083,3.9868835571869106,73.956103802388
0.013933396222783133,7.889918307814055,53.89926493610698
0.012070328176165716,5.722954100277648,51.11885868707445
0.011091741703095598,7.013318563630348,60.05569817212012
0.011155347863186114,5.793883244699702,82.12381550667249
0.010746770732290833,0.9710021702092515,53.2619539879184
0.016180448397616273,3.0592091433082875,77.09581364782355
0.011477929455551431,4.928802477075875,61.92486071948614
0.010083449870822962,5.457320242524151,55.70395997672995
0.015424044306385658,3.6597675923824595,70.46512765938407
0.014057132999726682,2.560561793267442,94.95493788429089
0.010040894263974734,2.546564025850544,77.445589227741
0.016382175399696476,3.9638814870326455,52.47758317935402
0.010423212992323719,6.0563720278041835,57.165976580592634
0.01003517474488293,7.112274047877889,59.792899321956654
0.010923977769661707,1.7149660650867355,62.92131294148503
0.01774660140369176,4.50692970593995,59.235013133916894
0.016794431017051976,2.3666684974917778,57.02838289653437
0.011371165065322736,5.2599441358478,50.87492408062446
0.011995103014830021,2.13627180991433,75.02051860089044
0.012408934282299293,3.1372222055744428,66.44435782640443
0.01013974438895603,1.7274233980911364,98.98934351946639
0.01007265523787735,7.221817917476696,53.63166211279148
0.012055100085345036,7.008408246108768,64.18048688007977
0.013728848993320018,3.470263233037345,68.00359516621222
0.018245601137171687,0.9099427989059734,83.64584368224516
0.014879755233857761,3.964471596332772,67.73881199387706
0.01410261258272784,2.5594225511310196,79.99878182884272
0.016423763404584818,5.414360856648725,52.62647528403994
0.011091226313802056,6.9113666512680565,98.63700250565404
0.010540085989375596,1.4011569018481866,71.39860078312446
0.010302719855654823,0.7593830861212227,59.5196681155519
0.012570444980301083,3.9868835571869106,73.956103802388
0.013933396222783133,7.889918307814055,53.89926493610698
0.012070328176165716,5.722954100277648,51.11885868707445
0.011091741703095598,7.013318563630348,60.05569817212012
0.011155347863186114,5.793883244699702,82.12381550667249
0.010673298440612449,1.1239135726864729,59.70916912634637
0.017422666954293294,2.490768139280916,83.86856404375831
0.01144437039632864,4.923959340817385,61.91548415055318
0.010083449870822962,5.457320242524151,55.70395997672995
0.015548574641387947,3.5422605688360935,69.2440983589435
0.014063837018184696,2.5419844178105784,95.50532198928582
0.010314199462370211,2.9743305642225644,73.90015112783601
0.018635248044165744,3.0447120037289173,53.1875584698094
0.010423212992323719,6.0563720278041835,57.165976580592634
0.01003517474488293,7.112274047877889,59.792899321956654
0.010923977769661707,1.7149660650867355,62.92131294148503
0.01774660140369176,4.50692970593995,59.235013133916894
0.016794431017051976,2.3666684974917778,57.02838289653437
0.011371165065322736,5.2599441358478,50.87492408062446
0.011668373985460612,1.3459991144244043,81.79158909708457
0.011784469036397046,4.055229994868287,63.526512983077026
0.01013974438895603,1.7274233980911364,98.98934351946639
0.01007265523787735,7.221817917476696,53.63166211279148
0.012947278789228665,7.528901632526011,68.01543154882411
0.013784186076958263,3.4783002123303586,67.90803683512482
0.016248461780159387,2.173691386028412,74.1253400921551
0.014540709991064969,5.370813183182612,62.780616914172896
0.013375898574632597,2.215172334532274,76.08223473718641
0.01704585490766028,5.249025846760532,51.92864173442591
0.011091226313802056,6.9113666512680565,98.63700250565404
0.01078660098279447,3.1611764180785116,75.69583802393826
0.010302719855654823,0.7593830861212227,59.5196681155519
0.013649667399787412,5.615530226777549,82.06070246658228
0.013933396222783133,7.889918307814055,53.89926493610698
0.012295985367467626,5.362881112873655,56.14322799484147
0.011091741703095598,7.013318563630348,60.05569817212012
0.011168387205316032,5.543897483788907,86.64780707728285
0.010673298440612449,1.1239135726864729,59.70916912634637
0.01769452007329184,2.2190953703843492,85.85777633027088
0.011779713266664967,6.576617365593824,62.87502107521861
0.010083449870822962,5.457320242524151,55.70395997672995
0.019153159187213702,6.133463283734543,69.787028208565
0.016425008243317944,2.6680562179546623,84.57082439686961
0.010314199462370211,2.9743305642225644,73.90015112783601
0.020579095040410243,2.5367115244691085,50.82821473614679
0.010423212992323719,6.0563720278041835,57.165976580592634
0.01003517474488293,7.112274047877889,59.792899321956654
0.010716281987632734,0.06850383365432133,68.51624861912575
0.01774660140369176,4.50692970593995,59.235013133916894
0.01516249396221054,2.118923981680454,51.665733347053745
0.011371165065322736,5.2599441358478,50.87492408062446
0.01129068520613098,1.2617047936564687,73.41003225291047
0.011784469036397046,4.055229994868287,63.526512983077026
0.01013974438895603,1.7274233980911364,98.98934351946639
0.01007265523787735,7.221817917476696,53.63166211279148
0.012947278789228665,7.528901632526011,68.01543154882411
0.013540721130848695,3.6927536143063895,69.224604652057
0.020057228637946765,2.86199410725156,67.75014458448008
0.017482791353054306,3.9697030356527776,65.10506062445386
0.01399913561698966,1.4945673272469713,80.99931758797057
0.01704585490766028,5.249025846760532,51.92864173442591
0.011091226313802056,6.9113666512680565,98.63700250565404
0.010353691310857643,2.5297009193228184,81.3037627375876
0.010302719855654823,0.7593830861212227,59.5196681155519
0.013681584081684338,5.619507164589808,81.81531498667273
0.013933396222783133,7.889918307814055,53.89926493610698
0.012295985367467626,5.362881112873655,56.14322799484147
0.011048231197629496,6.208512117492273,61.03615709037408
0.011168387205316032,5.543897483788907,86.64780707728285
0.010673298440612449,1.1239135726864729,59.70916912634637
0.017643571342358142,3.684673477006518,73.08084162039637
0.01103867959790538,6.856698841433893,58.86248014920574
0.010537642323562876,3.8788236431113434,62.365431986623335
0.018022872191515292,6.268935180018093,67.77610455160935
0.014662088281055582,1.8652847088696258,79.61298776981957
0.010314199462370211,2.9743305642225644,73.90015112783601
0.02067105246795256,2.5560858296067552,50.562407818705616
0.010423212992323719,6.0563720278041835,57.165976580592634
0.01003517474488293,7.112274047877889,59.792899321956654
0.010716281987632734,0.06850383365432133,68.51624861912575
0.01413364392997277,4.955011748605526,57.57022223951295
0.01516249396221054,2.118923981680454,51.665733347053745
0.011371165065322736,5.2599441358478,50.87492408062446
0.01129068520613098,1.2617047936564687,73.41003225291047
0.011784469036397046,4.055229994868287,63.526512983077026
0.010061282920628228,1.2999430763413686,99.01839839962115
0.01007265523787735,7.221817917476696,53.63166211279148
0.012947278789228665,7.528901632526011,68.01543154882411
0.0139360730012257,1.1371080398670212,70.03015696008353
0.017460022609419597,4.064588565625866,65.52114545107247
0.01651840628713952,4.416027347641793,69.55177462711282
0.014144985301696462,1.6637012071062425,80.33657795014938
0.017559511704211862,6.1027114351665475,52.00034582299714
0.011091226313802056,6.9113666512680565,98.63700250565404
0.010305324857674103,2.540748686823596,81.31610134753305
0.010302719855654823,0.7593830861212227,59.5196681155519
0.014203164353251252,5.635198938766374,80.81239613034832
0.013933396222783133,7.889918307814055,53.89926493610698
0.0111446749401133,6.665790749315237,57.941578184991
0.011116508983307244,6.050472759604003,59.78452549779962
0.010900617231271777,5.245102147304154,89.45246968671773
0.010673298440612449,1.1239135726864729,59.70916912634637
0.020068726095074017,2.4904094000977564,63.62199219138333
0.011341736278704589,6.740027883817421,60.51047186669706
0.010635846905676916,4.329693880670639,61.64974933287778
0.014393952046105309,3.679125586124936,63.89509972053481
0.015174304995390745,1.1414573706795421,76.88411770684493
0.010238449844266266,2.667697338449424,77.81054936217357
0.019940535101051704,2.4514396557548253,51.23074472396013
0.010423212992323719,6.0563720278041835,57.165976580592634
0.01003517474488293,7.112274047877889,59.792899321956654
0.010716281987632734,0.06850383365432133,68.51624861912575
0.01546277233542924,4.138334700931853,57.01526376159047
0.013889059238404063,4.185851506097103,52.595311108731565
0.011527881946646086,5.098287237866221,52.243457899679115
0.011222832562756394,0.16420969402382468,79.46495534305308
0.012271607152347869,6.8111578320479955,53.776013552028324
0.010016834773913944,1.3013255536792774,99.94425027823272
0.0100622809477492,7.232593427320384,53.55292259652728
0.012947278789228665,7.528901632526011,68.01543154882411
0.0139360730012257,1.1371080398670212,70.03015696008353
0.021164122735078214,2.5441625065685436,68.37884672573495
0.017767905027303035,3.32686643150938,70.0893243902909
0.01434885669753583,1.7116845128400993,81.44112747298723
0.018405982873674682,6.108207978112107,51.38762518377966
0.011095354915478736,6.699702511093627,98.0355588303741
0.010305324857674103,2.540748686823596,81.31610134753305
0.010302719855654823,0.7593830861212227,59.5196681155519
0.014203164353251252,5.635198938766374,80.81239613034832
0.013933396222783133,7.889918307814055,53.89926493610698
0.011145458276007224,6.682903630331035,57.890323161393724
0.011116508983307244,6.050472759604003,59.78452549779962
0.010046520396056392,6.4009828558867605,94.91739393189413
0.010673298440612449,1.1239135726864729,59.70916912634637
0.020309407468596524,2.5567436244409296,62.969832003308014
0.011341736278704589,6.740027883817421,60.51047186669706
0.010210640315919856,4.346550818988747,62.05800378671684
0.014393952046105309,3.679125586124936,63.89509972053481
0.015187227033323907,1.0994355586625657,77.09920574269758
0.010238449844266266,2.667697338449424,77.81054936217357
0.019940535101051704,2.4514396557548253,51.23074472396013
0.010423212992323719,6.0563720278041835,57.165976580592634
0.01003517474488293,7.112274047877889,59.792899321956654
0.010716281987632734,0.06850383365432133,68.51624861912575
0.01546277233542924,4.138334700931853,57.01526376159047
0.013965085726460474,4.536653801478467,59.42501803160782
0.011527881946646086,5.098287237866221,52.243457899679115
0.011222832562756394,0.16420969402382468,79.46495534305308
0.012271607152347869,6.8111578320479955,53.776013552028324
0.010016834773913944,1.3013255536792774,99.94425027823272
0.011632838727686739,6.626732287087755,63.89191890312658
0.012588724617115165,7.368358961892144,73.82768011732631
0.013793200206362271,1.3721162805532314,68.97491036686905
0.026665938963987893,0.10106293981698222,58.5515930424141
0.01675663256299715,3.7343426068295402,78.86723949093835
0.015125924016898893,2.364461843832758,80.61045038910994
0.018405982873674682,6.108207978112107,51.38762518377966
