Upsilon_disk,Upsilon_bulge,H0
0.014694651742087318,1.5295813522853123,74.21014874934228
0.08593646906932895,6.713988989054608,59.51721826667707
0.08102349403884426,3.6285563398527367,81.33364674816355
0.03289658319914979,4.738706335444117,72.69694292536977
0.021930517893071058,4.043361932335848,99.77284588819931
0.2636170171212971,3.1975871569853114,93.24520783807037
0.02016485688148459,2.634682595097319,89.50527457904634
0.06173550288688756,6.701850268040131,58.10033886154274
0.021347163794895593,3.7442306748515346,84.21052318946693
0.06742182685477036,4.295745389558422,66.55272559885046
0.022501005889713432,2.497310644948932,96.77855250231633
0.02036579062834228,5.254327773727878,96.26688670104689
0.09204736655839531,0.05469871509816021,65.70663926391562
0.02954274952402758,2.4289304806111516,50.067273717233604
0.015627784908524477,3.7700892490976257,93.05803391863856
0.05219292760973698,7.470341322858419,89.32420849606427
0.04354754919062742,3.3713758235119506,64.49453784659893
0.0381349104063944,5.106447765493725,68.65472046266032
0.05721929701745711,2.2123826835261893,55.150400382626444
0.04262611629547874,2.9954638281444748,68.20664295186903
0.12253990508439301,0.9422232166943547,50.91101621823283
0.13448304170276293,7.102818385234468,84.43735037422294
0.018460036020485154,2.3348427237382747,77.86602262611444
0.20662284454113422,0.5356795463050432,65.46806142767878
0.05351344088088647,5.177463383402067,62.5421493331359
0.03873635523686988,3.378938956485626,90.14664498149256
0.3522019438027667,5.57920830653354,88.76781544220434
0.05546132065090277,2.134590130202423,71.80342144061184
0.07808661666086819,4.916092334392437,88.56853330375552
0.03832432123718353,6.993144950508471,72.21569537844046
0.0958604478434408,3.58037500951424,53.452755804871444
0.010085758853026457,0.9128045115471997,67.79995362267383
0.01278646214560436,1.121497805468689,72.35745590794157
0.07843222214475778,5.733840580887499,62.36880911290714
0.05439716835240231,3.1138667349415794,88.36070769195872
0.03289658319914979,4.738706335444117,72.69694292536977
0.021930517893071058,4.043361932335848,99.77284588819931
0.2636170171212971,3.1975871569853114,93.24520783807037
0.02016485688148459,2.634682595097319,89.50527457904634
0.06173550288688756,6.701850268040131,58.10033886154274
0.021347163794895593,3.7442306748515346,84.21052318946693
0.06742182685477036,4.295745389558422,66.55272559885046
0.022501005889713432,2.497310644948932,96.77855250231633
0.020437997637969323,6.195716403517272,98.6967214063809
0.09306474545089562,0.490309822127025,66.80500722606978
0.02954274952402758,2.4289304806111516,50.067273717233604
0.015627784908524477,3.7700892490976257,93.05803391863856
0.05219292760973698,7.470341322858419,89.32420849606427
0.04354754919062742,3.3713758235119506,64.49453784659893
0.011162371942218363,5.853084956078751,70.59060666001915
0.021435753122765924,0.9455567117780266,56.72250002166803
0.04262611629547874,2.9954638281444748,68.20664295186903
0.11216849895313762,1.924642731650506,52.13729889263855
0.10892610372738346,7.281667386880348,83.92901863968153
0.024879611940584745,2.6986801324832257,76.20716132511274
0.20662284454113422,0.5356795463050432,65.46806142767878
0.05351344088088647,5.177463383402067,62.5421493331359
0.03873635523686988,3.378938956485626,90.14664498149256
0.3522019438027667,5.57920830653354,88.76781544220434
0.053071886236077774,2.410346269369226,71.89803858342731
0.07808661666086819,4.916092334392437,88.56853330375552
0.03450583363816341,6.097685129459532,73.30185097328217
0.0958604478434408,3.58037500951424,53.452755804871444
0.017988862475410858,1.6889002966450075,66.84312216895317
0.013726764428558127,1.2441315417465344,72.6567895682232
0.05403038838826445,4.090969613120681,63.58514277161509
0.031206894375887834,1.3413685496514711,90.24543334439062
0.03125431368168111,4.7597767518070935,72.98920620161758
0.021930517893071058,4.043361932335848,99.77284588819931
0.20983899187121546,1.7517556017245122,95.9633375508737
0.02016485688148459,2.634682595097319,89.50527457904634
0.06707891463716883,7.997377269270206,51.70269598296045
0.021347163794895593,3.7442306748515346,84.21052318946693
0.06742182685477036,4.295745389558422,66.55272559885046
0.022501005889713432,2.497310644948932,96.77855250231633
0.02215041492494526,6.18378347734736,95.60551284171237
0.09306474545089562,0.490309822127025,66.80500722606978
0.03483746847791588,2.7868515055438334,51.39952725015027
0.015627784908524477,3.7700892490976257,93.05803391863856
0.05219292760973698,7.470341322858419,89.32420849606427
0.04354754919062742,3.3713758235119506,64.49453784659893
0.011162371942218363,5.853084956078751,70.59060666001915
0.021423164280127697,1.3432577324744401,60.628640935186496
0.03909771792411678,2.0467842937557594,68.805729545821
0.11216849895313762,1.924642731650506,52.13729889263855
0.10892610372738346,7.281667386880348,83.92901863968153
0.024879611940584745,2.6986801324832257,76.20716132511274
0.20662284454113422,0.5356795463050432,65.46806142767878
0.049428588835832836,4.824442816076655,67.0516514583548
0.04901092075255817,3.9884631439548746,82.95684874456734
0.31745356688874166,4.644992154066747,90.52412009122187
0.04413995691130905,2.435754751154833,79.16740699446393
0.07808661666086819,4.916092334392437,88.56853330375552
0.03450583363816341,6.097685129459532,73.30185097328217
0.08070490958869234,3.857043292719091,58.03568628340075
0.017770221432962113,1.6497278535175894,65.39256683565158
0.014940640076792255,1.4580564713182365,66.28095037284068
0.017996296756042973,1.9965639707107377,50.2312210191454
0.031206894375887834,1.3413685496514711,90.24543334439062
0.031276189250959825,6.336763681459186,65.02852887756349
0.021930517893071058,4.043361932335848,99.77284588819931
0.15406174789160182,2.661098380271323,79.5811414572724
0.017748539050991302,2.358475944455906,91.45230387197249
0.06707891463716883,7.997377269270206,51.70269598296045
0.021347163794895593,3.7442306748515346,84.21052318946693
0.0556061309580199,3.3318331048924614,74.2828471407069
0.022501005889713432,2.497310644948932,96.77855250231633
0.04792332130896994,6.509861663662208,92.13752317645381
0.09306474545089562,0.490309822127025,66.80500722606978
0.03483746847791588,2.7868515055438334,51.39952725015027
0.012607101284450065,4.106842617647103,98.66061451223024
0.05219292760973698,7.470341322858419,89.32420849606427
0.04354754919062742,3.3713758235119506,64.49453784659893
0.011162371942218363,5.853084956078751,70.59060666001915
0.021423164280127697,1.3432577324744401,60.628640935186496
0.04321617837215874,2.9226325308192216,66.28839020567337
0.0933401459779579,2.7948776338833707,56.61312128349864
0.10892610372738346,7.281667386880348,83.92901863968153
0.02519940600405138,2.7030209799452787,75.305172224808
0.20662284454113422,0.5356795463050432,65.46806142767878
0.030910912997310178,5.680318412001572,71.45362056600892
0.04901092075255817,3.9884631439548746,82.95684874456734
0.3986440533650357,5.58202595509722,90.6031662941038
0.018259841545577638,2.6301972253364894,89.45047782072544
0.0760935737282914,4.790423804618229,87.58579394209494
0.03450583363816341,6.097685129459532,73.30185097328217
0.08070490958869234,3.857043292719091,58.03568628340075
0.017770221432962113,1.6497278535175894,65.39256683565158
0.014901242609704284,1.4511133380703143,66.48788418457312
0.017996296756042973,1.9965639707107377,50.2312210191454
0.034103640382955006,0.49761360321184256,87.27029598390487
0.031276189250959825,6.336763681459186,65.02852887756349
0.021930517893071058,4.043361932335848,99.77284588819931
0.16856723521582787,2.2649508074511453,78.09192632046255
0.01786803760071269,2.3178399800983893,91.28476655914967
0.06707891463716883,7.997377269270206,51.70269598296045
0.01931457742053001,3.508090590590212,83.42610507191513
0.050889511211507255,3.0574463333358053,72.39881819673684
0.021351402138803335,2.4967164731659057,96.39450099308691
0.04629009341024287,6.642029053988442,93.8365278413994
0.07540663912667381,0.7005431062589926,65.28266599798062
0.03483746847791588,2.7868515055438334,51.39952725015027
0.012929655901736788,4.136299545652159,96.0130771855101
0.05219292760973698,7.470341322858419,89.32420849606427
0.032798943667113535,3.705506514336534,82.03592044704115
0.011162371942218363,5.853084956078751,70.59060666001915
0.032483698113586604,1.9866982329514722,65.04671298634223
0.04321617837215874,2.9226325308192216,66.28839020567337
0.09331636782711272,2.7921007424069257,56.624616287999956
0.10416898744275803,6.347667579323015,81.28270943225982
0.02519940600405138,2.7030209799452787,75.305172224808
0.20662284454113422,0.5356795463050432,65.46806142767878
0.017312896592863412,4.536593940919116,60.03531490954593
0.05590589815086765,3.648779704164001,85.2096421106287
0.3986440533650357,5.58202595509722,90.6031662941038
0.01119873669486618,2.4914690761175575,93.00277016117315
0.0760935737282914,4.790423804618229,87.58579394209494
0.03450583363816341,6.097685129459532,73.30185097328217
0.12812306064693493,5.590757464932551,51.945028798006675
0.02143208938264725,1.1806793313322204,50.00716723852611
0.014852820577186407,1.5123117094933538,67.17868683387543
0.017996296756042973,1.9965639707107377,50.2312210191454
0.034103640382955006,0.49761360321184256,87.27029598390487
0.031276189250959825,6.336763681459186,65.02852887756349
0.021930517893071058,4.043361932335848,99.77284588819931
0.16856723521582787,2.2649508074511453,78.09192632046255
0.01786803760071269,2.3178399800983893,91.28476655914967
0.06707891463716883,7.997377269270206,51.70269598296045
0.01931457742053001,3.508090590590212,83.42610507191513
0.06992262983099673,3.483745159936144,61.513219944517985
0.021351402138803335,2.4967164731659057,96.39450099308691
0.05749582761693739,6.215253307463524,91.85384188209608
0.07540663912667381,0.7005431062589926,65.28266599798062
0.03483746847791588,2.7868515055438334,51.39952725015027
0.012842312413237803,4.053300159760363,95.8611748229302
0.04716890674550855,6.666157666843067,83.58083612791049
0.03303252363123635,3.600244413596839,78.52551547877113
0.01114352769132625,7.5950776394444635,58.976601303209314
0.031996974642164715,2.4341045720122034,58.36947536587846
0.04321617837215874,2.9226325308192216,66.28839020567337
0.09331636782711272,2.7921007424069257,56.624616287999956
0.0718360546381602,5.006569689596606,85.3586792501895
0.02519940600405138,2.7030209799452787,75.305172224808
0.20662284454113422,0.5356795463050432,65.46806142767878
0.016540946882583223,4.529939930842721,59.67678168317194
0.06770764885155725,5.354533169506229,84.09419234612736
0.3986440533650357,5.58202595509722,90.6031662941038
0.01119873669486618,2.4914690761175575,93.00277016117315
0.0748725840049521,4.7237934983664065,87.16482074942554
0.039093523319785536,7.18503397704976,74.89639406179124
0.14595310308639933,5.285258606534958,50.87327519277122
0.02143208938264725,1.1806793313322204,50.00716723852611
0.014852820577186407,1.5123117094933538,67.17868683387543
0.017996296756042973,1.9965639707107377,50.2312210191454
0.034103640382955006,0.49761360321184256,87.27029598390487
0.03468524997843597,7.173337699083071,52.354694961505764
0.023129696739933307,4.029378788675093,98.8168526578979
0.12739047323610495,2.6706259761992666,78.2236549186934
0.01786803760071269,2.3178399800983893,91.28476655914967
0.06707891463716883,7.997377269270206,51.70269598296045
0.013215706819330542,3.461691961783261,83.60900577253894
0.06992262983099673,3.483745159936144,61.513219944517985
0.021351402138803335,2.4967164731659057,96.39450099308691
0.05749582761693739,6.215253307463524,91.85384188209608
0.07540663912667381,0.7005431062589926,65.28266599798062
0.03483746847791588,2.7868515055438334,51.39952725015027
0.012842312413237803,4.053300159760363,95.8611748229302
0.04716890674550855,6.666157666843067,83.58083612791049
0.04355118639186609,4.722106559902031,98.31892136051962
0.01114352769132625,7.5950776394444635,58.976601303209314
0.031996974642164715,2.4341045720122034,58.36947536587846
0.03709557395584515,2.5743872530596765,62.25203893872511
0.07854182594836993,4.03241635087562,65.25490253956833
0.0718360546381602,5.006569689596606,85.3586792501895
0.02519940600405138,2.7030209799452787,75.305172224808
0.20662284454113422,0.5356795463050432,65.46806142767878
0.014149918696781037,5.078910730994392,55.92013294150874
0.061820801908625996,5.259661817642833,81.2849129948282
0.23139034565373018,5.121508138302416,77.06610678181282
0.01119873669486618,2.4914690761175575,93.00277016117315
0.08914966248404908,6.2037803871448585,87.12788385416957
0.039093523319785536,7.18503397704976,74.89639406179124
0.15067933897303348,5.42127537691766,50.285456309626454
0.02143208938264725,1.1806793313322204,50.00716723852611
0.014852820577186407,1.5123117094933538,67.17868683387543
0.017996296756042973,1.9965639707107377,50.2312210191454
0.034103640382955006,0.49761360321184256,87.27029598390487
0.03468524997843597,7.173337699083071,52.354694961505764
0.023129696739933307,4.029378788675093,98.8168526578979
0.1396299203507716,2.41032988339678,80.63429992852299
0.012116185640612849,1.4642516620849158,92.79707212020386
0.0567887959396281,5.657034085698897,62.80176442359968
0.013849490583366788,4.61305244131209,78.31283923500197
0.07504179904147881,3.3733455767915093,61.661321414554905
0.021351402138803335,2.4967164731659057,96.39450099308691
0.053741195453300736,6.413118185410636,88.39400457198482
0.06882236907612997,2.061235941287533,68.70330266421082
0.03483746847791588,2.7868515055438334,51.39952725015027
0.012842312413237803,4.053300159760363,95.8611748229302
0.04716890674550855,6.666157666843067,83.58083612791049
0.04005455180929967,4.029691789500834,86.22907763553837
0.01114352769132625,7.5950776394444635,58.976601303209314
0.031996974642164715,2.4341045720122034,58.36947536587846
0.04026442486304445,2.244250364676531,53.9555000722971
0.1059346751033834,4.271735130376552,57.558575435807896
0.0990180303415909,5.445798465761325,80.51954600118833
0.029901043457115285,4.2196916466339855,75.1668455734951
0.2382064189741412,0.38489999612960313,61.030435239110815
0.014149918696781037,5.078910730994392,55.92013294150874
0.05216470255053256,5.5036779000287375,77.35723460410563
0.23139034565373018,5.121508138302416,77.06610678181282
0.01119873669486618,2.4914690761175575,93.00277016117315
0.09397665597971144,5.811510920612799,94.87556656176365
0.039093523319785536,7.18503397704976,74.89639406179124
0.11997166100589127,4.413757939066816,50.21933798831434
0.03232966557695391,1.5382282823737303,50.03063138469533
0.014852820577186407,1.5123117094933538,67.17868683387543
0.017996296756042973,1.9965639707107377,50.2312210191454
0.0287999163296026,1.3845939622471963,89.4133253752426
0.03468524997843597,7.173337699083071,52.354694961505764
0.023129696739933307,4.029378788675093,98.8168526578979
0.1048234342307779,2.127434075411803,70.70695943304128
0.012116185640612849,1.4642516620849158,92.79707212020386
0.05970767444270958,5.75383750985179,53.61387710447433
0.013849490583366788,4.61305244131209,78.31283923500197
0.10873914540934747,2.42949198861526,64.83847435258694
0.021351402138803335,2.4967164731659057,96.39450099308691
0.036980640121338004,6.960843564677987,90.88026517509422
0.09806697627960714,1.8306443477612016,66.63325370812666
0.034731574356168735,2.761624866063132,50.69257196217901
0.010116686692058063,3.8458321086584495,96.83626739074947
0.04716890674550855,6.666157666843067,83.58083612791049
0.04304696505460233,3.6606592779422686,89.04982417192483
0.01114352769132625,7.5950776394444635,58.976601303209314
0.031996974642164715,2.4341045720122034,58.36947536587846
0.03254775523695505,2.3472586240860602,71.27096329263642
0.08829289326598208,3.815301045556001,56.08859622430259
0.0990180303415909,5.445798465761325,80.51954600118833
0.02939273498858489,4.579297694170712,75.91506076293966
0.23367603081275518,0.456445453932002,61.16368818282986
0.014149918696781037,5.078910730994392,55.92013294150874
0.07908558898051211,6.870629200106748,57.460150917420556
0.23006736131290495,6.040873013964001,80.17859418450588
0.011784982410564901,2.4487867025730794,89.31399989468869
0.09397665597971144,5.811510920612799,94.87556656176365
0.039093523319785536,7.18503397704976,74.89639406179124
0.11997166100589127,4.413757939066816,50.21933798831434
0.03232966557695391,1.5382282823737303,50.03063138469533
0.010831324888160281,0.6640349888261072,64.76235279645431
0.017996296756042973,1.9965639707107377,50.2312210191454
0.0287999163296026,1.3845939622471963,89.4133253752426
0.03468524997843597,7.173337699083071,52.354694961505764
0.023129696739933307,4.029378788675093,98.8168526578979
0.10841362121784814,2.285139581138021,72.87160922268552
0.012116185640612849,1.4642516620849158,92.79707212020386
0.05970767444270958,5.75383750985179,53.61387710447433
0.013849490583366788,4.61305244131209,78.31283923500197
0.10873914540934747,2.42949198861526,64.83847435258694
0.021351402138803335,2.4967164731659057,96.39450099308691
0.036980640121338004,6.960843564677987,90.88026517509422
0.09875480633977042,1.788534627795085,66.81068736839153
0.034731574356168735,2.761624866063132,50.69257196217901
0.024621363690997652,4.845534269860657,90.60813816940004
0.0458995572407554,6.312085788362368,81.4715445703517
0.04304696505460233,3.6606592779422686,89.04982417192483
0.01114352769132625,7.5950776394444635,58.976601303209314
0.02913739658984293,1.636454934259632,53.61768413631026
0.03580244111754998,2.425697561202778,75.9768662918934
0.056913718076661915,4.350092506522878,56.01729831786612
0.08914616313241397,5.400971858285522,80.54522969628292
0.02939273498858489,4.579297694170712,75.91506076293966
0.2219320904321787,0.6934620475401454,62.011722474686934
0.01466178877399365,4.895372438533712,58.79698714335291
0.07908558898051211,6.870629200106748,57.460150917420556
0.169540222147527,6.4705729607525155,74.31675651941258
0.011784982410564901,2.4487867025730794,89.31399989468869
0.08049536338653861,5.788822410758023,78.64336812710255
0.039093523319785536,7.18503397704976,74.89639406179124
0.11997166100589127,4.413757939066816,50.21933798831434
0.03232966557695391,1.5382282823737303,50.03063138469533
0.010831324888160281,0.6640349888261072,64.76235279645431
0.01789691210022496,1.970575543861445,50.01841980790333
0.028763554309192307,1.3796851556823557,89.49853978475072
0.03254472342566323,5.067941401228264,65.83311218356411
0.023129696739933307,4.029378788675093,98.8168526578979
0.09452438736502689,2.5774126735593867,76.30918770597252
0.012116185640612849,1.4642516620849158,92.79707212020386
0.05558077905405033,5.151298512243946,54.82942446295569
0.010911812463152482,4.619432099222976,78.76602012638226
0.12293521535932621,1.4669950325381471,68.0883292835754
0.020448121515345072,2.2627807191244846,98.6949506678776
0.036374219029442365,6.802268480255936,89.58180373941309
0.09010222879393745,1.7561485684954683,69.40594116382843
0.034731574356168735,2.761624866063132,50.69257196217901
0.024621363690997652,4.845534269860657,90.60813816940004
0.0458995572407554,6.312085788362368,81.4715445703517
0.04615531675634197,3.9018259638521124,93.63575455436862
0.01114352769132625,7.5950776394444635,58.976601303209314
0.030218325305974365,1.6031945764572004,52.403078368076464
0.0341754576751912,2.9723484820564967,75.9611781198882
0.041828878204574066,3.1434800984755573,58.879947962440205
0.08914616313241397,5.400971858285522,80.54522969628292
0.023463763982678843,2.6914570487516203,64.30868561712913
0.2219320904321787,0.6934620475401454,62.011722474686934
0.01466178877399365,4.895372438533712,58.79698714335291
0.15295979784457703,6.948889826596768,71.30610858209202
0.2602558244208174,7.062556752968836,91.41618846525876
0.011784982410564901,2.4487867025730794,89.31399989468869
0.08049536338653861,5.788822410758023,78.64336812710255
0.039093523319785536,7.18503397704976,74.89639406179124
0.07899246153196839,3.6694616051161746,65.02770413309122
0.03232966557695391,1.5382282823737303,50.03063138469533
0.010831324888160281,0.6640349888261072,64.76235279645431
0.01789691210022496,1.970575543861445,50.01841980790333
0.028763554309192307,1.3796851556823557,89.49853978475072
0.03254472342566323,5.067941401228264,65.83311218356411
0.026634468464825572,4.763142164572436,96.37306966444558
0.0787586068793944,2.9362525898574994,79.44415673792817
0.012116185640612849,1.4642516620849158,92.79707212020386
0.04653060431073098,4.407216151035762,66.12918671193549
0.010911812463152482,4.619432099222976,78.76602012638226
0.0734120781465811,2.8195840803897187,79.1856579195187
0.020448121515345072,2.2627807191244846,98.6949506678776
0.036374219029442365,6.802268480255936,89.58180373941309
0.09379219391833832,1.1206664552598564,70.86011581653104
0.034731574356168735,2.761624866063132,50.69257196217901
0.02104367143521748,4.249883882822223,90.92056511895957
0.06386624576338179,5.648859428381371,93.10002009688193
0.04615531675634197,3.9018259638521124,93.63575455436862
0.011120480653310803,7.0834230295703655,59.40370968680015
0.030218325305974365,1.6031945764572004,52.403078368076464
0.03327402631513019,2.2719657448427175,63.297450697415826
0.041828878204574066,3.1434800984755573,58.879947962440205
0.08914616313241397,5.400971858285522,80.54522969628292
0.023463763982678843,2.6914570487516203,64.30868561712913
0.2219320904321787,0.6934620475401454,62.011722474686934
0.015729331125939043,4.787397032607659,64.1705237320692
0.19554886052538348,7.570338571463183,60.888045300504146
0.3324371997902968,7.9593443975117975,99.95636245401475
0.011784982410564901,2.4487867025730794,89.31399989468869
0.08049536338653861,5.788822410758023,78.64336812710255
0.025405644242594033,7.385843599413799,67.10003512456338
0.08296429402723518,3.779906489017021,66.00346036685882
0.03232966557695391,1.5382282823737303,50.03063138469533
0.010831324888160281,0.6640349888261072,64.76235279645431
0.01789691210022496,1.970575543861445,50.01841980790333
0.0278892309447469,0.7567315148903928,89.48897431003158
0.03254472342566323,5.067941401228264,65.83311218356411
0.026634468464825572,4.763142164572436,96.37306966444558
0.07755161721855994,2.930909131559136,79.11377588869081
0.012116185640612849,1.4642516620849158,92.79707212020386
0.04423964840585777,4.947463406741594,71.41934752956575
0.010911812463152482,4.619432099222976,78.76602012638226
0.07556159849353913,2.1824908774587293,76.05243669641973
0.020448121515345072,2.2627807191244846,98.6949506678776
0.031026777358159584,7.305016813471475,90.94121863221451
0.07991113077129816,1.0440112691992969,74.7838902484815
0.02630755889811276,4.303565065621786,53.80054992258076
0.021075692621027497,4.356725303675854,90.50255642495465
0.06386624576338179,5.648859428381371,93.10002009688193
0.05503013289954787,4.277017434583195,94.75168137762384
0.011120480653310803,7.0834230295703655,59.40370968680015
0.030125118573827714,1.6036368670568977,52.3984068708736
0.03968166966211746,0.8803103082625219,64.42366787557899
0.041828878204574066,3.1434800984755573,58.879947962440205
0.07825338831668646,5.290966317446345,78.33160479035968
0.02109211007262175,1.3469992396127592,73.07220825096277
0.2219320904321787,0.6934620475401454,62.011722474686934
0.016725998248615814,5.704069153375175,56.27404136510086
0.19554886052538348,7.570338571463183,60.888045300504146
0.3324371997902968,7.9593443975117975,99.95636245401475
0.011784982410564901,2.4487867025730794,89.31399989468869
0.0832769603610849,6.9548384720438605,78.43041162530831
0.025453222813171576,7.22324461528339,66.39844934651256
0.09772410452819524,3.4028475217146306,66.0533280447191
0.03232966557695391,1.5382282823737303,50.03063138469533
0.010831324888160281,0.6640349888261072,64.76235279645431
0.01789691210022496,1.970575543861445,50.01841980790333
0.0278892309447469,0.7567315148903928,89.48897431003158
0.04765408880418941,4.350284612560297,70.28185692126603
0.02543055552765781,4.021086459846038,91.31164878226214
0.07719381514733434,2.9472220341888002,78.97942288978716
0.011968336181252162,1.4482200475279865,92.89546391084566
0.04295225859338497,5.0274528933003175,68.63561627868734
0.013733355742727783,3.549459758002132,67.15378798984597
0.07131610089033973,2.119222475637744,73.49702210750911
0.020448121515345072,2.2627807191244846,98.6949506678776
0.031026777358159584,7.305016813471475,90.94121863221451
0.07991113077129816,1.0440112691992969,74.7838902484815
0.02630755889811276,4.303565065621786,53.80054992258076
0.021075692621027497,4.356725303675854,90.50255642495465
0.07891227016807587,6.286066973235616,93.80009542477119
0.05503013289954787,4.277017434583195,94.75168137762384
0.021689952580849325,6.089101936517684,62.57560191759992
0.03335576835132095,1.760968527604999,50.32812562892748
0.043081480000990276,0.7949584285580342,62.84195224413371
0.04245167202492603,3.193296388052641,58.76176039640761
0.10855514868431954,7.077472507914184,94.51355046756584
0.02109211007262175,1.3469992396127592,73.07220825096277
0.12708430216072703,3.249190403570295,62.27881270147898
0.016725998248615814,5.704069153375175,56.27404136510086
0.19554886052538348,7.570338571463183,60.888045300504146
0.18689339802233543,4.899480454312977,77.06026901299242
0.01568449020843708,2.9468197269633865,79.77815925275301
0.0832769603610849,6.9548384720438605,78.43041162530831
0.02249311134541496,6.69320144181167,68.91604476625366
0.08883752581432688,2.9708938167892294,68.55821156859571
0.03232966557695391,1.5382282823737303,50.03063138469533
0.010831324888160281,0.6640349888261072,64.76235279645431
0.01789691210022496,1.970575543861445,50.01841980790333
0.0278892309447469,0.7567315148903928,89.48897431003158
0.05361618204524442,3.653375618770181,63.43185080163033
0.02543055552765781,4.021086459846038,91.31164878226214
0.07719381514733434,2.9472220341888002,78.97942288978716
0.011968336181252162,1.4482200475279865,92.89546391084566
0.030293131124794488,6.391858577554917,66.52971370891267
0.010428860247609386,4.201383977928593,61.93994416003062
0.07131610089033973,2.119222475637744,73.49702210750911
0.02138391004054776,2.593021387018746,97.30823703241508
0.029589853823421507,6.461812781450102,91.0363327675547
0.07991113077129816,1.0440112691992969,74.7838902484815
0.02716439310500194,4.474185003137411,51.464449822737286
0.025057794371209037,4.256707961975232,89.68488312883795
0.07891227016807587,6.286066973235616,93.80009542477119
0.05503013289954787,4.277017434583195,94.75168137762384
0.017412819115321453,6.685668461480277,63.361293548124536
0.03335576835132095,1.760968527604999,50.32812562892748
0.043081480000990276,0.7949584285580342,62.84195224413371
0.03912549845953324,3.098525104710558,64.8474695344161
0.10855514868431954,7.077472507914184,94.51355046756584
0.016379142500364638,1.756277329248485,61.68919954281664
0.090301523465555,4.067409409993823,60.27740304446748
0.016725998248615814,5.704069153375175,56.27404136510086
0.19554886052538348,7.570338571463183,60.888045300504146
0.1593111441252394,4.391038351450184,74.5738567215482
0.01568449020843708,2.9468197269633865,79.77815925275301
0.0832769603610849,6.9548384720438605,78.43041162530831
0.02249311134541496,6.69320144181167,68.91604476625366
0.07909884690277513,3.0175870875538773,66.50145321136495
0.04062141394177582,1.4521039250400816,54.344239485443964
0.010831324888160281,0.6640349888261072,64.76235279645431
0.01789691210022496,1.970575543861445,50.01841980790333
0.0278892309447469,0.7567315148903928,89.48897431003158
0.053570696238926276,3.633313499383479,62.42431384010103
0.028443334342505924,3.8112102330163444,85.36957200889742
0.08209201476486111,3.0797668644654763,82.18074647835432
0.011968336181252162,1.4482200475279865,92.89546391084566
0.030720252723856513,6.566053474290088,64.64061402828231
0.010428860247609386,4.201383977928593,61.93994416003062
0.0767331742397786,2.1857561461794304,74.53709565115831
0.02138391004054776,2.593021387018746,97.30823703241508
0.029589853823421507,6.461812781450102,91.0363327675547
0.07991113077129816,1.0440112691992969,74.7838902484815
0.02716439310500194,4.474185003137411,51.464449822737286
0.025057794371209037,4.256707961975232,89.68488312883795
0.07795364532526375,6.224527843026843,93.85855340427443
0.05503013289954787,4.277017434583195,94.75168137762384
0.017412819115321453,6.685668461480277,63.361293548124536
0.03335576835132095,1.760968527604999,50.32812562892748
0.014666076732835695,0.602805183716344,53.628316570172444
0.03883411114386675,3.0873678393592234,64.87593564093991
0.10855514868431954,7.077472507914184,94.51355046756584
0.014690031475735953,1.4237288015688558,62.6248642318781
0.08811196518962906,3.430291389973767,63.3343422812029
0.016725998248615814,5.704069153375175,56.27404136510086
0.19580115097435088,7.592473163804827,60.79276337187012
0.1593111441252394,4.391038351450184,74.5738567215482
0.01568449020843708,2.9468197269633865,79.77815925275301
0.08195492935738874,6.773467787161896,82.26194923372772
0.02338170971786102,5.715621642470248,72.30386287749639
0.06522004742590949,2.9154911217114803,73.90960781439509
0.04062141394177582,1.4521039250400816,54.344239485443964
0.010831324888160281,0.6640349888261072,64.76235279645431
0.01789691210022496,1.970575543861445,50.01841980790333
0.02450111296120755,0.7172915626344287,80.30053579961015
0.05403915782424725,3.6851395131308187,62.751719906938646
0.028443334342505924,3.8112102330163444,85.36957200889742
0.0814758916783816,3.0798751252853447,81.93427375148558
0.011656811443400555,1.1695532867822607,95.29338097531632
0.030720252723856513,6.566053474290088,64.64061402828231
0.010428860247609386,4.201383977928593,61.93994416003062
0.07862783662410472,2.288262315975193,74.78828160845472
0.041608732497569426,3.2146622968486693,88.70114254179076
0.029589853823421507,6.461812781450102,91.0363327675547
0.08747319278867721,0.9275547544166411,78.75627923059658
0.02716439310500194,4.474185003137411,51.464449822737286
0.025057794371209037,4.256707961975232,89.68488312883795
0.09063828421178652,5.362187887297061,78.32037108080952
0.05503013289954787,4.277017434583195,94.75168137762384
0.017412819115321453,6.685668461480277,63.361293548124536
0.03335576835132095,1.760968527604999,50.32812562892748
0.014666076732835695,0.602805183716344,53.628316570172444
0.03883411114386675,3.0873678393592234,64.87593564093991
0.10855514868431954,7.077472507914184,94.51355046756584
0.014690031475735953,1.4237288015688558,62.6248642318781
0.10052045137612822,2.7875156863628447,57.460668924863384
0.01644557701445429,5.303293197409788,53.380396019830336
0.10778884767907736,4.196240927873712,57.31160729266088
0.12979083999964128,5.056314056834178,81.57124626081661
0.015915962333191643,3.0556973354565984,80.49433939415907
0.10118925214283742,7.624269340928144,79.75259429716935
0.022123553478811703,5.920093551703791,70.41889795786906
0.07034972099322177,4.0980606196678515,76.46981619706223
0.04062141394177582,1.4521039250400816,54.344239485443964
0.010831324888160281,0.6640349888261072,64.76235279645431
0.01789691210022496,1.970575543861445,50.01841980790333
0.02450111296120755,0.7172915626344287,80.30053579961015
0.05403915782424725,3.6851395131308187,62.751719906938646
0.028443334342505924,3.8112102330163444,85.36957200889742
0.07337668037951119,4.107210569621712,83.00704277361656
0.01203626121106807,1.2504132019102636,94.2209456913454
0.05286127431127936,5.367479711654138,62.36309444236727
0.01038576255041005,4.580178983154493,61.637708135969284
0.037546413685643654,0.06565033506587614,69.34188829149109
0.039850178096942954,2.878218620279626,92.81726947168326
0.05898839741830512,5.93227631043645,84.91282145660878
0.08747319278867721,0.9275547544166411,78.75627923059658
0.02716439310500194,4.474185003137411,51.464449822737286
0.020613999638583028,4.536488902638049,89.9490096215851
0.07430658586841335,4.864473857454315,85.85660065927965
0.05503013289954787,4.277017434583195,94.75168137762384
0.017412819115321453,6.685668461480277,63.361293548124536
0.03335576835132095,1.760968527604999,50.32812562892748
0.020254282708032867,1.0402796876089684,54.923197631735384
0.037720381019661756,2.8177149669184,61.918410917654015
0.10855514868431954,7.077472507914184,94.51355046756584
0.014690031475735953,1.4237288015688558,62.6248642318781
0.10881302650509042,2.3590974074319537,52.04787461167727
0.019788746582386982,5.309185887019554,54.205059179768256
0.10931105411661039,4.251695589506366,57.19463263774161
0.20022554037115434,7.638722929928701,98.70659693354254
0.019581013170215295,3.170136685358803,81.83027167684887
0.09856898686827546,7.523856328167234,80.08417641660692
0.022123553478811703,5.920093551703791,70.41889795786906
0.0733614145084591,4.190629634843113,75.18812728644099
0.04062141394177582,1.4521039250400816,54.344239485443964
0.013006979604123852,1.1791432419331467,68.22343852869267
0.01789691210022496,1.970575543861445,50.01841980790333
0.02450111296120755,0.7172915626344287,80.30053579961015
0.05403915782424725,3.6851395131308187,62.751719906938646
0.028443334342505924,3.8112102330163444,85.36957200889742
0.060947493294036086,4.205911459769359,74.52339454779673
0.01203626121106807,1.2504132019102636,94.2209456913454
0.05286127431127936,5.367479711654138,62.36309444236727
0.01038576255041005,4.580178983154493,61.637708135969284
0.03814965645798753,0.052138449696573,69.44529695724606
0.039850178096942954,2.878218620279626,92.81726947168326
0.06600759371461414,6.419693184250333,84.80786106490798
0.06646219335489877,1.0174785956388968,83.06356071004119
0.02716439310500194,4.474185003137411,51.464449822737286
0.020614564564058573,4.537022396610528,89.95731182279167
0.07897103503123876,5.246723697414694,89.26560462654163
0.05355853970574855,3.9305282485030815,89.18584454428051
0.024092487004379,5.41340126979584,62.88669315937118
0.02950025829143573,1.5488839481683758,51.68036512413305
0.020254282708032867,1.0402796876089684,54.923197631735384
0.04121304980855947,2.1524711276529516,61.67025157911668
0.10912372770650482,7.052056889710297,95.33511129741926
0.014690031475735953,1.4237288015688558,62.6248642318781
0.09779074467143448,1.9992511137456104,54.7615760972444
0.019788746582386982,5.309185887019554,54.205059179768256
0.12274312406955079,4.666123970945993,52.08189980963461
0.14187946202513588,7.075701224784597,89.43956780342455
0.022223734537692108,3.361303167545868,82.88568192790896
0.09856898686827546,7.523856328167234,80.08417641660692
0.022080739732344347,6.0137826673407275,70.24095501243653
0.048773663234430886,2.8039207315435863,71.0885593575365
0.04062141394177582,1.4521039250400816,54.344239485443964
0.012708035100981549,1.1356998342554951,69.21786005526356
0.01789691210022496,1.970575543861445,50.01841980790333
0.02450111296120755,0.7172915626344287,80.30053579961015
0.056041207451083624,3.6440908518359967,62.802811164247956
0.03055779040009171,5.470669314969831,88.0884082390736
0.060947493294036086,4.205911459769359,74.52339454779673
0.01203626121106807,1.2504132019102636,94.2209456913454
0.07397034966261415,5.155622538011605,59.25747384195658
0.014870696127105011,5.129954942428063,64.93698697889579
0.036415532012135675,0.41246317446242564,70.90877896198855
0.04056006717823907,3.387852749942879,97.34542108221068
0.06600759371461414,6.419693184250333,84.80786106490798
0.059923900287435494,1.4979305784578338,83.4601369903522
0.02789806905744205,4.337397830014378,52.28572728201486
0.020614564564058573,4.537022396610528,89.95731182279167
0.10803927089365636,4.854793036112144,98.98629599010722
0.05419069590617777,3.9660413774306695,89.25580376238011
0.021888962934939363,6.087115108109909,71.08003868974572
0.02950025829143573,1.5488839481683758,51.68036512413305
0.020254282708032867,1.0402796876089684,54.923197631735384
0.03754090123950835,1.7830759965937175,61.389776609793586
0.10912372770650482,7.052056889710297,95.33511129741926
0.013633882653208515,1.3607814393416868,62.25903200988787
0.08458372772851386,3.8361002480453994,67.24686414117889
0.023323885880284563,5.146815036805236,55.04346435794351
0.12274312406955079,4.666123970945993,52.08189980963461
0.08264681717374532,4.418286632009167,91.62076525203845
0.022223734537692108,3.361303167545868,82.88568192790896
0.09856898686827546,7.523856328167234,80.08417641660692
0.022080739732344347,6.0137826673407275,70.24095501243653
0.039951088830206205,2.090222497595399,65.77788744165439
0.04273917552175247,1.0600091515294885,54.35838797151944
0.012708035100981549,1.1356998342554951,69.21786005526356
0.01789691210022496,1.970575543861445,50.01841980790333
0.02500074779301629,1.2497480132895022,76.18003092839369
0.05990649968935291,3.7565668661501994,66.98951522476267
0.019806071383219007,6.098620197381738,95.8178578384103
0.060947493294036086,4.205911459769359,74.52339454779673
0.018781379298224418,1.5530263180352306,93.9725618077755
0.07397034966261415,5.155622538011605,59.25747384195658
0.014870696127105011,5.129954942428063,64.93698697889579
0.036415532012135675,0.41246317446242564,70.90877896198855
0.03640352890572611,2.8926391666762377,99.39327622370571
0.06600759371461414,6.419693184250333,84.80786106490798
0.059923900287435494,1.4979305784578338,83.4601369903522
0.02789806905744205,4.337397830014378,52.28572728201486
0.013104786088360187,4.647546910493917,90.4433747975361
0.10803927089365636,4.854793036112144,98.98629599010722
0.05727244044060109,3.997513285341343,87.58466710976538
0.021888962934939363,6.087115108109909,71.08003868974572
0.02950025829143573,1.5488839481683758,51.68036512413305
0.020254282708032867,1.0402796876089684,54.923197631735384
0.03824731284445554,2.1585548357567945,69.80252537356264
0.10912372770650482,7.052056889710297,95.33511129741926
0.013633882653208515,1.3607814393416868,62.25903200988787
0.06713856003964244,3.9903759605359297,62.64253303798459
0.023323885880284563,5.146815036805236,55.04346435794351
0.12274312406955079,4.666123970945993,52.08189980963461
0.08115535409144464,4.226603351960323,91.08512645876286
0.022223734537692108,3.361303167545868,82.88568192790896
0.09856898686827546,7.523856328167234,80.08417641660692
0.019794516950310523,7.389579909432342,75.96014596972994
0.01198886150292594,0.9964348178000493,64.8575775199361
0.04273917552175247,1.0600091515294885,54.35838797151944
0.012208990534597114,0.8665574411315173,69.11663824566189
0.01789691210022496,1.970575543861445,50.01841980790333
0.024622375935266904,1.2245931393449971,78.24025149413156
0.05495171531788909,3.8464773092866205,64.71342429303755
0.019806071383219007,6.098620197381738,95.8178578384103
0.04835738559560753,3.5521892766297762,67.35693447763903
0.0180786153338528,1.9361289077376012,93.53564738346643
0.06481121821135322,4.992960139737036,57.87149636594221
0.012353093312134966,5.078613471580406,64.12501942653485
0.05013140217382547,1.088291815178314,67.91753336079341
0.03640352890572611,2.8926391666762377,99.39327622370571
0.06471847017110102,5.986791187122667,83.43639114751089
0.08729939859087557,0.025583491415608783,84.08751513385499
0.02697797479311033,4.112396131885566,56.15089289691164
0.013104786088360187,4.647546910493917,90.4433747975361
0.10774875628341712,4.266169086815204,99.96441008864988
0.09465369683203242,0.6141958450137679,99.17920503222672
0.021888962934939363,6.087115108109909,71.08003868974572
0.02950586732829389,1.5473771923985378,51.65686644061582
0.020366335812225557,1.386227210499693,56.030707323660906
0.03824731284445554,2.1585548357567945,69.80252537356264
0.10912372770650482,7.052056889710297,95.33511129741926
0.017146829550245046,1.5701560427080832,63.475857841309164
0.06191019836753255,4.094230132687034,62.78401170881298
0.013885329746993774,7.1335763711121665,55.37650764744691
0.12439855767600194,4.6141020811995554,51.529511006272216
0.08115535409144464,4.226603351960323,91.08512645876286
0.02212135223638847,3.531079743042671,82.59379687288443
0.07114822332618323,6.287490256788072,69.29820215493294
0.019790809010241973,7.803862573160682,69.58759561690816
0.01198886150292594,0.9964348178000493,64.8575775199361
0.04273917552175247,1.0600091515294885,54.35838797151944
0.012208990534597114,0.8665574411315173,69.11663824566189
0.018182495478060903,2.850185096473738,52.969283341943736
0.024622375935266904,1.2245931393449971,78.24025149413156
0.05552618390258583,3.87211436972088,64.48313347981839
0.02108816347455216,6.061361120778491,95.03113206148888
0.05001991437237743,3.720448179839443,66.8953126215209
0.018915663254919505,2.1408222864013555,90.01934588268733
0.080400879294064,4.337665110792319,58.63527348794078
0.012353093312134966,5.078613471580406,64.12501942653485
0.06955645763731652,0.8045155342952183,70.53329541117485
0.024640906531579902,1.9790762115861238,82.75449202166735
0.06471847017110102,5.986791187122667,83.43639114751089
0.08259440122311021,0.13480579042508545,80.9484943792288
0.02697797479311033,4.112396131885566,56.15089289691164
0.013104786088360187,4.647546910493917,90.4433747975361
0.10774875628341712,4.266169086815204,99.96441008864988
0.09465369683203242,0.6141958450137679,99.17920503222672
0.021888962934939363,6.087115108109909,71.08003868974572
0.02950586732829389,1.5473771923985378,51.65686644061582
0.02013557908295257,3.3271257155681995,72.41788495718575
0.01915744728631877,0.5969624785369674,75.46466163954558
0.11720367224735828,7.868318435769056,96.56291389575557
0.017146829550245046,1.5701560427080832,63.475857841309164
0.05510271295646449,5.397336838532732,56.805804492327965
0.013885329746993774,7.1335763711121665,55.37650764744691
0.10588872796215856,4.448237045818359,68.46090474124841
0.053976211252527946,3.098629205083207,79.3617464744485
0.02212135223638847,3.531079743042671,82.59379687288443
0.07607752760747094,6.564627790641827,67.96142437351122
0.019677877357109616,7.456028040071769,68.42070033192202
0.01198886150292594,0.9964348178000493,64.8575775199361
0.053785627486673857,0.8398138972635352,50.423004592817875
0.019970367874796738,0.8581607206800366,69.30836791357467
0.018182495478060903,2.850185096473738,52.969283341943736
0.02796365633451434,0.6881409536897971,71.3435914718206
0.018214112358315326,3.104997552670663,63.93888819167991
0.02108816347455216,6.061361120778491,95.03113206148888
0.05001991437237743,3.720448179839443,66.8953126215209
0.018915663254919505,2.1408222864013555,90.01934588268733
0.05577647541699561,3.8085979779025427,55.18806581031768
0.026527219972012624,4.404359615391964,69.31365760996914
0.06780206818082736,1.3378088327151771,69.08210481501784
0.024640906531579902,1.9790762115861238,82.75449202166735
0.10427374951429588,4.696486808143332,96.62338109665646
0.08259440122311021,0.13480579042508545,80.9484943792288
0.02697797479311033,4.112396131885566,56.15089289691164
0.012015957414004463,5.4765215246073335,97.70777113938584
0.10774875628341712,4.266169086815204,99.96441008864988
0.09465369683203242,0.6141958450137679,99.17920503222672
0.022099880699145404,6.271313687724772,72.11063725036495
0.027930871655735795,1.5932758800556293,51.736905413741574
0.019836070923202855,3.5095285237987577,71.60127248569985
0.01915744728631877,0.5969624785369674,75.46466163954558
0.11720367224735828,7.868318435769056,96.56291389575557
0.01670689772333412,1.5277113810929746,63.533576792746196
0.05501774072951645,5.223944906648295,58.50720326911984
0.013885329746993774,7.1335763711121665,55.37650764744691
0.1299258536045432,5.401732947548595,65.56834981861927
0.06319947319612021,3.1626478475311086,86.16251011523643
0.022144784632835913,3.5166457766438017,82.59529137230469
0.08453063460131793,7.890270861566728,63.6011346542978
0.019677877357109616,7.456028040071769,68.42070033192202
0.02096070558370207,1.3561501543352725,67.94581702406578
0.053785627486673857,0.8398138972635352,50.423004592817875
0.019970367874796738,0.8581607206800366,69.30836791357467
0.01784563861038282,3.0313362375585915,51.153384603906915
0.02796365633451434,0.6881409536897971,71.3435914718206
0.018214112358315326,3.104997552670663,63.93888819167991
0.019796161544532388,4.724422312152495,85.74274269893847
0.05148459017924206,3.751266128384654,66.87098939432784
0.01897388161533267,1.7690814968980606,86.51477261511772
0.054290593327597884,4.113888653348834,53.47131852709276
0.028306787155649313,4.775978273822064,59.52203338177028
0.09115213529329977,1.5719593131441396,68.97164964611154
0.023144914150072103,3.6980485732984487,87.92395113404447
0.06350347721751831,3.9109942008439544,75.17406189999
0.06769645574867372,0.5175022933039164,82.25194348912382
0.03897755952125957,4.135241170246344,62.659979500754645
0.012015957414004463,5.4765215246073335,97.70777113938584
0.10774875628341712,4.266169086815204,99.96441008864988
0.09409086928742995,0.5918219074239661,98.32834720056418
0.021878477347491567,5.952436659854044,73.13083071873349
0.027930871655735795,1.5932758800556293,51.736905413741574
0.027468366271619204,3.110358751942708,68.6764479194585
0.01915744728631877,0.5969624785369674,75.46466163954558
0.11720367224735828,7.868318435769056,96.56291389575557
0.01670689772333412,1.5277113810929746,63.533576792746196
0.05491258694636269,5.063418149294904,57.778957069307715
0.013331759748441531,7.648755942583283,54.281539983079085
0.1457715254314032,5.72751173261071,65.79947963458044
0.04398989984535319,2.3410791345453994,77.8778246965176
0.022144784632835913,3.5166457766438017,82.59529137230469
0.08453063460131793,7.890270861566728,63.6011346542978
0.019677877357109616,7.456028040071769,68.42070033192202
0.02096070558370207,1.3561501543352725,67.94581702406578
0.045459641162568856,2.16941336581978,61.78188732177809
0.019970367874796738,0.8581607206800366,69.30836791357467
0.01784563861038282,3.0313362375585915,51.153384603906915
0.02796365633451434,0.6881409536897971,71.3435914718206
0.018214112358315326,3.104997552670663,63.93888819167991
0.019796161544532388,4.724422312152495,85.74274269893847
0.05148459017924206,3.751266128384654,66.87098939432784
0.018964252018336868,1.7791165327789296,86.45975908520089
0.05567721145787354,4.252693006113184,52.60329582655609
0.028306787155649313,4.775978273822064,59.52203338177028
0.10038724801527656,1.624119621590153,70.16142010694986
0.023144914150072103,3.6980485732984487,87.92395113404447
0.06350347721751831,3.9109942008439544,75.17406189999
0.06769645574867372,0.5175022933039164,82.25194348912382
0.03899896916857048,4.134189336863764,62.662569471631365
0.012015957414004463,5.4765215246073335,97.70777113938584
0.10774875628341712,4.266169086815204,99.96441008864988
0.0941490856498586,0.5724053714070064,98.90990379872932
0.021878477347491567,5.952436659854044,73.13083071873349
0.029722500480781438,1.7649990123621708,51.792849731024894
0.02796954917789251,2.9494596641666853,69.18678834544849
0.01915744728631877,0.5969624785369674,75.46466163954558
0.11720367224735828,7.868318435769056,96.56291389575557
0.016497350823316475,1.9077390784113302,62.95916008838121
0.05759060682522035,5.308899976241821,55.63766999293598
0.013331759748441531,7.648755942583283,54.281539983079085
0.20620006324598714,5.61780513743387,62.2236306820171
0.04475378005204773,2.5077660282005088,76.62871213221939
0.021700989887379354,3.3543256238909116,81.03963401668385
0.09149653729183514,6.802967562484037,74.51084740593112
0.019677877357109616,7.456028040071769,68.42070033192202
0.02180683886121317,1.1802941369768436,60.03781334364426
0.040896731837729905,2.3260991046441,62.14312822312643
0.019970367874796738,0.8581607206800366,69.30836791357467
0.018122639410363715,2.5172952107904396,56.28694051870089
0.02796365633451434,0.6881409536897971,71.3435914718206
0.017507902347200652,2.6319154885014733,70.88713600187585
0.020323230731971374,5.181927059201033,95.08945918506538
0.05148459017924206,3.751266128384654,66.87098939432784
0.015956561695777957,1.5926900087518625,86.15044169631382
0.05567721145787354,4.252693006113184,52.60329582655609
0.027995346711432785,4.832975639114428,60.18135597423431
0.07987749290541446,2.8299203892914306,62.107013157023694
0.026710015264124563,6.470657316885655,99.06351125450892
0.07592261628525554,4.4402593384349665,78.40127026480937
0.06769645574867372,0.5175022933039164,82.25194348912382
0.03899896916857048,4.134189336863764,62.662569471631365
0.012015957414004463,5.4765215246073335,97.70777113938584
0.10774875628341712,4.266169086815204,99.96441008864988
0.09171224153465118,0.7293480590146446,97.48329609112125
0.021878477347491567,5.952436659854044,73.13083071873349
0.029722500480781438,1.7649990123621708,51.792849731024894
0.029278535078259095,2.746357808466947,64.10315367428335
0.01915744728631877,0.5969624785369674,75.46466163954558
0.11720367224735828,7.868318435769056,96.56291389575557
0.015502821524465783,0.1728263612140255,61.251373113066904
0.05759060682522035,5.308899976241821,55.63766999293598
0.013331759748441531,7.648755942583283,54.281539983079085
0.3399815348042798,6.80488053381557,61.872425580623315
0.054317137870005555,2.1565741650905403,74.79885882652947
0.021700989887379354,3.3543256238909116,81.03963401668385
0.09149653729183514,6.802967562484037,74.51084740593112
0.019677877357109616,7.456028040071769,68.42070033192202
0.01898998485790126,2.4163263963027233,70.87552718929363
0.040896731837729905,2.3260991046441,62.14312822312643
0.020032222762222746,0.8707082196398457,69.27377808146682
0.018122639410363715,2.5172952107904396,56.28694051870089
0.02796365633451434,0.6881409536897971,71.3435914718206
0.019226679800886416,1.7416580698729596,62.49326032966368
0.018359009150696298,4.785584929316636,93.86726062793318
0.030980697244349882,2.1874392219370726,62.95598795071176
0.013471415593597935,1.4262653374468153,88.2493388517438
0.05177283558301471,4.224951301725279,54.958171397804094
0.027995346711432785,4.832975639114428,60.18135597423431
0.051293466813835474,3.9588038237711807,77.93746866806597
0.026710015264124563,6.470657316885655,99.06351125450892
0.07592261628525554,4.4402593384349665,78.40127026480937
0.06769645574867372,0.5175022933039164,82.25194348912382
0.03899896916857048,4.134189336863764,62.662569471631365
0.012015957414004463,5.4765215246073335,97.70777113938584
0.10774875628341712,4.266169086815204,99.96441008864988
0.0701649394722132,1.4254643205838229,85.96304441352495
0.021878477347491567,5.952436659854044,73.13083071873349
0.029722500480781438,1.7649990123621708,51.792849731024894
0.024819180764961073,1.7993335821640606,69.10903748756355
0.01915744728631877,0.5969624785369674,75.46466163954558
0.11720367224735828,7.868318435769056,96.56291389575557
0.015502821524465783,0.1728263612140255,61.251373113066904
0.05759060682522035,5.308899976241821,55.63766999293598
0.013331759748441531,7.648755942583283,54.281539983079085
0.3658511840101512,7.402240734641884,59.93617927176841
0.05677562911198089,1.963623012919248,73.46742174422582
0.021924539066739586,3.5966672572038343,81.5296122460029
0.07740836496952118,6.730704939674032,79.84995418994188
0.020545818949070607,6.862994548338232,70.2784291713934
0.016463403839062515,2.902905445660484,70.74374140519055
0.040896731837729905,2.3260991046441,62.14312822312643
0.02458336294450262,2.837918744230363,65.87749813981948
0.018122639410363715,2.5172952107904396,56.28694051870089
0.02796365633451434,0.6881409536897971,71.3435914718206
0.019226679800886416,1.7416580698729596,62.49326032966368
0.018149614250766114,4.860570976090279,94.65277120359076
0.030980697244349882,2.1874392219370726,62.95598795071176
0.011797125671364803,1.421456745245316,89.0288775012781
0.07669073895630925,7.008806239338058,50.634671770910266
0.03452249425526188,7.134064970607001,58.46043978605533
0.047329331234371386,4.363845718816766,81.34408945525877
0.026710015264124563,6.470657316885655,99.06351125450892
0.09699183549592623,5.660291913552008,90.53584255568066
0.0754707336881631,0.5688420119295365,85.37999298056064
0.04886760770049032,4.898525973591267,65.67645066046339
0.012015957414004463,5.4765215246073335,97.70777113938584
0.10774875628341712,4.266169086815204,99.96441008864988
0.05154156760754908,2.2516719974318375,84.12023633390756
0.021878477347491567,5.952436659854044,73.13083071873349
0.029722500480781438,1.7649990123621708,51.792849731024894
0.0255238034805765,1.8901404097755505,69.0084621502169
0.019730719563305524,1.2568801064797035,76.72987858772514
0.11720367224735828,7.868318435769056,96.56291389575557
0.015502821524465783,0.1728263612140255,61.251373113066904
0.05759060682522035,5.308899976241821,55.63766999293598
0.013535738661792857,7.33963606839662,55.3538016642547
0.2803424510804253,6.5865688877055595,65.68323636851412
0.04679940688024867,1.521983956345791,72.73203986171323
0.021743297997600212,3.5736430823372345,81.17165686103442
0.04867565641397953,5.784232864100026,86.67060743893336
0.020545818949070607,6.862994548338232,70.2784291713934
0.012826071931332735,3.068479987182473,70.50534146146094
0.040896731837729905,2.3260991046441,62.14312822312643
0.02673124114534066,2.795798712741796,65.03206156975301
0.010603554858961962,0.40057634304908163,55.29042409107337
0.028523228512077257,0.5201264610395553,70.41852626336808
0.010967441036141404,0.9846173216160281,64.19768072319543
0.018149614250766114,4.860570976090279,94.65277120359076
0.030980697244349882,2.1874392219370726,62.95598795071176
0.011797125671364803,1.421456745245316,89.0288775012781
0.07669073895630925,7.008806239338058,50.634671770910266
0.03452249425526188,7.134064970607001,58.46043978605533
0.047329331234371386,4.363845718816766,81.34408945525877
0.026710015264124563,6.470657316885655,99.06351125450892
0.09699183549592623,5.660291913552008,90.53584255568066
0.0754707336881631,0.5688420119295365,85.37999298056064
0.03899232648503182,6.505737348498204,58.36234699302932
0.012015957414004463,5.4765215246073335,97.70777113938584
0.10774875628341712,4.266169086815204,99.96441008864988
0.052879810075025145,0.9269952935089907,93.35083743008447
0.021878477347491567,5.952436659854044,73.13083071873349
0.029722500480781438,1.7649990123621708,51.792849731024894
0.027726239970315352,0.9093700516001464,61.922461618400945
0.019730719563305524,1.2568801064797035,76.72987858772514
0.11720367224735828,7.868318435769056,96.56291389575557
0.01586393746483427,0.4959881648785691,60.56707526383072
0.05759060682522035,5.308899976241821,55.63766999293598
0.013535738661792857,7.33963606839662,55.3538016642547
0.2803424510804253,6.5865688877055595,65.68323636851412
0.04679940688024867,1.521983956345791,72.73203986171323
0.021743297997600212,3.5736430823372345,81.17165686103442
0.03662300756081601,6.3177209837557875,75.92924868372006
0.020545818949070607,6.862994548338232,70.2784291713934
0.012826071931332735,3.068479987182473,70.50534146146094
0.0424023886610391,2.27886025792332,61.79846124583741
0.028303489435913782,2.4175097587527987,59.60522226999188
0.010603554858961962,0.40057634304908163,55.29042409107337
0.015982588721462652,0.5071135400414912,66.42201219652146
0.010967441036141404,0.9846173216160281,64.19768072319543
0.018149614250766114,4.860570976090279,94.65277120359076
0.030980697244349882,2.1874392219370726,62.95598795071176
0.011797125671364803,1.421456745245316,89.0288775012781
0.0772666008528231,7.015006618928375,50.07669018739529
0.03452249425526188,7.134064970607001,58.46043978605533
0.051787611155007754,4.085568882762067,82.78282336457245
0.026710015264124563,6.470657316885655,99.06351125450892
0.09699183549592623,5.660291913552008,90.53584255568066
0.0754707336881631,0.5688420119295365,85.37999298056064
0.03856022327450812,6.610024326487707,58.2557563553543
0.012015957414004463,5.4765215246073335,97.70777113938584
0.09779817204071567,3.6606037820776294,98.76502653143083
0.052879810075025145,0.9269952935089907,93.35083743008447
0.021878477347491567,5.952436659854044,73.13083071873349
0.029722500480781438,1.7649990123621708,51.792849731024894
0.037709738969328103,1.251335884490878,58.097308968618194
0.01898843172834056,1.177435468001173,77.14341626532422
0.09162753258757009,6.125951809911293,91.50590053515941
0.01586393746483427,0.4959881648785691,60.56707526383072
0.05759060682522035,5.308899976241821,55.63766999293598
0.013535738661792857,7.33963606839662,55.3538016642547
0.2803424510804253,6.5865688877055595,65.68323636851412
0.03676687114146127,0.6948129342643528,69.17338984736114
0.021743297997600212,3.5736430823372345,81.17165686103442
0.035783718050268705,6.296928235734487,75.76995687786666
0.04572976198779702,3.9770259545417215,77.20273528224243
0.013645329303267617,3.0246781548570176,70.97262221614753
0.05257346805031932,3.2279644067630553,61.71252469257523
0.023899671054116303,2.9634891021247878,60.31119719561517
0.010603554858961962,0.40057634304908163,55.29042409107337
0.015982588721462652,0.5071135400414912,66.42201219652146
0.010967441036141404,0.9846173216160281,64.19768072319543
0.018149614250766114,4.860570976090279,94.65277120359076
0.0343167492572554,4.133995494925301,60.88722837228638
0.011797125671364803,1.421456745245316,89.0288775012781
0.0772666008528231,7.015006618928375,50.07669018739529
0.03452249425526188,7.134064970607001,58.46043978605533
0.051787611155007754,4.085568882762067,82.78282336457245
0.026710015264124563,6.470657316885655,99.06351125450892
0.09699183549592623,5.660291913552008,90.53584255568066
0.0754707336881631,0.5688420119295365,85.37999298056064
0.037141328153821096,6.257100987756635,58.45468849210222
0.012015957414004463,5.4765215246073335,97.70777113938584
0.09779817204071567,3.6606037820776294,98.76502653143083
0.04749522734506952,0.9343981338762894,89.60546135788081
0.021878477347491567,5.952436659854044,73.13083071873349
0.029722500480781438,1.7649990123621708,51.792849731024894
0.037709738969328103,1.251335884490878,58.097308968618194
0.01898843172834056,1.177435468001173,77.14341626532422
0.09162753258757009,6.125951809911293,91.50590053515941
0.01586393746483427,0.4959881648785691,60.56707526383072
0.06615547196708874,6.103288283971583,54.065161213731805
0.013535738661792857,7.33963606839662,55.3538016642547
0.18275367755563435,5.2832156841473665,67.61870786565774
0.03676687114146127,0.6948129342643528,69.17338984736114
0.016401963999722102,3.5169299792133573,81.62126034274301
0.034214863783801855,6.523363314474088,75.39006572459445
0.04572976198779702,3.9770259545417215,77.20273528224243
0.014549299096874014,3.8088253677157864,62.14117687016079
0.05257346805031932,3.2279644067630553,61.71252469257523
0.02277558407023878,2.918261119286206,59.40542708883418
0.010603554858961962,0.40057634304908163,55.29042409107337
0.016100144480982934,0.1788537956055718,66.95377011544625
0.017976806174140374,1.3625538846457743,63.7790066201002
0.018149614250766114,4.860570976090279,94.65277120359076
0.0343167492572554,4.133995494925301,60.88722837228638
0.011797125671364803,1.421456745245316,89.0288775012781
0.0772666008528231,7.015006618928375,50.07669018739529
0.03452249425526188,7.134064970607001,58.46043978605533
0.051787611155007754,4.085568882762067,82.78282336457245
0.026710015264124563,6.470657316885655,99.06351125450892
0.09582611285090539,5.761484984737174,90.74664693660031
0.11028523178904306,0.7975283732724728,96.18500114218311
0.037141328153821096,6.257100987756635,58.45468849210222
0.012015957414004463,5.4765215246073335,97.70777113938584
0.09779817204071567,3.6606037820776294,98.76502653143083
0.05079774233178719,0.6600991634474589,90.45348889415435
0.021878477347491567,5.952436659854044,73.13083071873349
0.03407396054263542,0.26637867186834185,50.835564988535275
0.037709738969328103,1.251335884490878,58.097308968618194
0.01898843172834056,1.177435468001173,77.14341626532422
0.09140411185752702,6.1453463287842505,91.54630300043065
0.01586393746483427,0.4959881648785691,60.56707526383072
0.05614582920425013,5.24116748059962,60.50344224229045
0.013535738661792857,7.33963606839662,55.3538016642547
0.3431665224764788,6.5698435664251145,80.37167972170214
0.03676687114146127,0.6948129342643528,69.17338984736114
0.017769131143947667,3.3885131004995577,76.85587474236227
0.0252443486019397,6.420921600691497,80.66451073006715
0.07876812725208868,2.5075720325561393,57.10850762179262
0.013792731921827794,3.928025806580261,54.18615397321949
0.05279188099143671,3.5438099195764288,58.177407497220564
0.02277558407023878,2.918261119286206,59.40542708883418
0.010603554858961962,0.40057634304908163,55.29042409107337
0.01649197557086599,0.2919821797233437,66.79597013058903
0.017976806174140374,1.3625538846457743,63.7790066201002
0.017925816462314753,4.818477882352795,94.53745956488494
0.0343167492572554,4.133995494925301,60.88722837228638
0.0170174037167945,1.7243157901240225,84.64800342651708
0.0772666008528231,7.015006618928375,50.07669018739529
0.03452249425526188,7.134064970607001,58.46043978605533
0.012437530995787205,3.750073058797611,83.1084430025622
0.026710015264124563,6.470657316885655,99.06351125450892
0.0957161097125574,5.771034044676077,90.76653944154369
0.11028523178904306,0.7975283732724728,96.18500114218311
0.03718976316569611,6.267789934322008,58.46046370097663
0.012394877790573359,5.21500404109867,95.5509809329066
0.08145409349407974,3.0495322933800364,90.61598774859112
0.05079774233178719,0.6600991634474589,90.45348889415435
0.021878477347491567,5.952436659854044,73.13083071873349
0.03407396054263542,0.26637867186834185,50.835564988535275
0.037709738969328103,1.251335884490878,58.097308968618194
0.01898843172834056,1.177435468001173,77.14341626532422
0.09140411185752702,6.1453463287842505,91.54630300043065
0.01586393746483427,0.4959881648785691,60.56707526383072
0.05614582920425013,5.24116748059962,60.50344224229045
0.013535738661792857,7.33963606839662,55.3538016642547
0.3431665224764788,6.5698435664251145,80.37167972170214
0.03676687114146127,0.6948129342643528,69.17338984736114
0.017769131143947667,3.3885131004995577,76.85587474236227
0.01803131764920948,5.86650853226839,97.92643536243457
0.06772874791844548,2.9114898944572367,58.04694268595324
0.011786946414652687,3.965828988042297,54.04257803600618
0.04901993267199749,3.580970793694457,57.79137850988444
0.02277558407023878,2.918261119286206,59.40542708883418
0.010603554858961962,0.40057634304908163,55.29042409107337
0.01649197557086599,0.2919821797233437,66.79597013058903
0.017976806174140374,1.3625538846457743,63.7790066201002
0.017925816462314753,4.818477882352795,94.53745956488494
0.03152657930554257,3.992477940667042,60.9362835102216
0.01695673253647221,1.750316432815437,84.29299292256981
0.0772666008528231,7.015006618928375,50.07669018739529
0.03452249425526188,7.134064970607001,58.46043978605533
0.012030189335994788,3.6876577010772773,83.5630581369783
0.026710015264124563,6.470657316885655,99.06351125450892
0.07054129731727433,3.6031873136709747,81.54498708169069
0.1110148078308246,0.5908859775723156,96.36424278894741
0.030833591643655792,6.136877382211444,64.55057070853299
0.012394877790573359,5.21500404109867,95.5509809329066
0.0775381712612706,3.010147980902562,81.32384665390306
0.057022262124766875,0.6529447323597817,91.06447191540701
0.013386110245611631,5.777526740115122,81.26771378089765
0.03407396054263542,0.26637867186834185,50.835564988535275
0.037709738969328103,1.251335884490878,58.097308968618194
0.01898843172834056,1.177435468001173,77.14341626532422
0.06707191978637554,4.325635571852535,81.56760589570422
0.01586393746483427,0.4959881648785691,60.56707526383072
0.05614582920425013,5.24116748059962,60.50344224229045
0.017632625409010234,7.062499377688482,57.016181183616865
0.22136066772466556,5.913939830555925,85.6769040989661
0.03676687114146127,0.6948129342643528,69.17338984736114
0.017769131143947667,3.3885131004995577,76.85587474236227
0.01803131764920948,5.86650853226839,97.92643536243457
0.06419919137919096,2.634083012978776,57.290647154362674
0.011786946414652687,3.965828988042297,54.04257803600618
0.04901993267199749,3.580970793694457,57.79137850988444
0.02277558407023878,2.918261119286206,59.40542708883418
0.010181851873331812,0.241648111439412,54.14434723230229
0.01649197557086599,0.2919821797233437,66.79597013058903
0.01800794338468405,1.3850039988236234,63.71574025973456
0.017925816462314753,4.818477882352795,94.53745956488494
0.03152657930554257,3.992477940667042,60.9362835102216
0.032985333376538986,2.0501641142494087,75.13153450854051
0.0772666008528231,7.015006618928375,50.07669018739529
0.03452249425526188,7.134064970607001,58.46043978605533
0.019569475927727956,4.669680464833203,75.93993817180197
0.026710015264124563,6.470657316885655,99.06351125450892
0.07054129731727433,3.6031873136709747,81.54498708169069
0.1110148078308246,0.5908859775723156,96.36424278894741
0.034132120111287176,7.2849396479077315,65.62330458074958
0.012394877790573359,5.21500404109867,95.5509809329066
0.0775381712612706,3.010147980902562,81.32384665390306
0.05631372002488275,0.65440929968017,90.29871265309444
0.015539844442129361,4.009085940993289,79.68218524182909
0.03407396054263542,0.26637867186834185,50.835564988535275
0.037709738969328103,1.251335884490878,58.097308968618194
0.01898843172834056,1.177435468001173,77.14341626532422
0.058526012544967934,4.752771847072673,77.5545619257784
0.01455857636121756,0.4723117728035163,59.25767712412473
0.053972338229269876,4.731260779552859,61.47583987131246
0.017632625409010234,7.062499377688482,57.016181183616865
0.22136066772466556,5.913939830555925,85.6769040989661
0.03676687114146127,0.6948129342643528,69.17338984736114
0.017769131143947667,3.3885131004995577,76.85587474236227
0.018468783620426307,5.896961780733672,97.98375179763548
0.0574424433391965,3.325556355274978,64.81945271592812
0.010765437316927987,3.980676420095362,53.618737048166594
0.05714909835475736,1.5886401197990931,57.41621499412614
0.023143297548369367,3.0872865498111675,57.68315739744368
0.010181851873331812,0.241648111439412,54.14434723230229
0.016662783428065566,0.08674157767255952,65.59717477781038
0.01800794338468405,1.3850039988236234,63.71574025973456
0.017925816462314753,4.818477882352795,94.53745956488494
0.03673678209695179,3.697392887851786,54.39857275126407
0.04692691210155625,2.919443289959956,73.12760473875204
0.09391409532642117,6.887798027537895,54.1896587309155
0.03462640199925161,7.0939059396223225,56.55386597012049
0.024398544921124938,3.759692457282149,71.19010145509172
0.026710015264124563,6.470657316885655,99.06351125450892
0.07054129731727433,3.6031873136709747,81.54498708169069
0.10626899098762801,0.6314070584966471,94.69830324640955
0.034132120111287176,7.2849396479077315,65.62330458074958
0.011086492085974523,6.122617558436558,97.509885021232
0.09471488981896153,2.5184114971019995,82.91915391768245
0.05631372002488275,0.65440929968017,90.29871265309444
0.015539844442129361,4.009085940993289,79.68218524182909
0.03407396054263542,0.26637867186834185,50.835564988535275
0.037709738969328103,1.251335884490878,58.097308968618194
0.020710499929041108,1.985059417422581,85.69303888062072
0.057768015988394025,4.63296456200434,77.26526205116855
0.01455857636121756,0.4723117728035163,59.25767712412473
0.05228987345724798,4.549457994685943,61.38115262239548
0.01688991401306535,7.598266303012066,56.926288186482225
0.22136066772466556,5.913939830555925,85.6769040989661
0.03676687114146127,0.6948129342643528,69.17338984736114
0.01784165259189019,1.4366331691192222,87.39611544562376
0.01862533205910586,5.852455037678847,97.73726608288942
0.06095275950396352,3.1463677433245136,66.88641741980649
0.010765437316927987,3.980676420095362,53.618737048166594
0.055168134780166696,0.7773686736079539,52.484091623150206
0.021061159498606236,2.291924427508209,56.178675686466725
0.010181851873331812,0.241648111439412,54.14434723230229
0.016662783428065566,0.08674157767255952,65.59717477781038
0.01800794338468405,1.3850039988236234,63.71574025973456
0.017925816462314753,4.818477882352795,94.53745956488494
0.03586980005986503,3.749062779294796,56.248541250063006
0.04692691210155625,2.919443289959956,73.12760473875204
0.05990474437300027,4.138316625119225,56.36165657581174
0.03462640199925161,7.0939059396223225,56.55386597012049
0.023844002393422953,3.1093076014657117,64.50301971395922
0.026710015264124563,6.470657316885655,99.06351125450892
0.05369112583242387,5.240925832238375,69.81991667288716
0.10626899098762801,0.6314070584966471,94.69830324640955
0.032142825073327594,7.54751491916087,65.91070494331636
0.011086492085974523,6.122617558436558,97.509885021232
0.13083501055744476,3.440427067635931,93.581513022866
0.03735451485534405,1.0398926859067017,88.8682998977411
0.015539844442129361,4.009085940993289,79.68218524182909
0.03407396054263542,0.26637867186834185,50.835564988535275
0.037709738969328103,1.251335884490878,58.097308968618194
0.020710499929041108,1.985059417422581,85.69303888062072
0.08589288260953537,3.7354726137119627,65.06820263171764
0.01908552091748607,0.424541884106083,57.30401665144017
0.042278099200735636,4.931711050080212,70.15986691508402
0.02089539609296688,7.253295652316533,57.430353161318614
0.2789226573003478,6.37849250242855,93.94865676498667
0.03676687114146127,0.6948129342643528,69.17338984736114
0.01682723540658589,1.3065161762038024,89.14874336264329
0.01862533205910586,5.852455037678847,97.73726608288942
0.06974482934177903,2.5842710151407875,60.47821280224342
0.014876554274043899,4.562026058218291,55.730811816347156
0.055168134780166696,0.7773686736079539,52.484091623150206
0.021061159498606236,2.291924427508209,56.178675686466725
0.010181851873331812,0.241648111439412,54.14434723230229
0.016662783428065566,0.08674157767255952,65.59717477781038
0.01800794338468405,1.3850039988236234,63.71574025973456
0.017925816462314753,4.818477882352795,94.53745956488494
0.04457945753807573,4.901806450386413,52.60744464523794
0.047626096454557315,2.9227362036117985,73.29621397101423
0.041278084134289,2.913849702788547,70.53875131616911
0.03232484383235048,6.998940550444116,60.558242387792234
0.023844002393422953,3.1093076014657117,64.50301971395922
0.032121590802271074,6.288015823125119,98.6098990620511
0.058029851359827925,6.7299792489928905,67.69828787476565
0.08095900269820559,0.4775619475745394,86.47845731375328
0.032142825073327594,7.54751491916087,65.91070494331636
0.011086492085974523,6.122617558436558,97.509885021232
0.12152143900938144,3.2707574104107637,91.11617364608585
0.03735451485534405,1.0398926859067017,88.8682998977411
0.01632256584544399,4.2746080807387665,84.55547841810974
0.03407396054263542,0.26637867186834185,50.835564988535275
0.03737390701267433,1.4106866987496849,59.34804582702096
0.020710499929041108,1.985059417422581,85.69303888062072
0.0759465531048526,5.2506814182303865,50.60465844054681
0.01908552091748607,0.424541884106083,57.30401665144017
0.042278099200735636,4.931711050080212,70.15986691508402
0.02089539609296688,7.253295652316533,57.430353161318614
0.2789226573003478,6.37849250242855,93.94865676498667
0.03676687114146127,0.6948129342643528,69.17338984736114
0.01682723540658589,1.3065161762038024,89.14874336264329
0.018666696928078017,5.791990622272117,97.03152411671462
0.0888936732168341,3.2784984647115145,61.14675695867051
0.015001919792387122,4.537107652003192,58.229836956306244
0.055168134780166696,0.7773686736079539,52.484091623150206
0.021061159498606236,2.291924427508209,56.178675686466725
0.010181851873331812,0.241648111439412,54.14434723230229
0.01966996191658058,0.17769716486921538,66.13210663747843
0.017092855932263885,1.113188485716472,65.9746937572051
0.017925816462314753,4.818477882352795,94.53745956488494
0.04457945753807573,4.901806450386413,52.60744464523794
0.043739563207096266,2.5411138632571695,72.30024146621952
0.04056330097805868,2.4849295733524723,68.198242722623
0.03347956350378441,6.662752615771858,62.23528864921309
0.023844002393422953,3.1093076014657117,64.50301971395922
0.05589961081063119,5.485504047694512,96.61676421393392
0.058029851359827925,6.7299792489928905,67.69828787476565
0.08095900269820559,0.4775619475745394,86.47845731375328
0.03497449475488199,7.4580882331760385,66.1062408976677
0.011086492085974523,6.122617558436558,97.509885021232
0.12152143900938144,3.2707574104107637,91.11617364608585
0.036970558725970014,1.5193228800695566,87.17696567273521
0.04293697240094893,3.9092992511638625,75.9706675693821
0.03407396054263542,0.26637867186834185,50.835564988535275
0.03737390701267433,1.4106866987496849,59.34804582702096
0.020710499929041108,1.985059417422581,85.69303888062072
0.06312672600862668,4.72973304248443,60.45597567083506
0.01751665779435864,0.3604022802512401,57.21765519706566
0.014794514559378885,5.9064112222682805,75.47381135527047
0.02089539609296688,7.253295652316533,57.430353161318614
0.19867669460177523,4.375327017166008,79.81890398163117
0.03676687114146127,0.6948129342643528,69.17338984736114
0.01682723540658589,1.3065161762038024,89.14874336264329
0.018666696928078017,5.791990622272117,97.03152411671462
0.0888936732168341,3.2784984647115145,61.14675695867051
0.015001919792387122,4.537107652003192,58.229836956306244
0.05279657762360669,1.4519690269310046,59.02836196047859
0.021061159498606236,2.291924427508209,56.178675686466725
0.010181851873331812,0.241648111439412,54.14434723230229
0.01966996191658058,0.17769716486921538,66.13210663747843
0.016883480954891898,1.0627280322390478,64.83347365160431
0.019274470423574178,3.446221005657934,90.25400576002566
0.04457945753807573,4.901806450386413,52.60744464523794
0.04370271314472156,2.9226673741791034,72.87678039057698
0.03859074529504954,1.8239409142513876,65.50980292767306
0.03347956350378441,6.662752615771858,62.23528864921309
0.03732966263502321,5.939922116671429,74.7278768794699
0.05589961081063119,5.485504047694512,96.61676421393392
0.058029851359827925,6.7299792489928905,67.69828787476565
0.07569767476984204,0.9264288126519791,87.36978962861733
0.03497449475488199,7.4580882331760385,66.1062408976677
0.011135853219064365,6.119648296811786,97.47532553441187
0.13708759283154665,2.8863465143901466,93.39761686030435
0.04545115344697462,1.712093371640242,96.61019944833387
0.043582453595569115,4.1678607400524825,74.75830532280223
0.03407396054263542,0.26637867186834185,50.835564988535275
0.03737390701267433,1.4106866987496849,59.34804582702096
0.021084734600827063,1.9889808061002119,85.58990178251241
0.043465713012337065,3.4575061425319578,72.15400431734369
0.01919004977578708,0.514661922675691,58.014943850783204
0.014794514559378885,5.9064112222682805,75.47381135527047
0.02089539609296688,7.253295652316533,57.430353161318614
0.12913743769833608,3.097240706259771,70.99371078116667
0.03557938060807682,0.9764724643965899,69.51389455695042
0.01682723540658589,1.3065161762038024,89.14874336264329
0.018666696928078017,5.791990622272117,97.03152411671462
0.10118373269769787,2.828291879891628,63.515041145816014
0.015001919792387122,4.537107652003192,58.229836956306244
0.07995459480113712,2.0372691726874956,63.284996592172476
0.02020062676275409,2.1297514337580634,56.017764138546426
0.010181851873331812,0.241648111439412,54.14434723230229
0.01966996191658058,0.17769716486921538,66.13210663747843
0.016883480954891898,1.0627280322390478,64.83347365160431
0.019274470423574178,3.446221005657934,90.25400576002566
0.04457945753807573,4.901806450386413,52.60744464523794
0.0644291930567881,0.8880173949220351,57.22156361642042
0.040239623948191514,1.9352174495731729,66.14679623174925
0.034570084636010266,6.3934502390882795,63.58704187999116
0.03732966263502321,5.939922116671429,74.7278768794699
0.05589961081063119,5.485504047694512,96.61676421393392
0.058029851359827925,6.7299792489928905,67.69828787476565
0.07689040735780586,0.7705761502249926,87.76278422153813
0.03497449475488199,7.4580882331760385,66.1062408976677
0.011135853219064365,6.119648296811786,97.47532553441187
0.13708759283154665,2.8863465143901466,93.39761686030435
0.03420046525008018,1.4563565081803955,84.09570307288371
0.03896609957437115,3.176489575939203,71.89206876728825
0.03407396054263542,0.26637867186834185,50.835564988535275
0.03737390701267433,1.4106866987496849,59.34804582702096
0.021084734600827063,1.9889808061002119,85.58990178251241
0.043465713012337065,3.4575061425319578,72.15400431734369
0.01919004977578708,0.514661922675691,58.014943850783204
0.01630271653128422,7.758618391019731,82.44790463706491
0.02089539609296688,7.253295652316533,57.430353161318614
0.19482260571317966,2.2752680586433547,68.1034288464746
0.031781651554614015,1.6336151420998175,67.43133472244259
0.01682723540658589,1.3065161762038024,89.14874336264329
0.018666696928078017,5.791990622272117,97.03152411671462
0.11092551726920855,2.256656891272677,56.39400530284191
0.015001919792387122,4.537107652003192,58.229836956306244
0.07995459480113712,2.0372691726874956,63.284996592172476
0.02020062676275409,2.1297514337580634,56.017764138546426
0.022624460534590815,1.510296304189942,61.81618065947418
0.028447841565731297,3.0418519965210664,70.4046952775087
0.016883480954891898,1.0627280322390478,64.83347365160431
0.01622002214404051,3.6663616407757775,93.76622543356824
0.0442344790255569,4.914368770663124,53.070267212487984
0.0787302374146079,1.0060429096110388,56.97075944327851
0.0436181449134442,1.904273249570248,65.87970332741715
0.034570084636010266,6.3934502390882795,63.58704187999116
0.03732966263502321,5.939922116671429,74.7278768794699
0.07657114876951135,5.315344148841232,96.38649147457225
0.058485859939599816,6.789994588599589,68.18181979876512
0.07689040735780586,0.7705761502249926,87.76278422153813
0.039220630704409176,6.780634643239527,68.30007663783394
0.011135853219064365,6.119648296811786,97.47532553441187
0.13708759283154665,2.8863465143901466,93.39761686030435
0.03409955358820815,0.10845552633597944,89.69487660794456
0.03896609957437115,3.176489575939203,71.89206876728825
0.03407396054263542,0.26637867186834185,50.835564988535275
0.03737390701267433,1.4106866987496849,59.34804582702096
0.016036153043435006,2.1567013320380735,94.16012880813034
0.043465713012337065,3.4575061425319578,72.15400431734369
0.01919004977578708,0.514661922675691,58.014943850783204
0.01630271653128422,7.758618391019731,82.44790463706491
0.021402922923174847,7.642668838061487,53.485977742661206
0.24417903838019997,1.006902480782812,69.4944381592211
0.031781651554614015,1.6336151420998175,67.43133472244259
0.012898401582551618,0.7198130409671708,95.48595582020904
0.018666696928078017,5.791990622272117,97.03152411671462
0.18076671734502528,3.653574809574092,57.95359536529724
0.015001919792387122,4.537107652003192,58.229836956306244
0.08222816643081243,1.5506403314269308,62.82734317057339
0.01230119348494585,2.3115916398774443,51.65384360441908
0.019235701507683688,1.2348756731743822,73.54742299231562
0.028447841565731297,3.0418519965210664,70.4046952775087
0.012209868138899002,0.288970045441272,64.37500668352075
0.01622002214404051,3.6663616407757775,93.76622543356824
0.04479383072630206,5.200028701367893,52.55843144451603
0.0787302374146079,1.0060429096110388,56.97075944327851
0.0436181449134442,1.904273249570248,65.87970332741715
0.024867423222740853,3.853297700897934,77.8685520261798
0.03732966263502321,5.939922116671429,74.7278768794699
0.07657114876951135,5.315344148841232,96.38649147457225
0.051456390454671326,6.786579345028597,68.2249691862689
0.07782239387555398,0.8033329882488087,87.85002398213105
0.039220630704409176,6.780634643239527,68.30007663783394
0.011135853219064365,6.119648296811786,97.47532553441187
0.13708759283154665,2.8863465143901466,93.39761686030435
0.03409955358820815,0.10845552633597944,89.69487660794456
0.013595473648571346,4.726006047658116,61.472564808463275
0.03727578422635887,1.7310721129607454,51.5397733927371
0.03737390701267433,1.4106866987496849,59.34804582702096
0.016036153043435006,2.1567013320380735,94.16012880813034
0.05672403190919639,0.9424923374635297,83.37228851902162
0.01564960417010644,0.456477677976322,57.744662330195084
0.01630271653128422,7.758618391019731,82.44790463706491
0.021402922923174847,7.642668838061487,53.485977742661206
0.1782308309375835,1.3019749278087,68.30584511689217
0.031781651554614015,1.6336151420998175,67.43133472244259
0.0122194962150061,0.6646351592575068,97.83619770064522
0.018666696928078017,5.791990622272117,97.03152411671462
0.2258429712553195,3.413316616450963,57.878477268567735
0.015001919792387122,4.537107652003192,58.229836956306244
0.08434116898618613,1.8796166310076243,66.36514405910076
0.01230119348494585,2.3115916398774443,51.65384360441908
0.019235701507683688,1.2348756731743822,73.54742299231562
0.028045064125828332,3.1331351908631544,71.2443382535642
0.012207928160633489,0.2132766101372543,57.632851491838345
0.08811153161058119,2.6043883027223824,82.24693687974579
0.04479383072630206,5.200028701367893,52.55843144451603
0.0787302374146079,1.0060429096110388,56.97075944327851
0.0436181449134442,1.904273249570248,65.87970332741715
0.02281620496540409,4.49462294679939,84.20771881874941
0.03320253570854713,5.495420342088915,78.45004737246433
0.07657114876951135,5.315344148841232,96.38649147457225
0.051456390454671326,6.786579345028597,68.2249691862689
0.07782239387555398,0.8033329882488087,87.85002398213105
0.039220630704409176,6.780634643239527,68.30007663783394
0.011135853219064365,6.119648296811786,97.47532553441187
0.13708759283154665,2.8863465143901466,93.39761686030435
0.03409955358820815,0.10845552633597944,89.69487660794456
0.013595473648571346,4.726006047658116,61.472564808463275
0.03727578422635887,1.7310721129607454,51.5397733927371
0.03737390701267433,1.4106866987496849,59.34804582702096
0.016109298422919686,2.7572626868929104,94.00342922283971
0.05800880340235721,1.2255619334464267,84.21474221550453
0.01564960417010644,0.456477677976322,57.744662330195084
0.01630271653128422,7.758618391019731,82.44790463706491
0.021402922923174847,7.642668838061487,53.485977742661206
0.17543222875372255,1.3144967297903898,68.25540554904072
0.031781651554614015,1.6336151420998175,67.43133472244259
0.0122194962150061,0.6646351592575068,97.83619770064522
0.018666696928078017,5.791990622272117,97.03152411671462
0.2258429712553195,3.413316616450963,57.878477268567735
0.015001919792387122,4.537107652003192,58.229836956306244
0.1207495430360413,1.6537426890528184,67.12066658297304
0.01230119348494585,2.3115916398774443,51.65384360441908
0.023128134803131556,1.718999995959814,59.06565639316726
0.028045064125828332,3.1331351908631544,71.2443382535642
0.013412357561850377,1.1864341445969089,57.089662855452104
0.0982376489623362,2.643497656953946,86.33330900679991
0.04479383072630206,5.200028701367893,52.55843144451603
0.06552345633056962,0.8024691220683865,53.78061625469409
0.03895860321213874,2.63028246681561,71.6971295595323
0.022986124293054126,4.440399153512714,83.88976121589292
0.03320253570854713,5.495420342088915,78.45004737246433
0.07657114876951135,5.315344148841232,96.38649147457225
0.051456390454671326,6.786579345028597,68.2249691862689
0.08485269759701417,0.9426070514291182,84.45511699862885
0.021784366966397586,7.464673120794179,55.18855471208762
0.011135853219064365,6.119648296811786,97.47532553441187
0.13708759283154665,2.8863465143901466,93.39761686030435
0.03409955358820815,0.10845552633597944,89.69487660794456
0.013595473648571346,4.726006047658116,61.472564808463275
0.03727578422635887,1.7310721129607454,51.5397733927371
0.03737390701267433,1.4106866987496849,59.34804582702096
0.014310100061401147,0.6222502834776007,91.87308334182299
0.061761049250035074,1.1340750903610102,90.12823291589254
0.01564960417010644,0.456477677976322,57.744662330195084
0.01630271653128422,7.758618391019731,82.44790463706491
0.021402922923174847,7.642668838061487,53.485977742661206
0.12137336642051708,0.8531935293141863,76.4558688397322
0.031781651554614015,1.6336151420998175,67.43133472244259
0.0122194962150061,0.6646351592575068,97.83619770064522
0.018666696928078017,5.791990622272117,97.03152411671462
0.2380336924902947,3.3379205288438705,57.67204600418532
0.015001919792387122,4.537107652003192,58.229836956306244
0.1207495430360413,1.6537426890528184,67.12066658297304
0.01230119348494585,2.3115916398774443,51.65384360441908
0.023128134803131556,1.718999995959814,59.06565639316726
0.02333726566482871,2.8874737805787327,65.38630609214795
0.01347598404621312,1.187983063937856,57.12548373259572
0.0982376489623362,2.643497656953946,86.33330900679991
0.04479383072630206,5.200028701367893,52.55843144451603
0.04903288028397089,1.1589736025257498,55.83634677336496
0.03895860321213874,2.63028246681561,71.6971295595323
0.022986124293054126,4.440399153512714,83.88976121589292
0.03320253570854713,5.495420342088915,78.45004737246433
0.07657114876951135,5.315344148841232,96.38649147457225
0.04912534668222583,6.852980404383859,67.0817655216421
0.08990440167601013,1.584551558759718,85.16397801499363
0.021418381332610092,7.444252866209481,57.581831652249726
0.022628952052421287,4.157011172228176,77.48089869127453
0.12099281481449865,3.2905669600427148,91.08180918339909
0.03409955358820815,0.10845552633597944,89.69487660794456
0.013595473648571346,4.726006047658116,61.472564808463275
0.03687658883342438,1.723991036455784,52.694430269149876
0.03737390701267433,1.4106866987496849,59.34804582702096
0.02042066800395475,1.7393214858878931,82.69553123173807
0.061761049250035074,1.1340750903610102,90.12823291589254
0.01564960417010644,0.456477677976322,57.744662330195084
0.01697838306665821,7.196522117851741,86.61615563457394
0.021402922923174847,7.642668838061487,53.485977742661206
0.12137336642051708,0.8531935293141863,76.4558688397322
0.031781651554614015,1.6336151420998175,67.43133472244259
0.0122194962150061,0.6646351592575068,97.83619770064522
0.018666696928078017,5.791990622272117,97.03152411671462
0.2334997274299885,3.315398510632413,58.60160854228471
0.015001919792387122,4.537107652003192,58.229836956306244
0.10922180906350223,2.191959506423943,64.91056851902312
0.012658939551530083,2.113390228719364,52.304590076791975
0.019442781687482716,0.9912092320171366,57.92929635235218
0.016424912636016867,1.0601495174266242,56.23286262770804
0.01418806047067333,1.2408698094353576,58.37313170326546
0.0982376489623362,2.643497656953946,86.33330900679991
0.04479383072630206,5.200028701367893,52.55843144451603
0.04903288028397089,1.1589736025257498,55.83634677336496
0.04011392237458929,3.519425989571826,80.70020098716543
0.025336714482717182,4.368908392233808,89.5010488625069
0.03320253570854713,5.495420342088915,78.45004737246433
0.07657114876951135,5.315344148841232,96.38649147457225
0.05053884403487985,7.375868926709,64.94563012054972
0.10223470569400375,1.7305625348906497,83.15261788808554
0.021418381332610092,7.444252866209481,57.581831652249726
0.022628952052421287,4.157011172228176,77.48089869127453
0.12099281481449865,3.2905669600427148,91.08180918339909
0.03409955358820815,0.10845552633597944,89.69487660794456
0.014784167420025324,5.594101140365891,70.30757222757642
0.03687658883342438,1.723991036455784,52.694430269149876
0.042630667842255,0.43158768105741796,52.883457028865564
0.021015524112882794,1.7865471091674272,84.88576754097849
0.061761049250035074,1.1340750903610102,90.12823291589254
0.01564960417010644,0.456477677976322,57.744662330195084
0.01697838306665821,7.196522117851741,86.61615563457394
0.021402922923174847,7.642668838061487,53.485977742661206
0.1088755871847266,0.8701157297309858,74.18431302015586
0.02280238885118243,1.880666012542694,73.46652470637208
0.013506213465197682,1.612951280364971,92.20551675096422
0.021333145982160164,5.770041471597281,97.00182093114259
0.18516126479609368,2.8459506809120625,58.785580396271065
0.011018697221970714,4.932508181327027,58.509987853637504
0.11340565276610456,2.2852159791315323,62.68753697052179
0.012658939551530083,2.113390228719364,52.304590076791975
0.021584061987258273,0.9422937646821515,59.132973534001586
0.04814041483152853,1.6739498088035463,67.90159314680761
0.0188085400089697,1.289504129179897,58.574049915409915
0.0982376489623362,2.643497656953946,86.33330900679991
0.04623171365364382,5.964440496120391,52.52369752215645
0.04903288028397089,1.1589736025257498,55.83634677336496
0.056498750043839925,2.7236559595085885,93.19650635100533
0.028465321269172797,6.238576780759665,92.84258191893854
0.02172373406894318,5.8430648761471335,76.76233380290373
0.029967434919685135,7.566957514149008,98.10395968449299
0.05053884403487985,7.375868926709,64.94563012054972
0.13943784809130927,2.278000368002759,94.06968990172429
0.021418381332610092,7.444252866209481,57.581831652249726
0.017530587156331694,3.511657756570556,77.01359509998862
0.12789273800609066,2.989038681318587,93.68657503200757
0.03409955358820815,0.10845552633597944,89.69487660794456
0.02830705795005759,4.663570052394949,77.72762850121975
0.03784580654282945,1.5062984712643313,52.726269957619
0.042630667842255,0.43158768105741796,52.883457028865564
0.021015524112882794,1.7865471091674272,84.88576754097849
0.061761049250035074,1.1340750903610102,90.12823291589254
0.01564960417010644,0.456477677976322,57.744662330195084
0.01697838306665821,7.196522117851741,86.61615563457394
0.021402922923174847,7.642668838061487,53.485977742661206
0.09788628495464713,1.5418062364549274,74.80378644056505
0.02280238885118243,1.880666012542694,73.46652470637208
0.013506213465197682,1.612951280364971,92.20551675096422
0.022271791945498456,5.3537752080091785,96.46458022843635
0.18516126479609368,2.8459506809120625,58.785580396271065
0.011018697221970714,4.932508181327027,58.509987853637504
0.16602390146062518,3.2058055261950607,68.2876939273705
0.012658939551530083,2.113390228719364,52.304590076791975
0.021584061987258273,0.9422937646821515,59.132973534001586
0.03438742166259173,1.4471675965705988,63.45506838599131
0.01896434381825557,1.268630481596722,58.732890433876406
0.11448328851183837,2.9470311832312532,95.18807332972128
0.04623171365364382,5.964440496120391,52.52369752215645
0.04903288028397089,1.1589736025257498,55.83634677336496
0.056498750043839925,2.7236559595085885,93.19650635100533
0.028465321269172797,6.238576780759665,92.84258191893854
0.02172373406894318,5.8430648761471335,76.76233380290373
0.029816419599768464,7.73998595485128,99.1771836686008
0.041881130053871354,7.4562907551713264,78.90069425082342
0.13943784809130927,2.278000368002759,94.06968990172429
0.02303271283772318,6.792611902152931,62.3029118182905
0.017530587156331694,3.511657756570556,77.01359509998862
0.10755000715905752,2.6552285248747727,84.55367779900527
0.032054040253592264,3.800620852697216,93.85760593515454
0.02830705795005759,4.663570052394949,77.72762850121975
0.036216694379765046,1.4846981532366912,52.528488073904924
0.03605577934874939,0.5911305344714939,54.8357848504006
0.01696981786960875,1.8668825165140088,93.4974760645323
0.061761049250035074,1.1340750903610102,90.12823291589254
0.014908695478151334,0.39582422446425114,57.5713336336685
0.019989095325473317,6.51833731688747,88.06232298377938
0.021402922923174847,7.642668838061487,53.485977742661206
0.08464799152315719,2.563650915689486,71.82228335034736
0.022772374835928793,1.881491802904197,73.48669788653386
0.014359579459918132,1.5742814859330776,90.79129624665632
0.020507199413572444,4.758950810350916,88.35830899510171
0.14775295951127382,2.4989003997836874,59.944121086174334
0.010834871460776694,4.959924970276772,58.4710882895926
0.16737864712624398,3.2309969684740807,68.38376594450943
0.012658939551530083,2.113390228719364,52.304590076791975
0.021584061987258273,0.9422937646821515,59.132973534001586
0.05464223909905647,0.8261293796698179,73.84930123335229
0.021470079499013806,1.1285477616381967,57.778626055436376
0.11448328851183837,2.9470311832312532,95.18807332972128
0.04623171365364382,5.964440496120391,52.52369752215645
0.04903288028397089,1.1589736025257498,55.83634677336496
0.056498750043839925,2.7236559595085885,93.19650635100533
0.028465321269172797,6.238576780759665,92.84258191893854
0.02172373406894318,5.8430648761471335,76.76233380290373
0.029816419599768464,7.73998595485128,99.1771836686008
0.03742760087571616,7.4968236116378355,73.37359020302911
0.13943784809130927,2.278000368002759,94.06968990172429
0.02303271283772318,6.792611902152931,62.3029118182905
0.017530587156331694,3.511657756570556,77.01359509998862
0.1034115938981702,2.481054143444214,78.20610278415543
0.020053218355168656,4.3293431809601515,94.18216443613792
0.02830705795005759,4.663570052394949,77.72762850121975
0.03717804492279179,1.9147125761927848,52.52802822461269
0.03277660939625518,0.4964581627788771,53.47273744653098
0.012999893498762363,1.954533060110323,98.16053142320041
0.061761049250035074,1.1340750903610102,90.12823291589254
0.014908695478151334,0.39582422446425114,57.5713336336685
0.019989095325473317,6.51833731688747,88.06232298377938
0.021402922923174847,7.642668838061487,53.485977742661206
0.10723284489843309,0.5643334832437343,83.16788358679707
0.02209764765608361,1.9067220366907067,74.06944311203007
0.014359579459918132,1.5742814859330776,90.79129624665632
0.020507199413572444,4.758950810350916,88.35830899510171
0.14775295951127382,2.4989003997836874,59.944121086174334
0.010834871460776694,4.959924970276772,58.4710882895926
0.1324845949980571,2.9495244262386415,69.83406033331046
0.016322120264550793,3.5632032186281575,55.73712541409645
0.021584061987258273,0.9422937646821515,59.132973534001586
0.052484737632182726,0.9606113843708639,71.21530178695986
0.048310308557570514,1.7051147359661134,59.83854046969776
0.11448328851183837,2.9470311832312532,95.18807332972128
0.04623171365364382,5.964440496120391,52.52369752215645
0.049279771663822844,1.0979984407735834,55.39212680289384
0.04276279016622951,2.7974632164991724,93.05189404509863
0.028465321269172797,6.238576780759665,92.84258191893854
0.02517980783042117,5.683276377375025,79.09774227147328
0.029816419599768464,7.73998595485128,99.1771836686008
0.03598459062641165,7.233752004889573,75.10182347153686
0.13943784809130927,2.278000368002759,94.06968990172429
0.024686098856189755,6.873497129702441,63.57448161500974
0.017530587156331694,3.511657756570556,77.01359509998862
0.1034115938981702,2.481054143444214,78.20610278415543
0.020053218355168656,4.3293431809601515,94.18216443613792
0.029860677482732287,5.466860529129107,82.26079473526173
0.03717804492279179,1.9147125761927848,52.52802822461269
0.03277660939625518,0.4964581627788771,53.47273744653098
0.012999893498762363,1.954533060110323,98.16053142320041
0.061761049250035074,1.1340750903610102,90.12823291589254
0.014908695478151334,0.39582422446425114,57.5713336336685
0.019989095325473317,6.51833731688747,88.06232298377938
0.021402922923174847,7.642668838061487,53.485977742661206
0.13053328175420037,0.1826880520694445,90.77175929599062
0.021797228792030846,2.4454779077077333,76.76845886271994
0.014359579459918132,1.5742814859330776,90.79129624665632
0.02325319540508569,4.7060062360367825,88.55787577496882
0.12239684777929098,3.2966008467702235,65.52448039638816
0.010834871460776694,4.959924970276772,58.4710882895926
0.1767715702396626,3.8997515158831417,77.2625043861653
0.016959586166010093,3.55528224830943,55.9015908347319
0.015126565451785864,1.199516874799732,62.39862464890476
0.052484737632182726,0.9606113843708639,71.21530178695986
0.06050164281863737,0.985641343926638,61.369499417609426
0.09889619297399926,3.7982239901330486,91.19964671921375
0.04623171365364382,5.964440496120391,52.52369752215645
0.047857466325844464,1.2936023947422484,55.00962183800976
0.04028923753991405,3.264812961951418,98.60777267117214
0.028506700887992314,6.228357189649291,92.76812952995219
0.02511393486811772,5.684893556702237,79.10693933166255
0.029816419599768464,7.73998595485128,99.1771836686008
0.03598459062641165,7.233752004889573,75.10182347153686
0.17545231547688778,2.808375720974653,95.8971271311853
0.024686098856189755,6.873497129702441,63.57448161500974
0.013222631560130621,2.82853812785894,75.18029928180967
0.1034115938981702,2.481054143444214,78.20610278415543
0.024052515784908468,6.264539872989138,96.5639611542425
0.029860677482732287,5.466860529129107,82.26079473526173
0.0386273381428927,2.5629849387107466,52.527334974407204
0.03277660939625518,0.4964581627788771,53.47273744653098
0.012999893498762363,1.954533060110323,98.16053142320041
0.05828394455902451,1.4680058471599668,89.88902838602068
0.014908695478151334,0.39582422446425114,57.5713336336685
0.019856567257967025,6.578255839892224,88.08097688877218
0.021402922923174847,7.642668838061487,53.485977742661206
0.13053328175420037,0.1826880520694445,90.77175929599062
0.022217231180902852,2.3491415321400178,77.46948867944374
0.014359579459918132,1.5742814859330776,90.79129624665632
0.02384384393262761,4.775530321800529,87.51975026207604
0.1789495205457962,2.4479467075594297,52.90293411596666
0.010834871460776694,4.959924970276772,58.4710882895926
0.15528190926730043,3.958658332653788,79.58257573626165
0.017688584579930743,3.4143026294295566,55.78964623922429
0.01950884501200071,3.80058186869033,62.9376607849074
0.052484737632182726,0.9606113843708639,71.21530178695986
0.06050164281863737,0.985641343926638,61.369499417609426
0.0890877857327906,3.2354447942216615,90.88311466665662
0.04623171365364382,5.964440496120391,52.52369752215645
0.04996817687982731,1.3511143992992818,54.84551762458239
0.04028923753991405,3.264812961951418,98.60777267117214
0.02984392882247575,6.596909972284497,92.30311630933134
0.02511393486811772,5.684893556702237,79.10693933166255
0.029816419599768464,7.73998595485128,99.1771836686008
0.03598459062641165,7.233752004889573,75.10182347153686
0.21128092732452547,1.9402956285624677,97.69693089435899
0.024686098856189755,6.873497129702441,63.57448161500974
0.015948038698750056,2.683278643358391,75.87393472852321
0.13979679838699682,0.4454280864693603,71.23398100663906
0.019411351956673595,5.07649315923325,94.4597633399937
0.029860677482732287,5.466860529129107,82.26079473526173
0.04000921503829043,3.181101816140212,52.52667397190722
0.03277660939625518,0.4964581627788771,53.47273744653098
0.012999893498762363,1.954533060110323,98.16053142320041
0.05828394455902451,1.4680058471599668,89.88902838602068
0.014824591122792512,0.21072186799440695,56.09027479192642
0.019856567257967025,6.578255839892224,88.08097688877218
0.021402922923174847,7.642668838061487,53.485977742661206
0.13053328175420037,0.1826880520694445,90.77175929599062
0.02642088502661423,1.3604204113614227,97.59350388272378
0.026172163333881716,2.314280300456825,73.16905523489172
0.023100434042601155,5.648749537338369,77.15438285040551
0.19176703965271905,2.6061861568275146,51.986747480915334
0.010834871460776694,4.959924970276772,58.4710882895926
0.2524283596763553,5.87111340935644,91.49335849126604
0.017688584579930743,3.4143026294295566,55.78964623922429
0.016312143994835895,4.596668933973184,65.21811506393287
0.052484737632182726,0.9606113843708639,71.21530178695986
0.06050164281863737,0.985641343926638,61.369499417609426
0.0890877857327906,3.2354447942216615,90.88311466665662
0.04623171365364382,5.964440496120391,52.52369752215645
0.05137777803347508,1.2151822342715004,54.41108658611759
0.040515682248373784,3.2800599662720176,99.0158220211562
0.02886830376652414,6.649227586997508,86.86897520459011
0.02640549289667113,6.079837879577489,83.16272605267187
0.029816419599768464,7.73998595485128,99.1771836686008
0.041588135019656344,7.4124222404438775,80.81886722771326
0.21128092732452547,1.9402956285624677,97.69693089435899
0.02552901318446439,7.290188613771507,64.51223594068108
0.015948038698750056,2.683278643358391,75.87393472852321
0.13070748675041435,0.06752328952358155,74.60021713325038
0.01544069816081152,5.4144813435562265,93.60256808923312
0.040912189719666675,3.9120290126506254,85.22679851347885
0.04153326380212281,2.9616142503340783,50.17597800594574
0.07256740556010113,0.32217543836763,62.05715188642003
0.012999893498762363,1.954533060110323,98.16053142320041
0.0679401142460416,0.4832442677614113,84.9290685149629
0.014824591122792512,0.21072186799440695,56.09027479192642
0.027738543365426575,5.210006036495632,79.38130592695778
0.026465989689533453,7.291782595674107,54.46400464302373
0.13053328175420037,0.1826880520694445,90.77175929599062
0.02642088502661423,1.3604204113614227,97.59350388272378
0.016174620252258763,1.641124440036312,55.15365984922662
0.025140132951831526,5.322489093488095,75.46077694004104
0.19291397567861684,2.5670481926752085,54.67338055931619
0.010834871460776694,4.959924970276772,58.4710882895926
0.2524283596763553,5.87111340935644,91.49335849126604
0.017688584579930743,3.4143026294295566,55.78964623922429
0.016399622448156858,6.476682204451757,71.62008580150795
0.0395796307000022,1.089238816199614,67.98169662228017
0.06974305408639547,0.7971445632526886,54.211846013323964
0.0890877857327906,3.2354447942216615,90.88311466665662
0.04623171365364382,5.964440496120391,52.52369752215645
0.05137777803347508,1.2151822342715004,54.41108658611759
0.040515682248373784,3.2800599662720176,99.0158220211562
0.02886830376652414,6.649227586997508,86.86897520459011
0.02956338647655795,6.271462545980563,80.15602041554125
0.027486303813674774,6.698257284691367,91.65765452161028
0.041588135019656344,7.4124222404438775,80.81886722771326
0.21128092732452547,1.9402956285624677,97.69693089435899
0.02552901318446439,7.290188613771507,64.51223594068108
0.03608008696603087,2.835264889572291,80.00527982090057
0.13070748675041435,0.06752328952358155,74.60021713325038
0.01053192596338882,7.253241179706885,92.22766231947827
0.040912189719666675,3.9120290126506254,85.22679851347885
0.04153326380212281,2.9616142503340783,50.17597800594574
0.07256740556010113,0.32217543836763,62.05715188642003
0.012999893498762363,1.954533060110323,98.16053142320041
0.06716379639224508,0.3480836826727521,98.15542677347375
0.01906169545441553,0.7169325885845539,63.169772552967615
0.028562061122244544,6.999238365913424,71.19383740774488
0.020020118756597233,4.736979692461816,75.38039851489029
0.13053328175420037,0.1826880520694445,90.77175929599062
0.026010357938999758,1.4552293961723581,96.56304081620277
0.016174620252258763,1.641124440036312,55.15365984922662
0.025140132951831526,5.322489093488095,75.46077694004104
0.19291397567861684,2.5670481926752085,54.67338055931619
0.010834871460776694,4.959924970276772,58.4710882895926
0.29328473553000894,6.421871184128296,94.19190459112752
0.017688584579930743,3.4143026294295566,55.78964623922429
0.013345974534778635,6.801807674155665,72.61662152244327
0.0445771693635036,0.15722547576953794,66.09129675570746
0.06923882791466834,0.8819399103470624,52.81123826912228
0.08922891870733356,3.2282463643101478,90.90854871956232
0.08198340881242262,5.136374905293367,53.04765189517702
0.05137777803347508,1.2151822342715004,54.41108658611759
0.040515682248373784,3.2800599662720176,99.0158220211562
0.02886830376652414,6.649227586997508,86.86897520459011
0.017850942115323745,6.989876108066606,80.79938010384345
0.027486303813674774,6.698257284691367,91.65765452161028
0.04159221223650697,7.743140422978975,83.09579327205543
0.21128092732452547,1.9402956285624677,97.69693089435899
0.02552901318446439,7.290188613771507,64.51223594068108
0.049923519376444424,0.7560349725631106,92.4346685406031
0.13070748675041435,0.06752328952358155,74.60021713325038
0.01053192596338882,7.253241179706885,92.22766231947827
0.05069486050824549,2.886507260471118,89.7018854727013
0.04153326380212281,2.9616142503340783,50.17597800594574
0.07256740556010113,0.32217543836763,62.05715188642003
0.012999893498762363,1.954533060110323,98.16053142320041
0.06716379639224508,0.3480836826727521,98.15542677347375
0.01817426855085908,0.8981130300309905,68.29229899386239
0.028562061122244544,6.999238365913424,71.19383740774488
0.02151085717263934,6.030596984691811,83.75228204826841
0.13059581836402345,0.1413458748803768,84.96645264894885
0.026010357938999758,1.4552293961723581,96.56304081620277
0.016747836800915628,1.8973932986525757,57.00349004688757
0.03474287640672887,4.118035471966942,77.77647373291764
0.19291397567861684,2.5670481926752085,54.67338055931619
0.017120144473052754,5.682974799039465,62.98200926473719
0.44336288879138364,6.292827656662192,98.34827154406345
0.02797617977896817,3.7404338400920945,55.5639878700199
0.013345974534778635,6.801807674155665,72.61662152244327
0.0445771693635036,0.15722547576953794,66.09129675570746
0.06923882791466834,0.8819399103470624,52.81123826912228
0.08922891870733356,3.2282463643101478,90.90854871956232
0.09631373732993076,5.906830354206647,54.06500375429535
0.05137777803347508,1.2151822342715004,54.41108658611759
0.040515682248373784,3.2800599662720176,99.0158220211562
0.02886830376652414,6.649227586997508,86.86897520459011
0.01466189983932762,7.825737495835128,78.22638893050477
0.033396010973224435,7.35857225227189,99.47605523893638
0.037199486133028176,7.36548449430875,84.39842404838653
0.21128092732452547,1.9402956285624677,97.69693089435899
0.02552901318446439,7.290188613771507,64.51223594068108
0.04718725913151991,0.8441429770032105,91.96733213755476
0.13070748675041435,0.06752328952358155,74.60021713325038
0.01053192596338882,7.253241179706885,92.22766231947827
0.05403994203595976,2.757177971529758,86.64113967346898
0.04153326380212281,2.9616142503340783,50.17597800594574
0.07256740556010113,0.32217543836763,62.05715188642003
0.012999893498762363,1.954533060110323,98.16053142320041
0.06716379639224508,0.3480836826727521,98.15542677347375
0.01863189896080659,1.0536784442869687,68.67971388567817
0.03169669386267461,7.429850642769021,65.6109451782175
0.02802495817407038,3.7179765463615837,86.71207713279051
0.1324867153693468,0.07638022762853414,84.85438621087803
0.03501592043939858,1.2360619713739267,89.8885424262289
0.016747836800915628,1.8973932986525757,57.00349004688757
0.0300286939050875,4.920873420689323,96.93793926005048
0.19291397567861684,2.5670481926752085,54.67338055931619
0.01479909135716673,5.49921202238695,52.00226413894998
0.44336288879138364,6.292827656662192,98.34827154406345
0.028802182796696364,3.6689293264373974,56.46173721290082
0.01908316809155613,6.998159872046378,70.4263574535105
0.03699023495064312,1.5182703879006914,62.50165721009125
0.06923882791466834,0.8819399103470624,52.81123826912228
0.1454978864996144,1.6194285323189184,85.17769916175897
0.09631373732993076,5.906830354206647,54.06500375429535
0.048279291197669875,2.559253207189456,60.964440898477314
0.04155709077704424,3.330228072940537,99.04819277858961
0.03679924521144798,6.444492503964157,87.33975338248568
0.015698548553108087,4.879526512460742,67.67923854411643
0.033396010973224435,7.35857225227189,99.47605523893638
0.037199486133028176,7.36548449430875,84.39842404838653
0.21128092732452547,1.9402956285624677,97.69693089435899
0.02552901318446439,7.290188613771507,64.51223594068108
0.04718725913151991,0.8441429770032105,91.96733213755476
0.13070748675041435,0.06752328952358155,74.60021713325038
0.01053192596338882,7.253241179706885,92.22766231947827
0.05403994203595976,2.757177971529758,86.64113967346898
0.04153326380212281,2.9616142503340783,50.17597800594574
0.10665915628957216,0.9285834661537354,72.86497769924493
0.012999893498762363,1.954533060110323,98.16053142320041
0.06716379639224508,0.3480836826727521,98.15542677347375
0.028910120316090845,2.0993496522118624,82.92776370307084
0.03169669386267461,7.429850642769021,65.6109451782175
0.012216323074091893,4.923186042892637,95.46239821998236
0.1324867153693468,0.07638022762853414,84.85438621087803
0.03501592043939858,1.2360619713739267,89.8885424262289
0.017421875590946323,1.4473225710414797,51.282930098575456
0.023830899655754516,5.662305822582559,95.44059737126454
0.19291397567861684,2.5670481926752085,54.67338055931619
0.01479909135716673,5.49921202238695,52.00226413894998
0.44336288879138364,6.292827656662192,98.34827154406345
0.028802182796696364,3.6689293264373974,56.46173721290082
0.01908316809155613,6.998159872046378,70.4263574535105
0.03699023495064312,1.5182703879006914,62.50165721009125
0.06923882791466834,0.8819399103470624,52.81123826912228
0.1454978864996144,1.6194285323189184,85.17769916175897
0.09631373732993076,5.906830354206647,54.06500375429535
0.048279291197669875,2.559253207189456,60.964440898477314
0.04689883296601395,2.708131394731514,98.86195539584817
0.03679924521144798,6.444492503964157,87.33975338248568
0.015698548553108087,4.879526512460742,67.67923854411643
0.033396010973224435,7.35857225227189,99.47605523893638
0.037199486133028176,7.36548449430875,84.39842404838653
0.21128092732452547,1.9402956285624677,97.69693089435899
0.02513258088811672,7.349094063271796,64.21916421457782
0.04718725913151991,0.8441429770032105,91.96733213755476
0.09755909081081815,0.08165636294021955,80.06532186513877
0.01053192596338882,7.253241179706885,92.22766231947827
0.054733335402600475,2.9507497147220243,86.10220527718224
0.037176257715869986,4.94077296892166,57.01273577056071
0.0907711794274247,0.9087794781181385,64.35053215848899
0.023355738647155753,3.908255383493301,93.45207116228298
0.06716379639224508,0.3480836826727521,98.15542677347375
0.0315472035754483,1.2405258791900478,77.93108240328898
0.03169669386267461,7.429850642769021,65.6109451782175
0.07266080147362351,4.004520140851239,78.62240710139965
0.1324867153693468,0.07638022762853414,84.85438621087803
0.03462984773502419,0.10848672945521809,90.44033080175116
0.017421875590946323,1.4473225710414797,51.282930098575456
0.025054192031740558,5.277076110027748,92.37859207469954
0.1619264388288702,2.647815617400617,53.75276507519551
0.01479909135716673,5.49921202238695,52.00226413894998
0.44336288879138364,6.292827656662192,98.34827154406345
0.028802182796696364,3.6689293264373974,56.46173721290082
0.043965277531060463,4.88460383168396,68.3175062368442
0.03258800582576775,1.688997002498921,57.29988270006894
0.06923882791466834,0.8819399103470624,52.81123826912228
0.10088167828481787,3.48181929455522,87.50823215616553
0.09631373732993076,5.906830354206647,54.06500375429535
0.04724379474966592,2.642120113291512,61.36724619310516
0.04689883296601395,2.708131394731514,98.86195539584817
0.03679924521144798,6.444492503964157,87.33975338248568
0.016461825668158504,4.911960466428038,69.69432722823434
0.033396010973224435,7.35857225227189,99.47605523893638
0.04365651342312257,5.739711253529904,85.0258596856813
0.17792353555093754,2.1556046755266483,95.22630965917375
0.0224480841815093,7.5380028330329125,63.405637900783304
0.04540800454313583,1.0729087438433509,92.07818233379103
0.08758721875675698,1.6527801919336556,79.4874282912446
0.01053192596338882,7.253241179706885,92.22766231947827
0.06487512466871517,3.6960118448820936,90.43412650488581
0.037176257715869986,4.94077296892166,57.01273577056071
0.0907711794274247,0.9087794781181385,64.35053215848899
0.023355738647155753,3.908255383493301,93.45207116228298
0.06165579544163212,0.3075198931373788,96.84926020900151
0.03274936794396534,1.3352735903725497,76.71206584474561
0.03169669386267461,7.429850642769021,65.6109451782175
0.0863964619670964,5.482079268114568,71.84057253447315
0.1324867153693468,0.07638022762853414,84.85438621087803
0.03462984773502419,0.10848672945521809,90.44033080175116
0.017421875590946323,1.4473225710414797,51.282930098575456
0.025054192031740558,5.277076110027748,92.37859207469954
0.1683898835812813,2.4511974367287914,52.110166753854266
0.01479909135716673,5.49921202238695,52.00226413894998
0.44336288879138364,6.292827656662192,98.34827154406345
0.022045421204432897,3.4562168476390633,54.65754545407856
0.044054426126527636,4.637711062507383,63.493350176475445
0.05134455602399883,1.3862190424375735,62.4733972594574
0.06923882791466834,0.8819399103470624,52.81123826912228
0.12089506364958214,2.5565560389937847,87.56084923797292
0.08707238626402983,5.860618485648679,53.83115006192555
0.07107632695844014,0.5434190056497883,68.24637323397201
0.04689883296601395,2.708131394731514,98.86195539584817
0.024097850924712963,7.289785045928801,87.66965685199747
0.013283858165783952,5.33344551518022,67.23682966316495
0.033396010973224435,7.35857225227189,99.47605523893638
0.04365651342312257,5.739711253529904,85.0258596856813
0.17792353555093754,2.1556046755266483,95.22630965917375
0.0224480841815093,7.5380028330329125,63.405637900783304
0.04540800454313583,1.0729087438433509,92.07818233379103
0.08982610197724504,1.4869078003044804,80.0607212341782
0.01053192596338882,7.253241179706885,92.22766231947827
0.0914935749109508,3.3333065996664883,91.56249697775331
0.03888865880523744,4.718648534214454,57.580182783493306
0.08246833843613027,1.3828866991080284,64.65980171181342
0.026979771572935657,4.179003371136522,83.89690535435908
0.05869561898338761,0.28571961098121224,96.1472843834043
0.03274936794396534,1.3352735903725497,76.71206584474561
0.03169669386267461,7.429850642769021,65.6109451782175
0.0873050478487577,5.375515700632515,72.09711630457912
0.1324867153693468,0.07638022762853414,84.85438621087803
0.03462984773502419,0.10848672945521809,90.44033080175116
0.024630295350699008,0.8864842192152952,67.68596577332033
0.025054192031740558,5.277076110027748,92.37859207469954
0.1683898835812813,2.4511974367287914,52.110166753854266
0.01479909135716673,5.49921202238695,52.00226413894998
0.44336288879138364,6.292827656662192,98.34827154406345
0.022247614368248535,3.5394640645950526,54.88701804522639
0.038722716548261316,5.445558604823389,62.55552797369958
0.05134455602399883,1.3862190424375735,62.4733972594574
0.06923882791466834,0.8819399103470624,52.81123826912228
0.12411220058104598,2.3799970565512307,87.1227547889566
0.08707238626402983,5.860618485648679,53.83115006192555
0.07107632695844014,0.5434190056497883,68.24637323397201
0.04689883296601395,2.708131394731514,98.86195539584817
0.021186375892101962,7.268246135780333,83.97279274670232
0.013283858165783952,5.33344551518022,67.23682966316495
0.03329300826918294,6.3991309201105695,95.85001682782072
0.04522546870737992,5.752787007098576,86.82132653714848
0.17792353555093754,2.1556046755266483,95.22630965917375
0.0224480841815093,7.5380028330329125,63.405637900783304
0.04540800454313583,1.0729087438433509,92.07818233379103
0.07885544303244407,1.385873045595833,77.9783906563231
0.01053192596338882,7.253241179706885,92.22766231947827
0.07208724285513318,2.120279042753588,91.02806192852461
0.03888865880523744,4.718648534214454,57.580182783493306
0.08246833843613027,1.3828866991080284,64.65980171181342
0.029436762226336198,2.8688493583654093,83.86472136003687
0.05869561898338761,0.28571961098121224,96.1472843834043
0.03274936794396534,1.3352735903725497,76.71206584474561
0.03169669386267461,7.429850642769021,65.6109451782175
0.08719962022788785,5.5953338221389615,63.820127363304586
0.1324867153693468,0.07638022762853414,84.85438621087803
0.039874534128255756,0.10676596588148592,90.14094938583895
0.024498766706749074,1.1302136388455324,68.30798504287922
0.014135501663127194,6.561121565606585,89.13798780641055
0.166777923704705,2.5097963282869564,52.675762141861384
0.01479909135716673,5.49921202238695,52.00226413894998
0.278010247426824,3.901362700134932,78.22214355787492
0.018254776967586858,3.256531591792421,54.24082249338991
0.038722716548261316,5.445558604823389,62.55552797369958
0.058580217769936556,1.6422808490275136,72.43410758093461
0.06923882791466834,0.8819399103470624,52.81123826912228
0.12768380578785837,2.503678091316368,88.39395064267822
0.08707238626402983,5.860618485648679,53.83115006192555
0.07107632695844014,0.5434190056497883,68.24637323397201
0.04689883296601395,2.708131394731514,98.86195539584817
0.02970711374954326,7.280246126218104,77.37108358784313
0.013283858165783952,5.33344551518022,67.23682966316495
0.03329300826918294,6.3991309201105695,95.85001682782072
0.04647622540474247,5.8118801375705464,91.48867496554037
0.23102433931152289,1.9316803901808286,93.75287978681035
0.01523204141640716,7.622386416835032,61.68499099570696
0.04540800454313583,1.0729087438433509,92.07818233379103
0.06699914295467843,1.6753634701744093,76.45830986994783
0.01053192596338882,7.253241179706885,92.22766231947827
0.06203919038150918,1.492207519049092,90.75134650373705
0.03888865880523744,4.718648534214454,57.580182783493306
0.08246833843613027,1.3828866991080284,64.65980171181342
0.02544109215495751,1.7601124787958322,93.03389270282211
0.05869561898338761,0.28571961098121224,96.1472843834043
0.021765324596204248,1.5622095463515595,79.13823105577734
0.03169669386267461,7.429850642769021,65.6109451782175
0.11318978927902923,6.066970034022001,67.17707182732042
0.1324867153693468,0.07638022762853414,84.85438621087803
0.039874534128255756,0.10676596588148592,90.14094938583895
0.024498766706749074,1.1302136388455324,68.30798504287922
0.014818695556943965,6.2030912423613245,87.76477862606737
0.166777923704705,2.5097963282869564,52.675762141861384
0.01479909135716673,5.49921202238695,52.00226413894998
0.278010247426824,3.901362700134932,78.22214355787492
0.018254776967586858,3.256531591792421,54.24082249338991
0.04141934235426118,4.896791558781564,58.12409831876775
0.038547333502787655,3.9816713810494173,80.68667965798576
0.06923882791466834,0.8819399103470624,52.81123826912228
0.11878843115708929,2.3927945410427776,86.33951631944639
0.08066811385054112,5.3764719478687715,55.312822299509286
0.07107632695844014,0.5434190056497883,68.24637323397201
0.04689883296601395,2.708131394731514,98.86195539584817
0.02970711374954326,7.280246126218104,77.37108358784313
0.013283858165783952,5.33344551518022,67.23682966316495
0.050581697019217685,5.750372384027552,98.60145715019395
0.05651475460751855,7.438872582104639,96.94771745796999
0.23102433931152289,1.9316803901808286,93.75287978681035
0.01523204141640716,7.622386416835032,61.68499099570696
0.04540800454313583,1.0729087438433509,92.07818233379103
0.0673614678706966,1.73600068833843,75.59917993165453
0.01053192596338882,7.253241179706885,92.22766231947827
0.06203919038150918,1.492207519049092,90.75134650373705
0.03888409171142931,4.719362040942476,57.57673768967973
0.08246833843613027,1.3828866991080284,64.65980171181342
0.12317985590235456,1.8416796093350338,93.3757148586218
0.05869561898338761,0.28571961098121224,96.1472843834043
0.022335960238345026,1.8993518935010156,78.36098158935944
0.031121065003081,7.4365819812177545,65.4736879517883
0.11983918980002996,6.115790942484629,67.17309454809013
0.1324867153693468,0.07638022762853414,84.85438621087803
0.039874534128255756,0.10676596588148592,90.14094938583895
0.024498766706749074,1.1302136388455324,68.30798504287922
0.014818695556943965,6.2030912423613245,87.76477862606737
0.166777923704705,2.5097963282869564,52.675762141861384
0.01479909135716673,5.49921202238695,52.00226413894998
0.29710126288065297,3.79808657708007,79.01436075206733
0.016554397458577497,3.5042585615580375,51.4173014110251
0.04141934235426118,4.896791558781564,58.12409831876775
0.038547333502787655,3.9816713810494173,80.68667965798576
0.06923882791466834,0.8819399103470624,52.81123826912228
0.11350668200477684,2.18806792438172,84.33659809231278
0.015569825234108103,7.543654492683148,57.30641749536673
0.07107632695844014,0.5434190056497883,68.24637323397201
0.04970984946122032,2.4018861422098183,99.83434359208
0.03781493621055005,7.866835006805723,71.71096355402663
0.01001435842944553,6.573794784404156,63.21893288094371
0.050581697019217685,5.750372384027552,98.60145715019395
0.05651475460751855,7.438872582104639,96.94771745796999
0.28626206957058586,1.9777786114185634,93.946062914105
0.01523204141640716,7.622386416835032,61.68499099570696
0.05312985367060378,1.2390405162983926,91.59261911145967
0.0666450615190995,1.693537090385032,75.97818968581831
0.01053192596338882,7.253241179706885,92.22766231947827
0.061857985700950045,1.4268219687053136,91.0437790805773
0.04628431004182519,4.8470115528111055,58.45395404300818
0.08246833843613027,1.3828866991080284,64.65980171181342
0.12317985590235456,1.8416796093350338,93.3757148586218
0.05869561898338761,0.28571961098121224,96.1472843834043
0.022335960238345026,1.8993518935010156,78.36098158935944
0.031121065003081,7.4365819812177545,65.4736879517883
0.07045577411061862,6.156841853830011,76.85584934653967
0.11222135042574417,0.4117677249436158,83.65973970822765
0.039874534128255756,0.10676596588148592,90.14094938583895
0.024498766706749074,1.1302136388455324,68.30798504287922
0.014818695556943965,6.2030912423613245,87.76477862606737
0.19336523050379698,1.5441985476694136,50.167504298084026
0.01479909135716673,5.49921202238695,52.00226413894998
0.3473156276624077,4.294472542224325,89.16278088015741
0.02624414290673404,3.1886795321726003,57.770008723083805
0.04141934235426118,4.896791558781564,58.12409831876775
0.0294784052545614,5.387540498060353,71.45878960575878
0.06923882791466834,0.8819399103470624,52.81123826912228
0.12784812298967543,2.743958521646653,89.77508688147424
0.015569825234108103,7.543654492683148,57.30641749536673
0.07107632695844014,0.5434190056497883,68.24637323397201
0.06513745028769022,1.9219886517422273,83.26890335464023
0.03781493621055005,7.866835006805723,71.71096355402663
0.01001435842944553,6.573794784404156,63.21893288094371
0.050581697019217685,5.750372384027552,98.60145715019395
0.056597553650992144,7.3919136609879,96.7763251342446
0.25968063058208246,1.8435581041977014,88.9077876433993
0.02735555456276447,6.224326497218986,65.05541704492455
0.05312985367060378,1.2390405162983926,91.59261911145967
0.0666450615190995,1.693537090385032,75.97818968581831
0.01053192596338882,7.253241179706885,92.22766231947827
0.061857985700950045,1.4268219687053136,91.0437790805773
0.04628431004182519,4.8470115528111055,58.45395404300818
0.08246833843613027,1.3828866991080284,64.65980171181342
0.12317985590235456,1.8416796093350338,93.3757148586218
0.05869561898338761,0.28571961098121224,96.1472843834043
0.022335960238345026,1.8993518935010156,78.36098158935944
0.031121065003081,7.4365819812177545,65.4736879517883
0.07134089653446099,6.861643527373953,75.78853225625456
0.10599098921462843,0.49899192120362823,84.49614945989055
0.039874534128255756,0.10676596588148592,90.14094938583895
0.022470510106340998,0.7185354890117308,66.52081561684173
0.01725338083667275,6.379237096527194,86.0651100659692
0.15378391281238069,1.3529648351545434,53.955132196178056
0.01479909135716673,5.49921202238695,52.00226413894998
0.3473156276624077,4.294472542224325,89.16278088015741
0.02624414290673404,3.1886795321726003,57.770008723083805
0.04141934235426118,4.896791558781564,58.12409831876775
0.0294784052545614,5.387540498060353,71.45878960575878
0.06923882791466834,0.8819399103470624,52.81123826912228
0.1265249660472432,2.840377047981428,89.44758174604286
0.015569825234108103,7.543654492683148,57.30641749536673
0.06722838616121929,0.9121710627690836,77.76251779595347
0.07070357105177819,2.2385692230848604,79.41044536459819
0.03781493621055005,7.866835006805723,71.71096355402663
0.01001435842944553,6.573794784404156,63.21893288094371
0.050581697019217685,5.750372384027552,98.60145715019395
0.056597553650992144,7.3919136609879,96.7763251342446
0.25968063058208246,1.8435581041977014,88.9077876433993
0.02735555456276447,6.224326497218986,65.05541704492455
0.03281740968249852,1.1795915525731595,91.85664856527214
0.07702620870847626,0.3753008924729979,83.32568884739952
0.01053192596338882,7.253241179706885,92.22766231947827
0.061857985700950045,1.4268219687053136,91.0437790805773
0.06315660992666203,4.497510346612499,61.91128581241669
0.08246833843613027,1.3828866991080284,64.65980171181342
0.08340888024579095,3.9490398885928215,80.0450695788536
0.05869561898338761,0.28571961098121224,96.1472843834043
0.022335960238345026,1.8993518935010156,78.36098158935944
0.031121065003081,7.4365819812177545,65.4736879517883
0.07134089653446099,6.861643527373953,75.78853225625456
0.11584313656826356,0.5434188961165658,82.06908952691388
0.039874534128255756,0.10676596588148592,90.14094938583895
0.022470510106340998,0.7185354890117308,66.52081561684173
0.01725338083667275,6.379237096527194,86.0651100659692
0.15378391281238069,1.3529648351545434,53.955132196178056
0.01479909135716673,5.49921202238695,52.00226413894998
0.3334609998074878,4.246756219329763,87.80814430786411
0.0400685472287577,4.054916782690639,56.0678362922559
0.04141934235426118,4.896791558781564,58.12409831876775
0.0294784052545614,5.387540498060353,71.45878960575878
0.06923882791466834,0.8819399103470624,52.81123826912228
0.15393498358385094,2.083685933987502,98.73309379844338
0.015569825234108103,7.543654492683148,57.30641749536673
0.054395933637988586,0.5158157496880835,88.79535956881793
0.06993904039005668,2.2144533728666778,79.79097542032599
0.03781493621055005,7.866835006805723,71.71096355402663
0.012352616246195644,6.532155882685214,64.03675052127893
0.050581697019217685,5.750372384027552,98.60145715019395
0.07717177127628172,6.052749210359822,94.62004398180704
0.25814965316338856,1.881022269113493,88.75081728267783
0.03390766828787237,6.123853877027304,51.42885490731751
0.03281740968249852,1.1795915525731595,91.85664856527214
0.061398379817259534,1.9450524168943772,84.04192074722854
0.01053192596338882,7.253241179706885,92.22766231947827
0.06271444448406276,1.7358649178597818,89.66160480047432
0.07113018453183417,6.00123914618954,52.24327637328407
0.11806154019628812,1.2981523797222594,65.25828608863515
0.08903419584807162,5.166636334830767,90.85652549987591
0.05869561898338761,0.28571961098121224,96.1472843834043
0.04042103985155765,1.8241780071351594,75.00313750993065
0.031121065003081,7.4365819812177545,65.4736879517883
0.0582248260552266,5.793388037712015,70.54797266866805
0.11584313656826356,0.5434188961165658,82.06908952691388
0.039874534128255756,0.10676596588148592,90.14094938583895
0.023699174497636397,1.5227944584817072,63.671623500337226
0.01725338083667275,6.379237096527194,86.0651100659692
0.1609619261825976,1.3069618253727804,51.61750028039168
0.012357472344526773,5.992127238451921,50.77180792163354
0.2801777866108507,4.529977720089288,89.84117529884585
0.04501043634251451,3.880239244698304,56.65017301342985
0.045775139288074154,4.185254525069221,62.00647133774865
0.0294784052545614,5.387540498060353,71.45878960575878
0.06923882791466834,0.8819399103470624,52.81123826912228
0.14614540473763082,1.9327420204194148,99.28175319593763
0.015569825234108103,7.543654492683148,57.30641749536673
0.054395933637988586,0.5158157496880835,88.79535956881793
0.06388735121012476,2.1478013694189424,79.50168200056255
0.03781493621055005,7.866835006805723,71.71096355402663
0.012352616246195644,6.532155882685214,64.03675052127893
0.050581697019217685,5.750372384027552,98.60145715019395
0.07618862774966505,6.108433439031625,95.1246100912189
0.25814965316338856,1.881022269113493,88.75081728267783
0.03390766828787237,6.123853877027304,51.42885490731751
0.03281740968249852,1.1795915525731595,91.85664856527214
0.061398379817259534,1.9450524168943772,84.04192074722854
0.01053192596338882,7.253241179706885,92.22766231947827
0.06271444448406276,1.7358649178597818,89.66160480047432
0.07113018453183417,6.00123914618954,52.24327637328407
0.10387343101967643,1.7996496660207288,63.586403780599056
0.08903419584807162,5.166636334830767,90.85652549987591
0.05981877940803729,0.8019777241615387,92.18162558428125
0.04430344972721917,1.7582499563725416,75.36686277196794
0.040009101100824215,5.824519838353171,70.92447261912241
0.06906897816746065,6.83172011623874,79.19648500825551
0.10463692297788404,1.133446412815709,78.67998220371248
0.039874534128255756,0.10676596588148592,90.14094938583895
0.023699174497636397,1.5227944584817072,63.671623500337226
0.01725338083667275,6.379237096527194,86.0651100659692
0.17079344808711977,1.3525186409010925,51.48954711040409
0.012357472344526773,5.992127238451921,50.77180792163354
0.2801777866108507,4.529977720089288,89.84117529884585
0.04457796850583544,3.707741807331256,53.62098793917774
0.045775139288074154,4.185254525069221,62.00647133774865
0.04706930206948791,3.3941624169148863,63.20869744205201
0.06923882791466834,0.8819399103470624,52.81123826912228
0.1352497456536776,1.8984372839080736,90.0812280274871
0.015569825234108103,7.543654492683148,57.30641749536673
0.054395933637988586,0.5158157496880835,88.79535956881793
0.06388735121012476,2.1478013694189424,79.50168200056255
0.03781493621055005,7.866835006805723,71.71096355402663
0.012352616246195644,6.532155882685214,64.03675052127893
0.050710493935372594,5.83226993181133,99.07810994274
0.07618862774966505,6.108433439031625,95.1246100912189
0.25814965316338856,1.881022269113493,88.75081728267783
0.03390766828787237,6.123853877027304,51.42885490731751
0.03518405845692158,4.346429474571869,82.31637689804677
0.061398379817259534,1.9450524168943772,84.04192074722854
0.01053192596338882,7.253241179706885,92.22766231947827
0.06271444448406276,1.7358649178597818,89.66160480047432
0.07113018453183417,6.00123914618954,52.24327637328407
0.10387343101967643,1.7996496660207288,63.586403780599056
0.08903419584807162,5.166636334830767,90.85652549987591
0.05981877940803729,0.8019777241615387,92.18162558428125
0.034354412706655194,1.8612805503448184,74.82052678128116
0.040009101100824215,5.824519838353171,70.92447261912241
0.07391437867746446,6.671243393721356,80.35698608910675
0.10463692297788404,1.133446412815709,78.67998220371248
0.039874534128255756,0.10676596588148592,90.14094938583895
0.023699174497636397,1.5227944584817072,63.671623500337226
0.01694209507326225,6.594535336477635,80.74769045838953
0.14877216994649947,2.4312912227655525,54.838219235082796
0.012357472344526773,5.992127238451921,50.77180792163354
0.2801777866108507,4.529977720089288,89.84117529884585
0.04626838608434996,3.324974853183178,53.96827153343506
0.045775139288074154,4.185254525069221,62.00647133774865
0.04706930206948791,3.3941624169148863,63.20869744205201
0.06944273604441105,1.4338541941472984,52.75000600499271
0.10970963107568767,2.9957873929114944,90.54796816145317
0.01874714629193191,7.4554486419242725,57.01687248325258
0.054395933637988586,0.5158157496880835,88.79535956881793
0.06388735121012476,2.1478013694189424,79.50168200056255
0.03781493621055005,7.866835006805723,71.71096355402663
0.021467480919998415,5.756702237714114,66.77200777489566
0.050710493935372594,5.83226993181133,99.07810994274
0.07579118122516121,5.809539695666928,92.70478463293082
0.25814965316338856,1.881022269113493,88.75081728267783
0.03390766828787237,6.123853877027304,51.42885490731751
0.03518405845692158,4.346429474571869,82.31637689804677
0.06659417147087957,1.9611469921926772,85.813570653733
0.010526075170491108,7.257282992375648,92.3605264422338
0.06271444448406276,1.7358649178597818,89.66160480047432
0.07113018453183417,6.00123914618954,52.24327637328407
0.09937168700361888,2.377310170983281,62.02688047712276
0.08903419584807162,5.166636334830767,90.85652549987591
0.060815799926771275,1.1317774313291886,89.07435243185203
0.034354412706655194,1.8612805503448184,74.82052678128116
0.040009101100824215,5.824519838353171,70.92447261912241
0.1045374350261278,6.213344709679781,92.45543948801966
0.10463692297788404,1.133446412815709,78.67998220371248
0.039874534128255756,0.10676596588148592,90.14094938583895
0.028806601561277345,1.8191472392035708,65.49020841061665
0.054659358242355155,5.403409760427966,73.33485734241678
0.14877216994649947,2.4312912227655525,54.838219235082796
0.012357472344526773,5.992127238451921,50.77180792163354
0.24999570822656947,3.9933723656615685,89.70137268883268
0.04626838608434996,3.324974853183178,53.96827153343506
0.0637353499860091,2.012197303608228,65.3220799638762
0.04734878571832281,3.2233204547392016,63.46832671217228
0.06944273604441105,1.4338541941472984,52.75000600499271
0.10745623251391483,2.8609757057262493,84.33112489745147
0.01874714629193191,7.4554486419242725,57.01687248325258
0.05377702436930334,0.42410169413831866,88.9775387734226
0.050077667481923875,0.4899728545418851,73.2660369418536
0.03781493621055005,7.866835006805723,71.71096355402663
0.021467480919998415,5.756702237714114,66.77200777489566
0.050710493935372594,5.83226993181133,99.07810994274
0.07716239017999002,6.223775936006968,93.31572160848816
0.3355963215831723,0.5404316714553214,94.61799998212489
0.034495551380799974,6.141204278183662,50.70378703684905
0.03445956281673172,4.358644743367158,82.4916400058333
0.0619957922588769,1.642012901666724,86.55830113600025
0.010526075170491108,7.257282992375648,92.3605264422338
0.0629095496696049,1.7644803664336108,89.6819220110634
0.08797670545064276,3.8346730699017275,63.64732849965259
0.09937168700361888,2.377310170983281,62.02688047712276
0.08903419584807162,5.166636334830767,90.85652549987591
0.05237525209597255,0.2967599838608921,87.9748219682093
0.034354412706655194,1.8612805503448184,74.82052678128116
0.04004952229492796,5.786896039790463,70.90998377970952
0.11368252625701153,6.361845403363279,95.961177467196
0.11002309811438285,0.9993715450360352,78.57137200675916
0.039874534128255756,0.10676596588148592,90.14094938583895
0.028806601561277345,1.8191472392035708,65.49020841061665
0.03744055020567051,5.522012681852922,64.55802342842598
0.14877216994649947,2.4312912227655525,54.838219235082796
0.012357472344526773,5.992127238451921,50.77180792163354
0.17943527822442293,4.537818517780651,82.62169650584148
0.04626838608434996,3.324974853183178,53.96827153343506
0.08292617034119887,2.106776994126258,62.956117925684026
0.017493361821518505,4.192178420690874,57.34058612028828
0.07528139266401733,1.37849475072042,50.91947591011879
0.09418603268733008,2.679500682087196,82.6046625767503
0.01874714629193191,7.4554486419242725,57.01687248325258
0.05377702436930334,0.42410169413831866,88.9775387734226
0.04996803605871192,0.5715644387492711,72.71064571035183
0.03781493621055005,7.866835006805723,71.71096355402663
0.021467480919998415,5.756702237714114,66.77200777489566
0.050710493935372594,5.83226993181133,99.07810994274
0.08016625868069202,6.098341304546484,94.96507488647887
0.2625687999173397,1.279548031094387,79.06851788938008
0.034495551380799974,6.141204278183662,50.70378703684905
0.03445956281673172,4.358644743367158,82.4916400058333
0.0619957922588769,1.642012901666724,86.55830113600025
0.020962430914794827,5.608451875030221,91.54421920633906
0.06287548452129234,1.7636418690647364,89.68601380164415
0.11173161191293846,3.602095292399517,55.282815090597076
0.09893032389417086,2.4086470882865254,62.362939764096716
0.08903419584807162,5.166636334830767,90.85652549987591
0.05628265131305712,0.46974204490962235,85.81744627648993
0.034354412706655194,1.8612805503448184,74.82052678128116
0.04196655564962039,5.664601429079719,77.88444470621633
0.11368252625701153,6.361845403363279,95.961177467196
0.11276155787080065,1.1005676311997032,76.89411160579432
0.039874534128255756,0.10676596588148592,90.14094938583895
0.02747099013974001,2.464344644943835,69.92637329838946
0.04412305355396173,4.790288157511893,62.149524210755594
0.14877216994649947,2.4312912227655525,54.838219235082796
0.012357472344526773,5.992127238451921,50.77180792163354
0.17943527822442293,4.537818517780651,82.62169650584148
0.012077878243452606,3.6829088872712807,54.677683371619
0.08055884720477811,1.88125318199433,59.22878636268598
0.016761627927017013,4.448625442034315,56.40470195164501
0.07528139266401733,1.37849475072042,50.91947591011879
0.10546703471421373,3.309141487776858,80.82554370489056
0.01874714629193191,7.4554486419242725,57.01687248325258
0.053582180408540035,0.47380380484489626,88.82136180376963
0.0512489312672752,0.630548737850403,70.4986886893335
0.03781493621055005,7.866835006805723,71.71096355402663
0.021467480919998415,5.756702237714114,66.77200777489566
0.050710493935372594,5.83226993181133,99.07810994274
0.08016625868069202,6.098341304546484,94.96507488647887
0.2474825416246807,1.2177377209854088,79.78449459915055
0.034495551380799974,6.141204278183662,50.70378703684905
0.04057127929128082,3.7927121517550133,78.39248784233166
0.0619957922588769,1.642012901666724,86.55830113600025
0.020962430914794827,5.608451875030221,91.54421920633906
0.06287548452129234,1.7636418690647364,89.68601380164415
0.11173161191293846,3.602095292399517,55.282815090597076
0.11180199961054538,2.6389157058035724,52.6085280206802
0.09168916680306406,4.806980685886198,89.49441184591012
0.05628265131305712,0.46974204490962235,85.81744627648993
0.04157570479123669,1.7760962226224188,70.60334609389801
0.02872025006379332,5.535816910470906,74.54557995799817
0.10021216791467134,6.312694320045526,89.95361095192018
0.11973396510011854,1.0078919945090041,75.10623083349557
0.039874534128255756,0.10676596588148592,90.14094938583895
0.03842271579374488,4.051495303982011,83.66426653717396
0.04410385012973254,4.803404554440165,62.22275671138821
0.14427345436785774,2.5734897960923133,54.8922170798126
0.012357472344526773,5.992127238451921,50.77180792163354
0.18575451058454634,4.362518634867436,81.339692677317
0.01776071714049349,3.933749021404219,62.17055696017748
0.0881038567044409,1.9016058320962652,57.027292180506734
0.016761627927017013,4.448625442034315,56.40470195164501
0.07528139266401733,1.37849475072042,50.91947591011879
0.14498042101907488,1.4884028602475956,67.65413640719102
0.01874714629193191,7.4554486419242725,57.01687248325258
0.053582180408540035,0.47380380484489626,88.82136180376963
0.04324394533840819,1.9462519093831934,76.06120577428861
0.03781493621055005,7.866835006805723,71.71096355402663
0.021467480919998415,5.756702237714114,66.77200777489566
0.04504787660861981,5.436650843016534,93.75604427559279
0.12315083938171242,6.454022558820863,97.44876644154104
0.2474825416246807,1.2177377209854088,79.78449459915055
0.04555568379026817,4.435195330386475,65.89580977700794
0.03864172550491084,3.9934280450711936,77.390139181502
0.06107023704682873,1.6603711685602005,89.04111707455021
0.025477151531794664,4.897793397780138,91.16736344737967
0.06371620507130385,1.8117359954138368,89.98634820940403
0.11173161191293846,3.602095292399517,55.282815090597076
0.10638043410861378,2.8269168369059665,50.149979725705876
0.09168916680306406,4.806980685886198,89.49441184591012
0.05501976487772672,0.22188979611304238,85.07640501283802
0.04157570479123669,1.7760962226224188,70.60334609389801
0.033446439773717106,4.626115783963451,82.85232164950115
0.10021216791467134,6.312694320045526,89.95361095192018
0.11973396510011854,1.0078919945090041,75.10623083349557
0.039874534128255756,0.10676596588148592,90.14094938583895
0.036996340396833964,4.2162017052965615,83.43153462946566
0.05902994747013151,4.99707818955473,65.39882817448509
0.13983148595607564,2.4706492642461493,56.554032848000034
0.05890680756905004,4.8725764303916135,52.884876631665016
0.2777724837964743,3.361041199390052,69.25286909747587
0.04047820353688761,3.853571652707002,60.50544370779256
0.09007006922688791,1.887095877161706,57.91792967254092
0.03513745970901186,4.284829524890831,56.18762700467963
0.07528139266401733,1.37849475072042,50.91947591011879
0.1441265582858316,1.5180118651740746,67.26693039331744
0.01874714629193191,7.4554486419242725,57.01687248325258
0.053582180408540035,0.47380380484489626,88.82136180376963
0.04325902379282419,1.946462232545347,76.05501757395555
0.03781493621055005,7.866835006805723,71.71096355402663
0.032713481167476514,4.313545101434452,73.92300188425068
0.04504787660861981,5.436650843016534,93.75604427559279
0.12315083938171242,6.454022558820863,97.44876644154104
0.20646559404332862,1.81018254058309,75.2264823651262
0.048456280377884124,3.1438814096412395,71.77436983744711
0.03864172550491084,3.9934280450711936,77.390139181502
0.14912599276094574,1.4512839904428063,84.66855760602444
0.017080777386489332,5.5386576084726435,98.25339491694164
0.05656303900287003,1.2530205745048884,89.08822008081493
0.11173161191293846,3.602095292399517,55.282815090597076
0.10638043410861378,2.8269168369059665,50.149979725705876
0.129676332446158,5.389564089905949,98.16225706972968
0.05501976487772672,0.22188979611304238,85.07640501283802
0.04157570479123669,1.7760962226224188,70.60334609389801
0.02997014157755623,5.575435024338067,85.26039844665925
0.10021216791467134,6.312694320045526,89.95361095192018
0.11641247090405307,1.0405383952219651,74.91487159047996
0.039874534128255756,0.10676596588148592,90.14094938583895
0.03703910453843841,4.200703003848542,83.38116477999964
0.10700683938505504,4.638245512727553,66.24413658090386
0.13983148595607564,2.4706492642461493,56.554032848000034
0.05890680756905004,4.8725764303916135,52.884876631665016
0.2777724837964743,3.361041199390052,69.25286909747587
0.04047820353688761,3.853571652707002,60.50544370779256
0.09007006922688791,1.887095877161706,57.91792967254092
0.03513745970901186,4.284829524890831,56.18762700467963
0.07528139266401733,1.37849475072042,50.91947591011879
0.1441265582858316,1.5180118651740746,67.26693039331744
0.01874714629193191,7.4554486419242725,57.01687248325258
0.053582180408540035,0.47380380484489626,88.82136180376963
0.05444132133713142,2.3865018133769675,78.07955796698216
0.03781493621055005,7.866835006805723,71.71096355402663
0.032713481167476514,4.313545101434452,73.92300188425068
0.021521018636408443,5.0630296113542625,95.37773299191343
0.17495256379649243,7.128793494241049,99.89796131442367
0.12964095080302568,2.755932931989763,68.41308202474022
0.024781143121399715,3.8588984942758944,79.65764919902514
0.03864172550491084,3.9934280450711936,77.390139181502
0.14912599276094574,1.4512839904428063,84.66855760602444
0.017080777386489332,5.5386576084726435,98.25339491694164
0.05656303900287003,1.2530205745048884,89.08822008081493
0.11173161191293846,3.602095292399517,55.282815090597076
0.10638043410861378,2.8269168369059665,50.149979725705876
0.129676332446158,5.389564089905949,98.16225706972968
0.05501976487772672,0.22188979611304238,85.07640501283802
0.04289373717757612,1.2625103465259793,73.55452058155754
0.02997014157755623,5.575435024338067,85.26039844665925
0.10021216791467134,6.312694320045526,89.95361095192018
0.12536459784454468,0.2630346982084646,75.27979132441104
0.030738903537435518,0.03732306318866688,93.19589171507154
0.03703910453843841,4.200703003848542,83.38116477999964
0.12908376295296964,6.906622347767087,76.90817435814978
0.1448151922497616,2.331130584503983,50.75433566511336
0.05890680756905004,4.8725764303916135,52.884876631665016
0.2777724837964743,3.361041199390052,69.25286909747587
0.03585128269700988,4.611744334639764,71.4055712874343
0.09229034444274536,1.97309420325162,56.037466684191834
0.011358851530065439,4.888477723583126,53.770408974489186
0.07528139266401733,1.37849475072042,50.91947591011879
0.14473023245920613,1.31351356531263,65.032486525351
0.01874714629193191,7.4554486419242725,57.01687248325258
0.053582180408540035,0.47380380484489626,88.82136180376963
0.06696915519380381,3.1451495457008387,77.88295535168444
0.03781493621055005,7.866835006805723,71.71096355402663
0.01827858386418499,3.8860180626835006,70.49478414028636
0.021521018636408443,5.0630296113542625,95.37773299191343
0.12816608574268631,4.828145101462941,97.723644182039
0.13123392116818544,2.7997203466607816,68.01391656261305
0.024781143121399715,3.8588984942758944,79.65764919902514
0.022191629813335334,4.3794630034841635,78.96882825822729
0.14912599276094574,1.4512839904428063,84.66855760602444
0.06302494425544167,4.116485854426313,93.52665013841718
0.05656303900287003,1.2530205745048884,89.08822008081493
0.11173161191293846,3.602095292399517,55.282815090597076
0.10638043410861378,2.8269168369059665,50.149979725705876
0.13718750583662961,3.8686581096189467,92.9511883564245
0.05501976487772672,0.22188979611304238,85.07640501283802
0.04289373717757612,1.2625103465259793,73.55452058155754
0.026273729732750196,5.438997566380719,79.0061318278098
0.06865335505624866,3.4620543092795595,91.42644417425377
0.12536459784454468,0.2630346982084646,75.27979132441104
0.030738903537435518,0.03732306318866688,93.19589171507154
0.03703910453843841,4.200703003848542,83.38116477999964
0.12908376295296964,6.906622347767087,76.90817435814978
0.1448151922497616,2.331130584503983,50.75433566511336
0.05899672714423057,4.946860648587842,52.27799968371221
0.2777724837964743,3.361041199390052,69.25286909747587
0.03562837733342627,3.631023916774212,76.69956409737162
0.07450506035314382,2.6137709320892113,55.53926426677089
0.011358851530065439,4.888477723583126,53.770408974489186
0.07528139266401733,1.37849475072042,50.91947591011879
0.11495232703954422,2.4655573317358024,61.2002656349121
0.01874714629193191,7.4554486419242725,57.01687248325258
0.053582180408540035,0.47380380484489626,88.82136180376963
0.09302844076549487,2.7042710410324933,76.78673745711279
0.03781493621055005,7.866835006805723,71.71096355402663
0.01827858386418499,3.8860180626835006,70.49478414028636
0.021521018636408443,5.0630296113542625,95.37773299191343
0.12816608574268631,4.828145101462941,97.723644182039
0.1308554257623978,2.8414000639302657,68.09752885840618
0.017555080869951382,6.202228383092457,69.98962466011929
0.015490586807410712,5.416921784003091,80.70527587288625
0.14912599276094574,1.4512839904428063,84.66855760602444
0.06302494425544167,4.116485854426313,93.52665013841718
0.05656303900287003,1.2530205745048884,89.08822008081493
0.12773898762972669,4.578605449214682,57.199006846940655
0.10590857633585019,2.8348605887319938,50.66623015037338
0.12764725026143162,3.058049886691,96.61209612837416
0.07167046428886885,1.0042435596187649,72.10320634053184
0.04237272771254183,1.255015481280129,73.73928126423056
0.030003614844113083,5.829860200756556,70.63051392949741
0.072768626304723,3.427419395740669,93.13641638221085
0.12416163244588249,0.3308926697949115,75.62229598005896
0.03493198516136077,0.5670957501009721,93.23884826954666
0.020731323469603255,4.858196965795145,91.45184415173982
0.18179856347070628,7.659132050978172,75.83246796993248
0.1056138087768532,3.9245586072820715,52.70169754778428
0.03499649101813651,5.558878409208078,50.91047457017759
0.2331848072232769,4.065837558562469,67.14660928196203
0.05336479543954614,3.290393159463669,77.9448889460217
0.06075856113486247,2.106395325300216,55.11067199022683
0.011358851530065439,4.888477723583126,53.770408974489186
0.07528139266401733,1.37849475072042,50.91947591011879
0.11495232703954422,2.4655573317358024,61.2002656349121
0.019573601269666507,7.319896439321454,57.71778215282638
0.053582180408540035,0.47380380484489626,88.82136180376963
0.09302844076549487,2.7042710410324933,76.78673745711279
0.03781493621055005,7.866835006805723,71.71096355402663
0.01827858386418499,3.8860180626835006,70.49478414028636
0.021521018636408443,5.0630296113542625,95.37773299191343
0.12816608574268631,4.828145101462941,97.723644182039
0.14003756563808753,2.8746868265249343,65.98830633462052
0.016261252238130505,6.30743491234735,69.7021957087715
0.015490586807410712,5.416921784003091,80.70527587288625
0.13248803378153629,1.4348838151685976,77.06453732407869
0.06302494425544167,4.116485854426313,93.52665013841718
0.05656303900287003,1.2530205745048884,89.08822008081493
0.10469788478705362,4.750685699294399,62.02411222132988
0.10590857633585019,2.8348605887319938,50.66623015037338
0.12764725026143162,3.058049886691,96.61209612837416
0.07167046428886885,1.0042435596187649,72.10320634053184
0.04237272771254183,1.255015481280129,73.73928126423056
0.02079433961611621,6.307700923866001,64.24504054715355
0.07731431952777892,2.8500777358707934,95.92277557517679
0.12416163244588249,0.3308926697949115,75.62229598005896
0.03268571623613919,0.3594212196941583,99.1255284117544
0.020731323469603255,4.858196965795145,91.45184415173982
0.22388222763652207,7.598424444109091,77.03710499010919
0.07312107491886424,4.837495339905688,57.123733851727664
0.033048057471517005,5.363910391503326,53.19298071178886
0.18365457996663662,4.438970819149738,63.08895614961632
0.03482194471340157,2.9091924529147017,73.04183841836226
0.06075856113486247,2.106395325300216,55.11067199022683
0.011358851530065439,4.888477723583126,53.770408974489186
0.07528139266401733,1.37849475072042,50.91947591011879
0.14205746882569653,1.086030097259708,62.18993296154017
0.019573601269666507,7.319896439321454,57.71778215282638
0.053582180408540035,0.47380380484489626,88.82136180376963
0.12830928237469624,1.1398543182907126,90.6647347119482
0.03781493621055005,7.866835006805723,71.71096355402663
0.01827858386418499,3.8860180626835006,70.49478414028636
0.021521018636408443,5.0630296113542625,95.37773299191343
0.12816608574268631,4.828145101462941,97.723644182039
0.14003756563808753,2.8746868265249343,65.98830633462052
0.013715746803318142,7.2292732860576105,65.1420923583781
0.015490586807410712,5.416921784003091,80.70527587288625
0.10598706211926845,2.953784451520059,68.16311003409334
0.06172127605141175,4.177564663653001,92.86247709350894
0.05656303900287003,1.2530205745048884,89.08822008081493
0.14898428274145165,2.6873342583824504,55.60998482151592
0.08905618625777437,1.9338099637485882,61.21775484762448
0.12764725026143162,3.058049886691,96.61209612837416
0.07167046428886885,1.0042435596187649,72.10320634053184
0.04237272771254183,1.255015481280129,73.73928126423056
0.019900329325208188,6.307648461379545,65.3212944259694
0.07113654477535764,2.5053052400335334,96.36612096698208
0.12416163244588249,0.3308926697949115,75.62229598005896
0.03268571623613919,0.3594212196941583,99.1255284117544
0.020731323469603255,4.858196965795145,91.45184415173982
0.22388222763652207,7.598424444109091,77.03710499010919
0.07312107491886424,4.837495339905688,57.123733851727664
0.033048057471517005,5.363910391503326,53.19298071178886
0.13692572323451319,4.972216029458723,63.725975433602756
0.03482194471340157,2.9091924529147017,73.04183841836226
0.024200010678879974,2.9611764345751497,50.33625056908045
0.014373481639050483,4.878738000195377,65.89054011683002
0.07528139266401733,1.37849475072042,50.91947591011879
0.14205746882569653,1.086030097259708,62.18993296154017
0.019573601269666507,7.319896439321454,57.71778215282638
0.04844126969488809,2.884301976577958,83.2425156482589
0.13105100976468476,1.0926814959871471,92.40823527329474
0.03579411527754109,7.9785450091210235,71.92159184954623
0.03744356644489753,3.4524891889968647,69.20892405012985
0.021521018636408443,5.0630296113542625,95.37773299191343
0.10801372281694048,4.655367618281699,92.73012025770369
0.14003756563808753,2.8746868265249343,65.98830633462052
0.013715746803318142,7.2292732860576105,65.1420923583781
0.01540588326630408,5.34440853672489,81.52010134321966
0.14511202814230392,0.13411389727636092,66.12694574301693
0.06172127605141175,4.177564663653001,92.86247709350894
0.05656303900287003,1.2530205745048884,89.08822008081493
0.14255406573469578,2.0769066610897022,60.79410102280341
0.07837908515094277,1.9989289038307303,58.91346461644755
0.12110715126926552,3.1691098680148926,96.24012013613768
0.07167046428886885,1.0042435596187649,72.10320634053184
0.044285617677124176,1.2867388028772253,73.58746857018929
0.01679170219870919,6.530784331826536,68.18889288792697
0.07113654477535764,2.5053052400335334,96.36612096698208
0.08067976227444375,2.132078123443624,71.76800986743845
0.03268571623613919,0.3594212196941583,99.1255284117544
0.020731323469603255,4.858196965795145,91.45184415173982
0.22388222763652207,7.598424444109091,77.03710499010919
0.07312107491886424,4.837495339905688,57.123733851727664
0.033048057471517005,5.363910391503326,53.19298071178886
0.13692572323451319,4.972216029458723,63.725975433602756
0.033955830533272446,2.8683529560663232,72.40364648711889
0.024200010678879974,2.9611764345751497,50.33625056908045
0.014373481639050483,4.878738000195377,65.89054011683002
0.07528139266401733,1.37849475072042,50.91947591011879
0.14205746882569653,1.086030097259708,62.18993296154017
0.019573601269666507,7.319896439321454,57.71778215282638
0.04032691595433132,4.1310941313925635,76.06782063428886
0.13015456737698575,1.0159800386232787,94.8719501388428
0.054971807511312226,5.285687935738802,66.06351888728453
0.03278506942509371,3.3133590159877877,64.67019250805774
0.022947151300020334,5.135366792589174,87.30397643274102
0.11435074473020333,4.5907997876112825,96.06064073739432
0.15388020464069935,3.143608872738267,62.15763151836906
0.013715746803318142,7.2292732860576105,65.1420923583781
0.015682674514808845,5.475606895760846,79.93931453357885
0.14511202814230392,0.13411389727636092,66.12694574301693
0.06172127605141175,4.177564663653001,92.86247709350894
0.05959353738449061,1.3868165406190849,97.1419034921751
0.14255406573469578,2.0769066610897022,60.79410102280341
0.09048452231271588,1.783930269560882,60.82990425084957
0.12110715126926552,3.1691098680148926,96.24012013613768
0.0602352307614514,1.5954080271089959,72.39449285977268
0.044285617677124176,1.2867388028772253,73.58746857018929
0.01679170219870919,6.530784331826536,68.18889288792697
0.07113654477535764,2.5053052400335334,96.36612096698208
0.04961556901011899,0.9462910064024834,70.62501146440887
0.033191558107834196,0.21349299693734025,99.64090157513415
0.011718667427609047,6.078816103351607,97.95037218813195
0.22388222763652207,7.598424444109091,77.03710499010919
0.031509502097739436,7.101964951432762,54.065661022023306
0.02929640086890209,5.457417348255346,51.359006753165495
0.13153955383059013,7.742947685233952,66.53169883211308
0.011081661362325232,1.7897774273445624,55.548928559953424
0.024200010678879974,2.9611764345751497,50.33625056908045
0.01449985192803901,4.4271307456983475,66.03433903759583
0.0714301455595143,2.1194043422948083,53.791196392233644
0.14205746882569653,1.086030097259708,62.18993296154017
0.024229849164724454,6.852939361643864,57.36521032350562
0.03738457334107466,4.124703090636488,73.75807016029769
0.12568673186818813,1.2127277290592557,92.94440495056847
0.054971807511312226,5.285687935738802,66.06351888728453
0.033951199423821944,3.2773309756425637,64.34191462648279
0.029472448746899332,4.72945019487543,82.7935112402304
0.11435074473020333,4.5907997876112825,96.06064073739432
0.19639274028534298,3.8639022487119914,57.723914776140965
0.013715746803318142,7.2292732860576105,65.1420923583781
0.015682674514808845,5.475606895760846,79.93931453357885
0.14511202814230392,0.13411389727636092,66.12694574301693
0.06172127605141175,4.177564663653001,92.86247709350894
0.05959353738449061,1.3868165406190849,97.1419034921751
0.14155753173656418,2.095196400520506,60.83488121413649
0.06952271836239377,2.3395609373425725,62.22505386720912
0.12110715126926552,3.1691098680148926,96.24012013613768
0.0602352307614514,1.5954080271089959,72.39449285977268
0.044285617677124176,1.2867388028772253,73.58746857018929
0.01679170219870919,6.530784331826536,68.18889288792697
0.07113654477535764,2.5053052400335334,96.36612096698208
0.05623603371750502,0.06260052139996919,68.80774784276704
0.033191558107834196,0.21349299693734025,99.64090157513415
0.011718667427609047,6.078816103351607,97.95037218813195
0.12982709132208906,6.173870633943109,72.09463240616897
0.031509502097739436,7.101964951432762,54.065661022023306
0.02929640086890209,5.457417348255346,51.359006753165495
0.11629422212546808,7.53121299749812,70.52923308032801
0.02576534196261932,1.7317133187473843,60.58121591434157
0.024200010678879974,2.9611764345751497,50.33625056908045
0.01449985192803901,4.4271307456983475,66.03433903759583
0.073553380916829,2.2252319532515106,51.24534620125038
0.14222386329179193,1.083382713050389,62.20666832291629
0.017418667208049035,7.484246399964122,51.70200392171979
0.03738457334107466,4.124703090636488,73.75807016029769
0.12568673186818813,1.2127277290592557,92.94440495056847
0.051363532575229215,7.815513843447732,61.72339771133334
0.03359736554633134,3.190003184277028,63.371512070896785
0.029472448746899332,4.72945019487543,82.7935112402304
0.1081042737018734,4.296234972202594,94.05710453099066
0.19639274028534298,3.8639022487119914,57.723914776140965
0.013715746803318142,7.2292732860576105,65.1420923583781
0.015717455615815203,5.506437516756739,80.3481927226042
0.13112188245436812,0.6523561995643137,67.1179701996655
0.04642801800057851,4.437265465665552,91.9926546573652
0.02643312175545212,0.42602780172278276,97.62803183035996
0.11911783290169302,2.532368576591976,63.618640765603246
0.0478145581246989,2.0787377346458635,62.99522358232434
0.12110715126926552,3.1691098680148926,96.24012013613768
0.0602352307614514,1.5954080271089959,72.39449285977268
0.06167842572845458,0.8688532129665967,85.8019333760829
0.01679170219870919,6.530784331826536,68.18889288792697
0.06534103595370291,2.7833700205519607,92.4841208252816
0.05623603371750502,0.06260052139996919,68.80774784276704
0.033191558107834196,0.21349299693734025,99.64090157513415
0.011718667427609047,6.078816103351607,97.95037218813195
0.1298331351123709,6.181112543156382,72.06419745140576
0.031509502097739436,7.101964951432762,54.065661022023306
0.02993271194036287,5.4027982555926135,50.50260523870919
0.11629422212546808,7.53121299749812,70.52923308032801
0.027459700246588534,1.9535710628469358,63.15698254533649
0.024200010678879974,2.9611764345751497,50.33625056908045
0.011553082976363073,4.466073077919915,65.0397867923364
0.08726801162540954,2.3176782613426106,54.969634724570206
0.14222386329179193,1.083382713050389,62.20666832291629
0.017418667208049035,7.484246399964122,51.70200392171979
0.03738457334107466,4.124703090636488,73.75807016029769
0.12795941454904425,0.24184497936232185,91.3088589302539
0.04242911577560608,6.766861166495786,71.75510241186599
0.033857686861099856,3.092849498687389,62.14579998868215
0.029472448746899332,4.72945019487543,82.7935112402304
0.10602534216264879,4.306415125614294,94.9126433915572
0.19639274028534298,3.8639022487119914,57.723914776140965
0.013715746803318142,7.2292732860576105,65.1420923583781
0.015717455615815203,5.506437516756739,80.3481927226042
0.13112188245436812,0.6523561995643137,67.1179701996655
0.04642801800057851,4.437265465665552,91.9926546573652
0.02643312175545212,0.42602780172278276,97.62803183035996
0.0683199627904229,1.6570640719961371,67.49363117701316
0.0478145581246989,2.0787377346458635,62.99522358232434
0.12138025692593922,3.1821881886464634,96.35560968421461
0.0620892057907217,1.6901450101854743,70.52661928939739
0.0482280654007196,2.48117568703962,84.54550939713252
0.01679170219870919,6.530784331826536,68.18889288792697
0.06534103595370291,2.7833700205519607,92.4841208252816
0.05623603371750502,0.06260052139996919,68.80774784276704
0.033191558107834196,0.21349299693734025,99.64090157513415
0.025621233824907975,4.79408210359877,90.62725849685279
0.1298331351123709,6.181112543156382,72.06419745140576
0.031509502097739436,7.101964951432762,54.065661022023306
0.02809025617703033,5.709252021078397,50.679193948699975
0.08425554410950005,7.5159943957198125,64.42863993119943
0.027459700246588534,1.9535710628469358,63.15698254533649
0.024200010678879974,2.9611764345751497,50.33625056908045
0.011553082976363073,4.466073077919915,65.0397867923364
0.10662216769589918,0.657019967741336,55.2834101154642
0.14222386329179193,1.083382713050389,62.20666832291629
0.017418667208049035,7.484246399964122,51.70200392171979
0.03738457334107466,4.124703090636488,73.75807016029769
0.1389376273275389,0.8103121782214542,87.0934675024906
0.029029977801342064,5.768398143450703,68.84088603206563
0.04329192079546134,2.9559256581271467,60.87822443747503
0.038897397181599985,3.2341687702074995,93.35179389077778
0.09723633335383754,4.571900030110116,88.15771336013458
0.22683616242130106,5.3618211566640985,53.342369867270065
0.013715746803318142,7.2292732860576105,65.1420923583781
0.012036779588055754,5.434010054443281,83.52975871661158
0.13112188245436812,0.6523561995643137,67.1179701996655
0.04642801800057851,4.437265465665552,91.9926546573652
0.02643312175545212,0.42602780172278276,97.62803183035996
0.0683199627904229,1.6570640719961371,67.49363117701316
0.04186372237321734,2.8068201133862725,70.40437504761933
0.12138025692593922,3.1821881886464634,96.35560968421461
0.06174779993748086,1.7089944689861039,70.52455580845077
0.06951858834903317,4.488759369139077,71.76576797545941
0.01679170219870919,6.530784331826536,68.18889288792697
0.06534103595370291,2.7833700205519607,92.4841208252816
0.05623603371750502,0.06260052139996919,68.80774784276704
0.033191558107834196,0.21349299693734025,99.64090157513415
0.025621233824907975,4.79408210359877,90.62725849685279
0.07181340446517297,5.339836892483569,68.6185241782331
0.031509502097739436,7.101964951432762,54.065661022023306
0.02809025617703033,5.709252021078397,50.679193948699975
0.08425554410950005,7.5159943957198125,64.42863993119943
0.027459700246588534,1.9535710628469358,63.15698254533649
0.024200010678879974,2.9611764345751497,50.33625056908045
0.011553082976363073,4.466073077919915,65.0397867923364
0.1164247903599953,0.1660671914476719,52.667777337426514
0.14635401389875852,0.9171759413994547,62.32882435639159
0.017418667208049035,7.484246399964122,51.70200392171979
0.03738457334107466,4.124703090636488,73.75807016029769
0.1389376273275389,0.8103121782214542,87.0934675024906
0.029029977801342064,5.768398143450703,68.84088603206563
0.07777330749090308,3.0558361722465617,76.54393714509322
0.038897397181599985,3.2341687702074995,93.35179389077778
0.09723633335383754,4.571900030110116,88.15771336013458
0.25080227259871235,5.494825336997444,50.53570830064595
0.013715746803318142,7.2292732860576105,65.1420923583781
0.012036779588055754,5.434010054443281,83.52975871661158
0.09868000332566432,2.278087592518804,67.66546343503633
0.04270396742139229,3.690172219342722,93.04224398094766
0.02643312175545212,0.42602780172278276,97.62803183035996
0.07060049533780248,2.4955324672523185,67.05500191375911
0.040582783600501215,2.8624881550035326,70.54530530159754
0.12138025692593922,3.1821881886464634,96.35560968421461
0.06459017956413055,1.6865352107919716,69.21371817172782
0.15232913269265663,4.948331176655964,62.06785828548672
0.01679170219870919,6.530784331826536,68.18889288792697
0.07332334812535324,2.3792861461624315,92.85728619799
0.05623603371750502,0.06260052139996919,68.80774784276704
0.033191558107834196,0.21349299693734025,99.64090157513415
0.025621233824907975,4.79408210359877,90.62725849685279
0.07532849547296985,7.117669933267075,68.32888055186255
0.04602710263747147,4.954561891035636,59.361490063585215
0.03728659117456669,5.4383248873800065,55.36002922575897
0.08425554410950005,7.5159943957198125,64.42863993119943
0.027459700246588534,1.9535710628469358,63.15698254533649
0.024278009153363055,2.9680597348800895,50.47481156989174
0.011553082976363073,4.466073077919915,65.0397867923364
0.08184698123435372,2.5439511994875197,56.86735381902005
0.15644212038892646,0.651586883587373,62.1259438750958
0.017418667208049035,7.484246399964122,51.70200392171979
0.03738457334107466,4.124703090636488,73.75807016029769
0.1389376273275389,0.8103121782214542,87.0934675024906
0.029029977801342064,5.768398143450703,68.84088603206563
0.08371597349539998,3.6730871250371924,79.84823968546927
0.041213321472100314,3.0946664734270257,91.17600946029532
0.1239105150126787,6.387144763181086,83.37504924283522
0.25080227259871235,5.494825336997444,50.53570830064595
0.010575712668079829,7.4452105343590205,65.52345872713305
0.012036779588055754,5.434010054443281,83.52975871661158
0.11134913444707287,2.179979120288165,67.94089621900743
0.04270396742139229,3.690172219342722,93.04224398094766
0.02643312175545212,0.42602780172278276,97.62803183035996
0.07060049533780248,2.4955324672523185,67.05500191375911
0.04067737760056681,2.8251554126198375,70.4502808177135
0.11828462091097271,3.1304684142948216,96.13026152000168
0.06494957539656307,1.7563969740679666,69.23118303851354
0.18052524176088058,5.910193984118676,64.14829976056043
0.01728532713832539,6.218230764811964,69.69612873605973
0.09545588135828703,2.7490614101480246,94.46843353873355
0.05623603371750502,0.06260052139996919,68.80774784276704
0.033191558107834196,0.21349299693734025,99.64090157513415
0.025621233824907975,4.79408210359877,90.62725849685279
0.0665139826437034,6.42239271494914,69.59010128939524
0.04602710263747147,4.954561891035636,59.361490063585215
0.031410462240890516,5.763552278468665,52.669900632493714
0.08425554410950005,7.5159943957198125,64.42863993119943
0.020684008920950864,4.157413831483967,64.10667005622622
0.024278009153363055,2.9680597348800895,50.47481156989174
0.011553082976363073,4.466073077919915,65.0397867923364
0.09812604489699714,2.0988152033087366,54.97473497231696
0.15644212038892646,0.651586883587373,62.1259438750958
0.017418667208049035,7.484246399964122,51.70200392171979
0.04017349852672649,4.119240532204574,75.3698140600795
0.1389376273275389,0.8103121782214542,87.0934675024906
0.029029977801342064,5.768398143450703,68.84088603206563
0.10625352470354996,2.7723414040926713,91.55892166654043
0.041213321472100314,3.0946664734270257,91.17600946029532
0.15182604440580372,5.592479318223534,96.71257122272782
0.25080227259871235,5.494825336997444,50.53570830064595
0.010575712668079829,7.4452105343590205,65.52345872713305
0.01681837702434858,5.528101184850659,79.39655935714423
0.11271155830399666,2.2027831292722393,68.15103538584684
0.0427470502222452,3.7073835869852108,93.0961820808944
0.02643312175545212,0.42602780172278276,97.62803183035996
0.08576483610610335,1.7517536702905336,63.99479448993082
0.038172289455510225,2.8153001987454247,69.62135541747372
0.11828462091097271,3.1304684142948216,96.13026152000168
0.04445878488148863,1.2523893709240348,58.15444527908474
0.1803661310294329,5.904766189295021,64.13655982282533
0.01728532713832539,6.218230764811964,69.69612873605973
0.14163741762390006,2.4548169497669585,97.27156824143206
0.05623603371750502,0.06260052139996919,68.80774784276704
0.033191558107834196,0.21349299693734025,99.64090157513415
0.01565967505931938,5.2979816427538555,95.03838196160618
0.05969744424343966,6.294456511303998,66.30447078298327
0.04602710263747147,4.954561891035636,59.361490063585215
0.03211813155101772,6.040916076801457,52.88769346527319
0.08425554410950005,7.5159943957198125,64.42863993119943
0.010872868653875503,4.665310205139042,51.16999304043779
0.024278009153363055,2.9680597348800895,50.47481156989174
0.011553082976363073,4.466073077919915,65.0397867923364
0.14016178594720347,2.7617917945870483,52.484175941888765
0.09655229220197249,0.43870860444908466,80.35518623726891
0.017603898521528147,7.456874052654042,51.97541471538996
0.04017349852672649,4.119240532204574,75.3698140600795
0.14746017279054133,0.35780833650626587,93.24908841346345
0.029029977801342064,5.768398143450703,68.84088603206563
0.12517544585272308,2.1893013954307112,94.13212992501563
0.041213321472100314,3.0946664734270257,91.17600946029532
0.15182604440580372,5.592479318223534,96.71257122272782
0.25080227259871235,5.494825336997444,50.53570830064595
0.010575712668079829,7.4452105343590205,65.52345872713305
0.012591187392198583,5.405743227736247,80.32252811875172
0.1716111349861039,0.8849813390370644,69.96256155324951
0.0427470502222452,3.7073835869852108,93.0961820808944
0.02643312175545212,0.42602780172278276,97.62803183035996
0.11644483807477099,0.199823975643465,50.40924229199891
0.038172289455510225,2.8153001987454247,69.62135541747372
0.10747271205402659,2.336851604853596,95.94255692143685
0.030204917710513562,1.475029353552937,52.0798607676527
0.1803661310294329,5.904766189295021,64.13655982282533
0.022070495323785615,6.034953729991484,69.34767391220647
0.0818358233981609,3.465725653522721,76.1882722330526
0.05623603371750502,0.06260052139996919,68.80774784276704
0.03617838343958826,1.8843445049516419,89.25789990656843
0.01565967505931938,5.2979816427538555,95.03838196160618
0.05969744424343966,6.294456511303998,66.30447078298327
0.038696741745830834,5.13961202566642,55.63138182353193
0.03211813155101772,6.040916076801457,52.88769346527319
0.08376902257594343,7.466018555502827,64.73097495119893
0.010872868653875503,4.665310205139042,51.16999304043779
0.024278009153363055,2.9680597348800895,50.47481156989174
0.011553082976363073,4.466073077919915,65.0397867923364
0.20062801108435113,3.4693934997403097,52.70651232472479
0.09655229220197249,0.43870860444908466,80.35518623726891
0.017603898521528147,7.456874052654042,51.97541471538996
0.021309713023411586,3.8703356797820962,71.76393843945937
0.14340543292344882,0.5584838855676086,93.5222068845762
0.03105773131455197,6.963354690264346,76.67803201794804
0.17216351580919326,1.8538716519712888,94.02194021531584
0.024753617600439287,2.9061741701498067,94.36762485198099
0.15182604440580372,5.592479318223534,96.71257122272782
0.25080227259871235,5.494825336997444,50.53570830064595
0.010575712668079829,7.4452105343590205,65.52345872713305
0.012971214481010513,5.569498996536417,86.76996583226415
0.1716111349861039,0.8849813390370644,69.96256155324951
0.0647943760566591,3.240543012143781,94.06573498742804
0.02643312175545212,0.42602780172278276,97.62803183035996
0.0820087114655372,1.216237733305623,66.91852660015623
0.038172289455510225,2.8153001987454247,69.62135541747372
0.06977361920835634,2.5963194386108865,95.2247841906757
0.030204917710513562,1.475029353552937,52.0798607676527
0.1803661310294329,5.904766189295021,64.13655982282533
0.02237227127113754,5.646967510648042,71.30391104043159
0.0818358233981609,3.465725653522721,76.1882722330526
0.05360521909891164,0.5224836336606531,68.84932322729844
0.05089211870245884,1.575553127211544,82.13650821116237
0.01565967505931938,5.2979816427538555,95.03838196160618
0.058740023565971224,6.279602128263603,66.7238088771208
0.03648358775427882,5.15482647787803,59.41718323815973
0.03211813155101772,6.040916076801457,52.88769346527319
0.08376902257594343,7.466018555502827,64.73097495119893
0.010872868653875503,4.665310205139042,51.16999304043779
0.02285764919711706,3.352046679806177,57.81919044880831
0.011553082976363073,4.466073077919915,65.0397867923364
0.20062801108435113,3.4693934997403097,52.70651232472479
0.09504082900690529,0.46231708455188936,79.71104448933323
0.017603898521528147,7.456874052654042,51.97541471538996
0.021309713023411586,3.8703356797820962,71.76393843945937
0.1418162996383298,0.5925642313929056,93.1612784037062
0.03105773131455197,6.963354690264346,76.67803201794804
0.17578183672079362,1.6241452543501413,95.22093020054545
0.024753617600439287,2.9061741701498067,94.36762485198099
0.15182604440580372,5.592479318223534,96.71257122272782
0.19924194823498984,5.695053037634652,50.553177869211126
0.04158580327399067,6.372184464440998,70.99256268114657
0.012971214481010513,5.569498996536417,86.76996583226415
0.18957604832393826,0.8100188540051655,72.23446427470876
0.06737787093455547,3.00971530673299,96.37001611598575
0.02643312175545212,0.42602780172278276,97.62803183035996
0.06270072450472888,1.9205533643844446,68.10900203517522
0.03825408729665627,2.814746247150399,69.4705065526961
0.06977361920835634,2.5963194386108865,95.2247841906757
0.030204917710513562,1.475029353552937,52.0798607676527
0.2384979117510686,7.848514281280633,56.05486810797322
0.025449626096404304,5.095446305789399,70.97620124891942
0.06657245970827655,3.6829719712271736,73.76714598140381
0.05360521909891164,0.5224836336606531,68.84932322729844
0.05089211870245884,1.575553127211544,82.13650821116237
0.01565967505931938,5.2979816427538555,95.03838196160618
0.1013623914091034,7.717016661882056,80.57339866729899
0.0334685375029561,5.970563376748288,57.75622141318279
0.030595534562813158,6.349969081065328,50.610318318253555
0.08376902257594343,7.466018555502827,64.73097495119893
0.010872868653875503,4.665310205139042,51.16999304043779
0.02285764919711706,3.352046679806177,57.81919044880831
0.019919979178715554,5.293821660752616,58.6997488812685
0.1898151313603737,2.666354486718289,71.20848692651388
0.1022402885092776,1.1127398219222826,81.86656687902111
0.017603898521528147,7.456874052654042,51.97541471538996
0.021309713023411586,3.8703356797820962,71.76393843945937
0.1418162996383298,0.5925642313929056,93.1612784037062
0.05336221681960534,7.202457510746653,77.91385548755116
0.18709260971650754,1.2070664117869683,98.31327173883905
0.01361487663970641,3.4732090990594973,99.57983037940741
0.15412485591140457,5.581940164533818,98.24620815335398
0.19924194823498984,5.695053037634652,50.553177869211126
0.03271074419283669,6.00446224118127,79.22395245912604
0.012971214481010513,5.569498996536417,86.76996583226415
0.18957604832393826,0.8100188540051655,72.23446427470876
0.06737787093455547,3.00971530673299,96.37001611598575
0.02643312175545212,0.42602780172278276,97.62803183035996
0.06270072450472888,1.9205533643844446,68.10900203517522
0.046977938819797976,2.5103038061452225,76.07231608048221
0.06977361920835634,2.5963194386108865,95.2247841906757
0.030204917710513562,1.475029353552937,52.0798607676527
0.2384979117510686,7.848514281280633,56.05486810797322
0.011369481922329797,6.2954901236179595,72.05994320634557
0.0653203222631862,3.537781159823055,73.52217959509287
0.05360521909891164,0.5224836336606531,68.84932322729844
0.05089211870245884,1.575553127211544,82.13650821116237
0.01565967505931938,5.2979816427538555,95.03838196160618
0.1013623914091034,7.717016661882056,80.57339866729899
0.08976657771979771,5.876997755560415,55.31000743151066
0.030595534562813158,6.349969081065328,50.610318318253555
0.08376902257594343,7.466018555502827,64.73097495119893
0.010872868653875503,4.665310205139042,51.16999304043779
0.02285764919711706,3.352046679806177,57.81919044880831
0.019919979178715554,5.293821660752616,58.6997488812685
0.20845502410773045,2.686853853344724,70.57542351769551
0.1022402885092776,1.1127398219222826,81.86656687902111
0.017603898521528147,7.456874052654042,51.97541471538996
0.022074869853461666,3.8120536774588474,73.27374326377335
0.1418162996383298,0.5925642313929056,93.1612784037062
0.05336221681960534,7.202457510746653,77.91385548755116
0.18709260971650754,1.2070664117869683,98.31327173883905
0.01361487663970641,3.4732090990594973,99.57983037940741
0.13278466865907707,6.445488383542196,91.09830353470836
0.19924194823498984,5.695053037634652,50.553177869211126
0.03271074419283669,6.00446224118127,79.22395245912604
0.012971214481010513,5.569498996536417,86.76996583226415
0.1451821466025172,2.893399743842094,74.08545350653583
0.06737787093455547,3.00971530673299,96.37001611598575
0.026348959657528915,0.48892888804276513,97.12500492392527
0.06270072450472888,1.9205533643844446,68.10900203517522
0.04700476232428061,2.5092976756836616,76.05873044786779
0.06977361920835634,2.5963194386108865,95.2247841906757
0.029689273196291315,1.6067618042749758,52.48265724364983
0.2384979117510686,7.848514281280633,56.05486810797322
0.011369481922329797,6.2954901236179595,72.05994320634557
0.06413808162531753,2.807916273397044,71.07917914944346
0.05360521909891164,0.5224836336606531,68.84932322729844
0.05089211870245884,1.575553127211544,82.13650821116237
0.01565967505931938,5.2979816427538555,95.03838196160618
0.10037752277816928,7.622117431919238,80.79070851985593
0.08976657771979771,5.876997755560415,55.31000743151066
0.03670392445521477,6.301142947369408,51.09548018029284
0.08376902257594343,7.466018555502827,64.73097495119893
0.010872868653875503,4.665310205139042,51.16999304043779
0.02285764919711706,3.352046679806177,57.81919044880831
0.019919979178715554,5.293821660752616,58.6997488812685
0.21505681374016242,2.681315843629226,70.55237917758029
0.1022402885092776,1.1127398219222826,81.86656687902111
0.017603898521528147,7.456874052654042,51.97541471538996
0.022074869853461666,3.8120536774588474,73.27374326377335
0.1418162996383298,0.5925642313929056,93.1612784037062
0.05336221681960534,7.202457510746653,77.91385548755116
0.11770363812120177,3.435703402726009,77.80877481699093
0.01361487663970641,3.4732090990594973,99.57983037940741
0.13278466865907707,6.445488383542196,91.09830353470836
0.19924194823498984,5.695053037634652,50.553177869211126
0.05202221363796889,5.7411143666216375,85.70658427518818
0.012971214481010513,5.569498996536417,86.76996583226415
0.1283468494942039,1.9994369144027102,77.33839004666265
0.06737787093455547,3.00971530673299,96.37001611598575
0.02953998100065739,0.8766686589555936,95.32476236445983
0.06344347946060916,1.991518453174757,70.95654641728495
0.041399551182183816,4.196531239340212,82.18107183429514
0.06977361920835634,2.5963194386108865,95.2247841906757
0.03690936317316064,3.3134116880738795,60.239003157460786
0.2384979117510686,7.848514281280633,56.05486810797322
0.012179575756138686,6.1075645141368415,72.15179339882104
0.055037365394856194,3.717115547875516,67.34304524847587
0.05360521909891164,0.5224836336606531,68.84932322729844
0.06726413508378666,0.7421101754792594,74.47547052488349
0.01565967505931938,5.2979816427538555,95.03838196160618
0.029288466371140548,7.505593445024127,93.52197554995831
0.08976657771979771,5.876997755560415,55.31000743151066
0.027408517273119187,6.335804698318082,51.1264939743582
0.08376902257594343,7.466018555502827,64.73097495119893
0.010872868653875503,4.665310205139042,51.16999304043779
0.01380648944708944,3.249364088562893,55.1404243994696
0.01442468551758931,4.5291860657739695,64.25721005184583
0.21505681374016242,2.681315843629226,70.55237917758029
0.1022402885092776,1.1127398219222826,81.86656687902111
0.017603898521528147,7.456874052654042,51.97541471538996
0.022074869853461666,3.8120536774588474,73.27374326377335
0.1418162996383298,0.5925642313929056,93.1612784037062
0.05336221681960534,7.202457510746653,77.91385548755116
0.07630375683071897,3.59863404566765,75.84545591878927
0.01361487663970641,3.4732090990594973,99.57983037940741
0.12827673828897068,6.379662768021125,89.62187513732206
0.19924194823498984,5.695053037634652,50.553177869211126
0.040024707321892665,6.030985538544706,68.85113738720398
0.012971214481010513,5.569498996536417,86.76996583226415
0.1682136083731288,2.004300812599422,81.25842410720082
0.07074379031469336,2.7428866681938455,96.73949749933799
0.02953998100065739,0.8766686589555936,95.32476236445983
0.06319793153714957,2.0718160875075267,70.73039033501703
0.054587336781553884,3.559617282428894,80.05230324612256
0.067579322027959,2.3866695493621792,86.81237501150785
0.03690936317316064,3.3134116880738795,60.239003157460786
0.2384979117510686,7.848514281280633,56.05486810797322
0.012179575756138686,6.1075645141368415,72.15179339882104
0.06860226037615846,1.6263862931847433,65.98038772410212
0.05360521909891164,0.5224836336606531,68.84932322729844
0.06726413508378666,0.7421101754792594,74.47547052488349
0.017524115622161537,6.961803326002403,90.89750403300988
0.03211320775247123,7.503541541815354,92.02920204567346
0.08976657771979771,5.876997755560415,55.31000743151066
0.027462507803124633,6.348055707247216,51.11056148003981
0.06945086248210802,6.603060468967616,62.768223860772096
0.0117164339678316,4.632980384439774,54.278239538118015
0.01380648944708944,3.249364088562893,55.1404243994696
0.03020207008927528,3.734265195293535,66.35118293789259
0.19209680810139448,3.323300425350815,71.59768026249922
0.094145521458803,2.121266639575026,81.21195271717669
0.017603898521528147,7.456874052654042,51.97541471538996
0.022074869853461666,3.8120536774588474,73.27374326377335
0.12336887716969638,0.6895437057352035,94.47726052921386
0.043995633761974524,6.9534349632087356,76.6033316419789
0.05063897290576638,5.285535836611314,65.40898354200606
0.01361487663970641,3.4732090990594973,99.57983037940741
0.12827673828897068,6.379662768021125,89.62187513732206
0.18214720331113884,5.683530485146252,53.87692465278958
0.040024707321892665,6.030985538544706,68.85113738720398
0.012971214481010513,5.569498996536417,86.76996583226415
0.22506510187339665,1.9145228497940825,81.29409355726995
0.06665547444889554,2.5577171699550667,96.59912494170037
0.02953998100065739,0.8766686589555936,95.32476236445983
0.06319793153714957,2.0718160875075267,70.73039033501703
0.054643916569449134,3.549841015117714,79.99104942216974
0.05894401782823542,1.0282299912655963,99.0731309537062
0.03690936317316064,3.3134116880738795,60.239003157460786
0.2384979117510686,7.848514281280633,56.05486810797322
0.012179575756138686,6.1075645141368415,72.15179339882104
0.04636724612105714,0.8120681903212335,67.27938548165451
0.05273873066890951,0.6075111145237537,68.5479137834638
0.06726413508378666,0.7421101754792594,74.47547052488349
0.017524115622161537,6.961803326002403,90.89750403300988
0.03211320775247123,7.503541541815354,92.02920204567346
0.08976657771979771,5.876997755560415,55.31000743151066
0.027462507803124633,6.348055707247216,51.11056148003981
0.07209219357441143,6.383677967923555,63.87756725879541
0.0117164339678316,4.632980384439774,54.278239538118015
0.01380648944708944,3.249364088562893,55.1404243994696
0.03020207008927528,3.734265195293535,66.35118293789259
0.3311223017506624,5.415763689845312,51.305273226050474
0.094145521458803,2.121266639575026,81.21195271717669
0.017603898521528147,7.456874052654042,51.97541471538996
0.022074869853461666,3.8120536774588474,73.27374326377335
0.1366082190853394,0.7049203908630257,99.33761413491432
0.04630043155643209,7.488841355531752,81.1028459216349
0.05063897290576638,5.285535836611314,65.40898354200606
0.01361487663970641,3.4732090990594973,99.57983037940741
0.12827673828897068,6.379662768021125,89.62187513732206
0.21344010290247867,5.34627542472356,54.238554435411636
0.035915947961798304,6.292288903243241,65.75855120516378
0.012971214481010513,5.569498996536417,86.76996583226415
0.2052387931399375,2.0998570486182073,80.51073595682277
0.06665547444889554,2.5577171699550667,96.59912494170037
0.02953998100065739,0.8766686589555936,95.32476236445983
0.06319793153714957,2.0718160875075267,70.73039033501703
0.054643916569449134,3.549841015117714,79.99104942216974
0.05894401782823542,1.0282299912655963,99.0731309537062
0.09813573960970175,2.8720060871858544,67.6124300361693
0.2384979117510686,7.848514281280633,56.05486810797322
0.012179575756138686,6.1075645141368415,72.15179339882104
0.04636724612105714,0.8120681903212335,67.27938548165451
0.05301184824764025,0.31559981605232323,68.01532394773207
0.07733579616373817,0.036634966542584024,78.1375422428032
0.017524115622161537,6.961803326002403,90.89750403300988
0.028856782793437865,7.506915708190525,94.5371528107606
0.0869585296951222,5.947073868132168,54.86305673718442
0.027462507803124633,6.348055707247216,51.11056148003981
0.07209219357441143,6.383677967923555,63.87756725879541
0.0117164339678316,4.632980384439774,54.278239538118015
0.01380648944708944,3.249364088562893,55.1404243994696
0.042563584586616805,2.764507158207688,69.44232941734454
0.3311223017506624,5.415763689845312,51.305273226050474
0.094145521458803,2.121266639575026,81.21195271717669
0.017603898521528147,7.456874052654042,51.97541471538996
0.022074869853461666,3.8120536774588474,73.27374326377335
0.1366082190853394,0.7049203908630257,99.33761413491432
0.03800019729189477,4.214312296988627,88.14592855078597
0.05063897290576638,5.285535836611314,65.40898354200606
0.01361487663970641,3.4732090990594973,99.57983037940741
0.12827673828897068,6.379662768021125,89.62187513732206
0.20491624553454996,5.4497054190652126,57.78001126060295
0.05661701092782329,4.809458284239492,71.25235475768166
0.029982339316526635,5.550556984754745,84.0094581809027
0.2052387931399375,2.0998570486182073,80.51073595682277
0.08462157547807835,2.247618468789181,95.58948973312431
0.02953998100065739,0.8766686589555936,95.32476236445983
0.07499437715444876,0.6785516792001953,75.58282464094697
0.054643916569449134,3.549841015117714,79.99104942216974
0.05894401782823542,1.0282299912655963,99.0731309537062
0.08666546908116987,3.0507741740023224,70.87709229223852
0.2384979117510686,7.848514281280633,56.05486810797322
0.012179575756138686,6.1075645141368415,72.15179339882104
0.04636724612105714,0.8120681903212335,67.27938548165451
0.05301184824764025,0.31559981605232323,68.01532394773207
0.07506470179920359,0.06268154005976839,77.19244430862653
0.017524115622161537,6.961803326002403,90.89750403300988
0.028856782793437865,7.506915708190525,94.5371528107606
0.08695058869088143,5.868593420543381,55.29698582284176
0.027462507803124633,6.348055707247216,51.11056148003981
0.08988690012506154,7.298586967506356,60.534681589028764
0.0117164339678316,4.632980384439774,54.278239538118015
0.01380648944708944,3.249364088562893,55.1404243994696
0.046874012237436175,2.5796611948264516,69.34597136836568
0.3311223017506624,5.415763689845312,51.305273226050474
0.094145521458803,2.121266639575026,81.21195271717669
0.017603898521528147,7.456874052654042,51.97541471538996
0.020552198983279465,3.7084310810303664,69.93438597040044
0.1366082190853394,0.7049203908630257,99.33761413491432
0.039082483839320316,4.134955516104572,88.81633213842645
0.05063897290576638,5.285535836611314,65.40898354200606
0.01361487663970641,3.4732090990594973,99.57983037940741
0.12827673828897068,6.379662768021125,89.62187513732206
0.2050399870566142,4.164576250161739,66.50038129141977
0.05714064718657866,3.958584899857982,77.51274322510588
0.03977064673111576,3.325526037601649,77.21141905758617
0.14837407713253292,1.2099456572016722,79.06118704689021
0.08462157547807835,2.247618468789181,95.58948973312431
0.02953998100065739,0.8766686589555936,95.32476236445983
0.06846054248487121,0.6072505471824141,75.33561129547917
0.054643916569449134,3.549841015117714,79.99104942216974
0.05894401782823542,1.0282299912655963,99.0731309537062
0.11308135227306965,1.8858072604226077,64.75705190652525
0.19639085048496407,7.384049314017751,59.84159396260753
0.012179575756138686,6.1075645141368415,72.15179339882104
0.04636724612105714,0.8120681903212335,67.27938548165451
0.05301184824764025,0.31559981605232323,68.01532394773207
0.07506470179920359,0.06268154005976839,77.19244430862653
0.017810079634399918,6.856347691466362,89.82331798528759
0.021607170564430202,5.4560853637592235,75.56004734838201
0.08695058869088143,5.868593420543381,55.29698582284176
0.027462507803124633,6.348055707247216,51.11056148003981
0.08988690012506154,7.298586967506356,60.534681589028764
0.0117164339678316,4.632980384439774,54.278239538118015
0.01380648944708944,3.249364088562893,55.1404243994696
0.04646215176347401,2.6515295692655414,69.43326275607738
0.2941782103982238,5.038719887668663,55.90027150783818
0.10734897010932594,1.4791355833020452,82.67140453341526
0.017603898521528147,7.456874052654042,51.97541471538996
0.020624830513160174,3.8287516721487647,70.32169535368062
0.13707368611969512,0.6865567084726334,99.44891431806899
0.039082483839320316,4.134955516104572,88.81633213842645
0.05047366202147813,5.255723430553456,65.58850254249266
0.01361487663970641,3.4732090990594973,99.57983037940741
0.09917868221007152,3.5716277157322223,82.67221040455743
0.20964122459656115,4.1759527878599325,66.4147351280271
0.044432706538728634,4.341443950303852,77.29705987092943
0.03977064673111576,3.325526037601649,77.21141905758617
0.17876671158393148,0.3068113654246165,78.82184277943027
0.06423287089555024,3.7102491049209823,79.72380533363962
0.02953998100065739,0.8766686589555936,95.32476236445983
0.06846054248487121,0.6072505471824141,75.33561129547917
0.049289270063879044,4.1146566362797845,75.94100224643931
0.05894401782823542,1.0282299912655963,99.0731309537062
0.11308135227306965,1.8858072604226077,64.75705190652525
0.19639085048496407,7.384049314017751,59.84159396260753
0.012179575756138686,6.1075645141368415,72.15179339882104
0.03771903073237201,0.7783358412445391,66.28051553743046
0.05629060688075565,0.9364946553022397,67.35017991494861
0.07506470179920359,0.06268154005976839,77.19244430862653
0.020149249968753863,6.822929865654768,88.65521880507374
0.021607170564430202,5.4560853637592235,75.56004734838201
0.08695058869088143,5.868593420543381,55.29698582284176
0.027462507803124633,6.348055707247216,51.11056148003981
0.08988690012506154,7.298586967506356,60.534681589028764
0.015787335244423363,4.265341547032781,61.61254772951583
0.01380648944708944,3.249364088562893,55.1404243994696
0.04646215176347401,2.6515295692655414,69.43326275607738
0.22472254981797635,5.645987040479351,54.914628555849575
0.11785369466981616,1.199037944366089,88.60058209182274
0.017603898521528147,7.456874052654042,51.97541471538996
0.020620468719274802,3.8288663168560335,70.32012573897308
0.13707368611969512,0.6865567084726334,99.44891431806899
0.039082483839320316,4.134955516104572,88.81633213842645
0.020307490238110917,7.071909419748566,55.2859497313265
0.01361487663970641,3.4732090990594973,99.57983037940741
0.09904967605310418,3.6287454907766814,83.4175005551936
0.22155092487999006,4.241109087247107,64.66190875154119
0.03734625824526211,4.567347612228117,76.42853141162018
0.056055688814261026,2.897492542313437,83.07167798737372
0.1003883735851041,3.0360340552697727,75.68362095801254
0.07627971652274121,3.146062077212491,81.7181267883613
0.04151512661445908,1.3235272016076507,88.13818816031457
0.07542461192306751,2.588876590730915,67.78828676839957
0.06303697582096307,4.394974049750549,74.89104961837604
0.05894401782823542,1.0282299912655963,99.0731309537062
0.11308135227306965,1.8858072604226077,64.75705190652525
0.23765358168394088,7.955428148015745,61.55506705744233
0.012179575756138686,6.1075645141368415,72.15179339882104
0.03539801285059868,0.6728474397678323,65.66148474268249
0.05629060688075565,0.9364946553022397,67.35017991494861
0.07386404562586871,0.1736791112101459,77.19308980400619
0.020149249968753863,6.822929865654768,88.65521880507374
0.028814961437776253,5.650584761004511,73.97392955198998
0.08695058869088143,5.868593420543381,55.29698582284176
0.03855583570549224,5.552250305242284,59.74295098406873
0.06253830222241691,5.928630511207517,64.39828726242939
0.015787335244423363,4.265341547032781,61.61254772951583
0.01380648944708944,3.249364088562893,55.1404243994696
0.06568287230732509,1.7758412260280418,68.77362516491242
0.20084889574616693,5.157136368020755,56.97320529936405
0.11785369466981616,1.199037944366089,88.60058209182274
0.017603898521528147,7.456874052654042,51.97541471538996
0.020620468719274802,3.8288663168560335,70.32012573897308
0.13707368611969512,0.6865567084726334,99.44891431806899
0.029731977308343163,5.581122501117754,72.77797421706299
0.020307490238110917,7.071909419748566,55.2859497313265
0.01361487663970641,3.4732090990594973,99.57983037940741
0.0974835984988685,3.673827999002393,83.20692997537493
0.16732316121660673,3.7017631975120397,69.59480920890869
0.03618637327994908,3.5228987179419797,90.79763722701512
0.056055688814261026,2.897492542313437,83.07167798737372
0.1003883735851041,3.0360340552697727,75.68362095801254
0.10262021333628116,1.756180855793124,86.01575778346316
0.04644140054201616,1.4166519532759478,87.41208378593177
0.07542461192306751,2.588876590730915,67.78828676839957
0.10182303954853777,5.297538786245811,90.45150950459987
0.05645738134864141,1.0703610027311155,97.51300717309367
0.1115804685392517,2.101793627213309,57.2583513446571
0.23765358168394088,7.955428148015745,61.55506705744233
0.050494975538254064,5.014243088895261,77.12070758274689
0.026975333342249636,0.6190981542997367,63.318302794272505
0.05629060688075565,0.9364946553022397,67.35017991494861
0.07386404562586871,0.1736791112101459,77.19308980400619
0.020149249968753863,6.822929865654768,88.65521880507374
0.028814961437776253,5.650584761004511,73.97392955198998
0.08695058869088143,5.868593420543381,55.29698582284176
0.0387176049106798,5.802212750765316,59.4397558569187
0.05787695085995468,4.907566663062844,69.66200295689315
0.012303370747993557,3.9366035193302618,58.822949452858694
0.014882407990977828,4.44147636965285,54.2436833468373
0.08269458645698884,1.2212752840785717,58.70858712330428
0.20084889574616693,5.157136368020755,56.97320529936405
0.15808280341108277,0.1556510639700508,99.94993259099921
0.0174001210467692,7.32153812566753,52.238666488938364
0.020620468719274802,3.8288663168560335,70.32012573897308
0.13707368611969512,0.6865567084726334,99.44891431806899
0.02961820206797864,5.589740765608632,72.92635780568337
0.020367097226089183,7.044638308926261,55.581112169462166
0.01361487663970641,3.4732090990594973,99.57983037940741
0.07242175844732601,4.581516867340447,73.07098093641187
0.2103071353909826,4.723586786229271,72.38054896857808
0.02752599785725443,3.7693315185620073,91.03062297910428
0.020215397856326756,3.7759497656709944,80.80564654866927
0.1003883735851041,3.0360340552697727,75.68362095801254
0.10262021333628116,1.756180855793124,86.01575778346316
0.04644140054201616,1.4166519532759478,87.41208378593177
0.06437705023602122,2.73770667221103,71.0057492223893
0.10311313507885503,4.875007753775632,86.06281807573994
0.05645738134864141,1.0703610027311155,97.51300717309367
0.11675741890000446,2.210903955075611,56.31342411947571
0.1992926751442242,6.19431718038235,68.50397370414572
0.050494975538254064,5.014243088895261,77.12070758274689
0.013999240994018808,0.056916451548857605,59.658070020026
0.05629060688075565,0.9364946553022397,67.35017991494861
0.07386404562586871,0.1736791112101459,77.19308980400619
0.014625697699765969,7.538716472427644,97.80697563395385
0.028814961437776253,5.650584761004511,73.97392955198998
0.08695058869088143,5.868593420543381,55.29698582284176
0.0387176049106798,5.802212750765316,59.4397558569187
0.05787695085995468,4.907566663062844,69.66200295689315
0.012303370747993557,3.9366035193302618,58.822949452858694
0.014882407990977828,4.44147636965285,54.2436833468373
0.0718223694965865,1.3281835705857876,50.563220998329015
0.18429613542551807,5.049983532078092,57.13559775936868
0.148539623165393,0.26344224598103594,98.87818906247789
0.0174001210467692,7.32153812566753,52.238666488938364
0.024400966509929848,3.475688858555743,72.82259583099301
0.133687517118601,0.7818466836866285,99.18870109379819
0.03490482587520739,5.3989755547557765,73.13232894735809
0.021865634283767643,6.973730561739293,56.08460630171318
0.01361487663970641,3.4732090990594973,99.57983037940741
0.07242175844732601,4.581516867340447,73.07098093641187
0.21760402153557548,4.389109964413666,84.26707719864804
0.02752599785725443,3.7693315185620073,91.03062297910428
0.014782635319131071,3.702582468095343,81.178848935855
0.1018407139071142,2.9610353636332416,76.09392062913044
0.10262021333628116,1.756180855793124,86.01575778346316
0.04644140054201616,1.4166519532759478,87.41208378593177
0.05855712239111704,2.7962391697941515,72.63819806064322
0.10085797201140335,4.512525949352011,85.37894435553756
0.05645738134864141,1.0703610027311155,97.51300717309367
0.11675741890000446,2.210903955075611,56.31342411947571
0.18914024169833926,6.113800991578614,69.09189151104097
0.050494975538254064,5.014243088895261,77.12070758274689
0.013999240994018808,0.056916451548857605,59.658070020026
0.051208656183836736,0.6945378281366232,66.38981072436202
0.07386404562586871,0.1736791112101459,77.19308980400619
0.014625697699765969,7.538716472427644,97.80697563395385
0.03424798934180943,4.855274800849092,84.31908433979538
0.08695058869088143,5.868593420543381,55.29698582284176
0.0641532613300139,7.598706078236225,60.03371120971398
0.05787695085995468,4.907566663062844,69.66200295689315
0.011380933657675809,6.046887167820184,58.36870114710072
0.014882407990977828,4.44147636965285,54.2436833468373
0.0718223694965865,1.3281835705857876,50.563220998329015
0.18429613542551807,5.049983532078092,57.13559775936868
0.1526615679424132,0.11956807368166544,98.79201182662526
0.0174001210467692,7.32153812566753,52.238666488938364
0.022775773622400235,3.2479963570321098,70.92516838768675
0.12097717139810428,1.1804691152159204,93.79934819713172
0.04336243718202765,4.943992680263887,74.74146148695249
0.02137716391266343,6.9784530782664564,55.898487812784495
0.01361487663970641,3.4732090990594973,99.57983037940741
0.11276634232846537,2.572397860432025,88.34626348654297
0.14593556242945932,5.385159076315313,77.27987051198272
0.034429575049675795,3.82954565654379,91.51087262591871
0.014782635319131071,3.702582468095343,81.178848935855
0.17702109391588022,2.5245938715208207,56.08073997179392
0.10262021333628116,1.756180855793124,86.01575778346316
0.04644140054201616,1.4166519532759478,87.41208378593177
0.08218270687715404,0.10635982962306656,83.29702660157753
0.14754590063537198,4.81616488987207,99.37984749174805
0.050534351082195506,2.0811754176967856,90.41935932144139
0.11675741890000446,2.210903955075611,56.31342411947571
0.12927257496774497,4.143165834836314,76.77791864809436
0.050494975538254064,5.014243088895261,77.12070758274689
0.013999240994018808,0.056916451548857605,59.658070020026
0.06329753876002972,0.9016931921840887,68.57687070616915
0.07386404562586871,0.1736791112101459,77.19308980400619
0.014625697699765969,7.538716472427644,97.80697563395385
0.03132345832055182,5.145009462171016,84.38144080530977
0.08695058869088143,5.868593420543381,55.29698582284176
0.05395842437212048,6.663458454032076,68.31270026624023
0.05787695085995468,4.907566663062844,69.66200295689315
0.010272314205094432,6.074052352072501,58.09943132952171
0.014800086911565615,4.437953747775455,54.09278223800837
0.058588221260181345,2.3613824352834363,52.27229491279518
0.15740131392396897,4.11842450599079,68.87064196029277
0.10660920799322388,0.09943128952556585,85.95317004696135
0.0174001210467692,7.32153812566753,52.238666488938364
0.022775773622400235,3.2479963570321098,70.92516838768675
0.11209497147072758,1.3914207881261147,92.74375907022404
0.05255340437828413,5.343217300220104,72.67126459908437
0.02137716391266343,6.9784530782664564,55.898487812784495
0.015055196598497831,2.809443553089407,92.28511985477338
0.1340889515288542,1.8988609090276913,89.38429603672327
0.15885404547806567,5.173288515233342,75.26037974408781
0.037264466193881775,4.625851149143835,97.72902670274787
0.014782635319131071,3.702582468095343,81.178848935855
0.17702109391588022,2.5245938715208207,56.08073997179392
0.07737611011089107,1.9136937760624417,88.1500216120223
0.04566340259060919,1.5729334742905694,87.67755961413066
0.08218270687715404,0.10635982962306656,83.29702660157753
0.14754590063537198,4.81616488987207,99.37984749174805
0.050534351082195506,2.0811754176967856,90.41935932144139
0.11675741890000446,2.210903955075611,56.31342411947571
0.14106296112776967,4.58765495259478,78.37749848301958
0.050494975538254064,5.014243088895261,77.12070758274689
0.021016925282090537,0.06200533949209121,62.09107532475922
0.06329753876002972,0.9016931921840887,68.57687070616915
0.07386404562586871,0.1736791112101459,77.19308980400619
0.012220175671184184,7.904317351113567,98.301872326102
0.03132345832055182,5.145009462171016,84.38144080530977
0.07665716221435608,6.1165882080912874,59.35783791996792
0.05158881212755494,6.403912821723276,68.51122528897815
0.05787695085995468,4.907566663062844,69.66200295689315
0.013096668914994114,5.971588243112283,58.05206021700732
0.014800086911565615,4.437953747775455,54.09278223800837
0.058588221260181345,2.3613824352834363,52.27229491279518
0.1267755667589216,2.9876272513018773,65.68707231799777
0.10660920799322388,0.09943128952556585,85.95317004696135
0.0174001210467692,7.32153812566753,52.238666488938364
0.022775773622400235,3.2479963570321098,70.92516838768675
0.11271719657321409,1.5379652575468132,93.51398457634924
0.058200092000840996,5.740530916720094,73.00237421440337
0.02137716391266343,6.9784530782664564,55.898487812784495
0.015055196598497831,2.809443553089407,92.28511985477338
0.1340889515288542,1.8988609090276913,89.38429603672327
0.15885404547806567,5.173288515233342,75.26037974408781
0.037264466193881775,4.625851149143835,97.72902670274787
0.01011365494396416,3.295428402824718,80.27485289001925
0.17702109391588022,2.5245938715208207,56.08073997179392
0.07737611011089107,1.9136937760624417,88.1500216120223
0.04566340259060919,1.5729334742905694,87.67755961413066
0.08218270687715404,0.10635982962306656,83.29702660157753
0.14754590063537198,4.81616488987207,99.37984749174805
0.050534351082195506,2.0811754176967856,90.41935932144139
0.11675741890000446,2.210903955075611,56.31342411947571
0.20269157279751834,6.535180728686184,72.36961055625405
0.05021416687189696,5.1062885163748275,77.9828647274429
0.021016925282090537,0.06200533949209121,62.09107532475922
0.05592120773151137,0.3714652932230291,58.3217079659609
0.07522369025724647,3.066592526155157,68.51117349111234
0.012220175671184184,7.904317351113567,98.301872326102
0.03132345832055182,5.145009462171016,84.38144080530977
0.088627859418327,6.143896848808956,59.60376221486314
0.05158881212755494,6.403912821723276,68.51122528897815
0.08522338019625914,5.205690417352593,79.545791032098
0.01099485409988944,6.4751615221805565,55.68794333771556
0.014800086911565615,4.437953747775455,54.09278223800837
0.058588221260181345,2.3613824352834363,52.27229491279518
0.12240506551735168,3.638277367545211,51.52553850806472
0.07691484168287661,2.0377061449553504,90.99575283091488
0.0174001210467692,7.32153812566753,52.238666488938364
0.02494269242060799,3.133402472523957,71.37644251788764
0.11271719657321409,1.5379652575468132,93.51398457634924
0.058878645890775065,7.339208134851461,77.37364629863029
0.02137716391266343,6.9784530782664564,55.898487812784495
0.015055196598497831,2.809443553089407,92.28511985477338
0.1340889515288542,1.8988609090276913,89.38429603672327
0.08855959393648445,6.240844814904841,63.81991449489438
0.04626329544710008,4.891811655105253,91.0495080062109
0.016216542529218697,3.170060230062417,80.9893862698375
0.17702109391588022,2.5245938715208207,56.08073997179392
0.13434943934147875,0.743322852127775,94.82052715975497
0.04566340259060919,1.5729334742905694,87.67755961413066
0.08168400403249221,0.2891982026569204,84.02585631328199
0.14754590063537198,4.81616488987207,99.37984749174805
0.050534351082195506,2.0811754176967856,90.41935932144139
0.19437423302287557,0.5155230890682208,58.00392685023428
0.19650595151666642,6.416799606231644,72.33504853065617
0.0700889557327454,3.76455764620414,93.57559313127459
0.021016925282090537,0.06200533949209121,62.09107532475922
0.05592120773151137,0.3714652932230291,58.3217079659609
0.07704909453499205,3.1394492596784787,66.89139355902167
0.012220175671184184,7.904317351113567,98.301872326102
0.030848183768011034,5.213658858523996,84.72777012387
0.088627859418327,6.143896848808956,59.60376221486314
0.05158881212755494,6.403912821723276,68.51122528897815
0.13297355266525643,3.8798526820475967,97.23145625826137
0.01099485409988944,6.4751615221805565,55.68794333771556
0.014800086911565615,4.437953747775455,54.09278223800837
0.058588221260181345,2.3613824352834363,52.27229491279518
0.12240506551735168,3.638277367545211,51.52553850806472
0.06839786253427917,1.996282032850802,93.96630092217691
0.0174001210467692,7.32153812566753,52.238666488938364
0.02494269242060799,3.133402472523957,71.37644251788764
0.11271719657321409,1.5379652575468132,93.51398457634924
0.058878645890775065,7.339208134851461,77.37364629863029
0.026871642775312288,6.708878731088152,57.37420467497146
0.015055196598497831,2.809443553089407,92.28511985477338
0.16963085503364073,1.1423427465487737,99.89933934773134
0.06242768339425475,4.964400923874271,66.92390902467247
0.064530500011808,6.110695390480558,90.32626066872437
0.015848059366640396,3.1900458691688716,80.9056938401306
0.12418520085183585,3.4965875874004437,66.43554114655599
0.16987792718776729,0.06834664717138095,95.28070367059861
0.04317288963388281,1.7080128977160742,87.1118971857404
0.08168400403249221,0.2891982026569204,84.02585631328199
0.14754590063537198,4.81616488987207,99.37984749174805
0.05240168957688918,1.9580190298052762,92.31764986534196
0.19437423302287557,0.5155230890682208,58.00392685023428
0.12398975140449169,5.627070652932197,65.05482212821074
0.012679678169653721,3.659301271237035,90.238043536815
0.021016925282090537,0.06200533949209121,62.09107532475922
0.05592120773151137,0.3714652932230291,58.3217079659609
0.08052242769067669,3.066996077475214,67.60552287200474
0.012220175671184184,7.904317351113567,98.301872326102
0.030848183768011034,5.213658858523996,84.72777012387
0.07837886036826662,5.72298406901179,62.63065428147253
0.02836715209811557,6.994143039215272,73.60851438261085
0.13297355266525643,3.8798526820475967,97.23145625826137
0.01099485409988944,6.4751615221805565,55.68794333771556
0.014800086911565615,4.437953747775455,54.09278223800837
0.058588221260181345,2.3613824352834363,52.27229491279518
0.12240506551735168,3.638277367545211,51.52553850806472
0.06839786253427917,1.996282032850802,93.96630092217691
0.0174001210467692,7.32153812566753,52.238666488938364
0.02494269242060799,3.133402472523957,71.37644251788764
0.11271719657321409,1.5379652575468132,93.51398457634924
0.05624035457402665,6.3932661977651986,79.0095014803574
0.026871642775312288,6.708878731088152,57.37420467497146
0.01986889277729382,2.5222688005717626,88.28449582773258
0.16963085503364073,1.1423427465487737,99.89933934773134
0.06242768339425475,4.964400923874271,66.92390902467247
0.064530500011808,6.110695390480558,90.32626066872437
0.015848059366640396,3.1900458691688716,80.9056938401306
0.11983921695601213,3.297628655434142,65.91897909496151
0.16987792718776729,0.06834664717138095,95.28070367059861
0.04317288963388281,1.7080128977160742,87.1118971857404
0.08168400403249221,0.2891982026569204,84.02585631328199
0.1399895999984518,6.073152072227375,99.2021049177109
0.05240168957688918,1.9580190298052762,92.31764986534196
0.19437423302287557,0.5155230890682208,58.00392685023428
0.1991196089654751,4.552973583808156,58.334259360046005
0.012679678169653721,3.659301271237035,90.238043536815
0.02303149906114607,0.2608211446972035,62.11002555048455
0.05592120773151137,0.3714652932230291,58.3217079659609
0.12367329210629154,0.13786121297061094,75.83448401413266
0.012220175671184184,7.904317351113567,98.301872326102
0.01698267847959998,4.569529141319094,87.85025558298622
0.11866648343301217,7.3549167774847355,50.85633037326956
0.028600517820934188,7.288638674519381,74.11142436177153
0.19868905071860052,1.6896886741396466,96.64892244617675
0.01099485409988944,6.4751615221805565,55.68794333771556
0.014800086911565615,4.437953747775455,54.09278223800837
0.058588221260181345,2.3613824352834363,52.27229491279518
0.12240506551735168,3.638277367545211,51.52553850806472
0.06839786253427917,1.996282032850802,93.96630092217691
0.0174001210467692,7.32153812566753,52.238666488938364
0.02494269242060799,3.133402472523957,71.37644251788764
0.11271719657321409,1.5379652575468132,93.51398457634924
0.050711767659411565,5.387665240185356,76.09659554353543
0.026871642775312288,6.708878731088152,57.37420467497146
0.02181461514064756,3.685523317832782,79.69603489870886
0.1436382535655269,1.7259166360453837,97.84764741519086
0.06399527563546961,6.02717259447927,72.90593353774815
0.05805438368729722,4.775701284936821,89.35159208657909
0.015848059366640396,3.1900458691688716,80.9056938401306
0.13970489878530667,3.6012836297264146,70.34504079253873
0.16987792718776729,0.06834664717138095,95.28070367059861
0.05136697982619527,0.9493421191470364,89.95698864914263
0.0668418391490491,1.0331737565586017,80.7170733490401
0.1399895999984518,6.073152072227375,99.2021049177109
0.05451266203462907,1.634540924011703,94.73484525385712
0.19437423302287557,0.5155230890682208,58.00392685023428
0.20157178190182654,6.639326057209129,58.504958678783986
0.012679678169653721,3.659301271237035,90.238043536815
0.022194994222236884,0.200716908107482,61.071656996478794
0.06419876451325039,0.41337273868219737,57.64677719613877
0.1357875572852988,0.2025717536753764,72.77930405510264
0.06458124084024933,6.1592294533406715,97.83771863631353
0.01466282586375427,5.307825053697783,75.38966564874295
0.12301464477854318,7.09354223927585,60.71489056304091
0.028600517820934188,7.288638674519381,74.11142436177153
0.19868905071860052,1.6896886741396466,96.64892244617675
0.01099485409988944,6.4751615221805565,55.68794333771556
0.014800086911565615,4.437953747775455,54.09278223800837
0.058588221260181345,2.3613824352834363,52.27229491279518
0.12240506551735168,3.638277367545211,51.52553850806472
0.06839786253427917,1.996282032850802,93.96630092217691
0.026371388172981652,5.997247666627005,53.275397518058355
0.025564253550856647,3.1718036935163143,71.70468737389616
0.08220152205128174,1.35247796668102,89.23713709630478
0.04819323582421766,7.874543889945993,63.74660088075225
0.026871642775312288,6.708878731088152,57.37420467497146
0.02181461514064756,3.685523317832782,79.69603489870886
0.11050405683097575,2.9122735526481582,87.31619289275598
0.07359319787943928,5.487024163464945,74.934134577422
0.05884476418369932,5.22793651996737,89.28004060777245
0.015848059366640396,3.1900458691688716,80.9056938401306
0.13728612473575003,3.546841089184509,71.14628698117937
0.09413476897116933,1.6034213792419834,88.21188864558859
0.033571512454520926,3.3850458904838727,74.85167361489928
0.07706109450781887,1.2237155322075643,85.21372986900866
0.1399895999984518,6.073152072227375,99.2021049177109
0.06823925941406363,2.0396596413345325,85.99871681652884
0.19437423302287557,0.5155230890682208,58.00392685023428
0.2012876870563249,6.151536395858008,62.264068635470835
0.012679678169653721,3.659301271237035,90.238043536815
0.022194994222236884,0.200716908107482,61.071656996478794
0.06617555578661831,1.480978358912381,61.28440981099189
0.1357875572852988,0.2025717536753764,72.77930405510264
0.055366717209533095,6.002067292572962,93.69399502620016
0.01466282586375427,5.307825053697783,75.38966564874295
0.12301464477854318,7.09354223927585,60.71489056304091
0.028600517820934188,7.288638674519381,74.11142436177153
0.18008119617672208,2.2545376665593038,93.4188744078213
0.01106610150258528,6.474242342261453,55.69965642700472
0.014800086911565615,4.437953747775455,54.09278223800837
0.058588221260181345,2.3613824352834363,52.27229491279518
0.08488256320590078,3.9171293241589416,52.420751815469146
0.0872780156457828,2.039940345575736,93.87375805054828
0.04697210795872711,6.011010296447995,61.602612095907126
0.025564253550856647,3.1718036935163143,71.70468737389616
0.07996281546910955,1.0493107265421857,87.19241200090698
0.04819323582421766,7.874543889945993,63.74660088075225
0.026871642775312288,6.708878731088152,57.37420467497146
0.02856951295853937,3.4422935315279055,74.6586023230964
0.1146685586141771,4.304126675337788,78.46119971003215
0.10501162058554117,6.429740504455014,67.0405719819139
0.0663661169314259,5.214336622236902,91.64468131476212
0.015848059366640396,3.1900458691688716,80.9056938401306
0.11156363989007158,4.323595376190325,57.759084360287275
0.09413476897116933,1.6034213792419834,88.21188864558859
0.012401714678671953,5.574484425442384,87.25428527242062
0.07706109450781887,1.2237155322075643,85.21372986900866
0.09698212002133819,5.257711778964634,96.17389089625439
0.06823925941406363,2.0396596413345325,85.99871681652884
0.2206857460830183,0.045994424385393806,55.247196693768885
0.2012876870563249,6.151536395858008,62.264068635470835
0.012679678169653721,3.659301271237035,90.238043536815
0.022194994222236884,0.200716908107482,61.071656996478794
0.0638943613213613,0.2489737134259178,57.086623479456975
0.1357875572852988,0.2025717536753764,72.77930405510264
0.055366717209533095,6.002067292572962,93.69399502620016
0.01466282586375427,5.307825053697783,75.38966564874295
0.12301464477854318,7.09354223927585,60.71489056304091
0.030053009314231844,7.7757163196742844,88.17297801661434
0.12103394579452507,4.4275321228219084,91.3542239966651
0.01106610150258528,6.474242342261453,55.69965642700472
0.015792465821262827,3.8967706327142997,53.66572431435884
0.058588221260181345,2.3613824352834363,52.27229491279518
0.06644730284395793,3.6994544942945162,52.65280177072866
0.09699775125300128,1.5811191497550001,94.7330356114262
0.04697210795872711,6.011010296447995,61.602612095907126
0.010998213075755311,3.5292601007295965,80.27582629965667
0.058208709906934296,1.9728377556560763,85.64029747953768
0.05470095793174248,5.980312595178324,70.97050671750935
0.026871642775312288,6.708878731088152,57.37420467497146
0.02856951295853937,3.4422935315279055,74.6586023230964
0.1146685586141771,4.304126675337788,78.46119971003215
0.10501162058554117,6.429740504455014,67.0405719819139
0.0648728550001021,7.745176813932198,96.14562234245435
0.01495321924662614,3.8091630721901923,82.55409956664563
0.12952739427811955,4.444274361287512,51.858794411587645
0.09413476897116933,1.6034213792419834,88.21188864558859
0.012401714678671953,5.574484425442384,87.25428527242062
0.07706109450781887,1.2237155322075643,85.21372986900866
0.09698212002133819,5.257711778964634,96.17389089625439
0.06823925941406363,2.0396596413345325,85.99871681652884
0.2206857460830183,0.045994424385393806,55.247196693768885
0.1679657742152926,5.440847812446949,68.49501784551492
0.012679678169653721,3.659301271237035,90.238043536815
0.022194994222236884,0.200716908107482,61.071656996478794
0.0638943613213613,0.2489737134259178,57.086623479456975
0.1357875572852988,0.2025717536753764,72.77930405510264
0.0568339489810429,4.34391991523381,74.82851061865775
0.014875823087395422,5.238750079047695,76.55570365348342
0.16438360388547923,7.322395526373695,62.5681975361737
0.030053009314231844,7.7757163196742844,88.17297801661434
0.13151241530782481,4.276721177307807,91.29855051893807
0.01106610150258528,6.474242342261453,55.69965642700472
0.015792465821262827,3.8967706327142997,53.66572431435884
0.05882732188603285,2.443867530907449,52.43632375407746
0.0624913392173351,3.707882708049665,54.94992870660045
0.09817551830776411,1.6022329308357794,95.29539292293197
0.03881750676904251,5.450241740241029,66.93855695616631
0.010998213075755311,3.5292601007295965,80.27582629965667
0.058208709906934296,1.9728377556560763,85.64029747953768
0.06504447736971114,5.3137171042500775,64.28102183469562
0.026871642775312288,6.708878731088152,57.37420467497146
0.05506780095436821,4.199328824485267,72.29967899015323
0.15073845122725926,7.258596001496463,71.98474500912339
0.0643809947200388,5.1762136167957,72.76057172091927
0.0648728550001021,7.745176813932198,96.14562234245435
0.08128234154699739,3.2381153477271067,85.32380174973646
0.19371127422217263,6.328819664363962,51.48467013867571
0.041260130551348764,0.9275258715260859,87.74916530179688
0.012401714678671953,5.574484425442384,87.25428527242062
0.07706109450781887,1.2237155322075643,85.21372986900866
0.09698212002133819,5.257711778964634,96.17389089625439
0.06823925941406363,2.0396596413345325,85.99871681652884
0.2206857460830183,0.045994424385393806,55.247196693768885
0.13950891569396903,5.696593222154414,66.25209389250242
0.012679678169653721,3.659301271237035,90.238043536815
0.022194994222236884,0.200716908107482,61.071656996478794
0.0638943613213613,0.2489737134259178,57.086623479456975
0.1357875572852988,0.2025717536753764,72.77930405510264
0.05614047386310681,4.287146461256601,73.83556903882905
0.014768002912188459,5.312966354249058,76.78380224452793
0.16438360388547923,7.322395526373695,62.5681975361737
0.029159455530083513,7.6263529429134405,87.48901332688088
0.16537743029493818,2.5141149780167416,88.83535659645399
0.01106610150258528,6.474242342261453,55.69965642700472
0.015792465821262827,3.8967706327142997,53.66572431435884
0.05882732188603285,2.443867530907449,52.43632375407746
0.0624913392173351,3.707882708049665,54.94992870660045
0.06759882523790488,1.0382235906104493,81.52280209493054
0.03641199072045013,5.476027699104584,66.39070722695088
0.010998213075755311,3.5292601007295965,80.27582629965667
0.03799181071446038,2.6393427865983528,83.3430758795955
0.06504447736971114,5.3137171042500775,64.28102183469562
0.02781517869417222,7.087261914624268,69.79410380937932
0.0471667628132318,7.735463525407946,85.91754674787234
0.1634974058951959,7.186293906117874,68.3946279869574
0.0643809947200388,5.1762136167957,72.76057172091927
0.0648728550001021,7.745176813932198,96.14562234245435
0.11074310012924327,2.3191152365949237,89.1063675675642
0.19371127422217263,6.328819664363962,51.48467013867571
0.041260130551348764,0.9275258715260859,87.74916530179688
0.09252954642523067,5.907854862483828,71.44628424758655
0.07706109450781887,1.2237155322075643,85.21372986900866
0.10242536956360251,5.867138274972637,98.10083937952082
0.07790787784413994,0.657472412882953,85.63000697476387
0.2206857460830183,0.045994424385393806,55.247196693768885
0.1342877030374664,5.083555473734494,70.4003170742478
0.012679678169653721,3.659301271237035,90.238043536815
0.022194994222236884,0.200716908107482,61.071656996478794
0.0638943613213613,0.2489737134259178,57.086623479456975
0.13462160841997403,0.400538234865337,73.66424648232201
0.010924753804988335,3.0661071041066155,76.1271403682018
0.08578118329888168,3.9316172931721525,83.02901981081641
0.1436575721688238,6.2843085989637135,62.35005526187734
0.029159455530083513,7.6263529429134405,87.48901332688088
0.16452852479285707,2.3998232565909006,89.95441419139038
0.01106610150258528,6.474242342261453,55.69965642700472
0.015792465821262827,3.8967706327142997,53.66572431435884
0.05882732188603285,2.443867530907449,52.43632375407746
0.0624913392173351,3.707882708049665,54.94992870660045
0.06759882523790488,1.0382235906104493,81.52280209493054
0.03641199072045013,5.476027699104584,66.39070722695088
0.010603998363489502,3.563152266068583,80.17847291196173
0.03799181071446038,2.6393427865983528,83.3430758795955
0.06504447736971114,5.3137171042500775,64.28102183469562
0.026797853724893975,7.145755538831867,69.55718905504207
0.05191445359876179,6.487682977984186,76.32350180024223
0.16587367687350676,7.277285165788049,67.91328977939159
0.0643809947200388,5.1762136167957,72.76057172091927
0.0648728550001021,7.745176813932198,96.14562234245435
0.11074310012924327,2.3191152365949237,89.1063675675642
0.19371127422217263,6.328819664363962,51.48467013867571
0.041260130551348764,0.9275258715260859,87.74916530179688
0.09911784620751972,7.9029164429599605,65.5824745092512
0.07706109450781887,1.2237155322075643,85.21372986900866
0.10242536956360251,5.867138274972637,98.10083937952082
0.07790787784413994,0.657472412882953,85.63000697476387
0.2206857460830183,0.045994424385393806,55.247196693768885
0.15154297721735027,5.0606843973814195,69.8177286211092
0.02151468968181812,3.4231953732685705,89.03722862863589
0.022194994222236884,0.200716908107482,61.071656996478794
0.05441019083779565,0.9682037460945008,56.41213049843065
0.13462160841997403,0.400538234865337,73.66424648232201
0.010924753804988335,3.0661071041066155,76.1271403682018
0.06661134154008312,3.4763697768319353,88.01990009626297
0.1436575721688238,6.2843085989637135,62.35005526187734
0.029159455530083513,7.6263529429134405,87.48901332688088
0.16452852479285707,2.3998232565909006,89.95441419139038
0.01106610150258528,6.474242342261453,55.69965642700472
0.027511804612671303,3.293790908737007,59.633977012854814
0.0512947809541969,2.618701148047899,56.76968070263314
0.0694666855630601,3.7946948767814686,52.08531425142213
0.06759882523790488,1.0382235906104493,81.52280209493054
0.041731222816164246,5.448619092178093,68.63377733638153
0.010603998363489502,3.563152266068583,80.17847291196173
0.033087596394500374,2.645936239517349,83.12839246870567
0.06504447736971114,5.3137171042500775,64.28102183469562
0.027655507191956624,6.996803233341,69.27471501504155
0.06852667993327445,5.310549134273777,79.93316940019999
0.17051374490225152,7.1191916207739645,65.17491003359261
0.0643809947200388,5.1762136167957,72.76057172091927
0.0648728550001021,7.745176813932198,96.14562234245435
0.11074310012924327,2.3191152365949237,89.1063675675642
0.22428331549314567,6.952374930857943,51.33687362856425
0.041260130551348764,0.9275258715260859,87.74916530179688
0.09911784620751972,7.9029164429599605,65.5824745092512
0.0759022668145208,1.20099865608887,84.76170835106642
0.12470815248680509,6.928686939169869,97.28771699362457
0.08089421154793602,0.5471761404476012,86.81978501058684
0.20103965262428333,0.3749064427635007,57.578680451615696
0.15154297721735027,5.0606843973814195,69.8177286211092
0.02151468968181812,3.4231953732685705,89.03722862863589
0.022194994222236884,0.200716908107482,61.071656996478794
0.052523119454876255,0.19708535675463068,55.01578297559469
0.13462160841997403,0.400538234865337,73.66424648232201
0.010924753804988335,3.0661071041066155,76.1271403682018
0.0709461817468281,4.367474166944434,99.24954833530384
0.1581106975144084,6.63473489267067,60.849884163327474
0.029159455530083513,7.6263529429134405,87.48901332688088
0.1413436547979869,2.500391779648539,87.8673329699312
0.01106610150258528,6.474242342261453,55.69965642700472
0.027511804612671303,3.293790908737007,59.633977012854814
0.0512947809541969,2.618701148047899,56.76968070263314
0.07015476503862637,3.5583405551504503,50.18770660583919
0.09055128458604472,1.4615983952015283,91.8612265405052
0.041731222816164246,5.448619092178093,68.63377733638153
0.010603998363489502,3.563152266068583,80.17847291196173
0.033087596394500374,2.645936239517349,83.12839246870567
0.04819613262466949,6.399520703692534,75.17738531603351
0.027655507191956624,6.996803233341,69.27471501504155
0.06852667993327445,5.310549134273777,79.93316940019999
0.17148502495725168,7.2729843635350555,64.41931765390122
0.0643809947200388,5.1762136167957,72.76057172091927
0.0648728550001021,7.745176813932198,96.14562234245435
0.10308889450691697,2.2737720083411523,89.41629089039687
0.1858251543992887,5.373357794078396,62.99071663042794
0.041260130551348764,0.9275258715260859,87.74916530179688
0.10749683179540331,6.132334539433538,67.4897949357937
0.10240835370084378,0.1179987805777789,82.67800986813934
0.12285472577144943,6.362623025129631,96.07344498382764
0.08089421154793602,0.5471761404476012,86.81978501058684
0.20103965262428333,0.3749064427635007,57.578680451615696
0.12376221458697895,3.6961652642489193,65.66493192216731
0.02151468968181812,3.4231953732685705,89.03722862863589
0.022194994222236884,0.200716908107482,61.071656996478794
0.052523119454876255,0.19708535675463068,55.01578297559469
0.13462160841997403,0.400538234865337,73.66424648232201
0.010924753804988335,3.0661071041066155,76.1271403682018
0.0709461817468281,4.367474166944434,99.24954833530384
0.1581106975144084,6.63473489267067,60.849884163327474
0.029159455530083513,7.6263529429134405,87.48901332688088
0.1413436547979869,2.500391779648539,87.8673329699312
0.01106610150258528,6.474242342261453,55.69965642700472
0.018002022569290753,2.482237571437105,56.092420355633884
0.0512947809541969,2.618701148047899,56.76968070263314
0.07015476503862637,3.5583405551504503,50.18770660583919
0.09055128458604472,1.4615983952015283,91.8612265405052
0.04993050135454843,4.546782671138692,68.26042320694452
0.010603998363489502,3.563152266068583,80.17847291196173
0.029069388198925572,2.5941720782200366,84.74372133531327
0.04819613262466949,6.399520703692534,75.17738531603351
0.01736715602015767,7.779599385496353,70.09011859005612
0.07197615083549871,5.222139111447606,79.51504895333342
0.17129459666422142,7.273827783215445,64.47598647556039
0.05285757180106613,5.45676813096324,69.07304408179074
0.0648728550001021,7.745176813932198,96.14562234245435
0.07598793413676666,2.531487850720283,99.79095457248478
0.1313909961708124,3.6993351855117798,72.31320194946669
0.041260130551348764,0.9275258715260859,87.74916530179688
0.13408002916006279,7.0757306751954765,70.10069307088114
0.10240835370084378,0.1179987805777789,82.67800986813934
0.12285472577144943,6.362623025129631,96.07344498382764
0.08089421154793602,0.5471761404476012,86.81978501058684
0.20103965262428333,0.3749064427635007,57.578680451615696
0.18540205358272055,1.4910172704879106,57.90554992926654
0.02151468968181812,3.4231953732685705,89.03722862863589
0.022194994222236884,0.200716908107482,61.071656996478794
0.052523119454876255,0.19708535675463068,55.01578297559469
0.07734575104408775,3.216087447343181,65.33651327563797
0.010924753804988335,3.0661071041066155,76.1271403682018
0.0709461817468281,4.367474166944434,99.24954833530384
0.1323417611110641,6.098139485017056,64.22652520469708
0.07660773166117683,5.763153631262719,78.5050079551115
0.1594017612384736,1.7444845532109436,90.32747812582598
0.01106610150258528,6.474242342261453,55.69965642700472
0.018002022569290753,2.482237571437105,56.092420355633884
0.0512947809541969,2.618701148047899,56.76968070263314
0.07015476503862637,3.5583405551504503,50.18770660583919
0.09055128458604472,1.4615983952015283,91.8612265405052
0.04993050135454843,4.546782671138692,68.26042320694452
0.018524694553347418,3.5625122726232616,76.18947727555454
0.029069388198925572,2.5941720782200366,84.74372133531327
0.051310332720076346,7.141961864261614,76.86685213085691
0.01736715602015767,7.779599385496353,70.09011859005612
0.10960378678041441,3.4599535143514872,86.00917779995987
0.17129459666422142,7.273827783215445,64.47598647556039
0.05285757180106613,5.45676813096324,69.07304408179074
0.0648728550001021,7.745176813932198,96.14562234245435
0.074204080904782,2.8455117517510162,84.62168505303137
0.13161348399652906,3.7268276320931877,72.23363558210782
0.041260130551348764,0.9275258715260859,87.74916530179688
0.12828256448045022,6.756734027068353,68.29475863661149
0.10240835370084378,0.1179987805777789,82.67800986813934
0.12285472577144943,6.362623025129631,96.07344498382764
0.08089421154793602,0.5471761404476012,86.81978501058684
0.20103965262428333,0.3749064427635007,57.578680451615696
0.16373700364860438,1.7549176804085311,63.110738365384435
0.02151468968181812,3.4231953732685705,89.03722862863589
0.022194994222236884,0.200716908107482,61.071656996478794
0.052523119454876255,0.19708535675463068,55.01578297559469
0.07582413699332688,3.28994431798041,65.49879749646463
0.010924753804988335,3.0661071041066155,76.1271403682018
0.0709461817468281,4.367474166944434,99.24954833530384
0.0735569886105914,4.630162817822692,69.98827943109444
0.08032071085974554,5.1360306489868455,72.92342101884306
0.1594017612384736,1.7444845532109436,90.32747812582598
0.016062523660806342,5.397412907186576,63.76020736530549
0.018002022569290753,2.482237571437105,56.092420355633884
0.05193409929994371,1.7151782264085087,51.38497621012893
0.07015476503862637,3.5583405551504503,50.18770660583919
0.09055128458604472,1.4615983952015283,91.8612265405052
0.04993050135454843,4.546782671138692,68.26042320694452
0.018524694553347418,3.5625122726232616,76.18947727555454
0.029069388198925572,2.5941720782200366,84.74372133531327
0.051310332720076346,7.141961864261614,76.86685213085691
0.01736715602015767,7.779599385496353,70.09011859005612
0.13253834941493298,2.1472466071700973,96.2579682388348
0.12190260880657261,4.330912664096604,60.54189162905436
0.05102292507848573,5.576844908156955,69.12562087955857
0.0648728550001021,7.745176813932198,96.14562234245435
0.07556903459641583,2.2078590447682527,78.49308652379014
0.1318471312061406,3.514294975223847,72.50992794008167
0.041260130551348764,0.9275258715260859,87.74916530179688
0.12828256448045022,6.756734027068353,68.29475863661149
0.0976517081530788,1.198648224120845,80.57732751130818
0.12285472577144943,6.362623025129631,96.07344498382764
0.08375659009334552,0.6584552747466486,85.75349946462515
0.18140218147886536,2.097390921445066,60.47099900804125
0.16373700364860438,1.7549176804085311,63.110738365384435
0.02151468968181812,3.4231953732685705,89.03722862863589
0.022194994222236884,0.200716908107482,61.071656996478794
0.052523119454876255,0.19708535675463068,55.01578297559469
0.11865986493913935,5.757433038747337,69.03493058076057
0.010924753804988335,3.0661071041066155,76.1271403682018
0.07152609630888235,4.044952584792886,99.54592822030878
0.07274891808745867,5.602999567513796,66.57261002544637
0.05774429083873049,4.4849737305214665,60.6357339614371
0.18295273695038963,1.8412485170996664,89.80284455146966
0.013577388400366177,6.2972750145419205,52.23876495538763
0.018002022569290753,2.482237571437105,56.092420355633884
0.05193409929994371,1.7151782264085087,51.38497621012893
0.07015476503862637,3.5583405551504503,50.18770660583919
0.09055128458604472,1.4615983952015283,91.8612265405052
0.026085555053344284,5.031764120519409,64.39882910685127
0.018524694553347418,3.5625122726232616,76.18947727555454
0.017520549459520772,1.5131950138492911,93.86897512968011
0.058310462518303734,6.015351435241646,78.21593220700042
0.01736715602015767,7.779599385496353,70.09011859005612
0.11257500920986604,3.7988030781343958,96.22482284664515
0.13122507142110473,5.3560983242717555,53.49789078957422
0.05921787270079495,4.5937857470223324,72.3068736940658
0.0648728550001021,7.745176813932198,96.14562234245435
0.090341781580322,0.8601872953318508,84.38907693498919
0.19846455540370872,0.5136067365882129,68.9060217447821
0.04321622821362851,1.0020970306158947,90.48629818826872
0.12828256448045022,6.756734027068353,68.29475863661149
0.09033665280275159,1.120148935513185,82.33348362664293
0.08159732520711377,4.4631939796428535,95.20999592114894
0.08375659009334552,0.6584552747466486,85.75349946462515
0.124104281196619,4.874428107377662,78.01234308158159
0.13757538914269438,1.7116677243421257,68.61412126145996
0.02151468968181812,3.4231953732685705,89.03722862863589
0.022194994222236884,0.200716908107482,61.071656996478794
0.07712703659469904,2.3539588573021133,69.37887471927596
0.11224978522381299,4.7777804855739205,74.2404007563999
0.010924753804988335,3.0661071041066155,76.1271403682018
0.07152609630888235,4.044952584792886,99.54592822030878
0.09772823325769328,7.452782921045033,54.226699329914254
0.05774429083873049,4.4849737305214665,60.6357339614371
0.18295273695038963,1.8412485170996664,89.80284455146966
0.013577388400366177,6.2972750145419205,52.23876495538763
0.018002022569290753,2.482237571437105,56.092420355633884
0.05193409929994371,1.7151782264085087,51.38497621012893
0.07015476503862637,3.5583405551504503,50.18770660583919
0.09055128458604472,1.4615983952015283,91.8612265405052
0.026085555053344284,5.031764120519409,64.39882910685127
0.018524694553347418,3.5625122726232616,76.18947727555454
0.017520549459520772,1.5131950138492911,93.86897512968011
0.061091875900148904,6.116780082653812,76.52319382801717
0.01736715602015767,7.779599385496353,70.09011859005612
0.11257500920986604,3.7988030781343958,96.22482284664515
0.1514042399449772,5.868291919424747,53.03548097209783
0.05551501332742715,4.404082855311093,70.85015642785189
0.0648728550001021,7.745176813932198,96.14562234245435
0.090341781580322,0.8601872953318508,84.38907693498919
0.19846455540370872,0.5136067365882129,68.9060217447821
0.04321622821362851,1.0020970306158947,90.48629818826872
0.12828256448045022,6.756734027068353,68.29475863661149
0.09033665280275159,1.120148935513185,82.33348362664293
0.08159732520711377,4.4631939796428535,95.20999592114894
0.086192345656536,0.946365250064613,87.94299160728278
0.12368556054737366,4.84610466860446,79.45385547781912
0.10827782745823815,1.4913532263724534,75.4052101857059
0.02151468968181812,3.4231953732685705,89.03722862863589
0.022194994222236884,0.200716908107482,61.071656996478794
0.07380564601357698,0.7868131367196236,50.18654731082724
0.09826206940621954,4.067537214568153,68.94003521223269
0.010924753804988335,3.0661071041066155,76.1271403682018
0.07152609630888235,4.044952584792886,99.54592822030878
0.09772823325769328,7.452782921045033,54.226699329914254
0.09485133322726766,6.354912684291383,64.87779003664596
0.2924856604384119,2.058453281278248,87.11065280649854
0.013577388400366177,6.2972750145419205,52.23876495538763
0.030774635396148227,2.597358240641777,60.63615685927238
0.05193409929994371,1.7151782264085087,51.38497621012893
0.07015476503862637,3.5583405551504503,50.18770660583919
0.09055128458604472,1.4615983952015283,91.8612265405052
0.04391619659692843,4.644544200191788,78.19037534008427
0.018524694553347418,3.5625122726232616,76.18947727555454
0.08767339411352641,1.125649923495255,84.19072034705914
0.07630950977107917,7.029922816363816,76.64249644922366
0.01736715602015767,7.779599385496353,70.09011859005612
0.11307877703443114,3.859482911908391,96.53950481374042
0.1514042399449772,5.868291919424747,53.03548097209783
0.06653116719398053,3.906780107210503,75.7389872209145
0.0648728550001021,7.745176813932198,96.14562234245435
0.09386920474394242,1.326414761444958,86.26688275711926
0.18003144806203486,1.253180153418307,69.02654575189744
0.05996081610757038,1.1646438104518648,90.972673623438
0.09414452681348175,5.683173092473149,70.5731084203725
0.09033665280275159,1.120148935513185,82.33348362664293
0.07855561787887386,3.0280123873878355,77.63379056425393
0.11782992373804753,0.05536426584057885,92.90960349136238
0.10854715047244677,3.1547435529572296,80.76103447492517
0.10546757424814551,1.6124041571863703,75.02888870373027
0.02151468968181812,3.4231953732685705,89.03722862863589
0.021346399812880713,0.6624623812426842,60.063934377292114
0.07380564601357698,0.7868131367196236,50.18654731082724
0.11473568002554266,4.1509968645076745,65.4102494134763
0.010924753804988335,3.0661071041066155,76.1271403682018
0.07152609630888235,4.044952584792886,99.54592822030878
0.09816339284764525,7.667661762089653,52.24179995611637
0.10450539599022438,7.18945671639198,61.175316005436805
0.2799755121189962,2.1032247622659166,86.6226398528745
0.013577388400366177,6.2972750145419205,52.23876495538763
0.03134920323096541,2.6841009212286604,61.234504718344226
0.05193409929994371,1.7151782264085087,51.38497621012893
0.07015476503862637,3.5583405551504503,50.18770660583919
0.12100020804047937,1.7571789426798547,92.74566803822309
0.04391619659692843,4.644544200191788,78.19037534008427
0.018524694553347418,3.5625122726232616,76.18947727555454
0.08122080764086476,0.7239004832480305,84.70374505396838
0.0751917227694211,6.997303610820986,77.89054839842832
0.01736715602015767,7.779599385496353,70.09011859005612
0.09972208507049665,3.926401196653985,90.57458201531522
0.1565478768720709,5.965117944764257,51.609808788993796
0.061898796471006795,4.1158994349415625,73.68319924720846
0.0648728550001021,7.745176813932198,96.14562234245435
0.09386920474394242,1.326414761444958,86.26688275711926
0.21707432618219885,0.7460816603049993,64.35036328085351
0.05996081610757038,1.1646438104518648,90.972673623438
0.09414452681348175,5.683173092473149,70.5731084203725
0.09033665280275159,1.120148935513185,82.33348362664293
0.08055891956044953,3.3692221492552936,76.7264354394506
0.11782992373804753,0.05536426584057885,92.90960349136238
0.10959429224383918,3.2565339859268017,80.58898267563649
0.10813375190363732,2.3995479679866003,82.56398212309234
0.02151468968181812,3.4231953732685705,89.03722862863589
0.03018574569649165,1.1871367440762821,64.83339105804421
0.07428970506857474,0.8877680678428392,50.35983486726768
0.12538409198100528,5.026227366805286,69.37086795165924
0.010924753804988335,3.0661071041066155,76.1271403682018
0.08258514897330918,4.297392173507902,93.10660123860882
0.09136340270012296,7.469224782609467,59.83424909499422
0.10450429912571742,7.189297252063621,61.17631091279138
0.267295519371047,2.4358097338214426,87.18400599555295
0.013577388400366177,6.2972750145419205,52.23876495538763
0.03483812209617389,2.96491771205201,64.17439834884073
0.05193409929994371,1.7151782264085087,51.38497621012893
0.07015476503862637,3.5583405551504503,50.18770660583919
0.10469922525831576,2.407746519853506,87.48797677001039
0.0521359435549158,4.357188182631994,78.7501901894407
0.018524694553347418,3.5625122726232616,76.18947727555454
0.08115752552667355,0.6818147665182401,84.85891188000832
0.07824221426671808,6.776215319145205,72.49393424524064
0.01736715602015767,7.779599385496353,70.09011859005612
0.1067751469085228,5.147259359225978,92.81266402272462
0.16275352688559747,5.8219249415654,50.8268309596176
0.051788670794417235,4.519391669381368,70.42229650283525
0.0648728550001021,7.745176813932198,96.14562234245435
0.12297469872823709,0.48295896008385775,85.15247704202862
0.21707432618219885,0.7460816603049993,64.35036328085351
0.07114387716014713,0.9502782987011827,91.34698050070787
0.10390637051720429,5.956931428788533,69.84808545605094
0.09033665280275159,1.120148935513185,82.33348362664293
0.0957932671124104,2.7032628284138163,82.29593611271119
0.11782992373804753,0.05536426584057885,92.90960349136238
0.10959429224383918,3.2565339859268017,80.58898267563649
0.10813375190363732,2.3995479679866003,82.56398212309234
0.027067370066149093,3.7448377796187895,86.71571396339107
0.030249461543985622,1.2691168236144006,64.63630084514514
0.06313489808082572,0.9843586274130862,53.97587351068421
0.16646231725612368,6.877990961620123,79.42980037307763
0.010924753804988335,3.0661071041066155,76.1271403682018
0.08258514897330918,4.297392173507902,93.10660123860882
0.09136340270012296,7.469224782609467,59.83424909499422
0.10450429912571742,7.189297252063621,61.17631091279138
0.267295519371047,2.4358097338214426,87.18400599555295
0.013577388400366177,6.2972750145419205,52.23876495538763
0.026762788974342,1.679666240702895,55.57840767074924
0.0561552480738603,1.828016766175288,53.522923549383904
0.07015476503862637,3.5583405551504503,50.18770660583919
0.10664486019030545,2.480328159082857,87.61133903049917
0.0521359435549158,4.357188182631994,78.7501901894407
0.018524694553347418,3.5625122726232616,76.18947727555454
0.061002807250225555,0.7776577527718158,84.71742160978418
0.07521228048227965,6.949195389518,70.33627290062745
0.01736715602015767,7.779599385496353,70.09011859005612
0.1067751469085228,5.147259359225978,92.81266402272462
0.16275352688559747,5.8219249415654,50.8268309596176
0.052026849367562494,4.555332906410726,70.48627750482797
0.06211132254574515,7.305657651491074,93.20603992811124
0.12404721938558694,0.33753853228069364,85.4272441943659
0.16962771300914137,0.5547488865030055,74.34290691018177
0.055014814862561615,0.09256197263655963,98.48107628880868
0.11954407300893619,5.457724768393312,68.23591493309935
0.08230610359340668,0.8865232763321657,86.00469795318942
0.09134061006548283,3.0669762562188305,81.82799912990134
0.11782992373804753,0.05536426584057885,92.90960349136238
0.10959429224383918,3.2565339859268017,80.58898267563649
0.10885190519085935,2.3978336656731507,81.53438378040228
0.18086973779948037,3.833771003410614,85.26967520601018
0.030249461543985622,1.2691168236144006,64.63630084514514
0.06313489808082572,0.9843586274130862,53.97587351068421
0.23089702186807204,6.370713634946725,96.24274055705399
0.010924753804988335,3.0661071041066155,76.1271403682018
0.08258514897330918,4.297392173507902,93.10660123860882
0.08503214101832507,7.373835904205638,59.216027450387536
0.10450429912571742,7.189297252063621,61.17631091279138
0.36163494136891866,3.9382949619148735,83.57013381273026
0.013577388400366177,6.2972750145419205,52.23876495538763
0.026762788974342,1.679666240702895,55.57840767074924
0.0561552480738603,1.828016766175288,53.522923549383904
0.07015476503862637,3.5583405551504503,50.18770660583919
0.12398739015774965,2.2673484139393096,89.85922381756605
0.055820354654217426,3.9333470002712203,79.6361181689617
0.018524694553347418,3.5625122726232616,76.18947727555454
0.061002807250225555,0.7776577527718158,84.71742160978418
0.07521228048227965,6.949195389518,70.33627290062745
0.050541364586353235,5.465348051943987,74.8594914939739
0.1055632370580368,5.705472149631118,92.80203677092618
0.16275352688559747,5.8219249415654,50.8268309596176
0.09099814763278286,5.967354900216358,65.1378458467128
0.06792705950551996,5.45706137568765,91.13218180681311
0.12285791710160855,0.44202985425654084,85.43403431544148
0.16962771300914137,0.5547488865030055,74.34290691018177
0.055014814862561615,0.09256197263655963,98.48107628880868
0.12000080421825392,5.468829793253291,67.35683017338415
0.08230610359340668,0.8865232763321657,86.00469795318942
0.09163156595503687,0.602816197100327,96.00794394024997
0.11782992373804753,0.05536426584057885,92.90960349136238
0.10911188561570477,3.326855980301978,80.18816137776096
0.1206153811664557,0.8062631663434567,85.45026302838623
0.1568875596592781,2.3581716761957146,85.33617784710385
0.030249461543985622,1.2691168236144006,64.63630084514514
0.06313489808082572,0.9843586274130862,53.97587351068421
0.23089702186807204,6.370713634946725,96.24274055705399
0.010924753804988335,3.0661071041066155,76.1271403682018
0.08043313408098506,4.169443584207786,85.67625146846979
0.08503214101832507,7.373835904205638,59.216027450387536
0.10450429912571742,7.189297252063621,61.17631091279138
0.32286662092374374,3.841881286011212,82.74736799308548
0.013577388400366177,6.2972750145419205,52.23876495538763
0.026762788974342,1.679666240702895,55.57840767074924
0.0561552480738603,1.828016766175288,53.522923549383904
0.07015476503862637,3.5583405551504503,50.18770660583919
0.12398739015774965,2.2673484139393096,89.85922381756605
0.04347946771853926,2.014082027991738,85.5544751177972
0.034355243701271576,3.7718397789214273,77.68427734658069
0.061002807250225555,0.7776577527718158,84.71742160978418
0.07521228048227965,6.949195389518,70.33627290062745
0.050541364586353235,5.465348051943987,74.8594914939739
0.10871932780272929,5.773711337188802,93.39816684774294
0.14261309313076653,4.8438881521238715,51.463489822039755
0.09126523566135473,3.705336237235146,78.15457326356997
0.05986722252228505,4.717459079415148,84.17086268278325
0.12474466106309036,0.13558437377256038,85.42038038656963
0.16962771300914137,0.5547488865030055,74.34290691018177
0.055014814862561615,0.09256197263655963,98.48107628880868
0.12000080421825392,5.468829793253291,67.35683017338415
0.0816703943642832,2.0007874030851394,85.89321911692183
0.09163156595503687,0.602816197100327,96.00794394024997
0.11782992373804753,0.05536426584057885,92.90960349136238
0.18856788970854518,3.5378618768192753,83.47446270876111
0.1206153811664557,0.8062631663434567,85.45026302838623
0.12684159621160357,4.047075981976597,79.81814839826978
0.030249461543985622,1.2691168236144006,64.63630084514514
0.06313489808082572,0.9843586274130862,53.97587351068421
0.23089702186807204,6.370713634946725,96.24274055705399
0.010924753804988335,3.0661071041066155,76.1271403682018
0.08043313408098506,4.169443584207786,85.67625146846979
0.08760871861116712,7.706180868895847,57.58284602784737
0.10715615512829166,7.9422435433999565,58.210245175084
0.47196417005851987,5.022291082217048,77.41568871644155
0.013577388400366177,6.2972750145419205,52.23876495538763
0.0523418607543849,2.877300545567607,61.75626974161487
0.0561552480738603,1.828016766175288,53.522923549383904
0.07015476503862637,3.5583405551504503,50.18770660583919
0.1277096031299827,2.2907951835856117,90.20807453033225
0.028282079569234758,0.5683169552274983,89.80693540767632
0.034355243701271576,3.7718397789214273,77.68427734658069
0.061002807250225555,0.7776577527718158,84.71742160978418
0.04886128416442981,7.8201575271896795,72.08920596887619
0.07601821885170551,5.109573795230209,76.44963777886397
0.10871932780272929,5.773711337188802,93.39816684774294
0.14261309313076653,4.8438881521238715,51.463489822039755
0.06584053457848948,2.9001931818036595,69.77137568908167
0.05986722252228505,4.717459079415148,84.17086268278325
0.12474466106309036,0.13558437377256038,85.42038038656963
0.16962771300914137,0.5547488865030055,74.34290691018177
0.055014814862561615,0.09256197263655963,98.48107628880868
0.13125347789074507,5.5607432284674365,65.03049133044225
0.07313614166987217,3.19850189105354,77.22740939863114
0.09163156595503687,0.602816197100327,96.00794394024997
0.11782992373804753,0.05536426584057885,92.90960349136238
0.18197361879031265,3.4027365538663954,84.204080039547
0.12247385219513408,0.7492599710845811,85.42912497891912
0.09207705366638314,4.737736708030515,71.35312076421874
0.02388404582885365,1.5715256219783458,55.937209711136795
0.05662863664181499,4.100282530564199,62.23237233396701
0.23089702186807204,6.370713634946725,96.24274055705399
0.010924753804988335,3.0661071041066155,76.1271403682018
0.08043313408098506,4.169443584207786,85.67625146846979
0.08374653211793191,7.972945633900093,56.41747032435366
0.10715615512829166,7.9422435433999565,58.210245175084
0.47196417005851987,5.022291082217048,77.41568871644155
0.013577388400366177,6.2972750145419205,52.23876495538763
0.015395141445052149,0.5726183348146447,51.1550015880736
0.0561552480738603,1.828016766175288,53.522923549383904
0.07353746813021417,3.376718778229656,52.466248938314266
0.1277637316775474,2.275911807748696,90.29234243652883
0.028282079569234758,0.5683169552274983,89.80693540767632
0.020851234255949203,2.6232207619837222,83.4988080483781
0.061002807250225555,0.7776577527718158,84.71742160978418
0.04886128416442981,7.8201575271896795,72.08920596887619
0.10097279069762978,5.910826694241351,75.7101346184401
0.11083784625224397,5.715593050439555,90.77705390577356
0.14261309313076653,4.8438881521238715,51.463489822039755
0.06584053457848948,2.9001931818036595,69.77137568908167
0.05986722252228505,4.717459079415148,84.17086268278325
0.12474466106309036,0.13558437377256038,85.42038038656963
0.16962771300914137,0.5547488865030055,74.34290691018177
0.055014814862561615,0.09256197263655963,98.48107628880868
0.12129431270236754,5.36583535197316,64.65706434773448
0.056612771738922776,3.1633377817685244,76.9351774964457
0.08850517637660242,0.881304302436158,92.82754636883197
0.09636031598561352,0.6724433741407283,79.19868308653949
0.2583084973633447,3.733060918748677,93.69077146387653
0.147022073497325,0.9882311813485609,80.67954357589659
0.09207705366638314,4.737736708030515,71.35312076421874
0.02388404582885365,1.5715256219783458,55.937209711136795
0.05662863664181499,4.100282530564199,62.23237233396701
0.23089702186807204,6.370713634946725,96.24274055705399
0.010924753804988335,3.0661071041066155,76.1271403682018
0.02904197404263248,4.557485494895898,86.42133947670845
0.08374653211793191,7.972945633900093,56.41747032435366
0.10715615512829166,7.9422435433999565,58.210245175084
0.47196417005851987,5.022291082217048,77.41568871644155
0.013577388400366177,6.2972750145419205,52.23876495538763
0.015395141445052149,0.5726183348146447,51.1550015880736
0.056764075756426884,1.8954149460967153,54.54431898841176
0.07353746813021417,3.376718778229656,52.466248938314266
0.1221954702575108,3.8069805543013038,81.62361304820021
0.0601294502014183,1.7592947689469964,79.12621208649693
0.01666087519021276,1.845748706086158,85.20570716731935
0.039949438824951604,0.6983151700995819,78.50903120739476
0.04886128416442981,7.8201575271896795,72.08920596887619
0.10097279069762978,5.910826694241351,75.7101346184401
0.1346506461361282,6.181908013254904,93.863378892126
0.14261309313076653,4.8438881521238715,51.463489822039755
0.05430175373092101,0.340749799767627,78.01129351083894
0.05986722252228505,4.717459079415148,84.17086268278325
0.12610216831270082,0.07644861860789032,85.52204464741874
0.18544954942318606,0.4212167546550247,73.21933365000677
0.055014814862561615,0.09256197263655963,98.48107628880868
0.1302939247665176,5.8300302539441144,62.223630858626635
0.05263874457945142,3.2766636013967303,80.02033946283966
0.08850517637660242,0.881304302436158,92.82754636883197
0.11944404431793203,0.7077501930734219,75.60167429853135
0.2583084973633447,3.733060918748677,93.69077146387653
0.14852026495623286,0.8181303345042652,80.62257255950911
0.07652244559120039,4.210096982485761,63.12881497889842
0.02388404582885365,1.5715256219783458,55.937209711136795
0.07887796016710558,5.792054382946267,60.46126599234453
0.23089702186807204,6.370713634946725,96.24274055705399
0.010924753804988335,3.0661071041066155,76.1271403682018
0.02904197404263248,4.557485494895898,86.42133947670845
0.08374653211793191,7.972945633900093,56.41747032435366
0.10715615512829166,7.9422435433999565,58.210245175084
0.47027126227071064,5.028110963111836,77.49823631923584
0.013577388400366177,6.2972750145419205,52.23876495538763
0.025945226222855902,2.857379789134823,57.75443651026607
0.056764075756426884,1.8954149460967153,54.54431898841176
0.07176138086458443,3.705110908751996,56.4930332788056
0.11551757947712216,3.682880091613701,81.85027647811432
0.04338376915568608,2.0561665647542644,80.12125869366018
0.01666087519021276,1.845748706086158,85.20570716731935
0.039949438824951604,0.6983151700995819,78.50903120739476
0.04886128416442981,7.8201575271896795,72.08920596887619
0.10485493019824936,5.658551016161685,75.5956695635112
0.1346506461361282,6.181908013254904,93.863378892126
0.1392251666871343,4.951442148471599,52.20884513756023
0.05430175373092101,0.340749799767627,78.01129351083894
0.060910129461215365,5.711468161655573,81.09523051956359
0.09811097112836248,0.5289727638721688,85.44113675123417
0.18544954942318606,0.4212167546550247,73.21933365000677
0.055014814862561615,0.09256197263655963,98.48107628880868
0.1302939247665176,5.8300302539441144,62.223630858626635
0.05263874457945142,3.2766636013967303,80.02033946283966
0.08775173799028003,0.6611565806834463,93.62163523372469
0.11944404431793203,0.7077501930734219,75.60167429853135
0.20481635519845998,2.7751458237934155,94.95123201314823
0.13033078209437315,0.8372772163003016,84.32167835420545
0.12243269123956212,2.613171920930502,67.38173435904201
0.02388404582885365,1.5715256219783458,55.937209711136795
0.07887796016710558,5.792054382946267,60.46126599234453
0.24604439815336315,6.779754391869477,97.76100596840232
0.010924753804988335,3.0661071041066155,76.1271403682018
0.010497073562353049,5.347212520287074,88.6408640224208
0.08374653211793191,7.972945633900093,56.41747032435366
0.10715615512829166,7.9422435433999565,58.210245175084
0.2709191205544638,3.022277148736892,77.9665001041789
0.018352528272179303,5.283481397305671,56.99547494962305
0.025945226222855902,2.857379789134823,57.75443651026607
0.056764075756426884,1.8954149460967153,54.54431898841176
0.07947678889120255,4.636114356058956,57.49555511651309
0.14213682679022888,2.69401341651474,82.21833532535163
0.031554472073919676,2.221998647137937,79.54978406384488
0.01666087519021276,1.845748706086158,85.20570716731935
0.039949438824951604,0.6983151700995819,78.50903120739476
0.04886128416442981,7.8201575271896795,72.08920596887619
0.10485493019824936,5.658551016161685,75.5956695635112
0.14095471639469256,6.340664013901875,94.76707408212086
0.1392251666871343,4.951442148471599,52.20884513756023
0.060838365200816515,1.0283505175617051,77.6989492368592
0.060910129461215365,5.711468161655573,81.09523051956359
0.09811097112836248,0.5289727638721688,85.44113675123417
0.133580416934184,1.9305282146021203,68.18323264343906
0.055014814862561615,0.09256197263655963,98.48107628880868
0.11061054216063534,4.776763593479556,60.167937344682535
0.05378916887325635,1.8929440605640497,82.43576349020523
0.08775173799028003,0.6611565806834463,93.62163523372469
0.08276918324511104,1.3396209630023705,77.24915503425636
0.24170084084957538,2.0225394748806322,98.50265229155308
0.13033078209437315,0.8372772163003016,84.32167835420545
0.12243269123956212,2.613171920930502,67.38173435904201
0.02388404582885365,1.5715256219783458,55.937209711136795
0.0850372162215631,5.835107864970862,64.15002801868697
0.2234796542500993,6.19747585739327,92.60899934826361
0.010924753804988335,3.0661071041066155,76.1271403682018
0.010497073562353049,5.347212520287074,88.6408640224208
0.08374653211793191,7.972945633900093,56.41747032435366
0.10715615512829166,7.9422435433999565,58.210245175084
0.36626189807910636,0.8115825338480329,66.84395261779191
0.022898658150923627,4.3183081085810375,61.524058825660276
0.02503015629859793,2.9053459431131508,57.23139317611337
0.05013674366475352,1.887207255397534,59.611326084711244
0.07947678889120255,4.636114356058956,57.49555511651309
0.1624545887347077,0.8571312991041831,91.19612582964623
0.031554472073919676,2.221998647137937,79.54978406384488
0.01666087519021276,1.845748706086158,85.20570716731935
0.062559044938933,0.814007820213342,79.39864854152235
0.04886128416442981,7.8201575271896795,72.08920596887619
0.10485493019824936,5.658551016161685,75.5956695635112
0.14095471639469256,6.340664013901875,94.76707408212086
0.1392251666871343,4.951442148471599,52.20884513756023
0.060838365200816515,1.0283505175617051,77.6989492368592
0.07150175122996713,3.8578100195359424,89.01203941961823
0.09811097112836248,0.5289727638721688,85.44113675123417
0.11744679371230299,1.9230100119824645,68.98713039598812
0.055014814862561615,0.09256197263655963,98.48107628880868
0.11982467067231486,4.824924316538151,60.025476858919916
0.054891143903908486,1.8938593343079106,72.10412064663511
0.08775173799028003,0.6611565806834463,93.62163523372469
0.02670477612788319,0.4200735570921337,87.55817514337583
0.24170084084957538,2.0225394748806322,98.50265229155308
0.10969694565705848,1.0552109896708983,81.2533776049932
0.1739323758169511,2.8348455012490508,60.486234783096855
0.023288351426518535,0.8782684534978005,55.26455391919274
0.07633696749744226,5.812335283754939,62.36155814972305
0.2234796542500993,6.19747585739327,92.60899934826361
0.010924753804988335,3.0661071041066155,76.1271403682018
0.010497073562353049,5.347212520287074,88.6408640224208
0.08374653211793191,7.972945633900093,56.41747032435366
0.10715615512829166,7.9422435433999565,58.210245175084
0.36626189807910636,0.8115825338480329,66.84395261779191
0.02282016001164642,4.324256840387086,61.49809913084954
0.02672452609913321,1.7821545272163437,53.819068821844766
0.05013674366475352,1.887207255397534,59.611326084711244
0.085662453274037,5.833448242667707,50.7905130218292
0.1624545887347077,0.8571312991041831,91.19612582964623
0.02497170797347597,1.6707597670979242,82.17258599170756
0.01666087519021276,1.845748706086158,85.20570716731935
0.03332096021075451,0.6423540330401947,77.33774064285382
0.04886128416442981,7.8201575271896795,72.08920596887619
0.0976712633410231,4.902885101157981,75.93893261645022
0.14842130134730708,7.137734516549032,94.92782667015389
0.15309714737180888,4.195939812950734,51.15651269005903
0.06121225579538996,1.035013427633346,77.59095380079928
0.062167228036403455,4.085708317164254,88.95524467065
0.089717783790971,0.5161725937553879,85.68997650282121
0.09987812544989202,1.8957328798086008,66.04978492402304
0.055014814862561615,0.09256197263655963,98.48107628880868
0.11969355764505563,4.798984231483138,60.178943296158195
0.054891143903908486,1.8938593343079106,72.10412064663511
0.08775173799028003,0.6611565806834463,93.62163523372469
0.02670477612788319,0.4200735570921337,87.55817514337583
0.16691848073951715,3.8489410177783245,75.63631512972835
0.13408634724903112,1.2339372527309915,84.44040088856525
0.19037471707355247,2.8115184804214377,58.90855943259267
0.023288351426518535,0.8782684534978005,55.26455391919274
0.07475522397287432,5.839617891926168,62.3371035489745
0.2234796542500993,6.19747585739327,92.60899934826361
0.010924753804988335,3.0661071041066155,76.1271403682018
0.010497073562353049,5.347212520287074,88.6408640224208
0.08374653211793191,7.972945633900093,56.41747032435366
0.10715615512829166,7.9422435433999565,58.210245175084
0.3819978110032357,0.3785259004445294,67.36829170415731
0.02282016001164642,4.324256840387086,61.49809913084954
0.02672452609913321,1.7821545272163437,53.819068821844766
0.06875273507655998,0.2263811901603594,58.32550823614791
0.0839686517703993,5.83440633760661,52.583601977489344
0.1624545887347077,0.8571312991041831,91.19612582964623
0.02107639312844209,1.7371611035321177,81.3793536666117
0.01666087519021276,1.845748706086158,85.20570716731935
0.03456271284592984,0.6840725468087452,75.41952746820583
0.04886128416442981,7.8201575271896795,72.08920596887619
0.10943160936399884,5.730072698476981,76.99313060120265
0.15015725046193523,7.288330394565128,95.72537789083125
0.15309714737180888,4.195939812950734,51.15651269005903
0.05966137429893461,0.7991692237588779,82.81861224506525
0.062167228036403455,4.085708317164254,88.95524467065
0.08365192904571984,0.5346379263078741,84.56045113108233
0.09987812544989202,1.8957328798086008,66.04978492402304
0.055014814862561615,0.09256197263655963,98.48107628880868
0.16893895390909314,5.040310943078265,59.508353088728654
0.05836462332129924,2.1381734971731157,72.41548350915112
0.09071139402379573,0.5501307077881912,95.55965381325956
0.02670477612788319,0.4200735570921337,87.55817514337583
0.18335971020931113,4.560639884921622,71.33797232176501
0.13864208154783975,1.2102009170485772,84.41070944256053
0.29655901528570766,0.03052885398115368,55.75980362053936
0.023288351426518535,0.8782684534978005,55.26455391919274
0.07475522397287432,5.839617891926168,62.3371035489745
0.2234796542500993,6.19747585739327,92.60899934826361
0.010924753804988335,3.0661071041066155,76.1271403682018
0.03189103101307806,5.485607435546403,77.86770220367208
0.09597043300515648,6.336527814028214,63.222213744535125
0.14485111972045425,5.61821276156174,58.526555990792474
0.35883584796492407,0.5030882538605037,67.2600425926239
0.02282016001164642,4.324256840387086,61.49809913084954
0.025271310997975964,1.3998861569492378,54.430388376902606
0.06875273507655998,0.2263811901603594,58.32550823614791
0.0839686517703993,5.83440633760661,52.583601977489344
0.1624545887347077,0.8571312991041831,91.19612582964623
0.021209768311252573,1.935039828133875,79.85869973990313
0.013465854936014238,1.862395434866105,85.22653032449652
0.08393813652002188,3.5050365474534266,84.0930339189211
0.05931934089349804,7.050201108665948,73.52446814153109
0.10943160936399884,5.730072698476981,76.99313060120265
0.15015725046193523,7.288330394565128,95.72537789083125
0.15342948768777093,4.184263460587633,50.95986906326015
0.05966137429893461,0.7991692237588779,82.81861224506525
0.062167228036403455,4.085708317164254,88.95524467065
0.09037524621941385,0.6737399349358154,96.39906753419103
0.11604168607347073,1.8013369985781869,63.571257463886674
0.055014814862561615,0.09256197263655963,98.48107628880868
0.16893895390909314,5.040310943078265,59.508353088728654
0.05836462332129924,2.1381734971731157,72.41548350915112
0.09071139402379573,0.5501307077881912,95.55965381325956
0.027526598571899152,0.4646717853525235,87.16510300465728
0.22746459532570923,3.862966073428387,67.96415230775527
0.13864208154783975,1.2102009170485772,84.41070944256053
0.2226155347691115,2.282706225559149,64.1501625429202
0.023288351426518535,0.8782684534978005,55.26455391919274
0.07475522397287432,5.839617891926168,62.3371035489745
0.2234796542500993,6.19747585739327,92.60899934826361
0.010924753804988335,3.0661071041066155,76.1271403682018
0.03189103101307806,5.485607435546403,77.86770220367208
0.09597043300515648,6.336527814028214,63.222213744535125
0.1378612167539219,5.488658417372783,61.098926218402994
0.4043564789093237,0.8485008433545385,75.666027796097
0.02282016001164642,4.324256840387086,61.49809913084954
0.025271310997975964,1.3998861569492378,54.430388376902606
0.06937906967026403,0.111112728858624,57.47597569877917
0.05557366897123687,5.133151608922739,56.7231479589585
0.1624545887347077,0.8571312991041831,91.19612582964623
0.017561743356654183,1.669022889107226,81.05243727297855
0.013465854936014238,1.862395434866105,85.22653032449652
0.08393813652002188,3.5050365474534266,84.0930339189211
0.04882215536513196,7.258902558197128,75.18515191599757
0.09353170463613797,4.911996303776931,72.73048587761305
0.15015725046193523,7.288330394565128,95.72537789083125
0.1347640898445132,4.576994800845261,53.65910764528809
0.05966137429893461,0.7991692237588779,82.81861224506525
0.062167228036403455,4.085708317164254,88.95524467065
0.09037524621941385,0.6737399349358154,96.39906753419103
0.13062487125384703,1.6385534802649926,60.811067798370914
0.05777569877936932,0.8963423891362385,93.42599802425474
0.16893895390909314,5.040310943078265,59.508353088728654
0.05658888855645772,2.4649736070198283,74.82401159563022
0.09071139402379573,0.5501307077881912,95.55965381325956
0.027526598571899152,0.4646717853525235,87.16510300465728
0.25534468137648936,4.1236035026590985,65.71518306769606
0.1610021170423041,1.8780037131219935,80.270479835733
0.1832460720291051,3.7719119476703016,62.73282431635922
0.02161577381047136,0.8538183101587449,55.160520934787435
0.07475522397287432,5.839617891926168,62.3371035489745
0.2234796542500993,6.19747585739327,92.60899934826361
0.010924753804988335,3.0661071041066155,76.1271403682018
0.024081052137607993,5.4332987467610305,81.65950923671505
0.0950385821858392,6.117240709533472,64.83857109604762
0.1378612167539219,5.488658417372783,61.098926218402994
0.5874872597031384,0.8747099130324734,71.86597854296416
0.022424172000853993,4.6489927078293345,59.33854139374719
0.026120362463311946,1.3666223695880617,52.215521851622896
0.07021193582618135,0.08677742361500052,57.53348409824531
0.05557366897123687,5.133151608922739,56.7231479589585
0.14868086709094025,1.0680308940317889,90.80001402236088
0.024642250542404716,2.052638461539844,82.30689925155714
0.013465854936014238,1.862395434866105,85.22653032449652
0.07136952067363327,2.2518018503800867,88.57665435639286
0.05854977912572131,6.726521780145446,70.36578470332064
0.06559542796311771,3.335566965847562,65.90530269298738
0.15015725046193523,7.288330394565128,95.72537789083125
0.12193847192053253,4.681880290650527,53.14330817825892
0.05966137429893461,0.7991692237588779,82.81861224506525
0.062167228036403455,4.085708317164254,88.95524467065
0.09037524621941385,0.6737399349358154,96.39906753419103
0.13062487125384703,1.6385534802649926,60.811067798370914
0.06167356655913393,1.2850043711641832,92.03550603583606
0.16893895390909314,5.040310943078265,59.508353088728654
0.05658888855645772,2.4649736070198283,74.82401159563022
0.09468485803109353,0.0579639237921592,96.47901442898814
0.027526598571899152,0.4646717853525235,87.16510300465728
0.2189090210852375,4.205789921757991,64.71768761118241
0.14866252298268814,1.6345522188594914,77.1802194818304
0.1840701012047578,3.756206936093157,62.735829965808726
0.02161577381047136,0.8538183101587449,55.160520934787435
0.032229195314246714,6.076123364942932,63.171489671811315
0.2234796542500993,6.19747585739327,92.60899934826361
0.010924753804988335,3.0661071041066155,76.1271403682018
0.024081052137607993,5.4332987467610305,81.65950923671505
0.0950385821858392,6.117240709533472,64.83857109604762
0.1378612167539219,5.488658417372783,61.098926218402994
0.5874872597031384,0.8747099130324734,71.86597854296416
0.022424172000853993,4.6489927078293345,59.33854139374719
0.026120362463311946,1.3666223695880617,52.215521851622896
0.07021193582618135,0.08677742361500052,57.53348409824531
0.05557366897123687,5.133151608922739,56.7231479589585
0.14017967880488352,1.1828554957716053,89.73179638038819
0.053195355163563246,2.3577430507389154,78.80177272226953
0.024935060920182925,1.4480525520056227,82.59084658538698
0.07136952067363327,2.2518018503800867,88.57665435639286
0.04390087844993299,4.39726858662106,64.33501720888816
0.06559542796311771,3.335566965847562,65.90530269298738
0.15987848142125222,7.143702718016174,95.31220219003883
0.12193847192053253,4.681880290650527,53.14330817825892
0.05774150769858488,0.7392310694893582,83.4942131206909
0.0656649133459924,4.759355705342479,92.91357646809236
0.09037524621941385,0.6737399349358154,96.39906753419103
0.11710892463711121,2.5926793217773456,62.60282469818526
0.06566388657950809,1.3279565723134519,95.70877361258306
0.16893895390909314,5.040310943078265,59.508353088728654
0.04011122505354341,0.8997900474817566,79.10328440509582
0.09468485803109353,0.0579639237921592,96.47901442898814
0.027526598571899152,0.4646717853525235,87.16510300465728
0.1838776785438359,4.377781159685384,60.5363557108112
0.14866252298268814,1.6345522188594914,77.1802194818304
0.22868522196710434,4.531446077397411,62.82444916847543
0.02161577381047136,0.8538183101587449,55.160520934787435
0.03794714408024913,6.217417526282767,64.73439612906635
0.23215572784565305,6.596137914959645,99.63553304108885
0.010924753804988335,3.0661071041066155,76.1271403682018
0.042685632546642066,4.866006638613038,80.99058707794761
0.0950385821858392,6.117240709533472,64.83857109604762
0.1378612167539219,5.488658417372783,61.098926218402994
0.589739597354755,0.8661492342637174,71.84933234221327
0.022424172000853993,4.6489927078293345,59.33854139374719
0.026120362463311946,1.3666223695880617,52.215521851622896
0.07021193582618135,0.08677742361500052,57.53348409824531
0.05557366897123687,5.133151608922739,56.7231479589585
0.11673364197473367,2.068604940587256,87.62965042265238
0.052122491181135114,0.3603542360333254,74.24033585113997
0.024362799616267528,1.52531626080573,82.39354802188772
0.11539604134934389,3.0138713412465514,94.2520577311772
0.049092076679132325,4.571870017394062,64.38613503108895
0.06559542796311771,3.335566965847562,65.90530269298738
0.15987848142125222,7.143702718016174,95.31220219003883
0.12193847192053253,4.681880290650527,53.14330817825892
0.0350954539251177,1.1568437731747423,75.5346072371192
0.05446999386882409,4.730783002100482,84.22108410076028
0.09037524621941385,0.6737399349358154,96.39906753419103
0.11710892463711121,2.5926793217773456,62.60282469818526
0.06665641690410964,1.3523568979512877,95.07005976450586
0.13481086836122871,5.346989614233718,60.86992557322603
0.04011122505354341,0.8997900474817566,79.10328440509582
0.09468485803109353,0.0579639237921592,96.47901442898814
0.03126198719448327,0.5938242721749809,84.77218133009963
0.15825571328404897,3.9055012530821345,64.09159726565127
0.2005218882489636,2.145223886688143,73.57885513956644
0.27541227063722723,4.0389803741652495,63.71219459084694
0.02161577381047136,0.8538183101587449,55.160520934787435
0.03794714408024913,6.217417526282767,64.73439612906635
0.23215572784565305,6.596137914959645,99.63553304108885
0.01490434695462381,2.6210273472193895,69.86490267934491
0.035881771238308616,4.944079844558285,79.12541567838875
0.0950385821858392,6.117240709533472,64.83857109604762
0.15272376454528275,7.5627246202190035,60.02185179677742
0.4446766695288881,1.3960672525633946,69.0113331423427
0.022424172000853993,4.6489927078293345,59.33854139374719
0.026120362463311946,1.3666223695880617,52.215521851622896
0.07021193582618135,0.08677742361500052,57.53348409824531
0.05557366897123687,5.133151608922739,56.7231479589585
0.09884606242412129,1.3065929616577823,76.05768512161096
0.03511598024210374,0.6175532349164492,89.94702351720858
0.02589630911791513,1.519044987659925,82.85318123492672
0.11522990752153107,3.1312761349222553,95.07457968176335
0.049092076679132325,4.571870017394062,64.38613503108895
0.06559542796311771,3.335566965847562,65.90530269298738
0.15987848142125222,7.143702718016174,95.31220219003883
0.12193847192053253,4.681880290650527,53.14330817825892
0.0350954539251177,1.1568437731747423,75.5346072371192
0.05446999386882409,4.730783002100482,84.22108410076028
0.09037524621941385,0.6737399349358154,96.39906753419103
0.13396073687279772,2.8197549129828237,64.52663658204736
0.05397996786575466,1.9377732076987506,94.43283053292839
0.12577774777938577,4.9323456779934665,62.95504668701387
0.02879904152459177,1.4078294861530833,83.68319845827219
0.09468485803109353,0.0579639237921592,96.47901442898814
0.03126198719448327,0.5938242721749809,84.77218133009963
0.15825571328404897,3.9055012530821345,64.09159726565127
0.3241548727347858,1.0545136796112864,80.61012379190635
0.32539732874694827,4.744309589953065,59.40056879173798
0.02161577381047136,0.8538183101587449,55.160520934787435
0.03794714408024913,6.217417526282767,64.73439612906635
0.1783065688081103,6.408063610659225,85.96993980849128
0.01490434695462381,2.6210273472193895,69.86490267934491
0.035881771238308616,4.944079844558285,79.12541567838875
0.0950385821858392,6.117240709533472,64.83857109604762
0.15272376454528275,7.5627246202190035,60.02185179677742
0.5471180932827794,0.8719444783041408,69.85069459462838
0.022424172000853993,4.6489927078293345,59.33854139374719
0.026120362463311946,1.3666223695880617,52.215521851622896
0.11503310726763488,2.7078830613700906,69.3245899229842
0.05557366897123687,5.133151608922739,56.7231479589585
0.09884606242412129,1.3065929616577823,76.05768512161096
0.07543460523430717,1.190739017502604,85.70427399416434
0.024954467348820956,1.404347568796227,83.6824449190537
0.11097806199363368,2.6577443758054202,90.13941961345536
0.049092076679132325,4.571870017394062,64.38613503108895
0.05755769996444389,3.2222674467892287,66.5331485988295
0.15987848142125222,7.143702718016174,95.31220219003883
0.1474786579314543,5.618588221986126,52.20103953629766
0.0350954539251177,1.1568437731747423,75.5346072371192
0.05446999386882409,4.730783002100482,84.22108410076028
0.09037524621941385,0.6737399349358154,96.39906753419103
0.12596021010998618,0.7973597675770758,66.44747003517443
0.09835958110622031,2.3966716318281573,88.70468469153789
0.12572172007324994,4.925606043769705,63.007974917773254
0.02879904152459177,1.4078294861530833,83.68319845827219
0.09468485803109353,0.0579639237921592,96.47901442898814
0.03126198719448327,0.5938242721749809,84.77218133009963
0.15610180881834362,5.329467763718112,62.50701227514637
0.27577581279121816,1.714003580080643,81.2578978383063
0.2201020970970911,3.573763972450747,67.91055887710993
0.023443433404503937,1.0694914170645777,56.77714178239684
0.0370749350522696,4.6696062725690375,68.03771490497816
0.16644278881699992,5.714279409583533,82.84893513909466
0.013177162044691255,2.1552357699981384,72.28264142422395
0.02279398309998445,5.312837658883573,93.72799873653891
0.08713651809884951,5.847182565719747,68.61395166224573
0.14385174494365902,5.32003111962717,62.15192054760168
0.5128201440877067,0.9783816330286407,71.29257706351882
0.03078405382132131,4.787580090245668,60.61758706473475
0.02370118311061134,1.395731993486073,51.604200225470464
0.11503310726763488,2.7078830613700906,69.3245899229842
0.07237389836877355,4.382535870710768,66.85593705348043
0.11136051601646438,0.34094033068877927,73.75553260999217
0.09051879713754284,0.29168589815139523,85.88503898616553
0.024954467348820956,1.404347568796227,83.6824449190537
0.14379226583661298,1.7644446046508957,99.95294000964552
0.04710654959702295,4.087422646540485,65.9676303588006
0.05755769996444389,3.2222674467892287,66.5331485988295
0.15987848142125222,7.143702718016174,95.31220219003883
0.1474786579314543,5.618588221986126,52.20103953629766
0.0350954539251177,1.1568437731747423,75.5346072371192
0.051520405707783455,4.473070983377146,76.90926519264792
0.09037524621941385,0.6737399349358154,96.39906753419103
0.13534770730020962,2.900637334095462,60.23241552062464
0.11025388018604527,3.022352690994582,90.26140529164944
0.12572172007324994,4.925606043769705,63.007974917773254
0.02879904152459177,1.4078294861530833,83.68319845827219
0.073961562027336,0.4580980193713863,92.67597969488835
0.03126198719448327,0.5938242721749809,84.77218133009963
0.15610180881834362,5.329467763718112,62.50701227514637
0.3176725504908583,1.9747301920686011,78.88749843010034
0.2240097485348307,3.4665663546164387,68.24048202614468
0.023443433404503937,1.0694914170645777,56.77714178239684
0.0370749350522696,4.6696062725690375,68.03771490497816
0.16644278881699992,5.714279409583533,82.84893513909466
0.013177162044691255,2.1552357699981384,72.28264142422395
0.02294606402455608,4.3191788442790475,85.07526510904805
0.08797061391060498,5.735600151099252,69.36701961553833
0.09702571653800433,5.034793038483262,64.73308376130599
0.4094363425527832,0.8558161869943302,76.32995708558424
0.03078405382132131,4.787580090245668,60.61758706473475
0.046780822989992366,1.466592827542221,60.89607667050695
0.14667588196383669,2.5674623895831856,68.92515066174519
0.06929386597272233,4.098692231982468,68.19819070239528
0.11136051601646438,0.34094033068877927,73.75553260999217
0.09051879713754284,0.29168589815139523,85.88503898616553
0.025976962966481647,1.9977585153578366,79.63692364764648
0.127748372435594,1.7151854448959896,93.49365919076288
0.06443389204830949,4.323638438463309,68.418756277169
0.07880601970923479,2.766039302358653,74.69471094567385
0.15987848142125222,7.143702718016174,95.31220219003883
0.1474786579314543,5.618588221986126,52.20103953629766
0.07650429166540085,2.8788618147178147,69.81095440234252
0.051520405707783455,4.473070983377146,76.90926519264792
0.09037524621941385,0.6737399349358154,96.39906753419103
0.10336377539102742,2.191789359323007,67.7731060007431
0.11025388018604527,3.022352690994582,90.26140529164944
0.12572172007324994,4.925606043769705,63.007974917773254
0.04439948470361051,2.4444718704809802,77.71767108744358
0.07288455136263218,0.48074668704852663,92.46152485070853
0.03126198719448327,0.5938242721749809,84.77218133009963
0.15610180881834362,5.329467763718112,62.50701227514637
0.5023133968792632,1.306696544883764,87.6010217827269
0.2920215834076887,4.185197240044115,68.5039562245355
0.023443433404503937,1.0694914170645777,56.77714178239684
0.022773368184176038,5.204185910568259,68.09480327639137
0.16644278881699992,5.714279409583533,82.84893513909466
0.013177162044691255,2.1552357699981384,72.28264142422395
0.02294606402455608,4.3191788442790475,85.07526510904805
0.08177576846593371,5.521028727531293,70.64885168069324
0.1004902507385498,4.7666602177356605,62.96011332565974
0.40925568182038896,0.8591008620948619,76.31331642882077
0.03078405382132131,4.787580090245668,60.61758706473475
0.046780822989992366,1.466592827542221,60.89607667050695
0.14208592943742215,2.360783813638754,74.88305482366013
0.08036760807833132,5.393372387990586,71.78996315523118
0.11136051601646438,0.34094033068877927,73.75553260999217
0.09046874573964368,0.4248953465012386,89.55092864566224
0.025976962966481647,1.9977585153578366,79.63692364764648
0.127748372435594,1.7151854448959896,93.49365919076288
0.06443389204830949,4.323638438463309,68.418756277169
0.07841733239143443,2.8204944033928143,74.42924898003056
0.15987848142125222,7.143702718016174,95.31220219003883
0.1474786579314543,5.618588221986126,52.20103953629766
0.06610057702086837,2.7599807139367485,70.21701617429183
0.051520405707783455,4.473070983377146,76.90926519264792
0.09037524621941385,0.6737399349358154,96.39906753419103
0.12508018751797884,2.673082115924148,62.65313692836588
0.11025388018604527,3.022352690994582,90.26140529164944
0.12484059644747744,4.897541296173088,63.44563972836718
0.04439948470361051,2.4444718704809802,77.71767108744358
0.07288455136263218,0.48074668704852663,92.46152485070853
0.03126198719448327,0.5938242721749809,84.77218133009963
0.15610180881834362,5.329467763718112,62.50701227514637
0.5023133968792632,1.306696544883764,87.6010217827269
0.35552062723581346,3.914633180916965,70.42521692963687
0.026390095246196385,0.7578571983212352,52.326697942601285
0.022773368184176038,5.204185910568259,68.09480327639137
0.26244405538523563,6.647620720704138,81.35949001605447
0.019506184650610436,2.3704493769176906,73.27618811699159
0.02294606402455608,4.3191788442790475,85.07526510904805
0.08177576846593371,5.521028727531293,70.64885168069324
0.1004902507385498,4.7666602177356605,62.96011332565974
0.40925568182038896,0.8591008620948619,76.31331642882077
0.025326982404355054,5.004278112254976,59.053561423674914
0.046780822989992366,1.466592827542221,60.89607667050695
0.1545389775157819,2.0703375974982707,74.60444444188614
0.07283203825313636,5.851832569596178,73.32982493185158
0.1260354195063039,0.28196822166158386,62.660450224157785
0.09046874573964368,0.4248953465012386,89.55092864566224
0.025976962966481647,1.9977585153578366,79.63692364764648
0.12170957780856441,2.282908515828317,87.58569650493982
0.09437632785269336,3.5087217754353803,65.57214073557519
0.07730221645959841,2.940363321214279,73.94993945342752
0.15987848142125222,7.143702718016174,95.31220219003883
0.15110328202972478,5.745912159159789,51.39859811294066
0.06610057702086837,2.7599807139367485,70.21701617429183
0.051520405707783455,4.473070983377146,76.90926519264792
0.09037524621941385,0.6737399349358154,96.39906753419103
0.12508018751797884,2.673082115924148,62.65313692836588
0.10568346040221327,3.3849457669041363,87.43662191713135
0.09786289066601966,4.524798709531969,64.25565358742624
0.05154932221063933,1.8196833839979618,75.26558652320814
0.08107739807842829,0.7033268787538522,90.38038550874087
0.03126198719448327,0.5938242721749809,84.77218133009963
0.15247086304949145,5.05813749767569,64.00313311901087
0.5023133968792632,1.306696544883764,87.6010217827269
0.4582049560304147,5.116159752382824,62.9588892019693
0.026390095246196385,0.7578571983212352,52.326697942601285
0.022773368184176038,5.204185910568259,68.09480327639137
0.26244405538523563,6.647620720704138,81.35949001605447
0.019506184650610436,2.3704493769176906,73.27618811699159
0.017433270885753527,4.617218208738132,84.1494674309139
0.08177576846593371,5.521028727531293,70.64885168069324
0.09829721165718529,5.350144033373107,52.623935240643824
0.2718709599924022,2.7531787627921918,74.42379935344879
0.025326982404355054,5.004278112254976,59.053561423674914
0.0540985290920582,2.698393159899425,64.38867824799709
0.16299599436080536,2.171628990414466,73.90691993293055
0.06769784525624856,4.987586239975611,70.87937252095098
0.1260354195063039,0.28196822166158386,62.660450224157785
0.09046874573964368,0.4248953465012386,89.55092864566224
0.026192196740459684,2.0320432640276587,80.91241361617388
0.12170957780856441,2.282908515828317,87.58569650493982
0.08708273017309485,3.2210778003925746,67.39448637503126
0.07730221645959841,2.940363321214279,73.94993945342752
0.15987848142125222,7.143702718016174,95.31220219003883
0.10845819183617039,4.406166232756164,57.10927848895221
0.049439941636290896,3.448816471238641,72.31758380463623
0.04538250339659487,3.8782715167491277,77.56470155275916
0.09037524621941385,0.6737399349358154,96.39906753419103
0.12508018751797884,2.673082115924148,62.65313692836588
0.11491993613439802,3.529631989216046,91.82576763377273
0.0846202641057611,5.7697730930536135,51.29993172364418
0.06571645920037561,1.284071933729739,82.51744501744749
0.08107739807842829,0.7033268787538522,90.38038550874087
0.03126198719448327,0.5938242721749809,84.77218133009963
0.17350659469368487,6.341260926102272,56.23120605248714
0.5023133968792632,1.306696544883764,87.6010217827269
0.4136240158967372,5.065695342265082,65.10216639345346
0.023072288725178643,1.535070785220546,62.42362673728343
0.022773368184176038,5.204185910568259,68.09480327639137
0.26244405538523563,6.647620720704138,81.35949001605447
0.019506184650610436,2.3704493769176906,73.27618811699159
0.017433270885753527,4.617218208738132,84.1494674309139
0.09023890728361447,5.20800063184798,68.11194054281296
0.09830903261294198,5.372607535611233,52.3073536552534
0.28024526011873685,2.8950828465142413,75.09928501195965
0.02311456889286302,5.066745768782049,58.398620758290534
0.04733145536944887,2.7664556650155867,66.89207654921877
0.1500725588016644,1.860383215684917,76.69448381173787
0.08046901103164211,6.617789595236909,66.95005450541943
0.1499684331220702,0.6800681732886051,62.8636489151318
0.08801004276835446,0.517438755628858,89.27844560232192
0.023038261809665533,2.9629192293671016,82.07801968117825
0.14321065506006814,2.5121838786017037,89.70243349251385
0.14700639488862235,4.799440904908938,72.04797914187496
0.07730221645959841,2.940363321214279,73.94993945342752
0.15987848142125222,7.143702718016174,95.31220219003883
0.10845819183617039,4.406166232756164,57.10927848895221
0.04725243975796383,3.3700114603781053,72.3876367797724
0.03589209602328685,2.881511520166452,71.12393125157955
0.07936384667415738,0.8331286335338993,92.73194773957373
0.16747345331010866,0.9631590866348301,56.57571000224823
0.11491993613439802,3.529631989216046,91.82576763377273
0.0846202641057611,5.7697730930536135,51.29993172364418
0.06571645920037561,1.284071933729739,82.51744501744749
0.08107739807842829,0.7033268787538522,90.38038550874087
0.03965439116297023,1.4079182785698174,79.50753155704766
0.17350659469368487,6.341260926102272,56.23120605248714
0.43678710808916443,1.5331345926418816,86.84591932859719
0.4136240158967372,5.065695342265082,65.10216639345346
0.02306809337248181,1.1846317264821646,62.82301776654292
0.032147947853357776,4.480502459355225,71.67805415099099
0.26244405538523563,6.647620720704138,81.35949001605447
0.019506184650610436,2.3704493769176906,73.27618811699159
0.012028502455799506,6.212422022408049,86.14691855154061
0.09023890728361447,5.20800063184798,68.11194054281296
0.09830903261294198,5.372607535611233,52.3073536552534
0.23331287951052626,3.230775988035842,72.45713978145307
0.02236169247520755,5.123411216379501,57.93908148519326
0.03075003466551285,3.0153379853751034,68.3158918409856
0.15452684423933447,4.260301513508651,85.151478127546
0.08052484760391937,6.637977052642212,66.89113387016697
0.17489566255140485,0.19178945843494555,61.72364609613109
0.08801004276835446,0.517438755628858,89.27844560232192
0.02302261956516769,3.895368128504313,92.17442158978928
0.14207400825565664,1.827257222074211,94.98911804616142
0.13062084419592648,3.8461058243390718,81.827774734266
0.10515664447637496,1.8335746333173222,82.06732273302129
0.15954473155105756,7.044044448003655,95.30614588665495
0.11498178382566826,4.516604398181017,55.48084043575554
0.018218837289957032,4.470756700964602,63.11351138561406
0.013822052351806773,4.063617613291446,62.692725364927654
0.07936384667415738,0.8331286335338993,92.73194773957373
0.16747345331010866,0.9631590866348301,56.57571000224823
0.11491993613439802,3.529631989216046,91.82576763377273
0.0846202641057611,5.7697730930536135,51.29993172364418
0.06571645920037561,1.284071933729739,82.51744501744749
0.08369118896392976,1.9885163529214807,84.02716824042393
0.20019572302945185,1.4585371094436204,82.47408277880513
0.17350659469368487,6.341260926102272,56.23120605248714
0.43678710808916443,1.5331345926418816,86.84591932859719
0.41178998060179883,5.042471885069902,65.25376684976291
0.02306809337248181,1.1846317264821646,62.82301776654292
0.02827114841997702,4.525038469379989,70.7343937915375
0.26244405538523563,6.647620720704138,81.35949001605447
0.016933155713249604,2.2726966132881925,73.98686883964481
0.012277627485548497,6.192318772457594,86.04960457294385
0.04442654141036856,5.883342551390648,55.96935879096131
0.0987827106087829,5.382269178410361,51.379699531371706
0.241566125468585,3.199459659848818,72.82429915143314
0.02236169247520755,5.123411216379501,57.93908148519326
0.03075003466551285,3.0153379853751034,68.3158918409856
0.1899338688607347,6.252634741987615,82.95468520065128
0.06703537916668764,6.63726196621716,65.818292602063
0.17489566255140485,0.19178945843494555,61.72364609613109
0.08801004276835446,0.517438755628858,89.27844560232192
0.029185913826425283,3.9370046741011953,89.71514153901585
0.13143692503794846,2.509098313285472,90.85401454619985
0.1397676424385139,3.4047804486260844,90.57522219357509
0.10515664447637496,1.8335746333173222,82.06732273302129
0.15954473155105756,7.044044448003655,95.30614588665495
0.11498178382566826,4.516604398181017,55.48084043575554
0.018218837289957032,4.470756700964602,63.11351138561406
0.013822052351806773,4.063617613291446,62.692725364927654
0.07865035879619259,0.8651561552481652,92.37360184585415
0.16747345331010866,0.9631590866348301,56.57571000224823
0.08538935958074549,4.246841740352859,95.06420911371023
0.0846202641057611,5.7697730930536135,51.29993172364418
0.06571645920037561,1.284071933729739,82.51744501744749
0.08369118896392976,1.9885163529214807,84.02716824042393
0.15635358320120105,1.3907408084217927,77.61010564711688
0.17350659469368487,6.341260926102272,56.23120605248714
0.4491499069790047,1.3156602813259481,88.40861637054013
0.41178998060179883,5.042471885069902,65.25376684976291
0.02306809337248181,1.1846317264821646,62.82301776654292
0.02827114841997702,4.525038469379989,70.7343937915375
0.26244405538523563,6.647620720704138,81.35949001605447
0.016933155713249604,2.2726966132881925,73.98686883964481
0.012277627485548497,6.192318772457594,86.04960457294385
0.04442654141036856,5.883342551390648,55.96935879096131
0.0987827106087829,5.382269178410361,51.379699531371706
0.2711914268471036,4.446132454687938,65.91409931426713
0.02236169247520755,5.123411216379501,57.93908148519326
0.03075003466551285,3.0153379853751034,68.3158918409856
0.20648863653982394,6.294650127247991,86.02487979005568
0.06703537916668764,6.63726196621716,65.818292602063
0.17489566255140485,0.19178945843494555,61.72364609613109
0.08950934951335886,1.359206069789173,82.71205127532463
0.029185913826425283,3.9370046741011953,89.71514153901585
0.11891983182820774,2.572032515926705,88.05214250873576
0.1746570715578578,4.095951452531136,97.66852204274052
0.10515664447637496,1.8335746333173222,82.06732273302129
0.1333755288282968,6.892693730482718,93.66126865703032
0.11498178382566826,4.516604398181017,55.48084043575554
0.018218837289957032,4.470756700964602,63.11351138561406
0.013822052351806773,4.063617613291446,62.692725364927654
0.07865035879619259,0.8651561552481652,92.37360184585415
0.16795252239520467,0.9472846472360419,56.265138200130636
0.08538935958074549,4.246841740352859,95.06420911371023
0.0846202641057611,5.7697730930536135,51.29993172364418
0.05319272233444187,1.6897029609249543,72.9738488487976
0.08384730590674483,2.6238990207913133,78.5278540496314
0.15586772049451758,1.4042756972702253,77.5387773227626
0.15730972300983745,5.96390841010797,57.60231015458442
0.2783690490827808,3.222029625125987,87.48643824779924
0.4871532745413259,6.095722448097646,59.661762172922195
0.03283357108846746,3.3329692729701317,59.68939804472209
0.02827114841997702,4.525038469379989,70.7343937915375
0.20740957178282934,4.9161415828714325,84.65751365963744
0.016933155713249604,2.2726966132881925,73.98686883964481
0.012277627485548497,6.192318772457594,86.04960457294385
0.04442654141036856,5.883342551390648,55.96935879096131
0.09653575539262037,5.304095149287603,51.939061119379076
0.2711914268471036,4.446132454687938,65.91409931426713
0.046494135449945684,4.787784596117835,72.153791731804
0.04075061453896624,3.5528576657997215,64.21127033915803
0.20741308766645486,6.232376187193217,85.96253559486767
0.06703537916668764,6.63726196621716,65.818292602063
0.17489566255140485,0.19178945843494555,61.72364609613109
0.08950934951335886,1.359206069789173,82.71205127532463
0.029185913826425283,3.9370046741011953,89.71514153901585
0.14832856262320931,1.103099622568429,81.90203589584955
0.10955695939496357,4.989439030927178,76.82379230298372
0.09838080277121403,0.6187927254842132,79.2834159938475
0.1333755288282968,6.892693730482718,93.66126865703032
0.11498178382566826,4.516604398181017,55.48084043575554
0.018218837289957032,4.470756700964602,63.11351138561406
0.013822052351806773,4.063617613291446,62.692725364927654
0.07865035879619259,0.8651561552481652,92.37360184585415
0.1792484196335771,2.5147309842370205,64.98846151131741
0.08538935958074549,4.246841740352859,95.06420911371023
0.0846202641057611,5.7697730930536135,51.29993172364418
0.04908726818377803,2.3044779124197836,70.08250881990001
0.08559024592217344,3.2137421059711837,73.88429940799008
0.14128649234334884,2.5142313095623794,69.67221398831954
0.15956772099213748,5.876285013912182,54.20043855093714
0.19432372754430766,3.2600036012315585,77.9716780967648
0.5097446651814277,6.233102437887069,59.66038795830908
0.011598688537697549,3.342563773982522,57.285399694695286
0.02827114841997702,4.525038469379989,70.7343937915375
0.2290538474447538,4.774586436765876,84.50310122049237
0.016933155713249604,2.2726966132881925,73.98686883964481
0.012277627485548497,6.192318772457594,86.04960457294385
0.04442654141036856,5.883342551390648,55.96935879096131
0.09653575539262037,5.304095149287603,51.939061119379076
0.2838932719701764,4.459756413910749,63.92133257361347
0.046494135449945684,4.787784596117835,72.153791731804
0.03377634892600841,3.8650161983311615,65.7920331189603
0.18181985154090505,6.825563518414505,93.33837704386235
0.07885203172724639,4.368408915723327,70.89439834602217
0.17489566255140485,0.19178945843494555,61.72364609613109
0.08950934951335886,1.359206069789173,82.71205127532463
0.024104876572444187,3.7928639532972173,89.52269991328168
0.14832856262320931,1.103099622568429,81.90203589584955
0.08552661587430653,5.842744217411842,80.90473799748607
0.09838080277121403,0.6187927254842132,79.2834159938475
0.1310354835814775,6.583985238781576,92.01870756769456
0.11498178382566826,4.516604398181017,55.48084043575554
0.018218837289957032,4.470756700964602,63.11351138561406
0.013822052351806773,4.063617613291446,62.692725364927654
0.07865035879619259,0.8651561552481652,92.37360184585415
0.20278900183239587,2.5429511936045017,63.551577730781915
0.08510668769615824,4.444961985875359,95.91168879011828
0.0846202641057611,5.7697730930536135,51.29993172364418
0.04310034016843427,2.1034924145816514,71.40916152639961
0.08559024592217344,3.2137421059711837,73.88429940799008
0.09946508846626398,2.419087542177646,69.85832299321214
0.1622249334222933,4.890835520203284,55.504642414608895
0.12724257974036532,3.4699972877809153,82.52379319645145
0.4582084763136519,6.232978639396579,64.14391713302346
0.011598688537697549,3.342563773982522,57.285399694695286
0.024695696308672133,4.2714537148761185,67.85022224888526
0.17308150845654136,3.4046518961142636,83.7846977279732
0.016933155713249604,2.2726966132881925,73.98686883964481
0.012277627485548497,6.192318772457594,86.04960457294385
0.04442654141036856,5.883342551390648,55.96935879096131
0.09482489981619525,5.323113065166266,52.07138430599302
0.2838932719701764,4.459756413910749,63.92133257361347
0.015157136154597184,4.315901804755663,67.24813629414862
0.03932425574323788,3.6155768904110337,67.47632578377414
0.16809106237961235,4.47980428226667,88.65037841880118
0.10118630947580894,4.603204331325542,63.294922902764135
0.17489566255140485,0.19178945843494555,61.72364609613109
0.08950934951335886,1.359206069789173,82.71205127532463
0.024104876572444187,3.7928639532972173,89.52269991328168
0.14832856262320931,1.103099622568429,81.90203589584955
0.08552661587430653,5.842744217411842,80.90473799748607
0.09838080277121403,0.6187927254842132,79.2834159938475
0.1310354835814775,6.583985238781576,92.01870756769456
0.11457321797950602,4.516410813716318,55.51306815077201
0.020148438110155483,4.568352162286921,60.507713085257244
0.014007745388152516,4.0746588121307115,62.65193127255786
0.07615956721554515,0.8566503736332612,92.74792963950995
0.18459081358728158,2.733028325571519,63.50838540967749
0.08510668769615824,4.444961985875359,95.91168879011828
0.0846202641057611,5.7697730930536135,51.29993172364418
0.021483971315645445,2.0073143459865346,72.61621163115684
0.09659678628703025,2.4999320782045475,78.67447850809495
0.09946508846626398,2.419087542177646,69.85832299321214
0.15212365374438586,5.0162032764427895,58.84987184767563
0.12903763894808468,3.453519937444457,82.84338051115787
0.4582084763136519,6.232978639396579,64.14391713302346
0.011598688537697549,3.342563773982522,57.285399694695286
0.024695696308672133,4.2714537148761185,67.85022224888526
0.13667231780188754,3.0579783992674066,90.31116230191802
0.016933155713249604,2.2726966132881925,73.98686883964481
0.01086661621452498,7.1117969872746745,95.26266370984712
0.039376992930537674,5.9394734659680894,56.35990744686188
0.09482489981619525,5.323113065166266,52.07138430599302
0.2838932719701764,4.459756413910749,63.92133257361347
0.015157136154597184,4.315901804755663,67.24813629414862
0.03932425574323788,3.6155768904110337,67.47632578377414
0.15626936861359852,4.393895245952721,86.28101584635736
0.09601489393330048,4.520642702831401,63.644471140231715
0.17489566255140485,0.19178945843494555,61.72364609613109
0.06730184795225695,2.9836495043147915,86.25615170954207
0.024104876572444187,3.7928639532972173,89.52269991328168
0.1892058402726865,2.115243507910466,76.48025462566115
0.08552661587430653,5.842744217411842,80.90473799748607
0.07559701372279404,2.313285167865165,72.5161406973297
0.1310354835814775,6.583985238781576,92.01870756769456
0.12378116149874151,4.59005401884906,52.05153936060518
0.029396224177761943,4.1014778591632615,62.72717410397816
0.014007745388152516,4.0746588121307115,62.65193127255786
0.0691738612866719,1.250688343285764,92.31510588929375
0.2073842488526934,2.0175215177553074,59.50570183964177
0.08852547660672047,4.506896060716008,98.03509070581096
0.0846202641057611,5.7697730930536135,51.29993172364418
0.021483971315645445,2.0073143459865346,72.61621163115684
0.10496785718249364,1.0828873834058657,66.1163696137589
0.13337609824220734,2.292905042878059,66.60525990517213
0.1201832810092666,4.778141818777085,59.85895742626499
0.136416862119066,3.28938937976469,82.06298613438715
0.3437015727771023,6.113078692395751,69.2936974192383
0.011598688537697549,3.342563773982522,57.285399694695286
0.024695696308672133,4.2714537148761185,67.85022224888526
0.0920300729873354,3.1595548070474813,78.52335228814846
0.013038253084449237,1.4471062305801632,65.54948672768928
0.01086661621452498,7.1117969872746745,95.26266370984712
0.02617419102627222,5.988995093128788,57.836499553902556
0.09482489981619525,5.323113065166266,52.07138430599302
0.2838932719701764,4.459756413910749,63.92133257361347
0.021186392106372416,4.116128265117496,67.77365269457513
0.03932425574323788,3.6155768904110337,67.47632578377414
0.15626936861359852,4.393895245952721,86.28101584635736
0.10137756114346996,5.1003955347533365,61.31436581378225
0.17489566255140485,0.19178945843494555,61.72364609613109
0.06730184795225695,2.9836495043147915,86.25615170954207
0.024104876572444187,3.7928639532972173,89.52269991328168
0.1892058402726865,2.115243507910466,76.48025462566115
0.12136754681457002,6.768531872614247,88.59631985659887
0.07692134192100444,2.3712625920940402,71.01174464938325
0.1330549240271707,6.654303250795763,94.24654351794527
0.12421611742599666,4.578203577692948,51.99528217662505
0.029817307400292502,4.126037224318031,60.59479740170995
0.015016139057675893,3.0996492725688363,52.18293928573468
0.0628213075676704,1.7539808076771162,87.02894943723679
0.1670130418182454,2.858510825558094,59.33377758582587
0.08852547660672047,4.506896060716008,98.03509070581096
0.07215779225151017,5.9965406562543695,58.728504081475094
0.022154411813057356,2.0392726837902604,72.72347362747452
0.10359941980467163,1.654957550298355,64.22149002667041
0.13337609824220734,2.292905042878059,66.60525990517213
0.15258314916350477,5.243976650150279,56.80671026333449
0.13853578797336152,2.7995302180874364,81.14310044798655
0.3437015727771023,6.113078692395751,69.2936974192383
0.011598688537697549,3.342563773982522,57.285399694695286
0.022359182580176364,2.9822383858422876,75.70563313461909
0.0920300729873354,3.1595548070474813,78.52335228814846
0.013038253084449237,1.4471062305801632,65.54948672768928
0.01086661621452498,7.1117969872746745,95.26266370984712
0.027405664980126372,5.766729822108534,58.7392475766139
0.09482489981619525,5.323113065166266,52.07138430599302
0.2838932719701764,4.459756413910749,63.92133257361347
0.020857371699448627,4.028805903327889,68.25160304481146
0.03932425574323788,3.6155768904110337,67.47632578377414
0.11225897664725808,4.275237184349514,80.4212579046585
0.11739443932755635,5.302499666478781,61.479367511376005
0.15326591279478896,0.730575659294693,62.64028879867588
0.06730184795225695,2.9836495043147915,86.25615170954207
0.024104876572444187,3.7928639532972173,89.52269991328168
0.1815316943604013,2.3302510625394577,77.28848371075162
0.12136754681457002,6.768531872614247,88.59631985659887
0.07669126960557533,2.3333294015452126,71.25514054782843
0.1330549240271707,6.654303250795763,94.24654351794527
0.12421611742599666,4.578203577692948,51.99528217662505
0.023501644396042576,4.117741839340995,60.51210845018676
0.015016139057675893,3.0996492725688363,52.18293928573468
0.0628213075676704,1.7539808076771162,87.02894943723679
0.1670130418182454,2.858510825558094,59.33377758582587
0.08852547660672047,4.506896060716008,98.03509070581096
0.07215779225151017,5.9965406562543695,58.728504081475094
0.022154411813057356,2.0392726837902604,72.72347362747452
0.08686567869147577,0.4288827443708376,66.75451490238156
0.12467416995935604,2.3469376132992568,67.31858178695552
0.08605965525038606,4.207040911410772,54.5707861108259
0.140598214924102,1.3489947058584653,76.21232778143306
0.33291132792914335,6.140802587067332,70.57189159254376
0.011598688537697549,3.342563773982522,57.285399694695286
0.022359182580176364,2.9822383858422876,75.70563313461909
0.09451731876058353,4.474685325153809,84.19139182325156
0.013038253084449237,1.4471062305801632,65.54948672768928
0.01086661621452498,7.1117969872746745,95.26266370984712
0.027405664980126372,5.766729822108534,58.7392475766139
0.09259298803280826,4.955126439702502,54.43254702456997
0.34562443186635067,5.21530525540683,57.46886359916356
0.020857371699448627,4.028805903327889,68.25160304481146
0.04688532930389255,3.8978461724714206,63.80864939741742
0.09422365602769595,4.122752653913691,81.22630928211504
0.1163355397956253,5.4149290098642675,62.95154098201485
0.10700425016580895,1.5835246288693918,60.891641047277936
0.05270627103423121,2.366088172960377,88.98306558655007
0.024104876572444187,3.7928639532972173,89.52269991328168
0.172949197020615,2.5216111457831794,76.25557077309647
0.12340813516090482,6.600522184898525,88.10811545320648
0.06060543096125352,2.872979200471781,68.00618588434526
0.1330549240271707,6.654303250795763,94.24654351794527
0.12409570456242136,4.399891282068355,56.60008536844565
0.023501644396042576,4.117741839340995,60.51210845018676
0.015861798182465414,3.0983076601783957,52.22272412048156
0.06569492208086006,2.0006445263367603,86.7716916172565
0.1810301216955501,2.5776432780909486,54.605962790921396
0.08852547660672047,4.506896060716008,98.03509070581096
0.07215779225151017,5.9965406562543695,58.728504081475094
0.02181168202716573,2.564986797950728,71.54182686786358
0.08686567869147577,0.4288827443708376,66.75451490238156
0.12364168820443766,3.7275652810131104,73.962482643175
0.08605965525038606,4.207040911410772,54.5707861108259
0.11614082826862515,1.3678058709048555,74.16791492071803
0.43874661683860094,6.832801674723859,74.01289590462744
0.011598688537697549,3.342563773982522,57.285399694695286
0.022359182580176364,2.9822383858422876,75.70563313461909
0.09451731876058353,4.474685325153809,84.19139182325156
0.013038253084449237,1.4471062305801632,65.54948672768928
0.01086661621452498,7.1117969872746745,95.26266370984712
0.03358316859556891,5.442078760219799,58.906290978401316
0.08892619560761714,4.884114671540623,53.11687620597126
0.4004885219206453,5.5830072604637015,53.392387267606566
0.033552294551339845,3.6684602044115113,67.16701180465382
0.04688532930389255,3.8978461724714206,63.80864939741742
0.11176783263262141,4.205292961496745,79.15049815779955
0.1163355397956253,5.4149290098642675,62.95154098201485
0.10700425016580895,1.5835246288693918,60.891641047277936
0.04815990049479723,2.6752180207734932,83.80482678640782
0.024104876572444187,3.7928639532972173,89.52269991328168
0.23892698019509978,1.9581066610868876,70.37468954683678
0.12563965556465898,6.616895910644304,89.38664906401478
0.06060543096125352,2.872979200471781,68.00618588434526
0.09800232698384853,4.783542888805989,91.95031870143431
0.10189463298932538,4.228230512463261,55.371476017829124
0.023501644396042576,4.117741839340995,60.51210845018676
0.015861798182465414,3.0983076601783957,52.22272412048156
0.059721636921298456,2.060959622437476,90.51391956345931
0.1810301216955501,2.5776432780909486,54.605962790921396
0.08852547660672047,4.506896060716008,98.03509070581096
0.0715671177095653,6.220140002104045,58.40617630959336
0.02181168202716573,2.564986797950728,71.54182686786358
0.10970293624611893,0.8445004437597685,67.22558763866235
0.12987122792460393,3.4709967029289825,69.59201731680871
0.08605965525038606,4.207040911410772,54.5707861108259
0.11720667934375821,2.135256095837761,76.21243814580816
0.43874661683860094,6.832801674723859,74.01289590462744
0.011598688537697549,3.342563773982522,57.285399694695286
0.034575632071615764,2.7803681947912358,73.56759495633422
0.1125613536679146,4.713306639760545,89.23015808826472
0.013038253084449237,1.4471062305801632,65.54948672768928
0.01086661621452498,7.1117969872746745,95.26266370984712
0.03358316859556891,5.442078760219799,58.906290978401316
0.08892619560761714,4.884114671540623,53.11687620597126
0.4004885219206453,5.5830072604637015,53.392387267606566
0.033552294551339845,3.6684602044115113,67.16701180465382
0.05856380721047286,4.23104700305728,67.4943921377767
0.11616605540254425,4.135718454418439,80.28932166074725
0.11681441473834116,5.29833576312016,65.97391472386538
0.10700425016580895,1.5835246288693918,60.891641047277936
0.04815990049479723,2.6752180207734932,83.80482678640782
0.024104876572444187,3.7928639532972173,89.52269991328168
0.26231354206393603,1.2986545046734896,71.79079105120833
0.11888835186136389,4.793387516413016,79.06337199912784
0.06508399148969335,2.4913094296119365,65.55197007009293
0.11223939359755579,5.179181867163813,95.72419236509646
0.11256480931353074,4.578461801814121,52.10634674772974
0.023227231802144248,4.081694241531256,60.55581776725417
0.026542130841636827,3.317430584188527,57.38830963672828
0.053709474819764715,1.8399672417009665,91.60298986780714
0.1810301216955501,2.5776432780909486,54.605962790921396
0.08852547660672047,4.506896060716008,98.03509070581096
0.06716432626977896,6.284814587071942,61.07948910322307
0.02181168202716573,2.564986797950728,71.54182686786358
0.07193850879225294,2.244951196902682,67.19653886396087
0.13171363693578161,3.3841238157733793,69.94548972541394
0.07774802957814064,4.190459749295336,55.36250064346284
0.11720667934375821,2.135256095837761,76.21243814580816
0.2643259090407725,5.554039703745729,80.53715704451797
0.011598688537697549,3.342563773982522,57.285399694695286
0.03008347361057799,2.896121379239953,73.94680864096037
0.16447693695559512,7.319265773606299,87.9688487949811
0.013038253084449237,1.4471062305801632,65.54948672768928
0.01086661621452498,7.1117969872746745,95.26266370984712
0.022622635074486794,5.6719389100285245,57.67328445189585
0.08892619560761714,4.884114671540623,53.11687620597126
0.4004885219206453,5.5830072604637015,53.392387267606566
0.018745166821224665,3.5847120186429926,64.815058375209
0.06903987094250236,4.080274140837422,67.7152972048076
0.16077479340813705,1.911539993241215,96.15655272937627
0.1104040378356656,5.179178332583972,65.44455796254503
0.10700425016580895,1.5835246288693918,60.891641047277936
0.0554674660907088,2.5859157602830596,87.7900233468206
0.024104876572444187,3.7928639532972173,89.52269991328168
0.26231354206393603,1.2986545046734896,71.79079105120833
0.12116672200299623,6.647865725188838,81.15809698655686
0.062014021238253954,2.3563602862198647,66.42132459058293
0.11723106820593392,5.257698754342259,96.07542629081199
0.11256480931353074,4.578461801814121,52.10634674772974
0.019357549345439033,4.366278667911926,56.61441827318255
0.02412756759793353,3.321491608083778,57.37168143564914
0.053709474819764715,1.8399672417009665,91.60298986780714
0.1418883624128036,3.6206092920676163,63.957996272487534
0.07203811209702968,4.052472393576643,91.23942549150178
0.0651773969102101,6.677997860949786,62.15276675359328
0.017094326775256852,2.672209728190748,68.57498733597153
0.09878413386952167,3.7170223067539707,73.22263694521074
0.11582655063731956,3.5447331952770567,71.52657403722132
0.08064173381900297,4.032577518453761,56.943533754268884
0.11560966994170699,2.1247060487236675,76.04896410401011
0.2808239558396617,5.262371380046459,79.30921853164608
0.023550780627009216,3.2026175155443495,59.44155519593755
0.03008347361057799,2.896121379239953,73.94680864096037
0.16447693695559512,7.319265773606299,87.9688487949811
0.013038253084449237,1.4471062305801632,65.54948672768928
0.01086661621452498,7.1117969872746745,95.26266370984712
0.022622635074486794,5.6719389100285245,57.67328445189585
0.08892619560761714,4.884114671540623,53.11687620597126
0.4004885219206453,5.5830072604637015,53.392387267606566
0.01886401800107909,3.5752621576378276,64.68216230435971
0.06903987094250236,4.080274140837422,67.7152972048076
0.16077479340813705,1.911539993241215,96.15655272937627
0.1760477611046877,6.329353192990684,65.9912750126162
0.10700425016580895,1.5835246288693918,60.891641047277936
0.04694002865860265,1.8312095209318069,86.01492290983575
0.024104876572444187,3.7928639532972173,89.52269991328168
0.2760269536476277,1.0150761929333778,73.26773320059442
0.11083316548650546,6.65342700186671,77.65041666086199
0.06865843766218978,2.587839793157711,57.78472577387737
0.11723106820593392,5.257698754342259,96.07542629081199
0.07109924588310365,3.937549808900936,55.523319956028324
0.013912536855095373,4.361449198895062,55.46192930727628
0.02412756759793353,3.321491608083778,57.37168143564914
0.053709474819764715,1.8399672417009665,91.60298986780714
0.22405436683504062,5.006623344308892,62.94312393390987
0.08089559313850302,4.274984372307463,94.89315684806162
0.0651773969102101,6.677997860949786,62.15276675359328
0.017094326775256852,2.672209728190748,68.57498733597153
0.07168173831063815,4.4126877532699735,67.6893332599397
0.10834265909967439,3.6629081703535333,71.44523437712307
0.08805469119269439,4.002101979106085,50.060964623059206
0.11680758071530008,1.421816335823805,78.4892311274279
0.24696603845786466,5.146334167386209,76.370413954606
0.023550780627009216,3.2026175155443495,59.44155519593755
0.030904812467930608,2.9102799180533414,74.28648341933336
0.16447693695559512,7.319265773606299,87.9688487949811
0.012407224463640204,1.2165910418048087,65.64343259445184
0.01086661621452498,7.1117969872746745,95.26266370984712
0.0226883186148186,5.588670228186169,59.084648502818254
0.08892619560761714,4.884114671540623,53.11687620597126
0.4004885219206453,5.5830072604637015,53.392387267606566
0.017127619275267295,3.658978830348112,67.09382565661282
0.10962455612301249,4.488752545269688,70.16864513669836
0.16077479340813705,1.911539993241215,96.15655272937627
0.1932227092881359,6.642284922865944,57.20646046625164
0.10700425016580895,1.5835246288693918,60.891641047277936
0.11337031278519225,2.932189700459631,82.81190210868934
0.024104876572444187,3.7928639532972173,89.52269991328168
0.2760269536476277,1.0150761929333778,73.26773320059442
0.1562868615059705,7.7283154318193015,88.05634131842015
0.04607800708025914,1.5400610419826304,50.95873781087741
0.11723106820593392,5.257698754342259,96.07542629081199
0.07109924588310365,3.937549808900936,55.523319956028324
0.013912536855095373,4.361449198895062,55.46192930727628
0.02412756759793353,3.321491608083778,57.37168143564914
0.0220718687100242,1.2986891992899885,94.09668129906453
0.22405436683504062,5.006623344308892,62.94312393390987
0.08089559313850302,4.274984372307463,94.89315684806162
0.0651773969102101,6.677997860949786,62.15276675359328
0.017094326775256852,2.672209728190748,68.57498733597153
0.08670373933771397,4.052116679527971,70.32763824174467
0.10724025903371745,3.6513010588129426,70.18426904172316
0.09955617546882306,4.306294607796799,52.14319921997223
0.11417812490288454,3.724349478786662,78.12005264046576
0.24696603845786466,5.146334167386209,76.370413954606
0.04474575689999914,3.8217521348866197,63.7319958544805
0.04469330036085031,0.019173028579305473,59.85255911208475
0.17032076228902168,7.76905645067401,93.90767582320318
0.08382790942587076,2.4131563764229798,68.90968528081711
0.01086661621452498,7.1117969872746745,95.26266370984712
0.0226883186148186,5.588670228186169,59.084648502818254
0.13336207900322483,4.924400727724418,56.34816391073983
0.32289245285431883,5.265423780890236,63.46863205481799
0.03575484294162139,3.6715256345281095,69.21012577165077
0.11155798975140135,4.356318495783944,71.68373936964309
0.16077479340813705,1.911539993241215,96.15655272937627
0.1932227092881359,6.642284922865944,57.20646046625164
0.10698696400409977,1.4320730412100193,60.21101462997949
0.09630547948450408,3.3380536616757355,71.79549917459909
0.024104876572444187,3.7928639532972173,89.52269991328168
0.180772252242401,2.0653904280037105,79.41392736724077
0.1562868615059705,7.7283154318193015,88.05634131842015
0.04609352968052228,1.5134761112512267,50.80991127543639
0.14214779371237918,5.931586310868111,96.88615693696428
0.050385400670372116,4.291142920978336,51.01112173714509
0.013912536855095373,4.361449198895062,55.46192930727628
0.02412756759793353,3.321491608083778,57.37168143564914
0.0220718687100242,1.2986891992899885,94.09668129906453
0.2647116598074774,5.290795823580234,64.91539620730158
0.08089559313850302,4.274984372307463,94.89315684806162
0.0651773969102101,6.677997860949786,62.15276675359328
0.017094326775256852,2.672209728190748,68.57498733597153
0.10827780129106918,4.1740202910947355,71.33037413725819
0.10724025903371745,3.6513010588129426,70.18426904172316
0.10029781465317454,4.019429313734239,52.948417671792065
0.12071991388911357,3.7287558544692248,78.86328679237629
0.21957228854542543,4.41945737671581,73.20803739538485
0.04474575689999914,3.8217521348866197,63.7319958544805
0.04469330036085031,0.019173028579305473,59.85255911208475
0.17032076228902168,7.76905645067401,93.90767582320318
0.08456462770503,2.47243267134978,68.94563951740625
0.01086661621452498,7.1117969872746745,95.26266370984712
0.02489412489514585,5.204606664245072,58.304802198805966
0.13336207900322483,4.924400727724418,56.34816391073983
0.3044566844162873,5.366472935919778,63.374501008030094
0.035365495719450926,3.6040068875738536,69.91826941790671
0.11155798975140135,4.356318495783944,71.68373936964309
0.158065917252361,1.8906992565387186,98.4245258255814
0.1932227092881359,6.642284922865944,57.20646046625164
0.10698696400409977,1.4320730412100193,60.21101462997949
0.12590219102606726,5.241246946797424,78.64411045182416
0.024104876572444187,3.7928639532972173,89.52269991328168
0.180772252242401,2.0653904280037105,79.41392736724077
0.1562868615059705,7.7283154318193015,88.05634131842015
0.04609352968052228,1.5134761112512267,50.80991127543639
0.14214779371237918,5.931586310868111,96.88615693696428
0.04860568913605074,4.374682807338892,50.16172246760013
0.013912536855095373,4.361449198895062,55.46192930727628
0.020170619236251672,3.647187515742553,58.553718698008225
0.0220718687100242,1.2986891992899885,94.09668129906453
0.3218651790299688,6.66018970282556,66.23055444213976
0.08580581879301034,4.85221284148378,99.6458183164721
0.0651773969102101,6.677997860949786,62.15276675359328
0.017094326775256852,2.672209728190748,68.57498733597153
0.1305175777289645,2.8819697370676423,76.06601268588696
0.09221439685111185,4.147916092728644,66.3875143317974
0.08753756330483822,4.088893674331834,52.453142426825494
0.13385232970574615,4.171858375922101,82.91982752910228
0.18552149410656849,4.2687206066170535,72.59992077039985
0.04474575689999914,3.8217521348866197,63.7319958544805
0.04469330036085031,0.019173028579305473,59.85255911208475
0.17032076228902168,7.76905645067401,93.90767582320318
0.086769971746564,2.583246515091606,68.37631126299064
0.01086661621452498,7.1117969872746745,95.26266370984712
0.02489412489514585,5.204606664245072,58.304802198805966
0.11625703662653673,4.593063605012312,58.14694584995549
0.29592399348060927,5.318579115631649,64.17033857190776
0.027139820459118984,6.765273693640657,78.79466289132819
0.08575721623384698,5.210300234439215,68.80218255467204
0.158065917252361,1.8906992565387186,98.4245258255814
0.1932227092881359,6.642284922865944,57.20646046625164
0.10698696400409977,1.4320730412100193,60.21101462997949
0.09434511374234819,5.728212068801916,78.69221576705108
0.024104876572444187,3.7928639532972173,89.52269991328168
0.180772252242401,2.0653904280037105,79.41392736724077
0.1562868615059705,7.7283154318193015,88.05634131842015
0.045437935759821725,0.7667919341402691,50.979067990766865
0.11488841289181156,4.475797834328143,83.94643345435966
0.04860568913605074,4.374682807338892,50.16172246760013
0.013912536855095373,4.361449198895062,55.46192930727628
0.020170619236251672,3.647187515742553,58.553718698008225
0.0220718687100242,1.2986891992899885,94.09668129906453
0.3813291049532527,7.310697619378077,66.18991251110441
0.08324544254317759,5.0788272004347625,94.99222342197412
0.0651773969102101,6.677997860949786,62.15276675359328
0.017094326775256852,2.672209728190748,68.57498733597153
0.1485974408650193,1.7965818987795457,74.40193812051238
0.09158083006376613,4.076676111215353,66.3019439313395
0.0691950585434934,2.3465630752583797,55.62098396392883
0.11055595456324142,4.080325214292427,77.90328485679345
0.23772092292997707,4.336303103659054,76.075369876121
0.04474575689999914,3.8217521348866197,63.7319958544805
0.04469330036085031,0.019173028579305473,59.85255911208475
0.17032076228902168,7.76905645067401,93.90767582320318
0.0653750560629363,1.1300272453841433,62.76255610301744
0.01422673939316424,7.026482364188983,94.07545896019212
0.02489412489514585,5.204606664245072,58.304802198805966
0.11625703662653673,4.593063605012312,58.14694584995549
0.17303822591712964,4.573746018976526,61.667367769799576
0.027139820459118984,6.765273693640657,78.79466289132819
0.08575721623384698,5.210300234439215,68.80218255467204
0.14685966386523253,2.3682018346598763,97.91045196297127
0.1932227092881359,6.642284922865944,57.20646046625164
0.09478341130112843,1.9355389068707956,58.7968439241464
0.09434511374234819,5.728212068801916,78.69221576705108
0.02410830463473533,3.798995790151344,89.38710646963963
0.15032026864855247,2.4790564113189033,75.22138988179476
0.1562868615059705,7.7283154318193015,88.05634131842015
0.045437935759821725,0.7667919341402691,50.979067990766865
0.13040183793547955,4.761907455117136,86.38486083417264
0.040615718694959724,4.17026390151694,52.51978953263596
0.021413966920885083,4.230146020813909,57.473958078612256
0.018217208969426496,3.6006322655438114,58.24848172226564
0.0220718687100242,1.2986891992899885,94.09668129906453
0.3298895828716645,6.2501326935038035,65.27623546362148
0.08324544254317759,5.0788272004347625,94.99222342197412
0.08424609630031733,7.744581328069653,64.19142771204197
0.017094326775256852,2.672209728190748,68.57498733597153
0.14270992107930655,1.8814199181842106,73.67540215057284
0.09158083006376613,4.076676111215353,66.3019439313395
0.0691950585434934,2.3465630752583797,55.62098396392883
0.11055595456324142,4.080325214292427,77.90328485679345
0.2997558258690408,4.494119875951333,72.17021467889111
0.030901392389917834,3.7463970598915695,62.972323763788786
0.044698141939748276,0.37013950592719347,60.21061931530687
0.14495173159708277,6.9852693957786,94.22365423591985
0.0653750560629363,1.1300272453841433,62.76255610301744
0.01422673939316424,7.026482364188983,94.07545896019212
0.02489412489514585,5.204606664245072,58.304802198805966
0.11625703662653673,4.593063605012312,58.14694584995549
0.1785030528493866,4.467132967286286,61.642774769134284
0.050019556585121694,6.974259097540983,80.02872253706487
0.09416121615680609,4.819399449631387,72.80571929252224
0.14685966386523253,2.3682018346598763,97.91045196297127
0.1737200289214206,5.818692910689363,57.600934935021066
0.09784846149134327,0.8235190851016547,55.39930322797652
0.15456393587884948,7.4111737913894,94.86365235027313
0.02410830463473533,3.798995790151344,89.38710646963963
0.14517303630387157,2.4706499741097763,73.9777833237512
0.16012599879171754,7.979980455945198,85.96751118018966
0.045437935759821725,0.7667919341402691,50.979067990766865
0.13040183793547955,4.761907455117136,86.38486083417264
0.040615718694959724,4.17026390151694,52.51978953263596
0.021413966920885083,4.230146020813909,57.473958078612256
0.018217208969426496,3.6006322655438114,58.24848172226564
0.0220718687100242,1.2986891992899885,94.09668129906453
0.35656047712718186,6.493380287191231,65.16144084631445
0.058599417444728255,4.31737771261771,95.2991965966669
0.09002369375229216,7.672314582753298,67.04971450194618
0.017094326775256852,2.672209728190748,68.57498733597153
0.13541424569448324,1.9273484972224884,73.3791732386974
0.09158083006376613,4.076676111215353,66.3019439313395
0.0730459051610156,2.3528522610041196,56.55137485885693
0.09048023223319382,4.8887542945802505,79.25728731037312
0.3027894698114002,4.535027041465712,72.10827373696583
0.02770025909321258,3.6464020741357395,62.179156707387456
0.044698141939748276,0.37013950592719347,60.21061931530687
0.15932339139204693,7.933568569916828,99.09952719113352
0.0653750560629363,1.1300272453841433,62.76255610301744
0.01422673939316424,7.026482364188983,94.07545896019212
0.02489412489514585,5.204606664245072,58.304802198805966
0.1373957689336792,2.111814362893078,50.97312723945674
0.19638635264967738,5.521228685067252,56.77177586558291
0.050019556585121694,6.974259097540983,80.02872253706487
0.08194435212227716,5.584486555708594,78.97499343790705
0.14366659124247724,2.4223612979682576,96.5462736909507
0.1737200289214206,5.818692910689363,57.600934935021066
0.09784846149134327,0.8235190851016547,55.39930322797652
0.15219689170733589,7.345020974130683,94.22799553482514
0.02936895632521138,2.0807778472821647,86.8911669244334
0.01671118222304263,0.7881242393689205,75.50148654679654
0.13924853441628748,7.888353179160404,80.33352202691523
0.045437935759821725,0.7667919341402691,50.979067990766865
0.122320725334752,4.273325130860089,82.98448101667587
0.035128524269371006,3.3128147722587125,50.73544711354432
0.021413966920885083,4.230146020813909,57.473958078612256
0.018217208969426496,3.6006322655438114,58.24848172226564
0.05358471846478903,1.4734768341513889,88.33654342151678
0.489701099796539,6.984673643207973,70.66684446243421
0.058599417444728255,4.31737771261771,95.2991965966669
0.06224674067418985,7.55040674365188,59.55383044539311
0.017094326775256852,2.672209728190748,68.57498733597153
0.13541424569448324,1.9273484972224884,73.3791732386974
0.09158083006376613,4.076676111215353,66.3019439313395
0.0730459051610156,2.3528522610041196,56.55137485885693
0.14945526287359573,6.670033450338073,87.84189172956084
0.3027894698114002,4.535027041465712,72.10827373696583
0.026738445297530986,3.5580560796595164,62.75917154710131
0.044698141939748276,0.37013950592719347,60.21061931530687
0.11887286052048379,5.388029124640671,82.00780894113916
0.07177350229393528,1.2172509318941989,61.7151626009139
0.01422673939316424,7.026482364188983,94.07545896019212
0.02489412489514585,5.204606664245072,58.304802198805966
0.1373957689336792,2.111814362893078,50.97312723945674
0.19638635264967738,5.521228685067252,56.77177586558291
0.050019556585121694,6.974259097540983,80.02872253706487
0.05592813624509463,6.917337315964638,71.56861565871775
0.14366659124247724,2.4223612979682576,96.5462736909507
0.1385060772406329,5.800455317152377,53.412401193869925
0.09784846149134327,0.8235190851016547,55.39930322797652
0.15219689170733589,7.345020974130683,94.22799553482514
0.023640536006419573,0.7233394643394355,88.79479032377334
0.01956564886901381,1.0935090794903521,72.78984155048691
0.13924853441628748,7.888353179160404,80.33352202691523
0.045437935759821725,0.7667919341402691,50.979067990766865
0.122320725334752,4.273325130860089,82.98448101667587
0.04105993519357905,3.3930732387059312,52.37100987714515
0.021413966920885083,4.230146020813909,57.473958078612256
0.018217208969426496,3.6006322655438114,58.24848172226564
0.04743734984988003,1.843206247518468,83.10681679353144
0.431421586567373,7.061806204867171,69.15168609850541
0.058599417444728255,4.31737771261771,95.2991965966669
0.06224674067418985,7.55040674365188,59.55383044539311
0.017094326775256852,2.672209728190748,68.57498733597153
0.11739949166592718,1.6181119252342828,70.76411097276234
0.09158083006376613,4.076676111215353,66.3019439313395
0.0745887409453514,2.3440461443120517,56.21982997447883
0.14945526287359573,6.670033450338073,87.84189172956084
0.39834498751873126,5.935028013613781,84.3190160728114
0.027784905604186724,2.6238096073864337,65.28656359251104
0.044698141939748276,0.37013950592719347,60.21061931530687
0.12246229950793147,5.5661467767620385,81.95258680307568
0.08908111732101534,1.75875724072567,62.676924721093314
0.01422673939316424,7.026482364188983,94.07545896019212
0.02489412489514585,5.204606664245072,58.304802198805966
0.1373957689336792,2.111814362893078,50.97312723945674
0.19638635264967738,5.521228685067252,56.77177586558291
0.06288335797281991,6.8465559904230044,77.9847292892091
0.05266456699726775,5.014644148782424,68.26784750377409
0.11237946420171,4.3929103497055575,82.33122338941
0.19382491447515748,6.090580202484472,51.03024043269336
0.09784846149134327,0.8235190851016547,55.39930322797652
0.14045339805225346,6.792952464242585,93.63909137640087
0.023640536006419573,0.7233394643394355,88.79479032377334
0.01956564886901381,1.0935090794903521,72.78984155048691
0.13032261023220582,7.381348308568946,80.8906657356119
0.045437935759821725,0.7667919341402691,50.979067990766865
0.13319417429717484,3.5476100305870606,78.25093396177076
0.03876057654989103,4.772415823759985,53.10206816723169
0.021465149600493744,3.312861686142121,66.63175849548823
0.021084833331565925,3.764200145324656,57.53009994623716
0.021582776733300196,1.2047749841427615,87.67805411906723
0.431421586567373,7.061806204867171,69.15168609850541
0.08342302666991346,6.8694330800947485,99.9178466483021
0.06224674067418985,7.55040674365188,59.55383044539311
0.017094326775256852,2.672209728190748,68.57498733597153
0.11739949166592718,1.6181119252342828,70.76411097276234
0.09158083006376613,4.076676111215353,66.3019439313395
0.0745887409453514,2.3440461443120517,56.21982997447883
0.14945526287359573,6.670033450338073,87.84189172956084
0.3326503378773591,5.2063678000452756,78.61730002725153
0.02570541634364641,2.2167271088146583,67.59508099498362
0.044698141939748276,0.37013950592719347,60.21061931530687
0.0820206730480135,5.59072011396975,95.72825123991676
0.08143035804230313,1.490496673330994,63.097956111221635
0.01422673939316424,7.026482364188983,94.07545896019212
0.02489412489514585,5.204606664245072,58.304802198805966
0.1373957689336792,2.111814362893078,50.97312723945674
0.1966946580972538,5.4526991471881905,57.46285116422631
0.06288335797281991,6.8465559904230044,77.9847292892091
0.029863982357151153,4.31977422590686,64.56175830164054
0.13847466997450927,4.572617765118785,89.42025385568948
0.14102526039642305,4.592869892994811,62.26437808768729
0.09784846149134327,0.8235190851016547,55.39930322797652
0.14045339805225346,6.792952464242585,93.63909137640087
0.023640536006419573,0.7233394643394355,88.79479032377334
0.01956564886901381,1.0935090794903521,72.78984155048691
0.10215810495166477,6.328715698032285,77.20148296459459
0.045437935759821725,0.7667919341402691,50.979067990766865
0.13353543772860885,3.7001768521171012,78.97434676456383
0.03876057654989103,4.772415823759985,53.10206816723169
0.021465149600493744,3.312861686142121,66.63175849548823
0.021192553391206063,3.6363638950425026,60.108036473942185
0.021582776733300196,1.2047749841427615,87.67805411906723
0.45975671238830557,7.5022417090613605,67.78676286587603
0.08342302666991346,6.8694330800947485,99.9178466483021
0.06224674067418985,7.55040674365188,59.55383044539311
0.01896715167736844,3.280268548556873,66.10899293733013
0.14349354965175298,0.5714470683807127,76.62475094262469
0.08221414093073595,4.917693031431803,67.37662734744639
0.06796746580733971,1.9857907197476987,55.029450264342586
0.1460258940906624,6.716860928586099,90.0504047312414
0.24890488760131013,5.205888566468945,73.0899403668545
0.02570541634364641,2.2167271088146583,67.59508099498362
0.0388430798521483,1.799450807198217,59.64716405673018
0.0820206730480135,5.59072011396975,95.72825123991676
0.11451792507296188,2.017198666264073,63.67026530189443
0.01422673939316424,7.026482364188983,94.07545896019212
0.02489412489514585,5.204606664245072,58.304802198805966
0.1373957689336792,2.111814362893078,50.97312723945674
0.1966946580972538,5.4526991471881905,57.46285116422631
0.022108883208667676,6.870003283674556,67.48677198406605
0.029863982357151153,4.31977422590686,64.56175830164054
0.13506628449773167,3.6047737249176803,89.13582353560199
0.15484269796927336,4.990962715600004,61.06698471145596
0.09784846149134327,0.8235190851016547,55.39930322797652
0.12870799638609426,6.808703642625005,94.93220065913002
0.028408957187489967,0.9995199234216781,89.07333286524413
0.01956564886901381,1.0935090794903521,72.78984155048691
0.07478883288022292,6.582331199352864,82.91601312342448
0.045437935759821725,0.7667919341402691,50.979067990766865
0.13353543772860885,3.7001768521171012,78.97434676456383
0.034248665678078036,7.4790274358910995,54.536585507980234
0.021465149600493744,3.312861686142121,66.63175849548823
0.021192553391206063,3.6363638950425026,60.108036473942185
0.021582776733300196,1.2047749841427615,87.67805411906723
0.45975671238830557,7.5022417090613605,67.78676286587603
0.08342302666991346,6.8694330800947485,99.9178466483021
0.06224674067418985,7.55040674365188,59.55383044539311
0.018879029765132123,3.6022440376736196,65.12531387689175
0.14349354965175298,0.5714470683807127,76.62475094262469
0.07041156830599671,4.836895988194721,67.36380586820614
0.06796746580733971,1.9857907197476987,55.029450264342586
0.1366248392661597,6.45994865954208,88.28291387303345
0.33527406688882544,5.808018531873133,76.08046612661323
0.02570541634364641,2.2167271088146583,67.59508099498362
0.05312971295288326,0.5093395658403637,55.72690157439923
0.07339714963115455,6.4453505041869406,79.95238233759167
0.10432934261453276,2.294326703110991,63.77756154407323
0.01422673939316424,7.026482364188983,94.07545896019212
0.02489412489514585,5.204606664245072,58.304802198805966
0.1373957689336792,2.111814362893078,50.97312723945674
0.1966946580972538,5.4526991471881905,57.46285116422631
0.025893797852253993,6.794863832134856,54.71919084811533
0.02104068358700486,6.126877378416785,68.3698171471493
0.13576772071822651,3.5604320157456266,88.98937844558316
0.1563163816229959,5.101481836057039,58.90977242872415
0.09784846149134327,0.8235190851016547,55.39930322797652
0.12870799638609426,6.808703642625005,94.93220065913002
0.028408957187489967,0.9995199234216781,89.07333286524413
0.01956564886901381,1.0935090794903521,72.78984155048691
0.07478883288022292,6.582331199352864,82.91601312342448
0.045437935759821725,0.7667919341402691,50.979067990766865
0.18101233302061592,3.0427321397721534,88.00705980427315
0.034248665678078036,7.4790274358910995,54.536585507980234
0.022061545285048674,4.009682853503083,64.69827455506847
0.021192553391206063,3.6363638950425026,60.108036473942185
0.021582776733300196,1.2047749841427615,87.67805411906723
0.45975671238830557,7.5022417090613605,67.78676286587603
0.08342302666991346,6.8694330800947485,99.9178466483021
0.06224674067418985,7.55040674365188,59.55383044539311
0.020098182509112213,2.521195770350033,75.29462168351237
0.14349354965175298,0.5714470683807127,76.62475094262469
0.07041156830599671,4.836895988194721,67.36380586820614
0.07569430081114657,1.7131294590755461,54.19050913827326
0.1366248392661597,6.45994865954208,88.28291387303345
0.33527406688882544,5.808018531873133,76.08046612661323
0.025547371753465314,2.2283401423881983,67.72816440467446
0.04999275658428464,0.1971923764643575,55.87435478718222
0.07339714963115455,6.4453505041869406,79.95238233759167
0.1024860413213469,2.2786860149214467,63.33409145257148
0.03750772073128095,6.119196170672172,83.0071063607818
0.02489412489514585,5.204606664245072,58.304802198805966
0.13798500279596754,2.209051630294439,51.314026351929776
0.1966946580972538,5.4526991471881905,57.46285116422631
0.029945165813903774,6.781940986586123,54.998919049764346
0.02104068358700486,6.126877378416785,68.3698171471493
0.10765990895977692,2.2236463230092465,97.15457097278647
0.22291548083163296,7.705111789282357,63.6733472384728
0.09784846149134327,0.8235190851016547,55.39930322797652
0.12870799638609426,6.808703642625005,94.93220065913002
0.028408957187489967,0.9995199234216781,89.07333286524413
0.01956564886901381,1.0935090794903521,72.78984155048691
0.03997470383762522,7.7424140271304545,81.24745243888009
0.045437935759821725,0.7667919341402691,50.979067990766865
0.1508538877017709,2.9449860681618665,85.62450134862785
0.034248665678078036,7.4790274358910995,54.536585507980234
0.022061545285048674,4.009682853503083,64.69827455506847
0.021192553391206063,3.6363638950425026,60.108036473942185
0.021582776733300196,1.2047749841427615,87.67805411906723
0.30987196043806176,5.678669972650853,77.595580012654
0.08342302666991346,6.8694330800947485,99.9178466483021
0.06224674067418985,7.55040674365188,59.55383044539311
0.020098182509112213,2.521195770350033,75.29462168351237
0.09737269387124163,3.4876799054168903,67.29959945349135
0.06773822319577252,3.3966558650694645,56.09176009757695
0.07795014415678819,3.2181399128218993,67.53730289456841
0.16120787840646422,6.133752568996281,90.07238910800382
0.33527406688882544,5.808018531873133,76.08046612661323
0.025547371753465314,2.2283401423881983,67.72816440467446
0.04999275658428464,0.1971923764643575,55.87435478718222
0.07339714963115455,6.4453505041869406,79.95238233759167
0.1024860413213469,2.2786860149214467,63.33409145257148
0.0406916966785427,6.603731700214203,87.47595955821573
0.02489412489514585,5.204606664245072,58.304802198805966
0.13798500279596754,2.209051630294439,51.314026351929776
0.22199205871837538,6.236408262459298,58.54725163215116
0.032072206979911005,7.529910418940616,52.38198329442088
0.02104068358700486,6.126877378416785,68.3698171471493
0.10765990895977692,2.2236463230092465,97.15457097278647
0.2303992899251136,7.913313689603635,63.12120606570503
0.09784846149134327,0.8235190851016547,55.39930322797652
0.12870799638609426,6.808703642625005,94.93220065913002
0.028408957187489967,0.9995199234216781,89.07333286524413
0.029476179370106388,1.567334835866759,69.35454983395374
0.03997470383762522,7.7424140271304545,81.24745243888009
0.045437935759821725,0.7667919341402691,50.979067990766865
0.13188971256936702,2.55313213838179,79.39183870475858
0.044875858467007555,7.347286491801013,64.34404210559683
0.01884613466566794,3.339657887233324,61.72769836363656
0.021192553391206063,3.6363638950425026,60.108036473942185
0.021582776733300196,1.2047749841427615,87.67805411906723
0.18344210028679905,3.8248777208601235,73.87971706697402
0.08342302666991346,6.8694330800947485,99.9178466483021
0.05185533386730187,6.21306212337139,64.20079545379345
0.01947033449656037,2.045204441431726,78.6831424227475
0.10667937889494002,3.65085743343561,67.2440686337852
0.07053609811609207,3.278590124423194,55.94724042653163
0.10430866381702109,2.8448276347355446,68.87626264330721
0.16120787840646422,6.133752568996281,90.07238910800382
0.3651817377297263,6.435898446135635,78.68559968642445
0.025547371753465314,2.2283401423881983,67.72816440467446
0.04999275658428464,0.1971923764643575,55.87435478718222
0.07047956605608514,7.116159624937559,82.88210900163332
0.1255045791442354,0.2667784959732389,56.737857969232934
0.049788385759642964,6.19283973033172,84.09490616331846
0.02489412489514585,5.204606664245072,58.304802198805966
0.13798500279596754,2.209051630294439,51.314026351929776
0.22199205871837538,6.236408262459298,58.54725163215116
0.032072206979911005,7.529910418940616,52.38198329442088
0.02104068358700486,6.126877378416785,68.3698171471493
0.10765990895977692,2.2236463230092465,97.15457097278647
0.1822309915577073,5.977084517796428,65.31971432050268
0.09921111695428597,0.8086948820071075,55.12117600398496
0.1455277085926771,7.697111388741662,99.2675916530349
0.028408957187489967,0.9995199234216781,89.07333286524413
0.029476179370106388,1.567334835866759,69.35454983395374
0.041071402564690065,6.916421672232252,78.4698024703682
0.045437935759821725,0.7667919341402691,50.979067990766865
0.07870197857567807,3.664519794767977,69.50453093562155
0.044875858467007555,7.347286491801013,64.34404210559683
0.01884613466566794,3.339657887233324,61.72769836363656
0.021192553391206063,3.6363638950425026,60.108036473942185
0.021582776733300196,1.2047749841427615,87.67805411906723
0.21998478274739777,4.7758430986566,81.98652284564903
0.08342302666991346,6.8694330800947485,99.9178466483021
0.05185533386730187,6.21306212337139,64.20079545379345
0.01929569208531994,2.407374470683524,73.9392455365503
0.19053266296733043,3.665074019265414,74.24374055192064
0.08349450876254091,1.2239001041732278,51.70685897405365
0.1137390326948796,2.666791588438501,63.95831812887103
0.16120787840646422,6.133752568996281,90.07238910800382
0.3248740771830734,5.690094453857335,74.82511255465928
0.025547371753465314,2.2283401423881983,67.72816440467446
0.04999275658428464,0.1971923764643575,55.87435478718222
0.07897363873523214,6.4987081430438565,78.90996095967446
0.1255045791442354,0.2667784959732389,56.737857969232934
0.04874137833336645,6.02160677328672,83.38800090923613
0.02543201431765206,4.777625698838422,59.60193701175691
0.13798500279596754,2.209051630294439,51.314026351929776
0.16524966197819296,6.157355419921413,50.56694088016692
0.058102025410708254,5.526884505417021,68.83311632216115
0.02104068358700486,6.126877378416785,68.3698171471493
0.1019124981712743,2.155615802316596,96.52181946499705
0.1822309915577073,5.977084517796428,65.31971432050268
0.09921111695428597,0.8086948820071075,55.12117600398496
0.1455277085926771,7.697111388741662,99.2675916530349
0.034125420323754166,0.9563800858676367,87.1695956368139
0.01714360027566092,0.9159349389759175,66.17574679136939
0.04216047058072772,7.065359357687724,79.78368946372723
0.045437935759821725,0.7667919341402691,50.979067990766865
0.06792554528879247,4.44685949358284,72.44409407626891
0.04793723974379679,7.504035398765064,63.82697300923731
0.01884613466566794,3.339657887233324,61.72769836363656
0.01891137444737161,4.619211995022921,54.00351966315196
0.021582776733300196,1.2047749841427615,87.67805411906723
0.1678060070545307,5.155433913072345,82.4135606621922
0.08342302666991346,6.8694330800947485,99.9178466483021
0.04096368768487179,7.247002179032586,62.04907739215989
0.01929569208531994,2.407374470683524,73.9392455365503
0.19847215536566962,3.4749363831536297,74.89106353634563
0.08349450876254091,1.2239001041732278,51.70685897405365
0.13564452292028226,1.3857503587280666,59.583864498977746
0.22308812237815476,6.13678779040425,99.65352147981615
0.31425844846558737,5.503060839139554,73.91921414731088
0.023764261920277266,2.52834084918166,66.9900208928318
0.04999275658428464,0.1971923764643575,55.87435478718222
0.07897363873523214,6.4987081430438565,78.90996095967446
0.1255045791442354,0.2667784959732389,56.737857969232934
0.04874137833336645,6.02160677328672,83.38800090923613
0.02543201431765206,4.777625698838422,59.60193701175691
0.1423560662223286,2.330167702668339,53.22138502003491
0.16524966197819296,6.157355419921413,50.56694088016692
0.03811811136187809,5.594548746947502,66.3592732731711
0.02104068358700486,6.126877378416785,68.3698171471493
0.10879801693049962,1.8174980511495864,98.91871313018507
0.2729018967116981,6.566820262384627,55.44505720990533
0.09921111695428597,0.8086948820071075,55.12117600398496
0.11446915375860175,6.544044099550055,91.38297401072055
0.034125420323754166,0.9563800858676367,87.1695956368139
0.01714360027566092,0.9159349389759175,66.17574679136939
0.042911136286116064,6.946671606579062,80.96861030035008
0.045437935759821725,0.7667919341402691,50.979067990766865
0.07293219097959058,5.266190439568559,77.22307159343886
0.04793723974379679,7.504035398765064,63.82697300923731
0.01884613466566794,3.339657887233324,61.72769836363656
0.018935696991081375,5.096252382084341,51.12380932141732
0.021582776733300196,1.2047749841427615,87.67805411906723
0.1678060070545307,5.155433913072345,82.4135606621922
0.08342302666991346,6.8694330800947485,99.9178466483021
0.04096368768487179,7.247002179032586,62.04907739215989
0.01929569208531994,2.407374470683524,73.9392455365503
0.1838140457388842,3.568347189657467,73.18594782921984
0.08349450876254091,1.2239001041732278,51.70685897405365
0.10386166668863298,1.1676702024857197,56.552101310369515
0.22308812237815476,6.13678779040425,99.65352147981615
0.31425844846558737,5.503060839139554,73.91921414731088
0.02685840567053768,3.2914430580128857,69.1418474122082
0.15451395221051945,2.2957459632214174,63.011377613720924
0.07717820449644057,6.349111781718106,70.43277762486527
0.1255045791442354,0.2667784959732389,56.737857969232934
0.054563651658667126,5.104292456446279,99.36202852219483
0.02543201431765206,4.777625698838422,59.60193701175691
0.1423560662223286,2.330167702668339,53.22138502003491
0.16524966197819296,6.157355419921413,50.56694088016692
0.03811811136187809,5.594548746947502,66.3592732731711
0.02270210161076323,6.189154137164318,69.32690122356543
0.10879801693049962,1.8174980511495864,98.91871313018507
0.249741822440794,6.432713986172959,55.05098736064796
0.09923108810300993,0.8082832704565538,55.12240395166769
0.11446915375860175,6.544044099550055,91.38297401072055
0.034125420323754166,0.9563800858676367,87.1695956368139
0.01714360027566092,0.9159349389759175,66.17574679136939
0.042911136286116064,6.946671606579062,80.96861030035008
0.044527721451572355,2.085087206677466,53.23108459351542
0.07293219097959058,5.266190439568559,77.22307159343886
0.04793723974379679,7.504035398765064,63.82697300923731
0.022305475390420965,3.226443484475328,61.19148228270855
0.025610692063947543,5.097758712078643,60.16137205812906
0.022576265976889276,1.2192492810956144,87.58930580436707
0.1678060070545307,5.155433913072345,82.4135606621922
0.08342302666991346,6.8694330800947485,99.9178466483021
0.04096368768487179,7.247002179032586,62.04907739215989
0.01929569208531994,2.407374470683524,73.9392455365503
0.2023606365505462,4.374141675184916,68.08427888144041
0.0920291791938643,1.4241159324499002,67.63103885455412
0.10386166668863298,1.1676702024857197,56.552101310369515
0.2134608430520712,6.140211296373597,91.48300277431737
0.2681370982342918,5.705578759230338,66.69119491810939
0.02685840567053768,3.2914430580128857,69.1418474122082
0.11753403687000177,1.924302677651996,63.863221571659345
0.10681048027624052,5.832374913056732,61.32196903471781
0.1255045791442354,0.2667784959732389,56.737857969232934
0.054563651658667126,5.104292456446279,99.36202852219483
0.02543201431765206,4.777625698838422,59.60193701175691
0.13353337287073846,0.8552528842022733,54.24434999743396
0.16524966197819296,6.157355419921413,50.56694088016692
0.040228392071221745,5.6539322331893995,67.92241514299096
0.025220581540679465,6.061274340866939,70.19252166676424
0.10879801693049962,1.8174980511495864,98.91871313018507
0.249741822440794,6.432713986172959,55.05098736064796
0.09923108810300993,0.8082832704565538,55.12240395166769
0.09706469478840979,6.641971825525015,88.84997530142158
0.0334032110130478,1.095083009748846,85.58230944853304
0.01714360027566092,0.9159349389759175,66.17574679136939
0.042666227514189824,6.767312103980043,79.91670342103394
0.03598220681029851,1.8722541630886869,51.208187574029964
0.06897543630496136,4.848672739003334,78.05981095497756
0.04793723974379679,7.504035398765064,63.82697300923731
0.02004706195172169,1.030221538339176,54.21812788001889
0.025610692063947543,5.097758712078643,60.16137205812906
0.02208878813976814,0.5961702096582657,91.99557883119832
0.1678060070545307,5.155433913072345,82.4135606621922
0.08342302666991346,6.8694330800947485,99.9178466483021
0.0398020692383062,6.572439218520876,63.808581434710476
0.017993934060694963,3.2515093071026637,65.52386120911987
0.2199975871697162,3.526671267259476,76.40937486363896
0.0920291791938643,1.4241159324499002,67.63103885455412
0.10386166668863298,1.1676702024857197,56.552101310369515
0.2134608430520712,6.140211296373597,91.48300277431737
0.28430974357655037,6.041417897280861,65.02794908450247
0.02685840567053768,3.2914430580128857,69.1418474122082
0.08349251066409741,0.42820404330868644,54.06179543195145
0.10833272624354506,6.286357577956488,60.672232178864206
0.1255045791442354,0.2667784959732389,56.737857969232934
0.054563651658667126,5.104292456446279,99.36202852219483
0.02543201431765206,4.777625698838422,59.60193701175691
0.16093688684613483,0.8927761126232188,53.54288757389786
0.16524966197819296,6.157355419921413,50.56694088016692
0.040228392071221745,5.6539322331893995,67.92241514299096
0.04425334456814254,4.221402318380882,64.92390786752254
0.12060880997859305,1.5912572289520102,77.95795273337473
0.249741822440794,6.432713986172959,55.05098736064796
0.09923108810300993,0.8082832704565538,55.12240395166769
0.10395648936674703,6.497149604995746,88.22292377956543
0.040907893691161955,1.4260041968622899,81.32848650190873
0.01714360027566092,0.9159349389759175,66.17574679136939
0.042666227514189824,6.767312103980043,79.91670342103394
0.03598220681029851,1.8722541630886869,51.208187574029964
0.07084995564707543,4.570219127241107,77.21183867078274
0.04793723974379679,7.504035398765064,63.82697300923731
0.020003831248357213,1.0394119696247324,53.4182430641714
0.025610692063947543,5.097758712078643,60.16137205812906
0.02208878813976814,0.5961702096582657,91.99557883119832
0.18463157317787837,4.938710156777436,82.7492735487418
0.08342302666991346,6.8694330800947485,99.9178466483021
0.01817460866449394,6.811855496639365,60.66509646398518
0.017993934060694963,3.2515093071026637,65.52386120911987
0.20874220864798843,3.6340054946254803,77.97096985445577
0.12263742474184625,1.5876016176053995,73.67097834647427
0.10330772305457317,1.1907282463984132,56.54734692627853
0.2134608430520712,6.140211296373597,91.48300277431737
0.35860449743254225,6.344463330514512,53.92507477921436
0.02685840567053768,3.2914430580128857,69.1418474122082
0.08349251066409741,0.42820404330868644,54.06179543195145
0.06633844916588197,3.5156665563962215,75.92433368581294
0.1255045791442354,0.2667784959732389,56.737857969232934
0.054563651658667126,5.104292456446279,99.36202852219483
0.018204516524697276,5.007624447763216,59.85187632708463
0.1330489065343366,1.3529618273199426,55.88035962372163
0.12189170669926519,5.74484929792421,69.68096641697127
0.022601148964964173,6.476253307051169,54.090400985370614
0.052065909098691285,4.749563643535788,71.90360211657422
0.11211543793911732,1.8924294365705883,77.6396890826665
0.30059486936000446,7.626534124816308,55.41239916670074
0.09923108810300993,0.8082832704565538,55.12240395166769
0.10395648936674703,6.497149604995746,88.22292377956543
0.06220899705577771,2.4973850173319136,94.59415349589594
0.016889478869355837,0.2179508609532932,66.37056214955797
0.04008017525900919,6.198683543135938,78.15401018242943
0.03598220681029851,1.8722541630886869,51.208187574029964
0.1121335233896619,2.813367920529544,90.18011684917481
0.04793723974379679,7.504035398765064,63.82697300923731
0.020003831248357213,1.0394119696247324,53.4182430641714
0.025610692063947543,5.097758712078643,60.16137205812906
0.02208878813976814,0.5961702096582657,91.99557883119832
0.16764356151802773,4.4606171993036465,81.09052628336605
0.08342302666991346,6.8694330800947485,99.9178466483021
0.012082635333401634,7.182553192186008,58.644971067798856
0.017993934060694963,3.2515093071026637,65.52386120911987
0.14985865858403818,3.033529854273027,68.84913833386678
0.12830571606995195,1.3987706525682164,73.10604976522339
0.10330772305457317,1.1907282463984132,56.54734692627853
0.21319370076196115,6.137909484354996,91.45059478106398
0.47220785127386217,7.3760518604127965,50.05654813728531
0.02685840567053768,3.2914430580128857,69.1418474122082
0.08349251066409741,0.42820404330868644,54.06179543195145
0.09082252440816323,2.647469218761123,76.84180099262652
0.1255045791442354,0.2667784959732389,56.737857969232934
0.07277361666863962,4.135678704903937,93.46049870380662
0.018204516524697276,5.007624447763216,59.85187632708463
0.1330489065343366,1.3529618273199426,55.88035962372163
0.14124116261457287,6.244380255679268,69.7907348802662
0.022601148964964173,6.476253307051169,54.090400985370614
0.011439570637251761,5.351679934442038,64.27753234725795
0.10212334936163604,2.462172897008121,81.65787954759361
0.30059486936000446,7.626534124816308,55.41239916670074
0.08473878846758615,1.469482244852829,70.57362254436043
0.10395648936674703,6.497149604995746,88.22292377956543
0.06559257864896191,2.5702640082274297,94.01260427523997
0.016889478869355837,0.2179508609532932,66.37056214955797
0.04008017525900919,6.198683543135938,78.15401018242943
0.03598220681029851,1.8722541630886869,51.208187574029964
0.12001588972247913,3.742488139077517,84.6586598619956
0.0407899652214117,6.0756568743357295,65.62910619544712
0.020003831248357213,1.0394119696247324,53.4182430641714
0.025610692063947543,5.097758712078643,60.16137205812906
0.014044494567453637,0.214967557175183,91.4745521955652
0.16764356151802773,4.4606171993036465,81.09052628336605
0.08342302666991346,6.8694330800947485,99.9178466483021
0.012082635333401634,7.182553192186008,58.644971067798856
0.01697390689573725,4.374153484928786,71.66748857088294
0.13397117618165477,1.7586943848307435,57.91374912481301
0.10695335389486009,0.6912112869008995,80.25029682095953
0.10345580770978118,1.1484379830190496,56.22435957091265
0.21319370076196115,6.137909484354996,91.45059478106398
0.47220785127386217,7.3760518604127965,50.05654813728531
0.028730267661708518,1.891122225477372,75.75977825994315
0.08340780519165511,0.3574317309407986,52.93953993439946
0.09082252440816323,2.647469218761123,76.84180099262652
0.08368022917699248,3.134672841040039,61.127545417936766
0.07277361666863962,4.135678704903937,93.46049870380662
0.018204516524697276,5.007624447763216,59.85187632708463
0.18018243709751575,3.11782447538047,55.74871438362531
0.14493639083015875,6.679948853012233,67.20229344165621
0.022601148964964173,6.476253307051169,54.090400985370614
0.011439570637251761,5.351679934442038,64.27753234725795
0.12836205830492758,3.1530424828671504,86.36398369860837
0.17767349606874183,6.952816448504211,66.14281138607964
0.0582889231264989,1.3141044028953983,77.37507912060835
0.10395648936674703,6.497149604995746,88.22292377956543
0.06559257864896191,2.5702640082274297,94.01260427523997
0.016508072962091492,0.21755091158156045,69.7360675736303
0.0640664788364505,6.908043068105126,89.77546211529841
0.03598220681029851,1.8722541630886869,51.208187574029964
0.15255934699687126,2.762173575902899,91.31148450139389
0.04738013647103138,5.9305127892914005,69.80980945074158
0.020003831248357213,1.0394119696247324,53.4182430641714
0.025610692063947543,5.097758712078643,60.16137205812906
0.014044494567453637,0.214967557175183,91.4745521955652
0.10779875972467892,2.8064400850706583,85.1363189100395
0.08342302666991346,6.8694330800947485,99.9178466483021
0.012082635333401634,7.182553192186008,58.644971067798856
0.02073706515723239,3.709469128484842,76.69240457095123
0.0955157528716275,1.7954036250531225,64.30693347939973
0.1440286213624712,0.07423548301250471,95.42187023332897
0.11382581653035859,0.10688701330835926,53.65320442628486
0.22943948811248116,6.73612793637084,95.14558831004288
0.41676852180255397,6.599192188473966,50.46868536822623
0.028114560086333243,1.8597442658330428,75.51232960055142
0.08340780519165511,0.3574317309407986,52.93953993439946
0.09645980426903947,4.388544212133664,95.01426726659633
0.06297451555054903,1.9363040916849865,59.074168426343356
0.06663442851986007,3.822810704434823,90.9932010158691
0.018204516524697276,5.007624447763216,59.85187632708463
0.18018243709751575,3.11782447538047,55.74871438362531
0.14493639083015875,6.679948853012233,67.20229344165621
0.022601148964964173,6.476253307051169,54.090400985370614
0.017046679947456525,4.980079931415156,63.71139551846286
0.11925178237719063,2.776486750289565,80.24622369491493
0.17767349606874183,6.952816448504211,66.14281138607964
0.0582889231264989,1.3141044028953983,77.37507912060835
0.10395648936674703,6.497149604995746,88.22292377956543
0.05984227591376334,2.933775111633014,89.14402878183508
0.016508072962091492,0.21755091158156045,69.7360675736303
0.06266840365515426,6.4704020293745454,89.39849739456706
0.03598220681029851,1.8722541630886869,51.208187574029964
0.20147527990673125,2.2505375870265327,93.40835740238238
0.042130635784299444,7.598286858544938,56.33307912785426
0.020003831248357213,1.0394119696247324,53.4182430641714
0.025610692063947543,5.097758712078643,60.16137205812906
0.02022871006676047,0.38590617576670194,91.0564698773172
0.10779875972467892,2.8064400850706583,85.1363189100395
0.08342302666991346,6.8694330800947485,99.9178466483021
0.012082635333401634,7.182553192186008,58.644971067798856
0.010172465010819403,4.9826249924392245,94.35249384685156
0.0945156693163299,1.8478848314814151,64.15088634993357
0.1440286213624712,0.07423548301250471,95.42187023332897
0.11266096479211622,0.3940856951680223,56.42756075058639
0.183379872736915,5.341656626129623,94.36058161754839
0.39627996092049705,6.516201276844824,51.14746757311488
0.028114560086333243,1.8597442658330428,75.51232960055142
0.10717074220962902,1.1837868275094534,66.12550915792146
0.09645980426903947,4.388544212133664,95.01426726659633
0.06022092001517659,2.118793152031456,59.35219258423571
0.05411169631117742,3.7918863528001188,87.09134193007228
0.018204516524697276,5.007624447763216,59.85187632708463
0.32782299050898883,5.033548307164061,57.896767012062824
0.14493639083015875,6.679948853012233,67.20229344165621
0.019382517113741848,7.583682813674583,54.78367830282842
0.017046679947456525,4.980079931415156,63.71139551846286
0.11925178237719063,2.776486750289565,80.24622369491493
0.17767349606874183,6.952816448504211,66.14281138607964
0.04684155510551799,2.7679821371141857,72.73479204727026
0.0748440294744172,5.59287763109964,88.11206006289103
0.05984227591376334,2.933775111633014,89.14402878183508
0.016508072962091492,0.21755091158156045,69.7360675736303
0.05520998449306982,7.356418212004858,93.2989598660097
0.03598220681029851,1.8722541630886869,51.208187574029964
0.19780816194454953,2.2129806306425173,93.40656306682689
0.042130635784299444,7.598286858544938,56.33307912785426
0.020003831248357213,1.0394119696247324,53.4182430641714
0.025610692063947543,5.097758712078643,60.16137205812906
0.012349660645742805,0.3135989046780242,93.31581747686238
0.12907888094567307,0.9652850920592524,81.833294866192
0.08342302666991346,6.8694330800947485,99.9178466483021
0.011226617060271789,7.562355853902956,57.771298035747364
0.010172465010819403,4.9826249924392245,94.35249384685156
0.0945156693163299,1.8478848314814151,64.15088634993357
0.0834004592799247,2.4165554149264428,80.28154571707404
0.10840818597852359,3.3758829460478825,71.96194273827444
0.1469212788777091,5.924127490461694,84.54510014194366
0.39627996092049705,6.516201276844824,51.14746757311488
0.02338689265315117,2.6826103495735554,80.47663452526399
0.08439736051310685,0.9410798842334338,67.03243838933454
0.09487176520779064,3.9418737591291917,96.45289228488086
0.06022092001517659,2.118793152031456,59.35219258423571
0.030698216608627038,4.221649590355692,87.94394754653153
0.0179868928426114,5.076751618768679,59.50797415518106
0.32782299050898883,5.033548307164061,57.896767012062824
0.14493639083015875,6.679948853012233,67.20229344165621
0.019382517113741848,7.583682813674583,54.78367830282842
0.0168262673110152,4.957417339156929,64.69679700522094
0.10043285559330228,3.0299568341867005,83.79137299987394
0.17767349606874183,6.952816448504211,66.14281138607964
0.04684155510551799,2.7679821371141857,72.73479204727026
0.08980040764825872,5.728645562498782,95.63641938691374
0.061973195181378796,3.0673429192492776,90.09839728677377
0.016508072962091492,0.21755091158156045,69.7360675736303
0.05520998449306982,7.356418212004858,93.2989598660097
0.03598220681029851,1.8722541630886869,51.208187574029964
0.19780816194454953,2.2129806306425173,93.40656306682689
0.042130635784299444,7.598286858544938,56.33307912785426
0.023969191496244685,1.9782013465953394,67.36603015365561
0.025610692063947543,5.097758712078643,60.16137205812906
0.012349660645742805,0.3135989046780242,93.31581747686238
0.12907888094567307,0.9652850920592524,81.833294866192
0.0564432252602274,7.128378350790005,84.16767959957191
0.011226617060271789,7.562355853902956,57.771298035747364
0.010172465010819403,4.9826249924392245,94.35249384685156
0.09566240235432233,0.9040991296326251,56.49372891224752
0.07996339881586621,2.178425583141758,81.01208119062234
0.15100773913873394,3.7965053263714474,71.42718820068556
0.1469212788777091,5.924127490461694,84.54510014194366
0.39627996092049705,6.516201276844824,51.14746757311488
0.02338689265315117,2.6826103495735554,80.47663452526399
0.08439736051310685,0.9410798842334338,67.03243838933454
0.09832124597700176,3.0598063116994845,95.40890884484749
0.06022092001517659,2.118793152031456,59.35219258423571
0.032288533589493594,3.9477853168505757,96.62854477714733
0.0179868928426114,5.076751618768679,59.50797415518106
0.29998402599335794,4.565520009530681,58.94155276984287
0.158466944613805,6.7927275990165406,66.76439953407602
0.019382517113741848,7.583682813674583,54.78367830282842
0.03443347590662775,4.182433009533286,69.24668080738559
0.10043285559330228,3.0299568341867005,83.79137299987394
0.17695462927349082,6.9336950452128505,66.08466676310351
0.035145755184987026,2.2821579971155783,66.52369061461381
0.08980040764825872,5.728645562498782,95.63641938691374
0.0943671303205384,4.864969908794126,87.99808536968722
0.016508072962091492,0.21755091158156045,69.7360675736303
0.057823948373306365,7.796453662898914,95.94703398137405
0.029573637853759473,3.0134536416115174,54.163943429436166
0.23510928497572442,1.7633223189993488,98.92266083223554
0.042130635784299444,7.598286858544938,56.33307912785426
0.02143754827722589,1.444927600988199,66.91104094578063
0.025610692063947543,5.097758712078643,60.16137205812906
0.012349660645742805,0.3135989046780242,93.31581747686238
0.12907888094567307,0.9652850920592524,81.833294866192
0.05649838349117435,7.116169765739215,84.13386887412983
0.012363837792928566,7.409266687106983,58.24909742434298
0.010172465010819403,4.9826249924392245,94.35249384685156
0.09566240235432233,0.9040991296326251,56.49372891224752
0.07996339881586621,2.178425583141758,81.01208119062234
0.21414769994747268,4.807851246969797,77.2941264723526
0.07618287603706436,5.762172644815771,93.92962744310405
0.4012183461008197,6.5063380100165125,50.80871828813831
0.0261932146110275,2.6928249805640876,79.5503324484579
0.10700857801071988,0.6575781061168191,69.78136672203973
0.09832124597700176,3.0598063116994845,95.40890884484749
0.021765504367162847,1.7263645592401473,59.41805478050512
0.027768812857212073,4.159268941062862,96.16340267737532
0.01792008351447375,4.857225266161735,59.97005345125834
0.1694551878599185,3.2335035066734066,59.16510817318714
0.158466944613805,6.7927275990165406,66.76439953407602
0.019382517113741848,7.583682813674583,54.78367830282842
0.040819835719594064,3.519875772866923,75.82306890883284
0.14968634119501636,1.668776600739013,99.34638846926903
0.2453869180035278,7.763839466955059,68.76296773080394
0.035145755184987026,2.2821579971155783,66.52369061461381
0.08100850853701816,5.646275764038236,95.49465829852335
0.0943671303205384,4.864969908794126,87.99808536968722
0.016508072962091492,0.21755091158156045,69.7360675736303
0.057823948373306365,7.796453662898914,95.94703398137405
0.029573637853759473,3.0134536416115174,54.163943429436166
0.23510928497572442,1.7633223189993488,98.92266083223554
0.07719132605915274,6.3293483697863175,56.947714839161854
0.0643088310385398,3.1180506825734726,66.86516242924492
0.025610692063947543,5.097758712078643,60.16137205812906
0.012349660645742805,0.3135989046780242,93.31581747686238
0.12558006844334746,1.305992015383211,82.8276401724757
0.05649838349117435,7.116169765739215,84.13386887412983
0.013599157701125617,7.321142452217107,58.399618645251316
0.010172465010819403,4.9826249924392245,94.35249384685156
0.09566240235432233,0.9040991296326251,56.49372891224752
0.07996339881586621,2.178425583141758,81.01208119062234
0.2571251042801135,5.292526836330548,80.28540508860816
0.046208061334681555,5.408186113473402,94.12164779109362
0.4012183461008197,6.5063380100165125,50.80871828813831
0.023699577217706484,2.807212012677434,83.17876852399601
0.10799057018393744,0.6009931147801941,69.84843245413632
0.17407504116542663,5.479624820976153,97.25323466703693
0.021765504367162847,1.7263645592401473,59.41805478050512
0.027768812857212073,4.159268941062862,96.16340267737532
0.01686263853691874,2.885799800022756,63.72017677663055
0.17030124372278244,2.9594558410796745,58.57998961824749
0.13533990622752967,5.721541544368748,67.24852483052564
0.016158251426111214,7.579677144011934,54.41537224100911
0.040819835719594064,3.519875772866923,75.82306890883284
0.14968634119501636,1.668776600739013,99.34638846926903
0.18832273393119336,6.299785197349278,68.16490137790197
0.03736998912962103,2.474231948549659,63.90956046554972
0.08100850853701816,5.646275764038236,95.49465829852335
0.07421794904869422,3.9862070418331355,80.69174586587243
0.016508072962091492,0.21755091158156045,69.7360675736303
0.057823948373306365,7.796453662898914,95.94703398137405
0.025530771004743838,2.3797351292561983,63.35379614182265
0.24080466980399284,1.9259461964921893,97.27297708507702
0.07719132605915274,6.3293483697863175,56.947714839161854
0.0643088310385398,3.1180506825734726,66.86516242924492
0.032216175467910106,5.163162378038489,64.3744160141456
0.012349660645742805,0.3135989046780242,93.31581747686238
0.10918027153719244,2.876953468553994,86.00307869781318
0.05649838349117435,7.116169765739215,84.13386887412983
0.013599157701125617,7.321142452217107,58.399618645251316
0.010172465010819403,4.9826249924392245,94.35249384685156
0.09566240235432233,0.9040991296326251,56.49372891224752
0.07996339881586621,2.178425583141758,81.01208119062234
0.2127369905552476,4.086093240243523,73.74477610602833
0.046208061334681555,5.408186113473402,94.12164779109362
0.2293409045488783,5.880700521805203,57.12748170899818
0.025697245910640105,3.470963644722939,89.5531836317321
0.10799057018393744,0.6009931147801941,69.84843245413632
0.16255864383740448,5.453933742633275,94.58406388648055
0.021765504367162847,1.7263645592401473,59.41805478050512
0.027768812857212073,4.159268941062862,96.16340267737532
0.011536547214335311,2.8323110064957553,67.72437583591622
0.14720533905880856,2.8437165055739957,59.93744067610731
0.21768915059233057,7.830049255706534,77.43613386483156
0.016158251426111214,7.579677144011934,54.41537224100911
0.0380740380180338,3.6509282368197526,77.48318040386162
0.14968634119501636,1.668776600739013,99.34638846926903
0.17548510823391963,4.761050580738118,78.52550265599508
0.027340744237401373,3.399216443947809,75.1355688619367
0.07921218029258346,5.699830270394876,94.35677719991604
0.07421794904869422,3.9862070418331355,80.69174586587243
0.016508072962091492,0.21755091158156045,69.7360675736303
0.057823948373306365,7.796453662898914,95.94703398137405
0.028580772281016666,2.857822175816253,56.42082912898059
0.24080466980399284,1.9259461964921893,97.27297708507702
0.07382890371514413,5.984099442747624,58.387259967014415
0.07437538977243206,2.945842556288566,63.026118209386254
0.048007169499233164,3.332759093369211,69.44225183900606
0.012349660645742805,0.3135989046780242,93.31581747686238
0.1884378051314881,1.1913254620550284,79.31922138509353
0.05649838349117435,7.116169765739215,84.13386887412983
0.013599157701125617,7.321142452217107,58.399618645251316
0.010172465010819403,4.9826249924392245,94.35249384685156
0.0976403561201568,1.0192769775345276,56.74286507588183
0.07996339881586621,2.178425583141758,81.01208119062234
0.22829217691894146,4.137250578563927,72.43006769663234
0.046208061334681555,5.408186113473402,94.12164779109362
0.2293409045488783,5.880700521805203,57.12748170899818
0.025697245910640105,3.470963644722939,89.5531836317321
0.10799057018393744,0.6009931147801941,69.84843245413632
0.22150355595438065,4.135558487704919,93.81698138239189
0.021765504367162847,1.7263645592401473,59.41805478050512
0.026800831664286873,4.0400807642122345,91.77280005993222
0.021151031720494658,3.3444170883133086,66.14624181422793
0.14312598750551347,2.150185445389497,50.731881466034054
0.15235391375764934,6.338888957174247,73.683031030642
0.018159589620285955,5.881988238840707,59.117649518095746
0.038307839801552265,3.6247349023526936,77.69879741672557
0.14968634119501636,1.668776600739013,99.34638846926903
0.13603977394073785,5.778654770873821,84.36598670224107
0.027340744237401373,3.399216443947809,75.1355688619367
0.07921218029258346,5.699830270394876,94.35677719991604
0.0681060645239014,5.406713714978379,86.37910438198914
0.016508072962091492,0.21755091158156045,69.7360675736303
0.057823948373306365,7.796453662898914,95.94703398137405
0.028580772281016666,2.857822175816253,56.42082912898059
0.2956016902397677,1.384608825544173,98.6813317924841
0.07247141962641318,5.847140861121484,65.0270557288291
0.07419247957998594,3.962754414133421,61.47348124358082
0.032299179058489835,3.572291007888605,68.33745485140473
0.012349660645742805,0.3135989046780242,93.31581747686238
0.15139456771667742,2.489001595219836,81.4925542119462
0.05649838349117435,7.116169765739215,84.13386887412983
0.013599157701125617,7.321142452217107,58.399618645251316
0.010172465010819403,4.9826249924392245,94.35249384685156
0.0976403561201568,1.0192769775345276,56.74286507588183
0.07541717830084191,2.2188215077837303,78.92542330889927
0.2346762738418069,4.286201899382702,74.05657376553816
0.046208061334681555,5.408186113473402,94.12164779109362
0.2293409045488783,5.880700521805203,57.12748170899818
0.04058097519318622,2.021722047596254,84.95204726493021
0.10799057018393744,0.6009931147801941,69.84843245413632
0.22150355595438065,4.135558487704919,93.81698138239189
0.032455187768319786,2.6005648319989705,59.206411469738526
0.026800831664286873,4.0400807642122345,91.77280005993222
0.019210584680136894,3.1054885360792266,57.34469492811724
0.14312598750551347,2.150185445389497,50.731881466034054
0.16449075716018463,6.036259861636189,73.73810269856982
0.018159589620285955,5.881988238840707,59.117649518095746
0.046138958807400376,4.623645491831956,72.98742140404103
0.14968634119501636,1.668776600739013,99.34638846926903
0.18111491533806756,5.739142017254249,94.02047083104944
0.02677567179167066,3.4178735926412602,75.0586166640583
0.07921218029258346,5.699830270394876,94.35677719991604
0.07504986874842189,5.7486628995628966,88.2942839732198
0.01823103515995764,0.499807427499082,68.44674169929526
0.057823948373306365,7.796453662898914,95.94703398137405
0.02803674415267298,2.871245407939111,56.17546875737537
0.2956016902397677,1.384608825544173,98.6813317924841
0.07247141962641318,5.847140861121484,65.0270557288291
0.06927181725846257,4.017227778129471,63.553996829537176
0.026151067415452166,2.8132779236983283,63.750839125682475
0.012349660645742805,0.3135989046780242,93.31581747686238
0.16010438334946592,2.157331044323141,81.24418329288595
0.05366841006700178,6.21042233605222,84.27933370476373
0.013599157701125617,7.321142452217107,58.399618645251316
0.011754942199649981,4.653958662362155,87.87282775031397
0.08859480247620485,1.3255072615466719,59.1094811111389
0.08856193257286976,1.3778600274487545,83.4727387854318
0.24778486915672981,4.2645764472794365,73.24412714627363
0.05483372825033844,5.118225012527589,90.25997135356387
0.1265386999812845,5.881327377216884,58.09628729818522
0.04515933912728162,1.7798154410769775,96.93274870421573
0.10799057018393744,0.6009931147801941,69.84843245413632
0.22206154194362893,4.1486631651450185,93.91506948577891
0.030706105780668957,2.543479641310795,59.11140552339999
0.026800831664286873,4.0400807642122345,91.77280005993222
0.025023552468865104,2.941503927066136,58.16339097841508
0.14312598750551347,2.150185445389497,50.731881466034054
0.16449075716018463,6.036259861636189,73.73810269856982
0.014677231218311961,6.81011158596062,59.111996096921146
0.03981970144752467,3.8969577755457396,80.87765799931131
0.14968634119501636,1.668776600739013,99.34638846926903
0.1252495587034591,6.26672831565401,82.14116085412677
0.02677567179167066,3.4178735926412602,75.0586166640583
0.05931672002730179,4.097115435802235,94.04703157685005
0.07052631951046975,7.211913980838693,89.90843391680635
0.01823103515995764,0.499807427499082,68.44674169929526
0.057823948373306365,7.796453662898914,95.94703398137405
0.02803674415267298,2.871245407939111,56.17546875737537
0.2519545949889404,1.2453763213435138,93.923611357756
0.07611478634717803,5.753728675009007,65.61363298828817
0.05379510232906978,3.932736295581873,60.4459799933785
0.04942014284162129,2.6813731625716346,61.16106084227589
0.012349660645742805,0.3135989046780242,93.31581747686238
0.09483763087603761,2.8053461344277903,72.2344588922199
0.05366841006700178,6.21042233605222,84.27933370476373
0.013599157701125617,7.321142452217107,58.399618645251316
0.011754942199649981,4.653958662362155,87.87282775031397
0.06449301762343562,1.9381805053580763,58.75078970853781
0.10256864953399907,1.0954203947367733,89.36145455619939
0.23425321144628172,4.4895718719902336,74.51625588506086
0.05483372825033844,5.118225012527589,90.25997135356387
0.06429344040956883,6.711333652723605,50.31970161546005
0.04515933912728162,1.7798154410769775,96.93274870421573
0.10799057018393744,0.6009931147801941,69.84843245413632
0.18026862525055223,4.623188727083301,85.84425348756436
0.030680018879064127,2.5450247877358048,59.137975760175394
0.026800831664286873,4.0400807642122345,91.77280005993222
0.025023552468865104,2.941503927066136,58.16339097841508
0.14312598750551347,2.150185445389497,50.731881466034054
0.16449075716018463,6.036259861636189,73.73810269856982
0.014677231218311961,6.81011158596062,59.111996096921146
0.06370390166823589,3.2527206171832135,74.92449683248381
0.14968634119501636,1.668776600739013,99.34638846926903
0.166537607297866,6.853435543432202,80.05604573037296
0.02677567179167066,3.4178735926412602,75.0586166640583
0.05931672002730179,4.097115435802235,94.04703157685005
0.07052631951046975,7.211913980838693,89.90843391680635
0.019565153870091983,0.979381175551244,66.4269882006021
0.057823948373306365,7.796453662898914,95.94703398137405
0.03583351207352177,0.46815576117976043,54.974355222564846
0.2519545949889404,1.2453763213435138,93.923611357756
0.07611478634717803,5.753728675009007,65.61363298828817
0.05379510232906978,3.932736295581873,60.4459799933785
0.04942014284162129,2.6813731625716346,61.16106084227589
0.012349660645742805,0.3135989046780242,93.31581747686238
0.09483763087603761,2.8053461344277903,72.2344588922199
0.016382318796893808,6.677891819616634,83.81843605330789
0.013599157701125617,7.321142452217107,58.399618645251316
0.011754942199649981,4.653958662362155,87.87282775031397
0.06439173993025263,1.8496532659029405,58.227763612792245
0.10256864953399907,1.0954203947367733,89.36145455619939
0.22324371795076003,4.4327037634937865,74.54503546996696
0.05483372825033844,5.118225012527589,90.25997135356387
0.06553491343921775,6.811039898660232,58.20503720988998
0.04515933912728162,1.7798154410769775,96.93274870421573
0.10799057018393744,0.6009931147801941,69.84843245413632
0.2788899795948927,2.2967970148896173,82.19192473860485
0.030518821482683534,2.556323609357733,59.11020214357818
0.026800831664286873,4.0400807642122345,91.77280005993222
0.025023552468865104,2.941503927066136,58.16339097841508
0.14312598750551347,2.150185445389497,50.731881466034054
0.16449075716018463,6.036259861636189,73.73810269856982
0.014677231218311961,6.81011158596062,59.111996096921146
0.06371067679801598,3.2500216449003525,74.94427637919696
0.11437388364689832,2.350196061227835,97.17003732572962
0.166537607297866,6.853435543432202,80.05604573037296
0.02677567179167066,3.4178735926412602,75.0586166640583
0.05931672002730179,4.097115435802235,94.04703157685005
0.031780782793045304,7.745033175094999,98.35121342202842
0.019565153870091983,0.979381175551244,66.4269882006021
0.057823948373306365,7.796453662898914,95.94703398137405
0.03583351207352177,0.46815576117976043,54.974355222564846
0.23879269247267929,0.7316024556837182,99.65626815443935
0.07611478634717803,5.753728675009007,65.61363298828817
0.05932116317449507,4.998648754589696,62.12937945727134
0.042745378226612674,1.5940759916779426,58.12169041565919
0.012349660645742805,0.3135989046780242,93.31581747686238
0.10363350910927904,1.980274200269367,75.01072204201802
0.01399571527295628,7.709836661020774,90.90404712538384
0.016187959160551754,7.295715764642472,58.38991949489369
0.013268433283562663,4.74380852414159,86.71809814862026
0.06439173993025263,1.8496532659029405,58.227763612792245
0.10256864953399907,1.0954203947367733,89.36145455619939
0.13682327284980542,4.523114929632804,79.9911577853949
0.05483372825033844,5.118225012527589,90.25997135356387
0.05056667812165996,6.9580548972718015,58.26111689278907
0.045038393936190545,1.7705094522374347,94.98822223742181
0.10236786963175454,0.35307676037829516,72.9076430738044
0.23743228036804365,2.8069448519374784,78.4038323238511
0.030518821482683534,2.556323609357733,59.11020214357818
0.026800831664286873,4.0400807642122345,91.77280005993222
0.019841539182516674,2.656269359375968,57.40773780367229
0.14312598750551347,2.150185445389497,50.731881466034054
0.1508476796382471,6.106732263904724,72.40614615488738
0.013601454539175826,6.464316928887894,59.62618078053753
0.06846144411599732,2.2501961469156635,66.74761930209475
0.11437388364689832,2.350196061227835,97.17003732572962
0.166537607297866,6.853435543432202,80.05604573037296
0.02677567179167066,3.4178735926412602,75.0586166640583
0.05931672002730179,4.097115435802235,94.04703157685005
0.05010007772447867,6.227938585995043,89.21151311557011
0.019565153870091983,0.979381175551244,66.4269882006021
0.057823948373306365,7.796453662898914,95.94703398137405
0.03583351207352177,0.46815576117976043,54.974355222564846
0.23879269247267929,0.7316024556837182,99.65626815443935
0.07611478634717803,5.753728675009007,65.61363298828817
0.023453119759248936,6.217776727909879,67.00745128712386
0.042745378226612674,1.5940759916779426,58.12169041565919
0.012349660645742805,0.3135989046780242,93.31581747686238
0.15499082141064885,1.5659469737965173,85.79984610432354
0.01399571527295628,7.709836661020774,90.90404712538384
0.016187959160551754,7.295715764642472,58.38991949489369
0.013268433283562663,4.74380852414159,86.71809814862026
0.06439173993025263,1.8496532659029405,58.227763612792245
0.10256864953399907,1.0954203947367733,89.36145455619939
0.1497967598522662,4.428948618999106,78.36628817539588
0.053804971462774215,4.997498168168875,89.56478183662537
0.05056667812165996,6.9580548972718015,58.26111689278907
0.045038393936190545,1.7705094522374347,94.98822223742181
0.0897857396253864,2.941409101095995,69.4118943204516
0.3253050876003776,2.147998468469034,72.79547381155572
0.030518821482683534,2.556323609357733,59.11020214357818
0.03433716426946954,4.329927859631981,91.36609288035618
0.019841539182516674,2.656269359375968,57.40773780367229
0.14312598750551347,2.150185445389497,50.731881466034054
0.12593476758223576,6.559260667569908,78.71068866427522
0.013601454539175826,6.464316928887894,59.62618078053753
0.0638173143858162,2.0899123656519594,68.94655420292874
0.12764041333264495,1.5498048975148784,98.81272825049382
0.166537607297866,6.853435543432202,80.05604573037296
0.021829101443962433,3.1836887761710564,76.00553832258527
0.05931672002730179,4.097115435802235,94.04703157685005
0.05010007772447867,6.227938585995043,89.21151311557011
0.02404670768740456,0.8385504796300842,63.27205453125481
0.057823948373306365,7.796453662898914,95.94703398137405
0.03583351207352177,0.46815576117976043,54.974355222564846
0.23879269247267929,0.7316024556837182,99.65626815443935
0.11374177718640344,7.535098255266273,58.410700437785664
0.038125532115377836,6.282959532975556,68.34550240386403
0.042745378226612674,1.5940759916779426,58.12169041565919
0.012349660645742805,0.3135989046780242,93.31581747686238
0.20733150705422912,1.1494919302473217,97.02288634869095
0.022839431859497425,6.681465843203237,85.16986883548992
0.015462174970715288,7.432818393128732,69.15434215519271
0.013268433283562663,4.74380852414159,86.71809814862026
0.06439173993025263,1.8496532659029405,58.227763612792245
0.09891953838782203,1.7063435872014476,82.89498219470578
0.1274168183822582,5.248370843573323,82.64424875754997
0.08884426488511873,2.610153278864825,88.38598790992117
0.050613314382428436,7.031029320117808,55.1676545685971
0.0398818472239806,0.9302672306630337,95.32812858045983
0.09147672923440653,2.9523962687355523,69.70581975089954
0.3253050876003776,2.147998468469034,72.79547381155572
0.030518821482683534,2.556323609357733,59.11020214357818
0.03819977008180033,3.688122284049329,91.453830023321
0.019841539182516674,2.656269359375968,57.40773780367229
0.14312598750551347,2.150185445389497,50.731881466034054
0.12593476758223576,6.559260667569908,78.71068866427522
0.013601454539175826,6.464316928887894,59.62618078053753
0.0638173143858162,2.0899123656519594,68.94655420292874
0.021488784523922666,2.3311970791923207,98.00713851844559
0.166537607297866,6.853435543432202,80.05604573037296
0.021866036237118167,3.193489790933469,76.35114053522639
0.05931672002730179,4.097115435802235,94.04703157685005
0.05010007772447867,6.227938585995043,89.21151311557011
0.018317914676541987,0.3092724071854085,58.273375434995216
0.055056909069178636,7.341133651134856,95.78692857127346
0.03583351207352177,0.46815576117976043,54.974355222564846
0.23879269247267929,0.7316024556837182,99.65626815443935
0.11374177718640344,7.535098255266273,58.410700437785664
0.038125532115377836,6.282959532975556,68.34550240386403
0.04636038207683926,4.0921398837297644,56.76442839047825
0.012349660645742805,0.3135989046780242,93.31581747686238
0.20733150705422912,1.1494919302473217,97.02288634869095
0.022839431859497425,6.681465843203237,85.16986883548992
0.015462174970715288,7.432818393128732,69.15434215519271
0.013268433283562663,4.74380852414159,86.71809814862026
0.058659794869790914,1.6173766294745875,55.81454815413959
0.14536400079313638,0.816291515778647,87.04564639635305
0.13339071929197496,5.109712780592668,84.78142274666467
0.07875293641087389,2.3877277409949103,81.76094793185675
0.050613314382428436,7.031029320117808,55.1676545685971
0.0398818472239806,0.9302672306630337,95.32812858045983
0.09188568728132993,2.9637954193052356,69.80303484570555
0.3253050876003776,2.147998468469034,72.79547381155572
0.030518821482683534,2.556323609357733,59.11020214357818
0.03301564571410291,2.6028232974982055,90.26685914576537
0.019841539182516674,2.656269359375968,57.40773780367229
0.13050301803427317,2.0802540840708468,51.661157881464455
0.10507730505591345,6.689899371067952,72.19132491668637
0.04460969421540267,4.524102355585725,70.16101660142061
0.08826060327372318,1.4469030699467296,64.63220549168652
0.021488784523922666,2.3311970791923207,98.00713851844559
0.166537607297866,6.853435543432202,80.05604573037296
0.021866036237118167,3.193489790933469,76.35114053522639
0.05931672002730179,4.097115435802235,94.04703157685005
0.04602072341603723,7.458541768484294,95.23808752641152
0.01711718469376114,0.26797741687090815,57.806721635420274
0.055056909069178636,7.341133651134856,95.78692857127346
0.03583351207352177,0.46815576117976043,54.974355222564846
0.2353432177497049,0.7905622453758556,98.98474592060626
0.11374177718640344,7.535098255266273,58.410700437785664
0.038125532115377836,6.282959532975556,68.34550240386403
0.04636038207683926,4.0921398837297644,56.76442839047825
0.012349660645742805,0.3135989046780242,93.31581747686238
0.20733150705422912,1.1494919302473217,97.02288634869095
0.022839431859497425,6.681465843203237,85.16986883548992
0.015201312418653967,7.446053639560019,69.16365216166675
0.013547341162679874,6.08866830570979,84.7152567174506
0.05727941754403128,1.5668668372264754,58.71921332356464
0.14536400079313638,0.816291515778647,87.04564639635305
0.0981838042941311,6.056205013905762,88.99507646577725
0.07875293641087389,2.3877277409949103,81.76094793185675
0.050613314382428436,7.031029320117808,55.1676545685971
0.0398818472239806,0.9302672306630337,95.32812858045983
0.08514889793657077,3.357743112119616,69.74585210346638
0.28288592328387163,2.9545914530465005,76.20417490960207
0.03496831214582627,1.6302326350250445,52.39720780793257
0.04610998377622109,4.05331685009097,88.33498457058143
0.017075576591907685,2.6821604239623635,56.966712405668915
0.13050301803427317,2.0802540840708468,51.661157881464455
0.10507730505591345,6.689899371067952,72.19132491668637
0.043891550025817336,4.544952130339188,68.99466229659072
0.08826060327372318,1.4469030699467296,64.63220549168652
0.021488784523922666,2.3311970791923207,98.00713851844559
0.166537607297866,6.853435543432202,80.05604573037296
0.021866036237118167,3.193489790933469,76.35114053522639
0.05931672002730179,4.097115435802235,94.04703157685005
0.05089087693835026,6.227294290560161,94.80181896395459
0.011458189904169816,0.010965397960470913,56.81360425103536
0.05024800406669491,6.7401965980852285,92.97094784106866
0.03583351207352177,0.46815576117976043,54.974355222564846
0.2353432177497049,0.7905622453758556,98.98474592060626
0.11412417855002,7.53636216420043,58.16715008036578
0.038125532115377836,6.282959532975556,68.34550240386403
0.04636038207683926,4.0921398837297644,56.76442839047825
0.012349660645742805,0.3135989046780242,93.31581747686238
0.20733150705422912,1.1494919302473217,97.02288634869095
0.022839431859497425,6.681465843203237,85.16986883548992
0.015201312418653967,7.446053639560019,69.16365216166675
0.013547341162679874,6.08866830570979,84.7152567174506
0.05343066294096305,1.7436495207629419,60.63546527445078
0.12745102600165564,1.4754982967195756,84.04375041638558
0.13534210318517179,7.450030208265096,95.151272623343
0.07505652092858627,2.7535040066494743,88.42030502348584
0.050613314382428436,7.031029320117808,55.1676545685971
0.0398818472239806,0.9302672306630337,95.32812858045983
0.08514889793657077,3.357743112119616,69.74585210346638
0.21657353942965962,3.9049519973585456,78.49044508335581
0.09919040321413486,1.3611101714665712,67.32896339031679
0.04610998377622109,4.05331685009097,88.33498457058143
0.017075576591907685,2.6821604239623635,56.966712405668915
0.13050301803427317,2.0802540840708468,51.661157881464455
0.10507730505591345,6.689899371067952,72.19132491668637
0.03635017709155908,4.978450959369733,64.29399959588652
0.07672057055423645,3.053864492812848,73.2354060294837
0.021488784523922666,2.3311970791923207,98.00713851844559
0.16939860814701418,6.93328205429831,80.49802154146175
0.021866036237118167,3.193489790933469,76.35114053522639
0.05931672002730179,4.097115435802235,94.04703157685005
0.05089087693835026,6.227294290560161,94.80181896395459
0.011458189904169816,0.010965397960470913,56.81360425103536
0.05024800406669491,6.7401965980852285,92.97094784106866
0.03583351207352177,0.46815576117976043,54.974355222564846
0.2131587586245034,0.8835261491225626,93.82681792613204
0.11412417855002,7.53636216420043,58.16715008036578
0.03737228427535803,6.254548427298926,66.81536369456516
0.043044784701924646,4.2468079951068365,53.10685822024501
0.012349660645742805,0.3135989046780242,93.31581747686238
0.2187933265079396,1.076610458859499,96.9621827574335
0.025519209882336545,6.358564152480881,80.91744365574388
0.015201312418653967,7.446053639560019,69.16365216166675
0.013547341162679874,6.08866830570979,84.7152567174506
0.05343066294096305,1.7436495207629419,60.63546527445078
0.14188670700195138,1.8690107469237929,83.14424992878298
0.13534210318517179,7.450030208265096,95.151272623343
0.08444889397444294,3.1189584212197214,87.68704427649018
0.05155652366265241,5.2608877876784454,56.99820186976301
0.0398818472239806,0.9302672306630337,95.32812858045983
0.09330990879011089,2.8500652259739176,69.98888594201938
0.23273155854993083,4.247502539560815,83.52710721300622
0.09919040321413486,1.3611101714665712,67.32896339031679
0.056256610544741396,4.532493587155599,99.29722492252813
0.017075576591907685,2.6821604239623635,56.966712405668915
0.13050301803427317,2.0802540840708468,51.661157881464455
0.10507730505591345,6.689899371067952,72.19132491668637
0.03635017709155908,4.978450959369733,64.29399959588652
0.07981314678660864,2.6739113383712856,70.65327025000047
0.023029229608463167,2.5638774006545857,97.74765651794976
0.16939860814701418,6.93328205429831,80.49802154146175
0.021866036237118167,3.193489790933469,76.35114053522639
0.052280863479466685,3.53962171841746,89.04669750935177
0.04659398058017036,4.685733105999855,84.20014448161226
0.025011317046090997,1.3788896584073527,69.66642147487367
0.05073558719172398,6.74885241451209,93.08062803098393
0.03458600336605294,0.37773262487840387,54.57302411295131
0.25208560152274384,0.5895142198800454,92.97782379585749
0.11412417855002,7.53636216420043,58.16715008036578
0.03737228427535803,6.254548427298926,66.81536369456516
0.043044784701924646,4.2468079951068365,53.10685822024501
0.012349660645742805,0.3135989046780242,93.31581747686238
0.20956429418016215,1.1717009455050096,95.30398805848768
0.025519209882336545,6.358564152480881,80.91744365574388
0.015201312418653967,7.446053639560019,69.16365216166675
0.0205289161245631,5.7487515667729605,78.46285294386878
0.05343066294096305,1.7436495207629419,60.63546527445078
0.1377592752730995,2.089975814303223,83.59418101393342
0.13534210318517179,7.450030208265096,95.151272623343
0.06831786760800501,3.4699978816023593,88.96285774391929
0.05155652366265241,5.2608877876784454,56.99820186976301
0.0398818472239806,0.9302672306630337,95.32812858045983
0.09330990879011089,2.8500652259739176,69.98888594201938
0.22608122044336026,4.345288694104587,83.08798743923329
0.09919040321413486,1.3611101714665712,67.32896339031679
0.056256610544741396,4.532493587155599,99.29722492252813
0.017075576591907685,2.6821604239623635,56.966712405668915
0.12731670118641183,2.178334752054116,52.08867802836602
0.10507730505591345,6.689899371067952,72.19132491668637
0.03635017709155908,4.978450959369733,64.29399959588652
0.08440738513039682,2.362123794359215,69.78473756077773
0.029898407795743157,4.33141419817974,82.93355756346598
0.2766818681418472,7.100024926986453,69.12208460204491
0.022329156874076758,3.5947330376813325,76.93002054890657
0.07067352788040471,1.602227903528087,94.63374531328404
0.04659398058017036,4.685733105999855,84.20014448161226
0.025011317046090997,1.3788896584073527,69.66642147487367
0.05073558719172398,6.74885241451209,93.08062803098393
0.03458600336605294,0.37773262487840387,54.57302411295131
0.1936498641740665,1.3336411542526019,73.82731933489016
0.14472070628181105,7.564294303519039,54.76596697638632
0.03737228427535803,6.254548427298926,66.81536369456516
0.032963888301115594,4.919264289377922,64.45934746888608
0.012349660645742805,0.3135989046780242,93.31581747686238
0.17194261071983225,1.6585676079149383,91.61205501909348
0.011803513800047447,7.087543110781155,81.82227133737256
0.015201312418653967,7.446053639560019,69.16365216166675
0.0205289161245631,5.7487515667729605,78.46285294386878
0.05343066294096305,1.7436495207629419,60.63546527445078
0.102585046339276,2.2625727537313294,75.83339238224343
0.13534210318517179,7.450030208265096,95.151272623343
0.06559079298161963,3.622613326463095,88.36497788596638
0.05155652366265241,5.2608877876784454,56.99820186976301
0.0398818472239806,0.9302672306630337,95.32812858045983
0.09330990879011089,2.8500652259739176,69.98888594201938
0.37976694828653546,3.832415303113541,98.31147248287422
0.10558268221108337,0.9282649756459092,66.267069698368
0.056256610544741396,4.532493587155599,99.29722492252813
0.017075576591907685,2.6821604239623635,56.966712405668915
0.12504680994611955,2.1860661838280384,54.267987073727
0.10507730505591345,6.689899371067952,72.19132491668637
0.03635017709155908,4.978450959369733,64.29399959588652
0.08440738513039682,2.362123794359215,69.78473756077773
0.027875318095842604,4.553886716531295,84.85054514323485
0.1726398776949531,4.389240236966605,80.63614176591155
0.022329156874076758,3.5947330376813325,76.93002054890657
0.06733510244471001,1.5858993450844345,92.80835080346019
0.03615669180668325,5.269835738870231,81.91188853550452
0.025011317046090997,1.3788896584073527,69.66642147487367
0.05073558719172398,6.74885241451209,93.08062803098393
0.03458600336605294,0.37773262487840387,54.57302411295131
0.1936498641740665,1.3336411542526019,73.82731933489016
0.14472070628181105,7.564294303519039,54.76596697638632
0.03737228427535803,6.254548427298926,66.81536369456516
0.05863241180378082,2.962418201397156,64.33197743333857
0.04084592959034658,1.0452079013123408,90.70761802472084
0.17194261071983225,1.6585676079149383,91.61205501909348
0.011803513800047447,7.087543110781155,81.82227133737256
0.020288090403019893,7.346248370847049,72.5873985890697
0.0205289161245631,5.7487515667729605,78.46285294386878
0.05144958071034304,1.4375358694281961,56.11787833132128
0.10886864495688964,2.909205937494526,80.77873819589075
0.20210286410157335,7.284707880821832,82.85658401344891
0.06559079298161963,3.622613326463095,88.36497788596638
0.05374337870700729,5.134619714706298,57.67859563679082
0.0398818472239806,0.9302672306630337,95.32812858045983
0.09330990879011089,2.8500652259739176,69.98888594201938
0.37976694828653546,3.832415303113541,98.31147248287422
0.087787430840299,0.7397782844307006,64.18730702365629
0.056256610544741396,4.532493587155599,99.29722492252813
0.012804057611101297,3.3836634335855797,50.130923275086786
0.12504680994611955,2.1860661838280384,54.267987073727
0.0922788749521691,6.407610715705736,77.81690745338273
0.017122085633249434,5.03265801212848,63.70985197382453
0.08129672208908162,2.375599770082417,70.97243602059216
0.027376716085182128,4.216779665426974,83.13871672498705
0.11127088325304232,3.0667791688280364,75.30486470434748
0.022329156874076758,3.5947330376813325,76.93002054890657
0.03737574951109118,1.5650873195509882,93.15096720077061
0.019869198602364045,5.263355358473609,81.14080861954024
0.022857823948880716,1.1615364659277265,67.62420251821466
0.05801411003405024,6.825207288879511,89.96947172048263
0.03458600336605294,0.37773262487840387,54.57302411295131
0.1936498641740665,1.3336411542526019,73.82731933489016
0.14334804611432905,7.720397440759951,53.49404676307144
0.03737228427535803,6.254548427298926,66.81536369456516
0.08944763417912718,0.21153844546392886,52.81627278531603
0.04427116687474431,1.8203054448826288,92.61677712623991
0.17194261071983225,1.6585676079149383,91.61205501909348
0.01094171381310639,7.219774323994249,82.15407801172115
0.020288090403019893,7.346248370847049,72.5873985890697
0.0205289161245631,5.7487515667729605,78.46285294386878
0.05144958071034304,1.4375358694281961,56.11787833132128
0.1680595257681081,4.60714132481708,68.29531730334367
0.20210286410157335,7.284707880821832,82.85658401344891
0.0814921979949398,5.287873586799796,84.0581548677949
0.05374337870700729,5.134619714706298,57.67859563679082
0.038794391561744086,0.7097599145709892,95.99986696494766
0.10945084850546599,1.8676931894203586,70.90461362487775
0.43323994447607594,4.289000638376786,98.78083208889159
0.087787430840299,0.7397782844307006,64.18730702365629
0.056256610544741396,4.532493587155599,99.29722492252813
0.016444900941632503,3.4643420007199897,60.37452409013639
0.12504680994611955,2.1860661838280384,54.267987073727
0.06759800368269478,6.338808216956253,72.87164164959025
0.016553518028998807,5.416391401304917,63.321833415663356
0.08830752678984433,2.522690487917392,67.33649098390794
0.027376716085182128,4.216779665426974,83.13871672498705
0.18923337896631084,4.517206239460724,55.16030333994378
0.022329156874076758,3.5947330376813325,76.93002054890657
0.045360974360635964,1.6216470991802305,89.60944121039066
0.019919134275028175,5.511654951584378,80.12116516322304
0.022857823948880716,1.1615364659277265,67.62420251821466
0.05560759020507722,6.991755631305744,91.25117946668553
0.03458600336605294,0.37773262487840387,54.57302411295131
0.1936498641740665,1.3336411542526019,73.82731933489016
0.14334804611432905,7.720397440759951,53.49404676307144
0.03737228427535803,6.254548427298926,66.81536369456516
0.10902847047776114,0.15222156091872657,52.189265172636084
0.025447099220424846,1.4700993995853977,97.4806874272231
0.17194261071983225,1.6585676079149383,91.61205501909348
0.02845071467430659,6.181449090368654,88.77793452854414
0.020288090403019893,7.346248370847049,72.5873985890697
0.0205289161245631,5.7487515667729605,78.46285294386878
0.042050469747176716,1.420294192990523,53.34913971458695
0.12597406780647433,4.801332348343159,64.38677415458568
0.20427661163256902,7.690202104377346,82.2255487485812
0.07945584548469121,5.026889505359779,82.16430348583627
0.05374337870700729,5.134619714706298,57.67859563679082
0.04181677593069112,0.5375873033900124,95.66454737323218
0.10945084850546599,1.8676931894203586,70.90461362487775
0.4322160354673733,4.2940845143546635,98.69815362245723
0.07461448945598566,2.3242983160019177,78.85552326905015
0.056256610544741396,4.532493587155599,99.29722492252813
0.016444900941632503,3.4643420007199897,60.37452409013639
0.12504680994611955,2.1860661838280384,54.267987073727
0.06759800368269478,6.338808216956253,72.87164164959025
0.016553518028998807,5.416391401304917,63.321833415663356
0.07479827787506235,3.3698091827365326,80.80772865381104
0.027376716085182128,4.216779665426974,83.13871672498705
0.24018142780016324,5.544790054128273,51.34356870048168
0.022329156874076758,3.5947330376813325,76.93002054890657
0.01827533681578801,0.7202099623620906,97.67638434176581
0.019840937348700002,5.122829409563695,81.71787909498335
0.022857823948880716,1.1615364659277265,67.62420251821466
0.058944468012768994,6.851135535904337,90.0224733278499
0.03458600336605294,0.37773262487840387,54.57302411295131
0.15008639144576402,2.517173320802332,68.7990000109466
0.10736308337315431,6.681956946293064,55.17454890281949
0.03737228427535803,6.254548427298926,66.81536369456516
0.10902847047776114,0.15222156091872657,52.189265172636084
0.025447099220424846,1.4700993995853977,97.4806874272231
0.18673690788686093,0.9803473427139302,91.65794747812271
0.02506213516319869,7.612287543674815,87.03203237092117
0.020288090403019893,7.346248370847049,72.5873985890697
0.0205289161245631,5.7487515667729605,78.46285294386878
0.042050469747176716,1.420294192990523,53.34913971458695
0.12228675905651509,4.1818142353210614,66.69855607982802
0.2199539939970442,7.9980268858464,82.14462115116906
0.11437737165285523,5.892874676157997,94.2404968659477
0.05374337870700729,5.134619714706298,57.67859563679082
0.04181677593069112,0.5375873033900124,95.66454737323218
0.09677985925633611,1.8077207872431058,74.91330547851108
0.2752259763425947,3.980783961581957,84.22762316339123
0.07676009499212463,2.0978679433558813,79.54918340312969
0.056256610544741396,4.532493587155599,99.29722492252813
0.013573739157645903,2.0822949983089423,51.49255371957998
0.12504680994611955,2.1860661838280384,54.267987073727
0.06941408963155624,6.239911825538303,70.08784937766379
0.016553518028998807,5.416391401304917,63.321833415663356
0.09921537867045292,2.5118503818262115,88.13808537012167
0.02529831085166008,3.5414344349065234,88.93279586749989
0.24018142780016324,5.544790054128273,51.34356870048168
0.02407357715478978,3.044536275163265,81.0401109225797
0.018359344403104133,0.8055207053020963,97.54462761615815
0.019783855094033277,4.838994230193533,82.88344960475175
0.022857823948880716,1.1615364659277265,67.62420251821466
0.05413176218632797,5.572131117578036,83.01842880964712
0.04758759926199489,1.8318260423801314,57.07558450335024
0.15008639144576402,2.517173320802332,68.7990000109466
0.06790904201164698,4.104568279018188,60.98707645465077
0.033701105750089694,6.271791040138682,65.50788436585752
0.10713389263756223,0.16201993415126403,53.72386615471465
0.025447099220424846,1.4700993995853977,97.4806874272231
0.1500954548513539,2.2626149624265417,85.58303044833224
0.02506213516319869,7.612287543674815,87.03203237092117
0.020288090403019893,7.346248370847049,72.5873985890697
0.0205289161245631,5.7487515667729605,78.46285294386878
0.042050469747176716,1.420294192990523,53.34913971458695
0.07402724984898246,2.2961403994837637,59.06631871809226
0.2199539939970442,7.9980268858464,82.14462115116906
0.11877564092520917,6.873659674548461,96.01071592623238
0.05485662171311585,5.273175736433318,56.423176499975
0.040074955206447424,0.6368115534170389,95.85779434079059
0.09007085354328548,0.25026651973866265,67.54486416056751
0.21661661409334348,4.387618079450761,82.90106876268297
0.07726929200158374,2.060924854219719,83.36565045357682
0.056256610544741396,4.532493587155599,99.29722492252813
0.04205012348598479,2.2251248677618216,63.67742370961655
0.12504680994611955,2.1860661838280384,54.267987073727
0.04469241976156288,5.951194091210018,68.10788577440017
0.016553518028998807,5.416391401304917,63.321833415663356
0.0936489545798356,2.4385312519184343,84.78897651592038
0.02529831085166008,3.5414344349065234,88.93279586749989
0.13765840520826206,5.313844254761475,63.459465383976855
0.022305260993242003,5.053997018241198,77.09159153566823
0.018359344403104133,0.8055207053020963,97.54462761615815
0.019783855094033277,4.838994230193533,82.88344960475175
0.022857823948880716,1.1615364659277265,67.62420251821466
0.05938146587699113,5.2036978827419365,82.29360941613668
0.049001455717181994,1.8906680177138033,52.64205213706586
0.09489448458814921,3.8938361888654818,72.91583286553255
0.06628393616957169,4.129368596279708,61.72647979426597
0.022800088356170076,6.589754198416289,62.92924267213885
0.06441899336946978,3.6955654377515392,63.001849281611115
0.025535368226084033,1.4806183828841495,98.49850205062737
0.16045967427740537,1.956346166015272,87.96135123934913
0.0221502958198576,7.921959500868261,87.2468880379832
0.027156824395912466,5.475873709231943,66.51533814910191
0.0205289161245631,5.7487515667729605,78.46285294386878
0.042050469747176716,1.420294192990523,53.34913971458695
0.07398527585281625,2.2958358024481758,59.0112937977502
0.16746744130411242,7.826692638206444,79.63229602918105
0.11877564092520917,6.873659674548461,96.01071592623238
0.05485662171311585,5.273175736433318,56.423176499975
0.040074955206447424,0.6368115534170389,95.85779434079059
0.09007085354328548,0.25026651973866265,67.54486416056751
0.21124353934619872,4.123768273863544,90.0965768102667
0.07724474092545977,2.062706075587456,83.18163842809449
0.056256610544741396,4.532493587155599,99.29722492252813
0.041232104712473946,1.5673226324729992,77.00497032301348
0.1026713605280737,1.7781044096071688,65.21973847025122
0.04469241976156288,5.951194091210018,68.10788577440017
0.016553518028998807,5.416391401304917,63.321833415663356
0.12393302648030094,2.864430162152773,78.69356619854155
0.027600643258651168,2.3779316474674435,98.04136062939408
0.13765840520826206,5.313844254761475,63.459465383976855
0.022305260993242003,5.053997018241198,77.09159153566823
0.01877578413486682,1.3479488817030711,94.29849999130442
0.019783855094033277,4.838994230193533,82.88344960475175
0.022857823948880716,1.1615364659277265,67.62420251821466
0.05938146587699113,5.2036978827419365,82.29360941613668
0.049001455717181994,1.8906680177138033,52.64205213706586
0.12841339908779129,5.060062714668551,60.55259431717039
0.0665561420266964,4.192686227567977,61.5403276804132
0.037924310819264034,5.659757142120462,79.36960820052697
0.04483392249792771,4.6008092906573195,63.36804712204703
0.025535368226084033,1.4806183828841495,98.49850205062737
0.1487016506840882,2.334097599339199,87.30204550834361
0.0221502958198576,7.921959500868261,87.2468880379832
0.027156824395912466,5.475873709231943,66.51533814910191
0.0205289161245631,5.7487515667729605,78.46285294386878
0.042050469747176716,1.420294192990523,53.34913971458695
0.07398527585281625,2.2958358024481758,59.0112937977502
0.16052996497905817,7.1279920055302775,77.63516584631797
0.11400433254054165,6.819029013857221,95.15851178456111
0.06178761191365248,7.358445713898566,58.086917402963046
0.044533459712539664,0.8549388653690029,91.01324301914252
0.07542394337525998,2.105147469705329,81.29865352451097
0.2083473696436312,4.134587343963361,89.9874653774605
0.07724474092545977,2.062706075587456,83.18163842809449
0.056256610544741396,4.532493587155599,99.29722492252813
0.041232104712473946,1.5673226324729992,77.00497032301348
0.10693633835742797,1.7303662590164222,62.206868246424634
0.04232414309694649,6.241735414924508,61.720496853355804
0.016553518028998807,5.416391401304917,63.321833415663356
0.09552863668053321,4.0781526208694014,70.82610145849442
0.027600643258651168,2.3779316474674435,98.04136062939408
0.13765840520826206,5.313844254761475,63.459465383976855
0.022305260993242003,5.053997018241198,77.09159153566823
0.01877578413486682,1.3479488817030711,94.29849999130442
0.017030720263280855,3.6940005608332926,76.60636541181144
0.010273143429483222,0.8836105252682332,61.19924540729716
0.05938146587699113,5.2036978827419365,82.29360941613668
0.044133716075195506,1.8032649819986333,59.35067867699891
0.12824351254124797,5.060528147905174,60.560232217031256
0.06341130142745473,4.819377164422409,55.17293815586221
0.03519751907181854,7.642121140358013,74.56569655526609
0.03581730843768302,5.3137455344489855,64.71560594041952
0.025535368226084033,1.4806183828841495,98.49850205062737
0.15299826918515194,2.23192155117395,86.74453901889996
0.0221502958198576,7.921959500868261,87.2468880379832
0.027156824395912466,5.475873709231943,66.51533814910191
0.021133429570824855,6.559008054809663,81.73788305694961
0.04283573320997894,0.7159819241958347,53.20506624281259
0.07398527585281625,2.2958358024481758,59.0112937977502
0.10437104379326775,4.090935879717172,84.11207116204159
0.11400433254054165,6.819029013857221,95.15851178456111
0.047651563839665664,6.751536836821865,59.722874223663744
0.04977923856933342,1.9565778621514975,81.05393112787402
0.07410300701293472,2.1359374829893016,79.93260202220085
0.1745625984650731,4.360379028151677,85.29027479196088
0.07724474092545977,2.062706075587456,83.18163842809449
0.08150627813409805,7.040817750376542,99.95369209277868
0.041232104712473946,1.5673226324729992,77.00497032301348
0.10693633835742797,1.7303662590164222,62.206868246424634
0.03626366298058651,6.6105509614760285,54.410853879123316
0.016553518028998807,5.416391401304917,63.321833415663356
0.062346469283877916,4.6404267141194575,67.67310995131733
0.027600643258651168,2.3779316474674435,98.04136062939408
0.13765840520826206,5.313844254761475,63.459465383976855
0.02256065470011552,5.32216746089368,75.84649592783323
0.01877578413486682,1.3479488817030711,94.29849999130442
0.020954317829239004,5.325774756545873,85.55207776328533
0.010273143429483222,0.8836105252682332,61.19924540729716
0.05086956669115539,6.700389028877926,81.87046117465393
0.044133716075195506,1.8032649819986333,59.35067867699891
0.18161577556888978,5.259052515633831,64.99525102481635
0.06341130142745473,4.819377164422409,55.17293815586221
0.024544514818274472,4.753445276883979,68.8527004514744
0.03581730843768302,5.3137455344489855,64.71560594041952
0.026200897897278207,1.493680649483253,98.91202246132659
0.18751576388091962,1.3241218342452474,93.23350766909336
0.0221502958198576,7.921959500868261,87.2468880379832
0.02705789371995153,5.448514649740149,66.603856307332
0.021133429570824855,6.559008054809663,81.73788305694961
0.04283573320997894,0.7159819241958347,53.20506624281259
0.09412491170587134,0.9281884972521661,55.784009615601185
0.10437104379326775,4.090935879717172,84.11207116204159
0.11400433254054165,6.819029013857221,95.15851178456111
0.019490057726849946,7.9597300411269725,52.49938511867574
0.0700740773981404,2.35501235998451,65.68274405226785
0.07410300701293472,2.1359374829893016,79.93260202220085
0.27069482540429285,6.489001256666885,90.41716220135305
0.09749651760958093,2.2213886628466986,97.75742631838129
0.08212271535058231,6.74220759256793,97.79594371500414
0.034431090984259595,1.2575895447317684,73.7831841102284
0.10693633835742797,1.7303662590164222,62.206868246424634
0.032817787561074604,6.401779027759868,55.968738178003804
0.016553518028998807,5.416391401304917,63.321833415663356
0.06609905214595,4.576838941178202,68.02968285846516
0.027600643258651168,2.3779316474674435,98.04136062939408
0.1067598445490925,4.25480785843962,73.28772201563409
0.022631669105900653,5.2606260137699685,75.55335832281341
0.01877578413486682,1.3479488817030711,94.29849999130442
0.020954317829239004,5.325774756545873,85.55207776328533
0.010273143429483222,0.8836105252682332,61.19924540729716
0.05086956669115539,6.700389028877926,81.87046117465393
0.044133716075195506,1.8032649819986333,59.35067867699891
0.1319044804651092,4.572669522764082,50.808344777679295
0.12143462379893766,5.2867425154395065,65.03858948352294
0.024544514818274472,4.753445276883979,68.8527004514744
0.03581730843768302,5.3137455344489855,64.71560594041952
0.026200897897278207,1.493680649483253,98.91202246132659
0.15058789911211032,2.211316929324918,91.53047967842166
0.0221502958198576,7.921959500868261,87.2468880379832
0.02705789371995153,5.448514649740149,66.603856307332
0.02646589650461173,6.584361360325938,81.7616577801405
0.04283573320997894,0.7159819241958347,53.20506624281259
0.09412491170587134,0.9281884972521661,55.784009615601185
0.15841211389097268,5.822736837250974,77.68080947063031
0.13510564155708432,6.858681635532231,99.59972984207349
0.019490057726849946,7.9597300411269725,52.49938511867574
0.06164148559277234,1.4981261403973063,60.02475011094967
0.10189278251962962,3.5254861016186325,72.72967698253031
0.2571525604523636,6.379921232391412,88.11458353570607
0.09749651760958093,2.2213886628466986,97.75742631838129
0.08212271535058231,6.74220759256793,97.79594371500414
0.034431090984259595,1.2575895447317684,73.7831841102284
0.10693633835742797,1.7303662590164222,62.206868246424634
0.032817787561074604,6.401779027759868,55.968738178003804
0.016553518028998807,5.416391401304917,63.321833415663356
0.07986540632451933,3.577673917134244,72.61668547135491
0.027600643258651168,2.3779316474674435,98.04136062939408
0.1067598445490925,4.25480785843962,73.28772201563409
0.022631669105900653,5.2606260137699685,75.55335832281341
0.016133996186238515,1.0396157944861133,93.17804651001867
0.020954317829239004,5.325774756545873,85.55207776328533
0.011567734342470605,0.9331963749679358,64.26449974533848
0.05086956669115539,6.700389028877926,81.87046117465393
0.044133716075195506,1.8032649819986333,59.35067867699891
0.1319044804651092,4.572669522764082,50.808344777679295
0.12133355997122552,5.286915749997388,65.04026565789847
0.024544514818274472,4.753445276883979,68.8527004514744
0.03581730843768302,5.3137455344489855,64.71560594041952
0.026200897897278207,1.493680649483253,98.91202246132659
0.1155030910673774,3.1597141750273354,83.33330397066277
0.0221502958198576,7.921959500868261,87.2468880379832
0.023734892720604382,6.321025799163509,65.67065817021837
0.02646589650461173,6.584361360325938,81.7616577801405
0.04283573320997894,0.7159819241958347,53.20506624281259
0.06343588091325728,3.493736675080025,67.56704905343206
0.17996688687128545,5.491166713385256,81.58789161593097
0.13510564155708432,6.858681635532231,99.59972984207349
0.019490057726849946,7.9597300411269725,52.49938511867574
0.06164148559277234,1.4981261403973063,60.02475011094967
0.1596805660349772,1.1819501214187387,65.80988778503973
0.2189106543411183,5.5105437720933566,86.82375452651966
0.09749651760958093,2.2213886628466986,97.75742631838129
0.08212271535058231,6.74220759256793,97.79594371500414
0.04320360028703592,1.2091812887610982,71.13805394788238
0.10693633835742797,1.7303662590164222,62.206868246424634
0.032817787561074604,6.401779027759868,55.968738178003804
0.011469778980391235,5.546672892010565,53.09143933566129
0.016585045109099722,2.368036310692476,66.9454290397226
0.024201949309546528,2.3748785929927934,88.4471876121175
0.08695552740784475,3.9203421829111536,71.04232067341115
0.022631669105900653,5.2606260137699685,75.55335832281341
0.016133996186238515,1.0396157944861133,93.17804651001867
0.020954317829239004,5.325774756545873,85.55207776328533
0.011567734342470605,0.9331963749679358,64.26449974533848
0.05086956669115539,6.700389028877926,81.87046117465393
0.044133716075195506,1.8032649819986333,59.35067867699891
0.1319044804651092,4.572669522764082,50.808344777679295
0.07454089777524309,5.305030215975551,74.60202638047086
0.02145424235123166,4.853540573077598,68.954857138588
0.03338655963404378,5.537907486240131,64.68154897478601
0.03206170276391011,1.2196809140931508,82.8084935469242
0.08454479092689549,2.571319485460596,72.93022404906766
0.0221502958198576,7.921959500868261,87.2468880379832
0.023370897825118343,6.461544801707457,64.54122059140357
0.0290954166456481,6.688706676102594,96.39219275427737
0.04283573320997894,0.7159819241958347,53.20506624281259
0.05438077973322189,3.71123919091842,67.73237011043182
0.1115196248913164,3.1076942817620363,67.42096723605015
0.13510564155708432,6.858681635532231,99.59972984207349
0.019490057726849946,7.9597300411269725,52.49938511867574
0.07735605591890388,0.019776659013714948,50.165351984192604
0.19588888896782836,0.31223026124226605,65.14882413699951
0.1717364302907619,5.4665121685054725,86.52070605832957
0.12285434640940449,3.2267736606495308,92.78564922524855
0.08199084998143129,6.717211749102074,97.39254776924508
0.04746993040330623,0.8896088612603605,63.78185939362027
0.10693633835742797,1.7303662590164222,62.206868246424634
0.032817787561074604,6.401779027759868,55.968738178003804
0.011469778980391235,5.546672892010565,53.09143933566129
0.016585045109099722,2.368036310692476,66.9454290397226
0.0231475922094255,2.254566576246687,86.42908132543539
0.09351231931236544,6.584571820928962,85.30205772769588
0.022631669105900653,5.2606260137699685,75.55335832281341
0.016133996186238515,1.0396157944861133,93.17804651001867
0.020826873919598143,5.049124235748858,85.37147807900914
0.011567734342470605,0.9331963749679358,64.26449974533848
0.05086956669115539,6.700389028877926,81.87046117465393
0.044133716075195506,1.8032649819986333,59.35067867699891
0.1319044804651092,4.572669522764082,50.808344777679295
0.12812564406236046,2.721029381943847,96.11603821475592
0.02145424235123166,4.853540573077598,68.954857138588
0.03338655963404378,5.537907486240131,64.68154897478601
0.030582990514922467,1.1481971534913336,85.68186332280209
0.11865196625908439,0.038694931224126705,58.49865488098155
0.0221502958198576,7.921959500868261,87.2468880379832
0.023370897825118343,6.461544801707457,64.54122059140357
0.0290954166456481,6.688706676102594,96.39219275427737
0.04283573320997894,0.7159819241958347,53.20506624281259
0.05464075976193743,3.6806253500328143,67.43769443232812
0.1398821423597642,3.328673425223382,67.56303833839446
0.13510564155708432,6.858681635532231,99.59972984207349
0.019490057726849946,7.9597300411269725,52.49938511867574
0.07735605591890388,0.019776659013714948,50.165351984192604
0.19588888896782836,0.31223026124226605,65.14882413699951
0.1717364302907619,5.4665121685054725,86.52070605832957
0.09335735270040892,4.315913827192445,93.92028452937406
0.08199084998143129,6.717211749102074,97.39254776924508
0.04509553205754881,1.4385933666233859,63.856676752615876
0.07878806948417143,3.523365316016993,74.56871706072181
0.032817787561074604,6.401779027759868,55.968738178003804
0.011469778980391235,5.546672892010565,53.09143933566129
0.016585045109099722,2.368036310692476,66.9454290397226
0.024425015962637065,0.716321133180454,87.01123190975257
0.09351231931236544,6.584571820928962,85.30205772769588
0.0198929702426196,5.120988233692132,74.9406837301908
0.016133996186238515,1.0396157944861133,93.17804651001867
0.020826873919598143,5.049124235748858,85.37147807900914
0.011567734342470605,0.9331963749679358,64.26449974533848
0.046826559848248656,6.4942486211272765,80.96599971536054
0.04373605056805653,1.7322115548791712,59.04460521642676
0.1319044804651092,4.572669522764082,50.808344777679295
0.08991721984772744,3.6408353280456427,88.66852667084727
0.02145424235123166,4.853540573077598,68.954857138588
0.03338655963404378,5.537907486240131,64.68154897478601
0.02281099080593197,0.9926793017542621,97.37005337372636
0.11865196625908439,0.038694931224126705,58.49865488098155
0.0221502958198576,7.921959500868261,87.2468880379832
0.023370897825118343,6.461544801707457,64.54122059140357
0.0290954166456481,6.688706676102594,96.39219275427737
0.042956470797735624,0.8907963287385412,54.04493939320393
0.06312193666024446,2.6481610818848136,71.0420162954945
0.17395368940511913,2.350705899906103,71.25274201349242
0.13510564155708432,6.858681635532231,99.59972984207349
0.019490057726849946,7.9597300411269725,52.49938511867574
0.07735605591890388,0.019776659013714948,50.165351984192604
0.19588888896782836,0.31223026124226605,65.14882413699951
0.1717364302907619,5.4665121685054725,86.52070605832957
0.13584868876944795,3.8863690288816617,98.92852677425675
0.08199084998143129,6.717211749102074,97.39254776924508
0.04509553205754881,1.4385933666233859,63.856676752615876
0.14110570660297592,5.993777744603216,56.059314900530175
0.032817787561074604,6.401779027759868,55.968738178003804
0.01141980655858374,5.545843428409427,53.06004682210814
0.017698169806831754,2.325681685557587,66.90214745077057
0.024425015962637065,0.716321133180454,87.01123190975257
0.09721041751167159,6.591726552186978,85.64552795312574
0.0198929702426196,5.120988233692132,74.9406837301908
0.015418629816954802,0.5267911173998243,96.43512418945619
0.02278300879653051,6.684829534920748,81.36981254543886
0.011208647527367888,0.9230330036517218,64.21460291503789
0.0450516681915511,6.575951260019695,81.13707741888946
0.034183402755102205,1.9922702365222436,57.725395975906586
0.1319044804651092,4.572669522764082,50.808344777679295
0.0703424366736069,3.351193220753369,83.03294717308876
0.02145424235123166,4.853540573077598,68.954857138588
0.0814915715060189,5.513082941114599,72.27514415337882
0.02281099080593197,0.9926793017542621,97.37005337372636
0.09861862387611026,0.23810333073669276,66.62382296517771
0.0221502958198576,7.921959500868261,87.2468880379832
0.023370897825118343,6.461544801707457,64.54122059140357
0.0290954166456481,6.688706676102594,96.39219275427737
0.03843661255195921,2.1763851371894267,56.467217423568385
0.07348124244191602,0.2031242262314228,64.73313617540113
0.26799270870570324,4.360774138158908,77.3548860118864
0.12861753962672437,6.841400742281846,99.33011714394256
0.031101155917166945,4.977450490877005,55.633807937734915
0.0766611760174763,0.02892091077881942,50.64906553737123
0.1797446622599632,0.375700662083969,68.1543311088789
0.13113420825582972,5.487464906149224,80.11146042078232
0.1184189282232576,4.0625664298354485,96.874167670467
0.08199084998143129,6.717211749102074,97.39254776924508
0.04509553205754881,1.4385933666233859,63.856676752615876
0.14714198260244224,5.11610744322616,57.948829117729495
0.021057053862949787,6.618878510672253,56.581232255463384
0.01141980655858374,5.545843428409427,53.06004682210814
0.032446012074363685,1.812372000428616,66.62213556928089
0.024425015962637065,0.716321133180454,87.01123190975257
0.0896677300250901,6.074139468199327,79.22974994112177
0.0198929702426196,5.120988233692132,74.9406837301908
0.015418629816954802,0.5267911173998243,96.43512418945619
0.02278300879653051,6.684829534920748,81.36981254543886
0.011208647527367888,0.9230330036517218,64.21460291503789
0.0450516681915511,6.575951260019695,81.13707741888946
0.02789461956050719,2.11945996590966,61.22614119662573
0.1319044804651092,4.572669522764082,50.808344777679295
0.06953081909449081,5.236368115804445,94.17908064357111
0.03900363246912334,3.319872118748977,63.135742456929734
0.0814915715060189,5.513082941114599,72.27514415337882
0.026755545903659268,1.9829155019886242,94.49101030576028
0.07159152732394734,0.449883051708808,65.8788940036282
0.0221502958198576,7.921959500868261,87.2468880379832
0.018809045412272518,6.445080174339017,63.03331678600138
0.0290954166456481,6.688706676102594,96.39219275427737
0.040458176412141986,2.071114644276363,57.04107820314887
0.07348124244191602,0.2031242262314228,64.73313617540113
0.22176966278492607,3.984944236701789,75.4245306128677
0.12861753962672437,6.841400742281846,99.33011714394256
0.031101155917166945,4.977450490877005,55.633807937734915
0.0766611760174763,0.02892091077881942,50.64906553737123
0.1797446622599632,0.375700662083969,68.1543311088789
0.13113420825582972,5.487464906149224,80.11146042078232
0.1184189282232576,4.0625664298354485,96.874167670467
0.07156359815300853,6.701422142629789,89.7877752312615
0.05066707873857085,1.2306885259797709,64.28190621464977
0.10376356956480194,5.117771274959364,63.741248830745704
0.03199105942274168,6.641498893058217,60.92684804295694
0.01141980655858374,5.545843428409427,53.06004682210814
0.032446012074363685,1.812372000428616,66.62213556928089
0.024425015962637065,0.716321133180454,87.01123190975257
0.1491280088542264,5.832580351694552,70.63557720526255
0.0198929702426196,5.120988233692132,74.9406837301908
0.015418629816954802,0.5267911173998243,96.43512418945619
0.02278300879653051,6.684829534920748,81.36981254543886
0.011208647527367888,0.9230330036517218,64.21460291503789
0.04289285377979766,7.074260021551243,82.378213857848
0.026179300234456134,1.5527889719849535,58.80701915256772
0.10188443771334377,5.416355415467729,61.455592274962626
0.06953081909449081,5.236368115804445,94.17908064357111
0.03900363246912334,3.319872118748977,63.135742456929734
0.08291250989602267,5.610589215783481,73.48378832632336
0.026755545903659268,1.9829155019886242,94.49101030576028
0.07159152732394734,0.449883051708808,65.8788940036282
0.020723223347033345,6.354228536884424,89.19473852253212
0.018809045412272518,6.445080174339017,63.03331678600138
0.0290954166456481,6.688706676102594,96.39219275427737
0.04904592290573492,2.3060363216338216,56.45576056593662
0.07348124244191602,0.2031242262314228,64.73313617540113
0.41773963465025005,7.26912537089934,55.47093322662689
0.12861753962672437,6.841400742281846,99.33011714394256
0.031101155917166945,4.977450490877005,55.633807937734915
0.0766611760174763,0.02892091077881942,50.64906553737123
0.17801646542714789,0.5273135535975211,67.5277181338659
0.13130744147906206,5.4691367995612055,80.06496261184104
0.1184189282232576,4.0625664298354485,96.874167670467
0.06392142868736342,6.664287740742947,85.91205086667304
0.06589506521254848,0.7445551813033353,62.32609420786247
0.10520560713709226,5.1578058742921895,63.75473190346725
0.03199105942274168,6.641498893058217,60.92684804295694
0.01141980655858374,5.545843428409427,53.06004682210814
0.032446012074363685,1.812372000428616,66.62213556928089
0.024425015962637065,0.716321133180454,87.01123190975257
0.16454997091654877,5.968450799691398,73.63224693002992
0.021084564495075914,3.962885177103175,78.11434894085583
0.015418629816954802,0.5267911173998243,96.43512418945619
0.037459401407321694,6.706541735019825,83.8604219866992
0.011208647527367888,0.9230330036517218,64.21460291503789
0.04289285377979766,7.074260021551243,82.378213857848
0.026179300234456134,1.5527889719849535,58.80701915256772
0.13624405391723407,4.873844669525101,66.24532519508645
0.06953081909449081,5.236368115804445,94.17908064357111
0.04110059992453667,3.500699474142507,63.05434880716429
0.08291250989602267,5.610589215783481,73.48378832632336
0.026755545903659268,1.9829155019886242,94.49101030576028
0.07099096098624702,0.4993269766021615,65.62788202659891
0.020723223347033345,6.354228536884424,89.19473852253212
0.018809045412272518,6.445080174339017,63.03331678600138
0.02802902930019082,6.208258391144953,96.39554014425796
0.04904592290573492,2.3060363216338216,56.45576056593662
0.07455079987074834,0.06346151601139072,64.08465017601921
0.41773963465025005,7.26912537089934,55.47093322662689
0.12861753962672437,6.841400742281846,99.33011714394256
0.03818893882834267,6.4220561895461445,52.57643524180992
0.0766611760174763,0.02892091077881942,50.64906553737123
0.11775405294127811,1.8465853719517926,71.59302231190293
0.22762823211160851,4.633536997628163,94.6474068872637
0.1184189282232576,4.0625664298354485,96.874167670467
0.05328372644426623,6.587934626941263,86.72042365820468
0.06589506521254848,0.7445551813033353,62.32609420786247
0.10554345706211184,5.13150461351477,63.988614627289
0.03199105942274168,6.641498893058217,60.92684804295694
0.01141980655858374,5.545843428409427,53.06004682210814
0.018310685598318208,1.3954574333823637,66.67345000223389
0.02220523648653068,2.96619746831808,78.01644668953084
0.16454997091654877,5.968450799691398,73.63224693002992
0.021084564495075914,3.962885177103175,78.11434894085583
0.015418629816954802,0.5267911173998243,96.43512418945619
0.05123659857739152,6.726923668761571,86.19843639227261
0.011208647527367888,0.9230330036517218,64.21460291503789
0.04289285377979766,7.074260021551243,82.378213857848
0.026285052632663862,1.5617747546908505,58.89330633305387
0.13624405391723407,4.873844669525101,66.24532519508645
0.06953081909449081,5.236368115804445,94.17908064357111
0.02976485957565543,3.418323431352962,58.09598131893527
0.06416084199782494,6.062724138041257,77.76466580138091
0.02508724450943591,1.7686372694963624,94.77709938659088
0.07099096098624702,0.4993269766021615,65.62788202659891
0.020723223347033345,6.354228536884424,89.19473852253212
0.019283300206187615,5.927750794081353,66.17644656710434
0.03571404718146719,5.193187956742811,91.05804408337035
0.04904592290573492,2.3060363216338216,56.45576056593662
0.07455079987074834,0.06346151601139072,64.08465017601921
0.41773963465025005,7.26912537089934,55.47093322662689
0.12861753962672437,6.841400742281846,99.33011714394256
0.03818893882834267,6.4220561895461445,52.57643524180992
0.0766611760174763,0.02892091077881942,50.64906553737123
0.148618189396293,0.4127677459995569,65.99416498749301
0.19944042752602445,3.9557424451733123,89.01425901027238
0.1184189282232576,4.0625664298354485,96.874167670467
0.05328372644426623,6.587934626941263,86.72042365820468
0.06589506521254848,0.7445551813033353,62.32609420786247
0.10554345706211184,5.13150461351477,63.988614627289
0.03199105942274168,6.641498893058217,60.92684804295694
0.01141980655858374,5.545843428409427,53.06004682210814
0.018310685598318208,1.3954574333823637,66.67345000223389
0.02220523648653068,2.96619746831808,78.01644668953084
0.120787605227231,4.650580568194433,80.26734427460252
0.021209002450724674,3.1393590424312503,74.29850611530206
0.015418629816954802,0.5267911173998243,96.43512418945619
0.05123659857739152,6.726923668761571,86.19843639227261
0.011208647527367888,0.9230330036517218,64.21460291503789
0.04289285377979766,7.074260021551243,82.378213857848
0.025672154403596652,0.9083159485680241,55.17354627143828
0.13624405391723407,4.873844669525101,66.24532519508645
0.06953081909449081,5.236368115804445,94.17908064357111
0.02976485957565543,3.418323431352962,58.09598131893527
0.031202246889437957,6.8043806819357,88.73640579736656
0.02508724450943591,1.7686372694963624,94.77709938659088
0.07099096098624702,0.4993269766021615,65.62788202659891
0.020723223347033345,6.354228536884424,89.19473852253212
0.019414971349439876,6.1117640380747655,65.14551914650545
0.03571404718146719,5.193187956742811,91.05804408337035
0.021905889337540535,2.822077328907608,53.85591398905267
0.052100202921895045,2.44563541156493,64.93437339419171
0.41773963465025005,7.26912537089934,55.47093322662689
0.12861753962672437,6.841400742281846,99.33011714394256
0.03818893882834267,6.4220561895461445,52.57643524180992
0.0766611760174763,0.02892091077881942,50.64906553737123
0.148618189396293,0.4127677459995569,65.99416498749301
0.14680210506026356,4.939997250822489,88.01414868907395
0.12433602487476828,4.2068324281708485,99.723903531693
0.06359294431540174,6.788107969484004,92.94953191375279
0.06589506521254848,0.7445551813033353,62.32609420786247
0.10682620626584265,5.1970436303550755,63.52680254312825
0.03199105942274168,6.641498893058217,60.92684804295694
0.01141980655858374,5.545843428409427,53.06004682210814
0.018310685598318208,1.3954574333823637,66.67345000223389
0.02857792655577664,4.344045734165508,67.873533311427
0.12474357924484923,4.624134932367108,79.76627946194037
0.022471635103520758,3.1346447958180153,74.00245856945104
0.015418629816954802,0.5267911173998243,96.43512418945619
0.056566171845215736,7.24851943399076,84.5280833717456
0.011208647527367888,0.9230330036517218,64.21460291503789
0.044402728430745636,6.970085908893362,83.0471023937584
0.025672154403596652,0.9083159485680241,55.17354627143828
0.1726377594362633,4.407464240490213,59.01533744005562
0.05945346689458195,5.617602305229644,80.8025854683826
0.02976485957565543,3.418323431352962,58.09598131893527
0.02923697730875647,5.979810865714514,85.37299194043035
0.02508724450943591,1.7686372694963624,94.77709938659088
0.07099096098624702,0.4993269766021615,65.62788202659891
0.020723223347033345,6.354228536884424,89.19473852253212
0.019414971349439876,6.1117640380747655,65.14551914650545
0.035824390825416996,5.218558572292177,91.02880957185185
0.021905889337540535,2.822077328907608,53.85591398905267
0.04599024356799987,3.0468342041497705,68.48808643411827
0.39268394825686925,6.630786251219587,56.45066486635674
0.12861753962672437,6.841400742281846,99.33011714394256
0.03818893882834267,6.4220561895461445,52.57643524180992
0.0766611760174763,0.02892091077881942,50.64906553737123
0.148618189396293,0.4127677459995569,65.99416498749301
0.14582772625038182,4.871773906980964,87.4950830629218
0.12504369623664524,4.246471688332581,97.734335733304
0.06359294431540174,6.788107969484004,92.94953191375279
0.11964830439832247,0.5691229354159126,60.469811340229576
0.10682620626584265,5.1970436303550755,63.52680254312825
0.03199105942274168,6.641498893058217,60.92684804295694
0.01141980655858374,5.545843428409427,53.06004682210814
0.018516947565084554,1.4574108797691308,64.55084175529967
0.02857792655577664,4.344045734165508,67.873533311427
0.10405900660939878,3.0368654647137827,74.32567548441439
0.022471635103520758,3.1346447958180153,74.00245856945104
0.015418629816954802,0.5267911173998243,96.43512418945619
0.04953976693465548,7.254442234517008,85.2927837064458
0.011208647527367888,0.9230330036517218,64.21460291503789
0.038743730403399845,5.284966520754153,75.20506109221051
0.022614566552170777,0.4820726888706206,52.85383063240839
0.12730052469896896,4.7275958607068675,57.3406082684258
0.06176523553160723,5.647800287128451,80.61832942122595
0.02976485957565543,3.418323431352962,58.09598131893527
0.02923697730875647,5.979810865714514,85.37299194043035
0.02535770684669876,1.4844430170498226,95.12306892031944
0.07099096098624702,0.4993269766021615,65.62788202659891
0.020723223347033345,6.354228536884424,89.19473852253212
0.019609744940180456,6.383964304520041,63.620527181346674
0.035824390825416996,5.218558572292177,91.02880957185185
0.047181434935965286,2.651632880204482,57.94525235436815
0.04599024356799987,3.0468342041497705,68.48808643411827
0.5218436184618607,7.441963857256444,52.39862004087604
0.12861753962672437,6.841400742281846,99.33011714394256
0.03818893882834267,6.4220561895461445,52.57643524180992
0.0766611760174763,0.02892091077881942,50.64906553737123
0.12558918358729174,2.1228939281257775,70.63086633841863
0.14582772625038182,4.871773906980964,87.4950830629218
0.12504369623664524,4.246471688332581,97.734335733304
0.07012803065608277,6.7261367257373275,96.32173117845281
0.11964830439832247,0.5691229354159126,60.469811340229576
0.17656291560892515,7.147370014599402,71.4685527459015
0.03199105942274168,6.641498893058217,60.92684804295694
0.01141980655858374,5.545843428409427,53.06004682210814
0.018516947565084554,1.4574108797691308,64.55084175529967
0.02857792655577664,4.344045734165508,67.873533311427
0.08049450768796297,2.001672181788417,66.89594114381006
0.022574940524837314,3.075576690385105,74.7584597173493
0.015418629816954802,0.5267911173998243,96.43512418945619
0.04953976693465548,7.254442234517008,85.2927837064458
0.011208647527367888,0.9230330036517218,64.21460291503789
0.04406107671202014,5.072341646388494,72.0949316395285
0.022614566552170777,0.4820726888706206,52.85383063240839
0.12730052469896896,4.7275958607068675,57.3406082684258
0.049599668913505826,4.303581498166615,84.77009560713478
0.02976485957565543,3.418323431352962,58.09598131893527
0.023833386465806974,5.881186857454786,83.92615938794272
0.025046221658126363,1.370623278659082,90.32337213296023
0.07647577716210614,0.3991838057769401,65.7404590436199
0.020723223347033345,6.354228536884424,89.19473852253212
0.019609744940180456,6.383964304520041,63.620527181346674
0.02872742504479589,5.729641467011287,94.86291956419993
0.048544050620111426,2.528456728981003,58.38492812383792
0.047575142854334534,3.2884190652388985,70.31565760004209
0.5533106454585618,7.468811556312187,50.6606888958798
0.12861753962672437,6.841400742281846,99.33011714394256
0.03818893882834267,6.4220561895461445,52.57643524180992
0.0766611760174763,0.02892091077881942,50.64906553737123
0.1258645147672435,1.0510319138295547,56.95056706028495
0.20999640151890953,6.59272129733202,99.05970928668374
0.12504369623664524,4.246471688332581,97.734335733304
0.0699440862527841,6.698098235530293,96.10962212489954
0.11964830439832247,0.5691229354159126,60.469811340229576
0.17656291560892515,7.147370014599402,71.4685527459015
0.03199105942274168,6.641498893058217,60.92684804295694
0.01141980655858374,5.545843428409427,53.06004682210814
0.019167749736526036,1.9989393476044857,66.92263592488547
0.02857792655577664,4.344045734165508,67.873533311427
0.08192977678071899,2.5739927250026646,67.30861567746324
0.022574940524837314,3.075576690385105,74.7584597173493
0.015418629816954802,0.5267911173998243,96.43512418945619
0.03678238865868724,7.307053485716873,84.19822081860225
0.011208647527367888,0.9230330036517218,64.21460291503789
0.04406107671202014,5.072341646388494,72.0949316395285
0.022614566552170777,0.4820726888706206,52.85383063240839
0.12730052469896896,4.7275958607068675,57.3406082684258
0.049599668913505826,4.303581498166615,84.77009560713478
0.03109680853614695,3.5270485861742458,59.35614069837957
0.022918116675793646,5.816695976676637,86.26838427992416
0.025046221658126363,1.370623278659082,90.32337213296023
0.07647577716210614,0.3991838057769401,65.7404590436199
0.020723223347033345,6.354228536884424,89.19473852253212
0.019609744940180456,6.383964304520041,63.620527181346674
0.02872742504479589,5.729641467011287,94.86291956419993
0.048544050620111426,2.528456728981003,58.38492812383792
0.04630914389737792,0.7327234256172863,60.66443413248828
0.5533106454585618,7.468811556312187,50.6606888958798
0.12861753962672437,6.841400742281846,99.33011714394256
0.03818893882834267,6.4220561895461445,52.57643524180992
0.07271037418875496,0.47566655918807044,53.37148042831761
0.12160602014113134,1.2182841265341091,56.80580056311455
0.20999640151890953,6.59272129733202,99.05970928668374
0.12676177211011247,4.211758596181779,97.87497616111801
0.0699440862527841,6.698098235530293,96.10962212489954
0.12565907772609664,0.5927830186487101,59.73599586395937
0.16781132977351615,7.0748161957978235,72.1823885996703
0.03374338515643,6.5794558826558465,58.565936789158286
0.01141980655858374,5.545843428409427,53.06004682210814
0.01545548323289058,1.5041794543699705,63.41239519745006
0.02857792655577664,4.344045734165508,67.873533311427
0.08748231492588446,2.8375538102660527,66.0887164271864
0.02593755583944237,2.9011990699108265,73.32402146011732
0.015418629816954802,0.5267911173998243,96.43512418945619
0.03678238865868724,7.307053485716873,84.19822081860225
0.011208647527367888,0.9230330036517218,64.21460291503789
0.04406107671202014,5.072341646388494,72.0949316395285
0.022614566552170777,0.4820726888706206,52.85383063240839
0.12730052469896896,4.7275958607068675,57.3406082684258
0.05855012648188752,5.571105037147492,95.35612828443986
0.03247161191696109,4.441073787363976,65.3630872191646
0.02192047314180105,6.061020325370463,87.59849829961485
0.010921669420570906,1.6977298297217913,96.71492043871999
0.07915109887443986,0.11762357401409496,65.84019344600749
0.02684095589648812,6.018197581849295,84.71223348997891
0.01902188752527133,6.32380566245762,62.8625169992273
0.02872742504479589,5.729641467011287,94.86291956419993
0.048544050620111426,2.528456728981003,58.38492812383792
0.04630914389737792,0.7327234256172863,60.66443413248828
0.5533106454585618,7.468811556312187,50.6606888958798
0.12861753962672437,6.841400742281846,99.33011714394256
0.036634186190185096,5.787406158682825,54.06269740991083
0.07271037418875496,0.47566655918807044,53.37148042831761
0.12160602014113134,1.2182841265341091,56.80580056311455
0.21525223388227108,6.617746003669523,99.18139377828678
0.09104676269920728,2.9327442763474347,82.43595763312656
0.0699440862527841,6.698098235530293,96.10962212489954
0.12565907772609664,0.5927830186487101,59.73599586395937
0.17081731357800306,7.092718089703928,70.1002824285893
0.04406483380223489,4.962704124014105,57.19004617244125
0.01290718682453123,3.678984385433161,69.19360160602717
0.01545548323289058,1.5041794543699705,63.41239519745006
0.028468356684115098,4.339668725941769,67.94911898493092
0.08748231492588446,2.8375538102660527,66.0887164271864
0.02593755583944237,2.9011990699108265,73.32402146011732
0.015418629816954802,0.5267911173998243,96.43512418945619
0.03678238865868724,7.307053485716873,84.19822081860225
0.019618076631073025,1.9851558885185447,66.23177690695243
0.04406107671202014,5.072341646388494,72.0949316395285
0.02226095201800031,0.01887489386094643,50.188294315684
0.12730052469896896,4.7275958607068675,57.3406082684258
0.05855012648188752,5.571105037147492,95.35612828443986
0.03247161191696109,4.441073787363976,65.3630872191646
0.02860796016928501,6.621703811033106,86.06845921964019
0.010921669420570906,1.6977298297217913,96.71492043871999
0.07915109887443986,0.11762357401409496,65.84019344600749
0.02740306627510196,5.988714850866737,84.53960424164342
0.01902188752527133,6.32380566245762,62.8625169992273
0.02872742504479589,5.729641467011287,94.86291956419993
0.06302897860506051,0.8047531351989168,52.09601740965289
0.04630914389737792,0.7327234256172863,60.66443413248828
0.5091115271347766,7.425351976115866,52.90703627792206
0.13457906035860193,6.855961004475461,99.65733578745026
0.03397474968448262,6.142051541734077,53.32601403083376
0.07271037418875496,0.47566655918807044,53.37148042831761
0.12160602014113134,1.2182841265341091,56.80580056311455
0.21525223388227108,6.617746003669523,99.18139377828678
0.09104676269920728,2.9327442763474347,82.43595763312656
0.0699440862527841,6.698098235530293,96.10962212489954
0.09055071201888573,2.7177454072868965,57.28144347555327
0.17081731357800306,7.092718089703928,70.1002824285893
0.04406483380223489,4.962704124014105,57.19004617244125
0.03558002165035759,4.169130407145387,69.32378340596829
0.02500455190303392,1.354119105982079,61.896869329125835
0.028468356684115098,4.339668725941769,67.94911898493092
0.02754382780094758,1.0642177780858812,50.56452237948036
0.02593755583944237,2.9011990699108265,73.32402146011732
0.03556671768927311,1.1409075211392912,96.71201496193481
0.04328243176458081,7.852021544808718,82.71106728355028
0.019618076631073025,1.9851558885185447,66.23177690695243
0.04369517139989673,5.035081221685865,72.36677068018531
0.02226095201800031,0.01887489386094643,50.188294315684
0.14690166415719577,5.29250811505753,56.27651154320317
0.05855012648188752,5.571105037147492,95.35612828443986
0.03247161191696109,4.441073787363976,65.3630872191646
0.02860796016928501,6.621703811033106,86.06845921964019
0.010921669420570906,1.6977298297217913,96.71492043871999
0.06396957875890791,0.39608702793121575,61.34648737027877
0.01944793870172487,7.146273326890984,91.78413091638589
0.021663775305523415,6.405905340574787,69.25799275431979
0.028717168855875677,5.806225985178399,94.10790562090159
0.06302897860506051,0.8047531351989168,52.09601740965289
0.04463238952820754,0.7219106792275946,60.75036041547949
0.5091115271347766,7.425351976115866,52.90703627792206
0.13457906035860193,6.855961004475461,99.65733578745026
0.03397474968448262,6.142051541734077,53.32601403083376
0.07687741622038255,0.5389547836563592,53.66416408292568
0.12160602014113134,1.2182841265341091,56.80580056311455
0.18424268656409531,5.546198991271256,92.19669072652842
0.08711485412951073,2.2684820653536164,74.4519576798021
0.05159097378572201,5.143225889495489,96.2978405785974
0.08792605937596684,2.5353099426552648,56.786927304501006
0.20749710287054818,7.3475382836177054,74.5965196581477
0.04406483380223489,4.962704124014105,57.19004617244125
0.04102506395421937,4.501467208622404,75.49472690716763
0.02500455190303392,1.354119105982079,61.896869329125835
0.028468356684115098,4.339668725941769,67.94911898493092
0.027457872082933626,1.142303575822762,50.83778706027909
0.02593755583944237,2.9011990699108265,73.32402146011732
0.03556671768927311,1.1409075211392912,96.71201496193481
0.04328243176458081,7.852021544808718,82.71106728355028
0.019618076631073025,1.9851558885185447,66.23177690695243
0.04369517139989673,5.035081221685865,72.36677068018531
0.02226095201800031,0.01887489386094643,50.188294315684
0.16394538626711622,5.629441172401764,53.874534413534576
0.05855012648188752,5.571105037147492,95.35612828443986
0.03247161191696109,4.441073787363976,65.3630872191646
0.02860796016928501,6.621703811033106,86.06845921964019
0.010921669420570906,1.6977298297217913,96.71492043871999
0.06396957875890791,0.39608702793121575,61.34648737027877
0.01944793870172487,7.146273326890984,91.78413091638589
0.020567234785275425,7.402048974212752,72.74404117753002
0.028717168855875677,5.806225985178399,94.10790562090159
0.06757109992703483,0.7616508759918361,52.25668249591583
0.048430454984132176,0.2791637635315345,58.1958799390448
0.5091115271347766,7.425351976115866,52.90703627792206
0.13457906035860193,6.855961004475461,99.65733578745026
0.03397474968448262,6.142051541734077,53.32601403083376
0.07687741622038255,0.5389547836563592,53.66416408292568
0.12160602014113134,1.2182841265341091,56.80580056311455
0.1726943794013822,5.05463668716908,85.10484776936836
0.049071452144503924,0.9846533266681563,67.50163257223933
0.05187811256943161,5.149539574238886,96.90644822153548
0.11947765723247411,2.7894272328711947,52.424331828879
0.14304484707604045,7.086026218742882,78.72976314018058
0.03003431973137939,4.669232386899775,50.60723673835272
0.036069649714756256,3.5279394240833937,71.28868050533407
0.02600201324841278,1.7664792535999836,62.359892038669585
0.029540549267448764,4.220566373930638,67.7497091552411
0.026758252933939568,1.7692479188242562,57.47013608653735
0.024835968782507406,2.7415179824441824,72.08772895138702
0.03556671768927311,1.1409075211392912,96.71201496193481
0.04328243176458081,7.852021544808718,82.71106728355028
0.025581963709899413,2.581392995799895,71.99425875350741
0.04369517139989673,5.035081221685865,72.36677068018531
0.02226095201800031,0.01887489386094643,50.188294315684
0.10366378758900452,5.317374982112642,54.00648564620733
0.07291877576364528,5.066943609406929,99.81309569434195
0.03247161191696109,4.441073787363976,65.3630872191646
0.02860796016928501,6.621703811033106,86.06845921964019
0.021977373720879684,2.1532716065844575,96.85545241401324
0.06396957875890791,0.39608702793121575,61.34648737027877
0.022006982178261567,5.0542359290022105,82.42932995869442
0.020567234785275425,7.402048974212752,72.74404117753002
0.024315851735101892,3.957938175734802,80.623958042575
0.0695441919500237,0.4084972251797421,50.59479719864313
0.048430454984132176,0.2791637635315345,58.1958799390448
0.5018294151251428,7.378601512496566,53.13493534705459
0.1313747315964176,6.660905443110975,98.2460311032138
0.03456917782691362,6.251257494815971,55.20266844059246
0.05758497904144445,2.053651323293144,59.35713968895723
0.12160602014113134,1.2182841265341091,56.80580056311455
0.1726943794013822,5.05463668716908,85.10484776936836
0.049071452144503924,0.9846533266681563,67.50163257223933
0.053351765358744266,5.357667258883763,98.82625201039369
0.11947765723247411,2.7894272328711947,52.424331828879
0.14030264803989098,7.273903530074524,78.14015009894592
0.03203589172827158,4.7228361299585675,53.795418182689
0.019747091148782356,4.646404937805158,80.34051842054747
0.02628101962794264,1.5331759503464588,60.03225476836461
0.029540549267448764,4.220566373930638,67.7497091552411
0.03177317564510314,2.152076621596031,57.059904717771694
0.024835968782507406,2.7415179824441824,72.08772895138702
0.03556671768927311,1.1409075211392912,96.71201496193481
0.04328243176458081,7.852021544808718,82.71106728355028
0.019875288104427014,2.2817481646960696,68.64056695942065
0.04394383577281265,4.7853333002923115,71.62261341967043
0.0512654465313756,1.7953869288968058,50.837617018268475
0.10905116545421949,5.334735807129858,52.1312640826731
0.07173377051790292,5.055426426156108,98.66017287945218
0.02495130977247878,4.58383261614003,66.48143881824765
0.028577448760016402,6.604699636360461,85.90502341611317
0.018962521589002163,1.7862028361735023,96.64150272888358
0.06396957875890791,0.39608702793121575,61.34648737027877
0.022006982178261567,5.0542359290022105,82.42932995869442
0.020567234785275425,7.402048974212752,72.74404117753002
0.023790481170264943,4.440632049175556,79.5195837014067
0.0695441919500237,0.4084972251797421,50.59479719864313
0.048430454984132176,0.2791637635315345,58.1958799390448
0.3711247194173274,6.504623632304021,57.179535382180426
0.1313747315964176,6.660905443110975,98.2460311032138
0.06774965581272538,4.898445813329737,54.11695194410676
0.06354453847318611,1.632714354424916,55.801552509074014
0.09492564138866028,2.4437225269428065,61.89602796442698
0.12079814487311998,2.8310300744298136,73.7645699671347
0.049071452144503924,0.9846533266681563,67.50163257223933
0.05868845538192685,6.622973939011884,99.46066289153636
0.11947765723247411,2.7894272328711947,52.424331828879
0.1352110587104937,7.133545600281101,77.66251507014975
0.03203589172827158,4.7228361299585675,53.795418182689
0.019747091148782356,4.646404937805158,80.34051842054747
0.02628101962794264,1.5331759503464588,60.03225476836461
0.029885386983683683,4.311693823753938,68.12514829684457
0.025712368683701133,1.978979262478188,75.78622608423728
0.021747167572379517,1.781019001072163,74.51169611618411
0.03556671768927311,1.1409075211392912,96.71201496193481
0.04328243176458081,7.852021544808718,82.71106728355028
0.02445434406833446,3.3714408633067006,71.39312871406338
0.04444678451256606,4.798273656960765,71.65589766811762
0.049129921976339024,2.021683321974585,52.10719184394376
0.1183154799830977,6.088399469013823,51.38406068286824
0.07173377051790292,5.055426426156108,98.66017287945218
0.02487062282081167,4.8599974090983755,65.4949515577571
0.028791515577032592,6.950314142925114,86.66105769060799
0.018962521589002163,1.7862028361735023,96.64150272888358
0.06396957875890791,0.39608702793121575,61.34648737027877
0.022006982178261567,5.0542359290022105,82.42932995869442
0.023627919511522842,6.124446263709375,77.63477052803815
0.023172739028950166,4.3644269791889805,86.45791337689423
0.06338052385049611,0.6380026614828915,51.16293443199673
0.048430454984132176,0.2791637635315345,58.1958799390448
0.3152744151559027,5.999852462344684,59.46941524697899
0.1313747315964176,6.660905443110975,98.2460311032138
0.06694927211676538,4.929638517957058,53.82051309337572
0.06354453847318611,1.632714354424916,55.801552509074014
0.15082399961987675,0.4179757348347124,69.09610094795946
0.12844281582404235,2.899532939441513,73.60203360880092
0.05632457617399084,0.9007323094586891,51.81331769840343
0.05868845538192685,6.622973939011884,99.46066289153636
0.11947765723247411,2.7894272328711947,52.424331828879
0.1352110587104937,7.133545600281101,77.66251507014975
0.03203589172827158,4.7228361299585675,53.795418182689
0.019747091148782356,4.646404937805158,80.34051842054747
0.02628101962794264,1.5331759503464588,60.03225476836461
0.029885386983683683,4.311693823753938,68.12514829684457
0.025712368683701133,1.978979262478188,75.78622608423728
0.021747167572379517,1.781019001072163,74.51169611618411
0.0369353461695882,0.8376308546617377,98.1283882482809
0.04328243176458081,7.852021544808718,82.71106728355028
0.02382336016569809,3.542343472789761,72.59248191897743
0.04843533317422999,4.7856977397376745,72.91116076565386
0.04768030579836087,2.1837615241327706,53.727792792412714
0.1183154799830977,6.088399469013823,51.38406068286824
0.06341925305168868,3.351277534807639,84.2226963785885
0.02650278244934172,5.581676334062944,52.94161478150793
0.028791515577032592,6.950314142925114,86.66105769060799
0.01903185259379118,1.182913550154245,97.1133246152527
0.06396957875890791,0.39608702793121575,61.34648737027877
0.02118797368369876,4.825347061885774,81.9184884968863
0.018363102970459892,7.0020919107291455,92.56224808392321
0.02167360590003901,3.4463980931082636,90.08398646849746
0.06338052385049611,0.6380026614828915,51.16293443199673
0.048430454984132176,0.2791637635315345,58.1958799390448
0.3152744151559027,5.999852462344684,59.46941524697899
0.1313747315964176,6.660905443110975,98.2460311032138
0.0667666218675162,4.914384242285633,53.84841141936158
0.04813232778560636,1.591545218962057,57.551373153962714
0.15082399961987675,0.4179757348347124,69.09610094795946
0.12826886413270638,2.795047409963183,73.54913249108603
0.05711219935756989,0.9611831623044651,52.300611580051836
0.05868845538192685,6.622973939011884,99.46066289153636
0.11947765723247411,2.7894272328711947,52.424331828879
0.1355642031213613,7.177053420363441,75.76774608227859
0.03203589172827158,4.7228361299585675,53.795418182689
0.012457570320438274,5.7562850650109985,85.96830337539723
0.028014966105701342,2.177624774594857,62.345230112084025
0.033658441942747516,5.484969537632401,65.16420626478454
0.01330707526927468,1.9746843755757075,91.99022363143722
0.021747167572379517,1.781019001072163,74.51169611618411
0.05627963327667383,2.2445798966490282,81.93920302361987
0.03649734716999495,5.330236792225781,73.66019196898274
0.027022760364106963,3.5232491050667787,74.15541266268683
0.07113734726392922,7.589828443859593,70.03874623547706
0.04111999553435079,1.9843135994058583,55.660531402501135
0.08956110840163449,4.665208751244323,54.08602020198054
0.0511557406196413,3.379220858934952,85.94455263881883
0.02650278244934172,5.581676334062944,52.94161478150793
0.028791515577032592,6.950314142925114,86.66105769060799
0.01903185259379118,1.182913550154245,97.1133246152527
0.05568223123141745,0.6461218206376407,61.057500405662445
0.02118797368369876,4.825347061885774,81.9184884968863
0.018363102970459892,7.0020919107291455,92.56224808392321
0.02167360590003901,3.4463980931082636,90.08398646849746
0.06338052385049611,0.6380026614828915,51.16293443199673
0.048430454984132176,0.2791637635315345,58.1958799390448
0.3152744151559027,5.999852462344684,59.46941524697899
0.09369398564685916,5.119421044002564,92.46773747003877
0.0667666218675162,4.914384242285633,53.84841141936158
0.046464049891331335,1.8004523881034165,56.77663548605635
0.15082399961987675,0.4179757348347124,69.09610094795946
0.12162104090998414,2.7421489878942245,73.69414332316296
0.05711219935756989,0.9611831623044651,52.300611580051836
0.03979900271760506,6.800562739919933,96.22926447404328
0.09587390690687538,2.393122272265564,54.1205522301938
0.09568246788804408,4.984272306877593,67.27690654191227
0.032570323742799154,4.6398824637108005,53.87788535416549
0.03178504049287864,5.456669944218984,74.53749698055258
0.016556982597722557,3.2431165237680077,64.67401029141845
0.02783438935709803,7.189982907064895,76.62249265922316
0.01330707526927468,1.9746843755757075,91.99022363143722
0.021747167572379517,1.781019001072163,74.51169611618411
0.037460214626238275,1.9877433776257267,83.20481282928215
0.0317135630403613,7.024450724915932,81.7639040805011
0.023694109273151246,3.818218693549305,77.13092956589743
0.07022253552211986,6.769955215636074,67.8126011560231
0.04111999553435079,1.9843135994058583,55.660531402501135
0.08956110840163449,4.665208751244323,54.08602020198054
0.07120157816810198,1.1645931324245122,81.89921632714639
0.02650278244934172,5.581676334062944,52.94161478150793
0.025849007176032043,7.568948375608998,91.62550002816184
0.020268103123380433,1.011932733477105,98.21964472961906
0.05572140350665126,0.7509343839698379,62.42673542719652
0.02118797368369876,4.825347061885774,81.9184884968863
0.018363102970459892,7.0020919107291455,92.56224808392321
0.01921602043106631,1.0199200135915767,89.17667215927467
0.06338052385049611,0.6380026614828915,51.16293443199673
0.048430454984132176,0.2791637635315345,58.1958799390448
0.23081691100674265,4.626563510736735,70.2015349132575
0.09369398564685916,5.119421044002564,92.46773747003877
0.06431894931216893,4.805577718218311,53.79411205710474
0.046464049891331335,1.8004523881034165,56.77663548605635
0.14500217973981577,0.45176629277559044,70.33374092432373
0.09586006837888839,2.499635657354913,67.92324458319172
0.05711219935756989,0.9611831623044651,52.300611580051836
0.04890950085311314,6.504458864591054,91.50925646890673
0.09587390690687538,2.393122272265564,54.1205522301938
0.1325495861184549,5.822441529979184,76.51790433796697
0.03971509585030995,3.7118612535718283,53.24829821892562
0.03564598495941164,3.762714982704137,72.49984489444455
0.016556982597722557,3.2431165237680077,64.67401029141845
0.02783438935709803,7.189982907064895,76.62249265922316
0.012897147271028982,1.814690320709136,95.43576207990561
0.021747167572379517,1.781019001072163,74.51169611618411
0.028378507844963777,2.9752155951982937,82.26488836816989
0.029581900713902348,6.434230553323694,69.9730817290762
0.023694109273151246,3.818218693549305,77.13092956589743
0.06407968804722686,6.693433799754278,74.64245628987867
0.0480771653338932,1.3966422840578443,58.88444175330113
0.08956110840163449,4.665208751244323,54.08602020198054
0.06645567469374236,0.33012347666271147,79.66925578342662
0.02650278244934172,5.581676334062944,52.94161478150793
0.024568512539450638,7.687836546763522,93.77872714565248
0.020268103123380433,1.011932733477105,98.21964472961906
0.05572140350665126,0.7509343839698379,62.42673542719652
0.011716296501419005,4.786931298131825,80.54040855449526
0.015782842741795537,6.950904812654146,96.90471174704439
0.01921602043106631,1.0199200135915767,89.17667215927467
0.06338052385049611,0.6380026614828915,51.16293443199673
0.048430454984132176,0.2791637635315345,58.1958799390448
0.14799338936280573,5.672522641251088,72.82149612235958
0.16245631766014826,7.931919599361845,89.9417934139366
0.06431894931216893,4.805577718218311,53.79411205710474
0.042166361488552045,1.6710884141623397,63.57574611870734
0.14500217973981577,0.45176629277559044,70.33374092432373
0.1157174021605433,0.8058305479928691,57.94774619681754
0.05711219935756989,0.9611831623044651,52.300611580051836
0.03633770249158601,7.296332204358117,94.27964766532408
0.1428095710488942,1.2909641468872541,54.84955308596648
0.1325495861184549,5.822441529979184,76.51790433796697
0.03971509585030995,3.7118612535718283,53.24829821892562
0.037989874642253035,3.7750724789149963,70.86064168509904
0.016556982597722557,3.2431165237680077,64.67401029141845
0.024649130878717583,6.628884989934766,76.8687471006043
0.012897147271028982,1.814690320709136,95.43576207990561
0.02881504691386037,1.754128122140931,57.801138566140786
0.028378507844963777,2.9752155951982937,82.26488836816989
0.029581900713902348,6.434230553323694,69.9730817290762
0.024216037520188423,4.144364774214553,75.7269794573294
0.06407968804722686,6.693433799754278,74.64245628987867
0.044255226270936095,1.8472639237009834,56.660150777885356
0.08956110840163449,4.665208751244323,54.08602020198054
0.06645567469374236,0.33012347666271147,79.66925578342662
0.02650278244934172,5.581676334062944,52.94161478150793
0.024568512539450638,7.687836546763522,93.77872714565248
0.020268103123380433,1.011932733477105,98.21964472961906
0.05462720316245895,0.6243670757374948,62.69643084855329
0.016912567720800315,5.266053840401105,77.4668659194047
0.014695258732477557,7.381563963859229,99.62306906931589
0.01921602043106631,1.0199200135915767,89.17667215927467
0.06338052385049611,0.6380026614828915,51.16293443199673
0.041964221276445585,0.7653868499495501,58.06575315492967
0.1420137354926751,5.745272326514581,72.9512569521448
0.16245631766014826,7.931919599361845,89.9417934139366
0.061129937139682775,3.8970719214332896,54.67759988585358
0.04298106488984346,1.6332607004506703,62.92912990152358
0.14500217973981577,0.45176629277559044,70.33374092432373
0.11830906881040276,0.8308575662333391,56.80497441687628
0.05711219935756989,0.9611831623044651,52.300611580051836
0.03633770249158601,7.296332204358117,94.27964766532408
0.19850026852847164,1.7487800446235078,57.434380317595874
0.15842148597311748,5.484564176459036,76.49206378514182
0.03971509585030995,3.7118612535718283,53.24829821892562
0.038058923216872924,3.751430915154962,70.68849789538693
0.017247281621093596,3.253244296920483,64.51919640458756
0.024649130878717583,6.628884989934766,76.8687471006043
0.016517958761467513,2.2254013735725398,92.45667949013608
0.02881504691386037,1.754128122140931,57.801138566140786
0.025344780473368796,2.747799065893163,84.84585274118416
0.029581900713902348,6.434230553323694,69.9730817290762
0.024216037520188423,4.144364774214553,75.7269794573294
0.06384199879498624,4.63481737462777,66.66031129523661
0.04488380636071226,1.414656971766692,53.673501493355964
0.06587668502848476,7.824194485739757,51.84597040915561
0.09033976667446283,0.36711211424919193,76.83055156035002
0.02650278244934172,5.581676334062944,52.94161478150793
0.024568512539450638,7.687836546763522,93.77872714565248
0.020268103123380433,1.011932733477105,98.21964472961906
0.05462720316245895,0.6243670757374948,62.69643084855329
0.016912567720800315,5.266053840401105,77.4668659194047
0.014695258732477557,7.381563963859229,99.62306906931589
0.02186651202671789,2.6792162494910756,75.99650862342013
0.06338052385049611,0.6380026614828915,51.16293443199673
0.041964221276445585,0.7653868499495501,58.06575315492967
0.1416968372133559,5.739270309895365,72.9448881020038
0.16245631766014826,7.931919599361845,89.9417934139366
0.061129937139682775,3.8970719214332896,54.67759988585358
0.0519514964674775,1.8647742864989614,53.021646567645156
0.14500217973981577,0.45176629277559044,70.33374092432373
0.11830906881040276,0.8308575662333391,56.80497441687628
0.05117547123213109,1.5969314463175195,56.01719314722534
0.03633770249158601,7.296332204358117,94.27964766532408
0.2340027851410067,1.720679587408979,58.503397485471666
0.17339109879637576,7.22128789135076,83.83911804677722
0.03971509585030995,3.7118612535718283,53.24829821892562
0.038058923216872924,3.751430915154962,70.68849789538693
0.017247281621093596,3.253244296920483,64.51919640458756
0.024649130878717583,6.628884989934766,76.8687471006043
0.016517958761467513,2.2254013735725398,92.45667949013608
0.028788965919341526,1.7973006335329313,57.746325972194015
0.025344780473368796,2.747799065893163,84.84585274118416
0.028323311826233207,6.8325475108708424,69.86686343879066
0.024156614562182745,4.217887328843953,75.24691406894419
0.047900646252732805,5.44588674869377,70.81250231187764
0.04488380636071226,1.414656971766692,53.673501493355964
0.06587668502848476,7.824194485739757,51.84597040915561
0.09033976667446283,0.36711211424919193,76.83055156035002
0.02650278244934172,5.581676334062944,52.94161478150793
0.024568512539450638,7.687836546763522,93.77872714565248
0.020268103123380433,1.011932733477105,98.21964472961906
0.08529893114198149,0.5657893093628751,65.28840382614838
0.016912567720800315,5.266053840401105,77.4668659194047
0.014695258732477557,7.381563963859229,99.62306906931589
0.01985374385809764,1.424067360466553,76.22740619296334
0.06338052385049611,0.6380026614828915,51.16293443199673
0.041964221276445585,0.7653868499495501,58.06575315492967
0.11077498048074083,5.930943799201215,72.12524913354943
0.16245631766014826,7.931919599361845,89.9417934139366
0.061129937139682775,3.8970719214332896,54.67759988585358
0.0519514964674775,1.8647742864989614,53.021646567645156
0.14500217973981577,0.45176629277559044,70.33374092432373
0.08080421400191329,0.9001265479218716,72.64785383097085
0.05699776876831669,0.9734372270383052,52.372248786565805
0.03291614330628803,7.392846091231039,94.89893032151025
0.2340027851410067,1.720679587408979,58.503397485471666
0.17339109879637576,7.22128789135076,83.83911804677722
0.03253692757810482,5.5961290857896895,72.45621019549074
0.048728899541800014,5.313608748492565,63.46112555891257
0.017247281621093596,3.253244296920483,64.51919640458756
0.04460275855886306,6.467186049060603,75.76977399585694
0.016517958761467513,2.2254013735725398,92.45667949013608
0.02871154512255751,1.8186665986151351,58.35548798969754
0.025344780473368796,2.747799065893163,84.84585274118416
0.024907987377707514,6.415897901955608,51.25250094956168
0.024156614562182745,4.217887328843953,75.24691406894419
0.047900646252732805,5.44588674869377,70.81250231187764
0.04488380636071226,1.414656971766692,53.673501493355964
0.06587668502848476,7.824194485739757,51.84597040915561
0.09033976667446283,0.36711211424919193,76.83055156035002
0.02650278244934172,5.581676334062944,52.94161478150793
0.024568512539450638,7.687836546763522,93.77872714565248
0.020268103123380433,1.011932733477105,98.21964472961906
0.08487162898315548,0.5687208120682613,65.50478720553342
0.016912567720800315,5.266053840401105,77.4668659194047
0.014695258732477557,7.381563963859229,99.62306906931589
0.01985374385809764,1.424067360466553,76.22740619296334
0.060406512678031835,0.7628777155135487,51.56659818984063
0.041964221276445585,0.7653868499495501,58.06575315492967
0.11077498048074083,5.930943799201215,72.12524913354943
0.16245631766014826,7.931919599361845,89.9417934139366
0.061129937139682775,3.8970719214332896,54.67759988585358
0.04722272410447226,2.7000304521638565,53.63018572223146
0.14500217973981577,0.45176629277559044,70.33374092432373
0.09585563266440417,0.8537765064526075,85.46692938652565
0.05765123045564621,0.9655094505503421,51.95257344314315
0.03291614330628803,7.392846091231039,94.89893032151025
0.2340027851410067,1.720679587408979,58.503397485471666
0.10067607648426859,5.373399299127414,74.84197324338776
0.03231773146864616,5.5956040757208445,71.74732379963409
0.05815863672278902,5.1515762953377155,58.69993663614497
0.01697385287434943,3.1403616932694978,64.99271621163307
0.04460275855886306,6.467186049060603,75.76977399585694
0.014424140454140292,1.3720450828132842,91.89362855585543
0.022183768085389903,2.3374731609437345,58.498200629718575
0.02333093443121985,0.31708074009072007,79.07692018702902
0.024907987377707514,6.415897901955608,51.25250094956168
0.025160507062972178,4.072630606521319,74.93926931407323
0.04973776585267297,5.095203066469396,73.09078349054934
0.04486691106334268,1.718391712503431,55.00182746577967
0.06587668502848476,7.824194485739757,51.84597040915561
0.08188720359794413,0.21888869943099243,80.1068798630011
0.031664485826740044,5.479935781571965,53.20904433511277
0.024568512539450638,7.687836546763522,93.77872714565248
0.020268103123380433,1.011932733477105,98.21964472961906
0.05493787621012786,4.10256554402133,79.53963611549065
0.016912567720800315,5.266053840401105,77.4668659194047
0.014695258732477557,7.381563963859229,99.62306906931589
0.02686562429441585,1.7509666661621517,70.43804149221302
0.060406512678031835,0.7628777155135487,51.56659818984063
0.041964221276445585,0.7653868499495501,58.06575315492967
0.10719293036618337,4.955670229108295,72.95003272802157
0.16245631766014826,7.931919599361845,89.9417934139366
0.0669387280438413,4.784657376465816,55.03661445298795
0.04722272410447226,2.7000304521638565,53.63018572223146
0.11280972740670189,1.1278079266272902,68.99075154312253
0.07911701388732184,1.3033997997830475,85.31949158263194
0.05765123045564621,0.9655094505503421,51.95257344314315
0.02919128328173371,7.390539707857117,95.86467682524706
0.14605056339477757,1.3440518255975054,55.2362897482058
0.10067607648426859,5.373399299127414,74.84197324338776
0.03429964017201362,5.464788552908924,72.43006264921503
0.057004661317757804,5.199800783277104,59.181410409650304
0.01666556325779288,2.9265518355509514,68.24534654197497
0.03948621338538379,6.77373559226629,82.44119747961848
0.014424140454140292,1.3720450828132842,91.89362855585543
0.02620033389040262,1.7184890712712904,53.491276687624236
0.02333093443121985,0.31708074009072007,79.07692018702902
0.03021128415073468,6.474349451016106,52.74420062672756
0.02838970255663386,4.884890370102061,69.83987745682731
0.06012894193049577,5.0699675581572325,73.06532771178867
0.03358541852120161,2.412078996015454,57.49574683501352
0.06968783829151472,7.828445453641622,53.3492792973371
0.08188720359794413,0.21888869943099243,80.1068798630011
0.031664485826740044,5.479935781571965,53.20904433511277
0.023462133538295005,7.653516193921414,94.43363355303644
0.020268103123380433,1.011932733477105,98.21964472961906
0.06597450171389421,3.3740950887972954,83.3415937873522
0.016912567720800315,5.266053840401105,77.4668659194047
0.014695258732477557,7.381563963859229,99.62306906931589
0.02686562429441585,1.7509666661621517,70.43804149221302
0.060406512678031835,0.7628777155135487,51.56659818984063
0.041964221276445585,0.7653868499495501,58.06575315492967
0.10080238888282189,5.155154919395266,74.82739031152543
0.11710223859637794,7.1011873524897595,86.05437916126287
0.0669387280438413,4.784657376465816,55.03661445298795
0.04722272410447226,2.7000304521638565,53.63018572223146
0.15075740751278155,1.2394652594465156,80.71259618842073
0.0669995915120474,1.834014014188712,73.27994762338017
0.05765123045564621,0.9655094505503421,51.95257344314315
0.02919128328173371,7.390539707857117,95.86467682524706
0.1288270758618505,1.4028553349698312,57.433104074058534
0.11548473918637359,6.100171476118025,75.72553834739891
0.037967722421560386,4.5590082365887685,90.09226248599057
0.057004661317757804,5.199800783277104,59.181410409650304
0.011652615568713887,1.140008814807831,57.19174981038541
0.03948621338538379,6.77373559226629,82.44119747961848
0.01758888452036826,1.4651487298183232,81.57334841932627
0.02620033389040262,1.7184890712712904,53.491276687624236
0.02333093443121985,0.31708074009072007,79.07692018702902
0.03021128415073468,6.474349451016106,52.74420062672756
0.02838970255663386,4.884890370102061,69.83987745682731
0.05459768852034028,4.516105324177689,69.82087157868918
0.03358541852120161,2.412078996015454,57.49574683501352
0.06968783829151472,7.828445453641622,53.3492792973371
0.08188720359794413,0.21888869943099243,80.1068798630011
0.0316981623378039,5.479563488595036,53.21698147241705
0.023462133538295005,7.653516193921414,94.43363355303644
0.020268103123380433,1.011932733477105,98.21964472961906
0.07474854492209576,2.613487750196299,90.84826874397581
0.016912567720800315,5.266053840401105,77.4668659194047
0.014695258732477557,7.381563963859229,99.62306906931589
0.02686562429441585,1.7509666661621517,70.43804149221302
0.060406512678031835,0.7628777155135487,51.56659818984063
0.041964221276445585,0.7653868499495501,58.06575315492967
0.08712926534878573,5.1041229696522254,73.88563710708426
0.11710223859637794,7.1011873524897595,86.05437916126287
0.0669387280438413,4.784657376465816,55.03661445298795
0.04722272410447226,2.7000304521638565,53.63018572223146
0.1518533999265334,1.1918702543081245,80.96688183863914
0.08107326278590005,2.4347443921411105,81.83263007346626
0.06191039562162421,0.11044001367136858,51.82969889786168
0.02919128328173371,7.390539707857117,95.86467682524706
0.11489498236300622,1.8868101030488336,62.440958866769805
0.11548473918637359,6.100171476118025,75.72553834739891
0.033625360466412145,4.773002132103359,90.9243205752409
0.07835418630807608,4.175045755559109,58.56676641706268
0.011652615568713887,1.140008814807831,57.19174981038541
0.03912500694094222,6.665441889304699,82.73775508868006
0.01758888452036826,1.4651487298183232,81.57334841932627
0.028148187586200066,1.8507500811702444,53.802010152057726
0.02333093443121985,0.31708074009072007,79.07692018702902
0.026171580554840326,6.492075578215579,51.65549380008546
0.01986430022813032,4.853071166385779,69.25267988327856
0.058251299852863744,4.876047388460494,71.92184167703115
0.05298845288842135,3.537426335202094,57.764680300980885
0.06968783829151472,7.828445453641622,53.3492792973371
0.08188720359794413,0.21888869943099243,80.1068798630011
0.0316981623378039,5.479563488595036,53.21698147241705
0.023462133538295005,7.653516193921414,94.43363355303644
0.024708974144877924,2.747721812340151,80.7349563828668
0.06061561623230356,4.221019796357004,87.63058409994852
0.017922263397367043,5.280634232618728,75.81086194272268
0.014695258732477557,7.381563963859229,99.62306906931589
0.019762689469231293,2.0834714436315744,74.20961253253438
0.06996067578947128,2.3149994514676746,59.546305255695636
0.04158687376326294,0.6265577999204508,58.384047238820216
0.08712926534878573,5.1041229696522254,73.88563710708426
0.11710223859637794,7.1011873524897595,86.05437916126287
0.0710043843972869,5.058133044390491,52.85040202865428
0.04722272410447226,2.7000304521638565,53.63018572223146
0.15091152732132418,1.1937873171217634,80.9711362334552
0.07915946463544009,2.9333735499120825,76.32395946611277
0.06191039562162421,0.11044001367136858,51.82969889786168
0.029343879148461385,7.274216955162618,93.2686752269471
0.1544425729661289,0.5228822149581074,56.3762132414644
0.17890578640865276,7.1284039273642055,63.95019017757397
0.033625360466412145,4.773002132103359,90.9243205752409
0.07835418630807608,4.175045755559109,58.56676641706268
0.011652615568713887,1.140008814807831,57.19174981038541
0.03912500694094222,6.665441889304699,82.73775508868006
0.01758888452036826,1.4651487298183232,81.57334841932627
0.020416417048979646,0.7381223104355277,53.88627689538332
0.02333093443121985,0.31708074009072007,79.07692018702902
0.026171580554840326,6.492075578215579,51.65549380008546
0.04030044669191299,3.9195818583025708,64.94759591914098
0.06654537871801164,6.991067827476425,78.6597595703303
0.05438072028021678,3.460745916333744,57.770300313525716
0.06968783829151472,7.828445453641622,53.3492792973371
0.0749449932615733,0.3534458603160595,80.2652126672755
0.03297961171149695,5.433120066245954,51.51161500375352
0.023462133538295005,7.653516193921414,94.43363355303644
0.02863220736035778,1.2835064495765325,83.58145619440192
0.06061561623230356,4.221019796357004,87.63058409994852
0.01585026858751651,6.053936880082819,74.30752719003199
0.014695258732477557,7.381563963859229,99.62306906931589
0.025835537602245637,2.219824848628858,69.65842622328387
0.0739950809537483,2.3804667967159823,57.8494754444623
0.04158687376326294,0.6265577999204508,58.384047238820216
0.06369464895113267,5.262848018652558,65.14754621689114
0.08565772645679287,5.323595877883937,77.44769785747181
0.0710043843972869,5.058133044390491,52.85040202865428
0.04722272410447226,2.7000304521638565,53.63018572223146
0.15091152732132418,1.1937873171217634,80.9711362334552
0.08019791951102274,3.0474423464703744,76.59027109067392
0.06191039562162421,0.11044001367136858,51.82969889786168
0.029343879148461385,7.274216955162618,93.2686752269471
0.12439075542432948,0.8711045443817353,60.35547167063905
0.19063045580466434,7.318255592334399,63.82833907862542
0.033625360466412145,4.773002132103359,90.9243205752409
0.07797565572112987,4.265313166523889,59.21084605286028
0.01757333788380786,1.018718320691384,56.5600622495933
0.04162504896529834,6.539393641847311,80.39393144440868
0.01758888452036826,1.4651487298183232,81.57334841932627
0.036477792230370065,1.3590228551657253,54.82440862628575
0.02039782763833625,0.08462006072476957,84.48773450403655
0.026171580554840326,6.492075578215579,51.65549380008546
0.04025724252156746,3.924029079074317,64.928493780744
0.06654537871801164,6.991067827476425,78.6597595703303
0.051681451861565475,3.609410629879447,57.75940447378682
0.06968783829151472,7.828445453641622,53.3492792973371
0.0749449932615733,0.3534458603160595,80.2652126672755
0.03297961171149695,5.433120066245954,51.51161500375352
0.023462133538295005,7.653516193921414,94.43363355303644
0.030965101230364285,2.913863643572891,87.01217881365778
0.03715522691629128,3.188085115882302,97.1702943507064
0.01585026858751651,6.053936880082819,74.30752719003199
0.014695258732477557,7.381563963859229,99.62306906931589
0.025835537602245637,2.219824848628858,69.65842622328387
0.07376897679537082,2.3767977455434215,57.944572555624035
0.04210374045203985,0.7349515190170548,58.54217383869896
0.06369464895113267,5.262848018652558,65.14754621689114
0.08565772645679287,5.323595877883937,77.44769785747181
0.0710043843972869,5.058133044390491,52.85040202865428
0.04722272410447226,2.7000304521638565,53.63018572223146
0.17868690934741577,0.5093171512476138,84.99478333199207
0.0654257494257243,4.2752431856302415,81.43504292976174
0.05613580899352588,0.6335765009654262,58.39497100341565
0.029343879148461385,7.274216955162618,93.2686752269471
0.14223898766369075,0.9689510023305842,57.04906604183276
0.14286402397512168,6.415793542526441,59.44487253527692
0.033625360466412145,4.773002132103359,90.9243205752409
0.0847723382109529,4.4446737769757325,52.89052250107213
0.015851515601976795,0.10364936246591672,51.19024056184092
0.04271349122176806,7.355467698965061,76.30873474152384
0.01758888452036826,1.4651487298183232,81.57334841932627
0.03303461228714188,3.0241766310543996,65.30268652686114
0.025747083362761845,0.6061691010272905,78.33431207904444
0.026171580554840326,6.492075578215579,51.65549380008546
0.04311525669085561,4.371411752743559,66.53730152042972
0.05943913647873199,6.158207578925316,77.08850177399748
0.051681451861565475,3.609410629879447,57.75940447378682
0.06968783829151472,7.828445453641622,53.3492792973371
0.0749449932615733,0.3534458603160595,80.2652126672755
0.03297961171149695,5.433120066245954,51.51161500375352
0.023462133538295005,7.653516193921414,94.43363355303644
0.05744909865586372,4.042851672069702,82.16857256266519
0.03715522691629128,3.188085115882302,97.1702943507064
0.015333955054300751,6.007244624201298,73.58200622642111
0.014695258732477557,7.381563963859229,99.62306906931589
0.025835537602245637,2.219824848628858,69.65842622328387
0.06229853509791598,3.641298320385498,67.06516162954603
0.0365383536252766,0.25108187084984035,59.27933483193354
0.06369464895113267,5.262848018652558,65.14754621689114
0.08898174642600684,5.3870589406077105,76.4016285701862
0.07430921107559374,5.2658008799049405,51.620625075966245
0.04722272410447226,2.7000304521638565,53.63018572223146
0.17272267716087134,0.5191700179626331,83.83966659078627
0.06229778786784662,4.324203934244031,82.3684307485417
0.062211019098246514,0.627614908270557,59.72086537019847
0.029343879148461385,7.274216955162618,93.2686752269471
0.14223898766369075,0.9689510023305842,57.04906604183276
0.10156823709975941,6.283500435480527,64.02264830908646
0.033625360466412145,4.773002132103359,90.9243205752409
0.0847723382109529,4.4446737769757325,52.89052250107213
0.024394642934634364,0.8799599975742178,56.92502261802175
0.04271349122176806,7.355467698965061,76.30873474152384
0.02095789605083226,1.1104243194751193,80.2357552828001
0.029048787080413696,3.0956538793827195,64.77375685443566
0.025747083362761845,0.6061691010272905,78.33431207904444
0.026171580554840326,6.492075578215579,51.65549380008546
0.04311525669085561,4.371411752743559,66.53730152042972
0.04863364875951667,4.717992534565672,86.82618099314122
0.051681451861565475,3.609410629879447,57.75940447378682
0.07791561162444652,6.7640006844065095,55.11798450437075
0.0749449932615733,0.3534458603160595,80.2652126672755
0.03297961171149695,5.433120066245954,51.51161500375352
0.023462133538295005,7.653516193921414,94.43363355303644
0.05744909865586372,4.042851672069702,82.16857256266519
0.03292881956306771,3.9771935283977706,97.63184554355283
0.015333955054300751,6.007244624201298,73.58200622642111
0.014695258732477557,7.381563963859229,99.62306906931589
0.030997454793474034,1.2703094874155616,64.65263988003983
0.05308321599099004,2.4284991614508646,64.27989870244045
0.0365383536252766,0.25108187084984035,59.27933483193354
0.06369464895113267,5.262848018652558,65.14754621689114
0.10105399908312249,5.005049164007509,72.98730042407487
0.09852355893413417,4.097906125059508,59.548026781669584
0.04722272410447226,2.7000304521638565,53.63018572223146
0.17272267716087134,0.5191700179626331,83.83966659078627
0.08469624740836117,6.509565062694599,95.04581740936432
0.062211019098246514,0.627614908270557,59.72086537019847
0.02936370871618415,7.202218501331985,92.9255136591168
0.14223898766369075,0.9689510023305842,57.04906604183276
0.14408336383304166,7.674236923220921,62.193643197240554
0.033625360466412145,4.773002132103359,90.9243205752409
0.0847723382109529,4.4446737769757325,52.89052250107213
0.016601433114099694,0.459301549498061,54.927081053716265
0.04085192324586273,6.8638296209768646,74.78440442588963
0.02095789605083226,1.1104243194751193,80.2357552828001
0.029048787080413696,3.0956538793827195,64.77375685443566
0.025747083362761845,0.6061691010272905,78.33431207904444
0.03308989943239336,6.263144343785495,52.41018028055674
0.042773499301101144,4.379245509793674,66.16460992783506
0.04863364875951667,4.717992534565672,86.82618099314122
0.05980106099814434,5.41011986718114,56.944429874110966
0.07791561162444652,6.7640006844065095,55.11798450437075
0.0749449932615733,0.3534458603160595,80.2652126672755
0.03297961171149695,5.433120066245954,51.51161500375352
0.023462133538295005,7.653516193921414,94.43363355303644
0.05744909865586372,4.042851672069702,82.16857256266519
0.03393317271298773,3.7896717271369886,97.522163642202
0.015307981527111731,6.012014655363626,73.47567417846734
0.014695258732477557,7.381563963859229,99.62306906931589
0.031357091620931116,0.9656594093113604,63.23128812603004
0.0536345265910069,2.376170438751136,64.6830165699557
0.0365383536252766,0.25108187084984035,59.27933483193354
0.07620257979254025,6.538667177777058,67.86209584268839
0.07291305270467954,4.69729038848852,69.8545249133534
0.09198172223723322,3.7840358363377073,61.236715462894495
0.040593058658626946,2.053642276137986,61.256504994720615
0.13945974365448938,0.6487577416276673,83.04978199882996
0.1448388073358191,5.760372127537684,91.11319249264605
0.062211019098246514,0.627614908270557,59.72086537019847
0.028420457935317778,7.440008340281899,95.00095555526829
0.14223898766369075,0.9689510023305842,57.04906604183276
0.14408336383304166,7.674236923220921,62.193643197240554
0.019742846084846388,5.197552992642549,91.63139971353694
0.0847723382109529,4.4446737769757325,52.89052250107213
0.017391726088207833,0.5405643104325977,54.929541653522875
0.03008396811740376,7.056953583503005,85.97810013138921
0.02095789605083226,1.1104243194751193,80.2357552828001
0.03032447674835616,2.5608235161516752,60.58157898574547
0.025747083362761845,0.6061691010272905,78.33431207904444
0.03199032877072504,6.471179390401282,51.75332481099308
0.02826313208098523,4.554759080889729,67.61773206965823
0.04863364875951667,4.717992534565672,86.82618099314122
0.05980106099814434,5.41011986718114,56.944429874110966
0.07791561162444652,6.7640006844065095,55.11798450437075
0.07434606590755471,0.46781652032471666,80.16892899506928
0.05995564570114491,5.977264105975521,54.10521558090275
0.023462133538295005,7.653516193921414,94.43363355303644
0.061909268614552856,4.56886718590466,85.40571361625871
0.04136437583637065,3.596133193034151,94.74517692696661
0.015307981527111731,6.012014655363626,73.47567417846734
0.015899638551115577,7.346766106956881,99.00962960127826
0.031357091620931116,0.9656594093113604,63.23128812603004
0.0388478039332298,0.4715393514236519,68.35825760154638
0.0365383536252766,0.25108187084984035,59.27933483193354
0.09620666486093025,7.85975323661025,54.101708392792965
0.09385516749844364,3.7895065574461952,79.11777461931922
0.13210166958549455,1.9869770971297713,67.57884408588919
0.03826425959431153,1.8631556924570378,60.63697948636357
0.1062023758851798,2.6720520217934105,76.4553216066031
0.25104868934805513,7.647632930109525,84.97557764621305
0.07007093649822675,0.6566204137738274,60.5469800552554
0.028420457935317778,7.440008340281899,95.00095555526829
0.14223898766369075,0.9689510023305842,57.04906604183276
0.14408336383304166,7.674236923220921,62.193643197240554
0.01913167447927919,7.253383668965959,97.36342267405387
0.06264473254261738,5.620847167062809,69.42596111622296
0.017391726088207833,0.5405643104325977,54.929541653522875
0.03008396811740376,7.056953583503005,85.97810013138921
0.02095789605083226,1.1104243194751193,80.2357552828001
0.03032447674835616,2.5608235161516752,60.58157898574547
0.025747083362761845,0.6061691010272905,78.33431207904444
0.03199032877072504,6.471179390401282,51.75332481099308
0.02826313208098523,4.554759080889729,67.61773206965823
0.04863364875951667,4.717992534565672,86.82618099314122
0.05639181787023341,5.540192310375434,56.30806621716095
0.076790422011131,7.144602493914273,55.48351127265387
0.09480447834276859,0.4095750920215486,80.94123630611355
0.06369499047235282,6.454891522293435,54.03279651288803
0.023462133538295005,7.653516193921414,94.43363355303644
0.061909268614552856,4.56886718590466,85.40571361625871
0.03892243798254221,3.774811254974047,89.68889862915425
0.015307981527111731,6.012014655363626,73.47567417846734
0.015899638551115577,7.346766106956881,99.00962960127826
0.031357091620931116,0.9656594093113604,63.23128812603004
0.0388478039332298,0.4715393514236519,68.35825760154638
0.03451115034065282,1.305365255223017,61.32201443613993
0.09272587950851874,7.731546855530292,54.3494267212743
0.07503576462233025,4.839412092441794,83.68586979363133
0.0894588719030883,1.449281009520488,62.876534695773195
0.043104541930942666,0.676360594118222,52.332145695430434
0.1062023758851798,2.6720520217934105,76.4553216066031
0.17399216518344446,7.549041200523462,89.57442786456554
0.06413488664423268,1.4253538819432547,64.83727069100527
0.028420457935317778,7.440008340281899,95.00095555526829
0.14223898766369075,0.9689510023305842,57.04906604183276
0.14408336383304166,7.674236923220921,62.193643197240554
0.01913167447927919,7.253383668965959,97.36342267405387
0.05413502512370191,6.118198078191135,70.7492193799942
0.017391726088207833,0.5405643104325977,54.929541653522875
0.03535115766010533,6.937557151187071,81.28725803256012
0.02095789605083226,1.1104243194751193,80.2357552828001
0.028370485083419106,3.380030646357775,67.00279632347471
0.024863640813943644,0.6991870780712793,78.68506382896548
0.03199032877072504,6.471179390401282,51.75332481099308
0.02826313208098523,4.554759080889729,67.61773206965823
0.05531555024373273,7.67226051397778,99.41397710587017
0.05467632164893935,5.6046736045889345,53.788936592555906
0.076790422011131,7.144602493914273,55.48351127265387
0.09480447834276859,0.4095750920215486,80.94123630611355
0.06369499047235282,6.454891522293435,54.03279651288803
0.024383322187217754,7.626071972308413,93.50859875997261
0.061909268614552856,4.56886718590466,85.40571361625871
0.03892243798254221,3.774811254974047,89.68889862915425
0.015307981527111731,6.012014655363626,73.47567417846734
0.023813760853420705,7.199086379585572,91.56220755031264
0.031288375449187056,0.9595651432456429,63.19910856446738
0.03890866848717054,0.4182886423618033,68.50563718420081
0.03244309453487413,1.7225378235388171,57.94371507825885
0.09264273372183943,7.722701591463496,54.37920095246747
0.0818263759722421,5.3076647688820815,84.11910407920179
0.10953159667875906,1.468246533375475,61.32238302542022
0.04065390676410613,1.1467692090906016,54.19622793074179
0.11822909297609184,2.9469752015772763,78.58347819985356
0.17399216518344446,7.549041200523462,89.57442786456554
0.045956910848567775,0.00453826833220905,65.43835526802503
0.028420457935317778,7.440008340281899,95.00095555526829
0.1463247794515111,0.9641849624665139,56.267938635840295
0.14408336383304166,7.674236923220921,62.193643197240554
0.01913167447927919,7.253383668965959,97.36342267405387
0.05413502512370191,6.118198078191135,70.7492193799942
0.020470489847367195,0.6333927718561574,56.76164105014789
0.03751427691654707,7.8539581848175315,84.85240947860993
0.02095789605083226,1.1104243194751193,80.2357552828001
0.028370485083419106,3.380030646357775,67.00279632347471
0.025986014897144093,1.5571976171618664,74.94612554895488
0.033375813179257176,6.542521871415801,54.584298601807376
0.02737313276902814,4.6098442172736736,67.4394005224733
0.05531555024373273,7.67226051397778,99.41397710587017
0.05467632164893935,5.6046736045889345,53.788936592555906
0.09593281667975126,7.432345886706729,57.07736289821821
0.09523711389534838,0.4095076488325846,81.03748828478008
0.06369499047235282,6.454891522293435,54.03279651288803
0.022981599642105315,7.376774385033185,90.41443369420581
0.02048647686100008,5.721807725803265,96.72317999066617
0.03892243798254221,3.774811254974047,89.68889862915425
0.015307981527111731,6.012014655363626,73.47567417846734
0.023813760853420705,7.199086379585572,91.56220755031264
0.031288375449187056,0.9595651432456429,63.19910856446738
0.03890866848717054,0.4182886423618033,68.50563718420081
0.03318619677903915,2.213537511679509,54.56168498801566
0.09012713760879558,7.5823643122686875,54.340090943162124
0.09451150470619629,5.168895421638839,98.29005469716327
0.11752903885661896,2.0605871684917165,50.292224275980544
0.04065390676410613,1.1467692090906016,54.19622793074179
0.14436301939880483,1.7700015240088547,74.99099856461265
0.17399216518344446,7.549041200523462,89.57442786456554
0.045956910848567775,0.00453826833220905,65.43835526802503
0.028420457935317778,7.440008340281899,95.00095555526829
0.18445582900528715,1.1579696698652668,51.92374589247595
0.14408336383304166,7.674236923220921,62.193643197240554
0.01913167447927919,7.253383668965959,97.36342267405387
0.05413502512370191,6.118198078191135,70.7492193799942
0.019898708473051606,0.6475009627336655,56.56698117303891
0.03751427691654707,7.8539581848175315,84.85240947860993
0.024933984032637795,0.9571165798049226,77.63753942538187
0.02716010935259147,4.384068610443984,68.58061137957156
0.025986014897144093,1.5571976171618664,74.94612554895488
0.033375813179257176,6.542521871415801,54.584298601807376
0.02737313276902814,4.6098442172736736,67.4394005224733
0.05531555024373273,7.67226051397778,99.41397710587017
0.05467632164893935,5.6046736045889345,53.788936592555906
0.09593281667975126,7.432345886706729,57.07736289821821
0.09523711389534838,0.4095076488325846,81.03748828478008
0.06369499047235282,6.454891522293435,54.03279651288803
0.022981599642105315,7.376774385033185,90.41443369420581
0.02357089526741362,4.361977455455161,87.15057920010041
0.04800989904240849,1.7152022907188602,88.56215392949326
0.0168635368806476,5.7071112782480995,73.06774820075753
0.023813760853420705,7.199086379585572,91.56220755031264
0.031288375449187056,0.9595651432456429,63.19910856446738
0.03890866848717054,0.4182886423618033,68.50563718420081
0.03318619677903915,2.213537511679509,54.56168498801566
0.09012713760879558,7.5823643122686875,54.340090943162124
0.09451150470619629,5.168895421638839,98.29005469716327
0.11752903885661896,2.0605871684917165,50.292224275980544
0.03925375832270403,1.118782171067525,55.54216003684238
0.11400329400218398,3.0754889953345472,69.40889745381918
0.16373797657691858,7.426627673591042,87.96386683948396
0.045956910848567775,0.00453826833220905,65.43835526802503
0.028420457935317778,7.440008340281899,95.00095555526829
0.17687522902233407,1.148150185920137,52.48178881931603
0.14408336383304166,7.674236923220921,62.193643197240554
0.016568416553481846,7.703921027423841,98.35741083330643
0.05413502512370191,6.118198078191135,70.7492193799942
0.018458429372879163,0.41735556481693603,55.970352117069574
0.03729918729568721,7.736040497237296,84.72905434859648
0.024933984032637795,0.9571165798049226,77.63753942538187
0.02716010935259147,4.384068610443984,68.58061137957156
0.020308867596728165,2.643560512372211,68.2910513523507
0.03437771095518932,6.890438950788807,52.328258894263115
0.02737313276902814,4.6098442172736736,67.4394005224733
0.05531555024373273,7.67226051397778,99.41397710587017
0.04867538298833758,4.657727050927672,54.00472015590446
0.09593281667975126,7.432345886706729,57.07736289821821
0.09523711389534838,0.4095076488325846,81.03748828478008
0.07148671852086443,7.1894419228499915,54.243480619197236
0.022134169216879794,7.805550157404429,93.39178886794662
0.02357089526741362,4.361977455455161,87.15057920010041
0.04800989904240849,1.7152022907188602,88.56215392949326
0.010942043851919192,4.4359694853770435,57.310729069071115
0.023813760853420705,7.199086379585572,91.56220755031264
0.014346378592827627,1.1052923705154778,58.47317056338356
0.03890866848717054,0.4182886423618033,68.50563718420081
0.03318619677903915,2.213537511679509,54.56168498801566
0.09012713760879558,7.5823643122686875,54.340090943162124
0.09451150470619629,5.168895421638839,98.29005469716327
0.11752903885661896,2.0605871684917165,50.292224275980544
0.03925375832270403,1.118782171067525,55.54216003684238
0.1101022916475432,3.2744307577717295,70.57542433586659
0.16373797657691858,7.426627673591042,87.96386683948396
0.045956910848567775,0.00453826833220905,65.43835526802503
0.028420457935317778,7.440008340281899,95.00095555526829
0.17509993006235058,1.279826323811914,52.51981895662559
0.14408336383304166,7.674236923220921,62.193643197240554
0.016568416553481846,7.703921027423841,98.35741083330643
0.05693950583836969,6.291338683795866,68.08146673035546
0.018458429372879163,0.41735556481693603,55.970352117069574
0.03729918729568721,7.736040497237296,84.72905434859648
0.025817560108703168,0.9447507446339565,79.23687913780485
0.026602049241957,4.129673559573471,67.77188447906862
0.019687503328709458,1.835935061720825,64.16542929259619
0.032455520097501606,7.0668957348614505,51.921372102093784
0.031228557378160535,3.5057911687322516,56.406990652579445
0.04227313942363709,6.149075356728349,85.13107440427648
0.04844140605032357,3.623167257809196,66.15473908487769
0.09593281667975126,7.432345886706729,57.07736289821821
0.09523711389534838,0.4095076488325846,81.03748828478008
0.07148671852086443,7.1894419228499915,54.243480619197236
0.022134169216879794,7.805550157404429,93.39178886794662
0.028038103754178034,4.412789970531861,87.85204426887071
0.04800989904240849,1.7152022907188602,88.56215392949326
0.010831159769051852,4.461993495668453,57.147288621074935
0.023813760853420705,7.199086379585572,91.56220755031264
0.014346378592827627,1.1052923705154778,58.47317056338356
0.03890866848717054,0.4182886423618033,68.50563718420081
0.022716790492856874,0.8533794106252,54.648665808842445
0.09030065021551899,7.586021793771996,54.34099023137386
0.09451150470619629,5.168895421638839,98.29005469716327
0.11752903885661896,2.0605871684917165,50.292224275980544
0.03925375832270403,1.118782171067525,55.54216003684238
0.09039067007535823,1.7484591139753443,64.18500723180009
0.16373797657691858,7.426627673591042,87.96386683948396
0.04005799409770347,1.3789468293595637,66.4244755510889
0.028420457935317778,7.440008340281899,95.00095555526829
0.19163428045000602,1.1883541664952688,50.242897752151336
0.12205347229037569,7.527122945258542,59.78111823017464
0.016568416553481846,7.703921027423841,98.35741083330643
0.05693950583836969,6.291338683795866,68.08146673035546
0.027635659759131903,0.8172456136217375,56.17538443818912
0.03729918729568721,7.736040497237296,84.72905434859648
0.025817560108703168,0.9447507446339565,79.23687913780485
0.01315933057271303,6.8776965313266185,69.11796900493702
0.019687503328709458,1.835935061720825,64.16542929259619
0.032455520097501606,7.0668957348614505,51.921372102093784
0.02646077959049162,4.654258678176658,50.997682731304195
0.04227313942363709,6.149075356728349,85.13107440427648
0.04844140605032357,3.623167257809196,66.15473908487769
0.09593281667975126,7.432345886706729,57.07736289821821
0.09523711389534838,0.4095076488325846,81.03748828478008
0.07148671852086443,7.1894419228499915,54.243480619197236
0.022134169216879794,7.805550157404429,93.39178886794662
0.028038103754178034,4.412789970531861,87.85204426887071
0.04800989904240849,1.7152022907188602,88.56215392949326
0.010831159769051852,4.461993495668453,57.147288621074935
0.023813760853420705,7.199086379585572,91.56220755031264
0.020472712993595134,1.7576079631217496,58.01968192396903
0.055727582150699465,2.7640531173340417,63.87001181693555
0.03511471235202776,2.4640852512463507,54.54566269764594
0.09030065021551899,7.586021793771996,54.34099023137386
0.09451150470619629,5.168895421638839,98.29005469716327
0.11752903885661896,2.0605871684917165,50.292224275980544
0.0391940598523042,1.320893117588497,56.43361546212434
0.09039067007535823,1.7484591139753443,64.18500723180009
0.16373797657691858,7.426627673591042,87.96386683948396
0.04005799409770347,1.3789468293595637,66.4244755510889
0.029413159163703007,7.250757421226671,93.5706699184477
0.19163428045000602,1.1883541664952688,50.242897752151336
0.12205347229037569,7.527122945258542,59.78111823017464
0.016568416553481846,7.703921027423841,98.35741083330643
0.051010994008660465,6.497974362759322,73.57122693778396
0.027635659759131903,0.8172456136217375,56.17538443818912
0.03676624873954401,7.54668786485994,83.88309849831462
0.025817560108703168,0.9447507446339565,79.23687913780485
0.01315933057271303,6.8776965313266185,69.11796900493702
0.019687503328709458,1.835935061720825,64.16542929259619
0.032455520097501606,7.0668957348614505,51.921372102093784
0.02646077959049162,4.654258678176658,50.997682731304195
0.04227313942363709,6.149075356728349,85.13107440427648
0.07554824733098407,1.1227472211114353,63.87812122626773
0.07393547220011419,5.81773940984709,59.12232318913871
0.09523711389534838,0.4095076488325846,81.03748828478008
0.07148671852086443,7.1894419228499915,54.243480619197236
0.018832276395006113,7.820684557295285,95.27793372966701
0.02807587782089417,4.750273779684445,90.8252685597472
0.05070127888210123,0.7891968298259702,94.90212172056557
0.010831159769051852,4.461993495668453,57.147288621074935
0.024466891407299268,7.181086197883809,91.13948695535898
0.020472712993595134,1.7576079631217496,58.01968192396903
0.055727582150699465,2.7640531173340417,63.87001181693555
0.03511471235202776,2.4640852512463507,54.54566269764594
0.10553860245096514,7.907223402703417,54.41996611142696
0.09451150470619629,5.168895421638839,98.29005469716327
0.11752903885661896,2.0605871684917165,50.292224275980544
0.05307228648303347,0.9971542517336112,55.257856582434556
0.07841235156526932,0.7867301488975524,60.109964795722405
0.16304427744127134,7.581755211615112,88.90187654036419
0.04005799409770347,1.3789468293595637,66.4244755510889
0.05919210926506811,7.324518434459875,92.53025532915461
0.19163428045000602,1.1883541664952688,50.242897752151336
0.12205347229037569,7.527122945258542,59.78111823017464
0.016502640479370202,7.703819116469678,98.40065185879968
0.06162849654270334,6.172435702906887,85.95934430305178
0.03843328811971508,0.7912973007187976,74.4142130240442
0.03676624873954401,7.54668786485994,83.88309849831462
0.022620263584769276,0.9039581263069134,81.15773635306928
0.013274974841213708,6.997688677106579,69.71257339318474
0.022681303381621297,2.2815180157004598,65.06440564793148
0.032455520097501606,7.0668957348614505,51.921372102093784
0.02646077959049162,4.654258678176658,50.997682731304195
0.04227313942363709,6.149075356728349,85.13107440427648
0.07554824733098407,1.1227472211114353,63.87812122626773
0.07919008321335227,5.557447436550431,58.856539226123395
0.09523711389534838,0.4095076488325846,81.03748828478008
0.07148671852086443,7.1894419228499915,54.243480619197236
0.03985397811739946,6.881697521230638,89.51493396504279
0.03836146159847645,3.9403767599291273,84.5490078958967
0.05096191946152029,0.7611891292346307,95.5769676427089
0.010831159769051852,4.461993495668453,57.147288621074935
0.024466891407299268,7.181086197883809,91.13948695535898
0.020472712993595134,1.7576079631217496,58.01968192396903
0.057514837341191984,1.3491595701752574,60.193933567855
0.036446730510747954,0.15848770188244377,55.86019823793427
0.09656289984960076,7.794373731892012,61.80060267217533
0.09451150470619629,5.168895421638839,98.29005469716327
0.1473769296793581,1.2105036742536783,50.06100818462048
0.04132002547338658,0.9314840289079933,50.750480868804246
0.07841235156526932,0.7867301488975524,60.109964795722405
0.13758166049242032,7.663188902284009,78.52198700844123
0.04383545290743476,0.23253570342260765,61.289537297668495
0.05371820439954163,7.378747538607473,90.41957985271381
0.16808889417591052,1.1537633444502418,54.35994029131137
0.12205347229037569,7.527122945258542,59.78111823017464
0.016502640479370202,7.703819116469678,98.40065185879968
0.06162849654270334,6.172435702906887,85.95934430305178
0.053292302468983935,3.667553156620487,65.34655503510332
0.03676624873954401,7.54668786485994,83.88309849831462
0.02301799627521967,0.46187025006634475,80.03670109850279
0.012571729285917516,6.995372140798635,69.89945270739388
0.022681303381621297,2.2815180157004598,65.06440564793148
0.032455520097501606,7.0668957348614505,51.921372102093784
0.02646077959049162,4.654258678176658,50.997682731304195
0.03636668376391818,6.789142544109604,85.58758442160836
0.07554824733098407,1.1227472211114353,63.87812122626773
0.06019024441428954,5.232003335544184,56.02477403509219
0.09523711389534838,0.4095076488325846,81.03748828478008
0.07148671852086443,7.1894419228499915,54.243480619197236
0.040929978362610885,6.708094529164609,88.74211475901565
0.03836146159847645,3.9403767599291273,84.5490078958967
0.05096191946152029,0.7611891292346307,95.5769676427089
0.010831159769051852,4.461993495668453,57.147288621074935
0.024466891407299268,7.181086197883809,91.13948695535898
0.020472712993595134,1.7576079631217496,58.01968192396903
0.05978016540153865,1.1981091301639282,60.34177218397922
0.036446730510747954,0.15848770188244377,55.86019823793427
0.09656289984960076,7.794373731892012,61.80060267217533
0.09451150470619629,5.168895421638839,98.29005469716327
0.1473769296793581,1.2105036742536783,50.06100818462048
0.04132002547338658,0.9314840289079933,50.750480868804246
0.10738064227638308,1.2203972646195151,63.04352016811722
0.13758166049242032,7.663188902284009,78.52198700844123
0.04383545290743476,0.23253570342260765,61.289537297668495
0.05371820439954163,7.378747538607473,90.41957985271381
0.16808889417591052,1.1537633444502418,54.35994029131137
0.12205347229037569,7.527122945258542,59.78111823017464
0.017203809673576733,7.671532485494593,97.94837091873356
0.04699345629868325,7.01930919401433,92.08626201534781
0.03245322123830269,5.286219987659641,57.55096312621504
0.03676624873954401,7.54668786485994,83.88309849831462
0.02301799627521967,0.46187025006634475,80.03670109850279
0.012571729285917516,6.995372140798635,69.89945270739388
0.022681303381621297,2.2815180157004598,65.06440564793148
0.03404228913545522,7.015185078482875,51.93646561821599
0.02646077959049162,4.654258678176658,50.997682731304195
0.03636668376391818,6.789142544109604,85.58758442160836
0.07554824733098407,1.1227472211114353,63.87812122626773
0.06019024441428954,5.232003335544184,56.02477403509219
0.08128672211218264,1.2705006121805047,74.94430142338737
0.10167414056060325,4.811154532359399,52.579786993566685
0.05771430007985851,4.761434895463269,86.36090042711928
0.03618621890174504,4.070862258823615,78.41639507749076
0.04461301196790213,2.924459635482269,80.60023812259179
0.010831159769051852,4.461993495668453,57.147288621074935
0.024466891407299268,7.181086197883809,91.13948695535898
0.020472712993595134,1.7576079631217496,58.01968192396903
0.057682793882355046,1.1561049042128868,61.46541597212811
0.037868509671405835,0.38400864355656417,54.36944306551451
0.09656289984960076,7.794373731892012,61.80060267217533
0.08680346990515533,5.383685337643382,96.60613717267103
0.1473857871602731,1.2105269769438904,50.06095060240849
0.04132002547338658,0.9314840289079933,50.750480868804246
0.09986976642555312,1.9416580232789027,66.65581679778312
0.09221784828930463,5.350938181720828,79.53606427803152
0.04383545290743476,0.23253570342260765,61.289537297668495
0.05241750453185123,6.438212223524798,86.58568374317139
0.18816780824772336,1.3026304539317852,53.24014206743524
0.08529152294564459,4.523800861306686,55.66902037831538
0.02039441792964774,7.524615033614243,95.89030659793647
0.04699345629868325,7.01930919401433,92.08626201534781
0.03298364461978766,5.025714205477635,57.14414972433211
0.03676624873954401,7.54668786485994,83.88309849831462
0.018584447647942922,0.48511545442053583,87.69953628690362
0.012571729285917516,6.995372140798635,69.89945270739388
0.022681303381621297,2.2815180157004598,65.06440564793148
0.037787093678605777,6.658652042725149,57.38225474743442
0.02646077959049162,4.654258678176658,50.997682731304195
0.036818034493142804,5.666684787956452,80.12657884428074
0.07554824733098407,1.1227472211114353,63.87812122626773
0.026782535405017432,6.102195674055217,51.08624540701121
0.10470145561951466,1.7485712658268882,86.03998681250415
0.10167414056060325,4.811154532359399,52.579786993566685
0.05771430007985851,4.761434895463269,86.36090042711928
0.03475338657158186,3.881018029326745,76.9997877615722
0.04461301196790213,2.924459635482269,80.60023812259179
0.010831159769051852,4.461993495668453,57.147288621074935
0.024466891407299268,7.181086197883809,91.13948695535898
0.03850713664807322,1.4660804863001737,59.689708597948446
0.04885324096208695,0.8120468135734609,58.30334018716934
0.037868509671405835,0.38400864355656417,54.36944306551451
0.09656289984960076,7.794373731892012,61.80060267217533
0.08680346990515533,5.383685337643382,96.60613717267103
0.1473857871602731,1.2105269769438904,50.06095060240849
0.041938620376763366,0.7765037935308525,50.74018978045071
0.1163353016759713,0.5762863156818909,71.06730666674125
0.10842950483190396,7.065979001218035,85.64999117574283
0.04383545290743476,0.23253570342260765,61.289537297668495
0.05467233407925359,6.196644567294626,84.29903991503221
0.13418536201980294,3.3046043507868177,66.96317769909756
0.07460235611738125,4.336311206064305,57.68465254388996
0.019557252270732982,7.59523318391005,96.86691776024098
0.04881174586659989,7.4855093230219065,94.32739130332446
0.03298364461978766,5.025714205477635,57.14414972433211
0.03676624873954401,7.54668786485994,83.88309849831462
0.024183394211831008,1.6610415397910594,83.99444960661523
0.012571729285917516,6.995372140798635,69.89945270739388
0.022681303381621297,2.2815180157004598,65.06440564793148
0.03806036392975214,6.657664799372351,50.91980691000539
0.02646077959049162,4.654258678176658,50.997682731304195
0.03661994050509344,6.662868616638384,84.98374620313396
0.1054846660265274,2.1293845830235067,65.1989974904648
0.026782535405017432,6.102195674055217,51.08624540701121
0.08743820303915541,2.7317159287721884,83.0155762544017
0.10424149825995635,5.014391375722148,52.193176484061915
0.06310893088152826,5.951339555572741,95.05705702865791
0.03475338657158186,3.881018029326745,76.9997877615722
0.04430179310260573,1.8470141343054676,72.8711089742561
0.010831159769051852,4.461993495668453,57.147288621074935
0.021151983762284186,7.322437015117279,92.818548063076
0.04221042460378822,0.0017347759256409745,62.40716575934281
0.04885324096208695,0.8120468135734609,58.30334018716934
0.037868509671405835,0.38400864355656417,54.36944306551451
0.09656289984960076,7.794373731892012,61.80060267217533
0.08680346990515533,5.383685337643382,96.60613717267103
0.11237992237740059,2.712621868149398,55.2122229039149
0.041938620376763366,0.7765037935308525,50.74018978045071
0.1163353016759713,0.5762863156818909,71.06730666674125
0.13531251754608925,7.383313491643173,97.03042113502923
0.04383545290743476,0.23253570342260765,61.289537297668495
0.05467233407925359,6.196644567294626,84.29903991503221
0.13418536201980294,3.3046043507868177,66.96317769909756
0.047023567675195665,4.813850475275528,53.38996350570958
0.019557252270732982,7.59523318391005,96.86691776024098
0.04881174586659989,7.4855093230219065,94.32739130332446
0.030737368884714702,6.091590708173935,58.750525913470796
0.058260966589006175,6.7400069124799975,73.78804976252954
0.024183394211831008,1.6610415397910594,83.99444960661523
0.012571729285917516,6.995372140798635,69.89945270739388
0.024574690349370938,2.453390388809099,66.46908108313124
0.04622560530618374,6.427419447732314,65.30750827450113
0.02646077959049162,4.654258678176658,50.997682731304195
0.03723896804279047,6.111202577155383,82.95099135793822
0.10444755043678804,2.3100521390187896,66.9426135834554
0.025194654476175853,6.203264569336854,50.905521914971736
0.11862691507437714,2.948543682168476,91.66135598908974
0.10424149825995635,5.014391375722148,52.193176484061915
0.06310893088152826,5.951339555572741,95.05705702865791
0.03475338657158186,3.881018029326745,76.9997877615722
0.04430179310260573,1.8470141343054676,72.8711089742561
0.010831159769051852,4.461993495668453,57.147288621074935
0.020817653165479493,7.946825483625782,93.79174722310823
0.04221042460378822,0.0017347759256409745,62.40716575934281
0.04005845440373099,1.6563062809980145,58.03593697158429
0.05632510137068408,1.6111752685935956,62.130128865589235
0.09656289984960076,7.794373731892012,61.80060267217533
0.09226418286479846,5.838084969069346,99.65566805783375
0.15471766357425573,1.7558558426188617,57.28899072659071
0.041938620376763366,0.7765037935308525,50.74018978045071
0.113118636791121,1.0454199247449063,69.95122044195058
0.1335318626261118,6.744601969665826,94.59427097305041
0.04383545290743476,0.23253570342260765,61.289537297668495
0.05467233407925359,6.196644567294626,84.29903991503221
0.17282917479697557,3.98131331343224,70.62825740933195
0.047023567675195665,4.813850475275528,53.38996350570958
0.019557252270732982,7.59523318391005,96.86691776024098
0.04881174586659989,7.4855093230219065,94.32739130332446
0.030737368884714702,6.091590708173935,58.750525913470796
0.03664409285926994,6.860827443120724,71.9482442308883
0.024183394211831008,1.6610415397910594,83.99444960661523
0.012571729285917516,6.995372140798635,69.89945270739388
0.024702558148889858,2.7123142422676514,60.74213902092552
0.04622560530618374,6.427419447732314,65.30750827450113
0.02646077959049162,4.654258678176658,50.997682731304195
0.03723896804279047,6.111202577155383,82.95099135793822
0.1053714523346934,2.175305919782251,67.263179827756
0.025194654476175853,6.203264569336854,50.905521914971736
0.19432225547305593,3.9804610867845933,97.8062887820005
0.10424149825995635,5.014391375722148,52.193176484061915
0.06310893088152826,5.951339555572741,95.05705702865791
0.03475338657158186,3.881018029326745,76.9997877615722
0.04574181265197444,3.117588091795952,80.07609594880364
0.010831159769051852,4.461993495668453,57.147288621074935
0.020817653165479493,7.946825483625782,93.79174722310823
0.04221042460378822,0.0017347759256409745,62.40716575934281
0.03975405558938179,1.771051911766531,57.77372027209261
0.05632510137068408,1.6111752685935956,62.130128865589235
0.09808369642690523,6.824241680029877,62.743716612351996
0.09226418286479846,5.838084969069346,99.65566805783375
0.15471766357425573,1.7558558426188617,57.28899072659071
0.041938620376763366,0.7765037935308525,50.74018978045071
0.113118636791121,1.0454199247449063,69.95122044195058
0.13603812262984677,6.568368037742422,93.0657933768587
0.04383545290743476,0.23253570342260765,61.289537297668495
0.060394055636899854,7.89402599905215,94.47249882501998
0.22171739934177337,3.245528405605665,77.15931477579865
0.047023567675195665,4.813850475275528,53.38996350570958
0.019557252270732982,7.59523318391005,96.86691776024098
0.038845519144465254,6.944412127044825,76.00370411131453
0.035855145590601004,6.016589947018399,58.293965847425184
0.0354101287847856,6.813975773440437,69.67503988531806
0.026147851206166448,1.6803770245557663,80.87869985420677
0.03237617950233987,7.367527720745908,80.07578049476803
0.024702558148889858,2.7123142422676514,60.74213902092552
0.046131220320570675,5.781691609176545,68.1887693334202
0.02646077959049162,4.654258678176658,50.997682731304195
0.03723896804279047,6.111202577155383,82.95099135793822
0.1850797112286223,0.24736725615144817,75.79203089604636
0.025194654476175853,6.203264569336854,50.905521914971736
0.1936018127108745,3.9616167631249652,97.63862896340846
0.10424149825995635,5.014391375722148,52.193176484061915
0.06579496557608655,4.029290578125908,95.63540537783778
0.03475338657158186,3.881018029326745,76.9997877615722
0.058176307451402724,2.638737064321945,88.24289066415551
0.010831159769051852,4.461993495668453,57.147288621074935
0.020817653165479493,7.946825483625782,93.79174722310823
0.04031138610064578,0.5627202470080679,61.031449192213636
0.04039370311293096,1.8205941193039754,58.28390155659136
0.054248461564187604,2.244783773327855,63.778361543054636
0.09828408709350761,6.747219629016355,62.839780611407825
0.07160362017279458,6.2659755229193195,90.5078749482118
0.18513402144358249,2.2300828754649107,55.90529093217211
0.041938620376763366,0.7765037935308525,50.74018978045071
0.113118636791121,1.0454199247449063,69.95122044195058
0.15078770123194848,6.517357147970147,95.83329758082058
0.04376033951131918,0.3017678792112033,61.40086695862174
0.060394055636899854,7.89402599905215,94.47249882501998
0.22171739934177337,3.245528405605665,77.15931477579865
0.047023567675195665,4.813850475275528,53.38996350570958
0.019557252270732982,7.59523318391005,96.86691776024098
0.04708996894088691,7.674972319616861,81.5530286118843
0.035855145590601004,6.016589947018399,58.293965847425184
0.03562982981248229,6.420313144869135,64.05630003158231
0.018928144216798892,1.6093158942275925,92.32959968527861
0.03237617950233987,7.367527720745908,80.07578049476803
0.024702558148889858,2.7123142422676514,60.74213902092552
0.046131220320570675,5.781691609176545,68.1887693334202
0.024569360962167393,5.460022704002989,63.56487071829205
0.03753467465460918,6.264565624665013,81.67225284106888
0.1182392048259446,2.737250929971194,65.38813889589943
0.025194654476175853,6.203264569336854,50.905521914971736
0.1936018127108745,3.9616167631249652,97.63862896340846
0.1028583993622478,5.040312481423213,52.804395484026024
0.06579496557608655,4.029290578125908,95.63540537783778
0.03776436903175631,4.075889661870006,78.10351519053863
0.058176307451402724,2.638737064321945,88.24289066415551
0.010831159769051852,4.461993495668453,57.147288621074935
0.020817653165479493,7.946825483625782,93.79174722310823
0.03021654491425213,0.3388881310832419,58.620707215406355
0.04039370311293096,1.8205941193039754,58.28390155659136
0.054248461564187604,2.244783773327855,63.778361543054636
0.09942259558003935,6.844109726595484,62.92937937740083
0.07160362017279458,6.2659755229193195,90.5078749482118
0.18513402144358249,2.2300828754649107,55.90529093217211
0.041938620376763366,0.7765037935308525,50.74018978045071
0.08264127620435739,3.200288220445808,69.14935554281932
0.15078770123194848,6.517357147970147,95.83329758082058
0.04376033951131918,0.3017678792112033,61.40086695862174
0.060394055636899854,7.89402599905215,94.47249882501998
0.1801474845348207,3.871456636806921,68.32481993652704
0.047023567675195665,4.813850475275528,53.38996350570958
0.019557252270732982,7.59523318391005,96.86691776024098
0.044719962124646476,7.441877116698965,79.66000437116631
0.035855145590601004,6.016589947018399,58.293965847425184
0.0345859286141399,7.205892028791529,64.39723926782455
0.018928144216798892,1.6093158942275925,92.32959968527861
0.03649450346357646,6.707346622930094,72.6728072593934
0.024702558148889858,2.7123142422676514,60.74213902092552
0.04937604932704049,5.584363676120866,69.46566273611974
0.024569360962167393,5.460022704002989,63.56487071829205
0.036409302457451144,6.330133626349392,81.93468018978078
0.1182392048259446,2.737250929971194,65.38813889589943
0.025194654476175853,6.203264569336854,50.905521914971736
0.1936018127108745,3.9616167631249652,97.63862896340846
0.09294782527059206,4.507638425889473,60.66472200768668
0.04624776369563019,3.4834472112708856,85.6649866139834
0.015225560318851673,2.617171616328972,69.84152704490883
0.058176307451402724,2.638737064321945,88.24289066415551
0.010831159769051852,4.461993495668453,57.147288621074935
0.020817653165479493,7.946825483625782,93.79174722310823
0.03021654491425213,0.3388881310832419,58.620707215406355
0.029962006107752737,1.6748152857932856,55.60430063268041
0.054248461564187604,2.244783773327855,63.778361543054636
0.09942259558003935,6.844109726595484,62.92937937740083
0.06147346841594732,5.955332875765088,80.91794699398395
0.2158767827894631,1.1800243536624504,57.06395842455087
0.041938620376763366,0.7765037935308525,50.74018978045071
0.08738704135886442,3.359997631702746,70.04709944359792
0.15078770123194848,6.517357147970147,95.83329758082058
0.04376033951131918,0.3017678792112033,61.40086695862174
0.10342687070976436,6.334678590120881,82.4922262357941
0.16514044915158455,4.098410558940855,65.31125652842786
0.047359718865624414,4.965616273485825,53.14182825554898
0.019557252270732982,7.59523318391005,96.86691776024098
0.044719962124646476,7.441877116698965,79.66000437116631
0.035855145590601004,6.016589947018399,58.293965847425184
0.03370485305935027,7.487130368199743,62.7904173430415
0.018928144216798892,1.6093158942275925,92.32959968527861
0.03649450346357646,6.707346622930094,72.6728072593934
0.024702558148889858,2.7123142422676514,60.74213902092552
0.04937604932704049,5.584363676120866,69.46566273611974
0.024569360962167393,5.460022704002989,63.56487071829205
0.036409302457451144,6.330133626349392,81.93468018978078
0.09169272477263263,3.902819824380832,70.75601073364523
0.025194654476175853,6.203264569336854,50.905521914971736
0.1936018127108745,3.9616167631249652,97.63862896340846
0.09047709390945607,4.521041499929161,59.75713162023755
0.04673639076024018,3.500935855705055,86.23021574743024
0.013102808891458415,2.7529158978479478,71.89236705895354
0.06068263535150609,2.2136969544710094,88.96923973772088
0.010831159769051852,4.461993495668453,57.147288621074935
0.020817653165479493,7.946825483625782,93.79174722310823
0.03021654491425213,0.3388881310832419,58.620707215406355
0.029962006107752737,1.6748152857932856,55.60430063268041
0.054248461564187604,2.244783773327855,63.778361543054636
0.10357937504621219,7.923588850150942,64.40345370259509
0.06827475161203359,5.3518527331425165,81.42862361733967
0.2158767827894631,1.1800243536624504,57.06395842455087
0.041938620376763366,0.7765037935308525,50.74018978045071
0.11571534386908366,0.6498820358712836,63.66472493665621
0.15078770123194848,6.517357147970147,95.83329758082058
0.04376033951131918,0.3017678792112033,61.40086695862174
0.1264585403740312,6.3733670545626095,91.79139446500383
0.16514044915158455,4.098410558940855,65.31125652842786
0.0474240821343777,4.9552986263496335,53.026130811538586
0.019557252270732982,7.59523318391005,96.86691776024098
0.04307775863622906,7.448623763240209,77.14497755649512
0.039474761425017685,6.241455880509641,58.45982795568646
0.03226723424752996,7.797500128586876,63.86941832104244
0.018928144216798892,1.6093158942275925,92.32959968527861
0.03649450346357646,6.707346622930094,72.6728072593934
0.024702558148889858,2.7123142422676514,60.74213902092552
0.06106549454607109,5.642955817106161,72.24624287752076
0.024569360962167393,5.460022704002989,63.56487071829205
0.036409302457451144,6.330133626349392,81.93468018978078
0.09468678139965271,3.946627957180945,70.71271872667083
0.025194654476175853,6.203264569336854,50.905521914971736
0.1801752363376404,4.763101186880274,97.07247404742373
0.10280651774382264,5.100935384204051,60.60323488502769
0.0687702585618155,2.590227007133971,79.02214692362965
0.013102808891458415,2.7529158978479478,71.89236705895354
0.06068263535150609,2.2136969544710094,88.96923973772088
0.036858204730771615,4.878458034014929,64.77221072517929
0.020817653165479493,7.946825483625782,93.79174722310823
0.03021654491425213,0.3388881310832419,58.620707215406355
0.029962006107752737,1.6748152857932856,55.60430063268041
0.06374143114863617,2.094568277830415,64.75388656420752
0.0655048013925962,5.083544489616919,76.96412283476634
0.09940503186398035,6.8182798344969795,86.80937195749763
0.2158767827894631,1.1800243536624504,57.06395842455087
0.041938620376763366,0.7765037935308525,50.74018978045071
0.11571534386908366,0.6498820358712836,63.66472493665621
0.1264164686651489,5.350422422056537,90.83791551276809
0.04376033951131918,0.3017678792112033,61.40086695862174
0.13252769484809165,6.409286835139026,92.79968794961431
0.19497599172405042,3.929526862361638,67.5306897378479
0.0474240821343777,4.9552986263496335,53.026130811538586
0.019557252270732982,7.59523318391005,96.86691776024098
0.04307775863622906,7.448623763240209,77.14497755649512
0.03860334062793649,6.195770618766134,58.75828625235624
0.03226723424752996,7.797500128586876,63.86941832104244
0.018928144216798892,1.6093158942275925,92.32959968527861
0.03649450346357646,6.707346622930094,72.6728072593934
0.026514646819312163,2.6712506707578774,60.800328480618724
0.06067977847940503,5.623512051400062,71.70278697990295
0.024569360962167393,5.460022704002989,63.56487071829205
0.036409302457451144,6.330133626349392,81.93468018978078
0.12318743160066171,5.399087908999427,55.41097527201734
0.025194654476175853,6.203264569336854,50.905521914971736
0.1801752363376404,4.763101186880274,97.07247404742373
0.10026352504795244,5.200889819709966,61.30751087232437
0.07048512979787197,2.67006511779168,76.91300027996245
0.020658292125240243,2.9651172970442943,70.97482407655676
0.05204943264402179,1.7797563102525942,88.99366143620041
0.036858204730771615,4.878458034014929,64.77221072517929
0.020817653165479493,7.946825483625782,93.79174722310823
0.03021654491425213,0.3388881310832419,58.620707215406355
0.016243366492791733,1.7113258773869517,55.496592576520236
0.061480514393084884,1.9016251295800561,60.677378202476504
0.07354302065148835,5.494874526740601,79.29856923841932
0.09940503186398035,6.8182798344969795,86.80937195749763
0.2158767827894631,1.1800243536624504,57.06395842455087
0.041938620376763366,0.7765037935308525,50.74018978045071
0.11571534386908366,0.6498820358712836,63.66472493665621
0.11953826707705831,5.172025585481483,88.80274828136052
0.03463010323580397,1.031753631616074,64.52538067071326
0.11813094666342414,5.800974807969901,92.74011251706551
0.19031248168572273,4.543012376359462,69.86608969449426
0.0474240821343777,4.9552986263496335,53.026130811538586
0.022104776037325812,7.4220800135827965,91.95450761272414
0.04307775863622906,7.448623763240209,77.14497755649512
0.03860334062793649,6.195770618766134,58.75828625235624
0.03226723424752996,7.797500128586876,63.86941832104244
0.018928144216798892,1.6093158942275925,92.32959968527861
0.03655876202226312,6.690775240924236,72.80662724005353
0.025794577439643043,2.415962668191839,59.36359193288013
0.06067977847940503,5.623512051400062,71.70278697990295
0.02381344893791477,4.977819737211258,64.99702982267237
0.03748035924816619,6.558952191911423,82.67994211696794
0.13070874209219266,5.808456207349183,55.151309139949106
0.025194654476175853,6.203264569336854,50.905521914971736
0.14749248925834293,4.154675255562506,88.7835792766972
0.08705962298060813,4.078708411574663,68.22706956986283
0.06708289804818518,3.263254586617437,76.94179692925692
0.020658292125240243,2.9651172970442943,70.97482407655676
0.05204943264402179,1.7797563102525942,88.99366143620041
0.036858204730771615,4.878458034014929,64.77221072517929
0.020817653165479493,7.946825483625782,93.79174722310823
0.03021654491425213,0.3388881310832419,58.620707215406355
0.016243366492791733,1.7113258773869517,55.496592576520236
0.0630909291800351,1.8661786659877446,60.67171551026496
0.06671195396956127,5.7184321308691874,78.0769003206665
0.10156121646401003,6.794150530982093,87.17932095701335
0.18443069772116683,1.887634004476657,59.789031258195166
0.041943464724324885,0.7777566826269302,50.745608341356615
0.10508311916164395,1.3201897075457856,62.00840873402242
0.11287969781049617,3.397729248512534,76.46029652149406
0.03463010323580397,1.031753631616074,64.52538067071326
0.11813094666342414,5.800974807969901,92.74011251706551
0.34116856020023306,3.026161413562852,87.18897329807626
0.0474240821343777,4.9552986263496335,53.026130811538586
0.022104776037325812,7.4220800135827965,91.95450761272414
0.044398674169262416,7.994478319018671,79.77271905411993
0.03860334062793649,6.195770618766134,58.75828625235624
0.03226723424752996,7.797500128586876,63.86941832104244
0.021450360750364807,2.7794062491689555,86.94821761050548
0.017601798427252312,7.084404975684996,71.08239993108087
0.03247802220080647,3.200609004107014,57.40533759796612
0.07214561867253762,5.951835965443247,76.04342356396731
0.013396427159472507,5.125188776788212,63.868821913073205
0.03740288269389347,6.570034251757283,81.84991529569216
0.12100968697007852,4.780898231377032,57.592763433143645
0.025194654476175853,6.203264569336854,50.905521914971736
0.22527771608602082,2.12771572570451,86.81646963304813
0.10544792762003612,3.132221144901238,61.50998255361192
0.06350877625989704,3.664588673189524,76.45760304177394
0.020921292236045427,3.039806501291115,71.8968728127028
0.04545197994540892,2.5269968670588416,83.38675063599167
0.03621077271287486,4.765965880464523,65.70689645141077
0.020817653165479493,7.946825483625782,93.79174722310823
0.03021654491425213,0.3388881310832419,58.620707215406355
0.012879348054648156,2.041737881335826,54.74446740276977
0.0630909291800351,1.8661786659877446,60.67171551026496
0.06268784016895042,6.128908266987795,78.38273467714389
0.10087906169199914,7.436853964605918,91.6845339721596
0.11602979149751563,4.06600018747701,70.05228967620106
0.041943464724324885,0.7777566826269302,50.745608341356615
0.12830972018967704,1.624628643530217,63.05940902842548
0.11363828246597328,3.0773459603061024,74.48282034457281
0.029500193728723763,3.5999940708688607,75.39483621628528
0.10658669864558151,6.055536456420838,92.86486763976603
0.2671426645583668,3.4814030349135106,82.01250556996534
0.0474240821343777,4.9552986263496335,53.026130811538586
0.022104776037325812,7.4220800135827965,91.95450761272414
0.044398674169262416,7.994478319018671,79.77271905411993
0.03860334062793649,6.195770618766134,58.75828625235624
0.03226723424752996,7.797500128586876,63.86941832104244
0.0209171629114509,2.8693030428862927,81.90541740818483
0.01770102373032558,7.089229727130086,71.03359740689483
0.032624073674969715,3.478771265308319,60.081378398329875
0.12310307348096547,7.269910774648376,82.74004165826655
0.02181743478766105,4.572931527243011,63.32705458848992
0.03386940547526422,5.850567315299711,82.89907829948662
0.12917251527978885,5.6457019911793385,55.53800944211692
0.026453913767268203,6.196512017865956,50.961625232681314
0.20288968885080494,2.048175221646612,82.7499188313363
0.11686689228589575,2.8627751598164037,60.817804898870314
0.04882640992657122,0.4293302672233681,67.63314101433227
0.019983281338561646,3.026754842176131,73.07308944094812
0.04517975118006095,1.9199575732160747,88.37460714531639
0.03621077271287486,4.765965880464523,65.70689645141077
0.020817653165479493,7.946825483625782,93.79174722310823
0.03021654491425213,0.3388881310832419,58.620707215406355
0.02934019436620651,2.1885363230751316,56.91706930772931
0.06255599587266118,1.9012600731143148,60.706130558862746
0.08181554402028773,7.698483682908859,87.46041916005068
0.10087906169199914,7.436853964605918,91.6845339721596
0.16985721280277355,3.5939654665626533,72.9826854065581
0.042181426093184815,1.4772086022249953,53.55894510718747
0.12830972018967704,1.624628643530217,63.05940902842548
0.13773821141500855,3.1552338846228256,71.2240942247105
0.016091502037678628,4.501929972955683,68.67702323788835
0.10658669864558151,6.055536456420838,92.86486763976603
0.19628669864769965,3.3283886538408094,73.02813106627653
0.046815239981378674,5.566912243016052,58.40869427364385
0.022104776037325812,7.4220800135827965,91.95450761272414
0.044398674169262416,7.994478319018671,79.77271905411993
0.033889726467913384,5.7400646596102884,60.041232274333424
0.03200465645844879,7.800924666244533,64.55563897059801
0.0209171629114509,2.8693030428862927,81.90541740818483
0.01770102373032558,7.089229727130086,71.03359740689483
0.03420954711951305,4.199215821076376,59.73054484655407
0.12310307348096547,7.269910774648376,82.74004165826655
0.02181743478766105,4.572931527243011,63.32705458848992
0.03386940547526422,5.850567315299711,82.89907829948662
0.16214854848845273,5.468873943832247,57.00717856478609
0.026453913767268203,6.196512017865956,50.961625232681314
0.2047798507927959,1.9597230605978093,83.30881283828913
0.10643850286449219,2.669307429501198,59.804244690680505
0.04882640992657122,0.4293302672233681,67.63314101433227
0.019983281338561646,3.026754842176131,73.07308944094812
0.04517975118006095,1.9199575732160747,88.37460714531639
0.03246486693346749,4.483040813838297,68.28490221301823
0.020817653165479493,7.946825483625782,93.79174722310823
0.03021654491425213,0.3388881310832419,58.620707215406355
0.02934019436620651,2.1885363230751316,56.91706930772931
0.06822754573206809,1.079767808925257,56.21034293603016
0.08181554402028773,7.698483682908859,87.46041916005068
0.0847091429971045,5.812604848370842,84.11843790342814
0.2079154247445329,2.7197091590667153,73.47020290181428
0.03986866224303595,2.9143308361360543,56.05804422717158
0.08726782603267258,3.466828515469714,58.1847143053761
0.08563957109448246,4.0842757308282085,61.8329544156771
0.015006110194660046,4.869141842778719,65.70168130975767
0.10560072555780559,5.985447349235094,92.26313768394914
0.22178843087997208,3.072134377655825,73.07198144808336
0.046815239981378674,5.566912243016052,58.40869427364385
0.022508779791211117,7.452615964706781,93.87380862436753
0.044398674169262416,7.994478319018671,79.77271905411993
0.033889726467913384,5.7400646596102884,60.041232274333424
0.029619269142777595,7.816999938874544,66.26091344459502
0.023785928250611515,2.8761190826261416,77.99279566820144
0.01770102373032558,7.089229727130086,71.03359740689483
0.03362528276874034,3.634364680099765,59.56815110628232
0.08721104505865063,5.3247824044212795,72.85511847432987
0.015698646761468822,5.033476177928609,64.26533396681538
0.03386940547526422,5.850567315299711,82.89907829948662
0.16214854848845273,5.468873943832247,57.00717856478609
0.026453913767268203,6.196512017865956,50.961625232681314
0.13101004625380613,4.360582482795225,87.51252441891405
0.10002915266360173,2.8264560174400426,60.53904031496429
0.04882640992657122,0.4293302672233681,67.63314101433227
0.019983281338561646,3.026754842176131,73.07308944094812
0.04517975118006095,1.9199575732160747,88.37460714531639
0.03246486693346749,4.483040813838297,68.28490221301823
0.020817653165479493,7.946825483625782,93.79174722310823
0.03021654491425213,0.3388881310832419,58.620707215406355
0.02934019436620651,2.1885363230751316,56.91706930772931
0.04723251113511659,2.5602579513273938,60.45756433623873
0.08130845707747177,7.684726316726867,87.12610707884005
0.07720097036558188,6.218997608220077,83.3090102714148
0.17240228569639823,2.7777309313978007,73.3951612123085
0.052807855536816994,4.4038427764763455,65.7587599789548
0.0882470240435149,3.4176916589027004,58.36536569156315
0.08563957109448246,4.0842757308282085,61.8329544156771
0.016343170998335342,4.738456961509142,66.7063688267209
0.08532898741942063,6.454415302492716,92.62863012742038
0.2264262492101427,2.943440718100912,72.89679205569009
0.04597757000438119,7.706760337789033,54.566631046934674
0.02230311012940392,7.48356416767725,94.48521071012037
0.044398674169262416,7.994478319018671,79.77271905411993
0.0735570354819677,5.656192020246834,59.10287385059413
0.029619269142777595,7.816999938874544,66.26091344459502
0.022291528999596598,3.465741545286043,82.4946398907215
0.01770102373032558,7.089229727130086,71.03359740689483
0.03362528276874034,3.634364680099765,59.56815110628232
0.08571379035623158,5.3395407421181,73.1370439306259
0.01624387933685602,5.015576180906717,64.39604915034147
0.03386940547526422,5.850567315299711,82.89907829948662
0.16214854848845273,5.468873943832247,57.00717856478609
0.026453913767268203,6.196512017865956,50.961625232681314
0.11187429663220047,4.654094821876831,86.60372096521445
0.06888284654306549,3.6402387269631276,61.97284333459259
0.04882640992657122,0.4293302672233681,67.63314101433227
0.041271543710047535,3.148669715216704,68.48643963744236
0.04907203954233301,1.1877439769750922,90.8309148662023
0.038849583731333626,4.273430425856136,69.81558740254961
0.026094666967192117,6.170000584367488,79.69090306637621
0.03021654491425213,0.3388881310832419,58.620707215406355
0.02934019436620651,2.1885363230751316,56.91706930772931
0.06356317445240112,4.692164078004057,62.220443670442435
0.08942617806783754,5.578069403048369,75.59734796044091
0.0658179878507685,5.648234824197358,83.14018750481212
0.11597708288402622,2.9373448845479695,71.28295162502408
0.056269571294476226,4.350481612182303,65.38636786567805
0.0882470240435149,3.4176916589027004,58.36536569156315
0.08563957109448246,4.0842757308282085,61.8329544156771
0.01922741360532038,4.921473802365309,69.37115701298879
0.08614781073242729,6.478131480139473,93.56749651462279
0.36060946709244074,0.3629825334913255,70.25176217833983
0.03896841194822145,7.164568391268883,53.2724034064457
0.022739652210584833,7.520969718644795,96.70977044035283
0.044398674169262416,7.994478319018671,79.77271905411993
0.06586164176949257,5.565311087107186,66.2681627917616
0.029619269142777595,7.816999938874544,66.26091344459502
0.017469177173539015,3.546301647164382,86.05377675661575
0.017975840644168652,7.4803200476960106,72.28543664501393
0.03390136630501214,3.693324605856877,60.59167506052984
0.08571379035623158,5.3395407421181,73.1370439306259
0.01624387933685602,5.015576180906717,64.39604915034147
0.03117273686599149,5.155642632832773,98.56748833287435
0.1401260426823557,5.941232299525051,61.264968651646356
0.026453913767268203,6.196512017865956,50.961625232681314
0.09486086466468427,4.667501438613326,78.01681156046567
0.07043134066821932,4.308096161063239,61.022062152352625
0.05148900295645227,0.025237171090009447,67.47679688584834
0.04094560183371529,3.218273614103296,68.55470829285154
0.05002444871026243,0.7296558928785616,81.62817892760322
0.03631113330960087,4.207950307921973,69.52539956528861
0.02372178833780023,6.62570679576507,82.05194505548455
0.026796608643799416,1.7650382524250823,61.96636322340679
0.02934019436620651,2.1885363230751316,56.91706930772931
0.06356317445240112,4.692164078004057,62.220443670442435
0.08942617806783754,5.578069403048369,75.59734796044091
0.07878094080665468,5.850442439981382,86.97116184681877
0.11597708288402622,2.9373448845479695,71.28295162502408
0.04189916479074259,5.217003904613051,72.19871707651319
0.11991960729055913,2.7276172753782024,53.31489033225063
0.08563957109448246,4.0842757308282085,61.8329544156771
0.01263060737407022,7.672412785775266,75.82468206603758
0.08614781073242729,6.478131480139473,93.56749651462279
0.25760624091033174,1.8641615647112904,67.46683694174725
0.03896841194822145,7.164568391268883,53.2724034064457
0.032750580236252734,6.973997691196204,91.15890008657767
0.044398674169262416,7.994478319018671,79.77271905411993
0.06586164176949257,5.565311087107186,66.2681627917616
0.03883106920017879,7.895399754195651,61.07512980045578
0.017469177173539015,3.546301647164382,86.05377675661575
0.02217047446183657,7.329576636780133,69.50803895591761
0.03390136630501214,3.693324605856877,60.59167506052984
0.09303918785368273,6.4770024778236035,74.34855063927051
0.01624387933685602,5.015576180906717,64.39604915034147
0.03117273686599149,5.155642632832773,98.56748833287435
0.15104342979839852,5.957389873847085,56.69012153573266
0.026453913767268203,6.196512017865956,50.961625232681314
0.09658790108203838,4.776732538264779,81.04785166883244
0.06437144402832623,3.954921812083957,61.15320463042092
0.04541486990322787,0.8852705604882916,66.94586183080759
0.04094560183371529,3.218273614103296,68.55470829285154
0.034068944792338934,2.7540154349464356,73.48896400981924
0.03796872652643192,4.688139124728041,72.52348674984216
0.02482985168583915,6.699058535921651,81.9298025426035
0.026796608643799416,1.7650382524250823,61.96636322340679
0.02934019436620651,2.1885363230751316,56.91706930772931
0.06356317445240112,4.692164078004057,62.220443670442435
0.08942617806783754,5.578069403048369,75.59734796044091
0.04845861485358366,5.44564109115068,76.02517382753072
0.10976592402781439,3.2630472068231975,70.66143359822341
0.04189916479074259,5.217003904613051,72.19871707651319
0.10524740188666026,2.819629108415386,51.80682624454149
0.07358020307881288,4.700895157018845,63.29124945897742
0.01263060737407022,7.672412785775266,75.82468206603758
0.09222492008980485,6.257408219201114,95.57549902891019
0.25760624091033174,1.8641615647112904,67.46683694174725
0.03896841194822145,7.164568391268883,53.2724034064457
0.032750580236252734,6.973997691196204,91.15890008657767
0.044398674169262416,7.994478319018671,79.77271905411993
0.06644963611792096,5.540295285029091,65.82614697650678
0.03883106920017879,7.895399754195651,61.07512980045578
0.018320631485255544,2.82022033281039,87.85381419334047
0.018481594032472837,7.9463503851515025,68.80393407727063
0.03157829145109797,3.5981548922568787,59.36482051819782
0.07395282100016422,6.976412002325124,69.6750554908758
0.01624387933685602,5.015576180906717,64.39604915034147
0.03117273686599149,5.155642632832773,98.56748833287435
0.14813982682699905,5.972200418407976,58.60971620401925
0.026453913767268203,6.196512017865956,50.961625232681314
0.07673763579360954,4.2207558172514545,76.59095082810968
0.06437144402832623,3.954921812083957,61.15320463042092
0.04541486990322787,0.8852705604882916,66.94586183080759
0.03520158587117143,1.5153570467052297,62.84322168084208
0.03215239556738507,3.069683087057234,74.59422226663108
0.040391524547264586,3.6268094297048146,63.871018988519396
0.034815833114618874,5.9022962763704605,86.92729403809186
0.026619299532388237,1.8968483589420195,62.11216737036019
0.03449302618123548,3.4310891420900616,63.18699097704201
0.05013373660301647,4.358318258432167,69.16426031294536
0.10255532840403148,5.585177790241213,80.7951703594492
0.04845861485358366,5.44564109115068,76.02517382753072
0.10254627910457756,3.7345212181896272,69.68575373372899
0.04189916479074259,5.217003904613051,72.19871707651319
0.10524740188666026,2.819629108415386,51.80682624454149
0.05906785629321646,5.733886492455046,59.09045650500238
0.01263060737407022,7.672412785775266,75.82468206603758
0.09222492008980485,6.257408219201114,95.57549902891019
0.25760624091033174,1.8641615647112904,67.46683694174725
0.03896841194822145,7.164568391268883,53.2724034064457
0.032750580236252734,6.973997691196204,91.15890008657767
0.044068020014444695,7.881076879315681,79.44427472410975
0.07220347901023794,4.938529555669609,62.32521267466966
0.04464182734246651,7.562205705596356,62.964938475234206
0.018320631485255544,2.82022033281039,87.85381419334047
0.018481594032472837,7.9463503851515025,68.80393407727063
0.031197624051545827,2.4677506826267597,59.945656841665844
0.07679066821476237,7.519578656216495,71.13078588778956
0.01624387933685602,5.015576180906717,64.39604915034147
0.03117273686599149,5.155642632832773,98.56748833287435
0.15369868603125839,6.22454655965646,58.5020291573688
0.026453913767268203,6.196512017865956,50.961625232681314
0.10806593414856291,3.8091369833477327,82.90640453023786
0.05558990797940738,3.7278255079410525,61.52362818146014
0.04541486990322787,0.8852705604882916,66.94586183080759
0.030580629090026117,0.6355641002112171,60.88709045397159
0.0321099110433458,3.0929948819417796,74.41803154215097
0.03349482153728649,0.8257849825824426,52.03491922365906
0.030755816833595143,6.22623716980735,84.89545600788236
0.028812210959539425,1.6528486060290544,55.309973192788824
0.028293887852888167,3.021932455289287,62.67503138110288
0.04195797689159278,3.3887503511439974,68.56112110696071
0.08986764018045199,4.9689173064427035,77.67354126548582
0.049793185585352596,7.445196617487464,80.00611975205994
0.10254627910457756,3.7345212181896272,69.68575373372899
0.03985775480933773,5.331653022034674,73.20210525618094
0.0913075354406889,3.7971524888112915,56.84390646796756
0.05594409081040419,5.815808948271093,56.24009820423374
0.01263060737407022,7.672412785775266,75.82468206603758
0.09222492008980485,6.257408219201114,95.57549902891019
0.25760624091033174,1.8641615647112904,67.46683694174725
0.03899326793557024,7.032304144558421,51.86028320862245
0.032750580236252734,6.973997691196204,91.15890008657767
0.04736774047087538,7.535975574968662,77.43655488389354
0.07743828735698016,5.334920600057016,63.17154503239743
0.04166140265305109,7.805415165780222,63.867557791921755
0.018320631485255544,2.82022033281039,87.85381419334047
0.018481594032472837,7.9463503851515025,68.80393407727063
0.031510961527531044,3.3982164968921276,59.467554992728616
0.07679066821476237,7.519578656216495,71.13078588778956
0.02409512656510421,5.120666826688738,67.32392618066376
0.03117273686599149,5.155642632832773,98.56748833287435
0.20150742710861366,7.690719003085022,57.93862161579101
0.026453913767268203,6.196512017865956,50.961625232681314
0.13719393154351284,3.15895333032741,87.05058205722821
0.06373742605563329,6.003961247546334,57.18185114428109
0.12156017233006175,4.20511449853016,62.551936569520926
0.030580629090026117,0.6355641002112171,60.88709045397159
0.0321099110433458,3.0929948819417796,74.41803154215097
0.03300779746488632,0.7939949925716319,53.51430693061142
0.030732973246941787,6.420569241052407,86.18548223669984
0.028812210959539425,1.6528486060290544,55.309973192788824
0.028293887852888167,3.021932455289287,62.67503138110288
0.04085344502517902,2.541995710247705,66.74899026405106
0.08511466234142562,5.256004361828012,77.64703788482949
0.049793185585352596,7.445196617487464,80.00611975205994
0.11374376136173224,3.4492400564946095,69.05765976876123
0.050937572713019824,4.379104026581788,72.13487360583213
0.11008026729062168,2.294516844780371,56.61379694246872
0.05594409081040419,5.815808948271093,56.24009820423374
0.01263060737407022,7.672412785775266,75.82468206603758
0.09606341122512509,6.304129171298843,99.73716209915088
0.22235443707976532,2.35577707085254,67.44526254204847
0.03899326793557024,7.032304144558421,51.86028320862245
0.032750580236252734,6.973997691196204,91.15890008657767
0.04736774047087538,7.535975574968662,77.43655488389354
0.08447299430244096,5.0243317126193565,65.24129069285411
0.04166140265305109,7.805415165780222,63.867557791921755
0.018625555314289458,2.303927564325928,82.720584045957
0.018481594032472837,7.9463503851515025,68.80393407727063
0.03147651361744507,3.375937936996857,59.41448598897627
0.07679066821476237,7.519578656216495,71.13078588778956
0.030163044732181864,5.899264540425039,61.0256828101676
0.03117273686599149,5.155642632832773,98.56748833287435
0.12048496584554405,7.3466113369062995,73.8881298901633
0.026453913767268203,6.196512017865956,50.961625232681314
0.13719393154351284,3.15895333032741,87.05058205722821
0.013156904411618875,7.161524814940952,53.95500125909531
0.16054232166219573,2.9923925661790602,66.17226741613091
0.030580629090026117,0.6355641002112171,60.88709045397159
0.0321099110433458,3.0929948819417796,74.41803154215097
0.03300779746488632,0.7939949925716319,53.51430693061142
0.011514901917131407,7.419907280462295,93.34780281960956
0.028812210959539425,1.6528486060290544,55.309973192788824
0.028293887852888167,3.021932455289287,62.67503138110288
0.01944997449435426,0.9080325232072983,68.8419265379565
0.08511466234142562,5.256004361828012,77.64703788482949
0.049793185585352596,7.445196617487464,80.00611975205994
0.09834505459905693,3.6398587231693056,57.24249032751882
0.050937572713019824,4.379104026581788,72.13487360583213
0.11008026729062168,2.294516844780371,56.61379694246872
0.044595480979503166,6.553980218969382,56.16175943983876
0.01263060737407022,7.672412785775266,75.82468206603758
0.07832791781609619,6.491775948958235,97.33417826461574
0.22323486871810921,2.353772939523166,67.35719706429973
0.03899326793557024,7.032304144558421,51.86028320862245
0.02859075900683461,7.074894773889317,91.67868484319716
0.03679278381997536,7.399978031735122,73.4672802247142
0.08383349854052469,4.793443358642305,52.87754141647377
0.04166140265305109,7.805415165780222,63.867557791921755
0.01490642443580991,0.5233466533130846,79.3773157781471
0.020029108080144502,7.184391453799916,67.17509052546406
0.05627789783256924,4.482329455091797,63.44743335970817
0.07679066821476237,7.519578656216495,71.13078588778956
0.030163044732181864,5.899264540425039,61.0256828101676
0.03117273686599149,5.155642632832773,98.56748833287435
0.12048496584554405,7.3466113369062995,73.8881298901633
0.02675583929195479,6.129913836787421,54.007601929407336
0.08912773806469548,3.2576090134750304,74.48536842758058
0.014975613439596532,7.1524285348236605,53.807546969487916
0.16606786452847858,2.7572027213034587,64.07790844576229
0.030580629090026117,0.6355641002112171,60.88709045397159
0.0321099110433458,3.0929948819417796,74.41803154215097
0.03300779746488632,0.7939949925716319,53.51430693061142
0.011514901917131407,7.419907280462295,93.34780281960956
0.033000757837333895,2.168955359765189,58.49509101727682
0.0285543100739871,3.422819732730348,62.4452341805749
0.020646123702077863,1.2384312329158602,68.00151392042838
0.086077297292561,5.312902130405639,77.54473578800562
0.049793185585352596,7.445196617487464,80.00611975205994
0.09593615630816822,3.539959726650897,61.74882787493806
0.050937572713019824,4.379104026581788,72.13487360583213
0.08845271733026072,4.102128757439322,63.794901907113
0.044595480979503166,6.553980218969382,56.16175943983876
0.01263060737407022,7.672412785775266,75.82468206603758
0.07832791781609619,6.491775948958235,97.33417826461574
0.2085643033369196,2.7727096662956927,70.39210505106227
0.03899326793557024,7.032304144558421,51.86028320862245
0.02859075900683461,7.074894773889317,91.67868484319716
0.04003802335657116,5.335752010149998,73.26642046696487
0.08383349854052469,4.793443358642305,52.87754141647377
0.04166140265305109,7.805415165780222,63.867557791921755
0.04528016388161845,2.0013408646604036,72.9419651951505
0.020029108080144502,7.184391453799916,67.17509052546406
0.0675091376526854,3.872946829359994,64.48895793202081
0.07679066821476237,7.519578656216495,71.13078588778956
0.030163044732181864,5.899264540425039,61.0256828101676
0.04467520763647534,5.062773009277511,86.8523677549279
0.12048496584554405,7.3466113369062995,73.8881298901633
0.02675583929195479,6.129913836787421,54.007601929407336
0.08912773806469548,3.2576090134750304,74.48536842758058
0.014975613439596532,7.1524285348236605,53.807546969487916
0.16406681107329457,2.7363039002798475,64.1318986142697
0.030580629090026117,0.6355641002112171,60.88709045397159
0.02848514810646449,3.9517686111009596,70.05788078967393
0.03300779746488632,0.7939949925716319,53.51430693061142
0.011514901917131407,7.419907280462295,93.34780281960956
0.033000757837333895,2.168955359765189,58.49509101727682
0.028479643771157612,3.402195507964509,62.497694611595456
0.020646123702077863,1.2384312329158602,68.00151392042838
0.08637833373150587,5.159461097332599,75.8022224800874
0.049793185585352596,7.445196617487464,80.00611975205994
0.09593615630816822,3.539959726650897,61.74882787493806
0.04971878906902022,4.489722217217326,71.93929926825378
0.1277657249292753,1.992056380746237,73.17826064541416
0.044595480979503166,6.553980218969382,56.16175943983876
0.021957700486019777,7.6442379350536545,75.65721175963077
0.07832791781609619,6.491775948958235,97.33417826461574
0.22029982519313082,2.8281493156149,70.20884206207234
0.03874187405489389,6.77029086519167,51.92975334371678
0.028549923397724313,5.725152673364555,80.95447134278228
0.04767993327344181,4.781819710916196,79.19972691451383
0.08383349854052469,4.793443358642305,52.87754141647377
0.04166140265305109,7.805415165780222,63.867557791921755
0.030132446022370165,4.432209470225869,82.09639945785636
0.01666251316517188,7.087742655690034,67.68983586809614
0.07033456606973967,3.303226611906787,62.014203552931505
0.07679066821476237,7.519578656216495,71.13078588778956
0.028839683039388372,5.878058577542045,60.83722723336597
0.04469517620452238,4.689280958188994,94.53922587515217
0.11379255049877589,7.3731037902699486,73.46580266857168
0.02675583929195479,6.129913836787421,54.007601929407336
0.09308278129802743,2.9648484061269738,76.11274306521794
0.014975613439596532,7.1524285348236605,53.807546969487916
0.2784248039183089,1.7111054946705733,59.133557301843446
0.030580629090026117,0.6355641002112171,60.88709045397159
0.011051242138384085,4.221942505519854,73.40876879260905
0.030493646846303447,1.5690669897468235,58.17386562558234
0.011514901917131407,7.419907280462295,93.34780281960956
0.11328279056195387,2.4515057829067395,63.51595822170297
0.041386060585250566,3.7265816727108074,60.25464022145423
0.020646123702077863,1.2384312329158602,68.00151392042838
0.14526086387142434,3.3815464695631388,62.00205144697287
0.08585762919055184,6.540698773165927,76.71367334035853
0.08828204610706027,3.5645419814065114,61.70953314372476
0.04008609183316974,5.177764016441131,64.41715542057918
0.11628060151192599,1.079890709469466,80.51516390789521
0.044595480979503166,6.553980218969382,56.16175943983876
0.021957700486019777,7.6442379350536545,75.65721175963077
0.07832791781609619,6.491775948958235,97.33417826461574
0.22029982519313082,2.8281493156149,70.20884206207234
0.03874187405489389,6.77029086519167,51.92975334371678
0.020435202512208317,5.86191229891115,85.0757035367146
0.0709598576981183,3.0511241309459685,87.83840133558289
0.08383349854052469,4.793443358642305,52.87754141647377
0.04166140265305109,7.805415165780222,63.867557791921755
0.03814149271634779,4.7744649453484485,84.62858925564822
0.01666251316517188,7.087742655690034,67.68983586809614
0.07033456606973967,3.303226611906787,62.014203552931505
0.07679066821476237,7.519578656216495,71.13078588778956
0.02699801325811275,6.047342828720811,59.903421353293915
0.04469517620452238,4.689280958188994,94.53922587515217
0.11379255049877589,7.3731037902699486,73.46580266857168
0.02675583929195479,6.129913836787421,54.007601929407336
0.09308278129802743,2.9648484061269738,76.11274306521794
0.012990988482053406,7.356149094333681,51.16710284872481
0.18491923613446581,3.8742714919862036,65.15793107634335
0.030580629090026117,0.6355641002112171,60.88709045397159
0.011051242138384085,4.221942505519854,73.40876879260905
0.02081304639503522,1.1476985387152623,57.24073512063531
0.011514901917131407,7.419907280462295,93.34780281960956
0.11328279056195387,2.4515057829067395,63.51595822170297
0.02766069448134353,3.9507138459674027,66.20638938828048
0.01852288817298127,1.0450584656672381,66.92179446899218
0.24380099099603197,5.741059006956032,62.96009271885163
0.08585762919055184,6.540698773165927,76.71367334035853
0.0855186515883504,4.515631291226514,63.97511334101152
0.04008609183316974,5.177764016441131,64.41715542057918
0.11628060151192599,1.079890709469466,80.51516390789521
0.04906125226689237,6.68190163554175,50.817323467058266
0.023324789446171453,7.401820402961552,76.41504842470948
0.11237922302844715,5.629079838599408,90.39903811567852
0.21122619788577435,3.1247734633118496,70.26713363627577
0.03874187405489389,6.77029086519167,51.92975334371678
0.020435202512208317,5.86191229891115,85.0757035367146
0.058190122453201445,0.060009364475261506,97.3740443841342
0.06854608444886359,5.067588445570563,51.772328880095266
0.04002848752415832,7.345156658149689,64.11811387137077
0.04111237405936786,5.293411177603592,75.42973663895255
0.01666251316517188,7.087742655690034,67.68983586809614
0.06895355155144686,3.3928046327640407,61.76047349008097
0.05963554633364253,7.014969776788561,75.3757470270007
0.02699801325811275,6.047342828720811,59.903421353293915
0.04469517620452238,4.689280958188994,94.53922587515217
0.09187166992594344,7.139032169595758,65.79602589452708
0.02675583929195479,6.129913836787421,54.007601929407336
0.08710790301069267,2.1399057166558997,71.6891879198726
0.012990988482053406,7.356149094333681,51.16710284872481
0.15313908722538425,4.503889687407973,62.28201751381903
0.030827857550711303,0.7955340907719455,60.95358909216619
0.016954580348747247,3.7699829095050923,70.47097108505913
0.02081304639503522,1.1476985387152623,57.24073512063531
0.028690618702091636,6.581373061738204,88.31297974516369
0.11348781430789756,1.7304992042581735,57.41606027497638
0.025125117097860642,3.144446584672725,66.40490146891206
0.01852288817298127,1.0450584656672381,66.92179446899218
0.1869236769305182,4.941726462740537,62.649948348354194
0.08585762919055184,6.540698773165927,76.71367334035853
0.08472522592949167,4.678297847668933,62.7019586979081
0.03963207505881228,4.420454611907578,64.57555371214703
0.11628060151192599,1.079890709469466,80.51516390789521
0.04906125226689237,6.68190163554175,50.817323467058266
0.023324789446171453,7.401820402961552,76.41504842470948
0.11237922302844715,5.629079838599408,90.39903811567852
0.27734249395683847,1.3232985681808174,66.86738733507032
0.0628650417233742,6.29237034509791,54.112755861021085
0.020435202512208317,5.86191229891115,85.0757035367146
0.058190122453201445,0.060009364475261506,97.3740443841342
0.06854608444886359,5.067588445570563,51.772328880095266
0.04002848752415832,7.345156658149689,64.11811387137077
0.04111237405936786,5.293411177603592,75.42973663895255
0.01666251316517188,7.087742655690034,67.68983586809614
0.060686623094551057,3.9158554204489286,61.39455953020733
0.05963554633364253,7.014969776788561,75.3757470270007
0.030334419827008473,5.836247487446595,60.05109866122498
0.04469517620452238,4.689280958188994,94.53922587515217
0.06396793400257261,6.89274357231067,75.74057607019266
0.02618339644470981,5.081906162429052,58.35950532058253
0.08710790301069267,2.1399057166558997,71.6891879198726
0.012990988482053406,7.356149094333681,51.16710284872481
0.15313908722538425,4.503889687407973,62.28201751381903
0.030827857550711303,0.7955340907719455,60.95358909216619
0.016954580348747247,3.7699829095050923,70.47097108505913
0.02081304639503522,1.1476985387152623,57.24073512063531
0.03541447421929762,6.576589043170706,86.94869534933271
0.11348781430789756,1.7304992042581735,57.41606027497638
0.025125117097860642,3.144446584672725,66.40490146891206
0.05565005383459418,1.313036053695153,63.2054648458312
0.20823699529715103,4.979556091691613,57.87125546372668
0.08585762919055184,6.540698773165927,76.71367334035853
0.07119214283383027,4.894985992231887,62.54231204499547
0.03963207505881228,4.420454611907578,64.57555371214703
0.11628060151192599,1.079890709469466,80.51516390789521
0.05560630546464203,6.139645710137035,51.13811459187224
0.023324789446171453,7.401820402961552,76.41504842470948
0.07292533510195831,6.41445912557749,84.20369511208801
0.23756583434686493,2.2310544798622853,64.50498402410192
0.0628650417233742,6.29237034509791,54.112755861021085
0.018036688517935724,5.9015124226571745,86.73600588318948
0.058190122453201445,0.060009364475261506,97.3740443841342
0.06854608444886359,5.067588445570563,51.772328880095266
0.0434641095627961,7.34375986268598,65.76378305189492
0.04111237405936786,5.293411177603592,75.42973663895255
0.01666251316517188,7.087742655690034,67.68983586809614
0.060686623094551057,3.9158554204489286,61.39455953020733
0.05334971862988261,6.163054069144955,71.44115001366113
0.030334419827008473,5.836247487446595,60.05109866122498
0.04469517620452238,4.689280958188994,94.53922587515217
0.06396793400257261,6.89274357231067,75.74057607019266
0.02934351585977312,5.014881676028465,64.53569360931021
0.08710790301069267,2.1399057166558997,71.6891879198726
0.019300136774547838,7.35358403053571,54.18919631056306
0.18284007254925444,4.181651613697637,62.82157752813586
0.030827857550711303,0.7955340907719455,60.95358909216619
0.016954580348747247,3.7699829095050923,70.47097108505913
0.02081304639503522,1.1476985387152623,57.24073512063531
0.06015053738496614,4.453571058551992,79.64679743934254
0.11242573030079148,1.8262089043358412,57.34675575826294
0.025125117097860642,3.144446584672725,66.40490146891206
0.03757599300488472,1.382537044451898,58.04541655702647
0.20525690840268854,4.918628613949504,57.86123003516141
0.10047173154165485,6.698536470626255,91.07883001284563
0.06311400256196571,4.588017989419236,63.21964119052907
0.03937546857117201,4.269129563318279,62.69400562219548
0.11628060151192599,1.079890709469466,80.51516390789521
0.05315567617848167,6.1993069296460295,52.17967039578478
0.02207274294838734,7.646188542394754,77.4853697147336
0.07292533510195831,6.41445912557749,84.20369511208801
0.31731917299351814,0.8926129421935469,70.51299053330467
0.0628650417233742,6.29237034509791,54.112755861021085
0.018036688517935724,5.9015124226571745,86.73600588318948
0.058190122453201445,0.060009364475261506,97.3740443841342
0.06854608444886359,5.067588445570563,51.772328880095266
0.041912688928564285,6.919378132001674,65.18002094195904
0.04711570480164036,5.720035914326962,73.47303724490895
0.026478465259719374,6.848770700237671,63.517902588451804
0.046904374551810527,4.379808578807685,62.74026118384172
0.05334971862988261,6.163054069144955,71.44115001366113
0.03358115774191408,6.302478931362967,60.42033154315238
0.04469517620452238,4.689280958188994,94.53922587515217
0.07136504373649821,7.262147274467429,78.76028456252527
0.02368143542261107,4.880879174231364,59.29449290201785
0.08178770916342469,2.072761673526318,75.78459495704215
0.019300136774547838,7.35358403053571,54.18919631056306
0.1302542728148742,4.051152389513433,65.24643983729804
0.030827857550711303,0.7955340907719455,60.95358909216619
0.039920916550266694,3.8269771754816615,69.41193607340367
0.02081304639503522,1.1476985387152623,57.24073512063531
0.06015053738496614,4.453571058551992,79.64679743934254
0.10626211222205445,2.381643346208841,56.94455916242394
0.0243846722519998,3.679492877419104,64.85209692348639
0.03757599300488472,1.382537044451898,58.04541655702647
0.2003486923112039,4.959955339743884,57.67788949255745
0.10090651923587157,6.723099726720989,91.40306900706791
0.0716936552989454,3.204069846754194,55.995589619812485
0.03937546857117201,4.269129563318279,62.69400562219548
0.11109935843939457,0.8407564815424511,81.9226595312047
0.05315567617848167,6.1993069296460295,52.17967039578478
0.02207274294838734,7.646188542394754,77.4853697147336
0.07292533510195831,6.41445912557749,84.20369511208801
0.31731917299351814,0.8926129421935469,70.51299053330467
0.0628650417233742,6.29237034509791,54.112755861021085
0.02336958379045284,5.611083844459719,85.57426137106117
0.058190122453201445,0.060009364475261506,97.3740443841342
0.06854608444886359,5.067588445570563,51.772328880095266
0.04081705803477158,6.914365914657165,65.06203196782499
0.05355614381464015,6.129608900746067,74.8772897066866
0.026478465259719374,6.848770700237671,63.517902588451804
0.028539650725461996,4.61663505858583,62.21239056173665
0.052879596931752905,6.2063812238785365,71.35582333336313
0.03358115774191408,6.302478931362967,60.42033154315238
0.04469517620452238,4.689280958188994,94.53922587515217
0.07136504373649821,7.262147274467429,78.76028456252527
0.02368143542261107,4.880879174231364,59.29449290201785
0.08178770916342469,2.072761673526318,75.78459495704215
0.022646759024477676,6.839395570117778,55.60697532224075
0.10809141341727158,3.8162490775299656,60.5248630345579
0.030827857550711303,0.7955340907719455,60.95358909216619
0.039920916550266694,3.8269771754816615,69.41193607340367
0.02081304639503522,1.1476985387152623,57.24073512063531
0.06432328856718653,3.922456898548951,82.79463214934623
0.12142951998998372,2.0512005899790786,54.09417656846488
0.0243846722519998,3.679492877419104,64.85209692348639
0.03757599300488472,1.382537044451898,58.04541655702647
0.32144660644936474,7.621445229668786,57.40446058779521
0.08919053628539937,6.123727620878337,77.05489727519063
0.06984813213202001,3.410909979633928,52.377512255594695
0.03937546857117201,4.269129563318279,62.69400562219548
0.11109935843939457,0.8407564815424511,81.9226595312047
0.08419093517270534,5.141184997226002,50.33754475493614
0.023768261234210067,7.8251235476804935,91.73156463745855
0.07292533510195831,6.41445912557749,84.20369511208801
0.20240992646848924,2.061944166126295,62.09206929335646
0.0628650417233742,6.29237034509791,54.112755861021085
0.022750387950477267,6.789338879989565,98.21461588920235
0.05845628852762415,0.5735640608549986,91.00493708982833
0.060454228948628536,4.151086017672136,53.742024622865586
0.030984826000412212,7.316320440503178,68.39986073521143
0.05355614381464015,6.129608900746067,74.8772897066866
0.025383237482566254,6.8894664720604855,63.5580685196128
0.028539650725461996,4.61663505858583,62.21239056173665
0.0499668409373422,6.220885462836462,69.7053054365305
0.04204847011522382,5.392974651247257,58.70964259319178
0.04469517620452238,4.689280958188994,94.53922587515217
0.07136504373649821,7.262147274467429,78.76028456252527
0.022750876505440946,4.917152135433993,59.09292286289221
0.1069629194892014,0.8700408722480457,82.20141296430018
0.022646759024477676,6.839395570117778,55.60697532224075
0.1397743030785371,2.6389965687470287,59.362937824421394
0.028544606698204366,3.069079970830824,70.90795981701444
0.03853892970220559,4.366612094546895,69.25541630686533
0.02081304639503522,1.1476985387152623,57.24073512063531
0.06286256069089344,3.2296780794908733,83.63150929730608
0.12142951998998372,2.0512005899790786,54.09417656846488
0.024670548773386602,4.598467479067327,64.48163305457594
0.02310273884647085,0.03305752984632404,59.95564658814827
0.32144660644936474,7.621445229668786,57.40446058779521
0.08919053628539937,6.123727620878337,77.05489727519063
0.059957118057943536,3.4693427788326727,55.09147843511549
0.03937546857117201,4.269129563318279,62.69400562219548
0.11109935843939457,0.8407564815424511,81.9226595312047
0.08538588525518533,5.223622195926561,50.103132098591786
0.023768261234210067,7.8251235476804935,91.73156463745855
0.07292533510195831,6.41445912557749,84.20369511208801
0.21138560941327653,1.9803905436123903,61.95291413227592
0.0628650417233742,6.29237034509791,54.112755861021085
0.022750387950477267,6.789338879989565,98.21461588920235
0.05845628852762415,0.5735640608549986,91.00493708982833
0.013483559613990323,5.768676067351443,53.470753878441
0.030984826000412212,7.316320440503178,68.39986073521143
0.05355614381464015,6.129608900746067,74.8772897066866
0.025383237482566254,6.8894664720604855,63.5580685196128
0.025843159641848468,2.343363721403368,61.0931357093095
0.05193099021036379,6.106281817684577,69.2762340971441
0.04553178618268536,4.92952571668919,52.4172751271545
0.04882019908459635,3.455556098541671,93.47978956201527
0.07136504373649821,7.262147274467429,78.76028456252527
0.022750976679996048,4.5332741930370375,51.071311201716675
0.10310880634788919,1.0669919874833238,81.4722047436143
0.022646759024477676,6.839395570117778,55.60697532224075
0.09038143404320156,3.093260606234322,57.5765389004791
0.0291859898554729,3.1475626206113048,71.00974729712918
0.037619633197934765,4.542904696358477,68.85729572020266
0.02232515420468333,1.5071287486836824,58.39880944822976
0.07572439552335558,3.8665005833041666,91.70374947047213
0.0825236177508682,3.029805560337292,52.90235410639971
0.034890963660559694,4.840079296758311,66.47332557926536
0.02310273884647085,0.03305752984632404,59.95564658814827
0.35792326160142973,7.805799923541187,57.8956660300907
0.07954750068941077,6.194995342758346,68.4854324232814
0.04105962676597733,2.1656429277520757,58.79858821061389
0.039554503923962925,4.344403744228292,62.42713640091421
0.11109935843939457,0.8407564815424511,81.9226595312047
0.08538588525518533,5.223622195926561,50.103132098591786
0.023768261234210067,7.8251235476804935,91.73156463745855
0.07434382642477322,6.428756682840572,88.6037359142708
0.17919807519560663,2.8090455355882984,60.87067736877718
0.06316448440175529,6.316075498143233,53.926357031739485
0.023012191219733483,6.412986873536175,95.07228084460775
0.05845628852762415,0.5735640608549986,91.00493708982833
0.013483559613990323,5.768676067351443,53.470753878441
0.030984826000412212,7.316320440503178,68.39986073521143
0.04841614011241165,5.802735738485279,73.75657994795252
0.025383237482566254,6.8894664720604855,63.5580685196128
0.025843159641848468,2.343363721403368,61.0931357093095
0.05193099021036379,6.106281817684577,69.2762340971441
0.04553178618268536,4.92952571668919,52.4172751271545
0.04744859272211018,3.5644316186937233,89.3319063782919
0.06947549848534906,7.087751578071077,77.8512963354195
0.022750976679996048,4.5332741930370375,51.071311201716675
0.10310880634788919,1.0669919874833238,81.4722047436143
0.02248777243911354,6.836486502186897,55.14502498105473
0.10480646385997328,1.385163206556304,59.51114152813824
0.03533806509617484,2.6065557458114386,75.21236625345156
0.041042139847202536,5.10915671085898,67.98379662436497
0.02232515420468333,1.5071287486836824,58.39880944822976
0.08984528869153362,4.084643985942037,97.98281704311755
0.12608414301940762,1.9341222813013155,54.23676378427647
0.034890963660559694,4.840079296758311,66.47332557926536
0.02310273884647085,0.03305752984632404,59.95564658814827
0.35792326160142973,7.805799923541187,57.8956660300907
0.12382909693963345,4.690385228590855,65.10167361869033
0.026273528309007976,2.3466754389691005,58.63331124960609
0.03876729844763121,4.253536346972833,63.078751304852766
0.11109935843939457,0.8407564815424511,81.9226595312047
0.08538588525518533,5.223622195926561,50.103132098591786
0.025864834536234303,7.386833243953551,91.68764666241803
0.10261084917917451,6.43744071475694,85.04167314336281
0.22416026185367585,1.6441649760267953,57.90107835085636
0.06316448440175529,6.316075498143233,53.926357031739485
0.023012191219733483,6.412986873536175,95.07228084460775
0.04803166005887119,0.39102711253004807,98.08821380771255
0.013483559613990323,5.768676067351443,53.470753878441
0.030984826000412212,7.316320440503178,68.39986073521143
0.044973184948170444,6.0463917862050325,76.3064305796257
0.025383237482566254,6.8894664720604855,63.5580685196128
0.025843159641848468,2.343363721403368,61.0931357093095
0.05193099021036379,6.106281817684577,69.2762340971441
0.04482300366923939,5.04581931632975,53.19600670108486
0.04567163295277091,3.8322022075621476,87.25629633353412
0.057271743162311844,5.4857735714628415,76.90790798317296
0.022750976679996048,4.5332741930370375,51.071311201716675
0.10310880634788919,1.0669919874833238,81.4722047436143
0.02248777243911354,6.836486502186897,55.14502498105473
0.18624603278638543,2.732897394147113,59.06807359620682
0.03533806509617484,2.6065557458114386,75.21236625345156
0.04378016075478626,4.448964607459071,77.10765533135447
0.02232515420468333,1.5071287486836824,58.39880944822976
0.08984528869153362,4.084643985942037,97.98281704311755
0.12608414301940762,1.9341222813013155,54.23676378427647
0.034890963660559694,4.840079296758311,66.47332557926536
0.02310273884647085,0.03305752984632404,59.95564658814827
0.35792326160142973,7.805799923541187,57.8956660300907
0.16076496604080487,4.059282851297757,54.12146729838662
0.026273528309007976,2.3466754389691005,58.63331124960609
0.039616359605159066,4.137161032150385,61.354582574580604
0.11109935843939457,0.8407564815424511,81.9226595312047
0.08538588525518533,5.223622195926561,50.103132098591786
0.023900749547844213,7.537676476403684,91.91266422288484
0.1004386231706641,6.313742133249029,84.72428660491433
0.4111075112365981,0.9850524700336292,54.89202700641945
0.06316448440175529,6.316075498143233,53.926357031739485
0.023182395985553425,6.168311146963893,93.02937128922864
0.04803166005887119,0.39102711253004807,98.08821380771255
0.013483559613990323,5.768676067351443,53.470753878441
0.030984826000412212,7.316320440503178,68.39986073521143
0.044973184948170444,6.0463917862050325,76.3064305796257
0.025383237482566254,6.8894664720604855,63.5580685196128
0.027622167650306933,2.766236494056088,62.45562024251229
0.050509983668444905,5.91103475281931,68.87752548493594
0.04482300366923939,5.04581931632975,53.19600670108486
0.053978514280518614,3.2392118621511874,99.1617879202233
0.09192041601592531,5.261918749563279,95.45323732524176
0.04127952545857923,4.067223314257615,51.63890478913858
0.10310880634788919,1.0669919874833238,81.4722047436143
0.02248777243911354,6.836486502186897,55.14502498105473
0.18624603278638543,2.732897394147113,59.06807359620682
0.03533806509617484,2.6065557458114386,75.21236625345156
0.03619092817694552,4.508986451605315,73.66847119301573
0.023972451991113815,1.898693811359347,59.66042139428027
0.08984528869153362,4.084643985942037,97.98281704311755
0.12608414301940762,1.9341222813013155,54.23676378427647
0.02954239268791155,4.685770924495433,63.97966334766722
0.02310273884647085,0.03305752984632404,59.95564658814827
0.35792326160142973,7.805799923541187,57.8956660300907
0.15135869009493702,3.9679316780158054,54.710258756243704
0.026273528309007976,2.3466754389691005,58.63331124960609
0.03817696608451497,4.027212463507746,60.086563913579774
0.11109935843939457,0.8407564815424511,81.9226595312047
0.08538588525518533,5.223622195926561,50.103132098591786
0.023900749547844213,7.537676476403684,91.91266422288484
0.12567162510522809,5.949499119947931,90.6550533352219
0.4111075112365981,0.9850524700336292,54.89202700641945
0.06316448440175529,6.316075498143233,53.926357031739485
0.023182395985553425,6.168311146963893,93.02937128922864
0.04803166005887119,0.39102711253004807,98.08821380771255
0.016243058097533382,5.369405251583796,56.215997710543746
0.03738016063358457,7.677468994145646,78.3761554053622
0.04385153347685366,6.073812579938102,77.8113872794637
0.045248181414301314,6.083113914042698,73.6764617505944
0.02406604188576461,2.6507837161103955,61.432863634067246
0.04968307586618636,5.784727680077433,68.28810649941683
0.04482300366923939,5.04581931632975,53.19600670108486
0.040006321768533935,4.027952085154766,83.26038088596812
0.15274704586605975,4.459847423806402,97.59812893128073
0.04127952545857923,4.067223314257615,51.63890478913858
0.10310880634788919,1.0669919874833238,81.4722047436143
0.03471937643602668,6.731341383745622,59.35444916443734
0.25888430824052466,0.9126677742898623,60.80822084327144
0.04853237851035145,0.6974754140808974,88.3385222325598
0.03619092817694552,4.508986451605315,73.66847119301573
0.023972451991113815,1.898693811359347,59.66042139428027
0.09277837102442747,4.153781009459555,97.88640417333986
0.09832054198772312,1.4215986493049926,55.77856428494768
0.011447939131281754,3.628401985125705,59.75294321315751
0.02310273884647085,0.03305752984632404,59.95564658814827
0.35792326160142973,7.805799923541187,57.8956660300907
0.162020611904973,3.993805594157676,54.3259801570511
0.028378198265158368,3.8823819754245084,57.75558679269472
0.03817696608451497,4.027212463507746,60.086563913579774
0.11109935843939457,0.8407564815424511,81.9226595312047
0.08131814518911992,5.025648841525074,50.69012529757538
0.03606131793309632,5.799788925324486,94.84351580837092
0.12567162510522809,5.949499119947931,90.6550533352219
0.4111075112365981,0.9850524700336292,54.89202700641945
0.06316448440175529,6.316075498143233,53.926357031739485
0.021420749893914827,6.4198594142786245,96.89967683836433
0.04803166005887119,0.39102711253004807,98.08821380771255
0.05303349276407766,3.599839300078668,56.01992242774285
0.03738016063358457,7.677468994145646,78.3761554053622
0.04385153347685366,6.073812579938102,77.8113872794637
0.04526541875855992,6.125167394701156,74.50677015304817
0.02589491569414376,2.726646931183743,61.08969523255406
0.04968307586618636,5.784727680077433,68.28810649941683
0.054871029446844306,7.3647762930779805,50.06892531479622
0.040480410386525646,4.042575073509083,71.48584550029811
0.16018316406572022,4.3496350247110795,98.94930077005378
0.041344193784070386,4.068149837528025,51.608244720077344
0.10310880634788919,1.0669919874833238,81.4722047436143
0.03471937643602668,6.731341383745622,59.35444916443734
0.2721514257877537,0.7417415138434937,60.983919677380456
0.04853237851035145,0.6974754140808974,88.3385222325598
0.03730157557320717,4.461080489911843,74.64018116277529
0.010023212280387349,0.15089179777371875,66.12564257561041
0.09277837102442747,4.153781009459555,97.88640417333986
0.09832054198772312,1.4215986493049926,55.77856428494768
0.011447939131281754,3.628401985125705,59.75294321315751
0.02310273884647085,0.03305752984632404,59.95564658814827
0.35792326160142973,7.805799923541187,57.8956660300907
0.162020611904973,3.993805594157676,54.3259801570511
0.028378198265158368,3.8823819754245084,57.75558679269472
0.05038158656680353,3.4939128186723525,63.74115136226273
0.11235559842249251,0.7837993525458025,82.10831994449728
0.106142185109287,4.708254355255035,51.80851250243425
0.03606131793309632,5.799788925324486,94.84351580837092
0.12567162510522809,5.949499119947931,90.6550533352219
0.24308688174523357,2.3853474865316064,53.41406518692655
0.06316448440175529,6.316075498143233,53.926357031739485
0.021420749893914827,6.4198594142786245,96.89967683836433
0.045692674531540474,1.9910724607347854,93.75960076685378
0.049711303315818973,3.530502913924356,56.28336520892091
0.06187624158552953,6.619703131192242,68.91158340919512
0.04385153347685366,6.073812579938102,77.8113872794637
0.04526541875855992,6.125167394701156,74.50677015304817
0.02589491569414376,2.726646931183743,61.08969523255406
0.056807408441154866,5.334037603306564,72.54148957906624
0.054871029446844306,7.3647762930779805,50.06892531479622
0.040480410386525646,4.042575073509083,71.48584550029811
0.2078969940215879,4.488274203888744,99.70169336986801
0.048645801981327785,3.730442950219995,54.744355045025
0.0947685783453012,1.4508747933734187,78.6675617425134
0.05147798858712743,6.256645253921063,57.583874355292004
0.2721514257877537,0.7417415138434937,60.983919677380456
0.04853237851035145,0.6974754140808974,88.3385222325598
0.0540442927288726,3.6407689909743874,76.30614030200373
0.08613748121221299,1.5311115154878716,61.77609099902176
0.09277837102442747,4.153781009459555,97.88640417333986
0.07638983440941635,2.476433520779817,55.89544438515347
0.011447939131281754,3.628401985125705,59.75294321315751
0.023900812830519293,0.13430882157554924,60.06639587300388
0.31253969401312215,6.763475863555795,58.19060268750493
0.23686642315267736,4.264357996285816,53.16268228794421
0.013797142081838284,3.572589708868358,52.82504846510153
0.049525751225785355,3.6105349199906835,59.30524594596718
0.11235559842249251,0.7837993525458025,82.10831994449728
0.106142185109287,4.708254355255035,51.80851250243425
0.03606131793309632,5.799788925324486,94.84351580837092
0.15041356149841184,7.300218120283155,85.2157124286029
0.2418291388388958,2.369939270888941,53.69012761404193
0.06316448440175529,6.316075498143233,53.926357031739485
0.021420749893914827,6.4198594142786245,96.89967683836433
0.045692674531540474,1.9910724607347854,93.75960076685378
0.041681366744421286,3.3395160921266003,57.40712739851775
0.06187624158552953,6.619703131192242,68.91158340919512
0.04882654454975586,6.6047241589877785,80.29994357135035
0.06105798272972848,5.9717916253227346,72.74750028866615
0.01150330993469112,2.621750626997991,61.6304433483693
0.056807408441154866,5.334037603306564,72.54148957906624
0.050788749825658806,6.987875858140303,50.342852768265224
0.040480410386525646,4.042575073509083,71.48584550029811
0.2078969940215879,4.488274203888744,99.70169336986801
0.048645801981327785,3.730442950219995,54.744355045025
0.0947685783453012,1.4508747933734187,78.6675617425134
0.05147798858712743,6.256645253921063,57.583874355292004
0.2061690881965498,1.0217445966861183,61.26491643648837
0.04853237851035145,0.6974754140808974,88.3385222325598
0.02126945568270064,2.9692128633674946,91.71762284885824
0.08613748121221299,1.5311115154878716,61.77609099902176
0.08934867466047616,4.262696647933849,97.83897861319139
0.08092675910296374,2.2971795190623965,55.82947495234185
0.01105599568874271,3.6377137628446388,60.908800316290275
0.023900812830519293,0.13430882157554924,60.06639587300388
0.31253969401312215,6.763475863555795,58.19060268750493
0.23686642315267736,4.264357996285816,53.16268228794421
0.013797142081838284,3.572589708868358,52.82504846510153
0.06539962523988524,4.023339483851321,58.33450631509848
0.11235559842249251,0.7837993525458025,82.10831994449728
0.106142185109287,4.708254355255035,51.80851250243425
0.03606131793309632,5.799788925324486,94.84351580837092
0.15041356149841184,7.300218120283155,85.2157124286029
0.2418291388388958,2.369939270888941,53.69012761404193
0.06316448440175529,6.316075498143233,53.926357031739485
0.021420749893914827,6.4198594142786245,96.89967683836433
0.05663812772179369,1.8665946498926196,85.10400224248
0.041681366744421286,3.3395160921266003,57.40712739851775
0.07012018733928528,7.9587401009675816,73.60792899314669
0.04617191427000171,6.742091641387342,81.93907580824191
0.06105798272972848,5.9717916253227346,72.74750028866615
0.01150330993469112,2.621750626997991,61.6304433483693
0.06336276288051887,6.622035423318354,86.83604365367637
0.0505371771309906,6.605467496446265,50.859569864895434
0.040480410386525646,4.042575073509083,71.48584550029811
0.2078969940215879,4.488274203888744,99.70169336986801
0.048645801981327785,3.730442950219995,54.744355045025
0.08393581227044866,1.2496260155828673,75.8242086733116
0.05147798858712743,6.256645253921063,57.583874355292004
0.12519288204792856,1.687308001340057,61.41696669839688
0.04954095961989127,0.7205352225440627,89.49617225543749
0.013288901332527865,3.6342084802338888,92.70677196883892
0.08613748121221299,1.5311115154878716,61.77609099902176
0.08934867466047616,4.262696647933849,97.83897861319139
0.1028679082244051,2.1945994374754836,53.99608991960603
0.01105599568874271,3.6377137628446388,60.908800316290275
0.023900812830519293,0.13430882157554924,60.06639587300388
0.31253969401312215,6.763475863555795,58.19060268750493
0.4169056018296554,4.775065196053592,51.64976057751515
0.016168045211176176,4.458076058773788,66.53203299400664
0.11002891439933597,4.340031650942082,56.220387101686235
0.11235559842249251,0.7837993525458025,82.10831994449728
0.106142185109287,4.708254355255035,51.80851250243425
0.032214172509557576,7.321141184119463,95.27647442109128
0.15041356149841184,7.300218120283155,85.2157124286029
0.1648135016781359,2.7430264948060543,55.12040637124282
0.06316448440175529,6.316075498143233,53.926357031739485
0.021420749893914827,6.4198594142786245,96.89967683836433
0.05663812772179369,1.8665946498926196,85.10400224248
0.04863848655903088,3.2093351380886026,57.01928072735599
0.07012018733928528,7.9587401009675816,73.60792899314669
0.057859406324207725,5.218197612706618,76.04263187470319
0.06105798272972848,5.9717916253227346,72.74750028866615
0.033101620499245865,4.287780414621212,72.12801616173343
0.06336276288051887,6.622035423318354,86.83604365367637
0.050833436249833976,7.055802396357529,50.251069200938765
0.036741377497766556,2.9543370829746323,79.15486207738749
0.2078969940215879,4.488274203888744,99.70169336986801
0.04660016614454053,0.6209312045190227,58.945983571290554
0.08393581227044866,1.2496260155828673,75.8242086733116
0.05147798858712743,6.256645253921063,57.583874355292004
0.13522285609788143,0.9666593058713033,51.22531061283521
0.04954095961989127,0.7205352225440627,89.49617225543749
0.013288901332527865,3.6342084802338888,92.70677196883892
0.08613748121221299,1.5311115154878716,61.77609099902176
0.08917777344838995,4.276098816605309,97.55236595952516
0.1028679082244051,2.1945994374754836,53.99608991960603
0.01105599568874271,3.6377137628446388,60.908800316290275
0.023900812830519293,0.13430882157554924,60.06639587300388
0.33201035604088447,7.1868181756708776,50.46671542976528
0.4169056018296554,4.775065196053592,51.64976057751515
0.016168045211176176,4.458076058773788,66.53203299400664
0.11002891439933597,4.340031650942082,56.220387101686235
0.11235559842249251,0.7837993525458025,82.10831994449728
0.11822751078578023,5.023276299215367,50.71338588257231
0.032214172509557576,7.321141184119463,95.27647442109128
0.10461546072918695,6.817139548164949,72.42470442933494
0.18301293602442764,2.178809047155166,54.72482229863274
0.06316448440175529,6.316075498143233,53.926357031739485
0.021420749893914827,6.4198594142786245,96.89967683836433
0.07739984417992984,0.5371285633432192,94.63168134975307
0.04863848655903088,3.2093351380886026,57.01928072735599
0.07012018733928528,7.9587401009675816,73.60792899314669
0.06978952933573591,5.435708948389494,78.7641216877222
0.06105798272972848,5.9717916253227346,72.74750028866615
0.032445259541400644,4.267243526696637,72.00929365294144
0.06274869938744762,6.725206406756628,87.62090396473985
0.050833436249833976,7.055802396357529,50.251069200938765
0.036741377497766556,2.9543370829746323,79.15486207738749
0.17860892129697398,5.148682462700032,91.966618082623
0.04660016614454053,0.6209312045190227,58.945983571290554
0.08393581227044866,1.2496260155828673,75.8242086733116
0.05147798858712743,6.256645253921063,57.583874355292004
0.13314026177375787,0.9500056648308628,54.03792508803727
0.04954095961989127,0.7205352225440627,89.49617225543749
0.013455521020883408,3.681886736329586,91.1920068044034
0.0992356771960888,0.9831872014309964,60.88578426084348
0.08917777344838995,4.276098816605309,97.55236595952516
0.08729453148651355,2.601174176301886,56.24784623705967
0.01105599568874271,3.6377137628446388,60.908800316290275
0.023900812830519293,0.13430882157554924,60.06639587300388
0.33201035604088447,7.1868181756708776,50.46671542976528
0.313102767066064,5.124157304942379,57.80409482502598
0.013200320330235722,4.572208153883445,67.40147703036949
0.10426016371400795,4.497108831683239,59.45227506760568
0.14020804765435063,0.9883095089986954,89.0488327394257
0.11822751078578023,5.023276299215367,50.71338588257231
0.032214172509557576,7.321141184119463,95.27647442109128
0.15282328538865173,6.700252956160914,58.92639005209087
0.1496865100011513,4.150543184399671,62.24896526660619
0.06316448440175529,6.316075498143233,53.926357031739485
0.011362774313112584,7.043243687635924,98.535695469865
0.07561598918824447,1.1303688659111266,92.24283441553277
0.04863848655903088,3.2093351380886026,57.01928072735599
0.07012018733928528,7.9587401009675816,73.60792899314669
0.06723742556800424,4.905818915635687,76.58303786323944
0.06105798272972848,5.9717916253227346,72.74750028866615
0.032445259541400644,4.267243526696637,72.00929365294144
0.06274869938744762,6.725206406756628,87.62090396473985
0.050833436249833976,7.055802396357529,50.251069200938765
0.0532020076446352,2.641559521806506,80.72890511467969
0.23364393058571584,5.628684485142023,92.63111663812201
0.061121371432320465,1.513430531248639,57.27696677765738
0.08393581227044866,1.2496260155828673,75.8242086733116
0.05096281803724809,7.336903442694613,50.66768733789046
0.13314026177375787,0.9500056648308628,54.03792508803727
0.048671158241522086,0.6910752441758243,80.46031290331467
0.014648463020553053,3.718659054140398,89.986942071086
0.0992356771960888,0.9831872014309964,60.88578426084348
0.08917777344838995,4.276098816605309,97.55236595952516
0.08729453148651355,2.601174176301886,56.24784623705967
0.01968821207256942,3.354857807042145,62.67544900491039
0.023900812830519293,0.13430882157554924,60.06639587300388
0.33201035604088447,7.1868181756708776,50.46671542976528
0.3875343609501277,5.59488985856846,56.92212783300888
0.013200320330235722,4.572208153883445,67.40147703036949
0.12175248161168814,3.9139882919111617,60.07147386230254
0.19382200518474962,1.1624022201779265,94.07920399953665
0.11822751078578023,5.023276299215367,50.71338588257231
0.03000610795420549,7.510355489290449,96.84105628180919
0.14040335294765932,5.6853749904048705,64.80595877232102
0.1496865100011513,4.150543184399671,62.24896526660619
0.04751139842347302,5.769745824032325,58.14792694741548
0.011362774313112584,7.043243687635924,98.535695469865
0.07561598918824447,1.1303688659111266,92.24283441553277
0.047609629389841604,1.3822815180216521,59.83079124372139
0.07012018733928528,7.9587401009675816,73.60792899314669
0.019741494149756927,4.6994978135235375,72.00257720873964
0.08623400679371368,5.118216635904419,67.48949581998276
0.039282412240000814,4.268310727233445,75.08763222326844
0.06001913392348565,6.949150697211444,88.92314724804336
0.050833436249833976,7.055802396357529,50.251069200938765
0.0532020076446352,2.641559521806506,80.72890511467969
0.177282625949519,4.695651533038564,88.91344305881623
0.061121371432320465,1.513430531248639,57.27696677765738
0.08572412040291598,2.2821147615001323,83.23682373463208
0.05096281803724809,7.336903442694613,50.66768733789046
0.13314026177375787,0.9500056648308628,54.03792508803727
0.06011330299808394,1.1823964074161288,81.31771368848581
0.014648463020553053,3.718659054140398,89.986942071086
0.09625731748953825,1.6967491503822645,62.18719198016928
0.08917777344838995,4.276098816605309,97.55236595952516
0.05982586258864401,3.3318882074215947,60.38278993224672
0.02961950008224034,4.2168348683809045,61.05938228429701
0.023900812830519293,0.13430882157554924,60.06639587300388
0.3186762414038164,6.997968041474953,50.95249649866
0.27104776617845966,3.845643965929249,57.92936459353992
0.013200320330235722,4.572208153883445,67.40147703036949
0.12175248161168814,3.9139882919111617,60.07147386230254
0.1780095496833795,1.4184163111024632,90.10279812940043
0.11822751078578023,5.023276299215367,50.71338588257231
0.03000610795420549,7.510355489290449,96.84105628180919
0.21603154864622248,6.745195168723803,57.11631104539791
0.1496865100011513,4.150543184399671,62.24896526660619
0.04751139842347302,5.769745824032325,58.14792694741548
0.011362774313112584,7.043243687635924,98.535695469865
0.07704504329694561,1.4618457737185047,92.80231889948217
0.047609629389841604,1.3822815180216521,59.83079124372139
0.07012018733928528,7.9587401009675816,73.60792899314669
0.019741494149756927,4.6994978135235375,72.00257720873964
0.10493705958799884,4.322520901410724,57.7263035925957
0.021116046293367427,4.253310999081448,79.89143914272152
0.07407642677193263,6.12713356935467,79.15993666509544
0.050833436249833976,7.055802396357529,50.251069200938765
0.06594955564038274,3.2581545698615177,73.7947560328157
0.1862271016713726,4.695433158560584,89.87356583630006
0.060694523100252376,1.5167698907324623,57.29616423454902
0.08753036354866493,2.23137016576362,82.12453772781959
0.05096281803724809,7.336903442694613,50.66768733789046
0.13314026177375787,0.9500056648308628,54.03792508803727
0.06011330299808394,1.1823964074161288,81.31771368848581
0.011003862280930136,3.770640155928761,92.40916079763164
0.09977380003410831,1.7194803424126472,62.35752365226744
0.08917777344838995,4.276098816605309,97.55236595952516
0.06804972269185744,2.957023826329941,54.49621470808211
0.022460011009930808,3.5733407585252293,54.49712163954277
0.023900812830519293,0.13430882157554924,60.06639587300388
0.29079520856461,7.003988294835085,50.87948159161092
0.27104776617845966,3.845643965929249,57.92936459353992
0.013200320330235722,4.572208153883445,67.40147703036949
0.14617051826996239,2.956825381145147,50.285353979451735
0.1780095496833795,1.4184163111024632,90.10279812940043
0.10850432806781493,5.3165160648420215,50.64668581138595
0.03000610795420549,7.510355489290449,96.84105628180919
0.22641400963631367,6.890690397801665,56.060653604216355
0.15945837549841738,4.626494482635823,62.22771180343053
0.05945774752425725,6.230156354509348,52.187787976115324
0.011362774313112584,7.043243687635924,98.535695469865
0.1015012070239924,1.9907602739384873,77.76008077139326
0.047609629389841604,1.3822815180216521,59.83079124372139
0.05441871771178839,7.714096261362077,80.26925984583727
0.019741494149756927,4.6994978135235375,72.00257720873964
0.10493705958799884,4.322520901410724,57.7263035925957
0.03057946003631061,4.96888335557747,78.6780017671395
0.04474550932400681,6.642642079387402,84.97659577202396
0.050833436249833976,7.055802396357529,50.251069200938765
0.06984339894656327,3.2299343242517398,75.5225728022456
0.1862271016713726,4.695433158560584,89.87356583630006
0.040859809951410746,3.7387876618670104,73.87725638221728
0.08753036354866493,2.23137016576362,82.12453772781959
0.05096281803724809,7.336903442694613,50.66768733789046
0.17930558058487234,0.5888408584728221,51.96164494077475
0.0478271348318159,3.7647149965727364,87.65249171500744
0.011003862280930136,3.770640155928761,92.40916079763164
0.12128036159182962,1.8310383125059089,65.14294975078899
0.08917777344838995,4.276098816605309,97.55236595952516
0.06804972269185744,2.957023826329941,54.49621470808211
0.022460011009930808,3.5733407585252293,54.49712163954277
0.023900812830519293,0.13430882157554924,60.06639587300388
0.29079520856461,7.003988294835085,50.87948159161092
0.34493999892593624,2.7893505751625822,55.00705563219186
0.013200320330235722,4.572208153883445,67.40147703036949
0.14617051826996239,2.956825381145147,50.285353979451735
0.17283076272940395,1.4908802349295094,88.42583196145453
0.10850432806781493,5.3165160648420215,50.64668581138595
0.03000610795420549,7.510355489290449,96.84105628180919
0.12973667017695661,5.865693586820953,63.517972040203
0.11439502808410422,5.361876277682624,73.27570559108192
0.0655228976310661,5.8313797075783045,61.44561889805945
0.011362774313112584,7.043243687635924,98.535695469865
0.1015012070239924,1.9907602739384873,77.76008077139326
0.04454883291997323,1.321725948282801,59.15397297328208
0.050336127858331275,7.359184080651373,79.29601368627685
0.019741494149756927,4.6994978135235375,72.00257720873964
0.10493705958799884,4.322520901410724,57.7263035925957
0.03057946003631061,4.96888335557747,78.6780017671395
0.04640205384722793,6.827621611869234,75.83530377807544
0.050833436249833976,7.055802396357529,50.251069200938765
0.07674768949718182,3.8036891155089716,80.39536861226316
0.14477092423610113,4.637911810383761,84.16315915388442
0.03483216802010766,3.5945405844538905,74.57982459310767
0.09345286020889138,2.9428683857540205,73.82322311562879
0.05096281803724809,7.336903442694613,50.66768733789046
0.17930558058487234,0.5888408584728221,51.96164494077475
0.05325344627198145,3.7656692887711647,86.84196344373731
0.058120852754280215,4.5176829509083625,72.2274917133887
0.09679113801321224,2.3553008953710073,70.70604673089771
0.08917777344838995,4.276098816605309,97.55236595952516
0.06804972269185744,2.957023826329941,54.49621470808211
0.030579491271905946,4.645451757962314,53.40624605676256
0.023900812830519293,0.13430882157554924,60.06639587300388
0.26340609123714104,6.399317431386159,61.09305033820233
0.2520516819795109,3.800630718370047,57.147466160208815
0.016627725494284037,4.797162137500228,69.31102503611463
0.14617051826996239,2.956825381145147,50.285353979451735
0.13794241244776126,2.3306752544448743,85.50992170977739
0.10850432806781493,5.3165160648420215,50.64668581138595
0.03000610795420549,7.510355489290449,96.84105628180919
0.12973667017695661,5.865693586820953,63.517972040203
0.11267629212048565,5.173000890233995,70.45001247965256
0.0655228976310661,5.8313797075783045,61.44561889805945
0.016486115469175167,6.846342680760117,97.1148858789254
0.10032024160138539,1.9832698857488495,77.9061077711961
0.05236376003037234,3.016519865231183,59.55770300691884
0.050336127858331275,7.359184080651373,79.29601368627685
0.019741494149756927,4.6994978135235375,72.00257720873964
0.0907260645442548,4.372934508732722,57.78221819679386
0.03318682443134844,3.586670309608078,72.13235719469324
0.04495516245681108,6.855434864689291,74.2509891408151
0.03845779535811762,6.980332223936561,67.13651332991941
0.07365561215961162,3.8817269944931905,80.28034944942951
0.19231129677285042,3.5904443877496792,91.77701732987319
0.037961174539063273,1.055697263620365,60.14661445424733
0.1266987894237758,2.1505783939289245,74.64438636604592
0.05096281803724809,7.336903442694613,50.66768733789046
0.14332064740542452,2.221790850075113,55.838643248637084
0.04967031529414748,4.54417902878488,82.06980376343407
0.06217181730790393,5.143556442312313,60.064400924715144
0.09189601626239507,2.5138744146157137,72.5202742131414
0.1177737972953807,3.264995797700877,97.72446536082086
0.06804972269185744,2.957023826329941,54.49621470808211
0.03040690753593242,4.644151697357724,53.40054817945479
0.023239282167084634,0.0962658113401258,60.09562849305999
0.2105470828908458,5.261677359183493,74.38886694596339
0.2520516819795109,3.800630718370047,57.147466160208815
0.016627725494284037,4.797162137500228,69.31102503611463
0.14617051826996239,2.956825381145147,50.285353979451735
0.13794241244776126,2.3306752544448743,85.50992170977739
0.10850432806781493,5.3165160648420215,50.64668581138595
0.03837181736046849,7.182427946303164,93.48829552137185
0.12973667017695661,5.865693586820953,63.517972040203
0.11267629212048565,5.173000890233995,70.45001247965256
0.0655228976310661,5.8313797075783045,61.44561889805945
0.016861928119758646,6.83233548411231,96.81010691317377
0.09647161324793317,2.0597243101444573,79.22452410450295
0.05236376003037234,3.016519865231183,59.55770300691884
0.050336127858331275,7.359184080651373,79.29601368627685
0.019741494149756927,4.6994978135235375,72.00257720873964
0.0907260645442548,4.372934508732722,57.78221819679386
0.03318682443134844,3.586670309608078,72.13235719469324
0.04495516245681108,6.855434864689291,74.2509891408151
0.03815705700883769,6.990902057467159,67.34852424283841
0.07365561215961162,3.8817269944931905,80.28034944942951
0.19231129677285042,3.5904443877496792,91.77701732987319
0.037961174539063273,1.055697263620365,60.14661445424733
0.18565777620229576,1.166476347353259,86.70297610782455
0.055921835175808926,6.366536231218255,54.824924090077765
0.14332064740542452,2.221790850075113,55.838643248637084
0.05754613524403933,2.832993314526785,92.55914134185606
0.049199309867128435,5.4936584318566055,61.10122154807512
0.09189601626239507,2.5138744146157137,72.5202742131414
0.1167807101880497,3.1170792744503437,99.85134081704634
0.0657351025853977,3.8180435307639606,56.688872624746644
0.029045815143691766,3.780533335390758,54.67190688074711
0.023239282167084634,0.0962658113401258,60.09562849305999
0.16626600269023262,4.236185671486259,73.69150023013368
0.2520516819795109,3.800630718370047,57.147466160208815
0.016627725494284037,4.797162137500228,69.31102503611463
0.13365179562396323,3.2827242265154846,51.74277147576819
0.11033074919994776,1.9749818438592233,92.37294497449005
0.09275491675149768,5.735537334788609,60.267475456166494
0.03837181736046849,7.182427946303164,93.48829552137185
0.128517007410396,5.8614010176554885,63.410770263943995
0.12904901861803797,4.944396853878159,73.57654186283025
0.05608004660985543,6.377814240299351,62.818182400582906
0.016861928119758646,6.83233548411231,96.81010691317377
0.0884649259870331,2.22233821257787,75.7166757826728
0.05102215907063147,2.982791849366513,59.3124448176667
0.050336127858331275,7.359184080651373,79.29601368627685
0.019741494149756927,4.6994978135235375,72.00257720873964
0.0907260645442548,4.372934508732722,57.78221819679386
0.02868902015413031,3.051009598642642,75.2309323217666
0.04495516245681108,6.855434864689291,74.2509891408151
0.02617250368464387,7.4562769628820496,69.30704027119177
0.06051565827750198,4.8372585039313485,83.16886422695681
0.24280672158599276,3.4664853965211035,96.66956951100856
0.04264351291078852,0.11926441907172691,57.099709780129814
0.19641598025355095,0.9286055598333522,89.39552656511307
0.055921835175808926,6.366536231218255,54.824924090077765
0.14332064740542452,2.221790850075113,55.838643248637084
0.05754613524403933,2.832993314526785,92.55914134185606
0.049199309867128435,5.4936584318566055,61.10122154807512
0.09189601626239507,2.5138744146157137,72.5202742131414
0.1382469665982219,3.1765943009473045,99.30938350254984
0.06587959445750838,3.8108403482043665,56.77631256976869
0.02586131265235364,3.861806687462052,53.51229330676995
0.023239282167084634,0.0962658113401258,60.09562849305999
0.1922189037691757,4.9949068788923645,91.15729926100245
0.22707237252030726,3.674405240554462,65.03321789269931
0.03957304768145703,4.412250567348817,76.30789474932551
0.13365179562396323,3.2827242265154846,51.74277147576819
0.12407082686465255,1.7516375137476594,92.32447720411606
0.09043355614927734,5.797298339565884,61.68551715912871
0.03837181736046849,7.182427946303164,93.48829552137185
0.128517007410396,5.8614010176554885,63.410770263943995
0.21364976496916532,5.831982591094294,90.02666435495861
0.058494617503475246,7.998554556243929,64.49177673472607
0.0301947637555569,7.042180254038566,89.83421120459958
0.08834631327872475,2.109524227627631,76.6574649172033
0.06772871403229962,2.3991346281175105,63.16368846789648
0.050336127858331275,7.359184080651373,79.29601368627685
0.019741494149756927,4.6994978135235375,72.00257720873964
0.0907260645442548,4.372934508732722,57.78221819679386
0.02868902015413031,3.051009598642642,75.2309323217666
0.04495516245681108,6.855434864689291,74.2509891408151
0.02617250368464387,7.4562769628820496,69.30704027119177
0.06051565827750198,4.8372585039313485,83.16886422695681
0.24280672158599276,3.4664853965211035,96.66956951100856
0.047939617623636785,0.37675600670329024,58.75787775964205
0.19641598025355095,0.9286055598333522,89.39552656511307
0.055921835175808926,6.366536231218255,54.824924090077765
0.14332064740542452,2.221790850075113,55.838643248637084
0.05754613524403933,2.832993314526785,92.55914134185606
0.049199309867128435,5.4936584318566055,61.10122154807512
0.05344226497806806,0.8110700909154964,78.27467514666667
0.13700054955925994,3.2053815100224328,86.40717898219717
0.09923004172086863,3.7683660056552313,59.49648188706332
0.02586131265235364,3.861806687462052,53.51229330676995
0.023239282167084634,0.0962658113401258,60.09562849305999
0.29487146133950226,6.642797236078312,90.08876345762307
0.2936197106432161,4.245734720159991,61.3473390726556
0.09783183094589226,4.922187946094667,80.90519042601154
0.13365179562396323,3.2827242265154846,51.74277147576819
0.12407082686465255,1.7516375137476594,92.32447720411606
0.06903744067446033,5.96068267276524,61.721128332573336
0.03837181736046849,7.182427946303164,93.48829552137185
0.17988216261515141,6.410066214666664,59.35361177321576
0.23019670269750347,6.080773689855847,91.35031850029219
0.07327472312240957,7.096156456917589,68.61773195131899
0.01885954164456033,6.86377581398393,95.76493212847618
0.085880313396741,2.0332698671968084,76.0301672817553
0.06772871403229962,2.3991346281175105,63.16368846789648
0.05073217219037273,7.398402793243125,79.39597835980234
0.023051741453877547,4.657318602302411,72.40922208593906
0.09440462376009898,4.451319594748198,56.7475762537411
0.02868902015413031,3.051009598642642,75.2309323217666
0.041739638726728624,7.272484170462664,72.40814047507594
0.02617250368464387,7.4562769628820496,69.30704027119177
0.06271615265637488,4.104716791258491,96.74593926132758
0.24280672158599276,3.4664853965211035,96.66956951100856
0.047939617623636785,0.37675600670329024,58.75787775964205
0.19641598025355095,0.9286055598333522,89.39552656511307
0.055921835175808926,6.366536231218255,54.824924090077765
0.13786289746036265,2.4931547747931653,56.72889009451493
0.05754613524403933,2.832993314526785,92.55914134185606
0.049020676175989465,4.7680437651587475,60.768918040850934
0.05344226497806806,0.8110700909154964,78.27467514666667
0.13200220797100776,3.3969159950203833,86.15578331226261
0.02533655000966234,4.183049862475612,60.439641902329
0.02544500969799851,3.9811744874364057,50.31481493220865
0.023239282167084634,0.0962658113401258,60.09562849305999
0.30322583393222496,6.659705954440172,92.32177915311763
0.5077390682331554,1.475848833478298,54.282363961938024
0.0945139941071707,5.041848617096413,78.6947047261952
0.09083972610523984,1.831232544139537,55.24672184680294
0.13691450916432416,2.1034985796989067,92.32428377993875
0.06903744067446033,5.96068267276524,61.721128332573336
0.03837181736046849,7.182427946303164,93.48829552137185
0.15530520781082494,6.4014357563745286,58.45573295335014
0.23283382911661268,6.087856275364971,91.445695166794
0.07231872971382379,6.286507241534254,67.67759111570619
0.052639280041581527,5.603904010940285,84.92861836378722
0.085880313396741,2.0332698671968084,76.0301672817553
0.06813577287224339,2.113647849595304,61.81561787407839
0.05073217219037273,7.398402793243125,79.39597835980234
0.023051741453877547,4.657318602302411,72.40922208593906
0.09440462376009898,4.451319594748198,56.7475762537411
0.02868902015413031,3.051009598642642,75.2309323217666
0.041739638726728624,7.272484170462664,72.40814047507594
0.02617250368464387,7.4562769628820496,69.30704027119177
0.05656876539663652,4.084340105053758,89.08773295209484
0.16088110140208475,3.6604764292971796,79.19803791349361
0.047939617623636785,0.37675600670329024,58.75787775964205
0.2085346623141837,0.4490681711822697,89.08169677968732
0.055921835175808926,6.366536231218255,54.824924090077765
0.13786289746036265,2.4931547747931653,56.72889009451493
0.05754613524403933,2.832993314526785,92.55914134185606
0.048819729839224654,3.9517945556951157,60.39510741170792
0.05344226497806806,0.8110700909154964,78.27467514666667
0.14030862769655378,3.7128644828391706,92.39310492693244
0.02533655000966234,4.183049862475612,60.439641902329
0.02544500969799851,3.9811744874364057,50.31481493220865
0.023239282167084634,0.0962658113401258,60.09562849305999
0.33507852815495043,6.987823608326112,95.08058994298928
0.5077390682331554,1.475848833478298,54.282363961938024
0.16577294459480318,5.425284686739421,84.96230586698074
0.09083972610523984,1.831232544139537,55.24672184680294
0.14574506693840658,1.899512094567611,91.92448217963647
0.06903744067446033,5.96068267276524,61.721128332573336
0.035568919609541574,7.245347124632319,87.93244313849277
0.16962255541481724,6.6682744212113105,59.353285512318365
0.17681096341666455,6.403193143302113,92.03415110381619
0.06515059970455808,4.207270164961647,71.70171730227717
0.052639280041581527,5.603904010940285,84.92861836378722
0.09281412802416619,1.809784441923311,78.98052039257104
0.06813577287224339,2.113647849595304,61.81561787407839
0.04592952849870896,7.409720088330468,77.42308630486481
0.023051741453877547,4.657318602302411,72.40922208593906
0.09440462376009898,4.451319594748198,56.7475762537411
0.017336798475823006,2.23235912056015,79.03198048518918
0.041739638726728624,7.272484170462664,72.40814047507594
0.030615172690379305,7.359507933494045,69.95839750763417
0.04884829380589767,4.107946811397307,81.45969469671275
0.17276629750313008,4.263210109644393,90.79973493242954
0.047939617623636785,0.37675600670329024,58.75787775964205
0.2085346623141837,0.4490681711822697,89.08169677968732
0.055921835175808926,6.366536231218255,54.824924090077765
0.13786289746036265,2.4931547747931653,56.72889009451493
0.05658686460854028,2.659634173391638,95.19021608974897
0.048819729839224654,3.9517945556951157,60.39510741170792
0.05473548032496871,1.5712913343519679,85.23118462938109
0.14030862769655378,3.7128644828391706,92.39310492693244
0.028449047954407947,4.170321110789022,61.30467878774072
0.025238027388647444,3.97904443924444,50.263710227417164
0.023239282167084634,0.0962658113401258,60.09562849305999
0.33507852815495043,6.987823608326112,95.08058994298928
0.4262176367800517,2.4882385999241547,56.825798681078524
0.21923677272271594,5.975479197547834,98.16272459873427
0.09083972610523984,1.831232544139537,55.24672184680294
0.14574506693840658,1.899512094567611,91.92448217963647
0.06903744067446033,5.96068267276524,61.721128332573336
0.035568919609541574,7.245347124632319,87.93244313849277
0.16962255541481724,6.6682744212113105,59.353285512318365
0.17681096341666455,6.403193143302113,92.03415110381619
0.054158728924209525,5.159890993400543,68.80954598993587
0.05090247885086088,6.275539139373763,83.09032288317837
0.1221971951817069,1.645277559714268,78.96048715389685
0.07209459837584939,2.4541112516638997,62.414992329236874
0.04592952849870896,7.409720088330468,77.42308630486481
0.02138013214362619,5.175919297590689,89.34142807704757
0.09440462376009898,4.451319594748198,56.7475762537411
0.021724653488818448,2.1547983762712537,79.75931117268227
0.041739638726728624,7.272484170462664,72.40814047507594
0.030615172690379305,7.359507933494045,69.95839750763417
0.06901857304428713,3.7420427355148167,75.85581382619048
0.17313470397895256,3.981367247774543,94.48485772003406
0.047939617623636785,0.37675600670329024,58.75787775964205
0.2085346623141837,0.4490681711822697,89.08169677968732
0.04853145770499226,6.715881849316729,54.65320276901984
0.17337717072701353,0.8143831836737077,57.554092588683
0.052948951636015026,2.5463562043732475,95.28571682436277
0.04859255549566653,4.22359290826565,61.733533172206776
0.05473548032496871,1.5712913343519679,85.23118462938109
0.23735008525513873,0.44001533497606893,96.52591309999384
0.028449047954407947,4.170321110789022,61.30467878774072
0.025238027388647444,3.97904443924444,50.263710227417164
0.023239282167084634,0.0962658113401258,60.09562849305999
0.23651275237062852,5.08342572945001,91.6176388077117
0.31514481429214825,3.266104268271775,71.71457773124024
0.2120600611460906,5.890256494754238,96.5722305325217
0.08936124559867648,1.8000175230014666,55.00559063838324
0.14574506693840658,1.899512094567611,91.92448217963647
0.06903744067446033,5.96068267276524,61.721128332573336
0.035568919609541574,7.245347124632319,87.93244313849277
0.16962255541481724,6.6682744212113105,59.353285512318365
0.1656172130678404,6.657041275678413,93.678377951314
0.05292819648863408,5.160492707632707,69.58032782177338
0.05099627553515953,6.258625434034808,82.99881351572452
0.1221971951817069,1.645277559714268,78.96048715389685
0.07627200472005125,1.9600871691009116,61.655293559825985
0.033425908144294164,7.864982280098053,76.17528670596195
0.05084093822407687,5.190333603771225,89.54855225234132
0.09440462376009898,4.451319594748198,56.7475762537411
0.025327867122891437,3.913157894214449,78.65566834090315
0.041739638726728624,7.272484170462664,72.40814047507594
0.030615172690379305,7.359507933494045,69.95839750763417
0.06901857304428713,3.7420427355148167,75.85581382619048
0.17313470397895256,3.981367247774543,94.48485772003406
0.047208168958971064,1.1902863817493872,60.36828105319511
0.2085346623141837,0.4490681711822697,89.08169677968732
0.04853145770499226,6.715881849316729,54.65320276901984
0.17337717072701353,0.8143831836737077,57.554092588683
0.04579273207817005,1.9561986865507195,86.80941928015358
0.026957941321636904,5.852474836690751,61.10622149496798
0.02163431176937053,0.5090268990617188,83.74329649079938
0.16211790219941544,0.7368700729095009,82.21966413609258
0.028449047954407947,4.170321110789022,61.30467878774072
0.025238027388647444,3.97904443924444,50.263710227417164
0.02893507437760064,1.5870018458581407,58.86999545098186
0.24493742258949786,4.974521819582137,94.2692283072042
0.2951711937110965,2.9206816775955926,69.71950924898032
0.16931453884812547,5.248299253083132,90.38148081364169
0.08268239232685201,1.835050767414386,57.44992531319657
0.1235797632545585,2.43179565309628,87.28244921589032
0.07749663979857056,7.8092891060245995,62.24537873679781
0.035568919609541574,7.245347124632319,87.93244313849277
0.14176022120273615,6.30827143212796,61.795128232474
0.16005891576017678,7.138774092087229,93.45773368505546
0.05345935507847539,5.399017938194984,68.29780724611753
0.05099627553515953,6.258625434034808,82.99881351572452
0.1221971951817069,1.645277559714268,78.96048715389685
0.10103149338132891,2.6158806446268112,62.75169982315622
0.033425908144294164,7.864982280098053,76.17528670596195
0.05084093822407687,5.190333603771225,89.54855225234132
0.10047950898535774,4.477201159993761,56.32784108327815
0.025327867122891437,3.913157894214449,78.65566834090315
0.04588750623158018,7.290725297378301,61.97293035933487
0.030615172690379305,7.359507933494045,69.95839750763417
0.06344721823132148,4.021590749007727,73.9020815863681
0.1838395991307638,3.888325176155418,92.31247092521075
0.047208168958971064,1.1902863817493872,60.36828105319511
0.2085346623141837,0.4490681711822697,89.08169677968732
0.04853145770499226,6.715881849316729,54.65320276901984
0.17337717072701353,0.8143831836737077,57.554092588683
0.04579273207817005,1.9561986865507195,86.80941928015358
0.026957941321636904,5.852474836690751,61.10622149496798
0.03162363387580297,0.7087879635712406,84.21416733087966
0.16211790219941544,0.7368700729095009,82.21966413609258
0.028449047954407947,4.170321110789022,61.30467878774072
0.029002581477180198,4.254963805554864,51.12683377958152
0.02893507437760064,1.5870018458581407,58.86999545098186
0.24493742258949786,4.974521819582137,94.2692283072042
0.30495514180655403,2.8356440582162623,67.73401388985835
0.17224122109094767,5.1357142929248045,93.41778066192906
0.08268239232685201,1.835050767414386,57.44992531319657
0.1235797632545585,2.43179565309628,87.28244921589032
0.08913747822207284,7.480799054267475,66.07539085076891
0.03064267940976919,7.815001624260477,90.41168091527086
0.14793125876394697,6.228499749569736,63.73740703664974
0.16005891576017678,7.138774092087229,93.45773368505546
0.05345935507847539,5.399017938194984,68.29780724611753
0.05099627553515953,6.258625434034808,82.99881351572452
0.1221971951817069,1.645277559714268,78.96048715389685
0.10733710236552182,2.4808384355751167,62.87740995578628
0.032788583729281076,7.985771431833099,75.57577110726193
0.04753040029053035,5.191823050881159,89.44303991644716
0.10047950898535774,4.477201159993761,56.32784108327815
0.025327867122891437,3.913157894214449,78.65566834090315
0.04588750623158018,7.290725297378301,61.97293035933487
0.030615172690379305,7.359507933494045,69.95839750763417
0.06344721823132148,4.021590749007727,73.9020815863681
0.20868373015035133,5.773252723659525,99.93217284710988
0.047208168958971064,1.1902863817493872,60.36828105319511
0.1843894626807256,0.7836009696161654,86.25119184291621
0.04853145770499226,6.715881849316729,54.65320276901984
0.1639056442896156,1.2813860190721558,59.74211027714205
0.04579273207817005,1.9561986865507195,86.80941928015358
0.011678603920196172,5.240971045363502,65.67654042765938
0.027835492225697332,0.31444626811977416,85.44167335508624
0.14687409483380626,1.0837474148410036,80.97514043402036
0.028449047954407947,4.170321110789022,61.30467878774072
0.029002581477180198,4.254963805554864,51.12683377958152
0.02893507437760064,1.5870018458581407,58.86999545098186
0.22440756925962635,4.906110346870191,90.16749545395498
0.2778907922402506,3.1293468819446857,67.08876677976045
0.1583971501551138,5.312547156738015,89.07972720956897
0.08644960776064264,1.8900192529767055,60.197914778676335
0.1235797632545585,2.43179565309628,87.28244921589032
0.08913747822207284,7.480799054267475,66.07539085076891
0.030689963359538535,7.849714907247882,90.51626987872807
0.14793125876394697,6.228499749569736,63.73740703664974
0.1437343475230572,6.019817211076268,85.86096015797844
0.04992591770504434,5.702257883575436,68.55466002343803
0.05099627553515953,6.258625434034808,82.99881351572452
0.13282661630381976,1.2153397977239537,79.87568620204475
0.10733710236552182,2.4808384355751167,62.87740995578628
0.032788583729281076,7.985771431833099,75.57577110726193
0.04753040029053035,5.191823050881159,89.44303991644716
0.10047950898535774,4.477201159993761,56.32784108327815
0.01983223549842672,3.8857472599718044,78.33788224589279
0.04588750623158018,7.290725297378301,61.97293035933487
0.029365429885976055,7.404403795932647,71.02600482572343
0.06344721823132148,4.021590749007727,73.9020815863681
0.20868373015035133,5.773252723659525,99.93217284710988
0.047208168958971064,1.1902863817493872,60.36828105319511
0.1843894626807256,0.7836009696161654,86.25119184291621
0.04853145770499226,6.715881849316729,54.65320276901984
0.21493603396852912,0.3122526769134173,52.77731218366934
0.04579273207817005,1.9561986865507195,86.80941928015358
0.011678603920196172,5.240971045363502,65.67654042765938
0.027835492225697332,0.31444626811977416,85.44167335508624
0.14687409483380626,1.0837474148410036,80.97514043402036
0.025740267509988937,4.181832509593499,60.329667863415324
0.028944872916433054,4.1438638740080815,50.452923100626435
0.02865034515503265,1.1142076929616813,57.63563422828661
0.15433578857023772,4.556612403329492,86.11557948189929
0.27255452757209797,3.1975542299576802,67.4144314044156
0.1583971501551138,5.312547156738015,89.07972720956897
0.08271660766144551,1.823454342069519,60.214121557507575
0.1235797632545585,2.43179565309628,87.28244921589032
0.08913747822207284,7.480799054267475,66.07539085076891
0.030689963359538535,7.849714907247882,90.51626987872807
0.0871953746965125,7.676872056243592,62.171167212751385
0.1437343475230572,6.019817211076268,85.86096015797844
0.06837022135219221,6.861754818509377,74.82715018481002
0.02854585198189938,6.316437135728588,82.30593298658728
0.14717059822350892,1.2292646298014842,82.93790852855626
0.13178630480349296,1.367265064455112,51.9141163892265
0.032788583729281076,7.985771431833099,75.57577110726193
0.04767181795264327,5.19837787560589,89.6319853007378
0.10047950898535774,4.477201159993761,56.32784108327815
0.014303961632285067,3.729158199490354,95.2545753864095
0.04588750623158018,7.290725297378301,61.97293035933487
0.029365429885976055,7.404403795932647,71.02600482572343
0.05663271567838336,5.252520512797158,65.10792498868923
0.20868373015035133,5.773252723659525,99.93217284710988
0.01032043890057563,0.39856211373426653,58.82898766485742
0.1843894626807256,0.7836009696161654,86.25119184291621
0.04853145770499226,6.715881849316729,54.65320276901984
0.14039289710637493,2.1198231446056583,57.50800732322348
0.047351905558832036,1.7537427239203143,90.17400608900148
0.010689179654239048,5.551393866089545,64.43429770768519
0.027504472890410595,0.2757492944876123,85.54624768261183
0.14644366312106588,1.0947560166742885,80.9017797030402
0.0254248419273738,4.011598993750997,59.647375689131486
0.028944872916433054,4.1438638740080815,50.452923100626435
0.02865034515503265,1.1142076929616813,57.63563422828661
0.15433578857023772,4.556612403329492,86.11557948189929
0.27255452757209797,3.1975542299576802,67.4144314044156
0.1583971501551138,5.312547156738015,89.07972720956897
0.06361051625491762,2.742615679348989,61.683271431341396
0.1003974309731788,3.6553531538572868,83.28239654776529
0.08913747822207284,7.480799054267475,66.07539085076891
0.030689963359538535,7.849714907247882,90.51626987872807
0.12844497451938638,4.751337389565579,72.39083592223692
0.12163945333496395,5.1160983058450835,79.19373686532343
0.06837022135219221,6.861754818509377,74.82715018481002
0.02854585198189938,6.316437135728588,82.30593298658728
0.14722108766965064,1.2527107544788354,82.96029995693307
0.13178630480349296,1.367265064455112,51.9141163892265
0.032788583729281076,7.985771431833099,75.57577110726193
0.07016618865031969,6.188827238416746,85.84161218075363
0.11682016685180598,3.7730069830260944,56.85461140610802
0.014303961632285067,3.729158199490354,95.2545753864095
0.04588750623158018,7.290725297378301,61.97293035933487
0.029365429885976055,7.404403795932647,71.02600482572343
0.06907556493717137,7.378471416037699,56.37719000291962
0.20868373015035133,5.773252723659525,99.93217284710988
0.01664022234666354,2.5326733283488503,63.53948092459956
0.1843894626807256,0.7836009696161654,86.25119184291621
0.04853145770499226,6.715881849316729,54.65320276901984
0.13910731768129125,1.8918492159535365,55.25365367742012
0.05001551932635705,1.9520960179064009,90.7950718565479
0.010689179654239048,5.551393866089545,64.43429770768519
0.027504472890410595,0.2757492944876123,85.54624768261183
0.14644366312106588,1.0947560166742885,80.9017797030402
0.0254248419273738,4.011598993750997,59.647375689131486
0.028944872916433054,4.1438638740080815,50.452923100626435
0.02865034515503265,1.1142076929616813,57.63563422828661
0.15433578857023772,4.556612403329492,86.11557948189929
0.21468622870498077,4.106387567123719,64.1180271857663
0.18659794303272828,5.62243567045474,87.87123417619976
0.055397348669102967,2.9083047799793134,62.860165886702596
0.15987544858027672,4.452595224405294,97.30231796475432
0.07884991007261441,6.27815706033738,69.3253989512668
0.030689963359538535,7.849714907247882,90.51626987872807
0.1281402936554342,4.767667611468704,72.69539947887755
0.12928359352875948,5.196274474339951,81.56387337933684
0.09963581113094916,7.859566179227684,72.21828658518712
0.027483729476670903,5.556901579469216,78.2388011763675
0.14722108766965064,1.2527107544788354,82.96029995693307
0.1311173052415215,1.3720498008301305,52.23221706570764
0.032788583729281076,7.985771431833099,75.57577110726193
0.053462011791575975,5.047828845410811,78.88164918417215
0.192305798066224,4.707598924579742,51.8175593526059
0.014303961632285067,3.729158199490354,95.2545753864095
0.04588750623158018,7.290725297378301,61.97293035933487
0.029365429885976055,7.404403795932647,71.02600482572343
0.06907556493717137,7.378471416037699,56.37719000291962
0.20868373015035133,5.773252723659525,99.93217284710988
0.01664022234666354,2.5326733283488503,63.53948092459956
0.1843894626807256,0.7836009696161654,86.25119184291621
0.04853145770499226,6.715881849316729,54.65320276901984
0.17504829664587365,1.1571195934779706,56.819913005119886
0.05001551932635705,1.9520960179064009,90.7950718565479
0.010689179654239048,5.551393866089545,64.43429770768519
0.027504472890410595,0.2757492944876123,85.54624768261183
0.14644366312106588,1.0947560166742885,80.9017797030402
0.0254248419273738,4.011598993750997,59.647375689131486
0.028944872916433054,4.1438638740080815,50.452923100626435
0.050783094816693325,2.2451615719915283,62.87990785892507
0.15557195643202854,4.561527985063884,84.9989584757505
0.2665042058429725,3.277914717731298,62.131552038246845
0.22921495397599523,4.526098525896507,95.54218041673141
0.055397348669102967,2.9083047799793134,62.860165886702596
0.16201016590523604,4.986257525142501,99.90885998199082
0.020399564763033562,7.087279151638416,78.34510950365456
0.030689963359538535,7.849714907247882,90.51626987872807
0.10649862883128963,4.451223073721938,67.07713854220638
0.1146708594801556,5.509740820987887,78.01787872412717
0.09963581113094916,7.859566179227684,72.21828658518712
0.027483729476670903,5.556901579469216,78.2388011763675
0.13446719489743297,1.8394680966402008,82.49617018766813
0.1311173052415215,1.3720498008301305,52.23221706570764
0.032788583729281076,7.985771431833099,75.57577110726193
0.053462011791575975,5.047828845410811,78.88164918417215
0.192305798066224,4.707598924579742,51.8175593526059
0.014303961632285067,3.729158199490354,95.2545753864095
0.04588750623158018,7.290725297378301,61.97293035933487
0.026289753079387617,7.514894660395058,73.65343749044611
0.06907556493717137,7.378471416037699,56.37719000291962
0.1652310404977236,5.7213706094788375,94.72999104124196
0.012076178346241223,3.4808013703776597,54.29449422384572
0.1843894626807256,0.7836009696161654,86.25119184291621
0.04853145770499226,6.715881849316729,54.65320276901984
0.17504829664587365,1.1571195934779706,56.819913005119886
0.049216848990383213,2.1958278550594095,90.78354976271123
0.010689179654239048,5.551393866089545,64.43429770768519
0.027504472890410595,0.2757492944876123,85.54624768261183
0.15054643165505505,2.1051114478606308,83.92157055635084
0.02996541821572345,4.192150933497825,61.468169696553815
0.028944872916433054,4.1438638740080815,50.452923100626435
0.04076794817268512,1.397862585643777,72.63163276497907
0.14882139865019722,5.741506117917362,94.76589993383405
0.2666869332111063,3.2821520307142196,62.14216460368434
0.23422054474250514,4.358546294831448,91.05724375157023
0.09305796622936204,2.3992226015547935,72.21270776789962
0.11487580240530601,3.5912260367483992,89.30451137338206
0.020399564763033562,7.087279151638416,78.34510950365456
0.03053717938867991,7.839809706485009,91.60396957030834
0.10649862883128963,4.451223073721938,67.07713854220638
0.14032077589419736,5.964789212330354,73.61284242110354
0.09988238014334862,7.851179672670423,72.16400593475947
0.030860281404091465,5.875007253890186,75.25449212992275
0.13794389886361927,2.784573189088925,85.46799773082351
0.1311173052415215,1.3720498008301305,52.23221706570764
0.032788583729281076,7.985771431833099,75.57577110726193
0.04790567094973205,5.837451656622443,77.99313735529002
0.192305798066224,4.707598924579742,51.8175593526059
0.014303961632285067,3.729158199490354,95.2545753864095
0.04588750623158018,7.290725297378301,61.97293035933487
0.027065966824952613,7.574272624025444,76.9338828062628
0.06907556493717137,7.378471416037699,56.37719000291962
0.1652310404977236,5.7213706094788375,94.72999104124196
0.01445326307845557,3.7810318504152836,59.920203573554105
0.18727364786590495,0.6480956521072212,86.75676594373093
0.0501780068926265,7.843771273807686,50.84018892758664
0.17504829664587365,1.1571195934779706,56.819913005119886
0.05108982419614713,2.3614596366991165,91.23533527416129
0.010689179654239048,5.551393866089545,64.43429770768519
0.027504472890410595,0.2757492944876123,85.54624768261183
0.15054643165505505,2.1051114478606308,83.92157055635084
0.02996541821572345,4.192150933497825,61.468169696553815
0.028944872916433054,4.1438638740080815,50.452923100626435
0.043819904685137655,1.6827774876115704,78.13234706338474
0.1329795548275756,5.979971049771649,92.44574036360018
0.29231730218392626,2.7473548745764744,55.04799261440567
0.26988538948279345,4.075450645836076,93.55800666335024
0.07662103676458626,2.648231959463577,75.29856289857523
0.12089821337333945,3.268274084618084,91.69045250255841
0.020399564763033562,7.087279151638416,78.34510950365456
0.026768289980664575,7.97462367069358,98.8791312638443
0.1042344002106208,4.452866029151616,66.6520240256074
0.1582688349133451,6.869864290037,71.71434498562411
0.09988238014334862,7.851179672670423,72.16400593475947
0.024287529807313378,5.023119093166869,83.19439550045455
0.16495674878909278,0.9826669093464799,96.87854853932635
0.1311173052415215,1.3720498008301305,52.23221706570764
0.03276186886281709,7.959069098496469,75.40116027872381
0.04790567094973205,5.837451656622443,77.99313735529002
0.21933366875768137,3.6283155203176793,52.980326930875876
0.014303961632285067,3.729158199490354,95.2545753864095
0.07193223476250246,6.10885924757387,66.5135311335013
0.027065966824952613,7.574272624025444,76.9338828062628
0.07403081909157497,7.739446624152069,52.816219484070245
0.16361657369996602,5.719594897661372,94.41349821052854
0.01521681758118773,3.8313197563651777,59.870676477971486
0.19719812685280436,0.4245033947486099,88.35220785176973
0.08491573233322318,5.7672616719955165,64.77367407913721
0.10323354818021788,2.358678968191862,58.19066808236208
0.05108982419614713,2.3614596366991165,91.23533527416129
0.010689179654239048,5.551393866089545,64.43429770768519
0.027504472890410595,0.2757492944876123,85.54624768261183
0.16332680785763565,0.30275848603773525,92.06520833662046
0.03235964947754031,4.508136216102864,58.017438247186405
0.028944872916433054,4.1438638740080815,50.452923100626435
0.011814976855798937,1.796696311386789,87.6278393238989
0.1348166692846507,5.961901659987465,92.6758387389139
0.2503594962549007,2.3893847475790735,54.31509083864336
0.26988538948279345,4.075450645836076,93.55800666335024
0.06261714808409787,3.087542951534477,68.00066923762238
0.12089821337333945,3.268274084618084,91.69045250255841
0.020399564763033562,7.087279151638416,78.34510950365456
0.026768289980664575,7.97462367069358,98.8791312638443
0.12675537986553714,5.460245285709723,68.76194574449687
0.20898068115650217,7.803692025426087,66.56825072249538
0.09988238014334862,7.851179672670423,72.16400593475947
0.02955792351766252,4.499731316920995,84.77556305998617
0.16495674878909278,0.9826669093464799,96.87854853932635
0.1311173052415215,1.3720498008301305,52.23221706570764
0.03276186886281709,7.959069098496469,75.40116027872381
0.04790567094973205,5.837451656622443,77.99313735529002
0.21933366875768137,3.6283155203176793,52.980326930875876
0.014303961632285067,3.729158199490354,95.2545753864095
0.07230012917859538,6.099179895771967,66.4642313441638
0.027065966824952613,7.574272624025444,76.9338828062628
0.07403081909157497,7.739446624152069,52.816219484070245
0.16361657369996602,5.719594897661372,94.41349821052854
0.013484372051971269,2.7429447884697735,53.69519699244607
0.19719812685280436,0.4245033947486099,88.35220785176973
0.08491573233322318,5.7672616719955165,64.77367407913721
0.08157583336470388,3.125008020923518,62.81868261344544
0.05355120942596256,1.7933968276921872,90.46176867338528
0.010689179654239048,5.551393866089545,64.43429770768519
0.027504472890410595,0.2757492944876123,85.54624768261183
0.16332680785763565,0.30275848603773525,92.06520833662046
0.03057143455225354,2.94930157291325,68.1566014731537
0.028944872916433054,4.1438638740080815,50.452923100626435
0.011814976855798937,1.796696311386789,87.6278393238989
0.11873802667058711,6.097178630988115,91.70572421262482
0.2503594962549007,2.3893847475790735,54.31509083864336
0.26988538948279345,4.075450645836076,93.55800666335024
0.0854576522105886,3.667903737266729,59.17635231360052
0.14844095052711198,2.004327090721193,96.0219732258399
0.020399564763033562,7.087279151638416,78.34510950365456
0.026768289980664575,7.97462367069358,98.8791312638443
0.14936285925711285,5.764507747532806,72.9938106536173
0.20706085617871056,6.60134232400655,70.11768354783763
0.14421478256337691,7.779919824505747,70.0258990232587
0.042231432363269025,3.7933644958992123,98.43811570467729
0.16495674878909278,0.9826669093464799,96.87854853932635
0.1311173052415215,1.3720498008301305,52.23221706570764
0.03276186886281709,7.959069098496469,75.40116027872381
0.04328085241330504,6.085634178826572,79.42490326981232
0.21933366875768137,3.6283155203176793,52.980326930875876
0.014303961632285067,3.729158199490354,95.2545753864095
0.08219654597904473,6.058042383550704,69.49323226098994
0.027065966824952613,7.574272624025444,76.9338828062628
0.07403081909157497,7.739446624152069,52.816219484070245
0.16361657369996602,5.719594897661372,94.41349821052854
0.020596004505029936,3.025555123356006,54.809446012215524
0.19719812685280436,0.4245033947486099,88.35220785176973
0.0870422691848526,5.66607419363325,65.22023225229897
0.08157583336470388,3.125008020923518,62.81868261344544
0.046389387057966414,1.5379237881564425,90.20463433164151
0.010689179654239048,5.551393866089545,64.43429770768519
0.027504472890410595,0.2757492944876123,85.54624768261183
0.16332680785763565,0.30275848603773525,92.06520833662046
0.03057143455225354,2.94930157291325,68.1566014731537
0.028944872916433054,4.1438638740080815,50.452923100626435
0.011814976855798937,1.796696311386789,87.6278393238989
0.11873802667058711,6.097178630988115,91.70572421262482
0.2503594962549007,2.3893847475790735,54.31509083864336
0.2978651191639309,5.480820905623151,95.56189067620498
0.08904490195352961,3.877875050240732,57.544079477260524
0.1463776499279955,1.929020878343069,90.8064756425733
0.020399564763033562,7.087279151638416,78.34510950365456
0.026768289980664575,7.97462367069358,98.8791312638443
0.17008221244029353,5.390982454707811,68.61900756773385
0.2149769767268323,6.71615538060545,69.723081133615
0.14421478256337691,7.779919824505747,70.0258990232587
0.042231432363269025,3.7933644958992123,98.43811570467729
0.16495674878909278,0.9826669093464799,96.87854853932635
0.1311173052415215,1.3720498008301305,52.23221706570764
0.03276186886281709,7.959069098496469,75.40116027872381
0.033872095101762686,6.2212057992412575,84.25141075503184
0.222527208845123,3.5084495345072395,50.60549936144962
0.027559502966394332,3.759633183213583,96.76561627815714
0.06623988220087978,6.040952656203054,59.79364540682428
0.027065966824952613,7.574272624025444,76.9338828062628
0.07403081909157497,7.739446624152069,52.816219484070245
0.11841975070604846,6.464362267268893,95.88836089189392
0.012226959518163383,2.9514457880563043,53.579380979053454
0.19719812685280436,0.4245033947486099,88.35220785176973
0.0870422691848526,5.66607419363325,65.22023225229897
0.08242549351966962,3.2635829625811827,62.19259133636481
0.044322353099221175,2.511888762588468,87.9592303529716
0.014892678894939088,5.4616156742065325,64.06466258404713
0.027504472890410595,0.2757492944876123,85.54624768261183
0.16332680785763565,0.30275848603773525,92.06520833662046
0.03057143455225354,2.94930157291325,68.1566014731537
0.028944872916433054,4.1438638740080815,50.452923100626435
0.011814976855798937,1.796696311386789,87.6278393238989
0.11873802667058711,6.097178630988115,91.70572421262482
0.2340265385477337,2.7170784704156064,55.40568744437387
0.28027195938245864,4.597148911135244,94.30188380610794
0.12241709204926539,4.2803457812666785,59.26647229018661
0.1406430413208687,1.8774605913665023,93.12264493915411
0.020399564763033562,7.087279151638416,78.34510950365456
0.026768289980664575,7.97462367069358,98.8791312638443
0.0951464304077361,5.338298455348692,52.81888165330594
0.23486736436686018,7.052693401899905,66.41675464734007
0.1365871476899264,7.841109671629878,70.32957747297735
0.042231432363269025,3.7933644958992123,98.43811570467729
0.16495674878909278,0.9826669093464799,96.87854853932635
0.1311173052415215,1.3720498008301305,52.23221706570764
0.03276186886281709,7.959069098496469,75.40116027872381
0.02371253352770815,6.277783436137029,91.92818434038671
0.222527208845123,3.5084495345072395,50.60549936144962
0.03814629864786012,3.5834256028964653,96.424564045439
0.06623988220087978,6.040952656203054,59.79364540682428
0.0474029952320294,7.523226906420158,75.90459649414478
0.07403081909157497,7.739446624152069,52.816219484070245
0.1510648024023116,6.629295662645238,87.6262584822406
0.012226959518163383,2.9514457880563043,53.579380979053454
0.13999583689327907,0.8754453540337024,79.45458929887818
0.07939561534997633,5.388619969354189,64.0304549135918
0.08242549351966962,3.2635829625811827,62.19259133636481
0.044322353099221175,2.511888762588468,87.9592303529716
0.01384048168905173,5.151001179982624,61.33610660748519
0.04695257106947699,2.0365058958439985,78.9067284480908
0.11423682671378216,1.0341027251455992,86.51458521386222
0.029359197137402704,1.747625526113091,62.24544226616323
0.028944872916433054,4.1438638740080815,50.452923100626435
0.011814976855798937,1.796696311386789,87.6278393238989
0.1406175106124051,6.743374496472031,99.53763066930689
0.2340265385477337,2.7170784704156064,55.40568744437387
0.28027195938245864,4.597148911135244,94.30188380610794
0.12241709204926539,4.2803457812666785,59.26647229018661
0.1406430413208687,1.8774605913665023,93.12264493915411
0.020399564763033562,7.087279151638416,78.34510950365456
0.026768289980664575,7.97462367069358,98.8791312638443
0.0951464304077361,5.338298455348692,52.81888165330594
0.18238018751149934,7.285224551830353,74.6044820922672
0.12338375961510135,7.947028912813175,70.85524296275489
0.042231432363269025,3.7933644958992123,98.43811570467729
0.16495674878909278,0.9826669093464799,96.87854853932635
0.141359038930076,0.6041058027212385,51.19351737924481
0.03276186886281709,7.959069098496469,75.40116027872381
0.02371253352770815,6.277783436137029,91.92818434038671
0.19959930214320548,3.6852345158428426,52.589094882198545
0.03814629864786012,3.5834256028964653,96.424564045439
0.06706923638684699,6.174491610304111,58.727866245909
0.0474029952320294,7.523226906420158,75.90459649414478
0.07403081909157497,7.739446624152069,52.816219484070245
0.16049348940906152,6.680348417717291,90.870166563585
0.01485609390879122,3.0155508123806003,57.92539241510575
0.10356213724282393,1.467423446361568,72.07619177606283
0.0995027949864335,7.466154964381733,54.81060791979294
0.07280650783289665,4.080989590803385,57.69470546534108
0.044322353099221175,2.511888762588468,87.9592303529716
0.01384048168905173,5.151001179982624,61.33610660748519
0.04695257106947699,2.0365058958439985,78.9067284480908
0.11423682671378216,1.0341027251455992,86.51458521386222
0.029359197137402704,1.747625526113091,62.24544226616323
0.028944872916433054,4.1438638740080815,50.452923100626435
0.02274133380898718,2.0370863063694333,87.73922624875
0.11520454676318084,5.728744272770711,96.9940087675025
0.20587025766440345,2.7468301590988586,55.17384751915134
0.28027195938245864,4.597148911135244,94.30188380610794
0.0948112036178661,4.493200209477061,61.65478088506757
0.17029654579866083,2.272692149828723,75.87041653967529
0.017852035493269927,6.9076273335970315,78.95177608932286
0.026768289980664575,7.97462367069358,98.8791312638443
0.0931845965390716,5.561387132759364,52.8186343133785
0.1957059768621575,7.427361507120183,76.31499252509525
0.07977342208743173,6.190789329590073,61.433784423394044
0.03879125480654109,3.6968338933366343,93.2948154633109
0.12133090438966032,1.372268502573412,90.23441235681129
0.13573571819848182,0.6615199746040858,51.74841564825911
0.03276186886281709,7.959069098496469,75.40116027872381
0.023145108637627903,6.509197911197711,96.42599952430498
0.20074355783603126,3.69816904996992,53.180746351521904
0.03814629864786012,3.5834256028964653,96.424564045439
0.06706923638684699,6.174491610304111,58.727866245909
0.0474029952320294,7.523226906420158,75.90459649414478
0.07403081909157497,7.739446624152069,52.816219484070245
0.13753745078486357,6.5301213094216894,82.14979781950143
0.01485609390879122,3.0155508123806003,57.92539241510575
0.10200063990085348,1.5308097543417958,69.96413848994288
0.0995027949864335,7.466154964381733,54.81060791979294
0.060247368090839276,2.2222594180522295,53.04172589938781
0.04876613758909509,1.5598823951841991,83.67252469288483
0.01384048168905173,5.151001179982624,61.33610660748519
0.029986804215804325,1.4216628342323965,79.20232361232598
0.11222898052345126,0.9722689770465269,87.28827323213066
0.029359197137402704,1.747625526113091,62.24544226616323
0.028944872916433054,4.1438638740080815,50.452923100626435
0.02274133380898718,2.0370863063694333,87.73922624875
0.11533260891953775,5.732149581167343,97.00020829979833
0.20587025766440345,2.7468301590988586,55.17384751915134
0.28027195938245864,4.597148911135244,94.30188380610794
0.09390548985201097,4.480324797226668,62.166327494404236
0.1135615545667619,2.1640526716674287,77.26704033001035
0.016938387418169314,5.7206922344026925,72.5395299127613
0.026768289980664575,7.97462367069358,98.8791312638443
0.0931845965390716,5.561387132759364,52.8186343133785
0.1957059768621575,7.427361507120183,76.31499252509525
0.0871258153308309,6.200221436769946,62.99980171834089
0.03879125480654109,3.6968338933366343,93.2948154633109
0.12133090438966032,1.372268502573412,90.23441235681129
0.13573571819848182,0.6615199746040858,51.74841564825911
0.03276186886281709,7.959069098496469,75.40116027872381
0.023145108637627903,6.509197911197711,96.42599952430498
0.20074355783603126,3.69816904996992,53.180746351521904
0.03909828318838994,3.5220284600632423,97.79887164795984
0.06706923638684699,6.174491610304111,58.727866245909
0.0474029952320294,7.523226906420158,75.90459649414478
0.059270539555881366,7.076249973679953,53.52973773113312
0.13141817257651706,6.804295824462017,84.9544268915145
0.01485609390879122,3.0155508123806003,57.92539241510575
0.08846821445602089,2.1380620595283246,51.504242105007265
0.10168849846238123,7.450012483315724,54.13628641308742
0.060247368090839276,2.2222594180522295,53.04172589938781
0.03724025079713572,2.7449948147912977,76.3012378965252
0.01384048168905173,5.151001179982624,61.33610660748519
0.029986804215804325,1.4216628342323965,79.20232361232598
0.11700907934097865,0.85732298846801,90.43749990573299
0.029359197137402704,1.747625526113091,62.24544226616323
0.028944872916433054,4.1438638740080815,50.452923100626435
0.02274133380898718,2.0370863063694333,87.73922624875
0.08526542725329338,5.728648459644865,89.52554515880898
0.16100055885604989,2.4087661879203157,61.303761754884455
0.28027195938245864,4.597148911135244,94.30188380610794
0.12591197775752283,6.627584907616317,70.8431768048258
0.1135615545667619,2.1640526716674287,77.26704033001035
0.016938387418169314,5.7206922344026925,72.5395299127613
0.044328996920519975,6.798982508286311,94.50640030302091
0.0931845965390716,5.561387132759364,52.8186343133785
0.1957059768621575,7.427361507120183,76.31499252509525
0.023859923302964242,5.485209503660528,55.24150211710551
0.03879125480654109,3.6968338933366343,93.2948154633109
0.11968767406865918,1.415226524504578,90.38557072544423
0.13573571819848182,0.6615199746040858,51.74841564825911
0.03893798571188081,7.8024102582220545,74.58419103827973
0.023145108637627903,6.509197911197711,96.42599952430498
0.18196456371324465,4.409448677986161,53.36189894800401
0.03909828318838994,3.5220284600632423,97.79887164795984
0.06908570310631319,7.34272651861256,60.40862469410186
0.0474029952320294,7.523226906420158,75.90459649414478
0.059270539555881366,7.076249973679953,53.52973773113312
0.1280475531475843,4.9892061004168475,86.71871245071084
0.01485609390879122,3.0155508123806003,57.92539241510575
0.08846821445602089,2.1380620595283246,51.504242105007265
0.15059456943320582,5.597629350309978,53.66451131788395
0.060247368090839276,2.2222594180522295,53.04172589938781
0.03724025079713572,2.7449948147912977,76.3012378965252
0.01384048168905173,5.151001179982624,61.33610660748519
0.027259015878055497,0.716771027816018,74.83619826188317
0.11109643236506928,2.0247552835775453,81.10142853196231
0.026915781516418005,1.4034936465876404,62.35841743573858
0.028944872916433054,4.1438638740080815,50.452923100626435
0.02274133380898718,2.0370863063694333,87.73922624875
0.10078775389665443,5.790185923706137,98.19200142922476
0.16878817237510302,2.6122427116120903,55.62433931541108
0.20321153724270152,3.609168874896465,77.10720214158793
0.12591197775752283,6.627584907616317,70.8431768048258
0.11350697724784767,2.1651714994617413,77.27873953407588
0.045458534567548475,5.532930117370761,76.17912498833812
0.044328996920519975,6.798982508286311,94.50640030302091
0.0931845965390716,5.561387132759364,52.8186343133785
0.15317678068137006,6.693806248771988,86.11723675664503
0.023859923302964242,5.485209503660528,55.24150211710551
0.03879125480654109,3.6968338933366343,93.2948154633109
0.11968767406865918,1.415226524504578,90.38557072544423
0.09373598888377543,1.9765240347794888,69.7477679080995
0.0740355876588325,5.14911486077167,75.85244193700076
0.023145108637627903,6.509197911197711,96.42599952430498
0.16248216479128824,3.496346761296292,60.17021753424948
0.03909828318838994,3.5220284600632423,97.79887164795984
0.06908570310631319,7.34272651861256,60.40862469410186
0.04737170630040555,7.547460026269221,76.16812206766234
0.05512913861347256,6.346561828840439,62.618271486743275
0.07768139250288524,5.228983002198231,71.50206691732353
0.01485609390879122,3.0155508123806003,57.92539241510575
0.08846821445602089,2.1380620595283246,51.504242105007265
0.15059456943320582,5.597629350309978,53.66451131788395
0.05642617706153093,2.3012634438639945,53.10719276311815
0.04375666730221306,3.0631583501874666,71.16053006681315
0.014176593612653832,5.168629278705783,61.7001835746363
0.027259015878055497,0.716771027816018,74.83619826188317
0.1133693643511869,1.1945259026070785,77.33317541219691
0.026915781516418005,1.4034936465876404,62.35841743573858
0.028944872916433054,4.1438638740080815,50.452923100626435
0.02632927978594215,2.6612210733420625,84.63102314439044
0.10078775389665443,5.790185923706137,98.19200142922476
0.18082984360837517,1.4090620029505176,51.0421500084879
0.27049755224799227,5.417581316813578,76.93796268101356
0.12713464548633294,6.774183278616398,71.47465957477712
0.12168797422653267,1.2116292432515952,80.38568234927197
0.04866417652787493,6.546448349036602,65.28251683055171
0.04413884054969299,6.740062512354007,94.15533683716552
0.1141705317982884,5.58444759186927,52.085184814129036
0.1341137885596393,6.6669283185502435,82.31700514796492
0.021227705965236973,5.412701559290452,54.620531618218365
0.03879125480654109,3.6968338933366343,93.2948154633109
0.09356424519546058,2.4950299772163063,80.29206674884134
0.09373598888377543,1.9765240347794888,69.7477679080995
0.06968999684826277,5.848937234017237,77.19903458039977
0.023145108637627903,6.509197911197711,96.42599952430498
0.26865105980906506,0.6775702902636302,57.749166238968186
0.03909828318838994,3.5220284600632423,97.79887164795984
0.06908570310631319,7.34272651861256,60.40862469410186
0.04737170630040555,7.547460026269221,76.16812206766234
0.06833146440394387,7.457180562784529,68.75214190367302
0.07768139250288524,5.228983002198231,71.50206691732353
0.01485609390879122,3.0155508123806003,57.92539241510575
0.11945517403536604,0.5999433320195688,51.32064179059435
0.15059456943320582,5.597629350309978,53.66451131788395
0.05642617706153093,2.3012634438639945,53.10719276311815
0.03281408412394374,2.364561198287636,71.05036571402778
0.02822860213539395,5.212819295645838,60.87245295952759
0.027259015878055497,0.716771027816018,74.83619826188317
0.10947598594203874,1.3782773317806574,76.58044757974258
0.026915781516418005,1.4034936465876404,62.35841743573858
0.028944872916433054,4.1438638740080815,50.452923100626435
0.01493582272406193,2.0670499394718274,86.72756744870159
0.09908577760021536,6.163033425744013,99.642030784063
0.18082984360837517,1.4090620029505176,51.0421500084879
0.18026152486597324,6.280080002388415,69.5325304705957
0.10444373889287115,6.07974015314531,73.34542441942705
0.12168797422653267,1.2116292432515952,80.38568234927197
0.039602294663549385,4.078452520540713,69.32707103486023
0.04413884054969299,6.740062512354007,94.15533683716552
0.1141705317982884,5.58444759186927,52.085184814129036
0.1406553267842317,6.761031512313863,79.08152832994456
0.0201055845793024,5.531419868831421,51.90929637654108
0.04410327773383913,3.906110889418784,90.31813328159652
0.11454337631960207,1.5935587278205512,85.22556112928336
0.12161661980008405,1.7338549038870301,82.18282751286846
0.07947565388398634,5.953497736573746,84.67015656066921
0.02634665489740378,6.567285544288837,93.91599082702567
0.20597120724103063,2.770974760048875,58.58445381910104
0.03909828318838994,3.5220284600632423,97.79887164795984
0.06908570310631319,7.34272651861256,60.40862469410186
0.03990957240047898,6.595091444031174,72.3057501045321
0.06833146440394387,7.457180562784529,68.75214190367302
0.07768139250288524,5.228983002198231,71.50206691732353
0.010766716448393304,2.8756807797802177,57.2215193383183
0.11945517403536604,0.5999433320195688,51.32064179059435
0.15145993987609715,5.588589330139427,53.2954761285323
0.05642617706153093,2.3012634438639945,53.10719276311815
0.03350782353870464,1.9336470849003518,72.59018622917228
0.02822860213539395,5.212819295645838,60.87245295952759
0.027259015878055497,0.716771027816018,74.83619826188317
0.10947598594203874,1.3782773317806574,76.58044757974258
0.025757628616009835,2.1054953318703906,60.58142332335521
0.028944872916433054,4.1438638740080815,50.452923100626435
0.01493582272406193,2.0670499394718274,86.72756744870159
0.09908577760021536,6.163033425744013,99.642030784063
0.18082984360837517,1.4090620029505176,51.0421500084879
0.18026152486597324,6.280080002388415,69.5325304705957
0.08654594768137908,5.620820552073536,67.91851894722342
0.20925598000917298,1.6705323999604982,85.53195594112687
0.04956132401956567,4.385831273741411,69.94425191038508
0.05866297805045315,5.492618274366971,90.08147962919548
0.1141705317982884,5.58444759186927,52.085184814129036
0.12974746800345904,6.742543381678828,80.49710091368547
0.0201055845793024,5.531419868831421,51.90929637654108
0.04410327773383913,3.906110889418784,90.31813328159652
0.10987830937437233,1.5010281857409697,87.23235702938848
0.11991906258400707,1.7001842425098497,82.91307445281872
0.07104971921053285,5.955217182531102,91.20174838213468
0.027104499771272723,6.021852982396815,80.60962639668105
0.18973597577546686,3.268546073401238,57.4350381296871
0.028250561963137404,3.2745518727412755,82.26242744233662
0.06680273520152655,7.46395314925435,60.599984715237454
0.04439013704273938,6.795670703294762,69.40017857161895
0.06833146440394387,7.457180562784529,68.75214190367302
0.0704890473361258,4.860157436119833,73.31347190666769
0.010766716448393304,2.8756807797802177,57.2215193383183
0.11945517403536604,0.5999433320195688,51.32064179059435
0.15145993987609715,5.588589330139427,53.2954761285323
0.042779702452238444,4.032846878419293,65.90698107532567
0.03350782353870464,1.9336470849003518,72.59018622917228
0.01935735789069304,5.132237785084588,60.781399324925
0.027259015878055497,0.716771027816018,74.83619826188317
0.10947598594203874,1.3782773317806574,76.58044757974258
0.025757628616009835,2.1054953318703906,60.58142332335521
0.028944872916433054,4.1438638740080815,50.452923100626435
0.01493582272406193,2.0670499394718274,86.72756744870159
0.09908577760021536,6.163033425744013,99.642030784063
0.18082984360837517,1.4090620029505176,51.0421500084879
0.10910449625396684,5.947451500137242,61.70255569462357
0.08590791802502257,5.650841639709611,69.43020175648051
0.22521892427851298,1.4968386501358775,84.38116408484599
0.04956132401956567,4.385831273741411,69.94425191038508
0.04920456232772639,5.407331354245198,95.4028829076187
0.1141705317982884,5.58444759186927,52.085184814129036
0.12974746800345904,6.742543381678828,80.49710091368547
0.0201055845793024,5.531419868831421,51.90929637654108
0.04410327773383913,3.906110889418784,90.31813328159652
0.10486829147182686,1.4016556198606507,89.38754226130939
0.09914634870316996,1.9238922442260404,78.02373086615671
0.07111073357038739,6.074385581160711,93.14841592133624
0.026852730853110924,6.727748465426586,80.20730471931734
0.20005059900245678,3.430541953751692,56.33034974439574
0.028086697069760427,3.2680236316230946,82.17915796362267
0.06680273520152655,7.46395314925435,60.599984715237454
0.047621123329546655,6.528991154794001,68.62199024651287
0.06833146440394387,7.457180562784529,68.75214190367302
0.06582043275021121,4.887923703325917,71.48105875984105
0.010766716448393304,2.8756807797802177,57.2215193383183
0.11945517403536604,0.5999433320195688,51.32064179059435
0.15832514568284725,5.203514056944977,59.232042770329976
0.04318338207696819,4.119206952903582,67.76023465804619
0.06186095109561518,1.9318774479583485,69.39435243724017
0.01935735789069304,5.132237785084588,60.781399324925
0.027259015878055497,0.716771027816018,74.83619826188317
0.14361329192439534,0.2059394555776226,87.65595944335614
0.025757628616009835,2.1054953318703906,60.58142332335521
0.028944872916433054,4.1438638740080815,50.452923100626435
0.025770183711492367,2.6117804228362633,84.11146092316399
0.09908577760021536,6.163033425744013,99.642030784063
0.1525127498755512,1.9262194911189126,59.17649970621973
0.10816537652916332,6.014743592238201,63.48538224915635
0.08590791802502257,5.650841639709611,69.43020175648051
0.18554157181058092,3.676921406771412,82.76697122068919
0.06653965943893234,4.884833304110665,72.17867547917461
0.04920456232772639,5.407331354245198,95.4028829076187
0.11328398194967804,5.586530259577702,52.629268325574515
0.13365435316488328,6.52787853025105,80.65604463740665
0.021521252156911364,5.151390062077227,54.093801915440835
0.04228511582675823,3.9346279679031033,85.53653472674168
0.10389592280650686,1.380928810984571,89.72524975129174
0.09914634870316996,1.9238922442260404,78.02373086615671
0.07111073357038739,6.074385581160711,93.14841592133624
0.026852730853110924,6.727748465426586,80.20730471931734
0.20005059900245678,3.430541953751692,56.33034974439574
0.024668458348726042,3.107540074060833,81.37087674236778
0.06680273520152655,7.46395314925435,60.599984715237454
0.041872979714015816,6.22559314667852,65.42235326562086
0.06833146440394387,7.457180562784529,68.75214190367302
0.06429357666112426,4.545493923958235,65.22755119174985
0.010766716448393304,2.8756807797802177,57.2215193383183
0.11945517403536604,0.5999433320195688,51.32064179059435
0.10039638835856336,4.216268496092047,63.11604924854101
0.03559427790751682,3.1118844417515916,67.46090020718745
0.06796879931889876,1.4719795022778395,70.63205039163775
0.018701588330235105,5.382230256232455,58.23918558545911
0.027259015878055497,0.716771027816018,74.83619826188317
0.1273740875129075,1.191769643875964,84.39493787315322
0.025757628616009835,2.1054953318703906,60.58142332335521
0.034659182688322285,4.259164858527549,53.71148464175846
0.025770183711492367,2.6117804228362633,84.11146092316399
0.09464206017974734,6.35002586939946,95.17872391526413
0.1525127498755512,1.9262194911189126,59.17649970621973
0.10816537652916332,6.014743592238201,63.48538224915635
0.09071878493692796,5.381812187098467,68.68957687165477
0.17911010112180653,3.8712400186740967,81.16429517991996
0.05487306212397781,4.645037514046412,73.86218998218992
0.036801210669872575,5.553997009848013,96.76238006483997
0.11328398194967804,5.586530259577702,52.629268325574515
0.1793877896846352,7.6335314176849165,86.84179406241716
0.021521252156911364,5.151390062077227,54.093801915440835
0.04228511582675823,3.9346279679031033,85.53653472674168
0.10389592280650686,1.380928810984571,89.72524975129174
0.05998997434558266,0.2691182806707144,76.933006032278
0.10292511649150213,6.556929198089455,89.79727520573972
0.020759790344791022,7.180627976382959,81.58703168392952
0.20005059900245678,3.430541953751692,56.33034974439574
0.024668458348726042,3.107540074060833,81.37087674236778
0.06107565049997744,7.962555459533897,58.66280110869016
0.041618152181430904,7.642117895894483,52.98557067552998
0.06833146440394387,7.457180562784529,68.75214190367302
0.07030332895757072,4.847158400117735,62.28161078554952
0.010766716448393304,2.8756807797802177,57.2215193383183
0.11945517403536604,0.5999433320195688,51.32064179059435
0.10039638835856336,4.216268496092047,63.11604924854101
0.03559427790751682,3.1118844417515916,67.46090020718745
0.10650063543762255,0.8936840483020305,79.80661505394804
0.019533040364225256,5.366970861964899,58.366631020728285
0.027259015878055497,0.716771027816018,74.83619826188317
0.1999918541157574,1.5363065659842041,91.32830275791633
0.025757628616009835,2.1054953318703906,60.58142332335521
0.034659182688322285,4.259164858527549,53.71148464175846
0.025770183711492367,2.6117804228362633,84.11146092316399
0.09464206017974734,6.35002586939946,95.17872391526413
0.09223849633827795,2.2522478702515634,71.03467979377402
0.10812731402076242,6.017927833302465,63.56610949680886
0.08893036693598803,4.940453712096579,56.614546579288245
0.14957822408261764,4.055176247925076,79.42854169958827
0.07059627089183593,4.323840520366899,80.75635406001707
0.036801210669872575,5.553997009848013,96.76238006483997
0.11328398194967804,5.586530259577702,52.629268325574515
0.1793877896846352,7.6335314176849165,86.84179406241716
0.021521252156911364,5.151390062077227,54.093801915440835
0.04228511582675823,3.9346279679031033,85.53653472674168
0.13769654624086933,1.6738548701069687,96.29204951994862
0.05998997434558266,0.2691182806707144,76.933006032278
0.10292511649150213,6.556929198089455,89.79727520573972
0.020759790344791022,7.180627976382959,81.58703168392952
0.2022463577017667,3.368737427786083,56.157510159456606
0.04837306800730888,2.5909433824533945,83.87047902642514
0.06107565049997744,7.962555459533897,58.66280110869016
0.041618152181430904,7.642117895894483,52.98557067552998
0.06833146440394387,7.457180562784529,68.75214190367302
0.06772587546768283,4.581986486094205,64.81894054721431
0.010766716448393304,2.8756807797802177,57.2215193383183
0.11422166439961094,0.42491852940285524,51.014887046015275
0.10334944003544942,4.0297559920871535,64.79049870682607
0.03559427790751682,3.1118844417515916,67.46090020718745
0.10650063543762255,0.8936840483020305,79.80661505394804
0.019533040364225256,5.366970861964899,58.366631020728285
0.027259015878055497,0.716771027816018,74.83619826188317
0.18599787467317908,1.880832920503528,91.79428759942894
0.0321141767642457,2.496723063524091,60.82403536854921
0.03343065839863851,4.517383945592243,56.175318008219804
0.025770183711492367,2.6117804228362633,84.11146092316399
0.09464206017974734,6.35002586939946,95.17872391526413
0.10477768755161598,1.7381879868555896,74.03854270581606
0.10812731402076242,6.017927833302465,63.56610949680886
0.08893036693598803,4.940453712096579,56.614546579288245
0.14957822408261764,4.055176247925076,79.42854169958827
0.07059627089183593,4.323840520366899,80.75635406001707
0.03669921552779363,5.3476196323132505,94.28617866040445
0.1176571298780045,5.702545410247085,51.91363693659034
0.1793877896846352,7.6335314176849165,86.84179406241716
0.021521252156911364,5.151390062077227,54.093801915440835
0.04228511582675823,3.9346279679031033,85.53653472674168
0.13769654624086933,1.6738548701069687,96.29204951994862
0.05064904796391881,1.4546253287531004,71.3872194260882
0.09515646726439356,6.159439060634904,87.22009859516676
0.022825087679053203,5.2973369885532735,82.62760806122043
0.25844851306789485,1.5398702366983033,55.160116621115
0.05820277057999058,2.5165175524800367,90.83609352362228
0.06107565049997744,7.962555459533897,58.66280110869016
0.04028310734586464,7.676171697097634,53.00439101801211
0.06833146440394387,7.457180562784529,68.75214190367302
0.06612184791245214,4.489743583885428,63.50901347585226
0.010766716448393304,2.8756807797802177,57.2215193383183
0.11422166439961094,0.42491852940285524,51.014887046015275
0.10334944003544942,4.0297559920871535,64.79049870682607
0.03559427790751682,3.1118844417515916,67.46090020718745
0.1038132276862383,0.8575963461328409,79.6405765806612
0.02347990888522185,6.488626244135725,58.88219550314115
0.027259015878055497,0.716771027816018,74.83619826188317
0.21992398490481835,1.6670589810001817,95.10000844120339
0.032388766937899445,2.6674584104346426,62.82802622035763
0.03343065839863851,4.517383945592243,56.175318008219804
0.025770183711492367,2.6117804228362633,84.11146092316399
0.09464206017974734,6.35002586939946,95.17872391526413
0.08707342342732083,0.3392793375047418,71.00045353040008
0.10812731402076242,6.017927833302465,63.56610949680886
0.08893036693598803,4.940453712096579,56.614546579288245
0.10097426531500972,3.4404545772880892,78.86792771102382
0.05777790567825594,4.539995960169606,73.79211156504527
0.03669921552779363,5.3476196323132505,94.28617866040445
0.1176571298780045,5.702545410247085,51.91363693659034
0.13562677217268942,7.564041518482532,79.71368512397524
0.021521252156911364,5.151390062077227,54.093801915440835
0.046940340501425495,2.7570570645197154,78.24468271461579
0.14073529065284282,1.4654244618285066,99.07904301306479
0.05064904796391881,1.4546253287531004,71.3872194260882
0.10397488905147234,7.0916214376286515,90.35712628203827
0.022825087679053203,5.2973369885532735,82.62760806122043
0.25844851306789485,1.5398702366983033,55.160116621115
0.05820277057999058,2.5165175524800367,90.83609352362228
0.06107565049997744,7.962555459533897,58.66280110869016
0.047598728151504885,5.569766419436535,68.4490110617511
0.06833146440394387,7.457180562784529,68.75214190367302
0.06612184791245214,4.489743583885428,63.50901347585226
0.010766716448393304,2.8756807797802177,57.2215193383183
0.11422166439961094,0.42491852940285524,51.014887046015275
0.11717579319306225,4.705361325913284,63.05979829338585
0.03559427790751682,3.1118844417515916,67.46090020718745
0.038660112104723476,0.40338336990405366,70.96584070809831
0.02347990888522185,6.488626244135725,58.88219550314115
0.027259015878055497,0.716771027816018,74.83619826188317
0.12589340172951374,1.1882234201120605,81.08937668120649
0.029281895094004792,0.6962449232668986,66.6941852707154
0.03468061120436318,4.269768443010715,55.83529647366425
0.013220442489074467,2.6486422487498973,81.50937434605049
0.06257362627622788,3.6690894050244918,85.49746142398608
0.0637380707832986,0.2656679110726819,88.17910765313641
0.15329229457985932,7.09293299825999,68.32006040961116
0.08655224502055892,4.996706076662949,56.696940893444626
0.11067134218241928,3.0590286732577465,81.3687960374405
0.05777790567825594,4.539995960169606,73.79211156504527
0.03380734177897028,5.037399360882001,98.51232208555174
0.11885716268226362,5.729776835752093,51.729096093977525
0.13214949785172353,6.404286131716091,75.05154585062913
0.021521252156911364,5.151390062077227,54.093801915440835
0.05145815054936937,3.075857362282296,79.08567154494988
0.13891921934774415,1.4938633045451382,98.5329116760065
0.04949474078494856,1.2402637208316531,70.02133853633225
0.10397488905147234,7.0916214376286515,90.35712628203827
0.022825087679053203,5.2973369885532735,82.62760806122043
0.2540827381691381,1.5282885569759657,56.01411094521697
0.061893921103177554,1.453715208120129,98.62879066709894
0.05764675593974461,7.151976593224164,60.02539387616945
0.047598728151504885,5.569766419436535,68.4490110617511
0.06853555117089752,7.510173714851519,68.62715539101261
0.06612184791245214,4.489743583885428,63.50901347585226
0.010766716448393304,2.8756807797802177,57.2215193383183
0.11422166439961094,0.42491852940285524,51.014887046015275
0.10142489506506681,4.397709623393444,63.90951661073485
0.03559427790751682,3.1118844417515916,67.46090020718745
0.038660112104723476,0.40338336990405366,70.96584070809831
0.0365601992138768,6.1792235783482115,58.42900530140946
0.027259015878055497,0.716771027816018,74.83619826188317
0.12589340172951374,1.1882234201120605,81.08937668120649
0.029281895094004792,0.6962449232668986,66.6941852707154
0.046015471453194054,4.40238099405416,64.64749695909181
0.014956533813483382,2.4880050718632454,98.69382512349755
0.06431417239232148,3.5597603922937875,84.33539383948062
0.0637380707832986,0.2656679110726819,88.17910765313641
0.21375138848953848,6.795304813731585,68.10100191853446
0.08655224502055892,4.996706076662949,56.696940893444626
0.11064126143416055,3.0614452971382886,81.33802590294161
0.06337578649144412,4.605488541355211,78.1441412272046
0.03380734177897028,5.037399360882001,98.51232208555174
0.12987757016918167,6.166032936754261,57.038766110718925
0.1685384519558342,7.459422895896766,81.41283057327607
0.021521252156911364,5.151390062077227,54.093801915440835
0.05145815054936937,3.075857362282296,79.08567154494988
0.13891921934774415,1.4938633045451382,98.5329116760065
0.04949474078494856,1.2402637208316531,70.02133853633225
0.11774996494035789,7.278054836383765,96.88110926790091
0.022825087679053203,5.2973369885532735,82.62760806122043
0.2018202092848737,2.4664088050447774,62.33591985651711
0.061835249631974176,1.3983929687022503,98.9759641717769
0.05764675593974461,7.151976593224164,60.02539387616945
0.047598728151504885,5.569766419436535,68.4490110617511
0.06853555117089752,7.510173714851519,68.62715539101261
0.06612184791245214,4.489743583885428,63.50901347585226
0.010766716448393304,2.8756807797802177,57.2215193383183
0.11011648044990735,0.5983089417744334,52.85091767769048
0.06685964521447857,2.820846629718644,54.89484880951515
0.043497576707322086,5.382874472160729,60.467816599514734
0.038660112104723476,0.40338336990405366,70.96584070809831
0.0365601992138768,6.1792235783482115,58.42900530140946
0.027259015878055497,0.716771027816018,74.83619826188317
0.12589340172951374,1.1882234201120605,81.08937668120649
0.04157840063911847,1.2934408996513271,67.99385767148483
0.046015471453194054,4.40238099405416,64.64749695909181
0.014956533813483382,2.4880050718632454,98.69382512349755
0.06435104103400592,3.770571668401005,84.08940857383703
0.0637380707832986,0.2656679110726819,88.17910765313641
0.2114198231048643,6.7620426570945344,68.05299745555774
0.08655224502055892,4.996706076662949,56.696940893444626
0.16065870337326355,3.361200690568938,72.26559918023342
0.0647046679422853,4.9276533793984605,78.92176577026709
0.03380734177897028,5.037399360882001,98.51232208555174
0.12987757016918167,6.166032936754261,57.038766110718925
0.16169963347261054,6.656267649412223,78.06940116150521
0.017313543412502692,4.918372261366214,53.40292127024739
0.0644956904513744,2.5251915583582645,73.25467276023102
0.13891921934774415,1.4938633045451382,98.5329116760065
0.04949474078494856,1.2402637208316531,70.02133853633225
0.10646271013955638,6.279595193205651,92.4393529058086
0.022825087679053203,5.2973369885532735,82.62760806122043
0.2018202092848737,2.4664088050447774,62.33591985651711
0.06331003813100683,2.743643462380553,92.29595523647691
0.05764675593974461,7.151976593224164,60.02539387616945
0.04575820547521311,5.549526659124058,69.50238992726521
0.06853555117089752,7.510173714851519,68.62715539101261
0.07624671490087767,4.977058440047827,60.47057671068234
0.010766716448393304,2.8756807797802177,57.2215193383183
0.11011648044990735,0.5983089417744334,52.85091767769048
0.06685964521447857,2.820846629718644,54.89484880951515
0.043497576707322086,5.382874472160729,60.467816599514734
0.03661470711599014,0.45960644408539714,71.66019925847843
0.05144174689852171,7.15411600592388,62.31518220136891
0.027259015878055497,0.716771027816018,74.83619826188317
0.13892074283318673,0.9972765291404202,83.79018160979763
0.04157840063911847,1.2934408996513271,67.99385767148483
0.04715290613692031,3.9594525154137306,66.53562727735338
0.014956533813483382,2.4880050718632454,98.69382512349755
0.06484914245243324,4.2619385940533325,80.16272160565046
0.06498548856129129,0.3769511880557621,87.59178818423419
0.19393479996324342,5.69817818997384,65.42910855169274
0.10047603112998026,6.1432274145732375,53.199444624740565
0.17599393701061217,2.535415261175738,66.55725787555528
0.06270660383781526,4.6136645541112316,77.97761595902045
0.032021144049569475,5.02450930789551,93.62719450482797
0.12987757016918167,6.166032936754261,57.038766110718925
0.2186027180566406,7.19944688457219,82.27401872844804
0.029701692208295577,4.753742501269805,54.002700769573806
0.030311316814698494,3.2269823743851447,68.41557947859697
0.13891921934774415,1.4938633045451382,98.5329116760065
0.04033199693837258,1.6271904450880756,66.99300268385795
0.10895596511378308,6.370887597668435,93.4266159210452
0.022825087679053203,5.2973369885532735,82.62760806122043
0.2018202092848737,2.4664088050447774,62.33591985651711
0.061602209724645224,2.868138993348565,92.36861770362057
0.07280524305913501,6.99027947204411,60.626416070689004
0.04575820547521311,5.549526659124058,69.50238992726521
0.06853555117089752,7.510173714851519,68.62715539101261
0.05739789370096832,4.21158963147887,72.22552933491357
0.02859489185162635,2.4091377150786037,56.3539666746159
0.11718090196778942,0.09094262699415268,52.04320422670388
0.05951113099700572,2.490187863730975,58.24619962755429
0.04327354036403228,5.239708052480539,61.053444222782986
0.03661470711599014,0.45960644408539714,71.66019925847843
0.05144174689852171,7.15411600592388,62.31518220136891
0.027259015878055497,0.716771027816018,74.83619826188317
0.12744056210211935,1.165546078616775,81.41013118716442
0.04217667131010824,2.568252631585514,65.64774169149626
0.04115900321213806,3.8884508909322317,66.5808124541703
0.014956533813483382,2.4880050718632454,98.69382512349755
0.06484914245243324,4.2619385940533325,80.16272160565046
0.06558791479641464,0.3751960832554558,87.93008013980052
0.19393479996324342,5.69817818997384,65.42910855169274
0.09621444046303755,5.938114947885204,54.47833290794924
0.17599393701061217,2.535415261175738,66.55725787555528
0.06270660383781526,4.6136645541112316,77.97761595902045
0.032021144049569475,5.02450930789551,93.62719450482797
0.12987757016918167,6.166032936754261,57.038766110718925
0.2186027180566406,7.19944688457219,82.27401872844804
0.029701692208295577,4.753742501269805,54.002700769573806
0.030311316814698494,3.2269823743851447,68.41557947859697
0.08999522121071495,0.9992616529609331,85.68186040200422
0.033962110998419254,0.6625573953500186,65.03994985524582
0.12572703305515318,6.497620252500064,91.72076544923728
0.022825087679053203,5.2973369885532735,82.62760806122043
0.2018202092848737,2.4664088050447774,62.33591985651711
0.061602209724645224,2.868138993348565,92.36861770362057
0.07280524305913501,6.99027947204411,60.626416070689004
0.0496806242055267,4.526017396387597,73.14748205016302
0.06853555117089752,7.510173714851519,68.62715539101261
0.0513257696786656,3.507483389647976,72.75150464158806
0.02859489185162635,2.4091377150786037,56.3539666746159
0.11670196373732929,0.11868899163597213,52.277072466893124
0.0706105904714735,2.440202069951655,53.50690473915409
0.06683007643159289,4.099437890836264,66.75084233418005
0.03661470711599014,0.45960644408539714,71.66019925847843
0.05144174689852171,7.15411600592388,62.31518220136891
0.027259015878055497,0.716771027816018,74.83619826188317
0.12744056210211935,1.165546078616775,81.41013118716442
0.025535698558201494,0.9103005646101967,55.65350028600721
0.047746830863091956,3.5645018438297527,63.65639788891787
0.014956533813483382,2.4880050718632454,98.69382512349755
0.07816435453269072,3.6032361192171276,80.42808582364974
0.06558791479641464,0.3751960832554558,87.93008013980052
0.18680046383612503,4.677566944665831,64.34597885460782
0.09322097733373363,6.2496422237342095,51.390253291023235
0.15824665868533844,0.59276716596555,60.010961023581544
0.06270660383781526,4.6136645541112316,77.97761595902045
0.04055476756442468,5.195340215405997,87.7377314884157
0.12987757016918167,6.166032936754261,57.038766110718925
0.2186027180566406,7.19944688457219,82.27401872844804
0.029701692208295577,4.753742501269805,54.002700769573806
0.030311316814698494,3.2269823743851447,68.41557947859697
0.09777761917969298,0.4574996272141889,88.1303164296185
0.033962110998419254,0.6625573953500186,65.03994985524582
0.12572703305515318,6.497620252500064,91.72076544923728
0.011614917104069908,4.996081978956797,87.37369240702948
0.2018202092848737,2.4664088050447774,62.33591985651711
0.09604087320132672,3.818227986463926,90.15432871353089
0.05391785674197373,4.65227806225348,58.348689317033774
0.03867411908925458,4.924773222665556,74.4792722972865
0.06819841095748343,7.536169781389746,68.65953561335448
0.04195375206819125,3.1496597153525254,76.37877503269532
0.02859489185162635,2.4091377150786037,56.3539666746159
0.11670196373732929,0.11868899163597213,52.277072466893124
0.05449626667218388,2.7799042593320733,52.31095344749759
0.08427382403224087,5.923465484474368,67.65885036513208
0.06759410343194136,2.5586878086517952,78.63414168222533
0.05386596697891476,6.1315098790382,69.4857356570674
0.027259015878055497,0.716771027816018,74.83619826188317
0.14200408986326085,0.548785881693524,82.54724733630046
0.020624466063479154,0.5310093469360879,54.33366863630572
0.047746830863091956,3.5645018438297527,63.65639788891787
0.014956533813483382,2.4880050718632454,98.69382512349755
0.019184534329430736,2.563660383024123,86.64553716104892
0.10330429542440617,2.0572950386461466,86.53592636839666
0.30353168840845113,7.57555090790817,56.670630704543
0.09322097733373363,6.2496422237342095,51.390253291023235
0.17437815641750448,2.3585490942092706,65.96125778944192
0.05917006633779158,6.100621674420388,77.50256163008821
0.041662290666999814,5.354678443262329,95.54570307512975
0.12987757016918167,6.166032936754261,57.038766110718925
0.2186027180566406,7.19944688457219,82.27401872844804
0.012691990402913064,4.51393787305817,53.48718179269297
0.030311316814698494,3.2269823743851447,68.41557947859697
0.08176061862698433,0.9093376732018612,80.77354066714491
0.033962110998419254,0.6625573953500186,65.03994985524582
0.11288387024805613,6.421013435453919,88.97715023538188
0.011614917104069908,4.996081978956797,87.37369240702948
0.1397896780077482,1.8038443623842526,59.59643003309322
0.09604087320132672,3.818227986463926,90.15432871353089
0.05391785674197373,4.65227806225348,58.348689317033774
0.03867411908925458,4.924773222665556,74.4792722972865
0.07215773608046863,5.601545014453195,72.1960752179871
0.0326887376779129,3.422793909656983,94.15740398948563
0.02859489185162635,2.4091377150786037,56.3539666746159
0.11670196373732929,0.11868899163597213,52.277072466893124
0.05449626667218388,2.7799042593320733,52.31095344749759
0.08427382403224087,5.923465484474368,67.65885036513208
0.05033493744000846,2.5604606500154006,81.49039524860682
0.05386596697891476,6.1315098790382,69.4857356570674
0.027259015878055497,0.716771027816018,74.83619826188317
0.1352682819248468,1.9070928414439319,84.03455037052106
0.020624466063479154,0.5310093469360879,54.33366863630572
0.047746830863091956,3.5645018438297527,63.65639788891787
0.014956533813483382,2.4880050718632454,98.69382512349755
0.019184534329430736,2.563660383024123,86.64553716104892
0.10803522918854963,1.9333485229037244,88.91097179874944
0.32868748590016894,7.734146208076882,57.30223003781306
0.09322097733373363,6.2496422237342095,51.390253291023235
0.24972794907956855,0.9336507653861976,61.231622329105235
0.011848975560695293,5.818361128631634,67.39361365969185
0.041662290666999814,5.354678443262329,95.54570307512975
0.12987757016918167,6.166032936754261,57.038766110718925
0.2186027180566406,7.19944688457219,82.27401872844804
0.012691990402913064,4.51393787305817,53.48718179269297
0.03896569999470298,3.742912535917709,54.2363646563339
0.08176061862698433,0.9093376732018612,80.77354066714491
0.035756256275922826,0.2442421842008109,64.84898576462781
0.09837765103212488,6.013254061321555,78.57314718282733
0.011614917104069908,4.996081978956797,87.37369240702948
0.12085033202659613,1.9624805440108757,64.4656510992523
0.09604087320132672,3.818227986463926,90.15432871353089
0.05391785674197373,4.65227806225348,58.348689317033774
0.03867411908925458,4.924773222665556,74.4792722972865
0.04512481898973382,5.057603824449003,61.05724706965596
0.04572857884660253,3.6876849890789383,93.3239139203977
0.03239235911475006,2.4355702213604387,60.744701010177224
0.11670196373732929,0.11868899163597213,52.277072466893124
0.05449626667218388,2.7799042593320733,52.31095344749759
0.08031482106241739,5.505520920530575,65.61830792765986
0.019228160209975267,3.18470904958478,76.7850228060691
0.046428764827720626,6.3075328709658764,70.57322480642446
0.038347080696721235,1.5566559036245855,65.66635302140598
0.11675131208134375,1.597673399184261,80.46454444489305
0.020624466063479154,0.5310093469360879,54.33366863630572
0.047746830863091956,3.5645018438297527,63.65639788891787
0.014956533813483382,2.4880050718632454,98.69382512349755
0.019006110438406925,2.8155289253839304,90.64934454449019
0.1310536534921693,0.94060369928612,93.70032684326144
0.2600006241218365,6.505835231888752,58.100260469227955
0.09322097733373363,6.2496422237342095,51.390253291023235
0.24972794907956855,0.9336507653861976,61.231622329105235
0.011848975560695293,5.818361128631634,67.39361365969185
0.03652451094632976,5.2777552083305945,96.01954510127855
0.09075481214452458,4.913915842015388,71.21946658069814
0.2186027180566406,7.19944688457219,82.27401872844804
0.016559554624181433,4.3132309887789555,56.36432704744426
0.03896569999470298,3.742912535917709,54.2363646563339
0.08176061862698433,0.9093376732018612,80.77354066714491
0.035756256275922826,0.2442421842008109,64.84898576462781
0.06031938435510983,4.65317556623042,77.71334488118963
0.011569586152804527,4.836828189976603,91.24330681461166
0.12085033202659613,1.9624805440108757,64.4656510992523
0.09604087320132672,3.818227986463926,90.15432871353089
0.05738596549173528,5.4940291968252355,57.10740361492369
0.042707985085486,5.339216601699704,70.36088249816197
0.0459363113011928,5.476769067742064,60.505403094446564
0.05654122356828817,4.10922709687949,91.43704088470487
0.03239235911475006,2.4355702213604387,60.744701010177224
0.11670196373732929,0.11868899163597213,52.277072466893124
0.048321037899414936,2.226603141113019,52.457772726459915
0.08031482106241739,5.505520920530575,65.61830792765986
0.019228160209975267,3.18470904958478,76.7850228060691
0.04338116285018496,6.981120254605354,75.54786244720678
0.038347080696721235,1.5566559036245855,65.66635302140598
0.11248240568150969,2.1971544517081933,76.72359278309986
0.01827852908827599,0.2686287519901116,53.52730328339138
0.047746830863091956,3.5645018438297527,63.65639788891787
0.014956533813483382,2.4880050718632454,98.69382512349755
0.019006110438406925,2.8155289253839304,90.64934454449019
0.1310536534921693,0.94060369928612,93.70032684326144
0.2600006241218365,6.505835231888752,58.100260469227955
0.09322097733373363,6.2496422237342095,51.390253291023235
0.21898363636162224,1.8743494200285546,59.744314116459236
0.011848975560695293,5.818361128631634,67.39361365969185
0.03652451094632976,5.2777552083305945,96.01954510127855
0.08575194218073806,5.950904216406246,53.2990051984199
0.21432920525009058,7.271048532149409,84.7694798597557
0.05357567560426163,4.082697684258957,72.10104118329444
0.03896569999470298,3.742912535917709,54.2363646563339
0.08176061862698433,0.9093376732018612,80.77354066714491
0.037154313789957455,0.4038207876301225,64.5260071550677
0.08818975200391939,7.559846491707458,93.74712599771743
0.011569586152804527,4.836828189976603,91.24330681461166
0.08427653827980985,1.9953265749587135,66.22526987687166
0.09604087320132672,3.818227986463926,90.15432871353089
0.03918733781722368,5.200914016399826,59.55074006612447
0.042707985085486,5.339216601699704,70.36088249816197
0.020622416740978214,5.455598244022414,56.7406228656551
0.05654122356828817,4.10922709687949,91.43704088470487
0.018269992982798106,2.6208404284299784,68.09189137756375
0.10180566442607858,1.106779395138835,61.973406137851455
0.048321037899414936,2.226603141113019,52.457772726459915
0.01420415391162047,5.372501577456412,67.36267634783859
0.022019402092991806,2.582578142973358,71.51556042574435
0.04338116285018496,6.981120254605354,75.54786244720678
0.03386178192787945,2.543299222947161,63.4076604685561
0.15066735092245961,1.94454928208417,71.03494126920722
0.01827852908827599,0.2686287519901116,53.52730328339138
0.047746830863091956,3.5645018438297527,63.65639788891787
0.014956533813483382,2.4880050718632454,98.69382512349755
0.019006110438406925,2.8155289253839304,90.64934454449019
0.1310536534921693,0.94060369928612,93.70032684326144
0.20578252233523953,5.757970818854358,62.307769624461216
0.09614261150590953,5.839650915969763,54.65765515812409
0.21898363636162224,1.8743494200285546,59.744314116459236
0.011848975560695293,5.818361128631634,67.39361365969185
0.04835002408209675,4.812834457019192,91.59455423578336
0.08897135379487868,6.048864834132052,50.00267330935408
0.23364138642439547,7.525470393731615,87.5292649700985
0.05357567560426163,4.082697684258957,72.10104118329444
0.039813181925314044,4.1044132817703325,57.887940412660285
0.08176061862698433,0.9093376732018612,80.77354066714491
0.037154313789957455,0.4038207876301225,64.5260071550677
0.08818975200391939,7.559846491707458,93.74712599771743
0.011569586152804527,4.836828189976603,91.24330681461166
0.07969744290124714,2.192026842493675,65.90325498324087
0.09604087320132672,3.818227986463926,90.15432871353089
0.057404532148632975,4.951000103559004,62.30822289757529
0.06064580443673682,4.827651974707284,77.01814924469188
0.020622416740978214,5.455598244022414,56.7406228656551
0.05554846966004756,4.100346047447195,84.96407551500951
0.018269992982798106,2.6208404284299784,68.09189137756375
0.10359060519466086,1.011163805963828,62.08845706845635
0.048321037899414936,2.226603141113019,52.457772726459915
0.01420415391162047,5.372501577456412,67.36267634783859
0.023950868035771636,3.7773031273195694,80.80315345459677
0.04338116285018496,6.981120254605354,75.54786244720678
0.03185332799509106,2.580104076693988,67.09067591197524
0.1585894702905215,1.7455458301145992,71.24812784035225
0.01827852908827599,0.2686287519901116,53.52730328339138
0.04432358432901107,3.181629894688361,62.47973055780688
0.014956533813483382,2.4880050718632454,98.69382512349755
0.019006110438406925,2.8155289253839304,90.64934454449019
0.1138666210276452,0.8423526853994261,88.36035340786167
0.20578252233523953,5.757970818854358,62.307769624461216
0.0806859930210512,5.656374413575459,61.344071510303124
0.2344539077519734,1.4244518237165789,58.35204909468395
0.011848975560695293,5.818361128631634,67.39361365969185
0.046343063680804035,5.093250321766787,99.08122046534095
0.08897135379487868,6.048864834132052,50.00267330935408
0.17194107751780102,4.837721058883498,84.78480770651645
0.07529836167286194,4.979688279820559,57.143000418103554
0.039813181925314044,4.1044132817703325,57.887940412660285
0.08176061862698433,0.9093376732018612,80.77354066714491
0.037154313789957455,0.4038207876301225,64.5260071550677
0.08818975200391939,7.559846491707458,93.74712599771743
0.010409530408852497,5.6413182567491695,88.69144672536821
0.05895586536022143,3.2171302564635584,69.21486881573291
0.09940957194676052,3.7542483995317815,91.09251650254613
0.0560414495880094,4.947809293111197,62.82406656997888
0.038715060484072424,3.882141397202897,97.93458330943709
0.04011884658815018,5.4642477876512086,59.213184176339745
0.06381678260543577,4.098208865924184,99.19158518320978
0.019330085439697765,2.6633391442162044,58.301253414966844
0.10359060519466086,1.011163805963828,62.08845706845635
0.04594322722894562,2.2788938457785224,52.04344084160923
0.01420415391162047,5.372501577456412,67.36267634783859
0.025937727244218445,4.256289002912931,90.47859400427235
0.06969779130348273,7.951554040818824,82.35336355902824
0.025800791233049597,2.6291979251456925,67.24089101862481
0.20767271335774,1.1286717507399704,75.0146183506878
0.02674905816391321,0.30709360377692263,54.4883091756101
0.04432358432901107,3.181629894688361,62.47973055780688
0.014956533813483382,2.4880050718632454,98.69382512349755
0.019006110438406925,2.8155289253839304,90.64934454449019
0.11554744107126688,0.9322421318168832,87.88394285878016
0.20578252233523953,5.757970818854358,62.307769624461216
0.14034136619139748,5.515993869911145,56.101431608895965
0.28816861912713493,0.8240674831764365,52.62313139177474
0.0377876701081917,6.774858485572024,74.1013807619805
0.04873235523204293,5.385667387687697,97.36988699049557
0.08897135379487868,6.048864834132052,50.00267330935408
0.2255457343716307,5.546511974910468,82.72925108130707
0.07694101857479237,4.996732641559859,54.9148534898392
0.039813181925314044,4.1044132817703325,57.887940412660285
0.07583706018316297,1.135837865250978,76.0220939880129
0.037154313789957455,0.4038207876301225,64.5260071550677
0.08818975200391939,7.559846491707458,93.74712599771743
0.010409530408852497,5.6413182567491695,88.69144672536821
0.05784438431002171,3.1974205841958074,69.14869375888988
0.09940957194676052,3.7542483995317815,91.09251650254613
0.055942076083807246,4.940190129076699,62.83858064959169
0.038715060484072424,3.882141397202897,97.93458330943709
0.04011884658815018,5.4642477876512086,59.213184176339745
0.06381678260543577,4.098208865924184,99.19158518320978
0.019330085439697765,2.6633391442162044,58.301253414966844
0.10359060519466086,1.011163805963828,62.08845706845635
0.055112682207860086,4.46858682881491,63.74331758528153
0.01420415391162047,5.372501577456412,67.36267634783859
0.025937727244218445,4.256289002912931,90.47859400427235
0.06969779130348273,7.951554040818824,82.35336355902824
0.010105608155568081,1.4258170503447332,69.53326400630563
0.20767271335774,1.1286717507399704,75.0146183506878
0.030873108400755557,0.34543074606494295,58.46668051191061
0.05366001723232743,3.6206331790228585,80.06318518674347
0.014956533813483382,2.4880050718632454,98.69382512349755
0.019006110438406925,2.8155289253839304,90.64934454449019
0.11554744107126688,0.9322421318168832,87.88394285878016
0.12141452691896759,5.053508482316209,75.523142251429
0.14034136619139748,5.515993869911145,56.101431608895965
0.18531926771289972,1.5850223379045967,67.15328040305131
0.05975001736434157,6.044932464001681,74.21944201485428
0.04873235523204293,5.385667387687697,97.36988699049557
0.08897135379487868,6.048864834132052,50.00267330935408
0.25189020035121695,5.160360445366652,80.6160556754771
0.0806510845778736,5.10491062556766,50.73952224799973
0.039813181925314044,4.1044132817703325,57.887940412660285
0.07583706018316297,1.135837865250978,76.0220939880129
0.037154313789957455,0.4038207876301225,64.5260071550677
0.08818975200391939,7.559846491707458,93.74712599771743
0.010409530408852497,5.6413182567491695,88.69144672536821
0.05784438431002171,3.1974205841958074,69.14869375888988
0.16672087691441015,4.790961419337398,84.28036167530695
0.05911390209511172,4.333668233592588,64.94040743760797
0.06712788985542631,4.367726950405606,85.66152201814249
0.042660030850256755,6.871150843203497,59.41836015311989
0.06381678260543577,4.098208865924184,99.19158518320978
0.019330085439697765,2.6633391442162044,58.301253414966844
0.08690262164458473,4.4284403543862645,72.06639596855219
0.04156566381464078,3.7851338154401297,61.68299357106888
0.010767313503608544,7.202569568243728,50.696019375877725
0.025937727244218445,4.256289002912931,90.47859400427235
0.06969779130348273,7.951554040818824,82.35336355902824
0.02384954775032572,2.118408706013602,72.85606423960556
0.20767271335774,1.1286717507399704,75.0146183506878
0.030873108400755557,0.34543074606494295,58.46668051191061
0.03505491046724551,5.70521597054238,83.45339971473501
0.012469051052086316,2.4152107742248683,99.89122110914951
0.019006110438406925,2.8155289253839304,90.64934454449019
0.13006863559553658,0.3747159855190034,85.98438821837888
0.13450975724624334,5.330446980043858,74.64566696294075
0.13659174475388663,5.554889410279073,55.656268491440514
0.13401402180023714,2.4449085753166466,74.66174685896297
0.061738234697422026,5.438211447535657,74.44223398096706
0.04873235523204293,5.385667387687697,97.36988699049557
0.08897135379487868,6.048864834132052,50.00267330935408
0.25189020035121695,5.160360445366652,80.6160556754771
0.07908523191884617,5.0665484344565375,51.01361491348759
0.05575457426890042,4.343336121433926,57.52033878024768
0.07583706018316297,1.135837865250978,76.0220939880129
0.037154313789957455,0.4038207876301225,64.5260071550677
0.06762547685819542,7.24878535518743,78.24195336863698
0.010409530408852497,5.6413182567491695,88.69144672536821
0.05784438431002171,3.1974205841958074,69.14869375888988
0.12025590355373933,4.478158229570881,91.0133260701871
0.05911390209511172,4.333668233592588,64.94040743760797
0.08332682091770574,3.340053881227086,85.74461743206665
0.03479167484779257,6.752131828756026,53.48573100569104
0.06381678260543577,4.098208865924184,99.19158518320978
0.02611570463686616,2.830665439185317,58.148195198169724
0.10206397272683089,4.014190852871602,72.43651272486186
0.04428857040140799,2.5925044100896235,64.97800635333988
0.010767313503608544,7.202569568243728,50.696019375877725
0.025937727244218445,4.256289002912931,90.47859400427235
0.06969779130348273,7.951554040818824,82.35336355902824
0.020749399164960595,1.9529419186247368,74.08198982373847
0.20767271335774,1.1286717507399704,75.0146183506878
0.030873108400755557,0.34543074606494295,58.46668051191061
0.026691440847758832,5.90061320376928,74.94376063066008
0.012469051052086316,2.4152107742248683,99.89122110914951
0.019006110438406925,2.8155289253839304,90.64934454449019
0.13006863559553658,0.3747159855190034,85.98438821837888
0.11650664424932247,5.614465672529827,64.9033271858832
0.13659174475388663,5.554889410279073,55.656268491440514
0.15957757271774808,1.8002713719935448,77.97965818223699
0.0321726092651551,5.92327133444065,66.06981055247311
0.04873235523204293,5.385667387687697,97.36988699049557
0.08897135379487868,6.048864834132052,50.00267330935408
0.25463212127346335,5.268074204397784,80.49522695893188
0.06906597452490294,4.691151070040528,57.62357470291382
0.05575457426890042,4.343336121433926,57.52033878024768
0.07583706018316297,1.135837865250978,76.0220939880129
0.037154313789957455,0.4038207876301225,64.5260071550677
0.06762547685819542,7.24878535518743,78.24195336863698
0.01029600800531581,5.819143847712315,88.0741063207976
0.07509520073959411,5.568487774232264,80.07466039904602
0.12056773579220574,4.484126429846785,90.98764191837623
0.07743063250638871,4.763132396491617,64.84995732761774
0.08332682091770574,3.340053881227086,85.74461743206665
0.03479167484779257,6.752131828756026,53.48573100569104
0.06381678260543577,4.098208865924184,99.19158518320978
0.02681544033046936,2.631349605913086,58.48794112805845
0.09926809835834319,3.913599135460586,74.42228885685134
0.04428857040140799,2.5925044100896235,64.97800635333988
0.010103443276604476,7.344662191076997,50.52867643294101
0.025937727244218445,4.256289002912931,90.47859400427235
0.06969779130348273,7.951554040818824,82.35336355902824
0.02082158230342778,1.927193179814426,73.98000047790293
0.23589120377504397,0.5278261346626021,78.45311016056304
0.04057166572675373,0.823343016173431,58.2088551839414
0.026691440847758832,5.90061320376928,74.94376063066008
0.012469051052086316,2.4152107742248683,99.89122110914951
0.019006110438406925,2.8155289253839304,90.64934454449019
0.13006863559553658,0.3747159855190034,85.98438821837888
0.12015970823706099,5.764981871156841,64.63895626395406
0.1127314232639311,4.562741408094953,69.13451321836993
0.28868130838198824,0.8678378561240976,66.34355642631499
0.0321726092651551,5.92327133444065,66.06981055247311
0.04873235523204293,5.385667387687697,97.36988699049557
0.08492183352170769,5.8162353560305196,52.02865522488622
0.16044374020789717,3.161394172446742,73.57905018848038
0.06924131174729821,4.379836097566079,55.11390785020399
0.05658354113866614,4.345756202178974,56.60403459679785
0.07745349916973704,1.0474067537978236,76.599163013306
0.02075806288369001,0.18337337168470502,64.55080881801105
0.06762547685819542,7.24878535518743,78.24195336863698
0.01029600800531581,5.819143847712315,88.0741063207976
0.06644068149231722,4.987843714366251,79.10280053207995
0.12056773579220574,4.484126429846785,90.98764191837623
0.07743063250638871,4.763132396491617,64.84995732761774
0.11191580912087874,1.776513610116126,99.4941623755181
0.03067500763001047,7.041538383974306,50.74958800444564
0.07926650001627486,4.604596278437635,98.98107583802071
0.02681544033046936,2.631349605913086,58.48794112805845
0.10593499194094291,4.092177046443908,79.60732763332366
0.04503344922910508,2.8210221351572646,65.02519902543814
0.010103443276604476,7.344662191076997,50.52867643294101
0.02664267439083102,4.670757525754098,84.56658391904934
0.06969779130348273,7.951554040818824,82.35336355902824
0.02082158230342778,1.927193179814426,73.98000047790293
0.23316517681069082,0.5985821066478163,78.72863891123923
0.060811182472813,0.7218871309856096,64.49022277443572
0.03366777758970908,5.935278812629078,69.35673441714748
0.012469051052086316,2.4152107742248683,99.89122110914951
0.0194114301542609,2.617200326128539,86.92777004327166
0.11766256145930071,0.43690468542670324,82.13414253403987
0.15963080395702048,6.9927498044497876,51.71819269520678
0.11597913541666446,4.719331794383007,67.85896105555346
0.2955658470203604,0.7402088986361903,65.94830237096097
0.0321726092651551,5.92327133444065,66.06981055247311
0.04873235523204293,5.385667387687697,97.36988699049557
0.08088310119296804,5.958384773271849,51.30124254720069
0.16044374020789717,3.161394172446742,73.57905018848038
0.06906111026283768,4.388673811540554,55.48518905911141
0.05658354113866614,4.345756202178974,56.60403459679785
0.07745349916973704,1.0474067537978236,76.599163013306
0.06335637730306751,2.272105516243286,60.614486886166006
0.06762547685819542,7.24878535518743,78.24195336863698
0.01029600800531581,5.819143847712315,88.0741063207976
0.06968532542008168,4.9398022393288095,78.58434186015945
0.12056773579220574,4.484126429846785,90.98764191837623
0.07613823407947884,5.296016883490432,67.77532125084666
0.11191580912087874,1.776513610116126,99.4941623755181
0.03067500763001047,7.041538383974306,50.74958800444564
0.0615595676055567,5.1004077248042785,86.60669902039602
0.02681544033046936,2.631349605913086,58.48794112805845
0.10514576491872483,4.096232277216741,79.23945961385726
0.04503344922910508,2.8210221351572646,65.02519902543814
0.010103443276604476,7.344662191076997,50.52867643294101
0.02664267439083102,4.670757525754098,84.56658391904934
0.06969779130348273,7.951554040818824,82.35336355902824
0.02082158230342778,1.927193179814426,73.98000047790293
0.22091354160196544,0.6338963228509594,78.56108845977336
0.05992924632748774,0.8238129021078109,65.00842124296574
0.03622921485799209,4.988458798863699,85.2821275879252
0.01202925580893689,3.1041219193324707,97.49959298222784
0.02076044238314284,2.659296290432562,86.58902833356242
0.11650579394616706,0.6181356643028497,82.13942949276142
0.15963080395702048,6.9927498044497876,51.71819269520678
0.08366079395148841,5.851692247907341,63.70141159172408
0.2835141224126627,1.0331435653382997,65.12605496291656
0.0321726092651551,5.92327133444065,66.06981055247311
0.04897851451336527,5.379370571311365,97.38287602593718
0.08088310119296804,5.958384773271849,51.30124254720069
0.15440802839102258,3.373582377947699,71.88898801075831
0.06906111026283768,4.388673811540554,55.48518905911141
0.05810740420711363,4.2472791320520775,56.01312940449324
0.07014486925883133,1.2760184417552982,73.98515645326535
0.06333321382319455,2.209110332925751,60.450327434319234
0.06762547685819542,7.24878535518743,78.24195336863698
0.01029600800531581,5.819143847712315,88.0741063207976
0.06968532542008168,4.9398022393288095,78.58434186015945
0.12278873934056726,4.539989217842413,92.67956280184792
0.08591069844471363,4.992838619094027,70.3276458641853
0.11191580912087874,1.776513610116126,99.4941623755181
0.03067500763001047,7.041538383974306,50.74958800444564
0.04245628221014411,5.540525269918391,89.83566795173522
0.02681544033046936,2.631349605913086,58.48794112805845
0.0747543467369425,5.134973653064888,70.05869253134303
0.04616944052637595,2.944949098258294,64.24214350191728
0.010103443276604476,7.344662191076997,50.52867643294101
0.022335256754769352,5.051454339832668,89.04996086370777
0.06487835737130274,6.411268281508332,71.40075108712036
0.02082158230342778,1.927193179814426,73.98000047790293
0.21996412892884962,0.6973071021459019,78.38438724585869
0.05970326230414302,0.7283129068479568,65.29815600108779
0.0400637609500744,4.938814936557496,84.94591097746961
0.01202925580893689,3.1041219193324707,97.49959298222784
0.02076044238314284,2.659296290432562,86.58902833356242
0.11817594316365902,0.5783949907261667,81.89388378948797
0.15963080395702048,6.9927498044497876,51.71819269520678
0.1142176427066412,7.760059990250815,58.70323803457611
0.2835141224126627,1.0331435653382997,65.12605496291656
0.030089390587269192,6.1831621637544245,61.08662856065402
0.04897851451336527,5.379370571311365,97.38287602593718
0.08088310119296804,5.958384773271849,51.30124254720069
0.16119836890683875,3.6287971195408995,67.47762665673025
0.06906111026283768,4.388673811540554,55.48518905911141
0.05810740420711363,4.2472791320520775,56.01312940449324
0.07014486925883133,1.2760184417552982,73.98515645326535
0.0656474109895979,2.704197325840717,62.10013842723803
0.06743196789230135,7.293537511547077,78.41193658373186
0.01029600800531581,5.819143847712315,88.0741063207976
0.06968532542008168,4.9398022393288095,78.58434186015945
0.17117990805273497,3.937280043641409,94.39268599522961
0.14383731239515604,7.72113591974586,67.07720173064234
0.11231670466560259,1.6997867519878942,98.36705020462531
0.03067500763001047,7.041538383974306,50.74958800444564
0.04245628221014411,5.540525269918391,89.83566795173522
0.02681544033046936,2.631349605913086,58.48794112805845
0.07688288852920892,5.107855436655356,70.1100066548235
0.046901608459439914,2.9568126659856966,64.45982679301237
0.010103443276604476,7.344662191076997,50.52867643294101
0.028602762995008857,5.128592693020933,91.01017902666156
0.04104701940650718,6.997484849065897,72.0846941004421
0.02082158230342778,1.927193179814426,73.98000047790293
0.21996412892884962,0.6973071021459019,78.38438724585869
0.05970326230414302,0.7283129068479568,65.29815600108779
0.0400637609500744,4.938814936557496,84.94591097746961
0.01202925580893689,3.1041219193324707,97.49959298222784
0.02066182428468069,2.6557653263663994,86.65253473251656
0.11817594316365902,0.5783949907261667,81.89388378948797
0.15963080395702048,6.9927498044497876,51.71819269520678
0.1142176427066412,7.760059990250815,58.70323803457611
0.2903520335648663,0.8983018126020674,64.96112433642978
0.030089390587269192,6.1831621637544245,61.08662856065402
0.05114135253534645,5.4059900523032525,98.05932279945527
0.06221026508836262,5.662010035664857,65.48398291053874
0.2254180197830195,1.1443769463538684,60.09000308091474
0.06906111026283768,4.388673811540554,55.48518905911141
0.061464616981123495,4.290615334588541,55.85132041834605
0.07014486925883133,1.2760184417552982,73.98515645326535
0.0656474109895979,2.704197325840717,62.10013842723803
0.06743196789230135,7.293537511547077,78.41193658373186
0.017111218966301203,5.301801371760181,86.4697455434179
0.06968532542008168,4.9398022393288095,78.58434186015945
0.15300268874707673,5.576702973483568,75.78942469824996
0.12715958695295032,7.402740581797561,69.62934795865645
0.1237405797741982,2.977759909488186,87.10379611911571
0.025191454132172768,6.338199426462444,65.19049383632552
0.04245628221014411,5.540525269918391,89.83566795173522
0.02377968578940572,2.0667033227592033,52.40361364817614
0.1316947940507552,7.498484878867619,53.98211049586227
0.012216461957323788,1.7150130567268622,68.38024371258695
0.010103443276604476,7.344662191076997,50.52867643294101
0.028602762995008857,5.128592693020933,91.01017902666156
0.04156420846207279,6.4627914286535235,78.59917058972952
0.022164458718627066,1.909464288414633,73.98014085455135
0.14992052329590713,0.4972955475144635,91.74199091934902
0.059187899156739096,0.5267264817635522,65.83858383779877
0.03896540114095026,3.823231408587968,89.59186127236146
0.01202925580893689,3.1041219193324707,97.49959298222784
0.02066182428468069,2.6557653263663994,86.65253473251656
0.13572797587142357,0.3234619102285401,84.7839761733732
0.15963080395702048,6.9927498044497876,51.71819269520678
0.1142176427066412,7.760059990250815,58.70323803457611
0.308419144550212,0.7531009071124992,65.19115854470051
0.035027475477517556,5.896181234314863,63.69526467198835
0.05459912497200427,5.209690073800916,89.84427500692274
0.06286615394136809,6.868319672575484,73.95708958385448
0.20934385974633762,1.7700181965354993,61.95415303454131
0.06906111026283768,4.388673811540554,55.48518905911141
0.061464616981123495,4.290615334588541,55.85132041834605
0.06545132613796473,1.337983426267846,73.98466581701243
0.06709124870456662,2.4788618491864916,61.110987384329164
0.08505472421949696,7.277821813721234,86.98323512209765
0.017111218966301203,5.301801371760181,86.4697455434179
0.017105710262504084,6.84828332703348,70.29745778865028
0.18441188546568768,3.8085604276398364,89.62628846091606
0.12715958695295032,7.402740581797561,69.62934795865645
0.1237405797741982,2.977759909488186,87.10379611911571
0.025191454132172768,6.338199426462444,65.19049383632552
0.04861537278427597,5.723665020341888,89.31349593331487
0.02377968578940572,2.0667033227592033,52.40361364817614
0.1316947940507552,7.498484878867619,53.98211049586227
0.013070578142542442,1.8715691611032694,68.2048233428413
0.010103443276604476,7.344662191076997,50.52867643294101
0.028602762995008857,5.128592693020933,91.01017902666156
0.03363721875591413,5.019020399100447,81.65331666790121
0.022164458718627066,1.909464288414633,73.98014085455135
0.13885145778332597,1.5460534450073486,89.78092931272931
0.059187899156739096,0.5267264817635522,65.83858383779877
0.02496136477915543,5.531855783805411,70.63811380069262
0.03755079854175694,2.8851418598552083,93.90147167874046
0.02066182428468069,2.6557653263663994,86.65253473251656
0.13572797587142357,0.3234619102285401,84.7839761733732
0.12512461980800188,5.757357415645823,55.61838173317193
0.1142176427066412,7.760059990250815,58.70323803457611
0.23724993584923065,3.363995472162107,66.93375591635541
0.035027475477517556,5.896181234314863,63.69526467198835
0.0689332574235754,6.48089598485295,90.07570623488203
0.06311656765650044,6.886861455778442,73.84112330825393
0.25174267142147305,1.0473317574733736,63.703910782420465
0.06906111026283768,4.388673811540554,55.48518905911141
0.055742623788247334,4.019551058472047,54.651262334283814
0.06545132613796473,1.337983426267846,73.98466581701243
0.06872546715721065,2.493254047659783,61.860827265372464
0.08505472421949696,7.277821813721234,86.98323512209765
0.015180185464685048,5.054120540255073,91.55511089383168
0.015507018722700827,6.905342578974799,69.33264963554976
0.23434955173605346,2.652933594509516,89.4319418948649
0.07473017258756488,4.659667985452362,71.80192041409234
0.10095534168127471,3.5669089790712163,83.30568442115842
0.025191454132172768,6.338199426462444,65.19049383632552
0.04861537278427597,5.723665020341888,89.31349593331487
0.028725967994925872,0.15782564620501827,53.08172158429269
0.1431952208655236,6.681254437159333,55.78596462825428
0.013070578142542442,1.8715691611032694,68.2048233428413
0.010103443276604476,7.344662191076997,50.52867643294101
0.028602762995008857,5.128592693020933,91.01017902666156
0.029179327851616074,4.336799393280623,78.73830895238159
0.03615311082098668,1.387021265909615,70.90399754287688
0.13885145778332597,1.5460534450073486,89.78092931272931
0.059187899156739096,0.5267264817635522,65.83858383779877
0.02496136477915543,5.531855783805411,70.63811380069262
0.03755079854175694,2.8851418598552083,93.90147167874046
0.02066182428468069,2.6557653263663994,86.65253473251656
0.12548741895886575,0.2595662948252543,86.64470259542689
0.12512461980800188,5.757357415645823,55.61838173317193
0.12089319148728656,7.967253874185223,56.71947330518818
0.23724993584923065,3.363995472162107,66.93375591635541
0.035027475477517556,5.896181234314863,63.69526467198835
0.0689332574235754,6.48089598485295,90.07570623488203
0.05272855419632106,5.851578232919069,76.97587584117052
0.22484040376575287,0.8794759501882984,68.59209808195824
0.07533746489542024,4.5418990332374864,55.500100085261
0.05445588337602958,4.082769512437803,55.319556241296354
0.06545132613796473,1.337983426267846,73.98466581701243
0.06201450511809557,3.9021250077893193,68.20183302439362
0.08505472421949696,7.277821813721234,86.98323512209765
0.015180185464685048,5.054120540255073,91.55511089383168
0.015507018722700827,6.905342578974799,69.33264963554976
0.22298470695687259,2.6663432876567645,89.69005080767657
0.07633623181561826,4.705367891701493,73.10759642589521
0.10095534168127471,3.5669089790712163,83.30568442115842
0.02792517884576211,7.3455967097384125,64.51064635055687
0.04861537278427597,5.723665020341888,89.31349593331487
0.023214297193404614,0.09107807353130537,50.77354142236585
0.1431952208655236,6.681254437159333,55.78596462825428
0.013070578142542442,1.8715691611032694,68.2048233428413
0.010103443276604476,7.344662191076997,50.52867643294101
0.028602762995008857,5.128592693020933,91.01017902666156
0.02929301087301032,4.322365497181089,78.68944025712548
0.03615311082098668,1.387021265909615,70.90399754287688
0.15644379661141694,0.7315903804116957,89.8720596669585
0.059187899156739096,0.5267264817635522,65.83858383779877
0.018565783663377564,5.3694927123335905,71.56604144853344
0.03755079854175694,2.8851418598552083,93.90147167874046
0.02066182428468069,2.6557653263663994,86.65253473251656
0.12548741895886575,0.2595662948252543,86.64470259542689
0.13968913907696678,6.262422981039417,53.98242582629777
0.12089319148728656,7.967253874185223,56.71947330518818
0.14683195934573934,4.4950530169549765,77.6610095761786
0.03604854614915873,5.820734904814144,63.86577342510686
0.0689332574235754,6.48089598485295,90.07570623488203
0.07704488590996615,4.999819163687027,92.06320018664115
0.21479639804024503,0.9870362168462226,69.9493944092748
0.0871462856988307,4.8015430756029795,55.60220010572917
0.05445588337602958,4.082769512437803,55.319556241296354
0.06545132613796473,1.337983426267846,73.98466581701243
0.06201450511809557,3.9021250077893193,68.20183302439362
0.08505472421949696,7.277821813721234,86.98323512209765
0.015180185464685048,5.054120540255073,91.55511089383168
0.046037761558886184,5.5679397836767865,73.78204499614932
0.18150325381089535,2.6641745304709685,89.06728100977857
0.04942354787637683,4.785658399368865,71.36927024285096
0.10095534168127471,3.5669089790712163,83.30568442115842
0.02792517884576211,7.3455967097384125,64.51064635055687
0.048386795899616725,5.707088129744894,89.18781701476124
0.023214297193404614,0.09107807353130537,50.77354142236585
0.1431952208655236,6.681254437159333,55.78596462825428
0.013070578142542442,1.8715691611032694,68.2048233428413
0.010103443276604476,7.344662191076997,50.52867643294101
0.028602762995008857,5.128592693020933,91.01017902666156
0.02929301087301032,4.322365497181089,78.68944025712548
0.03615311082098668,1.387021265909615,70.90399754287688
0.15644379661141694,0.7315903804116957,89.8720596669585
0.059187899156739096,0.5267264817635522,65.83858383779877
0.015775235815655944,5.493264650623519,71.18494177318263
0.05571187746318711,3.080421659141405,90.86650101116228
0.02066182428468069,2.6557653263663994,86.65253473251656
0.10262132160115031,1.6412940136246421,83.04534227674799
0.1395930966138768,6.261854830147442,54.019684447905405
0.12089319148728656,7.967253874185223,56.71947330518818
0.2009134718379339,4.333707827332837,81.15420666481003
0.03634242060310345,5.799020689040499,63.9148475666988
0.1162970908719553,7.738080961701426,88.77214769737488
0.06692028122827816,5.606568332433872,95.77146848429354
0.21479639804024503,0.9870362168462226,69.9493944092748
0.08714921393019341,4.798076231747128,55.55826597716679
0.05445588337602958,4.082769512437803,55.319556241296354
0.04144271606551117,1.5789451357126154,69.93317917572702
0.05861661112967877,4.019049948617326,68.42104685361754
0.08505472421949696,7.277821813721234,86.98323512209765
0.015180185464685048,5.054120540255073,91.55511089383168
0.046037761558886184,5.5679397836767865,73.78204499614932
0.18150325381089535,2.6641745304709685,89.06728100977857
0.05242422445103949,4.762133605055267,69.60042586206112
0.10095534168127471,3.5669089790712163,83.30568442115842
0.02792517884576211,7.3455967097384125,64.51064635055687
0.055565775867368924,6.01461206601882,88.75619597779853
0.023214297193404614,0.09107807353130537,50.77354142236585
0.1431952208655236,6.681254437159333,55.78596462825428
0.013070578142542442,1.8715691611032694,68.2048233428413
0.010103443276604476,7.344662191076997,50.52867643294101
0.028602762995008857,5.128592693020933,91.01017902666156
0.02929301087301032,4.322365497181089,78.68944025712548
0.037837799704896175,1.0017276177717402,72.22171405198443
0.15644379661141694,0.7315903804116957,89.8720596669585
0.059187899156739096,0.5267264817635522,65.83858383779877
0.020285905558368893,4.020883069323073,87.6124804086596
0.05571187746318711,3.080421659141405,90.86650101116228
0.02066182428468069,2.6557653263663994,86.65253473251656
0.12811946017962236,0.7090165406038746,84.56000137945603
0.1395930966138768,6.261854830147442,54.019684447905405
0.12089319148728656,7.967253874185223,56.71947330518818
0.2009134718379339,4.333707827332837,81.15420666481003
0.04025984771640223,5.568259487787327,65.91337628563943
0.10967984200776994,7.708691918158461,86.95545743290398
0.06692028122827816,5.606568332433872,95.77146848429354
0.16300786519239746,2.1911018567366582,69.83809104570732
0.06656162475444868,2.8645244678189385,54.84980001826435
0.05445588337602958,4.082769512437803,55.319556241296354
0.04144271606551117,1.5789451357126154,69.93317917572702
0.07655092020976341,3.416371708472235,72.3535845422044
0.08982301406681509,6.16499031291448,85.88040828455888
0.02715332851298266,4.882074859897077,91.37601882092936
0.042846127822299185,5.465639498937791,74.50954705570459
0.2047266665671883,3.070001243074778,93.47759910713522
0.05150463132064857,5.2325271493388525,63.65206800761845
0.15400737660306454,2.621511648534755,77.50438383290947
0.02792517884576211,7.3455967097384125,64.51064635055687
0.04250402934097402,4.795318836411849,82.91456164535622
0.023214297193404614,0.09107807353130537,50.77354142236585
0.1431952208655236,6.681254437159333,55.78596462825428
0.01458487859389761,2.1891105920935225,70.42821694350658
0.010103443276604476,7.344662191076997,50.52867643294101
0.023692116039505412,5.303951106218424,92.92090832736908
0.02227496043879626,4.652282167227211,75.45466005864056
0.0668162990160929,3.7070761035455515,78.16477689832347
0.15644379661141694,0.7315903804116957,89.8720596669585
0.059187899156739096,0.5267264817635522,65.83858383779877
0.020285905558368893,4.020883069323073,87.6124804086596
0.059972194683860905,3.242006274411609,88.99505554671995
0.02006720234195204,1.9198245196500445,90.78020986770238
0.10160805082586442,0.6878875616683077,79.5879466197577
0.1395930966138768,6.261854830147442,54.019684447905405
0.12089319148728656,7.967253874185223,56.71947330518818
0.2009134718379339,4.333707827332837,81.15420666481003
0.050902478266419623,4.034732839087109,67.12368331674814
0.10967984200776994,7.708691918158461,86.95545743290398
0.0669393795810805,5.955446972060871,99.00527934986381
0.17468595621254449,0.5894171451729502,73.47578780444312
0.06656162475444868,2.8645244678189385,54.84980001826435
0.05569604635064144,4.069011263269713,56.065959774506794
0.04362008667806534,1.0756249224106273,66.66578869299681
0.08762552091346404,5.476787413916921,77.70242327171113
0.0930175325406268,6.826567378592633,89.13623881155497
0.027558892157833772,5.0771476740629025,91.41442656240616
0.08502017044243892,3.905792130476165,74.17885937767898
0.1371252393005522,3.0601214097526563,89.89497923722426
0.051022437464548855,5.366381756368287,64.5247982802205
0.11392284609736275,4.156395150519719,87.40300711273123
0.03248414320329225,7.345835768232592,68.08736323400024
0.027935719857777694,6.09076902726837,77.84347860790226
0.023214297193404614,0.09107807353130537,50.77354142236585
0.1431952208655236,6.681254437159333,55.78596462825428
0.01458487859389761,2.1891105920935225,70.42821694350658
0.010103443276604476,7.344662191076997,50.52867643294101
0.028387816866556077,4.307615095971219,86.73431817137589
0.02227496043879626,4.652282167227211,75.45466005864056
0.020805118928073144,1.9154109214739856,91.64592505519306
0.17890367070889487,0.010583176834970232,89.61079730367108
0.062157917649784886,0.7385714593692772,65.40201566975038
0.017688994781106634,3.0426660062769564,83.56531017394855
0.09360935284686198,4.378338696370665,87.44215637859007
0.021006868010347957,1.92567735575636,90.79393591241518
0.10160805082586442,0.6878875616683077,79.5879466197577
0.12096802207918726,6.233316761969372,57.993626473234286
0.12089319148728656,7.967253874185223,56.71947330518818
0.14081064392677947,3.6419387524731923,77.69439245609118
0.05245029883221355,3.979508402857292,65.54306826098289
0.10442969986685727,7.366291668264265,87.18272575056359
0.0669393795810805,5.955446972060871,99.00527934986381
0.17468595621254449,0.5894171451729502,73.47578780444312
0.06656162475444868,2.8645244678189385,54.84980001826435
0.05569604635064144,4.069011263269713,56.065959774506794
0.04362008667806534,1.0756249224106273,66.66578869299681
0.06371823119909817,6.6771756723004,68.88347812561847
0.0930175325406268,6.826567378592633,89.13623881155497
0.027558892157833772,5.0771476740629025,91.41442656240616
0.07342301017826747,3.1549078650409648,79.40038810219123
0.1371252393005522,3.0601214097526563,89.89497923722426
0.05375097033819217,5.883994202821905,65.87407068839745
0.11392284609736275,4.156395150519719,87.40300711273123
0.03248414320329225,7.345835768232592,68.08736323400024
0.02811176126817449,6.564299324147159,71.50358157090665
0.023214297193404614,0.09107807353130537,50.77354142236585
0.15988819250493297,6.830047035929634,53.9032223908886
0.014220917359999747,2.1332490430509647,69.99825133721863
0.010103443276604476,7.344662191076997,50.52867643294101
0.028387816866556077,4.307615095971219,86.73431817137589
0.02083925756273007,4.657795656803717,75.21339518818463
0.020805118928073144,1.9154109214739856,91.64592505519306
0.17890367070889487,0.010583176834970232,89.61079730367108
0.062157917649784886,0.7385714593692772,65.40201566975038
0.016627115760204647,3.426799779291947,80.81168579517178
0.09360935284686198,4.378338696370665,87.44215637859007
0.021006868010347957,1.92567735575636,90.79393591241518
0.09407207551379464,1.060437277230343,80.32346570610481
0.12096802207918726,6.233316761969372,57.993626473234286
0.08360005154323046,6.491886397860833,68.81982763144401
0.16778226857090744,1.8447214246319854,71.23728648025454
0.0558934905266803,5.111828590303305,65.10528244120478
0.10388094297745083,7.346260549812891,88.19811908501177
0.0669393795810805,5.955446972060871,99.00527934986381
0.13624996335935427,1.6554033405642872,70.98140966460042
0.06656162475444868,2.8645244678189385,54.84980001826435
0.057221019472327474,4.094078631040049,55.10006266680972
0.04362008667806534,1.0756249224106273,66.66578869299681
0.06371823119909817,6.6771756723004,68.88347812561847
0.11345279753421811,6.698876115516587,98.65157902654933
0.027558892157833772,5.0771476740629025,91.41442656240616
0.09793401804908022,4.6201997355588045,69.9256600053986
0.12704031118264897,3.317275582854978,89.14462717175827
0.04787658708001379,7.268585643940566,70.92929963720717
0.1365981093714616,3.0178671067646605,95.76748110274292
0.03248414320329225,7.345835768232592,68.08736323400024
0.027956867590975463,6.147653895191663,77.08187115010303
0.026085642096481967,0.3954367514268595,51.631643014104284
0.12542196219607055,5.91155951576827,54.305011700697676
0.014220917359999747,2.1332490430509647,69.99825133721863
0.010103443276604476,7.344662191076997,50.52867643294101
0.02868577269732393,4.403769703197102,86.57043859434646
0.02108129207723058,4.461157769959375,74.12548447523444
0.020805118928073144,1.9154109214739856,91.64592505519306
0.17890367070889487,0.010583176834970232,89.61079730367108
0.062157917649784886,0.7385714593692772,65.40201566975038
0.016627115760204647,3.426799779291947,80.81168579517178
0.09118661277325976,4.2315040294374455,86.47699321923452
0.019707800568081177,1.5064497160448318,91.50843987906941
0.09407207551379464,1.060437277230343,80.32346570610481
0.13201631298799846,6.657672448464111,56.75115167171766
0.06708293178498789,6.074917705851888,75.47917766140449
0.1907952197316874,0.9066292378056584,64.90046421997926
0.05359049687343556,5.21088875474879,64.93687430650084
0.10388094297745083,7.346260549812891,88.19811908501177
0.0669393795810805,5.955446972060871,99.00527934986381
0.13624996335935427,1.6554033405642872,70.98140966460042
0.06656162475444868,2.8645244678189385,54.84980001826435
0.055805154540048564,5.056412623681933,52.14554072478312
0.04362008667806534,1.0756249224106273,66.66578869299681
0.06371823119909817,6.6771756723004,68.88347812561847
0.09981080397628359,6.807879031367497,93.50197096660632
0.027558892157833772,5.0771476740629025,91.41442656240616
0.12887131444879563,4.299867158575141,82.98247603103792
0.1208245494260441,3.2352532645890415,89.29097671371113
0.04787658708001379,7.268585643940566,70.92929963720717
0.1096903356258285,4.136410620253187,88.6136824696034
0.03273083129604076,7.459466187032875,66.91899461506164
0.027956867590975463,6.147653895191663,77.08187115010303
0.026085642096481967,0.3954367514268595,51.631643014104284
0.12542196219607055,5.91155951576827,54.305011700697676
0.014220917359999747,2.1332490430509647,69.99825133721863
0.010103443276604476,7.344662191076997,50.52867643294101
0.02868577269732393,4.403769703197102,86.57043859434646
0.02108129207723058,4.461157769959375,74.12548447523444
0.020805118928073144,1.9154109214739856,91.64592505519306
0.17890367070889487,0.010583176834970232,89.61079730367108
0.05883432863236922,1.1553359217594403,67.90077284369005
0.0183805772046761,4.369444966934443,88.69172611218193
0.09126366162520098,4.2504091949807306,86.48743967602833
0.019707800568081177,1.5064497160448318,91.50843987906941
0.09407207551379464,1.060437277230343,80.32346570610481
0.14552149354748944,6.9068133051637774,55.3415436157279
0.06708293178498789,6.074917705851888,75.47917766140449
0.2608619637328445,0.9981677040866744,64.62727692153803
0.04912483424855982,4.96180829791097,53.53981535982625
0.10388094297745083,7.346260549812891,88.19811908501177
0.0669393795810805,5.955446972060871,99.00527934986381
0.13624996335935427,1.6554033405642872,70.98140966460042
0.05371574483611975,3.88388622733883,53.866618604404856
0.055805154540048564,5.056412623681933,52.14554072478312
0.04362008667806534,1.0756249224106273,66.66578869299681
0.05860584633581345,6.662824215835359,69.72979621881514
0.08881418771987108,6.7068373511117185,90.98901836223104
0.03328360793144055,7.680764087063595,91.34587564681964
0.14856454872837271,4.136402114055319,90.25328237830723
0.1208245494260441,3.2352532645890415,89.29097671371113
0.04787658708001379,7.268585643940566,70.92929963720717
0.1096903356258285,4.136410620253187,88.6136824696034
0.03273083129604076,7.459466187032875,66.91899461506164
0.024815957463454323,5.284579777456112,83.76828181547732
0.026085642096481967,0.3954367514268595,51.631643014104284
0.12189055224051623,5.513076977791478,62.006566334872076
0.014220917359999747,2.1332490430509647,69.99825133721863
0.010103443276604476,7.344662191076997,50.52867643294101
0.02868577269732393,4.403769703197102,86.57043859434646
0.02108129207723058,4.461157769959375,74.12548447523444
0.020805118928073144,1.9154109214739856,91.64592505519306
0.1598609446311434,2.111688005725288,77.03980017413791
0.08396998924231959,1.3932785784398933,70.17458442306618
0.01360750260929635,4.435034243563941,93.39590178386668
0.11767330476618801,3.4589371855687374,90.4111529535242
0.023587409351518818,1.5225515684578905,91.14393729669952
0.10385450909572683,1.8556905692826833,83.6025673366642
0.14552149354748944,6.9068133051637774,55.3415436157279
0.06450667780973761,4.538403960028942,73.11224411199564
0.16534456922424898,1.4377539515813411,66.7073097859081
0.04912483424855982,4.96180829791097,53.53981535982625
0.10388094297745083,7.346260549812891,88.19811908501177
0.0669393795810805,5.955446972060871,99.00527934986381
0.13624996335935427,1.6554033405642872,70.98140966460042
0.05371574483611975,3.88388622733883,53.866618604404856
0.055805154540048564,5.056412623681933,52.14554072478312
0.04362008667806534,1.0756249224106273,66.66578869299681
0.033905337382994595,6.626835916176209,52.34672972710314
0.08881418771987108,6.7068373511117185,90.98901836223104
0.03328360793144055,7.680764087063595,91.34587564681964
0.14856454872837271,4.136402114055319,90.25328237830723
0.12288007369404141,3.118609143566612,89.80745467256841
0.0502828232745975,7.238260074310258,71.56642473239843
0.12464219485830373,3.996364078776378,89.64307623036693
0.04695254029217269,7.531622505768168,77.22059616712343
0.023607828252223306,4.942702149077966,82.68714218966258
0.026085642096481967,0.3954367514268595,51.631643014104284
0.12189055224051623,5.513076977791478,62.006566334872076
0.014220917359999747,2.1332490430509647,69.99825133721863
0.010103443276604476,7.344662191076997,50.52867643294101
0.02709717685161913,4.154410853476154,84.75040602457827
0.02108129207723058,4.461157769959375,74.12548447523444
0.020805118928073144,1.9154109214739856,91.64592505519306
0.1598609446311434,2.111688005725288,77.03980017413791
0.08396998924231959,1.3932785784398933,70.17458442306618
0.01360750260929635,4.435034243563941,93.39590178386668
0.11619792903926399,3.426581243135504,90.41869290286893
0.023587409351518818,1.5225515684578905,91.14393729669952
0.06182957278471443,3.0568024715614706,88.16298737096207
0.14552149354748944,6.9068133051637774,55.3415436157279
0.07186381605770371,4.472948423260987,75.63630326416614
0.11692695101499137,3.280039146249875,61.661411747937784
0.05065985292098823,5.047426756872296,57.45741947896849
0.10388094297745083,7.346260549812891,88.19811908501177
0.0669393795810805,5.955446972060871,99.00527934986381
0.13165445783197022,1.566594718988134,69.80223939831014
0.05371574483611975,3.88388622733883,53.866618604404856
0.05525910390185089,5.007408502569445,52.76180324267878
0.04362008667806534,1.0756249224106273,66.66578869299681
0.033905337382994595,6.626835916176209,52.34672972710314
0.07678117887795204,7.22449229767646,91.13718679921527
0.03350173818840034,7.654228179006012,90.96288753863755
0.1579883992035699,3.926388377745784,89.2428402355106
0.12544148426127,2.5486488044305657,90.02442087179483
0.046386592118482985,7.538330285972835,65.14804398901182
0.12162194653072882,3.7925706770403655,89.92048992247045
0.04695254029217269,7.531622505768168,77.22059616712343
0.02145246924597146,4.102468788927309,78.91647551839607
0.026085642096481967,0.3954367514268595,51.631643014104284
0.1303606377836128,5.577356763813965,63.18174616615154
0.04336440912774589,1.992622391056047,69.9496070376003
0.010103443276604476,7.344662191076997,50.52867643294101
0.020967858530506173,5.305074178059616,72.40727534995165
0.02108129207723058,4.461157769959375,74.12548447523444
0.017520411801545056,1.904168676609846,94.80498058313873
0.1598609446311434,2.111688005725288,77.03980017413791
0.01277403012228423,0.7193135722753865,63.73408545373174
0.01360750260929635,4.435034243563941,93.39590178386668
0.11047404600853936,3.27675046279232,88.94186236989636
0.023587409351518818,1.5225515684578905,91.14393729669952
0.06358957517052485,2.877396475691751,95.60234783512243
0.14552149354748944,6.9068133051637774,55.3415436157279
0.06960355503191332,5.153398604017696,86.3624007800691
0.11695727390788437,3.2805698266664955,61.6579953072929
0.04096625361125829,3.940020559003554,59.063389218193784
0.08373382087571099,5.24978749252443,80.99917575457403
0.0669393795810805,5.955446972060871,99.00527934986381
0.13293887060027065,1.2816140340325841,67.2265993543362
0.05371574483611975,3.88388622733883,53.866618604404856
0.05525910390185089,5.007408502569445,52.76180324267878
0.04362008667806534,1.0756249224106273,66.66578869299681
0.026148238097964686,4.390988186177947,72.44769788358084
0.07678117887795204,7.22449229767646,91.13718679921527
0.03628840950614147,5.842430035793441,84.2712788708173
0.1314930135009505,5.140965626560196,87.5274337753173
0.12544148426127,2.5486488044305657,90.02442087179483
0.046386592118482985,7.538330285972835,65.14804398901182
0.12162194653072882,3.7925706770403655,89.92048992247045
0.04695254029217269,7.531622505768168,77.22059616712343
0.02145246924597146,4.102468788927309,78.91647551839607
0.04865678420290056,1.1660940718351918,61.610908221902676
0.1302969179670859,5.538124665322048,63.52945035947782
0.04189799460205941,2.1612700010650503,70.18239325040724
0.010103443276604476,7.344662191076997,50.52867643294101
0.020967858530506173,5.305074178059616,72.40727534995165
0.021194334764304625,4.542331214600282,73.46899910465436
0.018169894278035212,2.0913706018883578,93.121976911481
0.1766542604498883,2.2613680310849507,78.53853352984328
0.01277403012228423,0.7193135722753865,63.73408545373174
0.01360750260929635,4.435034243563941,93.39590178386668
0.14046652980966082,4.264234566580321,98.93550800581684
0.023587409351518818,1.5225515684578905,91.14393729669952
0.06358957517052485,2.877396475691751,95.60234783512243
0.13811680405114368,6.542650216289015,58.980159188552086
0.06364671982314749,3.4345618274362364,82.39972258972759
0.11695727390788437,3.2805698266664955,61.6579953072929
0.04096625361125829,3.940020559003554,59.063389218193784
0.10017729196575942,6.576512303772385,85.49994145533307
0.06541204719741586,5.69871068790172,97.122873204774
0.13293887060027065,1.2816140340325841,67.2265993543362
0.05371574483611975,3.88388622733883,53.866618604404856
0.05525910390185089,5.007408502569445,52.76180324267878
0.04362008667806534,1.0756249224106273,66.66578869299681
0.026148238097964686,4.390988186177947,72.44769788358084
0.07678117887795204,7.22449229767646,91.13718679921527
0.03628840950614147,5.842430035793441,84.2712788708173
0.1314930135009505,5.140965626560196,87.5274337753173
0.21539963700825085,3.4549042681287365,89.03565699913128
0.041936498254226726,7.147350960872301,66.41892795444333
0.11491869524589839,3.7511767331547485,89.05091862194931
0.04695254029217269,7.531622505768168,77.22059616712343
0.02145246924597146,4.102468788927309,78.91647551839607
0.04865678420290056,1.1660940718351918,61.610908221902676
0.1302969179670859,5.538124665322048,63.52945035947782
0.04189799460205941,2.1612700010650503,70.18239325040724
0.010103443276604476,7.344662191076997,50.52867643294101
0.020967858530506173,5.305074178059616,72.40727534995165
0.021194334764304625,4.542331214600282,73.46899910465436
0.018169894278035212,2.0913706018883578,93.121976911481
0.18485819846174206,2.0520663347983863,78.20347277896347
0.01277403012228423,0.7193135722753865,63.73408545373174
0.04124426401121644,5.11868518735602,90.87517517403096
0.11868468702734249,3.799517875332306,92.58159573771619
0.023587409351518818,1.5225515684578905,91.14393729669952
0.06056627144415258,3.0194019430318724,90.71940571475662
0.12843891350351228,5.050648420663194,60.20494086783354
0.0599980307312671,3.599645823597923,71.9165197415957
0.11695727390788437,3.2805698266664955,61.6579953072929
0.04096625361125829,3.940020559003554,59.063389218193784
0.10017729196575942,6.576512303772385,85.49994145533307
0.06541204719741586,5.69871068790172,97.122873204774
0.13293887060027065,1.2816140340325841,67.2265993543362
0.05371574483611975,3.88388622733883,53.866618604404856
0.05525910390185089,5.007408502569445,52.76180324267878
0.04362008667806534,1.0756249224106273,66.66578869299681
0.026148238097964686,4.390988186177947,72.44769788358084
0.07678117887795204,7.22449229767646,91.13718679921527
0.03628840950614147,5.842430035793441,84.2712788708173
0.1314930135009505,5.140965626560196,87.5274337753173
0.24645031587133817,2.6136781273531873,89.98847884858432
0.03825672112788126,6.8219473783844,65.0908295462463
0.09084120178462332,4.3915424299907455,87.58733822449256
0.04695254029217269,7.531622505768168,77.22059616712343
0.02145246924597146,4.102468788927309,78.91647551839607
0.06679164078420853,1.8735910723885756,69.12081316369549
0.1302969179670859,5.538124665322048,63.52945035947782
0.04175004026797939,2.1629798086203493,70.18870270679032
0.02080956883902071,5.59926729440215,57.146639299034526
0.020967858530506173,5.305074178059616,72.40727534995165
0.021194334764304625,4.542331214600282,73.46899910465436
0.018169894278035212,2.0913706018883578,93.121976911481
0.14115182038193927,2.985337911190634,82.05988279873321
0.018083231988137535,1.889576251788868,64.22287710023463
0.04124426401121644,5.11868518735602,90.87517517403096
0.12083657236347091,3.827139973579078,94.59902242182584
0.023587409351518818,1.5225515684578905,91.14393729669952
0.06056627144415258,3.0194019430318724,90.71940571475662
0.12988379001380312,5.283184501690027,53.668112328444806
0.0599980307312671,3.599645823597923,71.9165197415957
0.15827576872616433,2.4091250718072468,57.03098440201024
0.010227658289385988,4.34333056321792,54.97463161878365
0.10578629114021254,6.174180386532701,82.75146394759821
0.05993512305914628,5.865919043045777,97.99037809946421
0.13293887060027065,1.2816140340325841,67.2265993543362
0.05186357578046209,3.8964346077892076,55.30467995980281
0.05525910390185089,5.007408502569445,52.76180324267878
0.03546079906475785,1.401271228362461,75.14759682369504
0.033404535439183924,4.251436146836259,67.61031884867705
0.09089392310516049,6.687053200584463,90.2060624547165
0.03329378779721781,5.36808359887964,86.25119902660452
0.1386801639187898,5.068152562647339,86.47655379259508
0.34045061209166505,1.7056105082223674,86.53827945544003
0.03825672112788126,6.8219473783844,65.0908295462463
0.09084120178462332,4.3915424299907455,87.58733822449256
0.04695254029217269,7.531622505768168,77.22059616712343
0.021678844149330287,3.540698959958001,81.95710072962379
0.06679164078420853,1.8735910723885756,69.12081316369549
0.0916704538410284,6.462023492903585,69.87469603935321
0.05481420027251737,3.1229278707337365,73.28529028459982
0.02080956883902071,5.59926729440215,57.146639299034526
0.020967858530506173,5.305074178059616,72.40727534995165
0.020167134553136182,4.507613004258087,73.31647981058373
0.01176513853003476,2.3469915762560767,99.7798999990219
0.13647736539079575,3.0543940949796493,81.7388928022761
0.018083231988137535,1.889576251788868,64.22287710023463
0.042565615514552534,5.525749066439321,90.7177177064332
0.09062287712216927,3.9737630618864483,85.27259593786918
0.023123167025608377,1.553507764344617,88.87331722461954
0.03161923118319436,2.153536860520372,92.02213212743756
0.12988379001380312,5.283184501690027,53.668112328444806
0.025623853093976204,4.692043945781689,74.12669660254132
0.18068403984732292,2.131797268292101,53.446682456224494
0.010227658289385988,4.34333056321792,54.97463161878365
0.09568306983503479,6.125952337953651,82.97240631520941
0.05993512305914628,5.865919043045777,97.99037809946421
0.1968693141918807,0.7094758694656933,65.39586616374856
0.05186357578046209,3.8964346077892076,55.30467995980281
0.05525910390185089,5.007408502569445,52.76180324267878
0.04313935640872932,2.799872375181501,66.46551009371922
0.043049912892338685,4.836077876519708,55.8088716623986
0.08370162708905765,6.4654231879359685,88.48853956908904
0.0371305925189932,5.32233434984411,86.2547850499573
0.11243685188512179,5.7729523584650355,83.828420389244
0.34045061209166505,1.7056105082223674,86.53827945544003
0.03825672112788126,6.8219473783844,65.0908295462463
0.09094058903450893,4.58172681863521,88.64107108030235
0.04695254029217269,7.531622505768168,77.22059616712343
0.021678844149330287,3.540698959958001,81.95710072962379
0.07073463282605152,3.126399114564213,72.89122908945697
0.11403883114295234,7.395639531484911,66.01332196870422
0.06142084972342429,2.696982998670986,73.45667474115636
0.02080956883902071,5.59926729440215,57.146639299034526
0.020962708321863904,5.31464622230371,71.9107461133453
0.020632451370504387,4.473021642594965,73.17770910548708
0.01176513853003476,2.3469915762560767,99.7798999990219
0.10318431604609249,4.347107440734896,90.74852410446255
0.018563723017842922,1.1393290375868625,67.11529466035552
0.042565615514552534,5.525749066439321,90.7177177064332
0.051913237782283295,4.325202694203085,85.0764841951534
0.023123167025608377,1.553507764344617,88.87331722461954
0.035601605058485246,2.434789467928139,93.49808122275043
0.12988379001380312,5.283184501690027,53.668112328444806
0.025623853093976204,4.692043945781689,74.12669660254132
0.18068403984732292,2.131797268292101,53.446682456224494
0.016555237479579994,4.275413972972043,55.024790403319585
0.07905356126111247,5.769574737322158,80.84605626738941
0.05993512305914628,5.865919043045777,97.99037809946421
0.15411248926266236,2.272462261208544,74.77850676085131
0.05186357578046209,3.8964346077892076,55.30467995980281
0.05526984581745936,5.007959152404659,52.77529619420275
0.037821268909150524,3.3743767896901895,68.79161283095493
0.043049912892338685,4.836077876519708,55.8088716623986
0.08370162708905765,6.4654231879359685,88.48853956908904
0.025790615375518244,5.052026746466963,80.41904303754407
0.08266569473360234,5.370977032299635,71.80635398063167
0.29111889113795014,2.0970110571828173,81.73853617395895
0.03825672112788126,6.8219473783844,65.0908295462463
0.10492668456926249,4.507445591442308,98.22945685108786
0.046286395857751905,7.617090791316916,76.15488567740803
0.021678844149330287,3.540698959958001,81.95710072962379
0.05527611197333698,2.5376195756663424,71.17978868819857
0.12294436448626506,7.129166205504241,66.80415872039488
0.06693663106940255,3.1895287283943894,72.67641093653633
0.02080956883902071,5.59926729440215,57.146639299034526
0.01357701323829718,5.380670302122019,76.03025618345222
0.020632451370504387,4.473021642594965,73.17770910548708
0.01176513853003476,2.3469915762560767,99.7798999990219
0.10318431604609249,4.347107440734896,90.74852410446255
0.018563723017842922,1.1393290375868625,67.11529466035552
0.04629095211012178,5.453315366231356,90.719610920919
0.06272335948416122,5.0545928764848,97.56880822249683
0.023123167025608377,1.553507764344617,88.87331722461954
0.01401411152204532,2.4643583767197597,96.90796796365882
0.12988379001380312,5.283184501690027,53.668112328444806
0.03655710631158327,4.067072881470768,72.39909839734977
0.18068403984732292,2.131797268292101,53.446682456224494
0.016555237479579994,4.275413972972043,55.024790403319585
0.07905356126111247,5.769574737322158,80.84605626738941
0.05993512305914628,5.865919043045777,97.99037809946421
0.11286950094698031,2.046093948072268,79.21636546063857
0.05186357578046209,3.8964346077892076,55.30467995980281
0.05526984581745936,5.007959152404659,52.77529619420275
0.03123117220689784,2.6095243571088496,68.21796243384074
0.043049912892338685,4.836077876519708,55.8088716623986
0.07601126328172962,7.301581830651758,87.59646028196981
0.015046085870719969,4.841705449269905,75.02036315379924
0.10462399415262552,4.653535517205748,75.12688774471316
0.44400401671149525,0.11776824542139952,68.19760164716321
0.03825672112788126,6.8219473783844,65.0908295462463
0.10492668456926249,4.507445591442308,98.22945685108786
0.046286395857751905,7.617090791316916,76.15488567740803
0.022691161932939637,2.6387366654983913,90.4505980570392
0.05527611197333698,2.5376195756663424,71.17978868819857
0.15166035010812523,7.874668921222058,65.01528804400132
0.06311998523117994,2.978471883613148,73.02153026245428
0.02080956883902071,5.59926729440215,57.146639299034526
0.01357701323829718,5.380670302122019,76.03025618345222
0.020632451370504387,4.473021642594965,73.17770910548708
0.015021106654159289,2.3337761637972085,99.1732862519348
0.10318431604609249,4.347107440734896,90.74852410446255
0.018563723017842922,1.1393290375868625,67.11529466035552
0.04629095211012178,5.453315366231356,90.719610920919
0.06272335948416122,5.0545928764848,97.56880822249683
0.023123167025608377,1.553507764344617,88.87331722461954
0.022873480994537013,2.7995623932732117,87.16994638480175
0.13169405327909653,5.332245832764766,53.40112438887611
0.028352321823755695,4.737452226670726,72.93353775637736
0.18068403984732292,2.131797268292101,53.446682456224494
0.033049171524888996,4.714819059675955,56.24445267930072
0.07905356126111247,5.769574737322158,80.84605626738941
0.0521719328230424,5.81301069982171,89.88627016842888
0.11812357745272584,1.9153010359125293,79.96444459232164
0.05186357578046209,3.8964346077892076,55.30467995980281
0.05526984581745936,5.007959152404659,52.77529619420275
0.03123117220689784,2.6095243571088496,68.21796243384074
0.04540935748792001,5.224753597211234,51.893845701339565
0.0751925128611444,7.199806941786325,87.49615139541409
0.015041344686726247,4.3656875502783254,79.60471239134668
0.1811477649298761,4.492787482063728,75.21788856772393
0.44400401671149525,0.11776824542139952,68.19760164716321
0.04011219269706609,7.069240740372326,64.23944816635607
0.10492668456926249,4.507445591442308,98.22945685108786
0.046286395857751905,7.617090791316916,76.15488567740803
0.039646177567130056,2.7812146172341645,83.14120607284524
0.05497597480781717,2.5207508479637726,71.1093164766334
0.15166035010812523,7.874668921222058,65.01528804400132
0.08327817027401103,0.4552027944871506,70.94470662435297
0.02080956883902071,5.59926729440215,57.146639299034526
0.01357701323829718,5.380670302122019,76.03025618345222
0.02067183501664554,4.609321304441922,72.22389094636715
0.015021106654159289,2.3337761637972085,99.1732862519348
0.07768428896510458,4.480801558070836,78.20339053765329
0.03041425064390671,1.5889188465759925,68.41516664152024
0.06533103302427512,7.589661443508543,93.48572666879733
0.08369503396751701,5.719577338108843,89.89256660828137
0.023123167025608377,1.553507764344617,88.87331722461954
0.020065454145960504,2.51074700462688,86.90960805161956
0.13169405327909653,5.332245832764766,53.40112438887611
0.033614570489145006,6.671765740288807,76.06136458573494
0.18068403984732292,2.131797268292101,53.446682456224494
0.033049171524888996,4.714819059675955,56.24445267930072
0.09365139438622896,4.94650289939555,82.93598148951372
0.05629416496435223,6.810776263829554,92.10607403988689
0.15498508847158127,1.6914640156155811,77.35365406575035
0.05540439636572836,4.050735268891838,51.78537208150527
0.05526984581745936,5.007959152404659,52.77529619420275
0.03123117220689784,2.6095243571088496,68.21796243384074
0.04540935748792001,5.224753597211234,51.893845701339565
0.0751925128611444,7.199806941786325,87.49615139541409
0.015041344686726247,4.3656875502783254,79.60471239134668
0.1338544241383487,2.5417130010091706,73.15296686632468
0.44400401671149525,0.11776824542139952,68.19760164716321
0.04011219269706609,7.069240740372326,64.23944816635607
0.10492668456926249,4.507445591442308,98.22945685108786
0.046286395857751905,7.617090791316916,76.15488567740803
0.03746815333205902,2.9618660544555144,83.8072301201189
0.05485767762418831,1.519530149563125,78.4896394511473
0.15081759389452656,7.979269718566078,65.47332559743165
0.08327817027401103,0.4552027944871506,70.94470662435297
0.014709697345252314,6.040051257181361,57.596263570754346
0.01357701323829718,5.380670302122019,76.03025618345222
0.02067183501664554,4.609321304441922,72.22389094636715
0.0139718321672632,2.219958526453987,99.35295419444225
0.0739071063940714,3.7023485902773885,70.857853153187
0.024827786848784075,0.23437970185614532,74.57022523763617
0.039761890933882514,4.916358616005171,96.40672177340468
0.08369503396751701,5.719577338108843,89.89256660828137
0.022969492185400925,1.5533469870357683,88.88674249838903
0.012181985968743349,1.9515357368263238,94.55344873462758
0.17174238032860512,5.382137463780644,54.10071531029871
0.033614570489145006,6.671765740288807,76.06136458573494
0.18068403984732292,2.131797268292101,53.446682456224494
0.029875882643102446,4.809084705621066,56.87741213216763
0.10717033958071134,5.628909873918552,78.75957683747214
0.05627657223549328,6.7459741207047585,91.93931291707882
0.15480941714337373,1.695820990900994,77.33957964079745
0.05540439636572836,4.050735268891838,51.78537208150527
0.05526984581745936,5.007959152404659,52.77529619420275
0.0393549305671143,2.923049973253537,69.8210427329271
0.04540935748792001,5.224753597211234,51.893845701339565
0.0751925128611444,7.199806941786325,87.49615139541409
0.015041344686726247,4.3656875502783254,79.60471239134668
0.12839642158919956,0.7921462129529457,75.62393793037971
0.44400401671149525,0.11776824542139952,68.19760164716321
0.037876531384075124,7.22819843382497,63.951153601710025
0.10492668456926249,4.507445591442308,98.22945685108786
0.046286395857751905,7.617090791316916,76.15488567740803
0.03697663324023799,3.010076462268593,83.46826036333286
0.05485767762418831,1.519530149563125,78.4896394511473
0.15081759389452656,7.979269718566078,65.47332559743165
0.08327817027401103,0.4552027944871506,70.94470662435297
0.021925326094553388,6.3323945534024855,59.483273216502205
0.04794112727248101,5.0521787695521265,84.38119879874077
0.02067183501664554,4.609321304441922,72.22389094636715
0.0139718321672632,2.219958526453987,99.35295419444225
0.0772157445712806,4.384237580276272,77.29220599827987
0.024827786848784075,0.23437970185614532,74.57022523763617
0.039761890933882514,4.916358616005171,96.40672177340468
0.08369503396751701,5.719577338108843,89.89256660828137
0.022969492185400925,1.5533469870357683,88.88674249838903
0.012181985968743349,1.9515357368263238,94.55344873462758
0.17748302009103428,5.701857235787676,53.00767117147921
0.024682924090224313,7.016571090538691,70.3730305338987
0.18068403984732292,2.131797268292101,53.446682456224494
0.028310078064070467,4.554176961635334,61.059264947525065
0.12017704706517221,5.642403954797114,73.99589123006844
0.05161884275848071,5.976712540850375,87.52781886011923
0.15480941714337373,1.695820990900994,77.33957964079745
0.05540439636572836,4.050735268891838,51.78537208150527
0.05526984581745936,5.007959152404659,52.77529619420275
0.027744450508869367,2.5324018865410425,69.22130596132921
0.04540935748792001,5.224753597211234,51.893845701339565
0.0751925128611444,7.199806941786325,87.49615139541409
0.013189077776326478,4.339375114140793,82.19358938976477
0.11844894077107411,1.432982756161997,74.43985795925364
0.42708391360835085,0.5714639322580668,68.04038075268932
0.029369953322100212,7.1716286940709555,63.8365055311364
0.10412732760392422,4.579825539326226,97.94090862578943
0.04618734266245319,7.61186715916157,76.0870981581781
0.020105162380139693,1.1604025466594639,81.69003500650413
0.05485767762418831,1.519530149563125,78.4896394511473
0.15071050174400108,7.974530124096375,65.4765869042144
0.08327817027401103,0.4552027944871506,70.94470662435297
0.024298918130790156,4.782396359579597,63.455368556974705
0.04794112727248101,5.0521787695521265,84.38119879874077
0.02067183501664554,4.609321304441922,72.22389094636715
0.02146718601730061,2.476458112295418,96.73842407381188
0.0772157445712806,4.384237580276272,77.29220599827987
0.024827786848784075,0.23437970185614532,74.57022523763617
0.039761890933882514,4.916358616005171,96.40672177340468
0.08413823885226422,5.734497905830542,89.73132831657145
0.022969492185400925,1.5533469870357683,88.88674249838903
0.012181985968743349,1.9515357368263238,94.55344873462758
0.12985443429512797,5.370019036130383,58.84425337565722
0.03344284559107761,6.2767064331584095,75.64903803151893
0.12990729029815773,2.9095567793266586,52.773341293396705
0.02844673500012071,4.891662841510467,61.41735349233763
0.1599060049511228,7.000191491612572,66.43322745595955
0.06752835870359948,6.654552905210459,89.73613340102094
0.13998695686650744,3.384936378603773,75.90849974258846
0.05540439636572836,4.050735268891838,51.78537208150527
0.05526984581745936,5.007959152404659,52.77529619420275
0.027744450508869367,2.5324018865410425,69.22130596132921
0.04540935748792001,5.224753597211234,51.893845701339565
0.0751925128611444,7.199806941786325,87.49615139541409
0.011570712613602506,4.800379185613729,81.08607335141315
0.11844894077107411,1.432982756161997,74.43985795925364
0.42708391360835085,0.5714639322580668,68.04038075268932
0.029115785926700936,7.2267883902775605,63.03989884053208
0.10412732760392422,4.579825539326226,97.94090862578943
0.04618734266245319,7.61186715916157,76.0870981581781
0.020105162380139693,1.1604025466594639,81.69003500650413
0.05485767762418831,1.519530149563125,78.4896394511473
0.15071050174400108,7.974530124096375,65.4765869042144
0.08327817027401103,0.4552027944871506,70.94470662435297
0.024298918130790156,4.782396359579597,63.455368556974705
0.05739404309873371,4.253783677957548,90.07458940376205
0.02067183501664554,4.609321304441922,72.22389094636715
0.0122012050705773,1.2406867958210133,96.90642608365964
0.0772157445712806,4.384237580276272,77.29220599827987
0.024827786848784075,0.23437970185614532,74.57022523763617
0.039761890933882514,4.916358616005171,96.40672177340468
0.07690605185665256,5.240146346425803,89.63147008988253
0.022969492185400925,1.5533469870357683,88.88674249838903
0.012181985968743349,1.9515357368263238,94.55344873462758
0.17484977004925728,7.5702208113592535,52.10695954409671
0.0208522880008422,4.957672977478163,75.21626918848033
0.13437395182638132,3.9970581797453497,55.500857600248054
0.02844673500012071,4.891662841510467,61.41735349233763
0.1599060049511228,7.000191491612572,66.43322745595955
0.06003140073835729,7.0698246347067535,89.73830220150684
0.24978811207804796,4.2265846741624085,56.61087759777975
0.014199002089772608,4.681888062022535,51.238954905477
0.05666858923227526,5.161003170986835,51.62515643602977
0.027744450508869367,2.5324018865410425,69.22130596132921
0.04540935748792001,5.224753597211234,51.893845701339565
0.07775562256771812,6.967723210703726,88.42137102712648
0.011570712613602506,4.800379185613729,81.08607335141315
0.11844894077107411,1.432982756161997,74.43985795925364
0.42708391360835085,0.5714639322580668,68.04038075268932
0.029115785926700936,7.2267883902775605,63.03989884053208
0.10412732760392422,4.579825539326226,97.94090862578943
0.045850097028598526,7.848837710533103,75.99364772462677
0.020105162380139693,1.1604025466594639,81.69003500650413
0.058339415863099445,1.6685336038214402,78.94406582396948
0.15071050174400108,7.974530124096375,65.4765869042144
0.08327817027401103,0.4552027944871506,70.94470662435297
0.016552310276379656,4.637054335991756,64.40641831220337
0.051108165769713665,4.254672320742821,91.1679120228117
0.02067183501664554,4.609321304441922,72.22389094636715
0.0122012050705773,1.2406867958210133,96.90642608365964
0.0772157445712806,4.384237580276272,77.29220599827987
0.024827786848784075,0.23437970185614532,74.57022523763617
0.039761890933882514,4.916358616005171,96.40672177340468
0.06034804310561362,4.842989655716734,93.31524909668832
0.022969492185400925,1.5533469870357683,88.88674249838903
0.012181985968743349,1.9515357368263238,94.55344873462758
0.11750441888170386,6.53111997425735,52.0125447635058
0.02778031685486372,4.926238132578518,77.10683517883365
0.16910496618514442,3.4768239403817383,57.23313228877708
0.01820672067319086,4.978144529861047,61.98930284129097
0.18340694676240135,7.794652967016136,65.93745188040367
0.062496340907756055,7.3808611730223515,96.11800710448179
0.14118274472815673,4.488182541654968,67.76933047217017
0.014199002089772608,4.681888062022535,51.238954905477
0.05666858923227526,5.161003170986835,51.62515643602977
0.03032278313091652,4.563855031463441,64.49285775129604
0.050542728579561276,5.906330749404461,65.62436156687446
0.07775562256771812,6.967723210703726,88.42137102712648
0.011570712613602506,4.800379185613729,81.08607335141315
0.11844894077107411,1.432982756161997,74.43985795925364
0.3559589826926986,1.45271975459505,64.88842774573982
0.019126999970349043,7.279990596662536,57.82750277925106
0.09559591668198852,4.527504536421667,96.85105327549996
0.045850097028598526,7.848837710533103,75.99364772462677
0.020105162380139693,1.1604025466594639,81.69003500650413
0.05714461930151024,2.095833117303435,80.96377323543499
0.15071050174400108,7.974530124096375,65.4765869042144
0.08327817027401103,0.4552027944871506,70.94470662435297
0.019216521547554877,5.186233468328285,64.11663412508521
0.05295650301939224,4.427049925161873,91.28368391716658
0.02067183501664554,4.609321304441922,72.22389094636715
0.011783594948163842,1.0058149644074064,98.85834786490359
0.022842110472251098,1.7280310616620698,86.03375674270069
0.024827786848784075,0.23437970185614532,74.57022523763617
0.039761890933882514,4.916358616005171,96.40672177340468
0.06402008220023295,4.8461974432377,94.23588191891659
0.021092749596356368,1.455407448218097,89.287875470584
0.012181985968743349,1.9515357368263238,94.55344873462758
0.11750441888170386,6.53111997425735,52.0125447635058
0.02778031685486372,4.926238132578518,77.10683517883365
0.16910496618514442,3.4768239403817383,57.23313228877708
0.01820672067319086,4.978144529861047,61.98930284129097
0.18260789274071854,7.553415144741541,65.45114010434365
0.06161776993929608,7.376806001560216,95.24739648615098
0.14357301500330505,4.281952901485166,69.35994024566243
0.014199002089772608,4.681888062022535,51.238954905477
0.05666858923227526,5.161003170986835,51.62515643602977
0.03032278313091652,4.563855031463441,64.49285775129604
0.050542728579561276,5.906330749404461,65.62436156687446
0.07775562256771812,6.967723210703726,88.42137102712648
0.01150657999913481,5.099269652609146,79.67312448642554
0.16180967755286435,1.2991689703402596,69.18165630302789
0.2760024850564019,1.5687355999956876,71.78799113474483
0.017535816429727027,7.421395859108923,56.21732461387462
0.10041377133535895,4.537257321715201,97.57191907652884
0.045850097028598526,7.848837710533103,75.99364772462677
0.026844366087933502,1.460990167273153,83.04348804161103
0.07084559001227995,2.3828922584595955,80.02338136988435
0.15071050174400108,7.974530124096375,65.4765869042144
0.08290421650067997,0.8961915759447798,72.12812140793386
0.018150949925307622,5.217110357097308,64.03807476412835
0.05111301903304752,4.437457787148967,90.19535235613813
0.024672593938405752,5.86177694432059,61.7013036734618
0.011783594948163842,1.0058149644074064,98.85834786490359
0.022842110472251098,1.7280310616620698,86.03375674270069
0.033519795874290284,2.1515782789975177,71.54639852314106
0.039761890933882514,4.916358616005171,96.40672177340468
0.04480055982119656,5.040178870969404,92.64408410144607
0.010013100945518896,0.8721055319871285,93.5715640597304
0.012181985968743349,1.9515357368263238,94.55344873462758
0.11750441888170386,6.53111997425735,52.0125447635058
0.02778031685486372,4.926238132578518,77.10683517883365
0.10732593207059293,2.633101973998091,70.61250811465094
0.019941530429406766,5.1063842253513325,66.64277540768532
0.181113728325014,7.5014543899024275,65.990337523385
0.06127549535283128,7.333048312725185,95.2721974764378
0.17973364358258134,4.92331593932112,62.42633823514255
0.014199002089772608,4.681888062022535,51.238954905477
0.05666858923227526,5.161003170986835,51.62515643602977
0.03601460945657099,4.6900052517970225,79.46921450906257
0.05273950523324525,6.237693742231674,55.28744913000113
0.07775562256771812,6.967723210703726,88.42137102712648
0.01150657999913481,5.099269652609146,79.67312448642554
0.16180967755286435,1.2991689703402596,69.18165630302789
0.27881241822273517,1.3930504728158803,71.95967658759135
0.022141269321645795,7.012118576984905,60.877754727008245
0.10041377133535895,4.537257321715201,97.57191907652884
0.045850097028598526,7.848837710533103,75.99364772462677
0.026844366087933502,1.460990167273153,83.04348804161103
0.07084559001227995,2.3828922584595955,80.02338136988435
0.13101674642443445,7.83327463203724,72.03763595965893
0.10964820629983851,2.694908197540638,70.45670662795384
0.018150949925307622,5.217110357097308,64.03807476412835
0.0443862644832997,4.641642248202157,86.20635809088797
0.024672593938405752,5.86177694432059,61.7013036734618
0.01580087133643559,1.7768104475433208,91.41165329317379
0.025668482652299318,0.7620939380938654,97.41196184798238
0.03300682315148089,2.2836783059375105,71.29079773049509
0.04198868097078785,4.822410984981507,95.18821596384333
0.04480055982119656,5.040178870969404,92.64408410144607
0.010013100945518896,0.8721055319871285,93.5715640597304
0.012181985968743349,1.9515357368263238,94.55344873462758
0.11750441888170386,6.53111997425735,52.0125447635058
0.028922792641494863,5.111021744760192,77.03645304356775
0.07043896636354849,2.865862516246432,70.35544807231616
0.02258137800505682,4.968424537981807,66.09607308993506
0.181113728325014,7.5014543899024275,65.990337523385
0.06127549535283128,7.333048312725185,95.2721974764378
0.17973364358258134,4.92331593932112,62.42633823514255
0.014199002089772608,4.681888062022535,51.238954905477
0.05310198774608069,5.140853348987417,53.13927246330995
0.03531525391498234,4.807063062416019,78.53201839779081
0.05273950523324525,6.237693742231674,55.28744913000113
0.07575710214773632,6.858668218681535,87.99275019905545
0.011570164183960344,4.802935145529297,81.07399052823729
0.1701344757274642,1.9464263568191473,67.29104308142475
0.27881241822273517,1.3930504728158803,71.95967658759135
0.022141269321645795,7.012118576984905,60.877754727008245
0.06761556093470007,5.574288438320538,82.19611158539892
0.045850097028598526,7.848837710533103,75.99364772462677
0.026844366087933502,1.460990167273153,83.04348804161103
0.091510364459777,1.7074225892084103,86.28406457826625
0.1321026267466399,7.937918640619762,73.64689627484205
0.0688697044690467,1.525712054782904,75.83675349962499
0.018150949925307622,5.217110357097308,64.03807476412835
0.04384414910495642,4.609416947056758,88.22548921953954
0.023651636463214123,7.930601778329098,51.66827020246994
0.015340842838410085,1.7674611338743762,91.89314955862342
0.025668482652299318,0.7620939380938654,97.41196184798238
0.03216636613177301,2.109411894727158,74.28244355940315
0.042795504429491406,4.840292935565101,97.31113315539875
0.04480055982119656,5.040178870969404,92.64408410144607
0.018274437014201998,1.0772774239640812,91.73165758807676
0.012181985968743349,1.9515357368263238,94.55344873462758
0.11750441888170386,6.53111997425735,52.0125447635058
0.018438968589435032,5.157798109204834,66.73099535368273
0.040215965733749526,3.384083064256799,70.74370716454266
0.02258137800505682,4.968424537981807,66.09607308993506
0.181113728325014,7.5014543899024275,65.990337523385
0.06127549535283128,7.333048312725185,95.2721974764378
0.22072137960103555,5.879584435193855,55.802443922930614
0.014199002089772608,4.681888062022535,51.238954905477
0.05333597569792274,5.173645490642834,52.87278884016585
0.032724823068792847,4.802273217952526,75.55896885568639
0.05273950523324525,6.237693742231674,55.28744913000113
0.0872351500124805,7.561516676048746,84.74785756644735
0.011570164183960344,4.802935145529297,81.07399052823729
0.13831920104951928,2.2984889154332477,68.1365535185471
0.1915247945568485,3.629472990873049,65.01821547439675
0.02159942719919658,6.768375917043893,61.30689193294303
0.08505111550352273,7.574505932364522,75.87155220182879
0.045850097028598526,7.848837710533103,75.99364772462677
0.029653405519667407,1.8546617996623662,79.84433612190718
0.09204941912467209,1.2177869261652354,87.15303764430074
0.1321026267466399,7.937918640619762,73.64689627484205
0.05556143116294242,1.625680409318378,80.23077220710113
0.016938843315060778,5.2851475128300365,63.475033602036305
0.04384414910495642,4.609416947056758,88.22548921953954
0.0310960947148288,7.497335824807788,52.59452666505713
0.015340842838410085,1.7674611338743762,91.89314955862342
0.025668482652299318,0.7620939380938654,97.41196184798238
0.03216636613177301,2.109411894727158,74.28244355940315
0.042795504429491406,4.840292935565101,97.31113315539875
0.04489346963448849,5.060954245689649,92.62093017898805
0.019458154021212454,1.1652245417634854,90.24482798868144
0.012181985968743349,1.9515357368263238,94.55344873462758
0.0658856421395082,5.607111416076419,51.626003927490956
0.018438968589435032,5.157798109204834,66.73099535368273
0.040215965733749526,3.384083064256799,70.74370716454266
0.025770509923210585,4.789414322928648,67.57747128220832
0.181113728325014,7.5014543899024275,65.990337523385
0.055869357294379515,6.583247621444996,94.39726800884314
0.23474601748446555,6.143752560091253,53.196371273360256
0.014199002089772608,4.681888062022535,51.238954905477
0.05333597569792274,5.173645490642834,52.87278884016585
0.040561796122739566,4.802027999695353,73.51586920208231
0.05273950523324525,6.237693742231674,55.28744913000113
0.0754525311298665,7.194028070272199,88.37267670322156
0.011570164183960344,4.802935145529297,81.07399052823729
0.12939154002629166,2.600529973371195,66.53306393077115
0.1847024595525703,3.2326018161646073,66.8842566468764
0.02159942719919658,6.768375917043893,61.30689193294303
0.0753960015196346,7.6667875445592335,77.33406998682004
0.045850097028598526,7.848837710533103,75.99364772462677
0.029653405519667407,1.8546617996623662,79.84433612190718
0.10397773982042602,0.7192618739707632,90.92928143205197
0.13200691708070428,7.934549704656506,73.61506739796592
0.050942001926214286,1.9593171610854507,80.31931676680799
0.012736940088054878,5.683275330984794,61.652110902169866
0.04384414910495642,4.609416947056758,88.22548921953954
0.0310960947148288,7.497335824807788,52.59452666505713
0.015340842838410085,1.7674611338743762,91.89314955862342
0.025668482652299318,0.7620939380938654,97.41196184798238
0.029021856485053052,1.4362284641092442,70.52796022265693
0.042795504429491406,4.840292935565101,97.31113315539875
0.04126295431291226,4.750799083729911,94.44042438869613
0.0259300840579711,0.4658246646757269,86.41244096551095
0.012181985968743349,1.9515357368263238,94.55344873462758
0.0658856421395082,5.607111416076419,51.626003927490956
0.018438968589435032,5.157798109204834,66.73099535368273
0.03461189932692378,3.6616574679994836,72.76465232367359
0.024835297442084053,4.776378527102779,68.07635646931864
0.181113728325014,7.5014543899024275,65.990337523385
0.055869357294379515,6.583247621444996,94.39726800884314
0.22367820310217704,6.068595432613655,55.74001644657959
0.014199002089772608,4.681888062022535,51.238954905477
0.05333597569792274,5.173645490642834,52.87278884016585
0.028204161924446296,4.409160093605513,84.1977753996718
0.05273950523324525,6.237693742231674,55.28744913000113
0.0754525311298665,7.194028070272199,88.37267670322156
0.011570164183960344,4.802935145529297,81.07399052823729
0.15083451517050284,0.5885927248934664,62.2437150179202
0.2955845468380857,1.9486772325410833,66.98646749299148
0.02159942719919658,6.768375917043893,61.30689193294303
0.0753960015196346,7.6667875445592335,77.33406998682004
0.045850097028598526,7.848837710533103,75.99364772462677
0.02904039335255995,1.7017387684262197,79.07362746999796
0.10397773982042602,0.7192618739707632,90.92928143205197
0.13200691708070428,7.934549704656506,73.61506739796592
0.0608448495117611,1.2440872631107895,80.12950039894703
0.012736940088054878,5.683275330984794,61.652110902169866
0.0433686131679641,4.610579451649583,87.63219055105503
0.0310960947148288,7.497335824807788,52.59452666505713
0.012338628490379058,1.4723666010091065,94.87315477469798
0.025668482652299318,0.7620939380938654,97.41196184798238
0.02798301852693262,1.154938189090268,68.49863443854787
0.042795504429491406,4.840292935565101,97.31113315539875
0.04126295431291226,4.750799083729911,94.44042438869613
0.025671445745303494,1.4841732281879287,82.08062517035412
0.012181985968743349,1.9515357368263238,94.55344873462758
0.0658856421395082,5.607111416076419,51.626003927490956
0.018438968589435032,5.157798109204834,66.73099535368273
0.03461189932692378,3.6616574679994836,72.76465232367359
0.024835297442084053,4.776378527102779,68.07635646931864
0.181113728325014,7.5014543899024275,65.990337523385
0.055869357294379515,6.583247621444996,94.39726800884314
0.21284439958427515,6.079312595458874,55.71133350089461
0.014199002089772608,4.681888062022535,51.238954905477
0.050526652673986885,4.946789827390667,55.857324310217756
0.031005157545038173,4.927639081124591,82.31308044113993
0.05064521708468499,6.225575792327165,55.00458162036052
0.0756114227698105,7.212252827580974,88.39275972027404
0.012018475663589783,5.14118914077707,73.61150217739655
0.11282479854194366,1.5936150195549654,65.6845070079812
0.2955845468380857,1.9486772325410833,66.98646749299148
0.02172324651580907,6.5856077688613865,62.40555110204273
0.06700392020323667,6.748933114008265,70.08681163485132
0.045850097028598526,7.848837710533103,75.99364772462677
0.02904039335255995,1.7017387684262197,79.07362746999796
0.14383593263620037,0.3917009342683375,89.21390399276163
0.13200691708070428,7.934549704656506,73.61506739796592
0.0608448495117611,1.2440872631107895,80.12950039894703
0.012736940088054878,5.683275330984794,61.652110902169866
0.0433686131679641,4.610579451649583,87.63219055105503
0.0310960947148288,7.497335824807788,52.59452666505713
0.012371945451668254,1.4728241564642166,94.84163761205427
0.025668482652299318,0.7620939380938654,97.41196184798238
0.02549559654768611,1.8937436059287172,67.3816132193478
0.042795504429491406,4.840292935565101,97.31113315539875
0.03260182397226449,3.6642156416725373,94.46601474324211
0.025671445745303494,1.4841732281879287,82.08062517035412
0.012181985968743349,1.9515357368263238,94.55344873462758
0.05516023561238682,4.939913230110583,58.87555505546499
0.018438968589435032,5.157798109204834,66.73099535368273
0.02504926289254114,3.9479443275935,71.32450944885639
0.024835297442084053,4.776378527102779,68.07635646931864
0.13640018559687475,6.721770364792202,66.58717802622178
0.055869357294379515,6.583247621444996,94.39726800884314
0.21284439958427515,6.079312595458874,55.71133350089461
0.014199002089772608,4.681888062022535,51.238954905477
0.050526652673986885,4.946789827390667,55.857324310217756
0.03517044300599334,5.699931603952641,79.51243518635191
0.06801195145146477,6.009387905505056,50.56053204431483
0.07348596734395485,6.937749060341115,88.77659599531354
0.01396915960300249,5.171435189316524,72.80845938368196
0.10944910688622772,1.8893455199311466,67.38628344233234
0.2955845468380857,1.9486772325410833,66.98646749299148
0.023052433351369337,7.2205225463764275,57.944369780823465
0.06700392020323667,6.748933114008265,70.08681163485132
0.045850097028598526,7.848837710533103,75.99364772462677
0.02904039335255995,1.7017387684262197,79.07362746999796
0.14383593263620037,0.3917009342683375,89.21390399276163
0.13200691708070428,7.934549704656506,73.61506739796592
0.05775173463833187,1.860368751590161,83.07391547808389
0.014872383446491142,5.331924444770321,64.3103347955153
0.05180388982795258,5.464472336152051,85.67024802608168
0.0310960947148288,7.497335824807788,52.59452666505713
0.012371945451668254,1.4728241564642166,94.84163761205427
0.025668482652299318,0.7620939380938654,97.41196184798238
0.02549559654768611,1.8937436059287172,67.3816132193478
0.042795504429491406,4.840292935565101,97.31113315539875
0.03260182397226449,3.6642156416725373,94.46601474324211
0.03573231497545789,2.7656851975066337,79.161172823644
0.012156472439481624,2.015831668387284,94.51474197861879
0.0509254551884357,4.905794407232085,72.03930534758653
0.018438968589435032,5.157798109204834,66.73099535368273
0.021068380574736183,4.3124784953421065,72.02318165906381
0.027808722960670842,4.599070145242258,68.70176694540595
0.09678826767635806,5.221402638782377,75.49116473821665
0.050912677743642915,5.961406624301896,94.41191311659298
0.2066883227449544,6.386642344478222,54.87243493069913
0.014199002089772608,4.681888062022535,51.238954905477
0.050526652673986885,4.946789827390667,55.857324310217756
0.03517044300599334,5.699931603952641,79.51243518635191
0.06573582239325974,5.932864371076147,55.49105653439311
0.07946661877367475,6.381250817284728,88.81377279688411
0.01396915960300249,5.171435189316524,72.80845938368196
0.10828887257511532,1.8456545634970258,67.59866701575625
0.39200452106543116,0.2773378673026796,71.80871408599731
0.015834125644886225,7.661394499272369,50.98354256952167
0.06700392020323667,6.748933114008265,70.08681163485132
0.045850097028598526,7.848837710533103,75.99364772462677
0.02904039335255995,1.7017387684262197,79.07362746999796
0.0867063053627531,1.2866984139441084,91.39547309074547
0.13200691708070428,7.934549704656506,73.61506739796592
0.06584709834295323,0.24742419640305613,75.36773192578727
0.011814260178504591,5.8350866176818,60.503548580539196
0.04734888302564183,7.119506150236479,88.93857372662943
0.020208454004306133,7.989066107684849,51.68411602853634
0.012735271053500953,0.5572174683363962,95.39284145679171
0.028548704682096103,1.7017065131897482,88.74830957779199
0.0245970389557182,1.8649238541571966,69.26176175523636
0.042795504429491406,4.840292935565101,97.31113315539875
0.03260182397226449,3.6642156416725373,94.46601474324211
0.031537819546435725,2.6768431123420346,79.75710976319888
0.011981272962785486,2.4573469698422707,94.24894561121782
0.08047393419712512,6.76352754150088,55.187979896253474
0.018438968589435032,5.157798109204834,66.73099535368273
0.021068380574736183,4.3124784953421065,72.02318165906381
0.03846067259939069,4.534250867382302,82.36942377424707
0.09751511859775498,5.184125107878542,75.62305142924725
0.050912677743642915,5.961406624301896,94.41191311659298
0.2066883227449544,6.386642344478222,54.87243493069913
0.014199002089772608,4.681888062022535,51.238954905477
0.05253775538022196,5.250524920080638,53.68429039980384
0.028179270906659566,6.942551349826445,80.45700797230246
0.05047942576169758,4.3854653492493005,66.97692680734508
0.07946661877367475,6.381250817284728,88.81377279688411
0.01396915960300249,5.171435189316524,72.80845938368196
0.10828887257511532,1.8456545634970258,67.59866701575625
0.39200452106543116,0.2773378673026796,71.80871408599731
0.015834125644886225,7.661394499272369,50.98354256952167
0.10380525028133394,6.565405156007833,60.25705076633881
0.045850097028598526,7.848837710533103,75.99364772462677
0.027944626288519334,1.646011867129824,79.12884532686242
0.08535772874740294,2.471788886158862,83.5608019319038
0.21323524579972045,7.894940248641547,89.54922675881011
0.06584709834295323,0.24742419640305613,75.36773192578727
0.0511512886867026,5.260044741214356,61.67325665444056
0.04734888302564183,7.119506150236479,88.93857372662943
0.020208454004306133,7.989066107684849,51.68411602853634
0.012735271053500953,0.5572174683363962,95.39284145679171
0.022840482707121502,0.8030577364187996,95.5860415839722
0.0245970389557182,1.8649238541571966,69.26176175523636
0.042795504429491406,4.840292935565101,97.31113315539875
0.03260182397226449,3.6642156416725373,94.46601474324211
0.030950897446611548,2.7447142457137117,78.79176507495586
0.011981272962785486,2.4573469698422707,94.24894561121782
0.08047393419712512,6.76352754150088,55.187979896253474
0.018438968589435032,5.157798109204834,66.73099535368273
0.01463900497454701,4.230496323264379,68.19850596280058
0.0331967014560218,4.467128985737191,79.23801821485159
0.08593700915242071,5.050899526275112,74.58581408504452
0.050912677743642915,5.961406624301896,94.41191311659298
0.2066883227449544,6.386642344478222,54.87243493069913
0.014199002089772608,4.681888062022535,51.238954905477
0.05253775538022196,5.250524920080638,53.68429039980384
0.028179270906659566,6.942551349826445,80.45700797230246
0.06935746667717517,5.971563695468863,55.555636035863614
0.0723589222954014,6.524241800236345,84.58816759208592
0.01396915960300249,5.171435189316524,72.80845938368196
0.09351132491816874,3.1245289731395673,72.77345438848312
0.39200452106543116,0.2773378673026796,71.80871408599731
0.028527487121522685,7.625574355989757,52.977557341469534
0.10380525028133394,6.565405156007833,60.25705076633881
0.045850097028598526,7.848837710533103,75.99364772462677
0.027944626288519334,1.646011867129824,79.12884532686242
0.08902373209302743,2.889741982778128,85.10026126411013
0.24568939916566174,7.879114595442431,95.91559745496261
0.050009982353048384,1.3254925402790785,72.72728057296473
0.0511512886867026,5.260044741214356,61.67325665444056
0.05015549096971001,6.8766174679671295,87.95575846618723
0.020208454004306133,7.989066107684849,51.68411602853634
0.012735271053500953,0.5572174683363962,95.39284145679171
0.022840482707121502,0.8030577364187996,95.5860415839722
0.022795621744860002,1.6663257354293448,73.23022388505852
0.042795504429491406,4.840292935565101,97.31113315539875
0.026442785532348564,2.700982550326721,94.75335001369568
0.030950897446611548,2.7447142457137117,78.79176507495586
0.011402869391279054,3.9149656343044814,93.37144545484011
0.08047393419712512,6.76352754150088,55.187979896253474
0.021075598735542843,6.2603726642444695,55.495616450302016
0.012786244555978382,3.8593966542189344,66.52113364027593
0.03420479249952908,4.494017445293717,79.15506566300184
0.13983547945352645,7.311467786097233,70.46305803838095
0.04222387528054643,6.661704418700468,96.53484319377299
0.17708679785402595,6.2971725682592545,55.01969822679374
0.014199002089772608,4.681888062022535,51.238954905477
0.05253775538022196,5.250524920080638,53.68429039980384
0.028179270906659566,6.942551349826445,80.45700797230246
0.06439345050404838,4.639954064608544,60.58525434635857
0.07182240469581008,6.475271025645027,84.51306446953632
0.014620117116791375,5.490147505618734,67.59251372492218
0.09351132491816874,3.1245289731395673,72.77345438848312
0.39200452106543116,0.2773378673026796,71.80871408599731
0.034083294765671915,7.400510195506872,53.32836107621081
0.12389177356463785,6.394836556500354,64.62114277423032
0.045850097028598526,7.848837710533103,75.99364772462677
0.0317482664517858,2.982068801664885,83.76537436317786
0.0846971208036508,3.016360198651335,84.6310338292847
0.24568939916566174,7.879114595442431,95.91559745496261
0.05240728333089173,1.4246350390011826,72.72982515036317
0.0757361731544862,5.105189322253234,57.68969289343699
0.05172488489030111,7.310829585616918,85.96088142641695
0.020208454004306133,7.989066107684849,51.68411602853634
0.012735271053500953,0.5572174683363962,95.39284145679171
0.022840482707121502,0.8030577364187996,95.5860415839722
0.022795621744860002,1.6663257354293448,73.23022388505852
0.042795504429491406,4.840292935565101,97.31113315539875
0.026442785532348564,2.700982550326721,94.75335001369568
0.03130959079159025,2.617017523331848,79.63793426130482
0.011402869391279054,3.9149656343044814,93.37144545484011
0.08047393419712512,6.76352754150088,55.187979896253474
0.021075598735542843,6.2603726642444695,55.495616450302016
0.012786244555978382,3.8593966542189344,66.52113364027593
0.04497519083284645,4.813138924886758,85.50808645411408
0.14885244422043625,7.520046216568243,71.3567610614543
0.04222387528054643,6.661704418700468,96.53484319377299
0.1564899165407277,6.292314178223052,55.082529813371
0.014199002089772608,4.681888062022535,51.238954905477
0.05253775538022196,5.250524920080638,53.68429039980384
0.03134940862502557,6.992135647222291,81.19803926781779
0.060662516858514114,3.6391218752635925,64.36549428199939
0.07182240469581008,6.475271025645027,84.51306446953632
0.024082740422303593,5.328513559856999,66.26033339077681
0.11292057324773982,3.7414145989164096,67.33836218396625
0.39200452106543116,0.2773378673026796,71.80871408599731
0.034083294765671915,7.400510195506872,53.32836107621081
0.09020339759342902,5.721177250658935,73.53690579054948
0.045850097028598526,7.848837710533103,75.99364772462677
0.050426686198140065,2.125607825835064,74.9463659442329
0.0675867456864935,4.484889534425132,89.42649132354961
0.24568939916566174,7.879114595442431,95.91559745496261
0.05240728333089173,1.4246350390011826,72.72982515036317
0.0757361731544862,5.105189322253234,57.68969289343699
0.05172488489030111,7.310829585616918,85.96088142641695
0.020208454004306133,7.989066107684849,51.68411602853634
0.012735271053500953,0.5572174683363962,95.39284145679171
0.022840482707121502,0.8030577364187996,95.5860415839722
0.01948066477381943,0.740144595671965,58.970002143839906
0.042795504429491406,4.840292935565101,97.31113315539875
0.027550106403767833,2.99470316500544,93.68297971071416
0.03130959079159025,2.617017523331848,79.63793426130482
0.011402869391279054,3.9149656343044814,93.37144545484011
0.08208519079201926,6.8885725252807815,54.24298483655771
0.021075598735542843,6.2603726642444695,55.495616450302016
0.021205618160788354,4.109722884688644,71.47981113510644
0.04500750436761766,4.8174045640977425,85.49817912876495
0.14885244422043625,7.520046216568243,71.3567610614543
0.04222387528054643,6.661704418700468,96.53484319377299
0.09358749132787522,3.7087825245488264,74.14560435792993
0.010955096347540745,2.8966713724669315,50.99865666466436
0.05253775538022196,5.250524920080638,53.68429039980384
0.03285565990246368,7.785570034718349,84.01897884934992
0.060662516858514114,3.6391218752635925,64.36549428199939
0.07182240469581008,6.475271025645027,84.51306446953632
0.02435962880359671,5.604577265086888,66.69896329872277
0.1626402638675942,0.6965606204360979,60.922154284948455
0.40984916116906267,0.26416951592002064,70.69907953197851
0.03045377915602713,6.730149178349584,58.31915463763438
0.09750180672898454,5.419660058107172,71.18038910342287
0.045850097028598526,7.848837710533103,75.99364772462677
0.06433050859165651,1.181536125535167,76.59580470950579
0.06006848563847248,5.199389924391265,88.25592368720335
0.24568939916566174,7.879114595442431,95.91559745496261
0.05190591366457542,1.4993541652323819,72.62201965842037
0.0757361731544862,5.105189322253234,57.68969289343699
0.05172488489030111,7.310829585616918,85.96088142641695
0.020208454004306133,7.989066107684849,51.68411602853634
0.012735271053500953,0.5572174683363962,95.39284145679171
0.022840482707121502,0.8030577364187996,95.5860415839722
0.01948066477381943,0.740144595671965,58.970002143839906
0.042795504429491406,4.840292935565101,97.31113315539875
0.027550106403767833,2.99470316500544,93.68297971071416
0.029511300227886172,2.231849836816366,83.02428033473454
0.011402613174912984,3.915611318003066,93.37105674717583
0.12489777273162608,7.329402518049299,53.36396906549787
0.021075598735542843,6.2603726642444695,55.495616450302016
0.021205618160788354,4.109722884688644,71.47981113510644
0.039044816349974615,3.737588876872541,88.21170454081839
0.14885244422043625,7.520046216568243,71.3567610614543
0.04222387528054643,6.661704418700468,96.53484319377299
0.12188183972136557,3.5520534190638093,75.18767302638587
0.010955096347540745,2.8966713724669315,50.99865666466436
0.05253775538022196,5.250524920080638,53.68429039980384
0.03285565990246368,7.785570034718349,84.01897884934992
0.06190922332446421,3.1577362342548803,55.300605171776375
0.04869792402405164,7.825623641654825,88.82084049764424
0.02435962880359671,5.604577265086888,66.69896329872277
0.13492871056420813,0.7049972160997323,60.544274153562974
0.40984916116906267,0.26416951592002064,70.69907953197851
0.03045377915602713,6.730149178349584,58.31915463763438
0.08579627273588467,3.9241049684537592,73.09138852229799
0.045850097028598526,7.848837710533103,75.99364772462677
0.06433050859165651,1.181536125535167,76.59580470950579
0.05731983494118042,4.929817898274609,88.67036614956092
0.21849650861106296,7.206489409291473,92.03390329236939
0.05190591366457542,1.4993541652323819,72.62201965842037
0.08360175747265847,4.697955018298836,58.535796489833224
0.05975848971311476,7.5301391494267405,96.40052252525521
0.0202671195350448,7.977054974946592,51.72286781628739
0.012735271053500953,0.5572174683363962,95.39284145679171
0.022840482707121502,0.8030577364187996,95.5860415839722
0.038705822589865505,0.7342916259272584,59.23216013555906
0.042795504429491406,4.840292935565101,97.31113315539875
0.027550106403767833,2.99470316500544,93.68297971071416
0.02821716455102749,2.2782154228800473,80.79076843583874
0.0343920525087796,5.634036755611256,94.81133091249181
0.12489777273162608,7.329402518049299,53.36396906549787
0.02321499167609437,6.194257385391744,55.395204319493075
0.010972733478365814,6.08343690410659,78.64137320810073
0.039044816349974615,3.737588876872541,88.21170454081839
0.14885244422043625,7.520046216568243,71.3567610614543
0.04222387528054643,6.661704418700468,96.53484319377299
0.12188183972136557,3.5520534190638093,75.18767302638587
0.010955096347540745,2.8966713724669315,50.99865666466436
0.05406172624925931,5.240977406130406,53.94741682413431
0.03285565990246368,7.785570034718349,84.01897884934992
0.05700123839915375,3.0308343627969743,54.14925707155974
0.04869792402405164,7.825623641654825,88.82084049764424
0.02435962880359671,5.604577265086888,66.69896329872277
0.13492871056420813,0.7049972160997323,60.544274153562974
0.2375466420088529,3.8402284459915887,83.34844078281472
0.023325622270276906,5.328740094117484,55.6429914041653
0.0879259030573024,3.700138329653573,72.18843949547792
0.045850097028598526,7.848837710533103,75.99364772462677
0.051187739767997065,1.0225044750307384,81.38394253631037
0.015486907367624952,3.7460120995393704,96.58316130957009
0.21849650861106296,7.206489409291473,92.03390329236939
0.05190591366457542,1.4993541652323819,72.62201965842037
0.09610618237048245,5.645851962780272,50.325228693510674
0.05975848971311476,7.5301391494267405,96.40052252525521
0.0202671195350448,7.977054974946592,51.72286781628739
0.012735271053500953,0.5572174683363962,95.39284145679171
0.024206051367893167,0.19546819526854087,97.53578855412155
0.038676044298669776,0.783689461336615,59.64666784701988
0.04280109684465745,4.822473534261483,97.31872782715868
0.026789391111654178,2.792920855141867,94.41831043437219
0.03769687831527531,0.18638587514960125,81.97234708226327
0.03579450482765368,5.563742540246591,99.75710681627248
0.12489777273162608,7.329402518049299,53.36396906549787
0.02321499167609437,6.194257385391744,55.395204319493075
0.01260256171859054,6.131768145776261,79.23466857366175
0.046505198077774854,3.114160902588773,90.75509703969887
0.12364630831571718,6.8067523693889305,76.12456005995128
0.04222387528054643,6.661704418700468,96.53484319377299
0.12033646110189489,3.8892821567044344,76.92215754815578
0.010955096347540745,2.8966713724669315,50.99865666466436
0.059059901757834585,5.013557611509174,56.63969643524305
0.03285565990246368,7.785570034718349,84.01897884934992
0.04906976871126299,2.528688511614546,54.240992063302386
0.04869792402405164,7.825623641654825,88.82084049764424
0.02435962880359671,5.604577265086888,66.69896329872277
0.13492871056420813,0.7049972160997323,60.544274153562974
0.22447655332615638,4.21902930282501,79.16125118758657
0.050522225012624225,5.864430447408962,55.03276837645399
0.07101612443983911,4.954604294061449,75.82110552233176
0.045850097028598526,7.848837710533103,75.99364772462677
0.051187739767997065,1.0225044750307384,81.38394253631037
0.015486907367624952,3.7460120995393704,96.58316130957009
0.2191603560640474,7.209239832691518,92.36213585586887
0.05190591366457542,1.4993541652323819,72.62201965842037
0.13354228846229654,6.854510842560121,50.02916058503685
0.05975848971311476,7.5301391494267405,96.40052252525521
0.0202671195350448,7.977054974946592,51.72286781628739
0.012735271053500953,0.5572174683363962,95.39284145679171
0.024206051367893167,0.19546819526854087,97.53578855412155
0.03742081730520183,0.4440048131571479,55.18866422233888
0.04280109684465745,4.822473534261483,97.31872782715868
0.026789391111654178,2.792920855141867,94.41831043437219
0.03769687831527531,0.18638587514960125,81.97234708226327
0.03579450482765368,5.563742540246591,99.75710681627248
0.12639784239238275,7.3247798246977895,52.37289539755209
0.02321499167609437,6.194257385391744,55.395204319493075
0.01216789308112618,6.491299719354243,76.62026426254805
0.047330935965855234,3.125842590848942,90.38496348941636
0.10340820655413782,6.17514943546609,70.81051078926004
0.04182705165255939,7.926124041333459,95.99594450480514
0.12033646110189489,3.8892821567044344,76.92215754815578
0.010955096347540745,2.8966713724669315,50.99865666466436
0.04167652564578674,4.248589759216079,54.60122407975555
0.03285565990246368,7.785570034718349,84.01897884934992
0.04906976871126299,2.528688511614546,54.240992063302386
0.04878898908735682,7.826748271225151,88.86573654921952
0.02435962880359671,5.604577265086888,66.69896329872277
0.13492871056420813,0.7049972160997323,60.544274153562974
0.15110432273806942,3.764628361771412,69.4837583091936
0.0506255486475777,5.53847883417018,56.34620357446626
0.05826308922798809,5.714134850999914,69.76530847596038
0.045850097028598526,7.848837710533103,75.99364772462677
0.04276094112440001,2.461748737265404,76.77134184725101
0.015486907367624952,3.7460120995393704,96.58316130957009
0.2067068620097759,6.9233411673586716,92.49524616123264
0.051800451891604544,1.8320508909172406,71.28140475722087
0.13621371602124407,6.384497113884325,52.98847313917791
0.05975848971311476,7.5301391494267405,96.40052252525521
0.0202671195350448,7.977054974946592,51.72286781628739
0.012735271053500953,0.5572174683363962,95.39284145679171
0.024206051367893167,0.19546819526854087,97.53578855412155
0.03742081730520183,0.4440048131571479,55.18866422233888
0.04280109684465745,4.822473534261483,97.31872782715868
0.026789391111654178,2.792920855141867,94.41831043437219
0.03786336373897403,0.95134548590854,78.11757475813212
0.03579450482765368,5.563742540246591,99.75710681627248
0.12639784239238275,7.3247798246977895,52.37289539755209
0.02321499167609437,6.194257385391744,55.395204319493075
0.011115839432355817,7.361494785732549,70.29247026546294
0.04655055292750191,3.37705522711373,90.04176406345933
0.08711396754528442,6.057537713908009,69.96299981039733
0.04182705165255939,7.926124041333459,95.99594450480514
0.19385678104405052,0.10897214042099712,59.060465180359664
0.010955096347540745,2.8966713724669315,50.99865666466436
0.03851366594004128,3.9393242984219317,63.06059937071326
0.03285565990246368,7.785570034718349,84.01897884934992
0.04139782457787398,2.602758253669872,53.58835583432783
0.04878898908735682,7.826748271225151,88.86573654921952
0.032756012515810916,7.300765998676848,76.53338306167541
0.1364724673938261,0.636001809290411,59.92805484946919
0.14798269168812336,3.823932803643174,69.13987295755486
0.05251340417738977,5.2997500717229,53.406275104610174
0.05839986995762523,5.880240449756601,72.20156822573261
0.045850097028598526,7.848837710533103,75.99364772462677
0.06502755481740402,2.750008780671831,75.15640036636267
0.032318927188679195,3.313334391242475,91.48354877444064
0.2067068620097759,6.9233411673586716,92.49524616123264
0.05043098554888398,2.668839535666459,74.67500468792883
0.13621371602124407,6.384497113884325,52.98847313917791
0.05996558864171798,7.62054750474921,97.36902135323574
0.0202671195350448,7.977054974946592,51.72286781628739
0.012735271053500953,0.5572174683363962,95.39284145679171
0.023853499640085773,0.10774274555805974,97.53990390487051
0.03829318587087717,1.1539379030780812,62.01971136203192
0.04280109684465745,4.822473534261483,97.31872782715868
0.026789391111654178,2.792920855141867,94.41831043437219
0.03786336373897403,0.95134548590854,78.11757475813212
0.039880683859841004,6.275355743420811,96.33226224933335
0.12639784239238275,7.3247798246977895,52.37289539755209
0.02321499167609437,6.194257385391744,55.395204319493075
0.011115839432355817,7.361494785732549,70.29247026546294
0.03788875715010857,3.1210149859717067,91.9601103240895
0.08711396754528442,6.057537713908009,69.96299981039733
0.04182705165255939,7.926124041333459,95.99594450480514
0.19385678104405052,0.10897214042099712,59.060465180359664
0.010955096347540745,2.8966713724669315,50.99865666466436
0.0523247852386573,4.284979939662808,61.63677884187181
0.03285565990246368,7.785570034718349,84.01897884934992
0.04139782457787398,2.602758253669872,53.58835583432783
0.04878898908735682,7.826748271225151,88.86573654921952
0.032756012515810916,7.300765998676848,76.53338306167541
0.1364724673938261,0.636001809290411,59.92805484946919
0.14738329945279,3.861225386665837,69.25705408628282
0.03859990133214011,5.724542031126086,54.350796323602836
0.0631833137149697,6.351030592201491,68.66510597810344
0.04453278017583119,7.870184803175706,76.32901614523786
0.06502755481740402,2.750008780671831,75.15640036636267
0.032318927188679195,3.313334391242475,91.48354877444064
0.2052292938908347,6.871079572948843,92.36942556933894
0.05043098554888398,2.668839535666459,74.67500468792883
0.13621371602124407,6.384497113884325,52.98847313917791
0.05996558864171798,7.62054750474921,97.36902135323574
0.0202671195350448,7.977054974946592,51.72286781628739
0.010760003190030957,0.355886057430606,95.66240900159713
0.023853499640085773,0.10774274555805974,97.53990390487051
0.03773186468062106,0.6971350072422817,57.62430824685925
0.04280109684465745,4.822473534261483,97.31872782715868
0.026789391111654178,2.792920855141867,94.41831043437219
0.03359331596086085,1.260047430882124,73.81409901718894
0.039880683859841004,6.275355743420811,96.33226224933335
0.15297656311137892,7.8092134331139755,51.77413333447278
0.02800987662373463,6.217590187408281,67.17320193905192
0.011115839432355817,7.361494785732549,70.29247026546294
0.03788875715010857,3.1210149859717067,91.9601103240895
0.10592262776403888,6.581762439953518,58.3518226248794
0.04182705165255939,7.926124041333459,95.99594450480514
0.20900705864168312,0.027159777787619355,57.209614642563544
0.010955096347540745,2.8966713724669315,50.99865666466436
0.0523247852386573,4.284979939662808,61.63677884187181
0.03285565990246368,7.785570034718349,84.01897884934992
0.04082362825024796,2.6912333820893095,56.26796155115559
0.04878898908735682,7.826748271225151,88.86573654921952
0.032756012515810916,7.300765998676848,76.53338306167541
0.1254050879381632,1.6463765468028768,65.34421337328729
0.14738329945279,3.861225386665837,69.25705408628282
0.03938436590394037,5.688019093602831,53.40096634609686
0.0631833137149697,6.351030592201491,68.66510597810344
0.04453278017583119,7.870184803175706,76.32901614523786
0.045810935623685364,4.39375485410862,73.42267158651795
0.03362465803430587,3.80048780204796,89.86344243078142
0.21681030585539424,7.051045842334894,93.74582027663428
0.05965124109610309,0.14882816912542296,92.4317552901652
0.08564755237762953,6.832334256988297,64.4963234758389
0.05996558864171798,7.62054750474921,97.36902135323574
0.0202671195350448,7.977054974946592,51.72286781628739
0.019073439307582377,3.151286254068462,91.28159724208903
0.023853499640085773,0.10774274555805974,97.53990390487051
0.04169392596642941,3.251864759473718,68.8189415924635
0.04280109684465745,4.822473534261483,97.31872782715868
0.026789391111654178,2.792920855141867,94.41831043437219
0.036110654217963035,1.666570710854185,72.17757849166644
0.039880683859841004,6.275355743420811,96.33226224933335
0.15297656311137892,7.8092134331139755,51.77413333447278
0.02800987662373463,6.217590187408281,67.17320193905192
0.011115839432355817,7.361494785732549,70.29247026546294
0.03788875715010857,3.1210149859717067,91.9601103240895
0.10592262776403888,6.581762439953518,58.3518226248794
0.04182705165255939,7.926124041333459,95.99594450480514
0.20900705864168312,0.027159777787619355,57.209614642563544
0.010955096347540745,2.8966713724669315,50.99865666466436
0.07096883975088016,4.201867942266329,63.13136171253295
0.03285565990246368,7.785570034718349,84.01897884934992
0.04058448017624361,2.5371781529015807,52.81909267796634
0.04878898908735682,7.826748271225151,88.86573654921952
0.032756012515810916,7.300765998676848,76.53338306167541
0.10322981755282434,1.6513915407883568,67.0412029036383
0.14738329945279,3.861225386665837,69.25705408628282
0.038672607087883996,5.7211570117509964,54.26276416915603
0.0772241818566763,5.912769258258431,65.03424038441418
0.04692983435237697,7.809676527119636,75.63915204374771
0.05830374246498704,1.6119132136399204,70.44590050352916
0.04250927568345837,7.1581887602186915,82.88346909045825
0.17512902371565325,6.135512044828016,93.32982409903377
0.05730884023134662,1.8045406928459347,91.66275772172331
0.08564755237762953,6.832334256988297,64.4963234758389
0.031250929490944296,7.990823773697535,98.3761480712143
0.0202671195350448,7.977054974946592,51.72286781628739
0.019073439307582377,3.151286254068462,91.28159724208903
0.023853499640085773,0.10774274555805974,97.53990390487051
0.03845782958748603,3.953219532313885,68.42974596770993
0.04280109684465745,4.822473534261483,97.31872782715868
0.01642911188277043,1.4797108314235268,92.54161256278678
0.036110654217963035,1.666570710854185,72.17757849166644
0.039880683859841004,6.275355743420811,96.33226224933335
0.15297656311137892,7.8092134331139755,51.77413333447278
0.02800987662373463,6.217590187408281,67.17320193905192
0.011115839432355817,7.361494785732549,70.29247026546294
0.03788875715010857,3.1210149859717067,91.9601103240895
0.1266253695207674,6.693527964631308,53.35611207883205
0.04182705165255939,7.926124041333459,95.99594450480514
0.20900705864168312,0.027159777787619355,57.209614642563544
0.022447801583701167,2.9923997266823252,68.47707953496116
0.10713710741981929,4.040636008173597,66.03075643829095
0.03285565990246368,7.785570034718349,84.01897884934992
0.04058448017624361,2.5371781529015807,52.81909267796634
0.04726168277547697,7.1673956822191345,89.29931049745126
0.03182699393730784,7.409648756737778,77.82169837103001
0.08723537682196114,3.04555038587396,70.89986409649688
0.1553879644039913,3.9168913777395797,69.30702735297069
0.038672607087883996,5.7211570117509964,54.26276416915603
0.0772241818566763,5.912769258258431,65.03424038441418
0.04692983435237697,7.809676527119636,75.63915204374771
0.05830374246498704,1.6119132136399204,70.44590050352916
0.04250927568345837,7.1581887602186915,82.88346909045825
0.17512902371565325,6.135512044828016,93.32982409903377
0.027137330981469365,2.15804691909693,98.51520026187501
0.0857697862441517,6.540820144138771,64.98928069934628
0.031250929490944296,7.990823773697535,98.3761480712143
0.021141463061663472,7.854653686263398,53.49203818924725
0.01879438127292146,3.107672897199345,91.21641845120246
0.023853499640085773,0.10774274555805974,97.53990390487051
0.05401609228834438,5.700189041713564,51.400213894040846
0.04280109684465745,4.822473534261483,97.31872782715868
0.01642911188277043,1.4797108314235268,92.54161256278678
0.036110654217963035,1.666570710854185,72.17757849166644
0.04253293758961605,6.817718836050917,96.76096548420578
0.15297656311137892,7.8092134331139755,51.77413333447278
0.040626880788961095,6.37828515088181,65.61846668771922
0.011047040508215533,7.361277653319443,70.30145119848427
0.04311889871489284,4.2438900297209,89.88083886726591
0.0892064314397136,5.858294115996393,72.98090981401874
0.04838672467064233,7.5358697272959585,92.98627266587476
0.20900705864168312,0.027159777787619355,57.209614642563544
0.022447801583701167,2.9923997266823252,68.47707953496116
0.11762079105940697,4.277467778352081,68.11192000691955
0.03285565990246368,7.785570034718349,84.01897884934992
0.0480425160677972,3.1979970842307854,54.82783638181549
0.04726168277547697,7.1673956822191345,89.29931049745126
0.03698947730525877,7.124215872932193,86.9543497886255
0.11101431499744135,1.3452403420509427,73.594351864876
0.17896554478322915,4.330415375577042,65.36474306936213
0.038672607087883996,5.7211570117509964,54.26276416915603
0.10489125033095609,7.241009168766566,52.636729077811886
0.04692983435237697,7.809676527119636,75.63915204374771
0.049290658898791126,3.7371507626613187,79.75131564071395
0.055150056415287856,7.076592454283738,87.93862580295875
0.17512902371565325,6.135512044828016,93.32982409903377
0.027137330981469365,2.15804691909693,98.51520026187501
0.0857697862441517,6.540820144138771,64.98928069934628
0.03154717192854966,7.979795624304479,98.2429066019763
0.021141463061663472,7.854653686263398,53.49203818924725
0.01879438127292146,3.107672897199345,91.21641845120246
0.023853499640085773,0.10774274555805974,97.53990390487051
0.05401609228834438,5.700189041713564,51.400213894040846
0.04280109684465745,4.822473534261483,97.31872782715868
0.02181790869002639,2.2819401777236465,90.937236653117
0.0535016857059271,1.831684094331504,54.183482718005045
0.04253293758961605,6.817718836050917,96.76096548420578
0.15297656311137892,7.8092134331139755,51.77413333447278
0.040626880788961095,6.37828515088181,65.61846668771922
0.011047040508215533,7.361277653319443,70.30145119848427
0.044655657268409754,5.681792272412723,84.13788329822376
0.087819173662493,5.884970700554393,72.93335187173132
0.049259394071345816,7.512641310819246,92.33271147605922
0.20900705864168312,0.027159777787619355,57.209614642563544
0.020500417536241287,3.3388748651511073,56.00338502158318
0.11762079105940697,4.277467778352081,68.11192000691955
0.03285565990246368,7.785570034718349,84.01897884934992
0.0470343723469878,3.244106206910507,56.95438834751778
0.05346121875303937,6.912756127375922,87.43243081661944
0.03796495990613184,7.435558477583106,86.69826309541064
0.08802833365594678,1.5396565450892787,65.83644057602453
0.25250726793569406,4.739693506699512,56.736355871923934
0.038672607087883996,5.7211570117509964,54.26276416915603
0.08246205007449875,7.03806911755912,68.40574414883079
0.04692983435237697,7.809676527119636,75.63915204374771
0.047055642656865945,3.596303691697952,80.84125982656148
0.06005758909776691,6.638935902074606,95.28150157792868
0.17778072745901738,6.100098841326703,93.27433449621299
0.027137330981469365,2.15804691909693,98.51520026187501
0.07390039430591414,6.106187214022566,72.65696116396528
0.03154717192854966,7.979795624304479,98.2429066019763
0.021141463061663472,7.854653686263398,53.49203818924725
0.03402763852604762,3.8389907189428865,84.39045207866906
0.027438483771335356,0.9997943802918523,97.49805623836968
0.05401609228834438,5.700189041713564,51.400213894040846
0.06176372434353222,3.4460720536140634,84.11900730373252
0.02181790869002639,2.2819401777236465,90.937236653117
0.0535016857059271,1.831684094331504,54.183482718005045
0.0420529561122373,6.672446469217617,96.81565642439968
0.15342130789753977,7.808588662295273,51.60393776296656
0.04095228067384449,6.452182980584118,66.13580032003892
0.011047040508215533,7.361277653319443,70.30145119848427
0.04453208277088159,5.703155770221006,83.56983798376366
0.07628761512226412,4.95199532683815,77.62474123707193
0.04425113392705448,7.883371456538168,96.06857730273019
0.20900705864168312,0.027159777787619355,57.209614642563544
0.020500417536241287,3.3388748651511073,56.00338502158318
0.131592235060557,4.785259513916989,63.559289129375145
0.017994837587102935,7.782732777671647,88.01443007397681
0.04644299746634289,3.651105786525751,61.68656721803159
0.05346121875303937,6.912756127375922,87.43243081661944
0.039786917947190616,6.622267198497664,81.3231677268578
0.0957750857304362,0.6563503373894006,61.391686781386504
0.25250726793569406,4.739693506699512,56.736355871923934
0.038672607087883996,5.7211570117509964,54.26276416915603
0.08246205007449875,7.03806911755912,68.40574414883079
0.04692983435237697,7.809676527119636,75.63915204374771
0.047055642656865945,3.596303691697952,80.84125982656148
0.06005758909776691,6.638935902074606,95.28150157792868
0.3137184543386048,4.668599272368903,97.74919426847347
0.027137330981469365,2.15804691909693,98.51520026187501
0.0818442154857865,6.105721630764366,74.23358998271058
0.03154717192854966,7.979795624304479,98.2429066019763
0.021141463061663472,7.854653686263398,53.49203818924725
0.034216388667884796,3.905631717135163,84.68268463612551
0.027438483771335356,0.9997943802918523,97.49805623836968
0.05401609228834438,5.700189041713564,51.400213894040846
0.06268192857329573,3.3083037171733283,83.68981790123897
0.023579955546049112,2.6659696732224276,88.6533209357626
0.0535016857059271,1.831684094331504,54.183482718005045
0.03825555597309936,5.331718810183869,90.9363286339967
0.11284259197955954,7.800841295074189,62.51385087327247
0.04215060514484184,6.905217959906851,62.83628403963249
0.011047040508215533,7.361277653319443,70.30145119848427
0.04730162403849242,5.217573073201937,80.44023089180405
0.08792087426123486,4.714115351053479,84.84994063039267
0.0435260701539647,7.893054601200204,96.08375000099605
0.19288679842313391,0.7934125815926967,60.99652202978613
0.02011867008913475,0.64969450542229,57.498911008465214
0.12112995708896397,5.081414287405442,66.14492859405924
0.017994837587102935,7.782732777671647,88.01443007397681
0.04906522020173412,2.059005414809394,60.559472051760046
0.03753920244160433,7.3033170462294095,87.69370928271192
0.04091626253359709,7.006085987985731,85.7813397299406
0.0957750857304362,0.6563503373894006,61.391686781386504
0.1637046595819481,3.826515823682767,69.34553001039342
0.038672607087883996,5.7211570117509964,54.26276416915603
0.08246205007449875,7.03806911755912,68.40574414883079
0.04692983435237697,7.809676527119636,75.63915204374771
0.047048263997534576,3.843418084622291,80.53615611110823
0.06005758909776691,6.638935902074606,95.28150157792868
0.3137184543386048,4.668599272368903,97.74919426847347
0.027137330981469365,2.15804691909693,98.51520026187501
0.056316928283264366,6.558436575912584,72.81578148827671
0.03154717192854966,7.979795624304479,98.2429066019763
0.021141463061663472,7.854653686263398,53.49203818924725
0.034216388667884796,3.905631717135163,84.68268463612551
0.027438483771335356,0.9997943802918523,97.49805623836968
0.05401609228834438,5.700189041713564,51.400213894040846
0.06268192857329573,3.3083037171733283,83.68981790123897
0.0206977028857851,2.3559423372501533,89.65123559070048
0.0535016857059271,1.831684094331504,54.183482718005045
0.029218249167293986,6.080345030308198,93.61740379138485
0.11284259197955954,7.800841295074189,62.51385087327247
0.04101549033358658,6.9464536633205345,64.019441909289
0.011047040508215533,7.361277653319443,70.30145119848427
0.04730162403849242,5.217573073201937,80.44023089180405
0.08792087426123486,4.714115351053479,84.84994063039267
0.040085765596872124,7.058594898891426,95.11435046491314
0.13212635722546068,1.9669930716175603,71.58640757683985
0.020506349218813308,0.7977652155268569,58.17087056050038
0.12112995708896397,5.081414287405442,66.14492859405924
0.021729035876726546,6.633530816168955,86.27542887724923
0.04881301759279053,2.1478766329503576,60.406666771860614
0.03753920244160433,7.3033170462294095,87.69370928271192
0.049500051866178126,6.841440189778651,90.04161853847417
0.07946240126977511,0.7383341373025791,70.01066687530934
0.15876131862149967,3.9109567621845405,68.53678741857242
0.03938394948292491,5.536705884021714,54.2696588435472
0.10748952456700625,6.494579656839037,63.31082034785806
0.047906399827106205,7.952210279485888,77.55777695085862
0.047048263997534576,3.843418084622291,80.53615611110823
0.06005758909776691,6.638935902074606,95.28150157792868
0.3137184543386048,4.668599272368903,97.74919426847347
0.023720013700431246,1.4423629537909912,99.81007477222435
0.056316928283264366,6.558436575912584,72.81578148827671
0.03154717192854966,7.979795624304479,98.2429066019763
0.03203332492858267,6.756697225107183,64.7119994402253
0.03513144757128263,2.508929867406022,80.03397939647782
0.027438483771335356,0.9997943802918523,97.49805623836968
0.05401609228834438,5.700189041713564,51.400213894040846
0.04570102560353695,2.7931619867778568,88.7871337646904
0.02019226649244924,3.3707533191120724,89.34515260633259
0.053433579518048134,1.8936359331457817,54.40583465014038
0.030831568197619508,5.9088152607080735,92.85940119174077
0.10398110075093478,7.742294039841489,65.47694583888216
0.03737354889040118,6.41489731279595,56.864243672250794
0.011047040508215533,7.361277653319443,70.30145119848427
0.02707416070200816,5.9927124144531545,82.55153003490187
0.11928831660546577,3.984077629155709,80.16509229920659
0.040085765596872124,7.058594898891426,95.11435046491314
0.13212635722546068,1.9669930716175603,71.58640757683985
0.020506349218813308,0.7977652155268569,58.17087056050038
0.16865730968217826,7.31944638407418,74.38655210505193
0.021729035876726546,6.633530816168955,86.27542887724923
0.04881301759279053,2.1478766329503576,60.406666771860614
0.03755539710944317,7.301488726789422,87.66519795484407
0.049500051866178126,6.841440189778651,90.04161853847417
0.07946240126977511,0.7383341373025791,70.01066687530934
0.17845336076697815,3.8744786855101268,62.73573206187804
0.026113295134639447,5.177658139500212,52.7471232746717
0.1263051797076472,7.888426518449425,64.24208832850728
0.047906399827106205,7.952210279485888,77.55777695085862
0.06025360543980864,4.075831705271196,76.20469136245362
0.062186443725083626,6.679088062416897,94.28405551359782
0.3049054300678079,4.752621077808573,97.42738980573935
0.023720013700431246,1.4423629537909912,99.81007477222435
0.08155317290770304,6.1108831398478625,74.21742521611495
0.03154717192854966,7.979795624304479,98.2429066019763
0.029767283338747653,6.671740040962557,56.15645774936791
0.0308519011852715,3.825963061602429,82.02694701884656
0.027438483771335356,0.9997943802918523,97.49805623836968
0.05401609228834438,5.700189041713564,51.400213894040846
0.04356411894964316,2.0460789275293374,98.39527773618221
0.02019226649244924,3.3707533191120724,89.34515260633259
0.053433579518048134,1.8936359331457817,54.40583465014038
0.030831568197619508,5.9088152607080735,92.85940119174077
0.10398110075093478,7.742294039841489,65.47694583888216
0.03737354889040118,6.41489731279595,56.864243672250794
0.011047040508215533,7.361277653319443,70.30145119848427
0.025781724681280878,6.021570531030418,79.0059300445695
0.1540114079868257,2.5623993330577033,75.2510351232954
0.040085765596872124,7.058594898891426,95.11435046491314
0.14028880755730463,1.4854583796791667,69.76326248783923
0.020506349218813308,0.7977652155268569,58.17087056050038
0.19605861392436474,7.432311346582042,76.32688023597328
0.029904151112143465,6.647911818167371,84.3965587927177
0.06081397838762805,0.4912050443111369,57.26238376519163
0.03755539710944317,7.301488726789422,87.66519795484407
0.06241334440373457,6.666868342175003,96.67076269648618
0.08301089792404569,0.3948222030468198,69.99558477698501
0.22784841399592443,4.814751505629498,51.36541618823579
0.025862284841687296,5.075022357764814,52.51291944108975
0.1263051797076472,7.888426518449425,64.24208832850728
0.04859354670558983,7.473271225575601,82.94052837218501
0.06773519530325119,5.336620863933857,86.5358336271584
0.062186443725083626,6.679088062416897,94.28405551359782
0.3049054300678079,4.752621077808573,97.42738980573935
0.023720013700431246,1.4423629537909912,99.81007477222435
0.08950463149594828,6.752756166268155,70.69870177270863
0.033110866233159675,7.315303079650941,98.35495728182329
0.029767283338747653,6.671740040962557,56.15645774936791
0.017684866734070243,3.759873508433699,84.07633067043062
0.01856986104382308,0.5561643253870401,96.6451117370466
0.05401609228834438,5.700189041713564,51.400213894040846
0.045810039270076416,1.9187842195269569,99.26495034637946
0.02019226649244924,3.3707533191120724,89.34515260633259
0.053433579518048134,1.8936359331457817,54.40583465014038
0.027882064151636403,5.205195401704053,91.88515582221481
0.1137737604024413,7.8835557524866475,66.70680263414175
0.03737354889040118,6.41489731279595,56.864243672250794
0.011047040508215533,7.361277653319443,70.30145119848427
0.025781724681280878,6.021570531030418,79.0059300445695
0.08976851011534787,2.010141963185617,87.36038343926835
0.040085765596872124,7.058594898891426,95.11435046491314
0.12905724381153938,2.6503879984353453,69.9701467335462
0.020506349218813308,0.7977652155268569,58.17087056050038
0.19605861392436474,7.432311346582042,76.32688023597328
0.029904151112143465,6.647911818167371,84.3965587927177
0.061605746374568685,0.36621261918285253,56.77095538005595
0.03755539710944317,7.301488726789422,87.66519795484407
0.06182782713476076,6.674020537991208,96.59559371149888
0.08301089792404569,0.3948222030468198,69.99558477698501
0.18868422765732099,4.167723196686774,60.6600348358461
0.02255828255861548,5.508333059832181,52.063950038517746
0.1263051797076472,7.888426518449425,64.24208832850728
0.04859354670558983,7.473271225575601,82.94052837218501
0.06773519530325119,5.336620863933857,86.5358336271584
0.062186443725083626,6.679088062416897,94.28405551359782
0.2779815734205962,5.628846834714813,91.96487185976648
0.023720013700431246,1.4423629537909912,99.81007477222435
0.13260225437465534,6.418488580017297,70.91691590878818
0.033110866233159675,7.315303079650941,98.35495728182329
0.029767283338747653,6.671740040962557,56.15645774936791
0.012200792557333674,2.9825763602680837,79.87672811181194
0.018348503063565603,0.2813182327949262,99.11937276349984
0.05401609228834438,5.700189041713564,51.400213894040846
0.045810039270076416,1.9187842195269569,99.26495034637946
0.02313664478683186,4.037313530552222,89.06027183681579
0.05000923678031535,2.3353582264582453,55.6900168542236
0.02843966184484533,5.173445628362753,96.05591529042732
0.1137737604024413,7.8835557524866475,66.70680263414175
0.042746090372486494,5.057188297979997,56.95549729732874
0.011047040508215533,7.361277653319443,70.30145119848427
0.025781724681280878,6.021570531030418,79.0059300445695
0.08976851011534787,2.010141963185617,87.36038343926835
0.043273221118488234,6.900668294689311,94.21354458162983
0.16892002645928977,0.2488136970086412,55.476226221703286
0.020506349218813308,0.7977652155268569,58.17087056050038
0.2292316046509933,7.215394365553959,82.07410536375811
0.029904151112143465,6.647911818167371,84.3965587927177
0.05867259820870052,0.7720292203680641,57.555923039196955
0.03755539710944317,7.301488726789422,87.66519795484407
0.06182782713476076,6.674020537991208,96.59559371149888
0.08494666728446346,0.38064449902283914,71.12739150849701
0.17855054984264057,4.272167121821222,62.81468685610393
0.02255828255861548,5.508333059832181,52.063950038517746
0.1263051797076472,7.888426518449425,64.24208832850728
0.04858202121293398,7.472780525875843,82.92413108700728
0.07310741053223321,5.358929060524589,85.23431350027931
0.062186443725083626,6.679088062416897,94.28405551359782
0.2779815734205962,5.628846834714813,91.96487185976648
0.02350719046126336,2.187228006624958,91.06322745292209
0.15363685480102718,6.610750721004308,76.14081306347931
0.033110866233159675,7.315303079650941,98.35495728182329
0.029767283338747653,6.671740040962557,56.15645774936791
0.012200792557333674,2.9825763602680837,79.87672811181194
0.021477405066630068,1.0255710406426806,97.44330834151165
0.05401609228834438,5.700189041713564,51.400213894040846
0.04709727164522216,1.9032907040293883,99.73832140901521
0.02313664478683186,4.037313530552222,89.06027183681579
0.058219976163115424,0.5763925690186609,55.50081453051678
0.02240525242246227,4.470797764828454,96.80540628982924
0.09751061789683377,7.289349099517775,62.541090654221556
0.042746090372486494,5.057188297979997,56.95549729732874
0.011047040508215533,7.361277653319443,70.30145119848427
0.024868853444702837,5.876222884892596,71.3760245993777
0.08976932924839114,2.0102737512541715,87.35986513917038
0.043273221118488234,6.900668294689311,94.21354458162983
0.12224460742413118,3.060822277886915,72.44718932105746
0.02264940194037726,1.111290529677122,57.73786592164881
0.22541184669620956,7.20451956664344,82.11861107434831
0.028134063465113546,6.134011997478597,87.32562192284635
0.05867259820870052,0.7720292203680641,57.555923039196955
0.046228656009246034,7.999819106312314,76.38359569167231
0.02841651399188172,6.565668455582358,99.55245344358393
0.08494666728446346,0.38064449902283914,71.12739150849701
0.17330635799564137,4.11107978604485,63.026532295593235
0.02255828255861548,5.508333059832181,52.063950038517746
0.1263051797076472,7.888426518449425,64.24208832850728
0.04858202121293398,7.472780525875843,82.92413108700728
0.046048280604302175,4.072296154158421,95.91204223221807
0.062186443725083626,6.679088062416897,94.28405551359782
0.20208813196872358,3.88400994425204,79.3722131125115
0.04091594047659676,1.659814162069797,81.63862226972186
0.15423086941762632,6.664627035695251,76.18416781021246
0.032793418094647586,7.312071845639835,98.6715779257023
0.029767283338747653,6.671740040962557,56.15645774936791
0.012200792557333674,2.9825763602680837,79.87672811181194
0.021477405066630068,1.0255710406426806,97.44330834151165
0.05401609228834438,5.700189041713564,51.400213894040846
0.04709727164522216,1.9032907040293883,99.73832140901521
0.021008106837730224,3.337777713189352,87.07674953373468
0.058219976163115424,0.5763925690186609,55.50081453051678
0.02240525242246227,4.470797764828454,96.80540628982924
0.12470500876568634,6.276880011083611,62.63290072705328
0.05858967302114025,5.279154435339344,59.69661047792553
0.012096001595345334,7.321595380797453,71.08551720391878
0.026820306171557545,7.1593052149644585,63.43993720337731
0.10128991768475715,0.06024252195181745,84.46782733944782
0.043273221118488234,6.900668294689311,94.21354458162983
0.06739232295339348,0.8576881817609907,67.30505717725813
0.035738041289087794,2.629132935293247,58.45119668689945
0.1543968760288788,6.581225317197533,69.39095581682201
0.028134063465113546,6.134011997478597,87.32562192284635
0.059272473910191054,0.7234548616989094,57.532506283890804
0.046228656009246034,7.999819106312314,76.38359569167231
0.026547055211562913,6.246865407025524,99.92869208912133
0.07851492272018137,0.9910492610859118,75.22546744878333
0.17969070522887637,3.983935061522803,62.70737564120067
0.02255828255861548,5.508333059832181,52.063950038517746
0.1263051797076472,7.888426518449425,64.24208832850728
0.04858202121293398,7.472780525875843,82.92413108700728
0.0514213542077825,2.7590005061336544,94.79341966018293
0.062186443725083626,6.679088062416897,94.28405551359782
0.14323795562575514,2.607017072036821,70.4199574934497
0.04203935653133556,1.7040644131448446,84.92812287150664
0.16689520754924386,6.109632311630865,81.59991704046055
0.032793418094647586,7.312071845639835,98.6715779257023
0.030262369461607416,6.589830091226432,54.9328481320418
0.01452652444459257,3.0428696647261777,79.81626271301121
0.021477405066630068,1.0255710406426806,97.44330834151165
0.05359422970472788,6.2143654752892665,50.98871585308285
0.04709727164522216,1.9032907040293883,99.73832140901521
0.02412007722311528,3.106847395871506,84.43610351400291
0.058219976163115424,0.5763925690186609,55.50081453051678
0.013418454802350661,5.405256228328297,95.73795553275244
0.12374575396895998,6.22808159730203,62.95638058402563
0.05858967302114025,5.279154435339344,59.69661047792553
0.012096001595345334,7.321595380797453,71.08551720391878
0.026820306171557545,7.1593052149644585,63.43993720337731
0.10128991768475715,0.06024252195181745,84.46782733944782
0.043921695722933654,6.875211255624438,93.9376881172645
0.06739232295339348,0.8576881817609907,67.30505717725813
0.035738041289087794,2.629132935293247,58.45119668689945
0.1544710281742545,6.543971280698831,66.35655110545969
0.026368620653621208,6.1668864581746226,93.02654931599942
0.059272473910191054,0.7234548616989094,57.532506283890804
0.046228656009246034,7.999819106312314,76.38359569167231
0.026547055211562913,6.246865407025524,99.92869208912133
0.08670036654930531,0.9860950467535191,72.03698912585763
0.1843915637982193,3.933657677576644,62.824246496552114
0.02255828255861548,5.508333059832181,52.063950038517746
0.1263051797076472,7.888426518449425,64.24208832850728
0.046038789616252754,5.230394311059574,83.70311266009062
0.0384666666435093,2.336816927664394,98.35363988075596
0.062186443725083626,6.679088062416897,94.28405551359782
0.16534623533647458,1.917410729049518,64.82922714485478
0.04203935653133556,1.7040644131448446,84.92812287150664
0.16689520754924386,6.109632311630865,81.59991704046055
0.032793418094647586,7.312071845639835,98.6715779257023
0.03033769283669006,6.596783273597978,54.02061336441785
0.01452652444459257,3.0428696647261777,79.81626271301121
0.021477405066630068,1.0255710406426806,97.44330834151165
0.0625970585829823,6.41916956871475,50.676814646074504
0.04709727164522216,1.9032907040293883,99.73832140901521
0.01011265216985488,3.5815380677531388,87.21141291874966
0.058219976163115424,0.5763925690186609,55.50081453051678
0.013418454802350661,5.405256228328297,95.73795553275244
0.11320885562181635,6.4025708835879,65.7555784093116
0.05939762727208247,5.593626059508821,67.46610026362794
0.012096001595345334,7.321595380797453,71.08551720391878
0.03306590944556574,6.042175674156303,71.39981811558225
0.10128991768475715,0.06024252195181745,84.46782733944782
0.043921695722933654,6.875211255624438,93.9376881172645
0.06739232295339348,0.8576881817609907,67.30505717725813
0.035738041289087794,2.629132935293247,58.45119668689945
0.153128867267265,6.073572286242069,66.84205898227832
0.022513231834254105,7.387447799871452,91.32891934994666
0.05042211781118977,0.21895599182932912,56.65464539923389
0.046228656009246034,7.999819106312314,76.38359569167231
0.026547055211562913,6.246865407025524,99.92869208912133
0.08711590045698922,0.9159707509066841,72.1065557466727
0.238514119230938,2.34082027391357,57.51264267908344
0.02255828255861548,5.508333059832181,52.063950038517746
0.0952816679747574,5.927664441905804,76.28988015571572
0.046038789616252754,5.230394311059574,83.70311266009062
0.0384666666435093,2.336816927664394,98.35363988075596
0.060960596594875294,6.749142910901634,94.4468467527325
0.16534623533647458,1.917410729049518,64.82922714485478
0.03799862386797677,3.6575108091738016,78.83634315913469
0.14000427742568142,5.676020258980053,82.5623860038384
0.032793418094647586,7.312071845639835,98.6715779257023
0.03654444219798986,4.625824410804644,54.8346160889417
0.01452652444459257,3.0428696647261777,79.81626271301121
0.021477405066630068,1.0255710406426806,97.44330834151165
0.06317022272690506,7.184261462338335,50.04512817119794
0.04709727164522216,1.9032907040293883,99.73832140901521
0.017357844280662428,4.756561496484201,92.81789162578141
0.058219976163115424,0.5763925690186609,55.50081453051678
0.013418454802350661,5.405256228328297,95.73795553275244
0.0862026390095301,6.625141143936831,65.02056535472684
0.05693887587741819,4.556945328181014,78.82004476724927
0.012096001595345334,7.321595380797453,71.08551720391878
0.03306590944556574,6.042175674156303,71.39981811558225
0.10128991768475715,0.06024252195181745,84.46782733944782
0.04844210357421259,7.464551145916003,96.109289761092
0.06739232295339348,0.8576881817609907,67.30505717725813
0.03363660408338032,3.088204940184712,57.43278671267842
0.14879406764166972,5.942268496963265,72.03418067977981
0.022513231834254105,7.387447799871452,91.32891934994666
0.06697276248261914,1.1818779607366716,59.24218406323991
0.046228656009246034,7.999819106312314,76.38359569167231
0.026547055211562913,6.246865407025524,99.92869208912133
0.08986650759415306,0.7558789507609616,71.59178801124267
0.238514119230938,2.34082027391357,57.51264267908344
0.02255828255861548,5.508333059832181,52.063950038517746
0.09720426587310305,5.852428625769109,77.86122347640949
0.0459387222044887,3.7707933413084485,87.56079967276078
0.0384666666435093,2.336816927664394,98.35363988075596
0.060960596594875294,6.749142910901634,94.4468467527325
0.14765373453609465,2.3235820630257367,68.4286524758842
0.03799862386797677,3.6575108091738016,78.83634315913469
0.14000427742568142,5.676020258980053,82.5623860038384
0.03265590983760346,7.336734468389037,98.83020786209866
0.03654444219798986,4.625824410804644,54.8346160889417
0.01452652444459257,3.0428696647261777,79.81626271301121
0.021477405066630068,1.0255710406426806,97.44330834151165
0.06317022272690506,7.184261462338335,50.04512817119794
0.044025726565817255,1.7980616036005395,99.46317414885927
0.02162908450996501,4.727457352944923,84.36221359402784
0.058219976163115424,0.5763925690186609,55.50081453051678
0.013418454802350661,5.405256228328297,95.73795553275244
0.09009108029924087,6.6903125946608695,63.37951146944322
0.056983326619394925,4.418830829575608,78.01093005708825
0.02261211976377451,6.673256327756617,72.89934397428424
0.03306590944556574,6.042175674156303,71.39981811558225
0.09180598650021118,0.7165138627622847,80.56448985709883
0.04844210357421259,7.464551145916003,96.109289761092
0.06739232295339348,0.8576881817609907,67.30505717725813
0.032683624525243794,3.5127931488871385,63.14510069209704
0.1438888179146413,5.748236888524424,73.31840510621655
0.022513231834254105,7.387447799871452,91.32891934994666
0.06842708141360611,1.0061302161600727,58.62257701968403
0.044090688185439236,7.625367169005434,79.52888519129074
0.033749956708751985,5.814251542521768,94.74174001998776
0.08986650759415306,0.7558789507609616,71.59178801124267
0.17661881940979113,3.328341272115276,62.7190529782889
0.030946365759105518,4.638235343237858,54.915436846791835
0.07888337537678712,5.802901763686992,77.10120398791975
0.04618698609500786,4.137108555721241,88.40856559171371
0.0384666666435093,2.336816927664394,98.35363988075596
0.060960596594875294,6.749142910901634,94.4468467527325
0.14765373453609465,2.3235820630257367,68.4286524758842
0.03799862386797677,3.6575108091738016,78.83634315913469
0.11746624302838883,3.4643081222657,77.63086001561008
0.03265590983760346,7.336734468389037,98.83020786209866
0.03654444219798986,4.625824410804644,54.8346160889417
0.01452652444459257,3.0428696647261777,79.81626271301121
0.021349739378334523,0.9895982253004636,97.55193326382292
0.06317022272690506,7.184261462338335,50.04512817119794
0.044025726565817255,1.7980616036005395,99.46317414885927
0.016427284725153417,4.129485317972439,90.25788712143584
0.058219976163115424,0.5763925690186609,55.50081453051678
0.013418454802350661,5.405256228328297,95.73795553275244
0.09009108029924087,6.6903125946608695,63.37951146944322
0.0882026853069052,3.7119409190196877,65.30742965172561
0.02261211976377451,6.673256327756617,72.89934397428424
0.029830922382490247,5.670298270711223,75.06632362872598
0.09180598650021118,0.7165138627622847,80.56448985709883
0.04844210357421259,7.464551145916003,96.109289761092
0.06739232295339348,0.8576881817609907,67.30505717725813
0.03453050277278128,2.1159949277446146,55.42713848506017
0.1438888179146413,5.748236888524424,73.31840510621655
0.022513231834254105,7.387447799871452,91.32891934994666
0.05945063211139527,0.856861766144773,57.5115400678877
0.044090688185439236,7.625367169005434,79.52888519129074
0.033749956708751985,5.814251542521768,94.74174001998776
0.08986650759415306,0.7558789507609616,71.59178801124267
0.1551532507152409,1.4617056618177835,52.622942903020586
0.030946365759105518,4.638235343237858,54.915436846791835
0.0819896344859018,4.58026660127009,77.93368770006253
0.0461368524613837,4.005734149166633,90.18398176870471
0.035536985324392575,3.2333797970516787,81.43143238922772
0.06095571356669799,6.730088042278403,94.3274027888163
0.10010525501447669,3.6741801701082806,71.10734571969061
0.04685799307637371,1.9210797910066066,82.25479789143327
0.1302428339324594,4.038537624806513,82.06167296710932
0.03265590983760346,7.336734468389037,98.83020786209866
0.03619895049621254,4.1483071375159,63.95558152802193
0.0232403539361632,4.299115105565803,86.58186328558864
0.021349739378334523,0.9895982253004636,97.55193326382292
0.06317022272690506,7.184261462338335,50.04512817119794
0.044025726565817255,1.7980616036005395,99.46317414885927
0.014038313220698082,4.237652364631692,90.56509922910747
0.03970944946254077,2.5715214616139246,72.12548820798129
0.013418454802350661,5.405256228328297,95.73795553275244
0.09009108029924087,6.6903125946608695,63.37951146944322
0.0882357054455227,3.7100933507986213,65.2943494211643
0.023383600863534807,6.696890450063017,73.59257067672404
0.04659040101705271,5.1942510795652,74.12216089965892
0.07604661973589305,1.2776595120357002,78.01166524196246
0.04844210357421259,7.464551145916003,96.109289761092
0.05423455964900802,1.966295476681414,74.23643636935735
0.03453050277278128,2.1159949277446146,55.42713848506017
0.19956336289392484,5.323587824347406,73.51078367682878
0.02400715430917905,7.713045725796125,90.60468408577853
0.05945063211139527,0.856861766144773,57.5115400678877
0.04521933559038492,7.4231728205562755,79.23262279838667
0.035840178655430266,6.627511179837386,94.26804448416334
0.0888334386934189,0.8618298917954572,71.65219200192114
0.1551532507152409,1.4617056618177835,52.622942903020586
0.030946365759105518,4.638235343237858,54.915436846791835
0.09276039983730772,3.7148582749676238,77.48033742137785
0.024542544405317862,3.9973118188414016,92.26939395129085
0.035536985324392575,3.2333797970516787,81.43143238922772
0.060034305634764584,6.817441729737009,94.81547613521818
0.09433921746419213,3.531033983757819,71.40645266077395
0.04469521566247239,2.114214840949269,81.09810184983772
0.13602441847992608,4.088464465806539,82.76833408550736
0.03265590983760346,7.336734468389037,98.83020786209866
0.04002049967483361,4.961223147205239,55.30932353078483
0.023223665856315995,4.269902656246165,86.67869391823565
0.030434253068927414,1.3505552596892554,92.92936035643535
0.06506325842243738,6.219759433637874,60.52775542029843
0.044025726565817255,1.7980616036005395,99.46317414885927
0.014038313220698082,4.237652364631692,90.56509922910747
0.034763843259853086,3.0010819279876486,75.78660790141551
0.013418454802350661,5.405256228328297,95.73795553275244
0.06861604770159266,4.409612654378676,80.20121736075737
0.07027937134228417,2.9337303438673556,72.65453107054856
0.023383600863534807,6.696890450063017,73.59257067672404
0.05423143411314302,6.549767128491883,69.06938925756903
0.07699885545949925,1.232204135260167,77.81888738737676
0.047656908566285065,7.493569735786867,93.11742395779149
0.05423455964900802,1.966295476681414,74.23643636935735
0.03453050277278128,2.1159949277446146,55.42713848506017
0.13404031976448705,4.488619737193632,76.67481750410536
0.02400715430917905,7.713045725796125,90.60468408577853
0.05945063211139527,0.856861766144773,57.5115400678877
0.0425720036692224,7.764156373559185,79.12302657429157
0.035840178655430266,6.627511179837386,94.26804448416334
0.09575943674703205,0.8630009585718963,74.98537011404386
0.1551532507152409,1.4617056618177835,52.622942903020586
0.017410774793562817,4.874644091469199,51.39428834722926
0.11780147267097826,1.3362517595661227,63.51065213037623
0.024542544405317862,3.9973118188414016,92.26939395129085
0.03617033855481608,2.331330215712436,77.60662089029786
0.052630927970312706,7.526684704149574,99.86740113065467
0.1103433315988971,2.6839025527000806,65.15199904421708
0.05009630197662726,1.5719598075723984,79.69432523764073
0.14343595843250395,4.248678608923917,82.9038766344716
0.03265590983760346,7.336734468389037,98.83020786209866
0.03584743758518409,2.798505347748281,55.398877154958356
0.023223665856315995,4.269902656246165,86.67869391823565
0.030434253068927414,1.3505552596892554,92.92936035643535
0.06506325842243738,6.219759433637874,60.52775542029843
0.044025726565817255,1.7980616036005395,99.46317414885927
0.037318149393865116,4.311001092124246,86.1444417154156
0.037010193286001365,3.8574356383830013,66.89231982161134
0.014511607691113582,5.266898973633255,95.39710353964952
0.06861604770159266,4.409612654378676,80.20121736075737
0.07027937134228417,2.9337303438673556,72.65453107054856
0.023383600863534807,6.696890450063017,73.59257067672404
0.06428726573212776,7.673840345810202,78.8061806427783
0.07410232919158814,2.700027506872688,78.04385695528566
0.04650104586348491,7.4814852046601334,93.55760757246779
0.05423455964900802,1.966295476681414,74.23643636935735
0.031037324139081276,0.3056313516732496,55.502101857234585
0.09575463875251723,4.000740659648439,78.52358984489688
0.02400715430917905,7.713045725796125,90.60468408577853
0.029686820931955432,0.6687534388442608,59.03190894671379
0.03637171136184296,7.05211560387912,72.29004225654586
0.054802403453185024,5.80816689553576,89.33005739849592
0.06910730557431002,0.5943407190867536,85.02019198434266
0.1551532507152409,1.4617056618177835,52.622942903020586
0.03761546565681631,4.583432167637707,54.39188652409769
0.15330536425908142,0.9843547936005804,57.52000286467167
0.024542544405317862,3.9973118188414016,92.26939395129085
0.03640616880530768,2.2056213814152907,77.06274311451284
0.052630927970312706,7.526684704149574,99.86740113065467
0.1272633650910247,3.291329386240138,67.69218306032468
0.05009630197662726,1.5719598075723984,79.69432523764073
0.19017712622791358,7.567933486623907,90.66703193346947
0.029006321465330456,6.150094921795605,94.12846095192359
0.03493689587486526,2.8950620579412143,58.368577344948925
0.06434007067405778,5.082124040704953,87.66092046220395
0.030434253068927414,1.3505552596892554,92.92936035643535
0.0720792221089516,6.994030008776283,61.03059458468307
0.044025726565817255,1.7980616036005395,99.46317414885927
0.03747899234424268,4.54789461008414,96.19966714318335
0.037010193286001365,3.8574356383830013,66.89231982161134
0.014511607691113582,5.266898973633255,95.39710353964952
0.10374911695242665,4.090544309357627,99.9662879181185
0.07027937134228417,2.9337303438673556,72.65453107054856
0.023500083700438632,6.695557695476838,73.69412624120609
0.06428726573212776,7.673840345810202,78.8061806427783
0.09376031721659861,2.185457082894983,72.4012691772555
0.04355994053889019,6.466040052275838,91.18331296439814
0.05423455964900802,1.966295476681414,74.23643636935735
0.031037324139081276,0.3056313516732496,55.502101857234585
0.09671440657889872,3.9971789671175975,78.4156772360093
0.02400715430917905,7.713045725796125,90.60468408577853
0.029686820931955432,0.6687534388442608,59.03190894671379
0.03637171136184296,7.05211560387912,72.29004225654586
0.06045128740630361,5.458748080751224,89.0962480142517
0.06910730557431002,0.5943407190867536,85.02019198434266
0.1551532507152409,1.4617056618177835,52.622942903020586
0.03649142621262361,3.8278682110354394,55.49901476200807
0.15330536425908142,0.9843547936005804,57.52000286467167
0.05899909247022454,3.328390886618253,81.81022192211465
0.03640616880530768,2.2056213814152907,77.06274311451284
0.052630927970312706,7.526684704149574,99.86740113065467
0.0887271207091376,2.5229253960158387,64.16003202469871
0.05009630197662726,1.5719598075723984,79.69432523764073
0.1855935971888728,7.389537210869607,90.73194530216912
0.029006321465330456,6.150094921795605,94.12846095192359
0.033686107213562466,2.7919025510230764,57.04372179678957
0.06283954960487734,5.1963493093762425,87.92351875613187
0.02631393383036223,1.3041583952306643,95.7028541097593
0.0720792221089516,6.994030008776283,61.03059458468307
0.044025726565817255,1.7980616036005395,99.46317414885927
0.053157235462552264,5.656300702812328,80.26366690366945
0.038386886166341345,3.7174766444736016,67.66985121814248
0.014511607691113582,5.266898973633255,95.39710353964952
0.10374911695242665,4.090544309357627,99.9662879181185
0.08146422970842046,3.6883831818323127,68.75328595965085
0.023500083700438632,6.695557695476838,73.69412624120609
0.06428726573212776,7.673840345810202,78.8061806427783
0.1261573444771728,2.9523371839001826,79.16112392158145
0.04355994053889019,6.466040052275838,91.18331296439814
0.054252524957826065,1.964322985136173,74.2440964085713
0.0328938438387418,1.4096224931861236,59.042471403953456
0.08211546705540874,4.774406278813829,83.8061971875125
0.02400715430917905,7.713045725796125,90.60468408577853
0.029686820931955432,0.6687534388442608,59.03190894671379
0.03637171136184296,7.05211560387912,72.29004225654586
0.05904871140738557,5.273560458109159,92.48156216512152
0.06910730557431002,0.5943407190867536,85.02019198434266
0.1415418400284904,1.3244991911181447,57.747789421291436
0.03686828617305802,4.002829699461237,55.3033522205746
0.10297270006547551,3.0761284496157857,72.34394025096972
0.07611198124344476,3.6910847815532257,98.55365844883119
0.03640616880530768,2.2056213814152907,77.06274311451284
0.04431892150564577,7.0423497304556175,97.84823065871942
0.10041644063570418,2.245543062804193,63.34502987365213
0.049850614729618,1.502082308149613,79.53566804446318
0.125520973024399,6.316248344868423,89.35757471550325
0.029006321465330456,6.150094921795605,94.12846095192359
0.033686107213562466,2.7919025510230764,57.04372179678957
0.06283954960487734,5.1963493093762425,87.92351875613187
0.02631393383036223,1.3041583952306643,95.7028541097593
0.07644929428626651,7.571027817034428,50.48281165270718
0.044025726565817255,1.7980616036005395,99.46317414885927
0.053157235462552264,5.656300702812328,80.26366690366945
0.038386886166341345,3.7174766444736016,67.66985121814248
0.024077077024789617,5.068594314109932,94.00605387121102
0.08666063186935916,4.630537421787201,95.6761764576421
0.07797484207706518,3.8521309709661185,70.44118821742293
0.023500083700438632,6.695557695476838,73.69412624120609
0.06428726573212776,7.673840345810202,78.8061806427783
0.1261573444771728,2.9523371839001826,79.16112392158145
0.04355994053889019,6.466040052275838,91.18331296439814
0.054252524957826065,1.964322985136173,74.2440964085713
0.03246805836164036,0.6667448181362934,60.11665781991043
0.09132160354887607,5.70288002968356,86.9655909308911
0.02400715430917905,7.713045725796125,90.60468408577853
0.03031166707246842,0.9286003375808836,60.55726949459195
0.039681576144139266,7.048048299765107,82.93455097859271
0.04731941715304978,5.545730126996962,91.10346129536487
0.06881407342503608,0.5913848646772829,85.13059712851441
0.1415418400284904,1.3244991911181447,57.747789421291436
0.03686828617305802,4.002829699461237,55.3033522205746
0.10170544842679577,2.983946892878826,72.81831271482402
0.06875779188734361,4.379262809625796,97.5824590673635
0.03640616880530768,2.2056213814152907,77.06274311451284
0.042548698952434155,6.072181677167171,92.55814597656956
0.10041644063570418,2.245543062804193,63.34502987365213
0.048715017817985394,1.3828342867217458,80.90077821161162
0.125520973024399,6.316248344868423,89.35757471550325
0.01810105015189932,6.437100306764346,93.82687944287093
0.033686107213562466,2.7919025510230764,57.04372179678957
0.09543611337161792,4.277464787206222,81.94537818025087
0.02631393383036223,1.3041583952306643,95.7028541097593
0.0804000099751358,6.8857139118600195,57.02944037622831
0.044025726565817255,1.7980616036005395,99.46317414885927
0.053157235462552264,5.656300702812328,80.26366690366945
0.02989487173777452,2.6027757293037315,60.42920562693486
0.024077077024789617,5.068594314109932,94.00605387121102
0.08662860591345768,4.6335892379393355,95.72198531270902
0.06569329482830769,4.731363582306876,74.3246817999305
0.023500083700438632,6.695557695476838,73.69412624120609
0.06428726573212776,7.673840345810202,78.8061806427783
0.16754771150645797,3.613617328683568,80.70313691453136
0.04414724387800163,6.682227498018486,94.33237291280665
0.05244660778415027,1.7746852293291058,76.41500394588446
0.031900533611808876,0.23646920086534484,60.73745978135375
0.10145555464528094,5.554553260508773,88.94862484761083
0.02400715430917905,7.713045725796125,90.60468408577853
0.044891511653126104,2.7677410692556466,72.12319716805303
0.039681576144139266,7.048048299765107,82.93455097859271
0.05392065003827115,5.546805999081431,90.84070562271961
0.06881407342503608,0.5913848646772829,85.13059712851441
0.10878800740610067,0.9943322540218051,70.07996930609028
0.03686828617305802,4.002829699461237,55.3033522205746
0.09307620775375784,4.564261080418447,66.42342064655034
0.06175681639299199,4.140361676998918,98.59688800946626
0.03640616880530768,2.2056213814152907,77.06274311451284
0.040990224817053604,5.504435694698714,82.33694643655451
0.08243849684810609,2.234330647618428,67.19779085226546
0.048715017817985394,1.3828342867217458,80.90077821161162
0.125520973024399,6.316248344868423,89.35757471550325
0.01810105015189932,6.437100306764346,93.82687944287093
0.033686107213562466,2.7919025510230764,57.04372179678957
0.10215915180033038,4.202929108422506,80.8090906083102
0.02631393383036223,1.3041583952306643,95.7028541097593
0.0804000099751358,6.8857139118600195,57.02944037622831
0.044025726565817255,1.7980616036005395,99.46317414885927
0.053157235462552264,5.656300702812328,80.26366690366945
0.03128151020953802,2.5181981877941877,63.9714649897893
0.024077077024789617,5.068594314109932,94.00605387121102
0.06522521327249242,5.3326887727112595,88.25355582601348
0.06937033366659792,4.954172084672625,76.30994716780106
0.02549353991395948,5.625396169571203,71.20336192428672
0.06428726573212776,7.673840345810202,78.8061806427783
0.22447187057854287,2.6572617077295453,76.50267998085364
0.04414724387800163,6.682227498018486,94.33237291280665
0.05244660778415027,1.7746852293291058,76.41500394588446
0.03500313625736133,1.3048038148005974,66.84773594890035
0.10145555464528094,5.554553260508773,88.94862484761083
0.02400715430917905,7.713045725796125,90.60468408577853
0.044891511653126104,2.7677410692556466,72.12319716805303
0.039681576144139266,7.048048299765107,82.93455097859271
0.06420919979749584,5.51836206383321,97.94799816483186
0.06934884558439794,0.3045260254091948,84.16599574227261
0.10878800740610067,0.9943322540218051,70.07996930609028
0.03686828617305802,4.002829699461237,55.3033522205746
0.09307620775375784,4.564261080418447,66.42342064655034
0.061879244629200365,4.311318492617376,97.63937372188633
0.03640616880530768,2.2056213814152907,77.06274311451284
0.040559162059286336,5.347401231721,79.50983602042137
0.10432652455551467,1.9840013947945585,71.75659394879548
0.04410441556289883,2.564081185134011,82.71157218376689
0.12925834087724955,6.364884917911836,88.83393022192324
0.01810105015189932,6.437100306764346,93.82687944287093
0.033686107213562466,2.7919025510230764,57.04372179678957
0.10215915180033038,4.202929108422506,80.8090906083102
0.028397801983566968,1.6420188744389543,94.5042969810209
0.0804000099751358,6.8857139118600195,57.02944037622831
0.044025726565817255,1.7980616036005395,99.46317414885927
0.07797836283352783,5.103464555662827,70.66039081952489
0.015949713257786886,0.31883108030099727,52.55293011830551
0.024077077024789617,5.068594314109932,94.00605387121102
0.06658563767522185,5.711477745407123,89.51390108711406
0.10842147817912973,4.356770440253471,80.85490091793802
0.04269455204954266,5.004177857454417,83.7007469084632
0.06428726573212776,7.673840345810202,78.8061806427783
0.16107950004005073,3.111937160690114,69.3393006413528
0.0375459834123879,6.620101397994464,94.20425845225235
0.05244660778415027,1.7746852293291058,76.41500394588446
0.03500313625736133,1.3048038148005974,66.84773594890035
0.11215379063916842,6.209631212767671,93.50234568185249
0.02400715430917905,7.713045725796125,90.60468408577853
0.044891511653126104,2.7677410692556466,72.12319716805303
0.039681576144139266,7.048048299765107,82.93455097859271
0.06420919979749584,5.51836206383321,97.94799816483186
0.06934884558439794,0.3045260254091948,84.16599574227261
0.10878800740610067,0.9943322540218051,70.07996930609028
0.03686828617305802,4.002829699461237,55.3033522205746
0.11339161502047293,3.812143943809391,56.259963881746124
0.061879244629200365,4.311318492617376,97.63937372188633
0.03291244224563326,3.0542951975587957,81.1531944268752
0.040717046107680364,5.041442533708806,78.89370504924341
0.10685980335836934,1.950596319110816,71.7409683416146
0.04460650637660263,1.6950962712647164,82.35930011082296
0.10687993402009226,6.53555538312203,87.3601249409973
0.02146327861692133,5.83545314523054,94.55786293501409
0.024887154282749513,3.002506229393296,55.51639255565592
0.09934362256256218,5.551999283735951,86.24058516992574
0.028397801983566968,1.6420188744389543,94.5042969810209
0.0804000099751358,6.8857139118600195,57.02944037622831
0.044025726565817255,1.7980616036005395,99.46317414885927
0.10308793710326547,6.876042491101153,69.55026872146415
0.015949713257786886,0.31883108030099727,52.55293011830551
0.024077077024789617,5.068594314109932,94.00605387121102
0.09751726221994761,5.626491929059058,86.05623758384773
0.12208376354832645,5.773693639556934,79.69713090423721
0.042136590627972384,5.01469223887654,82.34442030911443
0.06428726573212776,7.673840345810202,78.8061806427783
0.20229723651827747,0.5083407842488334,55.6348073834243
0.0375459834123879,6.620101397994464,94.20425845225235
0.052570075540362436,1.7584563985872137,76.48514200154455
0.03488956756408961,1.280103638657411,66.80135912425831
0.11215379063916842,6.209631212767671,93.50234568185249
0.023588785850464398,7.40425488494803,91.25482801663632
0.047013013351122325,1.024786853832504,67.72078077976299
0.040991449170745806,7.419465418099346,84.61145539440082
0.06420919979749584,5.51836206383321,97.94799816483186
0.06934884558439794,0.3045260254091948,84.16599574227261
0.10878800740610067,0.9943322540218051,70.07996930609028
0.03781432882347555,3.7251134536436576,56.46133476848443
0.11339161502047293,3.812143943809391,56.259963881746124
0.061879244629200365,4.311318492617376,97.63937372188633
0.03291244224563326,3.0542951975587957,81.1531944268752
0.07408092480780283,5.341697205913922,79.2231444516638
0.12603261982815214,2.029285412907868,68.47072666612675
0.04460650637660263,1.6950962712647164,82.35930011082296
0.12969202345811554,7.079354438801002,81.69976977390336
0.02146327861692133,5.83545314523054,94.55786293501409
0.024887154282749513,3.002506229393296,55.51639255565592
0.09934362256256218,5.551999283735951,86.24058516992574
0.025692699009509296,1.615008784358631,93.64594414574155
0.0804000099751358,6.8857139118600195,57.02944037622831
0.03811305551504,2.170162759625098,85.88625422725926
0.10055574829896552,6.6195254136241255,69.8978766354926
0.015949713257786886,0.31883108030099727,52.55293011830551
0.024077077024789617,5.068594314109932,94.00605387121102
0.1081649791849281,6.0504234992755155,86.86432304594304
0.13235095620021173,6.066423141435821,82.25142061625128
0.03689534140813985,5.030335750433495,85.728870696446
0.06428726573212776,7.673840345810202,78.8061806427783
0.19323750871203585,0.49912731951172074,55.48497459431237
0.03181309372581857,4.1993677979410595,93.9342274447383
0.06700324568135488,2.500809172587246,86.8454602230023
0.027809266524034662,0.48491392107215203,58.7115095754075
0.11725105096814162,6.101103363512479,99.35714121828875
0.023553273086123976,7.574124355855449,91.05473503818796
0.047013013351122325,1.024786853832504,67.72078077976299
0.035033357024303644,6.591370438214101,87.92070523948256
0.06420919979749584,5.51836206383321,97.94799816483186
0.06934884558439794,0.3045260254091948,84.16599574227261
0.11166886181920799,1.8329301086760266,71.68133400911341
0.03781432882347555,3.7251134536436576,56.46133476848443
0.197556911387925,4.724684251384824,53.06978728542694
0.05558128301977126,4.499453706043271,94.81170053287207
0.03291244224563326,3.0542951975587957,81.1531944268752
0.0853813299710803,4.880085994208121,76.53039065100954
0.1778694023711648,2.967939285775989,74.71045952440934
0.04460650637660263,1.6950962712647164,82.35930011082296
0.12969202345811554,7.079354438801002,81.69976977390336
0.021097063719376155,5.893343921203698,94.57992947482894
0.024973666097104212,2.8534953583702993,59.6113317676074
0.15698235188994325,5.300554728764702,80.09757752505969
0.025692699009509296,1.615008784358631,93.64594414574155
0.08841106957144795,7.328641359745308,50.9445419834599
0.03811305551504,2.170162759625098,85.88625422725926
0.11198822607468059,7.434148188365116,66.97060423037512
0.015949713257786886,0.31883108030099727,52.55293011830551
0.024077077024789617,5.068594314109932,94.00605387121102
0.10708029623148681,5.65785073957898,92.50831578353933
0.1394368655557786,5.4185074371903,79.13637135729874
0.03585555987913981,5.08870835114728,85.95520030029316
0.06428726573212776,7.673840345810202,78.8061806427783
0.19323750871203585,0.49912731951172074,55.48497459431237
0.03181309372581857,4.1993677979410595,93.9342274447383
0.032469916169793125,2.7766597232816226,97.59503596860866
0.027326665137333117,0.24193052511552438,56.58922556637386
0.11725105096814162,6.101103363512479,99.35714121828875
0.025278171279999553,6.7411182397248535,89.22987759347707
0.06120002373645813,1.3472059741637672,74.64813409414853
0.035033357024303644,6.591370438214101,87.92070523948256
0.06420919979749584,5.51836206383321,97.94799816483186
0.06934884558439794,0.3045260254091948,84.16599574227261
0.11166886181920799,1.8329301086760266,71.68133400911341
0.03839296216675748,3.7409099003869146,56.61289691809979
0.17449249042464682,5.455000681964153,56.816652071044146
0.05878711765958109,3.5226472156462916,92.33280355872067
0.03263113266750178,3.1901482003282657,81.45080612346366
0.0969105403116455,5.338415155558037,71.94047877437596
0.11686715135358516,3.2977333266649316,66.76188857290435
0.04757962543236061,2.0774582681081046,80.22710635728538
0.12969202345811554,7.079354438801002,81.69976977390336
0.021097063719376155,5.893343921203698,94.57992947482894
0.016065713481962222,2.6772112832017196,50.9910547256623
0.15456240659624684,5.232622341351128,80.34730250583065
0.02482826496395226,1.5229221851941777,95.63656806256063
0.08841106957144795,7.328641359745308,50.9445419834599
0.03326891348397806,2.4220892424689593,76.19939190807483
0.11198822607468059,7.434148188365116,66.97060423037512
0.015949713257786886,0.31883108030099727,52.55293011830551
0.024077077024789617,5.068594314109932,94.00605387121102
0.08582048606354742,5.347515723118324,89.03252540298496
0.13387921043748577,4.700868445893004,77.6442753871214
0.042663448950932575,4.717541150582683,81.97673265298818
0.06428726573212776,7.673840345810202,78.8061806427783
0.19323750871203585,0.49912731951172074,55.48497459431237
0.030521722406670664,3.0602610695803065,83.1848611307355
0.032469916169793125,2.7766597232816226,97.59503596860866
0.027326665137333117,0.24193052511552438,56.58922556637386
0.11725105096814162,6.101103363512479,99.35714121828875
0.025278171279999553,6.7411182397248535,89.22987759347707
0.06911882461163187,1.4234184024182501,74.18262904187605
0.040605499394346545,5.871511256632138,88.9556925142516
0.06420919979749584,5.51836206383321,97.94799816483186
0.06934884558439794,0.3045260254091948,84.16599574227261
0.09312615985771408,1.7667354400649065,76.79639288199607
0.044660071201955,3.911999339421279,58.25444856436507
0.17449249042464682,5.455000681964153,56.816652071044146
0.05878711765958109,3.5226472156462916,92.33280355872067
0.03263113266750178,3.1901482003282657,81.45080612346366
0.16447333770000977,4.015402311605769,55.63332371064357
0.11686715135358516,3.2977333266649316,66.76188857290435
0.04537345563999192,1.6222622473916912,68.93690543594509
0.12969202345811554,7.079354438801002,81.69976977390336
0.04645481139133134,5.625229746328998,90.77214557008574
0.016065713481962222,2.6772112832017196,50.9910547256623
0.16020017654713245,5.393832303540226,79.68288710335972
0.02482826496395226,1.5229221851941777,95.63656806256063
0.08841106957144795,7.328641359745308,50.9445419834599
0.032585165627780605,2.1006134312239535,75.01054285770698
0.11198822607468059,7.434148188365116,66.97060423037512
0.04291378784366416,1.114762327373933,56.349413885498834
0.024077077024789617,5.068594314109932,94.00605387121102
0.08582048606354742,5.347515723118324,89.03252540298496
0.22830425512528413,2.926938109209262,67.57097392926164
0.048445759423211394,6.130385420912654,85.53266982611858
0.06428726573212776,7.673840345810202,78.8061806427783
0.19323750871203585,0.49912731951172074,55.48497459431237
0.030521722406670664,3.0602610695803065,83.1848611307355
0.032469916169793125,2.7766597232816226,97.59503596860866
0.027326665137333117,0.24193052511552438,56.58922556637386
0.11725105096814162,6.101103363512479,99.35714121828875
0.025278171279999553,6.7411182397248535,89.22987759347707
0.06664551880904238,1.5283074286751896,74.75949288889231
0.03141363264017839,7.651783676185518,90.48739499001061
0.06420919979749584,5.51836206383321,97.94799816483186
0.06934884558439794,0.3045260254091948,84.16599574227261
0.09749831600879179,1.711375276558395,75.8656607560083
0.04230853288747168,3.7708845930063073,62.789106664116886
0.1480035092672247,5.753990398501558,76.50263876439278
0.05689165470117496,3.704702853556819,92.15728382846201
0.031466534027782246,3.120261164804733,83.69659417719755
0.16447333770000977,4.015402311605769,55.63332371064357
0.14191934274767676,2.379691094666673,63.06266000964908
0.04369816932589621,1.3849155091049568,66.01489742099558
0.12969202345811554,7.079354438801002,81.69976977390336
0.046559905519023066,5.701431152163139,91.35412956797254
0.016065713481962222,2.6772112832017196,50.9910547256623
0.16020017654713245,5.393832303540226,79.68288710335972
0.02482826496395226,1.5229221851941777,95.63656806256063
0.08029577888477017,4.338290507000455,65.0877896165768
0.032585165627780605,2.1006134312239535,75.01054285770698
0.11198822607468059,7.434148188365116,66.97060423037512
0.039812151499200706,0.8087853514222365,53.98681944830182
0.01015804648818587,4.694054600232992,98.28659454424951
0.06471654810274383,5.70603880353398,92.2112962470367
0.22830425512528413,2.926938109209262,67.57097392926164
0.025103180836083122,6.284232127542561,86.75453663405163
0.06428726573212776,7.673840345810202,78.8061806427783
0.19323750871203585,0.49912731951172074,55.48497459431237
0.030521722406670664,3.0602610695803065,83.1848611307355
0.032469916169793125,2.7766597232816226,97.59503596860866
0.027326665137333117,0.24193052511552438,56.58922556637386
0.11725105096814162,6.101103363512479,99.35714121828875
0.025278171279999553,6.7411182397248535,89.22987759347707
0.06314504011981704,1.6867145050079508,75.64877757967241
0.03141363264017839,7.651783676185518,90.48739499001061
0.06420919979749584,5.51836206383321,97.94799816483186
0.06934884558439794,0.3045260254091948,84.16599574227261
0.12097870633099986,0.8351608780325206,81.42905631188728
0.04230853288747168,3.7708845930063073,62.789106664116886
0.12231718458344573,5.272049805419635,73.16993317937514
0.03690889093346776,3.201784348543786,72.00796193159326
0.03596546551957392,0.8208031519185806,81.24045132654325
0.16447333770000977,4.015402311605769,55.63332371064357
0.1499677473617051,1.020559852128283,62.01182329543342
0.04941715384086058,2.5606692373284154,73.14279252768134
0.09069523732745838,6.953029009350144,84.5121361223815
0.046559905519023066,5.701431152163139,91.35412956797254
0.016065713481962222,2.6772112832017196,50.9910547256623
0.2408614381780005,7.73136886482312,96.3504717763985
0.026900459428748746,3.451469455680778,94.01629589799533
0.05569488009396753,3.8239106931706006,60.94032304205889
0.030136789683467273,2.258293354988248,76.99243024739181
0.11198822607468059,7.434148188365116,66.97060423037512
0.029629899253227378,1.6099490512784254,52.7022633370501
0.02918806238340462,5.227824383663647,95.03184776224037
0.06471654810274383,5.70603880353398,92.2112962470367
0.22830425512528413,2.926938109209262,67.57097392926164
0.025131500661498364,6.358172936206553,87.15513693110333
0.053514599918525155,5.965522199765662,78.2340384901785
0.17511455148843758,2.046009734608975,58.04688736232439
0.0574483851290043,3.0421101118708025,81.05914320873478
0.032469916169793125,2.7766597232816226,97.59503596860866
0.028624719505301308,2.5953606030530416,67.35556194067686
0.11725105096814162,6.101103363512479,99.35714121828875
0.025232210264018534,6.743226857652148,89.23991026395262
0.06797056941578404,1.2933320107656714,80.72956192570199
0.03141363264017839,7.651783676185518,90.48739499001061
0.06420919979749584,5.51836206383321,97.94799816483186
0.06934884558439794,0.3045260254091948,84.16599574227261
0.1261972689573621,0.48072247440514104,81.66241313863316
0.023674031726353212,2.8461805435673897,62.58240815827646
0.12231718458344573,5.272049805419635,73.16993317937514
0.04042698573216223,3.538715467227068,51.729010850349326
0.04180756525924556,0.2758053328505219,90.12096358987294
0.1421805263797877,4.319541110218777,52.91572469014987
0.15909182680741532,1.0833851846060423,59.640617698219025
0.04941715384086058,2.5606692373284154,73.14279252768134
0.09069523732745838,6.953029009350144,84.5121361223815
0.05528985690822401,5.151400761943812,88.72314658914448
0.016065713481962222,2.6772112832017196,50.9910547256623
0.2408614381780005,7.73136886482312,96.3504717763985
0.026900459428748746,3.451469455680778,94.01629589799533
0.05569488009396753,3.8239106931706006,60.94032304205889
0.034134799681622134,2.503200297205107,74.48142554916879
0.12087014507811875,7.669365174537515,63.66053153971829
0.029629899253227378,1.6099490512784254,52.7022633370501
0.08485282844351075,3.288786407674769,79.81362677106941
0.044207515477047606,4.721594877445622,98.28944456395772
0.24340630274919972,2.9385270437813555,65.25562506245913
0.025696457019181603,5.429852479209375,89.34640077013907
0.053514599918525155,5.965522199765662,78.2340384901785
0.15068758849874733,2.3823345772260227,63.93748328723268
0.06221947288552401,2.937861731200083,80.07690086897138
0.03163134270013301,3.001250530154783,98.26624975562137
0.024068765944076337,2.6821937597072267,66.66129644112235
0.11745621613609787,5.811272928744754,98.37040339171686
0.012805883957197353,7.133728273793034,86.46366861317388
0.06797056941578404,1.2933320107656714,80.72956192570199
0.03648777346202624,6.875336626484646,88.77264503433773
0.06420919979749584,5.51836206383321,97.94799816483186
0.06934884558439794,0.3045260254091948,84.16599574227261
0.1261972689573621,0.48072247440514104,81.66241313863316
0.023334359526234857,2.4122453401877766,58.08731788885598
0.15643433982397442,3.482813250566351,57.83641367734694
0.04042698573216223,3.538715467227068,51.729010850349326
0.06961264254889366,2.3103968629590605,93.1530905164981
0.1421805263797877,4.319541110218777,52.91572469014987
0.15909182680741532,1.0833851846060423,59.640617698219025
0.03803271797855173,2.6004505910639493,65.58134883793426
0.07322375203010079,7.846700696104733,95.23434916514815
0.05528985690822401,5.151400761943812,88.72314658914448
0.016065713481962222,2.6772112832017196,50.9910547256623
0.17763560671548922,5.376992164663758,90.63793750213578
0.0290823065547149,3.3861932822182146,93.7448442398706
0.06945240176732378,4.122951763206649,63.46574043507924
0.034134799681622134,2.503200297205107,74.48142554916879
0.12087014507811875,7.669365174537515,63.66053153971829
0.029629899253227378,1.6099490512784254,52.7022633370501
0.0985420180948384,2.4262993226928096,75.68805683821222
0.0361459828763328,4.129977362255316,96.29903515046635
0.142905333563471,2.8962896758735317,64.03295126737467
0.025696457019181603,5.429852479209375,89.34640077013907
0.04309943399564092,5.702057517730319,80.48753510441726
0.1655018895902558,2.353651962023022,63.72131225876671
0.06193902783799239,2.961663351183206,79.5808818684333
0.015445861579438017,1.1156674767646875,99.44609892900338
0.024068765944076337,2.6821937597072267,66.66129644112235
0.11745621613609787,5.811272928744754,98.37040339171686
0.01816091228376574,6.9960489112305,87.33146172245723
0.0707330377635814,1.000863927587364,80.44241647938333
0.036476828009293125,6.8738704959625485,88.77322698523498
0.06420919979749584,5.51836206383321,97.94799816483186
0.06934884558439794,0.3045260254091948,84.16599574227261
0.09901244611245746,0.39646562139742814,82.85962223467101
0.030081712202897137,3.4557169772830223,64.54253080931005
0.12253080293636148,5.260846826650456,73.07392514009601
0.04425128956343969,3.218465394528865,55.3523395189036
0.0711926304396155,1.3583829231036928,92.7271809055448
0.1421805263797877,4.319541110218777,52.91572469014987
0.15766643672457528,1.2452438482504027,60.96652721528689
0.03803271797855173,2.6004505910639493,65.58134883793426
0.07322375203010079,7.846700696104733,95.23434916514815
0.0637828748281546,5.8230947569453075,94.72459249855044
0.016065713481962222,2.6772112832017196,50.9910547256623
0.17763560671548922,5.376992164663758,90.63793750213578
0.05457178655448601,3.89753317400368,88.10654079602757
0.09747174009084573,5.48068265976868,61.57909039753609
0.034134799681622134,2.503200297205107,74.48142554916879
0.12087014507811875,7.669365174537515,63.66053153971829
0.029629899253227378,1.6099490512784254,52.7022633370501
0.1492278975259275,2.280420752382674,84.15398492138023
0.0361459828763328,4.129977362255316,96.29903515046635
0.17706434991111974,3.3734947188691975,54.54226163038313
0.025696457019181603,5.429852479209375,89.34640077013907
0.0427433789921264,5.41383163440025,76.65598611082666
0.1655018895902558,2.353651962023022,63.72131225876671
0.06392788843191159,2.989968628224674,80.6882013790336
0.015445861579438017,1.1156674767646875,99.44609892900338
0.024068765944076337,2.6821937597072267,66.66129644112235
0.11745621613609787,5.811272928744754,98.37040339171686
0.01816091228376574,6.9960489112305,87.33146172245723
0.0707330377635814,1.000863927587364,80.44241647938333
0.03860435970864472,7.158850865181309,88.66010978381962
0.06420919979749584,5.51836206383321,97.94799816483186
0.08011427838606265,1.536821889094461,87.34464787569587
0.09366904931523258,0.5812226266046945,84.75490011927064
0.023297647764338025,4.18545890427415,63.65617647314516
0.18335583349319706,6.736914819297997,85.69018531161338
0.04425128956343969,3.218465394528865,55.3523395189036
0.0711926304396155,1.3583829231036928,92.7271809055448
0.1421805263797877,4.319541110218777,52.91572469014987
0.15766643672457528,1.2452438482504027,60.96652721528689
0.03803271797855173,2.6004505910639493,65.58134883793426
0.07931970798842172,7.251882614292528,86.77340078875925
0.0637828748281546,5.8230947569453075,94.72459249855044
0.016065713481962222,2.6772112832017196,50.9910547256623
0.17763560671548922,5.376992164663758,90.63793750213578
0.042824730006500375,5.692119645502909,84.84082691112957
0.09747174009084573,5.48068265976868,61.57909039753609
0.03614340685052477,3.182326870714061,74.98880751962113
0.12153621129607371,7.724101114830139,63.46135510523088
0.027712634226916607,3.4718722245402622,70.56359672887773
0.16175361576711064,1.3896648775554175,83.68465414156263
0.0361459828763328,4.129977362255316,96.29903515046635
0.13277984607521437,5.130649691801985,69.1450058587934
0.030718505053794525,7.54349011517346,84.39828145482083
0.04387766284396545,5.252139155648188,77.2967515372582
0.17128697993502373,2.3796842448305493,56.45789115895016
0.04373805513403191,2.8580373345610632,68.16097207987936
0.015445861579438017,1.1156674767646875,99.44609892900338
0.021415542495474463,2.3641326182763427,60.15023153699339
0.11745621613609787,5.811272928744754,98.37040339171686
0.01816091228376574,6.9960489112305,87.33146172245723
0.06956572130523891,0.15106804590924572,79.58174965646711
0.03780049065216134,7.157014080098024,88.69736028132971
0.06420919979749584,5.51836206383321,97.94799816483186
0.09355665173319036,0.03889375004682627,88.24724116691719
0.10169223427363608,0.21844283741101345,86.11699124751757
0.023297647764338025,4.18545890427415,63.65617647314516
0.11961719655929129,6.836898848358693,86.3234536983959
0.04425128956343969,3.218465394528865,55.3523395189036
0.0711926304396155,1.3583829231036928,92.7271809055448
0.11798564521886623,3.9277812261705556,54.36513517146066
0.15766643672457528,1.2452438482504027,60.96652721528689
0.037076077678079716,3.2469604567507115,68.04245248063106
0.08392201595956655,7.50379456160535,88.67252026621031
0.0637828748281546,5.8230947569453075,94.72459249855044
0.016065713481962222,2.6772112832017196,50.9910547256623
0.17933611789244613,6.179835959819747,99.79323247306348
0.042824730006500375,5.692119645502909,84.84082691112957
0.08141969473749316,3.9842253106717584,60.32353825191622
0.03614340685052477,3.182326870714061,74.98880751962113
0.12153621129607371,7.724101114830139,63.46135510523088
0.027712634226916607,3.4718722245402622,70.56359672887773
0.16175361576711064,1.3896648775554175,83.68465414156263
0.0361459828763328,4.129977362255316,96.29903515046635
0.09181341887482518,4.304710474118525,71.62232887723765
0.030718505053794525,7.54349011517346,84.39828145482083
0.04387766284396545,5.252139155648188,77.2967515372582
0.14727902441598212,2.5623157609693137,58.81659354562868
0.03165081724025679,3.5182799144580477,57.34537552014724
0.02878365599206282,1.2025301408750744,96.95018710351204
0.021415542495474463,2.3641326182763427,60.15023153699339
0.0992349604413913,5.222156665860115,93.13085945418692
0.01816091228376574,6.9960489112305,87.33146172245723
0.06956572130523891,0.15106804590924572,79.58174965646711
0.03780049065216134,7.157014080098024,88.69736028132971
0.06423544337750217,5.517208234322393,97.92297011364035
0.09355665173319036,0.03889375004682627,88.24724116691719
0.10169223427363608,0.21844283741101345,86.11699124751757
0.023297647764338025,4.18545890427415,63.65617647314516
0.11399140727332063,6.416752517858808,82.49414448238124
0.04425128956343969,3.218465394528865,55.3523395189036
0.0711926304396155,1.3583829231036928,92.7271809055448
0.11798564521886623,3.9277812261705556,54.36513517146066
0.15766643672457528,1.2452438482504027,60.96652721528689
0.037076077678079716,3.2469604567507115,68.04245248063106
0.06781492005030279,7.409455210451214,99.46840866949239
0.06365327382326776,5.910690770345762,93.80868052561102
0.016065713481962222,2.6772112832017196,50.9910547256623
0.17933611789244613,6.179835959819747,99.79323247306348
0.0166878380322453,5.598739973529818,81.97799315799216
0.08882339817413817,3.7341786931086807,56.97623307972974
0.03614340685052477,3.182326870714061,74.98880751962113
0.12153621129607371,7.724101114830139,63.46135510523088
0.027712634226916607,3.4718722245402622,70.56359672887773
0.10723615627503705,2.2816263523472555,72.64760827050809
0.0361459828763328,4.129977362255316,96.29903515046635
0.09181341887482518,4.304710474118525,71.62232887723765
0.030718505053794525,7.54349011517346,84.39828145482083
0.04387766284396545,5.252139155648188,77.2967515372582
0.14727902441598212,2.5623157609693137,58.81659354562868
0.03165081724025679,3.5182799144580477,57.34537552014724
0.02878365599206282,1.2025301408750744,96.95018710351204
0.021415542495474463,2.3641326182763427,60.15023153699339
0.0992349604413913,5.222156665860115,93.13085945418692
0.01816091228376574,6.9960489112305,87.33146172245723
0.06956572130523891,0.15106804590924572,79.58174965646711
0.03780049065216134,7.157014080098024,88.69736028132971
0.04634533332482062,4.718304303637592,87.1044308431236
0.09355665173319036,0.03889375004682627,88.24724116691719
0.08736522717987444,3.259583720088039,91.763420325554
0.02360765339078897,4.294370207013525,62.02209983051938
0.10134902614256652,6.188189330935717,86.41442013895873
0.0510934335544216,3.055664027776257,54.27010712713599
0.0711926304396155,1.3583829231036928,92.7271809055448
0.13402955000999003,4.034293615390804,52.928613281486996
0.15766643672457528,1.2452438482504027,60.96652721528689
0.037076077678079716,3.2469604567507115,68.04245248063106
0.06781492005030279,7.409455210451214,99.46840866949239
0.06365327382326776,5.910690770345762,93.80868052561102
0.016065713481962222,2.6772112832017196,50.9910547256623
0.17933611789244613,6.179835959819747,99.79323247306348
0.01100178325648632,6.304957169840359,84.02064185919009
0.08882339817413817,3.7341786931086807,56.97623307972974
0.04432494478244073,2.166166631734516,72.04968566984981
0.12153621129607371,7.724101114830139,63.46135510523088
0.0216790170543014,3.6168009050557313,72.18817205847739
0.11425959735030415,1.3603234895121648,73.11451561759303
0.04720842390294386,4.119163536830988,91.39746946100087
0.09181341887482518,4.304710474118525,71.62232887723765
0.030718505053794525,7.54349011517346,84.39828145482083
0.04387766284396545,5.252139155648188,77.2967515372582
0.14727902441598212,2.5623157609693137,58.81659354562868
0.03165081724025679,3.5182799144580477,57.34537552014724
0.02878365599206282,1.2025301408750744,96.95018710351204
0.021415542495474463,2.3641326182763427,60.15023153699339
0.07477290076889212,4.6054390040953095,80.17831464203275
0.01816091228376574,6.9960489112305,87.33146172245723
0.06956572130523891,0.15106804590924572,79.58174965646711
0.03780049065216134,7.157014080098024,88.69736028132971
0.04357044372911382,4.743545683398762,88.04929410589637
0.09355665173319036,0.03889375004682627,88.24724116691719
0.08736522717987444,3.259583720088039,91.763420325554
0.02360765339078897,4.294370207013525,62.02209983051938
0.10321485511725231,6.248409871702359,86.74759125533481
0.0510934335544216,3.055664027776257,54.27010712713599
0.07241502260461002,1.502083591316718,92.65433587015363
0.14442304205288897,4.0098138331344195,52.07268630519612
0.15766643672457528,1.2452438482504027,60.96652721528689
0.037076077678079716,3.2469604567507115,68.04245248063106
0.06781492005030279,7.409455210451214,99.46840866949239
0.06365327382326776,5.910690770345762,93.80868052561102
0.016819001531926406,2.651564244791973,51.353221459822215
0.17933611789244613,6.179835959819747,99.79323247306348
0.01100178325648632,6.304957169840359,84.02064185919009
0.07995011551779667,5.286493296116249,74.92351524211914
0.044929157789592486,2.1179292577714364,72.22998800830214
0.12153621129607371,7.724101114830139,63.46135510523088
0.0216790170543014,3.6168009050557313,72.18817205847739
0.14695668793593736,2.2449890920387183,68.38322453435066
0.04720842390294386,4.119163536830988,91.39746946100087
0.09494563259377334,4.2871532431641075,70.45840382007789
0.030718505053794525,7.54349011517346,84.39828145482083
0.04511026343718026,5.61552274836703,78.97383919091261
0.142251441549273,2.7636201762856736,60.92031896183178
0.0333572286821378,3.4329415915622463,60.7099355683237
0.02878365599206282,1.2025301408750744,96.95018710351204
0.021415542495474463,2.3641326182763427,60.15023153699339
0.06383524578542762,4.653850679086398,82.9373940840114
0.01816091228376574,6.9960489112305,87.33146172245723
0.06956572130523891,0.15106804590924572,79.58174965646711
0.03780049065216134,7.157014080098024,88.69736028132971
0.04357044372911382,4.743545683398762,88.04929410589637
0.09355665173319036,0.03889375004682627,88.24724116691719
0.10041220686800212,3.0478310219516964,97.8495114569458
0.0223266257060504,3.7090377109016797,57.99100629940318
0.08576515759678874,6.40179576610818,86.86737833048974
0.05560685404826845,2.6898665076212085,50.92086427570189
0.07241502260461002,1.502083591316718,92.65433587015363
0.14442304205288897,4.0098138331344195,52.07268630519612
0.1562385141032646,1.5433239189177974,60.007579986068656
0.03660350362889417,0.6962194575845899,54.56813083791777
0.06781492005030279,7.409455210451214,99.46840866949239
0.06365327382326776,5.910690770345762,93.80868052561102
0.02267081781203898,2.9280434972058575,54.663961568249626
0.17933611789244613,6.179835959819747,99.79323247306348
0.01100178325648632,6.304957169840359,84.02064185919009
0.08945687359181842,6.045296036426421,70.83094674113057
0.044929157789592486,2.1179292577714364,72.22998800830214
0.11327412377838647,7.291722036097806,65.35940585761105
0.02180403279221827,4.211178027970492,77.9000404984252
0.14695668793593736,2.2449890920387183,68.38322453435066
0.04720842390294386,4.119163536830988,91.39746946100087
0.09366568272508675,4.3535607217426335,71.4134990822226
0.030718505053794525,7.54349011517346,84.39828145482083
0.04511026343718026,5.61552274836703,78.97383919091261
0.12493049527789343,3.3304380140434886,64.66116429346259
0.0333572286821378,3.4329415915622463,60.7099355683237
0.028822652310819877,1.3303303405258768,96.69720710452091
0.021415542495474463,2.3641326182763427,60.15023153699339
0.06383524578542762,4.653850679086398,82.9373940840114
0.01816091228376574,6.9960489112305,87.33146172245723
0.06956572130523891,0.15106804590924572,79.58174965646711
0.03921068658138441,7.080057282624257,89.55341164945872
0.062311507229464436,3.0821885616298816,88.57873882665307
0.09355665173319036,0.03889375004682627,88.24724116691719
0.10041220686800212,3.0478310219516964,97.8495114569458
0.02189158595687134,4.052311571386194,61.05513075399525
0.08255891091949197,6.226796502152943,85.26954629014426
0.05560685404826845,2.6898665076212085,50.92086427570189
0.07241502260461002,1.502083591316718,92.65433587015363
0.14442304205288897,4.0098138331344195,52.07268630519612
0.16750213552282345,1.0104278562426998,57.16387119107953
0.03660350362889417,0.6962194575845899,54.56813083791777
0.06781492005030279,7.409455210451214,99.46840866949239
0.08740407647243437,5.344043400645333,97.19032835182016
0.025543309001624756,2.18201936945047,74.29064812761038
0.17933611789244613,6.179835959819747,99.79323247306348
0.01100178325648632,6.304957169840359,84.02064185919009
0.10346253161714886,7.4627522434216695,75.14044371793796
0.044929157789592486,2.1179292577714364,72.22998800830214
0.12876699425223087,7.251597602074668,53.73477719677047
0.02180403279221827,4.211178027970492,77.9000404984252
0.1877630511927221,2.0207241281002495,72.88762417086593
0.03445418370784149,5.241984049236922,92.26435844927693
0.10250573781952874,4.264571754782606,67.99846808805904
0.026475239942172848,7.27694359235122,84.31700907407823
0.016006982268176845,6.086070433035259,86.85713303402252
0.11705628891288647,3.467201710632424,66.92471940594012
0.032380383785008744,3.4880161777718937,60.26309280652751
0.028822652310819877,1.3303303405258768,96.69720710452091
0.02122743235968905,1.4697783300699827,51.55563084326768
0.08612798620166007,4.888637776529593,85.6091327246829
0.01816091228376574,6.9960489112305,87.33146172245723
0.06956572130523891,0.15106804590924572,79.58174965646711
0.03921068658138441,7.080057282624257,89.55341164945872
0.04897127486465288,1.8796943556452481,84.00046690145786
0.09355665173319036,0.03889375004682627,88.24724116691719
0.10041220686800212,3.0478310219516964,97.8495114569458
0.02189158595687134,4.052311571386194,61.05513075399525
0.08255891091949197,6.226796502152943,85.26954629014426
0.05675793158279083,2.7727912234696817,52.22910167405365
0.07298878230131664,1.7741356448324392,95.28674371792721
0.14442304205288897,4.0098138331344195,52.07268630519612
0.16750213552282345,1.0104278562426998,57.16387119107953
0.03660350362889417,0.6962194575845899,54.56813083791777
0.06781492005030279,7.409455210451214,99.46840866949239
0.07761877318162028,4.48743367987044,90.99998711441852
0.025543309001624756,2.18201936945047,74.29064812761038
0.14845077866381146,5.498795848542556,87.69997423126385
0.01100178325648632,6.304957169840359,84.02064185919009
0.10233118882426784,7.57674093553659,75.45802322387806
0.041503641138251904,1.325899258708481,68.15297005853031
0.12876699425223087,7.251597602074668,53.73477719677047
0.02180403279221827,4.211178027970492,77.9000404984252
0.1877630511927221,2.0207241281002495,72.88762417086593
0.03445418370784149,5.241984049236922,92.26435844927693
0.09943977244750178,4.418073992769103,68.50955024152931
0.025429316943835253,7.527881463130826,84.3317262782179
0.016006982268176845,6.086070433035259,86.85713303402252
0.09759585908853388,3.081351585198358,77.48596305904687
0.032380383785008744,3.4880161777718937,60.26309280652751
0.028822652310819877,1.3303303405258768,96.69720710452091
0.02122743235968905,1.4697783300699827,51.55563084326768
0.08612798620166007,4.888637776529593,85.6091327246829
0.01816091228376574,6.9960489112305,87.33146172245723
0.06956572130523891,0.15106804590924572,79.58174965646711
0.03921068658138441,7.080057282624257,89.55341164945872
0.013183377719254943,3.357272596883148,80.59165595745456
0.09355665173319036,0.03889375004682627,88.24724116691719
0.10041220686800212,3.0478310219516964,97.8495114569458
0.02189158595687134,4.052311571386194,61.05513075399525
0.061804159130770454,6.249466574450041,84.90730842064285
0.05675793158279083,2.7727912234696817,52.22910167405365
0.08311676377205031,0.18321481618993563,97.00581874916844
0.14442304205288897,4.0098138331344195,52.07268630519612
0.16750213552282345,1.0104278562426998,57.16387119107953
0.03907227777159141,0.9324570278928003,60.443222545852805
0.06781492005030279,7.409455210451214,99.46840866949239
0.06938698337488348,3.7668192075069826,85.79242365073912
0.025543309001624756,2.18201936945047,74.29064812761038
0.14845077866381146,5.498795848542556,87.69997423126385
0.01100178325648632,6.304957169840359,84.02064185919009
0.1459117753162103,7.6044297864197095,70.42926158248723
0.041503641138251904,1.325899258708481,68.15297005853031
0.11433901763240163,6.452030945267704,64.52026394597942
0.02180403279221827,4.211178027970492,77.9000404984252
0.16436333323565971,2.2958675661938033,79.57446419726453
0.03382030641387247,4.705866559872676,82.48285761794246
0.09413472575475679,4.218094729431941,67.35958677116349
0.023974477579690012,7.526957133435993,84.49960011787243
0.016006982268176845,6.086070433035259,86.85713303402252
0.09673218024039214,2.430801552131287,79.7869809229708
0.03247201678945104,3.504598084265651,60.33463359159263
0.028822652310819877,1.3303303405258768,96.69720710452091
0.02122743235968905,1.4697783300699827,51.55563084326768
0.06318547979879865,5.960239434273015,87.53788065388456
0.01816091228376574,6.9960489112305,87.33146172245723
0.06956572130523891,0.15106804590924572,79.58174965646711
0.04628449814955485,6.749652745739367,88.95872512419007
0.013183377719254943,3.357272596883148,80.59165595745456
0.09355665173319036,0.03889375004682627,88.24724116691719
0.08415864793539092,2.8853023918024294,93.00777032291941
0.02189158595687134,4.052311571386194,61.05513075399525
0.061804159130770454,6.249466574450041,84.90730842064285
0.04919174742270315,2.3763227475578645,64.19983569992142
0.08311676377205031,0.18321481618993563,97.00581874916844
0.14997531836851463,3.9343579686990973,50.69593673511772
0.14454254198316083,1.930652182281464,61.80181108234901
0.043150652296673975,0.19186197913900527,60.297966995337724
0.06781492005030279,7.409455210451214,99.46840866949239
0.05294733570186077,3.8656370747248427,77.23007020777982
0.023702413220102015,2.2807659297883283,74.99857986543334
0.14845077866381146,5.498795848542556,87.69997423126385
0.010821685269021997,6.548298482045334,84.30371622084867
0.1459117753162103,7.6044297864197095,70.42926158248723
0.041503641138251904,1.325899258708481,68.15297005853031
0.11433901763240163,6.452030945267704,64.52026394597942
0.02180403279221827,4.211178027970492,77.9000404984252
0.10827802232588568,3.6221629648659706,80.79732896473358
0.03382030641387247,4.705866559872676,82.48285761794246
0.07878446810131785,4.638246620271698,64.68971301997438
0.023974477579690012,7.526957133435993,84.49960011787243
0.02089615015881472,5.688553845162378,82.70257315532918
0.11401618231729237,2.2829326017897467,91.70241293654229
0.031833248158939606,3.493334749004139,59.80754656767948
0.02922738278538947,1.3301889167086007,95.78618015204388
0.020000850959561986,1.4952766646002567,50.65485596259862
0.0643251345420128,6.193399222961726,88.68529027772146
0.022943974165969716,7.287853212456467,89.30467961974612
0.06956572130523891,0.15106804590924572,79.58174965646711
0.04628449814955485,6.749652745739367,88.95872512419007
0.03592049590537899,5.04375170886115,88.44797739870225
0.09355665173319036,0.03889375004682627,88.24724116691719
0.09076252778382154,1.0572640250137377,90.39727168485418
0.022928983082241415,5.45529013027762,66.76149107789442
0.061804159130770454,6.249466574450041,84.90730842064285
0.03465155392945854,1.5903667299257762,63.26334860767139
0.07433233601929363,0.37018135645847683,96.8070072775064
0.1203956051785784,4.130828206758197,58.79070584652129
0.21349065844270754,2.1716824882778014,67.97292979327337
0.043150652296673975,0.19186197913900527,60.297966995337724
0.06781492005030279,7.409455210451214,99.46840866949239
0.05294733570186077,3.8656370747248427,77.23007020777982
0.023702413220102015,2.2807659297883283,74.99857986543334
0.13501877036728294,6.1859098839696,91.77399505445506
0.010821685269021997,6.548298482045334,84.30371622084867
0.1459117753162103,7.6044297864197095,70.42926158248723
0.02596271449942321,0.4195497462779314,63.802860922632824
0.11433901763240163,6.452030945267704,64.52026394597942
0.02180403279221827,4.211178027970492,77.9000404984252
0.09358603972333027,4.363353695039126,82.73151631704864
0.027272176471195682,7.873840065653072,98.0524354648539
0.08032437401735947,4.249224166223749,59.807477313103334
0.02244991283080123,5.2127770912629146,71.51435796831493
0.020885652379681444,5.689758445368548,82.78489470613931
0.11401618231729237,2.2829326017897467,91.70241293654229
0.03422196775373386,3.849569615445964,55.34464464229563
0.02922738278538947,1.3301889167086007,95.78618015204388
0.021078395045806813,1.6736631080272129,51.01020457063596
0.0643251345420128,6.193399222961726,88.68529027772146
0.022943974165969716,7.287853212456467,89.30467961974612
0.06818072127369351,0.03731652641123784,79.14436755240726
0.04628449814955485,6.749652745739367,88.95872512419007
0.03633185326313649,6.163247593788321,96.6121665832134
0.09355665173319036,0.03889375004682627,88.24724116691719
0.08259181540155786,0.958963640712807,85.58618956737396
0.019187590349841237,5.987269163209673,70.54391950790071
0.061804159130770454,6.249466574450041,84.90730842064285
0.03465155392945854,1.5903667299257762,63.26334860767139
0.07433233601929363,0.37018135645847683,96.8070072775064
0.09774043178318874,3.4595910255953,59.97246126644064
0.21349065844270754,2.1716824882778014,67.97292979327337
0.04169002169382009,0.46688145106239887,61.5023791144054
0.06902249130629158,6.105192169767736,98.97529424547804
0.051679414229973776,4.149044978648092,77.05064574747726
0.024472091819100927,2.256064192640127,75.14455828114862
0.12117169122679977,6.32205732295737,91.46890588716526
0.010821685269021997,6.548298482045334,84.30371622084867
0.1459117753162103,7.6044297864197095,70.42926158248723
0.020156929437060066,0.4254754130737521,59.84138729761271
0.11433901763240163,6.452030945267704,64.52026394597942
0.02180403279221827,4.211178027970492,77.9000404984252
0.12406488331707645,4.627141944115047,96.79254937293976
0.027272176471195682,7.873840065653072,98.0524354648539
0.06628249001712086,3.3398641383387098,57.86195044045205
0.012971005029188076,5.08494068399496,72.23584037405469
0.020885652379681444,5.689758445368548,82.78489470613931
0.1856135264247484,2.6906716184548833,87.37922426292393
0.02861046252924268,6.391325802472603,50.717715131811346
0.010992406031342133,1.6962235030148405,97.92319149062317
0.021712272038689032,3.581224091318008,64.02170669658894
0.06068389558219853,6.6358706274432855,95.25754127771589
0.022926138427992668,7.279508630286255,89.31754132272513
0.060620490411342015,1.49147976702847,83.29084438437127
0.041492301921996946,6.162362649922248,86.32002567989154
0.03633185326313649,6.163247593788321,96.6121665832134
0.09355665173319036,0.03889375004682627,88.24724116691719
0.06351071816077511,2.444966820891138,85.24522601347527
0.019187590349841237,5.987269163209673,70.54391950790071
0.061804159130770454,6.249466574450041,84.90730842064285
0.03566563963346536,1.671865883750757,63.50275888325423
0.07433233601929363,0.37018135645847683,96.8070072775064
0.09774043178318874,3.4595910255953,59.97246126644064
0.2651718251420143,0.7823390722374581,62.203211006432156
0.04169002169382009,0.46688145106239887,61.5023791144054
0.06902249130629158,6.105192169767736,98.97529424547804
0.04040813482683368,2.8777433839106505,62.80179948166399
0.02395455651011043,2.225573441730904,80.97328922202479
0.12117169122679977,6.32205732295737,91.46890588716526
0.010821685269021997,6.548298482045334,84.30371622084867
0.1459117753162103,7.6044297864197095,70.42926158248723
0.020156929437060066,0.4254754130737521,59.84138729761271
0.14634862973165716,6.5754538899550266,52.0983900874254
0.028252022333738004,4.539748570949815,79.02960668765843
0.12406488331707645,4.627141944115047,96.79254937293976
0.027272176471195682,7.873840065653072,98.0524354648539
0.0624999518997684,3.683570536903528,60.606230509116266
0.012971005029188076,5.08494068399496,72.23584037405469
0.020557909337007196,3.322147879552815,72.4660554218428
0.1856135264247484,2.6906716184548833,87.37922426292393
0.02861046252924268,6.391325802472603,50.717715131811346
0.010992406031342133,1.6962235030148405,97.92319149062317
0.026202128697097336,2.357989844077615,55.66005296439225
0.06068389558219853,6.6358706274432855,95.25754127771589
0.022926138427992668,7.279508630286255,89.31754132272513
0.060620490411342015,1.49147976702847,83.29084438437127
0.041490265841072835,6.162362999081293,86.32408649575211
0.03633185326313649,6.163247593788321,96.6121665832134
0.08634191460919978,0.6104281820891106,87.90423161152806
0.05768513144640347,2.3001662817133264,89.20737159356457
0.019187590349841237,5.987269163209673,70.54391950790071
0.062165897608112475,6.258092964249936,85.00117410761703
0.02977618596482902,1.5083489395984175,58.90405564455817
0.07433233601929363,0.37018135645847683,96.8070072775064
0.10146091513721096,3.3882553261562776,59.434228325850555
0.25420358904010726,0.7663638603686604,62.097482577167156
0.034895024147183526,0.09910698402908658,53.681517926887224
0.06902249130629158,6.105192169767736,98.97529424547804
0.04040813482683368,2.8777433839106505,62.80179948166399
0.02395455651011043,2.225573441730904,80.97328922202479
0.12117169122679977,6.32205732295737,91.46890588716526
0.011400477065730816,6.547111834832935,84.34129803124127
0.12832608810954738,7.42256253613928,67.47412764574491
0.020156929437060066,0.4254754130737521,59.84138729761271
0.14413643413993932,6.577014084376506,53.21292671621908
0.025915160615992226,5.74188525131672,83.54368942562861
0.12406488331707645,4.627141944115047,96.79254937293976
0.027272176471195682,7.873840065653072,98.0524354648539
0.0820467898139936,4.422938562854483,50.27784779501528
0.012971005029188076,5.08494068399496,72.23584037405469
0.020557909337007196,3.322147879552815,72.4660554218428
0.1856135264247484,2.6906716184548833,87.37922426292393
0.02861046252924268,6.391325802472603,50.717715131811346
0.013187290388329179,1.7809100638486532,96.33300868288794
0.03259196689406315,3.948067737310884,68.47640925989657
0.06068389558219853,6.6358706274432855,95.25754127771589
0.022926138427992668,7.279508630286255,89.31754132272513
0.10370831633827009,1.2540396254817614,71.48088898513748
0.041490265841072835,6.162362999081293,86.32408649575211
0.03633185326313649,6.163247593788321,96.6121665832134
0.08634191460919978,0.6104281820891106,87.90423161152806
0.05768513144640347,2.3001662817133264,89.20737159356457
0.01868187508288535,6.9708303150709625,69.83455658879303
0.06065948342549502,4.927455150724956,86.41527949027876
0.02977618596482902,1.5083489395984175,58.90405564455817
0.07433233601929363,0.37018135645847683,96.8070072775064
0.12904767573506457,3.293659511159514,67.28559658159006
0.2166035512946343,2.751339922906119,59.062429694893545
0.034895024147183526,0.09910698402908658,53.681517926887224
0.06902249130629158,6.105192169767736,98.97529424547804
0.04041212781893004,2.889863413731746,62.88859516989357
0.01260211924326694,1.7673460342584912,93.44811620982306
0.11435262828285653,6.309292876851543,91.88229916166071
0.014391476137361442,6.55249858506837,85.00380226489116
0.15618400066334567,7.710662847214548,72.15542680835813
0.018639370253855897,0.24083863140074868,59.61308450824823
0.14413643413993932,6.577014084376506,53.21292671621908
0.027808545854329243,5.793000563166083,83.88168796196018
0.08882869169703483,5.282250558909822,92.32545312493025
0.027272176471195682,7.873840065653072,98.0524354648539
0.07186999658190595,3.48972345784622,51.012463915375655
0.02943858010173558,3.8430471578463234,76.05642955790734
0.020557909337007196,3.322147879552815,72.4660554218428
0.19017837683057942,2.715457618223037,87.14242340309526
0.02861046252924268,6.391325802472603,50.717715131811346
0.013043366835756253,1.7536586705389476,96.33127275048079
0.03259196689406315,3.948067737310884,68.47640925989657
0.06068389558219853,6.6358706274432855,95.25754127771589
0.02678065327719819,6.448317229299015,87.5349435525253
0.10370831633827009,1.2540396254817614,71.48088898513748
0.041490265841072835,6.162362999081293,86.32408649575211
0.03633185326313649,6.163247593788321,96.6121665832134
0.08634191460919978,0.6104281820891106,87.90423161152806
0.04737368461043279,2.007615549819572,78.01128281378261
0.01868187508288535,6.9708303150709625,69.83455658879303
0.05962061749694882,4.781154814851714,84.8550547987326
0.029425724829436575,1.2595014930683988,56.8882078640466
0.07433233601929363,0.37018135645847683,96.8070072775064
0.1291752611028812,3.3039291335775625,67.26447300399587
0.13958179779427402,2.3738439027682596,73.16396753099694
0.034895024147183526,0.09910698402908658,53.681517926887224
0.06902249130629158,6.105192169767736,98.97529424547804
0.0351796241667184,2.631311929033975,59.70727757066963
0.01260211924326694,1.7673460342584912,93.44811620982306
0.11969112684855138,6.477845951556963,93.5892207112626
0.014391476137361442,6.55249858506837,85.00380226489116
0.10427632731414935,6.126708721263583,73.75305436413626
0.020362273767690283,1.7642048070206062,67.28466790364814
0.09800439607930604,3.841430051487414,53.41081017055068
0.02778700802044776,5.8187655264404645,83.98508401995979
0.09255372050094397,5.466313828007701,94.59023887170815
0.027272176471195682,7.873840065653072,98.0524354648539
0.07186999658190595,3.48972345784622,51.012463915375655
0.02943858010173558,3.8430471578463234,76.05642955790734
0.053391977131548723,4.384574707285061,72.39085454526854
0.19017837683057942,2.715457618223037,87.14242340309526
0.02861046252924268,6.391325802472603,50.717715131811346
0.013043366835756253,1.7536586705389476,96.33127275048079
0.03259196689406315,3.948067737310884,68.47640925989657
0.06068389558219853,6.6358706274432855,95.25754127771589
0.025549955680064167,7.654633214834117,92.84983012556114
0.1088916575088356,1.4461380085797328,66.57902218960119
0.041490265841072835,6.162362999081293,86.32408649575211
0.03510171384774309,6.163458545277625,99.06559050638728
0.08604930994911049,0.6150189129584513,87.92623013295612
0.04737368461043279,2.007615549819572,78.01128281378261
0.01868187508288535,6.9708303150709625,69.83455658879303
0.06044965854458805,4.888645787236765,90.03069511861666
0.011540741855109518,0.5861471182074132,57.795096221748004
0.07433233601929363,0.37018135645847683,96.8070072775064
0.13232492481425154,3.1179515780153864,64.91429953438539
0.13958179779427402,2.3738439027682596,73.16396753099694
0.042727624822073804,2.0844540145892285,66.30899522373409
0.06902249130629158,6.105192169767736,98.97529424547804
0.0351796241667184,2.631311929033975,59.70727757066963
0.01260211924326694,1.7673460342584912,93.44811620982306
0.11969112684855138,6.477845951556963,93.5892207112626
0.014391476137361442,6.55249858506837,85.00380226489116
0.1343972351467405,6.247974391746607,69.72375948938402
0.020362273767690283,1.7642048070206062,67.28466790364814
0.09800439607930604,3.841430051487414,53.41081017055068
0.02778700802044776,5.8187655264404645,83.98508401995979
0.09031657657209732,5.424522711764482,95.91971355501
0.027272176471195682,7.873840065653072,98.0524354648539
0.05609024354478856,4.323417130956356,62.81519824024237
0.02366506446123239,3.131253093595791,82.02034179241116
0.055772575490859434,4.028978794448674,69.60390833966196
0.17333342458283219,3.186750584356842,88.78761086907058
0.014339924419927305,6.915699946258004,50.1638927237674
0.019132884570220523,1.9950944743611436,86.25628740765815
0.03259196689406315,3.948067737310884,68.47640925989657
0.06068389558219853,6.6358706274432855,95.25754127771589
0.025549955680064167,7.654633214834117,92.84983012556114
0.10525921823988824,1.1869867267363516,66.83707429415405
0.03738303922271735,6.731600908715598,90.87585719457925
0.03510171384774309,6.163458545277625,99.06559050638728
0.09038127733023175,0.1068418695011144,90.60796489549622
0.03893227122674757,1.4858180197419344,76.19291356027642
0.01868187508288535,6.9708303150709625,69.83455658879303
0.07309347358315345,4.039217480653216,92.50259253541323
0.011540741855109518,0.5861471182074132,57.795096221748004
0.07433233601929363,0.37018135645847683,96.8070072775064
0.14388023177020715,2.971645577666518,64.19173253949799
0.13958179779427402,2.3738439027682596,73.16396753099694
0.03174496219276757,1.9688479891261002,76.20293074844851
0.06902249130629158,6.105192169767736,98.97529424547804
0.04759787313533788,2.375374516852953,60.97069229187126
0.01260211924326694,1.7673460342584912,93.44811620982306
0.11969112684855138,6.477845951556963,93.5892207112626
0.025834573217237956,5.880454820145582,80.83559333037206
0.1116347437003118,5.410582318136861,74.15764391007791
0.020362273767690283,1.7642048070206062,67.28466790364814
0.07172361217339766,4.878248990790201,58.85225258969342
0.029002849404732748,5.294534602294631,79.99218607738246
0.09226802133754441,7.623935554172867,99.5751779915717
0.027272176471195682,7.873840065653072,98.0524354648539
0.0683068624223858,2.990875752305409,50.800850094700394
0.02366506446123239,3.131253093595791,82.02034179241116
0.05653256938808732,4.077586525117051,69.65368505693915
0.21910040700083214,1.718093122809469,85.88456115627487
0.014339924419927305,6.915699946258004,50.1638927237674
0.019132884570220523,1.9950944743611436,86.25628740765815
0.031188752239761783,3.598885092541404,65.66192500939725
0.055660968597138774,6.074866714344314,94.1694175507083
0.025549955680064167,7.654633214834117,92.84983012556114
0.10525921823988824,1.1869867267363516,66.83707429415405
0.035377807885284475,6.387736335932297,88.27158702116631
0.05022697943483764,5.608634753767331,95.19857381140312
0.09038127733023175,0.1068418695011144,90.60796489549622
0.03829332778837169,1.4463223698015808,76.05527842143609
0.01884898652939852,5.127183036781004,75.91926049958022
0.04886826301881686,3.129392188020838,92.8812501197259
0.011540741855109518,0.5861471182074132,57.795096221748004
0.07433233601929363,0.37018135645847683,96.8070072775064
0.15293438537567425,1.659249899547425,53.18804412754002
0.13540274820975745,2.4842239654485403,73.42202265174866
0.03174496219276757,1.9688479891261002,76.20293074844851
0.06902249130629158,6.105192169767736,98.97529424547804
0.04759787313533788,2.375374516852953,60.97069229187126
0.01260211924326694,1.7673460342584912,93.44811620982306
0.13359375945823165,7.33722328892662,96.58399404259762
0.025834573217237956,5.880454820145582,80.83559333037206
0.1116347437003118,5.410582318136861,74.15764391007791
0.020362273767690283,1.7642048070206062,67.28466790364814
0.08179837043401714,4.4994872031550965,61.15735470672284
0.029002849404732748,5.294534602294631,79.99218607738246
0.09226802133754441,7.623935554172867,99.5751779915717
0.027272176471195682,7.873840065653072,98.0524354648539
0.0683068624223858,2.990875752305409,50.800850094700394
0.014804777069654614,0.7821199843917874,68.81491796916431
0.05101356939574532,3.608072550965372,71.11188498065388
0.15533992243808845,2.095479650862515,81.4939028827955
0.014339924419927305,6.915699946258004,50.1638927237674
0.019132884570220523,1.9950944743611436,86.25628740765815
0.04234090378711689,2.764299965114163,73.71259319643781
0.05371832376711319,6.668405327069046,93.89499201289723
0.025549955680064167,7.654633214834117,92.84983012556114
0.10525921823988824,1.1869867267363516,66.83707429415405
0.03697624941019286,6.2228459955468445,86.45268323804379
0.05022697943483764,5.608634753767331,95.19857381140312
0.09038127733023175,0.1068418695011144,90.60796489549622
0.03583821129764721,1.319977421549737,78.12109853242433
0.01884898652939852,5.127183036781004,75.91926049958022
0.04886826301881686,3.129392188020838,92.8812501197259
0.014447682234220903,0.6739423079594271,60.22689172220343
0.07433233601929363,0.37018135645847683,96.8070072775064
0.1555110383315654,1.6210547725134756,52.77478285042528
0.11754309116889512,3.155659989257509,69.335737681991
0.032172368671730955,1.9980980814742548,76.59233591276131
0.0405358390107725,3.3700785225982686,78.56732138865164
0.04759787313533788,2.375374516852953,60.97069229187126
0.01260211924326694,1.7673460342584912,93.44811620982306
0.13359375945823165,7.33722328892662,96.58399404259762
0.025834573217237956,5.880454820145582,80.83559333037206
0.12852182742157692,6.031828462824166,70.86822466531338
0.01689838326203124,1.6956041141980358,64.55473701752437
0.0881288597337861,4.762874495629298,55.058747801896736
0.024755841528202878,3.5593101129678004,73.74619830503667
0.08733517007930783,7.244278975539533,98.67683953102852
0.03826505732920042,6.789050440060544,96.68574278658073
0.0683068624223858,2.990875752305409,50.800850094700394
0.018985097972429716,3.455813159113384,78.16549736171287
0.05101356939574532,3.608072550965372,71.11188498065388
0.1779822912971187,1.5925528749697948,82.41867571300295
0.014339924419927305,6.915699946258004,50.1638927237674
0.019132884570220523,1.9950944743611436,86.25628740765815
0.040897748898515496,3.1846162147521992,75.35740782230084
0.07142291649021709,5.693991661690002,87.0824079140842
0.025549955680064167,7.654633214834117,92.84983012556114
0.10525921823988824,1.1869867267363516,66.83707429415405
0.03112570889601002,4.9476737801435995,80.36943253059634
0.05022697943483764,5.608634753767331,95.19857381140312
0.09038127733023175,0.1068418695011144,90.60796489549622
0.03583821129764721,1.319977421549737,78.12109853242433
0.01884898652939852,5.127183036781004,75.91926049958022
0.05769656223428792,2.9719860112499306,99.8871811909531
0.014447682234220903,0.6739423079594271,60.22689172220343
0.07315854786902763,0.3520945879905586,97.44368292998905
0.1555110383315654,1.6210547725134756,52.77478285042528
0.09242691362370678,2.5510621459140523,67.11663408929115
0.032172368671730955,1.9980980814742548,76.59233591276131
0.0405358390107725,3.3700785225982686,78.56732138865164
0.04547557829940061,2.3122968323070086,62.01291619175282
0.015371263471268147,3.2567122743922057,85.67783273969931
0.13359375945823165,7.33722328892662,96.58399404259762
0.025834573217237956,5.880454820145582,80.83559333037206
0.1405485904954032,6.40965187092343,75.57540127157498
0.01689838326203124,1.6956041141980358,64.55473701752437
0.0881288597337861,4.762874495629298,55.058747801896736
0.02732997528623174,4.279838624351773,77.12221360199952
0.08733517007930783,7.244278975539533,98.67683953102852
0.03826505732920042,6.789050440060544,96.68574278658073
0.0527619929742354,3.0689403083370803,61.04269400889811
0.024615641242532526,3.4334133455855786,78.27048157393185
0.07268621798554618,3.8217205629296025,62.25491967015764
0.12671740031111522,1.625348891713178,76.7334841816125
0.014339924419927305,6.915699946258004,50.1638927237674
0.013335481129260224,1.678247223359675,89.15937014953491
0.040897748898515496,3.1846162147521992,75.35740782230084
0.07142291649021709,5.693991661690002,87.0824079140842
0.025549955680064167,7.654633214834117,92.84983012556114
0.09727025397723171,1.4583817346275443,68.31889209738128
0.03418032914054134,5.053372757956208,82.74086615189867
0.05022697943483764,5.608634753767331,95.19857381140312
0.0716030407954271,0.7169625076444266,86.086512727995
0.03757561265217559,0.715566959020884,78.32507313171959
0.01884898652939852,5.127183036781004,75.91926049958022
0.05769656223428792,2.9719860112499306,99.8871811909531
0.014447682234220903,0.6739423079594271,60.22689172220343
0.07315854786902763,0.3520945879905586,97.44368292998905
0.1555110383315654,1.6210547725134756,52.77478285042528
0.10109364277155058,3.558677896976443,73.32030654075561
0.023803640142518845,0.8328881341635666,77.77822393098323
0.0404490216070186,3.388669353960749,78.85827003915907
0.04547557829940061,2.3122968323070086,62.01291619175282
0.01766469728485579,3.084905222781111,84.43761756411855
0.13359375945823165,7.33722328892662,96.58399404259762
0.025834573217237956,5.880454820145582,80.83559333037206
0.15357882989227645,7.4855313952487705,73.58887278350902
0.03396914925535968,2.430691923703887,62.27897223530466
0.0881288597337861,4.762874495629298,55.058747801896736
0.0372970346572266,6.132725599894259,68.54919534056577
0.0878573115043885,7.067825354204377,97.74932247427469
0.03826505732920042,6.789050440060544,96.68574278658073
0.0527619929742354,3.0689403083370803,61.04269400889811
0.024615641242532526,3.4334133455855786,78.27048157393185
0.0817857310238436,3.8952251228182138,59.2232561405489
0.17656999737412507,0.7148947911864139,77.52192345660391
0.014339924419927305,6.915699946258004,50.1638927237674
0.013335481129260224,1.678247223359675,89.15937014953491
0.04076886053292241,3.1950203849844034,75.37417276392168
0.07142291649021709,5.693991661690002,87.0824079140842
0.025549955680064167,7.654633214834117,92.84983012556114
0.09727025397723171,1.4583817346275443,68.31889209738128
0.03418032914054134,5.053372757956208,82.74086615189867
0.05022697943483764,5.608634753767331,95.19857381140312
0.06989653183867924,0.929990531406446,83.81819403569598
0.022234573281901537,0.6137913737752974,75.71777772754785
0.01884898652939852,5.127183036781004,75.91926049958022
0.05769656223428792,2.9719860112499306,99.8871811909531
0.01037536308461793,0.33756235641380616,60.104897392118524
0.07161278120034083,0.6140105497124391,97.68796450261618
0.17468338560804295,1.4933404120691687,51.275566235863124
0.10109364277155058,3.558677896976443,73.32030654075561
0.019859949526786866,0.3109623193780151,83.17928272669634
0.024009683321425626,3.7858273358914936,58.814752434368074
0.036144505525243224,2.466133955816775,60.87686273997521
0.018278024446247865,2.378231248624874,90.76015664292503
0.12460977770523886,6.292722951238693,90.15323116138231
0.025834573217237956,5.880454820145582,80.83559333037206
0.15357882989227645,7.4855313952487705,73.58887278350902
0.03396914925535968,2.430691923703887,62.27897223530466
0.07120550813391535,5.193453685818345,59.8428479727763
0.03709114121303956,6.0614222082424085,69.48671477141069
0.11173039837502612,6.842989701208847,99.62656481453142
0.03826505732920042,6.789050440060544,96.68574278658073
0.0527619929742354,3.0689403083370803,61.04269400889811
0.023251142970188703,3.834190907682486,77.7141387281318
0.0817857310238436,3.8952251228182138,59.2232561405489
0.2433902596131661,0.08841114314492904,85.2766644239179
0.014339924419927305,6.915699946258004,50.1638927237674
0.013335481129260224,1.678247223359675,89.15937014953491
0.0324685512012287,3.3043827973340596,63.35449305876934
0.07025613587757498,5.622416903019339,86.37169755271091
0.07312255543364504,6.002299611894795,91.19598015249802
0.1035916669887751,0.4839806456528626,64.09446252765817
0.04251218333783749,4.0652430306013425,86.06784681380861
0.05116659235321376,5.38513629983416,94.65493399521736
0.0663661990880429,1.7697234641980555,85.86076860028098
0.022234573281901537,0.6137913737752974,75.71777772754785
0.01884898652939852,5.127183036781004,75.91926049958022
0.05769656223428792,2.9719860112499306,99.8871811909531
0.01037536308461793,0.33756235641380616,60.104897392118524
0.07161278120034083,0.6140105497124391,97.68796450261618
0.17468338560804295,1.4933404120691687,51.275566235863124
0.10040128412550374,3.36211188204491,72.23631998833429
0.021402633673101926,0.5800908874878647,83.78987816070708
0.01926093720021441,2.9597556233148676,54.940685784179834
0.041127353880119184,3.103628752577124,53.13211483146198
0.018278024446247865,2.378231248624874,90.76015664292503
0.10893283492863373,5.784285638568935,85.59368382670898
0.02833902649668178,6.150515743080517,82.59818342210309
0.15357882989227645,7.4855313952487705,73.58887278350902
0.03440521056076432,2.415006522471596,62.496533877556836
0.0590878148511953,4.250844475781223,60.20022148940301
0.037261798539293456,6.035835013471331,69.7384961987681
0.11173039837502612,6.842989701208847,99.62656481453142
0.03826505732920042,6.789050440060544,96.68574278658073
0.04194790017337539,2.3720843723204172,60.80343413689137
0.014342604677262463,3.7306161594855367,82.06787455768713
0.07116962930935747,5.555971004160167,56.85173571780841
0.16633358887625674,1.828720422229836,74.79222831698826
0.014339924419927305,6.915699946258004,50.1638927237674
0.013335481129260224,1.678247223359675,89.15937014953491
0.03723624005562304,4.478128773813343,54.55002135200636
0.07436331700872889,5.527422131843641,89.03124849361431
0.07312255543364504,6.002299611894795,91.19598015249802
0.1035916669887751,0.4839806456528626,64.09446252765817
0.04251218333783749,4.0652430306013425,86.06784681380861
0.05116659235321376,5.38513629983416,94.65493399521736
0.04481232304288812,1.2051664931262662,80.90693415605793
0.022234573281901537,0.6137913737752974,75.71777772754785
0.015898893216874353,4.809067730233386,73.84303680436646
0.05687123290890056,3.276986453213366,99.225872314042
0.01037536308461793,0.33756235641380616,60.104897392118524
0.07161278120034083,0.6140105497124391,97.68796450261618
0.17468338560804295,1.4933404120691687,51.275566235863124
0.12432152236488012,5.645496980124593,51.08866246865815
0.021402633673101926,0.5800908874878647,83.78987816070708
0.01926093720021441,2.9597556233148676,54.940685784179834
0.04198012113735556,2.664290895881958,59.559700911415504
0.016102274107955915,1.8163969716143835,82.32019096133682
0.10893283492863373,5.784285638568935,85.59368382670898
0.02833902649668178,6.150515743080517,82.59818342210309
0.10632887330681498,5.644339825601696,64.99333487337063
0.03440521056076432,2.415006522471596,62.496533877556836
0.07105313175188938,4.126389891708996,63.29411453046636
0.03773590463655042,6.284408826312208,79.09816368614548
0.11173039837502612,6.842989701208847,99.62656481453142
0.03862392727908255,6.749999071661039,96.62925367518272
0.04241094269644101,2.5234259226647278,62.503749495965415
0.014342604677262463,3.7306161594855367,82.06787455768713
0.06074326068680079,3.834888766919903,66.3674412937233
0.09410127622482989,4.246217866911701,63.088045494519875
0.03281203202826803,6.007191365900953,54.44054857775636
0.013335481129260224,1.678247223359675,89.15937014953491
0.03723624005562304,4.478128773813343,54.55002135200636
0.07436331700872889,5.527422131843641,89.03124849361431
0.06933331139024301,5.788252168397091,88.64536688218101
0.10336489403311769,0.4275165607084288,64.23673866352878
0.04809673870940799,4.540776862589718,86.8603141956366
0.05116659235321376,5.38513629983416,94.65493399521736
0.03928258855783281,0.2923723896937407,85.95368889662328
0.022234573281901537,0.6137913737752974,75.71777772754785
0.015898893216874353,4.809067730233386,73.84303680436646
0.05899363909159149,3.3795042771438104,97.61503122637644
0.01700931007655715,0.343979760791543,60.399666230008705
0.06077671243523349,0.6139624514596542,92.86659765450929
0.17468338560804295,1.4933404120691687,51.275566235863124
0.12432152236488012,5.645496980124593,51.08866246865815
0.021402633673101926,0.5800908874878647,83.78987816070708
0.01926093720021441,2.9597556233148676,54.940685784179834
0.04198012113735556,2.664290895881958,59.559700911415504
0.016102274107955915,1.8163969716143835,82.32019096133682
0.09222183721172866,5.901672124394413,84.06908688420376
0.02690233636125198,5.645548955589895,78.22113306167759
0.10223504009616319,5.468178146851418,64.79613633507299
0.03440521056076432,2.415006522471596,62.496533877556836
0.08165020392509509,4.7194564634757645,63.58653475357048
0.03773590463655042,6.284408826312208,79.09816368614548
0.11371083768234286,6.971723941738084,99.64102998496145
0.03862392727908255,6.749999071661039,96.62925367518272
0.04241094269644101,2.5234259226647278,62.503749495965415
0.0191589299414142,4.563330666918288,82.25035976815332
0.06074326068680079,3.834888766919903,66.3674412937233
0.10041153991741605,4.56516347144054,61.979090477890665
0.03281203202826803,6.007191365900953,54.44054857775636
0.013335481129260224,1.678247223359675,89.15937014953491
0.03723624005562304,4.478128773813343,54.55002135200636
0.07707091331360763,5.603944795411396,91.54588877392035
0.06933331139024301,5.788252168397091,88.64536688218101
0.10521824965678286,0.13557158742426179,62.90744790295161
0.054845467151523754,5.45185395105514,92.60462099024039
0.05116659235321376,5.38513629983416,94.65493399521736
0.03928258855783281,0.2923723896937407,85.95368889662328
0.022234573281901537,0.6137913737752974,75.71777772754785
0.015898893216874353,4.809067730233386,73.84303680436646
0.055233769730603455,3.756859271105274,91.41486123320375
0.01700931007655715,0.343979760791543,60.399666230008705
0.06077671243523349,0.6139624514596542,92.86659765450929
0.17468338560804295,1.4933404120691687,51.275566235863124
0.12432152236488012,5.645496980124593,51.08866246865815
0.02116344128521407,0.9033202860852894,78.61255872670986
0.019903019187568337,2.6065746421225056,51.330721378941604
0.042758213635438934,2.704601094351174,59.63868358509365
0.016987510250624633,1.8412056248844928,78.09667162242687
0.09222183721172866,5.901672124394413,84.06908688420376
0.02690233636125198,5.645548955589895,78.22113306167759
0.10292188097650902,4.240422567034183,64.36129312374064
0.03986359875395471,3.0648416967989305,63.15447726027798
0.09668851575569837,5.314925100348715,63.742025138258846
0.039736867995424044,7.016390969337156,79.53451513798231
0.09100982569951004,5.393921171179494,93.70416713071859
0.03862392727908255,6.749999071661039,96.62925367518272
0.04241094269644101,2.5234259226647278,62.503749495965415
0.020483841382963833,5.3861781333220335,80.21415541917115
0.06488036916019899,4.130850469546276,67.23937206011678
0.09706790103836184,7.646471984920882,61.33330736461673
0.03281203202826803,6.007191365900953,54.44054857775636
0.014671374134027318,1.77629614472046,89.14710800712537
0.05536444267849342,4.786861582703596,67.74970442507646
0.07707091331360763,5.603944795411396,91.54588877392035
0.09586049960252346,5.877468006167661,95.16243636588665
0.10521824965678286,0.13557158742426179,62.90744790295161
0.08460712810635704,4.4687599575195005,82.34057993357095
0.06164453445485507,5.098007578901981,90.79647042784123
0.03928258855783281,0.2923723896937407,85.95368889662328
0.022234573281901537,0.6137913737752974,75.71777772754785
0.015898893216874353,4.809067730233386,73.84303680436646
0.055233769730603455,3.756859271105274,91.41486123320375
0.01700931007655715,0.343979760791543,60.399666230008705
0.06077671243523349,0.6139624514596542,92.86659765450929
0.17468338560804295,1.4933404120691687,51.275566235863124
0.1254412806586382,5.7006881101864675,50.81851377358207
0.02116344128521407,0.9033202860852894,78.61255872670986
0.019903019187568337,2.6065746421225056,51.330721378941604
0.03832483139705439,1.9723078262197569,56.786184586040584
0.01702265681296221,1.8387640024285832,78.10905763621923
0.08243598810897619,5.178564672732884,80.989475179956
0.04385433221891502,5.655034735318722,73.5069655619834
0.14681670093913174,3.6303554845156905,55.9203047186178
0.02619874908593059,1.970390989046515,63.58951469365868
0.155394915328232,5.036793580290964,51.56172951838281
0.03766681009376962,6.582749246584707,80.33018297179451
0.09591274357950422,5.320046786008007,94.46332690248477
0.03862392727908255,6.749999071661039,96.62925367518272
0.04241094269644101,2.5234259226647278,62.503749495965415
0.020483841382963833,5.3861781333220335,80.21415541917115
0.06488036916019899,4.130850469546276,67.23937206011678
0.09706790103836184,7.646471984920882,61.33330736461673
0.03281203202826803,6.007191365900953,54.44054857775636
0.014739821356332158,1.7799372645225287,89.14262606818039
0.05536444267849342,4.786861582703596,67.74970442507646
0.07639345481921676,5.594082916619035,91.41549415804785
0.09586049960252346,5.877468006167661,95.16243636588665
0.10199442983509935,0.17027439129671162,65.08070532940769
0.1174525216177937,6.49878679325942,85.82814822730948
0.06004823678637981,5.091822677009087,91.54941843760409
0.03928258855783281,0.2923723896937407,85.95368889662328
0.012220500380367108,0.6694761704580348,77.05329189541536
0.014987103003362423,4.873610551895901,74.13494434235228
0.055233769730603455,3.756859271105274,91.41486123320375
0.01700931007655715,0.343979760791543,60.399666230008705
0.07391014294450726,2.373040798265221,93.46343605479146
0.17468338560804295,1.4933404120691687,51.275566235863124
0.12479564022106071,5.714998131641798,50.80249401023847
0.02116344128521407,0.9033202860852894,78.61255872670986
0.025395851499591483,2.629992678031843,54.13278282643231
0.034135745742055815,1.6522966175819662,57.49633302162172
0.01702265681296221,1.8387640024285832,78.10905763621923
0.0907275544317646,5.210690588379847,77.07847632062452
0.04299752862553263,7.210722537789879,78.34008332215836
0.14681670093913174,3.6303554845156905,55.9203047186178
0.02619874908593059,1.970390989046515,63.58951469365868
0.1681043530022478,4.7551006824874085,51.87707870024624
0.0431300860728628,7.027904916630881,81.95831624838716
0.09591274357950422,5.320046786008007,94.46332690248477
0.04245086122811696,6.0603749316136355,95.42784941635
0.045473247391248243,2.715590262528942,64.37487539329943
0.021909429067418877,5.363395277297226,79.80802193774558
0.08135945035509298,2.936276506712259,62.327168086430476
0.09706790103836184,7.646471984920882,61.33330736461673
0.03410421409865241,5.757982950024195,56.216125874907334
0.026291744288385016,3.9153212939557878,86.21934957932405
0.0560035224763793,4.818524674174954,70.0950081377402
0.07639345481921676,5.594082916619035,91.41549415804785
0.09586049960252346,5.877468006167661,95.16243636588665
0.10199442983509935,0.17027439129671162,65.08070532940769
0.11541482442773003,6.440151268263416,86.70905010383461
0.06953477510798076,5.8090765942808735,94.51282992159234
0.03928258855783281,0.2923723896937407,85.95368889662328
0.015395796155060287,0.9703794784562585,76.54865315744951
0.02519321493891529,4.993357473564324,77.0070776072591
0.055233769730603455,3.756859271105274,91.41486123320375
0.01700931007655715,0.343979760791543,60.399666230008705
0.07391014294450726,2.373040798265221,93.46343605479146
0.1748493224456237,1.4918918658455314,51.20609817552299
0.12479564022106071,5.714998131641798,50.80249401023847
0.019128353238021544,0.4720491664137767,84.68432604543443
0.025395851499591483,2.629992678031843,54.13278282643231
0.03403719938419911,1.6891149843265407,57.71134070348644
0.01702265681296221,1.8387640024285832,78.10905763621923
0.0907275544317646,5.210690588379847,77.07847632062452
0.04299752862553263,7.210722537789879,78.34008332215836
0.14681670093913174,3.6303554845156905,55.9203047186178
0.034644394848417664,2.0866213833753853,63.05251808799456
0.1566542780647917,4.877533013335512,56.829748245233105
0.052988115125672905,6.572862821791816,86.64546709382053
0.10521445434143392,6.565908480559557,94.88603581826403
0.04245086122811696,6.0603749316136355,95.42784941635
0.045473247391248243,2.715590262528942,64.37487539329943
0.025637458273874966,7.877705098384753,81.67349734464183
0.0768700189468866,2.649076359182859,63.51832306403444
0.09706790103836184,7.646471984920882,61.33330736461673
0.032728093487178214,5.639902265765018,59.42686091125745
0.03558322917489994,4.197771590388958,81.17693596605802
0.0560035224763793,4.818524674174954,70.0950081377402
0.07639345481921676,5.594082916619035,91.41549415804785
0.10291147116431831,6.568678313751243,98.78052967258895
0.10199442983509935,0.17027439129671162,65.08070532940769
0.0778469432241748,4.111589965697579,85.91906796038175
0.06953477510798076,5.8090765942808735,94.51282992159234
0.03928258855783281,0.2923723896937407,85.95368889662328
0.011893756749936334,0.8864312591983436,75.53631619248674
0.034504991046079715,4.570935435506265,74.57650426430179
0.05480732115047049,3.8772308029673472,90.95918857786448
0.01700931007655715,0.343979760791543,60.399666230008705
0.07391014294450726,2.373040798265221,93.46343605479146
0.10699279454423502,1.652584475236229,54.05976070704488
0.12479564022106071,5.714998131641798,50.80249401023847
0.012991607360854349,0.3400132883547381,87.97615911893384
0.025395851499591483,2.629992678031843,54.13278282643231
0.03275812912470372,1.8283812992477,57.181651699693866
0.013473736823939556,1.686154338951134,78.72322651734652
0.13405472534780466,4.890057820378865,90.26471193954778
0.04049800125505769,7.3427427306849165,76.81678199518092
0.11754711066080592,2.7217935837582563,64.09505810705652
0.03423841259140591,1.173691911414521,55.21493496006312
0.1566542780647917,4.877533013335512,56.829748245233105
0.061797237535003026,6.204477141030348,88.4407733296957
0.09282745296340503,4.854186083918188,81.17781070445552
0.04245086122811696,6.0603749316136355,95.42784941635
0.052154432489146946,1.1826256608705847,66.96869268812621
0.025637458273874966,7.877705098384753,81.67349734464183
0.0768700189468866,2.649076359182859,63.51832306403444
0.08678693168240614,7.679753320743515,64.26086684466131
0.032728093487178214,5.639902265765018,59.42686091125745
0.03558322917489994,4.197771590388958,81.17693596605802
0.08673563424621453,4.836541934590269,66.04467143346835
0.07639345481921676,5.594082916619035,91.41549415804785
0.10580993065313515,6.59304619165901,98.94125593571992
0.07957742349279665,2.454175596976786,62.94440050026523
0.08139820051175177,4.147713374401668,85.14219909439758
0.07227473068442204,5.868291829551824,94.84732030130037
0.043509762033232716,1.2684805646481232,87.31661836142449
0.011893756749936334,0.8864312591983436,75.53631619248674
0.03399135654578735,4.74869749009408,71.43229210167415
0.05017540218911502,3.830114897760877,91.97246172014755
0.01700931007655715,0.343979760791543,60.399666230008705
0.05856295425603622,2.1986132176837625,89.72031511825747
0.1573214893951654,1.5333999317155655,51.94321989368034
0.09634855220924163,5.834313094244117,66.2189105495936
0.025089181289450473,1.7170677334810707,83.99391325541417
0.025582245005809915,2.6096979862089587,54.20997216758797
0.03275812912470372,1.8283812992477,57.181651699693866
0.024596286013957087,2.725554386976567,76.65834007308204
0.13405472534780466,4.890057820378865,90.26471193954778
0.04049800125505769,7.3427427306849165,76.81678199518092
0.11754711066080592,2.7217935837582563,64.09505810705652
0.03423841259140591,1.173691911414521,55.21493496006312
0.16652549430655936,5.198000590106349,56.577398068203706
0.06146792013983507,6.1228750333971975,86.79441925236614
0.09468664135724067,4.765771329243179,81.33275163536105
0.04256172602865125,5.558673156897428,94.5786197164127
0.044948288917610456,1.179032347088842,62.241121152879224
0.025637458273874966,7.877705098384753,81.67349734464183
0.0768700189468866,2.649076359182859,63.51832306403444
0.07683552705325733,7.607301252505622,66.96019454565865
0.05625261534235127,4.8305659429317185,60.72158361161642
0.03558322917489994,4.197771590388958,81.17693596605802
0.08673563424621453,4.836541934590269,66.04467143346835
0.07914185172375965,5.507931064796288,90.17433574516701
0.107785291223192,5.941516628903804,93.07666110440984
0.05029157754095061,2.2477630684735597,62.05690355390637
0.07306766614260445,4.245167765906446,77.31509465916479
0.07227473068442204,5.868291829551824,94.84732030130037
0.043509762033232716,1.2684805646481232,87.31661836142449
0.013463198261513515,1.0522089883680934,75.89273036219896
0.03399135654578735,4.74869749009408,71.43229210167415
0.04653732854355627,4.537773487253498,92.94932304188937
0.01700931007655715,0.343979760791543,60.399666230008705
0.05856295425603622,2.1986132176837625,89.72031511825747
0.15144202980558763,1.5730025303951671,54.19222960683202
0.09634855220924163,5.834313094244117,66.2189105495936
0.025089181289450473,1.7170677334810707,83.99391325541417
0.028469258617408635,2.295357359625082,55.405543210312885
0.03275812912470372,1.8283812992477,57.181651699693866
0.024596286013957087,2.725554386976567,76.65834007308204
0.13405472534780466,4.890057820378865,90.26471193954778
0.04049800125505769,7.3427427306849165,76.81678199518092
0.19595824479566343,3.0971657689135332,71.74403821272254
0.037918413115556715,1.729496830280561,56.22961780835763
0.18410414907036787,5.038610375915757,54.1622911364102
0.06146792013983507,6.1228750333971975,86.79441925236614
0.09486512915792188,4.880531798700011,79.70953806045965
0.044292876619381236,5.896271009294549,97.9031655645249
0.044948288917610456,1.179032347088842,62.241121152879224
0.025637458273874966,7.877705098384753,81.67349734464183
0.0948032151914608,1.7709492052229332,60.20845396182479
0.05590415714624464,4.445954324271998,61.188808944876776
0.05625261534235127,4.8305659429317185,60.72158361161642
0.041373915510907515,4.268494166048696,75.48108515712084
0.08160034674473324,4.835535195875514,65.1479234293729
0.06784373414742294,4.715562819362899,88.8825005888351
0.10190306037733764,5.929387133708721,93.36996613782584
0.0488299757689692,2.2564481412832613,57.1686131574886
0.02263711275686847,5.964591889647139,92.19367007531956
0.06875799727675017,5.569627691621565,92.2201679500521
0.04538007900434578,0.8476802822743927,86.87960471410454
0.013463198261513515,1.0522089883680934,75.89273036219896
0.039647203060031985,4.143028611633568,61.09050541591034
0.05255458313835518,4.5879839120164325,91.80079022284686
0.01700931007655715,0.343979760791543,60.399666230008705
0.05771889662413504,2.287092788572071,89.77842521507893
0.15144202980558763,1.5730025303951671,54.19222960683202
0.09406788957920043,5.679862070761832,66.05329309137329
0.025089181289450473,1.7170677334810707,83.99391325541417
0.03330624251844874,1.9676896500815135,57.4119464913417
0.03227104902835384,1.8377150213369098,57.271514342979074
0.017093313789861935,3.5935204840868895,95.61121388735825
0.13405472534780466,4.890057820378865,90.26471193954778
0.04049800125505769,7.3427427306849165,76.81678199518092
0.29285069051045476,1.1822089981241222,59.44658854804224
0.03478740219226494,1.1453778026538375,52.16589252142172
0.18410414907036787,5.038610375915757,54.1622911364102
0.06146792013983507,6.1228750333971975,86.79441925236614
0.0859084347827396,5.272161221383216,85.71140160475802
0.0414834845194192,5.454849940435298,95.89743777014587
0.044948288917610456,1.179032347088842,62.241121152879224
0.025637458273874966,7.877705098384753,81.67349734464183
0.06526339353784497,3.487537087867141,73.30099391715004
0.062212238134783,4.792589906464103,58.07192326462375
0.10259196728411109,4.905970937447311,58.34419044600818
0.044633756193441614,3.5208384229638865,74.198313764053
0.08160034674473324,4.835535195875514,65.1479234293729
0.06490398284295848,4.5642402886068085,87.02261698796558
0.10190306037733764,5.929387133708721,93.36996613782584
0.0488299757689692,2.2564481412832613,57.1686131574886
0.02263711275686847,5.964591889647139,92.19367007531956
0.06875799727675017,5.569627691621565,92.2201679500521
0.04538007900434578,0.8476802822743927,86.87960471410454
0.013463198261513515,1.0522089883680934,75.89273036219896
0.039647203060031985,4.143028611633568,61.09050541591034
0.05228828950522853,4.62962111823701,91.23311892924521
0.01700931007655715,0.343979760791543,60.399666230008705
0.05771889662413504,2.287092788572071,89.77842521507893
0.13668584907099457,2.211291697411279,60.80842903155154
0.09406788957920043,5.679862070761832,66.05329309137329
0.025089181289450473,1.7170677334810707,83.99391325541417
0.028141096377623097,1.8716122579753758,57.49290976286941
0.03540269487309868,1.8120115449911454,57.103635409397974
0.017093313789861935,3.5935204840868895,95.61121388735825
0.1895827626282301,7.421393437642109,92.38446508166466
0.04916632272211437,6.9474929003693955,78.51466100917447
0.29285069051045476,1.1822089981241222,59.44658854804224
0.03478740219226494,1.1453778026538375,52.16589252142172
0.19622202636370503,6.3243754017060265,54.15118375210421
0.01820515023143157,5.684381710894275,84.90673112979533
0.1075355763722857,5.071990673158738,90.186955219428
0.03656242400047375,5.475086817173597,97.02576993756368
0.07672282698831483,2.2597942925258483,60.54185710169426
0.025637458273874966,7.877705098384753,81.67349734464183
0.04580498199697933,5.643339728565154,77.41233201514504
0.062212238134783,4.792589906464103,58.07192326462375
0.12014045637065517,4.673624842437709,50.9149076667146
0.05470895148162571,4.318768434419848,73.65063097431458
0.08160034674473324,4.835535195875514,65.1479234293729
0.06843642073964366,5.163469604586065,91.40928955128905
0.09225993514699041,5.663792016047783,93.62480279977345
0.0488299757689692,2.2564481412832613,57.1686131574886
0.02263711275686847,5.964591889647139,92.19367007531956
0.06875799727675017,5.569627691621565,92.2201679500521
0.12298723082155544,0.6401877227294412,78.60393175606211
0.010206872490616824,0.808679442673566,74.97361066563798
0.04599440365932819,4.078212571370369,67.27908404259756
0.06997477408793082,3.833330968699882,90.66016450048444
0.019453211751355205,0.3873692984943035,62.680688861948894
0.060753543072018246,0.6334775369530439,93.77506323643131
0.13668584907099457,2.211291697411279,60.80842903155154
0.09406788957920043,5.679862070761832,66.05329309137329
0.02194399896020326,3.5296577277985004,84.41096231055758
0.02998776391580884,1.9747036820128727,55.177976715886984
0.044176401571784214,2.9512044065965792,64.62339901633706
0.017093313789861935,3.5935204840868895,95.61121388735825
0.1895827626282301,7.421393437642109,92.38446508166466
0.04916632272211437,6.9474929003693955,78.51466100917447
0.3373562138724821,0.06704506849249636,55.74460043752495
0.03478740219226494,1.1453778026538375,52.16589252142172
0.19622202636370503,6.3243754017060265,54.15118375210421
0.01820515023143157,5.684381710894275,84.90673112979533
0.1075355763722857,5.071990673158738,90.186955219428
0.03656242400047375,5.475086817173597,97.02576993756368
0.07216374205422939,1.2609523858802767,50.83426172635664
0.025637458273874966,7.877705098384753,81.67349734464183
0.04580498199697933,5.643339728565154,77.41233201514504
0.062212238134783,4.792589906464103,58.07192326462375
0.12014045637065517,4.673624842437709,50.9149076667146
0.05470895148162571,4.318768434419848,73.65063097431458
0.11482501989574975,6.668979283170473,54.067779405921854
0.06843642073964366,5.163469604586065,91.40928955128905
0.07745215273049631,6.237467804189409,96.95735677901513
0.0488299757689692,2.2564481412832613,57.1686131574886
0.024770217093346453,6.876916223087122,90.87869138129604
0.06557945107288583,5.36137709865578,88.73757249932206
0.12298723082155544,0.6401877227294412,78.60393175606211
0.010206872490616824,0.808679442673566,74.97361066563798
0.06597944445948606,5.904037120888359,62.9821844388102
0.06997477408793082,3.833330968699882,90.66016450048444
0.019453211751355205,0.3873692984943035,62.680688861948894
0.060753543072018246,0.6334775369530439,93.77506323643131
0.11522793585145,3.021633754973637,64.72878235561832
0.09406788957920043,5.679862070761832,66.05329309137329
0.024518976703915812,3.5760580060475684,84.5847300297407
0.02998776391580884,1.9747036820128727,55.177976715886984
0.043218493013396676,2.3573817846061456,63.224113816135095
0.017093313789861935,3.5935204840868895,95.61121388735825
0.15186984131068135,6.643035484537261,82.22492310837444
0.04916632272211437,6.9474929003693955,78.51466100917447
0.3373562138724821,0.06704506849249636,55.74460043752495
0.04163884278686057,1.6874744760275338,54.606744482221224
0.19622202636370503,6.3243754017060265,54.15118375210421
0.01820515023143157,5.684381710894275,84.90673112979533
0.10468785150244511,4.9582515370784,88.90134914500518
0.03656242400047375,5.475086817173597,97.02576993756368
0.07216374205422939,1.2609523858802767,50.83426172635664
0.025637458273874966,7.877705098384753,81.67349734464183
0.049008737483047425,5.597657626104108,79.24718791913645
0.062212238134783,4.792589906464103,58.07192326462375
0.12014045637065517,4.673624842437709,50.9149076667146
0.04105189031808741,4.244701734031516,78.39609975629939
0.10851416460564048,5.868973355532728,53.58944722305682
0.06843642073964366,5.163469604586065,91.40928955128905
0.07745215273049631,6.237467804189409,96.95735677901513
0.03097843096979848,0.9055187552696626,53.662588044761925
0.024770217093346453,6.876916223087122,90.87869138129604
0.09474925056213107,6.424939301429263,84.60231338640044
0.09326260124566763,1.9478388916718186,78.52853414168713
0.010206872490616824,0.808679442673566,74.97361066563798
0.042254421559641764,5.699907745040986,57.666870593164866
0.06997477408793082,3.833330968699882,90.66016450048444
0.019453211751355205,0.3873692984943035,62.680688861948894
0.060753543072018246,0.6334775369530439,93.77506323643131
0.12708005921776505,1.5327121557864078,63.98690001575009
0.09406788957920043,5.679862070761832,66.05329309137329
0.03395844996783659,4.867254612875035,82.26000694647315
0.019546361910319124,1.344019429755324,52.13073726285262
0.040320677711847275,3.267275747343559,66.26505575642244
0.017093313789861935,3.5935204840868895,95.61121388735825
0.15186984131068135,6.643035484537261,82.22492310837444
0.04916632272211437,6.9474929003693955,78.51466100917447
0.3373562138724821,0.06704506849249636,55.74460043752495
0.04163884278686057,1.6874744760275338,54.606744482221224
0.19622202636370503,6.3243754017060265,54.15118375210421
0.018399224269275143,4.8606942796490005,81.45057316054175
0.11591461820436626,5.3591391723421555,87.31272014015552
0.03656242400047375,5.475086817173597,97.02576993756368
0.07233669983206864,1.423709611221394,52.34272022470605
0.025637458273874966,7.877705098384753,81.67349734464183
0.05187027792388246,5.833874268648775,78.62351532625554
0.05432561339846566,4.7618308188306315,52.34769485501619
0.12014045637065517,4.673624842437709,50.9149076667146
0.04105189031808741,4.244701734031516,78.39609975629939
0.08867948091154568,5.519815883200635,72.30668371344393
0.06450994617750777,4.898658643055358,87.89779799005467
0.07745215273049631,6.237467804189409,96.95735677901513
0.02974493654205448,1.1443093330728695,57.389124562806415
0.04145938102633234,6.674344708570729,92.80435797059965
0.09474925056213107,6.424939301429263,84.60231338640044
0.1125921589082369,0.1331220826125339,78.4841794368376
0.010206872490616824,0.808679442673566,74.97361066563798
0.042254421559641764,5.699907745040986,57.666870593164866
0.05550548921165191,2.7469893891307806,76.93250619549728
0.019453211751355205,0.3873692984943035,62.680688861948894
0.06396287730580391,0.5781384830109422,97.0184435702009
0.13319706659239128,1.4576227357918372,61.3565638367012
0.11604714161989646,6.18757431592037,73.63310046414371
0.03395844996783659,4.867254612875035,82.26000694647315
0.019546361910319124,1.344019429755324,52.13073726285262
0.040320677711847275,3.267275747343559,66.26505575642244
0.017093313789861935,3.5935204840868895,95.61121388735825
0.0982366217012681,6.802027422393391,80.28737213923922
0.0204836959148898,7.032520546520335,77.47847388909474
0.18912525181288575,3.7812317504200115,68.07451406850058
0.04163884278686057,1.6874744760275338,54.606744482221224
0.19622202636370503,6.3243754017060265,54.15118375210421
0.018399224269275143,4.8606942796490005,81.45057316054175
0.11591461820436626,5.3591391723421555,87.31272014015552
0.03656242400047375,5.475086817173597,97.02576993756368
0.07054169029811991,1.671786090516755,53.47012664099232
0.025637458273874966,7.877705098384753,81.67349734464183
0.05187027792388246,5.833874268648775,78.62351532625554
0.05432561339846566,4.7618308188306315,52.34769485501619
0.14137916816821036,6.117528375553837,50.28054539864404
0.04105189031808741,4.244701734031516,78.39609975629939
0.08867948091154568,5.519815883200635,72.30668371344393
0.06450994617750777,4.898658643055358,87.89779799005467
0.07745215273049631,6.237467804189409,96.95735677901513
0.02974493654205448,1.1443093330728695,57.389124562806415
0.03440555222855323,6.84681043177035,95.86633973925527
0.09474925056213107,6.424939301429263,84.60231338640044
0.1125921589082369,0.1331220826125339,78.4841794368376
0.010206872490616824,0.808679442673566,74.97361066563798
0.029302025990633432,5.64533824762233,58.63202418996101
0.05550548921165191,2.7469893891307806,76.93250619549728
0.019453211751355205,0.3873692984943035,62.680688861948894
0.06396287730580391,0.5781384830109422,97.0184435702009
0.13319706659239128,1.4576227357918372,61.3565638367012
0.11910366095558296,6.372427919468223,74.41465878302012
0.0299674120288515,5.534583565077131,81.66557514890948
0.019546361910319124,1.344019429755324,52.13073726285262
0.06442248579073975,4.760301840543198,72.3867880522627
0.017093313789861935,3.5935204840868895,95.61121388735825
0.09692707701096612,6.773852138584401,80.64278300436793
0.016598925802474615,7.769886271381367,79.6744506796013
0.17321838513580684,3.1203603372026762,66.16382202192
0.04163884278686057,1.6874744760275338,54.606744482221224
0.19622202636370503,6.3243754017060265,54.15118375210421
0.018399224269275143,4.8606942796490005,81.45057316054175
0.1483280483975004,4.5723492812562245,89.80560427526433
0.03723434990432576,5.04775653190941,97.38696488391787
0.07054169029811991,1.671786090516755,53.47012664099232
0.025637458273874966,7.877705098384753,81.67349734464183
0.02745731334181526,6.042167185048413,82.81302702217945
0.04846820104990351,4.997027010166204,67.08029173472322
0.14137916816821036,6.117528375553837,50.28054539864404
0.032366738882002075,4.008643979872141,84.63669894388447
0.08905914947097868,5.577543993648693,72.69042641506556
0.06374557549563749,4.816112583895805,87.2270104437523
0.07745215273049631,6.237467804189409,96.95735677901513
0.02974493654205448,1.1443093330728695,57.389124562806415
0.036833749897381876,6.402711198223827,91.79684832892069
0.09474925056213107,6.424939301429263,84.60231338640044
0.1175916647040004,0.07210088751520516,79.75718348081767
0.010206872490616824,0.808679442673566,74.97361066563798
0.029302025990633432,5.64533824762233,58.63202418996101
0.06398504220419138,3.3948903001962343,90.5848683995319
0.019453211751355205,0.3873692984943035,62.680688861948894
0.058125076271879246,1.4519206943367138,94.74677902358067
0.09722364913827981,2.9076095437626073,60.413198287058165
0.1293251930338228,6.315178517566233,71.82582830826892
0.06653139153641906,5.725898941864224,71.36539117911654
0.03648612576281024,2.111109588749124,55.1698495210923
0.05052207754892375,3.899218217969092,68.85615757919824
0.017093313789861935,3.5935204840868895,95.61121388735825
0.09184504502107818,6.354919767165357,79.46452841836961
0.015550679234538848,7.824226215268748,78.72126102261377
0.17321838513580684,3.1203603372026762,66.16382202192
0.04163884278686057,1.6874744760275338,54.606744482221224
0.19622202636370503,6.3243754017060265,54.15118375210421
0.018399224269275143,4.8606942796490005,81.45057316054175
0.16441858333262266,5.334144552406144,88.42993655415634
0.03958285536613092,3.554158051505033,98.64940810783034
0.059298671442070405,2.9296644054530807,58.6327700348547
0.025637458273874966,7.877705098384753,81.67349734464183
0.02745731334181526,6.042167185048413,82.81302702217945
0.047801783523723995,5.35323100775959,66.5040798137697
0.14137916816821036,6.117528375553837,50.28054539864404
0.032366738882002075,4.008643979872141,84.63669894388447
0.06743657782940746,4.693265809841417,84.03525228671558
0.07319750994268931,5.06381462363307,85.52833735820073
0.07020724340123749,4.443567160394872,96.12870401108661
0.03144701811294172,1.2471328840206308,57.46074955524315
0.036833749897381876,6.402711198223827,91.79684832892069
0.09006300290175079,6.523446663077009,84.40371981981878
0.1175916647040004,0.07210088751520516,79.75718348081767
0.010206872490616824,0.808679442673566,74.97361066563798
0.029302025990633432,5.64533824762233,58.63202418996101
0.06398504220419138,3.3948903001962343,90.5848683995319
0.019453211751355205,0.3873692984943035,62.680688861948894
0.058125076271879246,1.4519206943367138,94.74677902358067
0.09645809868070329,3.9958309125366878,67.89703226238107
0.09064398707058821,5.858753915402826,69.30076647833212
0.04384278928856172,7.037530896221883,73.9948891568
0.04414059938391271,2.8857465400372915,51.79453032625218
0.05892493080825955,4.849029238801821,70.5263684512902
0.017093313789861935,3.5935204840868895,95.61121388735825
0.09536680222904353,6.6248973838769025,81.0100781087912
0.015550679234538848,7.824226215268748,78.72126102261377
0.1576728835885901,3.4319727060939336,67.9394692431291
0.04163884278686057,1.6874744760275338,54.606744482221224
0.19622202636370503,6.3243754017060265,54.15118375210421
0.018586855574619747,4.064351040554509,78.1091502765035
0.16441858333262266,5.334144552406144,88.42993655415634
0.03958285536613092,3.554158051505033,98.64940810783034
0.050633453336234875,2.681044714366685,56.47243391676433
0.025637458273874966,7.877705098384753,81.67349734464183
0.02722915789849105,6.2722887885394165,82.67016405284754
0.049922408756007335,5.817422862536585,58.21003064174487
0.14137916816821036,6.117528375553837,50.28054539864404
0.03243365066672163,3.977822059923736,84.15806473399093
0.07599369601439791,5.690287898813388,93.79669912984554
0.06916785059042765,3.9522236508505584,74.70367891019897
0.09864378310282293,2.7742400578423276,99.81974660670875
0.03144701811294172,1.2471328840206308,57.46074955524315
0.036833749897381876,6.402711198223827,91.79684832892069
0.1188880333873859,6.0202411743517015,86.60197428299124
0.1175916647040004,0.07210088751520516,79.75718348081767
0.010206872490616824,0.808679442673566,74.97361066563798
0.015271864760478572,6.039264060834325,52.97330603444285
0.08098581570719815,3.322876175714662,88.76254783093705
0.01985825577628107,0.5110737902690605,62.891856503696545
0.05635286669421098,0.8643150009937233,96.00545150641341
0.08574927876888011,3.6001190759623616,68.77564937960747
0.0882237419420941,5.933921084850681,69.76141315736028
0.04164396022758722,7.164645578168267,74.2497226853683
0.04414059938391271,2.8857465400372915,51.79453032625218
0.058463845051640054,4.8265598244878944,70.39372188262767
0.017093313789861935,3.5935204840868895,95.61121388735825
0.07854600946444452,5.805194419102044,76.17102070921773
0.015550679234538848,7.824226215268748,78.72126102261377
0.1915569810019165,3.4453843060965714,59.749303906402815
0.040726105321247236,1.2502985300908833,55.63274886030726
0.19622202636370503,6.3243754017060265,54.15118375210421
0.018586855574619747,4.064351040554509,78.1091502765035
0.20870895737085943,4.5062451878553595,93.18909411104893
0.03958285536613092,3.554158051505033,98.64940810783034
0.050633453336234875,2.681044714366685,56.47243391676433
0.025637458273874966,7.877705098384753,81.67349734464183
0.01800743230115376,6.29764709588396,82.27458779414053
0.04540328520108454,6.201109952104839,56.771057439329105
0.14137916816821036,6.117528375553837,50.28054539864404
0.033044101302063034,3.99311488843301,83.7023001550605
0.07599369601439791,5.690287898813388,93.79669912984554
0.06610728333889723,3.7327398359501727,73.30463383515381
0.09864378310282293,2.7742400578423276,99.81974660670875
0.03035196624845366,0.6116498896088887,55.6577780249274
0.034468885791349935,4.289855576015835,78.61159025548743
0.12603497807549352,6.242483405124288,85.51626531255447
0.1175916647040004,0.07210088751520516,79.75718348081767
0.010206872490616824,0.808679442673566,74.97361066563798
0.015271864760478572,6.039264060834325,52.97330603444285
0.07985159428100878,3.2568622623814516,93.52159984268174
0.01985825577628107,0.5110737902690605,62.891856503696545
0.05635286669421098,0.8643150009937233,96.00545150641341
0.08060050169145455,4.170584468047891,66.99998246914157
0.07851931763689415,5.658377895986223,71.52817880621704
0.03609199599463994,6.96099703136631,76.13467652447696
0.04414059938391271,2.8857465400372915,51.79453032625218
0.05138946408465324,5.395409716295079,69.2734252962694
0.018216313883192874,2.3415636828781383,82.32202316434879
0.06570198626733237,4.4210813221143255,70.70410929644804
0.019294136741378226,7.596717460505905,79.6717765355247
0.27831053341136025,3.2466663061037617,50.375243647126005
0.040640767516717004,1.2450449979700464,55.63295475054479
0.19622202636370503,6.3243754017060265,54.15118375210421
0.018211505960354115,3.9460242086184003,82.50768327519837
0.22481103099497354,4.3786337642822,96.53673324128332
0.048215969864682934,3.1688041608049686,96.55863477438595
0.048136066244548054,2.759780459976928,54.67314255292236
0.025637458273874966,7.877705098384753,81.67349734464183
0.01800743230115376,6.29764709588396,82.27458779414053
0.04540328520108454,6.201109952104839,56.771057439329105
0.14137916816821036,6.117528375553837,50.28054539864404
0.011055967780084427,3.1174538825120295,87.34168111147129
0.05899426476090025,3.798730367107162,79.5917167435428
0.06610728333889723,3.7327398359501727,73.30463383515381
0.09222635987330415,2.5898953403462865,96.81180964409924
0.03035196624845366,0.6116498896088887,55.6577780249274
0.03891000628149445,4.580028823067412,76.16061517521219
0.08783911525676352,5.513658065487424,81.41471874252079
0.1175916647040004,0.07210088751520516,79.75718348081767
0.010206872490616824,0.808679442673566,74.97361066563798
0.012900049222514627,3.589905560564091,63.27552597556688
0.06741548162327235,2.592288398315188,84.008826262477
0.01985825577628107,0.5110737902690605,62.891856503696545
0.061263496413521676,1.9263644824045323,90.58289545176757
0.07945067788807908,4.259567730236167,64.90851445031618
0.07851931763689415,5.658377895986223,71.52817880621704
0.03609199599463994,6.96099703136631,76.13467652447696
0.04432421111253104,2.86568945022111,51.78703304421826
0.049216614642467474,5.61778543914208,70.2479961086537
0.02096231240431451,2.8671056839163147,84.84139110338575
0.09249167879398813,3.3670276429252106,64.20505362734018
0.019294136741378226,7.596717460505905,79.6717765355247
0.27831053341136025,3.2466663061037617,50.375243647126005
0.04150670704659935,1.140766724607662,54.595386495081996
0.19622202636370503,6.3243754017060265,54.15118375210421
0.018211505960354115,3.9460242086184003,82.50768327519837
0.22481103099497354,4.3786337642822,96.53673324128332
0.05044099772554599,3.1718788592294938,97.11051791598483
0.048136066244548054,2.759780459976928,54.67314255292236
0.06986033924239772,4.123811510417293,80.75189817927225
0.01800743230115376,6.29764709588396,82.27458779414053
0.04605749208522119,6.159001370024994,57.30002974267488
0.1831541483745988,5.241686628751799,50.309435912142455
0.011055967780084427,3.1174538825120295,87.34168111147129
0.05899426476090025,3.798730367107162,79.5917167435428
0.05142213172584618,4.944858682262569,75.30198848214593
0.07311244928810234,2.0044755912957175,99.39984802410106
0.03063003007568449,0.6089302799480286,55.39116053409856
0.03891000628149445,4.580028823067412,76.16061517521219
0.09387208035729122,6.328014153288915,79.33343926419089
0.1175916647040004,0.07210088751520516,79.75718348081767
0.010206872490616824,0.808679442673566,74.97361066563798
0.012900049222514627,3.589905560564091,63.27552597556688
0.06365396328391922,3.179388330453212,81.32712386350526
0.01985825577628107,0.5110737902690605,62.891856503696545
0.061263496413521676,1.9263644824045323,90.58289545176757
0.07513528459170979,3.6144066843912803,56.41697303200637
0.050735179956084064,4.488782387802502,76.63013947329664
0.037227930534870515,5.7399899316150735,71.61601924403357
0.04432421111253104,2.86568945022111,51.78703304421826
0.048041709229098645,5.616157865832641,70.19666659199599
0.02096231240431451,2.8671056839163147,84.84139110338575
0.10732286487073812,3.031273916502962,60.8958034741804
0.019294136741378226,7.596717460505905,79.6717765355247
0.27831053341136025,3.2466663061037617,50.375243647126005
0.04119624529148516,1.4744796224641812,55.83037867144563
0.1642304154342183,5.530407372940578,53.49705103575164
0.01828295570603899,3.1226800401439334,82.58929406665052
0.1671092131500838,4.8834030439672675,86.67261298831954
0.0554892972586352,2.999505650662689,93.21400687885446
0.04657531294927586,2.6104421983183066,51.09135624436247
0.08999995440279562,3.8269474631745464,83.73948066864482
0.01786053357298026,6.149336591618073,82.5717420213379
0.05429238495515097,6.032003562390331,60.90941650033439
0.15148416605022136,4.7645854515139465,52.10010085581695
0.011055967780084427,3.1174538825120295,87.34168111147129
0.07698555323166228,5.822004189547165,94.942005328764
0.05142213172584618,4.944858682262569,75.30198848214593
0.07311244928810234,2.0044755912957175,99.39984802410106
0.03063003007568449,0.6089302799480286,55.39116053409856
0.03891000628149445,4.580028823067412,76.16061517521219
0.1032772103376752,6.985229374912008,84.56227220777299
0.1175916647040004,0.07210088751520516,79.75718348081767
0.010206872490616824,0.808679442673566,74.97361066563798
0.012900049222514627,3.589905560564091,63.27552597556688
0.06492791667105718,3.23589603878078,81.478564840713
0.01985825577628107,0.5110737902690605,62.891856503696545
0.061263496413521676,1.9263644824045323,90.58289545176757
0.07513528459170979,3.6144066843912803,56.41697303200637
0.050735179956084064,4.488782387802502,76.63013947329664
0.029121538151542906,6.490903680730769,68.60678881020812
0.04432421111253104,2.86568945022111,51.78703304421826
0.048041709229098645,5.616157865832641,70.19666659199599
0.02096231240431451,2.8671056839163147,84.84139110338575
0.10732286487073812,3.031273916502962,60.8958034741804
0.011314180447865751,7.789229546273773,81.30498119638699
0.26613166013121775,3.1177588153232083,50.96505559721456
0.01949786012089233,0.7591736025850278,56.24188583006458
0.1642304154342183,5.530407372940578,53.49705103575164
0.010821013474168514,3.147383360610302,80.45844782037808
0.1671092131500838,4.8834030439672675,86.67261298831954
0.0554892972586352,2.999505650662689,93.21400687885446
0.04755643726063384,2.4991947726526225,50.788151204925775
0.07025295586836253,4.462663888233556,83.41983111931769
0.01786053357298026,6.149336591618073,82.5717420213379
0.05429238495515097,6.032003562390331,60.90941650033439
0.15148416605022136,4.7645854515139465,52.10010085581695
0.011055967780084427,3.1174538825120295,87.34168111147129
0.08113957205329102,6.208189180289858,97.27253604500027
0.07174747264596089,6.331309389451287,68.93650061092026
0.05640775983230467,2.3040729302684513,96.15396735560667
0.03063003007568449,0.6089302799480286,55.39116053409856
0.03891000628149445,4.580028823067412,76.16061517521219
0.1032772103376752,6.985229374912008,84.56227220777299
0.1175916647040004,0.07210088751520516,79.75718348081767
0.010206872490616824,0.808679442673566,74.97361066563798
0.012900049222514627,3.589905560564091,63.27552597556688
0.06831879588831759,4.77502451550939,75.24229006052838
0.022145172071333118,0.7675893523797974,63.15826243426432
0.0556055189285935,2.2401132282637373,77.62449064838142
0.07646931677295324,3.5031030377699817,57.15035142586278
0.06381400522911101,3.4579709092127766,77.668428286306
0.010801938953372822,7.636132577408464,73.45995893071908
0.04432421111253104,2.86568945022111,51.78703304421826
0.048041709229098645,5.616157865832641,70.19666659199599
0.02096231240431451,2.8671056839163147,84.84139110338575
0.12102004250751536,1.7606998130596816,57.799987796040206
0.011314180447865751,7.789229546273773,81.30498119638699
0.1498628736190909,3.131249870148394,64.39638315371754
0.01964835013884011,0.7596520072314646,56.6350565854515
0.1642304154342183,5.530407372940578,53.49705103575164
0.010821013474168514,3.147383360610302,80.45844782037808
0.30922494505468606,6.844084889416894,88.45332429406118
0.0554892972586352,2.999505650662689,93.21400687885446
0.04891932029469287,2.651395377237038,50.417525398055005
0.05226914625537084,4.763429130728644,87.71721109485318
0.01786053357298026,6.149336591618073,82.5717420213379
0.049893640070837464,5.946405683176064,58.78543469106944
0.13147500414392052,5.686303555110165,65.57410751752204
0.011055967780084427,3.1174538825120295,87.34168111147129
0.08113957205329102,6.208189180289858,97.27253604500027
0.07273738143388708,6.780631440530433,67.11592759333728
0.05640775983230467,2.3040729302684513,96.15396735560667
0.03063003007568449,0.6089302799480286,55.39116053409856
0.0494264159795824,4.767207962582105,80.39857422811905
0.1032772103376752,6.985229374912008,84.56227220777299
0.1175916647040004,0.07210088751520516,79.75718348081767
0.010206872490616824,0.808679442673566,74.97361066563798
0.010064701604949735,4.066617928722316,64.53637994690557
0.06274494296740502,4.291266639413011,73.78356563924385
0.014675276694326413,0.060949709776254135,66.9880899436441
0.0556055189285935,2.2401132282637373,77.62449064838142
0.07646931677295324,3.5031030377699817,57.15035142586278
0.06984904969284073,4.398234867052972,62.60532353590861
0.010801938953372822,7.636132577408464,73.45995893071908
0.04432421111253104,2.86568945022111,51.78703304421826
0.048041709229098645,5.616157865832641,70.19666659199599
0.02096231240431451,2.8671056839163147,84.84139110338575
0.11638257405583435,2.0056980787545484,58.587744986966214
0.011314180447865751,7.789229546273773,81.30498119638699
0.161363799618373,3.344096518442612,64.50787541046853
0.01964835013884011,0.7596520072314646,56.6350565854515
0.15351783685894665,5.209859144608712,57.73517302694403
0.010821013474168514,3.147383360610302,80.45844782037808
0.28630348306841624,6.30151604781254,84.74129639985118
0.0554892972586352,2.999505650662689,93.21400687885446
0.04891932029469287,2.651395377237038,50.417525398055005
0.05226914625537084,4.763429130728644,87.71721109485318
0.017357510593634634,6.205988669724,83.0925064024224
0.055095232346655004,5.468184025444314,58.465403838122604
0.12309084523960472,5.264175385126389,64.72750661934066
0.011055967780084427,3.1174538825120295,87.34168111147129
0.08113957205329102,6.208189180289858,97.27253604500027
0.07273738143388708,6.780631440530433,67.11592759333728
0.05640775983230467,2.3040729302684513,96.15396735560667
0.0322475587234837,1.0740970220442767,56.76657814792002
0.06393474444272587,3.6168036069409686,80.05352886844788
0.1032772103376752,6.985229374912008,84.56227220777299
0.1175916647040004,0.07210088751520516,79.75718348081767
0.010206872490616824,0.808679442673566,74.97361066563798
0.010064701604949735,4.066617928722316,64.53637994690557
0.052696316281028124,3.623388240488405,71.11134408598842
0.014675276694326413,0.060949709776254135,66.9880899436441
0.07776896133998434,3.3464997795876856,97.41573690731958
0.035444597392570915,3.5799419278417246,53.59487471305343
0.06984904969284073,4.398234867052972,62.60532353590861
0.010801938953372822,7.636132577408464,73.45995893071908
0.04432421111253104,2.86568945022111,51.78703304421826
0.04998453357599832,6.174872713413369,71.84868977620528
0.02096231240431451,2.8671056839163147,84.84139110338575
0.13853752129579622,2.6649097041939243,61.5036321275696
0.011314180447865751,7.789229546273773,81.30498119638699
0.13726894341735363,2.920483570427571,63.06324347990994
0.015747491825715443,0.2808725433489814,52.9181920314812
0.1540156048863588,5.208970562252718,57.62078248374349
0.010821013474168514,3.147383360610302,80.45844782037808
0.28630348306841624,6.30151604781254,84.74129639985118
0.0554892972586352,2.999505650662689,93.21400687885446
0.04891932029469287,2.651395377237038,50.417525398055005
0.07421114371139953,3.1423288877838615,91.15262190146734
0.017357510593634634,6.205988669724,83.0925064024224
0.05569024482936459,5.455701429062602,57.475792312057465
0.16574705094575876,4.884217812246458,57.31847888779671
0.011055967780084427,3.1174538825120295,87.34168111147129
0.08113957205329102,6.208189180289858,97.27253604500027
0.07273738143388708,6.780631440530433,67.11592759333728
0.062113887500836795,3.2053751925581313,81.68973980992052
0.031337962054357335,0.3611534465724815,57.66896663252193
0.06393474444272587,3.6168036069409686,80.05352886844788
0.11061618359654442,7.498064917522633,88.64241413330507
0.1175916647040004,0.07210088751520516,79.75718348081767
0.010206872490616824,0.808679442673566,74.97361066563798
0.010064701604949735,4.066617928722316,64.53637994690557
0.03685261192544541,2.5738236884172405,72.55152791452385
0.014675276694326413,0.060949709776254135,66.9880899436441
0.08970936338664144,3.929191520060562,98.121035985757
0.035444597392570915,3.5799419278417246,53.59487471305343
0.06959248400360986,4.3866449324332315,62.73255416280917
0.010801938953372822,7.636132577408464,73.45995893071908
0.04432421111253104,2.86568945022111,51.78703304421826
0.04998453357599832,6.174872713413369,71.84868977620528
0.02096231240431451,2.8671056839163147,84.84139110338575
0.12201733285153049,3.319718218709391,63.43357606535099
0.011314180447865751,7.789229546273773,81.30498119638699
0.13119990047597288,2.941835231342762,65.76672575541073
0.015747491825715443,0.2808725433489814,52.9181920314812
0.16991892639148604,4.833275790470594,55.794726792736036
0.010821013474168514,3.147383360610302,80.45844782037808
0.22110430666095499,5.118149328132118,76.28503995281723
0.05801074402921462,3.2083891367811246,97.16811088577052
0.04891932029469287,2.651395377237038,50.417525398055005
0.06485118610508844,2.8010569779940164,88.78661012770588
0.013993826021071631,6.584817727148849,86.57482666714077
0.05569024482936459,5.455701429062602,57.475792312057465
0.16574705094575876,4.884217812246458,57.31847888779671
0.010367731519035597,3.0813993778749813,87.80219686302058
0.08113957205329102,6.208189180289858,97.27253604500027
0.07466067725356677,7.08362494921062,66.73249648428272
0.07265630693942035,3.0573082730762127,92.79569166387685
0.031337962054357335,0.3611534465724815,57.66896663252193
0.09726427009106575,1.6360129873353237,75.70135095279798
0.13376706389750406,6.551958457236756,85.23309040466536
0.08575086367379035,0.17880546642007217,71.60325505602293
0.010206872490616824,0.808679442673566,74.97361066563798
0.010076158372806147,3.8040786278662027,65.37745882776966
0.03685261192544541,2.5738236884172405,72.55152791452385
0.014675276694326413,0.060949709776254135,66.9880899436441
0.08970936338664144,3.929191520060562,98.121035985757
0.0291320490367757,3.6356587970805445,52.10624938753894
0.06959248400360986,4.3866449324332315,62.73255416280917
0.010801938953372822,7.636132577408464,73.45995893071908
0.04432421111253104,2.86568945022111,51.78703304421826
0.050153114678727295,6.732499721260273,75.24039488075175
0.0185930540482971,4.1311133663990365,85.43075247516374
0.15427767596562916,2.0172442976975047,58.225615416172595
0.010597023490445404,7.8087419546631835,81.41696316387049
0.10211310286712712,2.991501223310209,69.31664349325054
0.014993846290173998,0.7193872237863577,57.131260544500094
0.13780307171112635,4.366959364447215,67.66822489732655
0.010821013474168514,3.147383360610302,80.45844782037808
0.17884584290427247,4.709725095668423,78.5945458254551
0.07019518165580706,3.3853049767513452,92.66342313871453
0.04891932029469287,2.651395377237038,50.417525398055005
0.06485118610508844,2.8010569779940164,88.78661012770588
0.013993826021071631,6.584817727148849,86.57482666714077
0.07483512917242197,7.68381474933767,57.63787104823956
0.16574705094575876,4.884217812246458,57.31847888779671
0.010367731519035597,3.0813993778749813,87.80219686302058
0.07272980896761846,5.928913593687137,95.68033559147248
0.10002607449789097,6.864162807571108,64.06027398283044
0.07639644323295883,3.1078141843164793,94.91044355028795
0.031337962054357335,0.3611534465724815,57.66896663252193
0.09726427009106575,1.6360129873353237,75.70135095279798
0.13376706389750406,6.551958457236756,85.23309040466536
0.08542818096118132,0.027686910751436145,71.7737596898142
0.010206872490616824,0.808679442673566,74.97361066563798
0.010076158372806147,3.8040786278662027,65.37745882776966
0.03685261192544541,2.5738236884172405,72.55152791452385
0.014675276694326413,0.060949709776254135,66.9880899436441
0.08970936338664144,3.929191520060562,98.121035985757
0.0291320490367757,3.6356587970805445,52.10624938753894
0.06959248400360986,4.3866449324332315,62.73255416280917
0.010801938953372822,7.636132577408464,73.45995893071908
0.04432421111253104,2.86568945022111,51.78703304421826
0.050153114678727295,6.732499721260273,75.24039488075175
0.02159093401635287,4.036033973694377,85.05999962053372
0.15427767596562916,2.0172442976975047,58.225615416172595
0.010597023490445404,7.8087419546631835,81.41696316387049
0.13050833946797713,3.9431912096706094,70.07283600023435
0.014993846290173998,0.7193872237863577,57.131260544500094
0.08585852459178434,4.017399050711937,60.22962949033767
0.01166813827230974,3.217281552363743,80.82039001155535
0.1869787508071306,5.60102880647432,85.33736206860985
0.07019518165580706,3.3853049767513452,92.66342313871453
0.04033659005675123,3.0783197017424033,51.15000954198577
0.05995477036690881,2.915465046539264,83.75842886826587
0.014059643137373642,6.656124182900173,86.70170539443825
0.07483512917242197,7.68381474933767,57.63787104823956
0.16574705094575876,4.884217812246458,57.31847888779671
0.010487758061430303,4.340449394613744,83.83761889156332
0.05807358444407362,6.0973019107076585,98.04014081301251
0.10002607449789097,6.864162807571108,64.06027398283044
0.09373898064352804,0.27827195344875744,91.94819336389882
0.03069822720954622,0.10446947082164337,55.94249382741256
0.0792102532895897,2.9218799885179534,76.89199404966413
0.17569302177008309,7.492288133606809,85.29778328479345
0.08542818096118132,0.027686910751436145,71.7737596898142
0.010206872490616824,0.808679442673566,74.97361066563798
0.010076158372806147,3.8040786278662027,65.37745882776966
0.04372527120468747,3.7149431766204573,80.80631226986077
0.014675276694326413,0.060949709776254135,66.9880899436441
0.08438654698907572,3.708618106027423,98.91485914971722
0.0291320490367757,3.6356587970805445,52.10624938753894
0.07032044316785618,4.3700913011561395,64.0131389474209
0.010801938953372822,7.636132577408464,73.45995893071908
0.04432421111253104,2.86568945022111,51.78703304421826
0.050153114678727295,6.732499721260273,75.24039488075175
0.02159093401635287,4.036033973694377,85.05999962053372
0.16056944116820857,2.075871433342632,58.27504989766916
0.010597023490445404,7.8087419546631835,81.41696316387049
0.19838237723494856,3.7185337656549446,62.28857614353894
0.014993846290173998,0.7193872237863577,57.131260544500094
0.08585852459178434,4.017399050711937,60.22962949033767
0.011216718296071179,2.568166310641902,79.71023410546583
0.10753837784938776,3.0467799619677978,76.87744546729931
0.07019518165580706,3.3853049767513452,92.66342313871453
0.04033659005675123,3.0783197017424033,51.15000954198577
0.08755243365660421,4.655280285837282,93.97988077412126
0.014059643137373642,6.656124182900173,86.70170539443825
0.07483512917242197,7.68381474933767,57.63787104823956
0.1546649694636647,4.710374283062249,61.417776526654464
0.010552536816663717,5.154957810246749,85.88186565579274
0.05807358444407362,6.0973019107076585,98.04014081301251
0.09476161969754525,6.64687795065399,65.05885857014482
0.09373898064352804,0.27827195344875744,91.94819336389882
0.03069822720954622,0.10446947082164337,55.94249382741256
0.07827105936969854,2.9757118626102845,77.03340824715781
0.15417577918209605,5.712883950367791,82.07394004914315
0.08542818096118132,0.027686910751436145,71.7737596898142
0.010206872490616824,0.808679442673566,74.97361066563798
0.010076158372806147,3.8040786278662027,65.37745882776966
0.029924579083533062,2.9221213872362557,85.06456676140863
0.014675276694326413,0.060949709776254135,66.9880899436441
0.08438654698907572,3.708618106027423,98.91485914971722
0.0291320490367757,3.6356587970805445,52.10624938753894
0.07031480390048082,4.325756267193433,65.30297339290826
0.010801938953372822,7.636132577408464,73.45995893071908
0.04432421111253104,2.86568945022111,51.78703304421826
0.045197087866803154,5.8005269006914,74.08760071819702
0.02159093401635287,4.036033973694377,85.05999962053372
0.16056944116820857,2.075871433342632,58.27504989766916
0.010671350753932529,7.66753635343146,81.15399306170971
0.18253869358678848,4.077988001126584,61.972988501128015
0.01895398365926973,0.6972032872106206,58.882223799152584
0.08585852459178434,4.017399050711937,60.22962949033767
0.011216718296071179,2.568166310641902,79.71023410546583
0.10711886195717413,3.065561921798235,76.55530198735974
0.0740186281706402,3.3712173639912293,93.17841301336199
0.04033659005675123,3.0783197017424033,51.15000954198577
0.12332107402510233,3.189560902306802,99.81908663385087
0.014059643137373642,6.656124182900173,86.70170539443825
0.07483512917242197,7.68381474933767,57.63787104823956
0.2708214178822687,5.438453335172528,58.2367376240348
0.01039543877154891,5.766808487067889,87.34163423077648
0.05807358444407362,6.0973019107076585,98.04014081301251
0.08688180198657258,5.8421596207363535,63.93754279884961
0.09373898064352804,0.27827195344875744,91.94819336389882
0.041586977502583874,1.9743242737684366,56.36075017049747
0.07827105936969854,2.9757118626102845,77.03340824715781
0.233238755806261,5.7605094517751745,91.74752822546684
0.07032526743757325,0.8985781782217999,64.81107203538147
0.03190193688208674,0.6709213411853892,79.38227067434944
0.010137625917659095,2.3955097842544495,69.88999277122791
0.020416390460772284,1.1301157028325122,91.8984841698456
0.014675276694326413,0.060949709776254135,66.9880899436441
0.12450451904058116,3.8595915858942496,83.81551608303215
0.0291320490367757,3.6356587970805445,52.10624938753894
0.07031480390048082,4.325756267193433,65.30297339290826
0.010801938953372822,7.636132577408464,73.45995893071908
0.03872743442778692,2.7206290557690114,50.243959440837074
0.045197087866803154,5.8005269006914,74.08760071819702
0.015821216999865155,3.7315266066077246,87.97480821300869
0.1595442603435684,2.796230443739578,57.121783369139955
0.023912314322026857,5.2291703340351,70.535207017795
0.2120383554713351,4.189002251893969,50.87009639645923
0.028391554272819794,1.131550324113705,64.65627273963408
0.05219948170875335,5.651456054452321,69.59683954491186
0.011216718296071179,2.568166310641902,79.71023410546583
0.1404210077307289,2.822117568390972,86.9956044335644
0.0740186281706402,3.3712173639912293,93.17841301336199
0.04033659005675123,3.0783197017424033,51.15000954198577
0.06947042401299405,1.6388543817407937,83.54629416742567
0.014059643137373642,6.656124182900173,86.70170539443825
0.07483512917242197,7.68381474933767,57.63787104823956
0.15743632256879175,4.277405211078217,54.75048064727573
0.01039543877154891,5.766808487067889,87.34163423077648
0.05807358444407362,6.0973019107076585,98.04014081301251
0.11655199407629786,5.1425326747071995,60.22391997506016
0.09373898064352804,0.27827195344875744,91.94819336389882
0.04530929715397797,1.7204653288980514,51.79354053973435
0.07313286076856479,3.0447189181562466,74.42691104839516
0.233238755806261,5.7605094517751745,91.74752822546684
0.08022051020847315,1.1701194896554024,67.94280775742146
0.03190193688208674,0.6709213411853892,79.38227067434944
0.010137625917659095,2.3955097842544495,69.88999277122791
0.020416390460772284,1.1301157028325122,91.8984841698456
0.014675276694326413,0.060949709776254135,66.9880899436441
0.12450451904058116,3.8595915858942496,83.81551608303215
0.0291320490367757,3.6356587970805445,52.10624938753894
0.08581169727965982,4.317155738037819,63.425930184028694
0.010801938953372822,7.636132577408464,73.45995893071908
0.03872743442778692,2.7206290557690114,50.243959440837074
0.06098604464713883,7.928191158754114,95.69119656413011
0.015821216999865155,3.7315266066077246,87.97480821300869
0.15850311227035327,2.8278264648035742,57.91494357376792
0.02983619090158332,4.371220410915111,60.815168734572296
0.2120383554713351,4.189002251893969,50.87009639645923
0.023973628164527666,0.45232104596288414,70.81661266705109
0.05219948170875335,5.651456054452321,69.59683954491186
0.011216718296071179,2.568166310641902,79.71023410546583
0.08929205371765708,3.19587892403269,70.96655491572669
0.0740186281706402,3.3712173639912293,93.17841301336199
0.04033659005675123,3.0783197017424033,51.15000954198577
0.07352602468240622,1.4961471775509636,87.93952243938037
0.014059643137373642,6.656124182900173,86.70170539443825
0.07483512917242197,7.68381474933767,57.63787104823956
0.11963848514932901,3.7817155206232025,53.31556908710679
0.01039543877154891,5.766808487067889,87.34163423077648
0.05807358444407362,6.0973019107076585,98.04014081301251
0.12692202553920592,5.395973509172844,58.30553423835761
0.09373898064352804,0.27827195344875744,91.94819336389882
0.04530929715397797,1.7204653288980514,51.79354053973435
0.09888605161358327,3.9800459935243713,65.89165149227694
0.24366975237719457,6.039019173239749,91.99623285293927
0.08022051020847315,1.1701194896554024,67.94280775742146
0.03190193688208674,0.6709213411853892,79.38227067434944
0.010137625917659095,2.3955097842544495,69.88999277122791
0.013633749391291958,0.8837777685172425,94.14642316709029
0.014675276694326413,0.060949709776254135,66.9880899436441
0.12450451904058116,3.8595915858942496,83.81551608303215
0.0291320490367757,3.6356587970805445,52.10624938753894
0.10354107392089784,5.2104737551384375,60.76373811263646
0.010801938953372822,7.636132577408464,73.45995893071908
0.03872743442778692,2.7206290557690114,50.243959440837074
0.06098604464713883,7.928191158754114,95.69119656413011
0.016628717781786026,2.3908988418883688,88.55839516519431
0.11289331461614795,1.950411544211147,60.79216388623166
0.02983619090158332,4.371220410915111,60.815168734572296
0.20749791387495803,4.253386871232589,51.266732051351205
0.02050977108039683,1.0268320901386523,73.23147911517142
0.02328919754979311,5.937887943464639,70.80976021520877
0.011216718296071179,2.568166310641902,79.71023410546583
0.05008435086923094,2.4737992518052154,65.62559329549467
0.07721969135501427,3.1958442439113157,93.52418855148008
0.04033659005675123,3.0783197017424033,51.15000954198577
0.07352602468240622,1.4961471775509636,87.93952243938037
0.015214518294469803,6.268720961600452,86.22794156994554
0.07483512917242197,7.68381474933767,57.63787104823956
0.09987176810449111,5.1791375199547875,67.59676575622919
0.01039543877154891,5.766808487067889,87.34163423077648
0.05807358444407362,6.0973019107076585,98.04014081301251
0.12692202553920592,5.395973509172844,58.30553423835761
0.09373898064352804,0.27827195344875744,91.94819336389882
0.0463108797848515,1.56826728731972,52.02934514070384
0.10016810925812858,4.039711842165546,65.87495888613839
0.2551082031648471,6.295927490561706,92.95805275866158
0.0733708059317943,1.6220117294060712,55.77946477849773
0.03190193688208674,0.6709213411853892,79.38227067434944
0.024006664247259488,2.3354344285268303,68.6620496848612
0.013633749391291958,0.8837777685172425,94.14642316709029
0.02053133381165001,1.4038255060624492,69.0866840886222
0.12450451904058116,3.8595915858942496,83.81551608303215
0.0291320490367757,3.6356587970805445,52.10624938753894
0.10377287419031715,5.290932032643833,60.412479658779255
0.010801938953372822,7.636132577408464,73.45995893071908
0.03872743442778692,2.7206290557690114,50.243959440837074
0.06098604464713883,7.928191158754114,95.69119656413011
0.016628717781786026,2.3908988418883688,88.55839516519431
0.11289331461614795,1.950411544211147,60.79216388623166
0.02983619090158332,4.371220410915111,60.815168734572296
0.20749791387495803,4.253386871232589,51.266732051351205
0.02050977108039683,1.0268320901386523,73.23147911517142
0.0358893998890202,4.925644846255346,74.59044658656832
0.011396725410806927,2.4427223632465473,80.78536166418903
0.08351040337106617,2.500649638621332,52.527575327134166
0.07966054212478096,3.1106295926967933,91.28460702606664
0.04033659005675123,3.0783197017424033,51.15000954198577
0.09169363853461823,1.6819022002839619,86.05673246200949
0.014139051001777508,6.321422800639159,86.14355656083366
0.07483512917242197,7.68381474933767,57.63787104823956
0.08909997166393196,5.054876123290534,66.55372469657533
0.01039543877154891,5.766808487067889,87.34163423077648
0.047953039029266536,5.23649164007398,81.97755022450146
0.12680838138476286,5.3237499909850206,59.50472866378942
0.09373898064352804,0.27827195344875744,91.94819336389882
0.05333425495254106,1.7443037098762297,52.12341240774983
0.0951423099021352,4.076909122950256,62.169990009779156
0.27671945321725366,6.699072813761986,94.47088639375515
0.0733708059317943,1.6220117294060712,55.77946477849773
0.03190193688208674,0.6709213411853892,79.38227067434944
0.019995365238860932,2.1888940118415965,61.50387925088458
0.013633749391291958,0.8837777685172425,94.14642316709029
0.02053133381165001,1.4038255060624492,69.0866840886222
0.11151165234203454,3.842868914678743,81.11743624481174
0.0291320490367757,3.6356587970805445,52.10624938753894
0.025179565693628725,6.07708846312544,67.34228720890235
0.010801938953372822,7.636132577408464,73.45995893071908
0.03115853610200298,4.0529222073591,56.53640069157035
0.06406878532940755,7.580597423841118,92.6657724906151
0.016628717781786026,2.3908988418883688,88.55839516519431
0.10012089746037381,2.207388092683585,59.46768385850855
0.02983619090158332,4.371220410915111,60.815168734572296
0.20749791387495803,4.253386871232589,51.266732051351205
0.04276845366862966,3.7543919113822968,66.84232339567887
0.0358893998890202,4.925644846255346,74.59044658656832
0.03263043861230922,2.6504773824945898,84.05119084834415
0.08351040337106617,2.500649638621332,52.527575327134166
0.07966054212478096,3.1106295926967933,91.28460702606664
0.04033659005675123,3.0783197017424033,51.15000954198577
0.06341111625401147,2.9115148843222993,74.51576018081012
0.014139051001777508,6.321422800639159,86.14355656083366
0.07483512917242197,7.68381474933767,57.63787104823956
0.09978112939057382,3.9632345652191225,55.48369763891662
0.01200515614632567,5.744079126382298,87.11172978625892
0.047953039029266536,5.23649164007398,81.97755022450146
0.12680838138476286,5.3237499909850206,59.50472866378942
0.09373898064352804,0.27827195344875744,91.94819336389882
0.05333425495254106,1.7443037098762297,52.12341240774983
0.07442196179875421,3.265180970851794,70.29874141909693
0.24397922245638937,6.201032812118515,92.0352339078402
0.07637237026502476,1.9727600754769818,58.555053344308774
0.03190193688208674,0.6709213411853892,79.38227067434944
0.019165179490562706,2.1645288843434884,61.519417304073166
0.013633749391291958,0.8837777685172425,94.14642316709029
0.02042371297759616,1.3791465436938068,69.04811676461935
0.10307503790621564,4.057617244357017,81.55291232977468
0.028397674158130572,4.089278574588527,54.937118604355845
0.025179565693628725,6.07708846312544,67.34228720890235
0.010801938953372822,7.636132577408464,73.45995893071908
0.03115853610200298,4.0529222073591,56.53640069157035
0.06406878532940755,7.580597423841118,92.6657724906151
0.016628717781786026,2.3908988418883688,88.55839516519431
0.12279094483917913,2.70348022290138,62.59335919303699
0.020613776794507675,4.811100728707091,56.51701015448559
0.20749791387495803,4.253386871232589,51.266732051351205
0.02661041869164127,3.9665906016731327,67.70026859580939
0.0358893998890202,4.925644846255346,74.59044658656832
0.03263043861230922,2.6504773824945898,84.05119084834415
0.07829732538239143,2.787770875131235,55.0537295082466
0.07966054212478096,3.1106295926967933,91.28460702606664
0.04033659005675123,3.0783197017424033,51.15000954198577
0.08604874624656439,3.1034947506963277,67.5029336997314
0.014139051001777508,6.321422800639159,86.14355656083366
0.07483512917242197,7.68381474933767,57.63787104823956
0.09978112939057382,3.9632345652191225,55.48369763891662
0.01200515614632567,5.744079126382298,87.11172978625892
0.05800239208011357,4.86555769759779,88.43571858855178
0.18696228940003629,5.614140041271946,61.1971210887873
0.08797557899224359,0.4722335056105722,91.48082089299194
0.05348674835694503,1.7397131837315798,51.94951734581552
0.07442196179875421,3.265180970851794,70.29874141909693
0.1998056620232182,5.248249832281722,87.49308323269982
0.07637237026502476,1.9727600754769818,58.555053344308774
0.03190193688208674,0.6709213411853892,79.38227067434944
0.01908770455524872,2.145776684285,61.45509955133484
0.025838605504372395,1.1483233995459545,81.22757509436452
0.015893577135012396,1.2467313970014484,67.34758142204802
0.10307503790621564,4.057617244357017,81.55291232977468
0.028397674158130572,4.089278574588527,54.937118604355845
0.033225219104292776,4.606327400671373,60.20047736331733
0.010654959329869745,7.670250209650904,73.51350975476639
0.03115853610200298,4.0529222073591,56.53640069157035
0.06406878532940755,7.580597423841118,92.6657724906151
0.03197783266711889,2.1205128530011463,73.32241772703512
0.12279094483917913,2.70348022290138,62.59335919303699
0.03228554041244768,5.55497150117074,66.22635835837654
0.16821143678243689,4.552958312212677,58.470189093727726
0.02661041869164127,3.9665906016731327,67.70026859580939
0.03450932024515842,4.771574594913819,70.97003136360343
0.02341195451069189,2.6450580934723975,86.2451523537497
0.06693459849018252,3.046919805981087,57.83391464572044
0.07966054212478096,3.1106295926967933,91.28460702606664
0.04318109707270448,2.786373580752139,51.36303636666654
0.10913164288184493,4.140505817987581,62.43874781880549
0.022658191346722423,6.53626642995754,87.25639390343285
0.07483512917242197,7.68381474933767,57.63787104823956
0.09978112939057382,3.9632345652191225,55.48369763891662
0.03407612694606683,4.884978451395774,88.47303236961909
0.05800239208011357,4.86555769759779,88.43571858855178
0.25196043635295673,6.281969235369642,58.561089869129
0.08797557899224359,0.4722335056105722,91.48082089299194
0.05348674835694503,1.7397131837315798,51.94951734581552
0.07442196179875421,3.265180970851794,70.29874141909693
0.22617560943026765,5.306051522270107,87.33715926181488
0.08398335612215521,2.096930042039546,55.140301975546336
0.055376675960288016,2.3345156979522024,72.0186444876519
0.018417952855598448,1.322208879333794,56.61529429375478
0.025838605504372395,1.1483233995459545,81.22757509436452
0.015893577135012396,1.2467313970014484,67.34758142204802
0.06484824985470239,5.235862862355846,84.26410768994893
0.028397674158130572,4.089278574588527,54.937118604355845
0.033225219104292776,4.606327400671373,60.20047736331733
0.010654959329869745,7.670250209650904,73.51350975476639
0.03115853610200298,4.0529222073591,56.53640069157035
0.06406878532940755,7.580597423841118,92.6657724906151
0.034490437315497516,2.548017577388925,74.8369319144348
0.14699916034056298,3.091790311925914,57.94054609606924
0.03213057523823889,3.5819508588047584,71.54098161536808
0.20135715527563877,3.4416005303116517,58.7656364115611
0.02661041869164127,3.9665906016731327,67.70026859580939
0.032870905081610786,4.604602266925835,70.291806820145
0.02341195451069189,2.6450580934723975,86.2451523537497
0.07354866283549417,2.6783713427010825,56.788927796446025
0.07966054212478096,3.1106295926967933,91.28460702606664
0.03762192351494986,1.7437280331984621,65.17291084662736
0.0799942255895418,4.07909809796206,64.29653807793116
0.022658191346722423,6.53626642995754,87.25639390343285
0.07483512917242197,7.68381474933767,57.63787104823956
0.09978112939057382,3.9632345652191225,55.48369763891662
0.03407612694606683,4.884978451395774,88.47303236961909
0.061534822628685176,5.23815498588888,90.48711491790972
0.26310485120938354,6.502854054088547,52.3789111364876
0.07075053681050933,1.5179861895939375,80.91538031311313
0.05120967294687048,1.740289434341797,53.84746859824495
0.09132533023593856,2.1549329929938272,64.46368479832799
0.2368190875984147,5.335646484794869,87.87573980911321
0.08398335612215521,2.096930042039546,55.140301975546336
0.055376675960288016,2.3345156979522024,72.0186444876519
0.019896549015132433,1.3664181127683446,50.32909909646205
0.025838605504372395,1.1483233995459545,81.22757509436452
0.015893577135012396,1.2467313970014484,67.34758142204802
0.06286919644284188,5.170169868750324,83.40682260667694
0.028397674158130572,4.089278574588527,54.937118604355845
0.033225219104292776,4.606327400671373,60.20047736331733
0.010654959329869745,7.670250209650904,73.51350975476639
0.03115853610200298,4.0529222073591,56.53640069157035
0.06406878532940755,7.580597423841118,92.6657724906151
0.08749195820286682,3.3106221759865115,78.2932819990013
0.14699916034056298,3.091790311925914,57.94054609606924
0.01589515846822199,3.7035569722328177,72.01787038528511
0.1987043838144853,3.24231485557255,55.711710492298664
0.02661041869164127,3.9665906016731327,67.70026859580939
0.03268508742963258,4.544736727119476,68.79913946909095
0.01206942459772399,2.3575892213825917,90.6449901337628
0.05789659511871674,2.2956318878325055,54.904385528652675
0.08783800377193621,2.7923262935582764,91.7889799313913
0.03762192351494986,1.7437280331984621,65.17291084662736
0.07469704237215419,4.622029937065094,54.40777292445037
0.022658191346722423,6.53626642995754,87.25639390343285
0.07483512917242197,7.68381474933767,57.63787104823956
0.12079461028551189,0.8291713914293952,53.66911087609549
0.03407612694606683,4.884978451395774,88.47303236961909
0.05077535940339116,4.818338413418687,78.46156792190358
0.15468499966379862,4.056077788308361,65.5614346526652
0.07383864278577351,1.3311600482475547,87.16441351572568
0.048472996905462445,2.140449616300888,55.17455437600853
0.09325583685183612,2.2146968988816282,62.92004319875929
0.2368190875984147,5.335646484794869,87.87573980911321
0.08398335612215521,2.096930042039546,55.140301975546336
0.046348981623798136,1.2656446992947434,80.24755495873487
0.019896549015132433,1.3664181127683446,50.32909909646205
0.025605292882587286,0.8348040482734773,83.91444845481219
0.015893577135012396,1.2467313970014484,67.34758142204802
0.06397018119234293,5.087021858358302,83.17817521610903
0.028397674158130572,4.089278574588527,54.937118604355845
0.033225219104292776,4.606327400671373,60.20047736331733
0.017127410992413356,7.507835783861653,73.15615776350168
0.027969104642023457,4.011231982940762,56.692334207638005
0.06406878532940755,7.580597423841118,92.6657724906151
0.0822646792113001,3.315330028435707,80.47808655848328
0.13300721659344877,3.2696296976750303,59.26962854216919
0.01589515846822199,3.7035569722328177,72.01787038528511
0.1487122209258744,3.7634963201594234,66.91990504813151
0.02661041869164127,3.9665906016731327,67.70026859580939
0.03268508742963258,4.544736727119476,68.79913946909095
0.01206942459772399,2.3575892213825917,90.6449901337628
0.05789659511871674,2.2956318878325055,54.904385528652675
0.1227765205788484,3.718771135735271,97.74064770098178
0.03283605559496147,1.7032132707021135,65.36671218752213
0.07469704237215419,4.622029937065094,54.40777292445037
0.010670720732116092,6.956792693164523,88.4397677098489
0.07483512917242197,7.68381474933767,57.63787104823956
0.11751551344043351,1.074873886918268,55.37195384913973
0.034364846177416954,4.955597817665186,92.55647584393951
0.06753165665772001,5.0717647406494475,87.41148993462245
0.15468499966379862,4.056077788308361,65.5614346526652
0.07417800816601991,3.49463273296785,77.10879565069703
0.06006297870713262,0.26611231819281045,51.35430222391878
0.09325583685183612,2.2146968988816282,62.92004319875929
0.18262903258865398,6.039865309788242,89.37832551287038
0.07368128759575007,1.850494284081995,54.272548909013274
0.046348981623798136,1.2656446992947434,80.24755495873487
0.019896549015132433,1.3664181127683446,50.32909909646205
0.025605292882587286,0.8348040482734773,83.91444845481219
0.015893577135012396,1.2467313970014484,67.34758142204802
0.07304194906423575,4.785956848183776,85.1570161686377
0.015509326036050826,4.861759247800653,54.94928577320689
0.033225219104292776,4.606327400671373,60.20047736331733
0.016849808852110744,6.650806952771156,72.89972411352419
0.027969104642023457,4.011231982940762,56.692334207638005
0.06406878532940755,7.580597423841118,92.6657724906151
0.0822646792113001,3.315330028435707,80.47808655848328
0.13300721659344877,3.2696296976750303,59.26962854216919
0.010107636330360908,3.707729990767585,72.74767602147081
0.14999939492626402,3.765716005526817,65.39028918718958
0.027367796602101504,6.3264404179401605,55.48263220559865
0.03268508742963258,4.544736727119476,68.79913946909095
0.01206942459772399,2.3575892213825917,90.6449901337628
0.058385682153057256,2.291906530879833,54.90880860269196
0.1227765205788484,3.718771135735271,97.74064770098178
0.045243845998722,2.0261686865722943,79.78639274146053
0.07080216801501385,5.6811096855122845,54.100534907969
0.010670720732116092,6.956792693164523,88.4397677098489
0.07483512917242197,7.68381474933767,57.63787104823956
0.12978500055159992,0.913373541119711,51.22713951290921
0.02817650796307712,5.06136718331496,94.64472928233175
0.06753165665772001,5.0717647406494475,87.41148993462245
0.12691862978837776,3.623504923605245,58.01782802029865
0.07417800816601991,3.49463273296785,77.10879565069703
0.06006297870713262,0.26611231819281045,51.35430222391878
0.05566126719801045,4.418058932022982,74.21397016547279
0.16317967617949497,5.97746915813956,83.24267711193914
0.08275715260272676,1.816510098893662,54.93681121711414
0.04952953411176306,0.4560280469381537,85.10597741401519
0.027641709898239344,2.022887497650301,50.902913494446295
0.02249727484274043,0.6966513019933762,86.66456991230511
0.015893577135012396,1.2467313970014484,67.34758142204802
0.07714457496779516,4.649802889348003,86.05192929533065
0.015509326036050826,4.861759247800653,54.94928577320689
0.019257142425251575,4.592500491156095,51.97870234518723
0.016849808852110744,6.650806952771156,72.89972411352419
0.04537355559940771,3.788160553373746,64.31685910785012
0.06406878532940755,7.580597423841118,92.6657724906151
0.08925247600779282,3.277329424610368,81.22671116710592
0.14771371515864629,2.8648512360656757,52.948670850530405
0.010107636330360908,3.707729990767585,72.74767602147081
0.14000264249063946,2.3551290272676235,58.386097106128034
0.0283004463651334,6.288355862228771,53.39788179727868
0.011493249957401933,5.337273568462321,72.63418890590863
0.01206942459772399,2.3575892213825917,90.6449901337628
0.058459672246077024,2.3143953282647107,55.17175230693205
0.1227765205788484,3.718771135735271,97.74064770098178
0.045243845998722,2.0261686865722943,79.78639274146053
0.07490521742800191,6.028878616969788,54.40451682188231
0.013294043534579796,6.901139146245133,86.94166818790538
0.07483512917242197,7.68381474933767,57.63787104823956
0.12978500055159992,0.913373541119711,51.22713951290921
0.02817650796307712,5.06136718331496,94.64472928233175
0.06753165665772001,5.0717647406494475,87.41148993462245
0.13637954058071283,3.8073308648419975,58.447025309726996
0.07672648546655801,3.8088028941960665,76.28194380797316
0.058715127648400964,0.46880923622811643,53.184202071160584
0.05566126719801045,4.418058932022982,74.21397016547279
0.19849542973790202,5.985838059823766,86.4019483184103
0.09825256898313842,1.4131317807003643,51.13793160442628
0.04952953411176306,0.4560280469381537,85.10597741401519
0.027641709898239344,2.022887497650301,50.902913494446295
0.02249727484274043,0.6966513019933762,86.66456991230511
0.015893577135012396,1.2467313970014484,67.34758142204802
0.08931998517028038,4.781141032087259,92.7609524081024
0.015509326036050826,4.861759247800653,54.94928577320689
0.03172179101334696,5.147629039390191,52.626323926523156
0.023887926429613272,5.944460689067826,70.78193735861653
0.0561930794908317,4.032630379889055,71.31973852347272
0.054634314091948404,7.052362535223467,85.33794976994328
0.09062894289630484,2.799461990003995,84.41358913263234
0.14771371515864629,2.8648512360656757,52.948670850530405
0.010107636330360908,3.707729990767585,72.74767602147081
0.08450322108691297,3.698237706431488,76.38129219331812
0.0283004463651334,6.288355862228771,53.39788179727868
0.011493249957401933,5.337273568462321,72.63418890590863
0.01206942459772399,2.3575892213825917,90.6449901337628
0.058459672246077024,2.3143953282647107,55.17175230693205
0.1227765205788484,3.718771135735271,97.74064770098178
0.06461117770747056,2.675048223829784,80.35398111371532
0.07793658628609187,7.20586213159283,55.02749060074743
0.015454212652286858,6.911322117928873,85.87518754054278
0.07483512917242197,7.68381474933767,57.63787104823956
0.13752009532468065,2.0863527301995095,58.642789249981846
0.02817650796307712,5.06136718331496,94.64472928233175
0.06753165665772001,5.0717647406494475,87.41148993462245
0.13637954058071283,3.8073308648419975,58.447025309726996
0.08561151394282762,3.72775699186191,79.78353413675592
0.058715127648400964,0.46880923622811643,53.184202071160584
0.0877900517938623,4.449946963840683,91.73250486034803
0.19849542973790202,5.985838059823766,86.4019483184103
0.09825256898313842,1.4131317807003643,51.13793160442628
0.04952953411176306,0.4560280469381537,85.10597741401519
0.027641709898239344,2.022887497650301,50.902913494446295
0.02249727484274043,0.6966513019933762,86.66456991230511
0.015893577135012396,1.2467313970014484,67.34758142204802
0.1071427826216384,3.6141023224671076,96.5751692990494
0.015509326036050826,4.861759247800653,54.94928577320689
0.014421247776885054,4.377127939207486,51.72744538297008
0.023887926429613272,5.944460689067826,70.78193735861653
0.0561930794908317,4.032630379889055,71.31973852347272
0.054634314091948404,7.052362535223467,85.33794976994328
0.09062894289630484,2.799461990003995,84.41358913263234
0.18849734207336089,4.061879393123817,54.44173196138494
0.018690701792035927,4.350733985214889,83.14920221392299
0.08987019742385885,1.4857538091392923,86.78618890393692
0.0283004463651334,6.288355862228771,53.39788179727868
0.03226369666832233,4.870987847444712,73.7001941096827
0.01206942459772399,2.3575892213825917,90.6449901337628
0.058459672246077024,2.3143953282647107,55.17175230693205
0.11953625271507831,3.6438286737736867,96.81925020974585
0.06583499250893099,2.8551127983561457,79.96837570062577
0.07793658628609187,7.20586213159283,55.02749060074743
0.015454212652286858,6.911322117928873,85.87518754054278
0.07483512917242197,7.68381474933767,57.63787104823956
0.13258969545545363,2.1613330541882414,61.352476297349156
0.04162821595223172,3.038428718379281,76.38211915561743
0.048733871260249015,4.794256214395015,85.77103122335598
0.13637954058071283,3.8073308648419975,58.447025309726996
0.12376817980487147,1.9963016973896464,76.47044798321231
0.058715127648400964,0.46880923622811643,53.184202071160584
0.08786239479557595,4.431888368696258,91.92289643769436
0.19438777234925486,5.890560982023928,85.54848213212333
0.12086385697566637,1.394959030109878,53.140792934600256
0.03675430524265033,1.104527998681278,86.99497763642998
0.027641709898239344,2.022887497650301,50.902913494446295
0.02249727484274043,0.6966513019933762,86.66456991230511
0.013134577051292761,1.4765527933387925,59.27701622954066
0.1071427826216384,3.6141023224671076,96.5751692990494
0.015509326036050826,4.861759247800653,54.94928577320689
0.014274920403134956,4.31195355857251,51.2941645605899
0.019935822337525708,5.787971019212579,68.7617303075405
0.05949100881507225,3.338470547299025,54.697575977026055
0.05325275095329156,7.107206302035824,85.79242902939885
0.08706658874158904,4.036202993569756,76.16581502646564
0.18849734207336089,4.061879393123817,54.44173196138494
0.018690701792035927,4.350733985214889,83.14920221392299
0.08987019742385885,1.4857538091392923,86.78618890393692
0.027167455135747046,6.128700781781259,53.22794213264612
0.03226369666832233,4.870987847444712,73.7001941096827
0.01206942459772399,2.3575892213825917,90.6449901337628
0.05374260536733349,2.421231491948044,55.649923126118935
0.08525659713726835,3.8614118111977316,81.99344265129169
0.08785772343442956,0.8407181681976761,95.55814293929818
0.1290407839206843,6.628646800697727,68.42152149002621
0.015454212652286858,6.911322117928873,85.87518754054278
0.07483512917242197,7.68381474933767,57.63787104823956
0.16533650084372384,1.3592162513092716,57.080088152252856
0.04162821595223172,3.038428718379281,76.38211915561743
0.05261205625153576,4.786376821336253,89.3687457986324
0.222798927866246,5.441672805231156,57.86503554975006
0.18238656870473352,1.64059308446308,93.89930355455769
0.058715127648400964,0.46880923622811643,53.184202071160584
0.08786239479557595,4.431888368696258,91.92289643769436
0.21118216445490234,6.037748742623787,85.7778225963079
0.12086385697566637,1.394959030109878,53.140792934600256
0.038186666175858294,1.1859437940218727,86.8472732076506
0.023184681444862586,3.1820058792969466,66.95949892407002
0.02249727484274043,0.6966513019933762,86.66456991230511
0.013134577051292761,1.4765527933387925,59.27701622954066
0.1071427826216384,3.6141023224671076,96.5751692990494
0.015509326036050826,4.861759247800653,54.94928577320689
0.014274920403134956,4.31195355857251,51.2941645605899
0.017871693158973606,5.356067180898565,62.32081906562871
0.05949100881507225,3.338470547299025,54.697575977026055
0.0637296735917926,7.161501085253403,85.76949019213409
0.08840171390603166,4.001363087836754,76.31307060475595
0.2016282043288541,5.594133644439776,52.94593604535045
0.018690701792035927,4.350733985214889,83.14920221392299
0.09969968054513509,1.1182694393579204,91.40113666221043
0.027167455135747046,6.128700781781259,53.22794213264612
0.03226369666832233,4.870987847444712,73.7001941096827
0.01206942459772399,2.3575892213825917,90.6449901337628
0.05374260536733349,2.421231491948044,55.649923126118935
0.08525659713726835,3.8614118111977316,81.99344265129169
0.08806219480453659,2.028719486009603,88.32443846564512
0.1290407839206843,6.628646800697727,68.42152149002621
0.015454212652286858,6.911322117928873,85.87518754054278
0.0764497347861974,7.280769417980031,61.887173708028655
0.1670833821398638,1.5630616835797229,56.88109300191762
0.037638041240889666,2.748707548443381,69.11322142649027
0.038915727519195795,4.616884322189304,75.76621735090104
0.18268189861824913,5.321515577620433,61.199114581231605
0.185522433793455,1.4736366878606493,94.84690333348391
0.058715127648400964,0.46880923622811643,53.184202071160584
0.08490988803835896,4.765841590223424,91.17006076008873
0.2486590845030206,7.088820637306984,85.54614191412013
0.12086385697566637,1.394959030109878,53.140792934600256
0.038186666175858294,1.1859437940218727,86.8472732076506
0.02844297185796778,1.0303268082029682,71.55042299854779
0.014072181794870811,0.433904667312751,86.5664595247983
0.013134577051292761,1.4765527933387925,59.27701622954066
0.1071427826216384,3.6141023224671076,96.5751692990494
0.01607332475354675,4.63812184953864,56.01424762423327
0.014274920403134956,4.31195355857251,51.2941645605899
0.017871693158973606,5.356067180898565,62.32081906562871
0.0693567704447416,3.892472253781968,68.85354397823491
0.05649445247140761,6.181273411016985,85.88561062309691
0.12197288012669293,5.12749634617779,83.91160878587938
0.2016282043288541,5.594133644439776,52.94593604535045
0.018690701792035927,4.350733985214889,83.14920221392299
0.08503653287421518,1.9279240562384843,78.01621974706052
0.027167455135747046,6.128700781781259,53.22794213264612
0.03226369666832233,4.870987847444712,73.7001941096827
0.01206942459772399,2.3575892213825917,90.6449901337628
0.0698437900184111,2.175047131340548,55.04802778657761
0.122422220965162,5.973916245747251,78.16093988578163
0.0831713269583123,4.240747092431661,77.18974625219991
0.1290407839206843,6.628646800697727,68.42152149002621
0.015454212652286858,6.911322117928873,85.87518754054278
0.0764497347861974,7.280769417980031,61.887173708028655
0.12605304074213514,3.1622531799161315,74.0020401963452
0.0218225301837921,2.3584405229526437,66.8700958150038
0.05222678698990202,4.696830397015517,73.89935300495559
0.17840067965326076,4.289958242504737,60.01397650081194
0.185522433793455,1.4736366878606493,94.84690333348391
0.058715127648400964,0.46880923622811643,53.184202071160584
0.07336723645384972,4.059974034103544,90.41992685667965
0.19189982679176754,5.953770257947538,86.76938573739248
0.12086385697566637,1.394959030109878,53.140792934600256
0.038186666175858294,1.1859437940218727,86.8472732076506
0.02844297185796778,1.0303268082029682,71.55042299854779
0.014072181794870811,0.433904667312751,86.5664595247983
0.012757846243132101,1.4598069037826003,59.24729377592872
0.08216543139305191,3.8949571336338087,85.45064511120933
0.01607332475354675,4.63812184953864,56.01424762423327
0.014274920403134956,4.31195355857251,51.2941645605899
0.015137338034025831,5.917357527929479,59.01960692400813
0.09743406971111955,5.856633905724024,67.00279723864914
0.05846006436095695,6.289574681312562,83.52174464582146
0.13842992762728512,5.503596615326469,86.76257741925254
0.2016282043288541,5.594133644439776,52.94593604535045
0.01967374626043297,4.191155857668087,83.33566994450318
0.08503653287421518,1.9279240562384843,78.01621974706052
0.027167455135747046,6.128700781781259,53.22794213264612
0.03459538824050633,7.214845995130672,75.01214496475953
0.01206942459772399,2.3575892213825917,90.6449901337628
0.06924617785684346,2.184767808935546,54.14456545755118
0.12236397240675435,5.975627636456806,78.12964040004984
0.0831713269583123,4.240747092431661,77.18974625219991
0.1290407839206843,6.628646800697727,68.42152149002621
0.015454212652286858,6.911322117928873,85.87518754054278
0.0800165974481149,7.360086215577956,62.053995059570674
0.12605304074213514,3.1622531799161315,74.0020401963452
0.01691456706750972,3.343017300004575,63.400406884947955
0.055268175768650216,4.605208513614313,76.2760994415345
0.19520947540686318,3.7843118421302764,54.5649411355187
0.185522433793455,1.4736366878606493,94.84690333348391
0.058715127648400964,0.46880923622811643,53.184202071160584
0.0785460280239292,4.3406719826309,87.72936734444801
0.19331249783326673,5.901546932174203,81.85783622963537
0.11995759372746617,1.4393115098908575,53.46042797211
0.013525619890027082,1.1095313922616397,96.91631070477216
0.02844297185796778,1.0303268082029682,71.55042299854779
0.014072181794870811,0.433904667312751,86.5664595247983
0.012757846243132101,1.4598069037826003,59.24729377592872
0.10948752179678399,3.727139660262598,99.19669644989997
0.01607332475354675,4.63812184953864,56.01424762423327
0.014274920403134956,4.31195355857251,51.2941645605899
0.015137338034025831,5.917357527929479,59.01960692400813
0.09743406971111955,5.856633905724024,67.00279723864914
0.05855875777100709,6.288478350537506,83.47991391183851
0.13672342860719852,5.473254554311042,86.43449115147345
0.11683791162326715,4.560789184393586,57.744919248292355
0.017232198052576926,2.553486601753092,84.7438709137547
0.08503653287421518,1.9279240562384843,78.01621974706052
0.027167455135747046,6.128700781781259,53.22794213264612
0.03459538824050633,7.214845995130672,75.01214496475953
0.012096493730520524,4.295488458311198,88.84797835695657
0.0324432244492702,2.7257701250830007,54.64106668057564
0.13986180055632322,5.957357328160143,79.04911447709175
0.0831654473865367,4.248037659617631,77.18714101157086
0.11227363293753836,6.168756658347238,70.20672195563016
0.012134860978740919,7.042228134392504,86.30092975314886
0.07428335266706118,7.571828673087654,60.604959888824276
0.13673705573039782,2.156388782226217,76.61499286279414
0.01691456706750972,3.343017300004575,63.400406884947955
0.055268175768650216,4.605208513614313,76.2760994415345
0.19520947540686318,3.7843118421302764,54.5649411355187
0.17777225403731003,2.234678278286944,92.16547526938302
0.056119495681782504,0.6917942170312266,53.32813851621257
0.07867968246779714,4.347916245640449,87.65992928531111
0.1836268979132944,5.7173791953875845,86.32321387135454
0.11995759372746617,1.4393115098908575,53.46042797211
0.013525619890027082,1.1095313922616397,96.91631070477216
0.03411501102124323,1.0002107726185545,61.905526988172724
0.014114033685318765,0.352102997963895,86.51812908339848
0.012757846243132101,1.4598069037826003,59.24729377592872
0.10948752179678399,3.727139660262598,99.19669644989997
0.01607332475354675,4.63812184953864,56.01424762423327
0.024716603236306853,4.128160227998808,53.45313441276721
0.015137338034025831,5.917357527929479,59.01960692400813
0.09743406971111955,5.856633905724024,67.00279723864914
0.05855875777100709,6.288478350537506,83.47991391183851
0.1592354520671532,5.253585789139804,97.5684663937067
0.1256374507092229,4.939541001302893,57.30234010561283
0.040150954750222824,3.4974050893228426,79.67412200757134
0.07713067350377063,1.3468756795098287,77.86727527628386
0.015822840339896477,6.172626249462201,51.00397807815715
0.028817850911040808,7.43819203336765,72.97057684860756
0.012096493730520524,4.295488458311198,88.84797835695657
0.0324432244492702,2.7257701250830007,54.64106668057564
0.13944052729458353,5.959073038032107,79.07207274859113
0.0831654473865367,4.248037659617631,77.18714101157086
0.11227363293753836,6.168756658347238,70.20672195563016
0.012134860978740919,7.042228134392504,86.30092975314886
0.07428335266706118,7.571828673087654,60.604959888824276
0.1279265910760945,0.943513680001864,68.40952634128078
0.01691456706750972,3.343017300004575,63.400406884947955
0.05191185769499419,4.35686961834304,74.93162413715136
0.2081788395200223,3.5073009813904736,52.91385786981027
0.15886788906772292,2.7776875905573983,88.86882324240993
0.04923664963868732,0.6111989831691171,53.313875435294726
0.07867968246779714,4.347916245640449,87.65992928531111
0.1703036755683191,5.522514758540175,85.1115856355232
0.11995759372746617,1.4393115098908575,53.46042797211
0.013525619890027082,1.1095313922616397,96.91631070477216
0.03463135946141816,0.828361257339989,62.36990136114385
0.014114033685318765,0.352102997963895,86.51812908339848
0.012757846243132101,1.4598069037826003,59.24729377592872
0.10948752179678399,3.727139660262598,99.19669644989997
0.01570671391259456,4.628467491975726,55.87868674416266
0.024716603236306853,4.128160227998808,53.45313441276721
0.015137338034025831,5.917357527929479,59.01960692400813
0.11273687882576434,7.5220734504655855,71.34906633411569
0.05483618978128252,6.415062561707634,83.20869803700032
0.13815565602122631,4.363934584984156,89.08766723131663
0.1256374507092229,4.939541001302893,57.30234010561283
0.027531817793071157,3.856389827237295,83.80060120162274
0.07713067350377063,1.3468756795098287,77.86727527628386
0.015822840339896477,6.172626249462201,51.00397807815715
0.028817850911040808,7.43819203336765,72.97057684860756
0.011665260225855333,4.078255658125418,93.22749604050082
0.0324432244492702,2.7257701250830007,54.64106668057564
0.1762910740443292,6.633618558830602,80.81524782275558
0.060550765889786265,3.9172770477893826,75.1305374410293
0.07181637576347591,6.784146894781029,71.54656906366486
0.012134860978740919,7.042228134392504,86.30092975314886
0.056779407991846206,5.7100789186411305,71.06604602080914
0.1279265910760945,0.943513680001864,68.40952634128078
0.010744664651291123,3.5882641840285547,66.8806996728432
0.05191185769499419,4.35686961834304,74.93162413715136
0.2081788395200223,3.5073009813904736,52.91385786981027
0.15886788906772292,2.7776875905573983,88.86882324240993
0.04923664963868732,0.6111989831691171,53.313875435294726
0.07867968246779714,4.347916245640449,87.65992928531111
0.1696377678112475,5.362683014314684,85.33037020862244
0.11995759372746617,1.4393115098908575,53.46042797211
0.013525619890027082,1.1095313922616397,96.91631070477216
0.03155725127489527,1.4456482577972625,61.31547231289257
0.014127248510928333,0.3971152288789197,86.24348519027642
0.012757846243132101,1.4598069037826003,59.24729377592872
0.10948752179678399,3.727139660262598,99.19669644989997
0.01570671391259456,4.628467491975726,55.87868674416266
0.018981759880007817,4.15528969854926,50.35853348951603
0.015137338034025831,5.917357527929479,59.01960692400813
0.11273687882576434,7.5220734504655855,71.34906633411569
0.07924658080987906,5.906341985427744,74.27687508718626
0.13815565602122631,4.363934584984156,89.08766723131663
0.1256374507092229,4.939541001302893,57.30234010561283
0.027531817793071157,3.856389827237295,83.80060120162274
0.11907704088541994,1.5033998879368309,65.3047854590161
0.015822840339896477,6.172626249462201,51.00397807815715
0.028817850911040808,7.43819203336765,72.97057684860756
0.011665260225855333,4.078255658125418,93.22749604050082
0.0324432244492702,2.7257701250830007,54.64106668057564
0.21760486960283543,7.149486985693624,87.23071683535464
0.055496218074999715,2.831286184788798,80.79450346442854
0.07310378600107481,6.32716188537134,74.56909243398218
0.012134860978740919,7.042228134392504,86.30092975314886
0.06741760214097689,5.3926457058320665,67.43577845562392
0.14140069040737172,0.5277569802788751,70.36208844016534
0.010827252176691702,3.6302942516771024,66.62249294105935
0.08446599020836187,2.9754693808274064,89.01751626265607
0.2081788395200223,3.5073009813904736,52.91385786981027
0.15886788906772292,2.7776875905573983,88.86882324240993
0.04923664963868732,0.6111989831691171,53.313875435294726
0.07867968246779714,4.347916245640449,87.65992928531111
0.1534877511041671,5.285651170173742,82.24038174979054
0.11995759372746617,1.4393115098908575,53.46042797211
0.021239510891792122,1.7685730472857284,79.67804866930025
0.03155725127489527,1.4456482577972625,61.31547231289257
0.014127248510928333,0.3971152288789197,86.24348519027642
0.012757846243132101,1.4598069037826003,59.24729377592872
0.10824111591544502,3.8162092107668033,98.35302303876149
0.015754140567240872,4.557991323419699,55.51353899720224
0.018981759880007817,4.15528969854926,50.35853348951603
0.018776734485368676,4.926224224700505,59.52847467662632
0.10776443768486749,7.539740083079076,70.596018890825
0.055282151385938685,5.424384206691931,67.33789161736733
0.14463016909637696,4.482480786410688,87.08233246403965
0.1256374507092229,4.939541001302893,57.30234010561283
0.02848326648175035,3.6681769695893918,86.46559088058626
0.11907704088541994,1.5033998879368309,65.3047854590161
0.015822840339896477,6.172626249462201,51.00397807815715
0.013558299630105068,7.821018352458529,72.4197782598726
0.01728692232417959,3.9411809189680675,90.96723133542434
0.02234019173765215,3.1485332894779123,60.24103414514655
0.21760486960283543,7.149486985693624,87.23071683535464
0.0531483751435632,2.819600918639903,80.12807286965017
0.07310378600107481,6.32716188537134,74.56909243398218
0.012134860978740919,7.042228134392504,86.30092975314886
0.07764630645700983,4.62299414457938,64.71499903613213
0.19711872418615828,0.12406574149536431,75.17614948312202
0.010827252176691702,3.6302942516771024,66.62249294105935
0.09117755443620812,3.103582828649802,90.00891159708314
0.2081788395200223,3.5073009813904736,52.91385786981027
0.15886788906772292,2.7776875905573983,88.86882324240993
0.04923664963868732,0.6111989831691171,53.313875435294726
0.07867968246779714,4.347916245640449,87.65992928531111
0.18343478561500637,6.236534721920086,69.60272334292274
0.11995759372746617,1.4393115098908575,53.46042797211
0.010602508420480605,0.8404711834715695,81.078551522678
0.04263437960750449,2.7799927997718283,64.97062093710684
0.014127248510928333,0.3971152288789197,86.24348519027642
0.011849734081911386,0.5208140530005423,60.37891428940615
0.11151383471516285,3.952887931722395,99.9533882623609
0.015754140567240872,4.557991323419699,55.51353899720224
0.018981759880007817,4.15528969854926,50.35853348951603
0.018776734485368676,4.926224224700505,59.52847467662632
0.0991388356002937,7.886126801376141,72.11491739716692
0.06839171169837992,5.882706288258628,73.469834282703
0.20854790519445834,4.754176875163765,85.13237479354687
0.1256374507092229,4.939541001302893,57.30234010561283
0.02848326648175035,3.6681769695893918,86.46559088058626
0.12098749645120424,0.884662548080188,56.55259563605252
0.017243176007511594,5.017814675600339,58.52276749060559
0.013558299630105068,7.821018352458529,72.4197782598726
0.01728692232417959,3.9411809189680675,90.96723133542434
0.02234019173765215,3.1485332894779123,60.24103414514655
0.21760486960283543,7.149486985693624,87.23071683535464
0.0531483751435632,2.819600918639903,80.12807286965017
0.0458667187589588,5.688737457139727,66.74506703358011
0.012134860978740919,7.042228134392504,86.30092975314886
0.07764630645700983,4.62299414457938,64.71499903613213
0.19711872418615828,0.12406574149536431,75.17614948312202
0.010827252176691702,3.6302942516771024,66.62249294105935
0.09117755443620812,3.103582828649802,90.00891159708314
0.15720296650412166,3.8381996369574227,66.59125442277534
0.15886788906772292,2.7776875905573983,88.86882324240993
0.05252831660142391,0.8510440086006881,53.521762962610744
0.07867968246779714,4.347916245640449,87.65992928531111
0.1725361520351128,6.040742121290471,67.78869221294515
0.13419145339462343,1.153541847333364,51.74370113852939
0.010602508420480605,0.8404711834715695,81.078551522678
0.04263437960750449,2.7799927997718283,64.97062093710684
0.014127248510928333,0.3971152288789197,86.24348519027642
0.011849734081911386,0.5208140530005423,60.37891428940615
0.11151383471516285,3.952887931722395,99.9533882623609
0.01640155568054897,5.227422026855467,54.70677937626518
0.018981759880007817,4.15528969854926,50.35853348951603
0.018776734485368676,4.926224224700505,59.52847467662632
0.0991388356002937,7.886126801376141,72.11491739716692
0.06896621723980095,5.887583690095453,73.52281689759012
0.23270214755463758,4.89147428369322,87.39360631134431
0.10778885916503536,4.8775650347475175,57.011781145416265
0.034516642340486146,5.042899749886023,86.55893480873729
0.11405163823168372,1.624416712196508,57.81501108271304
0.01723763872774072,5.154091801889214,54.41604292478337
0.013558299630105068,7.821018352458529,72.4197782598726
0.01728692232417959,3.9411809189680675,90.96723133542434
0.02234019173765215,3.1485332894779123,60.24103414514655
0.22786503961762164,7.236593146501876,88.17694032212059
0.03538159859538026,2.474621931509785,74.09313454885371
0.05890251766941217,5.165676070755374,59.187632883533624
0.012134860978740919,7.042228134392504,86.30092975314886
0.10771780110525313,3.4906030540861694,67.34809574297456
0.16362887691729483,0.19578330388403786,72.5013513619677
0.010827252176691702,3.6302942516771024,66.62249294105935
0.09117755443620812,3.103582828649802,90.00891159708314
0.08781200423329302,4.423043486395417,62.590962122349055
0.11531295708741104,1.9885662106588367,74.39125134246135
0.05252831660142391,0.8510440086006881,53.521762962610744
0.07094873047249821,4.760229137237112,85.85067906910446
0.17257266188829062,6.064699906969177,67.7693755879019
0.13419145339462343,1.153541847333364,51.74370113852939
0.010602508420480605,0.8404711834715695,81.078551522678
0.038496041466365594,3.5868144279784007,69.75933605197544
0.014914298741310958,1.6008161302884663,78.18989897715562
0.013904293654994503,1.82746586683708,60.12667251865443
0.11610229260468424,3.484501462222418,88.49894207680221
0.01640155568054897,5.227422026855467,54.70677937626518
0.018981759880007817,4.15528969854926,50.35853348951603
0.018776734485368676,4.926224224700505,59.52847467662632
0.0991388356002937,7.886126801376141,72.11491739716692
0.06893360894187273,5.883735373430063,73.51222619907092
0.30244682257174005,5.772564317236087,86.10475881703124
0.13351915941377382,4.863499360303092,56.28429283497394
0.034516642340486146,5.042899749886023,86.55893480873729
0.11397692859667766,1.6234775822718182,57.80979766133812
0.01723763872774072,5.154091801889214,54.41604292478337
0.014003904108983447,7.498027080320276,70.23934723979838
0.01728692232417959,3.9411809189680675,90.96723133542434
0.03167720754826775,3.7245198342921704,61.68463562144096
0.1846909060880104,6.199586616330148,85.1684293145429
0.03533526804238991,2.6121892719214643,74.76085319501622
0.07160180323033302,7.027995716730833,54.67329839680575
0.012134860978740919,7.042228134392504,86.30092975314886
0.12310218275484806,2.769957728082387,71.02469104074501
0.16362887691729483,0.19578330388403786,72.5013513619677
0.010827252176691702,3.6302942516771024,66.62249294105935
0.061188932440346094,3.540439850111275,73.53897441625168
0.08468867286954383,3.468111221360739,59.9647670945458
0.18340893932213068,1.4575903171568847,74.07655856393747
0.05252831660142391,0.8510440086006881,53.521762962610744
0.05598261754501431,4.5860109395921755,75.62919698679931
0.2066958974605953,7.114256198372592,77.8045365725358
0.15045267338801502,1.186053073821869,50.94755661991018
0.010602508420480605,0.8404711834715695,81.078551522678
0.038496041466365594,3.5868144279784007,69.75933605197544
0.014914298741310958,1.6008161302884663,78.18989897715562
0.019107097265170986,1.8723714973274739,60.6459156155485
0.04485477488640277,2.609676755363845,89.41434117250682
0.01640155568054897,5.227422026855467,54.70677937626518
0.018981759880007817,4.15528969854926,50.35853348951603
0.07180224707216096,3.19292349167754,55.95188053741393
0.09766470892352655,7.879406784785622,72.08244156198748
0.06893360894187273,5.883735373430063,73.51222619907092
0.2907918954797955,5.64220995845628,84.58107417281181
0.1325742030671528,4.837920937636195,56.27920322341762
0.03549322925327747,5.243833416840529,88.20118416076502
0.0884788615555501,1.0621481863866045,53.98177610703394
0.02009005402156938,5.16027722845161,54.732966021840014
0.014003904108983447,7.498027080320276,70.23934723979838
0.0214066058186571,3.5799470266547786,86.58989379920578
0.03167720754826775,3.7245198342921704,61.68463562144096
0.1846909060880104,6.199586616330148,85.1684293145429
0.03533526804238991,2.6121892719214643,74.76085319501622
0.0602402061180623,6.6573924360685774,54.680189623139455
0.012134860978740919,7.042228134392504,86.30092975314886
0.2022264840033724,0.933937421025707,83.5384733895367
0.16362887691729483,0.19578330388403786,72.5013513619677
0.03869311027530079,3.4304137669714905,61.74597312215674
0.05592228856320889,3.83711183448784,76.10986332098855
0.07623474785011639,0.5941394031119209,52.07006713136713
0.2305231008083278,0.38944079635576134,79.65678978505055
0.05874323607725042,0.783693447930797,53.141183844652204
0.058979786572784784,4.757271501053475,76.63528104305176
0.18546152883712236,4.876090579362425,67.66480824381604
0.15045267338801502,1.186053073821869,50.94755661991018
0.01454790221745194,1.5384420521360274,82.2075501891765
0.039722866705157,3.39828990912376,73.55148375775255
0.012353093565714734,1.6152059916722035,78.17247386142195
0.022598360348859786,2.4488831147569865,68.17943258797524
0.046116184915687364,2.4158376401174317,93.31339133657761
0.01640155568054897,5.227422026855467,54.70677937626518
0.015089022616497555,4.243206164213369,50.341093036509555
0.07180224707216096,3.19292349167754,55.95188053741393
0.09268965781388724,6.977888049188053,68.97947456736736
0.07031440752606885,5.9041874061279565,74.04311253417248
0.3077786715194642,6.545252916127704,84.78104418039193
0.1325742030671528,4.837920937636195,56.27920322341762
0.03549322925327747,5.243833416840529,88.20118416076502
0.08933365643983374,2.263047935801791,57.02632044815204
0.023859196174665857,5.2161047904439455,56.18211732242531
0.014003904108983447,7.498027080320276,70.23934723979838
0.030039499066043363,3.6776369538484377,84.23606982106924
0.02553270583540867,3.377885732020182,59.71925814578958
0.18263872226663683,6.114284600692524,85.85518539145302
0.03687775996868787,2.6367533534311334,73.96526526209135
0.07660548914338727,6.708443403808939,57.26415532043413
0.012134860978740919,7.042228134392504,86.30092975314886
0.2022264840033724,0.933937421025707,83.5384733895367
0.11485932068103592,2.575915322100161,71.76406175601325
0.03869311027530079,3.4304137669714905,61.74597312215674
0.07840688581246832,3.9415283046298892,89.48764642071544
0.07623474785011639,0.5941394031119209,52.07006713136713
0.2305231008083278,0.38944079635576134,79.65678978505055
0.05874323607725042,0.783693447930797,53.141183844652204
0.058979786572784784,4.757271501053475,76.63528104305176
0.14978531756335384,3.470267354327453,76.20126509208919
0.15045267338801502,1.186053073821869,50.94755661991018
0.01454790221745194,1.5384420521360274,82.2075501891765
0.039722866705157,3.39828990912376,73.55148375775255
0.012264933856602385,3.807567362093518,81.456137025041
0.022598360348859786,2.4488831147569865,68.17943258797524
0.06337996157778764,0.06545916772394289,96.87598268388668
0.01640155568054897,5.227422026855467,54.70677937626518
0.04181712381541771,4.115860168100633,66.8658616820277
0.07229402688289029,3.2486644258452175,58.448945592327945
0.09268965781388724,6.977888049188053,68.97947456736736
0.07183827483522781,5.822014715462379,77.24835615870131
0.3077786715194642,6.545252916127704,84.78104418039193
0.1325742030671528,4.837920937636195,56.27920322341762
0.03549322925327747,5.243833416840529,88.20118416076502
0.08933365643983374,2.263047935801791,57.02632044815204
0.023859196174665857,5.2161047904439455,56.18211732242531
0.014003904108983447,7.498027080320276,70.23934723979838
0.030039499066043363,3.6776369538484377,84.23606982106924
0.028396096412327206,4.284424294843833,51.46365774430703
0.18263872226663683,6.114284600692524,85.85518539145302
0.03687775996868787,2.6367533534311334,73.96526526209135
0.062043101101283464,6.350207541975093,56.645566156463346
0.012134860978740919,7.042228134392504,86.30092975314886
0.2126467958416969,0.7763048892278936,83.65269963297156
0.1345573036733603,2.560547759621327,71.20804224538418
0.03869311027530079,3.4304137669714905,61.74597312215674
0.07840688581246832,3.9415283046298892,89.48764642071544
0.07872131536089405,0.4015879175117387,51.96048977529273
0.24139775449086745,0.07547522119634742,79.10218945238832
0.052058092701366215,2.099767212070726,58.56188753084771
0.06515651413791979,4.676575584662176,80.23241932334044
0.14978531756335384,3.470267354327453,76.20126509208919
0.1544654117954285,1.2299369977929322,50.890891921394235
0.01454790221745194,1.5384420521360274,82.2075501891765
0.04898678673678841,2.6735397928627993,91.6166381284277
0.012264933856602385,3.807567362093518,81.456137025041
0.022126568639792822,1.4134174204784826,72.66870371867958
0.06337996157778764,0.06545916772394289,96.87598268388668
0.04602684796562402,4.757141414195776,57.162379145378495
0.019020501169811507,3.5681844325179615,53.81014915443995
0.07229402688289029,3.2486644258452175,58.448945592327945
0.09268965781388724,6.977888049188053,68.97947456736736
0.07183827483522781,5.822014715462379,77.24835615870131
0.2589427245094571,4.852128087939417,73.98577648560419
0.12039455640517442,4.649079312540546,58.544870926191486
0.03549322925327747,5.243833416840529,88.20118416076502
0.09877862213630838,3.9197442186793885,61.53490121967072
0.023859196174665857,5.2161047904439455,56.18211732242531
0.014003904108983447,7.498027080320276,70.23934723979838
0.030039499066043363,3.6776369538484377,84.23606982106924
0.028396096412327206,4.284424294843833,51.46365774430703
0.2594790141185584,5.773998547357672,85.56287631391223
0.03331310962354467,3.3098201780767784,75.96267484655289
0.06114581512590753,6.2510850850297555,57.09896960439933
0.014517202879866534,6.858808169434697,86.49473848348717
0.18662487865354527,1.6568402896776737,81.89557083693941
0.23338918722877472,0.18965173280245384,84.62327124842548
0.05388292347587242,3.59202958555971,75.47180231709353
0.06972838686054364,3.7606213583490513,89.79009057125309
0.07824138557030688,0.35267169202375737,51.884660763972505
0.24139775449086745,0.07547522119634742,79.10218945238832
0.047834145056620134,1.2688042056434798,51.57362622251564
0.06515651413791979,4.676575584662176,80.23241932334044
0.14043277968133588,3.8586794596050393,70.35711112956626
0.17308920399176309,1.4442789522240198,50.64808469469765
0.01860521896437886,1.9532997455759782,78.97948172975069
0.05372719244434695,3.260760719000703,88.27917828999189
0.012264933856602385,3.807567362093518,81.456137025041
0.024625242505142954,1.602903322190922,73.10791548823968
0.04677640833550868,2.067805443189625,75.32301958436005
0.04602684796562402,4.757141414195776,57.162379145378495
0.01892153367360622,3.183335064940543,59.80834939887762
0.05925501620756296,2.9182755148939767,56.929654548478
0.09872255450825734,7.312314999250839,66.58705251701454
0.07183827483522781,5.822014715462379,77.24835615870131
0.22368200512997577,4.82018511561669,75.1223956482524
0.1212420107030967,4.655674572029581,58.365306340015394
0.03997980311381889,4.410707531891748,89.59683438777614
0.09877862213630838,3.9197442186793885,61.53490121967072
0.022750093755525874,5.492194559720096,51.14762190536507
0.014003904108983447,7.498027080320276,70.23934723979838
0.03271232494608781,3.4932654728428614,82.44216319925965
0.028396096412327206,4.284424294843833,51.46365774430703
0.2027393176912884,4.938247552161796,87.1947114266436
0.03331310962354467,3.3098201780767784,75.96267484655289
0.06114581512590753,6.2510850850297555,57.09896960439933
0.014517202879866534,6.858808169434697,86.49473848348717
0.1267557251927149,2.4878818301993224,79.6895285180135
0.23338918722877472,0.18965173280245384,84.62327124842548
0.05342329972305064,3.50580655954046,76.98739520588305
0.05620414918786403,3.709296743124261,80.1939247571654
0.07824138557030688,0.35267169202375737,51.884660763972505
0.24139775449086745,0.07547522119634742,79.10218945238832
0.047834145056620134,1.2688042056434798,51.57362622251564
0.08302001714354856,7.212021994175027,85.00383239004896
0.14043277968133588,3.8586794596050393,70.35711112956626
0.17308920399176309,1.4442789522240198,50.64808469469765
0.01972502780611112,1.625802600476404,78.54205968161794
0.08283230662297374,3.5884081888383887,88.06735974282076
0.012264933856602385,3.807567362093518,81.456137025041
0.024625242505142954,1.602903322190922,73.10791548823968
0.051045842571689946,1.6465781882428165,74.19562461755703
0.04602684796562402,4.757141414195776,57.162379145378495
0.01892153367360622,3.183335064940543,59.80834939887762
0.05925501620756296,2.9182755148939767,56.929654548478
0.09872255450825734,7.312314999250839,66.58705251701454
0.07183827483522781,5.822014715462379,77.24835615870131
0.1629124722254406,3.970653152074314,76.26534958237522
0.1212420107030967,4.655674572029581,58.365306340015394
0.048727489885441976,3.798603908043175,91.55064810423036
0.09877862213630838,3.9197442186793885,61.53490121967072
0.022750093755525874,5.492194559720096,51.14762190536507
0.06918552620390375,6.190874526521519,72.47242615672894
0.03261166076994303,3.500583283486188,82.23377459410057
0.028396096412327206,4.284424294843833,51.46365774430703
0.1958271838106233,4.870529349995565,85.48864316155343
0.03125342815234596,3.599320386255193,79.42204740869632
0.08113807215240615,7.70359640754812,55.81613860359707
0.020312180851415833,5.786913970644708,85.20403076442537
0.1267557251927149,2.4878818301993224,79.6895285180135
0.23338918722877472,0.18965173280245384,84.62327124842548
0.03336608672986805,3.449471489197884,69.43075755978658
0.06686831461827114,3.6608827458475477,83.34711376009191
0.06393656286152585,0.7366115364484624,58.38384795691815
0.24139775449086745,0.07547522119634742,79.10218945238832
0.047834145056620134,1.2688042056434798,51.57362622251564
0.08302001714354856,7.212021994175027,85.00383239004896
0.12833785784602586,4.642964801192081,67.39104664522455
0.17308920399176309,1.4442789522240198,50.64808469469765
0.01228052601016437,0.35139710974746796,77.97380476177682
0.10329822030206323,1.3024042205752737,96.37193096584168
0.012264933856602385,3.807567362093518,81.456137025041
0.024625242505142954,1.602903322190922,73.10791548823968
0.07979146091830823,1.598929413555328,68.64932871298568
0.04602684796562402,4.757141414195776,57.162379145378495
0.01892153367360622,3.183335064940543,59.80834939887762
0.05884668942670832,3.108561310395149,56.80281909064789
0.08368334527471954,6.583075509074119,63.89727674412282
0.0763618525953598,6.089720094771482,76.67344220049449
0.1272920022544155,5.415834444684686,80.1614479576724
0.1212420107030967,4.655674572029581,58.365306340015394
0.02910366036321363,3.785748462245798,96.08581022507973
0.09877862213630838,3.9197442186793885,61.53490121967072
0.024841215855878118,4.9305592818006625,65.93793489766803
0.052853796332937075,6.936951261980546,75.90280761153515
0.03261166076994303,3.500583283486188,82.23377459410057
0.028396096412327206,4.284424294843833,51.46365774430703
0.1958271838106233,4.870529349995565,85.48864316155343
0.03323404572148938,3.427561034126456,64.06943976008665
0.08113807215240615,7.70359640754812,55.81613860359707
0.0259234066292712,5.914435558865494,85.18611660336657
0.12073632863460222,3.176112203367574,76.53935766300829
0.16673883889795268,1.275866883540198,79.56092431528162
0.03336608672986805,3.449471489197884,69.43075755978658
0.08309876092326275,4.644883568806078,84.94474585695853
0.04297133503419075,1.9826200283850317,67.74519007301902
0.24139775449086745,0.07547522119634742,79.10218945238832
0.047834145056620134,1.2688042056434798,51.57362622251564
0.06741586467482745,6.461211922531104,84.22143235861019
0.0925871456344689,7.540617529371099,82.00046238812348
0.16751829092750145,1.4673276799525068,51.38008629045238
0.014136388994654291,0.539544326856727,77.24228340257368
0.10329822030206323,1.3024042205752737,96.37193096584168
0.012264933856602385,3.807567362093518,81.456137025041
0.024625242505142954,1.602903322190922,73.10791548823968
0.07979146091830823,1.598929413555328,68.64932871298568
0.04602684796562402,4.757141414195776,57.162379145378495
0.01879417943460617,3.168534552788949,59.92051624864839
0.05884668942670832,3.108561310395149,56.80281909064789
0.08368334527471954,6.583075509074119,63.89727674412282
0.08666925154287074,7.844085305107653,88.36699239792543
0.12932008228012745,5.563514873016526,81.63228887867913
0.1212420107030967,4.655674572029581,58.365306340015394
0.02910366036321363,3.785748462245798,96.08581022507973
0.10110635249144134,3.5090517121906566,61.17061686311924
0.024841215855878118,4.9305592818006625,65.93793489766803
0.052853796332937075,6.936951261980546,75.90280761153515
0.03261166076994303,3.500583283486188,82.23377459410057
0.028396096412327206,4.284424294843833,51.46365774430703
0.19537475369239704,4.859518501467843,85.38496142589503
0.03323404572148938,3.427561034126456,64.06943976008665
0.08149408200684335,7.628812839756087,55.911602358782496
0.044776917734715246,5.3699210696878055,83.46671209330437
0.12073632863460222,3.176112203367574,76.53935766300829
0.16673883889795268,1.275866883540198,79.56092431528162
0.029447171403542978,3.2088219620314153,68.77061190891007
0.08309876092326275,4.644883568806078,84.94474585695853
0.04297133503419075,1.9826200283850317,67.74519007301902
0.1710867937273688,1.3453152641167438,84.8484574665674
0.047834145056620134,1.2688042056434798,51.57362622251564
0.07890576672391822,6.317389944535007,84.325909938222
0.0925871456344689,7.540617529371099,82.00046238812348
0.16751829092750145,1.4673276799525068,51.38008629045238
0.014136388994654291,0.539544326856727,77.24228340257368
0.10329822030206323,1.3024042205752737,96.37193096584168
0.012264933856602385,3.807567362093518,81.456137025041
0.024625242505142954,1.602903322190922,73.10791548823968
0.06137193843082871,1.301719055610154,71.06008111186829
0.040824432399284113,4.216444424281456,59.971255494271176
0.01377016808645068,3.047802231848717,51.807455668267
0.05884668942670832,3.108561310395149,56.80281909064789
0.08368334527471954,6.583075509074119,63.89727674412282
0.08562832261184132,7.800785595662677,81.83894452927116
0.16073476789491653,6.1207885395738515,77.10156606460522
0.1212420107030967,4.655674572029581,58.365306340015394
0.02910366036321363,3.785748462245798,96.08581022507973
0.1216247201811056,3.440108037495394,56.48557504530223
0.024841215855878118,4.9305592818006625,65.93793489766803
0.05562122419139038,7.473871924641379,73.3111430561045
0.04082332165696119,3.697918203525295,95.49443378158152
0.028396096412327206,4.284424294843833,51.46365774430703
0.2899826967925787,3.0896984419209,93.55848752866757
0.03323404572148938,3.427561034126456,64.06943976008665
0.08149408200684335,7.628812839756087,55.911602358782496
0.044776917734715246,5.3699210696878055,83.46671209330437
0.18458977042797275,1.331939834311358,70.71604469024251
0.16673883889795268,1.275866883540198,79.56092431528162
0.010124092603129575,1.6294510656909473,64.27585849816202
0.08309876092326275,4.644883568806078,84.94474585695853
0.047768081828949045,1.8051198949218832,68.60932983098361
0.22201318137892034,1.606767301651403,87.31646619574389
0.047834145056620134,1.2688042056434798,51.57362622251564
0.07890576672391822,6.317389944535007,84.325909938222
0.0925871456344689,7.540617529371099,82.00046238812348
0.16751829092750145,1.4673276799525068,51.38008629045238
0.014136388994654291,0.539544326856727,77.24228340257368
0.06625846562228974,1.207441178391052,99.19728836438057
0.012264933856602385,3.807567362093518,81.456137025041
0.021012644601384328,2.0837695577262947,66.01906528540539
0.08553074660309004,1.3394114199076876,66.58093313797454
0.02908760835168399,4.740834518710715,64.35271814391537
0.01377016808645068,3.047802231848717,51.807455668267
0.06113171030400972,3.1316377256912418,57.355781348564584
0.0765118911340241,5.629027388978642,64.83816564145664
0.08562832261184132,7.800785595662677,81.83894452927116
0.14070631648621865,4.440590473255834,83.82125210472361
0.0888758903476138,3.4118260719316,64.06971757267334
0.02910366036321363,3.785748462245798,96.08581022507973
0.09090939541652651,4.760436536359712,59.902540485923005
0.016408749918062557,5.307313810237746,69.08585075642969
0.05562122419139038,7.473871924641379,73.3111430561045
0.04082332165696119,3.697918203525295,95.49443378158152
0.04153270291799872,5.09154045662998,58.43574701093747
0.30852464803899843,3.411306886968955,97.7008105333777
0.02940051930252381,2.7824799396695847,57.62737266794025
0.08149408200684335,7.628812839756087,55.911602358782496
0.044776917734715246,5.3699210696878055,83.46671209330437
0.18796770149658149,1.3202576979180065,70.76805645569182
0.16673883889795268,1.275866883540198,79.56092431528162
0.010124092603129575,1.6294510656909473,64.27585849816202
0.0900169003826601,4.93075239242901,86.90419628695493
0.047768081828949045,1.8051198949218832,68.60932983098361
0.12503376044360343,1.8369129685268197,77.04082394709717
0.047834145056620134,1.2688042056434798,51.57362622251564
0.06650506248746965,5.208665188602703,86.43367900701865
0.0925871456344689,7.540617529371099,82.00046238812348
0.14115061069705598,2.090851164417585,53.85105733599397
0.013935759051569121,0.11859125103142176,77.96242631680732
0.0759904122558645,2.1739521233374965,84.06662648005783
0.012264933856602385,3.807567362093518,81.456137025041
0.021012644601384328,2.0837695577262947,66.01906528540539
0.13628628863550432,1.1441883374377175,68.13245818998013
0.01965078586753724,3.7688151377824206,61.16660637744524
0.020623228230776103,3.1900331231102395,62.603612473334145
0.06113171030400972,3.1316377256912418,57.355781348564584
0.0765118911340241,5.629027388978642,64.83816564145664
0.08562832261184132,7.800785595662677,81.83894452927116
0.14070631648621865,4.440590473255834,83.82125210472361
0.08895006254955796,3.4610167079623495,63.91771957417276
0.02910366036321363,3.785748462245798,96.08581022507973
0.09090939541652651,4.760436536359712,59.902540485923005
0.016408749918062557,5.307313810237746,69.08585075642969
0.05562122419139038,7.473871924641379,73.3111430561045
0.04157031461724532,3.624776537487918,95.6031812024759
0.03621278484621073,4.941623808983924,60.965081078496766
0.2645344430534001,3.3570561617737593,90.85152332892864
0.02497977981756833,2.038586418770544,50.19852067983563
0.08149408200684335,7.628812839756087,55.911602358782496
0.021057335949728216,5.176257963243866,97.39019409974131
0.24394971018710954,1.126651183216126,71.63004062477434
0.19502880591267685,1.1236557258679618,85.4205951942253
0.010124092603129575,1.6294510656909473,64.27585849816202
0.0900169003826601,4.93075239242901,86.90419628695493
0.05364959239659403,0.20867620822364774,72.50016274394298
0.12503376044360343,1.8369129685268197,77.04082394709717
0.047834145056620134,1.2688042056434798,51.57362622251564
0.06650506248746965,5.208665188602703,86.43367900701865
0.0925871456344689,7.540617529371099,82.00046238812348
0.14115061069705598,2.090851164417585,53.85105733599397
0.013935759051569121,0.11859125103142176,77.96242631680732
0.0759904122558645,2.1739521233374965,84.06662648005783
0.012264933856602385,3.807567362093518,81.456137025041
0.021012644601384328,2.0837695577262947,66.01906528540539
0.12339632467961444,3.0309471173174414,72.22311219319391
0.016548133651225774,4.044036569243593,62.222679251478425
0.020623228230776103,3.1900331231102395,62.603612473334145
0.03464716114163476,2.818051436610867,51.10846756079706
0.13483839816252596,5.941231192839265,60.71604106192563
0.08562832261184132,7.800785595662677,81.83894452927116
0.15471888995281996,4.708479643061132,89.26614904670046
0.09030912093619221,3.4771084327447994,64.23830136490466
0.02910366036321363,3.785748462245798,96.08581022507973
0.09090939541652651,4.760436536359712,59.902540485923005
0.016408749918062557,5.307313810237746,69.08585075642969
0.05562122419139038,7.473871924641379,73.3111430561045
0.04157031461724532,3.624776537487918,95.6031812024759
0.02919709157585375,7.158866481774547,66.63460387436982
0.3110018083338615,3.6486364747980495,92.52368594756535
0.02497977981756833,2.038586418770544,50.19852067983563
0.08149408200684335,7.628812839756087,55.911602358782496
0.024711204339161113,5.119689376909831,88.60836454398753
0.2511537198384952,1.0417904346103062,71.96610412366567
0.1700495163483886,1.5720719140513617,70.78416157918679
0.010124092603129575,1.6294510656909473,64.27585849816202
0.09505890099028,5.921719518782798,87.92419705701279
0.05364959239659403,0.20867620822364774,72.50016274394298
0.1096781192941544,2.5622265591289572,71.37939893682722
0.047834145056620134,1.2688042056434798,51.57362622251564
0.06615434698274544,5.281658107288445,86.01082479933125
0.07186840973762419,6.28806468674855,76.41602194749466
0.14115061069705598,2.090851164417585,53.85105733599397
0.013935759051569121,0.11859125103142176,77.96242631680732
0.07290761990168794,1.9027652285357692,82.47057914629093
0.012264933856602385,3.807567362093518,81.456137025041
0.021012644601384328,2.0837695577262947,66.01906528540539
0.12339632467961444,3.0309471173174414,72.22311219319391
0.016548133651225774,4.044036569243593,62.222679251478425
0.023296939528138546,1.8468070170977913,58.49120936108543
0.034168076564960605,2.830759047944996,51.501163865695005
0.1295564622246676,6.268754011786965,53.130723606743665
0.08562832261184132,7.800785595662677,81.83894452927116
0.15471888995281996,4.708479643061132,89.26614904670046
0.09329333039773348,3.5114655055635113,64.91535122501682
0.02910366036321363,3.785748462245798,96.08581022507973
0.09090939541652651,4.760436536359712,59.902540485923005
0.016408749918062557,5.307313810237746,69.08585075642969
0.0567386912374086,7.715725741200164,74.44719700231425
0.04157031461724532,3.624776537487918,95.6031812024759
0.026375586221883865,7.328851019288548,66.74523970877028
0.20512699707443996,3.7001327542058378,93.86154232682651
0.02497977981756833,2.038586418770544,50.19852067983563
0.06023452518678098,5.679699727021481,59.46443098874192
0.025729088855266175,5.592109792956624,89.61401539104216
0.1640494909528945,1.7599334841420373,63.750893137963374
0.1700495163483886,1.5720719140513617,70.78416157918679
0.010124092603129575,1.6294510656909473,64.27585849816202
0.09505890099028,5.921719518782798,87.92419705701279
0.05364959239659403,0.20867620822364774,72.50016274394298
0.09053994610036027,2.443906462662694,66.5934336040472
0.047834145056620134,1.2688042056434798,51.57362622251564
0.0716486993183914,5.278824460096738,87.88017155865245
0.06409944568058294,7.887564936342697,80.50306300854278
0.1468353645691971,0.04237391353760067,54.20424584020725
0.013800625559283762,0.09364356067594737,78.24350342592389
0.09182252577173554,2.031649427336283,83.87402706295687
0.012414734083161042,3.9599758202839253,82.65828576516476
0.010313557180924787,1.476255803701166,77.826225770987
0.14571377875369476,3.081017449737928,77.40601267477888
0.041280677657747844,4.282311086006007,61.45100146175171
0.023296939528138546,1.8468070170977913,58.49120936108543
0.034168076564960605,2.830759047944996,51.501163865695005
0.13133850618304027,6.035810814946121,53.679402851443214
0.08735788082315075,7.938006106148835,82.63407433561463
0.20997104840549458,5.237668238915782,86.1716805237679
0.08463876419030661,2.7904384257713093,66.57118028582622
0.03004952890521964,3.6586455904690256,93.83799468409538
0.07330434592705584,3.694940076668628,64.09004809162155
0.016408749918062557,5.307313810237746,69.08585075642969
0.0567386912374086,7.715725741200164,74.44719700231425
0.04157031461724532,3.624776537487918,95.6031812024759
0.026375586221883865,7.328851019288548,66.74523970877028
0.36922318403061116,3.739017742936981,93.88361300459214
0.02497977981756833,2.038586418770544,50.19852067983563
0.06023452518678098,5.679699727021481,59.46443098874192
0.025729088855266175,5.592109792956624,89.61401539104216
0.1640494909528945,1.7599334841420373,63.750893137963374
0.16217417656978117,1.59888137844665,71.7315850133806
0.010124092603129575,1.6294510656909473,64.27585849816202
0.09505890099028,5.921719518782798,87.92419705701279
0.05364959239659403,0.20867620822364774,72.50016274394298
0.055706927033336275,2.091116071985134,65.58955023600785
0.047834145056620134,1.2688042056434798,51.57362622251564
0.0716486993183914,5.278824460096738,87.88017155865245
0.06409944568058294,7.887564936342697,80.50306300854278
0.1468353645691971,0.04237391353760067,54.20424584020725
0.0162232271088805,0.40169627972518196,79.75794538435545
0.09182252577173554,2.031649427336283,83.87402706295687
0.012414734083161042,3.9599758202839253,82.65828576516476
0.010313557180924787,1.476255803701166,77.826225770987
0.16097189434120016,2.2862228976948487,77.91341258629146
0.041280677657747844,4.282311086006007,61.45100146175171
0.023296939528138546,1.8468070170977913,58.49120936108543
0.034168076564960605,2.830759047944996,51.501163865695005
0.093766579981617,4.623764759528211,52.449758114836555
0.07446500468141554,6.864537733484145,71.62056457951165
0.20997104840549458,5.237668238915782,86.1716805237679
0.06440831659496263,2.479230112884852,63.906417226280574
0.03004952890521964,3.6586455904690256,93.83799468409538
0.05931849532294993,3.386113840554839,59.59124795236454
0.016408749918062557,5.307313810237746,69.08585075642969
0.0567386912374086,7.715725741200164,74.44719700231425
0.04157031461724532,3.624776537487918,95.6031812024759
0.026375586221883865,7.328851019288548,66.74523970877028
0.36922318403061116,3.739017742936981,93.88361300459214
0.02497977981756833,2.038586418770544,50.19852067983563
0.06023452518678098,5.679699727021481,59.46443098874192
0.025729088855266175,5.592109792956624,89.61401539104216
0.1640494909528945,1.7599334841420373,63.750893137963374
0.23747135421922463,1.464459775201699,78.91032026815307
0.06570451753804638,1.8714410522036107,69.30066524083693
0.1296964289885148,5.212092196480162,98.60490940464575
0.05364959239659403,0.20867620822364774,72.50016274394298
0.0709993495123688,0.3051742452425481,53.334087757317796
0.047834145056620134,1.2688042056434798,51.57362622251564
0.06687193493421394,5.233323023132475,90.46536224652846
0.06409944568058294,7.887564936342697,80.50306300854278
0.1468353645691971,0.04237391353760067,54.20424584020725
0.0162232271088805,0.40169627972518196,79.75794538435545
0.09182252577173554,2.031649427336283,83.87402706295687
0.012414734083161042,3.9599758202839253,82.65828576516476
0.010313557180924787,1.476255803701166,77.826225770987
0.20879234735033744,1.7149793592469762,70.28986654183383
0.03993201906768385,4.902470109169412,63.483697461120435
0.023296939528138546,1.8468070170977913,58.49120936108543
0.034168076564960605,2.830759047944996,51.501163865695005
0.13587651958416957,5.890631507740878,53.11999720220793
0.07446500468141554,6.864537733484145,71.62056457951165
0.1616300501118386,3.682497877908806,81.94388713865143
0.06162003720664101,2.5749418677963085,66.33542028771546
0.03004952890521964,3.6586455904690256,93.83799468409538
0.05889536004503016,2.9877154850024814,57.740459717034774
0.016408749918062557,5.307313810237746,69.08585075642969
0.0567386912374086,7.715725741200164,74.44719700231425
0.040124462983552635,3.729816798570033,97.17893391318947
0.026375586221883865,7.328851019288548,66.74523970877028
0.36922318403061116,3.739017742936981,93.88361300459214
0.02497977981756833,2.038586418770544,50.19852067983563
0.06023452518678098,5.679699727021481,59.46443098874192
0.025729088855266175,5.592109792956624,89.61401539104216
0.15812703461616215,1.78221360909988,65.40094698876646
0.17208315456840031,1.5811917285729915,72.67629412357627
0.09422797421313184,2.718674440371505,63.272573117009316
0.1296964289885148,5.212092196480162,98.60490940464575
0.05364959239659403,0.20867620822364774,72.50016274394298
0.0709993495123688,0.3051742452425481,53.334087757317796
0.047834145056620134,1.2688042056434798,51.57362622251564
0.084285877374996,5.3992008727691765,81.04091544185937
0.06409944568058294,7.887564936342697,80.50306300854278
0.1468353645691971,0.04237391353760067,54.20424584020725
0.0162232271088805,0.40169627972518196,79.75794538435545
0.08077684611976045,2.352369391112048,75.10731402539184
0.012414734083161042,3.9599758202839253,82.65828576516476
0.010313557180924787,1.476255803701166,77.826225770987
0.20879234735033744,1.7149793592469762,70.28986654183383
0.03993201906768385,4.902470109169412,63.483697461120435
0.023296939528138546,1.8468070170977913,58.49120936108543
0.04329218305030913,2.8886743157675885,53.80339814820735
0.14818622370482848,6.950408409289559,53.0793759577006
0.07446500468141554,6.864537733484145,71.62056457951165
0.217871919395874,4.428831745512856,91.47900445337689
0.07500379868437423,2.460099592581845,67.04983185614276
0.03004952890521964,3.6586455904690256,93.83799468409538
0.05889536004503016,2.9877154850024814,57.740459717034774
0.016408749918062557,5.307313810237746,69.08585075642969
0.0567386912374086,7.715725741200164,74.44719700231425
0.040124462983552635,3.729816798570033,97.17893391318947
0.0289767368637784,7.856432956890967,66.13438569818415
0.39494164438106094,3.600271036418386,94.20329092185125
0.02497977981756833,2.038586418770544,50.19852067983563
0.06023452518678098,5.679699727021481,59.46443098874192
0.032007735149945024,5.756036639074336,87.29591976585057
0.14252175434893177,1.971792135487107,64.19625049064145
0.17583746360178437,1.594874407823883,72.43223028156062
0.10664902850417618,4.009246626255507,68.58698444414323
0.1296964289885148,5.212092196480162,98.60490940464575
0.05364959239659403,0.20867620822364774,72.50016274394298
0.0709993495123688,0.3051742452425481,53.334087757317796
0.05034900387515766,0.9456171320018489,50.17218728731235
0.06825911467568234,4.491035058521058,72.70612758213109
0.06409944568058294,7.887564936342697,80.50306300854278
0.14736491360764345,2.7503861172451476,53.76328663954253
0.0162232271088805,0.40169627972518196,79.75794538435545
0.08077684611976045,2.352369391112048,75.10731402539184
0.053170457984576064,3.482267798293209,81.54398813255214
0.010313557180924787,1.476255803701166,77.826225770987
0.1417508283879102,2.4439951464581,79.12212225488688
0.032450439551669374,5.031230713056355,65.2654632128605
0.023296939528138546,1.8468070170977913,58.49120936108543
0.04329218305030913,2.8886743157675885,53.80339814820735
0.14818622370482848,6.950408409289559,53.0793759577006
0.07446500468141554,6.864537733484145,71.62056457951165
0.217871919395874,4.428831745512856,91.47900445337689
0.07500379868437423,2.460099592581845,67.04983185614276
0.03004952890521964,3.6586455904690256,93.83799468409538
0.05889536004503016,2.9877154850024814,57.740459717034774
0.01874863238246982,5.096800066959727,67.75569538917411
0.0510545047934349,7.5830265687018485,69.77068296766315
0.03771864008742617,3.8113346397251036,98.48514044732421
0.04465019592556711,6.018835536509536,66.44611986744228
0.2173777963363762,2.619717794006445,86.64280637940847
0.02452262043617437,1.9940028299570747,50.00061739932483
0.057605576112965476,3.4954644932161507,64.6687779450865
0.032007735149945024,5.756036639074336,87.29591976585057
0.2235315971690145,2.978876075951314,54.21473696944432
0.18346684494295756,1.529408842470166,72.8394788939291
0.10341345776597352,4.296298873248493,68.89196070106016
0.1296964289885148,5.212092196480162,98.60490940464575
0.05364959239659403,0.20867620822364774,72.50016274394298
0.0709993495123688,0.3051742452425481,53.334087757317796
0.049837432331871524,1.2816201494706423,53.249543909124796
0.08067499760414579,4.303733909233989,75.28601687987565
0.06409944568058294,7.887564936342697,80.50306300854278
0.12655733287351106,3.1633789839769255,55.845987444934394
0.0162232271088805,0.40169627972518196,79.75794538435545
0.10414822213727513,2.4455395542679756,86.0847765154983
0.0517238747305872,2.899173622876045,81.6817671194933
0.010313557180924787,1.476255803701166,77.826225770987
0.1417508283879102,2.4439951464581,79.12212225488688
0.01001838598634594,5.476466429163743,67.51076297279151
0.023296939528138546,1.8468070170977913,58.49120936108543
0.0207747905754133,2.814385938914971,53.25102077355441
0.14818622370482848,6.950408409289559,53.0793759577006
0.04612525768598888,3.7197969768514936,75.58011600164173
0.217871919395874,4.428831745512856,91.47900445337689
0.07630176473801158,2.5940025125846766,66.76300770736275
0.030254472950193786,3.7136356846878744,94.91078509920897
0.044509367356966686,2.5401436239020176,63.688235767968514
0.01874863238246982,5.096800066959727,67.75569538917411
0.0510545047934349,7.5830265687018485,69.77068296766315
0.04171224778834566,4.428406951857836,95.76295811348841
0.053101553203715526,5.724203293008943,65.35237505305284
0.18527244217149952,2.297931388984141,79.6326249291898
0.029903454706301735,2.149562240401914,51.21224060022284
0.057605576112965476,3.4954644932161507,64.6687779450865
0.03662093922042215,4.5838279800238,73.60381551571092
0.3919621372725307,3.7002679948135366,56.82650651231542
0.24511345928201794,1.7997616527388576,83.3366577286761
0.10341345776597352,4.296298873248493,68.89196070106016
0.13848176557261466,6.03804474238128,76.97367224714372
0.05235321199300309,0.12338231923525989,72.05515170169225
0.0709993495123688,0.3051742452425481,53.334087757317796
0.049873716927363754,1.296180958761957,53.34495462270665
0.09288996968449406,4.899388013677081,79.20317721989173
0.06409944568058294,7.887564936342697,80.50306300854278
0.12350377599923208,3.3561028622766123,57.293509552233765
0.0162232271088805,0.40169627972518196,79.75794538435545
0.12358997501371828,2.341886148539773,99.57478886850495
0.0517238747305872,2.899173622876045,81.6817671194933
0.010313557180924787,1.476255803701166,77.826225770987
0.21966459316655212,4.466506363802369,85.28128290797295
0.02361396474583717,5.669101170874937,68.40805955289125
0.025017191802989384,1.1868619176796094,62.065322749038714
0.0207747905754133,2.814385938914971,53.25102077355441
0.14818622370482848,6.950408409289559,53.0793759577006
0.04612525768598888,3.7197969768514936,75.58011600164173
0.20358299248640038,6.283603434141712,97.69634720983724
0.07630176473801158,2.5940025125846766,66.76300770736275
0.030254472950193786,3.7136356846878744,94.91078509920897
0.04470889638927667,2.5520270858921474,63.72465622680467
0.01874863238246982,5.096800066959727,67.75569538917411
0.05131937179288595,6.061657017516322,70.236592742494
0.04748365604679952,4.788445166303639,96.19220711180763
0.053101553203715526,5.724203293008943,65.35237505305284
0.18527244217149952,2.297931388984141,79.6326249291898
0.03322898468536624,1.849419927736033,54.2997450589001
0.055641490378168734,3.610756830791903,68.51137368441657
0.04397485241774681,4.372755495974534,76.01013990170196
0.33393363969822604,3.4008757256679716,56.41777882764811
0.23764709662544942,1.8619182820031117,82.87450562117243
0.09180337718306913,5.356859375102427,72.32091201626605
0.13848176557261466,6.03804474238128,76.97367224714372
0.05235321199300309,0.12338231923525989,72.05515170169225
0.0709993495123688,0.3051742452425481,53.334087757317796
0.049873716927363754,1.296180958761957,53.34495462270665
0.14560808026797245,4.966372177226315,82.04818279691209
0.06409944568058294,7.887564936342697,80.50306300854278
0.1830744640428701,1.5051081323714426,51.46408605809718
0.03756591560006439,0.6031707989964619,78.19003358665172
0.12358997501371828,2.341886148539773,99.57478886850495
0.0517238747305872,2.899173622876045,81.6817671194933
0.010313557180924787,1.476255803701166,77.826225770987
0.21559943834725023,5.055303903434361,85.82536300832086
0.02361396474583717,5.669101170874937,68.40805955289125
0.01972731583207924,1.3926590722858634,60.13216072461756
0.0207747905754133,2.814385938914971,53.25102077355441
0.1585369070459901,7.8415277256180715,53.04521935777765
0.04612525768598888,3.7197969768514936,75.58011600164173
0.20358299248640038,6.283603434141712,97.69634720983724
0.035135181034238266,0.31385695405724867,60.00298566159066
0.030254472950193786,3.7136356846878744,94.91078509920897
0.04354751263107681,1.5944825753049048,54.0034512909957
0.01874863238246982,5.096800066959727,67.75569538917411
0.049063855139114376,6.721405872168675,72.1737840354892
0.08218468146415395,5.120820218232779,96.52657883281225
0.05230891859928008,5.568286574963059,64.26044225049236
0.19265631687172224,2.171436742841859,82.30306026605192
0.03322898468536624,1.849419927736033,54.2997450589001
0.025780514983821223,3.6332772451519806,69.80902631072853
0.04397485241774681,4.372755495974534,76.01013990170196
0.33393363969822604,3.4008757256679716,56.41777882764811
0.168435154906122,1.6533914998385029,71.99012165796171
0.09427162444006235,5.417429229738832,66.10951158635724
0.13848176557261466,6.03804474238128,76.97367224714372
0.05235321199300309,0.12338231923525989,72.05515170169225
0.0709993495123688,0.3051742452425481,53.334087757317796
0.049873716927363754,1.296180958761957,53.34495462270665
0.14551237780755516,4.964197749229763,82.02235148854048
0.05719318484251462,5.991551635166994,79.90101780516312
0.1830744640428701,1.5051081323714426,51.46408605809718
0.03756591560006439,0.6031707989964619,78.19003358665172
0.13177039060666768,3.6292481885385515,88.68309698530096
0.05609555101946426,2.9954318044596917,81.69882910259979
0.010313557180924787,1.476255803701166,77.826225770987
0.21559943834725023,5.055303903434361,85.82536300832086
0.02361396474583717,5.669101170874937,68.40805955289125
0.010073213431286879,0.9671962473267048,54.40719706079943
0.0207747905754133,2.814385938914971,53.25102077355441
0.1585369070459901,7.8415277256180715,53.04521935777765
0.04343609822479867,3.5513257820392328,75.74878007656474
0.20358299248640038,6.283603434141712,97.69634720983724
0.035135181034238266,0.31385695405724867,60.00298566159066
0.026816561747662334,4.272173085446587,98.46644671166835
0.04354751263107681,1.5944825753049048,54.0034512909957
0.01874863238246982,5.096800066959727,67.75569538917411
0.04975103961274058,6.749819646887482,72.2754641353406
0.08218468146415395,5.120820218232779,96.52657883281225
0.05230891859928008,5.568286574963059,64.26044225049236
0.21086018023642583,1.8652230502108824,83.82581208298808
0.028242828696877005,2.0151501875028703,54.58576552363104
0.02558819321714621,3.514678760010996,64.48933813427615
0.04397485241774681,4.372755495974534,76.01013990170196
0.38888677861420873,4.040510205691078,53.36599454409001
0.17730792096263118,1.7494685686751246,71.24053533100007
0.10462929964307384,5.380193037445852,66.56591827474871
0.11719532159811685,4.229685857580106,69.51687505165141
0.05235321199300309,0.12338231923525989,72.05515170169225
0.0709993495123688,0.3051742452425481,53.334087757317796
0.05036222727374456,1.2731460678228705,53.2941054214399
0.09615328946053533,2.950342640932218,71.55736652687801
0.05719318484251462,5.991551635166994,79.90101780516312
0.16988121904333517,1.7934746732681046,52.77209217721913
0.03756591560006439,0.6031707989964619,78.19003358665172
0.13177039060666768,3.6292481885385515,88.68309698530096
0.05609555101946426,2.9954318044596917,81.69882910259979
0.010313557180924787,1.476255803701166,77.826225770987
0.21559943834725023,5.055303903434361,85.82536300832086
0.02361396474583717,5.669101170874937,68.40805955289125
0.010073213431286879,0.9671962473267048,54.40719706079943
0.0207747905754133,2.814385938914971,53.25102077355441
0.1585369070459901,7.8415277256180715,53.04521935777765
0.04343609822479867,3.5513257820392328,75.74878007656474
0.17916485044756258,5.8202115038205795,91.75967542739662
0.032301895554613866,0.3452002022120665,58.01976080148785
0.029915677728903904,4.44758934302742,96.57234488069476
0.04354751263107681,1.5944825753049048,54.0034512909957
0.01186866175701454,7.508829338299382,72.69789588538414
0.046266794685126206,4.992231455925165,73.96669096145376
0.04839196054327958,3.1743578941665365,76.7886848138933
0.05230891859928008,5.568286574963059,64.26044225049236
0.27331265172038954,0.6787269912479337,87.56670652195483
0.028242828696877005,2.0151501875028703,54.58576552363104
0.02558819321714621,3.514678760010996,64.48933813427615
0.04397485241774681,4.372755495974534,76.01013990170196
0.38888677861420873,4.040510205691078,53.36599454409001
0.20833970022426918,0.9580700212487452,71.8124300578573
0.136346721360795,5.484855642470457,66.12651015541246
0.12820276448265472,3.906470086181785,67.61189525518616
0.04931413632659145,1.2916728484857556,73.3139913225198
0.07036071605899238,0.4326240130407095,53.846000223122324
0.05036222727374456,1.2731460678228705,53.2941054214399
0.09615328946053533,2.950342640932218,71.55736652687801
0.07977045779633245,6.40368782124758,73.9181046186713
0.16988121904333517,1.7934746732681046,52.77209217721913
0.03756591560006439,0.6031707989964619,78.19003358665172
0.09844336031184056,3.8970107660040103,91.26447192794822
0.024426842462962867,1.4973102906808622,90.55680259394576
0.010313557180924787,1.476255803701166,77.826225770987
0.12725778481604333,4.327654383414212,76.8793353333839
0.02361396474583717,5.669101170874937,68.40805955289125
0.010073213431286879,0.9671962473267048,54.40719706079943
0.0207747905754133,2.814385938914971,53.25102077355441
0.1585369070459901,7.8415277256180715,53.04521935777765
0.043540814658083876,3.626733724687774,75.65114354183314
0.17916485044756258,5.8202115038205795,91.75967542739662
0.029643036199783947,0.4819689618947257,60.414785099152795
0.029915677728903904,4.44758934302742,96.57234488069476
0.04249402690637747,1.62343889522626,54.04353442724393
0.01186866175701454,7.508829338299382,72.69789588538414
0.04588753982997749,5.31664725231977,73.46308091820401
0.04839196054327958,3.1743578941665365,76.7886848138933
0.05230891859928008,5.568286574963059,64.26044225049236
0.2032350593537077,0.9092115935922215,88.40861363709078
0.028242828696877005,2.0151501875028703,54.58576552363104
0.029542768993443085,3.5227986724334426,66.98410244081546
0.04610206305251416,4.5557985103819005,75.89537316002982
0.2986969138091148,4.442627180719118,57.08004540696669
0.17402983804283612,0.8386213660819332,69.12423145081289
0.1383939996189459,5.613952689369219,65.84988599950479
0.1153735971698728,3.472462875650527,65.25213094840343
0.10071635157665926,3.0843231261955437,80.61583044764252
0.07036071605899238,0.4326240130407095,53.846000223122324
0.05036222727374456,1.2731460678228705,53.2941054214399
0.05470335626617913,5.192138971075319,72.11826199505964
0.11501334496968915,7.786475146247279,57.90357537046739
0.16988121904333517,1.7934746732681046,52.77209217721913
0.03756591560006439,0.6031707989964619,78.19003358665172
0.09736691362608833,3.452029875932419,82.0011566542478
0.010140321509467476,1.456900411317711,91.6670182610607
0.010313557180924787,1.476255803701166,77.826225770987
0.14276021776710815,4.938396932497241,79.49411014655279
0.02361396474583717,5.669101170874937,68.40805955289125
0.010073213431286879,0.9671962473267048,54.40719706079943
0.0207747905754133,2.814385938914971,53.25102077355441
0.15329201528336778,7.430302193129693,54.601624900669805
0.03456246649906583,3.8185708831912475,76.10023027446732
0.13051644824369166,5.372799476431406,93.32838549106762
0.029643036199783947,0.4819689618947257,60.414785099152795
0.029915677728903904,4.44758934302742,96.57234488069476
0.04249402690637747,1.62343889522626,54.04353442724393
0.01186866175701454,7.508829338299382,72.69789588538414
0.04588753982997749,5.31664725231977,73.46308091820401
0.04822292149789324,3.3189544254602183,76.56421897040521
0.040300264283707074,3.8149398483481036,75.58613763911362
0.1532640394908636,1.8617304043202298,80.54477271535207
0.028242828696877005,2.0151501875028703,54.58576552363104
0.029542768993443085,3.5227986724334426,66.98410244081546
0.049558580047689454,4.997177237632928,76.07960530529233
0.3137849973661454,4.597826356291983,55.994614865893055
0.16298617600752063,1.0745873485549629,69.67662282747993
0.18302132766975132,6.749789617724448,60.5471651903333
0.1153735971698728,3.472462875650527,65.25213094840343
0.10071635157665926,3.0843231261955437,80.61583044764252
0.07036071605899238,0.4326240130407095,53.846000223122324
0.05036222727374456,1.2731460678228705,53.2941054214399
0.057874251716503254,6.1086935797839965,69.94284240524269
0.11501334496968915,7.786475146247279,57.90357537046739
0.1951225699485539,1.8271667004491552,52.520160099509994
0.03354540879025882,1.212075639822766,68.01088139453756
0.14522482302784148,5.131707081469367,92.49206136743338
0.010140321509467476,1.456900411317711,91.6670182610607
0.010313557180924787,1.476255803701166,77.826225770987
0.13435625028199638,5.912912000749275,87.77444492710163
0.023733489294307505,5.574750408778726,68.05114617843348
0.010073213431286879,0.9671962473267048,54.40719706079943
0.0207747905754133,2.814385938914971,53.25102077355441
0.15329201528336778,7.430302193129693,54.601624900669805
0.026583903750448917,3.852742468628054,77.1712738356422
0.13051644824369166,5.372799476431406,93.32838549106762
0.02931689524922885,0.6109044093816465,60.6401671760576
0.029915677728903904,4.44758934302742,96.57234488069476
0.04249402690637747,1.62343889522626,54.04353442724393
0.01186866175701454,7.508829338299382,72.69789588538414
0.03881233678123841,4.849138844353712,75.54091531474022
0.04822292149789324,3.3189544254602183,76.56421897040521
0.040300264283707074,3.8149398483481036,75.58613763911362
0.20180227075629248,2.4034763714345693,88.44855903218586
0.028242828696877005,2.0151501875028703,54.58576552363104
0.029542768993443085,3.5227986724334426,66.98410244081546
0.05200627472422842,5.339604375938815,78.54774993440242
0.4766477702905367,6.544719820049364,56.84585370219237
0.16298617600752063,1.0745873485549629,69.67662282747993
0.18302132766975132,6.749789617724448,60.5471651903333
0.1597078169414744,3.2702146366212306,59.14942968107269
0.09197073534452595,3.1749757468943427,80.20946628320762
0.048004587969491,0.8211780500045263,62.77406616295832
0.10079109077657608,3.355030455755617,56.05127443563905
0.07630646785685968,6.396963531489529,70.96414806014438
0.10092008407497405,7.233512999949042,64.30761762985435
0.1951225699485539,1.8271667004491552,52.520160099509994
0.028530584596981996,0.9815468164163068,75.83821166817053
0.14522482302784148,5.131707081469367,92.49206136743338
0.010140321509467476,1.456900411317711,91.6670182610607
0.010313557180924787,1.476255803701166,77.826225770987
0.15767484403557774,6.07525239621676,90.38711786070836
0.023733489294307505,5.574750408778726,68.05114617843348
0.010073213431286879,0.9671962473267048,54.40719706079943
0.0207747905754133,2.814385938914971,53.25102077355441
0.15329201528336778,7.430302193129693,54.601624900669805
0.026583903750448917,3.852742468628054,77.1712738356422
0.118495908672334,4.55684049643511,78.25401711573741
0.02931689524922885,0.6109044093816465,60.6401671760576
0.029915677728903904,4.44758934302742,96.57234488069476
0.04249402690637747,1.62343889522626,54.04353442724393
0.01186866175701454,7.508829338299382,72.69789588538414
0.03881233678123841,4.849138844353712,75.54091531474022
0.04822292149789324,3.3189544254602183,76.56421897040521
0.040300264283707074,3.8149398483481036,75.58613763911362
0.2059869634581549,2.437817459487331,88.75311212883909
0.028258051653899878,2.0328055122530335,54.73095630704161
0.022778031832829015,3.3390887831394167,61.57480356661537
0.06520371118187696,5.4314828603934195,80.02642336515325
0.4766477702905367,6.544719820049364,56.84585370219237
0.10653810462911849,1.7651669017621878,63.15679634273012
0.18302132766975132,6.749789617724448,60.5471651903333
0.15258845002387111,2.207638892602551,58.72259598535994
0.09228900442579518,3.144174127388477,79.83689814896778
0.05488262012469057,0.7016364572219747,60.02727904615111
0.06721051226733185,4.322352027115198,61.28064347137907
0.09444100778429206,6.575412785710896,56.67855400962991
0.09100202996591249,7.1962455969526165,66.1457121749488
0.1951225699485539,1.8271667004491552,52.520160099509994
0.028530584596981996,0.9815468164163068,75.83821166817053
0.15384730224774484,5.882040114199615,99.03029266632305
0.010140321509467476,1.456900411317711,91.6670182610607
0.010313557180924787,1.476255803701166,77.826225770987
0.15697363450211313,6.292047048628291,84.66179062526557
0.02207458877794946,5.597982708441926,68.09772258657522
0.010073213431286879,0.9671962473267048,54.40719706079943
0.0207747905754133,2.814385938914971,53.25102077355441
0.15329201528336778,7.430302193129693,54.601624900669805
0.026583903750448917,3.852742468628054,77.1712738356422
0.13589325596065807,4.369963331737311,80.12715300862898
0.02931689524922885,0.6109044093816465,60.6401671760576
0.040474028240965194,6.044361692569103,99.19137015900235
0.05925460286316399,2.2644313490310775,60.81481238206101
0.01186866175701454,7.508829338299382,72.69789588538414
0.03881233678123841,4.849138844353712,75.54091531474022
0.05485596176110544,3.6934797162589974,80.05673455514479
0.040300264283707074,3.8149398483481036,75.58613763911362
0.2059869634581549,2.437817459487331,88.75311212883909
0.022015622849467148,1.8391961610954908,62.765207456606916
0.022778031832829015,3.3390887831394167,61.57480356661537
0.06515621904969332,5.457731096217473,80.47005331086783
0.29379828111781403,5.4008176170843445,64.6988866579123
0.10653810462911849,1.7651669017621878,63.15679634273012
0.1409227164465634,6.9364914603690355,63.53589390735725
0.23350322753796926,2.637001356866449,62.16150973075171
0.09210813193157502,3.058478136660148,80.16232901220907
0.05505885041993444,0.6985735389752105,59.95690032537106
0.0673787888143782,4.332233383793355,61.30088663743422
0.11841865863214489,6.304363974936165,52.026800671020226
0.09100202996591249,7.1962455969526165,66.1457121749488
0.1951225699485539,1.8271667004491552,52.520160099509994
0.028530584596981996,0.9815468164163068,75.83821166817053
0.15294862373779206,5.864604328482297,98.77347851738392
0.010140321509467476,1.456900411317711,91.6670182610607
0.010313557180924787,1.476255803701166,77.826225770987
0.15361496652369366,6.574290010821927,85.15407725263262
0.02207458877794946,5.597982708441926,68.09772258657522
0.010073213431286879,0.9671962473267048,54.40719706079943
0.021192424995592336,2.9237756428773682,54.98635753721553
0.1122865827907199,5.310784952852676,61.58146971551477
0.026583903750448917,3.852742468628054,77.1712738356422
0.18969082317618535,3.5426844128003703,79.86636738820303
0.028927693024925646,0.6286274371077482,60.99215019125787
0.040474028240965194,6.044361692569103,99.19137015900235
0.05925460286316399,2.2644313490310775,60.81481238206101
0.01186866175701454,7.508829338299382,72.69789588538414
0.051796915233958504,5.252077455294252,71.13815311040295
0.07415210527393841,4.653999724553247,81.02300968131735
0.040300264283707074,3.8149398483481036,75.58613763911362
0.2059869634581549,2.437817459487331,88.75311212883909
0.022015622849467148,1.8391961610954908,62.765207456606916
0.015846736592091876,3.4751674215694024,61.55284354198594
0.06515621904969332,5.457731096217473,80.47005331086783
0.4501142518963242,4.479817941549889,70.98762678220868
0.11052585944833984,1.6163797522313743,61.85280996927016
0.1409227164465634,6.9364914603690355,63.53589390735725
0.23350322753796926,2.637001356866449,62.16150973075171
0.08439654137833054,3.17107730845764,79.48116385786491
0.05126253548634883,0.36914872582122227,57.73951797168523
0.06794434211787825,4.299869301216147,61.184770595697586
0.09752979466811992,5.371441352056678,57.011955617722094
0.04378340704712429,7.441939987226866,68.61426846597125
0.1951225699485539,1.8271667004491552,52.520160099509994
0.028530584596981996,0.9815468164163068,75.83821166817053
0.09354665179354237,4.038348293709124,82.43716687095971
0.010140321509467476,1.456900411317711,91.6670182610607
0.010313557180924787,1.476255803701166,77.826225770987
0.15275461871761578,6.483893803156866,84.79469957390927
0.028047745101693507,7.633982789451732,74.37494055621542
0.010073213431286879,0.9671962473267048,54.40719706079943
0.021157101318309713,2.9703152875344636,54.65256465511659
0.1122865827907199,5.310784952852676,61.58146971551477
0.030661007398137114,4.565291174770688,82.79257122908007
0.1245207027907214,3.5173738570429385,73.00105159178275
0.02821357374333722,0.8438291242620619,60.40954072732438
0.0488448119477964,6.083568679885526,98.15281466766439
0.0650429090586246,2.596933123670684,60.89849108685551
0.01186866175701454,7.508829338299382,72.69789588538414
0.051796915233958504,5.252077455294252,71.13815311040295
0.09808331414461316,3.3021636026812438,64.82463809889535
0.04102339236202747,4.006934705403739,77.49596346433734
0.2059869634581549,2.437817459487331,88.75311212883909
0.03616368509956086,3.4605380551648457,66.74290442143865
0.015846736592091876,3.4751674215694024,61.55284354198594
0.06211668912740521,5.729295841786506,80.28322041949895
0.29572896028171436,3.527529996767144,68.02237410623786
0.10034949088244702,2.246362128306131,63.46174531331494
0.1409227164465634,6.9364914603690355,63.53589390735725
0.17908410277672115,2.5206450081346827,61.74092626175267
0.07410880972893977,2.767874652707187,78.81031318782594
0.05126253548634883,0.36914872582122227,57.73951797168523
0.07512780831960059,4.202971789845787,62.619372805638946
0.08210626045660066,4.364003537931469,57.76795139295864
0.04378340704712429,7.441939987226866,68.61426846597125
0.1951225699485539,1.8271667004491552,52.520160099509994
0.033206771434029274,2.2745401928387583,80.57095703199906
0.08897613004187546,3.8234602168856546,81.97327125879603
0.010140321509467476,1.456900411317711,91.6670182610607
0.010313557180924787,1.476255803701166,77.826225770987
0.18388466464650963,7.1522896578601785,87.45073414237353
0.028047745101693507,7.633982789451732,74.37494055621542
0.010073213431286879,0.9671962473267048,54.40719706079943
0.02299695140662814,2.415871718616331,56.15359410679156
0.08902602891770006,6.282380911968802,61.52594298959816
0.0259167704247229,5.517774834711854,96.63009303416237
0.1291019074939253,3.551922577439429,74.29094420429126
0.02821357374333722,0.8438291242620619,60.40954072732438
0.04570590453599711,5.730624578481459,93.22126727442873
0.06483848539281666,2.564378280724534,60.86360834382833
0.01186866175701454,7.508829338299382,72.69789588538414
0.033823806711436234,7.253200514248048,64.95792642885858
0.09317705907925358,3.2809987433010455,64.17587631763573
0.0509506149116484,4.298051408592602,76.10871967094532
0.2059869634581549,2.437817459487331,88.75311212883909
0.029203854526759887,3.066341888929533,62.334654153053854
0.015693141635036417,3.6309086166352667,61.983158180858695
0.06295288060111952,5.785620530071012,80.80647118842207
0.5553418062230168,5.854441107713004,80.39627135750429
0.1271634134308276,1.980117620006797,65.40843334567829
0.1409227164465634,6.9364914603690355,63.53589390735725
0.18736948646608853,2.287705283322948,60.380694689183244
0.0758914699010237,2.7540170335652836,78.42303153701633
0.05126253548634883,0.36914872582122227,57.73951797168523
0.0723590613898962,4.289191382747715,64.05987273764936
0.07522802301627483,2.4571398685824617,54.03251448553226
0.04378340704712429,7.441939987226866,68.61426846597125
0.18814901231093875,2.043377106401972,53.288005134237935
0.032736650468580625,2.3898619858067667,80.39749784731458
0.10345314572054112,3.18537599056555,78.21000419078037
0.010111276636622406,1.2449528252678963,75.54069191806451
0.010313557180924787,1.476255803701166,77.826225770987
0.22112579220686016,7.537628560603843,85.28668886535421
0.025494643009317718,7.665141623562831,75.30960628671326
0.010073213431286879,0.9671962473267048,54.40719706079943
0.02299695140662814,2.415871718616331,56.15359410679156
0.08902602891770006,6.282380911968802,61.52594298959816
0.0259167704247229,5.517774834711854,96.63009303416237
0.19522958192480358,5.326953599785577,83.38956736163107
0.02821357374333722,0.8438291242620619,60.40954072732438
0.04570590453599711,5.730624578481459,93.22126727442873
0.05356450529341562,1.9762983376241494,51.003908979263784
0.01186866175701454,7.508829338299382,72.69789588538414
0.033823806711436234,7.253200514248048,64.95792642885858
0.11771135921168709,3.5834389472304156,66.98039010416423
0.05167816535766036,4.172516047612449,76.58240773364966
0.23637200072536624,2.8440660227550096,94.84361268268185
0.03862982121304621,3.00328525906393,65.5828069670703
0.015693141635036417,3.6309086166352667,61.983158180858695
0.052530730693643043,4.906651426572768,74.37598675782178
0.5553418062230168,5.854441107713004,80.39627135750429
0.12016390456521417,2.0020512839285476,66.53799924662962
0.1409227164465634,6.9364914603690355,63.53589390735725
0.22770938214322545,1.537329657568828,56.55872825059528
0.06383834341325162,2.5149650560989847,81.72097437755897
0.05693923492214187,0.25084529413254475,56.43981213851482
0.0723590613898962,4.289191382747715,64.05987273764936
0.06658264541808098,3.4585778612820337,56.313787266315096
0.043580163518530335,7.500847261485124,68.48039529473377
0.16666982301123906,2.7857546077312865,56.19604960834225
0.032736650468580625,2.3898619858067667,80.39749784731458
0.07087608471335186,2.451052475534024,76.6428032041752
0.010111276636622406,1.2449528252678963,75.54069191806451
0.010313557180924787,1.476255803701166,77.826225770987
0.21089236633280745,7.205961969107026,86.36735345673962
0.025494643009317718,7.665141623562831,75.30960628671326
0.010073213431286879,0.9671962473267048,54.40719706079943
0.02299695140662814,2.415871718616331,56.15359410679156
0.08902602891770006,6.282380911968802,61.52594298959816
0.12138257098161,4.304938490255921,95.81971746549819
0.23764661426824846,6.210247371580502,84.66571657863284
0.023917845101257246,0.9390169648587516,64.00020765619686
0.04570590453599711,5.730624578481459,93.22126727442873
0.05356450529341562,1.9762983376241494,51.003908979263784
0.01186866175701454,7.508829338299382,72.69789588538414
0.033823806711436234,7.253200514248048,64.95792642885858
0.07569594215438585,4.502071776255345,75.14777274267931
0.051081093586444644,4.8676715565547,84.67861524473406
0.1978230197396611,3.265068501773182,92.72882842798876
0.044992690277254846,3.896072792813378,66.26727464970372
0.015693141635036417,3.6309086166352667,61.983158180858695
0.05915475644871578,4.106921257091902,56.08517309896769
0.5862532913903904,5.86195108256789,79.61838332068169
0.19322850744440423,0.8628635262913811,69.72355704590407
0.1409227164465634,6.9364914603690355,63.53589390735725
0.3278017057170369,0.5489563985396106,53.997868787744736
0.06383834341325162,2.5149650560989847,81.72097437755897
0.05693923492214187,0.25084529413254475,56.43981213851482
0.0723590613898962,4.289191382747715,64.05987273764936
0.06658264541808098,3.4585778612820337,56.313787266315096
0.043580163518530335,7.500847261485124,68.48039529473377
0.27076035710797647,3.782963956699822,59.67350151171137
0.028877099333700574,2.1945575686196004,79.56899923441424
0.07087608471335186,2.451052475534024,76.6428032041752
0.010111276636622406,1.2449528252678963,75.54069191806451
0.01050857670107691,1.6992559741791653,80.02971853310892
0.21089236633280745,7.205961969107026,86.36735345673962
0.025494643009317718,7.665141623562831,75.30960628671326
0.010073213431286879,0.9671962473267048,54.40719706079943
0.028717946750956236,1.464146433575357,51.587359501816046
0.08902602891770006,6.282380911968802,61.52594298959816
0.12060595730655749,4.327658758974147,95.65574995709325
0.23764661426824846,6.210247371580502,84.66571657863284
0.023917845101257246,0.9390169648587516,64.00020765619686
0.04570590453599711,5.730624578481459,93.22126727442873
0.05356450529341562,1.9762983376241494,51.003908979263784
0.01186866175701454,7.508829338299382,72.69789588538414
0.033823806711436234,7.253200514248048,64.95792642885858
0.09057636077653126,3.5243822729214735,78.76901577795681
0.043505111150326535,4.9801962185103275,87.61202737593915
0.20657505858196953,3.1764206693645898,93.98874625529595
0.044992690277254846,3.896072792813378,66.26727464970372
0.020868450717143633,3.6777457398272144,62.73988065261961
0.04652932965597797,3.4820458418275297,62.299640648781974
0.5862532913903904,5.86195108256789,79.61838332068169
0.21579612570800039,0.9642052795938318,71.92316145080676
0.1409227164465634,6.9364914603690355,63.53589390735725
0.5024743561504263,0.741201033160246,52.42311863488878
0.04807030510166247,2.3704565389993313,80.75040175075303
0.05693923492214187,0.25084529413254475,56.43981213851482
0.0931688612618634,5.636283923989382,70.00725759446422
0.06658264541808098,3.4585778612820337,56.313787266315096
0.04266772716294602,7.501076930112399,68.60174561417142
0.3975614576115377,1.8219579194503401,52.14348350533924
0.028877099333700574,2.1945575686196004,79.56899923441424
0.04593524108718822,2.5498599552447767,78.04239028664026
0.010111276636622406,1.2449528252678963,75.54069191806451
0.01050857670107691,1.6992559741791653,80.02971853310892
0.21089236633280745,7.205961969107026,86.36735345673962
0.015144138977136096,7.736123235150883,74.85313889342255
0.010073213431286879,0.9671962473267048,54.40719706079943
0.028717946750956236,1.464146433575357,51.587359501816046
0.09452969455002216,6.722089000080189,62.432929887713
0.12060595730655749,4.327658758974147,95.65574995709325
0.23764661426824846,6.210247371580502,84.66571657863284
0.023917845101257246,0.9390169648587516,64.00020765619686
0.04570590453599711,5.730624578481459,93.22126727442873
0.05356450529341562,1.9762983376241494,51.003908979263784
0.01186866175701454,7.508829338299382,72.69789588538414
0.033823806711436234,7.253200514248048,64.95792642885858
0.09057636077653126,3.5243822729214735,78.76901577795681
0.04513319848574247,4.966417018582967,87.78188132069923
0.20657505858196953,3.1764206693645898,93.98874625529595
0.044992690277254846,3.896072792813378,66.26727464970372
0.020868450717143633,3.6777457398272144,62.73988065261961
0.05165354370451902,3.4889225388181777,62.2396271028757
0.5862532913903904,5.86195108256789,79.61838332068169
0.21579612570800039,0.9642052795938318,71.92316145080676
0.1409227164465634,6.9364914603690355,63.53589390735725
0.5024743561504263,0.741201033160246,52.42311863488878
0.04807030510166247,2.3704565389993313,80.75040175075303
0.05693923492214187,0.25084529413254475,56.43981213851482
0.09309927926834062,5.632684826239794,69.9942386114393
0.06638843190257879,3.4420032522183974,56.29400017184908
0.04266772716294602,7.501076930112399,68.60174561417142
0.3975614576115377,1.8219579194503401,52.14348350533924
0.030472842615285097,1.695968945487933,80.2136508643392
0.04593524108718822,2.5498599552447767,78.04239028664026
0.010111276636622406,1.2449528252678963,75.54069191806451
0.01050857670107691,1.6992559741791653,80.02971853310892
0.21089236633280745,7.205961969107026,86.36735345673962
0.015144138977136096,7.736123235150883,74.85313889342255
0.02358539839575116,1.3869737195680827,56.55764704764369
0.028717946750956236,1.464146433575357,51.587359501816046
0.08702896519571535,6.294182972398858,63.013513690327144
0.12060595730655749,4.327658758974147,95.65574995709325
0.2529888292996648,6.305232732480185,84.48813993105736
0.023917845101257246,0.9390169648587516,64.00020765619686
0.045705017436614453,5.737960973134118,93.29255032371275
0.04619106341939147,1.7183153520358894,54.236227636768746
0.01186866175701454,7.508829338299382,72.69789588538414
0.033823806711436234,7.253200514248048,64.95792642885858
0.07958663145899132,4.436593591940244,76.43675249740653
0.04690342052951928,5.029335028784406,86.87345104348066
0.21330037074695374,3.086359991586413,93.85833753741422
0.044992690277254846,3.896072792813378,66.26727464970372
0.023647333333511968,4.306205025592103,59.43306869302053
0.05469987955497245,3.989193371895283,53.820953373187955
0.4261919926441711,3.7458101983476073,76.29355302791718
0.21579612570800039,0.9642052795938318,71.92316145080676
0.1409227164465634,6.9364914603690355,63.53589390735725
0.5024743561504263,0.741201033160246,52.42311863488878
0.04807030510166247,2.3704565389993313,80.75040175075303
0.05693923492214187,0.25084529413254475,56.43981213851482
0.10338780337722273,5.351409721956335,70.86839814277994
0.06638843190257879,3.4420032522183974,56.29400017184908
0.04266772716294602,7.501076930112399,68.60174561417142
0.5191387445431739,1.9633685728240065,50.708466438548186
0.022133970005170284,0.9066480555326097,89.29793726568099
0.04593524108718822,2.5498599552447767,78.04239028664026
0.010111276636622406,1.2449528252678963,75.54069191806451
0.01050857670107691,1.6992559741791653,80.02971853310892
0.21089236633280745,7.205961969107026,86.36735345673962
0.015144138977136096,7.736123235150883,74.85313889342255
0.02358539839575116,1.3869737195680827,56.55764704764369
0.029759238611151918,1.0905828604969567,50.28272077628685
0.06372589987146501,6.670777827867052,66.01610655639342
0.12060595730655749,4.327658758974147,95.65574995709325
0.2961259163623118,6.809079223506054,91.15968213356811
0.02536962129823537,0.9087616892203197,63.667816975130826
0.045705017436614453,5.737960973134118,93.29255032371275
0.04559435078716448,1.5497824473785924,53.83535691426975
0.01186866175701454,7.508829338299382,72.69789588538414
0.07218127471132876,5.960119235543523,78.5262786254312
0.0654522572853874,3.516887839321789,73.10789109513937
0.04690342052951928,5.029335028784406,86.87345104348066
0.21330037074695374,3.086359991586413,93.85833753741422
0.037010979720762255,2.713846524641694,66.37429053567601
0.024709863783774256,4.484679178844759,59.94525569107649
0.0866272279782416,3.5263321664824883,57.331492043029954
0.4824413407185788,3.466030909619468,77.23889833519044
0.2843981879974461,0.6591819184707071,79.07719399468934
0.1972914056260879,6.306018656823124,66.05678410349257
0.520249995631789,0.7065847245748156,51.42564078664038
0.05012114127806629,2.198130550779633,83.35158271725736
0.05693923492214187,0.25084529413254475,56.43981213851482
0.11489910249791083,6.032855457806663,68.17069443932515
0.06638843190257879,3.4420032522183974,56.29400017184908
0.04266772716294602,7.501076930112399,68.60174561417142
0.47078029486851336,2.0264675781575994,53.02617549710767
0.022133970005170284,0.9066480555326097,89.29793726568099
0.04593524108718822,2.5498599552447767,78.04239028664026
0.010111276636622406,1.2449528252678963,75.54069191806451
0.01050857670107691,1.6992559741791653,80.02971853310892
0.21089236633280745,7.205961969107026,86.36735345673962
0.015144138977136096,7.736123235150883,74.85313889342255
0.02358539839575116,1.3869737195680827,56.55764704764369
0.029759238611151918,1.0905828604969567,50.28272077628685
0.0732907016544099,7.604057322056749,54.15719077575955
0.11849381024551672,4.958764037923694,85.48333779997323
0.2048756052270659,7.134620224436032,76.00727970199883
0.03248441082895009,2.598364206580654,74.03268723605049
0.045705017436614453,5.737960973134118,93.29255032371275
0.04559435078716448,1.5497824473785924,53.83535691426975
0.01186866175701454,7.508829338299382,72.69789588538414
0.07218127471132876,5.960119235543523,78.5262786254312
0.0654522572853874,3.516887839321789,73.10789109513937
0.046993028855211505,5.02299323162571,86.90970782982599
0.2159750601037672,2.5484372277185154,98.50326733213724
0.04936117883621932,3.0625551968067275,69.29825580004797
0.024709863783774256,4.484679178844759,59.94525569107649
0.0866272279782416,3.5263321664824883,57.331492043029954
0.4824413407185788,3.466030909619468,77.23889833519044
0.2843981879974461,0.6591819184707071,79.07719399468934
0.28717766100820563,6.5545325340793825,57.09798787420441
0.520249995631789,0.7065847245748156,51.42564078664038
0.05126187953280786,2.2853567033893243,81.45417888998051
0.06307773011838083,1.42611967007203,67.22342460172386
0.130628651426612,5.855777614045058,67.50132371445925
0.06609102208434552,3.4425666405467394,56.658473351106494
0.04266772716294602,7.501076930112399,68.60174561417142
0.47078029486851336,2.0264675781575994,53.02617549710767
0.04733297466116014,1.69925334076106,88.42249127955071
0.041438873913917214,3.4892656117854175,86.86946931813826
0.010111276636622406,1.2449528252678963,75.54069191806451
0.01050857670107691,1.6992559741791653,80.02971853310892
0.15352112550990782,6.762435390574844,83.52313548472698
0.015144138977136096,7.736123235150883,74.85313889342255
0.02358539839575116,1.3869737195680827,56.55764704764369
0.029759238611151918,1.0905828604969567,50.28272077628685
0.0732907016544099,7.604057322056749,54.15719077575955
0.15005987842342478,4.930408220434896,84.85362589006448
0.2048756052270659,7.134620224436032,76.00727970199883
0.03248441082895009,2.598364206580654,74.03268723605049
0.045705017436614453,5.737960973134118,93.29255032371275
0.04587911861682132,0.9707065458952187,52.39855020392167
0.01186866175701454,7.508829338299382,72.69789588538414
0.07327826802257811,6.142092523268493,79.54504168515876
0.0654522572853874,3.516887839321789,73.10789109513937
0.07713721194436987,7.769131340139738,92.59409240371322
0.2159750601037672,2.5484372277185154,98.50326733213724
0.05906746267170672,4.039015842650067,78.7141696384263
0.03502843145433916,5.100634328232881,76.33457686427849
0.10761284674757747,5.84168297706809,57.961795833019146
0.41795952548181337,3.4694282052922145,78.64704623795957
0.2843981879974461,0.6591819184707071,79.07719399468934
0.1803380202339994,5.221849074836592,70.04170921504995
0.520249995631789,0.7065847245748156,51.42564078664038
0.07078443436936746,2.901642862576602,80.76194004474718
0.06307773011838083,1.42611967007203,67.22342460172386
0.130628651426612,5.855777614045058,67.50132371445925
0.06609102208434552,3.4425666405467394,56.658473351106494
0.029992556497892786,7.458452264653706,74.5804985210331
0.47078029486851336,2.0264675781575994,53.02617549710767
0.04733297466116014,1.69925334076106,88.42249127955071
0.04509746586388957,3.1404389888508053,83.54781218575046
0.010111276636622406,1.2449528252678963,75.54069191806451
0.01050857670107691,1.6992559741791653,80.02971853310892
0.15352112550990782,6.762435390574844,83.52313548472698
0.015144138977136096,7.736123235150883,74.85313889342255
0.02358539839575116,1.3869737195680827,56.55764704764369
0.029759238611151918,1.0905828604969567,50.28272077628685
0.0732907016544099,7.604057322056749,54.15719077575955
0.16371185532528293,4.454949223540357,90.31241860853766
0.2048756052270659,7.134620224436032,76.00727970199883
0.013534336564998417,0.2737653674810767,83.26268894256256
0.045705017436614453,5.737960973134118,93.29255032371275
0.04587911861682132,0.9707065458952187,52.39855020392167
0.05570372197399795,7.277854014769728,76.04782017987615
0.07752073532262121,5.953744106501151,81.06172758589956
0.0649710695904379,3.5728747164677754,85.49939641982672
0.07317117125975323,6.401193664546424,90.28129249569749
0.21734753129503862,2.448082045365184,97.12822195810921
0.05646322379327842,4.2918107635913305,78.25902786256108
0.03502843145433916,5.100634328232881,76.33457686427849
0.10761284674757747,5.84168297706809,57.961795833019146
0.41795952548181337,3.4694282052922145,78.64704623795957
0.2337431829872142,1.2492309322530972,80.70181887083098
0.2415950427439882,5.681760044654943,65.9781830755481
0.520249995631789,0.7065847245748156,51.42564078664038
0.07078443436936746,2.901642862576602,80.76194004474718
0.06307773011838083,1.42611967007203,67.22342460172386
0.1089699408330754,5.684696105144745,69.50254163662375
0.06609102208434552,3.4425666405467394,56.658473351106494
0.029992556497892786,7.458452264653706,74.5804985210331
0.47078029486851336,2.0264675781575994,53.02617549710767
0.04733297466116014,1.69925334076106,88.42249127955071
0.07935500035350788,4.996448004343344,91.38816876048107
0.010111276636622406,1.2449528252678963,75.54069191806451
0.01050857670107691,1.6992559741791653,80.02971853310892
0.14787922816563487,6.73707023942149,83.99767001866917
0.015144138977136096,7.736123235150883,74.85313889342255
0.02358539839575116,1.3869737195680827,56.55764704764369
0.029759238611151918,1.0905828604969567,50.28272077628685
0.0732907016544099,7.604057322056749,54.15719077575955
0.2043350137967068,4.0132799901556115,89.28652582895577
0.16995723208159155,6.245654344019703,78.37638998127082
0.013534336564998417,0.2737653674810767,83.26268894256256
0.045705017436614453,5.737960973134118,93.29255032371275
0.04587911861682132,0.9707065458952187,52.39855020392167
0.04277067801040581,7.3031041959017235,80.18557472225476
0.07786636456567952,5.818899669732684,83.2600539875084
0.09194957545211874,4.50098930578843,88.20885258130089
0.05349874893257292,6.882886692566523,83.12792151228021
0.19081525209045744,4.086190753129024,92.11322296614422
0.09745920551467027,4.997572564744921,78.30142107208793
0.05065356174193676,7.268142271257407,73.9798700119092
0.1208158257410608,7.150730623042929,55.21607292188875
0.41795952548181337,3.4694282052922145,78.64704623795957
0.2337431829872142,1.2492309322530972,80.70181887083098
0.2993988879306011,7.073149162952848,69.98886845898429
0.520249995631789,0.7065847245748156,51.42564078664038
0.124961845221357,2.7831048084769736,77.00527138993563
0.06307773011838083,1.42611967007203,67.22342460172386
0.1089699408330754,5.684696105144745,69.50254163662375
0.06609102208434552,3.4425666405467394,56.658473351106494
0.029992556497892786,7.458452264653706,74.5804985210331
0.2917514214670618,2.652929994668428,54.63305325837399
0.04733297466116014,1.69925334076106,88.42249127955071
0.06960670148443365,5.768017504839143,85.47552788906518
0.010111276636622406,1.2449528252678963,75.54069191806451
0.01050857670107691,1.6992559741791653,80.02971853310892
0.19208069302662648,7.982763141264977,74.38109394016661
0.015144138977136096,7.736123235150883,74.85313889342255
0.02358539839575116,1.3869737195680827,56.55764704764369
0.029759238611151918,1.0905828604969567,50.28272077628685
0.07228077857241293,7.477737275276541,54.20596376450251
0.1979675039359776,4.426764077897628,87.26573233600377
0.11847703205779156,6.741281910823201,77.20479869593863
0.013534336564998417,0.2737653674810767,83.26268894256256
0.045705017436614453,5.737960973134118,93.29255032371275
0.04810071757335288,0.9541855112883602,52.690148183992186
0.031818644890065945,5.400762784931187,80.13266613675474
0.08467481540919328,3.4519932981299415,80.12962402704999
0.100374949160934,5.398296889953341,94.33281421671305
0.05349874893257292,6.882886692566523,83.12792151228021
0.20041878433601706,3.091921967337489,98.437990056502
0.09745920551467027,4.997572564744921,78.30142107208793
0.05065356174193676,7.268142271257407,73.9798700119092
0.1208158257410608,7.150730623042929,55.21607292188875
0.4373696082933336,3.7033608322461125,78.43054369305617
0.2337431829872142,1.2492309322530972,80.70181887083098
0.2993988879306011,7.073149162952848,69.98886845898429
0.520249995631789,0.7065847245748156,51.42564078664038
0.09355175965708322,0.36599086033463113,76.04812988548807
0.06307773011838083,1.42611967007203,67.22342460172386
0.05587544819436521,7.190040755776847,52.70284363850106
0.06259248650659467,3.8345266087088605,54.18820455201756
0.03368944142187588,7.424399993858561,74.47302773468621
0.2489735629459134,2.4123383336268667,55.28958629367751
0.04733297466116014,1.69925334076106,88.42249127955071
0.09060972943771464,5.794428956614522,78.60650810042365
0.010111276636622406,1.2449528252678963,75.54069191806451
0.01050857670107691,1.6992559741791653,80.02971853310892
0.14314823763693033,6.927480318663925,76.41872010027102
0.015144138977136096,7.736123235150883,74.85313889342255
0.02358539839575116,1.3869737195680827,56.55764704764369
0.023168625684964674,1.1423639402116526,58.75512678521849
0.07228077857241293,7.477737275276541,54.20596376450251
0.2702386397595533,3.5060790630226033,93.09495126105269
0.11847703205779156,6.741281910823201,77.20479869593863
0.015482549348832801,0.4151714453417501,82.10807381254875
0.045705017436614453,5.737960973134118,93.29255032371275
0.04855808172951159,2.085385582598528,56.50438634960665
0.031818644890065945,5.400762784931187,80.13266613675474
0.07918401553385636,5.235476340737799,68.64493728515961
0.10217196606616723,6.723650524412465,99.14843407184395
0.05349874893257292,6.882886692566523,83.12792151228021
0.17462657883502114,3.757435972773413,95.75026654049171
0.138080942227367,7.105582356528622,88.98924208587158
0.049961170870427424,5.555649954841421,68.20560097033275
0.1208158257410608,7.150730623042929,55.21607292188875
0.5335767725541329,3.412650877678195,74.87999660271647
0.31596636450177107,1.6134573631916047,79.74562256825618
0.2993988879306011,7.073149162952848,69.98886845898429
0.520249995631789,0.7065847245748156,51.42564078664038
0.08443361057002778,1.3875466931775136,69.60992775930738
0.05887076330328892,0.8560474851110236,63.787944865231026
0.05587544819436521,7.190040755776847,52.70284363850106
0.06268082329243632,3.3960851273779182,56.56121764062079
0.02277104716012443,4.5628693734374925,74.96743341042252
0.2489735629459134,2.4123383336268667,55.28958629367751
0.04733297466116014,1.69925334076106,88.42249127955071
0.09060972943771464,5.794428956614522,78.60650810042365
0.010111276636622406,1.2449528252678963,75.54069191806451
0.01050857670107691,1.6992559741791653,80.02971853310892
0.14314823763693033,6.927480318663925,76.41872010027102
0.03693153673393605,7.5984852606705084,75.11961427062774
0.02358539839575116,1.3869737195680827,56.55764704764369
0.03169219387357306,2.7184199971802006,57.177870294375204
0.07228077857241293,7.477737275276541,54.20596376450251
0.18240716130277007,2.4404362931223362,89.30703911194638
0.10261056462675996,5.572232728516283,71.03756250303653
0.0488550400253351,2.1175236597206357,80.62084645910477
0.045705017436614453,5.737960973134118,93.29255032371275
0.062126512122247124,2.5893476797430868,55.3015636156681
0.031818644890065945,5.400762784931187,80.13266613675474
0.09496973561888783,7.684313391710482,80.99344788801932
0.10217196606616723,6.723650524412465,99.14843407184395
0.05393579224279695,6.9393682300888475,77.53315529109962
0.17462657883502114,3.757435972773413,95.75026654049171
0.138080942227367,7.105582356528622,88.98924208587158
0.03571976576028329,3.432373742423144,73.94802160785069
0.1208158257410608,7.150730623042929,55.21607292188875
0.9990573048643727,1.1940625505911466,57.31250019133737
0.31596636450177107,1.6134573631916047,79.74562256825618
0.24527316270627458,5.95729232018204,67.3531213794512
0.5013447514732344,1.06758207858471,52.520689072105554
0.08443361057002778,1.3875466931775136,69.60992775930738
0.06057565710518782,0.990560415289397,64.33036928611845
0.05830791911992651,7.188568316616997,52.796981636955316
0.06295371714184145,3.7932513751177863,57.18135999797339
0.02499915600838401,4.659199614123697,75.15340100157817
0.1897476098784767,3.8777279869050054,54.49619533131552
0.04833199549283307,1.132653259109441,89.7001849355704
0.08108596842588361,5.029033434698885,61.686218370917
0.010111276636622406,1.2449528252678963,75.54069191806451
0.01050857670107691,1.6992559741791653,80.02971853310892
0.14429705916475924,6.887102278957967,73.56881988607584
0.03693153673393605,7.5984852606705084,75.11961427062774
0.03118513675947339,1.8374812988769955,56.45278674177393
0.03169219387357306,2.7184199971802006,57.177870294375204
0.08050349368297677,7.354891072085576,54.17366663737498
0.17519150216843743,2.7112895518311486,87.21963042258028
0.1364456532242669,5.473693480294718,57.80511818380473
0.04084268402487463,1.1651983525554082,93.94163595180692
0.045705017436614453,5.737960973134118,93.29255032371275
0.062126512122247124,2.5893476797430868,55.3015636156681
0.018901130539652616,5.525336664467001,82.22955494716082
0.09496973561888783,7.684313391710482,80.99344788801932
0.09803061378414654,6.529831026287209,97.67793416075658
0.03172244321065253,6.591948113942005,97.06410627855888
0.12615508776242013,3.1254249805069776,89.919491491152
0.138080942227367,7.105582356528622,88.98924208587158
0.037208300058925364,3.683284893948219,76.08131527050706
0.1208158257410608,7.150730623042929,55.21607292188875
0.9990573048643727,1.1940625505911466,57.31250019133737
0.31596636450177107,1.6134573631916047,79.74562256825618
0.24527316270627458,5.95729232018204,67.3531213794512
0.43157871777064316,1.0776033376190852,58.24650126439636
0.06665899477142517,0.8825373734018411,69.85933075627543
0.06057565710518782,0.990560415289397,64.33036928611845
0.06792634498475371,7.260644085079936,53.39356644615416
0.05439235613502828,2.055765820788028,58.648612221813515
0.02499915600838401,4.659199614123697,75.15340100157817
0.1897476098784767,3.8777279869050054,54.49619533131552
0.04833199549283307,1.132653259109441,89.7001849355704
0.08108596842588361,5.029033434698885,61.686218370917
0.012503978422395243,1.2296179518640855,75.3002966652441
0.01050857670107691,1.6992559741791653,80.02971853310892
0.14429705916475924,6.887102278957967,73.56881988607584
0.01003479519507125,7.7488546814977886,88.04943838748095
0.03118513675947339,1.8374812988769955,56.45278674177393
0.03169219387357306,2.7184199971802006,57.177870294375204
0.06883600094499823,6.788233368790465,58.58378859530456
0.19895549783321204,2.5105915062890114,85.91122548502108
0.19892080380430743,3.844371600353857,61.82752246929371
0.038117360933988195,1.3549140419399492,83.36242535152437
0.045705017436614453,5.737960973134118,93.29255032371275
0.060370964347939704,2.9259516957102494,59.36300829143215
0.012160877563254326,7.004441874665587,95.43054439085674
0.09496973561888783,7.684313391710482,80.99344788801932
0.09803061378414654,6.529831026287209,97.67793416075658
0.034084529713766014,6.635576497920253,94.21486662020817
0.11894250503054293,3.0943486817225585,87.4195505944078
0.138080942227367,7.105582356528622,88.98924208587158
0.034815938556188246,3.924002266297811,76.8847607128264
0.1045589711551868,6.891456990549527,59.52511047800462
0.7540505539892544,1.344488437244793,65.3586710608196
0.31596636450177107,1.6134573631916047,79.74562256825618
0.24527316270627458,5.95729232018204,67.3531213794512
0.43157871777064316,1.0776033376190852,58.24650126439636
0.06665899477142517,0.8825373734018411,69.85933075627543
0.06057565710518782,0.990560415289397,64.33036928611845
0.07034901217934728,7.581219696526487,53.11473525255416
0.048299890238677284,1.6815834470976707,50.263185683209855
0.0227786426623712,4.3109792989098175,77.7282077432519
0.24444352114548779,1.9427439721752,51.267348142829626
0.04833199549283307,1.132653259109441,89.7001849355704
0.08277304610193471,5.162891605324191,61.530892828475054
0.012097682802705897,1.2163975609865636,75.71021025763406
0.01050857670107691,1.6992559741791653,80.02971853310892
0.14429705916475924,6.887102278957967,73.56881988607584
0.017429134225288054,6.222163542490574,81.67711993249671
0.03118513675947339,1.8374812988769955,56.45278674177393
0.03371001148465777,2.7330217778432364,57.331615028203764
0.043819725749831534,7.6106363796984695,53.329920435954016
0.2546171701568797,2.031287145238686,88.97220680240761
0.19953079558517434,3.821838566565722,61.71505554440097
0.04284656801438761,1.6887818770756573,78.26220805301301
0.045705017436614453,5.737960973134118,93.29255032371275
0.05902543060920215,2.9785014652403308,60.28557081345481
0.012160877563254326,7.004441874665587,95.43054439085674
0.09496973561888783,7.684313391710482,80.99344788801932
0.09803061378414654,6.529831026287209,97.67793416075658
0.034084529713766014,6.635576497920253,94.21486662020817
0.07649714832405838,3.4133809066890057,89.07276464312284
0.138080942227367,7.105582356528622,88.98924208587158
0.034815938556188246,3.924002266297811,76.8847607128264
0.10134888520314725,6.620830123910025,60.49975561652401
0.7540505539892544,1.344488437244793,65.3586710608196
0.4278545165364671,1.1696551525409826,88.63067283033533
0.28025035595879844,6.897869947939042,67.92555674493643
0.3976789035052388,1.234726269785613,64.55046618218749
0.08247215897588916,0.45685249033932385,75.8355592748724
0.044620403315910516,2.3922088458823376,69.98599886328286
0.07034901217934728,7.581219696526487,53.11473525255416
0.048299890238677284,1.6815834470976707,50.263185683209855
0.0227786426623712,4.3109792989098175,77.7282077432519
0.24444352114548779,1.9427439721752,51.267348142829626
0.032774505341576894,1.1686095407372734,83.6934781124099
0.10231591168222422,6.099581047864607,56.528156807077345
0.012097682802705897,1.2163975609865636,75.71021025763406
0.01050857670107691,1.6992559741791653,80.02971853310892
0.18395293993692424,7.19332650004694,52.90442361931903
0.01319361073434519,7.73536159693087,84.80370820465893
0.03118513675947339,1.8374812988769955,56.45278674177393
0.03362343858917104,2.5882491346031666,59.77117444158033
0.043819725749831534,7.6106363796984695,53.329920435954016
0.17776037465962985,2.787027942701857,85.2447084198048
0.13867368475143727,5.592870580991079,57.66347310446579
0.04284656801438761,1.6887818770756573,78.26220805301301
0.04288824690611073,4.981291104725842,86.14585520164503
0.05902543060920215,2.9785014652403308,60.28557081345481
0.01157044558409371,5.108690633023457,89.92722456572814
0.09496973561888783,7.684313391710482,80.99344788801932
0.12099870872038254,6.907356170520986,99.7369057948379
0.03363195374775237,6.659401984203669,94.01098549293846
0.11526555729779084,0.7665096360524819,91.68722399626346
0.138080942227367,7.105582356528622,88.98924208587158
0.059909430105188566,3.742726673880154,76.0349735295677
0.10139289091069234,6.619466807917425,60.51023898353981
0.8192770211753702,1.0798895707366918,64.25535891929326
0.4278545165364671,1.1696551525409826,88.63067283033533
0.32961339573861237,7.296451499376481,64.13637016790385
0.4070236743360988,1.2351704760232525,64.28000370809167
0.08247215897588916,0.45685249033932385,75.8355592748724
0.07593899310922153,3.5244865497431017,64.47372234640615
0.07034901217934728,7.581219696526487,53.11473525255416
0.048299890238677284,1.6815834470976707,50.263185683209855
0.0227786426623712,4.3109792989098175,77.7282077432519
0.24444352114548779,1.9427439721752,51.267348142829626
0.033762366614748976,0.9828584694055769,88.84233035034121
0.08981124114269208,6.0250701734508825,56.77117378118751
0.012097682802705897,1.2163975609865636,75.71021025763406
0.01050857670107691,1.6992559741791653,80.02971853310892
0.18335650341495574,7.185335644091438,52.930898453903964
0.01319361073434519,7.73536159693087,84.80370820465893
0.02874485513315258,1.7100653527615401,56.31453482404356
0.027798118775731143,2.104337219380154,57.75595044307404
0.17313515009671643,6.521567645823813,55.15184889285698
0.24489301286535117,2.300808436500347,98.93938700311611
0.09965703889128835,4.015850635713271,65.90297594391525
0.0416158537981489,1.6698748471350018,78.16006516409327
0.04288824690611073,4.981291104725842,86.14585520164503
0.07474886111917896,4.112101201651724,58.920849596177625
0.01157044558409371,5.108690633023457,89.92722456572814
0.055532867989007695,7.906949877621028,93.51454210818164
0.12099870872038254,6.907356170520986,99.7369057948379
0.03363195374775237,6.659401984203669,94.01098549293846
0.11526555729779084,0.7665096360524819,91.68722399626346
0.138080942227367,7.105582356528622,88.98924208587158
0.059909430105188566,3.742726673880154,76.0349735295677
0.10139289091069234,6.619466807917425,60.51023898353981
0.8192770211753702,1.0798895707366918,64.25535891929326
0.2820518510086808,1.3663080312939282,73.89213058091222
0.2920604499256415,7.110488452280443,61.980190315469564
0.4070236743360988,1.2351704760232525,64.28000370809167
0.08247215897588916,0.45685249033932385,75.8355592748724
0.07593899310922153,3.5244865497431017,64.47372234640615
0.07454959186483986,7.869989902021813,50.94130558228517
0.048299890238677284,1.6815834470976707,50.263185683209855
0.011740068593438867,3.0990932846029917,72.40802021243896
0.2843373219590618,0.6065543058001905,51.524030973773016
0.033762366614748976,0.9828584694055769,88.84233035034121
0.09979903790070545,6.787418078636113,50.33668336077202
0.012097682802705897,1.2163975609865636,75.71021025763406
0.01050857670107691,1.6992559741791653,80.02971853310892
0.18698618950039025,7.210394645007668,52.5952540622447
0.01319361073434519,7.73536159693087,84.80370820465893
0.02874485513315258,1.7100653527615401,56.31453482404356
0.027798118775731143,2.104337219380154,57.75595044307404
0.17313515009671643,6.521567645823813,55.15184889285698
0.24489301286535117,2.300808436500347,98.93938700311611
0.12734851176237777,5.274473791851763,74.33585898115983
0.0416158537981489,1.6698748471350018,78.16006516409327
0.04288824690611073,4.981291104725842,86.14585520164503
0.07447865859516324,4.245510742293217,57.66014889642065
0.01157044558409371,5.108690633023457,89.92722456572814
0.055532867989007695,7.906949877621028,93.51454210818164
0.12099870872038254,6.907356170520986,99.7369057948379
0.02866076894942572,6.512324671557359,99.24362715783508
0.11526555729779084,0.7665096360524819,91.68722399626346
0.138080942227367,7.105582356528622,88.98924208587158
0.0625410651631716,4.209943879513908,81.87688812594327
0.10139289091069234,6.619466807917425,60.51023898353981
0.5379508114600312,3.427691387746051,78.55035980832281
0.19448237624781423,3.440764350347248,77.44612662116353
0.2920604499256415,7.110488452280443,61.980190315469564
0.4070236743360988,1.2351704760232525,64.28000370809167
0.08289194846737227,0.5437911264537982,75.5929277216615
0.07635767706352727,3.2354117404313056,66.69148502157039
0.07454959186483986,7.869989902021813,50.94130558228517
0.03134928147886765,2.338798214223413,60.530424670262576
0.011740068593438867,3.0990932846029917,72.40802021243896
0.18358180426074028,1.0654438848078214,50.98582345701494
0.033762366614748976,0.9828584694055769,88.84233035034121
0.09979903790070545,6.787418078636113,50.33668336077202
0.012097682802705897,1.2163975609865636,75.71021025763406
0.01050857670107691,1.6992559741791653,80.02971853310892
0.18698618950039025,7.210394645007668,52.5952540622447
0.01319361073434519,7.73536159693087,84.80370820465893
0.014272700236508187,0.6759216577430482,57.53209006084947
0.027798118775731143,2.104337219380154,57.75595044307404
0.17313515009671643,6.521567645823813,55.15184889285698
0.24489301286535117,2.300808436500347,98.93938700311611
0.11979305384450603,5.2336588862471904,76.6723723737242
0.03774622598788696,1.6250469596373485,78.17813763932374
0.053231931953314104,5.270922360741478,81.61345021631954
0.07447865859516324,4.245510742293217,57.66014889642065
0.01157044558409371,5.108690633023457,89.92722456572814
0.055532867989007695,7.906949877621028,93.51454210818164
0.12099870872038254,6.907356170520986,99.7369057948379
0.02866076894942572,6.512324671557359,99.24362715783508
0.117824850874761,1.0210281541052275,90.07144019147265
0.13549114092718653,7.084058289869714,86.37436572059505
0.049910349180227936,4.856149538002656,98.28348809054637
0.10244324382901297,6.701889091462399,60.21866787080038
0.6373813048601438,3.049589001303385,77.92202738003735
0.13252909045163302,1.1108201578553354,87.2656028204556
0.2920604499256415,7.110488452280443,61.980190315469564
0.2779973090612168,3.508227455039048,62.68854412113843
0.07857233551456035,1.706330048048934,78.42249787847038
0.07635767706352727,3.2354117404313056,66.69148502157039
0.07454959186483986,7.869989902021813,50.94130558228517
0.03110913765416889,2.4737377368866635,57.71289900014511
0.011740068593438867,3.0990932846029917,72.40802021243896
0.18358180426074028,1.0654438848078214,50.98582345701494
0.033762366614748976,0.9828584694055769,88.84233035034121
0.09979903790070545,6.787418078636113,50.33668336077202
0.012097682802705897,1.2163975609865636,75.71021025763406
0.02906347247732466,2.7565953167297312,73.85939344461602
0.15546369911162422,7.057467585188813,51.778668453892536
0.01319361073434519,7.73536159693087,84.80370820465893
0.014272700236508187,0.6759216577430482,57.53209006084947
0.028744495018174554,2.2042837421402166,57.77161399882629
0.17313515009671643,6.521567645823813,55.15184889285698
0.24489301286535117,2.300808436500347,98.93938700311611
0.11979305384450603,5.2336588862471904,76.6723723737242
0.05066699566833312,1.8309091297379205,79.42138646857119
0.053231931953314104,5.270922360741478,81.61345021631954
0.08789986540453484,4.793806674756381,57.643824758271535
0.023526855908687944,5.184887516957283,88.94729386734501
0.056758527637630674,7.895752541007744,93.42764770018387
0.12099870872038254,6.907356170520986,99.7369057948379
0.06808754516096704,6.314292218604047,96.07034470644635
0.17769919269631382,0.9103885251206036,98.20434685790819
0.12461133889596472,6.8008264376147185,87.88836075506224
0.049910349180227936,4.856149538002656,98.28348809054637
0.11696674021377244,7.562733142159313,60.72883792949298
0.42742889352108526,4.509395762411572,67.14858887504437
0.1372224811348866,1.033563612307708,87.8429105816692
0.21910111183356876,6.431260673664602,72.91830088439193
0.19433999425113607,3.8112912770759433,60.62159821057734
0.028261559723314844,0.014755328897372522,80.39305813049523
0.05915506639142515,2.8628658876712523,63.46874161611028
0.07454959186483986,7.869989902021813,50.94130558228517
0.03110913765416889,2.4737377368866635,57.71289900014511
0.011740068593438867,3.0990932846029917,72.40802021243896
0.16444119174706343,1.8147112359290745,54.78476641538701
0.0350690878900592,1.0034376242351895,90.9415841973456
0.09979903790070545,6.787418078636113,50.33668336077202
0.012097682802705897,1.2163975609865636,75.71021025763406
0.02906347247732466,2.7565953167297312,73.85939344461602
0.15546369911162422,7.057467585188813,51.778668453892536
0.01319361073434519,7.73536159693087,84.80370820465893
0.014272700236508187,0.6759216577430482,57.53209006084947
0.028744495018174554,2.2042837421402166,57.77161399882629
0.1595783121323569,6.272806945831766,58.91173646946548
0.2240906864382476,3.4072641629300096,87.96924063143132
0.16126861898150438,4.366829039553364,61.11229211350148
0.060174782843801844,2.3352987619835393,72.39918901866254
0.052588349232217654,4.407769116436436,81.06342705985612
0.06389661275456293,5.17497023212585,51.329996225513156
0.019763597688143272,4.51893995369576,83.66667278893304
0.056758527637630674,7.895752541007744,93.42764770018387
0.07985671395806168,4.8099584100257795,81.021925242904
0.06808754516096704,6.314292218604047,96.07034470644635
0.17769919269631382,0.9103885251206036,98.20434685790819
0.12669000252884058,6.888809523674381,88.19356384591158
0.049910349180227936,4.856149538002656,98.28348809054637
0.11570004354977395,7.571908702701648,60.436554382494535
0.42613313513667356,4.493876330520759,67.24098807684211
0.1372224811348866,1.033563612307708,87.8429105816692
0.14320610287252677,4.519301608444003,73.9419167147801
0.16922901335467855,3.9169559670860137,64.24282160910923
0.028261559723314844,0.014755328897372522,80.39305813049523
0.027997508426035114,0.2680770692067709,65.13954518242402
0.07454959186483986,7.869989902021813,50.94130558228517
0.03154534445201021,2.491952039277573,57.87998204018348
0.011740068593438867,3.0990932846029917,72.40802021243896
0.16444119174706343,1.8147112359290745,54.78476641538701
0.029587519328105133,0.7277975439161528,92.72467237343264
0.09979903790070545,6.787418078636113,50.33668336077202
0.05474477370895531,1.5582565822281353,78.51272764072385
0.02906347247732466,2.7565953167297312,73.85939344461602
0.15546369911162422,7.057467585188813,51.778668453892536
0.01319361073434519,7.73536159693087,84.80370820465893
0.014272700236508187,0.6759216577430482,57.53209006084947
0.028744495018174554,2.2042837421402166,57.77161399882629
0.1595783121323569,6.272806945831766,58.91173646946548
0.20550647276772754,3.912668213386008,82.34238240310256
0.16126861898150438,4.366829039553364,61.11229211350148
0.10000023465354085,3.912838750237813,66.99551879308198
0.04760862868374245,4.244278275804017,80.10205333570758
0.06389661275456293,5.17497023212585,51.329996225513156
0.019763597688143272,4.51893995369576,83.66667278893304
0.05219454504933359,7.0488495847087815,90.20291421657686
0.09792892575866127,5.263872673468915,83.30730373310288
0.09272607251852302,5.725543890596964,88.81232624786676
0.17195702783979097,2.4978298479116354,86.21523143951566
0.12751837218705725,6.882630842215892,88.21830519243855
0.049910349180227936,4.856149538002656,98.28348809054637
0.11570004354977395,7.571908702701648,60.436554382494535
0.42613313513667356,4.493876330520759,67.24098807684211
0.13094511341880488,1.3083911413659477,88.59354331419152
0.13013091528423543,3.1189156947562022,85.9453319579199
0.16922901335467855,3.9169559670860137,64.24282160910923
0.028261559723314844,0.014755328897372522,80.39305813049523
0.027997508426035114,0.2680770692067709,65.13954518242402
0.07454959186483986,7.869989902021813,50.94130558228517
0.13297815139222274,3.006567050021453,60.286323899963335
0.011740068593438867,3.0990932846029917,72.40802021243896
0.1662005543220749,1.9746206998114535,62.14224244285994
0.029817688192694963,1.2100888598860577,88.20428786316363
0.09979903790070545,6.787418078636113,50.33668336077202
0.05474477370895531,1.5582565822281353,78.51272764072385
0.030541794823868172,2.727367665920079,73.98324886568014
0.1536411636375816,6.6301225542346565,54.51522170561559
0.01319361073434519,7.73536159693087,84.80370820465893
0.014272700236508187,0.6759216577430482,57.53209006084947
0.028744495018174554,2.2042837421402166,57.77161399882629
0.1709097094145164,6.782400001452761,56.793076530805536
0.19140052435610558,4.038407813400973,79.2531969501849
0.16126861898150438,4.366829039553364,61.11229211350148
0.10216624618933719,3.9129675686187797,66.9093931388829
0.04760862868374245,4.244278275804017,80.10205333570758
0.06389661275456293,5.17497023212585,51.329996225513156
0.019763597688143272,4.51893995369576,83.66667278893304
0.05219454504933359,7.0488495847087815,90.20291421657686
0.12200776072705216,6.984028541591421,89.56283917873262
0.09272607251852302,5.725543890596964,88.81232624786676
0.1742288617220997,2.7043181200333977,95.71581054975294
0.12751837218705725,6.882630842215892,88.21830519243855
0.049910349180227936,4.856149538002656,98.28348809054637
0.11570004354977395,7.571908702701648,60.436554382494535
0.42613313513667356,4.493876330520759,67.24098807684211
0.13160481833275184,1.2851501902322422,88.66076330413165
0.13013091528423543,3.1189156947562022,85.9453319579199
0.1489714169254471,4.754471213792815,60.18542515056282
0.028261559723314844,0.014755328897372522,80.39305813049523
0.027997508426035114,0.2680770692067709,65.13954518242402
0.07454959186483986,7.869989902021813,50.94130558228517
0.09581114448571698,3.034932091107038,64.00237714135348
0.011740068593438867,3.0990932846029917,72.40802021243896
0.1485338303240324,2.5272845661137255,60.27509082783942
0.029817688192694963,1.2100888598860577,88.20428786316363
0.09979903790070545,6.787418078636113,50.33668336077202
0.05474477370895531,1.5582565822281353,78.51272764072385
0.03052376681179421,2.6895921236764835,74.33730868465399
0.1536411636375816,6.6301225542346565,54.51522170561559
0.01319361073434519,7.73536159693087,84.80370820465893
0.014272700236508187,0.6759216577430482,57.53209006084947
0.028899387047154404,2.9065320599707327,50.51622923547744
0.1722361840724052,6.802264372148111,56.55723093745493
0.14840385920615806,3.7389214001517046,71.64959614642568
0.16047018802405844,4.274844433859737,62.00892557283528
0.08373876908127247,1.7544345131348864,51.42077143118178
0.0436030670922645,4.11277036779577,79.328748563478
0.06389661275456293,5.17497023212585,51.329996225513156
0.019763597688143272,4.51893995369576,83.66667278893304
0.05219454504933359,7.0488495847087815,90.20291421657686
0.12200776072705216,6.984028541591421,89.56283917873262
0.1241905681352038,4.698265897100149,87.73281723900081
0.1742288617220997,2.7043181200333977,95.71581054975294
0.09835976768137272,5.920169155181451,85.12939232151541
0.04997058181357724,4.913969491074351,98.07040905910878
0.11570004354977395,7.571908702701648,60.436554382494535
0.44130588477871235,4.501154227788879,67.5920700973173
0.13130981337930434,0.9153735383969397,94.75586173477083
0.13013091528423543,3.1189156947562022,85.9453319579199
0.1419371166096252,5.350139483757607,60.238519395141886
0.028261559723314844,0.014755328897372522,80.39305813049523
0.027997508426035114,0.2680770692067709,65.13954518242402
0.07454959186483986,7.869989902021813,50.94130558228517
0.0904241224791008,2.8790787235896373,63.57490296996422
0.011740068593438867,3.0990932846029917,72.40802021243896
0.15132433704814457,1.33317550364605,60.29056108064575
0.02926101665320406,1.190960142668612,87.10590556667634
0.08554448760615063,6.007156338634477,50.372781503292565
0.05168644895363132,1.494942526106822,78.2111958564355
0.043742501530725245,2.4014120672011217,75.69501536275538
0.1536411636375816,6.6301225542346565,54.51522170561559
0.03578834546185526,7.316750494592629,80.49246997241805
0.014272700236508187,0.6759216577430482,57.53209006084947
0.028899387047154404,2.9065320599707327,50.51622923547744
0.1728369394423608,6.638008496708883,56.83658968689147
0.09369036317050544,3.596537875450404,72.40753366825909
0.18088967236169745,4.436265888163138,60.58121105924566
0.08373876908127247,1.7544345131348864,51.42077143118178
0.06643229205688515,6.7878338184856615,96.29412860392098
0.05652893695882999,6.44506395633092,51.29629009626766
0.019763597688143272,4.51893995369576,83.66667278893304
0.05219454504933359,7.0488495847087815,90.20291421657686
0.12200776072705216,6.984028541591421,89.56283917873262
0.12496728613974466,3.884912875915979,87.08163244643218
0.1742288617220997,2.7043181200333977,95.71581054975294
0.11270362557426046,6.9018815741743005,84.71909800084902
0.03539420479339694,3.183463917099971,81.5175550695169
0.11663856715254343,7.282304642889787,62.09553869562945
0.44130588477871235,4.501154227788879,67.5920700973173
0.13130981337930434,0.9153735383969397,94.75586173477083
0.13013091528423543,3.1189156947562022,85.9453319579199
0.1610439506830303,4.986324492270065,51.1144859754433
0.028261559723314844,0.014755328897372522,80.39305813049523
0.027997508426035114,0.2680770692067709,65.13954518242402
0.07454959186483986,7.869989902021813,50.94130558228517
0.0904241224791008,2.8790787235896373,63.57490296996422
0.011428419194344624,3.044111573705641,72.0842726448631
0.15132433704814457,1.33317550364605,60.29056108064575
0.03628202996117162,2.248113122601966,88.84140254708612
0.08554448760615063,6.007156338634477,50.372781503292565
0.053102524105165416,0.9763827113817163,78.00799831207733
0.05027389427330961,3.286369502924036,80.07367217587559
0.1536411636375816,6.6301225542346565,54.51522170561559
0.03578834546185526,7.316750494592629,80.49246997241805
0.029213595256350346,1.1081806683256021,58.717688840764744
0.03944088082555448,3.093860544287603,65.09338872574881
0.1728369394423608,6.638008496708883,56.83658968689147
0.09369036317050544,3.596537875450404,72.40753366825909
0.18088967236169745,4.436265888163138,60.58121105924566
0.08373876908127247,1.7544345131348864,51.42077143118178
0.0651394095252759,6.7832696333088744,96.45072227233756
0.07594335207693981,5.718806873348652,61.44778410284014
0.02212728841261011,4.931624066901094,83.19846986549726
0.05219454504933359,7.0488495847087815,90.20291421657686
0.12200776072705216,6.984028541591421,89.56283917873262
0.18429463563074744,4.349506779623123,90.76691331623776
0.1742288617220997,2.7043181200333977,95.71581054975294
0.11144483764167071,6.776733778593287,84.5773581488261
0.06255765563880128,3.3961815553342123,83.20488724628395
0.11663856715254343,7.282304642889787,62.09553869562945
0.44130588477871235,4.501154227788879,67.5920700973173
0.13130981337930434,0.9153735383969397,94.75586173477083
0.14805856744770085,2.214915577838605,84.96596310149911
0.1632076063061188,4.611845217849254,58.43360298931217
0.028261559723314844,0.014755328897372522,80.39305813049523
0.027997508426035114,0.2680770692067709,65.13954518242402
0.07454959186483986,7.869989902021813,50.94130558228517
0.10860364335595013,3.0909407293281603,55.09106285249768
0.011428419194344624,3.044111573705641,72.0842726448631
0.15132433704814457,1.33317550364605,60.29056108064575
0.03628202996117162,2.248113122601966,88.84140254708612
0.08554448760615063,6.007156338634477,50.372781503292565
0.053102524105165416,0.9763827113817163,78.00799831207733
0.06855465093408966,5.17708055191992,98.61108868104745
0.12184577371162104,6.219485869694388,61.449813649062186
0.03578834546185526,7.316750494592629,80.49246997241805
0.029213595256350346,1.1081806683256021,58.717688840764744
0.057399184900228085,0.12233188880229129,67.94194439184297
0.1728369394423608,6.638008496708883,56.83658968689147
0.09369036317050544,3.596537875450404,72.40753366825909
0.17676862658247344,4.575155632233405,62.00520783423742
0.08373876908127247,1.7544345131348864,51.42077143118178
0.0651394095252759,6.7832696333088744,96.45072227233756
0.019401113243727064,6.409805266631772,61.914670220089356
0.02212728841261011,4.931624066901094,83.19846986549726
0.05219454504933359,7.0488495847087815,90.20291421657686
0.12200776072705216,6.984028541591421,89.56283917873262
0.18431645787243173,4.353250223502844,90.75508241531044
0.17476222512647438,2.714292383344223,95.93489770144454
0.11144483764167071,6.776733778593287,84.5773581488261
0.06255765563880128,3.3961815553342123,83.20488724628395
0.15704611094599505,7.6448764229876645,62.17069955754481
0.44130588477871235,4.501154227788879,67.5920700973173
0.13130981337930434,0.9153735383969397,94.75586173477083
0.14805856744770085,2.214915577838605,84.96596310149911
0.1632076063061188,4.611845217849254,58.43360298931217
0.028261559723314844,0.014755328897372522,80.39305813049523
0.02788210181582256,0.1883512583643503,65.74897919090742
0.07351661526241222,7.484619328099042,53.72046687377525
0.10860364335595013,3.0909407293281603,55.09106285249768
0.021316933513865627,2.9231744077888315,71.25063655688989
0.15132433704814457,1.33317550364605,60.29056108064575
0.03709768482983797,2.047027807391533,90.14245276179953
0.06598659848565468,5.776004084507868,61.477583388123044
0.053102524105165416,0.9763827113817163,78.00799831207733
0.06855465093408966,5.17708055191992,98.61108868104745
0.09808131250663552,4.908198407925126,60.74889659090065
0.03578834546185526,7.316750494592629,80.49246997241805
0.029213595256350346,1.1081806683256021,58.717688840764744
0.057399184900228085,0.12233188880229129,67.94194439184297
0.1571755776326254,6.418602867540336,63.11038318075033
0.07527430665441859,4.319760769017097,76.27932728171213
0.17676862658247344,4.575155632233405,62.00520783423742
0.08407713550337877,1.7754010068239992,51.208535347830036
0.08177579833594388,6.850312539993804,94.4225042479075
0.019401113243727064,6.409805266631772,61.914670220089356
0.024107888295977646,5.28104482788164,85.25595624745347
0.05219454504933359,7.0488495847087815,90.20291421657686
0.12296208860421104,7.016288981550833,89.40129578541101
0.18431645787243173,4.353250223502844,90.75508241531044
0.17476222512647438,2.714292383344223,95.93489770144454
0.13790772687445246,6.8822269953432595,91.09295934052079
0.033207850149796186,1.637213817492789,80.19412501534086
0.15704611094599505,7.6448764229876645,62.17069955754481
0.3771468699333021,3.759015285690266,73.21408363786806
0.13130981337930434,0.9153735383969397,94.75586173477083
0.14805856744770085,2.214915577838605,84.96596310149911
0.2272874529006485,6.670478418855279,55.25546944940821
0.028261559723314844,0.014755328897372522,80.39305813049523
0.02788210181582256,0.1883512583643503,65.74897919090742
0.07202123396750384,7.503674083620986,53.5526246628706
0.17140328312042044,4.659356677560437,52.222305230158035
0.016103962023401697,2.590247805781005,72.39115658487185
0.15132433704814457,1.33317550364605,60.29056108064575
0.0367763095754659,2.0131692796950484,89.32052930667199
0.06598659848565468,5.776004084507868,61.477583388123044
0.053102524105165416,0.9763827113817163,78.00799831207733
0.054255104311222525,5.210528252561956,94.31443516673754
0.09389408057511783,4.626669677017188,61.04714076369039
0.03261440159647437,7.678753985229595,78.11684239240438
0.029213595256350346,1.1081806683256021,58.717688840764744
0.057399184900228085,0.12233188880229129,67.94194439184297
0.1571755776326254,6.418602867540336,63.11038318075033
0.04399586278984874,3.518204041323291,81.30860306581071
0.17375738891533168,4.243253734606089,67.89654037099287
0.08407713550337877,1.7754010068239992,51.208535347830036
0.09219140798175181,7.968284440526284,97.47384262050942
0.02200679576153055,6.554015789412344,64.86866802701286
0.038103209335555804,5.434136486060234,86.10849075784489
0.05219454504933359,7.0488495847087815,90.20291421657686
0.16841769695781433,6.859617254837712,94.046686501106
0.18903346891259998,3.6096349807168138,89.77849481229256
0.1870748216193145,2.45924401109283,96.10046552172464
0.11234462804119116,7.123340350089913,76.52779972648904
0.033207850149796186,1.637213817492789,80.19412501534086
0.15704611094599505,7.6448764229876645,62.17069955754481
0.3771468699333021,3.759015285690266,73.21408363786806
0.13130981337930434,0.9153735383969397,94.75586173477083
0.16375196021710992,3.140444478548032,87.47165006001684
0.19976079581033995,5.609495301943307,57.311033671325696
0.028261559723314844,0.014755328897372522,80.39305813049523
0.02788210181582256,0.1883512583643503,65.74897919090742
0.05183507155242126,3.932252394589356,66.06379395429177
0.17140328312042044,4.659356677560437,52.222305230158035
0.018939032659579327,4.494005004027357,68.77818231395352
0.15515229500660424,1.5642651824985605,63.28396254669722
0.0367763095754659,2.0131692796950484,89.32052930667199
0.06315052984293455,4.964059315981169,65.20203816308695
0.022449575510618047,0.02208611514622838,84.68933773115008
0.054255104311222525,5.210528252561956,94.31443516673754
0.09389408057511783,4.626669677017188,61.04714076369039
0.03261440159647437,7.678753985229595,78.11684239240438
0.029213595256350346,1.1081806683256021,58.717688840764744
0.057399184900228085,0.12233188880229129,67.94194439184297
0.1292126850554759,6.446616266310741,63.47412641787558
0.04473560710173914,3.6995080349936953,81.38843149305977
0.24562773647040087,6.221007214468406,81.27041784551388
0.08407713550337877,1.7754010068239992,51.208535347830036
0.09219140798175181,7.968284440526284,97.47384262050942
0.015292236189658609,6.657526236365857,64.31909834547065
0.038103209335555804,5.434136486060234,86.10849075784489
0.05219454504933359,7.0488495847087815,90.20291421657686
0.16841769695781433,6.859617254837712,94.046686501106
0.18903346891259998,3.6096349807168138,89.77849481229256
0.18609796858552322,1.8854996148578942,99.25347642277826
0.11234462804119116,7.123340350089913,76.52779972648904
0.033207850149796186,1.637213817492789,80.19412501534086
0.15704611094599505,7.6448764229876645,62.17069955754481
0.3265309973058478,4.1573690615067385,72.02466423886803
0.1245093469980177,1.1180955686319982,93.7085190148347
0.12554167642220113,4.9579406250249205,73.34273557889725
0.25276955346929664,5.002291029476788,63.46351483675089
0.02972334818650998,0.020152274366484688,79.76840549300049
0.02788210181582256,0.1883512583643503,65.74897919090742
0.05463912167912875,4.024178603326406,60.01107657950441
0.1504355414648328,5.115516724443303,56.134361870050455
0.018939032659579327,4.494005004027357,68.77818231395352
0.16258578114061203,1.1926523048135946,63.55539363332846
0.03423137423160012,1.8967223417990846,90.58027639649316
0.06315052984293455,4.964059315981169,65.20203816308695
0.022449575510618047,0.02208611514622838,84.68933773115008
0.05147501788675769,5.2514772742741505,96.64764258695101
0.09389408057511783,4.626669677017188,61.04714076369039
0.03261440159647437,7.678753985229595,78.11684239240438
0.029213595256350346,1.1081806683256021,58.717688840764744
0.057399184900228085,0.12233188880229129,67.94194439184297
0.140989669732888,5.974139254954077,54.36027824856389
0.04473560710173914,3.6995080349936953,81.38843149305977
0.24562773647040087,6.221007214468406,81.27041784551388
0.08407713550337877,1.7754010068239992,51.208535347830036
0.09219140798175181,7.968284440526284,97.47384262050942
0.017700846076947357,6.615272702770618,64.6720471135514
0.029126474374875626,5.558411182630757,81.54787491854681
0.05219454504933359,7.0488495847087815,90.20291421657686
0.16841769695781433,6.859617254837712,94.046686501106
0.13755172539152855,3.8773034108003923,83.42242152901584
0.18609796858552322,1.8854996148578942,99.25347642277826
0.11222701345189849,7.142638801680382,76.55618562012029
0.023532694075650423,0.5622348990287733,85.03840687852843
0.1322212498983934,6.2389359983322,66.32401644518022
0.3265309973058478,4.1573690615067385,72.02466423886803
0.1245093469980177,1.1180955686319982,93.7085190148347
0.12554167642220113,4.9579406250249205,73.34273557889725
0.2582945189676315,5.196877258244907,63.47367718123091
0.02972334818650998,0.020152274366484688,79.76840549300049
0.02788210181582256,0.1883512583643503,65.74897919090742
0.05463912167912875,4.024178603326406,60.01107657950441
0.1504355414648328,5.115516724443303,56.134361870050455
0.018939032659579327,4.494005004027357,68.77818231395352
0.11760562523554839,2.876128304626185,63.90206354493996
0.043566858079238754,1.8162059385004912,90.90376237585363
0.09110788322957228,4.475684107813244,51.770766426486
0.022449575510618047,0.02208611514622838,84.68933773115008
0.05147501788675769,5.2514772742741505,96.64764258695101
0.09335898260593788,4.029225392739662,56.034272026493426
0.03261440159647437,7.678753985229595,78.11684239240438
0.029213595256350346,1.1081806683256021,58.717688840764744
0.068093711026883,1.4916886129365627,69.62220841671311
0.14178169121364936,6.0371420245457905,56.823564919723694
0.04430525923521364,3.506265779821167,80.8798746634893
0.20263618089942387,6.295373545798611,78.13963421362637
0.08407713550337877,1.7754010068239992,51.208535347830036
0.09219140798175181,7.968284440526284,97.47384262050942
0.017700846076947357,6.615272702770618,64.6720471135514
0.029126474374875626,5.558411182630757,81.54787491854681
0.05219454504933359,7.0488495847087815,90.20291421657686
0.15519614411576843,7.104218746478502,98.5442048737398
0.0947941450907858,5.63160415881112,69.47906450835872
0.18609796858552322,1.8854996148578942,99.25347642277826
0.11222701345189849,7.142638801680382,76.55618562012029
0.023532694075650423,0.5622348990287733,85.03840687852843
0.1751017945613495,5.804961667147877,53.529035765670635
0.22252837877645337,2.707671317654622,74.73810295931035
0.1245093469980177,1.1180955686319982,93.7085190148347
0.12554167642220113,4.9579406250249205,73.34273557889725
0.254627481789057,5.194111126864592,63.224151896136476
0.02972334818650998,0.020152274366484688,79.76840549300049
0.02788210181582256,0.1883512583643503,65.74897919090742
0.05463912167912875,4.024178603326406,60.01107657950441
0.1503646401826422,5.12306763110102,56.14000853350004
0.018939032659579327,4.494005004027357,68.77818231395352
0.06578475148300467,0.792309439885317,55.22514327310917
0.043566858079238754,1.8162059385004912,90.90376237585363
0.09110788322957228,4.475684107813244,51.770766426486
0.022449575510618047,0.02208611514622838,84.68933773115008
0.05147501788675769,5.2514772742741505,96.64764258695101
0.09662461304123249,3.7240387812752713,59.983829920693054
0.025447517204251424,7.866350366031677,78.24434767278446
0.02643464816293293,0.9710993098291205,52.4861165075233
0.0910013761712791,2.2292458376265287,62.06038806195047
0.18367962307661023,7.328180926194906,61.00130121799964
0.04430525923521364,3.506265779821167,80.8798746634893
0.15019561917623886,5.439756287368108,65.74100294557431
0.08407713550337877,1.7754010068239992,51.208535347830036
0.09219140798175181,7.968284440526284,97.47384262050942
0.013454902824812563,5.929558197155804,57.233081778840486
0.03004108448699163,5.473810475499275,82.8987680474241
0.05219454504933359,7.0488495847087815,90.20291421657686
0.14261889103174094,6.505614502532399,94.56819251221216
0.10547103176344105,5.657622161028651,67.26634046827164
0.16785630351253572,1.8658136166937804,90.6628807859542
0.11222701345189849,7.142638801680382,76.55618562012029
0.023532694075650423,0.5622348990287733,85.03840687852843
0.1751017945613495,5.804961667147877,53.529035765670635
0.22592167648983869,2.3782392071777743,74.63574360674156
0.14734868153794917,1.363364847626802,95.7268666518348
0.17105996160496234,7.704388589123162,76.29065575732551
0.254627481789057,5.194111126864592,63.224151896136476
0.02972334818650998,0.020152274366484688,79.76840549300049
0.02788210181582256,0.1883512583643503,65.74897919090742
0.051591150663722635,4.257013908559795,60.9224794579812
0.14391164887220997,4.923258708604001,58.240522205642705
0.018939032659579327,4.494005004027357,68.77818231395352
0.07323567482320426,1.705750353348983,57.485824712422826
0.04030948068912543,1.6123213685678266,89.95010759003168
0.09110788322957228,4.475684107813244,51.770766426486
0.022449575510618047,0.02208611514622838,84.68933773115008
0.04525766523987278,5.106730705468026,91.32202354127867
0.09662461304123249,3.7240387812752713,59.983829920693054
0.026085608301847352,7.777462148993115,78.6655837248284
0.02643464816293293,0.9710993098291205,52.4861165075233
0.0910013761712791,2.2292458376265287,62.06038806195047
0.18367962307661023,7.328180926194906,61.00130121799964
0.05269539399802177,3.27681694953671,77.49847939736983
0.1729427961236896,6.700428543212306,70.74070338584129
0.08407713550337877,1.7754010068239992,51.208535347830036
0.08495160949524232,6.761391088289775,92.9874703958745
0.013454902824812563,5.929558197155804,57.233081778840486
0.03004108448699163,5.473810475499275,82.8987680474241
0.05219454504933359,7.0488495847087815,90.20291421657686
0.14261889103174094,6.505614502532399,94.56819251221216
0.11984662956148343,5.382993020716791,63.890964553399016
0.10382741805739634,1.2874834826235726,88.16759399975811
0.10945435431448013,7.138307053605594,77.18647332518519
0.023532694075650423,0.5622348990287733,85.03840687852843
0.17088306096117198,5.685703811360426,54.16630454758633
0.37216024389276453,3.830088396805655,78.34030143927161
0.13365825363665418,1.5737436969356295,87.54708778173583
0.14469031443060482,6.294300209223847,70.51376007344845
0.34119397938173074,4.3278025086062355,57.48418365886774
0.04806621350626191,0.6124990581230103,70.13025739913469
0.02788210181582256,0.1883512583643503,65.74897919090742
0.051591150663722635,4.257013908559795,60.9224794579812
0.09846289704316685,2.8791483678107754,63.87849152633965
0.018939032659579327,4.494005004027357,68.77818231395352
0.06767807414624652,1.6700457070543042,60.70371837558178
0.04030948068912543,1.6123213685678266,89.95010759003168
0.09110788322957228,4.475684107813244,51.770766426486
0.024586102678300557,1.5563999443020888,84.1854061956918
0.04525766523987278,5.106730705468026,91.32202354127867
0.09662461304123249,3.7240387812752713,59.983829920693054
0.026085608301847352,7.777462148993115,78.6655837248284
0.02643464816293293,0.9710993098291205,52.4861165075233
0.08601703361660136,1.7579053207110205,60.1700667875629
0.16293902073077682,7.387309841698617,63.32605866340274
0.03608429429683274,3.9230854508468522,74.03243772106364
0.1729427961236896,6.700428543212306,70.74070338584129
0.06438998034362414,2.933443369153529,52.88798069890353
0.08495160949524232,6.761391088289775,92.9874703958745
0.013454902824812563,5.929558197155804,57.233081778840486
0.014899488747314196,5.839081331829764,74.51702108526153
0.049443304319845297,7.125627455146917,88.9871629255358
0.16117211889182873,7.661967939657087,99.36343036743618
0.12925796644191814,5.8469508480225585,76.56927176743508
0.10382741805739634,1.2874834826235726,88.16759399975811
0.10945435431448013,7.138307053605594,77.18647332518519
0.023532694075650423,0.5622348990287733,85.03840687852843
0.17088306096117198,5.685703811360426,54.16630454758633
0.2723177059013075,4.911695807869142,74.90502647564658
0.13365825363665418,1.5737436969356295,87.54708778173583
0.10704273271584769,6.622892785370836,77.8156054816648
0.34119397938173074,4.3278025086062355,57.48418365886774
0.04806621350626191,0.6124990581230103,70.13025739913469
0.02788210181582256,0.1883512583643503,65.74897919090742
0.03155844891642322,5.7112655552936005,61.36031452057088
0.12477740592412995,3.88235333603655,63.18112102913206
0.01978574410442419,4.272365590861068,70.56066541509996
0.06767807414624652,1.6700457070543042,60.70371837558178
0.039938455075651934,1.3503029748207522,89.84723835542145
0.05991539068345446,5.798092865336125,64.63387886185888
0.024586102678300557,1.5563999443020888,84.1854061956918
0.04525766523987278,5.106730705468026,91.32202354127867
0.09662461304123249,3.7240387812752713,59.983829920693054
0.02767454193797065,7.164946785969817,77.92931082555502
0.02643464816293293,0.9710993098291205,52.4861165075233
0.08601703361660136,1.7579053207110205,60.1700667875629
0.16293902073077682,7.387309841698617,63.32605866340274
0.055818457714930214,2.138288524798234,73.58103649028908
0.1729427961236896,6.700428543212306,70.74070338584129
0.05509867981767945,2.3942100397274313,60.199265881009424
0.08495160949524232,6.761391088289775,92.9874703958745
0.013454902824812563,5.929558197155804,57.233081778840486
0.014899488747314196,5.839081331829764,74.51702108526153
0.06363492133656044,6.980052976261963,90.58596724153246
0.16117211889182873,7.661967939657087,99.36343036743618
0.14611549453948058,5.7816482587413915,67.49641190395337
0.11100218166163539,1.1245303320065605,92.28561859687888
0.09981839545596642,7.0934459600906035,79.68360744589424
0.02356345221052334,0.5317790079461986,85.15725242704309
0.12776915864469413,5.693613874878993,56.39248582802948
0.21667211180810936,4.777806100768953,67.8009985296887
0.1281133631420281,0.28782292639011864,91.89479121035995
0.16115610784720996,7.950796933434287,65.98624448881499
0.34119397938173074,4.3278025086062355,57.48418365886774
0.01929558284755392,0.2642331314090731,60.823687471516905
0.02788210181582256,0.1883512583643503,65.74897919090742
0.03155844891642322,5.7112655552936005,61.36031452057088
0.13977683342904879,3.439336015630871,62.84516884335224
0.01978574410442419,4.272365590861068,70.56066541509996
0.06258408205552825,2.0724254665345283,62.03692680127083
0.039938455075651934,1.3503029748207522,89.84723835542145
0.06567429899419976,6.069723774478486,54.14831077121196
0.052765127814062895,3.6303571918618402,82.49921140562222
0.04525766523987278,5.106730705468026,91.32202354127867
0.09662461304123249,3.7240387812752713,59.983829920693054
0.02767454193797065,7.164946785969817,77.92931082555502
0.02643464816293293,0.9710993098291205,52.4861165075233
0.08601703361660136,1.7579053207110205,60.1700667875629
0.16781473305123348,7.39532508930913,62.799673191613024
0.055818457714930214,2.138288524798234,73.58103649028908
0.1729427961236896,6.700428543212306,70.74070338584129
0.05523250790188151,2.346626630762136,62.68733439591051
0.06646242412366582,4.913177578137227,86.59826749841338
0.03488994642054433,6.218430082474239,62.805204695124665
0.014899488747314196,5.839081331829764,74.51702108526153
0.06409194595922169,6.975364918431546,90.63745488655324
0.16117211889182873,7.661967939657087,99.36343036743618
0.16266745430627366,5.540761946625685,62.82666011877142
0.11100218166163539,1.1245303320065605,92.28561859687888
0.09981839545596642,7.0934459600906035,79.68360744589424
0.02356345221052334,0.5317790079461986,85.15725242704309
0.11944602273399821,5.634413535857836,59.915913628066896
0.21667211180810936,4.777806100768953,67.8009985296887
0.11995177374091409,0.3068671259673889,91.36883165062834
0.16115610784720996,7.950796933434287,65.98624448881499
0.4469392276068814,3.7750543614579835,54.796292278747565
0.021064699443912767,0.3751362097872468,70.91043332763786
0.04908397631656454,1.278843906920478,63.97086592262246
0.03155844891642322,5.7112655552936005,61.36031452057088
0.15042016388539622,3.2348050618660236,61.850373664411585
0.012012916783601245,5.066547538834287,72.30894064081988
0.061665135755752054,1.3993289227857968,56.21728718345335
0.03983137507411677,1.401072420203664,89.74317926075345
0.06567429899419976,6.069723774478486,54.14831077121196
0.07384650531257646,2.4006685207512484,86.94322903099155
0.04525766523987278,5.106730705468026,91.32202354127867
0.09711138912405912,4.237582478048451,62.986345211664215
0.02767454193797065,7.164946785969817,77.92931082555502
0.02643464816293293,0.9710993098291205,52.4861165075233
0.07392847061380034,1.500552113491597,62.16900338078338
0.16781473305123348,7.39532508930913,62.799673191613024
0.04195369559011085,2.5342172498123254,69.73555392514001
0.1750682779820609,6.412407514355057,74.03210510538504
0.05523250790188151,2.346626630762136,62.68733439591051
0.056370945500932496,3.933639726357073,79.65503854579825
0.020733716954702774,6.584021711734401,62.92220271926491
0.018914307755922108,4.144777330358673,66.84915180937028
0.06409194595922169,6.975364918431546,90.63745488655324
0.14143744758894822,7.522393765753863,97.58959485900787
0.16266745430627366,5.540761946625685,62.82666011877142
0.12232725967399487,0.5689511255649009,94.37953237688801
0.09981839545596642,7.0934459600906035,79.68360744589424
0.02356345221052334,0.5317790079461986,85.15725242704309
0.16472990343023064,7.446062816844252,54.17764977560946
0.18507656493629895,4.041949070500474,64.96314616847583
0.11995177374091409,0.3068671259673889,91.36883165062834
0.16115610784720996,7.950796933434287,65.98624448881499
0.33603814245748426,3.3706339687954214,57.03042585299933
0.021064699443912767,0.3751362097872468,70.91043332763786
0.04908397631656454,1.278843906920478,63.97086592262246
0.03155844891642322,5.7112655552936005,61.36031452057088
0.20810273986128,3.773030520860035,61.34318551606723
0.012012916783601245,5.066547538834287,72.30894064081988
0.10175431145585062,3.663817436555256,58.703235655518036
0.03983137507411677,1.401072420203664,89.74317926075345
0.0838523868216454,6.260722532415263,50.305509338187896
0.0752758387039,2.3552868853797087,87.46607604637038
0.04686295636915225,4.66253617156435,86.7137290516012
0.09711138912405912,4.237582478048451,62.986345211664215
0.02767454193797065,7.164946785969817,77.92931082555502
0.02643464816293293,0.9710993098291205,52.4861165075233
0.06989323693245642,1.0241428508254882,62.02673633689578
0.14183251477287603,7.403821434184273,62.26494790629237
0.08018615048682341,4.121653830111011,67.59727375353287
0.1750682779820609,6.412407514355057,74.03210510538504
0.05523250790188151,2.346626630762136,62.68733439591051
0.05691210015911026,4.688024094886567,87.72061205369033
0.02033184184390227,7.443552900093268,59.76441152781406
0.022852115397323264,4.2730870263848155,65.84595487658609
0.06409194595922169,6.975364918431546,90.63745488655324
0.14143744758894822,7.522393765753863,97.58959485900787
0.1720237106641888,5.176742040304575,62.52117576858387
0.12232725967399487,0.5689511255649009,94.37953237688801
0.09981839545596642,7.0934459600906035,79.68360744589424
0.02356345221052334,0.5317790079461986,85.15725242704309
0.1629336339935511,7.159674816475047,55.66956968784342
0.13143871642071284,3.34162092083664,64.0230211454685
0.11995177374091409,0.3068671259673889,91.36883165062834
0.1327673103189111,6.304858041754899,64.65649341983983
0.33603814245748426,3.3706339687954214,57.03042585299933
0.021064699443912767,0.3751362097872468,70.91043332763786
0.04908397631656454,1.278843906920478,63.97086592262246
0.03155844891642322,5.7112655552936005,61.36031452057088
0.23534287305553978,3.593339523613828,59.81986000388311
0.012012916783601245,5.066547538834287,72.30894064081988
0.10175431145585062,3.663817436555256,58.703235655518036
0.03846005262244731,1.4191878344647317,93.56287828224609
0.08071952017936715,6.158641069030695,51.10363928575363
0.08202572175611704,2.099023477768559,88.45786377042792
0.04686295636915225,4.66253617156435,86.7137290516012
0.09646148808311034,3.5519436496829955,58.977648231862545
0.02301756659679935,7.361278617685616,78.93150238821863
0.02643464816293293,0.9710993098291205,52.4861165075233
0.06989323693245642,1.0241428508254882,62.02673633689578
0.11870395386603905,6.059932775847947,66.74174046670439
0.07329891671164757,3.4921448957122965,66.79424569643031
0.1750682779820609,6.412407514355057,74.03210510538504
0.05523250790188151,2.346626630762136,62.68733439591051
0.05691210015911026,4.688024094886567,87.72061205369033
0.02033184184390227,7.443552900093268,59.76441152781406
0.011407864425920095,3.9001870533264222,68.76149532904938
0.06458499105000998,6.960053740144509,90.38198864534368
0.14143744758894822,7.522393765753863,97.58959485900787
0.1518140727162812,5.376332506172956,65.32948452809332
0.12232725967399487,0.5689511255649009,94.37953237688801
0.09868810826295239,5.901004745343116,72.71180932363066
0.02356345221052334,0.5317790079461986,85.15725242704309
0.17638599256015286,6.151057255269373,57.35929794400851
0.1433254296431016,0.8043303093457883,61.485350202256626
0.0930743243907882,0.6737306931299027,92.09246806919647
0.08746919421204256,7.827209712154021,66.64873806534872
0.33603814245748426,3.3706339687954214,57.03042585299933
0.04624163411288085,2.8160273599687016,62.551102875441046
0.05148585660381529,1.0334338538478827,63.43063163874788
0.03155844891642322,5.7112655552936005,61.36031452057088
0.25680287854186645,3.9265827750675415,59.53361230141694
0.012012916783601245,5.066547538834287,72.30894064081988
0.10175431145585062,3.663817436555256,58.703235655518036
0.03846005262244731,1.4191878344647317,93.56287828224609
0.07382247990540805,5.385129197606404,58.03328365398967
0.08202572175611704,2.099023477768559,88.45786377042792
0.04686295636915225,4.66253617156435,86.7137290516012
0.09646148808311034,3.5519436496829955,58.977648231862545
0.02301756659679935,7.361278617685616,78.93150238821863
0.019748547887621454,0.22003872830753313,50.93465567056193
0.04832815740913482,0.35575146466304375,62.51545103991327
0.10969180162745357,5.976021894181168,67.2119997957335
0.10024902604400698,1.418342649143197,60.28884371156967
0.208292214182499,7.657995302233518,80.97874030681223
0.038159642145633846,0.9501801453156213,58.74891188429436
0.06351015608157198,4.16763685297406,89.43153800506305
0.025056460617346454,7.448943177769188,60.29766018426339
0.08845285874754187,5.370696596399519,73.54236070052946
0.07068782867945457,7.916398090890924,91.15928071431586
0.14143744758894822,7.522393765753863,97.58959485900787
0.19617707004220908,4.938203365689446,59.164851875611966
0.1195400313047244,1.7616851748909257,88.38670510823187
0.10242274250963182,5.259795533601929,74.73012887385497
0.02356345221052334,0.5317790079461986,85.15725242704309
0.0943046145287372,5.609496226537012,64.82455506008064
0.15518649276072188,0.7874080369839525,62.39851441856017
0.0930743243907882,0.6737306931299027,92.09246806919647
0.08746919421204256,7.827209712154021,66.64873806534872
0.18751828107826155,3.612906966817611,62.39744467508092
0.04530854057807872,2.652328038593719,60.35012063280824
0.05148585660381529,1.0334338538478827,63.43063163874788
0.02908185413388756,4.5597280719338995,59.17400218404416
0.25680287854186645,3.9265827750675415,59.53361230141694
0.012012916783601245,5.066547538834287,72.30894064081988
0.07752970911263943,3.9624598614418876,58.8601607461272
0.03846005262244731,1.4191878344647317,93.56287828224609
0.07382247990540805,5.385129197606404,58.03328365398967
0.07620937806838395,1.5680813935490319,87.56387717551593
0.04686295636915225,4.66253617156435,86.7137290516012
0.1271126096534831,5.268320883071129,55.942917395050856
0.02301756659679935,7.361278617685616,78.93150238821863
0.019748547887621454,0.22003872830753313,50.93465567056193
0.04832815740913482,0.35575146466304375,62.51545103991327
0.10969180162745357,5.976021894181168,67.2119997957335
0.10024902604400698,1.418342649143197,60.28884371156967
0.27082450833779936,7.784829567000429,65.44185496632838
0.039949668725652684,0.9680298458118803,59.40081878953461
0.06688045742115625,4.108806517017765,90.55214784008666
0.025056460617346454,7.448943177769188,60.29766018426339
0.08845285874754187,5.370696596399519,73.54236070052946
0.07068782867945457,7.916398090890924,91.15928071431586
0.14143744758894822,7.522393765753863,97.58959485900787
0.16718075924389136,5.044118479389485,58.89668617944172
0.1195400313047244,1.7616851748909257,88.38670510823187
0.07360532882627133,6.075209842431634,69.35431901809427
0.02356345221052334,0.5317790079461986,85.15725242704309
0.09481225265742589,5.476913552417636,64.40743538957051
0.1616196378542597,0.44109316523509534,62.843419789502825
0.0930743243907882,0.6737306931299027,92.09246806919647
0.08746919421204256,7.827209712154021,66.64873806534872
0.16588723915794934,3.2155289808790206,67.28812405185376
0.038879896326718774,2.320458464891688,59.664964595116444
0.05850421725392567,1.2765943603714822,63.15744337604374
0.02908185413388756,4.5597280719338995,59.17400218404416
0.25680287854186645,3.9265827750675415,59.53361230141694
0.011572346192095531,5.370435197932495,71.21605432115251
0.08981459585222833,4.758138224037571,60.54520705089409
0.03846005262244731,1.4191878344647317,93.56287828224609
0.07382247990540805,5.385129197606404,58.03328365398967
0.07620937806838395,1.5680813935490319,87.56387717551593
0.04486687776238699,4.685676416358558,85.88867719158375
0.1333731457457928,5.227890929458096,54.302303317158035
0.02170814470766034,7.412210961396999,79.47012322767154
0.019748547887621454,0.22003872830753313,50.93465567056193
0.04832815740913482,0.35575146466304375,62.51545103991327
0.15317385097748507,4.67065391942362,70.29515591334722
0.09635028867835986,1.3489526761346806,54.61022921525768
0.27082450833779936,7.784829567000429,65.44185496632838
0.039949668725652684,0.9680298458118803,59.40081878953461
0.06688045742115625,4.108806517017765,90.55214784008666
0.05465337821598732,7.628322012883418,63.30942265455851
0.055276863663667956,5.238691686671709,73.00703928628009
0.07068782867945457,7.916398090890924,91.15928071431586
0.14143744758894822,7.522393765753863,97.58959485900787
0.1680544070270759,5.072107438568283,58.893224491457715
0.1195400313047244,1.7616851748909257,88.38670510823187
0.11329612964020122,6.725202483617154,67.45032963987526
0.018713660232951672,0.4446474839951874,88.930909942874
0.09481225265742589,5.476913552417636,64.40743538957051
0.1616196378542597,0.44109316523509534,62.843419789502825
0.1380432941337893,0.05992703800504384,90.88174365157714
0.08746919421204256,7.827209712154021,66.64873806534872
0.2429681466955031,0.9788181471521398,61.00629983484952
0.04347517696068022,2.7234916875438704,59.450383099942265
0.05737804487164448,1.2375766095660894,63.20127940727077
0.03401611137915174,4.3312671966457925,55.780498311582136
0.25680287854186645,3.9265827750675415,59.53361230141694
0.011572346192095531,5.370435197932495,71.21605432115251
0.11445558572939414,6.354107555607999,63.925067998615454
0.04051555967325275,1.5206329248980692,94.04504451255718
0.060661189810933214,5.490038536127583,57.925369031915466
0.07583255847235404,1.502759019905187,87.79772073436254
0.05254973816652181,3.7811543836946773,88.01801880904668
0.1333731457457928,5.227890929458096,54.302303317158035
0.02170814470766034,7.412210961396999,79.47012322767154
0.019748547887621454,0.22003872830753313,50.93465567056193
0.04832815740913482,0.35575146466304375,62.51545103991327
0.1183559879293762,4.979035723691084,65.63968994640668
0.09635028867835986,1.3489526761346806,54.61022921525768
0.27082450833779936,7.784829567000429,65.44185496632838
0.03186216662797273,0.9134078542119111,60.08775987747967
0.06688045742115625,4.108806517017765,90.55214784008666
0.05465337821598732,7.628322012883418,63.30942265455851
0.052749365109957765,5.681899895094637,71.24937243363729
0.06720801064801094,7.576201229404516,87.80215064245701
0.14143744758894822,7.522393765753863,97.58959485900787
0.15124917510125716,4.199514891315609,57.88942260934425
0.0842217768709603,1.985698130010135,96.22145262003858
0.10704708349182313,6.913854642106012,68.42687140708948
0.012810771805666393,0.08030466043745754,90.47262423639708
0.09481225265742589,5.476913552417636,64.40743538957051
0.16501845003802387,0.27748084648913984,62.58099503807293
0.1380432941337893,0.05992703800504384,90.88174365157714
0.08746919421204256,7.827209712154021,66.64873806534872
0.22709123365623757,1.371695385852771,60.737984948384984
0.040404022376057835,3.0517315106736067,58.62180712090916
0.05737804487164448,1.2375766095660894,63.20127940727077
0.03401611137915174,4.3312671966457925,55.780498311582136
0.2695656335765185,3.829562183927102,58.97072228011849
0.011572346192095531,5.370435197932495,71.21605432115251
0.11445558572939414,6.354107555607999,63.925067998615454
0.04051555967325275,1.5206329248980692,94.04504451255718
0.060661189810933214,5.490038536127583,57.925369031915466
0.07583255847235404,1.502759019905187,87.79772073436254
0.08206838982021884,4.204004101579719,85.24294631188954
0.11034662606671913,5.6783211245347065,59.49217745015444
0.02170814470766034,7.412210961396999,79.47012322767154
0.019748547887621454,0.22003872830753313,50.93465567056193
0.120849664829054,2.9753003350003207,67.8640222452398
0.1183559879293762,4.979035723691084,65.63968994640668
0.09635028867835986,1.3489526761346806,54.61022921525768
0.20270990498286923,5.932173506138603,73.90133915886412
0.03186216662797273,0.9134078542119111,60.08775987747967
0.051614203061374646,4.873810335837167,93.768101896879
0.05099248489157336,7.872155001985925,63.33358515229884
0.052615764102862374,5.545323127662824,71.80650372827623
0.06720801064801094,7.576201229404516,87.80215064245701
0.14143744758894822,7.522393765753863,97.58959485900787
0.15124917510125716,4.199514891315609,57.88942260934425
0.0842217768709603,1.985698130010135,96.22145262003858
0.10704708349182313,6.913854642106012,68.42687140708948
0.012810771805666393,0.08030466043745754,90.47262423639708
0.09481225265742589,5.476913552417636,64.40743538957051
0.16501845003802387,0.27748084648913984,62.58099503807293
0.11397508821660698,1.7488581265780674,80.6313011549451
0.08746919421204256,7.827209712154021,66.64873806534872
0.22709123365623757,1.371695385852771,60.737984948384984
0.04005505571541858,3.170458305444173,58.45033706008088
0.07975424093000914,1.5218569920216742,65.9316860491598
0.03401611137915174,4.3312671966457925,55.780498311582136
0.18851236163700896,5.328673017047469,60.58859855147762
0.011572346192095531,5.370435197932495,71.21605432115251
0.11445558572939414,6.354107555607999,63.925067998615454
0.040396180318933245,1.948327595744856,84.81760331345563
0.06171491449426347,5.21310275404059,60.00014784986315
0.07583255847235404,1.502759019905187,87.79772073436254
0.08206838982021884,4.204004101579719,85.24294631188954
0.11034662606671913,5.6783211245347065,59.49217745015444
0.02170814470766034,7.412210961396999,79.47012322767154
0.019748547887621454,0.22003872830753313,50.93465567056193
0.12806205859259331,2.6739588885974372,69.05497251324674
0.13524953714622678,7.765813181913266,74.10689362721591
0.09635028867835986,1.3489526761346806,54.61022921525768
0.25697574129148176,7.878643527408622,77.4187036854931
0.0433840332738571,0.9912251203524667,59.109108680449104
0.03996041300483946,5.457790773137868,96.2230625261251
0.04988685062974293,7.641544685123077,62.84166904385751
0.052615764102862374,5.545323127662824,71.80650372827623
0.0649542973057181,7.262540336936432,85.33168780059391
0.14143744758894822,7.522393765753863,97.58959485900787
0.14879069588076116,4.233059727191616,58.23631170498151
0.0842217768709603,1.985698130010135,96.22145262003858
0.10704708349182313,6.913854642106012,68.42687140708948
0.012810771805666393,0.08030466043745754,90.47262423639708
0.08966143302247913,4.962428495834731,72.82874061968464
0.16764571586673252,0.22193473646893525,61.487108109282275
0.11397508821660698,1.7488581265780674,80.6313011549451
0.08468405020584832,7.830641466468321,66.39561275779208
0.22709123365623757,1.371695385852771,60.737984948384984
0.04005505571541858,3.170458305444173,58.45033706008088
0.06773182502294207,1.6521278155961268,71.70062762332685
0.03401611137915174,4.3312671966457925,55.780498311582136
0.18291586791314182,3.9590312906613105,60.82958136953318
0.017267510327735287,5.387960320098774,76.23291641352559
0.11078957988476568,6.105221666957678,62.129996368640334
0.04883414624127566,1.9223607714399518,83.74740931743597
0.06171491449426347,5.21310275404059,60.00014784986315
0.07794623771069151,1.869169223685991,86.48603131969155
0.07708872845778401,4.58717742145656,85.96268330629745
0.11034662606671913,5.6783211245347065,59.49217745015444
0.02170814470766034,7.412210961396999,79.47012322767154
0.019748547887621454,0.22003872830753313,50.93465567056193
0.1356826286974121,1.3815855296184258,73.16855822840634
0.13524953714622678,7.765813181913266,74.10689362721591
0.09635028867835986,1.3489526761346806,54.61022921525768
0.25697574129148176,7.878643527408622,77.4187036854931
0.0433840332738571,0.9912251203524667,59.109108680449104
0.03996041300483946,5.457790773137868,96.2230625261251
0.0434440121266456,7.803606901758078,53.224939554293584
0.05271133530654126,5.534559427471748,71.88033037861851
0.0649542973057181,7.262540336936432,85.33168780059391
0.14143744758894822,7.522393765753863,97.58959485900787
0.13970812402568747,6.165241765451263,56.67038433125055
0.0842217768709603,1.985698130010135,96.22145262003858
0.10704708349182313,6.913854642106012,68.42687140708948
0.012810771805666393,0.08030466043745754,90.47262423639708
0.04614518058663343,2.8108512482312973,52.017954145915084
0.16764571586673252,0.22193473646893525,61.487108109282275
0.10545476785056643,2.4044768932874767,81.86278846408374
0.08282082868494228,7.636082891798975,66.06390444039582
0.21891481177307354,1.3989579987609013,62.17594188484043
0.04005505571541858,3.170458305444173,58.45033706008088
0.08546942043701941,2.1815167682431733,79.37701887604283
0.0423373430849953,3.670040215140966,59.70967763104223
0.14372646074803386,5.056529064058587,68.96971565551411
0.02107557113999975,5.4647093686156065,76.16429558816053
0.11078957988476568,6.105221666957678,62.129996368640334
0.053756639550857466,1.5287103829651096,96.13177192641277
0.07223969089828787,3.7038869662191614,76.938143354862
0.06350577120501222,1.5877467574430866,88.5378545591206
0.07681912720527895,4.5617501155054185,85.94154547323863
0.11034662606671913,5.6783211245347065,59.49217745015444
0.010973344622891894,7.449363034717362,78.01513312811043
0.019748547887621454,0.22003872830753313,50.93465567056193
0.09864881337152087,3.1834798571341985,74.60780279733105
0.13524953714622678,7.765813181913266,74.10689362721591
0.09635028867835986,1.3489526761346806,54.61022921525768
0.1410068464474738,6.691949696532352,76.80203469098743
0.0433840332738571,0.9912251203524667,59.109108680449104
0.07055313155306363,4.204760920684505,87.90699943705859
0.0434440121266456,7.803606901758078,53.224939554293584
0.03605824887657727,7.410112132557174,59.016187816224026
0.06771401865925472,5.914515474282527,82.15219673474823
0.14143744758894822,7.522393765753863,97.58959485900787
0.13970812402568747,6.165241765451263,56.67038433125055
0.08005975013527739,2.5825180735127544,89.5233160103405
0.14119818726752656,6.675116520150309,72.95413592204932
0.011948265395101463,3.5394132157197995,84.62495525599782
0.04614518058663343,2.8108512482312973,52.017954145915084
0.16774062061052894,0.2241135361761568,61.48838321647564
0.10719143237455847,2.439113055128167,82.33062747388442
0.08282082868494228,7.636082891798975,66.06390444039582
0.1337365905402323,3.149437168368654,68.19852407132626
0.03782009122756627,2.80315161505378,56.03745777326938
0.07493085167233257,1.8834567710119143,74.30174739321984
0.0423373430849953,3.670040215140966,59.70967763104223
0.13229083156950663,4.237266011130465,73.15174150424211
0.020073232320602784,5.499205039728953,76.14913540050298
0.0906946547558739,5.1921945266471,76.21551065290457
0.053756639550857466,1.5287103829651096,96.13177192641277
0.04618393824562553,4.164158494365376,79.04680041898635
0.0915390870854339,0.28643130785645265,90.70553088623564
0.06180738454861773,3.8796809671519608,96.46400894428128
0.09848027173581735,5.468601786945451,65.02920246806237
0.010973344622891894,7.449363034717362,78.01513312811043
0.019748547887621454,0.22003872830753313,50.93465567056193
0.10715858485315476,3.109951010567208,76.8592027345874
0.13524953714622678,7.765813181913266,74.10689362721591
0.09635028867835986,1.3489526761346806,54.61022921525768
0.14012794993770303,6.855883023697375,76.39060116356245
0.04327664043605328,1.0126241645079634,59.17175380468228
0.07055313155306363,4.204760920684505,87.90699943705859
0.0434440121266456,7.803606901758078,53.224939554293584
0.03605824887657727,7.410112132557174,59.016187816224026
0.07330195776747582,5.023614288695546,76.7777943661144
0.14143744758894822,7.522393765753863,97.58959485900787
0.13970812402568747,6.165241765451263,56.67038433125055
0.07782030093384346,2.964665565516657,89.14256455513089
0.14119818726752656,6.675116520150309,72.95413592204932
0.025591477276709594,3.34774035433066,85.60613154218485
0.04614518058663343,2.8108512482312973,52.017954145915084
0.16774062061052894,0.2241135361761568,61.48838321647564
0.11438943846572862,3.507543507230433,85.53783682351218
0.08282082868494228,7.636082891798975,66.06390444039582
0.11971342740028756,2.8652695008989473,73.09615762642093
0.03782009122756627,2.80315161505378,56.03745777326938
0.04627802557948951,0.7079936067897892,75.68247442990686
0.0423373430849953,3.670040215140966,59.70967763104223
0.1347982409942377,4.339476664408123,71.41684791472585
0.020073232320602784,5.499205039728953,76.14913540050298
0.12222937252152165,7.971762031578049,87.55023374463796
0.053756639550857466,1.5287103829651096,96.13177192641277
0.07040002365109053,4.212068590672616,76.96172413048949
0.0915390870854339,0.28643130785645265,90.70553088623564
0.06180738454861773,3.8796809671519608,96.46400894428128
0.09639339461276113,5.838463294891254,64.48923740380755
0.030138884093388968,7.007121085662206,77.45957996227835
0.019748547887621454,0.22003872830753313,50.93465567056193
0.12012485919006034,4.467984323970742,75.37169512568724
0.13524953714622678,7.765813181913266,74.10689362721591
0.09635028867835986,1.3489526761346806,54.61022921525768
0.14012794993770303,6.855883023697375,76.39060116356245
0.04807001321963714,1.3018192009735952,60.02395038023127
0.06929841881006098,4.181844682509416,87.78864797623936
0.0434440121266456,7.803606901758078,53.224939554293584
0.03605824887657727,7.410112132557174,59.016187816224026
0.09413636787711308,5.530388744957272,75.60447931269498
0.14143744758894822,7.522393765753863,97.58959485900787
0.14491540417620047,6.293807751134699,55.35001130606692
0.07684816334842724,3.049430609545058,90.95423229927292
0.12842643437634027,6.764399265427005,71.26103973289364
0.031168450676884132,3.48543394130871,84.19201802669987
0.04614518058663343,2.8108512482312973,52.017954145915084
0.16774062061052894,0.2241135361761568,61.48838321647564
0.07735524729311645,3.4977045241464286,84.93893368706655
0.08809865246573921,6.905559891558257,65.71517079400257
0.11675163625555644,2.23033042020524,69.75679203618964
0.03782009122756627,2.80315161505378,56.03745777326938
0.04627802557948951,0.7079936067897892,75.68247442990686
0.0423373430849953,3.670040215140966,59.70967763104223
0.13484406106770652,4.333729368322581,71.40301945347758
0.020073232320602784,5.499205039728953,76.14913540050298
0.12222937252152165,7.971762031578049,87.55023374463796
0.053756639550857466,1.5287103829651096,96.13177192641277
0.10894293505669579,1.5363007939364186,76.48511533530372
0.09731697379962354,0.9367185968750782,86.87836187215493
0.06180738454861773,3.8796809671519608,96.46400894428128
0.07725198706373151,4.435308888462202,61.104094315934624
0.030138884093388968,7.007121085662206,77.45957996227835
0.019748547887621454,0.22003872830753313,50.93465567056193
0.101927070128423,2.2955961972356604,74.44474651635461
0.09340096740146539,5.031811763164107,65.71107795069354
0.09635028867835986,1.3489526761346806,54.61022921525768
0.14012794993770303,6.855883023697375,76.39060116356245
0.04807001321963714,1.3018192009735952,60.02395038023127
0.045379964815371335,2.46925578317608,87.89638266511957
0.04271622885643936,7.156505392618165,53.58890336951295
0.03605824887657727,7.410112132557174,59.016187816224026
0.07319925143925302,7.046880055766737,79.62859110542463
0.14143744758894822,7.522393765753863,97.58959485900787
0.09781473724749623,5.089055004820766,57.351834983650114
0.07684816334842724,3.049430609545058,90.95423229927292
0.10843379079283699,5.885009400539109,73.22517554482278
0.026844385269563453,3.5267062439151635,83.55190329955232
0.04614518058663343,2.8108512482312973,52.017954145915084
0.1678967837787985,0.18786556949601518,61.42773437517896
0.07735524729311645,3.4977045241464286,84.93893368706655
0.09607413726460093,7.8234635636395335,56.38747720298701
0.11675163625555644,2.23033042020524,69.75679203618964
0.03518536596047807,0.46051093300197277,57.355081713694034
0.04629346094595549,0.7080627785530211,75.68586032698369
0.042498379151810844,5.151876382095539,57.108193259681954
0.14205184455444886,4.591346634586245,72.68483774855133
0.020073232320602784,5.499205039728953,76.14913540050298
0.12222937252152165,7.971762031578049,87.55023374463796
0.053756639550857466,1.5287103829651096,96.13177192641277
0.12138379676496192,0.931612510073081,82.84505837764016
0.09731697379962354,0.9367185968750782,86.87836187215493
0.06180738454861773,3.8796809671519608,96.46400894428128
0.06657334470438686,3.595675415961777,54.82518632984197
0.030529662202412863,6.8907711722762715,77.72717739180902
0.019748547887621454,0.22003872830753313,50.93465567056193
0.10181625223556702,2.2406652513217873,74.23732737153733
0.07795630732549724,4.20763475924592,72.84638274533576
0.10319042322343643,1.3556303371176732,53.84323729555318
0.12240112495347932,6.182259018150811,80.93395174840573
0.03499079450690187,0.8022389979262917,55.826396614611475
0.045379964815371335,2.46925578317608,87.89638266511957
0.04271622885643936,7.156505392618165,53.58890336951295
0.03605824887657727,7.410112132557174,59.016187816224026
0.08880726776897935,6.53220052560912,76.79203877724069
0.11146358261185912,7.022717765188509,92.29434835298447
0.09781473724749623,5.089055004820766,57.351834983650114
0.12278183302772983,2.611003311100529,97.75404119760114
0.1033073904919545,5.557548975249903,71.93668465223575
0.0196500578245766,1.8814050227705073,97.133415210939
0.04614518058663343,2.8108512482312973,52.017954145915084
0.15943851422752403,0.4224410949581343,61.31199805964589
0.06266459213933917,5.382439349010191,83.51162875663572
0.09607413726460093,7.8234635636395335,56.38747720298701
0.08511009907121607,1.7067319205700882,64.92146567414316
0.0419634198949923,0.9927483884397112,58.327972000302054
0.04629346094595549,0.7080627785530211,75.68586032698369
0.042498379151810844,5.151876382095539,57.108193259681954
0.1029814007841655,3.236136490921842,83.06005714290472
0.020073232320602784,5.499205039728953,76.14913540050298
0.08522233202148377,7.535509044833168,83.58596555863974
0.053756639550857466,1.5287103829651096,96.13177192641277
0.11090516050081947,1.6380555304666826,79.5675492777276
0.09603818127973915,0.8455113417751924,94.0709104332665
0.059165101787519284,4.053770721884216,91.07848073113047
0.06657334470438686,3.595675415961777,54.82518632984197
0.030529662202412863,6.8907711722762715,77.72717739180902
0.019748547887621454,0.22003872830753313,50.93465567056193
0.10757247488471777,2.325937905624965,71.61497378612347
0.07795630732549724,4.20763475924592,72.84638274533576
0.08510296402042818,1.2484290683080412,55.168101352239354
0.0956658634443357,4.943574823449899,68.43077379592866
0.03499079450690187,0.8022389979262917,55.826396614611475
0.042642722970576294,2.0079158995609414,88.59076453708437
0.027587842550372457,7.724164827484165,52.555715997217064
0.05091993695688705,5.682106820267704,60.805363906498116
0.0924551860703814,6.890578914254357,74.1341850594563
0.11732328949708487,7.1204013606518535,93.32953658893703
0.0647414928785739,5.263543424426184,65.34869214183406
0.12278183302772983,2.611003311100529,97.75404119760114
0.1748917085071695,3.5092573200646324,90.25921115112791
0.0196500578245766,1.8814050227705073,97.133415210939
0.04614518058663343,2.8108512482312973,52.017954145915084
0.15943851422752403,0.4224410949581343,61.31199805964589
0.06719262651666183,5.08014755763743,87.50770703636718
0.09607413726460093,7.8234635636395335,56.38747720298701
0.10728347407430659,2.106890321325358,68.94523213876393
0.05099695176314933,1.0462885826278268,57.66628693206097
0.04629346094595549,0.7080627785530211,75.68586032698369
0.042498379151810844,5.151876382095539,57.108193259681954
0.1406222847375752,4.252033982625033,79.55082028750101
0.020073232320602784,5.499205039728953,76.14913540050298
0.06827455134512728,5.335384657072761,85.57800440790496
0.053756639550857466,1.5287103829651096,96.13177192641277
0.13482291694048526,0.02558118987950131,87.04854798828951
0.09603818127973915,0.8455113417751924,94.0709104332665
0.03442354038226346,4.51546073212317,95.60620954721838
0.06828571309167177,3.675011975138873,55.62600313348898
0.030392837497733284,6.929532501740015,76.55644696675401
0.019748547887621454,0.22003872830753313,50.93465567056193
0.10496010980383097,1.990640852101976,76.70094669132865
0.10163230016538935,6.824450700692914,70.72315446426852
0.08510296402042818,1.2484290683080412,55.168101352239354
0.07476546466495877,5.57947773791237,71.03261134150324
0.03499079450690187,0.8022389979262917,55.826396614611475
0.038750108255601275,1.5025850406055064,89.04830171469662
0.027587842550372457,7.724164827484165,52.555715997217064
0.05091993695688705,5.682106820267704,60.805363906498116
0.0924551860703814,6.890578914254357,74.1341850594563
0.11732328949708487,7.1204013606518535,93.32953658893703
0.0647414928785739,5.263543424426184,65.34869214183406
0.11958535699646113,3.0620772744939266,95.26447141054955
0.1748917085071695,3.5092573200646324,90.25921115112791
0.0196500578245766,1.8814050227705073,97.133415210939
0.04853246880679894,2.9136653770796186,52.80918174515414
0.15943851422752403,0.4224410949581343,61.31199805964589
0.07459312435727622,6.6283243906852025,91.69388139576338
0.09607413726460093,7.8234635636395335,56.38747720298701
0.11491878373036143,1.540343507061361,69.5907285588907
0.055384710095740045,0.929393775566557,52.141904793644905
0.04326403714374864,0.6518570694810626,76.18512581573125
0.03816740544961833,6.758354501735104,60.19381294374671
0.2313495362612512,3.31339199480145,82.11098574844084
0.020073232320602784,5.499205039728953,76.14913540050298
0.06827455134512728,5.335384657072761,85.57800440790496
0.06146310083259959,3.0146136456512687,86.92489299809019
0.12012055580493605,2.9843139218655246,75.41488779927694
0.09603818127973915,0.8455113417751924,94.0709104332665
0.023164061389526786,4.91848793677271,98.62398333071302
0.06828571309167177,3.675011975138873,55.62600313348898
0.030392837497733284,6.929532501740015,76.55644696675401
0.02648918271942576,0.850833735824815,51.37363324373554
0.10496010980383097,1.990640852101976,76.70094669132865
0.10163230016538935,6.824450700692914,70.72315446426852
0.08510296402042818,1.2484290683080412,55.168101352239354
0.07476546466495877,5.57947773791237,71.03261134150324
0.046279697601563835,0.8102409341632493,62.898584847791625
0.036916369039054625,1.6711969636460204,95.41674481526854
0.029579515614978298,7.380571719602109,53.16381257906692
0.03503916774326544,7.517568119431555,65.54181982253901
0.09099085215091078,6.804609742284084,73.6699778825382
0.11732328949708487,7.1204013606518535,93.32953658893703
0.0647414928785739,5.263543424426184,65.34869214183406
0.11958535699646113,3.0620772744939266,95.26447141054955
0.1748917085071695,3.5092573200646324,90.25921115112791
0.0211910038521671,2.014538227829733,96.98085677994116
0.04853246880679894,2.9136653770796186,52.80918174515414
0.1418193274261025,2.4803796978030324,59.942678939981235
0.07459312435727622,6.6283243906852025,91.69388139576338
0.09607413726460093,7.8234635636395335,56.38747720298701
0.11491878373036143,1.540343507061361,69.5907285588907
0.055384710095740045,0.929393775566557,52.141904793644905
0.04326403714374864,0.6518570694810626,76.18512581573125
0.03816740544961833,6.758354501735104,60.19381294374671
0.31649887798083176,1.489836610600575,89.29783778322668
0.020073232320602784,5.499205039728953,76.14913540050298
0.06827455134512728,5.335384657072761,85.57800440790496
0.06146310083259959,3.0146136456512687,86.92489299809019
0.061746837670038246,5.191725455676465,84.79943913936013
0.09603818127973915,0.8455113417751924,94.0709104332665
0.04009648373702557,4.447886703908868,95.15514717643995
0.06828571309167177,3.675011975138873,55.62600313348898
0.030392837497733284,6.929532501740015,76.55644696675401
0.02648918271942576,0.850833735824815,51.37363324373554
0.11122980503588985,1.2454453577315165,77.87793469542872
0.10802131128260117,7.518634014210925,71.62629650188862
0.08510296402042818,1.2484290683080412,55.168101352239354
0.07476546466495877,5.57947773791237,71.03261134150324
0.030865711842919433,0.3884954185752978,57.309425945125035
0.036916369039054625,1.6711969636460204,95.41674481526854
0.029579515614978298,7.380571719602109,53.16381257906692
0.03503916774326544,7.517568119431555,65.54181982253901
0.09099085215091078,6.804609742284084,73.6699778825382
0.11732328949708487,7.1204013606518535,93.32953658893703
0.06451434233395507,5.256384121417208,65.21989036851623
0.13235291406579677,3.1653094819373457,94.10899931261754
0.19012091068558307,2.6756624999378813,96.80393812377375
0.0211910038521671,2.014538227829733,96.98085677994116
0.04853246880679894,2.9136653770796186,52.80918174515414
0.19600456045076117,0.11474808917590096,63.2152650881768
0.06983804112028628,5.651209492011402,86.857870795535
0.09607413726460093,7.8234635636395335,56.38747720298701
0.12895879957396406,0.5858204916005016,71.3096924012732
0.055384710095740045,0.929393775566557,52.141904793644905
0.04226012155582309,0.8130707927363554,79.22670293921124
0.039298001180122014,6.483962414150238,58.260956712397125
0.3332443425189583,1.5097735889267976,90.22945197839994
0.017160359655093285,5.656310610130068,76.45249054728514
0.06826300414101816,5.331437604892108,85.54805109355542
0.06924561936664983,1.6883793363339725,93.22275042684865
0.061746837670038246,5.191725455676465,84.79943913936013
0.09053531584459006,1.0186261476193095,93.89670871273181
0.04009648373702557,4.447886703908868,95.15514717643995
0.07458806798625972,3.9179227795393015,56.52472173423788
0.03226509255151536,6.83772645374118,75.93440742056711
0.02648918271942576,0.850833735824815,51.37363324373554
0.11122980503588985,1.2454453577315165,77.87793469542872
0.10802131128260117,7.518634014210925,71.62629650188862
0.09413994581772109,0.25036315004082077,55.49431886357642
0.08449017938950709,6.146528151938417,71.20621747119601
0.030865711842919433,0.3884954185752978,57.309425945125035
0.036916369039054625,1.6711969636460204,95.41674481526854
0.029579515614978298,7.380571719602109,53.16381257906692
0.03503916774326544,7.517568119431555,65.54181982253901
0.09390987289699206,7.081718972677409,72.49605517105294
0.10590988899148979,6.724320829683835,91.57776195519914
0.06451434233395507,5.256384121417208,65.21989036851623
0.16368129318419078,2.2661754255279694,98.23971221186639
0.19012091068558307,2.6756624999378813,96.80393812377375
0.0211910038521671,2.014538227829733,96.98085677994116
0.04853246880679894,2.9136653770796186,52.80918174515414
0.19600456045076117,0.11474808917590096,63.2152650881768
0.05261564844194193,3.7440322484462416,72.76007224782028
0.09607413726460093,7.8234635636395335,56.38747720298701
0.1259293721566457,1.2525724914517005,69.93501604232085
0.055384710095740045,0.929393775566557,52.141904793644905
0.04226012155582309,0.8130707927363554,79.22670293921124
0.03798285892978145,6.803143371415343,60.509312004300995
0.29578840359443404,2.172820882448921,88.45047779350361
0.017160359655093285,5.656310610130068,76.45249054728514
0.07935135188504061,5.679266143849934,81.76601409894818
0.06924561936664983,1.6883793363339725,93.22275042684865
0.04245842621458094,4.058282285688875,92.17787001818184
0.08290290305955997,1.1282416571739287,94.23616685230736
0.04009648373702557,4.447886703908868,95.15514717643995
0.08553655395461895,5.621784575615254,59.023514395893095
0.03226509255151536,6.83772645374118,75.93440742056711
0.02648918271942576,0.850833735824815,51.37363324373554
0.11970877085011952,1.3383779404482967,71.31470735393509
0.10829063860590357,7.618750117200875,71.28327739663659
0.09413994581772109,0.25036315004082077,55.49431886357642
0.08692308368767349,4.659983862755043,67.24492514985354
0.030865711842919433,0.3884954185752978,57.309425945125035
0.03464143072231149,2.1300896253554518,93.23297845617176
0.029579515614978298,7.380571719602109,53.16381257906692
0.03567566916280502,7.220794479278272,67.8269381838957
0.09388065874492005,7.949149469182995,74.65489815179515
0.10590988899148979,6.724320829683835,91.57776195519914
0.06451434233395507,5.256384121417208,65.21989036851623
0.1216951711389981,2.1920281264860693,97.86877845876755
0.19012091068558307,2.6756624999378813,96.80393812377375
0.0211910038521671,2.014538227829733,96.98085677994116
0.04410549613033092,4.545821732373755,56.04041651685405
0.19600456045076117,0.11474808917590096,63.2152650881768
0.04544376902716273,3.070810738309749,75.46201335414177
0.09607413726460093,7.8234635636395335,56.38747720298701
0.13302015475929782,0.41515329145587465,69.71749701324646
0.055384710095740045,0.929393775566557,52.141904793644905
0.06067890910279677,0.8228628352329205,80.83306954616597
0.03553295572065523,7.630073670223073,61.68730953927319
0.3792543297727292,2.351305323979725,86.6922132048731
0.01604338175882096,5.433076046793112,76.08583947073775
0.07053715297086287,5.918270074744532,80.56941049190685
0.06924561936664983,1.6883793363339725,93.22275042684865
0.042595803490864594,4.021490075054199,92.29462031148488
0.10279200306375767,0.8452515622148615,84.50589913290767
0.04009648373702557,4.447886703908868,95.15514717643995
0.08553655395461895,5.621784575615254,59.023514395893095
0.0282305958773486,7.86876204480877,80.08632613353043
0.02648918271942576,0.850833735824815,51.37363324373554
0.11970877085011952,1.3383779404482967,71.31470735393509
0.10829063860590357,7.618750117200875,71.28327739663659
0.0867151202182905,0.680403716578514,58.538842253016384
0.08692308368767349,4.659983862755043,67.24492514985354
0.030865711842919433,0.3884954185752978,57.309425945125035
0.03464143072231149,2.1300896253554518,93.23297845617176
0.033401050801753374,6.958512218882332,53.30176258561559
0.03567566916280502,7.220794479278272,67.8269381838957
0.09388065874492005,7.949149469182995,74.65489815179515
0.10834350969943277,6.8713661142215585,92.22638335744348
0.0333586881941787,7.467984979935458,61.779542943099315
0.1216951711389981,2.1920281264860693,97.86877845876755
0.19012091068558307,2.6756624999378813,96.80393812377375
0.0211910038521671,2.014538227829733,96.98085677994116
0.04410549613033092,4.545821732373755,56.04041651685405
0.19345223419524693,0.22217208581964698,63.059656560562544
0.04544376902716273,3.070810738309749,75.46201335414177
0.09607413726460093,7.8234635636395335,56.38747720298701
0.13302015475929782,0.41515329145587465,69.71749701324646
0.055384710095740045,0.929393775566557,52.141904793644905
0.06067890910279677,0.8228628352329205,80.83306954616597
0.04306714430019369,7.0724766599895545,62.3079135504109
0.3792543297727292,2.351305323979725,86.6922132048731
0.01604338175882096,5.433076046793112,76.08583947073775
0.07053715297086287,5.918270074744532,80.56941049190685
0.07008859060852496,1.8919126254433496,91.45311760974278
0.042595803490864594,4.021490075054199,92.29462031148488
0.10279200306375767,0.8452515622148615,84.50589913290767
0.03227082953104007,4.412441059233588,99.81949920333366
0.0850892304577447,5.6306265907321675,59.66607242840357
0.0282305958773486,7.86876204480877,80.08632613353043
0.02648918271942576,0.850833735824815,51.37363324373554
0.11970877085011952,1.3383779404482967,71.31470735393509
0.10829063860590357,7.618750117200875,71.28327739663659
0.0867151202182905,0.680403716578514,58.538842253016384
0.10738370859371296,5.475961375064768,73.6063030050948
0.030865711842919433,0.3884954185752978,57.309425945125035
0.035130598122199416,2.1615579085354737,93.22629759297199
0.032946289965818804,7.038572093264712,55.657565060887066
0.03567566916280502,7.220794479278272,67.8269381838957
0.09069742457352405,7.672208860992722,75.46142986859968
0.10834350969943277,6.8713661142215585,92.22638335744348
0.029117241817258714,5.567006838303221,74.05011808619287
0.12320596945434309,2.1522678532456605,98.85255380776962
0.19012091068558307,2.6756624999378813,96.80393812377375
0.01262862007322502,0.1614617533287248,94.78718094561657
0.06346542117560501,3.7244833494960954,59.95174346428595
0.19345223419524693,0.22217208581964698,63.059656560562544
0.043270386529645655,2.670915395943154,72.75571886916417
0.09607413726460093,7.8234635636395335,56.38747720298701
0.13302015475929782,0.41515329145587465,69.71749701324646
0.055384710095740045,0.929393775566557,52.141904793644905
0.04566329408357237,0.9050219202166655,93.69060602488227
0.04743881200966144,6.616663796751161,63.93273475208838
0.3792543297727292,2.351305323979725,86.6922132048731
0.023942370203318228,4.528822537266299,71.27835402666682
0.07575409043293355,5.677749566171734,80.62898094763983
0.07064268505327108,1.851537972889989,90.35621900515997
0.042595803490864594,4.021490075054199,92.29462031148488
0.10279200306375767,0.8452515622148615,84.50589913290767
0.03227082953104007,4.412441059233588,99.81949920333366
0.07159959983770958,5.119802711297247,70.02407577216664
0.0282305958773486,7.86876204480877,80.08632613353043
0.02495591560495989,1.523429496783578,55.00096764122796
0.11251858014218938,1.6685978876060963,73.0048835968514
0.10829063860590357,7.618750117200875,71.28327739663659
0.0867151202182905,0.680403716578514,58.538842253016384
0.10738370859371296,5.475961375064768,73.6063030050948
0.03256870281741593,0.39930998411122587,57.953353882890184
0.035130598122199416,2.1615579085354737,93.22629759297199
0.032946289965818804,7.038572093264712,55.657565060887066
0.03567566916280502,7.220794479278272,67.8269381838957
0.09069742457352405,7.672208860992722,75.46142986859968
0.10834350969943277,6.8713661142215585,92.22638335744348
0.03529467832998444,7.5921859040543875,66.2810097117561
0.12320596945434309,2.1522678532456605,98.85255380776962
0.16162770710529237,2.1345126174409854,86.48938379937539
0.022752354946462425,1.135433532512737,92.28107391115888
0.06378926285395423,3.6660425052457617,59.871301563769954
0.1900510005951988,0.2367738748419581,62.91559846352871
0.045736867966746246,1.1490163932034934,74.75801754253472
0.09682146241092235,7.668342970160396,57.525279966467494
0.14690596699622635,0.08930722187856421,64.92154524359132
0.055384710095740045,0.929393775566557,52.141904793644905
0.04537396588896987,1.0930785915089354,92.91951818769516
0.04743881200966144,6.616663796751161,63.93273475208838
0.3792543297727292,2.351305323979725,86.6922132048731
0.02253772011784041,3.434792821626143,68.39321697622702
0.07575409043293355,5.677749566171734,80.62898094763983
0.07064268505327108,1.851537972889989,90.35621900515997
0.042595803490864594,4.021490075054199,92.29462031148488
0.10279200306375767,0.8452515622148615,84.50589913290767
0.03227082953104007,4.412441059233588,99.81949920333366
0.0596168221755482,4.548589824660895,62.783547576269996
0.018810628907265523,7.949762569702945,80.48498233110513
0.02495591560495989,1.523429496783578,55.00096764122796
0.11251858014218938,1.6685978876060963,73.0048835968514
0.10829063860590357,7.618750117200875,71.28327739663659
0.08781095905110606,0.6916401404854797,60.30881903125349
0.11009178426930542,5.712743803174762,74.72415558623487
0.04211137468903023,1.3977980479074912,58.539581207580696
0.035130598122199416,2.1615579085354737,93.22629759297199
0.032946289965818804,7.038572093264712,55.657565060887066
0.037011519248316194,6.603206603183187,72.55013483195344
0.08540809065315957,7.3771035173761845,77.66655515911363
0.10834350969943277,6.8713661142215585,92.22638335744348
0.03513398436504897,7.748831039446427,65.62896941499723
0.12320596945434309,2.1522678532456605,98.85255380776962
0.1685045988626444,3.089879036263563,96.56425878625494
0.022752354946462425,1.135433532512737,92.28107391115888
0.06078252182002805,3.149909090048002,57.39634225093391
0.1900510005951988,0.2367738748419581,62.91559846352871
0.045736867966746246,1.1490163932034934,74.75801754253472
0.07964888327277084,5.476808461795319,63.318230914045174
0.14690596699622635,0.08930722187856421,64.92154524359132
0.055384710095740045,0.929393775566557,52.141904793644905
0.04537396588896987,1.0930785915089354,92.91951818769516
0.04743881200966144,6.616663796751161,63.93273475208838
0.2732550209603791,2.9809576364186863,90.70244205278556
0.027305811785178408,3.625757750222706,69.71758824048186
0.06745649115485468,4.425881138006465,79.0060825676614
0.07064268505327108,1.851537972889989,90.35621900515997
0.0474597416713696,2.8454892085577117,77.02354733455624
0.10368103221019317,0.9205071094624647,83.45468266253862
0.03224774833188874,4.4116900965885035,99.87984542470821
0.044665251680409024,6.593960298447121,64.0959154086481
0.018810628907265523,7.949762569702945,80.48498233110513
0.02495591560495989,1.523429496783578,55.00096764122796
0.10657609936772244,2.9198731539406193,74.02669818440549
0.10829063860590357,7.618750117200875,71.28327739663659
0.08781095905110606,0.6916401404854797,60.30881903125349
0.10067686782987535,5.045085220336896,74.72910948109413
0.04038959073487935,0.9317471169963618,52.589092695557454
0.034484270773481464,1.8610978165527872,95.20096427271973
0.026980494767658472,7.441176646424554,54.356979776821106
0.039956817813669075,4.662509959595837,79.7243409169443
0.08540809065315957,7.3771035173761845,77.66655515911363
0.10834350969943277,6.8713661142215585,92.22638335744348
0.03513398436504897,7.748831039446427,65.62896941499723
0.10512016471340174,3.1566456049634386,95.67049309939506
0.1685045988626444,3.089879036263563,96.56425878625494
0.022752354946462425,1.135433532512737,92.28107391115888
0.06078252182002805,3.149909090048002,57.39634225093391
0.1900510005951988,0.2367738748419581,62.91559846352871
0.045736867966746246,1.1490163932034934,74.75801754253472
0.0879374664080973,6.3774866954065965,64.37339511809122
0.14690596699622635,0.08930722187856421,64.92154524359132
0.055384710095740045,0.929393775566557,52.141904793644905
0.04537396588896987,1.0930785915089354,92.91951818769516
0.04743881200966144,6.616663796751161,63.93273475208838
0.15411518284527675,4.3332038338334,70.99872590746384
0.03115123786785242,5.728853934131433,50.66256710218338
0.06745649115485468,4.425881138006465,79.0060825676614
0.06862179146977537,1.0952715853197486,92.09301248974845
0.07745209315965261,4.828702782782882,84.51271589927114
0.10368103221019317,0.9205071094624647,83.45468266253862
0.03224774833188874,4.4116900965885035,99.87984542470821
0.05264293436497178,5.627332041307501,62.812747284589555
0.018810628907265523,7.949762569702945,80.48498233110513
0.02495591560495989,1.523429496783578,55.00096764122796
0.11319913250764456,2.664902788869977,73.18367778381092
0.08422522712437244,7.56619359176984,66.27359105430196
0.06330622369891392,0.8587977328185034,72.35137136122262
0.1238202338326925,4.817475494063773,82.7402673663471
0.04038959073487935,0.9317471169963618,52.589092695557454
0.034484270773481464,1.8610978165527872,95.20096427271973
0.02600267736739608,4.583063592668101,54.66800863208972
0.05539150831099854,7.826766433782011,68.4592820238401
0.08540809065315957,7.3771035173761845,77.66655515911363
0.10834350969943277,6.8713661142215585,92.22638335744348
0.03513398436504897,7.748831039446427,65.62896941499723
0.09446061562154903,3.796059073012587,89.80533603717976
0.1685045988626444,3.089879036263563,96.56425878625494
0.022752354946462425,1.135433532512737,92.28107391115888
0.06417328763253757,3.3295195259773407,54.28602312229821
0.1639424929194418,2.0182930564358035,66.59597648746512
0.045736867966746246,1.1490163932034934,74.75801754253472
0.08417685954590173,6.244740679901909,66.77106932596828
0.14690596699622635,0.08930722187856421,64.92154524359132
0.055384710095740045,0.929393775566557,52.141904793644905
0.04537396588896987,1.0930785915089354,92.91951818769516
0.04743881200966144,6.616663796751161,63.93273475208838
0.15411518284527675,4.3332038338334,70.99872590746384
0.030766327080622324,5.849714593651258,50.02669475832333
0.056031590432348635,4.6923461579804915,74.43713611214503
0.06862179146977537,1.0952715853197486,92.09301248974845
0.07745209315965261,4.828702782782882,84.51271589927114
0.12012405141380245,0.11688188346242434,79.67382236804514
0.03224774833188874,4.4116900965885035,99.87984542470821
0.05264293436497178,5.627332041307501,62.812747284589555
0.018810628907265523,7.949762569702945,80.48498233110513
0.02495591560495989,1.523429496783578,55.00096764122796
0.14495923590672447,0.7424355637496189,63.11818904622835
0.08422522712437244,7.56619359176984,66.27359105430196
0.06330622369891392,0.8587977328185034,72.35137136122262
0.1238202338326925,4.817475494063773,82.7402673663471
0.04038959073487935,0.9317471169963618,52.589092695557454
0.034484270773481464,1.8610978165527872,95.20096427271973
0.02600267736739608,4.583063592668101,54.66800863208972
0.05539150831099854,7.826766433782011,68.4592820238401
0.08540809065315957,7.3771035173761845,77.66655515911363
0.10834350969943277,6.8713661142215585,92.22638335744348
0.030043814230615057,7.809840119016229,63.77968325333118
0.09446061562154903,3.796059073012587,89.80533603717976
0.1685045988626444,3.089879036263563,96.56425878625494
0.02271596899508508,1.1358537414445737,92.36295921994008
0.06417328763253757,3.3295195259773407,54.28602312229821
0.1470229519573374,2.566932096261681,66.02085739177028
0.04540990671155849,1.287793161740387,74.52928640967659
0.08361748354129656,6.18389116034059,67.18038882559692
0.14690596699622635,0.08930722187856421,64.92154524359132
0.055384710095740045,0.929393775566557,52.141904793644905
0.04215885666020487,0.007279563530737221,98.49513937220945
0.04743881200966144,6.616663796751161,63.93273475208838
0.13395902523541417,4.460431295202856,73.48019119464688
0.03086463656359394,5.402249513975978,51.20225502149823
0.056031590432348635,4.6923461579804915,74.43713611214503
0.06862179146977537,1.0952715853197486,92.09301248974845
0.07745209315965261,4.828702782782882,84.51271589927114
0.12012405141380245,0.11688188346242434,79.67382236804514
0.03284733144847879,4.498719223131963,98.46103229175864
0.05264293436497178,5.627332041307501,62.812747284589555
0.02034892279387667,7.564486439709471,80.1405515276128
0.03139628111437121,2.982418139812793,57.55952788201841
0.14495923590672447,0.7424355637496189,63.11818904622835
0.08422522712437244,7.56619359176984,66.27359105430196
0.04171772027045949,0.9865518519289658,80.94014681978341
0.16753895099061739,2.894856909011529,91.86430634508852
0.04038959073487935,0.9317471169963618,52.589092695557454
0.034484270773481464,1.8610978165527872,95.20096427271973
0.02600267736739608,4.583063592668101,54.66800863208972
0.05539150831099854,7.826766433782011,68.4592820238401
0.08540809065315957,7.3771035173761845,77.66655515911363
0.12674665569493107,7.637937537018525,98.48457687800195
0.030043814230615057,7.809840119016229,63.77968325333118
0.07743733479317111,4.81720123749375,80.43869070234587
0.1685045988626444,3.089879036263563,96.56425878625494
0.013570331896837137,1.15311943355172,92.13831066134499
0.06417328763253757,3.3295195259773407,54.28602312229821
0.1470229519573374,2.566932096261681,66.02085739177028
0.06722914249866535,0.9458446676721382,76.03167720245403
0.08361748354129656,6.18389116034059,67.18038882559692
0.14690596699622635,0.08930722187856421,64.92154524359132
0.055384710095740045,0.929393775566557,52.141904793644905
0.04215885666020487,0.007279563530737221,98.49513937220945
0.04743881200966144,6.616663796751161,63.93273475208838
0.15612171491601512,4.320538424758035,70.75169769020478
0.03086463656359394,5.402249513975978,51.20225502149823
0.05242544871107244,4.669390519640336,72.74091221399678
0.06862179146977537,1.0952715853197486,92.09301248974845
0.07745209315965261,4.828702782782882,84.51271589927114
0.12012405141380245,0.11688188346242434,79.67382236804514
0.03451170790175487,4.510606954141941,97.78832633247804
0.06148741411770069,6.7283472070169505,64.99953840386242
0.02034892279387667,7.564486439709471,80.1405515276128
0.03139628111437121,2.982418139812793,57.55952788201841
0.14495923590672447,0.7424355637496189,63.11818904622835
0.08422522712437244,7.56619359176984,66.27359105430196
0.04460435670493772,1.9793876657509633,78.72976116430412
0.17273445859242775,2.783327756149288,92.28828876567987
0.04038959073487935,0.9317471169963618,52.589092695557454
0.0348449162079462,1.7301391347569552,99.59709692845942
0.02600267736739608,4.583063592668101,54.66800863208972
0.05868873537253516,7.376648593260818,70.25095132269432
0.08540809065315957,7.3771035173761845,77.66655515911363
0.10516554313577466,6.775942018927699,91.0092283557459
0.030043814230615057,7.809840119016229,63.77968325333118
0.08943053592618647,4.888076487085589,84.12977602814402
0.1685045988626444,3.089879036263563,96.56425878625494
0.013570331896837137,1.15311943355172,92.13831066134499
0.06417328763253757,3.3295195259773407,54.28602312229821
0.1470229519573374,2.566932096261681,66.02085739177028
0.0586413627943457,2.531052693877518,73.20213582486379
0.08361748354129656,6.18389116034059,67.18038882559692
0.14690596699622635,0.08930722187856421,64.92154524359132
0.055384710095740045,0.929393775566557,52.141904793644905
0.04215885666020487,0.007279563530737221,98.49513937220945
0.04997652998829093,7.601317130636148,56.746229915435414
0.1959088234494932,4.749363339434968,77.87657845722958
0.03086463656359394,5.402249513975978,51.20225502149823
0.0530291366970627,4.53617200893734,73.46222508161145
0.06862179146977537,1.0952715853197486,92.09301248974845
0.07745209315965261,4.828702782782882,84.51271589927114
0.12012405141380245,0.11688188346242434,79.67382236804514
0.030010953241350977,3.789010264316224,96.57401575626588
0.0578808167178199,6.852395011289135,64.85962037825671
0.02034892279387667,7.564486439709471,80.1405515276128
0.03139628111437121,2.982418139812793,57.55952788201841
0.14495923590672447,0.7424355637496189,63.11818904622835
0.08550669962474279,7.6009149325618095,66.34237090208445
0.04460435670493772,1.9793876657509633,78.72976116430412
0.1968899050710101,2.025440716010368,94.21389158062105
0.04038959073487935,0.9317471169963618,52.589092695557454
0.0348449162079462,1.7301391347569552,99.59709692845942
0.02982934146419649,4.76304470337051,56.149484938806154
0.06259289044124759,7.18984779821266,69.77006266933373
0.08540809065315957,7.3771035173761845,77.66655515911363
0.10516554313577466,6.775942018927699,91.0092283557459
0.030043814230615057,7.809840119016229,63.77968325333118
0.09729308090632298,4.501247624985009,86.82404025461754
0.15846838162166205,3.4556845852673126,93.090199134333
0.013570331896837137,1.15311943355172,92.13831066134499
0.06417328763253757,3.3295195259773407,54.28602312229821
0.17621413632214866,1.4314986027632446,53.809493607993296
0.0586413627943457,2.531052693877518,73.20213582486379
0.08246689264164322,6.295463653168649,67.22302876977518
0.14619556006361334,0.1157117613173444,64.8612972262299
0.055384710095740045,0.929393775566557,52.141904793644905
0.04079525025455568,0.384226327159515,93.30864271911048
0.05379398470473867,6.861830137132616,66.84695397014778
0.22058530197249585,5.0153260893606095,82.29552151961636
0.03086463656359394,5.402249513975978,51.20225502149823
0.05355526724614468,4.479204301205568,72.55689046037585
0.06862179146977537,1.0952715853197486,92.09301248974845
0.05996451734025247,5.666523587118697,83.17376124133362
0.06765092411301851,0.6271843405346118,85.8120471425385
0.011553935117325026,3.7749022085010586,98.92876118392314
0.05752979401409801,6.827256697120694,64.49382034399274
0.02034892279387667,7.564486439709471,80.1405515276128
0.03139628111437121,2.982418139812793,57.55952788201841
0.14495923590672447,0.7424355637496189,63.11818904622835
0.08426777096258214,7.652905915023922,64.7878299807112
0.04460435670493772,1.9793876657509633,78.72976116430412
0.28322661565691926,2.651533520977055,95.64144609214706
0.04038959073487935,0.9317471169963618,52.589092695557454
0.0348449162079462,1.7301391347569552,99.59709692845942
0.02982934146419649,4.76304470337051,56.149484938806154
0.06259289044124759,7.18984779821266,69.77006266933373
0.07782076106958088,7.398956486555745,77.95507753734293
0.10516554313577466,6.775942018927699,91.0092283557459
0.013765140728233483,7.9801369158424755,69.52377211075394
0.08214045114421227,3.828856671850101,89.92333708173814
0.15846838162166205,3.4556845852673126,93.090199134333
0.013570331896837137,1.15311943355172,92.13831066134499
0.06417673400993716,3.327705040553153,54.28072772748563
0.15962808899019337,1.843612226091305,56.344534195656735
0.05478900067745704,2.413276424154488,74.82066997254562
0.08246689264164322,6.295463653168649,67.22302876977518
0.14619556006361334,0.1157117613173444,64.8612972262299
0.0414253257127311,1.004082736413963,65.49437414737329
0.04079525025455568,0.384226327159515,93.30864271911048
0.05379398470473867,6.861830137132616,66.84695397014778
0.20830630660704558,5.478678408858418,79.67944378537014
0.03479917038109578,5.612514124739037,53.16347026449695
0.05187918040545212,3.489013530877313,75.95714576287325
0.06862179146977537,1.0952715853197486,92.09301248974845
0.08519584562476998,4.4577035667735,85.10562446133618
0.06716754196004754,0.39412982635430593,82.6848366836223
0.011553935117325026,3.7749022085010586,98.92876118392314
0.06249596636705415,7.128649026371049,65.85236585195554
0.02034892279387667,7.564486439709471,80.1405515276128
0.03139628111437121,2.982418139812793,57.55952788201841
0.14495923590672447,0.7424355637496189,63.11818904622835
0.09049845087877473,6.943466311469177,64.61642205296864
0.04460435670493772,1.9793876657509633,78.72976116430412
0.28322661565691926,2.651533520977055,95.64144609214706
0.04038959073487935,0.9317471169963618,52.589092695557454
0.0348449162079462,1.7301391347569552,99.59709692845942
0.017696940478699533,4.409838280183196,53.59714975066473
0.06512283016080177,7.929168212553576,70.28109142294262
0.06177869377787015,7.764453640243231,70.29674018588673
0.11745160142485916,6.979078010788219,97.61714591211529
0.013765140728233483,7.9801369158424755,69.52377211075394
0.06904047601549321,4.624197382083049,86.0149995234763
0.21015934014509707,4.390120976842461,97.5967939201072
0.013570331896837137,1.15311943355172,92.13831066134499
0.08801587631810938,2.7726869060899144,54.631329815621285
0.2381806434291162,0.622264644126203,58.042962363344294
0.04823490992479949,1.4629537389914045,83.47966756445227
0.08246689264164322,6.295463653168649,67.22302876977518
0.10225411729042974,1.2129940389688778,62.066416607480384
0.04122564591697922,0.9457306151401763,65.45404033374317
0.04079525025455568,0.384226327159515,93.30864271911048
0.07015813133486375,6.404656402237544,65.75264696041329
0.23241609527400509,7.114788179389775,85.52302111192088
0.03440063953541148,6.220195284657735,51.46253568181952
0.05187918040545212,3.489013530877313,75.95714576287325
0.042918441620041436,0.49692388603352056,91.09352068757309
0.07585197769664538,5.087463171939892,88.91849016711141
0.06716754196004754,0.39412982635430593,82.6848366836223
0.011553935117325026,3.7749022085010586,98.92876118392314
0.06820945015519125,7.677670791379429,64.0171728608424
0.046240783605419694,7.408390709156711,84.80058311111799
0.03643345793758152,3.120547019255117,60.13862978594614
0.1394133229026038,0.8035447808991041,62.98160030383806
0.09049845087877473,6.943466311469177,64.61642205296864
0.011336530505721254,2.2126214650886835,82.28497362743549
0.2348210010575847,2.2961727152760263,89.87313969047605
0.04038959073487935,0.9317471169963618,52.589092695557454
0.030155676775239115,3.1204640021922794,92.90722393889592
0.017696940478699533,4.409838280183196,53.59714975066473
0.06512283016080177,7.929168212553576,70.28109142294262
0.06177869377787015,7.764453640243231,70.29674018588673
0.11745160142485916,6.979078010788219,97.61714591211529
0.013765140728233483,7.9801369158424755,69.52377211075394
0.06858521586552682,4.567528432027806,86.65219376984217
0.21015934014509707,4.390120976842461,97.5967939201072
0.013570331896837137,1.15311943355172,92.13831066134499
0.08801587631810938,2.7726869060899144,54.631329815621285
0.2381806434291162,0.622264644126203,58.042962363344294
0.010340603018408251,1.6382996955281475,98.50099688783195
0.0896090549807084,5.6227156628931905,65.96374018406578
0.09345830675814283,2.8039487324180277,64.01234223642258
0.04370087802209166,0.8930999215570468,67.09810753110868
0.04079525025455568,0.384226327159515,93.30864271911048
0.06849306587893794,6.397369142724446,65.54976652082667
0.16520732078488137,5.352646298384425,74.57261922226942
0.03440063953541148,6.220195284657735,51.46253568181952
0.03346112088137927,2.5511550490649144,68.40753952212522
0.042918441620041436,0.49692388603352056,91.09352068757309
0.08598242584761427,4.615477759070763,92.08304476944285
0.06403783536501687,1.0276887532745786,81.30759958932639
0.01266279534256523,3.8259734004295525,98.2787224663429
0.06820945015519125,7.677670791379429,64.0171728608424
0.046240783605419694,7.408390709156711,84.80058311111799
0.033649412153644274,1.9033392348536982,53.13773988955335
0.16363307882800077,0.8805051661191774,55.925642088868024
0.08272923291763357,6.429268427424001,67.90065004111574
0.010287800054163819,2.097194705284436,82.5342180026757
0.29347793762616664,2.8461311147747135,89.50011803330779
0.04038959073487935,0.9317471169963618,52.589092695557454
0.030155676775239115,3.1204640021922794,92.90722393889592
0.017696940478699533,4.409838280183196,53.59714975066473
0.06512283016080177,7.929168212553576,70.28109142294262
0.06177869377787015,7.764453640243231,70.29674018588673
0.11745160142485916,6.979078010788219,97.61714591211529
0.013765140728233483,7.9801369158424755,69.52377211075394
0.07473914190503059,4.6530562878389095,85.3274981485253
0.17514500816294015,4.143147165412206,96.68457826237196
0.013654010084048061,1.1529114618625154,92.12035268430174
0.08801587631810938,2.7726869060899144,54.631329815621285
0.20008200232206882,2.16480822609757,60.68948800770099
0.015886818637959547,1.701364540423372,87.70703469706365
0.0896090549807084,5.6227156628931905,65.96374018406578
0.09345830675814283,2.8039487324180277,64.01234223642258
0.036936385624441403,1.8079209886264325,63.58605763041903
0.04079525025455568,0.384226327159515,93.30864271911048
0.05691711467889957,6.337210446061537,60.766501900912424
0.2150361003830018,4.190710575671364,76.63260822393812
0.03440063953541148,6.220195284657735,51.46253568181952
0.03346112088137927,2.5511550490649144,68.40753952212522
0.042918441620041436,0.49692388603352056,91.09352068757309
0.08598242584761427,4.615477759070763,92.08304476944285
0.06403783536501687,1.0276887532745786,81.30759958932639
0.01266279534256523,3.8259734004295525,98.2787224663429
0.06891477901846754,7.620200681512935,62.585794016963916
0.046240783605419694,7.408390709156711,84.80058311111799
0.033225804118441275,1.9644020424787225,53.17222137354775
0.1245240680775899,2.8802654377587875,57.69970878957234
0.09478302282193787,6.472257830931859,71.2321675102691
0.010287800054163819,2.097194705284436,82.5342180026757
0.3349473892883401,3.2349423040115,89.23639809691464
0.04038959073487935,0.9317471169963618,52.589092695557454
0.030155676775239115,3.1204640021922794,92.90722393889592
0.017696940478699533,4.409838280183196,53.59714975066473
0.06512283016080177,7.929168212553576,70.28109142294262
0.06177869377787015,7.764453640243231,70.29674018588673
0.11745160142485916,6.979078010788219,97.61714591211529
0.013922199224149105,7.932138541482128,69.39434491075113
0.07473914190503059,4.6530562878389095,85.3274981485253
0.17514500816294015,4.143147165412206,96.68457826237196
0.013654010084048061,1.1529114618625154,92.12035268430174
0.08801587631810938,2.7726869060899144,54.631329815621285
0.20008200232206882,2.16480822609757,60.68948800770099
0.015886818637959547,1.701364540423372,87.70703469706365
0.0881813211406774,5.226185555326811,76.24640589540752
0.09345830675814283,2.8039487324180277,64.01234223642258
0.036936385624441403,1.8079209886264325,63.58605763041903
0.04464959696228426,0.06824501971660457,95.94279438851241
0.05477513418325759,5.82650780715769,63.412160934309334
0.2792283842164172,5.535372347582436,74.64517894711811
0.03440063953541148,6.220195284657735,51.46253568181952
0.03385126530565939,2.4437099841048884,68.3878354347157
0.034212596166492706,0.9238756641067685,88.80990127989391
0.11338953294921232,6.569823265253815,93.81585700254314
0.06403783536501687,1.0276887532745786,81.30759958932639
0.01266279534256523,3.8259734004295525,98.2787224663429
0.06477717920830746,6.726474958788787,64.70503479285077
0.06083426326574036,6.382808573377444,87.4747669166124
0.033141841969233754,2.0529362287925883,50.13995514925555
0.12181160268771016,2.7971878527711374,58.75838915121243
0.08843653244188449,6.753893040241526,69.11087444474416
0.013043321065804928,2.2613896923916688,82.06091147433885
0.28097439583328077,3.534227914527258,89.85352124589866
0.04038959073487935,0.9317471169963618,52.589092695557454
0.030155676775239115,3.1204640021922794,92.90722393889592
0.017696940478699533,4.409838280183196,53.59714975066473
0.06512283016080177,7.929168212553576,70.28109142294262
0.05872572963550661,7.428434257733411,71.02231665709925
0.11745160142485916,6.979078010788219,97.61714591211529
0.013922199224149105,7.932138541482128,69.39434491075113
0.07473914190503059,4.6530562878389095,85.3274981485253
0.15741933084285992,4.233166652356167,94.67959643313061
0.01330771140683317,2.0867936719418876,94.27188980342352
0.08801587631810938,2.7726869060899144,54.631329815621285
0.27096527150793054,1.292285728664282,63.445898630093
0.015886818637959547,1.701364540423372,87.70703469706365
0.10273718529061152,7.757416946372011,73.19506324630859
0.10065512561059362,2.3399248539418958,63.52535211946226
0.0388085111084332,1.1172165165505745,78.00594905661964
0.04464959696228426,0.06824501971660457,95.94279438851241
0.05477513418325759,5.82650780715769,63.412160934309334
0.43560022733689074,7.563272615577091,63.10389891587087
0.03440063953541148,6.220195284657735,51.46253568181952
0.022109676012451087,0.5191881089217123,76.91253090295834
0.034250127630742457,0.7660103566292835,90.93114282678732
0.11338953294921232,6.569823265253815,93.81585700254314
0.05289257230484256,1.0672383845985174,79.84906810645566
0.02166370109622558,2.768569806135805,97.62140546648007
0.07227859206606681,7.507786428657219,58.59448933959976
0.042730155165017374,4.746344004923173,90.0639690089932
0.046980753611208986,4.595717418789022,58.855489628394224
0.12191111133572603,2.8012008105286093,58.8587738417534
0.10075558730444457,7.489153393540528,63.85090884587158
0.012241429943432424,2.214210423122788,80.61343213491351
0.3149567167339923,3.668344464513197,96.05657366886186
0.04066114056422291,0.8689522526260056,51.93293907623951
0.02878358628496152,3.9094644251755626,93.56942802868176
0.017696940478699533,4.409838280183196,53.59714975066473
0.06512283016080177,7.929168212553576,70.28109142294262
0.0441783827277961,5.4836212827461805,76.68815586105558
0.11745160142485916,6.979078010788219,97.61714591211529
0.013748768869456252,6.282373964448702,76.41567440344843
0.10663496349189684,5.985485858140026,80.68347931135919
0.15741933084285992,4.233166652356167,94.67959643313061
0.01330771140683317,2.0867936719418876,94.27188980342352
0.09328978265914842,1.1858520368984635,53.30318883466731
0.22733333090570607,2.6572204999181794,62.38052070644705
0.015886818637959547,1.701364540423372,87.70703469706365
0.10273718529061152,7.757416946372011,73.19506324630859
0.10323422740384809,2.3473990429762948,62.61750096897386
0.05696535576817503,1.4851453316728045,73.82253860859123
0.04464959696228426,0.06824501971660457,95.94279438851241
0.05477513418325759,5.82650780715769,63.412160934309334
0.43560022733689074,7.563272615577091,63.10389891587087
0.03991076437992766,4.684745410825487,59.920999137906584
0.022109676012451087,0.5191881089217123,76.91253090295834
0.02625387126127645,2.9175876325029306,85.26959579532489
0.11338953294921232,6.569823265253815,93.81585700254314
0.05289257230484256,1.0672383845985174,79.84906810645566
0.039262599568439804,3.7718661140348897,90.08455639446294
0.06937786770810485,7.229160006235042,59.392888000995725
0.04401001262407372,4.861118443068643,87.23204084124237
0.046980753611208986,4.595717418789022,58.855489628394224
0.12191111133572603,2.8012008105286093,58.8587738417534
0.09595479760744761,7.003833902758883,65.80573344111086
0.012241429943432424,2.214210423122788,80.61343213491351
0.2393334974934182,3.305078048128578,92.19862486697991
0.04066114056422291,0.8689522526260056,51.93293907623951
0.02878358628496152,3.9094644251755626,93.56942802868176
0.017696940478699533,4.409838280183196,53.59714975066473
0.06512283016080177,7.929168212553576,70.28109142294262
0.039908649346683964,4.985072280931981,77.99429950575433
0.11745160142485916,6.979078010788219,97.61714591211529
0.013748768869456252,6.282373964448702,76.41567440344843
0.10663496349189684,5.985485858140026,80.68347931135919
0.20355414355710535,5.147583933578533,98.33456190677279
0.01330771140683317,2.0867936719418876,94.27188980342352
0.09328978265914842,1.1858520368984635,53.30318883466731
0.30608859761120477,3.199030616517505,57.09126859903063
0.01750234733265632,1.459935330258939,83.59487073859995
0.10273718529061152,7.757416946372011,73.19506324630859
0.13697975527105377,3.205529294888514,51.06666244588754
0.05696535576817503,1.4851453316728045,73.82253860859123
0.047147170447747945,0.3709341867460483,91.0664891256727
0.039212973317509725,6.527775832837767,64.46763886766016
0.43560022733689074,7.563272615577091,63.10389891587087
0.03929061763013791,4.658063161744243,55.789301632179075
0.022109676012451087,0.5191881089217123,76.91253090295834
0.020056083979559637,2.4157904364307514,93.16798632485155
0.11338953294921232,6.569823265253815,93.81585700254314
0.05289257230484256,1.0672383845985174,79.84906810645566
0.0222749349673797,2.8034156623784563,97.35964036556385
0.06937786770810485,7.229160006235042,59.392888000995725
0.03287744303382878,4.3120839301144915,89.89294928986838
0.046980753611208986,4.595717418789022,58.855489628394224
0.12527873525132596,2.6494476578077917,58.63037029539477
0.09595479760744761,7.003833902758883,65.80573344111086
0.012241429943432424,2.214210423122788,80.61343213491351
0.23879094957568425,3.3214325773391695,92.22274499806633
0.04066114056422291,0.8689522526260056,51.93293907623951
0.02878358628496152,3.9094644251755626,93.56942802868176
0.017696940478699533,4.409838280183196,53.59714975066473
0.06120940964148283,7.459107815927967,71.70651318908786
0.04047074900228401,4.96808417115946,79.26034956570045
0.11745160142485916,6.979078010788219,97.61714591211529
0.013748768869456252,6.282373964448702,76.41567440344843
0.10663496349189684,5.985485858140026,80.68347931135919
0.17829909734199476,5.684786046514862,98.12413404190549
0.01330771140683317,2.0867936719418876,94.27188980342352
0.09328978265914842,1.1858520368984635,53.30318883466731
0.30608859761120477,3.199030616517505,57.09126859903063
0.01750234733265632,1.459935330258939,83.59487073859995
0.10273718529061152,7.757416946372011,73.19506324630859
0.10624767626234766,3.680238685800984,53.72632364149336
0.05696535576817503,1.4851453316728045,73.82253860859123
0.047147170447747945,0.3709341867460483,91.0664891256727
0.039212973317509725,6.527775832837767,64.46763886766016
0.43560022733689074,7.563272615577091,63.10389891587087
0.03929061763013791,4.658063161744243,55.789301632179075
0.022109676012451087,0.5191881089217123,76.91253090295834
0.029021800032510814,2.265213876026857,88.2874946762028
0.11338953294921232,6.569823265253815,93.81585700254314
0.05289257230484256,1.0672383845985174,79.84906810645566
0.029437515711080907,3.0610450022084077,95.86009059208384
0.07178157797201616,7.161493880533624,55.7693905172394
0.04354236127184945,3.2135769483552266,97.40701082387187
0.041498053444116244,4.012492097233597,63.45677667441005
0.09562709305541173,2.5857406433506815,64.40305764950271
0.09595479760744761,7.003833902758883,65.80573344111086
0.014074265881760493,2.410523125702168,80.28005262356041
0.23879094957568425,3.3214325773391695,92.22274499806633
0.04053294705617945,1.2233712905897276,52.29364857772873
0.02878358628496152,3.9094644251755626,93.56942802868176
0.017696940478699533,4.409838280183196,53.59714975066473
0.06120940964148283,7.459107815927967,71.70651318908786
0.04086021954595718,5.070398247318178,87.00633616939858
0.0850131512443197,4.781211585844011,90.5727567876391
0.013748768869456252,6.282373964448702,76.41567440344843
0.09796152541888789,5.7887039177515245,81.76645725106971
0.15173316327099967,5.56602935969365,95.97514468727775
0.011182268540663303,2.4044259084434705,99.68198841617394
0.09328978265914842,1.1858520368984635,53.30318883466731
0.30608859761120477,3.199030616517505,57.09126859903063
0.022888236512502512,2.0328623284616003,79.07483109403847
0.08783188880672455,7.170675308538792,69.76006947642678
0.10556939448321086,4.468013315248422,57.487988731369505
0.05183583039928847,0.9466751981978696,72.82857911061517
0.047147170447747945,0.3709341867460483,91.0664891256727
0.042579815194815435,6.556023289910168,64.54703625930321
0.43560022733689074,7.563272615577091,63.10389891587087
0.04253893146945004,4.708176211199896,58.313887161575956
0.022109676012451087,0.5191881089217123,76.91253090295834
0.029021800032510814,2.265213876026857,88.2874946762028
0.09560581717111544,6.87290387703725,86.28068342505046
0.05289257230484256,1.0672383845985174,79.84906810645566
0.02926199048260698,3.288774489688053,95.24523973243707
0.07178157797201616,7.161493880533624,55.7693905172394
0.04354236127184945,3.2135769483552266,97.40701082387187
0.04306484717405135,3.6075074632680515,65.71078491722594
0.09562709305541173,2.5857406433506815,64.40305764950271
0.09595479760744761,7.003833902758883,65.80573344111086
0.014074265881760493,2.410523125702168,80.28005262356041
0.23879094957568425,3.3214325773391695,92.22274499806633
0.044141147228768364,1.8666973195359873,53.57457540027194
0.025321368870139284,4.3544458511580615,96.68449691161527
0.0213799970764054,4.452175964558887,53.97104713709698
0.06120940964148283,7.459107815927967,71.70651318908786
0.04086021954595718,5.070398247318178,87.00633616939858
0.09403165748534516,5.502575291181448,98.33397062631144
0.013748768869456252,6.282373964448702,76.41567440344843
0.07504801657451574,4.6423639781017565,80.94493203679829
0.15173316327099967,5.56602935969365,95.97514468727775
0.011182268540663303,2.4044259084434705,99.68198841617394
0.09328978265914842,1.1858520368984635,53.30318883466731
0.30608859761120477,3.199030616517505,57.09126859903063
0.022888236512502512,2.0328623284616003,79.07483109403847
0.07561063664466917,7.477567196628141,64.74638160736605
0.10646494320616233,4.708708953157818,61.648193333786686
0.05183583039928847,0.9466751981978696,72.82857911061517
0.047147170447747945,0.3709341867460483,91.0664891256727
0.039327818031367645,6.65005864947066,64.69459844262366
0.38313817004693507,6.793341251299063,63.88692339763012
0.04253893146945004,4.708176211199896,58.313887161575956
0.022109676012451087,0.5191881089217123,76.91253090295834
0.02746607948306564,1.872233634662094,85.7273171041751
0.09560581717111544,6.87290387703725,86.28068342505046
0.05289257230484256,1.0672383845985174,79.84906810645566
0.035115584018475476,3.5750962127350414,93.80877276138568
0.07178157797201616,7.161493880533624,55.7693905172394
0.04354236127184945,3.2135769483552266,97.40701082387187
0.06445266216155335,3.5742921083411345,65.00988767890082
0.1123871904487713,2.81980910501897,67.92802770114457
0.09595479760744761,7.003833902758883,65.80573344111086
0.014074265881760493,2.410523125702168,80.28005262356041
0.23879094957568425,3.3214325773391695,92.22274499806633
0.04489815114267065,1.8664459854914741,52.11492607927794
0.04268804165330181,5.856830692615956,84.59733749112473
0.0213799970764054,4.452175964558887,53.97104713709698
0.06120940964148283,7.459107815927967,71.70651318908786
0.03126174707817673,5.7815563733173905,93.17649499890396
0.08822482296203754,5.2780177499425935,97.02282087221366
0.013748768869456252,6.282373964448702,76.41567440344843
0.07425278502316157,4.7930471597917625,82.14994619095313
0.15173316327099967,5.56602935969365,95.97514468727775
0.011182268540663303,2.4044259084434705,99.68198841617394
0.09328978265914842,1.1858520368984635,53.30318883466731
0.30608859761120477,3.199030616517505,57.09126859903063
0.022888236512502512,2.0328623284616003,79.07483109403847
0.06499074861290788,6.454138352647959,72.36803709303638
0.10646494320616233,4.708708953157818,61.648193333786686
0.07426504671872941,0.1424109584832789,58.013126326345045
0.046799208061688115,0.30652410905304217,91.59041051213038
0.039327818031367645,6.65005864947066,64.69459844262366
0.38313817004693507,6.793341251299063,63.88692339763012
0.04253893146945004,4.708176211199896,58.313887161575956
0.022109676012451087,0.5191881089217123,76.91253090295834
0.02746607948306564,1.872233634662094,85.7273171041751
0.10830070231950058,7.765175323056763,83.56769701238014
0.044712256402406836,1.3262247690612765,81.74024256341173
0.03841004422166546,3.293465389790411,96.36294474252541
0.07178157797201616,7.161493880533624,55.7693905172394
0.04354236127184945,3.2135769483552266,97.40701082387187
0.06030384322823745,3.567381502572024,65.13882966660988
0.10888062388324662,2.992256772486559,68.37727764892394
0.10532033531386673,7.357966056762656,66.54425011527383
0.014074265881760493,2.410523125702168,80.28005262356041
0.20517504291749009,2.975847400779434,90.40709580120662
0.04489815114267065,1.8664459854914741,52.11492607927794
0.02124431019519804,6.2428640944071265,92.31353681283976
0.031914506864789076,4.582325729428735,60.755855472088086
0.06120940964148283,7.459107815927967,71.70651318908786
0.025115904988041095,7.8172982057565905,98.40197753471027
0.0662680271941957,4.2635592053452775,97.21161038795488
0.013823343969824214,5.395288510529348,77.30104779469558
0.07072312548844364,5.461859065038834,87.4984383269102
0.1300510027633552,5.3880201861385135,89.60192782245142
0.025652454857064227,2.173535624137672,79.26715121129641
0.08725695475368261,2.3289728069884674,62.44473132413145
0.26675318993880637,3.9112601025635847,58.72254841790736
0.022888236512502512,2.0328623284616003,79.07483109403847
0.045516369006375554,6.108415485048522,76.49530069585094
0.11647707450913694,5.029263911745488,59.56055681007747
0.07426504671872941,0.1424109584832789,58.013126326345045
0.046799208061688115,0.30652410905304217,91.59041051213038
0.04249102399999403,6.9867697882038495,65.67533696245191
0.2578076204413967,4.955945490420934,72.1847262409138
0.022114846405464933,5.794830967902232,56.42720464822237
0.022109676012451087,0.5191881089217123,76.91253090295834
0.024665668936208217,1.537991649743307,87.62043568427983
0.10830070231950058,7.765175323056763,83.56769701238014
0.044712256402406836,1.3262247690612765,81.74024256341173
0.03841004422166546,3.293465389790411,96.36294474252541
0.07178157797201616,7.161493880533624,55.7693905172394
0.04354236127184945,3.2135769483552266,97.40701082387187
0.0544993066187007,2.9856517389565034,64.25979777017285
0.10888062388324662,2.992256772486559,68.37727764892394
0.047089978826648005,7.476310884175415,67.10122329239212
0.014074265881760493,2.410523125702168,80.28005262356041
0.23168963904711104,2.8675837304324547,95.03174081616962
0.045948746759017,1.789289615230232,51.6971386746809
0.056212881979470275,5.682011856233916,92.76520619573027
0.01915629380413182,3.756943380608721,62.35161810391903
0.06358447550377261,7.89305301302655,69.13799218904491
0.025115904988041095,7.8172982057565905,98.40197753471027
0.07000687484093537,4.773039754701056,99.89511856501676
0.013823343969824214,5.395288510529348,77.30104779469558
0.07072312548844364,5.461859065038834,87.4984383269102
0.1300510027633552,5.3880201861385135,89.60192782245142
0.025652454857064227,2.173535624137672,79.26715121129641
0.08320048558558207,2.2777102288993993,64.07633973716145
0.1903489982425492,4.594660768615334,62.598446872477886
0.04378186029461727,2.128977663756941,73.67682011066643
0.08036967146191556,5.578375712850388,68.17757405437891
0.12573034999451865,4.888542554375846,57.35226632960377
0.07838139890243823,0.11267389737190747,56.52149460661549
0.035439794144850906,0.05622744386743239,92.63509492774283
0.04754856532040021,6.745019974193659,56.14928209868875
0.2578076204413967,4.955945490420934,72.1847262409138
0.022114846405464933,5.794830967902232,56.42720464822237
0.022109676012451087,0.5191881089217123,76.91253090295834
0.024665668936208217,1.537991649743307,87.62043568427983
0.10830070231950058,7.765175323056763,83.56769701238014
0.030968374484035097,3.1367362819908764,79.76504292350693
0.03841004422166546,3.293465389790411,96.36294474252541
0.07178157797201616,7.161493880533624,55.7693905172394
0.04235498423970602,2.7508884910653957,96.70771845818398
0.05162840904015208,3.0405766598768134,69.98814283860187
0.1232453632161273,3.133563688401635,66.49774338880704
0.047089978826648005,7.476310884175415,67.10122329239212
0.014074265881760493,2.410523125702168,80.28005262356041
0.18059029784341163,2.539402991958184,93.20242216530862
0.045948746759017,1.789289615230232,51.6971386746809
0.044813144699782495,6.464779371165385,94.83157143720555
0.021999188081419273,2.8835727060694896,54.38236104411816
0.06358447550377261,7.89305301302655,69.13799218904491
0.025115904988041095,7.8172982057565905,98.40197753471027
0.07000687484093537,4.773039754701056,99.89511856501676
0.013823343969824214,5.395288510529348,77.30104779469558
0.05329675738293116,5.508983420176251,88.92486537496417
0.11219818765005359,6.394283451498975,88.33006679396462
0.024699790028868695,1.7286761619797915,78.63398610280555
0.060485164180898346,0.769686527073687,51.70034108594471
0.23948933406501163,4.371785990053965,58.50560977320163
0.05107485698551814,2.1110531345312418,71.42797271418846
0.08036967146191556,5.578375712850388,68.17757405437891
0.09736890542294557,3.098116096700961,54.89542966768337
0.07838139890243823,0.11267389737190747,56.52149460661549
0.035439794144850906,0.05622744386743239,92.63509492774283
0.04754856532040021,6.745019974193659,56.14928209868875
0.2578076204413967,4.955945490420934,72.1847262409138
0.02590967915644736,5.713867039515978,59.87148271989758
0.022110752418707844,1.6175059672767649,72.6477616110973
0.024665668936208217,1.537991649743307,87.62043568427983
0.10830070231950058,7.765175323056763,83.56769701238014
0.028996418884895105,4.49528169090681,74.08917864859217
0.0372909833999532,3.1637572626890593,97.72418442924172
0.07914989478040287,7.067548105460773,52.38781391641207
0.04235498423970602,2.7508884910653957,96.70771845818398
0.05353719466289987,3.209118816259995,69.86789802772314
0.09421093590421846,3.434394366204388,52.97684464049282
0.047089978826648005,7.476310884175415,67.10122329239212
0.014074265881760493,2.410523125702168,80.28005262356041
0.18059029784341163,2.539402991958184,93.20242216530862
0.045948746759017,1.789289615230232,51.6971386746809
0.044813144699782495,6.464779371165385,94.83157143720555
0.021999188081419273,2.8835727060694896,54.38236104411816
0.04966253265119154,5.7864708004671295,70.31615526881784
0.025115904988041095,7.8172982057565905,98.40197753471027
0.07000687484093537,4.773039754701056,99.89511856501676
0.010724285714577883,5.31755118363268,77.09548837463942
0.057989590744135,6.196595001042526,86.3449377777292
0.11219818765005359,6.394283451498975,88.33006679396462
0.025384619907630555,1.6220334791193698,79.5267583546192
0.060485164180898346,0.769686527073687,51.70034108594471
0.15500862784950517,3.8670582329741805,74.89156382678422
0.05283390946228188,2.358389376926649,74.07297356923284
0.08036967146191556,5.578375712850388,68.17757405437891
0.09736890542294557,3.098116096700961,54.89542966768337
0.07838139890243823,0.11267389737190747,56.52149460661549
0.035439794144850906,0.05622744386743239,92.63509492774283
0.04754856532040021,6.745019974193659,56.14928209868875
0.19733250334861058,5.670716793623794,65.48352937707591
0.02590967915644736,5.713867039515978,59.87148271989758
0.02113640401778343,1.609926641077822,73.37121678972218
0.02407965691473747,1.5254165330760543,87.88421000651275
0.10654391688380917,7.627906720406796,84.3167413956328
0.028996418884895105,4.49528169090681,74.08917864859217
0.03554990764277165,3.3057074384331804,98.07365993610104
0.09651453505258659,7.244774351090776,50.32092170027384
0.04235498423970602,2.7508884910653957,96.70771845818398
0.052687653002629196,3.526152680667594,72.29884244509881
0.08664889290966585,3.23774427578067,56.83236176426733
0.03450285493276854,7.41690997738561,63.715124697543764
0.014074265881760493,2.410523125702168,80.28005262356041
0.18059029784341163,2.539402991958184,93.20242216530862
0.04548060762109589,1.8221254988498656,51.697035542388754
0.044738197491529276,6.571858456796848,95.99008368823841
0.021999188081419273,2.8835727060694896,54.38236104411816
0.0458531483751437,4.9788982395455825,78.75549566191604
0.025115904988041095,7.8172982057565905,98.40197753471027
0.07000687484093537,4.773039754701056,99.89511856501676
0.010724285714577883,5.31755118363268,77.09548837463942
0.057989590744135,6.196595001042526,86.3449377777292
0.1056848982339912,6.480011413458783,86.26656778795626
0.014176236049505658,1.555784423180238,78.53915215655023
0.06077704408092072,0.780139870433576,51.72973906799443
0.18504613601434677,3.4373604301106346,78.38629258679427
0.05028491774003029,4.47395362039866,65.42881720700537
0.05804326197124417,5.006049620989876,54.04142009413066
0.09736890542294557,3.098116096700961,54.89542966768337
0.07838139890243823,0.11267389737190747,56.52149460661549
0.03798915411486232,0.05957856057175148,90.4911003669572
0.08105706800581819,5.938935050976655,61.56849730296986
0.19610467546674776,5.441074743694766,67.51635769286682
0.02560249262980762,6.52788409839881,74.78258633471691
0.02113640401778343,1.609926641077822,73.37121678972218
0.03264073972776789,2.4886838079240343,80.54818390712126
0.10654391688380917,7.627906720406796,84.3167413956328
0.012662235879563104,4.5116462363452365,80.73407783297392
0.031126541062172233,3.6663451998326018,98.96153530361634
0.10137028665439764,7.76072593811443,50.1899878817451
0.04235498423970602,2.7508884910653957,96.70771845818398
0.052687653002629196,3.526152680667594,72.29884244509881
0.10967890362502569,3.363909972394347,57.70511969854675
0.030295124396111792,7.596385289915721,79.26361816590881
0.014074265881760493,2.410523125702168,80.28005262356041
0.28707616062315,2.376490815244814,90.50221126901384
0.04548060762109589,1.8221254988498656,51.697035542388754
0.06899876983310405,6.535297628858373,92.11952042493618
0.021999188081419273,2.8835727060694896,54.38236104411816
0.07135141292371078,7.734326570825676,78.92964091560977
0.03769356931920481,7.154913673059964,92.3488405191494
0.07000687484093537,4.773039754701056,99.89511856501676
0.010724285714577883,5.31755118363268,77.09548837463942
0.03832136033408157,5.6168038490845245,87.16651305086049
0.1056848982339912,6.480011413458783,86.26656778795626
0.014176236049505658,1.555784423180238,78.53915215655023
0.06723913834780164,0.3399452294630392,51.74355491757994
0.17983975146404999,3.63696935147716,78.903267172964
0.06625677319238708,3.1448670109057515,59.37604695548536
0.06067936211930941,5.186843138800051,50.17225441641361
0.09736890542294557,3.098116096700961,54.89542966768337
0.07838139890243823,0.11267389737190747,56.52149460661549
0.03798915411486232,0.05957856057175148,90.4911003669572
0.0681326947002134,4.779812712096886,68.80812318232475
0.24239794783653915,7.53640473172395,71.83995627400509
0.02560249262980762,6.52788409839881,74.78258633471691
0.02113640401778343,1.609926641077822,73.37121678972218
0.03392623417179448,2.643292382239655,80.52199111026096
0.10654391688380917,7.627906720406796,84.3167413956328
0.012662235879563104,4.5116462363452365,80.73407783297392
0.03145311022883235,3.680302995111852,98.02450227883764
0.10137028665439764,7.76072593811443,50.1899878817451
0.04235498423970602,2.7508884910653957,96.70771845818398
0.052687653002629196,3.526152680667594,72.29884244509881
0.10967890362502569,3.363909972394347,57.70511969854675
0.030295124396111792,7.596385289915721,79.26361816590881
0.039946563282368536,2.774613783117475,69.91576237799958
0.28707616062315,2.376490815244814,90.50221126901384
0.04548060762109589,1.8221254988498656,51.697035542388754
0.0682504248106723,7.843471775521719,86.34747275196948
0.021999188081419273,2.8835727060694896,54.38236104411816
0.07613540409707799,7.719860091667154,79.66195144332023
0.03769356931920481,7.154913673059964,92.3488405191494
0.07000687484093537,4.773039754701056,99.89511856501676
0.010724285714577883,5.31755118363268,77.09548837463942
0.03832136033408157,5.6168038490845245,87.16651305086049
0.1056848982339912,6.480011413458783,86.26656778795626
0.014176236049505658,1.555784423180238,78.53915215655023
0.06723913834780164,0.3399452294630392,51.74355491757994
0.17380173146622413,3.4601719342065893,77.44687292079504
0.07602965891876495,2.895636812211393,55.481441169678874
0.04813219626782714,4.39317883320221,50.16678625039925
0.08872125960750754,3.5113932517581183,57.2917747048576
0.07838139890243823,0.11267389737190747,56.52149460661549
0.03798915411486232,0.05957856057175148,90.4911003669572
0.15682320170302594,3.7181253256668065,78.75709566025462
0.24239794783653915,7.53640473172395,71.83995627400509
0.01525551417433628,7.044786438347004,79.1366017289455
0.02113640401778343,1.609926641077822,73.37121678972218
0.03392623417179448,2.643292382239655,80.52199111026096
0.08631568571139131,6.95646116478006,83.54480222727487
0.012662235879563104,4.5116462363452365,80.73407783297392
0.012923689390184755,3.155120059333587,97.12546072626876
0.10137028665439764,7.76072593811443,50.1899878817451
0.05647164754968366,3.949258838822915,85.58051731503838
0.04728276855780787,1.977645509260813,64.89050192896003
0.10967890362502569,3.363909972394347,57.70511969854675
0.039458813670585485,6.944883885183454,84.0244422747904
0.039946563282368536,2.774613783117475,69.91576237799958
0.26623634018779396,2.4083735499178864,91.03065616064016
0.04548060762109589,1.8221254988498656,51.697035542388754
0.06341966298353151,6.600888984227137,87.00894127751756
0.021999188081419273,2.8835727060694896,54.38236104411816
0.04471120439428624,6.5657652414242715,78.4289951815352
0.040718572717324354,7.311786931149108,96.74365001090767
0.07000687484093537,4.773039754701056,99.89511856501676
0.010724285714577883,5.31755118363268,77.09548837463942
0.018993458909002947,4.541868198118527,91.00232145839468
0.08535312144460225,6.4921656030983925,83.35094923480247
0.014176236049505658,1.555784423180238,78.53915215655023
0.06723913834780164,0.3399452294630392,51.74355491757994
0.2303339595266417,5.443413004170746,89.8442124324441
0.07602965891876495,2.895636812211393,55.481441169678874
0.07185972882128686,4.217018783484739,55.31751067626054
0.03192654228545147,2.0238586630246767,51.91516313617086
0.07838139890243823,0.11267389737190747,56.52149460661549
0.03798915411486232,0.05957856057175148,90.4911003669572
0.2171776660683565,4.190488151645921,90.33028134783244
0.1600980997372054,6.217168683707689,85.23354768700881
0.01525551417433628,7.044786438347004,79.1366017289455
0.046696736508365734,0.9413917232448814,65.84768565408402
0.03608779184373467,2.5355672745502584,77.99226563004406
0.08631568571139131,6.95646116478006,83.54480222727487
0.012662235879563104,4.5116462363452365,80.73407783297392
0.012923689390184755,3.155120059333587,97.12546072626876
0.10137028665439764,7.76072593811443,50.1899878817451
0.04592580871648497,3.7457940121720323,86.35988925969009
0.04728276855780787,1.977645509260813,64.89050192896003
0.10906959551973758,3.6863481850167474,57.15400141442398
0.037383521979897145,6.756439005636343,83.76961622802088
0.02915906736913204,2.9265113909003913,80.77783836974862
0.26623634018779396,2.4083735499178864,91.03065616064016
0.04548060762109589,1.8221254988498656,51.697035542388754
0.0632243952392698,6.6560417479211536,87.74214813690618
0.021017608734721343,2.655245978581968,52.71588460219351
0.04471120439428624,6.5657652414242715,78.4289951815352
0.040718572717324354,7.311786931149108,96.74365001090767
0.07000687484093537,4.773039754701056,99.89511856501676
0.010724285714577883,5.31755118363268,77.09548837463942
0.021345317856910753,4.321254005220594,94.95760320858713
0.08535312144460225,6.4921656030983925,83.35094923480247
0.014176236049505658,1.555784423180238,78.53915215655023
0.062201391644495,0.6010521150837156,55.952717333891584
0.21015472203912994,5.257647588421207,89.46293327272502
0.07602965891876495,2.895636812211393,55.481441169678874
0.07185972882128686,4.217018783484739,55.31751067626054
0.03192654228545147,2.0238586630246767,51.91516313617086
0.07838139890243823,0.11267389737190747,56.52149460661549
0.03798915411486232,0.05957856057175148,90.4911003669572
0.3016762035889884,5.2871730953669225,95.23829195784468
0.1600980997372054,6.217168683707689,85.23354768700881
0.01525551417433628,7.044786438347004,79.1366017289455
0.047508591486132526,1.2221009963649445,66.92316335129534
0.03608779184373467,2.5355672745502584,77.99226563004406
0.09129808773040274,7.021282587857959,82.63914194120792
0.012662235879563104,4.5116462363452365,80.73407783297392
0.012923689390184755,3.155120059333587,97.12546072626876
0.10137028665439764,7.76072593811443,50.1899878817451
0.046861567695224156,3.1049722993495186,84.49389022342638
0.04006387810436222,1.7316986407588333,67.2341771777827
0.08460092113605375,3.3998162728277554,55.92069778187381
0.037383521979897145,6.756439005636343,83.76961622802088
0.02481092496908736,3.3443123507771477,80.76630421268827
0.26623634018779396,2.4083735499178864,91.03065616064016
0.04548060762109589,1.8221254988498656,51.697035542388754
0.05498253009130413,5.874792523655013,80.9024485388546
0.021017608734721343,2.655245978581968,52.71588460219351
0.04471120439428624,6.5657652414242715,78.4289951815352
0.040718572717324354,7.311786931149108,96.74365001090767
0.07634350550065278,4.794950764527327,99.42343878903344
0.010724285714577883,5.31755118363268,77.09548837463942
0.021345317856910753,4.321254005220594,94.95760320858713
0.0663291846543643,3.9084899485065914,86.21882098349289
0.014176236049505658,1.555784423180238,78.53915215655023
0.062201391644495,0.6010521150837156,55.952717333891584
0.33621637376252833,7.638842558408836,96.48957134279752
0.07499876800069724,2.921926810430522,55.892262890760215
0.0701721444459019,3.585207247005197,55.42849922542141
0.03192654228545147,2.0238586630246767,51.91516313617086
0.07838139890243823,0.11267389737190747,56.52149460661549
0.03798915411486232,0.05957856057175148,90.4911003669572
0.2500425857947377,5.626343033742401,91.58955583442292
0.17137293325239583,6.167621325842403,85.36805153960228
0.015391818797240234,7.7380056675552,79.21205506835442
0.047508591486132526,1.2221009963649445,66.92316335129534
0.03608779184373467,2.5355672745502584,77.99226563004406
0.08797030169288744,5.241385909610015,75.91033215950617
0.012662235879563104,4.5116462363452365,80.73407783297392
0.012923689390184755,3.155120059333587,97.12546072626876
0.10137028665439764,7.76072593811443,50.1899878817451
0.05402666473737052,3.5156935952850565,88.12226991047376
0.04006387810436222,1.7316986407588333,67.2341771777827
0.08460092113605375,3.3998162728277554,55.92069778187381
0.037383521979897145,6.756439005636343,83.76961622802088
0.03034286481674849,0.7638501822824004,81.67913103700333
0.27439060490433975,2.435955215241857,91.43476227931913
0.04548060762109589,1.8221254988498656,51.697035542388754
0.0486701355245047,4.12176260251837,75.11911624095733
0.011531592323378644,3.1283962169637722,51.97033268237771
0.045072065580965964,6.541489384319485,78.51589470551566
0.040718572717324354,7.311786931149108,96.74365001090767
0.07634350550065278,4.794950764527327,99.42343878903344
0.010724285714577883,5.31755118363268,77.09548837463942
0.021345317856910753,4.321254005220594,94.95760320858713
0.0663291846543643,3.9084899485065914,86.21882098349289
0.014176236049505658,1.555784423180238,78.53915215655023
0.062201391644495,0.6010521150837156,55.952717333891584
0.33621637376252833,7.638842558408836,96.48957134279752
0.06372300937862695,0.8529852488571557,58.33040372908832
0.04243876472540596,3.376856274441689,75.6281302087979
0.03192654228545147,2.0238586630246767,51.91516313617086
0.06845860951678459,1.7206762342152633,63.11640615568706
0.03798915411486232,0.05957856057175148,90.4911003669572
0.2500425857947377,5.626343033742401,91.58955583442292
0.24936408560904402,7.294179292314492,73.83272112315694
0.018137302260354593,7.319407787603067,77.84784421940401
0.04817974549163298,1.1761598724170372,66.89512490781085
0.03762695776562926,3.0821841118881435,77.48628138737675
0.07773342846299927,4.576403604932303,78.48801416016484
0.012662235879563104,4.5116462363452365,80.73407783297392
0.013764122294849378,3.1778467437510685,96.60807066328613
0.09153483746337303,6.793482984940212,52.92440442624983
0.08144254368748415,0.5194762208882668,94.44509495576048
0.04052575189285204,1.6691432891138125,69.5522256992848
0.08460092113605375,3.3998162728277554,55.92069778187381
0.037383521979897145,6.756439005636343,83.76961622802088
0.03034286481674849,0.7638501822824004,81.67913103700333
0.27439060490433975,2.435955215241857,91.43476227931913
0.03698171742454687,2.149140916023507,51.765453502775166
0.05272231625444749,3.630080630661318,72.66126372875264
0.011531592323378644,3.1283962169637722,51.97033268237771
0.04372507539416725,5.247859510757927,75.48159080393796
0.040718572717324354,7.311786931149108,96.74365001090767
0.07512647029956213,4.7131444270002945,97.94989176433296
0.017143859284569404,4.53295799964097,74.93780970331456
0.021238175690856245,4.323603290427836,94.78209647933475
0.06323491092818832,3.634586959537142,82.13879373381447
0.014176236049505658,1.555784423180238,78.53915215655023
0.062201391644495,0.6010521150837156,55.952717333891584
0.18569150293944106,6.173618038005184,86.32236486278829
0.06006519899723483,0.40678042399878356,58.752584238912924
0.04093607733523222,4.381448261389684,78.04821347566599
0.03192654228545147,2.0238586630246767,51.91516313617086
0.06845860951678459,1.7206762342152633,63.11640615568706
0.03798915411486232,0.05957856057175148,90.4911003669572
0.2500425857947377,5.626343033742401,91.58955583442292
0.2022128726195751,6.635252488965928,74.78636252392067
0.017998604093646668,6.930381455307985,77.44156377626194
0.04817974549163298,1.1761598724170372,66.89512490781085
0.03762695776562926,3.0821841118881435,77.48628138737675
0.08096179170144481,5.570420341658824,83.838537387112
0.012662235879563104,4.5116462363452365,80.73407783297392
0.02255031259062578,3.567037435349871,90.60664614780649
0.09153483746337303,6.793482984940212,52.92440442624983
0.08144254368748415,0.5194762208882668,94.44509495576048
0.04052575189285204,1.6691432891138125,69.5522256992848
0.08460092113605375,3.3998162728277554,55.92069778187381
0.037383521979897145,6.756439005636343,83.76961622802088
0.023113474040641686,1.6725727207938381,70.26169434473029
0.27439060490433975,2.435955215241857,91.43476227931913
0.03698171742454687,2.149140916023507,51.765453502775166
0.044738410938700464,3.6266582497760296,65.4634496271043
0.011531592323378644,3.1283962169637722,51.97033268237771
0.04372507539416725,5.247859510757927,75.48159080393796
0.040718572717324354,7.311786931149108,96.74365001090767
0.07590827672700126,4.93668087281937,99.98456110575478
0.017143859284569404,4.53295799964097,74.93780970331456
0.021238175690856245,4.323603290427836,94.78209647933475
0.052724276908518206,5.4328321975385725,75.03479345054556
0.014176236049505658,1.555784423180238,78.53915215655023
0.062201391644495,0.6010521150837156,55.952717333891584
0.23762627538822848,5.969524676768184,87.21629126248598
0.06006519899723483,0.40678042399878356,58.752584238912924
0.035460560749683206,5.35484660848242,83.73749009912606
0.03192654228545147,2.0238586630246767,51.91516313617086
0.07119884325506909,2.5643973390649797,67.65792864899086
0.03798915411486232,0.05957856057175148,90.4911003669572
0.2500425857947377,5.626343033742401,91.58955583442292
0.21939128108454678,6.767156718474057,73.86423962208693
0.017998604093646668,6.930381455307985,77.44156377626194
0.046975192377998444,1.4058153858654716,67.31604158585262
0.04932690475339261,3.8437297758641105,76.96098701335218
0.07728424840406384,5.513411367477632,83.67137986627709
0.011580774673556789,4.5232536729224195,81.22645209184114
0.010240062185436775,1.8623158585988309,97.15656137714693
0.08933555596575568,6.737058425410041,54.132920223089535
0.08144254368748415,0.5194762208882668,94.44509495576048
0.02486040430490899,0.09541261748995211,74.6587787174166
0.11521624422920008,4.199548281174219,58.24878859214798
0.037457725086453376,5.935927971779257,84.59314419984193
0.022544243998678503,0.5764276800383055,67.66445721709442
0.27439060490433975,2.435955215241857,91.43476227931913
0.03698171742454687,2.149140916023507,51.765453502775166
0.039720191541514245,2.7351923369896256,67.78481814531746
0.011531592323378644,3.1283962169637722,51.97033268237771
0.04372507539416725,5.247859510757927,75.48159080393796
0.03378130697996734,7.195329413825095,90.8499930383549
0.07590827672700126,4.93668087281937,99.98456110575478
0.02433440159233806,4.023667326233392,75.83244453999926
0.020991069792736877,4.4660822384235255,95.5684308964267
0.061993378514298064,3.9821699072522754,58.27429410800034
0.014176236049505658,1.555784423180238,78.53915215655023
0.05289649510200767,0.20003064309738594,54.70106912054024
0.16970160853318994,5.144493916054166,79.55611769246683
0.06062882157164223,0.28837363044810393,58.50580094601759
0.035460560749683206,5.35484660848242,83.73749009912606
0.03303897805679824,1.990060925020132,52.87064855844708
0.09524449983193051,1.6536367365920337,54.2909476887006
0.03798915411486232,0.05957856057175148,90.4911003669572
0.21659678105906027,4.931209555061605,87.59163571467097
0.21939128108454678,6.767156718474057,73.86423962208693
0.015137958896138854,7.507946799518159,80.78629689418592
0.046975192377998444,1.4058153858654716,67.31604158585262
0.04250033286663947,3.5630403803175392,71.04812127460016
0.16303156962032317,5.569464163591282,87.60150786150123
0.011580774673556789,4.5232536729224195,81.22645209184114
0.010240062185436775,1.8623158585988309,97.15656137714693
0.08933555596575568,6.737058425410041,54.132920223089535
0.09199762857272245,0.3204131255537299,94.04314606806076
0.02486040430490899,0.09541261748995211,74.6587787174166
0.11521624422920008,4.199548281174219,58.24878859214798
0.037457725086453376,5.935927971779257,84.59314419984193
0.022544243998678503,0.5764276800383055,67.66445721709442
0.19232343886045272,3.087752254032972,88.24703111093937
0.04089730379718292,2.3071253493916104,50.667869742993254
0.028389175867708366,4.061197009454228,72.81339673565456
0.011531592323378644,3.1283962169637722,51.97033268237771
0.0553897234130666,5.279302938048903,76.66656038511384
0.03378130697996734,7.195329413825095,90.8499930383549
0.07590827672700126,4.93668087281937,99.98456110575478
0.02433440159233806,4.023667326233392,75.83244453999926
0.020991069792736877,4.4660822384235255,95.5684308964267
0.06400621230290839,4.0041694770945,55.30478518331694
0.014176236049505658,1.555784423180238,78.53915215655023
0.05289649510200767,0.20003064309738594,54.70106912054024
0.16970160853318994,5.144493916054166,79.55611769246683
0.06062882157164223,0.28837363044810393,58.50580094601759
0.028132993847756124,6.007341503953967,82.40181093343293
0.03303897805679824,1.990060925020132,52.87064855844708
0.09524449983193051,1.6536367365920337,54.2909476887006
0.03798915411486232,0.05957856057175148,90.4911003669572
0.22191824402723614,4.956328626073628,87.91710812661805
0.2240971065118937,7.406832202870383,71.36374825139968
0.015137958896138854,7.507946799518159,80.78629689418592
0.046975192377998444,1.4058153858654716,67.31604158585262
0.054608415512174005,5.602549640037954,74.08135329686021
0.16931405610584857,5.7388627878895715,87.98398745344876
0.011580774673556789,4.5232536729224195,81.22645209184114
0.011493184330277254,1.8592395435711369,96.52464319437445
0.08830285436800189,6.573652546505102,55.52354842946654
0.06631211340697869,0.8113866322883281,94.83488536483458
0.027972760017367385,0.7072343172518143,74.02172113078555
0.11521624422920008,4.199548281174219,58.24878859214798
0.029318298373793253,5.930595754055361,88.73207334050332
0.021653026632480667,0.05147910761060359,65.8256001952092
0.2809159961000837,2.384128999431443,91.68822775038731
0.039644532911662075,2.527115749912944,50.24678513592811
0.04122063335272409,5.733447113551265,54.80617590000466
0.011531592323378644,3.1283962169637722,51.97033268237771
0.08446715539339265,5.96672430748224,60.68867182703362
0.036305303755518846,7.726191918031735,94.62513508394954
0.07590827672700126,4.93668087281937,99.98456110575478
0.022049051327595406,2.8302277564162446,71.88011109199331
0.020991069792736877,4.4660822384235255,95.5684308964267
0.06400621230290839,4.0041694770945,55.30478518331694
0.014176236049505658,1.555784423180238,78.53915215655023
0.05289649510200767,0.20003064309738594,54.70106912054024
0.16970160853318994,5.144493916054166,79.55611769246683
0.045192717990313803,1.8770029687238718,65.87486388698677
0.028132993847756124,6.007341503953967,82.40181093343293
0.03303897805679824,1.990060925020132,52.87064855844708
0.09524449983193051,1.6536367365920337,54.2909476887006
0.026296940469423415,0.8537378562557056,93.15359856387582
0.22191824402723614,4.956328626073628,87.91710812661805
0.2240971065118937,7.406832202870383,71.36374825139968
0.015137958896138854,7.507946799518159,80.78629689418592
0.046825592982960317,1.44536118682178,67.19508651722309
0.08742142891910602,6.711825797559049,53.108377880103575
0.23624216746476379,4.970900348339001,91.10851741623613
0.011580774673556789,4.5232536729224195,81.22645209184114
0.011493184330277254,1.8592395435711369,96.52464319437445
0.08830285436800189,6.573652546505102,55.52354842946654
0.06631211340697869,0.8113866322883281,94.83488536483458
0.03926824053731165,1.7407313737763075,68.15448466084257
0.1531022849787466,5.1908560518347855,50.640697948915594
0.029318298373793253,5.930595754055361,88.73207334050332
0.023119763797614195,0.30486510140973766,74.45689531898346
0.2809159961000837,2.384128999431443,91.68822775038731
0.05759415821789263,4.019847457723223,52.19333653996026
0.04122063335272409,5.733447113551265,54.80617590000466
0.011531592323378644,3.1283962169637722,51.97033268237771
0.08446715539339265,5.96672430748224,60.68867182703362
0.036305303755518846,7.726191918031735,94.62513508394954
0.06151932433325784,5.545494917759809,95.43887301915271
0.017462918026065907,3.1204026061996206,72.87238890698578
0.020991069792736877,4.4660822384235255,95.5684308964267
0.06396376234114784,4.004273270616723,55.28418634335408
0.014176236049505658,1.555784423180238,78.53915215655023
0.05289649510200767,0.20003064309738594,54.70106912054024
0.16367206047890992,4.987148061006772,79.02905398693085
0.044821004927645576,1.9752633312433263,65.57432404192879
0.028132993847756124,6.007341503953967,82.40181093343293
0.03303897805679824,1.990060925020132,52.87064855844708
0.094984597195068,1.6977648904363067,54.90512609109198
0.026296940469423415,0.8537378562557056,93.15359856387582
0.16078182492963394,3.5882418322370584,80.0919291789735
0.2240971065118937,7.406832202870383,71.36374825139968
0.015137958896138854,7.507946799518159,80.78629689418592
0.053450678364455856,1.1864275560568482,66.35403872144548
0.08742142891910602,6.711825797559049,53.108377880103575
0.2069927945760766,5.116570302771449,89.88480536106006
0.011580774673556789,4.5232536729224195,81.22645209184114
0.015623180248846735,2.091704559019824,94.49648968526799
0.08830285436800189,6.573652546505102,55.52354842946654
0.06631211340697869,0.8113866322883281,94.83488536483458
0.034338759845414846,1.5666799394476025,69.66290822441356
0.1531022849787466,5.1908560518347855,50.640697948915594
0.024528491433857838,4.6996593946774095,84.69219838777279
0.023119763797614195,0.30486510140973766,74.45689531898346
0.2809159961000837,2.384128999431443,91.68822775038731
0.056068827465731295,3.1849026155781726,53.326483563414406
0.04653144018107875,5.684272622163088,65.43702916644342
0.011531592323378644,3.1283962169637722,51.97033268237771
0.08446715539339265,5.96672430748224,60.68867182703362
0.036305303755518846,7.726191918031735,94.62513508394954
0.06151932433325784,5.545494917759809,95.43887301915271
0.017462918026065907,3.1204026061996206,72.87238890698578
0.020991069792736877,4.4660822384235255,95.5684308964267
0.06396376234114784,4.004273270616723,55.28418634335408
0.011412111553798645,0.7571796555606829,76.67847409804136
0.051269337083950414,0.5577283233700487,56.89195828586765
0.14310964012355326,4.163738469807937,81.63752926389266
0.044821004927645576,1.9752633312433263,65.57432404192879
0.028132993847756124,6.007341503953967,82.40181093343293
0.045102153015966456,1.9331397374671384,53.266838939110016
0.094984597195068,1.6977648904363067,54.90512609109198
0.026296940469423415,0.8537378562557056,93.15359856387582
0.19313688552798122,4.3599421265631895,81.41634536535376
0.22071206775012753,7.373994036176139,71.25076371870686
0.015137958896138854,7.507946799518159,80.78629689418592
0.054362982328254726,1.6792976668442665,69.64259664291434
0.08742142891910602,6.711825797559049,53.108377880103575
0.2069927945760766,5.116570302771449,89.88480536106006
0.011580774673556789,4.5232536729224195,81.22645209184114
0.015623180248846735,2.091704559019824,94.49648968526799
0.08830285436800189,6.573652546505102,55.52354842946654
0.06631211340697869,0.8113866322883281,94.83488536483458
0.034338759845414846,1.5666799394476025,69.66290822441356
0.1531022849787466,5.1908560518347855,50.640697948915594
0.024528491433857838,4.6996593946774095,84.69219838777279
0.02419845481347015,0.4578836167296827,73.68883432296616
0.29386677886311274,2.0997360965739,95.8473874896203
0.056068827465731295,3.1849026155781726,53.326483563414406
0.03591243004616828,5.376640134148441,79.811016075699
0.011531592323378644,3.1283962169637722,51.97033268237771
0.08494032048635486,5.985137790812974,60.745231529574035
0.036305303755518846,7.726191918031735,94.62513508394954
0.06151932433325784,5.545494917759809,95.43887301915271
0.017462918026065907,3.1204026061996206,72.87238890698578
0.02232623478214912,4.9830483587735825,98.20141126230723
0.06642864186236402,4.260089180407043,55.89540120035399
0.011412111553798645,0.7571796555606829,76.67847409804136
0.058331826765054134,0.7644844213646795,58.388275191306
0.1474734991278027,4.228826423110298,82.20090078750617
0.03922905236284794,3.204540659213632,73.10361631181385
0.02113800457966316,6.326490333794871,87.2434068126262
0.04570234639700172,3.5083341306815643,58.37740579976722
0.094984597195068,1.6977648904363067,54.90512609109198
0.026296940469423415,0.8537378562557056,93.15359856387582
0.19313688552798122,4.3599421265631895,81.41634536535376
0.22071206775012753,7.373994036176139,71.25076371870686
0.015137958896138854,7.507946799518159,80.78629689418592
0.0652896619045718,0.5780740262077657,67.14374452612516
0.0641176641599172,6.96849051694247,62.031575860542446
0.16519117073102915,4.13041973874944,90.64099793983777
0.011580774673556789,4.5232536729224195,81.22645209184114
0.015623180248846735,2.091704559019824,94.49648968526799
0.08830285436800189,6.573652546505102,55.52354842946654
0.06631211340697869,0.8113866322883281,94.83488536483458
0.034338759845414846,1.5666799394476025,69.66290822441356
0.13998469342168113,5.14074228490656,54.114762626848716
0.05162970361218214,4.645055056540693,84.16565527998408
0.02419845481347015,0.4578836167296827,73.68883432296616
0.29386677886311274,2.0997360965739,95.8473874896203
0.08958914164490593,3.9661656038478204,53.641362776852475
0.03591243004616828,5.376640134148441,79.811016075699
0.011531592323378644,3.1283962169637722,51.97033268237771
0.08248655639712196,5.55567702570875,64.55568487439568
0.036305303755518846,7.726191918031735,94.62513508394954
0.06151932433325784,5.545494917759809,95.43887301915271
0.017462918026065907,3.1204026061996206,72.87238890698578
0.023640279724872156,4.609333288856922,95.07959670688894
0.07494381607673001,4.590541945138591,50.508152631952875
0.01152152364020356,0.7918533131570276,77.14142220033337
0.058331826765054134,0.7644844213646795,58.388275191306
0.1474734991278027,4.228826423110298,82.20090078750617
0.03839804856257937,3.2794271201899745,74.27510836234558
0.02113800457966316,6.326490333794871,87.2434068126262
0.055517156236569346,2.2239903129560474,75.73923376161852
0.094984597195068,1.6977648904363067,54.90512609109198
0.026296940469423415,0.8537378562557056,93.15359856387582
0.2152530341804974,3.8636936854152566,84.58480968377759
0.22071206775012753,7.373994036176139,71.25076371870686
0.015137958896138854,7.507946799518159,80.78629689418592
0.06496172930166134,0.6098147453690643,67.36370161169809
0.05504828023332161,7.388172725899285,61.38100139095339
0.1895209410725367,4.995549368672395,96.36346185382052
0.011026307384475482,4.8567715301346865,79.40629782147042
0.015623180248846735,2.091704559019824,94.49648968526799
0.08994727493933818,6.817762024823821,56.14091472807304
0.0675557298246274,1.3558701220145002,88.44849154701717
0.03394122754126745,1.3989480088994173,69.21122846577303
0.10754803821368036,4.958766872400943,65.14696856998833
0.05162970361218214,4.645055056540693,84.16565527998408
0.01392236009808908,0.3716258421412406,68.52901609249741
0.29386677886311274,2.0997360965739,95.8473874896203
0.08098904059421733,4.192152314447528,57.8342735593539
0.01353518634367979,5.106014224642322,65.38246925279255
0.011531592323378644,3.1283962169637722,51.97033268237771
0.06830524577643274,5.893445093800731,64.22110059827325
0.06589697720550848,7.198802651216253,94.96087103769533
0.06330299295765125,5.707896123418483,97.47208393233353
0.021523831189620254,4.113042854283534,77.56054329262754
0.023640279724872156,4.609333288856922,95.07959670688894
0.07494381607673001,4.590541945138591,50.508152631952875
0.01152152364020356,0.7918533131570276,77.14142220033337
0.058331826765054134,0.7644844213646795,58.388275191306
0.12186211779786835,4.601308987456083,79.81345940103232
0.04417926430170256,2.946274462145513,73.19134415938557
0.02113800457966316,6.326490333794871,87.2434068126262
0.055517156236569346,2.2239903129560474,75.73923376161852
0.10493660053699638,2.073019697820766,50.80345789836761
0.026296940469423415,0.8537378562557056,93.15359856387582
0.23677706614298794,2.9169344069865493,74.73236259681171
0.22071206775012753,7.373994036176139,71.25076371870686
0.017844176469938272,6.975071148421232,83.69866544251563
0.06496172930166134,0.6098147453690643,67.36370161169809
0.05504828023332161,7.388172725899285,61.38100139095339
0.12951282491481933,2.882661297445485,82.39242786593414
0.011026307384475482,4.8567715301346865,79.40629782147042
0.016543506360186092,1.9849630679259807,94.3807012716103
0.08994727493933818,6.817762024823821,56.14091472807304
0.0675557298246274,1.3558701220145002,88.44849154701717
0.025993588154965025,0.6299814115263631,71.0659949611614
0.14796465949354665,4.338580391474148,71.80656277013723
0.041066183251709354,6.826727468838765,81.32490721741833
0.01392236009808908,0.3716258421412406,68.52901609249741
0.22853107514482854,1.729346873812208,85.45649883011603
0.06051117653861883,3.878529322315063,56.10543112275087
0.01353518634367979,5.106014224642322,65.38246925279255
0.011531592323378644,3.1283962169637722,51.97033268237771
0.06830524577643274,5.893445093800731,64.22110059827325
0.06589697720550848,7.198802651216253,94.96087103769533
0.06330299295765125,5.707896123418483,97.47208393233353
0.01130651429414431,5.042549667063762,82.88246141758424
0.023640279724872156,4.609333288856922,95.07959670688894
0.07494381607673001,4.590541945138591,50.508152631952875
0.01152152364020356,0.7918533131570276,77.14142220033337
0.058331826765054134,0.7644844213646795,58.388275191306
0.12186211779786835,4.601308987456083,79.81345940103232
0.04417926430170256,2.946274462145513,73.19134415938557
0.010782184543080144,6.421567731991002,92.29807725621524
0.05649795538358224,2.1002980523576165,75.53201352441695
0.10493660053699638,2.073019697820766,50.80345789836761
0.0308974080525007,1.590865073997441,93.36355540015366
0.27812464463785813,2.2517081485181953,69.3123456708966
0.256986216781562,7.9681763956963465,76.28592980373564
0.017844176469938272,6.975071148421232,83.69866544251563
0.06496172930166134,0.6098147453690643,67.36370161169809
0.05504828023332161,7.388172725899285,61.38100139095339
0.23534674558802227,4.758040278452528,87.1023896263719
0.01625992560320779,5.157720955153961,77.26333344046184
0.016543506360186092,1.9849630679259807,94.3807012716103
0.07246084846122008,6.743380305079411,54.120361199934194
0.0675557298246274,1.3558701220145002,88.44849154701717
0.025993588154965025,0.6299814115263631,71.0659949611614
0.1293034247570385,4.482057542331769,71.1621131237923
0.041066183251709354,6.826727468838765,81.32490721741833
0.01392236009808908,0.3716258421412406,68.52901609249741
0.1559570672558433,4.096634490092828,75.38486410707446
0.04695811833017319,4.311323756860719,59.3169437141858
0.01380272689455872,5.370086190240864,67.17339614224936
0.011531592323378644,3.1283962169637722,51.97033268237771
0.06485437058825899,6.724161055495582,60.84969352242489
0.06589697720550848,7.198802651216253,94.96087103769533
0.06603342995896505,5.570515872197062,99.45478061194653
0.010412267316050694,6.6393408498786926,87.78929693817742
0.023377523067340245,4.980779927249243,95.27008728251427
0.0709991498722428,4.9216477463087145,50.46931393373276
0.01152152364020356,0.7918533131570276,77.14142220033337
0.058331826765054134,0.7644844213646795,58.388275191306
0.13937373838196912,4.178816104969062,84.9117308470532
0.07711632557112247,3.772387615309499,72.82927537882861
0.013104878756689897,5.588015061479737,92.42615625406457
0.04037701446359916,1.7058023973293275,76.18862154472832
0.10493660053699638,2.073019697820766,50.80345789836761
0.0308974080525007,1.590865073997441,93.36355540015366
0.27812464463785813,2.2517081485181953,69.3123456708966
0.256986216781562,7.9681763956963465,76.28592980373564
0.017844176469938272,6.975071148421232,83.69866544251563
0.06476725630213795,0.7182503459327609,67.31513898011596
0.05295582310856068,7.30415098510858,64.36565869214567
0.2611283619921327,5.280794405160265,86.89555683975924
0.01625992560320779,5.157720955153961,77.26333344046184
0.016543506360186092,1.9849630679259807,94.3807012716103
0.07246084846122008,6.743380305079411,54.120361199934194
0.0675557298246274,1.3558701220145002,88.44849154701717
0.025993588154965025,0.6299814115263631,71.0659949611614
0.1352994155954351,4.550975047795313,72.13920363279887
0.035454417306738484,5.71873878151863,84.31259330005776
0.01392236009808908,0.3716258421412406,68.52901609249741
0.17737078672158774,4.917179602840573,77.2724654647575
0.04025590348586952,4.280187394921961,58.394167070641394
0.014285377899238694,6.338736701134524,65.0643873187588
0.011531592323378644,3.1283962169637722,51.97033268237771
0.06645646085345787,6.673037860522869,61.35560658741291
0.06589697720550848,7.198802651216253,94.96087103769533
0.05769564972059704,5.813534229567219,96.72863284700873
0.010412267316050694,6.6393408498786926,87.78929693817742
0.023377523067340245,4.980779927249243,95.27008728251427
0.08613273252523418,5.16954075245356,52.56998629005153
0.01152152364020356,0.7918533131570276,77.14142220033337
0.058331826765054134,0.7644844213646795,58.388275191306
0.14372897869224727,4.207247960092705,85.75696348243802
0.07711632557112247,3.772387615309499,72.82927537882861
0.013104878756689897,5.588015061479737,92.42615625406457
0.031085347544072217,0.7300192441076865,83.99262464683628
0.10493660053699638,2.073019697820766,50.80345789836761
0.0308974080525007,1.590865073997441,93.36355540015366
0.39314136443715986,0.5781439529639405,55.238930537092315
0.256986216781562,7.9681763956963465,76.28592980373564
0.016826547540329972,6.677240438796223,85.57264502136665
0.06329705418259764,1.7775707533961898,73.43026720841297
0.05295582310856068,7.30415098510858,64.36565869214567
0.2611283619921327,5.280794405160265,86.89555683975924
0.015155553217671418,4.683742056140299,71.3557778745843
0.013874902196757778,2.058231756115447,94.56980384215643
0.07246084846122008,6.743380305079411,54.120361199934194
0.07806360817322455,1.8514701692970772,85.9187205225315
0.025993588154965025,0.6299814115263631,71.0659949611614
0.1608307146166849,4.173796678912891,73.63183419263227
0.03559132140050046,5.706150202189857,84.28848883944218
0.012162774050943726,0.1104589239105147,69.20621849804446
0.1368733680447046,3.666984800342808,80.79840403415575
0.04025590348586952,4.280187394921961,58.394167070641394
0.014285377899238694,6.338736701134524,65.0643873187588
0.011531592323378644,3.1283962169637722,51.97033268237771
0.06645646085345787,6.673037860522869,61.35560658741291
0.09656857878740391,6.89747617741126,93.69377915089512
0.05769564972059704,5.813534229567219,96.72863284700873
0.028783566975576852,6.332135549114261,85.48711806890368
0.023423988685954807,4.978033258007783,95.28295106038274
0.09179996294353865,5.279403846873176,51.8505168940054
0.01152152364020356,0.7918533131570276,77.14142220033337
0.058331826765054134,0.7644844213646795,58.388275191306
0.17400968981388468,3.6418915908112353,81.89532108731274
0.039415113438161314,3.2678820975733425,73.2764249075518
0.013104878756689897,5.588015061479737,92.42615625406457
0.04962982137265186,1.3371998766625088,98.4835775790362
0.10493660053699638,2.073019697820766,50.80345789836761
0.0308974080525007,1.590865073997441,93.36355540015366
0.29597604060982174,1.7492937859967521,64.92993586807071
0.256986216781562,7.9681763956963465,76.28592980373564
0.013930812632020739,7.423052859286226,81.31061804046786
0.0247966767237746,1.5043954458809727,94.35126120078704
0.05295582310856068,7.30415098510858,64.36565869214567
0.21751309404131716,4.884815769560027,84.21641117591255
0.03318244232552529,5.331655484700805,65.9339238591554
0.012873184981246635,1.9781239101563024,95.26141856609789
0.07246084846122008,6.743380305079411,54.120361199934194
0.09357894969932226,2.330443890799417,84.56786550777764
0.01753352979088578,0.5947938638340942,74.38263352238953
0.21227151746623316,5.583775249319588,65.26687556990859
0.0360381425485576,6.097890800968691,83.42461868276791
0.012162774050943726,0.1104589239105147,69.20621849804446
0.1420102772295776,3.607621435800317,80.1425537943544
0.042653526543193286,4.090140209902577,57.7783661385052
0.014285377899238694,6.338736701134524,65.0643873187588
0.011531592323378644,3.1283962169637722,51.97033268237771
0.06645646085345787,6.673037860522869,61.35560658741291
0.09045001501888096,6.613098846187854,89.8583561957497
0.05769564972059704,5.813534229567219,96.72863284700873
0.027634417158030437,4.940625798805937,88.0420488092481
0.023423988685954807,4.978033258007783,95.28295106038274
0.07919719709182708,5.936321832456325,55.9109852774732
0.01152152364020356,0.7918533131570276,77.14142220033337
0.058331826765054134,0.7644844213646795,58.388275191306
0.2704051936796899,2.7865776514346936,73.32540158528319
0.039415113438161314,3.2678820975733425,73.2764249075518
0.013104878756689897,5.588015061479737,92.42615625406457
0.04962982137265186,1.3371998766625088,98.4835775790362
0.10493660053699638,2.073019697820766,50.80345789836761
0.028807263245003878,1.3317550761269326,95.33701952585128
0.23971787290388757,1.7947668825946457,70.95740470658362
0.256986216781562,7.9681763956963465,76.28592980373564
0.013930812632020739,7.423052859286226,81.31061804046786
0.0247966767237746,1.5043954458809727,94.35126120078704
0.05295582310856068,7.30415098510858,64.36565869214567
0.11601848148259486,5.233974630839544,88.29278792404212
0.03318244232552529,5.331655484700805,65.9339238591554
0.012873184981246635,1.9781239101563024,95.26141856609789
0.07246084846122008,6.743380305079411,54.120361199934194
0.14204080995769683,1.4916923821638384,94.67062510267479
0.01753352979088578,0.5947938638340942,74.38263352238953
0.3339508020367069,7.214008294086499,59.62869144467327
0.040296371482327745,7.837891182862918,79.28564374440926
0.012162774050943726,0.1104589239105147,69.20621849804446
0.08097936240560608,4.912632941050866,72.93773861189176
0.06970037367117932,4.925954030777289,62.82589923502121
0.014285377899238694,6.338736701134524,65.0643873187588
0.011531592323378644,3.1283962169637722,51.97033268237771
0.06645646085345787,6.673037860522869,61.35560658741291
0.08316067397613768,6.665889840276586,75.37706086317563
0.05030476832042424,5.009736708460297,93.5933975293391
0.03307349656375717,4.698278002968679,86.40087426832845
0.023423988685954807,4.978033258007783,95.28295106038274
0.08598584940322289,6.4523714899364055,53.78132705114845
0.01152152364020356,0.7918533131570276,77.14142220033337
0.09436399470620271,0.9138035057317739,59.380136984638625
0.2704051936796899,2.7865776514346936,73.32540158528319
0.029637520616477092,4.4627042986152174,70.08124763816834
0.013104878756689897,5.588015061479737,92.42615625406457
0.04962982137265186,1.3371998766625088,98.4835775790362
0.10493660053699638,2.073019697820766,50.80345789836761
0.028807263245003878,1.3317550761269326,95.33701952585128
0.21580343973699376,2.2042980020590344,70.37574326159773
0.256986216781562,7.9681763956963465,76.28592980373564
0.013930812632020739,7.423052859286226,81.31061804046786
0.0247966767237746,1.5043954458809727,94.35126120078704
0.05295582310856068,7.30415098510858,64.36565869214567
0.11601848148259486,5.233974630839544,88.29278792404212
0.03318244232552529,5.331655484700805,65.9339238591554
0.012873184981246635,1.9781239101563024,95.26141856609789
0.07246084846122008,6.743380305079411,54.120361199934194
0.23648590301339623,1.4814595287001726,94.9278861919972
0.01753352979088578,0.5947938638340942,74.38263352238953
0.3339508020367069,7.214008294086499,59.62869144467327
0.040296371482327745,7.837891182862918,79.28564374440926
0.012162774050943726,0.1104589239105147,69.20621849804446
0.11310709261755533,2.602529739188112,67.92473984065649
0.07026428630644184,4.96892287854441,62.42999530834581
0.014285377899238694,6.338736701134524,65.0643873187588
0.011531592323378644,3.1283962169637722,51.97033268237771
0.06554684721330309,6.673427099852394,60.592080285971996
0.08316067397613768,6.665889840276586,75.37706086317563
0.05030476832042424,5.009736708460297,93.5933975293391
0.03307349656375717,4.698278002968679,86.40087426832845
0.023084473314018063,5.087156746739311,97.65678840037083
0.0692311526039979,4.095041657746247,74.38238537380018
0.011867885067498724,0.8644454493732585,76.96221257500528
0.09436399470620271,0.9138035057317739,59.380136984638625
0.2815284550393024,2.905197443963453,73.92629474505867
0.0273152512393759,3.7273442450850487,68.0758638044649
0.013104878756689897,5.588015061479737,92.42615625406457
0.04962982137265186,1.3371998766625088,98.4835775790362
0.10512383559576158,2.050637121299535,50.75211369337925
0.028807263245003878,1.3317550761269326,95.33701952585128
0.21580343973699376,2.2042980020590344,70.37574326159773
0.256986216781562,7.9681763956963465,76.28592980373564
0.03223303711327566,5.725066125446861,80.91119588789617
0.028639778253892648,1.5578602875299,93.21346989926096
0.05295582310856068,7.30415098510858,64.36565869214567
0.07056963850685793,6.20853966681762,85.1843660525136
0.03162329875513187,4.859709122698354,66.77569170215368
0.012873184981246635,1.9781239101563024,95.26141856609789
0.07246084846122008,6.743380305079411,54.120361199934194
0.24823846336162403,1.0840668067680435,96.42648010232361
0.01753352979088578,0.5947938638340942,74.38263352238953
0.3339508020367069,7.214008294086499,59.62869144467327
0.04021541790555381,7.860766896533724,79.16991453590286
0.012139878913763807,0.1689983265379421,69.8083927342067
0.11061040761072033,2.698227432160363,68.94518858223023
0.06688242730764604,4.975838206763911,67.71019457508106
0.014285377899238694,6.338736701134524,65.0643873187588
0.011531592323378644,3.1283962169637722,51.97033268237771
0.06554684721330309,6.673427099852394,60.592080285971996
0.04825005243042626,3.8250411001766684,76.15327725688604
0.05030476832042424,5.009736708460297,93.5933975293391
0.05275105103163523,3.8215097859544493,80.46341702395748
0.023084473314018063,5.087156746739311,97.65678840037083
0.04466488394627048,4.924310177082895,77.61037092126692
0.011867885067498724,0.8644454493732585,76.96221257500528
0.09436399470620271,0.9138035057317739,59.380136984638625
0.2815284550393024,2.905197443963453,73.92629474505867
0.03134661875133415,3.8545491279228816,68.03860698712425
0.013104878756689897,5.588015061479737,92.42615625406457
0.04962982137265186,1.3371998766625088,98.4835775790362
0.10512383559576158,2.050637121299535,50.75211369337925
0.028807263245003878,1.3317550761269326,95.33701952585128
0.33818172911595895,2.7753273818488493,54.04001732729786
0.2566353218733146,7.962653116875043,76.27010065148917
0.03223303711327566,5.725066125446861,80.91119588789617
0.028015997563934483,0.8344438473294682,95.34911368980633
0.05295582310856068,7.30415098510858,64.36565869214567
0.04919526954851223,4.641329522957738,88.91753551573484
0.03162329875513187,4.859709122698354,66.77569170215368
0.012873184981246635,1.9781239101563024,95.26141856609789
0.07246084846122008,6.743380305079411,54.120361199934194
0.24764537421347407,1.051621835656554,96.82733979300667
0.019220026783322394,0.7410366417162605,77.2421183448695
0.20429856461486315,4.714701594655134,74.80077946806833
0.04021541790555381,7.860766896533724,79.16991453590286
0.012139878913763807,0.1689983265379421,69.8083927342067
0.14513707730036746,1.7558579045552167,57.619220671715475
0.07042950669779362,3.9169719717069595,67.42411399070285
0.017933104943715722,6.256092065435736,65.56088450157816
0.011531592323378644,3.1283962169637722,51.97033268237771
0.06554684721330309,6.673427099852394,60.592080285971996
0.056018961694971295,4.761495748640804,69.08321952470399
0.05030476832042424,5.009736708460297,93.5933975293391
0.05275105103163523,3.8215097859544493,80.46341702395748
0.023084473314018063,5.087156746739311,97.65678840037083
0.061750880578699124,6.50769610089263,68.12406630602085
0.011867885067498724,0.8644454493732585,76.96221257500528
0.06451286072646659,0.41873254700307116,60.41543651932185
0.2815284550393024,2.905197443963453,73.92629474505867
0.03134661875133415,3.8545491279228816,68.03860698712425
0.013104878756689897,5.588015061479737,92.42615625406457
0.04962982137265186,1.3371998766625088,98.4835775790362
0.10512383559576158,2.050637121299535,50.75211369337925
0.028807263245003878,1.3317550761269326,95.33701952585128
0.33818172911595895,2.7753273818488493,54.04001732729786
0.2566353218733146,7.962653116875043,76.27010065148917
0.03223303711327566,5.725066125446861,80.91119588789617
0.028015997563934483,0.8344438473294682,95.34911368980633
0.052292645516322074,6.730189201144428,71.67715657418464
0.04816120102884135,4.694741534986618,88.14496017285623
0.04072802287911463,5.346491979186883,65.11607534145178
0.012873184981246635,1.9781239101563024,95.26141856609789
0.07246084846122008,6.743380305079411,54.120361199934194
0.16178172879309619,2.594658656843467,97.14448975469581
0.019220026783322394,0.7410366417162605,77.2421183448695
0.12017451155549393,3.0315024653908673,75.74568343972159
0.04021541790555381,7.860766896533724,79.16991453590286
0.012498413852401373,1.0535331188611328,82.2531268765315
0.1049266492254391,1.4170136487877696,52.811626232763544
0.10168194017943155,4.595991479009135,68.90880773904301
0.012595002998694649,6.5135637834625095,66.46752592622785
0.011531592323378644,3.1283962169637722,51.97033268237771
0.06554684721330309,6.673427099852394,60.592080285971996
0.056018961694971295,4.761495748640804,69.08321952470399
0.05030476832042424,5.009736708460297,93.5933975293391
0.04819962505313058,5.288079488660562,79.99377334755287
0.023084473314018063,5.087156746739311,97.65678840037083
0.011519682329619363,7.185917631004099,70.68332718498395
0.011867885067498724,0.8644454493732585,76.96221257500528
0.06451286072646659,0.41873254700307116,60.41543651932185
0.2815284550393024,2.905197443963453,73.92629474505867
0.01919258344709668,4.1517250197767375,70.88637840986138
0.011345876398197785,5.551608298125444,93.49393109845508
0.04962982137265186,1.3371998766625088,98.4835775790362
0.10512383559576158,2.050637121299535,50.75211369337925
0.028807263245003878,1.3317550761269326,95.33701952585128
0.19217374782244614,4.01558045910013,71.66533675279412
0.2566353218733146,7.962653116875043,76.27010065148917
0.028486728545739373,4.290216549344169,79.854907121049
0.028015997563934483,0.8344438473294682,95.34911368980633
0.052292645516322074,6.730189201144428,71.67715657418464
0.04451830531859797,4.31028040737554,87.02250601913997
0.04072802287911463,5.346491979186883,65.11607534145178
0.012873184981246635,1.9781239101563024,95.26141856609789
0.07246084846122008,6.743380305079411,54.120361199934194
0.16178172879309619,2.594658656843467,97.14448975469581
0.019220026783322394,0.7410366417162605,77.2421183448695
0.18341071536200387,1.5671642806617894,65.43284799403293
0.04021541790555381,7.860766896533724,79.16991453590286
0.025300531835969108,4.1977044656766695,80.82903183085392
0.1049266492254391,1.4170136487877696,52.811626232763544
0.1025999163538428,3.6966116376284415,64.3546770332036
0.012595002998694649,6.5135637834625095,66.46752592622785
0.011531592323378644,3.1283962169637722,51.97033268237771
0.06633186867729202,6.787563590778144,59.84967876362948
0.056018961694971295,4.761495748640804,69.08321952470399
0.05030476832042424,5.009736708460297,93.5933975293391
0.046775793899879306,5.476338942489186,70.7955544503516
0.023084473314018063,5.087156746739311,97.65678840037083
0.011519682329619363,7.185917631004099,70.68332718498395
0.011867885067498724,0.8644454493732585,76.96221257500528
0.06451286072646659,0.41873254700307116,60.41543651932185
0.2815284550393024,2.905197443963453,73.92629474505867
0.02605387686997372,5.068232958605106,87.82786000680599
0.011345876398197785,5.551608298125444,93.49393109845508
0.05030253592765184,1.3503879856491094,98.95347351188398
0.09572753198211825,2.4092340793290825,55.158021761088364
0.040992577053634904,1.4474831324695177,95.50264976055422
0.22844947917301223,4.718550967262654,66.43167383903692
0.21179324379769665,7.431385866800798,75.10031803284599
0.028930847689444022,4.148188991761816,78.3994377869781
0.028015997563934483,0.8344438473294682,95.34911368980633
0.052292645516322074,6.730189201144428,71.67715657418464
0.03950689993642552,3.704511551557352,81.33174102686571
0.04072802287911463,5.346491979186883,65.11607534145178
0.012873184981246635,1.9781239101563024,95.26141856609789
0.07246084846122008,6.743380305079411,54.120361199934194
0.22532314449587681,1.4527697512454112,96.90979022083432
0.019220026783322394,0.7410366417162605,77.2421183448695
0.18341071536200387,1.5671642806617894,65.43284799403293
0.04021541790555381,7.860766896533724,79.16991453590286
0.036186773231487515,6.89908289918395,83.96282434230554
0.1049266492254391,1.4170136487877696,52.811626232763544
0.09570664408065294,4.284092209685394,63.49843630198548
0.03847671941734476,6.632815895270594,67.58917979379439
0.011531592323378644,3.1283962169637722,51.97033268237771
0.06633186867729202,6.787563590778144,59.84967876362948
0.05445209882059756,4.777534920539997,70.0633696372906
0.05030476832042424,5.009736708460297,93.5933975293391
0.049826525173499975,7.601619170312052,57.76220115457994
0.023084473314018063,5.087156746739311,97.65678840037083
0.011519682329619363,7.185917631004099,70.68332718498395
0.011867885067498724,0.8644454493732585,76.96221257500528
0.06194522370016853,0.3893137425423068,60.25558174046454
0.2815284550393024,2.905197443963453,73.92629474505867
0.016360220057748842,3.3167464768069,91.52535457913572
0.011764083419092256,4.573118242682812,93.97790380476675
0.049377399320396705,2.4327093575706438,91.56707510144972
0.12161204827711947,1.1312916131750352,51.636643927036076
0.040992577053634904,1.4474831324695177,95.50264976055422
0.22844947917301223,4.718550967262654,66.43167383903692
0.2149401554297109,7.895823998827541,75.74708894457501
0.028930847689444022,4.148188991761816,78.3994377869781
0.028015997563934483,0.8344438473294682,95.34911368980633
0.024038142132020796,7.914589915322503,72.75293457900135
0.03978875211619852,5.357891818138365,80.47175506275735
0.041046586628010896,3.783969403836119,56.38216925179804
0.012873184981246635,1.9781239101563024,95.26141856609789
0.07246084846122008,6.743380305079411,54.120361199934194
0.22532314449587681,1.4527697512454112,96.90979022083432
0.02572767723195836,0.6318029770840602,77.48987321402718
0.1728110141913586,1.6781789078189415,67.08847177468351
0.04021541790555381,7.860766896533724,79.16991453590286
0.053231880850270405,6.700878380778057,93.13903644896807
0.1049266492254391,1.4170136487877696,52.811626232763544
0.14302297276345405,3.369757590379624,62.10624532286037
0.03937664570093539,6.709632322755766,66.80999849715266
0.011531592323378644,3.1283962169637722,51.97033268237771
0.06585828460086504,6.736059931870964,59.99847844707622
0.05398658646631257,5.050154315588694,70.6726810404179
0.05030476832042424,5.009736708460297,93.5933975293391
0.049826525173499975,7.601619170312052,57.76220115457994
0.023084473314018063,5.087156746739311,97.65678840037083
0.011519682329619363,7.185917631004099,70.68332718498395
0.011867885067498724,0.8644454493732585,76.96221257500528
0.06194522370016853,0.3893137425423068,60.25558174046454
0.2815284550393024,2.905197443963453,73.92629474505867
0.016360220057748842,3.3167464768069,91.52535457913572
0.011764083419092256,4.573118242682812,93.97790380476675
0.049540103678950245,2.4448829390428135,91.53826827643145
0.12161204827711947,1.1312916131750352,51.636643927036076
0.040992577053634904,1.4474831324695177,95.50264976055422
0.1831494462789473,3.57438602423432,64.42789550509787
0.12015246217805119,5.710103700752826,83.278491350415
0.028930847689444022,4.148188991761816,78.3994377869781
0.028015997563934483,0.8344438473294682,95.34911368980633
0.024038142132020796,7.914589915322503,72.75293457900135
0.03921230238235925,6.079200661462201,91.5117092050691
0.041046586628010896,3.783969403836119,56.38216925179804
0.012873184981246635,1.9781239101563024,95.26141856609789
0.07246084846122008,6.743380305079411,54.120361199934194
0.13962063826817958,1.1002621966411654,88.57124635993313
0.02572767723195836,0.6318029770840602,77.48987321402718
0.1794280378746762,1.1715310638475245,65.0540492759616
0.04021541790555381,7.860766896533724,79.16991453590286
0.04713977788025227,5.242554148504785,74.76224424879425
0.08315126418022764,2.761882341951986,56.9779446839506
0.1648045676609131,2.3283648597170306,64.5713821733126
0.03937664570093539,6.709632322755766,66.80999849715266
0.011531592323378644,3.1283962169637722,51.97033268237771
0.06585828460086504,6.736059931870964,59.99847844707622
0.05398658646631257,5.050154315588694,70.6726810404179
0.02054573760115505,4.711341132496415,97.98812544219865
0.048910113287400164,7.470176440629305,60.67606973790235
0.037392630923064024,4.761388236232038,94.73562098702718
0.011519682329619363,7.185917631004099,70.68332718498395
0.011867885067498724,0.8644454493732585,76.96221257500528
0.05534418329907165,0.34634639393088507,58.77462329840127
0.2850354493644908,2.995823323028265,72.49221338464588
0.016360220057748842,3.3167464768069,91.52535457913572
0.055490204871711066,3.20306346365049,77.12352626337662
0.05274975028621105,1.0980639311951004,99.34752053803174
0.12161204827711947,1.1312916131750352,51.636643927036076
0.03306771677311528,1.398578497140019,97.36536164118088
0.18661689252034547,3.4898287653880335,63.7586327066241
0.10270578947884398,5.536087702367741,79.95458088718821
0.028930847689444022,4.148188991761816,78.3994377869781
0.033475487907565354,1.0923609710325912,95.41370919406171
0.026656094016099037,7.756943826743381,74.80601491210105
0.03921230238235925,6.079200661462201,91.5117092050691
0.041046586628010896,3.783969403836119,56.38216925179804
0.012899924623053404,2.0077462772947112,95.74815312844937
0.041744135760058504,7.622794163376144,51.25996206080649
0.13512737239871636,0.8448704995241654,91.06344633801825
0.02572767723195836,0.6318029770840602,77.48987321402718
0.31106864985677685,1.4127873383438327,55.69861555257011
0.039232626117882835,7.650179427430897,79.76638762808908
0.04713977788025227,5.242554148504785,74.76224424879425
0.0947347537668212,2.4806942287490257,57.14184947827491
0.14050697923651373,2.0615905585335184,72.11212264991681
0.03937664570093539,6.709632322755766,66.80999849715266
0.011531592323378644,3.1283962169637722,51.97033268237771
0.07203476660515407,5.825865907250121,59.387464776487526
0.06557044323772279,2.6159120028164216,89.04107488566152
0.02054573760115505,4.711341132496415,97.98812544219865
0.048910113287400164,7.470176440629305,60.67606973790235
0.0556157561187455,6.0130701196593055,97.51709416369336
0.011519682329619363,7.185917631004099,70.68332718498395
0.011867885067498724,0.8644454493732585,76.96221257500528
0.05534418329907165,0.34634639393088507,58.77462329840127
0.2850354493644908,2.995823323028265,72.49221338464588
0.016360220057748842,3.3167464768069,91.52535457913572
0.05554998716247134,3.2234347018773977,77.02478333174591
0.05274975028621105,1.0980639311951004,99.34752053803174
0.12161204827711947,1.1312916131750352,51.636643927036076
0.030144882231513258,1.7341456813255978,96.34370204399862
0.300801553539308,1.772326948710187,56.58371928257142
0.09058554247562726,5.658855606768161,84.47490044782126
0.02909999081879165,4.123843124818383,78.27376632372471
0.033475487907565354,1.0923609710325912,95.41370919406171
0.026656094016099037,7.756943826743381,74.80601491210105
0.03933485537130961,6.1725550832025355,91.39495884175041
0.04326949422780842,3.2738065229395468,64.54303999508791
0.012899924623053404,2.0077462772947112,95.74815312844937
0.041744135760058504,7.622794163376144,51.25996206080649
0.14271181163379104,0.2460989553008588,94.87125478629905
0.02572767723195836,0.6318029770840602,77.48987321402718
0.20175043662189274,3.37239820131911,63.02988340649928
0.039232626117882835,7.650179427430897,79.76638762808908
0.043082427357615576,6.216641126264031,73.67072395213431
0.0947347537668212,2.4806942287490257,57.14184947827491
0.12809538120796604,1.6771457125114848,74.36066644295015
0.04186097925630712,5.667166262274405,72.85452296036556
0.011531592323378644,3.1283962169637722,51.97033268237771
0.07105452290106813,5.782162784029653,59.26729592379619
0.06557044323772279,2.6159120028164216,89.04107488566152
0.026210091525331127,3.212803259548698,97.70641641428165
0.06890547031212314,6.6011270399430195,72.09445524909937
0.05662254588530871,6.038388775666069,99.32228697437812
0.011519682329619363,7.185917631004099,70.68332718498395
0.023916001484926237,3.852060526556106,78.19683151154827
0.05534418329907165,0.34634639393088507,58.77462329840127
0.3024394357712579,2.770802310773192,71.15325396399768
0.016360220057748842,3.3167464768069,91.52535457913572
0.045427723855235094,3.439188499970028,77.39650772561623
0.05274975028621105,1.0980639311951004,99.34752053803174
0.12034914421118705,1.2414042728064656,51.79366763777846
0.030144882231513258,1.7341456813255978,96.34370204399862
0.300801553539308,1.772326948710187,56.58371928257142
0.09058554247562726,5.658855606768161,84.47490044782126
0.026864522005183116,3.5594969796578138,74.40547414774527
0.03345570787906611,0.9534725893644271,95.68923725959519
0.026251810160760464,7.582592420504519,75.46252635801108
0.034086502896645055,5.3826926564253945,86.90250922488386
0.04326949422780842,3.2738065229395468,64.54303999508791
0.034583411128274046,3.78615069340708,86.59022720423951
0.03917126711543539,6.892377335145071,58.95278334123153
0.12334706382348481,1.1618049061762763,93.4506581504385
0.02572767723195836,0.6318029770840602,77.48987321402718
0.2964810922748567,2.012803350179378,57.209020906704986
0.03923559745430405,7.6868763238448885,80.77429548198893
0.043082427357615576,6.216641126264031,73.67072395213431
0.0947347537668212,2.4806942287490257,57.14184947827491
0.1499215184471104,1.3489920077703035,69.27983014956988
0.04186097925630712,5.667166262274405,72.85452296036556
0.010857425997093578,3.1523379186245037,51.16500320784103
0.07105452290106813,5.782162784029653,59.26729592379619
0.055641524262348856,2.766481920700008,91.22696678419669
0.026210091525331127,3.212803259548698,97.70641641428165
0.06805430684252572,6.531317561988397,72.45394042700606
0.05662254588530871,6.038388775666069,99.32228697437812
0.011519682329619363,7.185917631004099,70.68332718498395
0.027243654601379955,3.831500234131218,80.8151156375198
0.05534418329907165,0.34634639393088507,58.77462329840127
0.4311749876737272,1.339889652859232,70.31276313405291
0.019494951690176707,2.418255332055763,86.82851245930289
0.046775119432800806,3.444864179645435,76.74157891235564
0.04662012776224744,1.8822953447671682,93.88555553688899
0.12034914421118705,1.2414042728064656,51.79366763777846
0.03977010537886819,2.952150182881196,90.27807881547115
0.20165173826942645,3.482145448541349,63.157439214045844
0.0996472029811981,6.446624565788669,86.1756994449006
0.026403391501720323,0.513078183477127,74.78382308822314
0.03665401802489456,1.4191457680532693,94.1293873580781
0.027463689979202253,7.517848388672088,73.91386804830901
0.034086502896645055,5.3826926564253945,86.90250922488386
0.03992906903745656,3.3257716673905424,65.13457719613442
0.0312319990527002,2.827736829209227,91.68476732995892
0.038496548856289926,6.700830218340428,60.9701762590911
0.12334706382348481,1.1618049061762763,93.4506581504385
0.032057823422847395,0.5707903141312962,73.48972992580565
0.2717594777196375,1.8419563955583578,57.36952814319001
0.03640823082853275,4.3930762003485535,88.07028410917478
0.029582244445990523,6.745273951134476,81.60202951789745
0.11689510608094977,2.1284536599890638,51.50509246471508
0.09202072205916693,1.480218733505776,80.33760887495941
0.04186097925630712,5.667166262274405,72.85452296036556
0.010857425997093578,3.1523379186245037,51.16500320784103
0.06594895471146069,5.3212460764953775,60.23672703087365
0.052269661560415896,3.692779665610914,86.51347179004638
0.026210091525331127,3.212803259548698,97.70641641428165
0.052357768088032525,7.946317417562456,79.18651665486175
0.05662254588530871,6.038388775666069,99.32228697437812
0.019353196839538137,6.002285867295882,75.86146638569461
0.02287366730636404,5.856103643041463,70.35163124557623
0.016830349997338567,0.08018371609746788,59.02467771680904
0.38130598474667515,2.034592144740472,70.35679846377522
0.014571078942328512,1.655751087283899,95.12878739706898
0.0596434590539309,3.3707763072125245,78.25141756038376
0.04662012776224744,1.8822953447671682,93.88555553688899
0.12034914421118705,1.2414042728064656,51.79366763777846
0.03977010537886819,2.952150182881196,90.27807881547115
0.2469186696839156,4.315362696052473,64.16964582604494
0.0996472029811981,6.446624565788669,86.1756994449006
0.026403391501720323,0.513078183477127,74.78382308822314
0.03665401802489456,1.4191457680532693,94.1293873580781
0.027463689979202253,7.517848388672088,73.91386804830901
0.034086502896645055,5.3826926564253945,86.90250922488386
0.03992906903745656,3.3257716673905424,65.13457719613442
0.0312319990527002,2.827736829209227,91.68476732995892
0.038496548856289926,6.700830218340428,60.9701762590911
0.12334706382348481,1.1618049061762763,93.4506581504385
0.032057823422847395,0.5707903141312962,73.48972992580565
0.2717594777196375,1.8419563955583578,57.36952814319001
0.03640823082853275,4.3930762003485535,88.07028410917478
0.029582244445990523,6.745273951134476,81.60202951789745
0.11689510608094977,2.1284536599890638,51.50509246471508
0.11460095052958208,1.5051261492051056,74.71290148819853
0.04186097925630712,5.667166262274405,72.85452296036556
0.010857425997093578,3.1523379186245037,51.16500320784103
0.0737477438445222,6.027009690303123,51.28728219990804
0.049011950338730126,3.59589565683852,80.86979911418018
0.018230061965040425,3.733012649032933,99.20031786518659
0.052357768088032525,7.946317417562456,79.18651665486175
0.05662254588530871,6.038388775666069,99.32228697437812
0.018904640393245797,6.020911496921399,76.563495302965
0.02287366730636404,5.856103643041463,70.35163124557623
0.016830349997338567,0.08018371609746788,59.02467771680904
0.38130598474667515,2.034592144740472,70.35679846377522
0.014571078942328512,1.655751087283899,95.12878739706898
0.05801965383687974,3.5800393776131627,78.03254291555432
0.05099656697637741,2.178698067744236,98.02062312984083
0.08289049753597393,2.647838399056783,67.98211382229486
0.02233430525680291,3.035589854178233,92.75141156360202
0.21924006360974232,4.522399138267835,65.6741342931864
0.09131743648715962,5.781826866356349,87.22743802787878
0.030011815421580615,1.7162500498687745,74.33344668794135
0.03665401802489456,1.4191457680532693,94.1293873580781
0.027463689979202253,7.517848388672088,73.91386804830901
0.03241028487936727,5.923095435833478,83.61511538913327
0.03482840168278487,5.0411137184099175,68.72694627192296
0.0312319990527002,2.827736829209227,91.68476732995892
0.03567704985761018,6.44748670992573,57.26480571074376
0.11887353996473257,1.4538356840422564,91.73820878297279
0.032057823422847395,0.5707903141312962,73.48972992580565
0.2717594777196375,1.8419563955583578,57.36952814319001
0.03640823082853275,4.3930762003485535,88.07028410917478
0.029582244445990523,6.745273951134476,81.60202951789745
0.11689510608094977,2.1284536599890638,51.50509246471508
0.11391910975191234,1.513311333198205,71.99591944671523
0.04186097925630712,5.667166262274405,72.85452296036556
0.010857425997093578,3.1523379186245037,51.16500320784103
0.0737477438445222,6.027009690303123,51.28728219990804
0.052004163276429996,2.7292045974526817,84.22366710361064
0.018230061965040425,3.733012649032933,99.20031786518659
0.052357768088032525,7.946317417562456,79.18651665486175
0.0521864591133927,6.2634665784431505,95.45677347631144
0.018904640393245797,6.020911496921399,76.563495302965
0.010568810346822985,5.814766785290385,74.9627043892383
0.016830349997338567,0.08018371609746788,59.02467771680904
0.38130598474667515,2.034592144740472,70.35679846377522
0.014571078942328512,1.655751087283899,95.12878739706898
0.06087811001832573,3.5750076312445387,77.13218329326278
0.052113568992171,2.336535825519583,95.65940997667316
0.11067217383723321,1.0910224812034564,57.21167782722628
0.02233430525680291,3.035589854178233,92.75141156360202
0.16465484929454655,5.043134213045249,70.60847976464461
0.13247439778403186,7.420296567663764,83.93170527467113
0.030011815421580615,1.7162500498687745,74.33344668794135
0.03665401802489456,1.4191457680532693,94.1293873580781
0.027463689979202253,7.517848388672088,73.91386804830901
0.033699092873809455,6.292433248833799,82.44650131979971
0.03482840168278487,5.0411137184099175,68.72694627192296
0.0312319990527002,2.827736829209227,91.68476732995892
0.01985145895926091,6.644137424114697,59.69174672423127
0.17240820661299683,0.4486573189770411,90.60941364043325
0.028407458915204797,1.4699815587423766,73.74908058573338
0.2947456406820707,1.8898167056772128,55.23949880795751
0.03294384570492505,4.846721184392986,86.39622561501135
0.029564875770620593,6.948610509077481,81.89591728673365
0.11689510608094977,2.1284536599890638,51.50509246471508
0.09530007468228585,2.62254369205512,74.42149548079453
0.04816018104747815,6.227932391684222,76.55166503910002
0.010857425997093578,3.1523379186245037,51.16500320784103
0.07338072928884046,5.978976210992217,51.48274003251477
0.07986677518305235,2.2237353331675287,75.67102993231745
0.02078565270169548,3.2955548601335023,93.8064224773243
0.051172250200367586,7.89442407422611,79.32743966143784
0.05929701438458596,6.9355353156715545,95.83048719058075
0.018904640393245797,6.020911496921399,76.563495302965
0.011958915673866768,5.521737496608852,74.91771471406757
0.016830349997338567,0.08018371609746788,59.02467771680904
0.38130598474667515,2.034592144740472,70.35679846377522
0.017548845296880153,1.4709963040307106,91.44393585972752
0.06087811001832573,3.5750076312445387,77.13218329326278
0.052113568992171,2.336535825519583,95.65940997667316
0.11067217383723321,1.0910224812034564,57.21167782722628
0.023284922580855835,2.8760142040470402,92.1038088147855
0.16465484929454655,5.043134213045249,70.60847976464461
0.13569782060754776,7.182183084806745,82.59715628060756
0.030011815421580615,1.7162500498687745,74.33344668794135
0.04196565850862951,3.639047020763484,86.01490633620476
0.025623348503914213,5.909685474322723,80.67247838852167
0.04028910484082701,6.896625067924299,81.27014530867237
0.03884425166954231,4.794016262958538,66.75062894649254
0.05856388957299205,2.7304548442059184,87.90462872663373
0.016779546019822757,7.065871544227362,53.42598053208088
0.17240820661299683,0.4486573189770411,90.60941364043325
0.023874425204605813,1.4979253774713186,62.546272674875766
0.2947456406820707,1.8898167056772128,55.23949880795751
0.03294384570492505,4.846721184392986,86.39622561501135
0.024808950891007604,4.383479898790512,73.35426452048702
0.11689510608094977,2.1284536599890638,51.50509246471508
0.09533446595509137,2.6232493897380813,74.40993836127782
0.04816018104747815,6.227932391684222,76.55166503910002
0.010857425997093578,3.1523379186245037,51.16500320784103
0.07338072928884046,5.978976210992217,51.48274003251477
0.07986677518305235,2.2237353331675287,75.67102993231745
0.02078565270169548,3.2955548601335023,93.8064224773243
0.051172250200367586,7.89442407422611,79.32743966143784
0.05929701438458596,6.9355353156715545,95.83048719058075
0.020868316598497846,6.0348070529748785,76.56270123773379
0.011958915673866768,5.521737496608852,74.91771471406757
0.016830349997338567,0.08018371609746788,59.02467771680904
0.22178957136526134,3.77249252689831,74.98317067178793
0.019519062850609628,1.509767418005412,88.73901193053199
0.03147668115258033,4.334254943235033,90.58297753416065
0.052113568992171,2.336535825519583,95.65940997667316
0.09196333390807276,2.2349502592962214,57.72256581208413
0.027644253833844806,2.7939010595621965,93.12389296705086
0.1777749922978264,5.362547355522487,68.96949615784207
0.125988188880911,6.868756388254791,80.15247776397717
0.030011815421580615,1.7162500498687745,74.33344668794135
0.05379505018246507,1.9858707519217864,89.70258464640335
0.02448364677222532,6.21643737314832,78.74280623145403
0.04419029144480548,7.908425473108868,79.86728620873293
0.03884425166954231,4.794016262958538,66.75062894649254
0.05856388957299205,2.7304548442059184,87.90462872663373
0.016779546019822757,7.065871544227362,53.42598053208088
0.17240820661299683,0.4486573189770411,90.60941364043325
0.023874425204605813,1.4979253774713186,62.546272674875766
0.34059894287978454,1.0831311459775819,51.276437887282704
0.03105680203906582,4.531216421750794,87.12800155087784
0.024808950891007604,4.383479898790512,73.35426452048702
0.11689510608094977,2.1284536599890638,51.50509246471508
0.09533446595509137,2.6232493897380813,74.40993836127782
0.04816018104747815,6.227932391684222,76.55166503910002
0.010857425997093578,3.1523379186245037,51.16500320784103
0.0582975048018449,5.461464926219401,58.15073317502788
0.07986677518305235,2.2237353331675287,75.67102993231745
0.02078565270169548,3.2955548601335023,93.8064224773243
0.051172250200367586,7.89442407422611,79.32743966143784
0.05929701438458596,6.9355353156715545,95.83048719058075
0.022160452388036725,6.406856022345577,79.84085858686336
0.011958915673866768,5.521737496608852,74.91771471406757
0.016830349997338567,0.08018371609746788,59.02467771680904
0.24220361080126715,4.092447199172437,79.55235755025421
0.019519062850609628,1.509767418005412,88.73901193053199
0.0315349053990416,4.318583827132386,90.68155921052264
0.05589135268414239,2.261833644960057,99.73371823896737
0.09196333390807276,2.2349502592962214,57.72256581208413
0.027998012162618078,2.41082568737731,94.73352969516772
0.1777749922978264,5.362547355522487,68.96949615784207
0.125988188880911,6.868756388254791,80.15247776397717
0.03530663381001933,2.437267860302379,76.26993466814255
0.04293590427927961,3.47617788240303,79.06020800285893
0.02448364677222532,6.21643737314832,78.74280623145403
0.04419029144480548,7.908425473108868,79.86728620873293
0.03977701264850927,4.82384991195726,66.28603212153509
0.05856388957299205,2.7304548442059184,87.90462872663373
0.016795459157415548,4.8777709854725995,55.1796392611286
0.16711173654526723,0.5903841347935721,89.98412844763114
0.023874425204605813,1.4979253774713186,62.546272674875766
0.21937821691165982,2.7203361105850177,59.99665606679441
0.03105680203906582,4.531216421750794,87.12800155087784
0.025713198331524023,4.374029529911663,73.2910458665344
0.11689510608094977,2.1284536599890638,51.50509246471508
0.08799759350404077,1.6071006037149917,73.03547956406435
0.0504507729286212,6.611340083037428,74.70138499331243
0.032348170511729335,4.8307941445111515,70.98132570044648
0.061598024761170725,5.574175078481948,54.63980860475895
0.07398569642540877,3.1065349084967635,70.89394460370656
0.02078565270169548,3.2955548601335023,93.8064224773243
0.050675375417642596,7.627884137994579,79.3113183530851
0.05929701438458596,6.9355353156715545,95.83048719058075
0.02212206968784444,6.3356951878483905,79.97015990619383
0.011958915673866768,5.521737496608852,74.91771471406757
0.016830349997338567,0.08018371609746788,59.02467771680904
0.27694601464544333,3.63606598060825,80.43127256126553
0.019519062850609628,1.509767418005412,88.73901193053199
0.030875246548135823,3.191498405662615,83.6010995655175
0.05589135268414239,2.261833644960057,99.73371823896737
0.09196333390807276,2.2349502592962214,57.72256581208413
0.027998012162618078,2.41082568737731,94.73352969516772
0.14081731438418238,4.310317040355747,64.21040624911483
0.11223667348035607,4.964186590499784,77.57632676184234
0.02673142706515895,3.567818419765055,66.49996345781284
0.04293590427927961,3.47617788240303,79.06020800285893
0.023279733783734737,7.550469008461322,80.22930626936562
0.044823855951653294,7.658648726355043,78.76360076050537
0.03977701264850927,4.82384991195726,66.28603212153509
0.05856388957299205,2.7304548442059184,87.90462872663373
0.016795459157415548,4.8777709854725995,55.1796392611286
0.16711173654526723,0.5903841347935721,89.98412844763114
0.023874425204605813,1.4979253774713186,62.546272674875766
0.19863902630072253,2.600558687137604,58.27824456756377
0.03105680203906582,4.531216421750794,87.12800155087784
0.02674031635331509,3.4645039999604657,73.8963738912217
0.11689510608094977,2.1284536599890638,51.50509246471508
0.1139407024703723,0.27482802116510907,66.61470766911776
0.0504507729286212,6.611340083037428,74.70138499331243
0.032348170511729335,4.8307941445111515,70.98132570044648
0.061598024761170725,5.574175078481948,54.63980860475895
0.06347418039937523,2.7691073307668104,69.1429076588775
0.02078565270169548,3.2955548601335023,93.8064224773243
0.05402389067553871,7.48302912223296,79.02424931044291
0.05923271403382689,6.566719330986094,95.13533205295758
0.0226419766855569,5.988420324766661,81.27643192911727
0.011958915673866768,5.521737496608852,74.91771471406757
0.016830349997338567,0.08018371609746788,59.02467771680904
0.27694601464544333,3.63606598060825,80.43127256126553
0.019519062850609628,1.509767418005412,88.73901193053199
0.02786969665977964,2.464423970245468,74.56196979697826
0.05589135268414239,2.261833644960057,99.73371823896737
0.05921045445179968,1.9868698760868593,53.70178109970465
0.027998012162618078,2.41082568737731,94.73352969516772
0.2270873541930814,3.0852726278001343,51.75191242574048
0.11193104006862346,4.972547516291618,77.64459039713009
0.028270833783278503,3.7886523372989953,67.20638447045664
0.04293590427927961,3.47617788240303,79.06020800285893
0.023279733783734737,7.550469008461322,80.22930626936562
0.04482979226356866,7.671799725858872,78.76266813435146
0.03977701264850927,4.82384991195726,66.28603212153509
0.07796465370252186,3.103090195196116,82.31597363325446
0.017435235302152925,4.086624922908372,63.06275607430065
0.16711173654526723,0.5903841347935721,89.98412844763114
0.02392071247225458,1.026831130654843,61.169929784925536
0.15250382023332057,2.9222909575081735,60.69595862634491
0.025174472931331446,4.330339524303827,93.38532283639168
0.02674031635331509,3.4645039999604657,73.8963738912217
0.11689510608094977,2.1284536599890638,51.50509246471508
0.1139407024703723,0.27482802116510907,66.61470766911776
0.06342256539706671,6.9785371899654685,74.62848167186914
0.032348170511729335,4.8307941445111515,70.98132570044648
0.061598024761170725,5.574175078481948,54.63980860475895
0.11194955239854187,0.17890863963499992,63.708869384681535
0.02078565270169548,3.2955548601335023,93.8064224773243
0.042332160291246416,5.8058046479447105,73.65901092320303
0.05056384062870402,5.2067117595243975,86.79704027127437
0.0226419766855569,5.988420324766661,81.27643192911727
0.011958915673866768,5.521737496608852,74.91771471406757
0.016830349997338567,0.08018371609746788,59.02467771680904
0.27694601464544333,3.63606598060825,80.43127256126553
0.019519062850609628,1.509767418005412,88.73901193053199
0.028576078744717157,2.9225026928744757,77.34707372463649
0.05589135268414239,2.261833644960057,99.73371823896737
0.06058393603672932,1.9690939292948493,54.16362117216301
0.027998012162618078,2.41082568737731,94.73352969516772
0.15136393334602496,4.9908589749227295,62.97420027084624
0.1366997190491041,6.421345440374891,88.97127765338703
0.028867248160991545,3.981981924261084,67.63291254683959
0.04293590427927961,3.47617788240303,79.06020800285893
0.023279733783734737,7.550469008461322,80.22930626936562
0.04482979226356866,7.671799725858872,78.76266813435146
0.02524157833750005,6.818143699929908,74.75458389913311
0.07796465370252186,3.103090195196116,82.31597363325446
0.017435235302152925,4.086624922908372,63.06275607430065
0.16711173654526723,0.5903841347935721,89.98412844763114
0.02392071247225458,1.026831130654843,61.169929784925536
0.1128617867412902,2.9929734771810486,66.08502273108259
0.025174472931331446,4.330339524303827,93.38532283639168
0.024258682149539763,2.8598819361161913,75.18636523042707
0.11689510608094977,2.1284536599890638,51.50509246471508
0.11505723746287662,0.21248290845358664,66.55495364857394
0.06342256539706671,6.9785371899654685,74.62848167186914
0.032348170511729335,4.8307941445111515,70.98132570044648
0.06556942911246524,5.531944527518335,51.9243175064622
0.09495688932577133,0.22892649950689306,69.22641603757184
0.016441339162611965,3.8284651989001204,93.2479860238334
0.051111683793435975,6.560794551766477,63.565131985999926
0.04699012943358849,5.270229530067804,85.83352182550071
0.02251725916119754,5.682951604283876,81.48120412271655
0.010922253051143947,5.911286115496226,76.10915902811865
0.016830349997338567,0.08018371609746788,59.02467771680904
0.27694601464544333,3.63606598060825,80.43127256126553
0.013161402844359935,0.4696913027316718,95.78554986634974
0.02148341662469848,3.1559028951368586,78.50728897137924
0.05589135268414239,2.261833644960057,99.73371823896737
0.06058393603672932,1.9690939292948493,54.16362117216301
0.037936141082783315,2.3568988524914185,85.29764533231426
0.12560321259334198,5.129231230728011,66.6743637497496
0.1436354806087871,6.7531010225365495,90.68102422507772
0.030954666157847036,5.2290435726873055,70.36026505766944
0.04293590427927961,3.47617788240303,79.06020800285893
0.023279733783734737,7.550469008461322,80.22930626936562
0.04482979226356866,7.671799725858872,78.76266813435146
0.02524157833750005,6.818143699929908,74.75458389913311
0.07796465370252186,3.103090195196116,82.31597363325446
0.017435235302152925,4.086624922908372,63.06275607430065
0.16711173654526723,0.5903841347935721,89.98412844763114
0.02392071247225458,1.026831130654843,61.169929784925536
0.11442341963892919,2.6582460545560407,60.43992081084544
0.025174472931331446,4.330339524303827,93.38532283639168
0.02646700810867994,3.3979155419655016,74.03844368860618
0.11689510608094977,2.1284536599890638,51.50509246471508
0.11505723746287662,0.21248290845358664,66.55495364857394
0.08052869052460557,6.930460901027046,78.05183065258547
0.032174164742521945,4.880523230676639,70.90377435690759
0.06556942911246524,5.531944527518335,51.9243175064622
0.09495688932577133,0.22892649950689306,69.22641603757184
0.020484986625817787,3.654811845950478,85.50021202979474
0.051111683793435975,6.560794551766477,63.565131985999926
0.04802118722556419,5.314650880117149,85.47660644800916
0.02251725916119754,5.682951604283876,81.48120412271655
0.018528116144105607,6.30619019301794,76.70437258376761
0.016830349997338567,0.08018371609746788,59.02467771680904
0.27694601464544333,3.63606598060825,80.43127256126553
0.013161402844359935,0.4696913027316718,95.78554986634974
0.0459512174489935,3.112276328566733,75.1810583134442
0.05589135268414239,2.261833644960057,99.73371823896737
0.0643324763027437,2.2136655716158695,60.235305254065295
0.022792478440497803,2.4370781042783944,73.12207075087935
0.15220694148818983,6.395168659687059,69.47020034203057
0.1436354806087871,6.7531010225365495,90.68102422507772
0.028809522615733704,5.291520309548417,70.5144482033569
0.028690220308053918,4.316749510864472,91.59369304215798
0.022742791537723166,7.750900992340618,81.72769701603336
0.04482979226356866,7.671799725858872,78.76266813435146
0.02524157833750005,6.818143699929908,74.75458389913311
0.09975548826690006,3.9335813979903644,65.12111950284375
0.017435235302152925,4.086624922908372,63.06275607430065
0.09288990596711491,0.397652873209027,80.61579001341924
0.02259507566638725,0.8560758610051611,59.92271589859822
0.10157489135197081,3.1722482394579594,65.2844049784596
0.025174472931331446,4.330339524303827,93.38532283639168
0.012681488602354012,0.1893762873582805,70.49181983790079
0.11844341339865967,2.2625143193208674,50.254395779858854
0.11505723746287662,0.21248290845358664,66.55495364857394
0.1030841188918519,6.686184860895087,77.19393038519688
0.032174164742521945,4.880523230676639,70.90377435690759
0.08956299909744632,5.907266492242197,63.836175954744306
0.09495688932577133,0.22892649950689306,69.22641603757184
0.020484986625817787,3.654811845950478,85.50021202979474
0.04808317733208064,7.09641130546886,70.89188002090845
0.04802118722556419,5.314650880117149,85.47660644800916
0.02251725916119754,5.682951604283876,81.48120412271655
0.015103825835745877,6.2908014327152335,76.68454681173085
0.01735229634315331,1.9942525858506244,64.4599681709748
0.21928450260976604,4.365029742242736,79.13083282164219
0.013161402844359935,0.4696913027316718,95.78554986634974
0.04502170066038232,1.3752265939530535,77.05110439821644
0.05589135268414239,2.261833644960057,99.73371823896737
0.0643324763027437,2.2136655716158695,60.235305254065295
0.027355379947505424,0.15005059934897513,71.00788661194562
0.20756736395402178,6.969315491777435,60.96499336380049
0.1207333818127668,5.580835121290869,93.04386829886343
0.032558446563782505,5.00521214672009,71.10541161897063
0.028690220308053918,4.316749510864472,91.59369304215798
0.023208462155693617,6.983546009594075,80.64546285770028
0.04482979226356866,7.671799725858872,78.76266813435146
0.027206904886598694,6.084518618028634,69.27014467457192
0.12598639789971666,3.233335950519,54.80025060458629
0.017435235302152925,4.086624922908372,63.06275607430065
0.09288990596711491,0.397652873209027,80.61579001341924
0.021838262673610512,0.8314590541081064,59.91704780039339
0.11647394863077991,3.627671402588341,60.14448444795355
0.025809155802587327,4.357683743234909,93.16561829766971
0.012681488602354012,0.1893762873582805,70.49181983790079
0.11116165775418946,2.495053914103946,52.022248849783225
0.10246913686772674,1.1705734202496432,70.10808167480145
0.06982242607400357,6.883235660869276,82.42376699729205
0.03449834304535123,4.944193870670216,73.0410755561175
0.08956299909744632,5.907266492242197,63.836175954744306
0.06671193970647121,0.3120654357699596,78.3975993044696
0.01890060277503681,0.7804370668545326,88.14752306765946
0.04808317733208064,7.09641130546886,70.89188002090845
0.04802118722556419,5.314650880117149,85.47660644800916
0.022295528676175944,5.5593991793576105,81.82021205659689
0.014608544801499281,7.009616102588558,75.18922727456554
0.011138227688177967,0.7841835540305331,61.75840228468972
0.2249423487977284,4.466284643091812,79.68140618466978
0.012726063338060332,0.4091859855617308,95.91429106248378
0.044315811252740506,1.3896424035753363,76.99853769342312
0.05589135268414239,2.261833644960057,99.73371823896737
0.11123915294489684,3.4741824979944043,58.89223862993103
0.027355379947505424,0.15005059934897513,71.00788661194562
0.142435188502121,6.530372860777549,67.45310026276816
0.1207333818127668,5.580835121290869,93.04386829886343
0.03154287048298543,5.103739717181554,70.12323235485512
0.028690220308053918,4.316749510864472,91.59369304215798
0.023208462155693617,6.983546009594075,80.64546285770028
0.04482979226356866,7.671799725858872,78.76266813435146
0.04303940961975483,5.627527377220744,66.95089136233948
0.12408232595826918,3.2036578697919067,54.99135210600673
0.020037411268430144,6.2199583490381505,58.99612560398152
0.09288990596711491,0.397652873209027,80.61579001341924
0.021838262673610512,0.8314590541081064,59.91704780039339
0.11939034956381302,3.7127733000427394,59.307492672771275
0.025809155802587327,4.357683743234909,93.16561829766971
0.012681488602354012,0.1893762873582805,70.49181983790079
0.08097611692157917,3.7289544318530736,54.33239405969003
0.10246913686772674,1.1705734202496432,70.10808167480145
0.08016577388493029,6.8243535097299555,75.63926236370995
0.028686626926248914,5.672895274736874,65.78963855119673
0.11835083035032672,6.60697531582607,50.59256594986626
0.06671193970647121,0.3120654357699596,78.3975993044696
0.01890060277503681,0.7804370668545326,88.14752306765946
0.04808317733208064,7.09641130546886,70.89188002090845
0.046379712874032496,5.345065276733611,83.80521323493517
0.012369919181111563,5.653829261222308,80.40948265507629
0.014608544801499281,7.009616102588558,75.18922727456554
0.01728344046165998,1.539022266306044,65.71018416490307
0.21991532727064095,4.3310092550848385,79.28846059568329
0.012726063338060332,0.4091859855617308,95.91429106248378
0.044047562078421545,1.4430119940305328,76.79963116820468
0.05261675531023653,2.2005271379225855,96.84795288890402
0.17916797946089028,4.87327958517217,53.9629477204162
0.027355379947505424,0.15005059934897513,71.00788661194562
0.142435188502121,6.530372860777549,67.45310026276816
0.1207333818127668,5.580835121290869,93.04386829886343
0.03154287048298543,5.103739717181554,70.12323235485512
0.028690220308053918,4.316749510864472,91.59369304215798
0.02411212395117727,5.494447589547159,78.54532249042663
0.04482979226356866,7.671799725858872,78.76266813435146
0.051890666985918335,7.032576853613956,67.37727091937158
0.12408232595826918,3.2036578697919067,54.99135210600673
0.019914872929197913,5.6336239681719995,62.13839965652225
0.09288990596711491,0.397652873209027,80.61579001341924
0.022580170803777472,0.8658401964831257,56.98618045911938
0.17046340167323004,1.200872600526015,53.20156462748842
0.025809155802587327,4.357683743234909,93.16561829766971
0.013909440273896694,0.27548156860292383,69.0737102614724
0.08097611692157917,3.7289544318530736,54.33239405969003
0.10246913686772674,1.1705734202496432,70.10808167480145
0.08016577388493029,6.8243535097299555,75.63926236370995
0.028686626926248914,5.672895274736874,65.78963855119673
0.11835083035032672,6.60697531582607,50.59256594986626
0.06671193970647121,0.3120654357699596,78.3975993044696
0.01890060277503681,0.7804370668545326,88.14752306765946
0.04745249250563933,7.0188647378241065,71.5225568271007
0.03850583363418491,4.967121065917054,87.38813511906535
0.012597978204315676,5.791949463143978,79.87767138117998
0.014608544801499281,7.009616102588558,75.18922727456554
0.019596724667913783,2.1125171413217805,50.378847399209306
0.22757687775242516,4.229048471572354,84.05030905455412
0.012726063338060332,0.4091859855617308,95.91429106248378
0.06564655271349822,2.0121046415533215,67.05280619795089
0.05261675531023653,2.2005271379225855,96.84795288890402
0.17916797946089028,4.87327958517217,53.9629477204162
0.027355379947505424,0.15005059934897513,71.00788661194562
0.12909349654989993,6.8909901019112665,64.8523197413045
0.12695139679558806,5.458815727341256,94.86999020386013
0.026855646873788115,5.742359086852491,69.02045059310478
0.027754440230792023,4.330045096248827,92.10425999901078
0.023298292703295236,6.0395958369550025,71.53399057504345
0.04359194959166045,7.399081508692078,77.3702609541875
0.051890666985918335,7.032576853613956,67.37727091937158
0.12296648563055367,2.3825974147445974,52.79560459420989
0.01861594794832913,5.653749285453493,62.207569426438894
0.09896325817773174,0.1257722226398572,78.16791492356504
0.019697686784496723,3.0873864484435036,63.56827444254856
0.1792851177831717,0.7464983105884588,51.40672008187722
0.025809155802587327,4.357683743234909,93.16561829766971
0.013909440273896694,0.27548156860292383,69.0737102614724
0.08017182825994085,3.82030822084496,54.69311897795394
0.10359184845085558,0.7302472412079615,71.69086533415701
0.07240374158964044,6.881514613510515,73.37119509721258
0.03256334482181465,7.611034808702332,56.93259817681471
0.09401698183800292,4.485498806994434,58.192347421749254
0.06671193970647121,0.3120654357699596,78.3975993044696
0.01890060277503681,0.7804370668545326,88.14752306765946
0.04745249250563933,7.0188647378241065,71.5225568271007
0.033833074731223226,3.7637616264843206,78.46787818423576
0.012597978204315676,5.791949463143978,79.87767138117998
0.014982981413348478,6.721035751028486,74.3342088413174
0.019596724667913783,2.1125171413217805,50.378847399209306
0.22757687775242516,4.229048471572354,84.05030905455412
0.012726063338060332,0.4091859855617308,95.91429106248378
0.06564655271349822,2.0121046415533215,67.05280619795089
0.05261675531023653,2.2005271379225855,96.84795288890402
0.17916797946089028,4.87327958517217,53.9629477204162
0.027355379947505424,0.15005059934897513,71.00788661194562
0.11333011694976292,7.246225357269706,62.40874066810417
0.12695139679558806,5.458815727341256,94.86999020386013
0.025464020606276824,5.850755269622307,68.84391095445648
0.020416429253564523,3.3283933709735036,99.77145275990952
0.023298292703295236,6.0395958369550025,71.53399057504345
0.04359194959166045,7.399081508692078,77.3702609541875
0.051890666985918335,7.032576853613956,67.37727091937158
0.12296648563055367,2.3825974147445974,52.79560459420989
0.01861594794832913,5.653749285453493,62.207569426438894
0.09896325817773174,0.1257722226398572,78.16791492356504
0.019697686784496723,3.0873864484435036,63.56827444254856
0.14202586880108045,2.0108155920024062,56.214350356105584
0.025809155802587327,4.357683743234909,93.16561829766971
0.013909440273896694,0.27548156860292383,69.0737102614724
0.08017182825994085,3.82030822084496,54.69311897795394
0.12103384929675026,0.22716580236771078,63.08293712106468
0.0739130123538745,6.286749195997755,69.7422095547733
0.03256334482181465,7.611034808702332,56.93259817681471
0.07702538624086495,5.467281401881201,64.6546804461115
0.11190059611764633,0.34337410148405617,86.3770325303141
0.01890060277503681,0.7804370668545326,88.14752306765946
0.04745249250563933,7.0188647378241065,71.5225568271007
0.030900588964660625,3.6234428329757016,75.37685046963816
0.012597978204315676,5.791949463143978,79.87767138117998
0.03573110897129575,6.751937675771568,72.61016575640137
0.019596724667913783,2.1125171413217805,50.378847399209306
0.2565685979030274,4.018278073798487,84.61302448369906
0.012726063338060332,0.4091859855617308,95.91429106248378
0.06564655271349822,2.0121046415533215,67.05280619795089
0.0632114709013162,2.664922206342383,96.56603921206282
0.17916797946089028,4.87327958517217,53.9629477204162
0.027355379947505424,0.15005059934897513,71.00788661194562
0.11333011694976292,7.246225357269706,62.40874066810417
0.12695139679558806,5.458815727341256,94.86999020386013
0.025464020606276824,5.850755269622307,68.84391095445648
0.020416429253564523,3.3283933709735036,99.77145275990952
0.024734830867724416,7.391063691631066,57.45830905759463
0.03663933624570358,5.730501690034996,75.42693775148719
0.051890666985918335,7.032576853613956,67.37727091937158
0.12296648563055367,2.3825974147445974,52.79560459420989
0.021909643145802096,5.578110942139808,52.53654540623933
0.09896325817773174,0.1257722226398572,78.16791492356504
0.019697686784496723,3.0873864484435036,63.56827444254856
0.13727975118033867,1.8030567631323522,58.63394819570376
0.025809155802587327,4.357683743234909,93.16561829766971
0.015025759110808624,0.8177843850469353,68.0119341780213
0.08017182825994085,3.82030822084496,54.69311897795394
0.12103384929675026,0.22716580236771078,63.08293712106468
0.060638943257622674,4.537112090661531,70.10306735277739
0.03256334482181465,7.611034808702332,56.93259817681471
0.07331445348686891,5.909144517806576,64.78721481293054
0.11582592858483493,0.29342955264336507,76.3655867496458
0.01890060277503681,0.7804370668545326,88.14752306765946
0.04745249250563933,7.0188647378241065,71.5225568271007
0.03899377946139769,5.218137151847402,78.3791498056482
0.012597978204315676,5.791949463143978,79.87767138117998
0.03573110897129575,6.751937675771568,72.61016575640137
0.021443918483387128,2.5046588416918527,53.09372929257143
0.31442878647346423,3.597633320851373,85.73606308481307
0.012726063338060332,0.4091859855617308,95.91429106248378
0.0604783585753143,1.8555642372666152,69.87140743646086
0.0632114709013162,2.664922206342383,96.56603921206282
0.10312026045087941,4.1332233616808915,75.90687403145073
0.027355379947505424,0.15005059934897513,71.00788661194562
0.11749378352949436,7.676415733476889,63.377586692506824
0.08707597718536825,4.661411012559252,96.70457917155427
0.025464020606276824,5.850755269622307,68.84391095445648
0.028103999868066,4.37776061682364,91.73901918256517
0.02454723232730687,7.920752273162112,51.22310136735258
0.03663933624570358,5.730501690034996,75.42693775148719
0.057606493899146016,7.996167436080707,67.27886770765282
0.12579234663144442,2.2681789879973584,53.94826590939868
0.021909643145802096,5.578110942139808,52.53654540623933
0.08275262732684896,0.9663172372658719,72.93972420184058
0.056940388746204856,2.799817787228918,60.191336232971956
0.13727975118033867,1.8030567631323522,58.63394819570376
0.025809155802587327,4.357683743234909,93.16561829766971
0.015025759110808624,0.8177843850469353,68.0119341780213
0.08017182825994085,3.82030822084496,54.69311897795394
0.12494858188259467,0.2451503116368804,60.40726550711773
0.05084558165646379,4.7535335828051375,74.29720247824014
0.022175756592070536,7.603038263117827,56.14433088578062
0.06891861612283265,6.900331605534006,62.49395467031481
0.11582592858483493,0.29342955264336507,76.3655867496458
0.01890060277503681,0.7804370668545326,88.14752306765946
0.04745249250563933,7.0188647378241065,71.5225568271007
0.03944621210081723,5.005445915791748,79.17913150410295
0.012597978204315676,5.791949463143978,79.87767138117998
0.03573110897129575,6.751937675771568,72.61016575640137
0.02465398294190896,3.9788172653959712,54.20197140787262
0.17580693731044972,4.678498422141799,77.63257905752778
0.012726063338060332,0.4091859855617308,95.91429106248378
0.0604783585753143,1.8555642372666152,69.87140743646086
0.06856018905819011,2.4552804258478385,93.43335149195582
0.10156515575922126,4.2590402075339195,75.29700587343851
0.027355379947505424,0.15005059934897513,71.00788661194562
0.09025165190175616,6.481701727048651,67.84092707078113
0.10188114743545967,6.425426603246094,99.32024329509098
0.017094490331122446,5.648602636164892,70.06693813338356
0.02378761563696765,4.771425901731793,88.43719646364288
0.02454723232730687,7.920752273162112,51.22310136735258
0.038715399878244475,6.978393342088004,76.4151189822542
0.0529583118339107,7.46428849091934,71.06303132079373
0.12164278606257743,2.4361936892981233,52.255671000711345
0.02405168496109841,5.6989335971391055,54.12872605125088
0.06365049179402579,3.059121685425932,67.64351336164847
0.060963576982162614,2.7167940696052173,61.03259929885169
0.13727975118033867,1.8030567631323522,58.63394819570376
0.025809155802587327,4.357683743234909,93.16561829766971
0.01532672944691491,0.2011405472940373,66.54094686420214
0.08017182825994085,3.82030822084496,54.69311897795394
0.11295310592975336,1.643922576256748,71.9037959595472
0.05084558165646379,4.7535335828051375,74.29720247824014
0.022175756592070536,7.603038263117827,56.14433088578062
0.062307177857975724,7.435234698231488,59.901135229907545
0.11582592858483493,0.29342955264336507,76.3655867496458
0.01890060277503681,0.7804370668545326,88.14752306765946
0.04745249250563933,7.0188647378241065,71.5225568271007
0.03944621210081723,5.005445915791748,79.17913150410295
0.012597978204315676,5.791949463143978,79.87767138117998
0.03573110897129575,6.751937675771568,72.61016575640137
0.0342857473876514,4.346318031075674,56.2045914752331
0.17790528920121595,4.762269762287967,77.82626591962102
0.012726063338060332,0.4091859855617308,95.91429106248378
0.06570557924277641,0.28298289501351714,67.46975238857247
0.06856018905819011,2.4552804258478385,93.43335149195582
0.10156515575922126,4.2590402075339195,75.29700587343851
0.03191807423924853,0.29039269163449033,70.24846158794658
0.07559609486562334,6.055854586928072,71.11159459006538
0.08077778614004634,6.275695169258232,94.72471176160464
0.017094490331122446,5.648602636164892,70.06693813338356
0.02378761563696765,4.771425901731793,88.43719646364288
0.02454723232730687,7.920752273162112,51.22310136735258
0.04717587342974419,6.924813147674132,84.28746433090443
0.0529583118339107,7.46428849091934,71.06303132079373
0.12164278606257743,2.4361936892981233,52.255671000711345
0.02405168496109841,5.6989335971391055,54.12872605125088
0.06365049179402579,3.059121685425932,67.64351336164847
0.07102278623701708,3.1980110901766183,53.75854617906349
0.10611555598870556,2.5726034130231827,57.898867081862946
0.026400909025096893,4.031726810865537,97.14520578563909
0.01532672944691491,0.2011405472940373,66.54094686420214
0.08017182825994085,3.82030822084496,54.69311897795394
0.2026427939559497,2.748845327146576,50.417640532315396
0.04874630372567449,5.031320889675862,75.38802955712922
0.0208459838220113,7.091560386524378,59.787891969831605
0.06813564624423799,7.9266971786115885,54.58903947711361
0.17984532509718407,0.35221894079640587,82.62401986963609
0.01890060277503681,0.7804370668545326,88.14752306765946
0.04745249250563933,7.0188647378241065,71.5225568271007
0.042811479795149446,3.4234138447104443,85.12952573145309
0.012597978204315676,5.791949463143978,79.87767138117998
0.03573110897129575,6.751937675771568,72.61016575640137
0.0285459302266793,5.518748565725595,57.73493756885032
0.2570979704881254,6.849289932918224,69.15423587006107
0.012726063338060332,0.4091859855617308,95.91429106248378
0.06570557924277641,0.28298289501351714,67.46975238857247
0.06856018905819011,2.4552804258478385,93.43335149195582
0.09822136474932247,4.418016187932943,74.25181922241468
0.03191807423924853,0.29039269163449033,70.24846158794658
0.07559609486562334,6.055854586928072,71.11159459006538
0.08077778614004634,6.275695169258232,94.72471176160464
0.017094490331122446,5.648602636164892,70.06693813338356
0.014469591565113883,3.911242166011644,93.98704306094132
0.02454723232730687,7.920752273162112,51.22310136735258
0.04717587342974419,6.924813147674132,84.28746433090443
0.0529583118339107,7.46428849091934,71.06303132079373
0.12164278606257743,2.4361936892981233,52.255671000711345
0.02405168496109841,5.6989335971391055,54.12872605125088
0.06365049179402579,3.059121685425932,67.64351336164847
0.07102278623701708,3.1980110901766183,53.75854617906349
0.10622947425781261,2.5693519258518434,57.85386011822142
0.02807713061798148,2.8950370810084545,88.97345423344309
0.01532672944691491,0.2011405472940373,66.54094686420214
0.10368431380674711,5.1325990365502285,50.39716003833242
0.2026427939559497,2.748845327146576,50.417640532315396
0.06808262941750079,4.508568266095004,92.0344423035665
0.0208459838220113,7.091560386524378,59.787891969831605
0.06813564624423799,7.9266971786115885,54.58903947711361
0.17984532509718407,0.35221894079640587,82.62401986963609
0.01890060277503681,0.7804370668545326,88.14752306765946
0.04745249250563933,7.0188647378241065,71.5225568271007
0.04505157326830444,4.315508725775915,82.02409714062603
0.012597978204315676,5.791949463143978,79.87767138117998
0.03573110897129575,6.751937675771568,72.61016575640137
0.04040397200558458,3.8479596936087734,60.84142118477915
0.2570979704881254,6.849289932918224,69.15423587006107
0.012726063338060332,0.4091859855617308,95.91429106248378
0.06570557924277641,0.28298289501351714,67.46975238857247
0.06856018905819011,2.4552804258478385,93.43335149195582
0.1704067438043271,1.9238016317948228,87.74556954504723
0.03191807423924853,0.29039269163449033,70.24846158794658
0.07610423554018307,6.352444878833592,71.29869991636727
0.08370832831740951,6.210342713867816,96.76505068216187
0.0164745530524062,6.847807113432313,65.73605386934724
0.014469591565113883,3.911242166011644,93.98704306094132
0.02454723232730687,7.920752273162112,51.22310136735258
0.04717587342974419,6.924813147674132,84.28746433090443
0.0529583118339107,7.46428849091934,71.06303132079373
0.12164278606257743,2.4361936892981233,52.255671000711345
0.02405168496109841,5.6989335971391055,54.12872605125088
0.07434795988836583,3.6131771488523454,63.03510214472136
0.07102278623701708,3.1980110901766183,53.75854617906349
0.10541395809981727,3.3906633818090963,55.4645964480552
0.02807713061798148,2.8950370810084545,88.97345423344309
0.01532672944691491,0.2011405472940373,66.54094686420214
0.10368431380674711,5.1325990365502285,50.39716003833242
0.2026427939559497,2.748845327146576,50.417640532315396
0.06808262941750079,4.508568266095004,92.0344423035665
0.021606984796951282,7.3842684126712115,57.70275863002599
0.06813564624423799,7.9266971786115885,54.58903947711361
0.19654551817431964,0.3623491134528836,84.84129476351168
0.019562324126171784,0.8748336795643823,87.30723471849696
0.04745249250563933,7.0188647378241065,71.5225568271007
0.04505157326830444,4.315508725775915,82.02409714062603
0.01575938342955041,5.714458312893154,80.03529009312092
0.028692376543822794,6.591647027322575,73.26327877984673
0.022845016460798513,2.6161440240320233,55.6980728117499
0.30192819405565374,6.593681266529422,72.609744862203
0.012726063338060332,0.4091859855617308,95.91429106248378
0.06570557924277641,0.28298289501351714,67.46975238857247
0.06144994861247882,3.201689330027107,88.02257898955891
0.15316273827984492,2.7336162382524747,84.73812132380803
0.03191807423924853,0.29039269163449033,70.24846158794658
0.07610423554018307,6.352444878833592,71.29869991636727
0.0818947257078052,6.296796975373937,95.16512486018695
0.0164745530524062,6.847807113432313,65.73605386934724
0.02855625886334051,3.824225006662923,90.72543264030068
0.02454723232730687,7.920752273162112,51.22310136735258
0.0546137335214435,7.280345305211046,73.748574860996
0.05390843161921373,7.630900915735034,70.47614705622871
0.12164278606257743,2.4361936892981233,52.255671000711345
0.024011072605499284,5.7158356024282755,53.79877731603054
0.07434795988836583,3.6131771488523454,63.03510214472136
0.07102278623701708,3.1980110901766183,53.75854617906349
0.12730382014686975,3.5959963018873644,55.40269950119995
0.057096873369132675,3.1000389445749215,79.15538340071556
0.01532672944691491,0.2011405472940373,66.54094686420214
0.10368431380674711,5.1325990365502285,50.39716003833242
0.16434756240277248,2.227988001164887,53.7139181420376
0.06808262941750079,4.508568266095004,92.0344423035665
0.020401951271979656,7.519071875355726,55.05633495771319
0.06813564624423799,7.9266971786115885,54.58903947711361
0.18062029514995814,0.7221130279570995,80.89778831031607
0.02539767781032976,2.1615248115781593,84.0584956250539
0.046704467631833405,6.859656064434017,72.19628387312272
0.04505157326830444,4.315508725775915,82.02409714062603
0.01575938342955041,5.714458312893154,80.03529009312092
0.028692376543822794,6.591647027322575,73.26327877984673
0.022845016460798513,2.6161440240320233,55.6980728117499
0.30192819405565374,6.593681266529422,72.609744862203
0.012726063338060332,0.4091859855617308,95.91429106248378
0.06570557924277641,0.28298289501351714,67.46975238857247
0.06144994861247882,3.201689330027107,88.02257898955891
0.1373934308958203,3.5955536307283187,84.70061857067623
0.03191807423924853,0.29039269163449033,70.24846158794658
0.07610423554018307,6.352444878833592,71.29869991636727
0.0818947257078052,6.296796975373937,95.16512486018695
0.0164745530524062,6.847807113432313,65.73605386934724
0.027089772504387436,3.861435452190663,91.31992997948109
0.02110983880647296,7.057753756423883,62.493075623769826
0.052895549068381564,7.441334497027822,72.28854176971753
0.05073052954288754,7.64419091506588,70.44880905367987
0.12164278606257743,2.4361936892981233,52.255671000711345
0.024011072605499284,5.7158356024282755,53.79877731603054
0.0704831690082163,3.705829007545271,65.5401378556142
0.07102278623701708,3.1980110901766183,53.75854617906349
0.12730382014686975,3.5959963018873644,55.40269950119995
0.05169378039698388,3.69425020275562,76.65370469494053
0.01532672944691491,0.2011405472940373,66.54094686420214
0.10368431380674711,5.1325990365502285,50.39716003833242
0.15401051350351147,2.7380914616892253,58.91062413729707
0.06808262941750079,4.508568266095004,92.0344423035665
0.01858308796111391,5.834327295872882,64.73795589273705
0.06813564624423799,7.9266971786115885,54.58903947711361
0.14528535261483128,2.605180744813052,78.05526965722309
0.02091339210958315,1.8332998419044166,83.176939853273
0.06368238034433156,6.728250161027488,78.63279927691215
0.04505157326830444,4.315508725775915,82.02409714062603
0.01575938342955041,5.714458312893154,80.03529009312092
0.028692376543822794,6.591647027322575,73.26327877984673
0.022845016460798513,2.6161440240320233,55.6980728117499
0.363769418429431,7.049458836556987,79.53885379757008
0.025092945525830225,2.0870216665685257,86.69089519968539
0.06570557924277641,0.28298289501351714,67.46975238857247
0.06144994861247882,3.201689330027107,88.02257898955891
0.0861247308886669,4.561622851530838,76.08638736067361
0.026385920721541417,0.1794845515183221,70.76219247672047
0.07272496895925815,6.075743258630041,72.0259897485922
0.09483075005212944,5.040361877743849,81.20022356001093
0.010576002782817371,7.733758621202158,75.07891105105845
0.03771809036697835,4.04640480517286,89.73218412171828
0.02110983880647296,7.057753756423883,62.493075623769826
0.052895549068381564,7.441334497027822,72.28854176971753
0.04623589606527383,7.571237534082828,74.54437775966524
0.12804058746631633,2.1420829097782725,51.60417431772646
0.018297295463782753,5.374506371320715,50.14122812600248
0.0704831690082163,3.705829007545271,65.5401378556142
0.07102278623701708,3.1980110901766183,53.75854617906349
0.12750702401677894,3.5989962711824948,55.34049591990804
0.0509809054317479,1.4715241078001808,79.24306772513884
0.01532672944691491,0.2011405472940373,66.54094686420214
0.09262869035969834,5.635161168576408,55.16244374634459
0.169506672179642,3.1689252790159075,57.408628686856076
0.06808262941750079,4.508568266095004,92.0344423035665
0.020074962965031064,5.801759997473341,61.73133591291535
0.06813564624423799,7.9266971786115885,54.58903947711361
0.13441961712557876,3.154182581803841,78.1321698473773
0.02091339210958315,1.8332998419044166,83.176939853273
0.06368238034433156,6.728250161027488,78.63279927691215
0.04127631507406625,5.052597027429324,84.68442411810781
0.01575938342955041,5.714458312893154,80.03529009312092
0.028692376543822794,6.591647027322575,73.26327877984673
0.010179606427724093,2.463177520773479,56.20795320237702
0.363769418429431,7.049458836556987,79.53885379757008
0.025092945525830225,2.0870216665685257,86.69089519968539
0.06570557924277641,0.28298289501351714,67.46975238857247
0.07018558844975781,2.2976708806402435,91.95852181865796
0.1026929888181024,4.758131593955866,71.81106863097224
0.026385920721541417,0.1794845515183221,70.76219247672047
0.07288065513303545,6.128300267016138,71.35498337487283
0.07871915373021762,4.549848079242947,76.44346123017289
0.010576002782817371,7.733758621202158,75.07891105105845
0.03771809036697835,4.04640480517286,89.73218412171828
0.02110983880647296,7.057753756423883,62.493075623769826
0.04539341493549254,7.8114158483987435,68.5818079327553
0.04623589606527383,7.571237534082828,74.54437775966524
0.12804058746631633,2.1420829097782725,51.60417431772646
0.018297295463782753,5.374506371320715,50.14122812600248
0.06671232204403474,3.6281246666089535,64.95658625993742
0.07102278623701708,3.1980110901766183,53.75854617906349
0.1800163075091938,3.971762999978452,56.811119419098134
0.0509809054317479,1.4715241078001808,79.24306772513884
0.01532672944691491,0.2011405472940373,66.54094686420214
0.08587787119848414,5.6506624888633095,55.77365153260776
0.17397537410184594,3.2081251755387696,55.85414329410789
0.06810100804147162,4.499297268430214,92.0904172617297
0.020074962965031064,5.801759997473341,61.73133591291535
0.06813564624423799,7.9266971786115885,54.58903947711361
0.13441961712557876,3.154182581803841,78.1321698473773
0.02091339210958315,1.8332998419044166,83.176939853273
0.06328474761622235,6.928833844528144,77.42174695027731
0.04127631507406625,5.052597027429324,84.68442411810781
0.01575938342955041,5.714458312893154,80.03529009312092
0.028692376543822794,6.591647027322575,73.26327877984673
0.010179606427724093,2.463177520773479,56.20795320237702
0.23366026661200556,4.4001101478792535,76.15420704394244
0.026658983553291854,2.182088767344504,88.00754010195946
0.07173322920835712,0.29884904975821197,66.96502581844511
0.07018558844975781,2.2976708806402435,91.95852181865796
0.1276368252130151,5.616735870381728,67.0280821303498
0.026385920721541417,0.1794845515183221,70.76219247672047
0.07288065513303545,6.128300267016138,71.35498337487283
0.07871915373021762,4.549848079242947,76.44346123017289
0.019277094761145232,7.244521886598271,77.65202998539662
0.03771809036697835,4.04640480517286,89.73218412171828
0.01840618680154761,7.116490836834593,62.77356869643348
0.04376049389252569,7.155761764126753,68.76912330234184
0.04404234613292933,6.663504149700346,78.45562119465103
0.12804058746631633,2.1420829097782725,51.60417431772646
0.018297295463782753,5.374506371320715,50.14122812600248
0.0668120708969332,3.690700704581992,66.90560030786834
0.06072826867454096,2.917643623004324,59.802286591665734
0.1800163075091938,3.971762999978452,56.811119419098134
0.0509809054317479,1.4715241078001808,79.24306772513884
0.015886490236690892,0.2989902010126908,67.6012970003507
0.08587787119848414,5.6506624888633095,55.77365153260776
0.17397537410184594,3.2081251755387696,55.85414329410789
0.060544303097093376,4.921439949706752,90.09136005251978
0.026939687784650404,5.844210138753637,62.98240731970954
0.06813564624423799,7.9266971786115885,54.58903947711361
0.17013610421430467,1.9237340580621733,83.06178417725248
0.02091339210958315,1.8332998419044166,83.176939853273
0.06328474761622235,6.928833844528144,77.42174695027731
0.017305665835382407,7.336894093113707,78.65297385500921
0.02073753240547989,6.052104522231556,77.42861730776582
0.028692376543822794,6.591647027322575,73.26327877984673
0.010179606427724093,2.463177520773479,56.20795320237702
0.23366026661200556,4.4001101478792535,76.15420704394244
0.07866017462189848,2.739282190975252,85.02984147110149
0.06664258144204122,0.9571222859431412,68.05820770787533
0.07018558844975781,2.2976708806402435,91.95852181865796
0.1276368252130151,5.616735870381728,67.0280821303498
0.026385920721541417,0.1794845515183221,70.76219247672047
0.07269517278028947,6.1784458687683586,71.19332831428031
0.09455889472632231,4.730187946467867,71.41222498923325
0.019277094761145232,7.244521886598271,77.65202998539662
0.03464208035549585,4.048018310560799,90.44382708287159
0.020650761942830397,5.165218774500536,65.02064441726236
0.053797628604280376,7.93837707167301,72.22211167185588
0.08898808685913195,6.1045636821204035,77.91393825242389
0.12804058746631633,2.1420829097782725,51.60417431772646
0.01849052150549821,5.38500797740272,50.42833036973744
0.08688002254824884,2.1903757343033066,62.36875504729953
0.06160795543706044,2.626038370518048,61.030260965669676
0.1800163075091938,3.971762999978452,56.811119419098134
0.0565340035323926,0.38531747605870326,79.21588817514503
0.01587619669573572,0.2867825318511539,67.580444177278
0.08587787119848414,5.6506624888633095,55.77365153260776
0.17397537410184594,3.2081251755387696,55.85414329410789
0.04373283268216224,5.055073481869056,94.77438000822991
0.0275090425017594,5.71143707105969,65.01233357143657
0.06813564624423799,7.9266971786115885,54.58903947711361
0.17013610421430467,1.9237340580621733,83.06178417725248
0.02091339210958315,1.8332998419044166,83.176939853273
0.06328474761622235,6.928833844528144,77.42174695027731
0.011185022684692514,7.487404374420564,80.69514482972873
0.021703931036564067,7.198209134611091,79.38636340888506
0.028692376543822794,6.591647027322575,73.26327877984673
0.012669325436447419,3.771692961360975,62.07657579737067
0.2303345300610406,4.34679429668944,76.2104407465453
0.057505372335363555,2.9951251860345978,99.34955528461424
0.06664258144204122,0.9571222859431412,68.05820770787533
0.10034687397172071,0.8123721178827621,93.2438519071655
0.1276368252130151,5.616735870381728,67.0280821303498
0.026385920721541417,0.1794845515183221,70.76219247672047
0.07269517278028947,6.1784458687683586,71.19332831428031
0.036025226312762754,6.903753793034415,62.389777093957605
0.019277094761145232,7.244521886598271,77.65202998539662
0.030306988637566243,4.394173428730939,82.56666887901524
0.020650761942830397,5.165218774500536,65.02064441726236
0.053797628604280376,7.93837707167301,72.22211167185588
0.08898808685913195,6.1045636821204035,77.91393825242389
0.12804058746631633,2.1420829097782725,51.60417431772646
0.01593507175962701,5.37493387956545,50.22562615790109
0.12659776362798278,1.3440510043984113,62.52513007474419
0.06160795543706044,2.626038370518048,61.030260965669676
0.1800163075091938,3.971762999978452,56.811119419098134
0.0565340035323926,0.38531747605870326,79.21588817514503
0.01587619669573572,0.2867825318511539,67.580444177278
0.1338918091024888,5.839943107188548,59.58222865517311
0.17397537410184594,3.2081251755387696,55.85414329410789
0.04373283268216224,5.055073481869056,94.77438000822991
0.024405427950656214,5.276912451820826,65.96809082435978
0.06813564624423799,7.9266971786115885,54.58903947711361
0.20538694864798243,0.38452274365781847,87.35539144410127
0.02748043680728457,0.2892179267655286,99.98503219250892
0.0540654455554133,6.98855975592854,77.85734187253775
0.011185022684692514,7.487404374420564,80.69514482972873
0.03728730016205381,7.0972545376611595,78.65007812199451
0.028692376543822794,6.591647027322575,73.26327877984673
0.012669325436447419,3.771692961360975,62.07657579737067
0.23988820085419593,4.539814751674275,79.66111989739952
0.057505372335363555,2.9951251860345978,99.34955528461424
0.0692828076166405,0.3682347451295751,59.01647144617452
0.12963430440003992,3.1602585705442228,84.64101057600942
0.15994883157950757,5.59048432413876,75.73647154544261
0.026385920721541417,0.1794845515183221,70.76219247672047
0.04332864015522024,7.735085270187053,64.25764474067185
0.016596820131771342,6.904697591190585,66.7255171944846
0.050951298323451716,5.758584953199666,70.06634969636949
0.03326513124880474,5.539695284297019,80.90688135112602
0.020650761942830397,5.165218774500536,65.02064441726236
0.053797628604280376,7.93837707167301,72.22211167185588
0.11643986282742459,4.755536037357143,80.14063234418583
0.12804058746631633,2.1420829097782725,51.60417431772646
0.01593507175962701,5.37493387956545,50.22562615790109
0.1136692972875909,2.5764695388909837,60.89850696328052
0.06160795543706044,2.626038370518048,61.030260965669676
0.1800163075091938,3.971762999978452,56.811119419098134
0.0565340035323926,0.38531747605870326,79.21588817514503
0.01587619669573572,0.2867825318511539,67.580444177278
0.10393220639470029,7.807039088614491,62.368706262143135
0.21304331039544924,0.6429916777646723,52.220519354082924
0.04373283268216224,5.055073481869056,94.77438000822991
0.024405427950656214,5.276912451820826,65.96809082435978
0.06829113808324801,6.902186371201021,55.18915516748006
0.20538694864798243,0.38452274365781847,87.35539144410127
0.02748043680728457,0.2892179267655286,99.98503219250892
0.0540654455554133,6.98855975592854,77.85734187253775
0.011185022684692514,7.487404374420564,80.69514482972873
0.03728730016205381,7.0972545376611595,78.65007812199451
0.03151729858484778,6.5700998463774,73.316507222999
0.012669325436447419,3.771692961360975,62.07657579737067
0.23988820085419593,4.539814751674275,79.66111989739952
0.057505372335363555,2.9951251860345978,99.34955528461424
0.0692828076166405,0.3682347451295751,59.01647144617452
0.12963430440003992,3.1602585705442228,84.64101057600942
0.1406989645592243,7.1432541065550375,93.89074829756939
0.026385920721541417,0.1794845515183221,70.76219247672047
0.04332864015522024,7.735085270187053,64.25764474067185
0.016543161304885742,6.905900912017173,66.70181388000597
0.03571947168543502,4.754011740108373,83.13491613430735
0.03326513124880474,5.539695284297019,80.90688135112602
0.01745988784536775,4.608105350402435,63.84364422527283
0.053797628604280376,7.93837707167301,72.22211167185588
0.17029371714888183,7.459335461901908,68.1273194628011
0.12804058746631633,2.1420829097782725,51.60417431772646
0.01593507175962701,5.37493387956545,50.22562615790109
0.1136692972875909,2.5764695388909837,60.89850696328052
0.05342323770606389,2.633831233335292,61.05097440257225
0.24679318147251111,3.471684733042971,53.371188823354466
0.0565340035323926,0.38531747605870326,79.21588817514503
0.01587619669573572,0.2867825318511539,67.580444177278
0.10393220639470029,7.807039088614491,62.368706262143135
0.21304331039544924,0.6429916777646723,52.220519354082924
0.035660389895755346,2.7862020666199685,83.60022921616896
0.025724608342834854,5.05634148272427,64.49857151026919
0.06829113808324801,6.902186371201021,55.18915516748006
0.2130118485853536,0.08003722749702646,87.75025927162136
0.02748043680728457,0.2892179267655286,99.98503219250892
0.06274256605328016,6.830220593148965,76.75490947210542
0.011185022684692514,7.487404374420564,80.69514482972873
0.058696325831635296,6.7772545730063705,76.97271929076372
0.03151729858484778,6.5700998463774,73.316507222999
0.012669325436447419,3.771692961360975,62.07657579737067
0.23988820085419593,4.539814751674275,79.66111989739952
0.057505372335363555,2.9951251860345978,99.34955528461424
0.0692828076166405,0.3682347451295751,59.01647144617452
0.1714336574857116,4.746992704653314,87.74314017158103
0.14450309013676982,7.197171245992065,95.2221239404004
0.026385920721541417,0.1794845515183221,70.76219247672047
0.04332864015522024,7.735085270187053,64.25764474067185
0.016543161304885742,6.905900912017173,66.70181388000597
0.03571947168543502,4.754011740108373,83.13491613430735
0.02812613395819183,5.679668592995278,81.72688707862922
0.01745988784536775,4.608105350402435,63.84364422527283
0.053797628604280376,7.93837707167301,72.22211167185588
0.17029371714888183,7.459335461901908,68.1273194628011
0.12804058746631633,2.1420829097782725,51.60417431772646
0.022432173985467714,5.002989001956386,57.90329951726804
0.1136692972875909,2.5764695388909837,60.89850696328052
0.05342323770606389,2.633831233335292,61.05097440257225
0.24679318147251111,3.471684733042971,53.371188823354466
0.0565340035323926,0.38531747605870326,79.21588817514503
0.01587619669573572,0.2867825318511539,67.580444177278
0.10393220639470029,7.807039088614491,62.368706262143135
0.1463388245416679,3.6988668910342133,60.59874296936199
0.05661179213397027,2.8542247691300675,80.6005019837705
0.025724608342834854,5.05634148272427,64.49857151026919
0.06829113808324801,6.902186371201021,55.18915516748006
0.2130118485853536,0.08003722749702646,87.75025927162136
0.041670298147924834,0.3162707546053116,96.33251377072196
0.0513612530255005,6.451938035532488,78.38961386196041
0.011185022684692514,7.487404374420564,80.69514482972873
0.04786285555854422,7.605099213480223,80.14044875491801
0.026173882094464484,6.231755139334798,71.08573822750103
0.010119052450889919,4.439578240156777,60.46169301342465
0.3350974132101222,3.019998089941067,79.42346104609769
0.057505372335363555,2.9951251860345978,99.34955528461424
0.0692828076166405,0.3682347451295751,59.01647144617452
0.1714336574857116,4.746992704653314,87.74314017158103
0.14450309013676982,7.197171245992065,95.2221239404004
0.03822728350507633,1.008663306201998,65.9819160119552
0.04332864015522024,7.735085270187053,64.25764474067185
0.019055375674279125,6.3998271138335525,66.0989658629525
0.026316604179530724,4.133871487257654,91.20236606190431
0.02812613395819183,5.679668592995278,81.72688707862922
0.01745988784536775,4.608105350402435,63.84364422527283
0.053797628604280376,7.93837707167301,72.22211167185588
0.14752303026339925,5.860802839606244,66.07347925476293
0.12804058746631633,2.1420829097782725,51.60417431772646
0.021171910757407462,4.939867145093177,57.01083596488978
0.1136692972875909,2.5764695388909837,60.89850696328052
0.053383439877590234,2.0699569340120023,59.863480243348334
0.15806015447544697,4.367663773695633,64.8776639297197
0.0565340035323926,0.38531747605870326,79.21588817514503
0.01587619669573572,0.2867825318511539,67.580444177278
0.10393220639470029,7.807039088614491,62.368706262143135
0.11607150481293833,3.9875723090504986,66.76501985521509
0.07652628762217911,2.1751614409376203,89.22667078155816
0.05944671147728115,4.10544270243866,63.11813854267434
0.06829113808324801,6.902186371201021,55.18915516748006
0.18223539743973485,1.093364707618874,85.00523465263143
0.04147908323888744,0.36770876759029303,96.07688145008062
0.0513612530255005,6.451938035532488,78.38961386196041
0.011185022684692514,7.487404374420564,80.69514482972873
0.04786285555854422,7.605099213480223,80.14044875491801
0.026173882094464484,6.231755139334798,71.08573822750103
0.011755865908349934,4.349928801584394,60.439060941859
0.21680006902509452,1.9011299666701746,79.33531120837503
0.057505372335363555,2.9951251860345978,99.34955528461424
0.0692828076166405,0.3682347451295751,59.01647144617452
0.18145208696520826,4.746474559027594,88.08331955128928
0.14450309013676982,7.197171245992065,95.2221239404004
0.04124953122373622,1.3552388151583008,65.86400577863803
0.038663676985403725,7.1465692770976705,62.7318737015101
0.019055375674279125,6.3998271138335525,66.0989658629525
0.026316604179530724,4.133871487257654,91.20236606190431
0.02812613395819183,5.679668592995278,81.72688707862922
0.01745988784536775,4.608105350402435,63.84364422527283
0.053797628604280376,7.93837707167301,72.22211167185588
0.13131162212167102,6.054215533785551,67.81208313021408
0.12804058746631633,2.1420829097782725,51.60417431772646
0.021171910757407462,4.939867145093177,57.01083596488978
0.1136692972875909,2.5764695388909837,60.89850696328052
0.06008769730405625,1.2092620394897198,56.553857482606595
0.2586503772439096,2.23105018785174,54.04476180416077
0.0580433569840018,0.7352698497453767,69.59068790634313
0.01587619669573572,0.2867825318511539,67.580444177278
0.09731231755510715,7.784224958927763,63.676767394461464
0.12473908313223736,2.2333500316302572,68.1919297583707
0.07652628762217911,2.1751614409376203,89.22667078155816
0.05944671147728115,4.10544270243866,63.11813854267434
0.06517520205976574,6.80748395525462,54.27786013493169
0.24729227471548731,1.511015078031115,99.9738846067325
0.04147908323888744,0.36770876759029303,96.07688145008062
0.05230678354086769,6.3931274314071995,78.124184646261
0.011185022684692514,7.487404374420564,80.69514482972873
0.04660811717093767,7.648273265203993,81.67299784937761
0.026173882094464484,6.231755139334798,71.08573822750103
0.011755865908349934,4.349928801584394,60.439060941859
0.2201739706531023,1.6295469174275405,78.50032946769235
0.057505372335363555,2.9951251860345978,99.34955528461424
0.06608462443733885,0.20912463244187407,58.88086499524141
0.11017859612992163,5.180269328426459,85.12853516743142
0.14450309013676982,7.197171245992065,95.2221239404004
0.04124953122373622,1.3552388151583008,65.86400577863803
0.038663676985403725,7.1465692770976705,62.7318737015101
0.01603447967248263,5.551478414518594,63.756618952686644
0.026316604179530724,4.133871487257654,91.20236606190431
0.011678266828035196,5.983624671150233,90.37056460374806
0.01745988784536775,4.608105350402435,63.84364422527283
0.053797628604280376,7.93837707167301,72.22211167185588
0.18615112439981005,5.399944430970888,61.93078211335987
0.12804058746631633,2.1420829097782725,51.60417431772646
0.021171910757407462,4.939867145093177,57.01083596488978
0.11336729685672446,2.0195274731389055,55.432563861603285
0.06008769730405625,1.2092620394897198,56.553857482606595
0.2586503772439096,2.23105018785174,54.04476180416077
0.06772327912184128,2.472859427306501,68.13288792254349
0.01587619669573572,0.2867825318511539,67.580444177278
0.09731231755510715,7.784224958927763,63.676767394461464
0.12473908313223736,2.2333500316302572,68.1919297583707
0.07652628762217911,2.1751614409376203,89.22667078155816
0.05922549871649241,5.104953289774474,65.38355951648371
0.06517520205976574,6.80748395525462,54.27786013493169
0.24729227471548731,1.511015078031115,99.9738846067325
0.04147908323888744,0.36770876759029303,96.07688145008062
0.05230678354086769,6.3931274314071995,78.124184646261
0.012507772194145315,7.176532418033591,81.36676772203477
0.04660811717093767,7.648273265203993,81.67299784937761
0.01106096071336346,7.792961888450444,57.45252634291634
0.011755865908349934,4.349928801584394,60.439060941859
0.15250850075156253,2.197588298420686,87.17300923855807
0.057505372335363555,2.9951251860345978,99.34955528461424
0.054466544586652565,1.449238784406636,60.012667891637314
0.11502001736104256,5.067435614014492,85.34535641511248
0.14450309013676982,7.197171245992065,95.2221239404004
0.042560148241287205,1.43579591928791,65.49084200522209
0.04006553807921054,7.007376259156316,62.91265997743576
0.01603447967248263,5.551478414518594,63.756618952686644
0.026316604179530724,4.133871487257654,91.20236606190431
0.011678266828035196,5.983624671150233,90.37056460374806
0.01745988784536775,4.608105350402435,63.84364422527283
0.053797628604280376,7.93837707167301,72.22211167185588
0.24825249533565868,3.7332506206791356,60.71027855819886
0.1526052090164231,0.9554514647174193,50.376075389919244
0.021171910757407462,4.939867145093177,57.01083596488978
0.1178449098801513,1.7905845688332667,54.2812265997417
0.06008769730405625,1.2092620394897198,56.553857482606595
0.2586503772439096,2.23105018785174,54.04476180416077
0.07037726670335827,1.431226511385006,67.35355276437379
0.01587619669573572,0.2867825318511539,67.580444177278
0.09731231755510715,7.784224958927763,63.676767394461464
0.13307920688435215,1.7543778259828802,67.04829307460011
0.07652628762217911,2.1751614409376203,89.22667078155816
0.07337825289364468,3.6997038147709107,67.20872160499756
0.06348297856117519,4.945383941382337,55.034910276288876
0.24729227471548731,1.511015078031115,99.9738846067325
0.04147908323888744,0.36770876759029303,96.07688145008062
0.05230678354086769,6.3931274314071995,78.124184646261
0.02644072849544578,6.464132426231263,77.78415982947077
0.04654472906752968,7.645715493336738,81.75632392179187
0.01106096071336346,7.792961888450444,57.45252634291634
0.011131668414629058,4.296650816245469,60.264117022707815
0.15250850075156253,2.197588298420686,87.17300923855807
0.057505372335363555,2.9951251860345978,99.34955528461424
0.05362168911949212,2.1156937753561635,62.3413587628797
0.11502001736104256,5.067435614014492,85.34535641511248
0.13648964829677473,7.0005678167733025,92.41822673109029
0.04569353519572637,0.9496243528401633,65.69569987241617
0.04006553807921054,7.007376259156316,62.91265997743576
0.01603447967248263,5.551478414518594,63.756618952686644
0.026316604179530724,4.133871487257654,91.20236606190431
0.011678266828035196,5.983624671150233,90.37056460374806
0.02559891512661803,4.667751923691443,62.28584954419047
0.05386711459346756,7.942331704719927,72.2071135561323
0.293950926714526,4.113045638407778,60.3273083169707
0.1526052090164231,0.9554514647174193,50.376075389919244
0.017306988334819473,4.516932882775725,55.80354571978504
0.09670674865521625,1.577830372415609,55.11297099778503
0.06008769730405625,1.2092620394897198,56.553857482606595
0.2586503772439096,2.23105018785174,54.04476180416077
0.07037726670335827,1.431226511385006,67.35355276437379
0.01587619669573572,0.2867825318511539,67.580444177278
0.09731231755510715,7.784224958927763,63.676767394461464
0.13307920688435215,1.7543778259828802,67.04829307460011
0.08065585821075055,3.2895167944160466,84.15065915698845
0.10027587120087825,3.451559590015221,53.495392216097535
0.06348297856117519,4.945383941382337,55.034910276288876
0.22191880180290346,1.7094324985825873,99.89041518421371
0.04147908323888744,0.36770876759029303,96.07688145008062
0.03623274260181514,6.795594678403248,76.32295846499552
0.02757871759910019,6.446188889161066,77.88129945923349
0.04654472906752968,7.645715493336738,81.75632392179187
0.01106096071336346,7.792961888450444,57.45252634291634
0.013554445771810433,4.246142527895629,60.3989007857252
0.17261245307401527,2.520040711694021,81.6164677736773
0.057505372335363555,2.9951251860345978,99.34955528461424
0.05362168911949212,2.1156937753561635,62.3413587628797
0.1367571368850224,4.248974249341284,86.4846758722041
0.1566542644579672,7.164865879561598,92.74904849061073
0.04569353519572637,0.9496243528401633,65.69569987241617
0.01391101860804532,7.753508084113502,56.536565711660955
0.01564324249384155,5.957191469325443,62.42635992088009
0.026316604179530724,4.133871487257654,91.20236606190431
0.011678266828035196,5.983624671150233,90.37056460374806
0.02559891512661803,4.667751923691443,62.28584954419047
0.05386711459346756,7.942331704719927,72.2071135561323
0.3248546907481009,4.869594520559285,58.78520934919901
0.17485490811527926,1.197479766170819,66.27020404799183
0.017306988334819473,4.516932882775725,55.80354571978504
0.09670674865521625,1.577830372415609,55.11297099778503
0.046944436817614704,2.225457903096777,56.323343702390936
0.32803852342232,1.5738407101070195,53.53909742286071
0.07037726670335827,1.431226511385006,67.35355276437379
0.01587619669573572,0.2867825318511539,67.580444177278
0.09731231755510715,7.784224958927763,63.676767394461464
0.13307920688435215,1.7543778259828802,67.04829307460011
0.07693435074682481,3.3616228658127296,82.48537302885526
0.0874970320268123,3.977961028087407,57.78199177790077
0.07551530676505208,6.924218792143302,54.09753296140307
0.22191880180290346,1.7094324985825873,99.89041518421371
0.04147908323888744,0.36770876759029303,96.07688145008062
0.054859677104280725,5.996239293838024,92.83422085491178
0.02757871759910019,6.446188889161066,77.88129945923349
0.04654472906752968,7.645715493336738,81.75632392179187
0.01106096071336346,7.792961888450444,57.45252634291634
0.013554445771810433,4.246142527895629,60.3989007857252
0.19715085548734143,2.9952899212426445,90.65897674140949
0.03588323954371656,5.355210336953826,78.11496716469213
0.05362168911949212,2.1156937753561635,62.3413587628797
0.17381344403179638,5.199850182519148,97.24617651232013
0.1566542644579672,7.164865879561598,92.74904849061073
0.04569353519572637,0.9496243528401633,65.69569987241617
0.01391101860804532,7.753508084113502,56.536565711660955
0.01564324249384155,5.957191469325443,62.42635992088009
0.026316604179530724,4.133871487257654,91.20236606190431
0.011678266828035196,5.983624671150233,90.37056460374806
0.02774211443500228,4.390168876885756,62.25560128741768
0.057490014286814446,7.9549736221197875,73.45586834124896
0.3248546907481009,4.869594520559285,58.78520934919901
0.18648489450388878,1.2260537924882475,65.30363463738328
0.017306988334819473,4.516932882775725,55.80354571978504
0.09670674865521625,1.577830372415609,55.11297099778503
0.04402766294554651,3.0507555538906814,62.06966902060745
0.3056980710526694,1.7854381924304081,53.7019029112278
0.07037726670335827,1.431226511385006,67.35355276437379
0.01587619669573572,0.2867825318511539,67.580444177278
0.09731231755510715,7.784224958927763,63.676767394461464
0.19058414713355368,0.4727245377685021,54.03832058685507
0.0828126883550521,5.0921972207844295,96.05084627153342
0.12619151667290152,5.972188671319246,52.48819613630449
0.07551530676505208,6.924218792143302,54.09753296140307
0.1544404707576308,3.4409546083698395,97.04028522135549
0.042654606625023336,0.4109706556926449,94.90847082526646
0.054859677104280725,5.996239293838024,92.83422085491178
0.018488897009944813,7.0863417302709175,80.87516486618429
0.04654472906752968,7.645715493336738,81.75632392179187
0.01106096071336346,7.792961888450444,57.45252634291634
0.013554445771810433,4.246142527895629,60.3989007857252
0.19283315133192241,2.2790827087006478,80.39484150460626
0.03588323954371656,5.355210336953826,78.11496716469213
0.053656268129380465,2.9366328869800773,63.73138575162663
0.14043912096567568,3.981198823063164,96.95128385607441
0.1566542644579672,7.164865879561598,92.74904849061073
0.021611441435539155,0.47976069654494313,64.07825525014029
0.01391101860804532,7.753508084113502,56.536565711660955
0.01564324249384155,5.957191469325443,62.42635992088009
0.024537314280578815,4.208801127095616,83.99610044075533
0.011678266828035196,5.983624671150233,90.37056460374806
0.02774211443500228,4.390168876885756,62.25560128741768
0.057490014286814446,7.9549736221197875,73.45586834124896
0.3248546907481009,4.869594520559285,58.78520934919901
0.21852425174612525,0.33878415767180936,65.84323391801233
0.017592879851094274,4.5012458664189445,55.870588618878536
0.09670674865521625,1.577830372415609,55.11297099778503
0.05618800400209449,1.8055917834757738,61.91685691699369
0.3056980710526694,1.7854381924304081,53.7019029112278
0.08132684887963966,1.492194327867299,62.26308967877945
0.01587619669573572,0.2867825318511539,67.580444177278
0.09731231755510715,7.784224958927763,63.676767394461464
0.19058414713355368,0.4727245377685021,54.03832058685507
0.060824691798717995,5.375354098354445,85.0438313913701
0.16048655165572662,5.4281012061739,51.25165926121815
0.07551530676505208,6.924218792143302,54.09753296140307
0.13414328231058642,2.988463830086676,92.0034605352354
0.04013976949978014,1.0820211607218786,89.40190307568169
0.06491524675557955,7.468961573623328,99.34829060135314
0.018488897009944813,7.0863417302709175,80.87516486618429
0.04654472906752968,7.645715493336738,81.75632392179187
0.01106096071336346,7.792961888450444,57.45252634291634
0.013554445771810433,4.246142527895629,60.3989007857252
0.18139864455775256,2.3290945421320615,83.09914136964555
0.02640998476454369,5.601156868877412,82.91151861611925
0.038799388249829564,2.7578073456265146,58.04427107841222
0.14043912096567568,3.981198823063164,96.95128385607441
0.14432522586677368,6.345525118084309,89.12001578201095
0.021611441435539155,0.47976069654494313,64.07825525014029
0.01391101860804532,7.753508084113502,56.536565711660955
0.01564324249384155,5.957191469325443,62.42635992088009
0.024537314280578815,4.208801127095616,83.99610044075533
0.011448231080361259,6.196654992815311,94.04534952673498
0.02774211443500228,4.390168876885756,62.25560128741768
0.057490014286814446,7.9549736221197875,73.45586834124896
0.3248546907481009,4.869594520559285,58.78520934919901
0.21852425174612525,0.33878415767180936,65.84323391801233
0.017592879851094274,4.5012458664189445,55.870588618878536
0.11254034368333656,1.4167816274685228,56.50766907739797
0.05618800400209449,1.8055917834757738,61.91685691699369
0.2443733246988972,3.1544999369983584,53.80730573125221
0.09393648620324133,0.8968595453721466,63.527833130108945
0.03351452611895624,2.8700634021113736,79.00667979175923
0.09731231755510715,7.784224958927763,63.676767394461464
0.1830863744205401,0.5086676575593918,50.870452811083894
0.044392609804986494,7.114418876255181,98.75058053613802
0.16048655165572662,5.4281012061739,51.25165926121815
0.07551530676505208,6.924218792143302,54.09753296140307
0.08046212537416345,5.115955075217482,76.16824386009874
0.04013976949978014,1.0820211607218786,89.40190307568169
0.06491524675557955,7.468961573623328,99.34829060135314
0.03675058394126997,5.588210548927903,76.67633565712327
0.04654472906752968,7.645715493336738,81.75632392179187
0.01106096071336346,7.792961888450444,57.45252634291634
0.013554445771810433,4.246142527895629,60.3989007857252
0.15713107533423928,2.654607971684876,79.80724058674711
0.02640998476454369,5.601156868877412,82.91151861611925
0.038799388249829564,2.7578073456265146,58.04427107841222
0.14795950871281588,3.9654957494771716,99.11772431352944
0.14432522586677368,6.345525118084309,89.12001578201095
0.04774442113947544,0.4844389770156539,61.94071460099494
0.08677066772179441,4.633334174452064,54.09631077149998
0.01564324249384155,5.957191469325443,62.42635992088009
0.024537314280578815,4.208801127095616,83.99610044075533
0.011448231080361259,6.196654992815311,94.04534952673498
0.028953763012801084,4.458739135717177,54.03610440446259
0.057490014286814446,7.9549736221197875,73.45586834124896
0.21536322277017955,2.9858946833038433,61.03395730245079
0.21852425174612525,0.33878415767180936,65.84323391801233
0.020189764538515204,3.1925635706486117,55.24166015767373
0.11254034368333656,1.4167816274685228,56.50766907739797
0.06005903010625905,1.6564454898266678,62.63466593462371
0.16904115522647692,4.652171967100577,54.98427883371183
0.09393648620324133,0.8968595453721466,63.527833130108945
0.03351452611895624,2.8700634021113736,79.00667979175923
0.09731231755510715,7.784224958927763,63.676767394461464
0.1830863744205401,0.5086676575593918,50.870452811083894
0.05425777411020421,6.567830616220041,92.57421641842178
0.16048655165572662,5.4281012061739,51.25165926121815
0.07551530676505208,6.924218792143302,54.09753296140307
0.08046212537416345,5.115955075217482,76.16824386009874
0.03711146655959748,2.078782014296628,87.97035475057459
0.06491524675557955,7.468961573623328,99.34829060135314
0.03675058394126997,5.588210548927903,76.67633565712327
0.03831357343941746,7.195947357091878,76.60744729419338
0.017512600399226613,7.792308362253232,57.918102329810175
0.013554445771810433,4.246142527895629,60.3989007857252
0.15429369420782846,3.0601535445494212,85.78126927016218
0.02640998476454369,5.601156868877412,82.91151861611925
0.038799388249829564,2.7578073456265146,58.04427107841222
0.14795950871281588,3.9654957494771716,99.11772431352944
0.14432522586677368,6.345525118084309,89.12001578201095
0.04774442113947544,0.4844389770156539,61.94071460099494
0.08677066772179441,4.633334174452064,54.09631077149998
0.01564324249384155,5.957191469325443,62.42635992088009
0.024537314280578815,4.208801127095616,83.99610044075533
0.011448231080361259,6.196654992815311,94.04534952673498
0.026585401355703288,4.693865568612713,59.44904257981859
0.057490014286814446,7.9549736221197875,73.45586834124896
0.21599121420166348,2.8816364755352923,63.796583970480185
0.2566959527091847,0.16779877462624682,66.55263572885914
0.020407431529639343,3.205210351177612,55.23731328007489
0.12233707962008188,1.3720433499165536,55.36393683816289
0.06005903010625905,1.6564454898266678,62.63466593462371
0.16904115522647692,4.652171967100577,54.98427883371183
0.09393648620324133,0.8968595453721466,63.527833130108945
0.032840647334215683,2.8920703051507646,79.17931348922598
0.09731231755510715,7.784224958927763,63.676767394461464
0.20129654758177562,1.003655823050358,71.79018680007152
0.05425777411020421,6.567830616220041,92.57421641842178
0.16048655165572662,5.4281012061739,51.25165926121815
0.07749191707048737,6.521905071482114,54.09731832651335
0.08046212537416345,5.115955075217482,76.16824386009874
0.04016776505265153,1.07280647126459,89.4151372162598
0.06257999887623837,4.673850309338617,81.69351522021265
0.03749637525217543,4.557907114596876,69.89402276907524
0.03852506419580801,5.26388277636039,68.52630177383244
0.017512600399226613,7.792308362253232,57.918102329810175
0.013554445771810433,4.246142527895629,60.3989007857252
0.223644149928475,1.6111074156723264,97.4629737771783
0.02640998476454369,5.601156868877412,82.91151861611925
0.038799388249829564,2.7578073456265146,58.04427107841222
0.14795950871281588,3.9654957494771716,99.11772431352944
0.14249232844345933,6.449572517795598,93.41476325499082
0.046408709480977264,0.6173784885143387,61.61317995201796
0.07628641936050232,4.8509352566651,59.65688027482876
0.01564324249384155,5.957191469325443,62.42635992088009
0.024537314280578815,4.208801127095616,83.99610044075533
0.011448231080361259,6.196654992815311,94.04534952673498
0.02221154819163987,4.7201131984194635,58.019536790707235
0.057490014286814446,7.9549736221197875,73.45586834124896
0.22241983951879657,2.956639674464517,64.03155296350666
0.2566959527091847,0.16779877462624682,66.55263572885914
0.018783351487879324,1.8414828654601707,52.73273374233978
0.10406799639936397,1.1904638542491233,56.86756377371221
0.0671720202617346,1.1453530468191264,58.35717905604497
0.16904115522647692,4.652171967100577,54.98427883371183
0.1036982168444911,0.5780700767270655,61.0270812257109
0.032840647334215683,2.8920703051507646,79.17931348922598
0.11925391065878829,6.826141229191411,61.01776645076571
0.20129654758177562,1.003655823050358,71.79018680007152
0.05425777411020421,6.567830616220041,92.57421641842178
0.16048655165572662,5.4281012061739,51.25165926121815
0.07749191707048737,6.521905071482114,54.09731832651335
0.08671081275407003,4.557279027191652,73.06377215196922
0.04016776505265153,1.07280647126459,89.4151372162598
0.06365912250713712,3.9782219355176074,83.43997225832622
0.03959258536353437,3.6310819150437332,67.9463414997179
0.03852506419580801,5.26388277636039,68.52630177383244
0.017512600399226613,7.792308362253232,57.918102329810175
0.013554445771810433,4.246142527895629,60.3989007857252
0.16177699449571525,2.831871985172168,87.79228219261051
0.02640998476454369,5.601156868877412,82.91151861611925
0.035945250762329246,2.646219506196633,58.27916207225588
0.14795950871281588,3.9654957494771716,99.11772431352944
0.20835439821582177,6.361299582227066,94.0421835985895
0.046408709480977264,0.6173784885143387,61.61317995201796
0.07391939889475546,4.923782067450655,59.42714061076255
0.01564324249384155,5.957191469325443,62.42635992088009
0.02463181522945099,4.160593493342494,84.34691836840261
0.011448231080361259,6.196654992815311,94.04534952673498
0.02221154819163987,4.7201131984194635,58.019536790707235
0.057490014286814446,7.9549736221197875,73.45586834124896
0.17312280969229135,3.3908574899824666,62.55122196111263
0.2566959527091847,0.16779877462624682,66.55263572885914
0.018783351487879324,1.8414828654601707,52.73273374233978
0.10406799639936397,1.1904638542491233,56.86756377371221
0.0692013122494493,0.2932870294895791,52.98045331084325
0.16904115522647692,4.652171967100577,54.98427883371183
0.1036982168444911,0.5780700767270655,61.0270812257109
0.032840647334215683,2.8920703051507646,79.17931348922598
0.11925391065878829,6.826141229191411,61.01776645076571
0.20129654758177562,1.003655823050358,71.79018680007152
0.05425777411020421,6.567830616220041,92.57421641842178
0.16048655165572662,5.4281012061739,51.25165926121815
0.07062262544336476,6.300133966527712,56.64093906748846
0.08419215451768908,4.507770076744756,72.79022495855358
0.04016776505265153,1.07280647126459,89.4151372162598
0.06891313430498111,4.628039093014774,82.10358345049032
0.03959258536353437,3.6310819150437332,67.9463414997179
0.03852506419580801,5.26388277636039,68.52630177383244
0.017512600399226613,7.792308362253232,57.918102329810175
0.013554445771810433,4.246142527895629,60.3989007857252
0.16177699449571525,2.831871985172168,87.79228219261051
0.02640998476454369,5.601156868877412,82.91151861611925
0.035945250762329246,2.646219506196633,58.27916207225588
0.14795950871281588,3.9654957494771716,99.11772431352944
0.20835439821582177,6.361299582227066,94.0421835985895
0.048658976747079224,2.874625156977131,74.86039350221155
0.07880123295362201,5.68796312255526,59.03922298537516
0.01564324249384155,5.957191469325443,62.42635992088009
0.02463181522945099,4.160593493342494,84.34691836840261
0.02199273806188756,4.646506580391869,83.98163212521722
0.02790742504769267,5.074891983373626,65.32757087655257
0.057490014286814446,7.9549736221197875,73.45586834124896
0.1930339701317423,3.461653601871416,60.19108869361257
0.24426709933937069,0.6471264955828016,65.95755238993023
0.01673097032231661,1.5507973750796733,50.04516952963922
0.09701416584498311,0.6606456819197009,57.56970225742052
0.0692013122494493,0.2932870294895791,52.98045331084325
0.16904115522647692,4.652171967100577,54.98427883371183
0.1036982168444911,0.5780700767270655,61.0270812257109
0.032840647334215683,2.8920703051507646,79.17931348922598
0.13229638853057538,6.935524347894055,60.840453153885285
0.23429579234980913,0.016219562742556093,71.50838264989704
0.05237152276442092,6.598685963174563,96.71597068075715
0.10704246518806515,3.1799477475445426,54.72555750397044
0.0728925806661669,6.6816094648071696,54.48665388608478
0.014039180735374385,4.388378900141313,87.51214343998076
0.03843292638642916,1.1438627877553542,95.71839928349146
0.11095520394895288,3.579035333622526,97.6333916386661
0.05674704853710939,3.9682850555634976,69.8094586102101
0.03852506419580801,5.26388277636039,68.52630177383244
0.017512600399226613,7.792308362253232,57.918102329810175
0.013554445771810433,4.246142527895629,60.3989007857252
0.15042428641341382,2.613956825780662,85.21615214477107
0.032465705968174725,5.4865670982063754,81.8507807990358
0.04867106691423572,0.7245243398725618,58.51973402176251
0.14795950871281588,3.9654957494771716,99.11772431352944
0.20835439821582177,6.361299582227066,94.0421835985895
0.048662577189611235,2.2343267781539016,69.99415760713208
0.07880123295362201,5.68796312255526,59.03922298537516
0.01564324249384155,5.957191469325443,62.42635992088009
0.02463181522945099,4.160593493342494,84.34691836840261
0.02199273806188756,4.646506580391869,83.98163212521722
0.014286334069023549,6.939084393363024,62.26500588148827
0.057490014286814446,7.9549736221197875,73.45586834124896
0.15698106882659513,5.442244472525793,56.133211500897595
0.24426709933937069,0.6471264955828016,65.95755238993023
0.01673097032231661,1.5507973750796733,50.04516952963922
0.09701416584498311,0.6606456819197009,57.56970225742052
0.0692013122494493,0.2932870294895791,52.98045331084325
0.17911115582502105,4.019185965623327,53.13152335317849
0.1036982168444911,0.5780700767270655,61.0270812257109
0.032840647334215683,2.8920703051507646,79.17931348922598
0.13623393921200003,6.714387185598818,61.02040054761232
0.16006670462572234,1.9804080296620175,75.45293964654637
0.048953433482220865,6.658642853384987,89.11624941040496
0.08022298786379924,3.9948805535865586,56.985221095310955
0.07418955218815637,6.463500334986502,55.48596001993955
0.014039180735374385,4.388378900141313,87.51214343998076
0.03843292638642916,1.1438627877553542,95.71839928349146
0.11095520394895288,3.579035333622526,97.6333916386661
0.06014300305522847,3.9348809156951505,68.40181370483612
0.04624324975532458,5.227708711558527,67.72548215781651
0.03464679508476286,6.909596376496155,57.30711420068414
0.018286387084050813,4.519367599185367,62.023802290068524
0.13904067854700544,3.1887826478789347,80.77674729366927
0.030958753422746517,5.396755401235559,82.31377665607225
0.04867106691423572,0.7245243398725618,58.51973402176251
0.14795950871281588,3.9654957494771716,99.11772431352944
0.20335797433508662,7.583389234417047,98.38229040249757
0.048662577189611235,2.2343267781539016,69.99415760713208
0.0764204080883089,5.295762214806424,58.99817401670343
0.01564324249384155,5.957191469325443,62.42635992088009
0.02463181522945099,4.160593493342494,84.34691836840261
0.016545460412803022,4.51595389685566,87.63317414202147
0.014286334069023549,6.939084393363024,62.26500588148827
0.07970838766651042,6.660867439944008,73.88843909178081
0.1734479138927317,5.666781016965892,52.942888287039
0.24426709933937069,0.6471264955828016,65.95755238993023
0.01673097032231661,1.5507973750796733,50.04516952963922
0.09701416584498311,0.6606456819197009,57.56970225742052
0.05753840978571856,1.2285781717485875,60.65578832224362
0.17911115582502105,4.019185965623327,53.13152335317849
0.1036982168444911,0.5780700767270655,61.0270812257109
0.032840647334215683,2.8920703051507646,79.17931348922598
0.1264239986087318,7.3310261834246795,62.82530820760188
0.16006670462572234,1.9804080296620175,75.45293964654637
0.04382059918177558,6.655364613667536,90.7685237130946
0.07835595149459626,4.051612053941356,57.14252744607191
0.07418955218815637,6.463500334986502,55.48596001993955
0.02584208184874883,3.6540758914091738,81.5403707179171
0.03843292638642916,1.1438627877553542,95.71839928349146
0.152684718879381,2.661284271173623,87.71816687201729
0.0765321577311752,3.716444407831384,61.172375490417096
0.051263157321914846,5.106673051553166,68.6683611888857
0.03146221288859804,6.03546325138022,65.90528216351106
0.02283359367008564,4.603991716767622,61.98511835869888
0.15270386742091738,3.471932691067705,71.35030813399018
0.014434161811204833,7.601961674897268,94.98869182285642
0.04867106691423572,0.7245243398725618,58.51973402176251
0.14795950871281588,3.9654957494771716,99.11772431352944
0.20335797433508662,7.583389234417047,98.38229040249757
0.03724618629248365,3.045356835727296,76.26414470474747
0.010364289712957914,6.116923552996326,62.7719139030875
0.01564324249384155,5.957191469325443,62.42635992088009
0.02463181522945099,4.160593493342494,84.34691836840261
0.016545460412803022,4.51595389685566,87.63317414202147
0.014286334069023549,6.939084393363024,62.26500588148827
0.08186457607316437,6.888451973098498,73.46811588227163
0.1734479138927317,5.666781016965892,52.942888287039
0.24426709933937069,0.6471264955828016,65.95755238993023
0.01673097032231661,1.5507973750796733,50.04516952963922
0.09701416584498311,0.6606456819197009,57.56970225742052
0.05753840978571856,1.2285781717485875,60.65578832224362
0.17911115582502105,4.019185965623327,53.13152335317849
0.11671023729057027,0.4652672948429736,54.1106308935188
0.032840647334215683,2.8920703051507646,79.17931348922598
0.10991526983129524,7.915294250137029,66.29473837197656
0.18832284282351558,0.33463304419016193,76.00305997707069
0.04382059918177558,6.655364613667536,90.7685237130946
0.08512182547798894,4.809932543419576,56.828630111723264
0.07418955218815637,6.463500334986502,55.48596001993955
0.02584208184874883,3.6540758914091738,81.5403707179171
0.03843292638642916,1.1438627877553542,95.71839928349146
0.1758635838568371,2.5841664673013884,90.01801621447221
0.0765321577311752,3.716444407831384,61.172375490417096
0.05965405273610849,5.404759967296654,63.728424888190986
0.06768530755409499,5.391837764235229,76.23219514085385
0.02283359367008564,4.603991716767622,61.98511835869888
0.15270386742091738,3.471932691067705,71.35030813399018
0.014434161811204833,7.601961674897268,94.98869182285642
0.04867106691423572,0.7245243398725618,58.51973402176251
0.14795950871281588,3.9654957494771716,99.11772431352944
0.2037599158593861,7.609554726657097,98.53654737450705
0.04825397849964469,2.2633539744048083,70.21856377343086
0.010364289712957914,6.116923552996326,62.7719139030875
0.015261640193440174,5.982030490113413,62.44913601411232
0.029546635060779883,3.922944221580578,82.52872385481086
0.016545460412803022,4.51595389685566,87.63317414202147
0.014481423891514321,6.9799802114222835,62.23979132831781
0.08186457607316437,6.888451973098498,73.46811588227163
0.1734479138927317,5.666781016965892,52.942888287039
0.24426709933937069,0.6471264955828016,65.95755238993023
0.01673097032231661,1.5507973750796733,50.04516952963922
0.09701416584498311,0.6606456819197009,57.56970225742052
0.05753840978571856,1.2285781717485875,60.65578832224362
0.16518450449598637,4.136353008285883,53.67933358400323
0.11671023729057027,0.4652672948429736,54.1106308935188
0.02937807170149328,3.974509270402244,68.93879528116878
0.08382763291126985,7.444025742897312,65.37157151246284
0.18832284282351558,0.33463304419016193,76.00305997707069
0.04382059918177558,6.655364613667536,90.7685237130946
0.08512182547798894,4.809932543419576,56.828630111723264
0.07418955218815637,6.463500334986502,55.48596001993955
0.02584208184874883,3.6540758914091738,81.5403707179171
0.03843292638642916,1.1438627877553542,95.71839928349146
0.17610556820754023,2.5818697132025505,90.05283768941415
0.041032133766344014,3.002040485229305,64.18681818280234
0.07398833772750588,6.691801694879389,68.29798678564977
0.06667340981711063,5.2251138798851215,79.45979028078175
0.021782535292871427,4.710623068108518,58.76861373758862
0.20419726226495497,4.199473116298629,79.41863599763236
0.014434161811204833,7.601961674897268,94.98869182285642
0.021943521568177998,0.0186750218395475,55.223372203852065
0.1302136175323656,4.566408636390642,88.62179104147609
0.2037599158593861,7.609554726657097,98.53654737450705
0.04825397849964469,2.2633539744048083,70.21856377343086
0.01837500658621198,5.707607059788474,63.01638970410985
0.01523867650110153,6.051284820324594,62.64299365340683
0.029546635060779883,3.922944221580578,82.52872385481086
0.015373442721179813,4.569411976571117,88.09332533640243
0.011610316201469198,7.011746828234162,59.44799291793916
0.08504081714839831,7.23623058894771,72.21534818733633
0.1734479138927317,5.666781016965892,52.942888287039
0.19220826014407563,2.852560687182641,65.76741535600246
0.01673097032231661,1.5507973750796733,50.04516952963922
0.09701416584498311,0.6606456819197009,57.56970225742052
0.0866607215231269,2.2184724646701217,65.1003735874155
0.2594000484936488,2.3723404749139885,50.14034449137216
0.11671023729057027,0.4652672948429736,54.1106308935188
0.02937807170149328,3.974509270402244,68.93879528116878
0.08382763291126985,7.444025742897312,65.37157151246284
0.18832284282351558,0.33463304419016193,76.00305997707069
0.043147147103729945,6.642088811218777,91.19603929325949
0.08512182547798894,4.809932543419576,56.828630111723264
0.07418955218815637,6.463500334986502,55.48596001993955
0.021985782264483264,3.833526749566246,86.10769714396527
0.03948346771304345,1.26361286573052,92.99072502656153
0.1835697958782762,2.5110242413875046,91.12693779564898
0.0404058369205502,2.976359264752973,64.2913417074805
0.10791800064343829,6.517771960355197,73.11181866735114
0.06667340981711063,5.2251138798851215,79.45979028078175
0.021782535292871427,4.710623068108518,58.76861373758862
0.20419726226495497,4.199473116298629,79.41863599763236
0.014434161811204833,7.601961674897268,94.98869182285642
0.021943521568177998,0.0186750218395475,55.223372203852065
0.1302136175323656,4.566408636390642,88.62179104147609
0.2037599158593861,7.609554726657097,98.53654737450705
0.04825397849964469,2.2633539744048083,70.21856377343086
0.03326291859050404,4.913919054400487,61.66806161707713
0.01523867650110153,6.051284820324594,62.64299365340683
0.03683299221529355,4.405151797602061,80.00199951130861
0.015373442721179813,4.569411976571117,88.09332533640243
0.011610316201469198,7.011746828234162,59.44799291793916
0.08504081714839831,7.23623058894771,72.21534818733633
0.14311863465201355,5.299242149022652,59.17853174892103
0.19220826014407563,2.852560687182641,65.76741535600246
0.01673097032231661,1.5507973750796733,50.04516952963922
0.0970613589269203,0.659094483126452,57.55745991811798
0.10227700672457032,1.739745107120613,64.05395048932725
0.20857563547900076,3.2355288577140273,65.27968163622857
0.11671023729057027,0.4652672948429736,54.1106308935188
0.02937807170149328,3.974509270402244,68.93879528116878
0.08300324939163775,7.585226802994275,60.7210851888338
0.18832284282351558,0.33463304419016193,76.00305997707069
0.04061299933742127,6.5921329996351075,92.80474715511808
0.08512182547798894,4.809932543419576,56.828630111723264
0.07418955218815637,6.463500334986502,55.48596001993955
0.021985782264483264,3.833526749566246,86.10769714396527
0.03948346771304345,1.26361286573052,92.99072502656153
0.1835697958782762,2.5110242413875046,91.12693779564898
0.04238088773251186,2.731504527396774,64.40564039487697
0.0715724621892397,6.704193040458319,67.95523010347632
0.06667340981711063,5.2251138798851215,79.45979028078175
0.021774134221548565,4.7104379678874935,58.807052719536266
0.19628636297359453,2.273458706735314,77.7165089988891
0.014434161811204833,7.601961674897268,94.98869182285642
0.021943521568177998,0.0186750218395475,55.223372203852065
0.1692870712542612,4.514511271639215,99.36478577443361
0.13028628808738185,7.1513562706151825,95.95521660368505
0.04825397849964469,2.2633539744048083,70.21856377343086
0.03326291859050404,4.913919054400487,61.66806161707713
0.0178339534605507,5.364289948341629,64.92829916593342
0.040165691791735486,5.3869737601906476,85.54818195724874
0.016776869392985824,4.376983862317732,88.3783993398505
0.012225085624042498,7.140240411320398,67.18543255284649
0.08504081714839831,7.23623058894771,72.21534818733633
0.08249434564734473,4.856702401414094,73.18990168744641
0.19220826014407563,2.852560687182641,65.76741535600246
0.019333936614745847,1.7878107480236567,50.4644858560422
0.0970613589269203,0.659094483126452,57.55745991811798
0.10227700672457032,1.739745107120613,64.05395048932725
0.2742552593545766,5.2161411565158895,73.26505008065322
0.11671023729057027,0.4652672948429736,54.1106308935188
0.02937807170149328,3.974509270402244,68.93879528116878
0.08300324939163775,7.585226802994275,60.7210851888338
0.18832284282351558,0.33463304419016193,76.00305997707069
0.04061299933742127,6.5921329996351075,92.80474715511808
0.13171303946658264,3.9583183189517315,60.71772080199524
0.08801800277226793,4.1378280083862,59.70428577307822
0.021985782264483264,3.833526749566246,86.10769714396527
0.03948346771304345,1.26361286573052,92.99072502656153
0.1330584722040626,2.9904440441531586,83.85837358273746
0.06852092265002656,3.3977964898520385,63.04927888490478
0.061472611277461287,6.627272794013326,63.138720791436
0.05733903438491546,5.118114866543174,75.16617076148779
0.021774134221548565,4.7104379678874935,58.807052719536266
0.19628636297359453,2.273458706735314,77.7165089988891
0.014434161811204833,7.601961674897268,94.98869182285642
0.021943521568177998,0.0186750218395475,55.223372203852065
0.1692870712542612,4.514511271639215,99.36478577443361
0.13011152401562007,7.413668560251482,96.71782595891621
0.047137249038155984,2.4608025959408706,69.58161096779897
0.03326291859050404,4.913919054400487,61.66806161707713
0.0178339534605507,5.364289948341629,64.92829916593342
0.040165691791735486,5.3869737601906476,85.54818195724874
0.016776869392985824,4.376983862317732,88.3783993398505
0.01924832965638576,6.653887139805208,66.7369286266511
0.08504081714839831,7.23623058894771,72.21534818733633
0.08249434564734473,4.856702401414094,73.18990168744641
0.17969107634398826,3.081211814193561,66.61424163223644
0.019333936614745847,1.7878107480236567,50.4644858560422
0.0970613589269203,0.659094483126452,57.55745991811798
0.10379221768215048,1.4849165439658547,64.51616086965302
0.32132180317635217,4.938951660155851,69.32883576500677
0.11671023729057027,0.4652672948429736,54.1106308935188
0.03970782372058959,3.644583392959014,53.003308780802854
0.07995556559884281,7.61906810379115,60.61100688604617
0.1581262023562956,2.352458104709874,74.89564394450913
0.04667623072180578,5.898136489702964,86.34012106839215
0.12938472571567944,4.025632745264513,61.53779359864437
0.1064002596679211,4.891911755290932,55.26289189976126
0.015022002445127282,2.8022225854199028,83.60400689682479
0.03948346771304345,1.26361286573052,92.99072502656153
0.13854813542017286,2.8605792587463745,84.9550960489333
0.06852092265002656,3.3977964898520385,63.04927888490478
0.06842174700422322,7.108291483429738,62.39546592866606
0.01619853825745593,5.146036625347001,76.0758924789956
0.040548228548847556,5.178888483687709,65.37671841085339
0.2882537155641771,1.1957684085353635,72.2541470440379
0.014434161811204833,7.601961674897268,94.98869182285642
0.025557012393542185,1.2909725326361805,62.497274305960815
0.1342981907938926,4.617249137616001,89.6682271158428
0.13011152401562007,7.413668560251482,96.71782595891621
0.0588063539796741,3.08071661320904,72.64076487192597
0.03326291859050404,4.913919054400487,61.66806161707713
0.0178339534605507,5.364289948341629,64.92829916593342
0.040165691791735486,5.3869737601906476,85.54818195724874
0.016776869392985824,4.376983862317732,88.3783993398505
0.014393932478481822,6.787645600370781,63.267407505070594
0.08504081714839831,7.23623058894771,72.21534818733633
0.07628275379759811,4.6783184667319295,70.2615609240818
0.2319601094380983,4.18052755857452,68.05912044526566
0.019333936614745847,1.7878107480236567,50.4644858560422
0.0970613589269203,0.659094483126452,57.55745991811798
0.080604400760761,2.531403476722798,64.62733793269615
0.4432043380677295,3.5855751927887685,73.73107152582132
0.11671023729057027,0.4652672948429736,54.1106308935188
0.03937877192889517,3.6185132428186675,52.86385723545342
0.07995556559884281,7.61906810379115,60.61100688604617
0.12933170811253175,4.292436817858026,69.63383571809793
0.04667623072180578,5.898136489702964,86.34012106839215
0.11761977098076236,4.710525319013447,56.069928929060495
0.1064002596679211,4.891911755290932,55.26289189976126
0.0306280561666277,2.394542982230043,78.64926530887128
0.047487943507543554,1.3370740463546351,91.7699032125977
0.13854813542017286,2.8605792587463745,84.9550960489333
0.07976432496988717,3.4516425746671375,63.39391878020073
0.06842174700422322,7.108291483429738,62.39546592866606
0.01619853825745593,5.146036625347001,76.0758924789956
0.041257735129023566,6.125564471536993,72.9682418494369
0.2882537155641771,1.1957684085353635,72.2541470440379
0.014434161811204833,7.601961674897268,94.98869182285642
0.01983363757803326,1.01031504346781,62.423739818845625
0.09010465540129425,4.541231079603738,94.47440960839839
0.11909200846359122,6.821938236892119,91.27301935128334
0.058894645458005844,3.0831081976390013,72.61926058850243
0.03326291859050404,4.913919054400487,61.66806161707713
0.016005347157809158,5.391516252396054,64.9012587680947
0.057781833174503416,5.103325892173072,84.5885377951016
0.016776869392985824,4.376983862317732,88.3783993398505
0.014393932478481822,6.787645600370781,63.267407505070594
0.08132582863068956,6.647779946532748,72.27559024711579
0.12463259394727562,7.8200395610618845,76.97481744498008
0.3553408386880844,2.239889942887645,52.7846661045095
0.019333936614745847,1.7878107480236567,50.4644858560422
0.0970613589269203,0.659094483126452,57.55745991811798
0.07885270495908436,2.5820539616127025,65.27916691089288
0.5413153555147705,3.403490511365209,70.3610629305006
0.11671023729057027,0.4652672948429736,54.1106308935188
0.03937877192889517,3.6185132428186675,52.86385723545342
0.07995556559884281,7.61906810379115,60.61100688604617
0.12933170811253175,4.292436817858026,69.63383571809793
0.04394836658849711,5.757073946136704,88.4491033548216
0.02057423659186336,5.7191196883246285,57.41108093334587
0.12458952304527215,5.837120227617706,51.63277971662073
0.01749646605398307,1.9617401657276297,82.70220630357842
0.047487943507543554,1.3370740463546351,91.7699032125977
0.12646150213716484,2.770832966484308,84.73015200378526
0.08390683537405866,3.7230367561706577,59.752004618386955
0.05860599119718167,7.1637633413127055,56.80135600033052
0.01619853825745593,5.146036625347001,76.0758924789956
0.041257735129023566,6.125564471536993,72.9682418494369
0.3331033089659437,0.6702126506952082,69.59032443973862
0.013597045257740092,7.648037435340449,95.6759113431299
0.02060281916871421,1.0307991462305386,62.460953926933
0.06892646578619716,4.878603987183034,96.64314538684539
0.11909200846359122,6.821938236892119,91.27301935128334
0.06854758889745437,4.560692952539204,56.412992476798884
0.03326291859050404,4.913919054400487,61.66806161707713
0.016005347157809158,5.391516252396054,64.9012587680947
0.057781833174503416,5.103325892173072,84.5885377951016
0.0168234999782746,4.314975476023355,89.3703450612497
0.014393932478481822,6.787645600370781,63.267407505070594
0.08132582863068956,6.647779946532748,72.27559024711579
0.1341895993669941,7.909541688048455,78.16316452159168
0.2905643698215128,2.3901552082288053,61.82574339862151
0.019333936614745847,1.7878107480236567,50.4644858560422
0.09330673189596361,2.0880441211433363,61.06932694376475
0.055336688654455096,2.4888079562593837,55.671495436341246
0.5413153555147705,3.403490511365209,70.3610629305006
0.11671023729057027,0.4652672948429736,54.1106308935188
0.04579593766530693,3.5541000557854345,53.22928980474883
0.07995556559884281,7.61906810379115,60.61100688604617
0.12941740679201294,4.271266770025671,69.45273182579704
0.04394836658849711,5.757073946136704,88.4491033548216
0.03818506084181503,5.412987488449465,71.70016343410306
0.13041823095703436,5.874283138058364,50.3183552280431
0.017507257055433077,1.9240060710054379,82.59528279346372
0.047487943507543554,1.3370740463546351,91.7699032125977
0.12646150213716484,2.770832966484308,84.73015200378526
0.08286868614920206,4.899445877835933,64.7893222256702
0.062437854145938824,6.315312295232407,71.59411337263816
0.01619853825745593,5.146036625347001,76.0758924789956
0.041257735129023566,6.125564471536993,72.9682418494369
0.302818597610494,1.1572410658539187,69.80698063296241
0.026669329797822106,5.985958080640528,78.44319701583541
0.02060281916871421,1.0307991462305386,62.460953926933
0.06892646578619716,4.878603987183034,96.64314538684539
0.11909200846359122,6.821938236892119,91.27301935128334
0.06854758889745437,4.560692952539204,56.412992476798884
0.03326291859050404,4.913919054400487,61.66806161707713
0.01742237106770806,5.306526402244764,64.31484554726117
0.03541999948282823,6.863351410621855,96.15412990007651
0.15252909540162285,4.07914033665434,84.45193513191911
0.015105192140824729,5.676514870531632,67.68298889134876
0.09572708237611066,6.7603166666946795,70.09668311582716
0.1341895993669941,7.909541688048455,78.16316452159168
0.23840449136009625,3.028378005930736,70.37558267567123
0.019333936614745847,1.7878107480236567,50.4644858560422
0.15647601104921377,2.344429264973834,70.12536118580583
0.06803376811656332,2.696566744017018,59.43133164165072
0.6476968954903943,2.542193437417186,65.09217824308811
0.11671023729057027,0.4652672948429736,54.1106308935188
0.04481595652045771,3.6635218583751676,52.97843790917715
0.07995556559884281,7.61906810379115,60.61100688604617
0.12563425563943956,4.1524586832217105,69.16873239869902
0.050186061988119327,5.838677065305649,93.70566777922065
0.03818506084181503,5.412987488449465,71.70016343410306
0.13041823095703436,5.874283138058364,50.3183552280431
0.017507257055433077,1.9240060710054379,82.59528279346372
0.047487943507543554,1.3370740463546351,91.7699032125977
0.14358692629236355,2.1892208053491538,84.76546381333154
0.10781239911929182,4.895468963364179,56.524357433663425
0.04774331231442048,6.116996056899614,70.37989511691502
0.016384261677126657,4.910045858285768,86.81857777946196
0.041257735129023566,6.125564471536993,72.9682418494369
0.19317795600163934,2.222308589903348,62.655533602100626
0.021060547434156605,6.176844762320005,81.3937165776091
0.018339989691560865,0.782932606096387,61.1142009165579
0.06389928469318046,4.979972758260084,91.20548786322605
0.11909200846359122,6.821938236892119,91.27301935128334
0.05633542784787845,6.48805537642057,55.55378885917405
0.024146157963602068,5.456930666915769,62.35565655305647
0.01742237106770806,5.306526402244764,64.31484554726117
0.03541999948282823,6.863351410621855,96.15412990007651
0.1396696036372702,4.938866978709894,90.96703376170916
0.015105192140824729,5.676514870531632,67.68298889134876
0.09004309179104984,6.442372644474761,73.86641448842701
0.14838520786983522,7.244655054819339,77.1023807798992
0.25246943387375614,3.7952135587823936,73.96163840574366
0.019333936614745847,1.7878107480236567,50.4644858560422
0.19976048803402185,0.9214660419343383,60.52274826658506
0.08634092091681836,1.7524922261855163,57.66486715963139
0.48301342835333844,2.3444822975692867,61.25850366936175
0.11671023729057027,0.4652672948429736,54.1106308935188
0.04481595652045771,3.6635218583751676,52.97843790917715
0.07995556559884281,7.61906810379115,60.61100688604617
0.0997271962896011,4.332109548134632,73.35413850455778
0.048582748390110404,6.003520755557849,83.05336903013767
0.013523874913173181,4.923461406177373,70.66999859673976
0.09456956624344244,5.69498936493954,58.62891500162385
0.017507257055433077,1.9240060710054379,82.59528279346372
0.047487943507543554,1.3370740463546351,91.7699032125977
0.14358692629236355,2.1892208053491538,84.76546381333154
0.10781239911929182,4.895468963364179,56.524357433663425
0.04677324325393022,6.189563900547499,71.03114872181592
0.016171828134992426,5.134907064308761,89.43677425252791
0.03704056005794365,6.076630304371566,74.44934942160671
0.1945125971937947,2.2460958076913142,62.8833532972726
0.03144337284117763,5.886758876324665,83.77179573470946
0.018339989691560865,0.782932606096387,61.1142009165579
0.0586666884321851,5.732507127691684,99.02597495855795
0.11909200846359122,6.821938236892119,91.27301935128334
0.055574871342787706,6.045261446814777,58.66703555179989
0.024330401548112637,5.466183695512166,62.21144422377635
0.01742237106770806,5.306526402244764,64.31484554726117
0.03541999948282823,6.863351410621855,96.15412990007651
0.10511949040968874,5.404027509053195,83.55245817900543
0.015105192140824729,5.676514870531632,67.68298889134876
0.08723462280482111,6.412645396254644,74.48872667380324
0.16334862467780867,7.6755389564119,82.23892026868234
0.26955308396099686,4.726632243689954,78.31735626427051
0.019333936614745847,1.7878107480236567,50.4644858560422
0.19976048803402185,0.9214660419343383,60.52274826658506
0.08634092091681836,1.7524922261855163,57.66486715963139
0.4428279466877568,2.630648095704725,61.810259362291475
0.09371529631484256,0.3389550541373787,52.33524479650906
0.05002417581565685,4.230176916610362,51.37801144883122
0.07362326055414074,7.057916874791493,72.03741017699181
0.0997271962896011,4.332109548134632,73.35413850455778
0.05348460502051526,6.036914620478053,82.84789919284921
0.013523874913173181,4.923461406177373,70.66999859673976
0.09456956624344244,5.69498936493954,58.62891500162385
0.017507257055433077,1.9240060710054379,82.59528279346372
0.049263167298464174,0.8336820317409588,92.65483999104646
0.14358692629236355,2.1892208053491538,84.76546381333154
0.10781239911929182,4.895468963364179,56.524357433663425
0.04677324325393022,6.189563900547499,71.03114872181592
0.04654143556486135,5.055557480916422,78.52962725833929
0.03654456551430982,5.97118582520455,74.65619301097439
0.12092330518323144,3.8890411196184895,72.30981433721998
0.03144337284117763,5.886758876324665,83.77179573470946
0.01860567083557284,1.0515356553259863,58.2675413870804
0.0586666884321851,5.732507127691684,99.02597495855795
0.12281594548928354,6.117630996774395,90.28368241274246
0.018707954903136648,6.3703363735327905,58.367797206257286
0.041402438615246936,5.349472747697547,61.04843711674066
0.01742237106770806,5.306526402244764,64.31484554726117
0.03541999948282823,6.863351410621855,96.15412990007651
0.10572431801477758,5.521637603947418,84.38625596555738
0.015105192140824729,5.676514870531632,67.68298889134876
0.09662550911959047,6.46442150938691,75.29121343604344
0.1305002257792603,5.149004698318905,71.75661447775016
0.2399326446253915,4.6578209703885145,77.45168912378465
0.017970256244053934,1.746578875964648,50.203294643581195
0.19976048803402185,0.9214660419343383,60.52274826658506
0.08963741925963137,3.2627974292016884,63.31460443101565
0.4428279466877568,2.630648095704725,61.810259362291475
0.09371529631484256,0.3389550541373787,52.33524479650906
0.05002417581565685,4.230176916610362,51.37801144883122
0.07362326055414074,7.057916874791493,72.03741017699181
0.0997271962896011,4.332109548134632,73.35413850455778
0.06580464422899424,7.797864768614042,91.5302451131626
0.013523874913173181,4.923461406177373,70.66999859673976
0.09456956624344244,5.69498936493954,58.62891500162385
0.04125867755453516,2.8926266349926464,83.07748154788166
0.0506016788388588,0.6805112069989434,93.4782184620801
0.14358692629236355,2.1892208053491538,84.76546381333154
0.10781239911929182,4.895468963364179,56.524357433663425
0.04677324325393022,6.189563900547499,71.03114872181592
0.05246888663537376,5.004470468779117,81.42317567843594
0.03654456551430982,5.97118582520455,74.65619301097439
0.11560866189799199,4.020186197417224,72.45760234296677
0.03144337284117763,5.886758876324665,83.77179573470946
0.01860567083557284,1.0515356553259863,58.2675413870804
0.059555375671558636,5.70220451458551,98.78346021777966
0.14423420097523798,5.934876177189321,88.84500304778298
0.018707954903136648,6.3703363735327905,58.367797206257286
0.041731126275994526,5.370291601222705,59.805310637498245
0.01742237106770806,5.306526402244764,64.31484554726117
0.03541999948282823,6.863351410621855,96.15412990007651
0.10572431801477758,5.521637603947418,84.38625596555738
0.015105192140824729,5.676514870531632,67.68298889134876
0.11154215436223638,7.521863811182812,78.6309500814321
0.09070263410523939,3.6672723870130453,66.85342506425118
0.3082899105227477,4.816621805599218,79.44945283789893
0.01825927745545388,1.8353927617862364,50.92339594904378
0.19976048803402185,0.9214660419343383,60.52274826658506
0.08963741925963137,3.2627974292016884,63.31460443101565
0.4428279466877568,2.630648095704725,61.810259362291475
0.09274311343230532,1.0360112600477658,54.9527698845318
0.05002417581565685,4.230176916610362,51.37801144883122
0.07362326055414074,7.057916874791493,72.03741017699181
0.0997271962896011,4.332109548134632,73.35413850455778
0.06580464422899424,7.797864768614042,91.5302451131626
0.012176277315677081,4.791046893523619,72.86679157580559
0.09456956624344244,5.69498936493954,58.62891500162385
0.04125867755453516,2.8926266349926464,83.07748154788166
0.0506016788388588,0.6805112069989434,93.4782184620801
0.13670881934684984,2.6851801932109955,85.36365774656356
0.06935437204568026,5.070360579774093,59.8389576085678
0.05422296745455783,6.3486124573778,68.39096581091185
0.03545809543894922,4.972962082194802,83.53048097367267
0.03654456551430982,5.97118582520455,74.65619301097439
0.11616334446507215,4.032634831153896,72.58030110424826
0.040950148996615685,6.280178714529894,96.96435309174393
0.02007309254171906,1.0376139211289293,58.15164171738088
0.059555375671558636,5.70220451458551,98.78346021777966
0.14423420097523798,5.934876177189321,88.84500304778298
0.019920604573504877,6.3740255874987986,58.42720246730502
0.041731126275994526,5.370291601222705,59.805310637498245
0.01767239072338709,4.269550642099272,60.314248029290894
0.04263364189791443,6.665874993526367,85.50296363995689
0.08329647358304348,5.001626734284807,71.09537835272678
0.015105192140824729,5.676514870531632,67.68298889134876
0.11154215436223638,7.521863811182812,78.6309500814321
0.09884115258537753,3.3210554228338522,65.68087639730571
0.2490272958566949,5.631470816759111,79.20291069477013
0.01825927745545388,1.8353927617862364,50.92339594904378
0.19976048803402185,0.9214660419343383,60.52274826658506
0.10458907407297642,1.959994794473003,61.17141149165381
0.5267915740569911,3.0481126575258872,55.031119525529846
0.09318683043150924,0.9910838018190509,54.592851238522314
0.05002417581565685,4.230176916610362,51.37801144883122
0.07542524690012871,6.970252028856944,71.87291263763905
0.08866609641919151,3.590727808470264,70.4547651674593
0.06372921636659218,7.588578655987708,88.79517277881484
0.019937891194805074,5.22622254205743,75.56794636282632
0.12493481138808549,6.693507699997074,63.57163661179017
0.04486538861640852,2.0386760744086034,87.0925139489812
0.05095753829653551,1.2375083566523006,91.01292583548837
0.1283646605504173,2.9806666042957364,82.2015480460648
0.06705476168402205,5.151795225163413,58.96749525875301
0.05422296745455783,6.3486124573778,68.39096581091185
0.03914605214539237,5.6457536559084875,90.52244507315568
0.034600118682183115,6.214425803107696,62.797172406592466
0.11616334446507215,4.032634831153896,72.58030110424826
0.040950148996615685,6.280178714529894,96.96435309174393
0.02007309254171906,1.0376139211289293,58.15164171738088
0.0589940275908043,5.705393200255102,98.83602526424005
0.11602404343822946,5.424422702490682,77.62592382926191
0.01080079309646096,6.473178729397633,55.71231001844052
0.046372172799467704,5.316915203902036,58.432188061311116
0.016377138818964836,3.7225937484851723,51.59326912628139
0.04263364189791443,6.665874993526367,85.50296363995689
0.09543205364798331,6.414158085146212,63.62107562652858
0.015105192140824729,5.676514870531632,67.68298889134876
0.11154215436223638,7.521863811182812,78.6309500814321
0.07958120388600559,0.8318200748763269,67.2377239965963
0.19745703880238313,5.82131864536953,76.34068077672326
0.024937674324284013,1.7132789478872352,59.11140913322288
0.19976048803402185,0.9214660419343383,60.52274826658506
0.09836590807889296,3.029115875798634,63.454966994250675
0.5267915740569911,3.0481126575258872,55.031119525529846
0.09318683043150924,0.9910838018190509,54.592851238522314
0.05002417581565685,4.230176916610362,51.37801144883122
0.07542524690012871,6.970252028856944,71.87291263763905
0.0897557509022254,3.527637618512926,69.66842397575786
0.06372921636659218,7.588578655987708,88.79517277881484
0.019937891194805074,5.22622254205743,75.56794636282632
0.062312933001918036,7.261574499478192,64.90251684577898
0.04421956804472798,2.7251616363870084,81.46993506815357
0.05095753829653551,1.2375083566523006,91.01292583548837
0.1283646605504173,2.9806666042957364,82.2015480460648
0.0676235904946168,5.201607522181994,58.977373175141054
0.05422296745455783,6.3486124573778,68.39096581091185
0.04210096040997055,5.681842499149174,89.5941513507315
0.05090790011649268,6.664395896658244,58.710117900769205
0.09376223651447246,3.463100604255575,69.27291950264134
0.040950148996615685,6.280178714529894,96.96435309174393
0.02007309254171906,1.0376139211289293,58.15164171738088
0.0589940275908043,5.705393200255102,98.83602526424005
0.11467308734837244,5.423438372574696,77.30187051656418
0.01080079309646096,6.473178729397633,55.71231001844052
0.049794974118382934,5.734472605004882,59.82149758080865
0.016377138818964836,3.7225937484851723,51.59326912628139
0.04263364189791443,6.665874993526367,85.50296363995689
0.09543205364798331,6.414158085146212,63.62107562652858
0.015105192140824729,5.676514870531632,67.68298889134876
0.08869832253382331,5.894251685658727,79.59427159279223
0.07958120388600559,0.8318200748763269,67.2377239965963
0.15059199756810504,5.966746966662402,80.34100596934609
0.04342422661334897,1.517658971140226,57.8874737535632
0.19976048803402185,0.9214660419343383,60.52274826658506
0.09836590807889296,3.029115875798634,63.454966994250675
0.5267915740569911,3.0481126575258872,55.031119525529846
0.09318683043150924,0.9910838018190509,54.592851238522314
0.05002417581565685,4.230176916610362,51.37801144883122
0.09194144775744587,7.12195453967655,81.94222187257111
0.08146358239566734,2.0073868481772026,66.25717820271925
0.06372921636659218,7.588578655987708,88.79517277881484
0.020695220749684766,5.546026449980586,80.66707422218846
0.062312933001918036,7.261574499478192,64.90251684577898
0.04421956804472798,2.7251616363870084,81.46993506815357
0.05095753829653551,1.2375083566523006,91.01292583548837
0.12496367611657265,3.078757897661073,83.23423109202258
0.06276170778515613,4.93324736641409,56.878030324594256
0.05422296745455783,6.3486124573778,68.39096581091185
0.020067320785919177,6.37178202332302,91.4823842555733
0.05013558209147875,6.737964611042044,56.45475094258687
0.10689396838025333,0.9515121107696567,67.41097741619583
0.040950148996615685,6.280178714529894,96.96435309174393
0.02007309254171906,1.0376139211289293,58.15164171738088
0.0589940275908043,5.705393200255102,98.83602526424005
0.11467308734837244,5.423438372574696,77.30187051656418
0.01080079309646096,6.473178729397633,55.71231001844052
0.05888138778614615,5.749653673338233,57.762310176883624
0.016377138818964836,3.7225937484851723,51.59326912628139
0.044232517184117644,6.572008587749822,86.80598320933998
0.16585758276530127,6.365044317099229,70.2023199443462
0.015105192140824729,5.676514870531632,67.68298889134876
0.11775795245031748,5.451318861363278,74.88121919234251
0.07958120388600559,0.8318200748763269,67.2377239965963
0.1371420173352591,6.070004304911165,77.14290601303837
0.04342422661334897,1.517658971140226,57.8874737535632
0.12151417865766678,2.9422643235075125,69.32523232619563
0.11399253357153305,2.193395667308949,66.34157378158558
0.5707110041137651,3.05958331578445,53.48208349613593
0.09318683043150924,0.9910838018190509,54.592851238522314
0.05002417581565685,4.230176916610362,51.37801144883122
0.0934976895371429,6.9020016187731725,81.27826268894619
0.08162957552233449,2.0965666714998745,66.56318308889259
0.06372921636659218,7.588578655987708,88.79517277881484
0.011584842768601666,5.170482232631292,84.11803460975409
0.062312933001918036,7.261574499478192,64.90251684577898
0.04421956804472798,2.7251616363870084,81.46993506815357
0.05095753829653551,1.2375083566523006,91.01292583548837
0.12551941364017213,2.9521347325427514,83.55460492578148
0.06035049194016338,5.004706980334918,56.823935755823335
0.057415030143536896,5.909704042761378,67.26057361312498
0.01668463630653466,6.408796218434043,78.42475587487664
0.05013558209147875,6.737964611042044,56.45475094258687
0.10689396838025333,0.9515121107696567,67.41097741619583
0.040950148996615685,6.280178714529894,96.96435309174393
0.020290488412642874,2.613029174197745,66.0194123729092
0.0589940275908043,5.705393200255102,98.83602526424005
0.11925146473302778,5.396668498789466,78.9053255442341
0.011475760961129462,6.453175151900272,55.727452626120915
0.05888138778614615,5.749653673338233,57.762310176883624
0.016377138818964836,3.7225937484851723,51.59326912628139
0.03113589100666725,7.340882331489723,76.13275537889622
0.14200769155646703,6.264900824130779,69.55533840188542
0.015105192140824729,5.676514870531632,67.68298889134876
0.11775795245031748,5.451318861363278,74.88121919234251
0.07958120388600559,0.8318200748763269,67.2377239965963
0.1371420173352591,6.070004304911165,77.14290601303837
0.04342422661334897,1.517658971140226,57.8874737535632
0.12151417865766678,2.9422643235075125,69.32523232619563
0.17818140971054452,0.1701055385746475,59.28971657556464
0.4722661431415843,3.8407014143461677,57.614672620909424
0.09318683043150924,0.9910838018190509,54.592851238522314
0.05015457066844696,4.239957242180794,51.446779486702056
0.0934976895371429,6.9020016187731725,81.27826268894619
0.033846765350533214,2.002480822362929,67.84119460627791
0.06372921636659218,7.588578655987708,88.79517277881484
0.013016350030070682,5.376254251002642,77.43492313391341
0.062312933001918036,7.261574499478192,64.90251684577898
0.04421956804472798,2.7251616363870084,81.46993506815357
0.052994866982920476,0.9852594446704117,92.33866194161143
0.17743128220094076,2.585677580787559,98.75652980565255
0.06035049194016338,5.004706980334918,56.823935755823335
0.025262269819933375,6.153947249917564,63.20003458960842
0.01668463630653466,6.408796218434043,78.42475587487664
0.05013558209147875,6.737964611042044,56.45475094258687
0.1279527660758753,0.9383267652080742,57.6715373915614
0.040950148996615685,6.280178714529894,96.96435309174393
0.03381247629363089,2.3121646169164887,63.899829731292435
0.0589940275908043,5.705393200255102,98.83602526424005
0.11925146473302778,5.396668498789466,78.9053255442341
0.011475760961129462,6.453175151900272,55.727452626120915
0.05888138778614615,5.749653673338233,57.762310176883624
0.024978404401034483,4.490875787082703,52.83191914005413
0.039527725660775115,7.719795993562366,84.8426635215012
0.14077326048716465,6.265087445555606,69.89014309290675
0.015105192140824729,5.676514870531632,67.68298889134876
0.11775795245031748,5.451318861363278,74.88121919234251
0.07148470161789934,0.7370446433953737,74.7624962386725
0.1371420173352591,6.070004304911165,77.14290601303837
0.030548483077087074,0.8589889062500982,54.318565323683174
0.12151417865766678,2.9422643235075125,69.32523232619563
0.17818140971054452,0.1701055385746475,59.28971657556464
0.4722661431415843,3.8407014143461677,57.614672620909424
0.09318683043150924,0.9910838018190509,54.592851238522314
0.05435726620630213,4.4708417375354434,53.47504335350415
0.09343794751572594,6.8981921120586165,81.26800666978797
0.013188819480843383,1.7810302746222595,67.49149601554575
0.06372921636659218,7.588578655987708,88.79517277881484
0.013016350030070682,5.376254251002642,77.43492313391341
0.062312933001918036,7.261574499478192,64.90251684577898
0.01182618127434519,3.8723087556482954,99.24997277735326
0.052994866982920476,0.9852594446704117,92.33866194161143
0.17131524714273488,2.881177287576425,96.66971230614078
0.06458832759185346,5.032908017062082,58.412658258137064
0.038109539748132956,3.7595257315021122,76.69865531843165
0.01668463630653466,6.408796218434043,78.42475587487664
0.05013558209147875,6.737964611042044,56.45475094258687
0.1440526607309172,0.928246290643473,50.22553023283782
0.023767654850689685,6.827524934060019,95.18203140413488
0.03381247629363089,2.3121646169164887,63.899829731292435
0.0589940275908043,5.705393200255102,98.83602526424005
0.11925146473302778,5.396668498789466,78.9053255442341
0.011475760961129462,6.453175151900272,55.727452626120915
0.0688520676970144,4.62292706217385,59.25299668934778
0.024978404401034483,4.490875787082703,52.83191914005413
0.039527725660775115,7.719795993562366,84.8426635215012
0.15521419056028513,6.564922875549076,72.63326153356917
0.015105192140824729,5.676514870531632,67.68298889134876
0.11784557749571337,5.448112499717064,75.11731534357236
0.02654487857236723,0.9758349819512083,81.2795106106511
0.1344204650820271,6.126300746299317,77.57487771897007
0.030548483077087074,0.8589889062500982,54.318565323683174
0.1445310576577198,1.0915465840338436,61.56997480298716
0.10357279443099848,1.8305057442422443,77.21148200161953
0.5268885601190176,3.5999446184169623,54.32034240511673
0.09318683043150924,0.9910838018190509,54.592851238522314
0.05435726620630213,4.4708417375354434,53.47504335350415
0.09343794751572594,6.8981921120586165,81.26800666978797
0.013243470403073693,0.6418006600243009,64.34069186029376
0.06372921636659218,7.588578655987708,88.79517277881484
0.012100010644515657,5.406108298976875,77.54546344737085
0.06331159017414807,7.22896256735905,65.08621207361647
0.01182618127434519,3.8723087556482954,99.24997277735326
0.052994866982920476,0.9852594446704117,92.33866194161143
0.17131524714273488,2.881177287576425,96.66971230614078
0.06458832759185346,5.032908017062082,58.412658258137064
0.02906535886067316,3.3635767571472224,89.62591304964332
0.01604635707669862,6.531668792834058,78.85262820694271
0.0481018236097751,6.967787433808525,56.15068979877454
0.1440526607309172,0.928246290643473,50.22553023283782
0.02399714854547774,6.962412794079442,95.85456740912026
0.034514533481866436,2.976434228865079,66.47243261524764
0.060335601446072175,5.662657531517777,98.97518528125889
0.09481603517081427,6.577280153591232,70.56785175063673
0.011475760961129462,6.453175151900272,55.727452626120915
0.06281758042306432,4.431920225685104,63.85968526976992
0.024978404401034483,4.490875787082703,52.83191914005413
0.039527725660775115,7.719795993562366,84.8426635215012
0.20016694832610316,6.240117970275417,76.32478587340795
0.015105192140824729,5.676514870531632,67.68298889134876
0.18862363925743666,5.290765638965113,80.23883805321302
0.02442460375458845,0.9523092656628009,81.39148739882701
0.22948472469299327,5.800756470924214,76.54873774500548
0.030548483077087074,0.8589889062500982,54.318565323683174
0.13657262355141125,1.064283737822279,61.737931040045815
0.10722049854962928,1.7554502896406874,76.60370143693224
0.5268885601190176,3.5999446184169623,54.32034240511673
0.09318683043150924,0.9910838018190509,54.592851238522314
0.05435726620630213,4.4708417375354434,53.47504335350415
0.05464640818859049,5.45993536765306,89.81515835595192
0.013243470403073693,0.6418006600243009,64.34069186029376
0.05136153094598759,7.065771720692114,86.10032469547417
0.03968210823858623,4.9686948007058005,80.85850628194771
0.06331159017414807,7.22896256735905,65.08621207361647
0.01182618127434519,3.8723087556482954,99.24997277735326
0.055857132151162676,1.36798060691347,90.84865498116318
0.17131524714273488,2.881177287576425,96.66971230614078
0.05615198385812975,4.6018844549043765,55.02022797923551
0.02906535886067316,3.3635767571472224,89.62591304964332
0.01604635707669862,6.531668792834058,78.85262820694271
0.0481018236097751,6.967787433808525,56.15068979877454
0.09120086819914745,2.0476010234573376,68.33518951205063
0.02399714854547774,6.962412794079442,95.85456740912026
0.036774027437390035,3.2244279665366813,66.6988742995546
0.060335601446072175,5.662657531517777,98.97518528125889
0.06008771224451531,6.525564958070653,64.38378074728674
0.011475760961129462,6.453175151900272,55.727452626120915
0.06281758042306432,4.431920225685104,63.85968526976992
0.024978404401034483,4.490875787082703,52.83191914005413
0.03353580493779388,5.034904471181729,83.47346489776244
0.19570394951552217,6.234772025014573,76.39340020362766
0.015105192140824729,5.676514870531632,67.68298889134876
0.27460595736374305,6.329283772122206,75.18035743770497
0.02442460375458845,0.9523092656628009,81.39148739882701
0.22948472469299327,5.800756470924214,76.54873774500548
0.030548483077087074,0.8589889062500982,54.318565323683174
0.1742677507594175,0.2580857278435036,51.959605524552224
0.10722049854962928,1.7554502896406874,76.60370143693224
0.5121125408522041,3.7598001434526616,55.542099199526135
0.031537425736730074,0.6202420336972554,54.63158755475889
0.05435726620630213,4.4708417375354434,53.47504335350415
0.018116601653516917,5.388725982808336,92.58697512941406
0.03178945411186368,2.8000303068513586,75.75169469941743
0.08837482733099253,6.943664095602334,84.28982491676966
0.03968210823858623,4.9686948007058005,80.85850628194771
0.06331159017414807,7.22896256735905,65.08621207361647
0.014407085420110422,3.7336817922020185,96.21205390486705
0.05568264044835667,1.957720445290564,90.69970559917998
0.17131524714273488,2.881177287576425,96.66971230614078
0.05615198385812975,4.6018844549043765,55.02022797923551
0.035348151973688235,4.553110124588849,78.57775337981164
0.01604635707669862,6.531668792834058,78.85262820694271
0.0481018236097751,6.967787433808525,56.15068979877454
0.09120086819914745,2.0476010234573376,68.33518951205063
0.02399714854547774,6.962412794079442,95.85456740912026
0.029573390627320152,3.7068060658603654,57.55905694604873
0.06270567191279189,5.836912126091438,99.68379615758836
0.0642784111905068,6.295532467753105,63.9277817943355
0.011475760961129462,6.453175151900272,55.727452626120915
0.07617029095189265,3.5615297347274457,52.85469694408918
0.024978404401034483,4.490875787082703,52.83191914005413
0.03353580493779388,5.034904471181729,83.47346489776244
0.2926764679176391,7.084843865103126,74.94534478384678
0.015105192140824729,5.676514870531632,67.68298889134876
0.17384361364164888,6.376726391646956,67.7311163098686
0.02442460375458845,0.9523092656628009,81.39148739882701
0.22948472469299327,5.800756470924214,76.54873774500548
0.029765188295754155,0.2561169302300401,50.3595223536159
0.11059246895140273,3.098960183566375,70.55954474601532
0.10722049854962928,1.7554502896406874,76.60370143693224
0.5121125408522041,3.7598001434526616,55.542099199526135
0.031537425736730074,0.6202420336972554,54.63158755475889
0.05435726620630213,4.4708417375354434,53.47504335350415
0.018116601653516917,5.388725982808336,92.58697512941406
0.03178945411186368,2.8000303068513586,75.75169469941743
0.08837482733099253,6.943664095602334,84.28982491676966
0.044883536977557405,4.912663579017325,78.64554668170058
0.05196484106979093,7.059144406924999,63.037600196639026
0.014407085420110422,3.7336817922020185,96.21205390486705
0.08445863135095294,0.7195772506778266,86.8566734561151
0.17131524714273488,2.881177287576425,96.66971230614078
0.05615198385812975,4.6018844549043765,55.02022797923551
0.035348151973688235,4.553110124588849,78.57775337981164
0.01604635707669862,6.531668792834058,78.85262820694271
0.0481018236097751,6.967787433808525,56.15068979877454
0.13342142835106638,1.1206083432997582,53.00872964315249
0.02399714854547774,6.962412794079442,95.85456740912026
0.029573390627320152,3.7068060658603654,57.55905694604873
0.06270567191279189,5.836912126091438,99.68379615758836
0.0642784111905068,6.295532467753105,63.9277817943355
0.012181482559192162,6.247986453573622,55.688902702269964
0.07617029095189265,3.5615297347274457,52.85469694408918
0.037981692134467504,5.728383956481757,57.74947861347887
0.03353580493779388,5.034904471181729,83.47346489776244
0.2926764679176391,7.084843865103126,74.94534478384678
0.016985705003163987,4.723243379532083,70.44915148133444
0.18035083889877163,6.408332996631129,65.86025850826283
0.02442460375458845,0.9523092656628009,81.39148739882701
0.22948472469299327,5.800756470924214,76.54873774500548
0.029765188295754155,0.2561169302300401,50.3595223536159
0.13176412395936324,2.9401197772800884,73.95679201578928
0.11279367481261333,1.4356605539008145,78.1213172442676
0.5121125408522041,3.7598001434526616,55.542099199526135
0.031537425736730074,0.6202420336972554,54.63158755475889
0.05435726620630213,4.4708417375354434,53.47504335350415
0.018116601653516917,5.388725982808336,92.58697512941406
0.02922056229659526,1.5588827015516236,74.53130018788333
0.13135946011014388,7.687054505213101,94.03245221829184
0.013593919182267933,4.762133197829771,79.00095257605524
0.06387600861869512,7.302005710060591,65.23780576999008
0.014407085420110422,3.7336817922020185,96.21205390486705
0.08445863135095294,0.7195772506778266,86.8566734561151
0.14334548432933908,3.4112610659063,92.8445463616433
0.0607016340135803,3.264764382300579,54.381333145552176
0.03849040176919146,6.971579375896801,94.4597715670296
0.03721757462675161,5.422600373169069,78.33041305763784
0.04741852536570605,7.004004563718368,55.802169889411196
0.13342142835106638,1.1206083432997582,53.00872964315249
0.02399714854547774,6.962412794079442,95.85456740912026
0.029573390627320152,3.7068060658603654,57.55905694604873
0.04746202660680579,3.891847449284006,92.39973957395861
0.0628272713109553,6.18728864429261,63.66148284221666
0.012181482559192162,6.247986453573622,55.688902702269964
0.07102839703082423,3.195275141304654,52.57822038602985
0.037981692134467504,5.728383956481757,57.74947861347887
0.03926285879095479,3.8776194706921956,76.03979311761829
0.2252034519679007,6.821363467418074,71.63292860836158
0.016985705003163987,4.723243379532083,70.44915148133444
0.23085543359408264,7.364727146246524,55.773888470565666
0.02442460375458845,0.9523092656628009,81.39148739882701
0.22948472469299327,5.800756470924214,76.54873774500548
0.02781005084514239,0.6988224748943885,56.1967017479134
0.129839185255792,2.787461726612708,74.37936797760672
0.08515786418561185,2.857879609704409,78.03747563711795
0.5210958728414392,3.8236633070068553,54.88430276554388
0.03083281174908982,0.8705948041045763,56.62430400984309
0.0526049233735541,4.614651677009135,55.92112923708945
0.018116601653516917,5.388725982808336,92.58697512941406
0.04485484951311612,2.1708213385242807,66.32181607823682
0.12459380536850749,7.817113173529361,95.2379396758847
0.013576192325685816,4.768368833444277,78.99703992698169
0.06387600861869512,7.302005710060591,65.23780576999008
0.014407085420110422,3.7336817922020185,96.21205390486705
0.09128574674955775,0.24253443343020553,88.49063358426166
0.13238184376363551,3.652369533906846,89.19272536692954
0.05209192644119579,4.843437693046892,56.708772617053796
0.03849040176919146,6.971579375896801,94.4597715670296
0.036083385770899326,5.383394757316313,77.88859333379588
0.04219637045865815,6.657883769558827,59.3838120876259
0.13342142835106638,1.1206083432997582,53.00872964315249
0.02399714854547774,6.962412794079442,95.85456740912026
0.029573390627320152,3.7068060658603654,57.55905694604873
0.04746202660680579,3.891847449284006,92.39973957395861
0.06748811162728735,6.270534390247214,60.64616006456973
0.012181482559192162,6.247986453573622,55.688902702269964
0.0638162058515526,4.242449085925664,65.06681547157157
0.042593953811358526,6.837293553008175,57.85393188009772
0.044355871959750645,4.158963839051379,68.35997569147985
0.28369764131224284,6.647091950034859,73.95167561396751
0.016985705003163987,4.723243379532083,70.44915148133444
0.23085543359408264,7.364727146246524,55.773888470565666
0.02365155602481335,0.5387443715043898,84.96972955798799
0.1450724552759447,3.70580491107337,68.08233717774996
0.02781005084514239,0.6988224748943885,56.1967017479134
0.13470490847589708,2.644352052262351,75.15231040976762
0.0738873782906021,2.875641926017637,78.9602024005946
0.44582969942347933,4.057860391289559,60.52615728920544
0.03083281174908982,0.8705948041045763,56.62430400984309
0.051965190211911774,4.4129246564529705,56.77965838093467
0.018116601653516917,5.388725982808336,92.58697512941406
0.04485484951311612,2.1708213385242807,66.32181607823682
0.12459380536850749,7.817113173529361,95.2379396758847
0.013576192325685816,4.768368833444277,78.99703992698169
0.06387600861869512,7.302005710060591,65.23780576999008
0.011455789394022427,3.520797025005953,98.0599650684992
0.09128574674955775,0.24253443343020553,88.49063358426166
0.1592521968417982,4.009171581771724,93.89319579199196
0.03517390761641109,6.315921435183736,60.39904637057435
0.04712131828573053,6.666462930366171,93.97560139053462
0.023318361194787113,6.572170150494454,75.43697166481604
0.04219637045865815,6.657883769558827,59.3838120876259
0.11217835705603549,1.8452880627226294,56.670163170153685
0.02399714854547774,6.962412794079442,95.85456740912026
0.029573390627320152,3.7068060658603654,57.55905694604873
0.04746202660680579,3.891847449284006,92.39973957395861
0.05363019622711218,5.895224039661988,52.25172644526343
0.012181482559192162,6.247986453573622,55.688902702269964
0.06382798606051217,4.301213576762506,67.03036129275806
0.042593953811358526,6.837293553008175,57.85393188009772
0.04667536546967682,4.13720848894677,66.90605346939574
0.28369764131224284,6.647091950034859,73.95167561396751
0.019084987208001017,4.056982389410726,76.89887939510696
0.23085543359408264,7.364727146246524,55.773888470565666
0.02365155602481335,0.5387443715043898,84.96972955798799
0.18582735873542916,2.6131542590944496,74.34486712212095
0.020827062058645394,2.6953012616575784,67.38231987213034
0.12324772481776451,2.0818776994642247,77.46142041087597
0.09173418656177795,2.807770277507762,77.84278250421632
0.5676529377969008,3.260815673963562,50.305856450315304
0.03083281174908982,0.8705948041045763,56.62430400984309
0.051401645687213296,4.590655353666788,56.69988092460536
0.018116601653516917,5.388725982808336,92.58697512941406
0.05122493014133558,1.9423589975427118,60.280143775828556
0.12459380536850749,7.817113173529361,95.2379396758847
0.015097776518465854,4.333338697203223,76.55970825645205
0.061629136271009244,7.135677881457156,66.64864645281543
0.01097484947476051,3.3859243447450846,98.45513899577404
0.09128574674955775,0.24253443343020553,88.49063358426166
0.16606695050358602,3.9736561771033974,94.59004104845567
0.036409281085238235,6.289219767200006,58.83206216975958
0.04712131828573053,6.666462930366171,93.97560139053462
0.023318361194787113,6.572170150494454,75.43697166481604
0.04120333498217247,7.806999036501507,55.25617017727896
0.0637629801792119,3.9769377061798803,56.195067367350184
0.035566793599023136,7.060935407147789,86.97204006998906
0.029573390627320152,3.7068060658603654,57.55905694604873
0.04746202660680579,3.891847449284006,92.39973957395861
0.0552277142102427,6.114568190316786,54.276504418814156
0.012181482559192162,6.247986453573622,55.688902702269964
0.06382798606051217,4.301213576762506,67.03036129275806
0.04152445347554835,6.294711354626022,57.74211557746348
0.06490376381217812,4.52080817279626,50.79734236845935
0.2919203973885001,6.659178697141057,74.50475623951345
0.019084987208001017,4.056982389410726,76.89887939510696
0.16785341454000144,7.124130657288887,61.74300968705224
0.02365155602481335,0.5387443715043898,84.96972955798799
0.17555750200366993,3.4859422903387403,77.84897312308536
0.020827062058645394,2.6953012616575784,67.38231987213034
0.12116899025813045,2.9776301651606634,69.92622586161542
0.12666408860710893,0.6097242329052204,89.84538049103692
0.5676529377969008,3.260815673963562,50.305856450315304
0.03083281174908982,0.8705948041045763,56.62430400984309
0.049773740983815165,4.555239349227018,56.62938192649561
0.018116601653516917,5.388725982808336,92.58697512941406
0.04924605460760674,1.569342546677552,61.651992001182144
0.12459380536850749,7.817113173529361,95.2379396758847
0.014421850559041799,4.3780730613971786,76.86429301160436
0.061629136271009244,7.135677881457156,66.64864645281543
0.01097484947476051,3.3859243447450846,98.45513899577404
0.06920072925533824,1.4093109379091127,84.94490780960655
0.16606695050358602,3.9736561771033974,94.59004104845567
0.036409281085238235,6.289219767200006,58.83206216975958
0.047331105076186916,6.68550251247431,93.9496030607435
0.023318361194787113,6.572170150494454,75.43697166481604
0.04120333498217247,7.806999036501507,55.25617017727896
0.0637629801792119,3.9769377061798803,56.195067367350184
0.03043819645489616,6.569474424665127,88.62226489273901
0.023240595946436394,3.450384466737324,57.808320358245915
0.05304385033725677,5.169912637811025,82.25384065204668
0.0552277142102427,6.114568190316786,54.276504418814156
0.012181482559192162,6.247986453573622,55.688902702269964
0.06382798606051217,4.301213576762506,67.03036129275806
0.09149710400001043,6.485440362946472,59.743179164141274
0.06490376381217812,4.52080817279626,50.79734236845935
0.3256617970521761,7.379169217045163,69.11987693051046
0.019084987208001017,4.056982389410726,76.89887939510696
0.15698489929804793,7.062961077705315,61.32033134547019
0.07119164687305798,1.4610917879027192,82.74123609354776
0.17555750200366993,3.4859422903387403,77.84897312308536
0.010985965285501914,0.5366218377232759,60.21155646864173
0.17227194576861893,1.333125452269083,60.6788679711574
0.13153684706193913,0.47588760821183707,91.35479437383961
0.5676529377969008,3.260815673963562,50.305856450315304
0.03148616705155948,0.6485885678292003,56.52241236456486
0.021224463488540346,3.9341333739114597,55.39301013152952
0.018116601653516917,5.388725982808336,92.58697512941406
0.045652866081883736,2.022909084023338,61.073906167121386
0.12459380536850749,7.817113173529361,95.2379396758847
0.014421850559041799,4.3780730613971786,76.86429301160436
0.06367191633239347,7.297541617388367,67.21770908522687
0.01097484947476051,3.3859243447450846,98.45513899577404
0.067192097974841,2.863791025740272,68.98251085640422
0.10243422022435857,3.9562928748899364,77.36985830039079
0.037175476678309116,6.317020077229799,61.29565296672326
0.046956090140153714,6.728470118827373,94.46240679667122
0.03581387641896962,5.982712059023522,78.30253561913625
0.04120333498217247,7.806999036501507,55.25617017727896
0.06480103843232021,2.440294704427594,51.10967944254748
0.05242042081118692,6.102390497200952,86.99035991744464
0.023240595946436394,3.450384466737324,57.808320358245915
0.059043112069523326,4.886906030440996,83.6296357164427
0.0552277142102427,6.114568190316786,54.276504418814156
0.011697922891404443,6.645714470606581,52.41701738692207
0.06382798606051217,4.301213576762506,67.03036129275806
0.07459838605177142,6.57764507365608,72.91554288690807
0.04369129449798474,4.219908498978485,61.414283482942395
0.3256617970521761,7.379169217045163,69.11987693051046
0.015139638310924117,3.814902183759192,75.70452230281245
0.15698489929804793,7.062961077705315,61.32033134547019
0.07119164687305798,1.4610917879027192,82.74123609354776
0.17555750200366993,3.4859422903387403,77.84897312308536
0.010985965285501914,0.5366218377232759,60.21155646864173
0.17227194576861893,1.333125452269083,60.6788679711574
0.13153684706193913,0.47588760821183707,91.35479437383961
0.5676529377969008,3.260815673963562,50.305856450315304
0.03148616705155948,0.6485885678292003,56.52241236456486
0.029228914025871206,4.4904781180744076,63.50045241503635
0.018116601653516917,5.388725982808336,92.58697512941406
0.04623606332470566,2.096014565584762,61.265034930526994
0.12459380536850749,7.817113173529361,95.2379396758847
0.010996114303934428,5.12678340371172,80.9480146221468
0.0680763554323758,7.261958512432302,70.74379642484166
0.01097484947476051,3.3859243447450846,98.45513899577404
0.067192097974841,2.863791025740272,68.98251085640422
0.135916516316848,3.1061118727422445,85.41313979726414
0.04441838333063792,7.139435182722325,56.55963640012138
0.046956090140153714,6.728470118827373,94.46240679667122
0.022819985484673122,6.0492134263174,78.98655043124806
0.04914095493652873,7.4149360716478565,55.58457309508561
0.06480103843232021,2.440294704427594,51.10967944254748
0.05242042081118692,6.102390497200952,86.99035991744464
0.0212273009942205,3.578614626603419,57.51497267926009
0.048362392341954386,4.744888612498933,76.41850211920823
0.0469694650469175,5.605362269086623,62.520901119746824
0.011697922891404443,6.645714470606581,52.41701738692207
0.09182641956580118,4.786079118454034,50.38339186438977
0.07459838605177142,6.57764507365608,72.91554288690807
0.052014588894762875,3.7396115177500606,64.09472734747295
0.35533798332129496,7.897602150418091,69.13564860980898
0.013925665016409947,3.780920091615471,75.6784331824127
0.15974353986163858,7.7770184012168055,58.06451092955012
0.08193457034998342,1.5000360043824534,82.03936707007594
0.28020486962086233,3.5495371744898336,64.7468570608757
0.010979028780295903,0.47710178694962746,60.28749759276284
0.18077330633516728,1.0518580717955448,61.11627976109082
0.13153684706193913,0.47588760821183707,91.35479437383961
0.4769191750500236,3.3519513990874117,54.864197480541506
0.03148616705155948,0.6485885678292003,56.52241236456486
0.029228914025871206,4.4904781180744076,63.50045241503635
0.018116601653516917,5.388725982808336,92.58697512941406
0.04623606332470566,2.096014565584762,61.265034930526994
0.12459380536850749,7.817113173529361,95.2379396758847
0.010996114303934428,5.12678340371172,80.9480146221468
0.0807492296624632,7.736007063683893,68.47827036408397
0.01097484947476051,3.3859243447450846,98.45513899577404
0.06948786339916432,2.482808224443456,69.6546840135382
0.135916516316848,3.1061118727422445,85.41313979726414
0.04441838333063792,7.139435182722325,56.55963640012138
0.046956090140153714,6.728470118827373,94.46240679667122
0.023392929825810996,6.178035620239376,78.04486283571077
0.04341180053820038,6.810136866258036,62.01991901831032
0.06480103843232021,2.440294704427594,51.10967944254748
0.05242042081118692,6.102390497200952,86.99035991744464
0.017322943551287447,3.262720507564299,53.82561912238552
0.06136386786691609,5.1088318238447785,76.6979127634768
0.0469694650469175,5.605362269086623,62.520901119746824
0.011697922891404443,6.645714470606581,52.41701738692207
0.09182641956580118,4.786079118454034,50.38339186438977
0.09037559507755649,7.132857093596124,78.8512953500552
0.05662949610412517,4.415473761311554,70.31579866329128
0.35533798332129496,7.897602150418091,69.13564860980898
0.013925665016409947,3.780920091615471,75.6784331824127
0.11730340182271595,5.976328518851277,61.68054204190972
0.08233181931341335,1.478235665973311,82.75648636621946
0.2880358858842571,3.598187075174199,64.86339484281615
0.019283724803043537,0.7800209926625712,58.871367084400674
0.18077330633516728,1.0518580717955448,61.11627976109082
0.13153684706193913,0.47588760821183707,91.35479437383961
0.4800552115398949,3.3525602625041713,54.871284178398334
0.03148616705155948,0.6485885678292003,56.52241236456486
0.08494710488241819,3.7336023035834494,73.14806030983479
0.018116601653516917,5.388725982808336,92.58697512941406
0.04623606332470566,2.096014565584762,61.265034930526994
0.12459380536850749,7.817113173529361,95.2379396758847
0.010996114303934428,5.12678340371172,80.9480146221468
0.0807492296624632,7.736007063683893,68.47827036408397
0.01097484947476051,3.3859243447450846,98.45513899577404
0.06306849209063388,3.6751990282732327,66.30152420712706
0.16094974381034124,2.701182579293805,86.30792153423037
0.04990939545724757,7.925068760403588,57.11369723650791
0.046956090140153714,6.728470118827373,94.46240679667122
0.023392929825810996,6.178035620239376,78.04486283571077
0.04341180053820038,6.810136866258036,62.01991901831032
0.06480103843232021,2.440294704427594,51.10967944254748
0.05242042081118692,6.102390497200952,86.99035991744464
0.017322943551287447,3.262720507564299,53.82561912238552
0.07155441691645309,3.3443405085985147,79.64241555033789
0.07270731402353434,7.639144204456839,70.06977510451325
0.011697922891404443,6.645714470606581,52.41701738692207
0.09182641956580118,4.786079118454034,50.38339186438977
0.08234566264403077,7.832398664179843,84.86648504081349
0.060056553150579256,4.887272383147768,70.05471309654462
0.21449962340192671,6.052406657108477,81.12679555259186
0.03479840907009157,5.016315397377726,73.42941883473696
0.10970042997442186,5.4493403931836575,64.3751402130696
0.08233181931341335,1.478235665973311,82.75648636621946
0.32368595068500144,3.135291406101374,60.48639306655366
0.01895639220146113,1.033129725079431,58.5928574287825
0.18077330633516728,1.0518580717955448,61.11627976109082
0.13153684706193913,0.47588760821183707,91.35479437383961
0.4800552115398949,3.3525602625041713,54.871284178398334
0.03148616705155948,0.6485885678292003,56.52241236456486
0.07230157991529457,4.057052000339967,73.219007842841
0.016740055330546483,5.0026933732316765,93.71804201477221
0.04623606332470566,2.096014565584762,61.265034930526994
0.12459380536850749,7.817113173529361,95.2379396758847
0.06752937997809201,2.945526316469093,85.82876514567324
0.0807492296624632,7.736007063683893,68.47827036408397
0.01097484947476051,3.3859243447450846,98.45513899577404
0.04677962521228657,4.14193998002958,75.94104671355682
0.14817113121575903,3.152638828109055,87.22203389682248
0.04990939545724757,7.925068760403588,57.11369723650791
0.046956090140153714,6.728470118827373,94.46240679667122
0.023392929825810996,6.178035620239376,78.04486283571077
0.04341180053820038,6.810136866258036,62.01991901831032
0.06480103843232021,2.440294704427594,51.10967944254748
0.05242042081118692,6.102390497200952,86.99035991744464
0.017322943551287447,3.262720507564299,53.82561912238552
0.06826559269222489,3.4438405468316713,80.48694351614971
0.07270731402353434,7.639144204456839,70.06977510451325
0.011697922891404443,6.645714470606581,52.41701738692207
0.09182641956580118,4.786079118454034,50.38339186438977
0.08234566264403077,7.832398664179843,84.86648504081349
0.06789840907423629,3.90437780229784,73.88440274250175
0.21091780192222198,5.521335556231172,79.00162738969716
0.03479840907009157,5.016315397377726,73.42941883473696
0.15068348235776594,5.646251800712743,51.43885756333386
0.08233181931341335,1.478235665973311,82.75648636621946
0.49060312989846533,2.5284907483969734,51.170436892294916
0.01895639220146113,1.033129725079431,58.5928574287825
0.18077330633516728,1.0518580717955448,61.11627976109082
0.13153684706193913,0.47588760821183707,91.35479437383961
0.3708375152650582,4.232663261396568,64.66353305083507
0.03148616705155948,0.6485885678292003,56.52241236456486
0.06392019205579619,6.211941735154336,65.249376856659
0.016740055330546483,5.0026933732316765,93.71804201477221
0.04881842170574052,2.6970506236055654,61.84685600423171
0.12459380536850749,7.817113173529361,95.2379396758847
0.09073734938183053,0.4689788462096294,84.0970599384877
0.0807492296624632,7.736007063683893,68.47827036408397
0.01097484947476051,3.3859243447450846,98.45513899577404
0.05760904460480353,3.3690463566034383,83.20271198424003
0.14817113121575903,3.152638828109055,87.22203389682248
0.04990939545724757,7.925068760403588,57.11369723650791
0.046956090140153714,6.728470118827373,94.46240679667122
0.023392929825810996,6.178035620239376,78.04486283571077
0.04459792632032927,6.824849493305669,62.50525749714682
0.09014867284020271,2.6568740294210755,62.08918933337326
0.04303219257623521,5.5596476311398835,87.65666771858692
0.017322943551287447,3.262720507564299,53.82561912238552
0.06572573656336735,3.526362878005039,79.9495730735108
0.07270731402353434,7.639144204456839,70.06977510451325
0.029791496227172656,6.495424203148928,56.86307537811601
0.09182641956580118,4.786079118454034,50.38339186438977
0.08291876116082464,7.329524199478872,84.81393822886677
0.06789840907423629,3.90437780229784,73.88440274250175
0.2254092875062457,6.504108112626502,74.84411320856343
0.03472753745938924,5.016261936535936,73.50904333564333
0.15068348235776594,5.646251800712743,51.43885756333386
0.08233181931341335,1.478235665973311,82.75648636621946
0.2930100176782316,4.431901042291452,56.192087899508664
0.027058520312349718,1.9119948677137897,59.889008978408214
0.18077330633516728,1.0518580717955448,61.11627976109082
0.13153684706193913,0.47588760821183707,91.35479437383961
0.3406023487450066,4.580530862368674,63.95225058926102
0.03110327648936863,0.6603395515177783,56.58568196710024
0.0655111816361407,6.017408381693157,66.17322022371084
0.016740055330546483,5.0026933732316765,93.71804201477221
0.04881842170574052,2.6970506236055654,61.84685600423171
0.12459380536850749,7.817113173529361,95.2379396758847
0.09073734938183053,0.4689788462096294,84.0970599384877
0.0807492296624632,7.736007063683893,68.47827036408397
0.01097484947476051,3.3859243447450846,98.45513899577404
0.05448449425987894,1.9615733408622837,92.09112726862811
0.17424719664594934,3.0344363157793905,89.5221886242845
0.04990939545724757,7.925068760403588,57.11369723650791
0.05007092120088555,7.656293674316716,99.86487389127187
0.023392929825810996,6.178035620239376,78.04486283571077
0.04459792632032927,6.824849493305669,62.50525749714682
0.09765995442546738,2.3894624658427768,56.596222805007955
0.031178143965674317,4.733081879462512,94.59574548720823
0.017322943551287447,3.262720507564299,53.82561912238552
0.06417339545137205,3.9358893538122706,81.92438654152879
0.07295984378033554,7.6464596838099546,70.13773338990447
0.02716031031503951,6.746681809156865,55.566349849855726
0.0792329449685499,5.729151465731184,52.40543258741471
0.060781346788280954,7.457761342066995,86.36285627525801
0.04847303524959096,3.856213753144715,74.5918944226472
0.27813430002173883,7.961466473560618,72.64996953749545
0.04593176594307683,5.785298051344952,61.74188015255819
0.15068348235776594,5.646251800712743,51.43885756333386
0.08233181931341335,1.478235665973311,82.75648636621946
0.24940596656485284,4.811566003655408,56.089455798946005
0.027058520312349718,1.9119948677137897,59.889008978408214
0.18077330633516728,1.0518580717955448,61.11627976109082
0.13153684706193913,0.47588760821183707,91.35479437383961
0.3406023487450066,4.580530862368674,63.95225058926102
0.02976794554509653,2.721549512427271,56.24047339607348
0.07019452436381615,6.192602352058233,62.296125855522234
0.016740055330546483,5.0026933732316765,93.71804201477221
0.05210986443853716,2.6560134381772764,61.82863273138362
0.12289120784823333,7.813963614906013,94.19879296548906
0.06932207036507874,3.419010170192891,74.07538122916463
0.0807492296624632,7.736007063683893,68.47827036408397
0.01097484947476051,3.3859243447450846,98.45513899577404
0.04798900603801294,1.6000802468951418,82.22743222794213
0.11723890675142176,2.504604777626449,98.28475727149856
0.04716311337367352,7.4570756641560925,62.609127032689166
0.07048291369481126,5.857180816081339,97.73259984667548
0.01628706089194814,7.150894798879245,82.57185150038885
0.03968964778221433,6.632893308891766,55.26947317791374
0.09765995442546738,2.3894624658427768,56.596222805007955
0.031178143965674317,4.733081879462512,94.59574548720823
0.017322943551287447,3.262720507564299,53.82561912238552
0.06399585523576748,3.9538890845244636,81.72795636328682
0.07295984378033554,7.6464596838099546,70.13773338990447
0.03466158334325403,6.894051858409304,57.952922770201305
0.0792329449685499,5.729151465731184,52.40543258741471
0.04390507244471401,5.1884967509955136,84.54894051116581
0.03628597321181232,3.779528245991656,68.98932802984918
0.2449993514557529,6.2695252721130075,76.877760651015
0.04593176594307683,5.785298051344952,61.74188015255819
0.15068348235776594,5.646251800712743,51.43885756333386
0.08233181931341335,1.478235665973311,82.75648636621946
0.3658030021162909,5.803725720238468,54.477684721862694
0.027058520312349718,1.9119948677137897,59.889008978408214
0.19414665510606932,0.5228306033140111,61.67049974967643
0.13153684706193913,0.47588760821183707,91.35479437383961
0.39674045359720334,3.8988286204503253,62.97445908312398
0.027897299746517362,2.7657966284871662,55.29682018519517
0.07019452436381615,6.192602352058233,62.296125855522234
0.016844459556886383,5.000376205803254,93.69155181423167
0.07145738125389,3.194769016532545,50.5170268036094
0.12289120784823333,7.813963614906013,94.19879296548906
0.06922854901837047,3.222583144712539,72.16947809149366
0.0807492296624632,7.736007063683893,68.47827036408397
0.01097484947476051,3.3859243447450846,98.45513899577404
0.0180094282756023,1.7064445409144349,81.76559412656646
0.11723890675142176,2.504604777626449,98.28475727149856
0.04677907479947713,7.381323176267511,62.861473255289326
0.07048291369481126,5.857180816081339,97.73259984667548
0.01628706089194814,7.150894798879245,82.57185150038885
0.03968964778221433,6.632893308891766,55.26947317791374
0.09765995442546738,2.3894624658427768,56.596222805007955
0.030870143294404514,4.444402974163919,88.9028662157897
0.029259773337007473,2.9350561454360866,59.137860470883126
0.06399585523576748,3.9538890845244636,81.72795636328682
0.0716947183037935,6.9813242427940185,66.55022107233002
0.04442585562862503,6.375026117321268,62.72191984573784
0.0792329449685499,5.729151465731184,52.40543258741471
0.032013935779455986,4.421349273466847,92.25055836308621
0.03628597321181232,3.779528245991656,68.98932802984918
0.2449993514557529,6.2695252721130075,76.877760651015
0.06442768863167353,4.638141319586655,68.14007713879037
0.15068348235776594,5.646251800712743,51.43885756333386
0.08233181931341335,1.478235665973311,82.75648636621946
0.4978802930409887,6.991802566847465,54.07732147929745
0.0306675446544218,2.839436419681026,60.47770287375392
0.18680088899686903,0.8556404595008731,61.07823781436376
0.11536582239094637,2.100062020505199,79.31265095511162
0.39674045359720334,3.8988286204503253,62.97445908312398
0.025974561465831894,2.746861823883729,55.50779985719112
0.07161395459522676,6.57521234574018,60.85771465262853
0.016844459556886383,5.000376205803254,93.69155181423167
0.07145738125389,3.194769016532545,50.5170268036094
0.12289120784823333,7.813963614906013,94.19879296548906
0.09327878246085955,3.1551471874714347,61.31735563590969
0.0807492296624632,7.736007063683893,68.47827036408397
0.01097484947476051,3.3859243447450846,98.45513899577404
0.0180094282756023,1.7064445409144349,81.76559412656646
0.10221518485587758,2.8424944351048147,97.22102999499172
0.05155471725838762,7.431185870125369,63.651102118155436
0.07048291369481126,5.857180816081339,97.73259984667548
0.01628706089194814,7.150894798879245,82.57185150038885
0.03150201728522296,7.293102915665285,51.00964718174657
0.1000839207188361,1.9658329047188474,53.98416672935774
0.02366431558456042,4.617472416562494,90.10470314082455
0.029259773337007473,2.9350561454360866,59.137860470883126
0.0785296989908621,2.351984349258947,97.54874869988792
0.06997911525492923,6.428144752895426,66.92555487966798
0.02592565085046051,7.981515104069324,57.710528168460044
0.0792329449685499,5.729151465731184,52.40543258741471
0.032013935779455986,4.421349273466847,92.25055836308621
0.035580838529088735,3.6615430576235304,67.92108589726739
0.2449993514557529,6.2695252721130075,76.877760651015
0.10605485381021207,4.632391364155144,66.62840114070956
0.15236972862551681,5.685688079352914,51.31186010398685
0.08233181931341335,1.478235665973311,82.75648636621946
0.37637442711825064,4.59505215327879,56.811840031429654
0.024711359001263034,2.9000971874358954,55.864412177620316
0.20130927966270135,0.7656131611001951,59.18624993779899
0.13066146315326416,1.152920546346487,84.47474177207565
0.5573245548127147,2.4064706625096077,68.23501869124297
0.02536457480179293,2.6913012488692596,55.36335691858466
0.07303311981133069,6.957750904065481,59.41957200889162
0.016844459556886383,5.000376205803254,93.69155181423167
0.07184654160709755,4.124113134914973,52.71568953238138
0.12289120784823333,7.813963614906013,94.19879296548906
0.09985199871797748,3.143211984573554,64.57071670055211
0.0807492296624632,7.736007063683893,68.47827036408397
0.02062337782596113,3.359575422572825,94.77663656895982
0.03439925168450747,1.8013213413497198,80.9523959346481
0.10241612908351086,2.816924102432051,99.99732081767138
0.05155471725838762,7.431185870125369,63.651102118155436
0.07048291369481126,5.857180816081339,97.73259984667548
0.01628706089194814,7.150894798879245,82.57185150038885
0.03150201728522296,7.293102915665285,51.00964718174657
0.10511623833360761,2.323855348459611,53.72696699885102
0.02458852198818385,4.932977514286731,85.49469086332977
0.029259773337007473,2.9350561454360866,59.137860470883126
0.0785296989908621,2.351984349258947,97.54874869988792
0.06997911525492923,6.428144752895426,66.92555487966798
0.02592565085046051,7.981515104069324,57.710528168460044
0.0792329449685499,5.729151465731184,52.40543258741471
0.028296570427384194,4.074834085961194,93.07495657408492
0.035580838529088735,3.6615430576235304,67.92108589726739
0.23767770555184747,6.298827213145051,76.13445963116412
0.07033608564735386,5.907156262265684,59.14535049291928
0.12371494336170663,6.2322512457413755,54.41134088732946
0.08233181931341335,1.478235665973311,82.75648636621946
0.37637442711825064,4.59505215327879,56.811840031429654
0.024711359001263034,2.9000971874358954,55.864412177620316
0.20130927966270135,0.7656131611001951,59.18624993779899
0.1364960503388056,0.6930974348802073,86.92456550936518
0.34610493602428394,3.92480944195934,64.29259217947411
0.02529270837334936,2.89889184592292,58.15367133646426
0.07303311981133069,6.957750904065481,59.41957200889162
0.016844459556886383,5.000376205803254,93.69155181423167
0.07184654160709755,4.124113134914973,52.71568953238138
0.12559980312484922,7.998000844595048,94.60424369779666
0.0622253218325618,3.985050193266284,77.77096651556525
0.0807492296624632,7.736007063683893,68.47827036408397
0.02062337782596113,3.359575422572825,94.77663656895982
0.03439925168450747,1.8013213413497198,80.9523959346481
0.10241612908351086,2.816924102432051,99.99732081767138
0.04653719320155819,7.704344479521183,62.75936902017716
0.07048291369481126,5.857180816081339,97.73259984667548
0.01628706089194814,7.150894798879245,82.57185150038885
0.03150201728522296,7.293102915665285,51.00964718174657
0.1452765122309639,2.036036620584293,52.65936532426673
0.02458852198818385,4.932977514286731,85.49469086332977
0.029259773337007473,2.9350561454360866,59.137860470883126
0.0785296989908621,2.351984349258947,97.54874869988792
0.06997911525492923,6.428144752895426,66.92555487966798
0.02592565085046051,7.981515104069324,57.710528168460044
0.07245054655848748,5.407899065248992,54.81616029160391
0.028296570427384194,4.074834085961194,93.07495657408492
0.035580838529088735,3.6615430576235304,67.92108589726739
0.16173942857028667,5.307862743327111,73.0482690397608
0.07033608564735386,5.907156262265684,59.14535049291928
0.11773391130150473,6.1646046466132125,54.14162724394556
0.08233181931341335,1.478235665973311,82.75648636621946
0.39413675400890213,4.487261986024421,56.995218850672714
0.03526713287087111,3.299597018549144,61.56939106674124
0.20130927966270135,0.7656131611001951,59.18624993779899
0.1364960503388056,0.6930974348802073,86.92456550936518
0.34610493602428394,3.92480944195934,64.29259217947411
0.024095041563059933,3.0170555578725127,67.54733269930728
0.0681315175334507,7.095866653856035,60.03741628659037
0.01856297707587107,4.687206343762763,92.44445857627215
0.07519835342308684,4.066743799378407,50.39081335552548
0.12559980312484922,7.998000844595048,94.60424369779666
0.059799213338094,4.2280521109540405,74.8280116947065
0.0807492296624632,7.736007063683893,68.47827036408397
0.016150673714992205,3.865504085000062,99.26504424102559
0.03439925168450747,1.8013213413497198,80.9523959346481
0.10844871799604833,4.165084279893463,98.59399634115378
0.04653719320155819,7.704344479521183,62.75936902017716
0.07048291369481126,5.857180816081339,97.73259984667548
0.01628706089194814,7.150894798879245,82.57185150038885
0.0356979746488629,6.8130905197601805,53.63032202865045
0.1452765122309639,2.036036620584293,52.65936532426673
0.02458852198818385,4.932977514286731,85.49469086332977
0.029259773337007473,2.9350561454360866,59.137860470883126
0.0785296989908621,2.351984349258947,97.54874869988792
0.06997911525492923,6.428144752895426,66.92555487966798
0.02592565085046051,7.981515104069324,57.710528168460044
0.09362065990134366,6.6199719453307795,52.697863354431185
0.028296570427384194,4.074834085961194,93.07495657408492
0.035580838529088735,3.6615430576235304,67.92108589726739
0.14843578869927526,6.298150497044639,80.98340728163657
0.07366776045310652,6.438075574274759,54.18661836827996
0.11876992825906803,6.40608134038163,59.47096023440937
0.08233181931341335,1.478235665973311,82.75648636621946
0.39413675400890213,4.487261986024421,56.995218850672714
0.05160165485235162,2.879006481683564,65.66075808554301
0.20130927966270135,0.7656131611001951,59.18624993779899
0.1364960503388056,0.6930974348802073,86.92456550936518
0.34610493602428394,3.92480944195934,64.29259217947411
0.024095041563059933,3.0170555578725127,67.54733269930728
0.06777957131369369,7.137683295070706,60.40935917995595
0.01856297707587107,4.687206343762763,92.44445857627215
0.07519835342308684,4.066743799378407,50.39081335552548
0.12559980312484922,7.998000844595048,94.60424369779666
0.010242935344222423,1.3887975074251955,59.93397420974609
0.0807492296624632,7.736007063683893,68.47827036408397
0.016150673714992205,3.865504085000062,99.26504424102559
0.04022192819783174,1.7381182889841513,81.29299438606517
0.10844871799604833,4.165084279893463,98.59399634115378
0.04653719320155819,7.704344479521183,62.75936902017716
0.07048291369481126,5.857180816081339,97.73259984667548
0.01628706089194814,7.150894798879245,82.57185150038885
0.03616766240401551,7.0960057582642735,53.228529161039184
0.14774233114536772,1.6664164400480335,52.52666218969329
0.02458852198818385,4.932977514286731,85.49469086332977
0.029259773337007473,2.9350561454360866,59.137860470883126
0.0785296989908621,2.351984349258947,97.54874869988792
0.07613180264943295,6.630814424287502,64.40851157463578
0.031136314877041552,7.239246451782488,62.587634132242954
0.09035515513183863,6.647028683086756,52.728025257168675
0.028296570427384194,4.074834085961194,93.07495657408492
0.04991940401934526,4.563560936017369,80.1683331769102
0.12916729843600522,5.392951739042115,82.5210570268342
0.07366776045310652,6.438075574274759,54.18661836827996
0.11876992825906803,6.40608134038163,59.47096023440937
0.0616879683613443,2.2228950848961757,87.90599239425102
0.39413675400890213,4.487261986024421,56.995218850672714
0.01504174818494898,3.820371695213043,56.50346554162465
0.18978704192707613,1.1632558524926857,60.64258562864177
0.1364960503388056,0.6930974348802073,86.92456550936518
0.23484395426458862,3.1294288609520544,70.47626826287453
0.019861410257408577,3.3528022510907496,63.93882071854614
0.06777957131369369,7.137683295070706,60.40935917995595
0.01579837956437964,4.861136233669395,92.26538049762173
0.07519835342308684,4.066743799378407,50.39081335552548
0.12559980312484922,7.998000844595048,94.60424369779666
0.010242935344222423,1.3887975074251955,59.93397420974609
0.0807492296624632,7.736007063683893,68.47827036408397
0.016150673714992205,3.865504085000062,99.26504424102559
0.03354836649724128,0.43051988251060624,86.35032920583333
0.10844871799604833,4.165084279893463,98.59399634115378
0.07097007986016042,7.367172234643405,67.12906478614327
0.07048291369481126,5.857180816081339,97.73259984667548
0.01628706089194814,7.150894798879245,82.57185150038885
0.03616766240401551,7.0960057582642735,53.228529161039184
0.14499339803621838,1.7478294243139816,53.30342390395976
0.032986890821475434,5.001616854014205,79.02576851111161
0.030757916524602857,2.4481934337706797,56.43160500058663
0.0785296989908621,2.351984349258947,97.54874869988792
0.07613180264943295,6.630814424287502,64.40851157463578
0.031136314877041552,7.239246451782488,62.587634132242954
0.09035515513183863,6.647028683086756,52.728025257168675
0.027496871041066295,4.125145795221772,93.02315567756943
0.04991940401934526,4.563560936017369,80.1683331769102
0.14935259145459984,4.999048135996528,76.07480327005297
0.058271499078944085,6.245289537859293,55.532357545039716
0.09815472295648556,6.578267095465797,57.91302478514984
0.0616879683613443,2.2228950848961757,87.90599239425102
0.39413675400890213,4.487261986024421,56.995218850672714
0.010389661674312864,2.832156141425857,54.744854752633515
0.20114086550438495,0.7442377472885582,55.34503828668728
0.1364960503388056,0.6930974348802073,86.92456550936518
0.22253366960210158,2.25822142377784,64.94948258380147
0.019861410257408577,3.3528022510907496,63.93882071854614
0.06777957131369369,7.137683295070706,60.40935917995595
0.01579837956437964,4.861136233669395,92.26538049762173
0.05640242471820181,4.069985988482946,67.49651939741848
0.09766921151407143,7.716298358350478,81.68217590409706
0.012008987493892093,1.5477833566975843,60.147993010999116
0.0807492296624632,7.736007063683893,68.47827036408397
0.04955069579017088,3.3019587230883176,91.33527696943455
0.03354836649724128,0.43051988251060624,86.35032920583333
0.10844871799604833,4.165084279893463,98.59399634115378
0.06753604825874729,7.494744383780866,69.68018332154307
0.08260574518520197,6.301571870144246,97.39067458889114
0.015206211821790067,7.427738524386685,81.62657798033541
0.03616766240401551,7.0960057582642735,53.228529161039184
0.16148949390311435,0.495558923717474,50.22237994330762
0.033053799367801256,4.456899662017416,79.8986036662421
0.030757916524602857,2.4481934337706797,56.43160500058663
0.0785296989908621,2.351984349258947,97.54874869988792
0.10203024320530137,6.280613960274887,65.456569691927
0.031136314877041552,7.239246451782488,62.587634132242954
0.07507483473229133,6.638710564057609,56.43730972590273
0.02551320671263345,4.199188590482694,93.1749744583088
0.05716470700226585,4.804445248025453,85.08809476545935
0.1664669352872346,5.67421662288079,74.55621546385802
0.044548165781000966,6.6220928191896595,63.84763202690384
0.09815472295648556,6.578267095465797,57.91302478514984
0.05530895946970593,2.937191295966473,87.04422546970368
0.5539793655281002,3.5111519326196445,53.86208563585707
0.010389661674312864,2.832156141425857,54.744854752633515
0.23518887791408022,0.9577743622667237,59.74378485716986
0.11342605282849119,0.6748468315345958,98.19445022537874
0.17912101048202325,3.3880152076050507,64.413769214784
0.019861410257408577,3.3528022510907496,63.93882071854614
0.08369263215061357,7.49085274054767,58.054209169319904
0.014734127423062737,4.886068089392425,93.028118748787
0.06020969529436107,4.676286720030442,64.35565248275181
0.09766921151407143,7.716298358350478,81.68217590409706
0.019481184062429692,1.9918224984429735,62.884944267633955
0.0807492296624632,7.736007063683893,68.47827036408397
0.04955069579017088,3.3019587230883176,91.33527696943455
0.03354836649724128,0.43051988251060624,86.35032920583333
0.07705713734592204,5.413303270084147,83.97413487521511
0.06753604825874729,7.494744383780866,69.68018332154307
0.08260574518520197,6.301571870144246,97.39067458889114
0.049336271832044226,5.810358175748024,74.29951265661786
0.03616766240401551,7.0960057582642735,53.228529161039184
0.16148949390311435,0.495558923717474,50.22237994330762
0.04106579783136684,4.269205428675701,74.15648912477931
0.030757916524602857,2.4481934337706797,56.43160500058663
0.0785296989908621,2.351984349258947,97.54874869988792
0.13230222096496128,7.747264854748138,64.10315604728996
0.03662472126515831,6.80142645494186,64.96247067651977
0.07507483473229133,6.638710564057609,56.43730972590273
0.0345795493916521,3.6214504786261803,93.29849560061854
0.05809425682106166,4.887388059603806,86.0968366226265
0.2513816301510925,7.220455181390531,85.33469467924698
0.04551231667570159,6.6419527303606385,64.17133031255466
0.06654167191005352,5.936991721948644,71.22023328533317
0.03645113270227335,3.671276528604269,83.42620201553048
0.3310861879252018,3.4867594047262753,69.90100928836978
0.010389661674312864,2.832156141425857,54.744854752633515
0.18666775721000578,1.3623447432199,58.664805601589464
0.11342605282849119,0.6748468315345958,98.19445022537874
0.19950377527510868,3.0075849083153843,62.86120775435593
0.023802841132348526,4.018950273059977,52.66744781792525
0.08369263215061357,7.49085274054767,58.054209169319904
0.014734127423062737,4.886068089392425,93.028118748787
0.05435271716045968,4.361320737889868,66.88364631174151
0.09766921151407143,7.716298358350478,81.68217590409706
0.019481184062429692,1.9918224984429735,62.884944267633955
0.0748191610365496,7.553537622043641,67.71972903471364
0.04883086256627128,3.4558705234652445,90.21150807811898
0.03354836649724128,0.43051988251060624,86.35032920583333
0.07705713734592204,5.413303270084147,83.97413487521511
0.06753604825874729,7.494744383780866,69.68018332154307
0.06553043435319125,6.612651375879713,85.84454458243388
0.049336271832044226,5.810358175748024,74.29951265661786
0.03352958666026175,7.204569065186872,51.24490778226579
0.16148949390311435,0.495558923717474,50.22237994330762
0.01251738484159845,2.1115758642121056,84.94064763869844
0.030757916524602857,2.4481934337706797,56.43160500058663
0.07505819613124483,2.7099698504391005,94.98789318246995
0.13230222096496128,7.747264854748138,64.10315604728996
0.012279053500048383,6.685129421888952,62.665851761774896
0.07525282936827579,6.612980389182556,55.521582526498
0.0345795493916521,3.6214504786261803,93.29849560061854
0.07424402473720662,5.870972952278768,86.5065221264069
0.2513816301510925,7.220455181390531,85.33469467924698
0.03790725989436959,7.310155979828443,60.361382966513
0.07275526024768281,6.974018742276521,68.37080106317319
0.014250278132182041,1.6515695551609522,92.63294487471708
0.2550331009199851,4.864848946359958,73.73960793455691
0.027604406059402217,2.4717249586820738,62.00417033347151
0.18666775721000578,1.3623447432199,58.664805601589464
0.11342605282849119,0.6748468315345958,98.19445022537874
0.16080963325332387,4.136769897026973,60.8635436935509
0.023802841132348526,4.018950273059977,52.66744781792525
0.08369263215061357,7.49085274054767,58.054209169319904
0.014734127423062737,4.886068089392425,93.028118748787
0.06193913667740995,3.32544985375277,72.58125413297518
0.09766921151407143,7.716298358350478,81.68217590409706
0.019481184062429692,1.9918224984429735,62.884944267633955
0.09451044624296343,6.771118988642435,66.14970508321669
0.04883086256627128,3.4558705234652445,90.21150807811898
0.03354836649724128,0.43051988251060624,86.35032920583333
0.07705713734592204,5.413303270084147,83.97413487521511
0.06881584891038137,7.621675969460835,70.18567701313566
0.03753433104038344,6.13693015009922,94.96028328705756
0.04648966957457389,6.632620349802051,78.5076761063113
0.03352958666026175,7.204569065186872,51.24490778226579
0.13205748537538076,2.371758191002998,61.14820454342933
0.01251738484159845,2.1115758642121056,84.94064763869844
0.019161766916223427,2.6969469853379686,50.57338413156838
0.07512440137075563,2.587386160556604,95.75308641751273
0.13230222096496128,7.747264854748138,64.10315604728996
0.012279053500048383,6.685129421888952,62.665851761774896
0.06596805258005181,5.236562570687456,62.385069354358194
0.0345795493916521,3.6214504786261803,93.29849560061854
0.05473799782831191,4.499100034497554,88.49843251284366
0.2513816301510925,7.220455181390531,85.33469467924698
0.03790725989436959,7.310155979828443,60.361382966513
0.06412543606340759,6.2476076409875585,60.20429040317368
0.014250278132182041,1.6515695551609522,92.63294487471708
0.43059519095491816,3.838042059377359,56.610563393752784
0.03210222614210737,2.5790944524005237,55.166230175462076
0.31496096158563236,0.8793052456074972,55.42641688302639
0.13929853123562175,0.4200443089008392,99.64530783185317
0.21678181551390524,4.986261895419599,60.06298158449246
0.026478114709535927,3.9202725811898174,62.753938602589265
0.07906052257555594,6.954721615083249,62.326973689292515
0.013346430120611971,4.8994916536743895,93.18524937907077
0.014932379901929693,4.065289708162169,77.82597750520537
0.07068094988659704,4.649737154826455,83.64698691978703
0.019481184062429692,1.9918224984429735,62.884944267633955
0.09535557673766784,6.772002743649686,66.18551027370194
0.04883086256627128,3.4558705234652445,90.21150807811898
0.03354836649724128,0.43051988251060624,86.35032920583333
0.07705713734592204,5.413303270084147,83.97413487521511
0.08235010284156769,7.781659781826105,77.45052072498912
0.03526644710883205,6.011399681916291,99.12680399589355
0.04648966957457389,6.632620349802051,78.5076761063113
0.03352958666026175,7.204569065186872,51.24490778226579
0.13205748537538076,2.371758191002998,61.14820454342933
0.01251738484159845,2.1115758642121056,84.94064763869844
0.018990505921329504,2.643217201992025,50.56537972933046
0.07512440137075563,2.587386160556604,95.75308641751273
0.13230222096496128,7.747264854748138,64.10315604728996
0.012279053500048383,6.685129421888952,62.665851761774896
0.06596805258005181,5.236562570687456,62.385069354358194
0.0345795493916521,3.6214504786261803,93.29849560061854
0.059859294868255065,3.174420543174468,94.70158418644247
0.2513816301510925,7.220455181390531,85.33469467924698
0.03790725989436959,7.310155979828443,60.361382966513
0.06412543606340759,6.2476076409875585,60.20429040317368
0.014250278132182041,1.6515695551609522,92.63294487471708
0.43059519095491816,3.838042059377359,56.610563393752784
0.03210222614210737,2.5790944524005237,55.166230175462076
0.3238893267496976,0.5058205479944258,55.004769879382046
0.13929853123562175,0.4200443089008392,99.64530783185317
0.18284848610434581,4.543965017536206,59.16324448217071
0.035370199891870936,4.433420996903038,62.68173558768404
0.0893257599476811,7.056237100289414,57.22736051203219
0.01353430517559039,5.531278415482708,95.0536093401705
0.011086374409537247,3.4160693275874414,83.32309013489046
0.07068094988659704,4.649737154826455,83.64698691978703
0.019481184062429692,1.9918224984429735,62.884944267633955
0.09535557673766784,6.772002743649686,66.18551027370194
0.04414493496016737,3.7961755188911974,80.62784016940392
0.03332909628917218,0.08444598231099043,87.65767974878229
0.05566906522974669,6.293475055571647,67.89202002280985
0.08235010284156769,7.781659781826105,77.45052072498912
0.06483390873331119,6.38566208142476,82.9177085403955
0.04648966957457389,6.632620349802051,78.5076761063113
0.03352958666026175,7.204569065186872,51.24490778226579
0.13205748537538076,2.371758191002998,61.14820454342933
0.01251738484159845,2.1115758642121056,84.94064763869844
0.018990505921329504,2.643217201992025,50.56537972933046
0.07512440137075563,2.587386160556604,95.75308641751273
0.13225035616732525,6.608078005037988,63.4769375147314
0.012279053500048383,6.685129421888952,62.665851761774896
0.1041106931673072,7.898883314614757,61.974920214102916
0.049558461215510635,2.262134142297679,92.0492967946704
0.06029161733061833,3.152425447103073,94.69829895351997
0.14445682810827554,5.114435571251878,69.33708663588418
0.03790725989436959,7.310155979828443,60.361382966513
0.057201842119620885,5.9616832007935106,59.897699356283994
0.012770899687388943,1.1770618314880723,96.384757764813
0.2744278309661248,3.1931437560797793,67.19288658838342
0.03981647942629615,2.9380477441278177,50.448385550640744
0.21499499219319945,2.6652221647142813,57.681987176700254
0.13929853123562175,0.4200443089008392,99.64530783185317
0.18832166645125314,4.404588553969015,58.723961717439536
0.035370199891870936,4.433420996903038,62.68173558768404
0.08496943094922702,6.933233363926253,57.69993099451809
0.01353430517559039,5.531278415482708,95.0536093401705
0.011086374409537247,3.4160693275874414,83.32309013489046
0.10605619766335156,6.529227836347654,78.01387146529522
0.019481184062429692,1.9918224984429735,62.884944267633955
0.09535557673766784,6.772002743649686,66.18551027370194
0.040991963387356,3.5655101264138747,78.35961881776987
0.03332909628917218,0.08444598231099043,87.65767974878229
0.05438884011365519,6.408321334252846,67.52912377500579
0.07962046209991037,7.551893648133192,74.86742751952939
0.06483390873331119,6.38566208142476,82.9177085403955
0.0393705252683344,6.800238082945577,79.38753605650594
0.02548010421760711,5.2535141635823805,64.15327734331294
0.13716373667195847,2.262877604242409,61.06721566424104
0.012832481946794844,2.1264572733960945,84.91731393309816
0.018990505921329504,2.643217201992025,50.56537972933046
0.07917094711303446,2.431772344094565,96.03182354099347
0.07579570902461148,4.487956547046254,73.59717564133413
0.012279053500048383,6.685129421888952,62.665851761774896
0.1041106931673072,7.898883314614757,61.974920214102916
0.049558461215510635,2.262134142297679,92.0492967946704
0.05729383595705436,3.4089962018636224,89.57551449009114
0.13934702989208314,4.904468767345646,71.42643148258075
0.03790725989436959,7.310155979828443,60.361382966513
0.057201842119620885,5.9616832007935106,59.897699356283994
0.012770899687388943,1.1770618314880723,96.384757764813
0.2937596126855107,2.8984302063281873,68.90088570120653
0.03981647942629615,2.9380477441278177,50.448385550640744
0.21499499219319945,2.6652221647142813,57.681987176700254
0.13820943441442823,0.550197220298255,99.1931231168501
0.17734202252236475,4.673219604870839,58.61517362344907
0.035370199891870936,4.433420996903038,62.68173558768404
0.11465381899162022,7.661812754571831,55.2267122626848
0.01353430517559039,5.531278415482708,95.0536093401705
0.011086374409537247,3.4160693275874414,83.32309013489046
0.09301012270645122,5.821936109967403,72.58478141121365
0.018410967794599248,1.917122400954562,62.896452340367766
0.09535557673766784,6.772002743649686,66.18551027370194
0.048630544452365164,4.150460292497494,74.77117434916397
0.03332909628917218,0.08444598231099043,87.65767974878229
0.057418487917125616,6.7891396472112735,65.4285294822668
0.07962046209991037,7.551893648133192,74.86742751952939
0.051329873608831206,7.155389149457553,86.99721255272465
0.0393705252683344,6.800238082945577,79.38753605650594
0.019956828926519864,5.337551421676295,63.11659597336665
0.13716373667195847,2.262877604242409,61.06721566424104
0.012832481946794844,2.1264572733960945,84.91731393309816
0.018990505921329504,2.643217201992025,50.56537972933046
0.07917094711303446,2.431772344094565,96.03182354099347
0.085215736209836,3.741336964749307,80.5376060363626
0.012279053500048383,6.685129421888952,62.665851761774896
0.1041106931673072,7.898883314614757,61.974920214102916
0.04505519515869326,1.3857491754679319,98.05909250767886
0.0592914107247634,3.911023092571967,86.1428618455908
0.13934702989208314,4.904468767345646,71.42643148258075
0.03790725989436959,7.310155979828443,60.361382966513
0.0218859199362242,4.503237578157593,58.33383734444561
0.01819996552591549,1.1499307010631388,96.50630574389315
0.23862072874025328,3.8685735966824732,68.24551162811728
0.03981647942629615,2.9380477441278177,50.448385550640744
0.1400095888790585,2.0878460822766995,72.47533452627344
0.13820943441442823,0.550197220298255,99.1931231168501
0.1776758198094079,4.668073665226764,58.564918618874714
0.030688763940180466,4.652170252320426,56.939006459349095
0.09358148903372379,6.556580862574693,62.72107623059449
0.01353430517559039,5.531278415482708,95.0536093401705
0.011086374409537247,3.4160693275874414,83.32309013489046
0.09301012270645122,5.821936109967403,72.58478141121365
0.018410967794599248,1.917122400954562,62.896452340367766
0.06352471221618924,4.980119769959209,73.41075438307728
0.04626664823247454,4.018782649700174,74.98709051623622
0.03216824471682752,0.29160397465441124,84.65468895995072
0.07086679263279078,6.820127213221856,66.25160873206569
0.07962046209991037,7.551893648133192,74.86742751952939
0.051329873608831206,7.155389149457553,86.99721255272465
0.0393705252683344,6.800238082945577,79.38753605650594
0.019956828926519864,5.337551421676295,63.11659597336665
0.1563018681313424,0.5038208753446511,56.477447865691914
0.012832481946794844,2.1264572733960945,84.91731393309816
0.018990505921329504,2.643217201992025,50.56537972933046
0.07908572008896797,2.413308458315618,96.25028046761435
0.11505223083631273,4.895072544784082,73.42808512578874
0.012279053500048383,6.685129421888952,62.665851761774896
0.1041106931673072,7.898883314614757,61.974920214102916
0.04505519515869326,1.3857491754679319,98.05909250767886
0.08917188508451672,3.818546540174935,90.59738711093917
0.20341318423587276,6.487022309012125,75.94520736130761
0.03790725989436959,7.310155979828443,60.361382966513
0.04771753459373723,3.559418831569129,75.45702563051907
0.01819996552591549,1.1499307010631388,96.50630574389315
0.2303810314132976,4.021279625260838,67.93166776303627
0.03981647942629615,2.9380477441278177,50.448385550640744
0.1608147013192831,1.9767027576155163,64.35634219382469
0.13820943441442823,0.550197220298255,99.1931231168501
0.16441056001571147,4.71615776835122,61.713313150460706
0.04680286716095535,5.140110138892881,58.420463479775385
0.09358148903372379,6.556580862574693,62.72107623059449
0.014797871845869136,4.344710057060139,95.44703248286665
0.01543036941588825,4.046767854718443,79.60413979176576
0.15849555164139278,7.058785588713921,53.442712216526104
0.021148919519646134,2.0705531448577257,64.06991778048746
0.05520271272665547,4.993855400617295,73.40795536546764
0.04626664823247454,4.018782649700174,74.98709051623622
0.03216824471682752,0.29160397465441124,84.65468895995072
0.0764851571829904,6.736595681609119,67.25567137750716
0.07962046209991037,7.551893648133192,74.86742751952939
0.052205530677333814,7.697848046398878,89.0742973105826
0.0393705252683344,6.800238082945577,79.38753605650594
0.019956828926519864,5.337551421676295,63.11659597336665
0.1563018681313424,0.5038208753446511,56.477447865691914
0.014042584044343054,2.145115081268685,84.72386305265226
0.021780602944223095,2.5086114230687384,55.64934852029832
0.07908572008896797,2.413308458315618,96.25028046761435
0.11505223083631273,4.895072544784082,73.42808512578874
0.012279053500048383,6.685129421888952,62.665851761774896
0.09721569140487417,7.560937578957982,63.22553830197692
0.04505519515869326,1.3857491754679319,98.05909250767886
0.09009266591543205,3.8084353273512543,91.10629785920557
0.20341318423587276,6.487022309012125,75.94520736130761
0.03790725989436959,7.310155979828443,60.361382966513
0.05707614030990354,4.170994044786909,72.85823687995676
0.01819996552591549,1.1499307010631388,96.50630574389315
0.2303810314132976,4.021279625260838,67.93166776303627
0.07714527832237295,3.747837635519951,56.26614169045618
0.09673610988110279,3.01588825980017,78.00030123434925
0.13820943441442823,0.550197220298255,99.1931231168501
0.14703847640337636,5.633084740077498,61.7886808091422
0.04680286716095535,5.140110138892881,58.420463479775385
0.09428201032377205,6.594154309887615,62.53947138937306
0.048578647703569997,3.7968750978953594,88.25424762578584
0.02817010172193353,4.08476951426029,77.54052095570843
0.2071157160941463,6.957435204049874,50.65316353990575
0.021148919519646134,2.0705531448577257,64.06991778048746
0.05520271272665547,4.993855400617295,73.40795536546764
0.04626664823247454,4.018782649700174,74.98709051623622
0.03216824471682752,0.29160397465441124,84.65468895995072
0.07970515201050285,6.702690935770813,66.40160671349588
0.07962046209991037,7.551893648133192,74.86742751952939
0.05267560285846859,7.744517351721559,89.1953479721667
0.0393705252683344,6.800238082945577,79.38753605650594
0.019008391596293,6.808716310312145,66.99987107751055
0.10463166762114907,3.286112873767376,66.60107102387653
0.015058046333797946,2.1344605273263335,81.77251033010802
0.021780602944223095,2.5086114230687384,55.64934852029832
0.07908572008896797,2.413308458315618,96.25028046761435
0.11505223083631273,4.895072544784082,73.42808512578874
0.012279053500048383,6.685129421888952,62.665851761774896
0.09721569140487417,7.560937578957982,63.22553830197692
0.04505519515869326,1.3857491754679319,98.05909250767886
0.09009266591543205,3.8084353273512543,91.10629785920557
0.2184672555262509,6.334788987842121,77.74828952176789
0.03790725989436959,7.310155979828443,60.361382966513
0.045493462862320824,4.298184916716912,66.45655164839299
0.01819996552591549,1.1499307010631388,96.50630574389315
0.27413582146625237,3.027925633466425,64.9834833038573
0.07714527832237295,3.747837635519951,56.26614169045618
0.1436255150164759,4.525199818977961,90.95934108933977
0.12495614895086697,1.5579372574848325,88.129710574487
0.09005545111300683,4.211681541018282,58.99574079331752
0.04680286716095535,5.140110138892881,58.420463479775385
0.09428201032377205,6.594154309887615,62.53947138937306
0.048578647703569997,3.7968750978953594,88.25424762578584
0.018693293126715537,0.9456225846845436,94.26032766638784
0.2071157160941463,6.957435204049874,50.65316353990575
0.021148919519646134,2.0705531448577257,64.06991778048746
0.05520271272665547,4.993855400617295,73.40795536546764
0.049590119336447976,4.219448163157633,74.26449657393316
0.03216824471682752,0.29160397465441124,84.65468895995072
0.07671827760871314,7.534918749677516,59.297904108368606
0.07268107828148104,7.601501990850796,78.5574426890224
0.04169805271491181,5.6447039404324935,91.52326448789047
0.0393705252683344,6.800238082945577,79.38753605650594
0.019008391596293,6.808716310312145,66.99987107751055
0.02991873885696078,0.8651202952791337,59.533678089788964
0.015058046333797946,2.1344605273263335,81.77251033010802
0.021780602944223095,2.5086114230687384,55.64934852029832
0.07908572008896797,2.413308458315618,96.25028046761435
0.1320914646184949,4.1166983718153505,69.12098988107662
0.012279053500048383,6.685129421888952,62.665851761774896
0.10876175789749228,7.863569686064694,65.50294246973459
0.043207383083309625,2.917267023317125,88.31386114665278
0.09824667388738517,2.0321070302109785,96.98304311918619
0.1684886077464635,4.884941225118986,72.9201335368482
0.03790725989436959,7.310155979828443,60.361382966513
0.045171925452383695,4.2751466708494625,66.22634474488895
0.01819996552591549,1.1499307010631388,96.50630574389315
0.27413582146625237,3.027925633466425,64.9834833038573
0.07857040165148994,4.0185912898324325,56.76030184684595
0.13977067366683404,4.613999936169521,90.67721376386395
0.12148670018178076,1.7419832975017417,85.78341752471354
0.09005545111300683,4.211681541018282,58.99574079331752
0.04680286716095535,5.140110138892881,58.420463479775385
0.09428201032377205,6.594154309887615,62.53947138937306
0.04899417742712793,3.836519270948804,88.17073833455356
0.023386939713087414,1.6460046739473815,88.27590200448988
0.2071157160941463,6.957435204049874,50.65316353990575
0.021148919519646134,2.0705531448577257,64.06991778048746
0.05520271272665547,4.993855400617295,73.40795536546764
0.01658982452641461,2.465975638320529,82.9222033569219
0.03216824471682752,0.29160397465441124,84.65468895995072
0.08253164133960547,7.1760562849732406,60.329182487675496
0.07268107828148104,7.601501990850796,78.5574426890224
0.04169805271491181,5.6447039404324935,91.52326448789047
0.017938585324326337,7.420523666001463,81.76059226804017
0.019008391596293,6.808716310312145,66.99987107751055
0.02991873885696078,0.8651202952791337,59.533678089788964
0.015058046333797946,2.1344605273263335,81.77251033010802
0.021780602944223095,2.5086114230687384,55.64934852029832
0.11749004749693129,3.210197211319686,96.08878984299307
0.20717056176320275,4.369842543458799,51.90938210106439
0.012279053500048383,6.685129421888952,62.665851761774896
0.09909728049872653,7.610255610561698,63.59667238881822
0.02826683047479059,3.1359238805504157,88.87085343575421
0.15407081273953743,2.6473320019617947,97.31551717063863
0.22522993385845064,5.3827790895747585,65.67846095077776
0.03790725989436959,7.310155979828443,60.361382966513
0.049769197257873446,4.868359224085979,60.97537641825899
0.01819996552591549,1.1499307010631388,96.50630574389315
0.3899678403153941,1.9517130087148988,68.32751161815715
0.0776018797015697,4.038708312796475,55.78160579106196
0.1363447993832016,4.6929183689341745,90.42648159063262
0.12052586805306145,1.7857013193895797,85.43138410168723
0.09052632077755565,4.477106464113374,59.39053834702646
0.018392627675146087,3.5211988014611872,56.90271859845331
0.09428201032377205,6.594154309887615,62.53947138937306
0.04899417742712793,3.836519270948804,88.17073833455356
0.026623082028377945,1.8816821917644342,87.41269035072519
0.14988268771118918,5.73985684037129,54.9422879407192
0.021148919519646134,2.0705531448577257,64.06991778048746
0.03262138666902692,5.086579209508343,76.60248825999163
0.016015792128312282,2.935159661072862,78.0793263221294
0.03216824471682752,0.29160397465441124,84.65468895995072
0.08253164133960547,7.1760562849732406,60.329182487675496
0.07268107828148104,7.601501990850796,78.5574426890224
0.04169805271491181,5.6447039404324935,91.52326448789047
0.017938585324326337,7.420523666001463,81.76059226804017
0.019008391596293,6.808716310312145,66.99987107751055
0.02991873885696078,0.8651202952791337,59.533678089788964
0.015058046333797946,2.1344605273263335,81.77251033010802
0.019883349231497583,2.4930278449620356,65.61770411757959
0.11683108305535876,3.519402621386697,98.40211874141903
0.1883387479023279,4.455744955291061,62.15066752707428
0.012488556861965382,6.690238837786459,62.64701337907219
0.09909728049872653,7.610255610561698,63.59667238881822
0.03141464465517453,3.1875087698562945,91.64365694151019
0.15407081273953743,2.6473320019617947,97.31551717063863
0.2420602289535484,5.2270851168990085,66.08190469538118
0.03790725989436959,7.310155979828443,60.361382966513
0.049769197257873446,4.868359224085979,60.97537641825899
0.017274602167113046,1.040935412969131,97.5477951403189
0.4478095417252291,0.8264711423770112,69.26827300113736
0.08403588097003492,4.569347652412906,51.69279683277548
0.22291091845868122,6.518969117246361,96.60308940458906
0.12052586805306145,1.7857013193895797,85.43138410168723
0.05444504876840986,3.7095116438920557,62.094520096014215
0.01814255636223202,3.417202699587455,58.76778675352189
0.09428201032377205,6.594154309887615,62.53947138937306
0.05105017849366317,3.3269844486168076,87.22601800441623
0.030042528470775938,0.7365972869306194,93.31204345131735
0.14600646144155127,5.803783252035178,54.75589735899938
0.011812116090694824,1.7450382761688221,65.440728798257
0.03262138666902692,5.086579209508343,76.60248825999163
0.016015792128312282,2.935159661072862,78.0793263221294
0.03216824471682752,0.29160397465441124,84.65468895995072
0.08253164133960547,7.1760562849732406,60.329182487675496
0.07268107828148104,7.601501990850796,78.5574426890224
0.04169805271491181,5.6447039404324935,91.52326448789047
0.017938585324326337,7.420523666001463,81.76059226804017
0.019008391596293,6.808716310312145,66.99987107751055
0.02991873885696078,0.8651202952791337,59.533678089788964
0.015058046333797946,2.1344605273263335,81.77251033010802
0.019883349231497583,2.4930278449620356,65.61770411757959
0.1256518743445315,4.049867311441877,94.7968889879825
0.19775425476698782,4.379404267788926,60.264711599465
0.012488556861965382,6.690238837786459,62.64701337907219
0.11578218520888561,7.615784539722076,54.1472055503745
0.02967958603038806,3.145551582029036,91.72269655925139
0.1336128426938118,3.4685182598824116,90.80739519866869
0.2420602289535484,5.2270851168990085,66.08190469538118
0.03790725989436959,7.310155979828443,60.361382966513
0.049769197257873446,4.868359224085979,60.97537641825899
0.017274602167113046,1.040935412969131,97.5477951403189
0.361536616688906,2.1911048141929843,67.39362265073751
0.08403588097003492,4.569347652412906,51.69279683277548
0.17789440556322295,6.729682361868118,84.97085399203044
0.08511573550047553,2.1751611095823242,82.94035787091629
0.05444504876840986,3.7095116438920557,62.094520096014215
0.018075884189840786,4.725771349091566,66.28346304150013
0.12141445840880549,7.6460996340709455,63.49285363328984
0.05105017849366317,3.3269844486168076,87.22601800441623
0.030042528470775938,0.7365972869306194,93.31204345131735
0.14600646144155127,5.803783252035178,54.75589735899938
0.011812116090694824,1.7450382761688221,65.440728798257
0.025322323358631993,5.179465790039346,83.25425748151658
0.016015792128312282,2.935159661072862,78.0793263221294
0.03216824471682752,0.29160397465441124,84.65468895995072
0.04914902050976244,7.772499931169468,59.48393043780303
0.10560091935418947,6.984898216598126,77.28514171999514
0.04247737307723265,5.972873431173405,91.40366181359711
0.017938585324326337,7.420523666001463,81.76059226804017
0.033133442076080315,5.273856894978884,75.91620733769541
0.03661060113493502,1.0239443842863785,62.37140997747767
0.015058046333797946,2.1344605273263335,81.77251033010802
0.021205847368510628,2.27849659285973,64.81593025651532
0.1382437489932207,3.883280794254913,97.36657343672441
0.19775425476698782,4.379404267788926,60.264711599465
0.012488556861965382,6.690238837786459,62.64701337907219
0.11213584164242091,7.53772986225074,55.39842919156108
0.03408899957788853,3.0683663349209063,91.02414582004506
0.1081348297939772,3.5460754613923857,81.56693306142522
0.3487732678212483,4.143486454176801,59.81528704769444
0.03790725989436959,7.310155979828443,60.361382966513
0.049769197257873446,4.868359224085979,60.97537641825899
0.017274602167113046,1.040935412969131,97.5477951403189
0.36335012840757086,2.160707050709375,67.49995887495417
0.07855848338706377,5.0722572957019345,52.916040650469526
0.19082629016333644,7.032812767040052,85.52139268676348
0.07453367888374182,0.5802349916851428,88.60982980844017
0.05444504876840986,3.7095116438920557,62.094520096014215
0.014270520938585836,5.9943188234400235,57.688441395459336
0.12141445840880549,7.6460996340709455,63.49285363328984
0.05105017849366317,3.3269844486168076,87.22601800441623
0.030042528470775938,0.7365972869306194,93.31204345131735
0.14600646144155127,5.803783252035178,54.75589735899938
0.011812116090694824,1.7450382761688221,65.440728798257
0.02403897015611763,5.651902933230966,85.62840788364325
0.016015792128312282,2.935159661072862,78.0793263221294
0.03163035995440218,0.37963570324517404,84.43572609032313
0.018715092417268667,7.825732259992279,57.79560910734595
0.10205943970119154,6.734418603257101,74.0937622265024
0.04247737307723265,5.972873431173405,91.40366181359711
0.02178169914816063,7.463864453859491,79.01754346016531
0.03215512247497096,5.103939010694809,76.23317611056218
0.033601666946785506,0.1448543098720254,62.69063651691181
0.015058046333797946,2.1344605273263335,81.77251033010802
0.021921014087243656,1.9165571550457496,64.99386824828937
0.1382437489932207,3.883280794254913,97.36657343672441
0.19775425476698782,4.379404267788926,60.264711599465
0.01709110427514053,6.3632587302448105,62.58640591607444
0.11213584164242091,7.53772986225074,55.39842919156108
0.03408899957788853,3.0683663349209063,91.02414582004506
0.10473532553202104,3.246014688355573,82.27947881832372
0.3487732678212483,4.143486454176801,59.81528704769444
0.03790725989436959,7.310155979828443,60.361382966513
0.07629670283273561,7.051190761975666,57.85462380737202
0.017274602167113046,1.040935412969131,97.5477951403189
0.4420832997651991,1.5582199329316886,57.05381652980219
0.07855848338706377,5.0722572957019345,52.916040650469526
0.19082629016333644,7.032812767040052,85.52139268676348
0.07453367888374182,0.5802349916851428,88.60982980844017
0.05444504876840986,3.7095116438920557,62.094520096014215
0.014270520938585836,5.9943188234400235,57.688441395459336
0.11887469979632306,7.526469176212723,64.88390105651756
0.05108960488620917,3.328893465276471,87.25610927140889
0.028637735561483725,1.0224652662121176,91.27025883434291
0.16046817949445846,6.598876210265013,51.5213977618112
0.011812116090694824,1.7450382761688221,65.440728798257
0.024715099179049106,5.591121641450073,86.97367470797803
0.020180474610113998,4.114241407281035,90.60068744301316
0.03163035995440218,0.37963570324517404,84.43572609032313
0.018715092417268667,7.825732259992279,57.79560910734595
0.10205943970119154,6.734418603257101,74.0937622265024
0.04528172488199247,7.418931082173392,93.20512945263641
0.02178169914816063,7.463864453859491,79.01754346016531
0.03215512247497096,5.103939010694809,76.23317611056218
0.08024582228247737,2.1883192433476406,69.46388434178408
0.014706516649095515,3.8573951502326356,71.02204410969057
0.021921014087243656,1.9165571550457496,64.99386824828937
0.1382437489932207,3.883280794254913,97.36657343672441
0.2521935287032838,2.049865385119446,57.96266578760417
0.01560113825497643,6.461755218994796,62.42415027655866
0.11213584164242091,7.53772986225074,55.39842919156108
0.028246970067459867,2.7532707507295755,92.47930486266607
0.11712443620393355,2.586418384246291,85.80578141647338
0.21373748002090526,4.027843204810091,64.34525976495495
0.03790725989436959,7.310155979828443,60.361382966513
0.07629670283273561,7.051190761975666,57.85462380737202
0.01836871859785406,1.247122929613839,89.8821411023295
0.3023831208739138,3.5211427360586676,64.35413748215281
0.07902051353286263,4.2825722345527195,57.44720072396545
0.19082629016333644,7.032812767040052,85.52139268676348
0.07453367888374182,0.5802349916851428,88.60982980844017
0.041451467226075026,3.4065220734071735,64.55165870123533
0.014270520938585836,5.9943188234400235,57.688441395459336
0.12229914868619457,7.687771272637939,63.008301233440385
0.05901010328655185,2.649526244160026,87.34092688022756
0.028637735561483725,1.0224652662121176,91.27025883434291
0.16082327577570005,6.5958028943333495,51.50568065001871
0.011816293627877821,1.7480870765014336,65.44878440485778
0.024394088930706694,5.6035137576793455,86.0736038959277
0.028469063370603682,4.016337416051967,83.70505531913432
0.03163035995440218,0.37963570324517404,84.43572609032313
0.018715092417268667,7.825732259992279,57.79560910734595
0.10205943970119154,6.734418603257101,74.0937622265024
0.04528172488199247,7.418931082173392,93.20512945263641
0.04364084763798898,4.611454377178822,82.99235564152625
0.03215512247497096,5.103939010694809,76.23317611056218
0.08024582228247737,2.1883192433476406,69.46388434178408
0.014706516649095515,3.8573951502326356,71.02204410969057
0.021921014087243656,1.9165571550457496,64.99386824828937
0.11123496090664918,4.80573429564363,87.40543809613573
0.2983259864487491,1.4550830266317352,58.09998319958187
0.01560113825497643,6.461755218994796,62.42415027655866
0.11213584164242091,7.53772986225074,55.39842919156108
0.04694495463764241,3.7342710420064167,86.62034041101975
0.11712443620393355,2.586418384246291,85.80578141647338
0.21373748002090526,4.027843204810091,64.34525976495495
0.022780219670808066,7.390848313228752,61.51367437890612
0.07629670283273561,7.051190761975666,57.85462380737202
0.01836871859785406,1.247122929613839,89.8821411023295
0.3023831208739138,3.5211427360586676,64.35413748215281
0.07902051353286263,4.2825722345527195,57.44720072396545
0.19082629016333644,7.032812767040052,85.52139268676348
0.07453367888374182,0.5802349916851428,88.60982980844017
0.041451467226075026,3.4065220734071735,64.55165870123533
0.014317402235737265,5.764541898349531,59.12216327821418
0.09792932860869151,6.235100278093764,65.43828086077951
0.05901010328655185,2.649526244160026,87.34092688022756
0.02856992237398563,2.226125528067608,88.22873455128588
0.16345846805811232,6.640426819448441,50.79760995840499
0.010588543389066094,0.8520650490525243,63.08129550059828
0.024394088930706694,5.6035137576793455,86.0736038959277
0.037790336717480874,2.8648477294042842,99.89706657395661
0.03163035995440218,0.37963570324517404,84.43572609032313
0.018826954424130304,7.781960121593254,58.352614775440415
0.10205943970119154,6.734418603257101,74.0937622265024
0.04528172488199247,7.418931082173392,93.20512945263641
0.04364084763798898,4.611454377178822,82.99235564152625
0.04134038058900773,5.367219532398067,74.88562270766037
0.0327216277066939,2.348106635137432,71.9403142871056
0.029016036085933283,3.8027446482315055,77.94558439364356
0.021921014087243656,1.9165571550457496,64.99386824828937
0.12600326306262527,4.8481815502932,88.36963056759946
0.2983259864487491,1.4550830266317352,58.09998319958187
0.01560113825497643,6.461755218994796,62.42415027655866
0.11213584164242091,7.53772986225074,55.39842919156108
0.04143085019089644,3.2543479882086945,87.2497413465141
0.11712443620393355,2.586418384246291,85.80578141647338
0.23779652586481892,4.623704548924509,60.15153518063961
0.022780219670808066,7.390848313228752,61.51367437890612
0.07629670283273561,7.051190761975666,57.85462380737202
0.01836871859785406,1.247122929613839,89.8821411023295
0.2935142530061861,3.800323645927237,66.03695321236307
0.07902051353286263,4.2825722345527195,57.44720072396545
0.19082629016333644,7.032812767040052,85.52139268676348
0.07453367888374182,0.5802349916851428,88.60982980844017
0.041451467226075026,3.4065220734071735,64.55165870123533
0.014317402235737265,5.764541898349531,59.12216327821418
0.0987805395775743,6.440842944612329,64.59522341795847
0.06580905616793467,1.6038126849229624,92.13347669224838
0.02930435697306921,2.5760972628755,86.72025131609932
0.10201669752690122,4.6454863514136875,54.08433818093338
0.010588543389066094,0.8520650490525243,63.08129550059828
0.024463543792320668,5.604268029281154,86.03725475811059
0.037790336717480874,2.8648477294042842,99.89706657395661
0.03132439345807623,0.4002930942370344,84.04142838044778
0.06509386974357481,7.416789189632195,55.93580560761016
0.10205943970119154,6.734418603257101,74.0937622265024
0.04528172488199247,7.418931082173392,93.20512945263641
0.03496960462578158,5.718362610270976,80.53891750314764
0.03666934128190868,6.0856491530147805,71.59302913571811
0.03199422464234844,2.054435878450458,70.7087878507841
0.029016036085933283,3.8027446482315055,77.94558439364356
0.011822283183220872,1.716982084540383,58.909142618937096
0.1261553960826618,4.8361968753713835,88.46033583766393
0.2983259864487491,1.4550830266317352,58.09998319958187
0.015534075327368344,6.446206621892093,62.33024624319498
0.11213584164242091,7.53772986225074,55.39842919156108
0.045705342573578785,3.9289526151414025,88.16861301951008
0.13108301049724622,1.965067933355162,96.19435371298935
0.23848338426872245,4.629744789943555,60.01504164325711
0.022780219670808066,7.390848313228752,61.51367437890612
0.07629670283273561,7.051190761975666,57.85462380737202
0.01836871859785406,1.247122929613839,89.8821411023295
0.4923502691284731,2.3252390567606596,54.88409112997074
0.08785956618302498,4.6685383617395715,51.55301610044108
0.20069467306359356,7.065985824866047,86.79182452519612
0.07453367888374182,0.5802349916851428,88.60982980844017
0.04879186155145043,3.4710810838665855,55.625885949070266
0.013063837558486103,5.873479883198402,58.87132641761037
0.09541619878634733,6.164525615175983,66.91199242955811
0.0677153673190804,1.4627262655016735,94.29212742449634
0.02682929985604723,3.277919628587887,82.33192190014954
0.09599496316782591,4.789947112390419,54.39587166364026
0.010588543389066094,0.8520650490525243,63.08129550059828
0.024463543792320668,5.604268029281154,86.03725475811059
0.037790336717480874,2.8648477294042842,99.89706657395661
0.03683304297451482,0.8486757944534609,80.96993579173756
0.05069889317967428,5.876594969893805,56.73925674091061
0.10205943970119154,6.734418603257101,74.0937622265024
0.013547093907127272,7.491000929802108,94.514697719521
0.03555536202844679,4.187614301390596,80.67440476163262
0.03666934128190868,6.0856491530147805,71.59302913571811
0.030456776177956335,1.8589419467412411,68.01387710957064
0.03605950157818347,2.406636423278754,86.0950825837557
0.011822283183220872,1.716982084540383,58.909142618937096
0.09649576687192171,4.890709489746982,95.97116988909423
0.2983259864487491,1.4550830266317352,58.09998319958187
0.015534075327368344,6.446206621892093,62.33024624319498
0.11213584164242091,7.53772986225074,55.39842919156108
0.045705342573578785,3.9289526151414025,88.16861301951008
0.08449387423075155,1.8681533355950202,81.62890690155159
0.23848338426872245,4.629744789943555,60.01504164325711
0.022780219670808066,7.390848313228752,61.51367437890612
0.07089781827245267,7.089031385450286,61.00880293951255
0.025362883593778737,1.4407255998178723,89.31883625853335
0.4923502691284731,2.3252390567606596,54.88409112997074
0.08785956618302498,4.6685383617395715,51.55301610044108
0.18282972935740577,6.560389031569705,86.71621944367394
0.07102162695353854,0.6052419449306463,87.89812551272186
0.04352407139197806,3.166765753320789,54.35073987338144
0.013063837558486103,5.873479883198402,58.87132641761037
0.09541619878634733,6.164525615175983,66.91199242955811
0.0782611464635802,2.9049811537997616,85.05844953326684
0.02682929985604723,3.277919628587887,82.33192190014954
0.09599496316782591,4.789947112390419,54.39587166364026
0.010588543389066094,0.8520650490525243,63.08129550059828
0.024463543792320668,5.604268029281154,86.03725475811059
0.03661661139651616,3.088820784182664,99.63648169013385
0.03683304297451482,0.8486757944534609,80.96993579173756
0.04742309508593795,5.876323829200901,56.92483451321272
0.10205943970119154,6.734418603257101,74.0937622265024
0.013547093907127272,7.491000929802108,94.514697719521
0.04337626592588058,3.601393802334615,88.2559175499081
0.03812609663065806,6.063942059184619,70.05069103804246
0.02661626874817319,1.4745695908900878,72.02950384871598
0.03605950157818347,2.406636423278754,86.0950825837557
0.011822283183220872,1.716982084540383,58.909142618937096
0.09406243988393438,4.481355381370583,95.20002091922969
0.36044011188613856,0.3460026596935739,58.44130422719673
0.015537510749942599,6.445659532155852,62.33632533552972
0.12165377986232241,7.782089139552282,55.173925792724056
0.042738857608334235,3.7678009815314786,89.63198088512206
0.06133365167525548,1.7101375725408123,78.14684345963576
0.281765425065994,4.08308389059091,59.36554212152973
0.022780219670808066,7.390848313228752,61.51367437890612
0.06839077051612323,6.778048786115091,62.5674876288595
0.025362883593778737,1.4407255998178723,89.31883625853335
0.45444110587144465,2.350276681358684,57.947975294773585
0.08785956618302498,4.6685383617395715,51.55301610044108
0.11639627551679388,5.150769878779688,87.44970759486074
0.08977454580125616,1.0559190216848906,84.77568599332739
0.04352407139197806,3.166765753320789,54.35073987338144
0.013063837558486103,5.873479883198402,58.87132641761037
0.09385992112819094,6.036706671421955,67.98368405522919
0.0850863663002749,2.5942220633810535,87.79986440385791
0.02682929985604723,3.277919628587887,82.33192190014954
0.09599496316782591,4.789947112390419,54.39587166364026
0.010588543389066094,0.8520650490525243,63.08129550059828
0.025185142923974786,4.176708789165319,81.50391692987337
0.03661661139651616,3.088820784182664,99.63648169013385
0.03683304297451482,0.8486757944534609,80.96993579173756
0.04742309508593795,5.876323829200901,56.92483451321272
0.11973066569731383,7.81145632605573,80.0539777325451
0.013547093907127272,7.491000929802108,94.514697719521
0.04337626592588058,3.601393802334615,88.2559175499081
0.03812609663065806,6.063942059184619,70.05069103804246
0.026551892266957183,1.4728312927716711,72.9175200975247
0.03605950157818347,2.406636423278754,86.0950825837557
0.01584689098915186,2.1871881938515516,58.68482015366599
0.09406243988393438,4.481355381370583,95.20002091922969
0.36044011188613856,0.3460026596935739,58.44130422719673
0.015537510749942599,6.445659532155852,62.33632533552972
0.12165377986232241,7.782089139552282,55.173925792724056
0.04699309056602061,4.265617153010219,89.41947496119299
0.06133365167525548,1.7101375725408123,78.14684345963576
0.16133227116849208,3.224442355837853,59.05724659861046
0.022780219670808066,7.390848313228752,61.51367437890612
0.06911094460062019,6.726180603595607,62.35429588219744
0.023620659764415994,1.5306531452718448,90.58696626958259
0.45444110587144465,2.350276681358684,57.947975294773585
0.08785956618302498,4.6685383617395715,51.55301610044108
0.11639627551679388,5.150769878779688,87.44970759486074
0.0822235449115711,3.1279755733975234,76.5823447149491
0.04352407139197806,3.166765753320789,54.35073987338144
0.011656578603713214,6.452392902358788,54.643527813313575
0.15163920160788721,7.451091883823697,50.52598620291114
0.1253414531097543,2.582819007268907,94.28647365531614
0.027001754222734983,4.400078423124643,88.18451845650652
0.09599496316782591,4.789947112390419,54.39587166364026
0.01780249232777554,2.4195054672186376,64.86309995795317
0.028390984069106333,3.2637469949626663,77.91994024053666
0.03661661139651616,3.088820784182664,99.63648169013385
0.03683304297451482,0.8486757944534609,80.96993579173756
0.036178733611221314,6.412278851999279,69.40192729183921
0.11913737983653211,7.761624749401966,80.0605331070871
0.013547093907127272,7.491000929802108,94.514697719521
0.03154588896198353,2.609388471299863,79.17247881967707
0.03812609663065806,6.063942059184619,70.05069103804246
0.026434099381909194,0.7063541984004518,68.91997427345498
0.03605950157818347,2.406636423278754,86.0950825837557
0.01584689098915186,2.1871881938515516,58.68482015366599
0.09406243988393438,4.481355381370583,95.20002091922969
0.4809207049445432,0.1588548399809645,50.05377764806805
0.015537510749942599,6.445659532155852,62.33632533552972
0.11557258972486445,7.0643011387336285,58.4756729461714
0.04699309056602061,4.265617153010219,89.41947496119299
0.06133365167525548,1.7101375725408123,78.14684345963576
0.13391012390869916,3.0454250419722007,64.97581551343183
0.025600631885820367,7.184857613516536,63.17416635358974
0.06911094460062019,6.726180603595607,62.35429588219744
0.023620659764415994,1.5306531452718448,90.58696626958259
0.32614196625293335,2.5770574809901614,70.74904266452414
0.08785956618302498,4.6685383617395715,51.55301610044108
0.11639627551679388,5.150769878779688,87.44970759486074
0.08413024072317585,3.353030758952562,75.54711520786982
0.04352407139197806,3.166765753320789,54.35073987338144
0.011656578603713214,6.452392902358788,54.643527813313575
0.12991693098803947,6.503400975616339,50.875775304404236
0.10240563034360753,3.3896882666837955,87.61273386541467
0.027001754222734983,4.400078423124643,88.18451845650652
0.09599496316782591,4.789947112390419,54.39587166364026
0.023225461119682086,2.3311347458208624,66.5179450741673
0.028390984069106333,3.2637469949626663,77.91994024053666
0.03661661139651616,3.088820784182664,99.63648169013385
0.03683304297451482,0.8486757944534609,80.96993579173756
0.036178733611221314,6.412278851999279,69.40192729183921
0.11913737983653211,7.761624749401966,80.0605331070871
0.013547093907127272,7.491000929802108,94.514697719521
0.038687765027280344,2.8014581856528418,88.49283922191255
0.03812609663065806,6.063942059184619,70.05069103804246
0.02398689852874672,0.6530941695782153,69.00978173260724
0.027949049670211706,1.027658868597888,83.6290739812349
0.01584689098915186,2.1871881938515516,58.68482015366599
0.09406243988393438,4.481355381370583,95.20002091922969
0.4809207049445432,0.1588548399809645,50.05377764806805
0.024322771730175927,5.602535775959899,63.707158009218745
0.11557258972486445,7.0643011387336285,58.4756729461714
0.03440056524738677,4.575058432806366,94.12333728459913
0.08065659215167727,0.1961645387808968,72.49736263049034
0.11337750042031403,3.172302647250899,69.33614146276831
0.029628642068190464,7.025794701835265,65.05843543823114
0.06911094460062019,6.726180603595607,62.35429588219744
0.023620659764415994,1.5306531452718448,90.58696626958259
0.49763993201818246,1.1698535744851966,52.68069731214204
0.12287861477183823,3.8487688117819387,50.13277283603184
0.1042530312479324,4.58469283492626,86.92515878297877
0.10920198101699938,1.9246360357916146,79.34960556643392
0.04352407139197806,3.166765753320789,54.35073987338144
0.011656578603713214,6.452392902358788,54.643527813313575
0.12991693098803947,6.503400975616339,50.875775304404236
0.09942018645939182,2.5565156101828794,94.21919917047217
0.027001754222734983,4.400078423124643,88.18451845650652
0.09599496316782591,4.789947112390419,54.39587166364026
0.023225461119682086,2.3311347458208624,66.5179450741673
0.028390984069106333,3.2637469949626663,77.91994024053666
0.03661661139651616,3.088820784182664,99.63648169013385
0.036987387027350965,1.4711908216481806,79.66657109284185
0.030265270756969834,6.421842016618069,67.37771705040323
0.11913737983653211,7.761624749401966,80.0605331070871
0.013547093907127272,7.491000929802108,94.514697719521
0.038687765027280344,2.8014581856528418,88.49283922191255
0.03812609663065806,6.063942059184619,70.05069103804246
0.02398689852874672,0.6530941695782153,69.00978173260724
0.027949049670211706,1.027658868597888,83.6290739812349
0.025601985408289955,2.6106657793723196,77.91894160901231
0.09406243988393438,4.481355381370583,95.20002091922969
0.4809207049445432,0.1588548399809645,50.05377764806805
0.02043612885477225,5.514030344744298,63.036800032928454
0.11629346515658841,7.036113079078408,58.09373979266846
0.03440056524738677,4.575058432806366,94.12333728459913
0.08065659215167727,0.1961645387808968,72.49736263049034
0.11213793403829021,2.1846483956553726,67.02817728689963
0.029628642068190464,7.025794701835265,65.05843543823114
0.06911094460062019,6.726180603595607,62.35429588219744
0.023620659764415994,1.5306531452718448,90.58696626958259
0.3230912073187812,1.7335586933319806,66.08073935599799
0.12009277625500217,3.909924882552907,54.489703485098694
0.1042530312479324,4.58469283492626,86.92515878297877
0.10920198101699938,1.9246360357916146,79.34960556643392
0.04561461005331109,3.010716950279022,50.069813568524346
0.011656578603713214,6.452392902358788,54.643527813313575
0.12988899684590038,6.501989976584155,50.87867404166391
0.09942018645939182,2.5565156101828794,94.21919917047217
0.027001754222734983,4.400078423124643,88.18451845650652
0.09599496316782591,4.789947112390419,54.39587166364026
0.02793931023927057,2.7826410060922417,66.0902103618155
0.028390984069106333,3.2637469949626663,77.91994024053666
0.03661661139651616,3.088820784182664,99.63648169013385
0.016782840950699235,2.06111058794096,82.98356764220226
0.031160821711650924,6.504554385358562,67.77322587689822
0.11913737983653211,7.761624749401966,80.0605331070871
0.02350809956331197,6.9548800535013635,91.7376305484336
0.038687765027280344,2.8014581856528418,88.49283922191255
0.03812609663065806,6.063942059184619,70.05069103804246
0.02511544290926893,1.9278553004499477,68.21937542915887
0.030948701191455007,2.677032937674407,88.50841318544218
0.024622896173872345,2.34070126300845,78.53405267685223
0.09406243988393438,4.481355381370583,95.20002091922969
0.4809207049445432,0.1588548399809645,50.05377764806805
0.02043612885477225,5.514030344744298,63.036800032928454
0.11629346515658841,7.036113079078408,58.09373979266846
0.03545907303717019,4.816944760887976,95.81099710110381
0.07733900993841565,2.0725309403309273,69.58280476933504
0.08236813925832712,2.5677847632900344,70.52584334316585
0.029628642068190464,7.025794701835265,65.05843543823114
0.06911094460062019,6.726180603595607,62.35429588219744
0.024275879822368087,0.7110697549585225,96.25543739778078
0.2013775204102493,1.7237160755171295,79.185821083493
0.10647436356805086,3.9816301130869802,59.418963962355505
0.10557222321972609,3.875628136822607,84.90581943796742
0.12330765279856164,1.9240959982104473,81.21672219060163
0.045603498188263814,3.0101299697235087,50.07965179661652
0.011656578603713214,6.452392902358788,54.643527813313575
0.12799505146859053,6.298124989420614,51.569474637353
0.10017196330825476,2.523143801231213,94.55820156829343
0.031650708892513035,5.241602231311404,90.98853301080999
0.09543483989145714,4.773426238303514,54.49212041043377
0.02793931023927057,2.7826410060922417,66.0902103618155
0.02909275819758907,3.253437322699076,76.78519089151405
0.036440448019186736,3.0926751131578047,99.10144193630191
0.014891023855492425,2.2078720751432863,80.8799378302957
0.02870967133473421,6.659610299437164,66.97176295503711
0.11913737983653211,7.761624749401966,80.0605331070871
0.02350809956331197,6.9548800535013635,91.7376305484336
0.011748405982398027,1.7083813424456986,99.60345122526213
0.03765935461138813,6.093467424547076,69.89807844191526
0.02511544290926893,1.9278553004499477,68.21937542915887
0.030948701191455007,2.677032937674407,88.50841318544218
0.024622896173872345,2.34070126300845,78.53405267685223
0.08074585817772639,4.070837196070795,92.00394969014228
0.4809207049445432,0.1588548399809645,50.05377764806805
0.021012099066713245,5.333091906574669,63.332538450400826
0.11629346515658841,7.036113079078408,58.09373979266846
0.03571317448927599,4.771686970990277,94.66550082353808
0.0749857875811833,2.1312280182339975,71.28124876532496
0.08401039418487569,1.858428103081755,59.11359555116801
0.01935933570818464,7.681265704867628,60.76402271973724
0.06180824636999274,6.9602021209405365,57.834499090520055
0.02380536465472701,0.7861128027253756,95.48457785746447
0.2013775204102493,1.7237160755171295,79.185821083493
0.1361889642751102,4.557133387087005,52.45586050629065
0.12459887128282056,4.948020205014132,96.69696554684427
0.1248447415712356,1.9115652050816467,81.09536983474493
0.045603498188263814,3.0101299697235087,50.07965179661652
0.011656578603713214,6.452392902358788,54.643527813313575
0.12799505146859053,6.298124989420614,51.569474637353
0.10017196330825476,2.523143801231213,94.55820156829343
0.031650708892513035,5.241602231311404,90.98853301080999
0.09543483989145714,4.773426238303514,54.49212041043377
0.032155880041515594,1.832323493412849,69.0544387879905
0.02909275819758907,3.253437322699076,76.78519089151405
0.033080508504278155,2.878875615058159,93.25376850986957
0.014891023855492425,2.2078720751432863,80.8799378302957
0.024248202835382968,5.222328547740381,71.46213613972445
0.11913737983653211,7.761624749401966,80.0605331070871
0.03893994400688829,5.8046774299815365,86.17635328429922
0.011748405982398027,1.7083813424456986,99.60345122526213
0.03765935461138813,6.093467424547076,69.89807844191526
0.02511544290926893,1.9278553004499477,68.21937542915887
0.0347052811839471,2.768128824882831,88.83687977486008
0.024622896173872345,2.34070126300845,78.53405267685223
0.07907114082594155,3.991892408760263,93.43712372476247
0.34315645740652556,1.5862416294583261,63.85835204140368
0.021012099066713245,5.333091906574669,63.332538450400826
0.11629346515658841,7.036113079078408,58.09373979266846
0.03571317448927599,4.771686970990277,94.66550082353808
0.07884633925420337,1.8716672855741008,68.9825447500258
0.08533424800552392,1.772888475206483,58.30767478401196
0.01935933570818464,7.681265704867628,60.76402271973724
0.08932498471026784,6.492785698321374,55.93548839954962
0.0235130306166211,0.749487159666012,96.40984161951971
0.2013775204102493,1.7237160755171295,79.185821083493
0.1361889642751102,4.557133387087005,52.45586050629065
0.11968538899899711,4.57400626947147,92.14726977495025
0.13640092859685765,1.6760339354578306,82.8600063671869
0.045603498188263814,3.0101299697235087,50.07965179661652
0.011656578603713214,6.452392902358788,54.643527813313575
0.12799505146859053,6.298124989420614,51.569474637353
0.10017196330825476,2.523143801231213,94.55820156829343
0.031650708892513035,5.241602231311404,90.98853301080999
0.09543483989145714,4.773426238303514,54.49212041043377
0.036770354025414564,0.7401104862910381,70.83043126277538
0.02680703062729195,2.7292550165122766,70.61193598178828
0.031349556543980306,2.779851244007295,93.52417431086465
0.014891023855492425,2.2078720751432863,80.8799378302957
0.024248202835382968,5.222328547740381,71.46213613972445
0.11842117418849336,7.761047933108669,79.92202297845517
0.03893994400688829,5.8046774299815365,86.17635328429922
0.026399608078604073,1.843382125100002,98.7674865277816
0.03976193575981131,7.569590443403676,59.17327300042156
0.023056174725012413,3.9861586959384736,65.55219601421841
0.0347052811839471,2.768128824882831,88.83687977486008
0.024622896173872345,2.34070126300845,78.53405267685223
0.08501030309562263,4.477625658117035,87.79776357982074
0.2577495194528353,1.713513270981663,70.60174143555444
0.021012099066713245,5.333091906574669,63.332538450400826
0.11629346515658841,7.036113079078408,58.09373979266846
0.03571317448927599,4.771686970990277,94.66550082353808
0.07912266815208238,1.6606446515803879,67.34553058189248
0.08063467094288028,1.9399044635774523,58.8543549237453
0.01935933570818464,7.681265704867628,60.76402271973724
0.09056346432564337,6.440074749164774,56.19246663658713
0.0235130306166211,0.749487159666012,96.40984161951971
0.2013775204102493,1.7237160755171295,79.185821083493
0.1361889642751102,4.557133387087005,52.45586050629065
0.17496611126468795,6.772373682573473,89.69710577522473
0.12028998981840835,2.1854654717928557,81.22268201155866
0.045603498188263814,3.0101299697235087,50.07965179661652
0.011656578603713214,6.452392902358788,54.643527813313575
0.07576023282016225,3.5241348960085093,73.98700081404255
0.10495955821488015,2.6577845668759643,96.34993767003022
0.02238875493928182,5.802481213305672,74.15230359213255
0.06668632105323474,4.460726691823136,58.885138589428536
0.036770354025414564,0.7401104862910381,70.83043126277538
0.029393864925450333,4.284000425708081,50.352401401293214
0.03109527717744469,2.8673094395931544,92.7341951997199
0.014891023855492425,2.2078720751432863,80.8799378302957
0.024248202835382968,5.222328547740381,71.46213613972445
0.11842117418849336,7.761047933108669,79.92202297845517
0.03893994400688829,5.8046774299815365,86.17635328429922
0.038825448104922125,2.642455339869225,96.22274918864417
0.03863403451264679,7.5247559838067,58.99148896481936
0.023056174725012413,3.9861586959384736,65.55219601421841
0.0347052811839471,2.768128824882831,88.83687977486008
0.021541262546370506,1.0686818834561587,73.07287336733756
0.07582331557906974,4.180243853021454,86.89139404078244
0.2577495194528353,1.713513270981663,70.60174143555444
0.021012099066713245,5.333091906574669,63.332538450400826
0.0955001288966015,5.627196130895968,66.68089066567296
0.03505670799963171,4.555260065016969,94.75936047724659
0.07912266815208238,1.6606446515803879,67.34553058189248
0.07968980859220723,1.5116508671383517,59.107670500701474
0.01935933570818464,7.681265704867628,60.76402271973724
0.09056346432564337,6.440074749164774,56.19246663658713
0.0235130306166211,0.749487159666012,96.40984161951971
0.1292000954201929,4.0861206462517945,71.88084783723008
0.13018364384581466,4.451268628159635,54.60871573973615
0.18332167044560713,6.788745160112331,91.49058494567674
0.16833471431023894,1.915950025618653,72.37620623542698
0.045603498188263814,3.0101299697235087,50.07965179661652
0.011656578603713214,6.452392902358788,54.643527813313575
0.0757369558970059,3.282037086098459,69.22540549512637
0.10495955821488015,2.6577845668759643,96.34993767003022
0.016181107954668927,5.902232423716561,74.28431574930721
0.06668632105323474,4.460726691823136,58.885138589428536
0.036770354025414564,0.7401104862910381,70.83043126277538
0.029393864925450333,4.284000425708081,50.352401401293214
0.0327088612368249,2.323332607506796,96.17798633364811
0.011867404033130002,1.5493585017383271,86.55592162137894
0.024248202835382968,5.222328547740381,71.46213613972445
0.11886525763739833,7.766491236071595,80.02716795891033
0.03893994400688829,5.8046774299815365,86.17635328429922
0.038825448104922125,2.642455339869225,96.22274918864417
0.03867823193695628,7.566414453688566,58.451682391986154
0.021459951793851052,4.261133039054234,60.48774180937196
0.04553385282876357,4.721177120712255,81.5099923535083
0.011019346926664106,0.9496858922513278,72.20449155381793
0.06640070589058664,3.774418239324759,88.9209670887709
0.2862444250053236,1.2778425975714134,71.47669923549151
0.021012099066713245,5.333091906574669,63.332538450400826
0.0955001288966015,5.627196130895968,66.68089066567296
0.03505670799963171,4.555260065016969,94.75936047724659
0.07912266815208238,1.6606446515803879,67.34553058189248
0.07968980859220723,1.5116508671383517,59.107670500701474
0.01935933570818464,7.681265704867628,60.76402271973724
0.09056346432564337,6.440074749164774,56.19246663658713
0.0235130306166211,0.749487159666012,96.40984161951971
0.13126344005031293,3.960410447919318,72.7186677037295
0.13018364384581466,4.451268628159635,54.60871573973615
0.1687736045354361,6.1487936070289,81.39311052986119
0.18348619216268486,2.0379872497996123,69.86176858390635
0.045603498188263814,3.0101299697235087,50.07965179661652
0.011656578603713214,6.452392902358788,54.643527813313575
0.0757369558970059,3.282037086098459,69.22540549512637
0.12277845057019512,1.8084287223427316,99.09581868148133
0.016181107954668927,5.902232423716561,74.28431574930721
0.06668632105323474,4.460726691823136,58.885138589428536
0.036770354025414564,0.7401104862910381,70.83043126277538
0.029393864925450333,4.284000425708081,50.352401401293214
0.0327088612368249,2.323332607506796,96.17798633364811
0.011867404033130002,1.5493585017383271,86.55592162137894
0.018175722523186305,5.059045322868879,70.91243622352883
0.11886525763739833,7.766491236071595,80.02716795891033
0.05416279852263544,5.07906440109019,88.5221863653552
0.038825448104922125,2.642455339869225,96.22274918864417
0.03867823193695628,7.566414453688566,58.451682391986154
0.021459951793851052,4.261133039054234,60.48774180937196
0.04553385282876357,4.721177120712255,81.5099923535083
0.019661171049218648,1.2611276950301331,71.80669042712667
0.060293132387735184,4.2816602258508745,85.26523583173565
0.2862444250053236,1.2778425975714134,71.47669923549151
0.027414082455354295,6.142419785693241,61.56377787117119
0.08070453228191535,6.128833551557589,71.83074444282428
0.03505670799963171,4.555260065016969,94.75936047724659
0.13575209189129414,2.0411331378414412,63.09684994731161
0.07968980859220723,1.5116508671383517,59.107670500701474
0.01935933570818464,7.681265704867628,60.76402271973724
0.08212761107137086,6.471492733638447,53.47429053785383
0.02148228873418791,4.138434427531546,78.98259696888528
0.12517132956476051,4.065858866214339,72.76748794532413
0.13018364384581466,4.451268628159635,54.60871573973615
0.1687736045354361,6.1487936070289,81.39311052986119
0.12463005016533288,2.0550147933144163,67.93520508689238
0.07677725030019142,2.854130282758434,53.50737843364928
0.011656578603713214,6.452392902358788,54.643527813313575
0.07017774089621247,3.557077439418162,67.96037247608774
0.10739649357262179,1.7267880806776499,95.02511201369771
0.016181107954668927,5.902232423716561,74.28431574930721
0.06668632105323474,4.460726691823136,58.885138589428536
0.036770354025414564,0.7401104862910381,70.83043126277538
0.029393864925450333,4.284000425708081,50.352401401293214
0.020745152393902455,2.3405243294613616,97.56154428248543
0.01712765918511633,1.744704788592531,88.98447136148476
0.02056616666322582,5.060375091595404,72.08216515718082
0.11886525763739833,7.766491236071595,80.02716795891033
0.05416279852263544,5.07906440109019,88.5221863653552
0.038825448104922125,2.642455339869225,96.22274918864417
0.03867823193695628,7.566414453688566,58.451682391986154
0.021459951793851052,4.261133039054234,60.48774180937196
0.033319183763612766,4.871576391520602,94.57490271966368
0.019661171049218648,1.2611276950301331,71.80669042712667
0.07160889615419377,4.15898075672592,81.00816398963434
0.24332852887756284,2.020674392417863,71.82061361822903
0.027414082455354295,6.142419785693241,61.56377787117119
0.08742030559595065,7.583276610442603,65.054586247981
0.03505670799963171,4.555260065016969,94.75936047724659
0.13127675245396841,1.5951125749559765,60.947568900698954
0.08565068702481701,1.1830828458118887,60.145310734517224
0.01935933570818464,7.681265704867628,60.76402271973724
0.08175343250436445,6.459227343474389,53.78937891536504
0.021903050678721833,5.164692539658041,68.37761988142215
0.12517132956476051,4.065858866214339,72.76748794532413
0.1799183562235913,3.6115841222943033,54.59410837167965
0.1782387300351252,6.275429670071893,83.50105109800522
0.10263556431262777,2.6689430885769285,74.52180208081164
0.07677725030019142,2.854130282758434,53.50737843364928
0.011656578603713214,6.452392902358788,54.643527813313575
0.08327761451938846,1.8896924567633633,71.91480359388059
0.10739649357262179,1.7267880806776499,95.02511201369771
0.016181107954668927,5.902232423716561,74.28431574930721
0.06529657237534116,4.681991273187595,59.625777522039925
0.036770354025414564,0.7401104862910381,70.83043126277538
0.06796934330066376,4.80011050915046,58.943393227587144
0.020745152393902455,2.3405243294613616,97.56154428248543
0.01712765918511633,1.744704788592531,88.98447136148476
0.02056616666322582,5.060375091595404,72.08216515718082
0.11886525763739833,7.766491236071595,80.02716795891033
0.05416279852263544,5.07906440109019,88.5221863653552
0.04008091442920411,2.3174774193287693,98.50965866889048
0.03865997731734479,7.634724530599368,57.93036475710998
0.03933512264236526,4.224721714300043,67.8020742850501
0.033605925020470065,4.528312618231681,92.6020879720639
0.018370963334852858,1.2513697623250613,71.8542761524777
0.057049151120423594,4.4535720064447455,77.30844818972697
0.24332852887756284,2.020674392417863,71.82061361822903
0.018426581028091093,4.949798728022998,64.46753128067817
0.08742030559595065,7.583276610442603,65.054586247981
0.03235073149206786,4.665594614216898,97.43494636719612
0.23106042493753826,1.898904971269313,51.30845904834676
0.08565068702481701,1.1830828458118887,60.145310734517224
0.01935933570818464,7.681265704867628,60.76402271973724
0.08175343250436445,6.459227343474389,53.78937891536504
0.021903050678721833,5.164692539658041,68.37761988142215
0.12517132956476051,4.065858866214339,72.76748794532413
0.1799183562235913,3.6115841222943033,54.59410837167965
0.2188267528966308,7.479712068130871,88.6366294956278
0.08746447501997826,3.582077547829514,72.01543858845369
0.07677725030019142,2.854130282758434,53.50737843364928
0.011999610862335454,6.424784402502714,54.8066074142522
0.10492480864391893,2.4247750183367143,72.41953378235827
0.10739649357262179,1.7267880806776499,95.02511201369771
0.02234601900936025,5.6837031786359855,74.7405036670203
0.06223284891815194,4.280217492283976,58.87398900278743
0.036770354025414564,0.7401104862910381,70.83043126277538
0.06796934330066376,4.80011050915046,58.943393227587144
0.02650462378006163,2.386515943192726,96.00682457017945
0.01673107200341391,1.9020680112150603,94.4486338042724
0.02056616666322582,5.060375091595404,72.08216515718082
0.11886525763739833,7.766491236071595,80.02716795891033
0.05416279852263544,5.07906440109019,88.5221863653552
0.04008091442920411,2.3174774193287693,98.50965866889048
0.04489616761686425,7.464614611966775,57.331109588902535
0.03478959011446623,4.382353997407704,67.07714215101245
0.032346233799542344,4.595063814764798,98.05492126254558
0.018370963334852858,1.2513697623250613,71.8542761524777
0.054779550902873356,4.534023130195921,77.1405034800466
0.21674249142090518,2.1537162381985473,68.89733160725582
0.018426581028091093,4.949798728022998,64.46753128067817
0.08742030559595065,7.583276610442603,65.054586247981
0.031825299685652716,4.796482919335977,97.70272096295056
0.19488028644921185,2.1953846946095554,58.537537514502354
0.10005281307034218,0.376099753825093,59.21931604586491
0.01935933570818464,7.681265704867628,60.76402271973724
0.08175343250436445,6.459227343474389,53.78937891536504
0.022656947050215325,5.211293741776596,69.22554950674885
0.13142445659755628,4.88873603746538,64.93733126712425
0.1799183562235913,3.6115841222943033,54.59410837167965
0.2114318591274254,6.744539259918581,82.1665395183154
0.08746447501997826,3.582077547829514,72.01543858845369
0.07677725030019142,2.854130282758434,53.50737843364928
0.011999610862335454,6.424784402502714,54.8066074142522
0.09679900656252544,1.9012883952185622,67.2448280727716
0.10739649357262179,1.7267880806776499,95.02511201369771
0.025195039116425035,5.393778627958659,81.20315051301264
0.06223284891815194,4.280217492283976,58.87398900278743
0.036770354025414564,0.7401104862910381,70.83043126277538
0.06796934330066376,4.80011050915046,58.943393227587144
0.041644635168407884,2.3504258610428694,92.69851574094204
0.01673107200341391,1.9020680112150603,94.4486338042724
0.02056616666322582,5.060375091595404,72.08216515718082
0.07295919114860319,7.1901368605637455,69.19322118380947
0.08382016639511548,7.59621654515932,83.82662866024563
0.047291361464836826,3.4048085795283365,88.02697464841064
0.061880928735059654,7.512009945386839,60.41597884882549
0.04549909795707498,3.732182491272776,65.9963650717658
0.032346233799542344,4.595063814764798,98.05492126254558
0.029530362604909478,2.2575180928206695,73.47452910160447
0.04825022419726967,4.9431189869602985,78.6781744634608
0.2607554693539703,1.8287594224756267,63.92862731324466
0.018426581028091093,4.949798728022998,64.46753128067817
0.08742030559595065,7.583276610442603,65.054586247981
0.02842793937799351,5.582675350944012,87.63578450661865
0.2391715123146781,0.8110690680669865,57.975702823573194
0.05192406833305163,0.22562014750750625,59.6495496783867
0.01935933570818464,7.681265704867628,60.76402271973724
0.08175343250436445,6.459227343474389,53.78937891536504
0.022656947050215325,5.211293741776596,69.22554950674885
0.13142445659755628,4.88873603746538,64.93733126712425
0.1799183562235913,3.6115841222943033,54.59410837167965
0.2801759446318675,6.526820045896079,81.81469943921454
0.08746447501997826,3.582077547829514,72.01543858845369
0.07677725030019142,2.854130282758434,53.50737843364928
0.013493288583512956,6.081998127383596,55.77284522686196
0.1297134246532523,0.5373158546867778,65.15625134583418
0.06483269624179847,3.360895966340975,83.77859279706946
0.025195039116425035,5.393778627958659,81.20315051301264
0.06223284891815194,4.280217492283976,58.87398900278743
0.05413758322391245,1.6578189254372808,63.31039204666655
0.06796934330066376,4.80011050915046,58.943393227587144
0.03856939459113874,2.9193785508346406,90.54946518141806
0.02096081786557524,2.6315313370261633,95.42548435846757
0.02056616666322582,5.060375091595404,72.08216515718082
0.05980736705158132,6.3497660418634485,78.53959798946991
0.08382016639511548,7.59621654515932,83.82662866024563
0.0576517231492122,3.211318522025602,75.89793543305873
0.061880928735059654,7.512009945386839,60.41597884882549
0.03744266463509324,4.253865462988828,67.13529936875486
0.032346233799542344,4.595063814764798,98.05492126254558
0.04190058843771071,3.252788811574394,68.81165206612532
0.05452781493000946,7.241469649332314,82.9695923324822
0.21519556559985853,2.518272222734891,67.26970464777807
0.013167366140482363,4.60481828062018,51.46365112490851
0.09253410184059849,6.841564343518405,65.04606350007764
0.02842793937799351,5.582675350944012,87.63578450661865
0.14762105177043844,2.7717947706532353,67.91363432347782
0.05192406833305163,0.22562014750750625,59.6495496783867
0.01935933570818464,7.681265704867628,60.76402271973724
0.08175343250436445,6.459227343474389,53.78937891536504
0.021211801682969742,5.30487209085687,69.42984904689399
0.14411701542634034,4.4666258198638555,65.92565557806488
0.20621828898613864,2.944961022308555,53.583462367589085
0.2801759446318675,6.526820045896079,81.81469943921454
0.08746447501997826,3.582077547829514,72.01543858845369
0.07162935905108807,3.0811805922885815,54.98252439528241
0.013493288583512956,6.081998127383596,55.77284522686196
0.1384160151067504,0.18678650893525095,64.96959585033491
0.06483269624179847,3.360895966340975,83.77859279706946
0.025195039116425035,5.393778627958659,81.20315051301264
0.07758861086066629,4.415266615014394,60.21963254988565
0.06148258755623916,0.5156766044793386,61.6276069104574
0.06796934330066376,4.80011050915046,58.943393227587144
0.038431746194961404,3.0824078394339898,87.68904387580645
0.02096081786557524,2.6315313370261633,95.42548435846757
0.021352629019377706,3.352404477881646,79.4579230721001
0.09244049658187545,5.275523377159523,92.88078175013219
0.08382016639511548,7.59621654515932,83.82662866024563
0.05725594384979132,2.635095074680946,75.41292241456634
0.053267200307129524,7.48797366203904,58.85150432629718
0.04145181733674479,3.630445412494646,66.21677811677421
0.032346233799542344,4.595063814764798,98.05492126254558
0.04190058843771071,3.252788811574394,68.81165206612532
0.05452781493000946,7.241469649332314,82.9695923324822
0.21519556559985853,2.518272222734891,67.26970464777807
0.013167366140482363,4.60481828062018,51.46365112490851
0.09253410184059849,6.841564343518405,65.04606350007764
0.010436976303774013,7.422199413749855,95.26382066758559
0.20391468102828827,2.515676897525559,67.43546125955105
0.050546356459815936,0.5755491773165096,59.33560589601012
0.019328910739254333,7.6833890996050505,60.74618372734768
0.08175343250436445,6.459227343474389,53.78937891536504
0.021211801682969742,5.30487209085687,69.42984904689399
0.15015399734389315,5.529706483747944,66.85870908364207
0.22189760012873444,2.910403859479647,51.38892975344192
0.2661452380319019,6.588923791487577,80.68227206044995
0.13611491383310892,2.317000890819673,73.91407994814136
0.07455069843738438,3.0643172696664807,53.623585747319126
0.013493288583512956,6.081998127383596,55.77284522686196
0.12348695384054875,0.8337808211358833,62.73714987342974
0.0707708657189805,4.448225532170338,73.25416692377028
0.04579075814504647,5.836585322988823,76.26148944768954
0.07758861086066629,4.415266615014394,60.21963254988565
0.06148258755623916,0.5156766044793386,61.6276069104574
0.03011895736238719,5.763963450684453,54.6807465880905
0.038431746194961404,3.0824078394339898,87.68904387580645
0.016860133772239078,2.633922463504907,96.01990919409508
0.011876379227319545,2.281258978455956,63.42771243972591
0.09927578438958619,6.326463948918746,99.7812621655562
0.08382016639511548,7.59621654515932,83.82662866024563
0.06221860193092196,1.2493432986891397,75.04562369365969
0.04652241200913726,7.599005952263289,57.78747868141855
0.04145181733674479,3.630445412494646,66.21677811677421
0.032346233799542344,4.595063814764798,98.05492126254558
0.04190058843771071,3.252788811574394,68.81165206612532
0.05452781493000946,7.241469649332314,82.9695923324822
0.2418852286708119,2.5862011524369835,65.02723276468436
0.013167366140482363,4.60481828062018,51.46365112490851
0.09253410184059849,6.841564343518405,65.04606350007764
0.010436976303774013,7.422199413749855,95.26382066758559
0.14768891379743826,2.0131889061969086,70.45521469475464
0.050546356459815936,0.5755491773165096,59.33560589601012
0.015060067109128245,7.767102277810335,61.22191843973214
0.08175343250436445,6.459227343474389,53.78937891536504
0.021211801682969742,5.30487209085687,69.42984904689399
0.15015399734389315,5.529706483747944,66.85870908364207
0.16485347897614733,4.643888172205102,57.41117870580828
0.2661452380319019,6.588923791487577,80.68227206044995
0.15555753274878997,0.31424446985095944,61.32108392235719
0.07455069843738438,3.0643172696664807,53.623585747319126
0.013591347544940034,6.081253024901991,55.83505118914379
0.12348695384054875,0.8337808211358833,62.73714987342974
0.0707708657189805,4.448225532170338,73.25416692377028
0.0702475806452117,5.65074979228523,91.77623849089676
0.07758861086066629,4.415266615014394,60.21963254988565
0.057010298915203414,0.4927321900764025,61.5475771208247
0.02760666771513728,5.634475372565204,58.840774631510044
0.03642610485219966,3.0407094817052958,88.4636140644373
0.016860133772239078,2.633922463504907,96.01990919409508
0.01118030645604776,4.767337474756166,78.82315711903067
0.09800452011894577,6.242698146302416,98.59820499656547
0.08382016639511548,7.59621654515932,83.82662866024563
0.05704660070069034,0.9975897976672208,75.52714461292045
0.04652241200913726,7.599005952263289,57.78747868141855
0.04145181733674479,3.630445412494646,66.21677811677421
0.032346233799542344,4.595063814764798,98.05492126254558
0.03488847427703076,3.02588931015555,67.55424012131861
0.06732452370000923,7.01240126910159,80.81363173927815
0.1648713366834672,3.4242473689252777,68.72995068844622
0.013167366140482363,4.60481828062018,51.46365112490851
0.08241819285095245,6.156294793209827,69.2680964184596
0.010436976303774013,7.422199413749855,95.26382066758559
0.11935574782800976,2.6474093898729554,77.23489995009128
0.050546356459815936,0.5755491773165096,59.33560589601012
0.015060067109128245,7.767102277810335,61.22191843973214
0.08302083789999457,6.410637694210671,51.41562464840611
0.021211801682969742,5.30487209085687,69.42984904689399
0.15015399734389315,5.529706483747944,66.85870908364207
0.13790483080585525,5.6257221374197695,66.1959691137068
0.39868642918759156,6.861844949378937,66.55958291356824
0.11355870558743777,3.502560642495994,70.59951787267897
0.08544849630107818,2.4676692389755126,52.41244411755535
0.013591347544940034,6.081253024901991,55.83505118914379
0.12348695384054875,0.8337808211358833,62.73714987342974
0.0871175408734067,3.9989819069048282,78.71264993911348
0.0702475806452117,5.65074979228523,91.77623849089676
0.07799440373746355,4.564322861125427,59.56196421831146
0.057010298915203414,0.4927321900764025,61.5475771208247
0.02760666771513728,5.634475372565204,58.840774631510044
0.03642610485219966,3.0407094817052958,88.4636140644373
0.016860133772239078,2.633922463504907,96.01990919409508
0.02644939422769399,4.6339024871657015,77.82040468345981
0.09800452011894577,6.242698146302416,98.59820499656547
0.08382016639511548,7.59621654515932,83.82662866024563
0.0337579910173835,0.4734662698238763,76.99524184317113
0.04652241200913726,7.599005952263289,57.78747868141855
0.04145181733674479,3.630445412494646,66.21677811677421
0.032346233799542344,4.595063814764798,98.05492126254558
0.03379664458135277,3.0021510718645277,69.27817376860796
0.06732452370000923,7.01240126910159,80.81363173927815
0.1648713366834672,3.4242473689252777,68.72995068844622
0.013167366140482363,4.60481828062018,51.46365112490851
0.08241819285095245,6.156294793209827,69.2680964184596
0.010436976303774013,7.422199413749855,95.26382066758559
0.15054708472783446,0.526856831994496,85.56338115727509
0.050546356459815936,0.5755491773165096,59.33560589601012
0.015060067109128245,7.767102277810335,61.22191843973214
0.08302083789999457,6.410637694210671,51.41562464840611
0.021211801682969742,5.30487209085687,69.42984904689399
0.1428503214265043,4.243567689713029,65.72988005758431
0.14357466883217404,5.681081586253498,64.48473854135128
0.39868642918759156,6.861844949378937,66.55958291356824
0.10622915086561187,4.200543556823483,65.99509045803043
0.0905888944670097,2.186235459322809,51.8411589560768
0.013591347544940034,6.081253024901991,55.83505118914379
0.15655651114057284,0.9508569961141253,64.27933018877144
0.056015811216563335,6.705740703591246,92.37428601293936
0.06768510899429003,5.596102165250767,91.14644658639463
0.07799440373746355,4.564322861125427,59.56196421831146
0.058660223030143566,0.2884993129032196,59.39012474275448
0.02760666771513728,5.634475372565204,58.840774631510044
0.03642610485219966,3.0407094817052958,88.4636140644373
0.016860133772239078,2.633922463504907,96.01990919409508
0.02644939422769399,4.6339024871657015,77.82040468345981
0.09800452011894577,6.242698146302416,98.59820499656547
0.09177604426580951,7.933063763804682,87.4708705851971
0.0337579910173835,0.4734662698238763,76.99524184317113
0.04652241200913726,7.599005952263289,57.78747868141855
0.04581425878479643,3.0971102650306648,62.1311204720269
0.032346233799542344,4.595063814764798,98.05492126254558
0.037571502184508304,2.042156520293199,70.9012672458586
0.06732452370000923,7.01240126910159,80.81363173927815
0.16135665204058433,3.711176999172462,68.39968372073058
0.013167366140482363,4.60481828062018,51.46365112490851
0.09263909539976947,6.848676792745857,65.00224279513736
0.010436976303774013,7.422199413749855,95.26382066758559
0.15054708472783446,0.526856831994496,85.56338115727509
0.050546356459815936,0.5755491773165096,59.33560589601012
0.015060067109128245,7.767102277810335,61.22191843973214
0.08302083789999457,6.410637694210671,51.41562464840611
0.021211801682969742,5.30487209085687,69.42984904689399
0.16137913990704061,4.480291078809929,61.27525972492252
0.17892489574557677,6.285045449688111,67.16554528267604
0.39868642918759156,6.861844949378937,66.55958291356824
0.1418899085952473,2.1707602114563747,70.89721140300848
0.12109885748051,2.843680481940515,58.98000290775179
0.012237454397747297,6.167100934207733,55.19584852734848
0.15655651114057284,0.9508569961141253,64.27933018877144
0.06526169727085047,7.530220062376636,90.1552980982647
0.06768510899429003,5.596102165250767,91.14644658639463
0.07802662440830022,4.561183537287459,59.51386127364265
0.06305955969869528,0.13286093959864193,59.41968484945955
0.018593350361772287,5.764085096947813,58.19660647248082
0.03940970959557738,2.5850605011735133,93.52759828895441
0.018105289896912208,2.7219979898130733,95.87781804531501
0.03197585398616215,4.406211796152144,73.04273539917104
0.09800452011894577,6.242698146302416,98.59820499656547
0.09177604426580951,7.933063763804682,87.4708705851971
0.0337579910173835,0.4734662698238763,76.99524184317113
0.03765042557263262,6.794856062567379,61.868413539969694
0.04866939866521283,3.718436097140756,58.611030628898746
0.032346233799542344,4.595063814764798,98.05492126254558
0.04120168473394682,1.1962277612800478,68.64290650339184
0.06557324413588322,7.061786101233439,78.87511550160399
0.2203644227206759,5.380935269200064,73.22641054159499
0.013167366140482363,4.60481828062018,51.46365112490851
0.09263909539976947,6.848676792745857,65.00224279513736
0.012217809450441486,7.2381117349723745,95.41373091943538
0.15054708472783446,0.526856831994496,85.56338115727509
0.050546356459815936,0.5755491773165096,59.33560589601012
0.015060067109128245,7.767102277810335,61.22191843973214
0.08302083789999457,6.410637694210671,51.41562464840611
0.021211801682969742,5.30487209085687,69.42984904689399
0.193346094404573,3.3788940853589393,59.54205895275792
0.21259984863901887,6.30266824784784,54.0848678020778
0.39868642918759156,6.861844949378937,66.55958291356824
0.1418899085952473,2.1707602114563747,70.89721140300848
0.12109885748051,2.843680481940515,58.98000290775179
0.012315194565709543,6.166300367609778,55.24625292320236
0.12420216692154765,1.624896665680705,66.27166571923084
0.06526169727085047,7.530220062376636,90.1552980982647
0.06768510899429003,5.596102165250767,91.14644658639463
0.11278134451554145,4.8696313609769835,61.91006039011988
0.06538952745835079,0.0195100116058331,58.43652390044338
0.021598642851263655,4.0603857160777235,55.62337735852711
0.03940970959557738,2.5850605011735133,93.52759828895441
0.02922369801019914,3.2119223742606082,96.25637453786207
0.03460488533310719,3.491481309372046,71.78894174042918
0.09463885851693393,6.327701674378878,96.55137695868922
0.09177604426580951,7.933063763804682,87.4708705851971
0.02425278889041796,3.3056377628085603,84.44116717836363
0.03765042557263262,6.794856062567379,61.868413539969694
0.04866939866521283,3.718436097140756,58.611030628898746
0.03526680586207271,4.855498711676062,97.35399178184034
0.04083927881407862,1.1910286797058016,68.66458459879678
0.06557324413588322,7.061786101233439,78.87511550160399
0.2036683615354931,5.204253786987947,74.18118440853696
0.013167366140482363,4.60481828062018,51.46365112490851
0.09378888858594896,6.735705647393191,64.82572972356934
0.012217809450441486,7.2381117349723745,95.41373091943538
0.15054708472783446,0.526856831994496,85.56338115727509
0.050546356459815936,0.5755491773165096,59.33560589601012
0.015060067109128245,7.767102277810335,61.22191843973214
0.08302083789999457,6.410637694210671,51.41562464840611
0.010824844472142263,5.239781084938755,64.57610864282749
0.1693711543748082,3.327443832773167,65.13149332916987
0.21259984863901887,6.30266824784784,54.0848678020778
0.47938206191724747,6.700084445489344,60.848935249275314
0.1418899085952473,2.1707602114563747,70.89721140300848
0.12109885748051,2.843680481940515,58.98000290775179
0.012307968502388689,6.245829737033994,58.22671599130937
0.12420216692154765,1.624896665680705,66.27166571923084
0.06526169727085047,7.530220062376636,90.1552980982647
0.09805885829384783,4.194030084613193,82.85796395083177
0.12347898986908645,5.202723691138091,57.30019708582041
0.06538952745835079,0.0195100116058331,58.43652390044338
0.021598642851263655,4.0603857160777235,55.62337735852711
0.03940970959557738,2.5850605011735133,93.52759828895441
0.029795840538598052,3.027915027166312,97.67159796701463
0.03460488533310719,3.491481309372046,71.78894174042918
0.09463885851693393,6.327701674378878,96.55137695868922
0.09177604426580951,7.933063763804682,87.4708705851971
0.02425278889041796,3.3056377628085603,84.44116717836363
0.03765042557263262,6.794856062567379,61.868413539969694
0.04866939866521283,3.718436097140756,58.611030628898746
0.034724994014216866,4.816055190248797,97.68435307382846
0.04083927881407862,1.1910286797058016,68.66458459879678
0.06557324413588322,7.061786101233439,78.87511550160399
0.2560292871276145,6.039177141893352,68.01410507540407
0.02121621077818833,3.841534229908858,73.83013985111623
0.09378888858594896,6.735705647393191,64.82572972356934
0.012217809450441486,7.2381117349723745,95.41373091943538
0.15054708472783446,0.526856831994496,85.56338115727509
0.050546356459815936,0.5755491773165096,59.33560589601012
0.015060067109128245,7.767102277810335,61.22191843973214
0.08302083789999457,6.410637694210671,51.41562464840611
0.010824844472142263,5.239781084938755,64.57610864282749
0.16312403638939546,3.5782452367446975,67.75798456523249
0.21259984863901887,6.30266824784784,54.0848678020778
0.37163217732557285,5.5403117381291995,60.28687361307499
0.16340431994472382,0.6212458882633136,78.01699206590976
0.11699732574368436,3.555558530564129,62.96516617067357
0.012680801301166542,6.451919845031063,58.63248259757015
0.12910990891845997,0.8001736088312876,66.50499409417452
0.023181452209757286,7.824704300979446,95.0857311313669
0.13316837623256597,2.948981931658129,77.72257789068796
0.12347898986908645,5.202723691138091,57.30019708582041
0.06538952745835079,0.0195100116058331,58.43652390044338
0.021598642851263655,4.0603857160777235,55.62337735852711
0.037390438670625345,2.930596157695221,93.66766252723879
0.029795840538598052,3.027915027166312,97.67159796701463
0.039206108597899206,3.290219784744079,77.50783949482181
0.09463885851693393,6.327701674378878,96.55137695868922
0.09177604426580951,7.933063763804682,87.4708705851971
0.01361810579368887,2.849031900765874,82.61142666391169
0.03362830453132575,6.072058044319348,64.79593467123061
0.04866939866521283,3.718436097140756,58.611030628898746
0.034724994014216866,4.816055190248797,97.68435307382846
0.04083927881407862,1.1910286797058016,68.66458459879678
0.06557324413588322,7.061786101233439,78.87511550160399
0.26848601855038007,6.108023983653977,66.34403213934115
0.02121621077818833,3.841534229908858,73.83013985111623
0.09844883124087156,6.326413752087199,65.70873116249669
0.012217809450441486,7.2381117349723745,95.41373091943538
0.15054708472783446,0.526856831994496,85.56338115727509
0.050546356459815936,0.5755491773165096,59.33560589601012
0.015060067109128245,7.767102277810335,61.22191843973214
0.08302083789999457,6.410637694210671,51.41562464840611
0.010824844472142263,5.239781084938755,64.57610864282749
0.17903086102794968,4.877420065095693,68.34394990313302
0.1274285663260993,5.590837783188189,74.96147836409972
0.37163217732557285,5.5403117381291995,60.28687361307499
0.1294045590695527,3.607511514053595,71.57445832694886
0.11699732574368436,3.555558530564129,62.96516617067357
0.012680801301166542,6.451919845031063,58.63248259757015
0.09603512392031294,1.5684212619029922,76.30007267424043
0.023181452209757286,7.824704300979446,95.0857311313669
0.07367977134032153,5.058557396984687,86.42383527719677
0.0790491479244111,6.364209673704675,74.03844754158946
0.06076643109694786,0.5001767887195334,64.25374709754342
0.023201032301454226,4.0910966437662495,56.57102058865189
0.037390438670625345,2.930596157695221,93.66766252723879
0.029795840538598052,3.027915027166312,97.67159796701463
0.038631383249726495,3.2659414689700084,77.579514234274
0.10676426373963493,6.942361855375873,98.86069885325651
0.09177604426580951,7.933063763804682,87.4708705851971
0.012279867277873105,2.1527655355885784,80.86584577934678
0.033071109541190115,5.6294756112860185,69.57566774127551
0.04866939866521283,3.718436097140756,58.611030628898746
0.034724994014216866,4.816055190248797,97.68435307382846
0.039009713571081295,1.8783580222099792,71.40213619330046
0.06557324413588322,7.061786101233439,78.87511550160399
0.280035944644652,6.032411239287665,66.5774732464594
0.02121621077818833,3.841534229908858,73.83013985111623
0.09710603505877595,6.649727460401415,70.08802842468194
0.012217809450441486,7.2381117349723745,95.41373091943538
0.15054708472783446,0.526856831994496,85.56338115727509
0.05308190391322862,1.0669111372226783,62.304622419498216
0.015060067109128245,7.767102277810335,61.22191843973214
0.06525004758864011,4.553538469871607,57.74104410168247
0.010824844472142263,5.239781084938755,64.57610864282749
0.2206268862763149,5.392245494653008,68.02989070320943
0.15366343060529192,5.082741617003789,78.16927674517108
0.37163217732557285,5.5403117381291995,60.28687361307499
0.12322162082811434,3.584245758781696,71.98348764068656
0.1753686170015554,5.232119844794486,58.51485828643051
0.012680801301166542,6.451919845031063,58.63248259757015
0.10074787533341062,3.9289130210077507,86.20977882925307
0.023181452209757286,7.824704300979446,95.0857311313669
0.07367977134032153,5.058557396984687,86.42383527719677
0.0790491479244111,6.364209673704675,74.03844754158946
0.06229704676196941,0.3410375363241127,62.32777968169097
0.025544520769520854,3.5651992611748464,56.111808956785126
0.037390438670625345,2.930596157695221,93.66766252723879
0.032837048262800136,3.1077487142756075,96.96418976349626
0.038631383249726495,3.2659414689700084,77.579514234274
0.10676426373963493,6.942361855375873,98.86069885325651
0.09177604426580951,7.933063763804682,87.4708705851971
0.017245462078046912,4.736293510310443,87.34290294160795
0.03488968615033035,5.406670934956811,68.29732032626511
0.04866939866521283,3.718436097140756,58.611030628898746
0.03399289630720239,4.15361705981022,97.40509192038985
0.03246743862290603,1.127660576124999,69.40984154106893
0.06557324413588322,7.061786101233439,78.87511550160399
0.3138289014153552,6.545787622610284,67.32619485412147
0.023210017616778496,3.392254432349984,67.04506189916432
0.09501369972672635,6.528649099659971,70.35608817303485
0.012217809450441486,7.2381117349723745,95.41373091943538
0.15054708472783446,0.526856831994496,85.56338115727509
0.04873257384616551,1.7237368582505352,65.82855811379255
0.022036534094740625,6.434881387279703,66.06332086053548
0.050866384022335495,4.794035311245841,54.20726875663748
0.010824844472142263,5.239781084938755,64.57610864282749
0.23519037992227698,5.223997467993351,68.51220521876557
0.169180117313024,4.938526180284475,80.26807903305117
0.28139783912751465,6.017957605978782,73.42807877149447
0.13734008053807314,3.0393738368781547,67.51127805772445
0.1470628744469042,4.007712008732597,59.46936498662648
0.01423904508036461,6.378581961436332,59.31059738676294
0.10654411822186186,1.3420352596736764,85.395051705325
0.023181452209757286,7.824704300979446,95.0857311313669
0.06504918145640792,4.925130818284259,87.27171382295482
0.1040247986396728,4.325106278635614,78.06433597097643
0.06229704676196941,0.3410375363241127,62.32777968169097
0.025544520769520854,3.5651992611748464,56.111808956785126
0.036981587531835995,2.7808638281108817,91.6530702788925
0.032837048262800136,3.1077487142756075,96.96418976349626
0.038631383249726495,3.2659414689700084,77.579514234274
0.10676426373963493,6.942361855375873,98.86069885325651
0.13130070580483175,7.995501209153406,83.0831371395594
0.017234406497067867,4.738784749224877,87.38052593361252
0.03488968615033035,5.406670934956811,68.29732032626511
0.045687365453972395,3.2415938739551615,60.59859341129728
0.029318785778780658,4.372748592387484,90.78190679168492
0.021834032794773812,1.4080692887358799,71.93439491433584
0.0643310875681791,6.91175237317905,79.56149526561842
0.3138289014153552,6.545787622610284,67.32619485412147
0.023210017616778496,3.392254432349984,67.04506189916432
0.09501369972672635,6.528649099659971,70.35608817303485
0.014716041981952234,6.549585570659356,88.04617131323147
0.15054708472783446,0.526856831994496,85.56338115727509
0.04873257384616551,1.7237368582505352,65.82855811379255
0.016243247009912164,6.369562089713999,64.21441141410193
0.03415820329796804,5.516853090596895,56.53523850576572
0.010692321453618063,5.245994025769827,64.38832436169776
0.36231568150249593,4.5597023098138365,73.80638989297532
0.169180117313024,4.938526180284475,80.26807903305117
0.30686172226644975,6.262896776333821,71.87598018568916
0.11555225103348238,3.6303850905829425,66.05982777856018
0.1470628744469042,4.007712008732597,59.46936498662648
0.01423904508036461,6.378581961436332,59.31059738676294
0.10654411822186186,1.3420352596736764,85.395051705325
0.034669735710750146,7.327392203006687,92.66689740143816
0.06241963009681309,4.776773689814183,88.06293317915532
0.1040247986396728,4.325106278635614,78.06433597097643
0.06229704676196941,0.3410375363241127,62.32777968169097
0.025544520769520854,3.5651992611748464,56.111808956785126
0.03744745318513581,2.917838975766688,87.67901075753491
0.032837048262800136,3.1077487142756075,96.96418976349626
0.03796865973639113,3.223850765779716,77.28745369363902
0.10676426373963493,6.942361855375873,98.86069885325651
0.13130070580483175,7.995501209153406,83.0831371395594
0.01250813447497804,5.2328497988968845,84.47749176104219
0.03488968615033035,5.406670934956811,68.29732032626511
0.04406000780237042,3.567900538790126,61.75889663945864
0.023660681200209206,4.638011709347504,82.76440830216899
0.021834032794773812,1.4080692887358799,71.93439491433584
0.0643310875681791,6.91175237317905,79.56149526561842
0.33295448840912256,6.393884388029257,65.6751580407244
0.023210017616778496,3.392254432349984,67.04506189916432
0.13917747133462835,5.946522432307744,54.25484109810894
0.014716041981952234,6.549585570659356,88.04617131323147
0.15054708472783446,0.526856831994496,85.56338115727509
0.04662169925324973,1.0216667550803598,63.97014335476407
0.016243247009912164,6.369562089713999,64.21441141410193
0.03735255240278642,6.240615969289101,56.69226563049116
0.010692321453618063,5.245994025769827,64.38832436169776
0.41889434110806495,4.736022229413526,75.9481616702583
0.11222959528358775,5.501038984518585,70.0831463032492
0.28658593134804455,6.1396270042833665,73.2186428653794
0.11928166053434222,3.6750432547523664,65.27981989903242
0.1470628744469042,4.007712008732597,59.46936498662648
0.01423904508036461,6.378581961436332,59.31059738676294
0.09357578369688122,1.0486537339176047,78.63428561818698
0.03868999581837031,7.271056934303296,90.89060865862551
0.06241963009681309,4.776773689814183,88.06293317915532
0.08644775356911294,4.032070413914357,77.85761340090201
0.06229704676196941,0.3410375363241127,62.32777968169097
0.025544520769520854,3.5651992611748464,56.111808956785126
0.03744745318513581,2.917838975766688,87.67901075753491
0.1319351670094069,4.248774566979685,87.89130469969294
0.038782592257337115,3.1635095226020282,77.6723668277376
0.10676426373963493,6.942361855375873,98.86069885325651
0.13130070580483175,7.995501209153406,83.0831371395594
0.01250813447497804,5.2328497988968845,84.47749176104219
0.027959247387878763,5.559287458952491,68.48956322240626
0.05409594384587635,3.0383179014382127,54.532626260115634
0.023660681200209206,4.638011709347504,82.76440830216899
0.021834032794773812,1.4080692887358799,71.93439491433584
0.0643310875681791,6.91175237317905,79.56149526561842
0.33295448840912256,6.393884388029257,65.6751580407244
0.022287827267098353,3.3239366611865484,71.36398532500338
0.1398630498133149,6.107236391075196,51.070711502220284
0.014716041981952234,6.549585570659356,88.04617131323147
0.15054708472783446,0.526856831994496,85.56338115727509
0.04662169925324973,1.0216667550803598,63.97014335476407
0.016194874173040455,6.359770898295515,64.21592695643062
0.03735255240278642,6.240615969289101,56.69226563049116
0.010692321453618063,5.245994025769827,64.38832436169776
0.3002134662803604,3.5518821461708447,72.12955795739259
0.11176753210898979,5.490720250260176,70.00867396157014
0.2743154440885574,6.150063445510519,72.80995302945921
0.08730251634474705,3.559282406837195,67.28578663811771
0.1470628744469042,4.007712008732597,59.46936498662648
0.01860167523279297,6.012965539773589,58.787613372698594
0.09357578369688122,1.0486537339176047,78.63428561818698
0.040917502446470404,7.338091444149562,91.15489560450492
0.08899590765655055,4.935632267332396,85.86364644126266
0.04878775156522347,4.11666719464267,78.86674894815577
0.06229704676196941,0.3410375363241127,62.32777968169097
0.025544520769520854,3.5651992611748464,56.111808956785126
0.014239457677289263,2.390105920895696,92.33071582765416
0.18818612547166133,5.137098307915194,85.76955249332197
0.038782592257337115,3.1635095226020282,77.6723668277376
0.10676426373963493,6.942361855375873,98.86069885325651
0.134469078648922,6.76599979896992,83.49143928428417
0.0414359462454881,4.810798227247686,79.27632759093252
0.027959247387878763,5.559287458952491,68.48956322240626
0.05409594384587635,3.0383179014382127,54.532626260115634
0.023660681200209206,4.638011709347504,82.76440830216899
0.021834032794773812,1.4080692887358799,71.93439491433584
0.0643310875681791,6.91175237317905,79.56149526561842
0.22064538925736882,5.042444180797657,61.18755050296745
0.022287827267098353,3.3239366611865484,71.36398532500338
0.1398630498133149,6.107236391075196,51.070711502220284
0.01281597855159644,6.627861389083291,88.58960654779249
0.14631187885275446,0.6766766220929661,85.47860812083724
0.04662169925324973,1.0216667550803598,63.97014335476407
0.016194874173040455,6.359770898295515,64.21592695643062
0.03735255240278642,6.240615969289101,56.69226563049116
0.010692321453618063,5.245994025769827,64.38832436169776
0.3002134662803604,3.5518821461708447,72.12955795739259
0.11176753210898979,5.490720250260176,70.00867396157014
0.26017494356482573,6.092705324546602,72.56626187622199
0.13327250265171808,1.748810090875728,69.2704032450178
0.17485823042578214,4.108929635299638,60.23735156844139
0.03128541603558431,5.485593036768688,61.36153314508796
0.09357578369688122,1.0486537339176047,78.63428561818698
0.0442003059272013,7.565317368411496,94.06205415101282
0.09221269943684013,4.9049773684931415,87.22939804789468
0.04529550894853334,4.301787913025782,80.72997566293174
0.08632180329082001,2.127020030363798,58.841093355190054
0.025210698427180715,3.3711282427447724,57.535323260611406
0.014239457677289263,2.390105920895696,92.33071582765416
0.19333453141469975,5.218402722136746,85.57535772815605
0.027133750419090493,3.2587425867669246,95.27473013088438
0.10676426373963493,6.942361855375873,98.86069885325651
0.134469078648922,6.76599979896992,83.49143928428417
0.03300517704870198,5.314883835559536,83.1146132930371
0.027959247387878763,5.559287458952491,68.48956322240626
0.05409594384587635,3.0383179014382127,54.532626260115634
0.03311301848424953,4.681069796834464,83.21278884361932
0.021834032794773812,1.4080692887358799,71.93439491433584
0.0643310875681791,6.91175237317905,79.56149526561842
0.22064538925736882,5.042444180797657,61.18755050296745
0.022287827267098353,3.3239366611865484,71.36398532500338
0.15651062183955822,6.702919794666985,50.39874671303109
0.01281597855159644,6.627861389083291,88.58960654779249
0.14631187885275446,0.6766766220929661,85.47860812083724
0.04662169925324973,1.0216667550803598,63.97014335476407
0.01578915956575861,6.383273482299085,64.29266835344242
0.03735255240278642,6.240615969289101,56.69226563049116
0.010692321453618063,5.245994025769827,64.38832436169776
0.3002134662803604,3.5518821461708447,72.12955795739259
0.10490117690597839,5.1987382512403695,68.16610218823647
0.16040534272164714,5.261173374504031,76.35671519416007
0.12090687839088768,3.2524590828278583,68.78909433258369
0.18208931054012348,4.146134407440818,59.71000433443721
0.03128541603558431,5.485593036768688,61.36153314508796
0.09357578369688122,1.0486537339176047,78.63428561818698
0.0442003059272013,7.565317368411496,94.06205415101282
0.09221269943684013,4.9049773684931415,87.22939804789468
0.04529550894853334,4.301787913025782,80.72997566293174
0.08632180329082001,2.127020030363798,58.841093355190054
0.025475556247108955,3.336925186517874,57.41030440107189
0.014239457677289263,2.390105920895696,92.33071582765416
0.24492054345919362,4.191119579784811,77.65880871311768
0.027133750419090493,3.2587425867669246,95.27473013088438
0.10676426373963493,6.942361855375873,98.86069885325651
0.134469078648922,6.76599979896992,83.49143928428417
0.03300517704870198,5.314883835559536,83.1146132930371
0.027959247387878763,5.559287458952491,68.48956322240626
0.05409594384587635,3.0383179014382127,54.532626260115634
0.035462427716810234,5.0705236229345925,90.84686013835442
0.021834032794773812,1.4080692887358799,71.93439491433584
0.06294746655806174,6.8966888079908575,79.12627831843662
0.22064538925736882,5.042444180797657,61.18755050296745
0.022287827267098353,3.3239366611865484,71.36398532500338
0.15651062183955822,6.702919794666985,50.39874671303109
0.013932483356739373,5.981610789482592,86.52756263920817
0.14631187885275446,0.6766766220929661,85.47860812083724
0.02329727685988542,0.32123171368599746,62.457065653338276
0.01578915956575861,6.383273482299085,64.29266835344242
0.0336199693908047,6.144938901669162,53.420646349347805
0.010692321453618063,5.245994025769827,64.38832436169776
0.3002134662803604,3.5518821461708447,72.12955795739259
0.10734842559382764,5.1776773376753145,67.67214038398879
0.18754796419659575,5.249730353955556,74.91694414602048
0.11228614791783209,2.4169994113605497,73.24194717269374
0.24191804518271967,3.330258273513906,53.155659634191935
0.03128541603558431,5.485593036768688,61.36153314508796
0.1058463534561124,0.8411777457438767,76.5159243230571
0.03734585629308655,7.280138439705313,86.87991679576336
0.07301393119968314,5.037894588175622,85.89512842018729
0.05160752960879626,4.469413634995239,81.90618080988445
0.08632180329082001,2.127020030363798,58.841093355190054
0.025475556247108955,3.336925186517874,57.41030440107189
0.014239457677289263,2.390105920895696,92.33071582765416
0.4232131285611589,5.5831165870768515,66.31894424629355
0.028680409298488217,3.8003740028358077,92.0714962546544
0.10676426373963493,6.942361855375873,98.86069885325651
0.2001089739869603,6.977679378493248,94.10996113915965
0.03443701029046104,6.051405324945683,86.16142700439109
0.03867926155393145,5.538493654621407,68.92130812223114
0.04073019554702803,2.877484898705336,53.99856238402107
0.03521128416211434,5.216976038445114,85.74533233872296
0.021834032794773812,1.4080692887358799,71.93439491433584
0.0461405605653075,5.378044488462214,85.47549760685229
0.20063887598607244,4.867614454977721,60.800351707431496
0.022287827267098353,3.3239366611865484,71.36398532500338
0.15651062183955822,6.702919794666985,50.39874671303109
0.013932483356739373,5.981610789482592,86.52756263920817
0.14631187885275446,0.6766766220929661,85.47860812083724
0.02329727685988542,0.32123171368599746,62.457065653338276
0.01748291609964112,6.145193864261888,63.593591167583725
0.0336199693908047,6.144938901669162,53.420646349347805
0.010692321453618063,5.245994025769827,64.38832436169776
0.23838845156712962,3.9964311776070645,69.65405087716343
0.10734842559382764,5.1776773376753145,67.67214038398879
0.2192637889724986,5.256549657954755,72.66252149188708
0.2009491977333417,4.50509372665596,83.98734124317613
0.31639253680733453,0.38932828900234906,55.55966247398989
0.03128541603558431,5.485593036768688,61.36153314508796
0.12371204278759743,0.15605581044938965,72.91445195675253
0.03734585629308655,7.280138439705313,86.87991679576336
0.062052217521042466,4.9932672096670245,91.71304363189837
0.065544089935727,5.013894229052674,86.9172120148088
0.04546306909289766,1.5147378441558605,57.36437654195745
0.025475556247108955,3.336925186517874,57.41030440107189
0.014239457677289263,2.390105920895696,92.33071582765416
0.3069991550882069,5.433946053832062,66.81681659028281
0.038314545882080914,3.809381008859544,91.04162287313997
0.10676426373963493,6.942361855375873,98.86069885325651
0.20249422501387515,6.791913381092704,92.58607709595671
0.034802334736119815,6.007235576386319,84.67678206410903
0.03867926155393145,5.538493654621407,68.92130812223114
0.045897248909263916,2.9299751873234574,54.96569873188919
0.0482165731893027,5.219772340294442,84.82089104124415
0.07987414172696296,2.411622705355761,75.84000680442705
0.0461405605653075,5.378044488462214,85.47549760685229
0.22461229818102368,3.8705537142800357,66.45119996460353
0.022633705007593048,3.337449587848365,71.48834916443357
0.15651062183955822,6.702919794666985,50.39874671303109
0.013932483356739373,5.981610789482592,86.52756263920817
0.10695211221249058,2.523959310130804,85.47738592363876
0.02329727685988542,0.32123171368599746,62.457065653338276
0.01748291609964112,6.145193864261888,63.593591167583725
0.0336199693908047,6.144938901669162,53.420646349347805
0.010692321453618063,5.245994025769827,64.38832436169776
0.23838845156712962,3.9964311776070645,69.65405087716343
0.10744826884380566,5.846228653054671,63.18646398482744
0.21951148658429867,5.192362073746132,72.37486572680432
0.2734192839284228,2.6297509952945077,72.54311696751
0.31639253680733453,0.38932828900234906,55.55966247398989
0.03128541603558431,5.485593036768688,61.36153314508796
0.12371204278759743,0.15605581044938965,72.91445195675253
0.03734585629308655,7.280138439705313,86.87991679576336
0.06123350989495311,4.958876502662706,91.29298436177267
0.065544089935727,5.013894229052674,86.9172120148088
0.04535045388432151,1.1476612492108564,57.98653259736456
0.034939137991563465,2.1148226312634217,52.94328055721774
0.014239457677289263,2.390105920895696,92.33071582765416
0.30536075354647524,6.313832528211546,68.78029888144621
0.038314545882080914,3.809381008859544,91.04162287313997
0.1054340990667681,6.916689200347499,98.1998505890837
0.20249422501387515,6.791913381092704,92.58607709595671
0.035631307947008355,6.4220944050306255,85.39481791779275
0.03867926155393145,5.538493654621407,68.92130812223114
0.045897248909263916,2.9299751873234574,54.96569873188919
0.05151845045653232,4.593955657663021,84.19548147567504
0.07987414172696296,2.411622705355761,75.84000680442705
0.0498617564708675,5.3511037059739515,91.51601681165661
0.39235690345863367,5.4233006458968696,78.39743741248682
0.022633705007593048,3.337449587848365,71.48834916443357
0.15651062183955822,6.702919794666985,50.39874671303109
0.013932483356739373,5.981610789482592,86.52756263920817
0.15265325432725085,0.5060611096237881,96.55985365666436
0.02329727685988542,0.32123171368599746,62.457065653338276
0.01748291609964112,6.145193864261888,63.593591167583725
0.04668408076042425,5.499861874996112,59.13155018811551
0.013086513191305375,5.230807716095975,64.83540520509202
0.2719082636258196,4.491101831802277,71.68004070623748
0.10744826884380566,5.846228653054671,63.18646398482744
0.2062865712733435,5.3693597410510945,72.55023914806738
0.24652079407369318,1.9979721919838824,71.21912562046991
0.34010478337017347,0.41803599268513975,53.423893363810635
0.03128541603558431,5.485593036768688,61.36153314508796
0.12371204278759743,0.15605581044938965,72.91445195675253
0.03557516154657582,7.452204159750563,86.55279401989897
0.06123350989495311,4.958876502662706,91.29298436177267
0.0634475656172248,4.791518176694417,83.50764991165137
0.04535045388432151,1.1476612492108564,57.98653259736456
0.03386043047102904,2.215029393514893,52.42075353376617
0.024491830711568283,4.822578727926757,89.5542707617252
0.19466161887658098,5.713782295360705,77.1522800407917
0.02319269421811152,3.140457937391086,93.332102988344
0.0788941815917817,6.950807638929588,99.73486905085704
0.14425293065018543,5.673310795911561,85.75434446879673
0.035631307947008355,6.4220944050306255,85.39481791779275
0.05110996316401134,4.989625743464359,71.93573715218062
0.045897248909263916,2.9299751873234574,54.96569873188919
0.05151845045653232,4.593955657663021,84.19548147567504
0.09045260169575793,3.003968731775422,72.32824124529483
0.04017357829770992,5.325105850526388,84.80624635502166
0.39235690345863367,5.4233006458968696,78.39743741248682
0.022633705007593048,3.337449587848365,71.48834916443357
0.15651062183955822,6.702919794666985,50.39874671303109
0.013932483356739373,5.981610789482592,86.52756263920817
0.1363858448297262,0.8603105748993038,93.42302975265716
0.02329727685988542,0.32123171368599746,62.457065653338276
0.0331614551837619,5.844925095062356,64.33193400758745
0.04770539874027403,5.308478433931428,64.42660316892336
0.013086513191305375,5.230807716095975,64.83540520509202
0.2719082636258196,4.491101831802277,71.68004070623748
0.17191681180340404,7.753180992675594,56.87610386341423
0.21245589740348786,5.384456751498478,72.57466978401465
0.18425792236214045,2.9511892701474403,71.44745632076024
0.34010478337017347,0.41803599268513975,53.423893363810635
0.02761755758971825,5.57735492236612,59.405136198188174
0.12371204278759743,0.15605581044938965,72.91445195675253
0.03557516154657582,7.452204159750563,86.55279401989897
0.06123350989495311,4.958876502662706,91.29298436177267
0.04327113468721665,4.967513209027159,76.02688377428193
0.04535045388432151,1.1476612492108564,57.98653259736456
0.03386043047102904,2.215029393514893,52.42075353376617
0.024491830711568283,4.822578727926757,89.5542707617252
0.19466161887658098,5.713782295360705,77.1522800407917
0.0238000133998982,3.926814280484982,91.56604531206963
0.0788941815917817,6.950807638929588,99.73486905085704
0.17770772956534342,7.333194735786582,94.10313326406387
0.027398208647883473,7.184024725734746,92.55370522839735
0.06784741835128758,4.570890813871313,80.86331893063374
0.045897248909263916,2.9299751873234574,54.96569873188919
0.029065839170923785,4.1429529651794725,91.42292461122236
0.030415405447056648,3.037748594934032,72.89196041379752
0.04017357829770992,5.325105850526388,84.80624635502166
0.39235690345863367,5.4233006458968696,78.39743741248682
0.019777852353948966,3.2174863815348846,70.02307958216957
0.09526166802902575,6.931148614596506,70.3964141964785
0.013932483356739373,5.981610789482592,86.52756263920817
0.1363858448297262,0.8603105748993038,93.42302975265716
0.02329727685988542,0.32123171368599746,62.457065653338276
0.0331614551837619,5.844925095062356,64.33193400758745
0.043722767138162505,5.299543026262899,64.47363264091344
0.013086513191305375,5.230807716095975,64.83540520509202
0.24245416820627194,4.556500649393737,74.42209452928988
0.17208193240836372,7.688931687520968,57.07106448072548
0.22549536562913802,5.615860426170482,74.04613126666759
0.14205751071874073,3.338974793880692,78.42671669768997
0.20460773012759853,2.308967769974345,68.93516952887673
0.02761755758971825,5.57735492236612,59.405136198188174
0.12517531579897312,0.2373666109910728,75.28230086986413
0.034965621175086496,5.590530630828331,74.41977973311242
0.06123350989495311,4.958876502662706,91.29298436177267
0.04327113468721665,4.967513209027159,76.02688377428193
0.039780726623315006,1.8525314784155305,63.54521344094373
0.03386043047102904,2.215029393514893,52.42075353376617
0.041502360193484494,4.650565293780094,86.48765954069924
0.19189800893882308,5.764929485419518,77.86322368358577
0.0238000133998982,3.926814280484982,91.56604531206963
0.07146329840059115,6.77111828620355,93.9824222672402
0.19271368415771492,7.9294708979732995,97.42772342786088
0.027398208647883473,7.184024725734746,92.55370522839735
0.07947924132597418,4.266536463359272,79.64129241589747
0.045897248909263916,2.9299751873234574,54.96569873188919
0.030809015395511008,4.361252879412168,96.82540488972577
0.0291980052511046,3.201359267149426,76.3284664367696
0.04017357829770992,5.325105850526388,84.80624635502166
0.3725110260079002,5.59988424677611,79.84954323472421
0.019702960837302087,3.204278893931717,69.62195556994017
0.09526166802902575,6.931148614596506,70.3964141964785
0.013932483356739373,5.981610789482592,86.52756263920817
0.1363858448297262,0.8603105748993038,93.42302975265716
0.02329727685988542,0.32123171368599746,62.457065653338276
0.03484071981392485,6.174407996505879,63.67187903607461
0.043722767138162505,5.299543026262899,64.47363264091344
0.013086513191305375,5.230807716095975,64.83540520509202
0.24245416820627194,4.556500649393737,74.42209452928988
0.17208193240836372,7.688931687520968,57.07106448072548
0.20706944209653158,5.242476767291535,73.00426881621797
0.20866788445313084,3.412303854751622,83.2200687220303
0.20460773012759853,2.308967769974345,68.93516952887673
0.02761755758971825,5.57735492236612,59.405136198188174
0.11404253832153441,0.8467379484827378,73.47048247113374
0.034965621175086496,5.590530630828331,74.41977973311242
0.0568731104171562,4.860359913962631,91.08953229631729
0.018049893061693842,4.0149297319026935,78.75829321671475
0.032401580864585194,3.0312993262529537,70.10620495061889
0.03386043047102904,2.215029393514893,52.42075353376617
0.04280655416103224,4.705891954952848,86.09728797616081
0.25429742657962984,5.011885715166054,82.68464551354982
0.0238000133998982,3.926814280484982,91.56604531206963
0.07146329840059115,6.77111828620355,93.9824222672402
0.20020684425914034,7.421349463825644,93.96203820447849
0.027398208647883473,7.184024725734746,92.55370522839735
0.06933045469568672,4.835053720961052,82.15747375443262
0.06781908386559116,3.24451007680904,57.419214741175814
0.02964501921656063,3.7063299103711707,89.83480880898111
0.027490198899243687,2.4939192981304625,76.89363362528928
0.040205722393128106,5.324460079193022,84.87127457754517
0.47622251206757094,6.115748764979753,77.36224336491036
0.019702960837302087,3.204278893931717,69.62195556994017
0.0971132818214617,6.908803113884694,70.5394830182246
0.013932483356739373,5.981610789482592,86.52756263920817
0.1363858448297262,0.8603105748993038,93.42302975265716
0.02329727685988542,0.32123171368599746,62.457065653338276
0.03631907484251346,6.924017331032402,63.82745874312696
0.04113867650761044,5.309204754776113,64.34427348068013
0.014135198664795717,5.103166987405344,67.45192020313182
0.24245416820627194,4.556500649393737,74.42209452928988
0.1759770273013473,7.751224787393761,56.14728190580121
0.20619548624241757,6.243132389529999,67.4187323123324
0.20866788445313084,3.412303854751622,83.2200687220303
0.20460773012759853,2.308967769974345,68.93516952887673
0.02761755758971825,5.57735492236612,59.405136198188174
0.11404253832153441,0.8467379484827378,73.47048247113374
0.041617879546051235,5.602458700841996,88.01265178461983
0.06459155213860288,5.276714757634354,86.92895331068655
0.018049893061693842,4.0149297319026935,78.75829321671475
0.03405972593616716,2.6252504947222537,58.238925551887036
0.03386043047102904,2.215029393514893,52.42075353376617
0.03678002580842332,4.547981460390599,85.86721888349615
0.25429742657962984,5.011885715166054,82.68464551354982
0.02789678485677249,3.073710043565777,93.65790740013546
0.07146329840059115,6.77111828620355,93.9824222672402
0.20020684425914034,7.421349463825644,93.96203820447849
0.027398208647883473,7.184024725734746,92.55370522839735
0.05294945263322476,4.819393166904954,82.11078649137471
0.06781908386559116,3.24451007680904,57.419214741175814
0.02964501921656063,3.7063299103711707,89.83480880898111
0.027490198899243687,2.4939192981304625,76.89363362528928
0.04574406867376282,6.963263075884451,92.21302875504723
0.47622251206757094,6.115748764979753,77.36224336491036
0.019702960837302087,3.204278893931717,69.62195556994017
0.0971132818214617,6.908803113884694,70.5394830182246
0.013275281486481737,6.295523312612487,87.767657446595
0.1363858448297262,0.8603105748993038,93.42302975265716
0.02329727685988542,0.32123171368599746,62.457065653338276
0.03634453707353307,6.915486183911309,63.830189104919555
0.04113867650761044,5.309204754776113,64.34427348068013
0.014135198664795717,5.103166987405344,67.45192020313182
0.334728947607488,4.9251376077628,67.73908857355796
0.17550520830792646,7.757648337492856,55.41092800414462
0.1924720078821155,6.123598848478033,68.89359835972189
0.21465671552242482,2.6275802717970773,88.24210751083072
0.20460773012759853,2.308967769974345,68.93516952887673
0.027847068016837277,5.614834588564118,58.940890057407074
0.10161049310062867,1.6077070899286072,71.91422138918531
0.050799002176126956,5.476723031485655,88.5051419576838
0.06459155213860288,5.276714757634354,86.92895331068655
0.018049893061693842,4.0149297319026935,78.75829321671475
0.03419454094876084,2.6541116134862,58.18608733570887
0.03386043047102904,2.215029393514893,52.42075353376617
0.03370804390735273,4.740741069487637,85.95600585348744
0.22950124552454013,5.875986620191144,74.10151316567614
0.02015363771226994,2.8280030400108656,95.66424269165705
0.07146329840059115,6.77111828620355,93.9824222672402
0.20004369233741165,7.414801497695462,93.93298326476385
0.027398208647883473,7.184024725734746,92.55370522839735
0.05294945263322476,4.819393166904954,82.11078649137471
0.06810162076520651,3.066611652107887,54.83594345241626
0.02964501921656063,3.7063299103711707,89.83480880898111
0.027490198899243687,2.4939192981304625,76.89363362528928
0.04574406867376282,6.963263075884451,92.21302875504723
0.3281571735522751,5.655671197932919,80.23771624443327
0.019702960837302087,3.204278893931717,69.62195556994017
0.0971132818214617,6.908803113884694,70.5394830182246
0.013275281486481737,6.295523312612487,87.767657446595
0.14214857331329564,2.0623618272251836,86.7311803050793
0.02329727685988542,0.32123171368599746,62.457065653338276
0.03634453707353307,6.915486183911309,63.830189104919555
0.047902243380363516,5.153681981097625,67.09383875322051
0.01355279020268434,5.301797686773693,67.22492649873995
0.41134830868404193,5.343677984410979,67.28114519011203
0.16820817114423292,7.498150151644772,56.470010470986566
0.1924720078821155,6.123598848478033,68.89359835972189
0.1728766718577163,3.3885581699760112,88.14367468113424
0.1938763988924664,0.7712636653809266,66.70801342187615
0.027847068016837277,5.614834588564118,58.940890057407074
0.10161049310062867,1.6077070899286072,71.91422138918531
0.06368638138203274,7.125907777347902,94.92511595868761
0.06864219580385572,5.306575906715853,91.7431120212502
0.025258794913593466,3.194255231934247,66.7495465385162
0.03419454094876084,2.6541116134862,58.18608733570887
0.03386043047102904,2.215029393514893,52.42075353376617
0.03370804390735273,4.740741069487637,85.95600585348744
0.2771569110472528,6.76775019743714,79.3826761429109
0.01928663681007657,3.3171624598224865,88.69691733532323
0.07146329840059115,6.77111828620355,93.9824222672402
0.20004369233741165,7.414801497695462,93.93298326476385
0.030061273030072392,6.920323775291378,89.24697733459767
0.05123216150076394,4.662534065874606,81.75887631964557
0.06297158051867738,3.0812037604893368,56.40319422674672
0.02150057865161681,3.3403449332303845,90.51203099433981
0.01893477230285769,0.3991775750376103,69.71356922510212
0.04574406867376282,6.963263075884451,92.21302875504723
0.3799618024450404,5.47701630839193,84.56890318171318
0.019702960837302087,3.204278893931717,69.62195556994017
0.0971132818214617,6.908803113884694,70.5394830182246
0.013241974219420333,6.414792664791715,90.2332456818533
0.1385798362120856,2.1310494272136777,85.5428225019322
0.02329727685988542,0.32123171368599746,62.457065653338276
0.038656519605325235,7.691566019939368,63.221343680485674
0.033369596591158436,4.156034358528887,50.50874583035209
0.01355279020268434,5.301797686773693,67.22492649873995
0.41134830868404193,5.343677984410979,67.28114519011203
0.16820817114423292,7.498150151644772,56.470010470986566
0.1929249980394285,5.185073434670381,74.98948270403139
0.1942719216600109,2.3944564025636765,93.11502137001906
0.17413852982124833,1.3470761932924136,65.78464365811597
0.024011739107214825,6.62795360104578,64.79691164043805
0.15871698816774554,0.42106414947632675,75.77708869778802
0.06368638138203274,7.125907777347902,94.92511595868761
0.06864219580385572,5.306575906715853,91.7431120212502
0.025258794913593466,3.194255231934247,66.7495465385162
0.03419454094876084,2.6541116134862,58.18608733570887
0.03386043047102904,2.215029393514893,52.42075353376617
0.03636568149041362,3.152338312840224,83.55766228124118
0.2771569110472528,6.76775019743714,79.3826761429109
0.01928663681007657,3.3171624598224865,88.69691733532323
0.07146329840059115,6.77111828620355,93.9824222672402
0.20004369233741165,7.414801497695462,93.93298326476385
0.030061273030072392,6.920323775291378,89.24697733459767
0.03754394371067615,3.235883641851646,73.48852750404097
0.06297158051867738,3.0812037604893368,56.40319422674672
0.040415404728145865,4.129263921088986,91.00598272779278
0.01893477230285769,0.3991775750376103,69.71356922510212
0.05129669069236932,7.984868946893591,99.11501569850785
0.3799618024450404,5.47701630839193,84.56890318171318
0.019702960837302087,3.204278893931717,69.62195556994017
0.0971132818214617,6.908803113884694,70.5394830182246
0.018827807339407795,6.448979030106746,90.59294678858473
0.14317911568559627,2.085319533544238,85.42121822191089
0.024001108010031844,0.3086562024109703,61.28632687514524
0.021431777192748816,7.9222132353472325,61.06499666000188
0.033369596591158436,4.156034358528887,50.50874583035209
0.01355279020268434,5.301797686773693,67.22492649873995
0.41134830868404193,5.343677984410979,67.28114519011203
0.16820817114423292,7.498150151644772,56.470010470986566
0.21402978984097326,5.794316866173114,76.70150964552818
0.1942719216600109,2.3944564025636765,93.11502137001906
0.17413852982124833,1.3470761932924136,65.78464365811597
0.023844851284442733,6.629478230207146,64.696746467883
0.16833536669111165,0.13446578638064377,77.7160240302293
0.06056532805522793,6.8581743171936465,94.48730848432366
0.0807081704221822,6.109994704510479,98.82580441157425
0.021858462356654035,3.1121471031023953,66.22070951499677
0.04573050751757003,3.9284672557803395,69.2662883214748
0.03386043047102904,2.215029393514893,52.42075353376617
0.03636568149041362,3.152338312840224,83.55766228124118
0.2771569110472528,6.76775019743714,79.3826761429109
0.01928663681007657,3.3171624598224865,88.69691733532323
0.019237296769801293,6.77197345038266,97.68932572956662
0.20004369233741165,7.414801497695462,93.93298326476385
0.030061273030072392,6.920323775291378,89.24697733459767
0.012491840113117325,1.5677771198963795,58.783014760583065
0.06297158051867738,3.0812037604893368,56.40319422674672
0.040415404728145865,4.129263921088986,91.00598272779278
0.01893477230285769,0.3991775750376103,69.71356922510212
0.05129669069236932,7.984868946893591,99.11501569850785
0.3799618024450404,5.47701630839193,84.56890318171318
0.019702960837302087,3.204278893931717,69.62195556994017
0.11626015692009097,6.920561728110558,63.94920478979221
0.02017314928608225,7.485424681647499,97.3472803180511
0.14317911568559627,2.085319533544238,85.42121822191089
0.024001108010031844,0.3086562024109703,61.28632687514524
0.021431777192748816,7.9222132353472325,61.06499666000188
0.037189715127864814,4.250720011617542,50.677634723099445
0.01355279020268434,5.301797686773693,67.22492649873995
0.41134830868404193,5.343677984410979,67.28114519011203
0.16820817114423292,7.498150151644772,56.470010470986566
0.21444357825881855,5.790372500155323,76.72331815907364
0.1942719216600109,2.3944564025636765,93.11502137001906
0.220899829016195,0.35562433116236036,70.94294580430585
0.024787914427351974,7.7431447417119195,63.72455440431445
0.10022319899266469,3.4770984161164438,83.39603396119584
0.06737077896692412,7.083472615099959,98.43376214995496
0.07910970046137046,6.031416364125595,98.5155812277068
0.020900997908654014,3.153071645932767,67.7315282953462
0.04582923284084804,3.950590985469018,69.44198254477698
0.035284164548668354,1.5875068982395941,50.67569724180761
0.04542954638255482,1.4402865730262775,76.79366168327037
0.2771569110472528,6.76775019743714,79.3826761429109
0.01911116113396469,3.334998584922639,90.975785315963
0.016739697089178024,6.859443520115563,98.2037510971528
0.20004369233741165,7.414801497695462,93.93298326476385
0.030061273030072392,6.920323775291378,89.24697733459767
0.012206728795359112,1.5368053305067297,58.87658295550017
0.06297158051867738,3.0812037604893368,56.40319422674672
0.05202918596337496,4.700179657656206,93.25992823810013
0.01893477230285769,0.3991775750376103,69.71356922510212
0.05129669069236932,7.984868946893591,99.11501569850785
0.37424804949512647,5.362367186284393,84.04744311115508
0.019702960837302087,3.204278893931717,69.62195556994017
0.16476432291842757,6.433263831036166,68.3941051729728
0.02017314928608225,7.485424681647499,97.3472803180511
0.1213947055394207,3.041680503846086,87.53332900592977
0.024001108010031844,0.3086562024109703,61.28632687514524
0.025871716579187833,5.891825877197731,57.73503926716036
0.037189715127864814,4.250720011617542,50.677634723099445
0.012806696758704338,5.139674598880271,67.4573765027557
0.41134830868404193,5.343677984410979,67.28114519011203
0.11725636721812221,7.493770203953813,70.53945574237709
0.22824424818998862,5.765792056147309,74.50105249612147
0.22579082819139185,1.3997619143947952,98.58076056471506
0.220899829016195,0.35562433116236036,70.94294580430585
0.024787914427351974,7.7431447417119195,63.72455440431445
0.09808124247243537,3.5211503702913833,82.97745694223835
0.06086563076772537,7.138872807430535,98.28401468636272
0.07910970046137046,6.031416364125595,98.5155812277068
0.020900997908654014,3.153071645932767,67.7315282953462
0.05216286231947446,5.293558618538159,81.5908193794892
0.035284164548668354,1.5875068982395941,50.67569724180761
0.04542954638255482,1.4402865730262775,76.79366168327037
0.26535578816087685,5.422670030125164,77.61226268992077
0.01911116113396469,3.334998584922639,90.975785315963
0.016739697089178024,6.859443520115563,98.2037510971528
0.20004369233741165,7.414801497695462,93.93298326476385
0.03381674305832447,6.852263180582198,89.95664257662949
0.012206728795359112,1.5368053305067297,58.87658295550017
0.06297158051867738,3.0812037604893368,56.40319422674672
0.05164409157230381,4.757156083988432,94.55702289770511
0.01893477230285769,0.3991775750376103,69.71356922510212
0.049662013670614166,7.55216617283717,93.50222695350362
0.4047019445433943,5.156911925882074,83.16035937045277
0.019380696185330143,2.0275039750854296,69.66038863861125
0.1573750091200477,6.0411174513778265,71.69654957107161
0.019753213910032635,5.082468325218589,87.97665003610919
0.14071357468998685,2.9862798657400136,86.88313289279503
0.024001108010031844,0.3086562024109703,61.28632687514524
0.025871716579187833,5.891825877197731,57.73503926716036
0.037189715127864814,4.250720011617542,50.677634723099445
0.014657143630566251,4.341102643736684,66.43729610521248
0.45171559268731515,6.201661072243014,60.47203967916571
0.11725636721812221,7.493770203953813,70.53945574237709
0.2166781599014707,5.577919580417363,73.23453075646538
0.19283623636304276,2.0350971300517164,97.81933008938721
0.220899829016195,0.35562433116236036,70.94294580430585
0.024787914427351974,7.7431447417119195,63.72455440431445
0.1189983774171468,4.004492996604554,88.84789756402508
0.06086563076772537,7.138872807430535,98.28401468636272
0.07910970046137046,6.031416364125595,98.5155812277068
0.012576720853317673,0.768919987755897,53.40730567249311
0.04706136137785594,5.7500550459721875,78.26132381466704
0.035284164548668354,1.5875068982395941,50.67569724180761
0.04542954638255482,1.4402865730262775,76.79366168327037
0.2565029882502923,4.522530092293923,82.30403834833774
0.02103650201347795,4.830075710860484,81.73319431727174
0.014489677619126548,6.889314886509291,98.19250171720796
0.18803417468554684,7.2594400130002334,93.53621972143158
0.03381674305832447,6.852263180582198,89.95664257662949
0.012206728795359112,1.5368053305067297,58.87658295550017
0.08060691104267942,2.6213260373081013,52.74063051834516
0.05164409157230381,4.757156083988432,94.55702289770511
0.01893477230285769,0.3991775750376103,69.71356922510212
0.05342582295186901,7.8629600447133985,94.19758142618248
0.4047019445433943,5.156911925882074,83.16035937045277
0.019380696185330143,2.0275039750854296,69.66038863861125
0.1573750091200477,6.0411174513778265,71.69654957107161
0.019753213910032635,5.082468325218589,87.97665003610919
0.18575912731659408,1.8466089485220687,98.31617661899486
0.024001108010031844,0.3086562024109703,61.28632687514524
0.025871716579187833,5.891825877197731,57.73503926716036
0.036651246487459065,4.666036054640738,56.948221469540925
0.014657143630566251,4.341102643736684,66.43729610521248
0.2609261904631403,3.5729848952654573,60.835266487995796
0.11725636721812221,7.493770203953813,70.53945574237709
0.2166781599014707,5.577919580417363,73.23453075646538
0.14066101941035306,3.2402972490381727,85.29327621427745
0.3074459370716733,0.18392407731227867,78.22798210706338
0.024787914427351974,7.7431447417119195,63.72455440431445
0.1189983774171468,4.004492996604554,88.84789756402508
0.06086563076772537,7.138872807430535,98.28401468636272
0.07910970046137046,6.031416364125595,98.5155812277068
0.012576720853317673,0.768919987755897,53.40730567249311
0.059728512379240234,4.695903349092408,67.07592268093758
0.035284164548668354,1.5875068982395941,50.67569724180761
0.04542954638255482,1.4402865730262775,76.79366168327037
0.2768408674505976,4.0885610521972175,84.0223325382324
0.016924859057217183,4.179500120232419,79.0875569624585
0.014489677619126548,6.889314886509291,98.19250171720796
0.17894074604699017,7.235430836931104,93.32515000655559
0.03381674305832447,6.852263180582198,89.95664257662949
0.011472810266483096,1.1257266691092012,55.73270869025326
0.08060691104267942,2.6213260373081013,52.74063051834516
0.05164409157230381,4.757156083988432,94.55702289770511
0.01893477230285769,0.3991775750376103,69.71356922510212
0.05342582295186901,7.8629600447133985,94.19758142618248
0.390758365172305,5.2206493429780725,83.41586839031734
0.019380696185330143,2.0275039750854296,69.66038863861125
0.1291372081037213,6.037617339052643,81.37274573447434
0.019753213910032635,5.082468325218589,87.97665003610919
0.16410820777194968,2.2995521514287254,97.89062690965426
0.024001108010031844,0.3086562024109703,61.28632687514524
0.025871716579187833,5.891825877197731,57.73503926716036
0.030992585408596895,4.929263129233235,57.48988842856035
0.013270576804583174,4.312756562039008,64.90269518030523
0.3441506785213375,4.105480269564437,57.79457108925948
0.11725636721812221,7.493770203953813,70.53945574237709
0.22358610329417872,5.444804019944364,73.42178774644663
0.13395314261626684,3.46706299897321,85.58605078370107
0.18417175836308464,0.27589694140405135,74.58996949825965
0.024787914427351974,7.7431447417119195,63.72455440431445
0.08594295183406375,2.8523619456925076,83.43177375841694
0.06086563076772537,7.138872807430535,98.28401468636272
0.07910970046137046,6.031416364125595,98.5155812277068
0.03585617943785474,0.7020339649703207,56.28105396031312
0.0496172812915945,4.778015009035609,63.702911340851216
0.035284164548668354,1.5875068982395941,50.67569724180761
0.04542954638255482,1.4402865730262775,76.79366168327037
0.2768408674505976,4.0885610521972175,84.0223325382324
0.015528722764944242,4.182970502596783,79.19199362680651
0.014489677619126548,6.889314886509291,98.19250171720796
0.27628422802515923,6.7487486431154995,92.64853315431661
0.03381674305832447,6.852263180582198,89.95664257662949
0.011472810266483096,1.1257266691092012,55.73270869025326
0.08060691104267942,2.6213260373081013,52.74063051834516
0.040888082847881285,4.877351118838938,95.46873031361243
0.02368543750018271,1.3682479646031198,75.2869494760557
0.05342582295186901,7.8629600447133985,94.19758142618248
0.390758365172305,5.2206493429780725,83.41586839031734
0.033233204090204346,2.956101876421139,76.35256086351231
0.1291372081037213,6.037617339052643,81.37274573447434
0.019753213910032635,5.082468325218589,87.97665003610919
0.1670958111594667,2.1683812577697616,97.86866045757488
0.024001108010031844,0.3086562024109703,61.28632687514524
0.025871716579187833,5.891825877197731,57.73503926716036
0.03048847014671409,5.321806354594289,58.29032520544621
0.019795284737752536,4.483077073951496,68.23375811172367
0.1865940597277562,3.0973855049670105,63.551070131597626
0.11356610884902762,6.946784336734957,72.0588040431677
0.12723653174763982,5.273531910480948,80.30171153973087
0.09227562351157086,2.269863146550835,76.37519615000025
0.1664742489330618,0.32674503199369753,72.40528864588845
0.024507512002508888,6.121762497445456,66.66531763954563
0.08535701780071862,2.7655122990535483,83.67301374459079
0.06086563076772537,7.138872807430535,98.28401468636272
0.07910970046137046,6.031416364125595,98.5155812277068
0.03585617943785474,0.7020339649703207,56.28105396031312
0.05864726285237105,4.935640944341239,59.59988869980348
0.035284164548668354,1.5875068982395941,50.67569724180761
0.034898481106943643,1.3427315291634832,70.26198944074685
0.22145869570023974,4.63273194953064,88.08172084996401
0.015528722764944242,4.182970502596783,79.19199362680651
0.014489677619126548,6.889314886509291,98.19250171720796
0.27628422802515923,6.7487486431154995,92.64853315431661
0.03381674305832447,6.852263180582198,89.95664257662949
0.01577290837680896,1.1866143895611962,56.83124372577048
0.08973331530045042,2.7098413931839156,50.218564555113126
0.040888082847881285,4.877351118838938,95.46873031361243
0.02368543750018271,1.3682479646031198,75.2869494760557
0.05342582295186901,7.8629600447133985,94.19758142618248
0.35039183506428895,4.800846314933027,79.48828185527503
0.042090530224472775,5.496076499066966,90.80719249768325
0.1291372081037213,6.037617339052643,81.37274573447434
0.019753213910032635,5.082468325218589,87.97665003610919
0.1675415837455394,2.057794742177818,98.43188353210886
0.023819123474772417,0.2619347141427797,61.08277896053964
0.024709281672634163,6.035348935294666,57.595225922492766
0.03048847014671409,5.321806354594289,58.29032520544621
0.019795284737752536,4.483077073951496,68.23375811172367
0.1865940597277562,3.0973855049670105,63.551070131597626
0.15107717937875637,6.142256566670344,77.62949967641417
0.12723653174763982,5.273531910480948,80.30171153973087
0.11954179523934594,0.10842697191059258,89.9767635400585
0.1609297041574933,0.493440247309211,73.17546294124408
0.02733956029498065,6.740850999802684,53.97054727596699
0.0840893310677425,1.9887529560884007,79.91773915070912
0.0902505409638956,5.763958001873452,98.16912128537703
0.07910970046137046,6.031416364125595,98.5155812277068
0.04577812299738445,1.9245432571692485,65.9692501093081
0.05864726285237105,4.935640944341239,59.59988869980348
0.06256776089142488,1.349933220980624,55.56146180663986
0.03364183512248691,1.3224259479646756,70.12810099072327
0.35183138112040774,3.5087089910678575,78.05855204375655
0.015528722764944242,4.182970502596783,79.19199362680651
0.014489677619126548,6.889314886509291,98.19250171720796
0.25765711368371563,6.273249774006553,90.33293073776557
0.03381674305832447,6.852263180582198,89.95664257662949
0.01573278029683828,1.6790185767134602,60.505882675137556
0.08973331530045042,2.7098413931839156,50.218564555113126
0.027569889846107032,4.7244661654851905,97.62489933676798
0.02500892209579585,1.4015733948871216,74.72876330262709
0.05342582295186901,7.8629600447133985,94.19758142618248
0.387819715658985,5.651766122497119,80.73536712450239
0.042090530224472775,5.496076499066966,90.80719249768325
0.16567220039375347,5.6143871876061375,77.39056503938268
0.02096645281442172,5.31573225193606,80.53931716033034
0.20570209090983993,0.34308042488470836,98.39576594200578
0.023819123474772417,0.2619347141427797,61.08277896053964
0.024709281672634163,6.035348935294666,57.595225922492766
0.03048847014671409,5.321806354594289,58.29032520544621
0.017810213105123852,3.8560170902125614,72.53132865185631
0.12123270049078838,3.5121703601113783,69.52721958138662
0.14693584143213084,5.91802471809205,76.59694060869477
0.12745190773755677,5.272968986089785,80.27513802693642
0.11954179523934594,0.10842697191059258,89.9767635400585
0.1609297041574933,0.493440247309211,73.17546294124408
0.02733956029498065,6.740850999802684,53.97054727596699
0.12801891288283535,3.4015523035261457,86.12970528540967
0.0902505409638956,5.763958001873452,98.16912128537703
0.07910970046137046,6.031416364125595,98.5155812277068
0.04577812299738445,1.9245432571692485,65.9692501093081
0.0616826960616909,4.905022128650038,57.9130821670021
0.06256776089142488,1.349933220980624,55.56146180663986
0.03437703587350981,0.38997838760583825,72.88805479075667
0.35183138112040774,3.5087089910678575,78.05855204375655
0.015528722764944242,4.182970502596783,79.19199362680651
0.014489677619126548,6.889314886509291,98.19250171720796
0.2561511634948185,6.261706156556984,90.21710150113822
0.03308898481529653,6.849244244273507,89.96456944528501
0.01573278029683828,1.6790185767134602,60.505882675137556
0.08806910771629209,2.497218395602033,58.97578101202723
0.027569889846107032,4.7244661654851905,97.62489933676798
0.023873870640334048,1.9937137316840197,77.26055638882387
0.05222254133517939,6.928615366546104,89.75616343834668
0.387819715658985,5.651766122497119,80.73536712450239
0.042090530224472775,5.496076499066966,90.80719249768325
0.10164811082900688,3.198606691369236,70.03019486488937
0.02393545544873546,6.688852977759791,88.07224911957707
0.1313300079945244,0.3634387967020449,87.32288691495198
0.023819123474772417,0.2619347141427797,61.08277896053964
0.024709281672634163,6.035348935294666,57.595225922492766
0.03133904201383414,5.238470149288888,56.16893581188798
0.017810213105123852,3.8560170902125614,72.53132865185631
0.12123270049078838,3.5121703601113783,69.52721958138662
0.20283818085943478,6.810729379505107,78.35706539984247
0.1710048516755529,6.674046172076252,87.98204811258583
0.11954179523934594,0.10842697191059258,89.9767635400585
0.1609297041574933,0.493440247309211,73.17546294124408
0.021705873209784527,6.805941016751142,73.35847943863877
0.17364232701146115,4.432944732056822,96.37324403749427
0.08932037634233303,5.822139652040866,98.46562966682062
0.07910970046137046,6.031416364125595,98.5155812277068
0.04345894549058861,1.4899349511009015,67.14398667137881
0.0616826960616909,4.905022128650038,57.9130821670021
0.062484003908518784,1.326229416361004,55.343971745641625
0.03437703587350981,0.38997838760583825,72.88805479075667
0.24971411892726958,3.1171038952745587,70.67053438805068
0.01274510382099955,4.913221986652995,79.8362464746852
0.014489677619126548,6.889314886509291,98.19250171720796
0.2097402920688225,6.115659294717012,84.42923653821897
0.03308898481529653,6.849244244273507,89.96456944528501
0.01573278029683828,1.6790185767134602,60.505882675137556
0.08806910771629209,2.497218395602033,58.97578101202723
0.027569889846107032,4.7244661654851905,97.62489933676798
0.02941530136974713,0.539980984696002,75.9780236138142
0.05222254133517939,6.928615366546104,89.75616343834668
0.29933693877574985,5.570716795680413,80.68808106493924
0.04072678436570501,5.423608593410935,91.44749617753658
0.08963144724831923,2.7451895212787765,68.64872903198957
0.02393545544873546,6.688852977759791,88.07224911957707
0.1359938868773019,0.09704598338643589,89.41154439006465
0.022253293128052798,0.06992200431678786,61.213860289905156
0.024709281672634163,6.035348935294666,57.595225922492766
0.03133904201383414,5.238470149288888,56.16893581188798
0.017810213105123852,3.8560170902125614,72.53132865185631
0.10491669200086513,3.225517631074286,61.169595380920995
0.20851011334123773,6.582536864045628,78.26679835200166
0.16193588620821076,6.610626204215207,89.0215833525626
0.10417667315314397,0.8795973142092852,91.25448568516187
0.1609297041574933,0.493440247309211,73.17546294124408
0.022414713845695548,7.342698817945113,73.50898489187267
0.13969831415901626,4.927151193566395,93.94718734988615
0.09321137804530841,4.527642046181521,96.57696428335731
0.07910970046137046,6.031416364125595,98.5155812277068
0.04345894549058861,1.4899349511009015,67.14398667137881
0.0616826960616909,4.905022128650038,57.9130821670021
0.05879394172660099,1.354074975006059,55.751400061648354
0.03437703587350981,0.38997838760583825,72.88805479075667
0.24971411892726958,3.1171038952745587,70.67053438805068
0.026745974432623776,4.910876036521889,73.56410735186935
0.014489677619126548,6.889314886509291,98.19250171720796
0.13764584923061152,3.886487288952845,81.05041763613556
0.03881555913406811,6.3959495234794055,86.73686476497178
0.01573278029683828,1.6790185767134602,60.505882675137556
0.08806910771629209,2.497218395602033,58.97578101202723
0.027569889846107032,4.7244661654851905,97.62489933676798
0.02941530136974713,0.539980984696002,75.9780236138142
0.0247140412434724,7.494026971379215,88.25701763394059
0.2549284954604482,4.715038015403671,77.52806418460975
0.01877053732554193,5.075923244713604,87.40432704792617
0.1251282495574664,1.6241256651218858,70.90242478345253
0.023854378880066952,6.732674305885036,87.85914963376425
0.1359938868773019,0.09704598338643589,89.41154439006465
0.022253293128052798,0.06992200431678786,61.213860289905156
0.024409010796186324,6.2802732729117094,68.22494309799212
0.03133904201383414,5.238470149288888,56.16893581188798
0.017810213105123852,3.8560170902125614,72.53132865185631
0.13486906154464173,2.1762242399116745,62.504395176435004
0.17846707969835793,6.493096652033514,74.88794124720519
0.2503912949475229,6.764859985042063,90.66303218008194
0.10417667315314397,0.8795973142092852,91.25448568516187
0.17614143694120193,1.5856895023517357,73.99810475141481
0.019161920908330386,7.530468372766582,70.8854887567048
0.13969831415901626,4.927151193566395,93.94718734988615
0.09321137804530841,4.527642046181521,96.57696428335731
0.08693620672450826,5.894989173661623,97.1174188913495
0.04345894549058861,1.4899349511009015,67.14398667137881
0.0616826960616909,4.905022128650038,57.9130821670021
0.05879394172660099,1.354074975006059,55.751400061648354
0.03437703587350981,0.38997838760583825,72.88805479075667
0.20700757890146743,3.8019735405674946,75.6673280579387
0.024858984334342277,4.35713268554438,71.32672368621125
0.014489677619126548,6.889314886509291,98.19250171720796
0.13764584923061152,3.886487288952845,81.05041763613556
0.03881555913406811,6.3959495234794055,86.73686476497178
0.01568215712688649,1.6788073049956806,60.5050334708738
0.14496054607505363,3.1407203015189564,57.77237896557402
0.027569889846107032,4.7244661654851905,97.62489933676798
0.029711536771812343,0.21009057545663357,75.34510521762382
0.0247140412434724,7.494026971379215,88.25701763394059
0.2721553689325761,5.488717438225086,78.32575221713374
0.01877053732554193,5.075923244713604,87.40432704792617
0.14892646030113432,2.2571167157661147,72.28734296986075
0.023854378880066952,6.732674305885036,87.85914963376425
0.1575954493160288,1.0469043848095425,88.94434853032992
0.022253293128052798,0.06992200431678786,61.213860289905156
0.024409010796186324,6.2802732729117094,68.22494309799212
0.03189856812770789,5.365680915181953,56.01397779245897
0.017810213105123852,3.8560170902125614,72.53132865185631
0.16419520652226,1.2634914701394857,56.44481376975443
0.15627485437307112,6.128825487796181,74.56241219370507
0.19420291814584148,6.644372041146275,85.0840116440746
0.10417667315314397,0.8795973142092852,91.25448568516187
0.17894142406027985,1.4460505732996904,75.45514532774318
0.019161920908330386,7.530468372766582,70.8854887567048
0.13969831415901626,4.927151193566395,93.94718734988615
0.09321137804530841,4.527642046181521,96.57696428335731
0.08693620672450826,5.894989173661623,97.1174188913495
0.04345894549058861,1.4899349511009015,67.14398667137881
0.0616826960616909,4.905022128650038,57.9130821670021
0.05879394172660099,1.354074975006059,55.751400061648354
0.03437703587350981,0.38997838760583825,72.88805479075667
0.19904869171559048,3.855837657273188,76.16358240872961
0.01362625554264698,2.7175598462668114,57.838070782673654
0.01902542896923331,5.781685499880239,86.44084923720638
0.21484661804957675,3.5643381939195704,87.70612749547848
0.038193438004442234,6.303481473050479,87.33920120167127
0.01568215712688649,1.6788073049956806,60.5050334708738
0.14881263560042934,2.9486116834931675,59.77690630924632
0.03021577871499954,4.438863240892528,94.0765890131219
0.029711536771812343,0.21009057545663357,75.34510521762382
0.024829982319695795,7.955370785816425,95.871143703483
0.2438710406344854,4.746978695445577,76.93977589514172
0.02086302848353801,5.061585220358248,85.56119907972625
0.23808558885866588,2.905669568325984,76.63538479351891
0.023854378880066952,6.732674305885036,87.85914963376425
0.1575954493160288,1.0469043848095425,88.94434853032992
0.022253293128052798,0.06992200431678786,61.213860289905156
0.026600419671612557,6.213145526100991,68.94374549440484
0.03189856812770789,5.365680915181953,56.01397779245897
0.017810213105123852,3.8560170902125614,72.53132865185631
0.16419520652226,1.2634914701394857,56.44481376975443
0.11278892265716792,5.545848161588879,81.2941144232453
0.12685733994403467,6.985290287370031,79.6212472142991
0.12042328602869509,0.9835148774430749,81.8317418727384
0.17894142406027985,1.4460505732996904,75.45514532774318
0.019161920908330386,7.530468372766582,70.8854887567048
0.14465657839954518,4.132445332469409,99.47883903744784
0.11141860693351782,3.614975069045655,96.76489605508286
0.08693620672450826,5.894989173661623,97.1174188913495
0.04981314707000649,0.07501017411148503,54.22145936067633
0.0616826960616909,4.905022128650038,57.9130821670021
0.05879394172660099,1.354074975006059,55.751400061648354
0.03437703587350981,0.38997838760583825,72.88805479075667
0.1466420726197167,4.210514910663601,79.43125188678411
0.014380887795601371,2.7225238987280713,57.97212833295866
0.025796985718821712,5.027777097089746,81.2152239297224
0.18146932093883608,3.821649657725885,87.65475313523571
0.045043611597930175,7.303359488134662,95.56512881418975
0.01568215712688649,1.6788073049956806,60.5050334708738
0.14881263560042934,2.9486116834931675,59.77690630924632
0.03021577871499954,4.438863240892528,94.0765890131219
0.029711536771812343,0.21009057545663357,75.34510521762382
0.024829982319695795,7.955370785816425,95.871143703483
0.3956489946395178,3.686566039888304,82.96687540033588
0.0201350497884229,7.675349793027927,98.31009835704722
0.3242168479538176,2.5340682108976704,78.24013757929599
0.023854378880066952,6.732674305885036,87.85914963376425
0.15582000461067666,0.9886388483844086,97.6872651428673
0.022253293128052798,0.06992200431678786,61.213860289905156
0.026600419671612557,6.213145526100991,68.94374549440484
0.03161580095878165,5.3578889737381665,56.77107571267273
0.017810213105123852,3.8560170902125614,72.53132865185631
0.17770301777788464,1.024263760154707,54.96041566503182
0.10450863751041783,5.656348069465175,81.90535456945662
0.12685733994403467,6.985290287370031,79.6212472142991
0.12042328602869509,0.9835148774430749,81.8317418727384
0.17894142406027985,1.4460505732996904,75.45514532774318
0.018162548082258662,5.849897096722804,67.90426773525732
0.14370771444546815,4.28452834158476,98.42024582050449
0.10153093232387925,4.1998295854332115,96.55949519188675
0.08693620672450826,5.894989173661623,97.1174188913495
0.04879204475920258,0.1513073800320761,54.329547775953436
0.05841749053665022,4.77702226723911,52.84407538267515
0.05118881332657396,2.5019411632021717,58.86784941261575
0.03437703587350981,0.38997838760583825,72.88805479075667
0.14254261709711716,4.164394403127172,78.76612309121298
0.014380887795601371,2.7225238987280713,57.97212833295866
0.025796985718821712,5.027777097089746,81.2152239297224
0.23444438936052842,2.469677090520914,84.58309827737651
0.045043611597930175,7.303359488134662,95.56512881418975
0.01568215712688649,1.6788073049956806,60.5050334708738
0.16251096059480685,2.6410303143102083,60.06993151927159
0.03021577871499954,4.438863240892528,94.0765890131219
0.029711536771812343,0.21009057545663357,75.34510521762382
0.06490646078390301,5.94647208526432,96.28480597183491
0.3956489946395178,3.686566039888304,82.96687540033588
0.0201350497884229,7.675349793027927,98.31009835704722
0.3761043024164984,2.922671211408137,79.23484235976363
0.023854378880066952,6.732674305885036,87.85914963376425
0.09942659560197953,0.7106441272977788,86.17147277529087
0.022253293128052798,0.06992200431678786,61.213860289905156
0.026600419671612557,6.213145526100991,68.94374549440484
0.03161580095878165,5.3578889737381665,56.77107571267273
0.017810213105123852,3.8560170902125614,72.53132865185631
0.16964783980378248,1.3004938746468646,55.716865877407145
0.10111067816077601,5.789639351756826,82.1858138079613
0.11662560262497633,6.597515734492626,77.65187412907216
0.14724393464695837,0.5436780698922719,87.86640651236064
0.17894142406027985,1.4460505732996904,75.45514532774318
0.018911862808120378,6.469568514272073,69.87226532079195
0.09366980762168707,5.160637884751862,86.97370196900813
0.11019279634542076,4.192345505410395,92.80144988180236
0.08693620672450826,5.894989173661623,97.1174188913495
0.04879204475920258,0.1513073800320761,54.329547775953436
0.05582037666540961,4.796986361925031,55.1028725363689
0.05118881332657396,2.5019411632021717,58.86784941261575
0.03437703587350981,0.38997838760583825,72.88805479075667
0.13408225645314384,4.2093736385165865,78.74914456133426
0.014380887795601371,2.7225238987280713,57.97212833295866
0.025796985718821712,5.027777097089746,81.2152239297224
0.28879019749729395,1.490857172528738,88.67238346086623
0.045043611597930175,7.303359488134662,95.56512881418975
0.01568215712688649,1.6788073049956806,60.5050334708738
0.14847632519660914,3.137285881433014,63.83943716172728
0.027898923743634743,4.379384976629364,93.95238046837564
0.029711536771812343,0.21009057545663357,75.34510521762382
0.06490646078390301,5.94647208526432,96.28480597183491
0.3956489946395178,3.686566039888304,82.96687540033588
0.0201350497884229,7.675349793027927,98.31009835704722
0.3657159596137264,2.8448693376162355,79.0356933678915
0.023854378880066952,6.732674305885036,87.85914963376425
0.09942659560197953,0.7106441272977788,86.17147277529087
0.022253293128052798,0.06992200431678786,61.213860289905156
0.026600419671612557,6.213145526100991,68.94374549440484
0.05099369029361567,5.212133232103427,58.06242887677227
0.017810213105123852,3.8560170902125614,72.53132865185631
0.16964783980378248,1.3004938746468646,55.716865877407145
0.09095442439163696,6.0638417807937826,84.60940624449788
0.08247239052643585,4.2351883277752345,71.70297899107497
0.11007508216116123,0.43818320553192447,83.90662683315519
0.16973756833346695,1.6965481949565921,73.93372079109362
0.018911862808120378,6.469568514272073,69.87226532079195
0.09366980762168707,5.160637884751862,86.97370196900813
0.11019279634542076,4.192345505410395,92.80144988180236
0.07518452558541358,4.664126312289532,91.69998637666238
0.04879204475920258,0.1513073800320761,54.329547775953436
0.05582037666540961,4.796986361925031,55.1028725363689
0.05118881332657396,2.5019411632021717,58.86784941261575
0.03437703587350981,0.38997838760583825,72.88805479075667
0.156680678303819,4.225481534363875,65.4562563095917
0.014380887795601371,2.7225238987280713,57.97212833295866
0.025796985718821712,5.027777097089746,81.2152239297224
0.28879019749729395,1.490857172528738,88.67238346086623
0.03902031597689926,6.591208405790726,91.07427832456482
0.034706905429917764,2.787106287258974,66.59731209731272
0.14847632519660914,3.137285881433014,63.83943716172728
0.026380594942011663,4.193288423510508,89.91112378605327
0.029711536771812343,0.21009057545663357,75.34510521762382
0.057754205945280385,3.3743345197404153,77.66329973932883
0.3956489946395178,3.686566039888304,82.96687540033588
0.0201350497884229,7.675349793027927,98.31009835704722
0.3657159596137264,2.8448693376162355,79.0356933678915
0.023854378880066952,6.732674305885036,87.85914963376425
0.12465498245918313,0.8350089864385395,91.32322490241704
0.022253293128052798,0.06992200431678786,61.213860289905156
0.026600419671612557,6.213145526100991,68.94374549440484
0.048585648668980595,5.419250675981388,59.53895631385437
0.06602008689467395,2.4928954298762673,81.0104984978197
0.16964783980378248,1.3004938746468646,55.716865877407145
0.08928385947057249,6.619513160287629,83.1548382643028
0.09214953882910332,5.408582504155604,76.69477068932079
0.1139405620008566,0.45439223821859015,84.90544993327191
0.1326696188258409,2.3421327000994134,78.06501314101608
0.018911862808120378,6.469568514272073,69.87226532079195
0.10456161389614385,4.98971476047207,89.90169637987779
0.10637911703373651,4.258041486565842,90.56351936982618
0.06289642626584113,5.318922211833736,91.48737941601085
0.04879204475920258,0.1513073800320761,54.329547775953436
0.05582037666540961,4.796986361925031,55.1028725363689
0.05118881332657396,2.5019411632021717,58.86784941261575
0.03437703587350981,0.38997838760583825,72.88805479075667
0.0909156834432558,5.2967135702154655,67.56427189265993
0.014380887795601371,2.7225238987280713,57.97212833295866
0.025796985718821712,5.027777097089746,81.2152239297224
0.28879019749729395,1.490857172528738,88.67238346086623
0.03636248240803866,6.875061164813037,96.76509168504029
0.04943400735303278,3.8212469354874696,71.06521214307682
0.204139099604521,1.0490580120157382,60.237416249189764
0.026380594942011663,4.193288423510508,89.91112378605327
0.029711536771812343,0.21009057545663357,75.34510521762382
0.05665275026153863,3.673757513725654,74.46983170667443
0.3956489946395178,3.686566039888304,82.96687540033588
0.0201350497884229,7.675349793027927,98.31009835704722
0.33865626110195124,2.619257478759577,80.41499956129927
0.02408069187218654,6.534054399436997,87.08513469903573
0.12465498245918313,0.8350089864385395,91.32322490241704
0.022253293128052798,0.06992200431678786,61.213860289905156
0.026600419671612557,6.213145526100991,68.94374549440484
0.048612519412131634,5.36863582536171,59.90403663389165
0.06602008689467395,2.4928954298762673,81.0104984978197
0.1732654172400171,1.1985904024946783,53.53054779221028
0.06906451298827986,5.839638237030952,85.32654872991057
0.11025356534669935,5.5701311202997115,70.05525993328288
0.11388808551182958,0.4807895946645435,84.9447169807731
0.18405977315803645,1.0507293161804965,76.5502210571675
0.018911862808120378,6.469568514272073,69.87226532079195
0.1147131674121811,4.962156862023623,90.140194841224
0.15036831763027728,2.5150269767607742,86.61233956244841
0.05905336390719483,5.113253658216221,88.83253513438207
0.04879204475920258,0.1513073800320761,54.329547775953436
0.029120424870162642,4.884230836059055,52.91362921211413
0.06790850255673107,3.907224505591499,57.51226387173953
0.03437703587350981,0.38997838760583825,72.88805479075667
0.06136912715523449,6.7670938770801445,72.59948208639105
0.014380887795601371,2.7225238987280713,57.97212833295866
0.025796985718821712,5.027777097089746,81.2152239297224
0.28879019749729395,1.490857172528738,88.67238346086623
0.03636248240803866,6.875061164813037,96.76509168504029
0.04943400735303278,3.8212469354874696,71.06521214307682
0.18698564279959096,0.9665527505189534,61.72312805948948
0.026380594942011663,4.193288423510508,89.91112378605327
0.029711536771812343,0.21009057545663357,75.34510521762382
0.05516503106663001,3.9084828965959564,76.10456055622835
0.3956489946395178,3.686566039888304,82.96687540033588
0.0201350497884229,7.675349793027927,98.31009835704722
0.31231989676469624,2.6070510392895794,80.47252412494255
0.02408069187218654,6.534054399436997,87.08513469903573
0.11221908965793986,1.6890541626405149,85.33236070272946
0.022253293128052798,0.06992200431678786,61.213860289905156
0.027819039102366112,6.240512047700686,67.49475487221686
0.04147806110710478,6.547252537216956,51.25359352713071
0.06602008689467395,2.4928954298762673,81.0104984978197
0.1732654172400171,1.1985904024946783,53.53054779221028
0.07038032674321844,5.920730884294731,87.90643558275275
0.10445508084010793,7.476647132964292,61.49207726889409
0.09180108666436917,1.625491055679496,80.18851510634322
0.14393637361550338,0.7839408801760307,69.95907797581502
0.018911862808120378,6.469568514272073,69.87226532079195
0.1147131674121811,4.962156862023623,90.140194841224
0.12924065254945313,2.9411968037948633,85.69697284250545
0.054630793659784266,6.776692603476633,93.79807008749977
0.040252503942433376,0.17761598235020487,63.735126006832
0.055827006249735606,4.221464268586169,54.4039612875803
0.06790850255673107,3.907224505591499,57.51226387173953
0.04520483149639844,1.5257480358808402,67.92298949301077
0.10494333756708629,4.5986292935191795,65.17373316625407
0.014380887795601371,2.7225238987280713,57.97212833295866
0.025796985718821712,5.027777097089746,81.2152239297224
0.28879019749729395,1.490857172528738,88.67238346086623
0.03636248240803866,6.875061164813037,96.76509168504029
0.022183219264410234,3.4396123198135715,73.95747267850165
0.18698564279959096,0.9665527505189534,61.72312805948948
0.020895571236847398,4.231071867490763,94.19037898713447
0.029711536771812343,0.21009057545663357,75.34510521762382
0.0651489340388777,5.598323946626558,77.64935990670985
0.36520938193737773,3.911427117578017,81.90885688920795
0.04855074430389432,6.860179609628253,95.85547684036574
0.24264919788506767,4.01864661200614,73.87556872609242
0.032839673018147775,6.334483028434517,85.07268495336459
0.12740442065245916,1.5423117674643283,80.53724848811424
0.022253293128052798,0.06992200431678786,61.213860289905156
0.027819039102366112,6.240512047700686,67.49475487221686
0.03728827779693571,6.4854210630962,50.57243985417916
0.06602008689467395,2.4928954298762673,81.0104984978197
0.12005035080627934,1.334539454217773,59.511269626367294
0.03949838073535189,6.588466827979579,86.35041454341123
0.10445508084010793,7.476647132964292,61.49207726889409
0.09180108666436917,1.625491055679496,80.18851510634322
0.14393637361550338,0.7839408801760307,69.95907797581502
0.15165489744594607,4.020727065587666,79.11933858562935
0.09164379361868008,4.206367271378705,89.62166285847852
0.08966307896873192,1.7120912990831052,75.92941814321789
0.054630793659784266,6.776692603476633,93.79807008749977
0.040252503942433376,0.17761598235020487,63.735126006832
0.046862026928780554,4.624452020791728,53.69102872452054
0.05432165083212653,4.055859840336356,55.59554585356091
0.04520483149639844,1.5257480358808402,67.92298949301077
0.13576727043575393,6.184177574334104,63.755169194225154
0.014380887795601371,2.7225238987280713,57.97212833295866
0.025796985718821712,5.027777097089746,81.2152239297224
0.2768060182266165,1.4323719261618146,87.124177126577
0.03636248240803866,6.875061164813037,96.76509168504029
0.01042253742565611,1.5454289850050635,87.79604681047327
0.18698564279959096,0.9665527505189534,61.72312805948948
0.02090102078491314,4.23195766963194,94.17595279824432
0.029711536771812343,0.21009057545663357,75.34510521762382
0.0651489340388777,5.598323946626558,77.64935990670985
0.36520938193737773,3.911427117578017,81.90885688920795
0.050290830631935464,7.4744161155382,97.7499204990493
0.2257566600168922,5.297710138156006,67.32335991778082
0.032839673018147775,6.334483028434517,85.07268495336459
0.13181706299981583,1.9932868304277447,80.27924410602631
0.023944589474918093,1.9450159174316681,63.12247309960502
0.03174262230990381,5.813285307669078,68.66692731423038
0.03728827779693571,6.4854210630962,50.57243985417916
0.05269365610094445,2.6610482559580935,83.1353331701083
0.12005035080627934,1.334539454217773,59.511269626367294
0.020548696328676445,7.31994793472736,92.77843336310926
0.10760541084418768,6.8453188036264345,63.65514334478036
0.0729493400751704,1.3264143106588233,80.97745481814093
0.14393637361550338,0.7839408801760307,69.95907797581502
0.13983753077528716,3.0163252524036688,71.78761687998275
0.09164379361868008,4.206367271378705,89.62166285847852
0.09186818575841871,1.7268008500223573,76.15696082951467
0.054630793659784266,6.776692603476633,93.79807008749977
0.040252503942433376,0.17761598235020487,63.735126006832
0.049152681906642307,4.58059364024027,50.697992341158184
0.05432165083212653,4.055859840336356,55.59554585356091
0.046434967679831456,1.8606180542757493,68.96323619508965
0.10775567298664482,4.996213369120143,70.28996795237539
0.017470035494069072,2.4713829627705572,59.63572849696309
0.025796985718821712,5.027777097089746,81.2152239297224
0.2768060182266165,1.4323719261618146,87.124177126577
0.03636248240803866,6.875061164813037,96.76509168504029
0.01042253742565611,1.5454289850050635,87.79604681047327
0.18698564279959096,0.9665527505189534,61.72312805948948
0.02090102078491314,4.23195766963194,94.17595279824432
0.029711536771812343,0.21009057545663357,75.34510521762382
0.0651489340388777,5.598323946626558,77.64935990670985
0.32529506138868325,3.347275668930889,79.7532966170695
0.0592046045533583,7.081581433408383,93.3605370354977
0.29940397109757,4.661201561018791,55.929458708414714
0.03158185112438679,6.357711851249319,84.00227936701529
0.10981591948521294,1.55701721568739,76.30402137389034
0.023944589474918093,1.9450159174316681,63.12247309960502
0.09720624691626978,5.522187242239044,70.11358322137413
0.038159943906675126,6.4311709848842575,50.66658533277618
0.05269365610094445,2.6610482559580935,83.1353331701083
0.12005035080627934,1.334539454217773,59.511269626367294
0.020548696328676445,7.31994793472736,92.77843336310926
0.10760541084418768,6.8453188036264345,63.65514334478036
0.0729493400751704,1.3264143106588233,80.97745481814093
0.14393637361550338,0.7839408801760307,69.95907797581502
0.11009650780421001,2.883878795796517,68.83413980904342
0.10516186592605754,3.717149468466958,90.66739590606083
0.09586757400398009,3.027598190517329,72.97980465210101
0.054630793659784266,6.776692603476633,93.79807008749977
0.040252503942433376,0.17761598235020487,63.735126006832
0.05219722956402101,4.068057917161018,50.706690823173766
0.05513342117509003,3.9734520443419865,56.36469125794594
0.046434967679831456,1.8606180542757493,68.96323619508965
0.10612600268605053,5.013730859338565,70.25517101815036
0.017470035494069072,2.4713829627705572,59.63572849696309
0.037936411794174674,6.240359017277688,89.41000622681581
0.18527391106254815,0.9468561820340795,78.07400875331636
0.04749663578428741,6.561825769669147,99.57201375874959
0.01042253742565611,1.5454289850050635,87.79604681047327
0.15951154414380003,1.1413198822968966,63.138385901734516
0.027236838420822036,4.310144007829008,84.4254313173858
0.029711536771812343,0.21009057545663357,75.34510521762382
0.0651489340388777,5.598323946626558,77.64935990670985
0.3517109363664685,4.390477484533078,75.73778619826078
0.0592046045533583,7.081581433408383,93.3605370354977
0.21067742105108464,4.0312002671442295,63.47622303499481
0.032499657767918834,6.790224135559086,83.91289604462477
0.07545585220197276,1.7122688170792042,71.02963135864982
0.023944589474918093,1.9450159174316681,63.12247309960502
0.09076845319208075,5.594049282711567,70.65697461530296
0.038159943906675126,6.4311709848842575,50.66658533277618
0.05429466388634198,2.86580281447514,86.76063548039308
0.08763070054677571,4.0314806970718,76.50261178691042
0.020548696328676445,7.31994793472736,92.77843336310926
0.07876573086975616,6.82416313271869,71.43386975301456
0.0729493400751704,1.3264143106588233,80.97745481814093
0.14393637361550338,0.7839408801760307,69.95907797581502
0.16624576829145768,4.751531782958643,64.28620145620758
0.10276997760932396,4.259841213387939,84.48781083991472
0.10117626984586191,3.2536892864524134,72.7900009425329
0.054630793659784266,6.776692603476633,93.79807008749977
0.014995143161242092,0.02991541192113456,62.21897310029903
0.05219722956402101,4.068057917161018,50.706690823173766
0.05513342117509003,3.9734520443419865,56.36469125794594
0.05491998642152609,2.876840093646071,68.34995546388897
0.10612600268605053,5.013730859338565,70.25517101815036
0.017470035494069072,2.4713829627705572,59.63572849696309
0.037823039120544175,6.263746751912937,89.42836798351622
0.15263233168569934,1.0585988652890301,79.88893688540212
0.04749663578428741,6.561825769669147,99.57201375874959
0.010145137541018666,1.6373685299057321,89.34769541235224
0.18265553623256175,1.0279965926112113,65.2656897991131
0.027236838420822036,4.310144007829008,84.4254313173858
0.029711536771812343,0.21009057545663357,75.34510521762382
0.0737317110851484,5.129856826278674,66.99028041683684
0.38758470391665933,5.013171880290426,76.73552159362227
0.0592046045533583,7.081581433408383,93.3605370354977
0.21067742105108464,4.0312002671442295,63.47622303499481
0.03416363360070443,7.574365319920883,83.75084482244193
0.07545585220197276,1.7122688170792042,71.02963135864982
0.023944589474918093,1.9450159174316681,63.12247309960502
0.083988251771523,3.875252231552443,70.8219817086278
0.038159943906675126,6.4311709848842575,50.66658533277618
0.056490368853445286,3.1215615513172494,84.52727840869177
0.04403214798729352,3.6321528580943485,83.27762099533763
0.020548696328676445,7.31994793472736,92.77843336310926
0.08388163425722014,7.671028004178182,72.09549755803607
0.07831577896556563,0.8985164368113536,80.55059106213832
0.1588658198340841,0.38484452140918757,67.47188413024202
0.16624576829145768,4.751531782958643,64.28620145620758
0.1280201646456328,3.5033202643254118,99.70276575082133
0.07147708733915274,4.064953997704514,75.53261142242017
0.052441659111591606,6.8615347317142605,94.95523478902803
0.017067556980567222,0.7545213348702773,65.9783356650012
0.05219722956402101,4.068057917161018,50.706690823173766
0.050693674185907665,3.5980175644433277,57.4859622369307
0.05491998642152609,2.876840093646071,68.34995546388897
0.09819685702755444,5.088245660775662,70.76928423450234
0.023592028613782408,4.342784363531212,68.47939271378567
0.037823039120544175,6.263746751912937,89.42836798351622
0.15263233168569934,1.0585988652890301,79.88893688540212
0.04982456123195065,6.418361768130133,98.41055783110676
0.010145137541018666,1.6373685299057321,89.34769541235224
0.18265553623256175,1.0279965926112113,65.2656897991131
0.027236838420822036,4.310144007829008,84.4254313173858
0.029711536771812343,0.21009057545663357,75.34510521762382
0.0737317110851484,5.129856826278674,66.99028041683684
0.4570573183411002,5.634531974532913,74.41408853037359
0.056660373885811965,7.21387595794126,93.12605383465646
0.2700187022868352,3.940964623931674,56.69935369383413
0.03416363360070443,7.574365319920883,83.75084482244193
0.07545585220197276,1.7122688170792042,71.02963135864982
0.02474560312069721,2.539118862310203,66.71373301508316
0.084053137432223,3.8770306854754666,70.78964186507976
0.038159943906675126,6.4311709848842575,50.66658533277618
0.08519884809015256,4.509621863529448,91.15190746897835
0.04403214798729352,3.6321528580943485,83.27762099533763
0.030705167593848295,6.9592617928950435,93.43280967365605
0.08388163425722014,7.671028004178182,72.09549755803607
0.07831577896556563,0.8985164368113536,80.55059106213832
0.14629777479757577,1.3591904572846616,68.15496607357254
0.16998144295400403,5.764912630906052,60.00464161961192
0.1280201646456328,3.5033202643254118,99.70276575082133
0.09116196336776383,3.9507418310316424,78.43209070840025
0.052441659111591606,6.8615347317142605,94.95523478902803
0.01444686282708552,1.0887502128878195,74.82552341421501
0.05219722956402101,4.068057917161018,50.706690823173766
0.05073728089253707,3.4565101553957893,55.43261942817712
0.029874286745458264,3.292812045707061,68.40340002406795
0.0929828011179285,5.232790608494966,72.52015000391012
0.023592028613782408,4.342784363531212,68.47939271378567
0.03698410401104956,6.391895913442562,91.68831956799444
0.15263233168569934,1.0585988652890301,79.88893688540212
0.04982456123195065,6.418361768130133,98.41055783110676
0.010145137541018666,1.6373685299057321,89.34769541235224
0.29647519235518327,0.37035560223739417,66.80269901440545
0.02622727937561866,3.5390404913225306,81.80356936614335
0.029711536771812343,0.21009057545663357,75.34510521762382
0.07572818737274856,5.3689680488113805,66.84597897511254
0.4570573183411002,5.634531974532913,74.41408853037359
0.0544534785996902,7.358019782970761,93.74084827658272
0.2700187022868352,3.940964623931674,56.69935369383413
0.03914249269578851,7.358406350674024,84.59705515766416
0.05863419083743863,3.0323858409996425,77.3521502656478
0.02474560312069721,2.539118862310203,66.71373301508316
0.08646463195693327,3.583274851358068,68.82327819114644
0.038159943906675126,6.4311709848842575,50.66658533277618
0.08519884809015256,4.509621863529448,91.15190746897835
0.023680315591387557,2.966668147690634,87.75017105584615
0.04701106466054339,6.383308286795708,83.8039103499535
0.08388163425722014,7.671028004178182,72.09549755803607
0.07831577896556563,0.8985164368113536,80.55059106213832
0.14629777479757577,1.3591904572846616,68.15496607357254
0.16998144295400403,5.764912630906052,60.00464161961192
0.1280201646456328,3.5033202643254118,99.70276575082133
0.09116196336776383,3.9507418310316424,78.43209070840025
0.06680443118430807,7.231336785085579,84.51218596439881
0.01858439256959308,1.9493436276481082,77.27635972817227
0.05219722956402101,4.068057917161018,50.706690823173766
0.05073728089253707,3.4565101553957893,55.43261942817712
0.02839317108854769,3.0751525338107952,67.91544006297964
0.09250937716503453,5.195208516080408,72.54128758473526
0.023592028613782408,4.342784363531212,68.47939271378567
0.023175883738849386,5.815054795383443,90.67936047293634
0.15263233168569934,1.0585988652890301,79.88893688540212
0.04982456123195065,6.418361768130133,98.41055783110676
0.010145137541018666,1.6373685299057321,89.34769541235224
0.29647519235518327,0.37035560223739417,66.80269901440545
0.02622727937561866,3.5390404913225306,81.80356936614335
0.029711536771812343,0.21009057545663357,75.34510521762382
0.09012272036865043,4.860527347036939,58.34577144514154
0.3126347696204163,5.204145766672813,72.43675858948538
0.050232128705602216,6.67327654357502,89.90042184732457
0.39742119863873815,3.289729475561071,55.533359160114934
0.03914249269578851,7.358406350674024,84.59705515766416
0.057312062908516814,3.031381548630841,77.43729884700323
0.02474560312069721,2.539118862310203,66.71373301508316
0.08583557803495445,3.579144504262019,68.78266064105648
0.04025330017162376,6.345656941531871,52.46828977728684
0.080500817545958,4.4400628416989525,92.87786085084238
0.023680315591387557,2.966668147690634,87.75017105584615
0.054106999921585616,7.422462973407111,82.60367411196535
0.10188198482838905,7.7968082306826725,67.06561965637869
0.07831577896556563,0.8985164368113536,80.55059106213832
0.14629777479757577,1.3591904572846616,68.15496607357254
0.16998144295400403,5.764912630906052,60.00464161961192
0.11849628984095908,5.067723070980811,87.81088591991373
0.11103214956840228,2.106393098848513,70.14550886493558
0.05567057942890622,6.487089473291128,80.38127139685079
0.01858439256959308,1.9493436276481082,77.27635972817227
0.05219722956402101,4.068057917161018,50.706690823173766
0.051227240589855734,3.970902183713602,60.48334322988729
0.03200178545564575,3.225673615550634,65.30665216193594
0.08899120733792883,4.218653223586211,74.59667391698463
0.023592028613782408,4.342784363531212,68.47939271378567
0.023175883738849386,5.815054795383443,90.67936047293634
0.15263233168569934,1.0585988652890301,79.88893688540212
0.04982456123195065,6.418361768130133,98.41055783110676
0.010145137541018666,1.6373685299057321,89.34769541235224
0.29647519235518327,0.37035560223739417,66.80269901440545
0.02737645092007127,3.797290731944619,79.12050591219509
0.029711536771812343,0.21009057545663357,75.34510521762382
0.09012272036865043,4.860527347036939,58.34577144514154
0.19611827492743342,5.450056264064768,79.77999152934059
0.011546773964279167,7.663479999088984,93.52912751831882
0.3542141536048664,3.5812811409384433,59.59100477657323
0.03914249269578851,7.358406350674024,84.59705515766416
0.057312062908516814,3.031381548630841,77.43729884700323
0.02485334053912181,2.544943903868568,66.68838540914234
0.0756138273917202,3.1132673668548327,62.82743911560257
0.04025330017162376,6.345656941531871,52.46828977728684
0.13209054343021734,3.2026351942055564,94.85640708404446
0.023867389579048676,2.881165735607199,87.36539572359884
0.050631813293296614,7.442142830033808,83.49577439413586
0.08054770743054815,6.364371875201548,72.24752855377645
0.08307121524692565,0.59921318079987,81.59956548761608
0.1511380039209418,1.2801482599781202,68.27558703347646
0.17574871749815274,7.329407961961246,53.39460908588578
0.10925759736676965,4.646650815015581,82.42839693053905
0.13410249077431094,0.28086394887635713,65.88004938611435
0.05381305302948819,6.496252555866799,80.98860203630768
0.01858439256959308,1.9493436276481082,77.27635972817227
0.05219722956402101,4.068057917161018,50.706690823173766
0.051227240589855734,3.970902183713602,60.48334322988729
0.03200178545564575,3.225673615550634,65.30665216193594
0.08266593951220805,4.5342691928600605,75.30768365235778
0.023592028613782408,4.342784363531212,68.47939271378567
0.025177266670884362,7.500077822997287,96.52158818062192
0.19001360235862166,1.316637532161171,81.27075516590062
0.05604823247190878,5.965126041167995,96.00827776882126
0.010145137541018666,1.6373685299057321,89.34769541235224
0.29647519235518327,0.37035560223739417,66.80269901440545
0.02737645092007127,3.797290731944619,79.12050591219509
0.029711536771812343,0.21009057545663357,75.34510521762382
0.09012272036865043,4.860527347036939,58.34577144514154
0.09839740292657945,6.605167555599499,92.25903530200873
0.011546773964279167,7.663479999088984,93.52912751831882
0.30638239706225523,3.6063416375776463,61.63093106742724
0.03822173962065466,7.465578868661366,85.14664954685571
0.057312062908516814,3.031381548630841,77.43729884700323
0.02485334053912181,2.544943903868568,66.68838540914234
0.058771200490293996,5.073691701342977,72.88074601650538
0.04025330017162376,6.345656941531871,52.46828977728684
0.13209054343021734,3.2026351942055564,94.85640708404446
0.023867389579048676,2.881165735607199,87.36539572359884
0.053929083215460485,7.323353074459525,82.25601527089646
0.09639117687829019,7.027016452221994,72.07970326212649
0.08307121524692565,0.59921318079987,81.59956548761608
0.15713960452042314,2.7553285931261264,64.64669241037102
0.17574871749815274,7.329407961961246,53.39460908588578
0.09494962112808364,4.501567743294182,74.47412963938254
0.13410249077431094,0.28086394887635713,65.88004938611435
0.04441788831994148,5.537082736100322,80.3247091991472
0.01858439256959308,1.9493436276481082,77.27635972817227
0.05219722956402101,4.068057917161018,50.706690823173766
0.07694631533718704,3.726550105143764,71.41590927044487
0.03200178545564575,3.225673615550634,65.30665216193594
0.10735636493761644,3.479773768372677,88.60358694914609
0.018992363218552903,3.7898527546740235,72.89956651989658
0.025177266670884362,7.500077822997287,96.52158818062192
0.17449604009215913,1.8377243668199066,78.28635914393367
0.09102532826326963,4.630259925180926,97.95683133764717
0.013122468381198609,1.420186072307586,87.21698433274011
0.2804723748516896,0.7743395581464112,67.73821543988733
0.02737645092007127,3.797290731944619,79.12050591219509
0.029711536771812343,0.21009057545663357,75.34510521762382
0.08820975876132098,4.792660573414787,58.59028273450244
0.10032686578394459,6.713778747176901,92.32268604409128
0.011546773964279167,7.663479999088984,93.52912751831882
0.31558804183550015,3.4624109100007807,61.175592827076315
0.03931064558620308,7.727851992738564,85.05683020997043
0.057312062908516814,3.031381548630841,77.43729884700323
0.02485334053912181,2.544943903868568,66.68838540914234
0.058771200490293996,5.073691701342977,72.88074601650538
0.04642099253961972,6.1339838632883605,55.32126566742181
0.1318545338598582,3.20193414395792,94.8400709275953
0.023867389579048676,2.881165735607199,87.36539572359884
0.053929083215460485,7.323353074459525,82.25601527089646
0.09564967842582542,6.901158487967662,72.05439054819705
0.03575239994397403,0.8944029120293266,96.17550683675142
0.15713960452042314,2.7553285931261264,64.64669241037102
0.17574871749815274,7.329407961961246,53.39460908588578
0.08066704949097198,4.979861227149461,73.78964325137238
0.13410249077431094,0.28086394887635713,65.88004938611435
0.04441788831994148,5.537082736100322,80.3247091991472
0.06779843468662161,2.9576192004168282,82.48430516871228
0.05790474244277412,3.989301059103795,55.482549296494284
0.07694631533718704,3.726550105143764,71.41590927044487
0.03200178545564575,3.225673615550634,65.30665216193594
0.1163699919795037,3.4481439611924545,90.20548569132241
0.018992363218552903,3.7898527546740235,72.89956651989658
0.025177266670884362,7.500077822997287,96.52158818062192
0.17073337107756822,1.9579799227478016,77.67596993148186
0.13843737637514333,4.4048386590706095,89.95948376543271
0.011453019457537733,0.5781919969817384,85.92840525363367
0.2804723748516896,0.7743395581464112,67.73821543988733
0.02717105660031859,3.6953431807041888,78.10846658443211
0.031027114028493064,0.4302735441505723,75.23353975187408
0.07941109248218751,4.8766558250138505,62.861450372365425
0.10287034922077494,6.937183909229912,95.90534894058075
0.011546773964279167,7.663479999088984,93.52912751831882
0.31558804183550015,3.4624109100007807,61.175592827076315
0.03931064558620308,7.727851992738564,85.05683020997043
0.062208524094544956,3.525627534625844,76.74979647635753
0.03321501350712883,1.3563677596166697,59.481788542514494
0.058771200490293996,5.073691701342977,72.88074601650538
0.048371155058789236,6.415248191891154,52.55047727036617
0.09828521863620232,2.9958176345624055,86.00808713454136
0.023867389579048676,2.881165735607199,87.36539572359884
0.053929083215460485,7.323353074459525,82.25601527089646
0.09088626939960748,6.852202020518494,70.0893309410485
0.03575239994397403,0.8944029120293266,96.17550683675142
0.15713960452042314,2.7553285931261264,64.64669241037102
0.17574871749815274,7.329407961961246,53.39460908588578
0.08290887725668064,4.8928214833164425,73.14941831631234
0.13196268451782736,0.32520930481223287,65.89588184316956
0.04441788831994148,5.537082736100322,80.3247091991472
0.06779843468662161,2.9576192004168282,82.48430516871228
0.051627203905891386,3.7302890124906605,53.32870469809724
0.0694701151622793,4.142675494946882,73.46347128596659
0.03200178545564575,3.225673615550634,65.30665216193594
0.12160549881372208,3.411171324607339,92.70076173206542
0.014823492496874594,3.970644019036795,75.33271672305167
0.025177266670884362,7.500077822997287,96.52158818062192
0.17073337107756822,1.9579799227478016,77.67596993148186
0.17348366315729935,3.4470730372503073,87.9289595691408
0.011453019457537733,0.5781919969817384,85.92840525363367
0.2804723748516896,0.7743395581464112,67.73821543988733
0.04410308857820347,4.109484180866122,75.29205513379003
0.03195070324193419,0.5209907802038823,79.32678939936407
0.07941109248218751,4.8766558250138505,62.861450372365425
0.10287034922077494,6.937183909229912,95.90534894058075
0.013765669657800886,6.802203512905404,92.41906302455018
0.22644905365722784,3.5528727497128942,58.52571614971928
0.03931064558620308,7.727851992738564,85.05683020997043
0.015662852933338176,3.615319663544311,64.25002881973471
0.02779381889552463,0.9705695458224826,57.99076177799204
0.08329165006859343,6.766453169376751,79.81852131797893
0.048371155058789236,6.415248191891154,52.55047727036617
0.09828521863620232,2.9958176345624055,86.00808713454136
0.023867389579048676,2.881165735607199,87.36539572359884
0.053929083215460485,7.323353074459525,82.25601527089646
0.09088626939960748,6.852202020518494,70.0893309410485
0.03575239994397403,0.8944029120293266,96.17550683675142
0.15713960452042314,2.7553285931261264,64.64669241037102
0.1942966266545642,7.831059210685326,53.57282383576422
0.08418360137651557,4.923540905736154,72.11878781910251
0.13196268451782736,0.32520930481223287,65.89588184316956
0.04441788831994148,5.537082736100322,80.3247091991472
0.059475142522335434,1.5536005441552527,86.95276196200422
0.05725717119955187,3.7245754946539424,53.49606938700214
0.0694701151622793,4.142675494946882,73.46347128596659
0.016655221417019132,0.3577734796224634,53.44406475080956
0.12160549881372208,3.411171324607339,92.70076173206542
0.014823492496874594,3.970644019036795,75.33271672305167
0.025177266670884362,7.500077822997287,96.52158818062192
0.17073337107756822,1.9579799227478016,77.67596993148186
0.13651864781384526,4.037106046549914,81.89719296050137
0.011453019457537733,0.5781919969817384,85.92840525363367
0.2804723748516896,0.7743395581464112,67.73821543988733
0.0278945549617355,4.12217840068002,74.1335965431465
0.03195070324193419,0.5209907802038823,79.32678939936407
0.10814578998571336,5.5010027914358215,52.74505669072997
0.10257248411009472,6.681139838078438,95.26239037508074
0.013765669657800886,6.802203512905404,92.41906302455018
0.2669107356530608,2.5681156684391278,55.0743020542407
0.03931064558620308,7.727851992738564,85.05683020997043
0.014120777112081637,3.6112690916751644,64.64872319712185
0.0219000088050944,0.8621058332110785,52.602838882651945
0.09965496947565133,4.600891415299831,75.13769627915126
0.048371155058789236,6.415248191891154,52.55047727036617
0.09828521863620232,2.9958176345624055,86.00808713454136
0.023867389579048676,2.881165735607199,87.36539572359884
0.053929083215460485,7.323353074459525,82.25601527089646
0.1084901947568912,7.359757754857068,66.30872745656134
0.03399126948018559,0.7214202854686341,88.3703630074646
0.12503728769191877,3.6614490882116755,70.86509913394525
0.1942966266545642,7.831059210685326,53.57282383576422
0.08847953287039169,5.114827802502096,75.08991774937047
0.1277407208220779,0.3458044578611207,65.38596561205934
0.04398380485427227,5.499911872074595,80.1620628626118
0.058603135857772694,2.4607784845473155,86.21429268322603
0.06158182079086577,3.8541666628712035,53.49849158062782
0.10304142500149008,5.134643235186166,68.11400601236144
0.016655221417019132,0.3577734796224634,53.44406475080956
0.12949898794474435,3.087379959998258,97.02831923795935
0.014823492496874594,3.970644019036795,75.33271672305167
0.025177266670884362,7.500077822997287,96.52158818062192
0.17073337107756822,1.9579799227478016,77.67596993148186
0.20412855151894876,1.4701262475261387,79.69960875668862
0.011453019457537733,0.5781919969817384,85.92840525363367
0.20179953482877783,2.346399445330105,71.87126660920067
0.02878487401862028,4.420374145624697,75.7725090604639
0.03195070324193419,0.5209907802038823,79.32678939936407
0.10741913967883325,5.613826679092186,50.587965055175395
0.10257248411009472,6.681139838078438,95.26239037508074
0.013765669657800886,6.802203512905404,92.41906302455018
0.2630119685363008,2.598442170537741,55.413187920302725
0.040098457070707166,7.723660163340148,84.8433282308616
0.014120777112081637,3.6112690916751644,64.64872319712185
0.0219000088050944,0.8621058332110785,52.602838882651945
0.14924157837169566,2.0313809594222025,66.98686811317327
0.048371155058789236,6.415248191891154,52.55047727036617
0.031373670031820455,3.4156008909435496,95.14611353016566
0.023867389579048676,2.881165735607199,87.36539572359884
0.053929083215460485,7.323353074459525,82.25601527089646
0.1084901947568912,7.359757754857068,66.30872745656134
0.13146910841877757,1.5203351335634232,74.34283528504602
0.16365739665819637,3.544157795647816,81.4347207731577
0.1942966266545642,7.831059210685326,53.57282383576422
0.07902010058430875,5.594858656947649,76.35140012232205
0.1319700644652875,0.7224243716757353,67.27577581976685
0.022350122732966493,6.497542964216793,77.83300691426653
0.059738859021613744,1.2792473764731334,87.17609343518924
0.06208783500277367,3.7560683779079973,53.5348038092326
0.1149223338478238,5.150810457642603,62.42242618734167
0.051099365419529114,1.8068215185547043,53.469030757230634
0.12949898794474435,3.087379959998258,97.02831923795935
0.014823492496874594,3.970644019036795,75.33271672305167
0.024839233381322483,6.308098776391095,94.15869636779416
0.1770476898428121,1.8675257438880657,76.94977275133886
0.23775203302748243,1.1263044562171904,87.4873692295289
0.011453019457537733,0.5781919969817384,85.92840525363367
0.20179953482877783,2.346399445330105,71.87126660920067
0.016233839121833085,4.021522425959814,72.45840237652551
0.03337911107315622,0.5288649205069511,79.32988235292902
0.1176525995014574,5.237216974196185,56.20103082665032
0.10070311195150672,6.70582017542919,94.76255370542478
0.013765669657800886,6.802203512905404,92.41906302455018
0.25450832796987577,2.7418636602183275,56.6757328894697
0.040098457070707166,7.723660163340148,84.8433282308616
0.014120777112081637,3.6112690916751644,64.64872319712185
0.0219000088050944,0.8621058332110785,52.602838882651945
0.14924157837169566,2.0313809594222025,66.98686811317327
0.04579309186373472,6.822995308058198,62.614063617235274
0.036120852631636294,3.6996629399367436,92.52337102212373
0.023867389579048676,2.881165735607199,87.36539572359884
0.053929083215460485,7.323353074459525,82.25601527089646
0.08015026162454382,6.3342959820636375,68.19782631395465
0.13146910841877757,1.5203351335634232,74.34283528504602
0.16365739665819637,3.544157795647816,81.4347207731577
0.1942966266545642,7.831059210685326,53.57282383576422
0.07902010058430875,5.594858656947649,76.35140012232205
0.1319700644652875,0.7224243716757353,67.27577581976685
0.022350122732966493,6.497542964216793,77.83300691426653
0.07656330552402024,0.012096805843440972,82.44877867062745
0.059228962027760575,3.2489323180938467,53.51769161727283
0.1704846162776884,5.806464122678226,55.211155299790846
0.051099365419529114,1.8068215185547043,53.469030757230634
0.09498085200225548,4.877478394110592,92.32361366262421
0.014780911793097746,3.969107915546002,75.41949704044676
0.051153356825649324,5.457410866967483,93.42588383352695
0.14899159441648108,2.2433188499499286,76.16619400320357
0.15763652914217224,2.0150029357898847,90.46047236819058
0.011453019457537733,0.5781919969817384,85.92840525363367
0.140011033384713,2.5321017401720414,77.25173913604992
0.016233839121833085,4.021522425959814,72.45840237652551
0.03337911107315622,0.5288649205069511,79.32988235292902
0.1176525995014574,5.237216974196185,56.20103082665032
0.10070311195150672,6.70582017542919,94.76255370542478
0.013765669657800886,6.802203512905404,92.41906302455018
0.2610529962265673,2.7181050994496143,56.05855730246904
0.03942679060629621,7.861351475438022,84.32187485678867
0.014120777112081637,3.6112690916751644,64.64872319712185
0.0219000088050944,0.8621058332110785,52.602838882651945
0.137856613674029,3.1277964290607883,73.50180818531659
0.047214506720729556,6.91041132563112,66.04565058603978
0.03663013026800923,3.8012816901327984,93.95300730100575
0.025785205748280502,3.4950120347609728,86.9902583054205
0.053929083215460485,7.323353074459525,82.25601527089646
0.0893724445447179,7.200653398281458,70.66682549881773
0.11955529793645557,1.8054145566490294,70.90836252550812
0.1328418000822001,5.091765124660868,87.95858368076655
0.18750248949823775,7.056156209557161,55.06656473780754
0.14250773255700536,4.420203314914211,60.71877786948399
0.08898073917340218,4.038685475279173,75.19423672894968
0.022350122732966493,6.497542964216793,77.83300691426653
0.07728616227817389,1.2861699329074652,79.57687366943738
0.060407098546834424,3.324262784227186,53.5465652213571
0.11292048735320513,6.275748081519796,58.628724944595135
0.059473978993251325,3.1119739940310938,57.714957296757774
0.09498085200225548,4.877478394110592,92.32361366262421
0.05346308652429291,3.4717013538648804,75.63470988207774
0.044312223208982454,5.37719597822343,95.35051087173719
0.15800652372052026,1.9393976675645659,75.08268530857478
0.15763652914217224,2.0150029357898847,90.46047236819058
0.011453019457537733,0.5781919969817384,85.92840525363367
0.140011033384713,2.5321017401720414,77.25173913604992
0.016233839121833085,4.021522425959814,72.45840237652551
0.03337911107315622,0.5288649205069511,79.32988235292902
0.1461191155136493,4.609024744432382,53.660563926428125
0.10471133146555048,6.504521139049048,93.91398747537512
0.028221206414763667,6.374166422192209,90.21536415806713
0.2610529962265673,2.7181050994496143,56.05855730246904
0.03942679060629621,7.861351475438022,84.32187485678867
0.014120777112081637,3.6112690916751644,64.64872319712185
0.023514593832300916,1.1842721739883957,57.13527691914934
0.1966094194416157,4.126445073023174,81.91148674356907
0.047214506720729556,6.91041132563112,66.04565058603978
0.039311501760244325,3.2950019771701213,96.9798761164284
0.025785205748280502,3.4950120347609728,86.9902583054205
0.053929083215460485,7.323353074459525,82.25601527089646
0.08649507227744761,6.917522455098707,70.76042377127563
0.11955529793645557,1.8054145566490294,70.90836252550812
0.1398643195882126,4.73908324070514,86.47187047012824
0.18750248949823775,7.056156209557161,55.06656473780754
0.19835054096188603,5.300028641124843,62.73894159238007
0.08810680661081798,3.916513031869984,72.69929693262955
0.022350122732966493,6.497542964216793,77.83300691426653
0.10565317201540322,1.7754416574081293,79.73644724334213
0.06953844446448576,3.592385880898147,53.655771710085546
0.10361325126317895,7.450699188699463,53.07744984568744
0.059473978993251325,3.1119739940310938,57.714957296757774
0.09331058062615666,4.5981907254184975,92.05062034644126
0.04918314605776017,3.1448047446776357,72.99095506742832
0.03224843563173514,5.667285829710501,98.16819033639625
0.15800652372052026,1.9393976675645659,75.08268530857478
0.15763652914217224,2.0150029357898847,90.46047236819058
0.011453019457537733,0.5781919969817384,85.92840525363367
0.11367856975354687,3.774515460488954,74.07183650608114
0.049756727186737806,3.302501063941007,71.95548833506751
0.03337911107315622,0.5288649205069511,79.32988235292902
0.1461191155136493,4.609024744432382,53.660563926428125
0.10471133146555048,6.504521139049048,93.91398747537512
0.028221206414763667,6.374166422192209,90.21536415806713
0.1507454890031636,1.7723979601161766,69.25915335734773
0.02697351862259209,7.941025047795014,90.38382808891424
0.014120777112081637,3.6112690916751644,64.64872319712185
0.041050179530145905,1.8383514453002503,60.7829454991976
0.17714519884646013,3.0719280685811814,86.18110443894496
0.017108654192975498,7.610936871088625,69.81558200853195
0.039311501760244325,3.2950019771701213,96.9798761164284
0.025785205748280502,3.4950120347609728,86.9902583054205
0.055292442908495054,6.510584339972959,86.26101142955436
0.08437989782334503,7.485240448687522,69.769414443251
0.0994544504315668,1.6947851490768626,60.58795097621986
0.13014641657203682,4.881408005121064,86.79772047168218
0.18750248949823775,7.056156209557161,55.06656473780754
0.19835054096188603,5.300028641124843,62.73894159238007
0.06251735408435191,3.509825768556814,65.88999338554814
0.022350122732966493,6.497542964216793,77.83300691426653
0.15681741180830783,0.8496025825645779,84.59443033372321
0.06953844446448576,3.592385880898147,53.655771710085546
0.10361325126317895,7.450699188699463,53.07744984568744
0.059473978993251325,3.1119739940310938,57.714957296757774
0.058676168973790924,4.49337144597991,96.20102209782998
0.04918314605776017,3.1448047446776357,72.99095506742832
0.03112581209967879,5.8114086762643336,96.06582806433923
0.1755862492595103,1.211620627474606,75.48357104587939
0.13270309669876107,2.6394371406933175,91.90682531828563
0.011453019457537733,0.5781919969817384,85.92840525363367
0.10385779444751106,4.181082375755251,73.84788484422322
0.03838662579831542,2.992658939823146,73.349569506203
0.03070873478344198,0.25567455806333195,80.56158190396565
0.1461191155136493,4.609024744432382,53.660563926428125
0.09181076909612282,5.423812795449244,91.27642542137707
0.029133159130646097,6.78931330174563,93.4534624065937
0.15986441491550765,0.6737866763261078,72.38991401149688
0.03588776207237512,6.829699029191037,84.24087804629835
0.014120777112081637,3.6112690916751644,64.64872319712185
0.041050179530145905,1.8383514453002503,60.7829454991976
0.1383546389907004,4.166588594656713,86.20654199986238
0.017108654192975498,7.610936871088625,69.81558200853195
0.039311501760244325,3.2950019771701213,96.9798761164284
0.026219080082472382,3.5833121256317155,87.02240349084494
0.058699079929829,6.450993531511449,87.04935155375723
0.1040384940851069,6.276526233098153,75.75611947137881
0.13147029729904075,2.36499919620499,51.28595007127191
0.19614799091302815,6.034106784062482,79.39926246541106
0.18750248949823775,7.056156209557161,55.06656473780754
0.19835054096188603,5.300028641124843,62.73894159238007
0.06251735408435191,3.509825768556814,65.88999338554814
0.026538045354904918,5.60794351434106,84.23891298357513
0.25322660100374633,0.10878602657302938,99.73151367791718
0.06953844446448576,3.592385880898147,53.655771710085546
0.10361325126317895,7.450699188699463,53.07744984568744
0.059473978993251325,3.1119739940310938,57.714957296757774
0.058676168973790924,4.49337144597991,96.20102209782998
0.04655496719260483,1.696868752491861,67.28226509500301
0.03112581209967879,5.8114086762643336,96.06582806433923
0.1755862492595103,1.211620627474606,75.48357104587939
0.08545313431918768,1.5351340180891981,86.6510218165314
0.011453019457537733,0.5781919969817384,85.92840525363367
0.10385779444751106,4.181082375755251,73.84788484422322
0.03838662579831542,2.992658939823146,73.349569506203
0.027152200625444285,0.9751294069134571,77.14979205837221
0.1461191155136493,4.609024744432382,53.660563926428125
0.09721903745916655,5.777180795754397,95.96337083811198
0.010227071979168764,7.005653699345965,97.54860555244134
0.16138310035111897,0.6118792281307981,73.70611269561223
0.039914785502163375,5.6906381412429665,75.58187911356742
0.013051530794008049,3.638527426454362,64.26533055339425
0.02948038153202484,1.8580741355493562,61.97931371773384
0.15459635828482884,4.357315961501214,88.29540354212871
0.016360985987132634,7.706922806735715,68.41540698716807
0.05781449761647505,4.1858097766383775,90.62226724766737
0.015604128312712587,2.6461107722601667,87.01359645915015
0.05767079515631529,6.459468342035356,87.22835451023488
0.10138584368148991,6.283507641872217,75.65120103119226
0.13523445694637937,1.6777983111731114,51.04387518830012
0.15696401828224044,6.137233577534499,77.84944599388157
0.18090224106078887,7.025145974396792,56.705452554632906
0.19835054096188603,5.300028641124843,62.73894159238007
0.0782008991530185,4.73097589307458,69.62111391522791
0.026538045354904918,5.60794351434106,84.23891298357513
0.25322660100374633,0.10878602657302938,99.73151367791718
0.06953844446448576,3.592385880898147,53.655771710085546
0.10361325126317895,7.450699188699463,53.07744984568744
0.049850868178062925,2.88017444445472,54.21708430017732
0.058676168973790924,4.49337144597991,96.20102209782998
0.0468207930635923,1.6546992913323202,67.08481418033129
0.03112581209967879,5.8114086762643336,96.06582806433923
0.1762959470154526,1.2010236896303228,75.53255479641776
0.08545313431918768,1.5351340180891981,86.6510218165314
0.011453019457537733,0.5781919969817384,85.92840525363367
0.06802725377480745,4.056629805867516,63.64534131175901
0.032914398610193685,3.0463511676571158,82.48207929208355
0.027152200625444285,0.9751294069134571,77.14979205837221
0.1612455540282576,5.659744271617079,54.98472096792083
0.06365540180066499,4.489547266674101,92.28283048558599
0.010227071979168764,7.005653699345965,97.54860555244134
0.17387570691781554,0.13975962997885372,70.9699774694222
0.05751575259914783,7.894882379880331,67.30529163616515
0.03800839200127495,4.058234132967002,78.08302558882613
0.02948038153202484,1.8580741355493562,61.97931371773384
0.15459635828482884,4.357315961501214,88.29540354212871
0.03733316404058298,7.62002456887963,66.92287400966657
0.05781449761647505,4.1858097766383775,90.62226724766737
0.015604128312712587,2.6461107722601667,87.01359645915015
0.0344073215570629,6.964013942057516,86.97224800766386
0.15845660885182708,6.7986191420342745,69.10314880864797
0.10535666001657401,2.4093118011837276,59.353069284322814
0.19828305695118734,6.87495468717432,82.16601922127029
0.18090224106078887,7.025145974396792,56.705452554632906
0.19453008719737436,5.19330163141956,62.98461946726306
0.09039906235584697,5.057174964991248,57.05511518624593
0.023966006442879467,5.66808960519173,84.08249220491885
0.2504443538856867,0.3719849477868973,97.85596946071048
0.06261411983381525,4.388775909841185,64.73663510145113
0.10361325126317895,7.450699188699463,53.07744984568744
0.038673762834096764,4.187976699008215,68.61075701661531
0.058676168973790924,4.49337144597991,96.20102209782998
0.03657371023580629,0.780681346995419,73.14215294577481
0.03112581209967879,5.8114086762643336,96.06582806433923
0.1763784915339334,1.3053916185635988,75.19517423112131
0.078596019975627,2.586965143614762,77.39116896988149
0.011421372538165244,0.5807261780117363,85.97452846640724
0.06871693526002512,4.102344394265866,64.05044484852178
0.053600991674567264,5.4254063075289,79.1601705635408
0.016387015296629295,0.18309386719713583,78.73744498253382
0.1612455540282576,5.659744271617079,54.98472096792083
0.06795894314710438,4.125456031994576,93.06422574561896
0.010227071979168764,7.005653699345965,97.54860555244134
0.17387570691781554,0.13975962997885372,70.9699774694222
0.04797119413772591,6.380372555204356,71.17104755089126
0.045672894931354804,5.431922049661129,77.85104224062907
0.02948038153202484,1.8580741355493562,61.97931371773384
0.09414767370918851,2.531634504142721,84.11503476485058
0.03733316404058298,7.62002456887963,66.92287400966657
0.06273650861398733,3.6806558467153065,95.79951703639439
0.010301847120646867,3.08968118031593,90.42993758131159
0.036726407861308055,6.815136622209856,86.06947342931664
0.15845660885182708,6.7986191420342745,69.10314880864797
0.09093959228077937,2.984187116765325,64.53167920646229
0.214048062896042,7.63255305499629,86.03624666190495
0.18090224106078887,7.025145974396792,56.705452554632906
0.19459215103941824,4.989500664731692,63.55516373688522
0.07581524528556473,4.81210671741981,60.313199105372284
0.023966006442879467,5.66808960519173,84.08249220491885
0.2504443538856867,0.3719849477868973,97.85596946071048
0.061148320449643086,4.179421751781977,65.21239590605086
0.10361325126317895,7.450699188699463,53.07744984568744
0.06678021157219813,3.513862426167774,69.9955895876455
0.058676168973790924,4.49337144597991,96.20102209782998
0.0375554120410493,0.8097427019857331,72.87004756597398
0.03112581209967879,5.8114086762643336,96.06582806433923
0.19598524136606618,0.4149666703069954,76.3616493935903
0.078596019975627,2.586965143614762,77.39116896988149
0.011421372538165244,0.5807261780117363,85.97452846640724
0.06871693526002512,4.102344394265866,64.05044484852178
0.04744615462797269,4.718472073636803,80.15451957209125
0.016387015296629295,0.18309386719713583,78.73744498253382
0.1612455540282576,5.659744271617079,54.98472096792083
0.07333208395654595,3.8795127548931054,92.62635822108882
0.010227071979168764,7.005653699345965,97.54860555244134
0.17410603720760368,0.04028967171628839,70.99786413209085
0.05403068707349337,6.496932528175962,69.20063105047133
0.05484898666364903,5.159135155813834,74.18873666065278
0.02948038153202484,1.8580741355493562,61.97931371773384
0.09737569784399784,2.278102491919558,84.20749467519184
0.03733316404058298,7.62002456887963,66.92287400966657
0.06273650861398733,3.6806558467153065,95.79951703639439
0.010301847120646867,3.08968118031593,90.42993758131159
0.02841305857404551,7.694492200345298,82.23220602259525
0.1396956733223767,6.744418776681423,69.12066225763621
0.11295187791848249,1.8766149053402224,65.00835794635239
0.20516382914492154,7.312223214162605,85.37342167794228
0.18090224106078887,7.025145974396792,56.705452554632906
0.19766170738743874,4.533067569674461,65.09100834612016
0.061879301599849806,4.844021257916175,59.766746796691535
0.023966006442879467,5.66808960519173,84.08249220491885
0.2504443538856867,0.3719849477868973,97.85596946071048
0.06878181006979645,3.5616068805979353,58.97819087603219
0.10604946957015782,7.684458054469774,52.311391580228225
0.076227315894557,4.5236000939726235,65.65634872065672
0.052197782948069094,5.178631344509815,93.21073518870776
0.0375554120410493,0.8097427019857331,72.87004756597398
0.03112581209967879,5.8114086762643336,96.06582806433923
0.1941146565521736,0.4720905843384351,76.44560797717412
0.07451334595323449,2.6014907348017218,75.62599642415204
0.011421372538165244,0.5807261780117363,85.97452846640724
0.06871693526002512,4.102344394265866,64.05044484852178
0.027267711686429233,5.372452563526324,70.43254740101119
0.024664186892026374,0.18977378544411933,79.41354985799131
0.1612455540282576,5.659744271617079,54.98472096792083
0.08767344340382507,3.414711317825637,99.53602403850688
0.010227071979168764,7.005653699345965,97.54860555244134
0.11952387768542194,2.9078465529817077,75.20667808417927
0.05403068707349337,6.496932528175962,69.20063105047133
0.06341916783836865,6.5700548103731995,72.7052881685626
0.02948038153202484,1.8580741355493562,61.97931371773384
0.08642380346795513,1.6574011977985066,83.92864833014782
0.029589026060379504,7.931728528901477,65.2062518143967
0.06193494004858061,3.9136464245906923,91.78281092260917
0.010672962369873168,3.0586349689642276,90.19082233240887
0.02841305857404551,7.694492200345298,82.23220602259525
0.1396956733223767,6.744418776681423,69.12066225763621
0.11295187791848249,1.8766149053402224,65.00835794635239
0.1744604430158657,6.64689929020081,86.17015051460945
0.18090224106078887,7.025145974396792,56.705452554632906
0.2009181719649452,4.517025763223925,64.98892415794171
0.05765261875817061,4.938411924661655,58.03176947613455
0.020727265933760716,5.578801873073532,85.68565197781565
0.15408471699470824,1.020049937726541,82.21060662878828
0.06191341723103374,3.765252134158083,52.10103160744714
0.10604946957015782,7.684458054469774,52.311391580228225
0.076227315894557,4.5236000939726235,65.65634872065672
0.02176801825711973,6.691659450430354,87.78512650858963
0.0375554120410493,0.8097427019857331,72.87004756597398
0.03112581209967879,5.8114086762643336,96.06582806433923
0.1941146565521736,0.4720905843384351,76.44560797717412
0.08463995268734473,3.0914189414169013,74.85657393375809
0.011421372538165244,0.5807261780117363,85.97452846640724
0.05662162410020455,5.458058976021658,65.15747957183972
0.027267711686429233,5.372452563526324,70.43254740101119
0.024664186892026374,0.18977378544411933,79.41354985799131
0.1612455540282576,5.659744271617079,54.98472096792083
0.08767344340382507,3.414711317825637,99.53602403850688
0.020308448519296966,6.566214533210662,89.14840500196166
0.15645895631240753,2.85668132406096,70.12228771077653
0.05403068707349337,6.496932528175962,69.20063105047133
0.06341916783836865,6.5700548103731995,72.7052881685626
0.024349407797601058,1.8761560761458973,60.0015355028754
0.08642380346795513,1.6574011977985066,83.92864833014782
0.055063754298285444,7.424000409966499,65.17393762198337
0.05361154782266387,4.8670618230592435,88.52558122730514
0.010672962369873168,3.0586349689642276,90.19082233240887
0.02841305857404551,7.694492200345298,82.23220602259525
0.09838378037358826,5.564264484675856,75.86713495997525
0.11295187791848249,1.8766149053402224,65.00835794635239
0.1744604430158657,6.64689929020081,86.17015051460945
0.18090224106078887,7.025145974396792,56.705452554632906
0.22881833865968382,5.150179949902162,63.64293406247355
0.05765261875817061,4.938411924661655,58.03176947613455
0.02268217183038781,6.116934462618287,84.80725697322531
0.27494211120831447,1.795390698291649,84.82259556530278
0.061772377746548424,3.7694528116312815,52.05495827496762
0.09410161962709468,7.528632924000648,57.44456008369632
0.1250353272389068,2.846184003280698,70.12334479717912
0.03619866777185751,6.861646185001422,81.71132227581055
0.0375554120410493,0.8097427019857331,72.87004756597398
0.03112581209967879,5.8114086762643336,96.06582806433923
0.18958908050785517,0.605008575730765,76.28250901891381
0.08991194369942582,3.3068571354622813,73.86249255062384
0.011421372538165244,0.5807261780117363,85.97452846640724
0.07654082915586093,4.850192067548399,51.99751337574598
0.027267711686429233,5.372452563526324,70.43254740101119
0.024664186892026374,0.18977378544411933,79.41354985799131
0.1612455540282576,5.659744271617079,54.98472096792083
0.08767344340382507,3.414711317825637,99.53602403850688
0.020308448519296966,6.566214533210662,89.14840500196166
0.24192532524803323,0.5280794042362675,58.17893776534798
0.04805018743181659,6.92691682910925,67.4661031392506
0.05416824664935596,7.445686106740469,74.27527782964316
0.024349407797601058,1.8761560761458973,60.0015355028754
0.08937403963430615,1.0273765108639896,85.36799140820582
0.057971664905045114,7.066479237689462,68.23811511958567
0.05361154782266387,4.8670618230592435,88.52558122730514
0.010672962369873168,3.0586349689642276,90.19082233240887
0.02841305857404551,7.694492200345298,82.23220602259525
0.08814896364240431,5.407001936826913,71.38551229513827
0.10870048497012114,2.2840234399637502,65.0205183727291
0.1744604430158657,6.64689929020081,86.17015051460945
0.1702435025695322,6.325240764528115,57.93295887707442
0.24383210564764896,5.598210539232831,60.33938997533819
0.05765261875817061,4.938411924661655,58.03176947613455
0.016446560394237787,6.3425646442303965,76.49282476016833
0.2271490646897647,2.1304029771020003,80.1362034144837
0.061772377746548424,3.7694528116312815,52.05495827496762
0.05744454463073576,6.968749327080482,66.43629447542656
0.14604069158232308,2.5265501370143735,53.587132476963966
0.027960132448448256,7.600187696497761,90.80451132556286
0.0375554120410493,0.8097427019857331,72.87004756597398
0.0312647847346377,5.703300130481052,95.56446269710314
0.16009786390638692,1.1255639030578333,81.10813351451074
0.11853538877540093,1.8591914145541333,87.90896851565948
0.011421372538165244,0.5807261780117363,85.97452846640724
0.07654082915586093,4.850192067548399,51.99751337574598
0.027267711686429233,5.372452563526324,70.43254740101119
0.024664186892026374,0.18977378544411933,79.41354985799131
0.1612455540282576,5.659744271617079,54.98472096792083
0.08767344340382507,3.414711317825637,99.53602403850688
0.020308448519296966,6.566214533210662,89.14840500196166
0.24192532524803323,0.5280794042362675,58.17893776534798
0.04805018743181659,6.92691682910925,67.4661031392506
0.055827733306533574,7.488789474812356,73.54633798191686
0.024349407797601058,1.8761560761458973,60.0015355028754
0.08937403963430615,1.0273765108639896,85.36799140820582
0.057971664905045114,7.066479237689462,68.23811511958567
0.03487919700294569,2.9639376361447143,87.3929190623696
0.012077645428588336,2.7706086639102607,89.10881181645999
0.02841305857404551,7.694492200345298,82.23220602259525
0.07116288634624471,6.025947712971947,76.86580842320069
0.07199849805430492,1.5202293506888735,66.55853792314254
0.1744604430158657,6.64689929020081,86.17015051460945
0.1702435025695322,6.325240764528115,57.93295887707442
0.26026865975267166,5.438263462081062,58.66895989795928
0.05765261875817061,4.938411924661655,58.03176947613455
0.05078448132921817,5.457082880224857,73.70382241643068
0.23111701241395172,2.0368679847721443,80.38600384376713
0.061772377746548424,3.7694528116312815,52.05495827496762
0.05744454463073576,6.968749327080482,66.43629447542656
0.12614860965312208,3.551980359541093,56.89633842672751
0.027960132448448256,7.600187696497761,90.80451132556286
0.058310477158014046,1.8885219712282086,83.91306069010753
0.0312647847346377,5.703300130481052,95.56446269710314
0.16009786390638692,1.1255639030578333,81.10813351451074
0.09496337142115802,3.8859208012450415,80.25287229182773
0.011421372538165244,0.5807261780117363,85.97452846640724
0.07654082915586093,4.850192067548399,51.99751337574598
0.01571150511896486,4.481811722331244,68.78174801439853
0.024664186892026374,0.18977378544411933,79.41354985799131
0.1612455540282576,5.659744271617079,54.98472096792083
0.08767344340382507,3.414711317825637,99.53602403850688
0.017679704601013174,6.889788203206397,89.51055355068117
0.24192532524803323,0.5280794042362675,58.17893776534798
0.04805018743181659,6.92691682910925,67.4661031392506
0.055827733306533574,7.488789474812356,73.54633798191686
0.024349407797601058,1.8761560761458973,60.0015355028754
0.08937403963430615,1.0273765108639896,85.36799140820582
0.04879780090801128,7.790119177700708,62.237966814268006
0.043673773559365,3.8574278082684965,87.92468809755123
0.012199275049944065,2.784661887847716,89.03563393369359
0.02841305857404551,7.694492200345298,82.23220602259525
0.10769295109235907,7.091718511763391,83.70048147523542
0.07199849805430492,1.5202293506888735,66.55853792314254
0.20751448768140268,6.492643187390373,78.09510459207709
0.1702435025695322,6.325240764528115,57.93295887707442
0.31776001219129846,5.9781510840708645,51.162313698281864
0.05838760432846535,4.729863783188903,56.9654765202538
0.05031943918618763,5.269737652779131,73.71834417724091
0.1939596063401903,2.435638801163238,77.95777700183322
0.061772377746548424,3.7694528116312815,52.05495827496762
0.05744454463073576,6.968749327080482,66.43629447542656
0.14874463022960602,2.4282421663140186,53.75875052556159
0.025091653559479607,7.857331794470454,93.97056206136543
0.058310477158014046,1.8885219712282086,83.91306069010753
0.03669014446709106,3.8101933228262936,96.96528896845508
0.14779236622906747,1.193604531344224,79.19483593269402
0.11383777926888691,5.8302391768094655,91.50799431879295
0.011421372538165244,0.5807261780117363,85.97452846640724
0.0743820753749153,5.07895508173874,52.79434843576581
0.014219071037664961,4.364602299284639,66.21177967525026
0.024664186892026374,0.18977378544411933,79.41354985799131
0.15777055706306187,5.402730321981101,53.846115013464846
0.08767344340382507,3.414711317825637,99.53602403850688
0.013290631338442507,6.833943529360791,90.089775963166
0.24192532524803323,0.5280794042362675,58.17893776534798
0.04805018743181659,6.92691682910925,67.4661031392506
0.055827733306533574,7.488789474812356,73.54633798191686
0.02174547148703603,1.246274873322668,59.763338879010576
0.06400158631779926,3.8022839786407543,84.06285217121848
0.04879780090801128,7.790119177700708,62.237966814268006
0.043673773559365,3.8574278082684965,87.92468809755123
0.012199275049944065,2.784661887847716,89.03563393369359
0.02841305857404551,7.694492200345298,82.23220602259525
0.10336590817495797,7.980022474860465,78.20261527268144
0.025907095041697636,0.9749043494237317,74.24570264005656
0.20751448768140268,6.492643187390373,78.09510459207709
0.17757028381505513,6.867136197787747,60.33362766519203
0.31776001219129846,5.9781510840708645,51.162313698281864
0.05838760432846535,4.729863783188903,56.9654765202538
0.05031943918618763,5.269737652779131,73.71834417724091
0.16835350393507192,3.0016734635546904,72.56932882494523
0.061772377746548424,3.7694528116312815,52.05495827496762
0.05744454463073576,6.968749327080482,66.43629447542656
0.14874463022960602,2.4282421663140186,53.75875052556159
0.025091653559479607,7.857331794470454,93.97056206136543
0.05772551959268111,2.1360327076205077,83.16679010903269
0.03623962331624213,3.821308633846012,96.34871377711266
0.1476858095930667,1.197819204946533,79.16834197746068
0.12537746290883614,5.597267136115236,96.63838782015247
0.011421372538165244,0.5807261780117363,85.97452846640724
0.0743820753749153,5.07895508173874,52.79434843576581
0.014219071037664961,4.364602299284639,66.21177967525026
0.025682974228488135,0.2899597776960814,78.86808611962235
0.15777055706306187,5.402730321981101,53.846115013464846
0.08767344340382507,3.414711317825637,99.53602403850688
0.01389461546142325,6.868313523425179,89.77594754029602
0.24192532524803323,0.5280794042362675,58.17893776534798
0.04805018743181659,6.92691682910925,67.4661031392506
0.08509432168605088,7.296592051379361,74.423981389627
0.02174547148703603,1.246274873322668,59.763338879010576
0.06791364928272997,3.7916716153631738,83.31964652073466
0.04879780090801128,7.790119177700708,62.237966814268006
0.045007240022627966,3.853810476274233,87.67135889014537
0.012199275049944065,2.784661887847716,89.03563393369359
0.02841305857404551,7.694492200345298,82.23220602259525
0.0969446248457783,7.8577735077299815,76.95627543565631
0.026414281504761376,0.9418318106925713,76.01070102501131
0.20751448768140268,6.492643187390373,78.09510459207709
0.2529118857620355,6.32712163328923,59.21944582367777
0.21826943398959375,4.785006035900247,63.700979721802646
0.05847289330841947,4.702646743427659,56.91858449345424
0.05031943918618763,5.269737652779131,73.71834417724091
0.12361474844644374,4.5180304716041375,79.25264708733751
0.061772377746548424,3.7694528116312815,52.05495827496762
0.05744454463073576,6.968749327080482,66.43629447542656
0.148990908151254,2.4242640944108613,53.57414740311631
0.025091653559479607,7.857331794470454,93.97056206136543
0.06058012488815457,2.893910198439287,83.57435484978842
0.03623962331624213,3.821308633846012,96.34871377711266
0.15109948814853677,0.5203723415874117,76.47355840905249
0.1255094608943052,5.598730896722791,96.67451870430955
0.011421372538165244,0.5807261780117363,85.97452846640724
0.0743820753749153,5.07895508173874,52.79434843576581
0.014219071037664961,4.364602299284639,66.21177967525026
0.029039190573497256,0.5403934319769914,79.32070920596632
0.15777055706306187,5.402730321981101,53.846115013464846
0.08767344340382507,3.414711317825637,99.53602403850688
0.01389461546142325,6.868313523425179,89.77594754029602
0.24192532524803323,0.5280794042362675,58.17893776534798
0.04805018743181659,6.92691682910925,67.4661031392506
0.08509432168605088,7.296592051379361,74.423981389627
0.017980594160910482,0.5774060541436739,50.26023376153011
0.06791364928272997,3.7916716153631738,83.31964652073466
0.04879780090801128,7.790119177700708,62.237966814268006
0.04454875446261817,3.3907808219020845,90.71571580874237
0.012290761894661096,3.005030847693698,89.07558399653085
0.049639661983094496,7.745066085410512,80.59806729973906
0.0969446248457783,7.8577735077299815,76.95627543565631
0.03080537787188635,2.285297475610804,73.30882907768064
0.3176568016206893,5.753540032534165,75.55090420892066
0.23641757744095676,6.189317022418193,59.02426318203861
0.29122045855196915,5.267930602230464,69.1545430432086
0.05480392390906295,5.525160086689218,61.12666462045322
0.049217068399882255,5.31811738833554,74.20431585906064
0.12361474844644374,4.5180304716041375,79.25264708733751
0.0626993470764058,3.7551559795481504,52.071104404941515
0.0530333000262565,5.863947472348679,73.96791537535475
0.148990908151254,2.4242640944108613,53.57414740311631
0.025091653559479607,7.857331794470454,93.97056206136543
0.06058012488815457,2.893910198439287,83.57435484978842
0.0556116805246981,5.199341687503323,87.65503263153562
0.15109948814853677,0.5203723415874117,76.47355840905249
0.1255094608943052,5.598730896722791,96.67451870430955
0.011308927171624265,0.2621485221065427,85.53204740859124
0.0743820753749153,5.07895508173874,52.79434843576581
0.08122719930448154,2.4827067036285744,71.23530751183877
0.029039190573497256,0.5403934319769914,79.32070920596632
0.15777055706306187,5.402730321981101,53.846115013464846
0.08767344340382507,3.414711317825637,99.53602403850688
0.01389461546142325,6.868313523425179,89.77594754029602
0.24192532524803323,0.5280794042362675,58.17893776534798
0.04805018743181659,6.92691682910925,67.4661031392506
0.09161946338959846,7.0224674326320295,78.01639531675072
0.04627362198368804,1.4297320274392065,59.643319918568174
0.11959096744399067,4.522512589975966,77.97200230050947
0.04879780090801128,7.790119177700708,62.237966814268006
0.04454875446261817,3.3907808219020845,90.71571580874237
0.012290761894661096,3.005030847693698,89.07558399653085
0.049639661983094496,7.745066085410512,80.59806729973906
0.0824677327094626,7.685295436117871,79.19094117088699
0.03080537787188635,2.285297475610804,73.30882907768064
0.22137414205757758,5.140486601610232,77.38768981040432
0.23641757744095676,6.189317022418193,59.02426318203861
0.29122045855196915,5.267930602230464,69.1545430432086
0.05480392390906295,5.525160086689218,61.12666462045322
0.049217068399882255,5.31811738833554,74.20431585906064
0.12361474844644374,4.5180304716041375,79.25264708733751
0.0626993470764058,3.7551559795481504,52.071104404941515
0.0531674776515984,5.802927710991259,74.3395118742253
0.148990908151254,2.4242640944108613,53.57414740311631
0.025091653559479607,7.857331794470454,93.97056206136543
0.06058012488815457,2.893910198439287,83.57435484978842
0.050105159265563075,5.678904796908993,88.7945007292435
0.15109948814853677,0.5203723415874117,76.47355840905249
0.1255094608943052,5.598730896722791,96.67451870430955
0.011308927171624265,0.2621485221065427,85.53204740859124
0.0743820753749153,5.07895508173874,52.79434843576581
0.0947363765832984,2.2136603100787813,63.16199046076724
0.06266122681912861,1.1466511837851154,78.01700352997037
0.2065006636112175,4.335145015195192,50.09347218035507
0.08724789157038032,3.4420346665324604,99.038749555246
0.04791855485113734,5.294156849610463,86.47723319673226
0.24192532524803323,0.5280794042362675,58.17893776534798
0.04805018743181659,6.92691682910925,67.4661031392506
0.07725874111480435,6.375935662887921,68.89463589541015
0.04627362198368804,1.4297320274392065,59.643319918568174
0.11959096744399067,4.522512589975966,77.97200230050947
0.04879780090801128,7.790119177700708,62.237966814268006
0.045817362138591895,3.3923035932067402,90.96299632102897
0.012290761894661096,3.005030847693698,89.07558399653085
0.049639661983094496,7.745066085410512,80.59806729973906
0.0824677327094626,7.685295436117871,79.19094117088699
0.03080537787188635,2.285297475610804,73.30882907768064
0.22137414205757758,5.140486601610232,77.38768981040432
0.23641757744095676,6.189317022418193,59.02426318203861
0.28004754497600065,5.455777858325908,67.08923663787652
0.05554968556922944,5.398575761848058,55.10530286869839
0.026678235846788037,5.572927816239008,72.99762907646311
0.12877819226541326,4.0919989055813435,74.02768428692727
0.0626993470764058,3.7551559795481504,52.071104404941515
0.055394073683347964,7.215394206393372,79.08612744997824
0.148990908151254,2.4242640944108613,53.57414740311631
0.038571862298698106,6.76912804749321,76.76945706373215
0.0665993462348697,2.774032447049421,79.97716448581201
0.050105159265563075,5.678904796908993,88.7945007292435
0.1264125983192521,1.9872782996372549,68.85382741551689
0.11373021373230795,5.655037064408393,99.0443625483164
0.011308927171624265,0.2621485221065427,85.53204740859124
0.0743820753749153,5.07895508173874,52.79434843576581
0.08830649967987461,2.7128870134860463,66.85478433145013
0.06036267677148546,1.0701878189649867,79.08153452200018
0.2065006636112175,4.335145015195192,50.09347218035507
0.07627625250519186,4.102786587117725,96.0126878296173
0.05014831148358291,5.242891889865034,86.72400765365069
0.2692900152016355,0.4276361148588381,55.04431485751526
0.05242616807179089,7.204150739334308,66.33350416650568
0.07725874111480435,6.375935662887921,68.89463589541015
0.04627362198368804,1.4297320274392065,59.643319918568174
0.08203897965600879,5.748651418865538,84.0477191396145
0.04879780090801128,7.790119177700708,62.237966814268006
0.04275320080688034,2.1690688356588375,94.76311519966532
0.013033096006686826,3.034231352105225,89.02207215474135
0.05021435383701683,7.714310838613257,93.13148937909186
0.0824677327094626,7.685295436117871,79.19094117088699
0.03080537787188635,2.285297475610804,73.30882907768064
0.1978586300610934,5.192717163455572,76.85745510817839
0.3371896195643558,7.601347173960031,63.05771440765788
0.38014461656708326,6.842199222446119,55.4156579299573
0.056460008097208365,5.0371452240351955,51.178645483357414
0.026678235846788037,5.572927816239008,72.99762907646311
0.12877819226541326,4.0919989055813435,74.02768428692727
0.0626993470764058,3.7551559795481504,52.071104404941515
0.0536315095125193,7.914010422171639,78.94596932825287
0.148990908151254,2.4242640944108613,53.57414740311631
0.03875208400137513,6.570858880347424,77.54500960517319
0.0665993462348697,2.774032447049421,79.97716448581201
0.050105159265563075,5.678904796908993,88.7945007292435
0.1174423907915069,1.8136668426698233,74.92433941081718
0.11373021373230795,5.655037064408393,99.0443625483164
0.011308927171624265,0.2621485221065427,85.53204740859124
0.07259323358851047,5.11141159794218,52.09608023931004
0.07314747731578652,4.610393647672573,66.63454953081724
0.06653478460563896,1.1718580422430458,78.26990928547087
0.2065006636112175,4.335145015195192,50.09347218035507
0.07650709115839412,4.636869797899887,89.64121998284992
0.06943480906437105,4.9716853886978285,98.00363756702335
0.2692900152016355,0.4276361148588381,55.04431485751526
0.05242616807179089,7.204150739334308,66.33350416650568
0.07725874111480435,6.375935662887921,68.89463589541015
0.04627362198368804,1.4297320274392065,59.643319918568174
0.07425641654852773,5.625226427254367,84.70083760491912
0.04879780090801128,7.790119177700708,62.237966814268006
0.04275320080688034,2.1690688356588375,94.76311519966532
0.013033096006686826,3.034231352105225,89.02207215474135
0.05021435383701683,7.714310838613257,93.13148937909186
0.0824677327094626,7.685295436117871,79.19094117088699
0.030397406420837558,2.3078628214144343,73.66925380078868
0.20541496412860144,5.392290996278356,76.50466787651109
0.22544388239769983,6.335540497116906,64.57147306056548
0.2620859573127275,6.1838353418109335,53.87027703880456
0.0499976682323085,4.360407318432448,56.7552934527486
0.026678235846788037,5.572927816239008,72.99762907646311
0.12769212970857102,4.102119378049816,73.88335022896
0.06010876676311026,4.624886558694856,55.66764370655997
0.052573037807437405,7.243119587022202,81.90211125815814
0.16491759911568588,2.1786235764085733,53.85156156783885
0.03875208400137513,6.570858880347424,77.54500960517319
0.0636540877463436,1.9480626631064215,85.9784875304679
0.050105159265563075,5.678904796908993,88.7945007292435
0.10870493042412259,2.2589172755289524,76.45640782872778
0.11373021373230795,5.655037064408393,99.0443625483164
0.011411698976883669,0.268381060513468,85.56221803718853
0.07259323358851047,5.11141159794218,52.09608023931004
0.07314747731578652,4.610393647672573,66.63454953081724
0.06767462097909997,0.6845085834912243,79.23425250724047
0.2254293060117154,3.157177146794445,51.58596618201936
0.07650709115839412,4.636869797899887,89.64121998284992
0.06943480906437105,4.9716853886978285,98.00363756702335
0.1813665125887548,2.3026128375492787,60.23979177734096
0.05242616807179089,7.204150739334308,66.33350416650568
0.07725874111480435,6.375935662887921,68.89463589541015
0.03641820761991124,1.1598838107414178,59.372242613940145
0.07588348597647257,5.58189059908588,85.02877022988976
0.04879780090801128,7.790119177700708,62.237966814268006
0.04275320080688034,2.1690688356588375,94.76311519966532
0.06309606210308771,3.667344005085219,81.95608978502148
0.05021435383701683,7.714310838613257,93.13148937909186
0.0824677327094626,7.685295436117871,79.19094117088699
0.024111204031915398,0.9088486364720021,71.33545742250631
0.20541496412860144,5.392290996278356,76.50466787651109
0.20934846300603033,4.600037898910777,60.49917917835444
0.2620859573127275,6.1838353418109335,53.87027703880456
0.04739042618458804,4.902579823059457,53.43978494427586
0.03367839665804127,5.604594625137458,77.71786655312502
0.12209673507554494,4.354390736200099,73.32987115119097
0.05796357084128727,4.321340700410331,60.499952040397496
0.052573037807437405,7.243119587022202,81.90211125815814
0.18393317011887084,1.8596118331778078,54.06886883847295
0.03875208400137513,6.570858880347424,77.54500960517319
0.0636540877463436,1.9480626631064215,85.9784875304679
0.050105159265563075,5.678904796908993,88.7945007292435
0.1148763323573192,1.655847811292539,74.97943003971096
0.11858114739688774,5.653217328644633,99.8258377104543
0.012195536916461972,0.4562278039119807,85.28607918657669
0.06822912762280932,5.57609234602317,58.593353253303334
0.07314747731578652,4.610393647672573,66.63454953081724
0.06767462097909997,0.6845085834912243,79.23425250724047
0.2254293060117154,3.157177146794445,51.58596618201936
0.08368228652223904,4.353678222215061,89.87133102501213
0.06943480906437105,4.9716853886978285,98.00363756702335
0.20234755586731382,1.8335228071577823,57.75680090847069
0.053335188787446114,7.547377714785485,66.72880317898127
0.07725874111480435,6.375935662887921,68.89463589541015
0.029081038106583967,0.758628088998007,55.759727221327545
0.058984192847830394,6.031991160631521,81.62275112545373
0.04879780090801128,7.790119177700708,62.237966814268006
0.04327214266258736,2.4168124535253543,94.34181740715366
0.03324641658383114,2.5989917723993625,72.34259386502433
0.05021435383701683,7.714310838613257,93.13148937909186
0.0824677327094626,7.685295436117871,79.19094117088699
0.02608595223409457,1.4593002316514871,70.60772434074013
0.2522353283205947,5.9597675941870945,74.7112479197234
0.20934846300603033,4.600037898910777,60.49917917835444
0.30255082061869976,5.919522275449053,51.377742490288604
0.02410849341208962,4.763638389601485,53.393101680999514
0.026013515105528545,5.600205046944735,75.72199505529187
0.18965357331942248,1.1966547936765837,54.71982100343227
0.06159446857214418,4.397003875061435,61.695334326771786
0.052573037807437405,7.243119587022202,81.90211125815814
0.18393317011887084,1.8596118331778078,54.06886883847295
0.03875208400137513,6.570858880347424,77.54500960517319
0.0673806192199386,0.34921364901441976,83.99512337315508
0.05203673244628476,5.728488168058156,87.37892154612025
0.0942783110377372,2.9352288940194162,79.37279065078721
0.11858114739688774,5.653217328644633,99.8258377104543
0.012195536916461972,0.4562278039119807,85.28607918657669
0.06822912762280932,5.57609234602317,58.593353253303334
0.07254226425505332,4.625141663069321,65.29962230298696
0.06767462097909997,0.6845085834912243,79.23425250724047
0.2254293060117154,3.157177146794445,51.58596618201936
0.08368228652223904,4.353678222215061,89.87133102501213
0.06943480906437105,4.9716853886978285,98.00363756702335
0.20234755586731382,1.8335228071577823,57.75680090847069
0.055049386813138305,7.455671440704562,68.42541432060071
0.08985478440223268,7.521973540353696,65.72130110836902
0.029081038106583967,0.758628088998007,55.759727221327545
0.058984192847830394,6.031991160631521,81.62275112545373
0.04879780090801128,7.790119177700708,62.237966814268006
0.028841090427500445,0.47705971525728064,99.92007470884039
0.03324641658383114,2.5989917723993625,72.34259386502433
0.05021435383701683,7.714310838613257,93.13148937909186
0.0824677327094626,7.685295436117871,79.19094117088699
0.02608595223409457,1.4593002316514871,70.60772434074013
0.287919067614093,6.835544518512986,70.68453169140113
0.20934846300603033,4.600037898910777,60.49917917835444
0.30255082061869976,5.919522275449053,51.377742490288604
0.02410849341208962,4.763638389601485,53.393101680999514
0.03369112470153128,6.147376195159662,73.19483595617879
0.18965357331942248,1.1966547936765837,54.71982100343227
0.059388508692961736,4.049485671534471,59.84633713562015
0.05493592617581506,6.924816997989694,84.15846432146397
0.2204302020055061,2.1191022147168166,53.67035115897512
0.041547689547832084,6.9101647637935235,73.28523858795091
0.0673806192199386,0.34921364901441976,83.99512337315508
0.0360413798207285,5.965689944635813,90.68079849959626
0.09477431621572552,2.9379614874420468,79.42992494162344
0.11858114739688774,5.653217328644633,99.8258377104543
0.012195536916461972,0.4562278039119807,85.28607918657669
0.06822912762280932,5.57609234602317,58.593353253303334
0.08402988779944937,5.647134282801079,67.8211968894186
0.0699928155253637,2.0611435827503852,76.73331945333304
0.2254293060117154,3.157177146794445,51.58596618201936
0.07113861620815179,4.898625631376956,88.88338931554206
0.07184771533040907,4.627380425302474,98.61527952621039
0.20234755586731382,1.8335228071577823,57.75680090847069
0.055245469381177914,7.507883308593346,68.189780771682
0.08985478440223268,7.521973540353696,65.72130110836902
0.029081038106583967,0.758628088998007,55.759727221327545
0.058984192847830394,6.031991160631521,81.62275112545373
0.04879780090801128,7.790119177700708,62.237966814268006
0.028841090427500445,0.47705971525728064,99.92007470884039
0.022036139492586593,2.460768756097345,73.21529326973632
0.05021435383701683,7.714310838613257,93.13148937909186
0.08276405446255533,7.758182927541924,78.93742773710315
0.02608595223409457,1.4593002316514871,70.60772434074013
0.287919067614093,6.835544518512986,70.68453169140113
0.20686337505601338,4.525226509188832,60.780954757281044
0.30255082061869976,5.919522275449053,51.377742490288604
0.058734871408355926,4.90738116302491,53.142476749668496
0.03369112470153128,6.147376195159662,73.19483595617879
0.14383574429880314,2.627835051555986,67.92744112001279
0.05956703835356467,3.8151664328133466,61.67738005134855
0.05625788568316952,6.9262637650911305,85.23209070957138
0.2204302020055061,2.1191022147168166,53.67035115897512
0.029425460286361345,7.516276460403437,79.96023121051365
0.0673806192199386,0.34921364901441976,83.99512337315508
0.028580955445236367,6.055990248937784,98.11797491015699
0.09677594459837158,2.834775990736991,79.04649327235109
0.11708259974798019,5.662741483690583,99.36812652686757
0.012195536916461972,0.4562278039119807,85.28607918657669
0.06822912762280932,5.57609234602317,58.593353253303334
0.0944979113379429,5.694199655485537,73.93465493273493
0.06283363212982306,3.2815646823570384,75.86549263135223
0.1702674115174445,3.779778534448165,64.92051360298785
0.07339733571781126,5.215218592136097,86.08812374753222
0.05760581329480939,3.6315216220053785,95.4329453600945
0.20234755586731382,1.8335228071577823,57.75680090847069
0.05517174157829108,7.5628294879392435,68.50771623921266
0.08985478440223268,7.521973540353696,65.72130110836902
0.029081038106583967,0.758628088998007,55.759727221327545
0.055645446070404725,6.1297680430235655,82.17855815103476
0.04879780090801128,7.790119177700708,62.237966814268006
0.028841090427500445,0.47705971525728064,99.92007470884039
0.022036139492586593,2.460768756097345,73.21529326973632
0.05021435383701683,7.714310838613257,93.13148937909186
0.08351180338891424,7.626654028553888,78.61862224688701
0.01280798019284727,1.8162397515335962,66.30311255834309
0.29266029412210864,6.5387195967569065,64.42842138690347
0.26218364086434376,3.961559468407798,52.98422706516234
0.18583810195495548,5.5464662335575365,61.685098914927075
0.058734871408355926,4.90738116302491,53.142476749668496
0.044399108659035735,5.094376079097898,74.17612930933744
0.14383574429880314,2.627835051555986,67.92744112001279
0.060769397554614704,3.936882224699602,63.799567413961285
0.05625788568316952,6.9262637650911305,85.23209070957138
0.2204302020055061,2.1191022147168166,53.67035115897512
0.029425460286361345,7.516276460403437,79.96023121051365
0.0673806192199386,0.34921364901441976,83.99512337315508
0.028580955445236367,6.055990248937784,98.11797491015699
0.05979058244526164,2.9974155605744293,87.78520812603495
0.13472216035655696,6.699364140708543,99.2577915667827
0.012195536916461972,0.4562278039119807,85.28607918657669
0.06822912762280932,5.57609234602317,58.593353253303334
0.0944979113379429,5.694199655485537,73.93465493273493
0.06283363212982306,3.2815646823570384,75.86549263135223
0.21633167078620016,4.855513905392669,53.52073423626513
0.07339733571781126,5.215218592136097,86.08812374753222
0.05760581329480939,3.6315216220053785,95.4329453600945
0.20234755586731382,1.8335228071577823,57.75680090847069
0.05517174157829108,7.5628294879392435,68.50771623921266
0.08985478440223268,7.521973540353696,65.72130110836902
0.029081038106583967,0.758628088998007,55.759727221327545
0.06773424960596247,5.835540880019057,80.08716255122727
0.04879780090801128,7.790119177700708,62.237966814268006
0.028841090427500445,0.47705971525728064,99.92007470884039
0.01931600834641895,2.2598890535730423,72.80625259784418
0.05021435383701683,7.714310838613257,93.13148937909186
0.08351180338891424,7.626654028553888,78.61862224688701
0.01280798019284727,1.8162397515335962,66.30311255834309
0.32464541610406134,6.638713606247251,62.20170394605696
0.26218364086434376,3.961559468407798,52.98422706516234
0.18583810195495548,5.5464662335575365,61.685098914927075
0.033468241020782746,4.9156967559365965,53.08183280167653
0.044399108659035735,5.094376079097898,74.17612930933744
0.16058305807962792,2.8165692999403253,65.81283915467901
0.08515670556725566,6.38286124980251,69.98701487307405
0.05625788568316952,6.9262637650911305,85.23209070957138
0.15666307318923114,3.8031690479227396,63.443249000831436
0.029425460286361345,7.516276460403437,79.96023121051365
0.06729185267917964,0.37902080085964496,84.0989920227604
0.02656161743543327,6.093873767281271,98.66001635922572
0.0446098178108419,2.0817709196509346,97.42361216012166
0.13472216035655696,6.699364140708543,99.2577915667827
0.012195536916461972,0.4562278039119807,85.28607918657669
0.06822912762280932,5.57609234602317,58.593353253303334
0.08800350739563519,5.616443374080012,73.96595771961837
0.08508422456763372,4.5230296133920005,71.72604719837886
0.21633167078620016,4.855513905392669,53.52073423626513
0.05682047347852277,4.814035605528834,82.5281988645351
0.05760581329480939,3.6315216220053785,95.4329453600945
0.15112855511085055,3.821063440241459,59.45252638344434
0.05517174157829108,7.5628294879392435,68.50771623921266
0.08687305499834322,7.2475703534312945,66.52025261896428
0.03386536521652208,1.387026365846597,58.77087180283216
0.06773424960596247,5.835540880019057,80.08716255122727
0.04939032943497105,7.768990078445758,62.820809608599546
0.028841090427500445,0.47705971525728064,99.92007470884039
0.01931600834641895,2.2598890535730423,72.80625259784418
0.05021435383701683,7.714310838613257,93.13148937909186
0.08351180338891424,7.626654028553888,78.61862224688701
0.01280798019284727,1.8162397515335962,66.30311255834309
0.32464541610406134,6.638713606247251,62.20170394605696
0.20160626950402893,4.213020157252594,61.69901352824276
0.18583810195495548,5.5464662335575365,61.685098914927075
0.033468241020782746,4.9156967559365965,53.08183280167653
0.044399108659035735,5.094376079097898,74.17612930933744
0.16058305807962792,2.8165692999403253,65.81283915467901
0.0677298256658136,5.888203502573956,64.28739542693287
0.05625788568316952,6.9262637650911305,85.23209070957138
0.11381800913398271,3.211392203572971,64.29501611424143
0.029425460286361345,7.516276460403437,79.96023121051365
0.06729185267917964,0.37902080085964496,84.0989920227604
0.02656161743543327,6.093873767281271,98.66001635922572
0.0446098178108419,2.0817709196509346,97.42361216012166
0.13472216035655696,6.699364140708543,99.2577915667827
0.014131937503997157,0.5533363177376396,86.01116471470498
0.06822912762280932,5.57609234602317,58.593353253303334
0.1125416501313811,6.815549618403584,74.38025450146918
0.08508422456763372,4.5230296133920005,71.72604719837886
0.21112637536109324,4.842327523379651,54.24275995946678
0.01621803036487185,4.982579041549053,88.36935066212936
0.05760581329480939,3.6315216220053785,95.4329453600945
0.141044174782205,4.127250670273822,61.15180523450403
0.05517174157829108,7.5628294879392435,68.50771623921266
0.08687305499834322,7.2475703534312945,66.52025261896428
0.03386536521652208,1.387026365846597,58.77087180283216
0.07491815626840262,7.001698529490315,74.70136812601359
0.04939032943497105,7.768990078445758,62.820809608599546
0.028841090427500445,0.47705971525728064,99.92007470884039
0.01931600834641895,2.2598890535730423,72.80625259784418
0.06003945873606292,7.430893307691415,85.80152974568837
0.08055131642828747,7.239494622873099,79.77212233569202
0.01280798019284727,1.8162397515335962,66.30311255834309
0.2940267841840252,6.293910425334211,66.01198204113442
0.20160626950402893,4.213020157252594,61.69901352824276
0.17683678309684517,5.797103236284316,64.33418708762828
0.033468241020782746,4.9156967559365965,53.08183280167653
0.052388439375426706,5.923409941638056,76.16719887896997
0.18475643509776887,2.9802054398214315,65.73263913720503
0.0677298256658136,5.888203502573956,64.28739542693287
0.06716565255239212,7.232009792323855,80.29986551205522
0.11347665149387051,3.154434814748096,63.72408594859263
0.029425460286361345,7.516276460403437,79.96023121051365
0.06729185267917964,0.37902080085964496,84.0989920227604
0.02656161743543327,6.093873767281271,98.66001635922572
0.0446098178108419,2.0817709196509346,97.42361216012166
0.13472216035655696,6.699364140708543,99.2577915667827
0.014131937503997157,0.5533363177376396,86.01116471470498
0.06598188979268102,5.164741165078165,66.38633785987514
0.09416639445045223,5.547689769104027,70.73460195929187
0.08170725631561665,4.704638021399882,72.2256374848201
0.21430413492900463,4.753844474835045,53.30754530706535
0.01375767019532459,4.510586515517085,89.93585244807161
0.0604307441856851,3.242095558280071,96.9840028700461
0.141044174782205,4.127250670273822,61.15180523450403
0.05517174157829108,7.5628294879392435,68.50771623921266
0.08701286750659133,7.260466803725436,66.48250401316727
0.03386536521652208,1.387026365846597,58.77087180283216
0.07491815626840262,7.001698529490315,74.70136812601359
0.04939032943497105,7.768990078445758,62.820809608599546
0.028841090427500445,0.47705971525728064,99.92007470884039
0.01931600834641895,2.2598890535730423,72.80625259784418
0.06003945873606292,7.430893307691415,85.80152974568837
0.10071662629561426,6.982589304974521,88.72224229433834
0.032062654890569975,2.283537141125468,66.07198839739398
0.20355023584367424,4.587439363750003,63.49373524222916
0.22343593213545174,3.703049758147767,61.53813399115662
0.17683678309684517,5.797103236284316,64.33418708762828
0.04123612358270354,3.87381020649181,60.20518948715231
0.052388439375426706,5.923409941638056,76.16719887896997
0.11818976027680869,2.5534680721283363,80.78518008906642
0.0677298256658136,5.888203502573956,64.28739542693287
0.02893410886476669,7.973339988414181,85.0109867262361
0.11347665149387051,3.154434814748096,63.72408594859263
0.029425460286361345,7.516276460403437,79.96023121051365
0.06729185267917964,0.37902080085964496,84.0989920227604
0.02656161743543327,6.093873767281271,98.66001635922572
0.0446098178108419,2.0817709196509346,97.42361216012166
0.13472216035655696,6.699364140708543,99.2577915667827
0.014066599668105279,0.5318276489743936,86.17759384098116
0.09805937385807274,5.030128880605676,65.7118555604321
0.10350672899054217,4.842122427418978,68.80970251192095
0.08170725631561665,4.704638021399882,72.2256374848201
0.3553732475137553,4.62758437695646,53.48362242398242
0.01692448194798519,4.743982523063877,88.29730614441752
0.0656590893453017,3.624205874708874,90.651337015677
0.13002124152149766,4.505407488947016,63.497697756163475
0.06262557040427558,7.844053778445276,61.40413091961804
0.08701286750659133,7.260466803725436,66.48250401316727
0.03452456902863684,1.5064174242888015,53.37194109936113
0.06183395609434569,6.839557657357038,80.82242537350155
0.04186077570597589,5.097115882142998,76.41454462608341
0.028841090427500445,0.47705971525728064,99.92007470884039
0.017133095892682543,2.6684692980651965,66.5924373833755
0.06003945873606292,7.430893307691415,85.80152974568837
0.10071662629561426,6.982589304974521,88.72224229433834
0.030514285343274317,1.415296053245371,82.34027875124976
0.25385956202807824,3.4156592406638384,51.15118307462373
0.2307703573996754,3.6078418976717583,60.91084749093484
0.18982337902577465,5.962655175420096,63.53883699224177
0.04123612358270354,3.87381020649181,60.20518948715231
0.01826492192140383,5.17554564556087,67.30234649317981
0.18317215393222902,2.484610209163069,68.96768068728262
0.058191628986375726,5.990258463594259,71.71162754965587
0.028118995876373426,7.990969994027145,85.10831481598893
0.11347665149387051,3.154434814748096,63.72408594859263
0.029425460286361345,7.516276460403437,79.96023121051365
0.05760773241322651,1.6982777476511206,87.34411003404479
0.023366891370667137,6.362869488440822,98.81810735514259
0.04507143937665151,2.6309470789419533,94.08225434088521
0.13472216035655696,6.699364140708543,99.2577915667827
0.021398538003346797,4.201622560280944,85.60227948848117
0.12003474699319766,5.477314393641695,67.8414599231609
0.10463241148754662,4.876648499768521,68.75626614214401
0.08100722692835738,4.7459148532500475,72.0613962537126
0.3553732475137553,4.62758437695646,53.48362242398242
0.01692448194798519,4.743982523063877,88.29730614441752
0.0656590893453017,3.624205874708874,90.651337015677
0.22588153298459085,3.9305886398347902,60.23421576113928
0.06262557040427558,7.844053778445276,61.40413091961804
0.08701286750659133,7.260466803725436,66.48250401316727
0.03452456902863684,1.5064174242888015,53.37194109936113
0.08169956917114132,6.424745628351976,81.35092924916644
0.08354552469208967,5.816352588800535,86.6686994433291
0.028841090427500445,0.47705971525728064,99.92007470884039
0.017133095892682543,2.6684692980651965,66.5924373833755
0.06003945873606292,7.430893307691415,85.80152974568837
0.10071662629561426,6.982589304974521,88.72224229433834
0.024359611180419998,3.2965386022807763,84.54268201101469
0.1993954811562832,3.8476380839992737,57.641530451148526
0.28038581844362037,4.139130466773665,62.816856886040284
0.23952558070922464,5.659124459542012,60.43381210989398
0.03232771087339244,2.220257938848288,59.70584674192874
0.020748303749613374,3.861446903536495,62.224076716120656
0.12944334250629363,3.9352766680219835,70.72487739890369
0.014757006805813808,7.031783292209294,74.47568532880838
0.028118995876373426,7.990969994027145,85.10831481598893
0.12949782784102074,2.323014900295475,60.62927976319327
0.029425460286361345,7.516276460403437,79.96023121051365
0.044449930189934594,1.376535721724705,90.94923034864544
0.023366891370667137,6.362869488440822,98.81810735514259
0.044271572344866186,2.70687415548088,93.28318130062965
0.13472216035655696,6.699364140708543,99.2577915667827
0.01308404982642547,6.7430355608714105,88.57755573862732
0.16710133816882472,4.375677357703982,57.34383979669326
0.16656583492386412,2.702897355901264,59.52972655155746
0.13296156370097265,4.351708738048604,65.73328060568564
0.3553732475137553,4.62758437695646,53.48362242398242
0.01692448194798519,4.743982523063877,88.29730614441752
0.07591741285328399,4.501071657193028,88.06885799558206
0.22588153298459085,3.9305886398347902,60.23421576113928
0.06262557040427558,7.844053778445276,61.40413091961804
0.08762830949317806,7.516792344302031,62.89952047741549
0.03452456902863684,1.5064174242888015,53.37194109936113
0.08169956917114132,6.424745628351976,81.35092924916644
0.08354552469208967,5.816352588800535,86.6686994433291
0.028841090427500445,0.47705971525728064,99.92007470884039
0.01712911562778529,2.7080692032643916,67.0065570020538
0.05812371178210711,7.683018537814304,83.20826682408524
0.06558460669770816,6.701114407086401,93.30775418417412
0.024359611180419998,3.2965386022807763,84.54268201101469
0.12791468185822413,3.6225811773696988,68.62736904413306
0.35015133977082397,4.390223606131954,67.2749114992433
0.3630868465045793,4.13299321821717,59.75606302357189
0.03203137144729969,2.0720977449982536,63.123787243745724
0.01903662975989667,4.504998174574144,68.10965475586896
0.2284198016082302,4.002505207141065,78.46560927348962
0.014757006805813808,7.031783292209294,74.47568532880838
0.028118995876373426,7.990969994027145,85.10831481598893
0.1416121089169331,2.5250677276071674,60.57962493454015
0.029425460286361345,7.516276460403437,79.96023121051365
0.03428709973048601,0.29951562270958254,91.09197242605553
0.023366891370667137,6.362869488440822,98.81810735514259
0.044271572344866186,2.70687415548088,93.28318130062965
0.13472216035655696,6.699364140708543,99.2577915667827
0.01308404982642547,6.7430355608714105,88.57755573862732
0.16710133816882472,4.375677357703982,57.34383979669326
0.13602979934359727,4.565094933586295,60.83329094196292
0.13326344918668157,4.528521650270296,66.17812508450683
0.2575752627709052,4.583965702291905,59.073185724939705
0.01692448194798519,4.743982523063877,88.29730614441752
0.08185464840937315,4.289224524345819,88.02079024651029
0.22588153298459085,3.9305886398347902,60.23421576113928
0.06262557040427558,7.844053778445276,61.40413091961804
0.08762830949317806,7.516792344302031,62.89952047741549
0.03452456902863684,1.5064174242888015,53.37194109936113
0.08122516578536489,6.432881563174702,81.70292251267264
0.08354552469208967,5.816352588800535,86.6686994433291
0.030415635745342565,0.42572832669754157,97.36770170661839
0.01712911562778529,2.7080692032643916,67.0065570020538
0.05812371178210711,7.683018537814304,83.20826682408524
0.06957125716283236,7.516544747848121,93.58999862574797
0.01942701670323352,3.2810191407477625,85.13767339110646
0.1263592088030281,3.359124962381408,69.33963277722368
0.3450705168432002,4.371431238657549,66.98704971481068
0.3838112335763778,4.153074479017477,56.87678488451826
0.03203137144729969,2.0720977449982536,63.123787243745724
0.01903662975989667,4.504998174574144,68.10965475586896
0.2284198016082302,4.002505207141065,78.46560927348962
0.014757006805813808,7.031783292209294,74.47568532880838
0.028118995876373426,7.990969994027145,85.10831481598893
0.1416121089169331,2.5250677276071674,60.57962493454015
0.030045982786103646,7.516281960436007,79.77834054681325
0.03428709973048601,0.29951562270958254,91.09197242605553
0.023366891370667137,6.362869488440822,98.81810735514259
0.044271572344866186,2.70687415548088,93.28318130062965
0.13472216035655696,6.699364140708543,99.2577915667827
0.01308404982642547,6.7430355608714105,88.57755573862732
0.12670824674815095,4.431225124323644,70.95455533361324
0.16236642865280376,4.578623467520537,59.195290217923514
0.0895824449121363,4.3917880268175695,75.19511670283784
0.30718861805565967,3.847298464258965,53.44383366164483
0.018529247373957072,4.16937186861218,89.86250123984432
0.08175659471196711,4.285096195307698,88.03451974803292
0.13485064005438643,2.174985455469753,75.84805920646562
0.06262557040427558,7.844053778445276,61.40413091961804
0.08762830949317806,7.516792344302031,62.89952047741549
0.03452456902863684,1.5064174242888015,53.37194109936113
0.08122516578536489,6.432881563174702,81.70292251267264
0.08354552469208967,5.816352588800535,86.6686994433291
0.030415635745342565,0.42572832669754157,97.36770170661839
0.01762919336535869,1.7965624715804793,65.4319476246541
0.05812371178210711,7.683018537814304,83.20826682408524
0.05976847272235427,7.429851743315015,90.17166321557171
0.01942701670323352,3.2810191407477625,85.13767339110646
0.12295135843482577,3.554713458100465,70.71897836368777
0.34852826558605066,4.343582456548495,66.90865806689705
0.3838112335763778,4.153074479017477,56.87678488451826
0.03203137144729969,2.0720977449982536,63.123787243745724
0.03358309135723272,5.143719203121427,67.00472455889474
0.1988999729074424,4.852161747963319,85.01627214412622
0.014757006805813808,7.031783292209294,74.47568532880838
0.028118995876373426,7.990969994027145,85.10831481598893
0.1416121089169331,2.5250677276071674,60.57962493454015
0.030045982786103646,7.516281960436007,79.77834054681325
0.03427446349828548,0.23529388319732703,93.09913325975992
0.023366891370667137,6.362869488440822,98.81810735514259
0.044271572344866186,2.70687415548088,93.28318130062965
0.13472216035655696,6.699364140708543,99.2577915667827
0.01880697929223207,6.002397473251499,89.44104090863121
0.09082138871783824,2.9384346244057653,80.7983514894186
0.14374914044561968,4.131225834954454,58.34725054461112
0.1508208424030991,0.8057846474426231,65.3182162687834
0.30718861805565967,3.847298464258965,53.44383366164483
0.014141702415225887,4.172860043589796,90.10074147926153
0.108071502404281,3.7976742161314245,99.69910228886918
0.19426641311338488,2.11412151651528,71.86259797953974
0.06219735437446332,7.804995478392473,61.48045775564879
0.08762830949317806,7.516792344302031,62.89952047741549
0.03322830853508031,1.8772097286451164,56.34663059724331
0.07555831464851753,5.47360884924552,98.34413580764743
0.09911608198296501,7.396160594625402,83.53318700394257
0.1467119284129259,1.8580257829230296,86.23241966744413
0.01762919336535869,1.7965624715804793,65.4319476246541
0.05812371178210711,7.683018537814304,83.20826682408524
0.058968222599306265,7.313837078616248,98.22921805707904
0.019652128345508606,2.292991749477459,83.57528681249887
0.165794698734836,4.078012348902519,65.38682634863346
0.34852826558605066,4.343582456548495,66.90865806689705
0.3838112335763778,4.153074479017477,56.87678488451826
0.03203137144729969,2.0720977449982536,63.123787243745724
0.033422309525309085,5.180375526066381,66.6094299964634
0.1988999729074424,4.852161747963319,85.01627214412622
0.014757006805813808,7.031783292209294,74.47568532880838
0.028118995876373426,7.990969994027145,85.10831481598893
0.13894028436637143,2.386731157783661,66.61301477418552
0.030045982786103646,7.516281960436007,79.77834054681325
0.03427446349828548,0.23529388319732703,93.09913325975992
0.023366891370667137,6.362869488440822,98.81810735514259
0.044271572344866186,2.70687415548088,93.28318130062965
0.13472216035655696,6.699364140708543,99.2577915667827
0.01880697929223207,6.002397473251499,89.44104090863121
0.1269213069993441,3.4704074320840963,91.65139005877043
0.14374914044561968,4.131225834954454,58.34725054461112
0.1508208424030991,0.8057846474426231,65.3182162687834
0.19279503244627763,2.3333053335791476,70.06558754905271
0.013852469164733518,2.828979394020026,97.4455383775954
0.108071502404281,3.7976742161314245,99.69910228886918
0.18877428824573686,2.0550421692560428,72.29681694980785
0.06388779076523107,7.820175292289958,60.51840216000552
0.12555339701555723,6.608597522007317,70.43764579102704
0.03322830853508031,1.8772097286451164,56.34663059724331
0.07555831464851753,5.47360884924552,98.34413580764743
0.09911608198296501,7.396160594625402,83.53318700394257
0.1467119284129259,1.8580257829230296,86.23241966744413
0.018228586699616703,0.7040302149881699,63.544620327395634
0.05812371178210711,7.683018537814304,83.20826682408524
0.06790853350365252,7.241318351935586,98.35060801035371
0.019652128345508606,2.292991749477459,83.57528681249887
0.1197785570794219,3.5588149647341143,75.95010479014927
0.23165725165989387,4.931555999588895,74.89535027741806
0.3838112335763778,4.153074479017477,56.87678488451826
0.03318804171977653,0.32221881519526274,56.62419408448247
0.044363176682658656,7.474498015775222,53.12949220834294
0.21254917536758464,4.6205483101780835,87.83261832042743
0.014757006805813808,7.031783292209294,74.47568532880838
0.028118995876373426,7.990969994027145,85.10831481598893
0.12240190040567,1.932798166066334,65.13565363261398
0.030045982786103646,7.516281960436007,79.77834054681325
0.03427446349828548,0.23529388319732703,93.09913325975992
0.023366891370667137,6.362869488440822,98.81810735514259
0.044271572344866186,2.70687415548088,93.28318130062965
0.14596411257358036,7.422812972641011,99.9470591615013
0.01880697929223207,6.002397473251499,89.44104090863121
0.1269213069993441,3.4704074320840963,91.65139005877043
0.14374914044561968,4.131225834954454,58.34725054461112
0.1508208424030991,0.8057846474426231,65.3182162687834
0.13406848018940346,4.350934287094972,75.43010522465656
0.01575521737202375,2.5873217784420772,97.04057721606323
0.07195603545599778,3.3241668231089516,98.65904879923237
0.25093033852704333,2.7472978019263303,78.55796378385386
0.06388779076523107,7.820175292289958,60.51840216000552
0.11942805881417967,6.364248175717105,61.58175161600112
0.03322830853508031,1.8772097286451164,56.34663059724331
0.08991003604018162,4.388791630319099,88.16987445867818
0.09694523019129653,7.807665147923312,85.26870711251179
0.15125442729382194,0.5667975606659716,80.40196698101336
0.018228586699616703,0.7040302149881699,63.544620327395634
0.05812371178210711,7.683018537814304,83.20826682408524
0.06790853350365252,7.241318351935586,98.35060801035371
0.019652128345508606,2.292991749477459,83.57528681249887
0.16548343268973328,1.3487771722695703,71.38347972070493
0.23910827007627056,5.334968579361544,75.29077875050952
0.46193405772141716,4.074487117660201,51.114780629759956
0.016551183473505565,0.19312357050870732,54.76813438999305
0.044363176682658656,7.474498015775222,53.12949220834294
0.2088620602306796,4.5641410142046945,87.18521758014998
0.014757006805813808,7.031783292209294,74.47568532880838
0.029406399157854757,7.5003736324311845,85.90558185664945
0.12363192386324888,2.064221951091251,67.23758937949323
0.030045982786103646,7.516281960436007,79.77834054681325
0.03427446349828548,0.23529388319732703,93.09913325975992
0.023366891370667137,6.362869488440822,98.81810735514259
0.04224108095915351,2.609405678151993,93.85388284728143
0.14596411257358036,7.422812972641011,99.9470591615013
0.01880697929223207,6.002397473251499,89.44104090863121
0.13987939344622885,3.8002083150224495,95.00221199898414
0.13694632065011952,3.481504296022581,59.86804781762153
0.1255230051645591,2.390489931377492,62.42177517795368
0.1338664290325214,4.404505515837068,75.31164106128234
0.016588304772253325,2.5534648383095933,95.100358746567
0.07195603545599778,3.3241668231089516,98.65904879923237
0.25093033852704333,2.7472978019263303,78.55796378385386
0.06388779076523107,7.820175292289958,60.51840216000552
0.11942805881417967,6.364248175717105,61.58175161600112
0.03322830853508031,1.8772097286451164,56.34663059724331
0.06379458354405967,2.4391312214857948,90.48367870619988
0.11414809167020915,7.801154955834722,98.14859360859322
0.15125442729382194,0.5667975606659716,80.40196698101336
0.018228586699616703,0.7040302149881699,63.544620327395634
0.05812371178210711,7.683018537814304,83.20826682408524
0.06790853350365252,7.241318351935586,98.35060801035371
0.019652128345508606,2.292991749477459,83.57528681249887
0.1994725505164187,1.0011073151105205,65.18634725156834
0.29110991049868074,5.794724938390079,75.28047035631545
0.46193405772141716,4.074487117660201,51.114780629759956
0.016551183473505565,0.19312357050870732,54.76813438999305
0.044363176682658656,7.474498015775222,53.12949220834294
0.2293355199772132,4.239077314292837,85.37041253140224
0.014757006805813808,7.031783292209294,74.47568532880838
0.029406399157854757,7.5003736324311845,85.90558185664945
0.12363192386324888,2.064221951091251,67.23758937949323
0.028158214585899264,6.567609721754753,80.46795520894005
0.03427446349828548,0.23529388319732703,93.09913325975992
0.023366891370667137,6.362869488440822,98.81810735514259
0.029623496551695716,2.7384691563805745,96.15440863357111
0.11303734270744206,6.0855808493251935,95.67929641728652
0.08433445983251589,5.083496070684444,86.36879248493484
0.20027447537429202,5.838970134974833,96.09057592695282
0.13694632065011952,3.481504296022581,59.86804781762153
0.1255230051645591,2.390489931377492,62.42177517795368
0.15087602460968597,1.474459628591556,55.61183980993056
0.016588304772253325,2.5534648383095933,95.100358746567
0.07195603545599778,3.3241668231089516,98.65904879923237
0.10542291066020393,1.8320726847477542,97.48268704691782
0.06363276598213233,7.8291756708102245,60.335961037407614
0.12082230063929546,5.455236081326473,61.77391015470328
0.03322830853508031,1.8772097286451164,56.34663059724331
0.06379458354405967,2.4391312214857948,90.48367870619988
0.11414809167020915,7.801154955834722,98.14859360859322
0.1308502953089942,0.5878469536178276,77.81630749938184
0.010053415235563627,0.3927290426689458,58.71137982837385
0.05812371178210711,7.683018537814304,83.20826682408524
0.06790853350365252,7.241318351935586,98.35060801035371
0.019652128345508606,2.292991749477459,83.57528681249887
0.1354801825751908,1.3383452689362962,61.783676615292904
0.29110991049868074,5.794724938390079,75.28047035631545
0.46193405772141716,4.074487117660201,51.114780629759956
0.016551183473505565,0.19312357050870732,54.76813438999305
0.044363176682658656,7.474498015775222,53.12949220834294
0.2111876385801254,3.935185753294501,83.49415066654463
0.014757006805813808,7.031783292209294,74.47568532880838
0.038581890137053,7.438637849994997,88.87137134207475
0.12813482769099724,1.6458703926245732,64.72340404759552
0.028158214585899264,6.567609721754753,80.46795520894005
0.03427446349828548,0.23529388319732703,93.09913325975992
0.023366891370667137,6.362869488440822,98.81810735514259
0.029623496551695716,2.7384691563805745,96.15440863357111
0.11303734270744206,6.0855808493251935,95.67929641728652
0.08497287932123436,5.106795393860083,85.91786894281947
0.20027447537429202,5.838970134974833,96.09057592695282
0.14128026056967488,2.8570537671557243,58.543816531442985
0.1255230051645591,2.390489931377492,62.42177517795368
0.15087602460968597,1.474459628591556,55.61183980993056
0.016588304772253325,2.5534648383095933,95.100358746567
0.07195603545599778,3.3241668231089516,98.65904879923237
0.09460356241065626,2.3144447617801993,97.86298748991047
0.06363276598213233,7.8291756708102245,60.335961037407614
0.12055044967942714,5.550789022620663,63.255507847800345
0.03322830853508031,1.8772097286451164,56.34663059724331
0.06379458354405967,2.4391312214857948,90.48367870619988
0.0730829089494808,7.181634066750225,98.53165718989034
0.1308502953089942,0.5878469536178276,77.81630749938184
0.010053415235563627,0.3927290426689458,58.71137982837385
0.04939007310550688,6.358484285424881,78.75755661232488
0.0600505144260447,7.319139650669452,83.25852877857618
0.019652128345508606,2.292991749477459,83.57528681249887
0.1354801825751908,1.3383452689362962,61.783676615292904
0.28208210248948434,5.853235184969551,76.21358634462331
0.2856912292016808,2.538589512215656,52.560452292313144
0.016551183473505565,0.19312357050870732,54.76813438999305
0.044363176682658656,7.474498015775222,53.12949220834294
0.21353636498148826,4.031014268486382,84.57997668459868
0.015413188987247042,6.39655686388633,75.69547043594454
0.06311414258255413,6.940696315357618,88.10711327849826
0.14158512366933998,0.5505731699671417,59.886207858373794
0.028158214585899264,6.567609721754753,80.46795520894005
0.03483776681878311,0.15602418868233237,93.46602502305211
0.02091311395136447,6.394585875575983,99.0183066379988
0.044475974640923274,2.5737388760024125,91.41558009946586
0.11526858102221137,6.19986906420869,95.81805338028059
0.08497287932123436,5.106795393860083,85.91786894281947
0.20027447537429202,5.838970134974833,96.09057592695282
0.1515084423297145,3.0491300236079426,58.53075618656495
0.12512746784624254,2.6418729941439554,62.48809367061004
0.16393108225343417,2.007108637441153,61.647247445554655
0.019961965671432647,2.5559174536967824,94.65459925133496
0.07075357555899149,3.9750039120712426,93.12252540446048
0.07688524358519987,1.832893197177531,88.08021908030972
0.06363276598213233,7.8291756708102245,60.335961037407614
0.12055044967942714,5.550789022620663,63.255507847800345
0.03322830853508031,1.8772097286451164,56.34663059724331
0.06379458354405967,2.4391312214857948,90.48367870619988
0.0730829089494808,7.181634066750225,98.53165718989034
0.1308502953089942,0.5878469536178276,77.81630749938184
0.04947847257868239,0.45641061145741973,64.94674673940466
0.04939007310550688,6.358484285424881,78.75755661232488
0.0600505144260447,7.319139650669452,83.25852877857618
0.019652128345508606,2.292991749477459,83.57528681249887
0.11972612807951265,2.10596180360732,64.52638762489832
0.33437245489697454,6.877739655763305,73.1896101933668
0.2856912292016808,2.538589512215656,52.560452292313144
0.016551183473505565,0.19312357050870732,54.76813438999305
0.044363176682658656,7.474498015775222,53.12949220834294
0.23564561632657796,3.6033454660805813,84.06155362024471
0.015413188987247042,6.39655686388633,75.69547043594454
0.06303681094926251,7.4522959996378795,87.83701830105615
0.14158512366933998,0.5505731699671417,59.886207858373794
0.028158214585899264,6.567609721754753,80.46795520894005
0.03483776681878311,0.15602418868233237,93.46602502305211
0.02091311395136447,6.394585875575983,99.0183066379988
0.044475974640923274,2.5737388760024125,91.41558009946586
0.15705330865496572,6.1136399438293525,94.40084126866881
0.08497287932123436,5.106795393860083,85.91786894281947
0.20027447537429202,5.838970134974833,96.09057592695282
0.1515084423297145,3.0491300236079426,58.53075618656495
0.12512746784624254,2.6418729941439554,62.48809367061004
0.16393108225343417,2.007108637441153,61.647247445554655
0.019961965671432647,2.5559174536967824,94.65459925133496
0.047134872774240624,5.008497586212988,85.68483916456981
0.05674780895587826,2.2320073174546877,96.85542943899581
0.06363276598213233,7.8291756708102245,60.335961037407614
0.12055044967942714,5.550789022620663,63.255507847800345
0.03322830853508031,1.8772097286451164,56.34663059724331
0.06381264758390123,1.8374290544238097,93.84913278062015
0.06760803892461437,7.228084897807218,98.53372363469857
0.1367581561090654,0.11742573367098341,79.50264265140198
0.04947847257868239,0.45641061145741973,64.94674673940466
0.048473243316213346,5.96771459768226,79.68422498558061
0.07946824706811748,6.326195540345963,79.2188696608621
0.04211844092415892,3.0183823297041457,79.05082595215215
0.11972612807951265,2.10596180360732,64.52638762489832
0.33084043152350406,6.760595857993778,73.57856175765093
0.2856912292016808,2.538589512215656,52.560452292313144
0.016551183473505565,0.19312357050870732,54.76813438999305
0.044363176682658656,7.474498015775222,53.12949220834294
0.23564561632657796,3.6033454660805813,84.06155362024471
0.015413188987247042,6.39655686388633,75.69547043594454
0.06303681094926251,7.4522959996378795,87.83701830105615
0.14158512366933998,0.5505731699671417,59.886207858373794
0.028158214585899264,6.567609721754753,80.46795520894005
0.03483776681878311,0.15602418868233237,93.46602502305211
0.02091311395136447,6.394585875575983,99.0183066379988
0.044475974640923274,2.5737388760024125,91.41558009946586
0.1576869217987324,6.46382219363637,98.49972409881893
0.09031100225579364,3.924280815402011,92.41423056359157
0.1344165523886407,6.042981179292479,97.1655803881207
0.1653009520223072,2.421716983724568,54.569897882675676
0.12483423958162293,2.747117909400822,61.702701210329934
0.14507409840461066,2.096555940870526,66.34642673793024
0.019961965671432647,2.5559174536967824,94.65459925133496
0.04665397410026315,5.942570283198688,89.9402248875003
0.05674780895587826,2.2320073174546877,96.85542943899581
0.06363276598213233,7.8291756708102245,60.335961037407614
0.12055044967942714,5.550789022620663,63.255507847800345
0.018591804961386557,1.261462613882558,55.18859890856963
0.06381264758390123,1.8374290544238097,93.84913278062015
0.06760803892461437,7.228084897807218,98.53372363469857
0.1942626533078973,0.08121347450703516,91.33511317992034
0.04947847257868239,0.45641061145741973,64.94674673940466
0.03338751425722132,6.7853286007889375,82.89345684058756
0.07946824706811748,6.326195540345963,79.2188696608621
0.04087643502948001,3.4507152496457936,81.43089037897897
0.11972612807951265,2.10596180360732,64.52638762489832
0.3369503274398567,6.89749395124773,73.76600533221404
0.32189054458362765,2.2299867199174814,50.38926812963526
0.016551183473505565,0.19312357050870732,54.76813438999305
0.044363176682658656,7.474498015775222,53.12949220834294
0.23564561632657796,3.6033454660805813,84.06155362024471
0.015413188987247042,6.39655686388633,75.69547043594454
0.06279484275825842,7.483595459349454,87.79641068931947
0.14158512366933998,0.5505731699671417,59.886207858373794
0.028158214585899264,6.567609721754753,80.46795520894005
0.03483776681878311,0.15602418868233237,93.46602502305211
0.02091311395136447,6.394585875575983,99.0183066379988
0.033881370122157535,1.4376081941427623,95.10837609594667
0.1576869217987324,6.46382219363637,98.49972409881893
0.09031100225579364,3.924280815402011,92.41423056359157
0.1344165523886407,6.042981179292479,97.1655803881207
0.1765927784402857,1.9499444033068016,54.70438696849156
0.15470792980111003,3.655235269544063,60.41664687039191
0.1331401351886754,1.8980170273071482,64.01223076297363
0.019071481236557265,1.9390410148914898,84.24107119234154
0.045879398410356514,5.986565430238564,90.1854458827213
0.05960666731170321,2.747169223818968,94.6362633278211
0.08484849413260522,7.293807069047657,71.37474875558314
0.12055044967942714,5.550789022620663,63.255507847800345
0.018591804961386557,1.261462613882558,55.18859890856963
0.07708322324063406,0.0768563811927443,98.82960545707832
0.06760803892461437,7.228084897807218,98.53372363469857
0.1676154191307182,1.121790843156817,89.59175396856436
0.04947847257868239,0.45641061145741973,64.94674673940466
0.037001886675568293,5.175946569819974,82.18757944655512
0.07946824706811748,6.326195540345963,79.2188696608621
0.012703041039639124,6.075997962177694,67.89252149760797
0.11972612807951265,2.10596180360732,64.52638762489832
0.3369503274398567,6.89749395124773,73.76600533221404
0.32189054458362765,2.2299867199174814,50.38926812963526
0.058677906245863456,0.8739395294359977,57.5675834554468
0.035003885775368754,5.42608048336929,64.64245380148336
0.19404077672541445,2.2504713712663413,88.28983313876162
0.01409437395941382,6.471121769198495,75.2988790783215
0.06055144311300951,7.695503224429659,88.71337508232548
0.14158512366933998,0.5505731699671417,59.886207858373794
0.030593235476133837,6.184428525892741,80.94143736652003
0.03483776681878311,0.15602418868233237,93.46602502305211
0.02091311395136447,6.394585875575983,99.0183066379988
0.033881370122157535,1.4376081941427623,95.10837609594667
0.1576869217987324,6.46382219363637,98.49972409881893
0.09031100225579364,3.924280815402011,92.41423056359157
0.1344165523886407,6.042981179292479,97.1655803881207
0.15534384622569042,2.436171535438543,63.991329655692425
0.21384719218604945,2.7803568926614592,58.32890533317056
0.16940999978004675,0.20184509554787056,53.13875893594796
0.019071481236557265,1.9390410148914898,84.24107119234154
0.045879398410356514,5.986565430238564,90.1854458827213
0.059554894150699825,2.6427472942929704,92.56989469782249
0.08626827196660017,7.549147276272776,69.30478638117833
0.08219363186251791,6.689788709296907,65.2809675801867
0.015000506911731874,1.355068752362871,54.05398582219395
0.07708322324063406,0.0768563811927443,98.82960545707832
0.06760803892461437,7.228084897807218,98.53372363469857
0.1676154191307182,1.121790843156817,89.59175396856436
0.06024475293038312,0.17579064742628758,68.34818054125901
0.04355920887796008,5.615614127864919,85.68971631551588
0.06773539758031188,6.272648322654778,77.13660295733091
0.014320217444418304,6.028868302999421,67.656838371951
0.11972612807951265,2.10596180360732,64.52638762489832
0.26651717732318037,6.707864903050297,72.43231743307118
0.32189579862095064,2.2298834481870786,50.38827335901405
0.09501127659902119,1.0481282460893548,56.66307811552866
0.035003885775368754,5.42608048336929,64.64245380148336
0.19404077672541445,2.2504713712663413,88.28983313876162
0.01409437395941382,6.471121769198495,75.2988790783215
0.06105211877624679,7.66233921915872,89.4101429936454
0.14911508341501808,0.03257583584006518,54.706709368594744
0.04943735184845524,6.2390878299235,80.27728885284593
0.03483776681878311,0.15602418868233237,93.46602502305211
0.02091311395136447,6.394585875575983,99.0183066379988
0.033881370122157535,1.4376081941427623,95.10837609594667
0.1576869217987324,6.46382219363637,98.49972409881893
0.09493566332953861,3.7596601917607484,91.97413628557285
0.1344165523886407,6.042981179292479,97.1655803881207
0.17394362898851215,1.8329021042791922,59.540525022678125
0.21384719218604945,2.7803568926614592,58.32890533317056
0.14185902499949574,1.2727247834504647,55.4968213609392
0.019071481236557265,1.9390410148914898,84.24107119234154
0.045879398410356514,5.986565430238564,90.1854458827213
0.05668176312639929,2.883501815455765,91.42737179616202
0.08626827196660017,7.549147276272776,69.30478638117833
0.08219363186251791,6.689788709296907,65.2809675801867
0.015000506911731874,1.355068752362871,54.05398582219395
0.07762998583657496,0.41306501174749677,96.64585337029223
0.06750919446772446,7.171804374135977,98.46052348136726
0.1676154191307182,1.121790843156817,89.59175396856436
0.06024475293038312,0.17579064742628758,68.34818054125901
0.027531593417733896,3.914061192644176,83.20033442444007
0.06789035462482552,5.656694975681094,62.528971505877955
0.014320217444418304,6.028868302999421,67.656838371951
0.08312574420813915,3.7924501593063384,74.69597256009767
0.32456084440937816,6.897618746093995,67.76196277963197
0.32189579862095064,2.2298834481870786,50.38827335901405
0.09501127659902119,1.0481282460893548,56.66307811552866
0.041932879179777706,5.083095886209998,61.45290300754666
0.13909109529667935,2.1526656458547913,87.01830616304298
0.013832530964884172,6.474060785438853,74.38804130652106
0.06359450998830099,7.742638294181603,88.8015651048822
0.11758931158028155,0.3434489044235658,54.553276280771605
0.04943735184845524,6.2390878299235,80.27728885284593
0.03483776681878311,0.15602418868233237,93.46602502305211
0.02091311395136447,6.394585875575983,99.0183066379988
0.033881370122157535,1.4376081941427623,95.10837609594667
0.1498722717042089,5.844596229036806,98.53170659383615
0.10926010352555757,4.190564787599395,98.76945579051736
0.12634799143962216,5.676505269089729,96.67025913866553
0.17394362898851215,1.8329021042791922,59.540525022678125
0.21384719218604945,2.7803568926614592,58.32890533317056
0.1373445018090913,1.1781781324433154,55.31921566170424
0.019071481236557265,1.9390410148914898,84.24107119234154
0.045879398410356514,5.986565430238564,90.1854458827213
0.05668176312639929,2.883501815455765,91.42737179616202
0.0818589549016056,7.378557750185231,71.5843609313396
0.08219363186251791,6.689788709296907,65.2809675801867
0.015000506911731874,1.355068752362871,54.05398582219395
0.07762998583657496,0.41306501174749677,96.64585337029223
0.06750919446772446,7.171804374135977,98.46052348136726
0.1676154191307182,1.121790843156817,89.59175396856436
0.06024475293038312,0.17579064742628758,68.34818054125901
0.027531593417733896,3.914061192644176,83.20033442444007
0.055904435312671544,7.123325535075643,52.95700144831595
0.01049534542666225,5.8958384704898,66.015498244503
0.09438815448219905,3.4395788141148023,78.31671810634825
0.26881135211952706,5.022963311891761,64.71887783371753
0.32189579862095064,2.2298834481870786,50.38827335901405
0.09501127659902119,1.0481282460893548,56.66307811552866
0.041932879179777706,5.083095886209998,61.45290300754666
0.16004635391208788,0.7211107087937294,78.76352263584994
0.013832530964884172,6.474060785438853,74.38804130652106
0.060193413592145716,7.40549262830961,89.06725419780764
0.07475249927818206,0.7116883444890227,72.58034131102706
0.048246544036765,6.154571365218927,83.59343983568004
0.03176171379749956,1.0812513890436897,90.67220305126307
0.02585592237628052,6.086188341246309,90.18478297432907
0.04363999337195823,1.2090722563335956,95.45132778094191
0.18749819126094702,7.377005276642262,98.31143930572547
0.10926010352555757,4.190564787599395,98.76945579051736
0.12634799143962216,5.676505269089729,96.67025913866553
0.17394362898851215,1.8329021042791922,59.540525022678125
0.21384719218604945,2.7803568926614592,58.32890533317056
0.1373445018090913,1.1781781324433154,55.31921566170424
0.019071481236557265,1.9390410148914898,84.24107119234154
0.045879398410356514,5.986565430238564,90.1854458827213
0.05668176312639929,2.883501815455765,91.42737179616202
0.0818589549016056,7.378557750185231,71.5843609313396
0.08539987384230727,6.751877421742186,63.08211120274092
0.015000506911731874,1.355068752362871,54.05398582219395
0.07762998583657496,0.41306501174749677,96.64585337029223
0.06698988480996862,7.158269521717744,98.35734618569283
0.1676154191307182,1.121790843156817,89.59175396856436
0.06024475293038312,0.17579064742628758,68.34818054125901
0.034132289969900594,3.6807037269485825,85.06324561009704
0.055904435312671544,7.123325535075643,52.95700144831595
0.01049534542666225,5.8958384704898,66.015498244503
0.09392893016752213,3.4275207958482268,78.17636835488987
0.1849930937036329,5.3061934397683315,65.13960462509968
0.3044372372565292,2.8985065290394862,56.61360392771138
0.09501127659902119,1.0481282460893548,56.66307811552866
0.041932879179777706,5.083095886209998,61.45290300754666
0.21551512687756794,0.48859224355881414,70.811619745061
0.013832530964884172,6.474060785438853,74.38804130652106
0.060193413592145716,7.40549262830961,89.06725419780764
0.07475249927818206,0.7116883444890227,72.58034131102706
0.048246544036765,6.154571365218927,83.59343983568004
0.03176171379749956,1.0812513890436897,90.67220305126307
0.02585592237628052,6.086188341246309,90.18478297432907
0.042098092836877266,1.6099061618422001,93.766652862052
0.18749819126094702,7.377005276642262,98.31143930572547
0.10926010352555757,4.190564787599395,98.76945579051736
0.09638436930400286,5.465871248185898,84.16965914561962
0.16857039816724537,1.8167484710775887,59.35504709101972
0.1774612744225349,2.7329015354012283,59.017864211931695
0.11851454012614343,0.9333664669211518,58.501261167928206
0.019071481236557265,1.9390410148914898,84.24107119234154
0.045879398410356514,5.986565430238564,90.1854458827213
0.05668176312639929,2.883501815455765,91.42737179616202
0.07936242868710278,7.381661463513298,73.59891947486581
0.08539987384230727,6.751877421742186,63.08211120274092
0.015000506911731874,1.355068752362871,54.05398582219395
0.07762998583657496,0.41306501174749677,96.64585337029223
0.06698988480996862,7.158269521717744,98.35734618569283
0.1676154191307182,1.121790843156817,89.59175396856436
0.06024475293038312,0.17579064742628758,68.34818054125901
0.034132289969900594,3.6807037269485825,85.06324561009704
0.05427505687879045,7.10538167330647,51.52322595313393
0.01049534542666225,5.8958384704898,66.015498244503
0.11589425051834541,3.864283411878463,76.39681077498858
0.1849930937036329,5.3061934397683315,65.13960462509968
0.2968761097306642,3.049112926944347,57.18420593215328
0.09501127659902119,1.0481282460893548,56.66307811552866
0.041932879179777706,5.083095886209998,61.45290300754666
0.20965413377432396,0.5917384050584111,71.27213013473755
0.01259782532902086,6.485523423839098,74.05777010506077
0.060193413592145716,7.40549262830961,89.06725419780764
0.08432615924241967,1.0653271664191442,75.37314366312307
0.048246544036765,6.154571365218927,83.59343983568004
0.03176171379749956,1.0812513890436897,90.67220305126307
0.07088871988080644,4.68712166191019,77.94747229214295
0.04345384801163249,1.6211537313148887,93.41861989269493
0.1838499974638874,7.228423521089363,98.33279633204263
0.10926010352555757,4.190564787599395,98.76945579051736
0.09859827069430913,5.512308355002256,84.51327887405839
0.1374083909899586,2.6205066495992417,59.871271679517825
0.1774612744225349,2.7329015354012283,59.017864211931695
0.1067098241065664,1.5521699890854919,60.235077880527484
0.019071481236557265,1.9390410148914898,84.24107119234154
0.045879398410356514,5.986565430238564,90.1854458827213
0.05668176312639929,2.883501815455765,91.42737179616202
0.0627502083058287,7.158686386026993,73.7130896699616
0.08229571303517684,4.219447992599727,76.49121734433248
0.015000506911731874,1.355068752362871,54.05398582219395
0.07762998583657496,0.41306501174749677,96.64585337029223
0.06698988480996862,7.158269521717744,98.35734618569283
0.1676154191307182,1.121790843156817,89.59175396856436
0.06024475293038312,0.17579064742628758,68.34818054125901
0.034132289969900594,3.6807037269485825,85.06324561009704
0.05427505687879045,7.10538167330647,51.52322595313393
0.03064663071595429,5.4826649122821935,66.32709137750449
0.13103033467657127,3.4801916163760813,76.73955173978626
0.1838295914116123,5.485047425755395,65.47577663300935
0.17259659732710295,4.503574871476163,73.524571462025
0.09501127659902119,1.0481282460893548,56.66307811552866
0.041932879179777706,5.083095886209998,61.45290300754666
0.20965413377432396,0.5917384050584111,71.27213013473755
0.01259782532902086,6.485523423839098,74.05777010506077
0.05882876856946907,7.952743625214509,88.4741274355854
0.08432615924241967,1.0653271664191442,75.37314366312307
0.048246544036765,6.154571365218927,83.59343983568004
0.03176171379749956,1.0812513890436897,90.67220305126307
0.06913662671049867,4.582661940695764,77.19841247729426
0.048946243526408986,0.4076373740885417,98.34172609753419
0.1838499974638874,7.228423521089363,98.33279633204263
0.10926010352555757,4.190564787599395,98.76945579051736
0.09859827069430913,5.512308355002256,84.51327887405839
0.12494430808046073,3.5492246215971526,67.78518738989058
0.2113602145146293,1.2530302544519705,57.52132316006215
0.11778971520473355,1.8803763778700158,58.30045706377876
0.019071481236557265,1.9390410148914898,84.24107119234154
0.06005099137348023,5.7237573242293,99.99517593656941
0.059083758499497555,2.84535629896766,91.38762600856718
0.0627502083058287,7.158686386026993,73.7130896699616
0.08235479098018378,4.127675565411227,76.45868582726172
0.011712975501989922,0.8601811488994562,51.47215180912138
0.0982781682995243,0.41697213277490747,95.42506812102505
0.06496400955314463,7.049784738499279,96.76158836799803
0.1676154191307182,1.121790843156817,89.59175396856436
0.0707415166551879,0.2423538272493646,75.82107479935684
0.034132289969900594,3.6807037269485825,85.06324561009704
0.05427505687879045,7.10538167330647,51.52322595313393
0.031215805661982326,5.494402428942649,67.01115388617056
0.13103033467657127,3.4801916163760813,76.73955173978626
0.20274139653948936,6.605384748358189,58.85525363367526
0.20105357564798476,3.6408272782238047,69.78520863079163
0.09501127659902119,1.0481282460893548,56.66307811552866
0.041932879179777706,5.083095886209998,61.45290300754666
0.14797120859740198,0.8248255529258554,73.29053433831425
0.021906609094421436,6.431133897049177,73.59122161738779
0.05882876856946907,7.952743625214509,88.4741274355854
0.08432615924241967,1.0653271664191442,75.37314366312307
0.03886349474373055,5.652112951230089,76.20252363156534
0.03176171379749956,1.0812513890436897,90.67220305126307
0.07538280029244748,2.5405194413668033,70.36575413775793
0.048946243526408986,0.4076373740885417,98.34172609753419
0.19126843461012713,5.681399003923178,86.02265464103904
0.10926010352555757,4.190564787599395,98.76945579051736
0.07055205096618695,4.252146318393086,84.41728107878502
0.12494430808046073,3.5492246215971526,67.78518738989058
0.24302458516759687,1.0407355640728788,57.25766330041056
0.023479676398178884,2.5126807652683243,59.0857488943979
0.019071481236557265,1.9390410148914898,84.24107119234154
0.06005099137348023,5.7237573242293,99.99517593656941
0.06155880105514247,2.8718077036881264,90.5006452534733
0.0627502083058287,7.158686386026993,73.7130896699616
0.08861955228857948,3.9796004251617987,78.7843464262786
0.011712975501989922,0.8601811488994562,51.47215180912138
0.0982781682995243,0.41697213277490747,95.42506812102505
0.07727266640177831,4.599144608977015,96.26778123882869
0.27419433781966573,1.1535945482749053,88.74412824757245
0.0707415166551879,0.2423538272493646,75.82107479935684
0.03623341113183206,3.7136712722829803,85.02597876074195
0.05781032081570266,7.127616819211608,60.779346700761906
0.031215805661982326,5.494402428942649,67.01115388617056
0.165459221473715,3.789909121605795,82.39084936485231
0.21065577924917755,7.203063171910616,53.85903998497006
0.20105357564798476,3.6408272782238047,69.78520863079163
0.09501127659902119,1.0481282460893548,56.66307811552866
0.041932879179777706,5.083095886209998,61.45290300754666
0.14797120859740198,0.8248255529258554,73.29053433831425
0.020995487604974446,5.9331942056223985,71.61418765337982
0.05882876856946907,7.952743625214509,88.4741274355854
0.08432615924241967,1.0653271664191442,75.37314366312307
0.037512374659640385,5.62425017440206,74.57868090854728
0.03176171379749956,1.0812513890436897,90.67220305126307
0.04757989580638132,2.15488398327441,66.65409941557539
0.048946243526408986,0.4076373740885417,98.34172609753419
0.19926903738483373,4.964032963492506,81.57608612588835
0.10926010352555757,4.190564787599395,98.76945579051736
0.04970184684329074,4.521597553516802,90.79286773031929
0.12494430808046073,3.5492246215971526,67.78518738989058
0.1840918702162802,0.7867736817055724,72.79731421125065
0.023479676398178884,2.5126807652683243,59.0857488943979
0.019071481236557265,1.9390410148914898,84.24107119234154
0.06005099137348023,5.7237573242293,99.99517593656941
0.048946997632924115,3.9618665031734484,80.73744146380736
0.0627502083058287,7.158686386026993,73.7130896699616
0.08477322513877665,5.398337220385423,72.15755232096504
0.01365276836344436,1.021770651305102,52.99679504430366
0.0982781682995243,0.41697213277490747,95.42506812102505
0.07727266640177831,4.599144608977015,96.26778123882869
0.27419433781966573,1.1535945482749053,88.74412824757245
0.0660567555067179,0.9853140825578874,75.54516141214138
0.03623341113183206,3.7136712722829803,85.02597876074195
0.05977023643229573,7.757522998025966,53.524717929070036
0.031215805661982326,5.494402428942649,67.01115388617056
0.16587474234940588,3.7229371368361255,82.17690693599681
0.21065577924917755,7.203063171910616,53.85903998497006
0.22357592180886152,3.5882585462482037,61.85174146938195
0.09284450592059956,0.9663414266968795,55.882949517568306
0.04109860299820032,5.639266003978051,57.064785557869186
0.14797120859740198,0.8248255529258554,73.29053433831425
0.020995487604974446,5.9331942056223985,71.61418765337982
0.05662319688076561,7.620728519882059,86.74200101778442
0.07534812209932286,2.7882219044141787,84.4794666959033
0.03688709324939453,5.611355631131224,73.82718688531251
0.03317567449759818,2.3309909304338587,86.02509524690844
0.04611094065923278,2.356689976687944,69.0325864537158
0.048946243526408986,0.4076373740885417,98.34172609753419
0.23325997867324805,4.778541593077233,77.07895218184613
0.10926010352555757,4.190564787599395,98.76945579051736
0.04970184684329074,4.521597553516802,90.79286773031929
0.12775101184380033,3.41813922823418,68.02302568286272
0.1840918702162802,0.7867736817055724,72.79731421125065
0.03305570852433698,3.6455989337138472,62.65259350746449
0.024256413990777617,1.8394051748671236,84.97318452959716
0.06005099137348023,5.7237573242293,99.99517593656941
0.08402985437672314,4.117315647469233,80.04107024430172
0.0627502083058287,7.158686386026993,73.7130896699616
0.06354669823638802,6.934458519434076,71.77701370319521
0.014552608298973153,1.0967295246550135,53.70405348293002
0.0982781682995243,0.41697213277490747,95.42506812102505
0.07727266640177831,4.599144608977015,96.26778123882869
0.29369425761768103,0.8052287697019986,90.4882792771154
0.08029743212989535,0.7341278924833012,84.33134731158005
0.032640999996539174,4.6478952611555,81.26319502201785
0.05977023643229573,7.757522998025966,53.524717929070036
0.031215805661982326,5.494402428942649,67.01115388617056
0.2300268277410546,5.482381837168396,86.43906768075864
0.1764808212577582,5.766948782388696,63.25980860660881
0.30378487402814397,4.558005724674404,52.18455127632394
0.07672017032964297,0.9980728701626741,52.89400956588938
0.032531146460025216,4.66730633064537,58.68914133043669
0.14797120859740198,0.8248255529258554,73.29053433831425
0.01592697107749582,6.150802244806467,73.89694955917442
0.05662319688076561,7.620728519882059,86.74200101778442
0.07534812209932286,2.7882219044141787,84.4794666959033
0.03729836967683789,5.3979934473944535,73.76607504338023
0.03551795334111828,2.356385767533909,85.93925026373009
0.043172033820991336,2.350851124836838,72.89330332394995
0.048946243526408986,0.4076373740885417,98.34172609753419
0.22393728502105917,4.737233533093758,77.26400140959466
0.10926010352555757,4.190564787599395,98.76945579051736
0.04970184684329074,4.521597553516802,90.79286773031929
0.10617894066403044,3.9710875598958517,65.29497762129549
0.21240480613452484,0.9087841220370962,65.33162828800815
0.03305570852433698,3.6455989337138472,62.65259350746449
0.01901456708043063,1.1150583475894882,86.50651462865461
0.06018464251649689,5.770045987706122,98.9163126953928
0.08798774982495662,4.008849398910472,80.57252725027772
0.06295446937075984,7.26727348577093,71.72421398342732
0.06354669823638802,6.934458519434076,71.77701370319521
0.014552608298973153,1.0967295246550135,53.70405348293002
0.12330213831658457,0.4217072555692934,93.9455725998213
0.0600147589807058,5.035660385459627,89.97436912541102
0.290952280309523,0.9875496409222251,89.28035504044291
0.048928911767724764,0.6920872150318288,89.44904554928807
0.032640999996539174,4.6478952611555,81.26319502201785
0.05977023643229573,7.757522998025966,53.524717929070036
0.030292652501717178,6.422021394188183,69.19801867677134
0.2311317900083328,5.7691623787980415,87.76257780965378
0.21359113830181123,6.131483825743355,55.200423696827166
0.30378487402814397,4.558005724674404,52.18455127632394
0.07576065766716812,1.0776742192818145,53.177332569063864
0.032566391136440505,4.661078612496685,65.93165024720703
0.1308898811279629,1.1107163192661933,75.0038793445227
0.01592697107749582,6.150802244806467,73.89694955917442
0.05662319688076561,7.620728519882059,86.74200101778442
0.07534812209932286,2.7882219044141787,84.4794666959033
0.03729836967683789,5.3979934473944535,73.76607504338023
0.03572117205982325,2.7035582816833323,84.5497903822295
0.05053612008536086,2.836373706437173,77.9410592956896
0.045217526906955505,1.3758925608834067,90.96388253803583
0.18995436006965774,6.652755635171996,70.8216397992773
0.10926010352555757,4.190564787599395,98.76945579051736
0.04970184684329074,4.521597553516802,90.79286773031929
0.11423185205136592,4.432318754452268,61.89741481796287
0.21240480613452484,0.9087841220370962,65.33162828800815
0.03305570852433698,3.6455989337138472,62.65259350746449
0.01901456708043063,1.1150583475894882,86.50651462865461
0.06018464251649689,5.770045987706122,98.9163126953928
0.12773977586239643,2.3461695449940043,88.40958415727732
0.06421381790343816,7.948013240269155,59.360867314066546
0.07937805851266891,6.293615883183241,71.09153395292768
0.014552608298973153,1.0967295246550135,53.70405348293002
0.12330213831658457,0.4217072555692934,93.9455725998213
0.07220778674506789,3.989241842927819,92.42060108310119
0.290952280309523,0.9875496409222251,89.28035504044291
0.0555200236461099,0.6145034592368248,96.30258179455416
0.03206338085498922,5.08427412596288,78.29554359114717
0.05977023643229573,7.757522998025966,53.524717929070036
0.030292652501717178,6.422021394188183,69.19801867677134
0.21491247279398099,5.736742968598787,86.64026300980616
0.21359113830181123,6.131483825743355,55.200423696827166
0.17271067961601344,2.9732844849785005,67.98227873347565
0.07528038509210402,1.222359329727543,54.58765334453709
0.032566391136440505,4.661078612496685,65.93165024720703
0.1308898811279629,1.1107163192661933,75.0038793445227
0.01592697107749582,6.150802244806467,73.89694955917442
0.05662319688076561,7.620728519882059,86.74200101778442
0.05929458775889538,3.909927920909749,80.12859450176805
0.038204719183672596,5.38353690733425,74.41276141379646
0.025209889056038465,2.879485987451442,85.60412613427219
0.05030576718814439,3.3016843217816447,81.48959850095297
0.045217526906955505,1.3758925608834067,90.96388253803583
0.2610162775766286,7.732552184332333,60.70279259218274
0.08574840703883199,2.8271714838172617,95.13719442887931
0.05019544402595717,4.494101815934803,90.81401120964816
0.18916696759481413,2.6560497644492695,55.37994030507843
0.21240480613452484,0.9087841220370962,65.33162828800815
0.03305570852433698,3.6455989337138472,62.65259350746449
0.01901456708043063,1.1150583475894882,86.50651462865461
0.06018464251649689,5.770045987706122,98.9163126953928
0.12773977586239643,2.3461695449940043,88.40958415727732
0.06421381790343816,7.948013240269155,59.360867314066546
0.07625806745871996,7.991368442657002,59.31474571863473
0.014552608298973153,1.0967295246550135,53.70405348293002
0.10545393107223346,1.5649551460945463,94.51191614647495
0.0583729509191478,4.691814276546422,86.30541942553718
0.3282745046255841,0.9728070904631888,94.08422002843989
0.0555200236461099,0.6145034592368248,96.30258179455416
0.03206338085498922,5.08427412596288,78.29554359114717
0.06208413702495668,7.056466296438944,60.760966613005905
0.030292652501717178,6.422021394188183,69.19801867677134
0.18992929599883362,4.784560424577568,88.43691495574014
0.21359113830181123,6.131483825743355,55.200423696827166
0.17271067961601344,2.9732844849785005,67.98227873347565
0.07471726305677744,1.215965541820281,53.84255589583992
0.032566391136440505,4.661078612496685,65.93165024720703
0.13453704641074637,0.9288657149902599,75.17982009912232
0.01168052584140633,6.021252741625183,74.9233278904924
0.05687722468354005,7.589225106515156,86.78242175895423
0.05929458775889538,3.909927920909749,80.12859450176805
0.02078837745471645,6.600466144749316,69.69253748396402
0.025209889056038465,2.879485987451442,85.60412613427219
0.024728664245440263,3.644115465606679,71.64084097500277
0.045217526906955505,1.3758925608834067,90.96388253803583
0.18716603469149098,7.3130762111667185,63.42195284075862
0.08574840703883199,2.8271714838172617,95.13719442887931
0.05019544402595717,4.494101815934803,90.81401120964816
0.18916696759481413,2.6560497644492695,55.37994030507843
0.21308239629771927,0.7368468575148199,65.38289771294315
0.03305570852433698,3.6455989337138472,62.65259350746449
0.01901456708043063,1.1150583475894882,86.50651462865461
0.06018464251649689,5.770045987706122,98.9163126953928
0.11229713258613672,2.9920780539709537,85.36508841166282
0.06421381790343816,7.948013240269155,59.360867314066546
0.07625806745871996,7.991368442657002,59.31474571863473
0.03580031116328519,1.047624025172361,54.360800462830696
0.0948353781059293,2.0568681106557225,92.0432495158582
0.0583729509191478,4.691814276546422,86.30541942553718
0.3282745046255841,0.9728070904631888,94.08422002843989
0.0555200236461099,0.6145034592368248,96.30258179455416
0.0303742342551673,5.04308219003695,77.05692555055523
0.06208413702495668,7.056466296438944,60.760966613005905
0.030292652501717178,6.422021394188183,69.19801867677134
0.18992929599883362,4.784560424577568,88.43691495574014
0.23782595035416026,6.989288517522638,55.43738454270836
0.17299349998383287,2.969171828190055,67.96424754726658
0.07471726305677744,1.215965541820281,53.84255589583992
0.03268623250575497,4.665890653887044,66.07477759657357
0.10872574674421204,0.9649769237654077,70.55990891378417
0.01168052584140633,6.021252741625183,74.9233278904924
0.05749675707510887,7.8052771708180675,86.58387543820838
0.05669231494461309,1.773780731297406,91.1147224703772
0.017154817415635668,7.3775624506476065,66.52866517981019
0.049837506514414806,5.345655977023002,72.92111129705637
0.021397812803924693,3.8059084917401815,72.82678026760382
0.045217526906955505,1.3758925608834067,90.96388253803583
0.18716603469149098,7.3130762111667185,63.42195284075862
0.10840210712067222,2.480209060542926,89.73802717457042
0.048375682134967374,4.624447409053758,89.50697662752049
0.18916696759481413,2.6560497644492695,55.37994030507843
0.23146213684018585,0.5954305932089594,60.408527782614854
0.03305570852433698,3.6455989337138472,62.65259350746449
0.020255697362408565,1.338738919696834,84.39800913672606
0.06018464251649689,5.770045987706122,98.9163126953928
0.11229713258613672,2.9920780539709537,85.36508841166282
0.06421381790343816,7.948013240269155,59.360867314066546
0.07608798977576312,7.930868999449987,59.61809185456848
0.03580031116328519,1.047624025172361,54.360800462830696
0.09282384063823743,2.0783846594655544,92.50900328646617
0.05796141196381228,4.689041110107602,86.43721197156096
0.3282745046255841,0.9728070904631888,94.08422002843989
0.0741377536655426,0.7371410245516945,87.29471373515281
0.0303742342551673,5.04308219003695,77.05692555055523
0.059415049283606816,4.437047184268103,75.2128329830397
0.030292652501717178,6.422021394188183,69.19801867677134
0.20095391666383117,5.054487552311588,87.61415166217829
0.2338045124942179,6.861233989661234,56.396147666106586
0.1670052371319367,1.1337597593304007,69.88348466429748
0.07471726305677744,1.215965541820281,53.84255589583992
0.03268623250575497,4.665890653887044,66.07477759657357
0.10872574674421204,0.9649769237654077,70.55990891378417
0.01168052584140633,6.021252741625183,74.9233278904924
0.05749675707510887,7.8052771708180675,86.58387543820838
0.06049033652947599,1.2354744332988163,93.47648995977917
0.021627058579297982,6.743696757476496,69.3096903923049
0.060311310955980815,5.912716023956516,72.95585164149591
0.02209529576229917,5.3125939539697775,65.76030112697524
0.04853838246615798,2.524804393089431,85.43916990789603
0.18716603469149098,7.3130762111667185,63.42195284075862
0.09017823994818387,2.342252714737357,95.88129874964946
0.048375682134967374,4.624447409053758,89.50697662752049
0.15326828884487323,4.40503214173152,51.11184894516953
0.23146213684018585,0.5954305932089594,60.408527782614854
0.03305570852433698,3.6455989337138472,62.65259350746449
0.020255697362408565,1.338738919696834,84.39800913672606
0.06018464251649689,5.770045987706122,98.9163126953928
0.11229713258613672,2.9920780539709537,85.36508841166282
0.06421381790343816,7.948013240269155,59.360867314066546
0.07421128357989094,7.562602590857481,61.37704894684921
0.03580031116328519,1.047624025172361,54.360800462830696
0.1243208560561963,1.7608788728437674,97.53725996751854
0.0628058756867728,3.6849030031073324,77.01342155679055
0.3282745046255841,0.9728070904631888,94.08422002843989
0.0741377536655426,0.7371410245516945,87.29471373515281
0.01355863609694035,3.599561083932649,85.85046767513694
0.07449731461886412,3.9739839773169066,74.46575142277152
0.030292652501717178,6.422021394188183,69.19801867677134
0.22278419076322553,4.616839404347326,87.76715631212343
0.2338045124942179,6.861233989661234,56.396147666106586
0.1670052371319367,1.1337597593304007,69.88348466429748
0.07471726305677744,1.215965541820281,53.84255589583992
0.028622259611459602,5.429433007117241,67.2635280407465
0.12041713759970848,1.0419897340363726,64.9032307823858
0.016331290390104374,5.704797823102264,70.83153514286312
0.05770218255900382,7.926364279016821,86.61012480795975
0.06049033652947599,1.2354744332988163,93.47648995977917
0.017855641177295302,7.452273559792429,70.41286559263298
0.06994150110537417,6.823124640010804,76.96694031343975
0.02209529576229917,5.3125939539697775,65.76030112697524
0.04853838246615798,2.524804393089431,85.43916990789603
0.13268251893975913,7.594434307264274,61.622373922681255
0.08826213768860092,2.424644502430306,97.84423889097422
0.0808183339543973,3.910511525912997,84.35077407894462
0.15326828884487323,4.40503214173152,51.11184894516953
0.23146213684018585,0.5954305932089594,60.408527782614854
0.033164092516169925,3.346301323300935,61.648712460493364
0.020255697362408565,1.338738919696834,84.39800913672606
0.06018464251649689,5.770045987706122,98.9163126953928
0.11229713258613672,2.9920780539709537,85.36508841166282
0.06421381790343816,7.948013240269155,59.360867314066546
0.07421128357989094,7.562602590857481,61.37704894684921
0.03580031116328519,1.047624025172361,54.360800462830696
0.1243208560561963,1.7608788728437674,97.53725996751854
0.0628058756867728,3.6849030031073324,77.01342155679055
0.3429594732480183,0.7682696729351299,95.31153188115587
0.07895540354866659,0.5612252549616621,85.11249616173632
0.01355863609694035,3.599561083932649,85.85046767513694
0.0764404782621561,3.516701374277315,73.06067138240316
0.030292652501717178,6.422021394188183,69.19801867677134
0.2096900931431278,4.56007368147276,86.59260938906289
0.2338045124942179,6.861233989661234,56.396147666106586
0.1670052371319367,1.1337597593304007,69.88348466429748
0.07253852427115609,1.8987158876914654,60.60003930226717
0.031026873099565023,5.112976843756541,69.24143345235497
0.12681131073511176,0.7486574156116665,63.559141902136496
0.016331290390104374,5.704797823102264,70.83153514286312
0.05770218255900382,7.926364279016821,86.61012480795975
0.06049033652947599,1.2354744332988163,93.47648995977917
0.017855641177295302,7.452273559792429,70.41286559263298
0.06994150110537417,6.823124640010804,76.96694031343975
0.02209529576229917,5.3125939539697775,65.76030112697524
0.061205581062621445,2.684785073188527,85.52983507623688
0.13268251893975913,7.594434307264274,61.622373922681255
0.0868653904874158,2.3820931308561613,98.8483490205615
0.11314645571020682,3.1297863868028926,94.16082172648186
0.1098423500007297,4.817218370638575,57.365424651588995
0.15890992235250426,2.192021081938959,71.93945673775536
0.033164092516169925,3.346301323300935,61.648712460493364
0.020255697362408565,1.338738919696834,84.39800913672606
0.06018464251649689,5.770045987706122,98.9163126953928
0.11229713258613672,2.9920780539709537,85.36508841166282
0.06421381790343816,7.948013240269155,59.360867314066546
0.07421128357989094,7.562602590857481,61.37704894684921
0.03580031116328519,1.047624025172361,54.360800462830696
0.13032710061177852,1.8179218102168757,93.3642287895175
0.05939955466229638,4.311004268917545,82.76050104203024
0.28677152407880707,0.8675975997673433,93.41131097565764
0.07895540354866659,0.5612252549616621,85.11249616173632
0.014581089725501765,4.375895496863889,80.31203394302578
0.09561973606515284,2.2282902886757263,73.92749891630429
0.03219856933457587,7.387285610261586,66.31169336447999
0.2096900931431278,4.56007368147276,86.59260938906289
0.21445309452228306,6.719679544931105,57.252084173604366
0.1670052371319367,1.1337597593304007,69.88348466429748
0.0725401181454889,1.89569362404053,60.589994423279165
0.03915623828952553,4.340934584739393,71.93339299103395
0.12681131073511176,0.7486574156116665,63.559141902136496
0.016331290390104374,5.704797823102264,70.83153514286312
0.05770218255900382,7.926364279016821,86.61012480795975
0.06049033652947599,1.2354744332988163,93.47648995977917
0.016835060958534084,6.493458087604278,73.49814171344777
0.12171676866427109,6.786062579114724,69.90354887618427
0.02209529576229917,5.3125939539697775,65.76030112697524
0.061205581062621445,2.684785073188527,85.52983507623688
0.13268251893975913,7.594434307264274,61.622373922681255
0.0868653904874158,2.3820931308561613,98.8483490205615
0.07796823554186591,4.72550582934935,85.39386099139334
0.0903914030569142,3.8269406748238333,56.57610568361797
0.16275973314817138,2.125943338394421,70.83061639552483
0.033164092516169925,3.346301323300935,61.648712460493364
0.020255697362408565,1.338738919696834,84.39800913672606
0.06018464251649689,5.770045987706122,98.9163126953928
0.13174870894833243,2.278628618649953,87.78312539693701
0.06421381790343816,7.948013240269155,59.360867314066546
0.07421128357989094,7.562602590857481,61.37704894684921
0.03580031116328519,1.047624025172361,54.360800462830696
0.13032710061177852,1.8179218102168757,93.3642287895175
0.05939955466229638,4.311004268917545,82.76050104203024
0.2557317292277944,0.9224691250220456,92.3615757931073
0.07482135128514991,0.6078199399875808,82.16663021211083
0.014581089725501765,4.375895496863889,80.31203394302578
0.09561973606515284,2.2282902886757263,73.92749891630429
0.02482317732448233,7.813489605122415,57.71913922720645
0.22547988880626862,4.123241081101025,89.4209171382655
0.21445309452228306,6.719679544931105,57.252084173604366
0.16491496055299387,1.6222619737341233,70.34980557284653
0.06967012628832524,2.003616412434634,60.66726518926501
0.03915623828952553,4.340934584739393,71.93339299103395
0.12681131073511176,0.7486574156116665,63.559141902136496
0.04499008895997113,6.17023950382125,68.56320072391037
0.05770218255900382,7.926364279016821,86.61012480795975
0.04791194139917617,0.6886462423625732,90.9146235098165
0.016835060958534084,6.493458087604278,73.49814171344777
0.09634628452240296,7.695786879548367,66.29018248720853
0.02209529576229917,5.3125939539697775,65.76030112697524
0.06036052730713105,1.2062742497565582,92.8810463188747
0.13268251893975913,7.594434307264274,61.622373922681255
0.0868653904874158,2.3820931308561613,98.8483490205615
0.10908814868053092,4.686421700367154,85.67707098167085
0.1126082700353688,4.011394054999233,54.593307272181995
0.16337403106270293,2.1365482644561204,70.75142811051093
0.03369926815458699,3.3562597312760767,61.63573335903502
0.020255697362408565,1.338738919696834,84.39800913672606
0.06018464251649689,5.770045987706122,98.9163126953928
0.13675454034556467,2.0292990220371214,87.96630247693984
0.06421381790343816,7.948013240269155,59.360867314066546
0.08113660461966046,7.765709877305302,59.890981612753414
0.03580031116328519,1.047624025172361,54.360800462830696
0.13032710061177852,1.8179218102168757,93.3642287895175
0.033266863729342705,6.146289345586821,67.45352980415521
0.2557317292277944,0.9224691250220456,92.3615757931073
0.08225760919920516,0.819452777695454,78.40068469386725
0.014581089725501765,4.375895496863889,80.31203394302578
0.08394267662422888,3.137448813970816,72.69029438431745
0.02776259993417431,6.593461708783804,60.928879808594424
0.24205264730715265,4.391965101591225,92.48420341238638
0.19124606539074318,6.96794072088347,58.492401253404566
0.18066074331019144,0.22756676779613905,71.28203799853961
0.06967012628832524,2.003616412434634,60.66726518926501
0.03915623828952553,4.340934584739393,71.93339299103395
0.11311269553753892,1.6975758276182864,62.774737415836476
0.04499008895997113,6.17023950382125,68.56320072391037
0.06289055773489471,5.708303672237328,85.26341706623998
0.04791194139917617,0.6886462423625732,90.9146235098165
0.027942050650466455,6.205608699548966,71.30571438130761
0.09634628452240296,7.695786879548367,66.29018248720853
0.031162660067149753,5.182242989236194,64.6416194983508
0.06247671440173097,1.3312619757799478,95.87355899246208
0.1166450357295998,7.677253407315899,61.092659268885164
0.0868653904874158,2.3820931308561613,98.8483490205615
0.07286977534271778,4.9168705672095605,75.90016937079646
0.1126082700353688,4.011394054999233,54.593307272181995
0.1653210394162199,2.018061862921927,70.95613237384919
0.04033596051764048,0.0235692450768612,64.5641881102783
0.020255697362408565,1.338738919696834,84.39800913672606
0.05265965148153937,4.934923851841244,96.1801997402382
0.13675454034556467,2.0292990220371214,87.96630247693984
0.05992279060549455,7.330312998857406,61.51387058554015
0.08113660461966046,7.765709877305302,59.890981612753414
0.030075793025258382,1.1023458123734775,51.473926544317514
0.13032710061177852,1.8179218102168757,93.3642287895175
0.033266863729342705,6.146289345586821,67.45352980415521
0.2557317292277944,0.9224691250220456,92.3615757931073
0.08443486191969751,0.5827168534341203,78.8871994945032
0.014581089725501765,4.375895496863889,80.31203394302578
0.08394267662422888,3.137448813970816,72.69029438431745
0.022711892750114582,7.003786640756449,54.941867224826
0.24205264730715265,4.391965101591225,92.48420341238638
0.19124606539074318,6.96794072088347,58.492401253404566
0.14166982626326435,1.5198065434090702,69.5501361488228
0.06967012628832524,2.003616412434634,60.66726518926501
0.03448153442055603,5.3684559915217225,63.48158784662356
0.11375620340411452,1.7000626016644342,62.624886077467224
0.04542749587562373,6.747919323517975,68.9390381754674
0.051749402779009225,6.088561172371776,92.13622818161309
0.05063775493734138,1.8172444283917715,92.69182907375315
0.027942050650466455,6.205608699548966,71.30571438130761
0.09634628452240296,7.695786879548367,66.29018248720853
0.031162660067149753,5.182242989236194,64.6416194983508
0.06247671440173097,1.3312619757799478,95.87355899246208
0.12321466562693097,7.7243552849291515,61.52284212046656
0.08235150074065614,2.4406873999809284,99.41792426300071
0.07393429076280504,5.284128650044563,73.85438311356174
0.1126082700353688,4.011394054999233,54.593307272181995
0.1590102073849628,2.2432754168735625,72.63444746525582
0.04033596051764048,0.0235692450768612,64.5641881102783
0.020255697362408565,1.338738919696834,84.39800913672606
0.05265965148153937,4.934923851841244,96.1801997402382
0.11664313668500961,2.724183034938416,89.93066684818749
0.0760520130256439,6.067455887687381,68.81060443020857
0.08113660461966046,7.765709877305302,59.890981612753414
0.030075793025258382,1.1023458123734775,51.473926544317514
0.13032710061177852,1.8179218102168757,93.3642287895175
0.033266863729342705,6.146289345586821,67.45352980415521
0.2557317292277944,0.9224691250220456,92.3615757931073
0.08443486191969751,0.5827168534341203,78.8871994945032
0.014581089725501765,4.375895496863889,80.31203394302578
0.09124164590969637,2.8189025191403325,74.21565224940906
0.022711892750114582,7.003786640756449,54.941867224826
0.24205264730715265,4.391965101591225,92.48420341238638
0.12312910081855814,5.968522177229366,66.9054278949351
0.16579642113505424,0.49011811386530013,70.01676520305728
0.05978533720702362,1.541405967664987,62.06555090121318
0.023510204434561296,5.774881491183662,60.06095684963634
0.11375620340411452,1.7000626016644342,62.624886077467224
0.04542749587562373,6.747919323517975,68.9390381754674
0.01926803211508568,7.253014043967241,98.04187629213824
0.04993799857989556,1.7929152883210444,91.28911811363773
0.027942050650466455,6.205608699548966,71.30571438130761
0.09634628452240296,7.695786879548367,66.29018248720853
0.037400257009991764,4.388813577858686,64.08022974687741
0.06247671440173097,1.3312619757799478,95.87355899246208
0.12321466562693097,7.7243552849291515,61.52284212046656
0.08235150074065614,2.4406873999809284,99.41792426300071
0.07335583929492309,5.070164430846629,75.23208085714886
0.1126082700353688,4.011394054999233,54.593307272181995
0.15579707618968364,3.073358969790152,73.87386562179204
0.04033596051764048,0.0235692450768612,64.5641881102783
0.020255697362408565,1.338738919696834,84.39800913672606
0.052656491527559975,4.86655177979072,97.04141779077388
0.14366854045041832,1.2154319511388305,99.4896594723513
0.057658365198906575,5.268621406233383,66.55950758538545
0.0793087797312025,7.584012729926297,62.22024541265421
0.020996590321442077,0.7823282916737857,51.13077084410522
0.15301611053826605,1.9806597168247988,92.52511465821115
0.033266863729342705,6.146289345586821,67.45352980415521
0.26935259404185097,0.5669937928560351,94.54889511962642
0.08443486191969751,0.5827168534341203,78.8871994945032
0.014581089725501765,4.375895496863889,80.31203394302578
0.08728712291035923,3.035787497516333,76.46694354499661
0.022711892750114582,7.003786640756449,54.941867224826
0.2364854003500815,4.649538970129077,89.51710989516303
0.20455561506431125,6.126800241464084,72.4999630615001
0.15088231137380437,1.713404137409949,68.6723170250006
0.05268559087096773,2.774263655264594,63.50806543762134
0.023510204434561296,5.774881491183662,60.06095684963634
0.12575420212571836,1.0011273932624825,63.63736944638818
0.052769536299933376,7.312506806998643,66.23204552729513
0.01926803211508568,7.253014043967241,98.04187629213824
0.03794406144616411,3.600082849984883,77.11659198668568
0.027942050650466455,6.205608699548966,71.30571438130761
0.09570127641477011,7.655024318714961,66.7314914671763
0.037400257009991764,4.388813577858686,64.08022974687741
0.06247671440173097,1.3312619757799478,95.87355899246208
0.09359013396160473,4.9717521936444475,62.60995431004022
0.08235150074065614,2.4406873999809284,99.41792426300071
0.07564699462032928,5.012880525218182,75.43016861263318
0.1126082700353688,4.011394054999233,54.593307272181995
0.18167636931950987,4.858404178436322,82.69170657075004
0.0440819138395103,0.857924004570968,64.24383955564521
0.020255697362408565,1.338738919696834,84.39800913672606
0.052656491527559975,4.86655177979072,97.04141779077388
0.14366854045041832,1.2154319511388305,99.4896594723513
0.057296342452747465,5.331975625126652,66.39283511417763
0.0793087797312025,7.584012729926297,62.22024541265421
0.020996590321442077,0.7823282916737857,51.13077084410522
0.15301611053826605,1.9806597168247988,92.52511465821115
0.033266863729342705,6.146289345586821,67.45352980415521
0.26382047371751205,0.688560151422057,93.13870613190514
0.08443486191969751,0.5827168534341203,78.8871994945032
0.01476938242207495,4.270425557415923,79.4555740867545
0.07220976052348045,3.903946300887931,73.9512483711146
0.010167126289344519,7.335641048653671,53.14658494248247
0.2364854003500815,4.649538970129077,89.51710989516303
0.23592905050663449,6.8193700274624875,74.35751672362103
0.1656572137982253,3.222366314882395,75.39878071333959
0.05268559087096773,2.774263655264594,63.50806543762134
0.023510204434561296,5.774881491183662,60.06095684963634
0.12398984024528228,1.0944272706935316,64.44364407617888
0.053883741611234354,7.379133864645935,66.16226102652878
0.01926803211508568,7.253014043967241,98.04187629213824
0.03424813231049933,3.2819315050889424,72.11124998642055
0.027942050650466455,6.205608699548966,71.30571438130761
0.09838919361062369,7.767433911061602,66.30889811383511
0.037400257009991764,4.388813577858686,64.08022974687741
0.06247671440173097,1.3312619757799478,95.87355899246208
0.09359013396160473,4.9717521936444475,62.60995431004022
0.08235150074065614,2.4406873999809284,99.41792426300071
0.11260192372097703,3.6229938196792086,89.73341349984372
0.1126082700353688,4.011394054999233,54.593307272181995
0.18167636931950987,4.858404178436322,82.69170657075004
0.0440819138395103,0.857924004570968,64.24383955564521
0.020255697362408565,1.338738919696834,84.39800913672606
0.052656491527559975,4.86655177979072,97.04141779077388
0.14366854045041832,1.2154319511388305,99.4896594723513
0.057296342452747465,5.331975625126652,66.39283511417763
0.0793087797312025,7.584012729926297,62.22024541265421
0.020996590321442077,0.7823282916737857,51.13077084410522
0.13940573139941215,2.454114040006977,89.67554537432133
0.033266863729342705,6.146289345586821,67.45352980415521
0.28433018496929463,0.6290294376138847,97.34756525312058
0.08443486191969751,0.5827168534341203,78.8871994945032
0.01476938242207495,4.270425557415923,79.4555740867545
0.08667672131008164,3.7024336340978437,78.0536808951899
0.010167126289344519,7.335641048653671,53.14658494248247
0.2364854003500815,4.649538970129077,89.51710989516303
0.23592905050663449,6.8193700274624875,74.35751672362103
0.1690003497516002,3.278756081820595,75.9596192771504
0.052475406998974586,1.9664609155039212,63.042456990240545
0.023510204434561296,5.774881491183662,60.06095684963634
0.12398984024528228,1.0944272706935316,64.44364407617888
0.053883741611234354,7.379133864645935,66.16226102652878
0.01926803211508568,7.253014043967241,98.04187629213824
0.04140155127743047,4.774577066595041,69.94398286432718
0.027942050650466455,6.205608699548966,71.30571438130761
0.09838919361062369,7.767433911061602,66.30889811383511
0.0162068157186029,4.682393016248453,65.34992072980346
0.06247671440173097,1.3312619757799478,95.87355899246208
0.09130760331233428,3.6420689489458393,60.85066119439479
0.08235150074065614,2.4406873999809284,99.41792426300071
0.11260192372097703,3.6229938196792086,89.73341349984372
0.12725233974365874,4.26530266116595,50.29141718499362
0.1554851022131245,4.389968096006292,85.36174214565294
0.0511377651376251,0.8810292518749543,68.25174799228341
0.020192429576731105,1.3371739423811002,84.39435377111927
0.052656491527559975,4.86655177979072,97.04141779077388
0.14366854045041832,1.2154319511388305,99.4896594723513
0.060965738187786264,7.983932855377266,65.28525999776545
0.0793087797312025,7.584012729926297,62.22024541265421
0.020996590321442077,0.7823282916737857,51.13077084410522
0.05867611221387442,0.6284401324326261,89.80729732646722
0.0484572616592992,7.68677569242344,57.59727826389769
0.26952642296673446,0.690744649871064,97.57300732808719
0.06838063782087445,0.6332322076745737,71.8629235407312
0.01476938242207495,4.270425557415923,79.4555740867545
0.08670500682086532,3.7122505716511904,78.02531735489802
0.011640370282707244,7.131939749321771,54.259990495757336
0.2364854003500815,4.649538970129077,89.51710989516303
0.23592905050663449,6.8193700274624875,74.35751672362103
0.13779309048796445,3.4431417499730093,76.7429537062556
0.05333451144641211,1.7810788394880788,66.75071154692472
0.018059919114810724,5.803680327573172,59.30713930844229
0.12398984024528228,1.0944272706935316,64.44364407617888
0.053883741611234354,7.379133864645935,66.16226102652878
0.01926803211508568,7.253014043967241,98.04187629213824
0.022768160168348622,4.993013429411706,69.06551294618873
0.027942050650466455,6.205608699548966,71.30571438130761
0.09838919361062369,7.767433911061602,66.30889811383511
0.011926516792210379,4.479759511612097,62.92605082074501
0.06247671440173097,1.3312619757799478,95.87355899246208
0.09130760331233428,3.6420689489458393,60.85066119439479
0.08235150074065614,2.4406873999809284,99.41792426300071
0.11260192372097703,3.6229938196792086,89.73341349984372
0.12725233974365874,4.26530266116595,50.29141718499362
0.1554851022131245,4.389968096006292,85.36174214565294
0.054974264754648144,0.8258949779846333,69.05522626780775
0.020192429576731105,1.3371739423811002,84.39435377111927
0.052656491527559975,4.86655177979072,97.04141779077388
0.14366854045041832,1.2154319511388305,99.4896594723513
0.060965738187786264,7.983932855377266,65.28525999776545
0.0793087797312025,7.584012729926297,62.22024541265421
0.020996590321442077,0.7823282916737857,51.13077084410522
0.05775775972240255,0.8941516984352607,88.75530169274764
0.04247034049465176,7.315889866520356,57.93404465264395
0.2460106194498753,0.6840209132067006,94.56726063393185
0.06838063782087445,0.6332322076745737,71.8629235407312
0.03147994828199834,5.128380837252427,74.9929960811609
0.08033095485479556,1.5000341972947853,84.41695302818727
0.011640370282707244,7.131939749321771,54.259990495757336
0.15200526148605326,5.582241651969679,76.27009108440743
0.2542792410282376,7.460288841976304,72.758071206329
0.14123271478069097,3.5823823725225155,76.98477588169553
0.05333451144641211,1.7810788394880788,66.75071154692472
0.018059919114810724,5.803680327573172,59.30713930844229
0.12398984024528228,1.0944272706935316,64.44364407617888
0.03922858130835284,6.255292500970105,67.52966668984133
0.020663866288433946,7.010166353627028,95.40736634168005
0.01600162262242108,5.021643582430155,62.731937202628835
0.02925472036410417,7.0302486139074,69.08869494819486
0.09838919361062369,7.767433911061602,66.30889811383511
0.011850181913677486,5.187277686984743,60.614218803589424
0.04666562208907647,0.8112929067294279,97.66053015118865
0.09130760331233428,3.6420689489458393,60.85066119439479
0.08235150074065614,2.4406873999809284,99.41792426300071
0.11260192372097703,3.6229938196792086,89.73341349984372
0.12725233974365874,4.26530266116595,50.29141718499362
0.1554851022131245,4.389968096006292,85.36174214565294
0.04828758715367812,0.9219891135430838,67.6548350976964
0.020192429576731105,1.3371739423811002,84.39435377111927
0.027209569537461287,5.417005694722938,97.36703630659217
0.0897764866865581,3.6304677419775957,81.02754075093071
0.060965738187786264,7.983932855377266,65.28525999776545
0.07594165565546239,5.44237322398794,65.19129885852642
0.020996590321442077,0.7823282916737857,51.13077084410522
0.05775775972240255,0.8941516984352607,88.75530169274764
0.04247034049465176,7.315889866520356,57.93404465264395
0.2921132441795171,0.4573662929227684,97.40001175643086
0.06838063782087445,0.6332322076745737,71.8629235407312
0.03147994828199834,5.128380837252427,74.9929960811609
0.0802664255341381,1.498870123127806,84.38319727277093
0.011640370282707244,7.131939749321771,54.259990495757336
0.16249830003863985,5.774924303574022,75.90976717657584
0.2542792410282376,7.460288841976304,72.758071206329
0.14491358823192185,3.6578147488492467,77.41334318203937
0.05333451144641211,1.7810788394880788,66.75071154692472
0.018059919114810724,5.803680327573172,59.30713930844229
0.12398984024528228,1.0944272706935316,64.44364407617888
0.03922858130835284,6.255292500970105,67.52966668984133
0.020663866288433946,7.010166353627028,95.40736634168005
0.01600162262242108,5.021643582430155,62.731937202628835
0.02925472036410417,7.0302486139074,69.08869494819486
0.09838919361062369,7.767433911061602,66.30889811383511
0.011850181913677486,5.187277686984743,60.614218803589424
0.04666562208907647,0.8112929067294279,97.66053015118865
0.08089941196345851,4.425033203809303,60.22907224148468
0.08235150074065614,2.4406873999809284,99.41792426300071
0.11057509221976905,3.6248094245985154,86.98430147885094
0.12725233974365874,4.26530266116595,50.29141718499362
0.14958708680625293,4.631421934088651,84.76197435056689
0.047668952248601244,0.9108292732649841,67.33122269429553
0.020192429576731105,1.3371739423811002,84.39435377111927
0.027209569537461287,5.417005694722938,97.36703630659217
0.03931878038867366,3.6054416306626815,84.33500730833777
0.04491341601416904,7.069908599579236,63.75863454906464
0.07832325223207712,5.038192997271034,65.17635636648681
0.020996590321442077,0.7823282916737857,51.13077084410522
0.05775775972240255,0.8941516984352607,88.75530169274764
0.04216201405671535,7.296789246612906,57.95138812154946
0.23329294844830567,0.6476810586508601,94.58670505906565
0.06838063782087445,0.6332322076745737,71.8629235407312
0.030439268458062642,5.424232464551148,73.43958161534655
0.08885865467751809,1.7297091837652032,82.71423460170767
0.011640370282707244,7.131939749321771,54.259990495757336
0.1697605095696771,5.895063097641185,77.30533144095634
0.2516456345209499,7.411516355279952,72.8997639877702
0.14457212404437242,3.6443200826361783,77.3885790833969
0.05333451144641211,1.7810788394880788,66.75071154692472
0.018059919114810724,5.803680327573172,59.30713930844229
0.11644125879923167,0.051373978719770896,58.451805439994025
0.03922858130835284,6.255292500970105,67.52966668984133
0.020663866288433946,7.010166353627028,95.40736634168005
0.01600162262242108,5.021643582430155,62.731937202628835
0.02925472036410417,7.0302486139074,69.08869494819486
0.09838919361062369,7.767433911061602,66.30889811383511
0.011850181913677486,5.187277686984743,60.614218803589424
0.04734482121840472,0.8163665562859126,97.11524090078574
0.11237161009976204,3.64493728973595,67.32458463965513
0.08235150074065614,2.4406873999809284,99.41792426300071
0.136022090156868,4.705822790306495,94.57539555065611
0.12725233974365874,4.26530266116595,50.29141718499362
0.258262775524417,5.642583887223653,85.18277465921123
0.04069592545190087,0.656274061514571,66.1386469185188
0.020192429576731105,1.3371739423811002,84.39435377111927
0.027209569537461287,5.417005694722938,97.36703630659217
0.016484924532717563,5.940649476043515,94.20875357705319
0.04491341601416904,7.069908599579236,63.75863454906464
0.08643798617895647,4.706138822131249,65.68834290521119
0.03766463091645324,1.3286926860501747,50.99910379606577
0.05775775972240255,0.8941516984352607,88.75530169274764
0.04216201405671535,7.296789246612906,57.95138812154946
0.23329294844830567,0.6476810586508601,94.58670505906565
0.06824168567254471,0.6475095251009,71.82825286753928
0.03109057364332573,5.386800085214375,73.76551306785764
0.08429135197529014,1.3576833645222597,85.70361592769484
0.011632039999518866,7.132052167709312,54.222004188339724
0.14945774964294858,5.116656616833722,64.40294072254106
0.21072062620900253,6.741344004652021,71.11336081148539
0.20383726009682343,5.971129533809217,81.70577543007002
0.05333451144641211,1.7810788394880788,66.75071154692472
0.013853160256863797,5.543074384969844,59.54377095097713
0.11659395271682306,0.04918107894885548,58.37295602521235
0.03922858130835284,6.255292500970105,67.52966668984133
0.043539261896043235,6.5532178253025615,95.24238754484668
0.01600162262242108,5.021643582430155,62.731937202628835
0.03554677262568923,7.696515600636653,72.15236980192854
0.09838919361062369,7.767433911061602,66.30889811383511
0.011850181913677486,5.187277686984743,60.614218803589424
0.04734482121840472,0.8163665562859126,97.11524090078574
0.17784700834742134,5.674962322513629,81.63271717966506
0.08235150074065614,2.4406873999809284,99.41792426300071
0.136022090156868,4.705822790306495,94.57539555065611
0.12367001512363651,2.848248081804573,53.00765327982574
0.258262775524417,5.642583887223653,85.18277465921123
0.04069592545190087,0.656274061514571,66.1386469185188
0.020192429576731105,1.3371739423811002,84.39435377111927
0.027209569537461287,5.417005694722938,97.36703630659217
0.016484924532717563,5.940649476043515,94.20875357705319
0.04491341601416904,7.069908599579236,63.75863454906464
0.08803570403014192,5.5918760241383865,52.50088510999465
0.03766463091645324,1.3286926860501747,50.99910379606577
0.05602655943035222,0.9348794758479372,91.55044847355387
0.04219941983527716,7.2765939940692554,58.96420428066362
0.23329294844830567,0.6476810586508601,94.58670505906565
0.0505910924344051,0.2871351273238969,73.08569841406742
0.023612640858841485,7.489474759474962,63.02323204475167
0.08429135197529014,1.3576833645222597,85.70361592769484
0.011632039999518866,7.132052167709312,54.222004188339724
0.14945774964294858,5.116656616833722,64.40294072254106
0.21072062620900253,6.741344004652021,71.11336081148539
0.14069120121677298,5.960856400482402,85.91983442147895
0.05000305237344446,2.837773403480216,66.93468078205531
0.01410808382589617,5.5815851521022815,62.90156449372051
0.13879179762564003,2.087940096763467,66.80219380620473
0.03922858130835284,6.255292500970105,67.52966668984133
0.043539261896043235,6.5532178253025615,95.24238754484668
0.01600162262242108,5.021643582430155,62.731937202628835
0.03554677262568923,7.696515600636653,72.15236980192854
0.09526910346123134,7.795934331071607,66.17545054364648
0.016710665104233444,5.464035123261992,61.07646577642184
0.04734482121840472,0.8163665562859126,97.11524090078574
0.17784700834742134,5.674962322513629,81.63271717966506
0.08235150074065614,2.4406873999809284,99.41792426300071
0.1476632025499666,4.629738162588703,94.27673687042322
0.12367001512363651,2.848248081804573,53.00765327982574
0.33109317329646404,5.829255703357134,91.9321168574626
0.04069592545190087,0.656274061514571,66.1386469185188
0.020192429576731105,1.3371739423811002,84.39435377111927
0.022235347935688217,5.964654870620464,83.58995116295189
0.025276571378112067,5.8977946945898845,89.08398969869819
0.03151854421543406,6.1209447306558875,63.28296432185783
0.08803570403014192,5.5918760241383865,52.50088510999465
0.03766463091645324,1.3286926860501747,50.99910379606577
0.05602655943035222,0.9348794758479372,91.55044847355387
0.04219941983527716,7.2765939940692554,58.96420428066362
0.2727516163335379,2.738249187154044,93.5156797686664
0.0505910924344051,0.2871351273238969,73.08569841406742
0.0779672747704333,7.195990816628467,68.13357785536344
0.08429135197529014,1.3576833645222597,85.70361592769484
0.011632039999518866,7.132052167709312,54.222004188339724
0.14945774964294858,5.116656616833722,64.40294072254106
0.1331306020899795,7.3292600619963,57.69395727787281
0.16703028243846618,7.550134652883644,79.82574614587836
0.04975591143255875,2.7635133449062583,67.48804849374889
0.01410808382589617,5.5815851521022815,62.90156449372051
0.18821090019569542,0.01943705390529704,66.44110606332985
0.03922858130835284,6.255292500970105,67.52966668984133
0.043539261896043235,6.5532178253025615,95.24238754484668
0.01600162262242108,5.021643582430155,62.731937202628835
0.03136700891393983,6.109595659796872,75.40100462985015
0.09526910346123134,7.795934331071607,66.17545054364648
0.018251414402297113,5.155197346486908,61.40164682212667
0.043885102512939034,0.9994729043178237,80.63324445358205
0.1800928550797091,5.471331485373984,82.15742054471059
0.08235150074065614,2.4406873999809284,99.41792426300071
0.19606516415787256,5.89474253488095,97.62910683470561
0.12367001512363651,2.848248081804573,53.00765327982574
0.33109317329646404,5.829255703357134,91.9321168574626
0.04069592545190087,0.656274061514571,66.1386469185188
0.01858371178286658,1.2561947199409766,85.33655772318363
0.02122973033766039,5.812529343927013,80.22515967081318
0.02652903196309465,5.92988698193398,87.14907565122012
0.03151854421543406,6.1209447306558875,63.28296432185783
0.08803570403014192,5.5918760241383865,52.50088510999465
0.035294014448407934,1.732818008434545,52.28304588355935
0.05796267020302685,1.4873776477583007,89.48407758438856
0.03817760531323512,6.930960825157326,66.19786855908353
0.41872107756798677,3.8075485963132136,99.56641281777259
0.0505910924344051,0.2871351273238969,73.08569841406742
0.0779672747704333,7.195990816628467,68.13357785536344
0.08429135197529014,1.3576833645222597,85.70361592769484
0.011632039999518866,7.132052167709312,54.222004188339724
0.2231708824238885,5.40585081710535,75.57511063832983
0.1331306020899795,7.3292600619963,57.69395727787281
0.16703028243846618,7.550134652883644,79.82574614587836
0.05161074685331636,1.1082936797672183,60.148289352694434
0.01410808382589617,5.5815851521022815,62.90156449372051
0.18821090019569542,0.01943705390529704,66.44110606332985
0.013802662015621636,6.419290839758078,65.38321128036941
0.046033722610841155,6.644626013624167,96.4292291484486
0.015407207692738109,5.8884761671094346,57.52819593642192
0.04493014118114115,7.069938448825622,86.5840776719084
0.09526910346123134,7.795934331071607,66.17545054364648
0.018251414402297113,5.155197346486908,61.40164682212667
0.043885102512939034,0.9994729043178237,80.63324445358205
0.11878356447636881,5.654406584871908,84.15030420249919
0.08235150074065614,2.4406873999809284,99.41792426300071
0.07505762715035569,7.029076646627148,96.57623282004127
0.12685375790101275,2.7197903736438316,52.460121656804795
0.33109317329646404,5.829255703357134,91.9321168574626
0.04069592545190087,0.656274061514571,66.1386469185188
0.01858371178286658,1.2561947199409766,85.33655772318363
0.02122973033766039,5.812529343927013,80.22515967081318
0.02652903196309465,5.92988698193398,87.14907565122012
0.03302193684099768,6.175184407049346,66.7160499338847
0.08803570403014192,5.5918760241383865,52.50088510999465
0.045581072038210504,1.621436938799484,69.1649095303936
0.05796267020302685,1.4873776477583007,89.48407758438856
0.0376697795434827,7.170454052066862,65.70281826535592
0.41872107756798677,3.8075485963132136,99.56641281777259
0.04973602026505303,1.4799532953113355,77.46550611854171
0.07895273455089513,6.286226910583384,70.87145807102054
0.08429135197529014,1.3576833645222597,85.70361592769484
0.011632039999518866,7.132052167709312,54.222004188339724
0.19053578152820366,4.495733805011047,67.74306621890213
0.1286908001634198,7.32205368873621,57.567085126049676
0.12353226755446294,7.04851949239015,82.09298785900215
0.05161074685331636,1.1082936797672183,60.148289352694434
0.01410808382589617,5.5815851521022815,62.90156449372051
0.18821090019569542,0.01943705390529704,66.44110606332985
0.013802662015621636,6.419290839758078,65.38321128036941
0.046033722610841155,6.644626013624167,96.4292291484486
0.015407207692738109,5.8884761671094346,57.52819593642192
0.03269250460858325,7.0927663306235225,74.69044770585785
0.09526910346123134,7.795934331071607,66.17545054364648
0.018251414402297113,5.155197346486908,61.40164682212667
0.043885102512939034,0.9994729043178237,80.63324445358205
0.13270952523842366,5.433504708586886,88.79295640277559
0.08235150074065614,2.4406873999809284,99.41792426300071
0.07505762715035569,7.029076646627148,96.57623282004127
0.12685375790101275,2.7197903736438316,52.460121656804795
0.24115995221907985,5.755190546743133,88.635782406229
0.04069592545190087,0.656274061514571,66.1386469185188
0.01858371178286658,1.2561947199409766,85.33655772318363
0.021975260892794574,7.096302156269256,78.78499462715102
0.02652903196309465,5.92988698193398,87.14907565122012
0.03302193684099768,6.175184407049346,66.7160499338847
0.08803570403014192,5.5918760241383865,52.50088510999465
0.045581072038210504,1.621436938799484,69.1649095303936
0.05357303899232532,1.2556348874855896,89.52466480518532
0.03957906403423539,7.200255090509333,62.25516031520707
0.41872107756798677,3.8075485963132136,99.56641281777259
0.048153729046613414,1.4785253157852822,75.15388714459979
0.10897288395648683,5.859416482813499,66.7019936407935
0.07768543718793741,1.7375452282757156,83.2727120992528
0.011632039999518866,7.132052167709312,54.222004188339724
0.3100827692780863,2.6513510773197684,59.9118773071688
0.14049940407884182,7.471488825508766,57.57113890848092
0.22382094483628778,7.623610498781838,97.36508678359644
0.050082515198657834,1.293687266282039,60.20570718508666
0.01410808382589617,5.5815851521022815,62.90156449372051
0.18821090019569542,0.01943705390529704,66.44110606332985
0.013802662015621636,6.419290839758078,65.38321128036941
0.044778284859452164,5.236179254516727,89.30495310148167
0.03600582811712324,6.380463069207898,59.75856517137697
0.03269250460858325,7.0927663306235225,74.69044770585785
0.09526910346123134,7.795934331071607,66.17545054364648
0.018251414402297113,5.155197346486908,61.40164682212667
0.04342671353374495,0.9501440134465335,78.54989704427771
0.1645395307222895,7.11391314753357,88.49865116424296
0.08235150074065614,2.4406873999809284,99.41792426300071
0.06554450114462579,7.102035522910971,97.03100372886264
0.15949094173810147,0.305017400148742,52.42584883313317
0.24115995221907985,5.755190546743133,88.635782406229
0.04069592545190087,0.656274061514571,66.1386469185188
0.01858371178286658,1.2561947199409766,85.33655772318363
0.021975260892794574,7.096302156269256,78.78499462715102
0.026737071799699592,5.030412064779873,87.89817152084721
0.02819355981493943,6.138530404815555,65.94044262360134
0.08803570403014192,5.5918760241383865,52.50088510999465
0.045581072038210504,1.621436938799484,69.1649095303936
0.05357303899232532,1.2556348874855896,89.52466480518532
0.04215112684551224,7.215443483275018,59.84001332857476
0.41872107756798677,3.8075485963132136,99.56641281777259
0.048153729046613414,1.4785253157852822,75.15388714459979
0.08660950619107043,6.648098615028331,78.13739199560155
0.07768543718793741,1.7375452282757156,83.2727120992528
0.011632039999518866,7.132052167709312,54.222004188339724
0.27331774686963756,2.078524439725598,58.08426149896614
0.14049940407884182,7.471488825508766,57.57113890848092
0.1794935764531863,5.983773098484827,92.74172471292152
0.050082515198657834,1.293687266282039,60.20570718508666
0.01410808382589617,5.5815851521022815,62.90156449372051
0.18821090019569542,0.01943705390529704,66.44110606332985
0.013802662015621636,6.419290839758078,65.38321128036941
0.06020069840278607,7.579449641433888,91.64140021396673
0.03600582811712324,6.380463069207898,59.75856517137697
0.026283207381567274,6.992726910633144,86.26392701007474
0.08426254308621241,7.538994337566392,77.60078452861843
0.018251414402297113,5.155197346486908,61.40164682212667
0.05565776116283366,1.4026168328038837,79.82560015401847
0.1645395307222895,7.11391314753357,88.49865116424296
0.08235150074065614,2.4406873999809284,99.41792426300071
0.06554450114462579,7.102035522910971,97.03100372886264
0.12604949335367885,2.7550824030249306,65.63384181729754
0.24115995221907985,5.755190546743133,88.635782406229
0.04097111270376088,0.5616078904659201,65.95275000973028
0.01858371178286658,1.2561947199409766,85.33655772318363
0.021567262137199762,7.326520462567474,76.47055410004727
0.024256071308450602,5.809326880783041,91.72326953178609
0.02819355981493943,6.138530404815555,65.94044262360134
0.0943155818301184,5.631172673113837,51.69990689302079
0.04581122277215008,1.246076797589473,69.79061390296715
0.05357303899232532,1.2556348874855896,89.52466480518532
0.04215112684551224,7.215443483275018,59.84001332857476
0.387124168133814,3.4318225422895,90.55212289704068
0.048153729046613414,1.4785253157852822,75.15388714459979
0.08660950619107043,6.648098615028331,78.13739199560155
0.07382963752350022,0.3016858812763221,94.73618468292483
0.014890006421187658,7.120791426200668,61.95899432817562
0.27331774686963756,2.078524439725598,58.08426149896614
0.13731238229423595,7.566501452962854,55.29988366944964
0.1950951949716741,5.843859681046101,96.47924323753128
0.050082515198657834,1.293687266282039,60.20570718508666
0.01410808382589617,5.5815851521022815,62.90156449372051
0.18821090019569542,0.01943705390529704,66.44110606332985
0.013802662015621636,6.419290839758078,65.38321128036941
0.06391547889938567,5.595781313647264,92.4849321194686
0.04250026996118771,4.485859604636273,70.76282784971028
0.026283207381567274,6.992726910633144,86.26392701007474
0.07231906502367866,5.5843326517214695,75.17484438481543
0.018251414402297113,5.155197346486908,61.40164682212667
0.06015625396643864,0.7716483769454365,81.7970797766207
0.1645395307222895,7.11391314753357,88.49865116424296
0.10799393144176532,3.214705051046516,98.74955052323432
0.0961118239836913,6.487391918426457,93.74729994388812
0.12604949335367885,2.7550824030249306,65.63384181729754
0.19372572892631643,4.524584684779359,83.26109705285208
0.04097111270376088,0.5616078904659201,65.95275000973028
0.01858371178286658,1.2561947199409766,85.33655772318363
0.025020061544182,7.2876532069578905,77.27078870236527
0.024256071308450602,5.809326880783041,91.72326953178609
0.02819355981493943,6.138530404815555,65.94044262360134
0.06597650967157363,3.159447079537691,67.84795918763574
0.04581122277215008,1.246076797589473,69.79061390296715
0.05778789041169345,2.231884215683613,91.08552937812551
0.04600660491907386,6.928526052141768,65.62294535889409
0.387124168133814,3.4318225422895,90.55212289704068
0.058706648219345556,2.5806992965078455,79.24526697679644
0.08039505140433914,7.468184036388469,99.45752477659346
0.07382963752350022,0.3016858812763221,94.73618468292483
0.014890006421187658,7.120791426200668,61.95899432817562
0.27331774686963756,2.078524439725598,58.08426149896614
0.12267261941171315,7.808806749505174,53.23399065469286
0.1299714991044663,3.6118933715514934,83.5805577653676
0.050082515198657834,1.293687266282039,60.20570718508666
0.01410808382589617,5.5815851521022815,62.90156449372051
0.18821090019569542,0.01943705390529704,66.44110606332985
0.013802662015621636,6.419290839758078,65.38321128036941
0.06442056591155446,5.688872727120415,92.63692359158927
0.03794135786589876,6.4051899121885025,77.11041798719786
0.02715923743647175,7.504135102156102,83.90466351885577
0.07347378745204017,5.582759510623739,72.79629476939262
0.032035800679888114,5.668252319234673,69.84300859565776
0.03696984618583851,0.6294943654604135,84.37641559719806
0.1774057816031312,7.125190841671461,88.7066164921372
0.10799393144176532,3.214705051046516,98.74955052323432
0.0924378088065978,6.092558047960419,91.89535433186721
0.17279219112489141,3.6542829880698937,68.97378849856638
0.19362505221707155,4.540627657512848,83.29469011332093
0.04097111270376088,0.5616078904659201,65.95275000973028
0.01858371178286658,1.2561947199409766,85.33655772318363
0.0238668186826258,7.170946487705241,73.69442604600317
0.027632708820965895,5.492876301647527,90.50025107211219
0.02819355981493943,6.138530404815555,65.94044262360134
0.0546202179810002,3.689760194277785,66.76497469283085
0.04585737231676012,2.5882794987890447,68.8062045880792
0.05778789041169345,2.231884215683613,91.08552937812551
0.04600660491907386,6.928526052141768,65.62294535889409
0.387124168133814,3.4318225422895,90.55212289704068
0.058706648219345556,2.5806992965078455,79.24526697679644
0.08039505140433914,7.468184036388469,99.45752477659346
0.07382963752350022,0.3016858812763221,94.73618468292483
0.014890006421187658,7.120791426200668,61.95899432817562
0.2894692208195314,1.799380192558365,55.41272510422432
0.07171774612234108,6.763458066616842,57.77147609895112
0.132154938766414,3.6752520839464653,84.21941400503717
0.060677947047862474,1.6071034337830903,68.30326570746968
0.01410808382589617,5.5815851521022815,62.90156449372051
0.12771722137847752,0.5405333935982382,67.86403099625718
0.013802662015621636,6.419290839758078,65.38321128036941
0.06442056591155446,5.688872727120415,92.63692359158927
0.036371255857871015,6.209261372671714,75.17824228905262
0.02715923743647175,7.504135102156102,83.90466351885577
0.08519336981292511,7.731686464012508,79.10447786297671
0.026229832845283324,5.4428802326476715,68.83145382473398
0.03187294015452087,0.4664022208355334,84.3848226107368
0.15011129239037413,5.327053981203747,90.29553434000098
0.08720563555375449,2.391800705447622,88.577050976178
0.0924378088065978,6.092558047960419,91.89535433186721
0.1336289857378132,4.858991677614979,64.63324068447474
0.2530390233752955,5.864876887140762,88.72267203824211
0.04097111270376088,0.5616078904659201,65.95275000973028
0.01858371178286658,1.2561947199409766,85.33655772318363
0.0238668186826258,7.170946487705241,73.69442604600317
0.027632708820965895,5.492876301647527,90.50025107211219
0.02651590617417697,6.353101944640133,64.8818660778081
0.017330212485037078,5.296319687104101,66.20429759677693
0.04519193145398649,2.3122749041879906,68.41760360759704
0.05778789041169345,2.231884215683613,91.08552937812551
0.045385897093508425,6.880026864482021,66.46335167515535
0.2492333017721719,4.369755955074019,84.67521227300422
0.058706648219345556,2.5806992965078455,79.24526697679644
0.08056164489367248,7.506770635502376,99.51921849950574
0.07382963752350022,0.3016858812763221,94.73618468292483
0.015785685626500547,7.125795746701367,63.129920248079344
0.2894692208195314,1.799380192558365,55.41272510422432
0.07517868966761912,7.31042408274736,55.45982499183817
0.18901113778727752,3.6646132888356,97.01875171180403
0.060677947047862474,1.6071034337830903,68.30326570746968
0.01410808382589617,5.5815851521022815,62.90156449372051
0.12771722137847752,0.5405333935982382,67.86403099625718
0.013802662015621636,6.419290839758078,65.38321128036941
0.06442056591155446,5.688872727120415,92.63692359158927
0.041957381368113125,5.779646374521782,75.84110968977173
0.02715923743647175,7.504135102156102,83.90466351885577
0.08519336981292511,7.731686464012508,79.10447786297671
0.026229832845283324,5.4428802326476715,68.83145382473398
0.02803414722938267,2.055488332967232,79.3129087753365
0.13690167951940566,4.710677626503497,89.93466854345967
0.09181523154270882,2.5742714856982256,90.83270066301904
0.0924378088065978,6.092558047960419,91.89535433186721
0.1186391857492393,3.818479355249526,52.79489208378666
0.15608042287382326,6.4174512309538425,82.36449391034301
0.04097111270376088,0.5616078904659201,65.95275000973028
0.01858371178286658,1.2561947199409766,85.33655772318363
0.0238668186826258,7.170946487705241,73.69442604600317
0.014019683230724916,5.366906540619958,90.20719425435735
0.02651590617417697,6.353101944640133,64.8818660778081
0.0788173231971708,4.5062208799882795,63.76604878904989
0.03454514365177506,3.0597619631177646,58.63300887489922
0.05127659683597472,2.7250771031853964,87.08112247796774
0.04707792539260435,6.857152082121124,65.89477795490932
0.2492333017721719,4.369755955074019,84.67521227300422
0.058706648219345556,2.5806992965078455,79.24526697679644
0.08056164489367248,7.506770635502376,99.51921849950574
0.07382963752350022,0.3016858812763221,94.73618468292483
0.015785685626500547,7.125795746701367,63.129920248079344
0.2894692208195314,1.799380192558365,55.41272510422432
0.07517868966761912,7.31042408274736,55.45982499183817
0.1601699910035201,2.8225450507728955,96.44720289039687
0.07012107554890878,0.4462414273120716,69.39148368550366
0.08078603187502828,5.974153418255039,72.04241689657756
0.12674417257933826,0.6842807356530676,68.5172314124686
0.013802662015621636,6.419290839758078,65.38321128036941
0.06442056591155446,5.688872727120415,92.63692359158927
0.041957381368113125,5.779646374521782,75.84110968977173
0.02715923743647175,7.504135102156102,83.90466351885577
0.08519336981292511,7.731686464012508,79.10447786297671
0.012270629589960405,4.901021432467401,66.3993875347598
0.028291775167468676,1.9764918385639634,79.56507354871658
0.16587336001439007,3.018034735841261,96.00272270875345
0.09181523154270882,2.5742714856982256,90.83270066301904
0.0924378088065978,6.092558047960419,91.89535433186721
0.12117228103973315,3.8833484811984595,51.97103770872582
0.15608042287382326,6.4174512309538425,82.36449391034301
0.04376620511273263,0.5656054386339223,66.03631893582597
0.01858371178286658,1.2561947199409766,85.33655772318363
0.0238668186826258,7.170946487705241,73.69442604600317
0.014019683230724916,5.366906540619958,90.20719425435735
0.02651590617417697,6.353101944640133,64.8818660778081
0.08305288942232719,6.48366132788319,61.02614268092547
0.03454514365177506,3.0597619631177646,58.63300887489922
0.05127659683597472,2.7250771031853964,87.08112247796774
0.04707792539260435,6.857152082121124,65.89477795490932
0.31034582349017564,5.36072464609205,76.37083114079192
0.058706648219345556,2.5806992965078455,79.24526697679644
0.07870091057778572,7.470670478395438,97.65066413021505
0.05525085952992631,1.606060156308011,77.66194438876522
0.015785685626500547,7.125795746701367,63.129920248079344
0.2373649220226376,3.2013869898717147,65.85441908113654
0.07517868966761912,7.31042408274736,55.45982499183817
0.1601699910035201,2.8225450507728955,96.44720289039687
0.07012107554890878,0.4462414273120716,69.39148368550366
0.08713223622154027,5.840717044959666,71.85822623306429
0.12674417257933826,0.6842807356530676,68.5172314124686
0.013802662015621636,6.419290839758078,65.38321128036941
0.06841524272606686,6.075180129713221,93.27314967704669
0.041957381368113125,5.779646374521782,75.84110968977173
0.02715923743647175,7.504135102156102,83.90466351885577
0.08519336981292511,7.731686464012508,79.10447786297671
0.012270629589960405,4.901021432467401,66.3993875347598
0.028291775167468676,1.9764918385639634,79.56507354871658
0.16587336001439007,3.018034735841261,96.00272270875345
0.09710791309688784,2.6059857298591846,91.20218448445561
0.09882660447937575,6.1846107542387685,91.72625366427741
0.12117228103973315,3.8833484811984595,51.97103770872582
0.17411602581808824,7.670303567167095,85.08643246255997
0.042187072999574526,0.33489631470914993,65.78012048774852
0.01858371178286658,1.2561947199409766,85.33655772318363
0.0238668186826258,7.170946487705241,73.69442604600317
0.014019683230724916,5.366906540619958,90.20719425435735
0.02387793246713317,6.084202271897624,65.16288425809032
0.11006034855071078,6.225847443961405,60.18148609563652
0.03454514365177506,3.0597619631177646,58.63300887489922
0.07775029776981451,2.7487730979221983,89.35816429172033
0.04707792539260435,6.857152082121124,65.89477795490932
0.3772038995663288,7.0636398496259725,79.23069958697975
0.05089782521531216,3.3662072900716136,76.08790582378151
0.07870091057778572,7.470670478395438,97.65066413021505
0.053678755494387324,1.0723533019254958,75.79763836943496
0.015785685626500547,7.125795746701367,63.129920248079344
0.15130533739176455,4.440108895324884,65.67302912914923
0.07517868966761912,7.31042408274736,55.45982499183817
0.14784386270212105,3.117526327118022,93.61787791413121
0.07012107554890878,0.4462414273120716,69.39148368550366
0.127178117784345,5.062589600761947,69.58846626659036
0.12674417257933826,0.6842807356530676,68.5172314124686
0.013802662015621636,6.419290839758078,65.38321128036941
0.06841524272606686,6.075180129713221,93.27314967704669
0.03648488146563646,6.824840634542255,74.72886695182244
0.02715923743647175,7.504135102156102,83.90466351885577
0.08519336981292511,7.731686464012508,79.10447786297671
0.012270629589960405,4.901021432467401,66.3993875347598
0.028291775167468676,1.9764918385639634,79.56507354871658
0.1473043978171674,3.305259337002512,95.29403424587268
0.09710791309688784,2.6059857298591846,91.20218448445561
0.10212050070612795,6.175519058114286,92.74680441028073
0.1053284330012352,3.9763396908420905,50.07792139030637
0.17411602581808824,7.670303567167095,85.08643246255997
0.042187072999574526,0.33489631470914993,65.78012048774852
0.01858371178286658,1.2561947199409766,85.33655772318363
0.0238668186826258,7.170946487705241,73.69442604600317
0.031233756514670738,5.100639353427267,90.86417308849711
0.02387793246713317,6.084202271897624,65.16288425809032
0.11447108066269898,6.050762005999756,54.91141375219704
0.03301440665053813,3.186295991684659,59.166725711427006
0.02496167553149141,2.3264235622997638,84.85308987551434
0.04707792539260435,6.857152082121124,65.89477795490932
0.3772038995663288,7.0636398496259725,79.23069958697975
0.050969125464043,3.391019524557333,76.17227829129304
0.07870091057778572,7.470670478395438,97.65066413021505
0.053678755494387324,1.0723533019254958,75.79763836943496
0.015785685626500547,7.125795746701367,63.129920248079344
0.1246939693299464,3.4389444838188052,65.69914618274974
0.07028199808275194,7.851920665468731,56.33391276713288
0.14784386270212105,3.117526327118022,93.61787791413121
0.060370598497544205,1.4803629085270664,68.69752649370919
0.20205275526954686,3.675764578254566,73.92970635310058
0.11928342529135244,2.6686221846859737,77.29290392536612
0.013802662015621636,6.419290839758078,65.38321128036941
0.059658719019504376,6.130354478754989,88.80130631113957
0.03648488146563646,6.824840634542255,74.72886695182244
0.026674402828039474,7.7901315345789115,83.07653852242817
0.08421894685201671,7.63548157781304,79.92735154069604
0.012270629589960405,4.901021432467401,66.3993875347598
0.028291775167468676,1.9764918385639634,79.56507354871658
0.1473043978171674,3.305259337002512,95.29403424587268
0.08260228695463565,3.2699820274824014,86.706424999739
0.1050315491576048,6.459206082926166,94.05661308430672
0.1053284330012352,3.9763396908420905,50.07792139030637
0.1890401025070916,7.765830303492323,87.34101374724344
0.04214695452388304,0.3523516987943447,65.8719953053797
0.01858371178286658,1.2561947199409766,85.33655772318363
0.02849037828971712,6.526104048073904,74.11713905143333
0.031233756514670738,5.100639353427267,90.86417308849711
0.011017330780090914,5.75895880702187,57.54176605126089
0.11447108066269898,6.050762005999756,54.91141375219704
0.03301440665053813,3.186295991684659,59.166725711427006
0.023138052342839027,0.1560410609865892,90.40139762951459
0.04707792539260435,6.857152082121124,65.89477795490932
0.48453465616818997,6.8411909460771305,78.05311879406075
0.04782622176604429,3.0718992816675508,74.63659576189634
0.1332750177800458,4.5928105917135085,97.79179524245443
0.053736537700584217,1.0229083045356258,75.78964926355262
0.015785685626500547,7.125795746701367,63.129920248079344
0.12345882095822906,3.3968888022033936,65.87479048333778
0.08315458159442676,7.092047202011418,62.845231800159375
0.1977379736091826,1.1934814177139552,97.95849936499162
0.025156655859821755,0.7701051214436072,63.55981465232539
0.25418733437689445,2.7101300019502768,76.9524752414159
0.15797998506501093,0.7261803463876788,78.49122705309469
0.013035051645587492,6.145809228104796,66.25543970649701
0.056870807166540166,3.725985385564304,82.67596989265122
0.0342983768139872,6.9345960789497045,74.66115708023997
0.026674402828039474,7.7901315345789115,83.07653852242817
0.08421894685201671,7.63548157781304,79.92735154069604
0.012270629589960405,4.901021432467401,66.3993875347598
0.028291775167468676,1.9764918385639634,79.56507354871658
0.1473043978171674,3.305259337002512,95.29403424587268
0.08629850516109933,3.0566828086293114,88.01065036253318
0.1050315491576048,6.459206082926166,94.05661308430672
0.1053284330012352,3.9763396908420905,50.07792139030637
0.1890401025070916,7.765830303492323,87.34101374724344
0.04023126296205326,0.312536795395157,65.77546291574905
0.01858371178286658,1.2561947199409766,85.33655772318363
0.02849037828971712,6.526104048073904,74.11713905143333
0.031233756514670738,5.100639353427267,90.86417308849711
0.011017330780090914,5.75895880702187,57.54176605126089
0.11447108066269898,6.050762005999756,54.91141375219704
0.03301440665053813,3.186295991684659,59.166725711427006
0.023138052342839027,0.1560410609865892,90.40139762951459
0.056684337251850084,7.397021561715692,65.75551153560315
0.48395574383696627,6.838987773359479,78.037176654846
0.06569125902920384,0.8115434906969714,81.05244304778864
0.12819357685252067,5.059161608270413,98.69648418249476
0.07047319264398749,0.3956751539816685,73.30631016995734
0.015785685626500547,7.125795746701367,63.129920248079344
0.13290729258189116,3.747042202295367,65.88606672075727
0.08315458159442676,7.092047202011418,62.845231800159375
0.1977379736091826,1.1934814177139552,97.95849936499162
0.025156655859821755,0.7701051214436072,63.55981465232539
0.262859789775363,2.943136488171877,73.7252676196944
0.15797998506501093,0.7261803463876788,78.49122705309469
0.05132806765099471,5.192532098353871,66.12343726820302
0.08485413313641735,1.4103538867321221,95.98890309389324
0.038513426618513355,6.461598064835048,70.00856356820965
0.026674402828039474,7.7901315345789115,83.07653852242817
0.08421894685201671,7.63548157781304,79.92735154069604
0.012270629589960405,4.901021432467401,66.3993875347598
0.032456713702334716,3.447674098914512,70.80778774267291
0.1473043978171674,3.305259337002512,95.29403424587268
0.08629850516109933,3.0566828086293114,88.01065036253318
0.1050315491576048,6.459206082926166,94.05661308430672
0.1053284330012352,3.9763396908420905,50.07792139030637
0.13562046091908717,7.353336712771325,82.94103953303417
0.04023126296205326,0.312536795395157,65.77546291574905
0.027728973490513245,1.5734939651976534,86.45123863067012
0.02849037828971712,6.526104048073904,74.11713905143333
0.031233756514670738,5.100639353427267,90.86417308849711
0.011017330780090914,5.75895880702187,57.54176605126089
0.11447108066269898,6.050762005999756,54.91141375219704
0.048405031905047545,3.148858407410739,67.49802993883159
0.023138052342839027,0.1560410609865892,90.40139762951459
0.03868552561945375,7.81634043523947,69.13311791738396
0.48395574383696627,6.838987773359479,78.037176654846
0.06569125902920384,0.8115434906969714,81.05244304778864
0.07782244680119599,2.8070667110238348,81.81584350252285
0.09451319120667,0.4246049601149615,78.32636297587926
0.015785685626500547,7.125795746701367,63.129920248079344
0.10009746710355318,4.995742634834844,71.19531116482703
0.08315458159442676,7.092047202011418,62.845231800159375
0.1977379736091826,1.1934814177139552,97.95849936499162
0.022599888064215038,0.33806427614231627,63.30936627007283
0.20459751103778814,3.562688547387128,71.6314920175937
0.16385816526228858,0.0068137960165239875,81.67692877334935
0.0705309992944913,4.814926809986254,71.95988651347339
0.08710789276459639,1.406023963041631,96.02822667237022
0.0192492056942873,6.762855875632123,63.84610243128932
0.026674402828039474,7.7901315345789115,83.07653852242817
0.08421894685201671,7.63548157781304,79.92735154069604
0.01839855004109856,4.965527816099188,74.30516490590115
0.015259517002441297,2.9018451615663374,74.14102166815573
0.1473043978171674,3.305259337002512,95.29403424587268
0.08629850516109933,3.0566828086293114,88.01065036253318
0.1050315491576048,6.459206082926166,94.05661308430672
0.08483968493623426,4.209484216028869,55.78810840307477
0.13562046091908717,7.353336712771325,82.94103953303417
0.04023126296205326,0.312536795395157,65.77546291574905
0.027728973490513245,1.5734939651976534,86.45123863067012
0.02849037828971712,6.526104048073904,74.11713905143333
0.031233756514670738,5.100639353427267,90.86417308849711
0.011017330780090914,5.75895880702187,57.54176605126089
0.0970836846052199,5.852291439669666,62.421564665118794
0.051784009594642647,2.7647853480931603,62.90002107812386
0.023138052342839027,0.1560410609865892,90.40139762951459
0.03868552561945375,7.81634043523947,69.13311791738396
0.30313722491327666,6.51440519375142,85.4636784390218
0.06344157778823242,0.4503074315778939,82.38759115537337
0.08916072090810817,2.438033527051635,81.79753653298707
0.0734477402249804,1.5783119442288358,70.72118925585461
0.011911628006215341,7.436480543960586,61.34296019998758
0.1044899957124626,6.2096347572655795,62.79786187487019
0.08604670345602063,7.49098696659857,62.84018065641284
0.16644173877935348,2.013488717901099,85.92897637882801
0.022599888064215038,0.33806427614231627,63.30936627007283
0.22701734040089575,3.781116083530141,69.6570696252452
0.16385816526228858,0.0068137960165239875,81.67692877334935
0.06851278811917016,4.897073955825785,72.06344804696278
0.09733237104619724,1.6058122218550341,96.92757847571458
0.0192492056942873,6.762855875632123,63.84610243128932
0.026674402828039474,7.7901315345789115,83.07653852242817
0.08421894685201671,7.63548157781304,79.92735154069604
0.01839855004109856,4.965527816099188,74.30516490590115
0.015259517002441297,2.9018451615663374,74.14102166815573
0.1473043978171674,3.305259337002512,95.29403424587268
0.08629850516109933,3.0566828086293114,88.01065036253318
0.10772633948194632,6.163628239851228,93.48951173276537
0.07990165162292653,4.280966055445388,52.665039891471196
0.13562046091908717,7.353336712771325,82.94103953303417
0.026444270469456833,0.042316739440080076,57.50273538529475
0.027728973490513245,1.5734939651976534,86.45123863067012
0.02849037828971712,6.526104048073904,74.11713905143333
0.031233756514670738,5.100639353427267,90.86417308849711
0.011017330780090914,5.75895880702187,57.54176605126089
0.0970836846052199,5.852291439669666,62.421564665118794
0.051784009594642647,2.7647853480931603,62.90002107812386
0.023138052342839027,0.1560410609865892,90.40139762951459
0.03868552561945375,7.81634043523947,69.13311791738396
0.30313722491327666,6.51440519375142,85.4636784390218
0.06344157778823242,0.4503074315778939,82.38759115537337
0.08441324622016734,2.4663924209839028,81.54163373145408
0.0734477402249804,1.5783119442288358,70.72118925585461
0.011911628006215341,7.436480543960586,61.34296019998758
0.1044899957124626,6.2096347572655795,62.79786187487019
0.08604670345602063,7.49098696659857,62.84018065641284
0.164688025411246,1.9868734981556002,85.86867963221879
0.022599888064215038,0.33806427614231627,63.30936627007283
0.16129215867026414,3.904258014978459,62.75698343053338
0.12310814793272841,1.9993504750284465,76.22363193153464
0.05609778191829527,5.454072230690125,69.71199583589514
0.09733237104619724,1.6058122218550341,96.92757847571458
0.01849130747455821,6.835355190415119,63.74996300409004
0.026674402828039474,7.7901315345789115,83.07653852242817
0.09613682586965536,7.570063886757723,80.62610078070345
0.01839855004109856,4.965527816099188,74.30516490590115
0.015259517002441297,2.9018451615663374,74.14102166815573
0.1473043978171674,3.305259337002512,95.29403424587268
0.0851375547520176,3.2093390778626656,87.07243782229092
0.12335323510122377,7.060277126967845,94.8643864894941
0.07936861152730246,4.057749014328255,54.15632959012687
0.14256348546561481,7.805127685897896,84.48864562915871
0.02579951957724929,0.2071557327085376,58.46185799423873
0.04051805163939511,1.9379159823529173,86.58962499788362
0.02849037828971712,6.526104048073904,74.11713905143333
0.03595943086623034,5.065628377785411,87.27679685747465
0.010440702868504964,4.677320815139713,55.09081956559211
0.07626019376040391,6.552627837054835,64.81475599392597
0.06208405600152275,1.1015943816990328,57.94000285837528
0.023138052342839027,0.1560410609865892,90.40139762951459
0.03861068826862467,7.825229263408564,69.14158047178049
0.18313507901753998,6.6497125562157535,76.30952484705197
0.06498755386639775,0.9166380415798532,78.61643679107941
0.08441324622016734,2.4663924209839028,81.54163373145408
0.0734477402249804,1.5783119442288358,70.72118925585461
0.011911628006215341,7.436480543960586,61.34296019998758
0.10586389537481747,6.271591096812169,65.1334197519109
0.0857704754413959,6.1900874653177205,70.20270370389002
0.164688025411246,1.9868734981556002,85.86867963221879
0.022599888064215038,0.33806427614231627,63.30936627007283
0.16129215867026414,3.904258014978459,62.75698343053338
0.07771545853303617,1.2490614089488383,70.39114362895393
0.06356648936187438,4.861096710846638,66.31959623635369
0.09733237104619724,1.6058122218550341,96.92757847571458
0.01849130747455821,6.835355190415119,63.74996300409004
0.026674402828039474,7.7901315345789115,83.07653852242817
0.11733077921778362,5.843910625822301,82.2469472771311
0.01839855004109856,4.965527816099188,74.30516490590115
0.013804671519532699,2.9403450211120044,74.22837113392463
0.1473043978171674,3.305259337002512,95.29403424587268
0.09914482745178638,4.343691593525343,86.44597567212561
0.12335323510122377,7.060277126967845,94.8643864894941
0.07525108193286253,4.01254448644976,53.58024819310616
0.13933083344847336,7.5980793657809516,84.64869419821986
0.02579951957724929,0.2071557327085376,58.46185799423873
0.04484872936654403,2.3819163475344904,85.63982295502444
0.01707852387377984,6.519767711719513,76.33940933084644
0.035769390643058306,4.97475108570246,86.73781602816399
0.010440702868504964,4.677320815139713,55.09081956559211
0.0782278860221145,7.604344932190212,62.17952593007212
0.06208405600152275,1.1015943816990328,57.94000285837528
0.023138052342839027,0.1560410609865892,90.40139762951459
0.03861068826862467,7.825229263408564,69.14158047178049
0.23487508250461608,6.2725872404222045,74.07174012255676
0.066373660060886,1.268348020669463,78.05528721887711
0.09331261116598262,2.4132323383816754,82.02133558795546
0.04848236018791552,0.8820942442276243,65.38258147976879
0.011911628006215341,7.436480543960586,61.34296019998758
0.11267872773357401,6.187095783168956,65.40836092291704
0.0857704754413959,6.1900874653177205,70.20270370389002
0.164688025411246,1.9868734981556002,85.86867963221879
0.022599888064215038,0.33806427614231627,63.30936627007283
0.15245679833701525,3.623562333869108,63.56403319540855
0.07771545853303617,1.2490614089488383,70.39114362895393
0.055907968805372035,5.469142379060381,69.79821181545157
0.0817992708349889,2.5569063531244938,92.9427465236028
0.018455488255102653,6.113302471117237,67.82596078903484
0.026674402828039474,7.7901315345789115,83.07653852242817
0.197551344138516,5.0392296450715435,97.25955814547035
0.01839855004109856,4.965527816099188,74.30516490590115
0.013804671519532699,2.9403450211120044,74.22837113392463
0.10342360769428051,4.936692179618128,90.84975514500681
0.1092968583817666,3.3637681493012717,96.04196983081619
0.12335323510122377,7.060277126967845,94.8643864894941
0.07525108193286253,4.01254448644976,53.58024819310616
0.13933083344847336,7.5980793657809516,84.64869419821986
0.02579951957724929,0.2071557327085376,58.46185799423873
0.04484872936654403,2.3819163475344904,85.63982295502444
0.01630936411123933,7.076516883015954,77.91614364059967
0.035769390643058306,4.97475108570246,86.73781602816399
0.010440702868504964,4.677320815139713,55.09081956559211
0.0782278860221145,7.604344932190212,62.17952593007212
0.06208405600152275,1.1015943816990328,57.94000285837528
0.023138052342839027,0.1560410609865892,90.40139762951459
0.03861068826862467,7.825229263408564,69.14158047178049
0.4164968388484629,6.4062608093996944,79.31326835027593
0.08882776508687881,3.216456010741804,80.08454693274734
0.09017490863454623,3.9844912397593917,77.10451195405314
0.04848236018791552,0.8820942442276243,65.38258147976879
0.011911628006215341,7.436480543960586,61.34296019998758
0.09583187957458841,5.938314083070638,63.70822975498508
0.0857704754413959,6.1900874653177205,70.20270370389002
0.1498402919056025,2.088982595623734,87.13584621641128
0.022599888064215038,0.33806427614231627,63.30936627007283
0.16678902222098246,2.854947172292966,63.83135582586285
0.09481944224743588,3.011503005467966,74.34893684336895
0.047306723863046005,6.116843458728588,77.00980576427027
0.0817992708349889,2.5569063531244938,92.9427465236028
0.018455488255102653,6.113302471117237,67.82596078903484
0.026674402828039474,7.7901315345789115,83.07653852242817
0.1976191209791264,5.0440421480224735,97.3332085658314
0.01839855004109856,4.965527816099188,74.30516490590115
0.01420185884165535,3.1154425835254855,74.23501073323136
0.10804474642278136,4.851966896743379,91.626340423969
0.1092968583817666,3.3637681493012717,96.04196983081619
0.12335323510122377,7.060277126967845,94.8643864894941
0.07525108193286253,4.01254448644976,53.58024819310616
0.13933083344847336,7.5980793657809516,84.64869419821986
0.02579951957724929,0.2071557327085376,58.46185799423873
0.015410464861387835,2.0110203267124604,92.29140090318712
0.01630936411123933,7.076516883015954,77.91614364059967
0.035769390643058306,4.97475108570246,86.73781602816399
0.010440702868504964,4.677320815139713,55.09081956559211
0.0782278860221145,7.604344932190212,62.17952593007212
0.06208405600152275,1.1015943816990328,57.94000285837528
0.023138052342839027,0.1560410609865892,90.40139762951459
0.03861068826862467,7.825229263408564,69.14158047178049
0.4164968388484629,6.4062608093996944,79.31326835027593
0.08882776508687881,3.216456010741804,80.08454693274734
0.10561065903367649,5.133085591657541,81.4442992718906
0.0480345377138576,0.8748674178108651,65.62762107021962
0.011911628006215341,7.436480543960586,61.34296019998758
0.09583187957458841,5.938314083070638,63.70822975498508
0.0857704754413959,6.1900874653177205,70.20270370389002
0.17552251096131993,1.981118928137086,77.28541968631048
0.022599888064215038,0.33806427614231627,63.30936627007283
0.21390856396521665,1.819899975508637,62.56243200074045
0.11334869522457047,2.7008277949473576,78.65515675892468
0.06660491855194015,7.866484135156684,78.62734852410827
0.0817992708349889,2.5569063531244938,92.9427465236028
0.018455488255102653,6.113302471117237,67.82596078903484
0.026674402828039474,7.7901315345789115,83.07653852242817
0.1878321567897991,5.309747179383027,97.00786035291628
0.018817463558004885,4.504125516352507,73.20877878976766
0.01420185884165535,3.1154425835254855,74.23501073323136
0.10678475259708871,5.235254822637467,89.79867000446716
0.1092968583817666,3.3637681493012717,96.04196983081619
0.12335323510122377,7.060277126967845,94.8643864894941
0.07525108193286253,4.01254448644976,53.58024819310616
0.10104329394081366,6.981796539824519,81.47045923319754
0.02579951957724929,0.2071557327085376,58.46185799423873
0.015410464861387835,2.0110203267124604,92.29140090318712
0.01630936411123933,7.076516883015954,77.91614364059967
0.04834986595647152,6.15453877570537,83.42885577567473
0.010440702868504964,4.677320815139713,55.09081956559211
0.0782278860221145,7.604344932190212,62.17952593007212
0.06208405600152275,1.1015943816990328,57.94000285837528
0.02256428892531584,0.1450216772596054,97.2869753207665
0.03861068826862467,7.825229263408564,69.14158047178049
0.44802086774581973,6.713142070714531,79.23906602155866
0.0881039892861048,3.181899143405711,79.83624589128863
0.1305253138072214,7.44071367934677,94.89817322583119
0.04378541575494758,0.8062963464610362,67.95265646907335
0.011876047597171813,7.3697388524556775,61.19172631631371
0.09583187957458841,5.938314083070638,63.70822975498508
0.0857704754413959,6.1900874653177205,70.20270370389002
0.20168370496332147,2.1839550148683706,81.74686270283041
0.022599888064215038,0.33806427614231627,63.30936627007283
0.21390856396521665,1.819899975508637,62.56243200074045
0.11334869522457047,2.7008277949473576,78.65515675892468
0.06660491855194015,7.866484135156684,78.62734852410827
0.0817992708349889,2.5569063531244938,92.9427465236028
0.018455488255102653,6.113302471117237,67.82596078903484
0.026674402828039474,7.7901315345789115,83.07653852242817
0.11361597392494611,6.452010920065456,90.59222410145821
0.018817463558004885,4.504125516352507,73.20877878976766
0.01420185884165535,3.1154425835254855,74.23501073323136
0.10678475259708871,5.235254822637467,89.79867000446716
0.0611829417981924,4.003082545700229,76.11078580254306
0.12454898610170072,7.5813221689749,96.80172722742444
0.07525108193286253,4.01254448644976,53.58024819310616
0.062212459480174315,7.17988281041508,72.70177332488365
0.02579951957724929,0.2071557327085376,58.46185799423873
0.015410464861387835,2.0110203267124604,92.29140090318712
0.01630936411123933,7.076516883015954,77.91614364059967
0.04834986595647152,6.15453877570537,83.42885577567473
0.010440702868504964,4.677320815139713,55.09081956559211
0.06574042343487041,7.67396835279054,64.37398693564079
0.06208405600152275,1.1015943816990328,57.94000285837528
0.03971453174255196,0.5115463999051579,96.0695871183566
0.03861068826862467,7.825229263408564,69.14158047178049
0.32133748131512585,6.5302234870290405,76.07893975603633
0.09068939165442966,3.041649731932588,79.90539085714458
0.1305253138072214,7.44071367934677,94.89817322583119
0.048473232217422696,0.4403885627519899,66.95715333099774
0.011876047597171813,7.3697388524556775,61.19172631631371
0.0983164252315463,6.294397813979919,64.13289189810939
0.08668716034954582,7.028745410252005,64.95355234314617
0.12505768810921597,3.1829807974709574,71.06649067183129
0.022599888064215038,0.33806427614231627,63.30936627007283
0.21390856396521665,1.819899975508637,62.56243200074045
0.08249094314464064,2.817406873711466,77.23611524094954
0.045061202301336714,5.402380277982793,84.37747272833595
0.0817992708349889,2.5569063531244938,92.9427465236028
0.018455488255102653,6.113302471117237,67.82596078903484
0.026674402828039474,7.7901315345789115,83.07653852242817
0.1085933123621865,5.837120309432735,90.96328324573004
0.01491275495038345,5.082424660603388,74.03077756269224
0.014740960185320923,3.073362997126515,74.12052735196936
0.13213475692040863,6.7673935287947335,87.54472168993003
0.06853255297860233,4.79154743670415,79.77670472729268
0.10181045201881521,7.002637327787865,88.48993014641509
0.08677298362947133,3.8943614481775692,53.31170085376393
0.05251332384739648,7.538072911556352,75.29639270436058
0.02579951957724929,0.2071557327085376,58.46185799423873
0.015258798905131004,2.946962057129072,86.72688462664152
0.01630936411123933,7.076516883015954,77.91614364059967
0.04834986595647152,6.15453877570537,83.42885577567473
0.0371720871116544,5.53712196746728,66.81690549571739
0.06574042343487041,7.67396835279054,64.37398693564079
0.06208405600152275,1.1015943816990328,57.94000285837528
0.03971453174255196,0.5115463999051579,96.0695871183566
0.034694996449072674,7.953926270868315,69.14967716974733
0.3698195671796346,7.263519533781772,75.27462210002113
0.09068939165442966,3.041649731932588,79.90539085714458
0.09868437750599172,7.421666743666365,85.85264885582188
0.048473232217422696,0.4403885627519899,66.95715333099774
0.011876047597171813,7.3697388524556775,61.19172631631371
0.10207180344720358,6.48388867400924,62.16040042992134
0.08166692558932069,6.410100302548611,69.05255064889356
0.12505768810921597,3.1829807974709574,71.06649067183129
0.020731346705389012,0.4145130880236956,66.14024528340579
0.32473767941054743,1.1223959874460772,56.13079623418717
0.1344753376490006,1.4754751923623157,93.21399098975226
0.04216794847318511,4.740656951696513,85.21203348539338
0.0817992708349889,2.5569063531244938,92.9427465236028
0.018455488255102653,6.113302471117237,67.82596078903484
0.0575788459699402,7.254719068333643,74.5032774402189
0.10850605983016647,5.840860305655413,90.909144925403
0.01491275495038345,5.082424660603388,74.03077756269224
0.012832186069860571,2.9752556125880547,73.64445682764887
0.16124596215864206,6.438121357228519,93.27306123666686
0.061924915470714506,3.977286189377753,85.17180998500187
0.10532570753835767,7.729247928665579,96.71341973169346
0.06852573169941811,2.7909081237859787,54.85296501322055
0.035256554627394326,7.559609418989922,70.96034893808373
0.02579951957724929,0.2071557327085376,58.46185799423873
0.015258798905131004,2.946962057129072,86.72688462664152
0.01630936411123933,7.076516883015954,77.91614364059967
0.047519320930128624,5.964582743464237,83.66842697375307
0.0371720871116544,5.53712196746728,66.81690549571739
0.062338459433888126,7.7000223288790615,62.155988619956574
0.06208405600152275,1.1015943816990328,57.94000285837528
0.03971453174255196,0.5115463999051579,96.0695871183566
0.034694996449072674,7.953926270868315,69.14967716974733
0.3698195671796346,7.263519533781772,75.27462210002113
0.0376657094976236,2.239661619900412,80.7850535817403
0.14172730748757825,7.44741460205531,98.08048877929829
0.05301588844719016,2.818858099433279,65.38415056340871
0.011876047597171813,7.3697388524556775,61.19172631631371
0.11075331815456337,6.218170233413618,62.161364385864296
0.053974197046502886,6.790880866231865,65.93340842532962
0.10690698237140231,1.5503221535498453,59.928492567312205
0.020731346705389012,0.4145130880236956,66.14024528340579
0.502586051236749,0.7730146884012171,53.03015835937356
0.1344753376490006,1.4754751923623157,93.21399098975226
0.040678025406433185,4.399892917083065,85.64180266445645
0.0817992708349889,2.5569063531244938,92.9427465236028
0.018455488255102653,6.113302471117237,67.82596078903484
0.04504716028031305,7.1301737823609574,68.67398283998996
0.10850605983016647,5.840860305655413,90.909144925403
0.013086513268752197,5.90024516379603,76.64244510841189
0.012832186069860571,2.9752556125880547,73.64445682764887
0.16124596215864206,6.438121357228519,93.27306123666686
0.06059112480637023,4.023280300115977,85.0239599019418
0.10532570753835767,7.729247928665579,96.71341973169346
0.06852573169941811,2.7909081237859787,54.85296501322055
0.035256554627394326,7.559609418989922,70.96034893808373
0.02579951957724929,0.2071557327085376,58.46185799423873
0.015258798905131004,2.946962057129072,86.72688462664152
0.02510079340828031,7.037793681256575,78.84764925812598
0.04628095080040004,5.979286632238883,82.98029935156433
0.016089726055159542,5.341989251745148,68.15080270292832
0.062338459433888126,7.7000223288790615,62.155988619956574
0.06208405600152275,1.1015943816990328,57.94000285837528
0.03971453174255196,0.5115463999051579,96.0695871183566
0.034694996449072674,7.953926270868315,69.14967716974733
0.2794682011045011,5.300147607948172,70.00083968196935
0.015334917777100068,2.079141465909074,74.63347866551084
0.14172730748757825,7.44741460205531,98.08048877929829
0.05301588844719016,2.818858099433279,65.38415056340871
0.01209024913521555,6.385252718098983,63.98148334896525
0.11075331815456337,6.218170233413618,62.161364385864296
0.053974197046502886,6.790880866231865,65.93340842532962
0.09195780232925671,1.3674020182189126,61.382514266481905
0.019200716338627664,0.47713673422544917,68.45918211719211
0.502586051236749,0.7730146884012171,53.03015835937356
0.1344753376490006,1.4754751923623157,93.21399098975226
0.040678025406433185,4.399892917083065,85.64180266445645
0.0817992708349889,2.5569063531244938,92.9427465236028
0.018455488255102653,6.113302471117237,67.82596078903484
0.04504716028031305,7.1301737823609574,68.67398283998996
0.1096654826978058,5.645963575691917,91.0120469487876
0.013086513268752197,5.90024516379603,76.64244510841189
0.012832186069860571,2.9752556125880547,73.64445682764887
0.11470959045413356,7.03185076150265,78.63235534727433
0.06059112480637023,4.023280300115977,85.0239599019418
0.10532570753835767,7.729247928665579,96.71341973169346
0.06852573169941811,2.7909081237859787,54.85296501322055
0.03384462909221357,6.936787747770454,70.74040020425558
0.02579951957724929,0.2071557327085376,58.46185799423873
0.015258798905131004,2.946962057129072,86.72688462664152
0.02510079340828031,7.037793681256575,78.84764925812598
0.054680897050217094,5.332555380560935,91.24757462419541
0.016089726055159542,5.341989251745148,68.15080270292832
0.059358640770344105,7.697996449309253,59.7605136190764
0.06208405600152275,1.1015943816990328,57.94000285837528
0.03971453174255196,0.5115463999051579,96.0695871183566
0.034694996449072674,7.953926270868315,69.14967716974733
0.42445668333107245,3.7206593585968544,76.74625015441782
0.015334917777100068,2.079141465909074,74.63347866551084
0.13786747521238368,7.28347566585495,97.36445257964009
0.03329963339527983,1.4724574919962707,61.15025024617316
0.01209024913521555,6.385252718098983,63.98148334896525
0.11075331815456337,6.218170233413618,62.161364385864296
0.053974197046502886,6.790880866231865,65.93340842532962
0.10407704375125582,0.6311540599574519,64.75964576404317
0.019200716338627664,0.47713673422544917,68.45918211719211
0.502586051236749,0.7730146884012171,53.03015835937356
0.1344753376490006,1.4754751923623157,93.21399098975226
0.040678025406433185,4.399892917083065,85.64180266445645
0.055854663838268266,3.8192863619043846,86.78806827862695
0.018455488255102653,6.113302471117237,67.82596078903484
0.04458184991598725,7.147858991300068,68.81683177326391
0.1096654826978058,5.645963575691917,91.0120469487876
0.019717133979050103,6.231340759507013,74.75719591202883
0.012868868049752336,2.806662516039797,74.12220228321014
0.11470959045413356,7.03185076150265,78.63235534727433
0.05997827415210637,4.034871026605949,85.04297478925966
0.10532570753835767,7.729247928665579,96.71341973169346
0.06376333567257407,3.0942224862633627,55.623289239715234
0.03384462909221357,6.936787747770454,70.74040020425558
0.02579951957724929,0.2071557327085376,58.46185799423873
0.015258798905131004,2.946962057129072,86.72688462664152
0.027397580461186583,7.1529885266232025,81.47201428620593
0.054680897050217094,5.332555380560935,91.24757462419541
0.016089726055159542,5.341989251745148,68.15080270292832
0.059358640770344105,7.697996449309253,59.7605136190764
0.06208405600152275,1.1015943816990328,57.94000285837528
0.03971453174255196,0.5115463999051579,96.0695871183566
0.034694996449072674,7.953926270868315,69.14967716974733
0.42445668333107245,3.7206593585968544,76.74625015441782
0.015334917777100068,2.079141465909074,74.63347866551084
0.13108512175178336,7.319285985676061,94.11586014601184
0.03329963339527983,1.4724574919962707,61.15025024617316
0.01209024913521555,6.385252718098983,63.98148334896525
0.13436445886213766,5.980013124386513,60.59279021928849
0.0640039877994698,6.689713963732016,65.26709285565373
0.10188747809696397,0.6270850947125077,65.82478710311996
0.012516553866538414,0.46592478795974146,59.46268734944335
0.502586051236749,0.7730146884012171,53.03015835937356
0.15773301221925523,0.6380311011516451,99.04509650202289
0.03841448850490535,5.7444770237096625,79.40239869233011
0.055854663838268266,3.8192863619043846,86.78806827862695
0.015827244295224155,5.747662612148893,63.46684025523971
0.04458184991598725,7.147858991300068,68.81683177326391
0.13729813603314284,7.674207194399431,89.01417197601361
0.019717133979050103,6.231340759507013,74.75719591202883
0.01318701137663757,3.1229372144924,72.97632628791243
0.08063652440393727,5.618220587214184,77.12338389047187
0.05997827415210637,4.034871026605949,85.04297478925966
0.10532570753835767,7.729247928665579,96.71341973169346
0.06376333567257407,3.0942224862633627,55.623289239715234
0.03384462909221357,6.936787747770454,70.74040020425558
0.02579951957724929,0.2071557327085376,58.46185799423873
0.012265496112308677,2.8707369622538867,87.3836733787936
0.027397580461186583,7.1529885266232025,81.47201428620593
0.054680897050217094,5.332555380560935,91.24757462419541
0.016089726055159542,5.341989251745148,68.15080270292832
0.059358640770344105,7.697996449309253,59.7605136190764
0.06208405600152275,1.1015943816990328,57.94000285837528
0.039235206035006014,1.2222344992814786,93.4989497727137
0.034694996449072674,7.953926270868315,69.14967716974733
0.4555026076696456,3.5280752018577615,76.89882241382116
0.018077693782158163,2.136631261917418,73.55682380717498
0.13969855186002483,7.859858232411391,99.040760219189
0.03329963339527983,1.4724574919962707,61.15025024617316
0.01209024913521555,6.385252718098983,63.98148334896525
0.16159811932211215,6.622118044509866,57.80968970359966
0.0640039877994698,6.689713963732016,65.26709285565373
0.10188747809696397,0.6270850947125077,65.82478710311996
0.012516553866538414,0.46592478795974146,59.46268734944335
0.48455271349543017,1.12518841543376,55.316610012970045
0.1365147609212503,0.6128838482527409,93.26152683018913
0.036017653327986315,5.6944176172674785,78.93766698464187
0.0724559225621586,6.413494331932217,80.08453551194228
0.01097085904881901,5.652700521471654,63.28536845925411
0.04458184991598725,7.147858991300068,68.81683177326391
0.12552234171473853,7.487441522218755,86.5375282350838
0.019717133979050103,6.231340759507013,74.75719591202883
0.01318701137663757,3.1229372144924,72.97632628791243
0.13338936417603972,4.097466019241049,72.81445915408085
0.051334641888594504,3.2046727979145455,77.3019535503504
0.08725547312737345,6.874100170427812,94.76318827866533
0.06376333567257407,3.0942224862633627,55.623289239715234
0.03339097331260313,6.978855843360973,70.7731736158084
0.023267131450962816,2.7153121766100785,65.24638679311249
0.012265496112308677,2.8707369622538867,87.3836733787936
0.027397580461186583,7.1529885266232025,81.47201428620593
0.054680897050217094,5.332555380560935,91.24757462419541
0.016089726055159542,5.341989251745148,68.15080270292832
0.059358640770344105,7.697996449309253,59.7605136190764
0.06208405600152275,1.1015943816990328,57.94000285837528
0.039235206035006014,1.2222344992814786,93.4989497727137
0.03475211725485813,7.996637789520948,69.07856230790532
0.4555026076696456,3.5280752018577615,76.89882241382116
0.018077693782158163,2.136631261917418,73.55682380717498
0.13969855186002483,7.859858232411391,99.040760219189
0.033776492783370665,1.4516508467486728,60.76158814219902
0.013699001915883698,6.215229657772437,63.78707429816862
0.16159811932211215,6.622118044509866,57.80968970359966
0.10116730436667654,6.663973803893397,62.42735413586429
0.1093475482782327,0.27973417170869563,64.4479770966134
0.012516553866538414,0.46592478795974146,59.46268734944335
0.49390831256180145,0.9898124098067189,54.38771765405963
0.08633464516286735,1.5444715325526106,80.84799573357
0.036017653327986315,5.6944176172674785,78.93766698464187
0.0346615582091698,5.648619820824664,75.48865808059803
0.01097085904881901,5.652700521471654,63.28536845925411
0.04458184991598725,7.147858991300068,68.81683177326391
0.12552234171473853,7.487441522218755,86.5375282350838
0.019717133979050103,6.231340759507013,74.75719591202883
0.01318701137663757,3.1229372144924,72.97632628791243
0.15645298669727817,4.790396843916363,75.3620976519645
0.04783789447454795,3.1437065611375083,75.80002939584053
0.08725547312737345,6.874100170427812,94.76318827866533
0.06377262236895527,3.0941936303231508,55.61152345831788
0.03339097331260313,6.978855843360973,70.7731736158084
0.023267131450962816,2.7153121766100785,65.24638679311249
0.010889791548475736,1.981744118245837,94.30238599801238
0.03088535483272053,7.5715188124868895,84.52128642024539
0.054680897050217094,5.332555380560935,91.24757462419541
0.016089726055159542,5.341989251745148,68.15080270292832
0.058040859313418326,7.730588159996937,59.67645656775487
0.06208405600152275,1.1015943816990328,57.94000285837528
0.039235206035006014,1.2222344992814786,93.4989497727137
0.03481228877807538,7.905712495632781,69.40633005540565
0.47871146488793076,3.4235900362313125,76.06798383275607
0.02547396810598255,3.603433001492559,75.77523417384043
0.13969855186002483,7.859858232411391,99.040760219189
0.021645912506066206,0.7873985791950351,62.844299276743314
0.013638531806765872,5.850005601592208,64.87239722493443
0.16159811932211215,6.622118044509866,57.80968970359966
0.10116730436667654,6.663973803893397,62.42735413586429
0.08363921676760967,0.5824409031928288,62.75769198765741
0.030492487605355917,1.208225297918351,59.26337245721435
0.495096580753407,0.7995110656737463,52.69249959051466
0.08633464516286735,1.5444715325526106,80.84799573357
0.036017653327986315,5.6944176172674785,78.93766698464187
0.0341955831475904,5.88590126113027,76.60326424112445
0.01097085904881901,5.652700521471654,63.28536845925411
0.04564708774453333,7.2153752203252175,68.84173266742324
0.12552234171473853,7.487441522218755,86.5375282350838
0.022137629981043076,6.383188207158829,78.69331724790274
0.025945109327887506,3.13058427382226,74.0159846635562
0.15645298669727817,4.790396843916363,75.3620976519645
0.04783789447454795,3.1437065611375083,75.80002939584053
0.08725547312737345,6.874100170427812,94.76318827866533
0.06392276205702155,3.087115970207538,55.57204088448319
0.03339097331260313,6.978855843360973,70.7731736158084
0.039594691199935195,2.9697015697401508,66.48649500990307
0.010889791548475736,1.981744118245837,94.30238599801238
0.0325237265580296,6.705840081333784,81.12864074981512
0.054680897050217094,5.332555380560935,91.24757462419541
0.016089726055159542,5.341989251745148,68.15080270292832
0.058952842081600676,6.235353432984423,59.284782359730386
0.06208405600152275,1.1015943816990328,57.94000285837528
0.039235206035006014,1.2222344992814786,93.4989497727137
0.04495023806605469,7.6460714985536,69.90270397382076
0.5468838592103501,3.04596201738274,75.98589149686588
0.02970521064208742,2.6909953872988326,83.23852896967253
0.12090493976117395,7.78531621144751,91.59994977276271
0.021645912506066206,0.7873985791950351,62.844299276743314
0.013638531806765872,5.850005601592208,64.87239722493443
0.18010907212324678,7.292054232935875,58.233757890663085
0.10116730436667654,6.663973803893397,62.42735413586429
0.08363921676760967,0.5824409031928288,62.75769198765741
0.02959750043597511,1.6353791951919696,62.20804655498676
0.495096580753407,0.7995110656737463,52.69249959051466
0.09751608902354274,0.8822340997566123,83.30521455337099
0.03744401160344554,5.544519834527062,80.76509092653815
0.0341955831475904,5.88590126113027,76.60326424112445
0.01836252995535187,5.136964488822756,63.23169433002366
0.054283044590170665,7.521070536886947,65.22285467567767
0.12552234171473853,7.487441522218755,86.5375282350838
0.022137629981043076,6.383188207158829,78.69331724790274
0.03282076147656669,3.4164379757520216,75.52856879278544
0.15645298669727817,4.790396843916363,75.3620976519645
0.035804760712212974,2.7663180528110933,77.39808952114382
0.08725547312737345,6.874100170427812,94.76318827866533
0.05676403999749368,2.399613064012228,54.254390588511804
0.03339097331260313,6.978855843360973,70.7731736158084
0.039594691199935195,2.9697015697401508,66.48649500990307
0.010889791548475736,1.981744118245837,94.30238599801238
0.0325237265580296,6.705840081333784,81.12864074981512
0.055985191170262155,5.380862934715627,91.25451471446341
0.032919880228501675,3.7903523542851785,64.41448703494555
0.06133192809749186,6.582772889780371,59.05778976031403
0.06208405600152275,1.1015943816990328,57.94000285837528
0.039235206035006014,1.2222344992814786,93.4989497727137
0.04323108564906245,5.713701768398929,77.00074695533424
0.5034642598499116,2.988702115819367,74.06070294918148
0.024629900253101952,2.6033235616303436,84.06042151958266
0.12090493976117395,7.78531621144751,91.59994977276271
0.019001699898845037,0.4012625162205925,63.096588050294784
0.013638531806765872,5.850005601592208,64.87239722493443
0.18010907212324678,7.292054232935875,58.233757890663085
0.12114457727751785,6.590716430255878,60.02706482559669
0.08363921676760967,0.5824409031928288,62.75769198765741
0.012290084239264296,1.827300080096772,56.83194150461176
0.387933790014341,1.9236486520440375,55.403497618850096
0.09751608902354274,0.8822340997566123,83.30521455337099
0.03973620627110867,6.599616953472669,83.36134416455866
0.042150696299708475,7.359806592826215,83.78333853179588
0.01836252995535187,5.136964488822756,63.23169433002366
0.052178915733645,7.107563776164916,66.76519157289307
0.12552234171473853,7.487441522218755,86.5375282350838
0.022137629981043076,6.383188207158829,78.69331724790274
0.06238875948813988,4.714920962317878,79.03997485580021
0.10328152482487775,3.961965888800119,71.3236272509678
0.047451687002757106,4.394157331017542,89.36989116465497
0.08725547312737345,6.874100170427812,94.76318827866533
0.05676403999749368,2.399613064012228,54.254390588511804
0.03373605998785878,6.911246586637488,70.52928555477598
0.039594691199935195,2.9697015697401508,66.48649500990307
0.010889791548475736,1.981744118245837,94.30238599801238
0.028722709780297458,7.105460440381277,71.97651125982584
0.055985191170262155,5.380862934715627,91.25451471446341
0.053323412248201946,5.7819537091021305,72.38142141042003
0.056494035893019115,6.107290460545609,59.96990718691265
0.06208405600152275,1.1015943816990328,57.94000285837528
0.039235206035006014,1.2222344992814786,93.4989497727137
0.040777889015236275,5.656808639168422,75.64247774310451
0.5034642598499116,2.988702115819367,74.06070294918148
0.024629900253101952,2.6033235616303436,84.06042151958266
0.09991913066802545,7.225610429966946,87.65555835893511
0.019001699898845037,0.4012625162205925,63.096588050294784
0.012390369346725112,4.0934850447397615,78.2361215983778
0.12155915750496148,7.207618312612823,62.138347142824195
0.11200645355772704,6.602587385658392,62.202950183416476
0.08363921676760967,0.5824409031928288,62.75769198765741
0.010481453454468208,1.6001236664296679,55.65299057320499
0.387933790014341,1.9236486520440375,55.403497618850096
0.08953996184048499,1.441744354928392,84.27142267777111
0.044681429591491996,5.921843857956419,81.04055431260991
0.042150696299708475,7.359806592826215,83.78333853179588
0.01836252995535187,5.136964488822756,63.23169433002366
0.052178915733645,7.107563776164916,66.76519157289307
0.12552234171473853,7.487441522218755,86.5375282350838
0.010390873599354061,6.508429228786831,79.172264110855
0.07872046980208317,7.178540365153905,68.84111746410073
0.11179798593192936,5.4272515882362296,75.0376232998441
0.014623878513205929,6.696966085588787,93.34656988866396
0.05086225580134648,4.374075111168059,76.22376659900277
0.05676403999749368,2.399613064012228,54.254390588511804
0.024579118582809797,7.541097402519081,61.999527360372184
0.039594691199935195,2.9697015697401508,66.48649500990307
0.010889791548475736,1.981744118245837,94.30238599801238
0.027233106064368198,6.822426850831718,70.71916708107045
0.055985191170262155,5.380862934715627,91.25451471446341
0.041874984813879704,6.48259464865937,68.24646641565192
0.056494035893019115,6.107290460545609,59.96990718691265
0.06208405600152275,1.1015943816990328,57.94000285837528
0.039235206035006014,1.2222344992814786,93.4989497727137
0.04099654414068724,6.285351494249296,73.11155649630166
0.5034642598499116,2.988702115819367,74.06070294918148
0.024629900253101952,2.6033235616303436,84.06042151958266
0.10719582748723254,7.738983761557193,90.20909813975608
0.019001699898845037,0.4012625162205925,63.096588050294784
0.012390369346725112,4.0934850447397615,78.2361215983778
0.17929620345849365,7.271152559216496,56.019774667858556
0.11200645355772704,6.602587385658392,62.202950183416476
0.08363921676760967,0.5824409031928288,62.75769198765741
0.010481453454468208,1.6001236664296679,55.65299057320499
0.20205465193308272,4.1809153754909385,67.1057906210376
0.12083332949216541,1.2268889889123558,80.28029815870923
0.044681429591491996,5.921843857956419,81.04055431260991
0.037833938296490136,7.977293602941037,81.45211792115904
0.01836252995535187,5.136964488822756,63.23169433002366
0.05167007781155009,7.107518148282396,66.87824127437273
0.09433349711606365,5.4126348739594015,79.67410882447024
0.010390873599354061,6.508429228786831,79.172264110855
0.07872046980208317,7.178540365153905,68.84111746410073
0.10624134525294139,5.503982125782873,75.52594561524427
0.014703748056316735,6.582106450315408,92.79468528312334
0.04474257653536342,4.329441968112091,76.54386962228442
0.05676403999749368,2.399613064012228,54.254390588511804
0.024579118582809797,7.541097402519081,61.999527360372184
0.04012515870679134,3.1514744035917848,66.50370428617035
0.010889791548475736,1.981744118245837,94.30238599801238
0.027233106064368198,6.822426850831718,70.71916708107045
0.05066387063472008,4.883207526006753,84.29171643646406
0.041832347668669646,6.401426893174543,68.20400139488198
0.05280930961974532,6.149155856623085,62.8641280340652
0.06208405600152275,1.1015943816990328,57.94000285837528
0.039235206035006014,1.2222344992814786,93.4989497727137
0.0409337524090748,6.059525399930557,72.63539696187131
0.2771181478390492,4.604438372479888,76.40717312484536
0.024629900253101952,2.6033235616303436,84.06042151958266
0.10719582748723254,7.738983761557193,90.20909813975608
0.018055191561904334,0.0204911796916587,62.174039084797954
0.022125102393092434,4.856585864099657,74.9190886530302
0.17929620345849365,7.271152559216496,56.019774667858556
0.1169124038179978,6.316571192239048,64.98754792512149
0.08747580127529994,0.09038917531377244,61.870296183751805
0.011189165066754244,1.5005434532209863,56.27127320224751
0.18213491826455555,3.344131823990871,70.64448096755038
0.1263647166247179,1.0013501295853802,80.55191635047315
0.04614128070538169,5.889690434757765,80.46815243523407
0.037833938296490136,7.977293602941037,81.45211792115904
0.01836252995535187,5.136964488822756,63.23169433002366
0.05167007781155009,7.107518148282396,66.87824127437273
0.14054673768531625,4.938692932552161,78.40230128016368
0.010390873599354061,6.508429228786831,79.172264110855
0.07872046980208317,7.178540365153905,68.84111746410073
0.1060662073936645,5.093881876760895,72.83173527984835
0.014703748056316735,6.582106450315408,92.79468528312334
0.04546217860621709,3.949482633171148,76.03262767879104
0.05265687539967065,2.3622008643881034,57.83992527345553
0.024579118582809797,7.541097402519081,61.999527360372184
0.03149918050421134,0.19565056450675034,66.2238627500818
0.010889791548475736,1.981744118245837,94.30238599801238
0.028154269040161255,6.677249424017921,70.98767021883124
0.05066387063472008,4.883207526006753,84.29171643646406
0.03375965315240692,4.619068418472343,75.64503770186639
0.05280930961974532,6.149155856623085,62.8641280340652
0.06208405600152275,1.1015943816990328,57.94000285837528
0.039235206035006014,1.2222344992814786,93.4989497727137
0.0409337524090748,6.059525399930557,72.63539696187131
0.2771181478390492,4.604438372479888,76.40717312484536
0.025591694692142106,2.815676756203881,83.17388390486977
0.10719582748723254,7.738983761557193,90.20909813975608
0.03858532720470376,0.47863800472716944,63.356893705227556
0.022125102393092434,4.856585864099657,74.9190886530302
0.17152442699167622,7.152230771087357,57.136980249470945
0.07136851859283735,6.398601185406829,71.05230389124873
0.08747580127529994,0.09038917531377244,61.870296183751805
0.011189165066754244,1.5005434532209863,56.27127320224751
0.2101618515488331,4.307508950665658,73.24236587690737
0.12306716114170466,1.0064925935861104,79.39194010576134
0.04831928758210059,5.342365690890608,80.21017780396032
0.055694167154148794,7.596953630669769,80.60125140970622
0.01836252995535187,5.136964488822756,63.23169433002366
0.05167007781155009,7.107518148282396,66.87824127437273
0.13566482535251295,4.887904055713948,78.28063548193838
0.010390873599354061,6.508429228786831,79.172264110855
0.07872046980208317,7.178540365153905,68.84111746410073
0.15310416819414185,7.499691865057496,86.03512399641592
0.01689547108901119,6.619547851640786,99.71734777707209
0.044697255422249664,3.576571220831484,74.91418768581184
0.05265687539967065,2.3622008643881034,57.83992527345553
0.0386637041096307,6.846630980883571,62.43089327352678
0.03149918050421134,0.19565056450675034,66.2238627500818
0.010889791548475736,1.981744118245837,94.30238599801238
0.028154269040161255,6.677249424017921,70.98767021883124
0.06780032364876301,3.5174119315647663,94.42002376999902
0.03375965315240692,4.619068418472343,75.64503770186639
0.03960943580812019,5.971742753100268,57.04044836005963
0.06208405600152275,1.1015943816990328,57.94000285837528
0.039235206035006014,1.2222344992814786,93.4989497727137
0.03711312792777255,5.251711495790255,75.25979076570025
0.29752059987296753,4.284539428586903,78.81448268085707
0.025591694692142106,2.815676756203881,83.17388390486977
0.09682525673054757,7.316841133633652,88.44787862855672
0.03858532720470376,0.47863800472716944,63.356893705227556
0.021299185541114492,4.830722986619552,74.9839428598296
0.14278760326855114,6.710665568565545,60.557352570373844
0.07136851859283735,6.398601185406829,71.05230389124873
0.08747580127529994,0.09038917531377244,61.870296183751805
0.011189165066754244,1.5005434532209863,56.27127320224751
0.12505836830434144,3.1069293866903553,65.98358515371139
0.11350960931618778,1.1905175825762717,76.46645135744483
0.04831928758210059,5.342365690890608,80.21017780396032
0.055694167154148794,7.596953630669769,80.60125140970622
0.01836252995535187,5.136964488822756,63.23169433002366
0.05167007781155009,7.107518148282396,66.87824127437273
0.12422554259702066,5.156679860972263,76.99460626683243
0.010390873599354061,6.508429228786831,79.172264110855
0.07495822547501751,7.826110413127033,68.01648168457581
0.11489266027455489,7.537845223925037,83.90355164076185
0.01689547108901119,6.619547851640786,99.71734777707209
0.06833401711402368,2.1760385337784567,85.39982239514633
0.05265687539967065,2.3622008643881034,57.83992527345553
0.0386637041096307,6.846630980883571,62.43089327352678
0.02793622053805437,0.4245662508058967,64.47789272717739
0.01268592481555341,1.8260838967383501,91.85530860991804
0.028154269040161255,6.677249424017921,70.98767021883124
0.06780032364876301,3.5174119315647663,94.42002376999902
0.03375965315240692,4.619068418472343,75.64503770186639
0.03960943580812019,5.971742753100268,57.04044836005963
0.05325091919410818,0.9821762633928324,57.15683159267628
0.039235206035006014,1.2222344992814786,93.4989497727137
0.0376379483521464,5.403089902676209,71.42938062742469
0.29752059987296753,4.284539428586903,78.81448268085707
0.025591694692142106,2.815676756203881,83.17388390486977
0.11497532597815083,7.486596866503126,90.3956341363947
0.03858532720470376,0.47863800472716944,63.356893705227556
0.03854676408390593,3.8572555142054243,78.80342502591654
0.14278760326855114,6.710665568565545,60.557352570373844
0.07136851859283735,6.398601185406829,71.05230389124873
0.08747580127529994,0.09038917531377244,61.870296183751805
0.011189165066754244,1.5005434532209863,56.27127320224751
0.12215750170185465,4.3669490029113165,73.00687190598394
0.08266472664939681,2.4698809912233495,72.17599356960099
0.04831928758210059,5.342365690890608,80.21017780396032
0.06255470696923082,7.76978240953548,77.22106718864164
0.01836252995535187,5.136964488822756,63.23169433002366
0.05257004415658766,7.533462002813462,64.95158355243673
0.12346158625117633,7.036929075736181,87.09508633084991
0.010390873599354061,6.508429228786831,79.172264110855
0.07396730334587784,7.919450284960195,68.05668999626761
0.11489266027455489,7.537845223925037,83.90355164076185
0.01689547108901119,6.619547851640786,99.71734777707209
0.0919982252693392,3.20201539874399,97.65546355969934
0.05011099502705692,2.631952831879831,61.62235911587705
0.0386637041096307,6.846630980883571,62.43089327352678
0.02793622053805437,0.4245662508058967,64.47789272717739
0.01268592481555341,1.8260838967383501,91.85530860991804
0.02999081406657838,6.002908109754877,72.51360758831123
0.06780032364876301,3.5174119315647663,94.42002376999902
0.03375965315240692,4.619068418472343,75.64503770186639
0.037633577136946955,5.97814474517781,60.21894696964155
0.05325091919410818,0.9821762633928324,57.15683159267628
0.039235206035006014,1.2222344992814786,93.4989497727137
0.036118244479154495,5.833403879931899,72.81861322544373
0.35579006145620545,4.210636053705327,79.51466917449724
0.025591694692142106,2.815676756203881,83.17388390486977
0.11497532597815083,7.486596866503126,90.3956341363947
0.03858532720470376,0.47863800472716944,63.356893705227556
0.03841337761759736,4.367794044386329,75.95614921218514
0.14482679802762213,6.650196528769254,58.85068312857538
0.06974634858747639,6.74958209793377,70.81834319354695
0.08747580127529994,0.09038917531377244,61.870296183751805
0.011189165066754244,1.5005434532209863,56.27127320224751
0.11739329098451003,3.7794797637039563,71.47704514553611
0.08912162957233463,2.557448241397439,73.61278165708924
0.04831928758210059,5.342365690890608,80.21017780396032
0.06255470696923082,7.76978240953548,77.22106718864164
0.017740046410603415,5.443365696813234,63.15066622607368
0.05257004415658766,7.533462002813462,64.95158355243673
0.12346158625117633,7.036929075736181,87.09508633084991
0.010390873599354061,6.508429228786831,79.172264110855
0.07396730334587784,7.919450284960195,68.05668999626761
0.11489266027455489,7.537845223925037,83.90355164076185
0.01689547108901119,6.619547851640786,99.71734777707209
0.0919982252693392,3.20201539874399,97.65546355969934
0.056206334596810875,2.763202947928872,56.698384562991436
0.0386637041096307,6.846630980883571,62.43089327352678
0.02793622053805437,0.4245662508058967,64.47789272717739
0.01268592481555341,1.8260838967383501,91.85530860991804
0.030501409450284733,5.730146976717431,72.94696334706579
0.07106156119892676,3.571631297621637,95.28895352510304
0.03429134558810389,4.423841962973407,76.08680708134229
0.037633577136946955,5.97814474517781,60.21894696964155
0.05325091919410818,0.9821762633928324,57.15683159267628
0.039235206035006014,1.2222344992814786,93.4989497727137
0.036118244479154495,5.833403879931899,72.81861322544373
0.35579006145620545,4.210636053705327,79.51466917449724
0.01375657003070025,1.734845245783395,85.65042623623782
0.10387183675851847,7.3827470726443005,89.204074920354
0.03858532720470376,0.47863800472716944,63.356893705227556
0.033437736777471916,4.1615547130768356,75.4391017357606
0.16856989419535506,7.4137583421132085,54.00724290851069
0.05020099606604984,5.063097813035672,78.02429922863608
0.08747580127529994,0.09038917531377244,61.870296183751805
0.011189165066754244,1.5005434532209863,56.27127320224751
0.18911795579621873,2.5819105189949014,77.46989304173088
0.14426005140020745,3.085032514663408,60.453170588779244
0.04831928758210059,5.342365690890608,80.21017780396032
0.06255470696923082,7.76978240953548,77.22106718864164
0.017740046410603415,5.443365696813234,63.15066622607368
0.05073619255773967,7.490057777368931,62.69808610284812
0.12346158625117633,7.036929075736181,87.09508633084991
0.010390873599354061,6.508429228786831,79.172264110855
0.07396730334587784,7.919450284960195,68.05668999626761
0.06347808305855557,4.544645067612428,70.20389850386235
0.01689547108901119,6.619547851640786,99.71734777707209
0.0919982252693392,3.20201539874399,97.65546355969934
0.056206334596810875,2.763202947928872,56.698384562991436
0.03879282031212996,5.575942847019925,69.44992382460148
0.02793622053805437,0.4245662508058967,64.47789272717739
0.01268592481555341,1.8260838967383501,91.85530860991804
0.02277980737103933,6.028974710615967,75.33721767335109
0.0771732554719834,3.1760402708991955,99.21908560799585
0.03806702977481425,5.127835291998032,73.01279963255803
0.03295315753865738,5.537627085964086,63.10655998462363
0.05325091919410818,0.9821762633928324,57.15683159267628
0.039235206035006014,1.2222344992814786,93.4989497727137
0.033990912407756535,4.427102231311111,70.65001993578115
0.4537298359540074,4.731797834761876,88.34026736068924
0.01375657003070025,1.734845245783395,85.65042623623782
0.11131031987570437,7.5404823567370745,92.45907265342598
0.030899970284246746,0.8784774471788461,71.81347841397624
0.02856244208208064,6.633331898915335,60.25194378408912
0.1672755681268398,7.378421924703145,54.20672328032138
0.041816776267749364,5.390490544220936,82.96272876700554
0.08747580127529994,0.09038917531377244,61.870296183751805
0.011189165066754244,1.5005434532209863,56.27127320224751
0.1623857268769844,1.9266320154018415,73.3671465363974
0.11345059704338364,4.851558181550815,66.77600967049716
0.04682755788779486,5.388227128854195,80.16935651686838
0.06255470696923082,7.76978240953548,77.22106718864164
0.022344548139258874,4.539152551363907,69.65160534418054
0.05073619255773967,7.490057777368931,62.69808610284812
0.11337851444343489,6.958340078102148,94.66380554059026
0.010390873599354061,6.508429228786831,79.172264110855
0.07396730334587784,7.919450284960195,68.05668999626761
0.06171992124474728,4.544410302174718,70.18029195642399
0.01689547108901119,6.619547851640786,99.71734777707209
0.0919982252693392,3.20201539874399,97.65546355969934
0.056206334596810875,2.763202947928872,56.698384562991436
0.03879282031212996,5.575942847019925,69.44992382460148
0.027710450096660982,0.2753176458465765,64.2477432969156
0.01268592481555341,1.8260838967383501,91.85530860991804
0.027017762919644417,5.864964879501211,74.02534074927524
0.0771732554719834,3.1760402708991955,99.21908560799585
0.037446507678983,5.104601641200063,72.88014275480386
0.020469503674962808,5.317103485994188,58.20823257180615
0.05325091919410818,0.9821762633928324,57.15683159267628
0.0414428884758955,1.548425385720539,91.20938591006669
0.042496237621449065,4.3452720231554895,71.37916085941075
0.4537298359540074,4.731797834761876,88.34026736068924
0.01375657003070025,1.734845245783395,85.65042623623782
0.11131031987570437,7.5404823567370745,92.45907265342598
0.043119171619563156,2.906252621662915,70.7327980157214
0.04280462864744276,5.6204010519836896,71.66868966989819
0.1672755681268398,7.378421924703145,54.20672328032138
0.041816776267749364,5.390490544220936,82.96272876700554
0.07824546485684805,0.9442578233193339,66.81984824352266
0.015020069974588782,1.9184451960935935,58.840168076871834
0.1860803342116188,1.8687026843002577,78.11124113016429
0.1703092809873069,4.299873406688098,64.73958096289336
0.04953749607517172,5.683846027998831,81.98656328330735
0.06255470696923082,7.76978240953548,77.22106718864164
0.022344548139258874,4.539152551363907,69.65160534418054
0.05073619255773967,7.490057777368931,62.69808610284812
0.11337851444343489,6.958340078102148,94.66380554059026
0.010390873599354061,6.508429228786831,79.172264110855
0.07289962765914784,7.848316164502501,68.09897979717284
0.061632249556911115,4.927113118889581,72.89928300445247
0.01689547108901119,6.619547851640786,99.71734777707209
0.0919982252693392,3.20201539874399,97.65546355969934
0.06226354044041125,2.1714139274540782,53.320850065572316
0.03879282031212996,5.575942847019925,69.44992382460148
0.027710450096660982,0.2753176458465765,64.2477432969156
0.010311816126298022,1.1072279246268781,96.5811449997978
0.027017762919644417,5.864964879501211,74.02534074927524
0.05160952317552995,2.5950839570730375,93.74945922516406
0.012445506833188673,2.9343645769298066,62.366908835128896
0.020469503674962808,5.317103485994188,58.20823257180615
0.06417796220373481,0.7145742847536813,56.67570468762477
0.04217059259109641,1.5587385931953275,91.08381840145127
0.046468682301522256,3.747934158360664,70.1983912711011
0.4537298359540074,4.731797834761876,88.34026736068924
0.01375657003070025,1.734845245783395,85.65042623623782
0.12470157617284863,7.868240709744146,97.50814417334621
0.06071763852643645,0.4142967993302946,51.281552407136196
0.04822452731451656,5.877729631305959,72.42059377266129
0.17868294746651275,7.4416807195457695,52.391432148629136
0.04230083608871154,5.4221561795018145,84.07949646234754
0.07027929775624564,1.6811822455300023,71.09151906826584
0.01525126087889848,1.6892126310284272,57.82474438610869
0.1860803342116188,1.8687026843002577,78.11124113016429
0.16754285469399302,4.269561700834812,64.86993538525292
0.04714840590726771,5.70306069916558,81.14196719732381
0.07024644258078643,7.951833032799329,86.67292610374639
0.011400879419295053,4.129398605136277,67.31203849665097
0.055878856951012155,7.615182235783051,60.59818527575104
0.11026752406983123,7.026738872077967,92.62217535434931
0.010390873599354061,6.508429228786831,79.172264110855
0.07289962765914784,7.848316164502501,68.09897979717284
0.06173944092996926,4.749737317164598,72.21616284245503
0.01689547108901119,6.619547851640786,99.71734777707209
0.0919982252693392,3.20201539874399,97.65546355969934
0.06226354044041125,2.1714139274540782,53.320850065572316
0.03184875386789586,5.05141377455451,65.64757409285829
0.027710450096660982,0.2753176458465765,64.2477432969156
0.010311816126298022,1.1072279246268781,96.5811449997978
0.023945071536873155,6.350048197197987,71.05999119049469
0.05115035586095808,2.0551718380535284,97.31488236481286
0.012445506833188673,2.9343645769298066,62.366908835128896
0.02416103391098462,7.883574481593305,58.479522791135736
0.06844268982525131,0.6296193018139853,56.57554789782182
0.04217059259109641,1.5587385931953275,91.08381840145127
0.04617805468134837,2.9119858863129733,65.51927552354326
0.4537298359540074,4.731797834761876,88.34026736068924
0.01375657003070025,1.734845245783395,85.65042623623782
0.12470157617284863,7.868240709744146,97.50814417334621
0.06071763852643645,0.4142967993302946,51.281552407136196
0.04003193037917825,5.106121305454492,67.11843849845981
0.19155719337577518,7.575521768923124,50.55501688869085
0.04230083608871154,5.4221561795018145,84.07949646234754
0.07027929775624564,1.6811822455300023,71.09151906826584
0.01525126087889848,1.6892126310284272,57.82474438610869
0.1860803342116188,1.8687026843002577,78.11124113016429
0.16754285469399302,4.269561700834812,64.86993538525292
0.04104138994350857,5.196494123552847,84.20536669650897
0.07024644258078643,7.951833032799329,86.67292610374639
0.011400879419295053,4.129398605136277,67.31203849665097
0.055878856951012155,7.615182235783051,60.59818527575104
0.11026752406983123,7.026738872077967,92.62217535434931
0.010390873599354061,6.508429228786831,79.172264110855
0.07303298937323265,7.850142823287728,68.15775027422866
0.06173944092996926,4.749737317164598,72.21616284245503
0.01689547108901119,6.619547851640786,99.71734777707209
0.0919982252693392,3.20201539874399,97.65546355969934
0.06226354044041125,2.1714139274540782,53.320850065572316
0.028725925773354664,4.940644956098271,60.1405637387672
0.027710450096660982,0.2753176458465765,64.2477432969156
0.010311816126298022,1.1072279246268781,96.5811449997978
0.023945071536873155,6.350048197197987,71.05999119049469
0.05115035586095808,2.0551718380535284,97.31488236481286
0.012445506833188673,2.9343645769298066,62.366908835128896
0.02416103391098462,7.883574481593305,58.479522791135736
0.06844268982525131,0.6296193018139853,56.57554789782182
0.06179693814792018,1.4370968928270593,94.83681155662849
0.04617805468134837,2.9119858863129733,65.51927552354326
0.4537298359540074,4.731797834761876,88.34026736068924
0.01375657003070025,1.734845245783395,85.65042623623782
0.12470157617284863,7.868240709744146,97.50814417334621
0.06071763852643645,0.4142967993302946,51.281552407136196
0.04003193037917825,5.106121305454492,67.11843849845981
0.13227676354560175,7.592850176572237,54.943066996984165
0.04230083608871154,5.4221561795018145,84.07949646234754
0.07027929775624564,1.6811822455300023,71.09151906826584
0.01525126087889848,1.6892126310284272,57.82474438610869
0.20482614723024758,1.8883989041046239,80.33736615296067
0.16018290105024752,4.317848072714837,64.9997193921523
0.04018272489760631,5.0426422733821585,84.29118249006682
0.07024644258078643,7.951833032799329,86.67292610374639
0.011400879419295053,4.129398605136277,67.31203849665097
0.055878856951012155,7.615182235783051,60.59818527575104
0.1363896770182393,5.249479726050273,87.62227042377721
0.010797813125825175,5.549898519027955,74.39368313637434
0.05019819010175504,7.86576334019768,63.635721642678604
0.06174971353080817,4.699200946707423,71.84580568314463
0.01689547108901119,6.619547851640786,99.71734777707209
0.07857496807343052,1.2867394177468077,97.71593155329413
0.06226354044041125,2.1714139274540782,53.320850065572316
0.028725925773354664,4.940644956098271,60.1405637387672
0.025339015314174845,0.16965818853761228,64.44592488430435
0.010311816126298022,1.1072279246268781,96.5811449997978
0.01673626507537198,6.7835247053104695,72.63152008138783
0.05513722325439734,2.0968738175953017,81.53197408809399
0.012445506833188673,2.9343645769298066,62.366908835128896
0.02402789941523866,7.90844550321553,58.380444223236246
0.06844268982525131,0.6296193018139853,56.57554789782182
0.06179693814792018,1.4370968928270593,94.83681155662849
0.045018032564991796,3.6630018495218,71.07229407513205
0.392294045566165,5.247662174356817,88.07315167918475
0.021865584003639138,1.8100966631440767,85.70232575937396
0.12470157617284863,7.868240709744146,97.50814417334621
0.06081052781789246,0.3890385325324379,51.11612858859852
0.0371930344275883,5.553428018234952,68.17191858937458
0.13227676354560175,7.592850176572237,54.943066996984165
0.03974247593790142,5.00894791233411,88.50382688854056
0.06798458935327095,2.4931178206865234,71.29444429740559
0.01525126087889848,1.6892126310284272,57.82474438610869
0.13541003960830136,2.6926447929075445,75.66286030047189
0.1718843004636968,4.372748380383865,60.614895696352605
0.03658653632935277,5.6425355440605784,82.53659303288819
0.07024644258078643,7.951833032799329,86.67292610374639
0.020300673023472965,4.026286767515873,67.91135382437353
0.055878856951012155,7.615182235783051,60.59818527575104
0.11990850546971774,4.128889758377335,80.09160010109916
0.01613503110953631,5.528256509859391,76.0346461998605
0.05019819010175504,7.86576334019768,63.635721642678604
0.038806345545813206,4.924186009560197,68.59287883661607
0.01689547108901119,6.619547851640786,99.71734777707209
0.07857496807343052,1.2867394177468077,97.71593155329413
0.06226354044041125,2.1714139274540782,53.320850065572316
0.02728618676531621,2.9125500776302466,61.970726200878474
0.025339015314174845,0.16965818853761228,64.44592488430435
0.010311816126298022,1.1072279246268781,96.5811449997978
0.01673626507537198,6.7835247053104695,72.63152008138783
0.055719612255291436,1.4166318144535737,83.64222122742692
0.013175065472915578,2.701447687694264,66.74029866616615
0.02402789941523866,7.90844550321553,58.380444223236246
0.06844268982525131,0.6296193018139853,56.57554789782182
0.06179693814792018,1.4370968928270593,94.83681155662849
0.06449277068927897,5.35477414916334,55.21840009164493
0.392294045566165,5.247662174356817,88.07315167918475
0.0200711151258137,2.6575916977341594,96.68395931268321
0.1238730766923486,7.86821316066899,97.13147291114134
0.06089373328698967,0.40219080713398536,51.9394556132882
0.041549571461157474,5.324602988403528,61.401212756185046
0.13227676354560175,7.592850176572237,54.943066996984165
0.03974247593790142,5.00894791233411,88.50382688854056
0.06743037143641376,2.2447754335533534,74.22934875733104
0.01525126087889848,1.6892126310284272,57.82474438610869
0.1401335678840968,2.7263039394038895,77.10562404560253
0.12751554764355005,2.7672245700339375,58.88231609979123
0.03658653632935277,5.6425355440605784,82.53659303288819
0.07024644258078643,7.951833032799329,86.67292610374639
0.020300673023472965,4.026286767515873,67.91135382437353
0.04310303308224881,4.500473752045786,62.207821766873074
0.08163454899153263,5.0542808026921975,87.38344444796091
0.01613503110953631,5.528256509859391,76.0346461998605
0.05019819010175504,7.86576334019768,63.635721642678604
0.038806345545813206,4.924186009560197,68.59287883661607
0.01689547108901119,6.619547851640786,99.71734777707209
0.06463979025331243,0.9943294060589868,89.00709034769964
0.06481830041367448,4.02131551704416,63.994480706315
0.02821902696001679,2.693735438785575,60.79422124703508
0.025339015314174845,0.16965818853761228,64.44592488430435
0.017618615849336057,1.2828119886849216,93.37746937695863
0.01673626507537198,6.7835247053104695,72.63152008138783
0.047125728938823545,1.8234866577999305,78.47359575403678
0.023854404702594027,2.3011091817827545,64.7761682568645
0.02402789941523866,7.90844550321553,58.380444223236246
0.06844268982525131,0.6296193018139853,56.57554789782182
0.1008805787527722,0.29388684062974946,93.1066297695981
0.06449277068927897,5.35477414916334,55.21840009164493
0.4490543199136253,5.701595838622231,91.66218777589721
0.0200711151258137,2.6575916977341594,96.68395931268321
0.1238730766923486,7.86821316066899,97.13147291114134
0.06089373328698967,0.40219080713398536,51.9394556132882
0.041549571461157474,5.324602988403528,61.401212756185046
0.13227676354560175,7.592850176572237,54.943066996984165
0.03974247593790142,5.00894791233411,88.50382688854056
0.10778397869295425,2.192607458365926,82.98348462243283
0.018565544496099193,2.274982004230478,58.37584364288629
0.1401335678840968,2.7263039394038895,77.10562404560253
0.12775971308325856,3.014693078567923,58.68030289369114
0.04710857069257318,6.364418348780892,83.8296043200911
0.07024644258078643,7.951833032799329,86.67292610374639
0.011238288697262403,3.4725714488068933,70.687846005876
0.04310303308224881,4.500473752045786,62.207821766873074
0.08866996639473321,6.337116665874605,84.74010452753662
0.011034459487771917,7.660592234048691,83.47367896696866
0.05019819010175504,7.86576334019768,63.635721642678604
0.035227068819862664,4.800312813535086,67.39208595101265
0.01689547108901119,6.619547851640786,99.71734777707209
0.06463979025331243,0.9943294060589868,89.00709034769964
0.06552123909480904,3.980933206475228,63.8682109046208
0.0358323511605597,0.9078917382105667,51.19224044899547
0.025339015314174845,0.16965818853761228,64.44592488430435
0.03300603347199317,0.9696878034668418,78.643274278502
0.017172826201135912,6.447892851302752,72.21612819448076
0.047125728938823545,1.8234866577999305,78.47359575403678
0.025216745098432775,1.4556946723790984,57.93578394198605
0.02402789941523866,7.90844550321553,58.380444223236246
0.06844268982525131,0.6296193018139853,56.57554789782182
0.1008805787527722,0.29388684062974946,93.1066297695981
0.05718773942737522,5.516711550860924,52.58073893846707
0.4490543199136253,5.701595838622231,91.66218777589721
0.0200711151258137,2.6575916977341594,96.68395931268321
0.12482787057638607,7.892174617581511,97.68167252302217
0.060017547520358844,1.2285708616973618,52.71747840769389
0.0548152588120938,6.135141808543026,57.336931670069134
0.13227676354560175,7.592850176572237,54.943066996984165
0.040090406114219185,4.404934799738012,92.66750320368513
0.10778397869295425,2.192607458365926,82.98348462243283
0.018565544496099193,2.274982004230478,58.37584364288629
0.1401335678840968,2.7263039394038895,77.10562404560253
0.12775971308325856,3.014693078567923,58.68030289369114
0.03927140495086917,5.826735711433214,82.86652594438033
0.07024644258078643,7.951833032799329,86.67292610374639
0.011238288697262403,3.4725714488068933,70.687846005876
0.04964549728736335,3.933973559974801,59.62135864443657
0.08866996639473321,6.337116665874605,84.74010452753662
0.011034459487771917,7.660592234048691,83.47367896696866
0.04996664774460113,6.218599038724982,61.95396453116733
0.020606312131548767,3.803987478511382,74.89732070028964
0.01689547108901119,6.619547851640786,99.71734777707209
0.04354142188061286,3.480131550045351,93.7399875921597
0.08714360389476411,4.8526521261255215,63.397040359044574
0.0358323511605597,0.9078917382105667,51.19224044899547
0.025339015314174845,0.16965818853761228,64.44592488430435
0.029980041703779905,1.364555645141051,82.86370790980396
0.017172826201135912,6.447892851302752,72.21612819448076
0.049974640194480516,2.896876684568057,70.95372658945074
0.025216745098432775,1.4556946723790984,57.93578394198605
0.02402789941523866,7.90844550321553,58.380444223236246
0.06844268982525131,0.6296193018139853,56.57554789782182
0.10200136066628152,0.1634645742110079,93.79240168045763
0.056751185205410296,5.450089185039555,53.06663664625456
0.4490543199136253,5.701595838622231,91.66218777589721
0.0200711151258137,2.6575916977341594,96.68395931268321
0.12482787057638607,7.892174617581511,97.68167252302217
0.05531462789257587,1.5629059916133317,50.56390164022054
0.0548152588120938,6.135141808543026,57.336931670069134
0.13227676354560175,7.592850176572237,54.943066996984165
0.045270330886904575,3.9431770984016685,97.29000629726785
0.10778397869295425,2.192607458365926,82.98348462243283
0.018776375792443793,2.209451619408684,58.564781209964906
0.142094562250079,1.5116536386294461,82.63721776178565
0.14823160036165828,2.1715587788537434,57.81881181169966
0.04000854665879872,6.055988976242747,84.17409865923406
0.07024644258078643,7.951833032799329,86.67292610374639
0.011238288697262403,3.4725714488068933,70.687846005876
0.04964549728736335,3.933973559974801,59.62135864443657
0.07484197080153458,6.294772461731384,76.5990289183853
0.011034459487771917,7.660592234048691,83.47367896696866
0.04996664774460113,6.218599038724982,61.95396453116733
0.029022547152051492,0.4129937794083016,67.35639320394645
0.01689547108901119,6.619547851640786,99.71734777707209
0.03647648848876335,4.275283334810708,87.97310357495395
0.0867048017510191,4.425894902747371,57.26128799916205
0.0358323511605597,0.9078917382105667,51.19224044899547
0.025339015314174845,0.16965818853761228,64.44592488430435
0.03608743348314884,2.8478262243542334,76.47422914794849
0.017172826201135912,6.447892851302752,72.21612819448076
0.05908369841490041,3.905269700001854,73.3599957588809
0.02282690155262212,0.7124462177502844,53.69657975687984
0.02402789941523866,7.90844550321553,58.380444223236246
0.05386133994850306,1.0934364426274887,57.15955956600563
0.07450867093379765,1.283111439920013,86.56899435946679
0.0561883084332708,4.60151134955848,53.863845851895846
0.23617414507578194,4.617772798832244,81.46379113266364
0.01916998560368648,3.8360636706804856,89.07647588503062
0.09953957948077047,7.326836986058505,85.61277161944827
0.05531462789257587,1.5629059916133317,50.56390164022054
0.0596391912687708,7.205337760154267,55.46302223670875
0.13227676354560175,7.592850176572237,54.943066996984165
0.045270330886904575,3.9431770984016685,97.29000629726785
0.10778397869295425,2.192607458365926,82.98348462243283
0.018776375792443793,2.209451619408684,58.564781209964906
0.13984276647336571,1.4965644528054807,82.09081309472217
0.14856016020383422,2.2068882529063982,56.49010382687659
0.04636226395951086,3.7798663756147333,71.78361965490372
0.07024644258078643,7.951833032799329,86.67292610374639
0.011238288697262403,3.4725714488068933,70.687846005876
0.052536494881408116,4.391749655416653,58.94224414506604
0.07798936709683234,5.902837064931984,77.20902246512493
0.011034459487771917,7.660592234048691,83.47367896696866
0.04996664774460113,6.218599038724982,61.95396453116733
0.03546609660339022,0.5895106490155805,64.71118406147427
0.01689547108901119,6.619547851640786,99.71734777707209
0.03647648848876335,4.275283334810708,87.97310357495395
0.08170523905938595,4.939313908113307,56.929112140003085
0.0358323511605597,0.9078917382105667,51.19224044899547
0.027112693396904898,0.3660082992706344,64.91446364909123
0.03517929810192575,2.5966962032211804,75.30452039345822
0.017172826201135912,6.447892851302752,72.21612819448076
0.05611420372960846,3.9134187496708326,78.50429087509362
0.02282690155262212,0.7124462177502844,53.69657975687984
0.02402789941523866,7.90844550321553,58.380444223236246
0.05386133994850306,1.0934364426274887,57.15955956600563
0.06874609766640341,1.8620977636621596,86.28798288522215
0.056395099326299734,4.639033873687756,53.89098599861974
0.15677782274489777,2.980070936256369,83.9710324784809
0.01916998560368648,3.8360636706804856,89.07647588503062
0.09953957948077047,7.326836986058505,85.61277161944827
0.05362578412838805,3.033131750316768,54.16078049070901
0.0596391912687708,7.205337760154267,55.46302223670875
0.13227676354560175,7.592850176572237,54.943066996984165
0.045270330886904575,3.9431770984016685,97.29000629726785
0.13135320225512348,1.3637391432528898,87.64091491191135
0.018776375792443793,2.209451619408684,58.564781209964906
0.07938635182547014,1.8525559207837055,70.34271743708373
0.2191476610113255,2.694387195346839,60.97627910270194
0.052658007800409995,2.616077875488215,75.56178665872169
0.07024644258078643,7.951833032799329,86.67292610374639
0.013452983372515465,3.438542678985005,70.88421623287323
0.052536494881408116,4.391749655416653,58.94224414506604
0.08490195108080113,6.919574345390783,79.73653821322203
0.011034459487771917,7.660592234048691,83.47367896696866
0.04996664774460113,6.218599038724982,61.95396453116733
0.043288042472352975,0.7987934093561424,64.52083745766488
0.01689547108901119,6.619547851640786,99.71734777707209
0.03146412547012592,4.875369864033226,90.97940371343854
0.08170523905938595,4.939313908113307,56.929112140003085
0.0358323511605597,0.9078917382105667,51.19224044899547
0.027026375425072302,0.3850961383061233,64.84871618888972
0.03517929810192575,2.5966962032211804,75.30452039345822
0.017172826201135912,6.447892851302752,72.21612819448076
0.031182462430530827,4.252835624546559,76.61217853126315
0.02282690155262212,0.7124462177502844,53.69657975687984
0.019877960909507622,7.940409294492806,56.88382166147973
0.05386133994850306,1.0934364426274887,57.15955956600563
0.06874609766640341,1.8620977636621596,86.28798288522215
0.06841503802985822,6.045047483853253,53.96059805003392
0.1753675705603886,2.2899218345311976,87.55463215359102
0.01916998560368648,3.8360636706804856,89.07647588503062
0.09953957948077047,7.326836986058505,85.61277161944827
0.05362578412838805,3.033131750316768,54.16078049070901
0.055079096541167605,7.808246370057329,56.243710049383196
0.12352019839926773,7.643526309116394,59.42224063385704
0.045270330886904575,3.9431770984016685,97.29000629726785
0.13135320225512348,1.3637391432528898,87.64091491191135
0.018776375792443793,2.209451619408684,58.564781209964906
0.0792652027495309,1.3745137250907522,71.67719700467163
0.2235651872251201,2.596189277966887,61.18188791083362
0.06399147364677885,2.233794227483034,75.2384717697664
0.07024644258078643,7.951833032799329,86.67292610374639
0.010917199914609236,4.024016852458776,76.75254550067163
0.058106331285585386,4.7517911296096464,59.00451900824451
0.08973210461463788,7.519779430087138,83.6863456410922
0.011034459487771917,7.660592234048691,83.47367896696866
0.04996664774460113,6.218599038724982,61.95396453116733
0.043288042472352975,0.7987934093561424,64.52083745766488
0.019289433158735547,6.511048812147624,97.35231663336745
0.03146412547012592,4.875369864033226,90.97940371343854
0.0802646052993179,5.318056716049428,60.6685923401601
0.0358323511605597,0.9078917382105667,51.19224044899547
0.02683485558357156,0.8656304741476468,64.4355721725351
0.04240874561002585,3.7007119759188107,77.64823253639756
0.017172826201135912,6.447892851302752,72.21612819448076
0.031182462430530827,4.252835624546559,76.61217853126315
0.017355930677079037,0.679613580833638,51.98539575981423
0.022524254189170846,7.407233996558592,56.90529343339676
0.05386133994850306,1.0934364426274887,57.15955956600563
0.06874609766640341,1.8620977636621596,86.28798288522215
0.06841503802985822,6.045047483853253,53.96059805003392
0.1646414514691588,3.1761439598111503,87.17129673580884
0.01916998560368648,3.8360636706804856,89.07647588503062
0.10928285840556737,7.750026608330117,85.1928636026902
0.05548410618881061,3.411589614997031,54.13562685901845
0.055079096541167605,7.808246370057329,56.243710049383196
0.1168395883337737,7.682188441527588,62.83951806896138
0.06895435963461452,1.6023208229523886,97.23320457290471
0.13135320225512348,1.3637391432528898,87.64091491191135
0.015621181530856367,2.0103511417285755,56.01692009484108
0.0792652027495309,1.3745137250907522,71.67719700467163
0.3878022939895712,4.0409180529017386,58.4656027045415
0.06102869712685459,1.900271949306398,69.9509031967878
0.07024644258078643,7.951833032799329,86.67292610374639
0.022554766685432964,4.540190418447775,77.7763691342446
0.058106331285585386,4.7517911296096464,59.00451900824451
0.08450473207663893,7.1581455605303885,76.39699576684953
0.011034459487771917,7.660592234048691,83.47367896696866
0.053655857774171145,5.321681074540417,68.80853062904666
0.04506336066845595,1.8541705888038216,63.27459307496379
0.019289433158735547,6.511048812147624,97.35231663336745
0.03146412547012592,4.875369864033226,90.97940371343854
0.08806591554732301,5.507295761810044,57.041125402370476
0.0358323511605597,0.9078917382105667,51.19224044899547
0.02683485558357156,0.8656304741476468,64.4355721725351
0.04240874561002585,3.7007119759188107,77.64823253639756
0.017172826201135912,6.447892851302752,72.21612819448076
0.031182462430530827,4.252835624546559,76.61217853126315
0.017355930677079037,0.679613580833638,51.98539575981423
0.022524254189170846,7.407233996558592,56.90529343339676
0.05386133994850306,1.0934364426274887,57.15955956600563
0.06874609766640341,1.8620977636621596,86.28798288522215
0.0710364116855426,6.371577732213391,53.30021563723014
0.17987771216787518,2.89345644221328,91.23693355123376
0.01916998560368648,3.8360636706804856,89.07647588503062
0.10393786705391331,7.777658591715523,85.39551851095743
0.05548410618881061,3.411589614997031,54.13562685901845
0.050239420911666915,7.2071797455063535,63.362477613992986
0.1168395883337737,7.682188441527588,62.83951806896138
0.06895435963461452,1.6023208229523886,97.23320457290471
0.11270568788500847,2.33965241990807,86.9950588268188
0.015621181530856367,2.0103511417285755,56.01692009484108
0.0792652027495309,1.3745137250907522,71.67719700467163
0.3878022939895712,4.0409180529017386,58.4656027045415
0.06441449734155853,4.123090632918959,76.09312409360315
0.07024644258078643,7.951833032799329,86.67292610374639
0.027062391020918723,2.9424013057118605,82.43332835636379
0.057701767180777984,5.160260304494669,58.635560437375304
0.062346983455987805,5.950861481029314,76.48641367109514
0.011034459487771917,7.660592234048691,83.47367896696866
0.05654007242796097,5.530479268780015,71.35649318196326
0.039738271679037464,2.7628015142292277,66.43549237373072
0.023531857448278397,6.45585402461736,95.296416728722
0.03146412547012592,4.875369864033226,90.97940371343854
0.08806591554732301,5.507295761810044,57.041125402370476
0.0358323511605597,0.9078917382105667,51.19224044899547
0.02683485558357156,0.8656304741476468,64.4355721725351
0.07038764969295089,0.1693771276814724,72.45322646403444
0.017172826201135912,6.447892851302752,72.21612819448076
0.04370352164985254,3.970474362265545,65.72319575321679
0.02770187567259988,1.6859313501533402,52.5196772678318
0.022524254189170846,7.407233996558592,56.90529343339676
0.05386133994850306,1.0934364426274887,57.15955956600563
0.05747820365500226,2.154124236151402,85.24599688692446
0.0717044166205683,5.965921130722363,54.79204039603941
0.1868480795603182,2.74442636540794,92.36046707749213
0.04506208569738532,4.8556669531350245,82.12108834439357
0.1023899818308145,7.375945456963029,84.53487424152088
0.05811584765941602,3.645463315421676,53.189466221169425
0.050239420911666915,7.2071797455063535,63.362477613992986
0.1168395883337737,7.682188441527588,62.83951806896138
0.06895435963461452,1.6023208229523886,97.23320457290471
0.10166061698930452,2.020876383458316,81.93571626313334
0.01844867877189842,1.8561195470747536,55.341958247631034
0.0792652027495309,1.3745137250907522,71.67719700467163
0.3878022939895712,4.0409180529017386,58.4656027045415
0.08573630404637472,3.6362993937653734,66.46038374559035
0.07024644258078643,7.951833032799329,86.67292610374639
0.027062391020918723,2.9424013057118605,82.43332835636379
0.028990705338787087,5.697334544920971,51.138034086687476
0.062301996962729936,5.951356447615223,76.48216112538147
0.011034459487771917,7.660592234048691,83.47367896696866
0.0761297596761328,5.073961557195728,70.92872688747144
0.043794364244656256,1.8385154495552207,59.21226710956422
0.022049353798537064,6.438556645086352,95.49872975783653
0.03146412547012592,4.875369864033226,90.97940371343854
0.08806591554732301,5.507295761810044,57.041125402370476
0.03942577043936825,1.4145706845928139,51.55284389804924
0.02683485558357156,0.8656304741476468,64.4355721725351
0.06973180167679893,0.2685538371205256,72.2401809638964
0.017172826201135912,6.447892851302752,72.21612819448076
0.0501793777326182,4.895027485260375,71.0666513964074
0.02770187567259988,1.6859313501533402,52.5196772678318
0.022524254189170846,7.407233996558592,56.90529343339676
0.05386133994850306,1.0934364426274887,57.15955956600563
0.05985494866350399,1.7969313411292154,87.17306454308289
0.07307291758343959,5.974526353501034,54.90911079340427
0.2529108385692144,1.669598628529184,99.32138095153736
0.02835593884143063,4.197796710479647,86.60885585932907
0.1023899818308145,7.375945456963029,84.53487424152088
0.05881906927565865,3.6130114961809077,52.19235613829079
0.056710469497544255,6.832977723160964,60.77874937142967
0.1168395883337737,7.682188441527588,62.83951806896138
0.06895435963461452,1.6023208229523886,97.23320457290471
0.10166061698930452,2.020876383458316,81.93571626313334
0.01844867877189842,1.8561195470747536,55.341958247631034
0.0792652027495309,1.3745137250907522,71.67719700467163
0.4134790320771993,3.8741659005409255,57.5129837892696
0.058575242924569046,4.8313994917597265,78.8445894242339
0.06996458511029766,6.566738170579133,88.9765656539723
0.027062391020918723,2.9424013057118605,82.43332835636379
0.028990705338787087,5.697334544920971,51.138034086687476
0.062301996962729936,5.951356447615223,76.48216112538147
0.011034459487771917,7.660592234048691,83.47367896696866
0.07419436670882357,5.196765508613337,71.70600935834054
0.043794364244656256,1.8385154495552207,59.21226710956422
0.022049353798537064,6.438556645086352,95.49872975783653
0.03146412547012592,4.875369864033226,90.97940371343854
0.08806591554732301,5.507295761810044,57.041125402370476
0.03942577043936825,1.4145706845928139,51.55284389804924
0.02671054159358286,0.7480151199269871,66.14408211207966
0.06973180167679893,0.2685538371205256,72.2401809638964
0.017172826201135912,6.447892851302752,72.21612819448076
0.0501793777326182,4.895027485260375,71.0666513964074
0.02770187567259988,1.6859313501533402,52.5196772678318
0.02714989229629715,5.801943649358187,55.21840365670544
0.06272914325260262,0.8925864464958878,58.73243442079691
0.05812141668628527,1.5934594495940342,78.49225585165854
0.07185574057109163,6.878720762775225,51.6131177100776
0.24987352594537154,2.046374309194731,96.56974400922778
0.04242018940055369,4.998528991925275,87.4091718222175
0.09480577205394107,6.38527438441887,83.4996365887827
0.05881906927565865,3.6130114961809077,52.19235613829079
0.056710469497544255,6.832977723160964,60.77874937142967
0.08408901130886957,7.276597932373078,65.92067958737853
0.06895435963461452,1.6023208229523886,97.23320457290471
0.11086729272219224,2.0498904962642923,85.5510778593449
0.01844867877189842,1.8561195470747536,55.341958247631034
0.11208214992836246,0.6615372096454253,65.76918619214496
0.2205027024032391,5.689796439970779,69.96140529224219
0.05118010498755031,4.658410780648073,82.22447071533114
0.06996458511029766,6.566738170579133,88.9765656539723
0.022978433149320153,2.597392399226494,81.81046264903809
0.029647687639691573,5.526081217337042,51.49636632219349
0.08179148996531527,5.715464240468975,67.27473393150447
0.0752539306318267,7.056379099556095,79.33104112713698
0.07580962417073889,6.9805671157947025,71.51266210947682
0.043794364244656256,1.8385154495552207,59.21226710956422
0.026543574527026124,5.834905661351745,93.37989203609334
0.033032130325438724,4.760532296847716,90.34623903263672
0.05777886330995535,6.385264482333544,56.97835693030916
0.03741990733750688,2.2378178726663376,51.47310776924883
0.02671054159358286,0.7480151199269871,66.14408211207966
0.06973180167679893,0.2685538371205256,72.2401809638964
0.01980504890860795,6.201576763732645,73.48782704446644
0.06077988923661085,4.473497938269944,61.05930102058495
0.02770187567259988,1.6859313501533402,52.5196772678318
0.02714989229629715,5.801943649358187,55.21840365670544
0.06272914325260262,0.8925864464958878,58.73243442079691
0.044729384087005795,1.9760309172335673,79.75673396732326
0.06811713821029294,5.942194244840482,51.77922929685526
0.19015273931637638,2.9753398312868784,91.176417993856
0.04593705956578225,5.449990962491046,80.85536478911871
0.11204778651227804,5.793453033598871,87.17576006323756
0.05881906927565865,3.6130114961809077,52.19235613829079
0.05579313755105193,7.738378300517286,61.09063703193339
0.08408901130886957,7.276597932373078,65.92067958737853
0.06895435963461452,1.6023208229523886,97.23320457290471
0.16765054317748568,2.438169706960101,98.46986090271452
0.011146175979440138,1.7091942660435513,56.83117605576003
0.11208214992836246,0.6615372096454253,65.76918619214496
0.17802968602263736,5.872893169462114,66.55750566912404
0.07329319405319609,4.793107054469346,80.62294639396208
0.06996458511029766,6.566738170579133,88.9765656539723
0.022978433149320153,2.597392399226494,81.81046264903809
0.029647687639691573,5.526081217337042,51.49636632219349
0.08179148996531527,5.715464240468975,67.27473393150447
0.0752539306318267,7.056379099556095,79.33104112713698
0.07580962417073889,6.9805671157947025,71.51266210947682
0.048278182270553555,1.5671153856044948,61.46440921622823
0.026543574527026124,5.834905661351745,93.37989203609334
0.033032130325438724,4.760532296847716,90.34623903263672
0.05780888906734497,6.391152445942633,56.9226937268768
0.03741990733750688,2.2378178726663376,51.47310776924883
0.0326108569718805,1.5147794052054726,67.74692069857029
0.07368457359863759,0.13585124905436263,72.71863950409464
0.01980504890860795,6.201576763732645,73.48782704446644
0.05980222749512104,6.269528694880937,62.22635694736512
0.02770187567259988,1.6859313501533402,52.5196772678318
0.02714989229629715,5.801943649358187,55.21840365670544
0.06272914325260262,0.8925864464958878,58.73243442079691
0.044729384087005795,1.9760309172335673,79.75673396732326
0.06811713821029294,5.942194244840482,51.77922929685526
0.1866309305590289,2.9354423476715543,91.35241740961955
0.03507883244189674,4.855025449218041,81.4199356976179
0.18209907160333144,6.842343379503738,77.95451013353687
0.048942116662998414,2.822261684911262,58.05432395554239
0.05579313755105193,7.738378300517286,61.09063703193339
0.08800558322066454,7.470114115932488,64.68208073835478
0.06895435963461452,1.6023208229523886,97.23320457290471
0.16094389010388727,2.630509575204643,95.83164749120738
0.011146175979440138,1.7091942660435513,56.83117605576003
0.11229425499217378,0.6486998464773022,65.79553512558122
0.19746659709053335,5.748096140007106,62.52514673481093
0.11998382821786935,3.7526229153421204,67.88209656304645
0.06996458511029766,6.566738170579133,88.9765656539723
0.022978433149320153,2.597392399226494,81.81046264903809
0.029647687639691573,5.526081217337042,51.49636632219349
0.0983789092238797,4.424808467234011,71.22029964944963
0.0752539306318267,7.056379099556095,79.33104112713698
0.07580962417073889,6.9805671157947025,71.51266210947682
0.048278182270553555,1.5671153856044948,61.46440921622823
0.026543574527026124,5.834905661351745,93.37989203609334
0.03365490663748154,4.619662505966488,97.49506165913112
0.05780888906734497,6.391152445942633,56.9226937268768
0.03741990733750688,2.2378178726663376,51.47310776924883
0.0326108569718805,1.5147794052054726,67.74692069857029
0.07368457359863759,0.13585124905436263,72.71863950409464
0.013265534364171976,6.778106599114014,70.09167180943405
0.015527083388899326,7.43343836137732,52.05862288512336
0.02770187567259988,1.6859313501533402,52.5196772678318
0.02714989229629715,5.801943649358187,55.21840365670544
0.06272914325260262,0.8925864464958878,58.73243442079691
0.036707896433947895,1.7779287388842198,80.66170638046395
0.06811713821029294,5.942194244840482,51.77922929685526
0.1866309305590289,2.9354423476715543,91.35241740961955
0.03507883244189674,4.855025449218041,81.4199356976179
0.3347549689195417,7.445056905711674,82.15593113270566
0.048942116662998414,2.822261684911262,58.05432395554239
0.05579313755105193,7.738378300517286,61.09063703193339
0.08800558322066454,7.470114115932488,64.68208073835478
0.06895435963461452,1.6023208229523886,97.23320457290471
0.14976780947437124,2.951027999548627,91.43528383838247
0.011146175979440138,1.7091942660435513,56.83117605576003
0.1192158995757957,0.49768340868857,64.55443770227288
0.1709460737219179,4.892550136345841,69.68770087904296
0.1466929771652301,4.436711996676508,67.9234186360731
0.06665871527136738,6.287461406721173,88.47237020918774
0.014591803224378357,1.8888978186080507,80.53137399422954
0.029647687639691573,5.526081217337042,51.49636632219349
0.1321870473838201,3.854252747612808,78.93263766041972
0.08560818452136965,6.69351655588136,89.03597834453008
0.07580962417073889,6.9805671157947025,71.51266210947682
0.0799893955273161,1.4457781855199612,65.42125021393845
0.026543574527026124,5.834905661351745,93.37989203609334
0.03365490663748154,4.619662505966488,97.49506165913112
0.05237504888549509,6.023926409651935,62.778996681092934
0.046994839307086755,3.5639684266607063,63.58938219426681
0.030660066791798446,1.4648147183935274,67.74390260561496
0.06499303567900674,0.6396287409901802,67.62673149185818
0.013265534364171976,6.778106599114014,70.09167180943405
0.015527083388899326,7.43343836137732,52.05862288512336
0.02770187567259988,1.6859313501533402,52.5196772678318
0.02714989229629715,5.801943649358187,55.21840365670544
0.08687984335454874,0.34558874529418415,63.016023897617565
0.025709011871477276,1.837826507627749,75.0093657032365
0.06811713821029294,5.942194244840482,51.77922929685526
0.15130076748648383,3.5753336809677627,91.79986692065056
0.03507883244189674,4.855025449218041,81.4199356976179
0.3169987242856285,7.134137539087554,81.12278361530332
0.048942116662998414,2.822261684911262,58.05432395554239
0.05579313755105193,7.738378300517286,61.09063703193339
0.07505510076598636,6.499423681063018,63.35923676915539
0.06422282343672035,1.6119106996817656,92.10469708292447
0.13416892716900186,2.7563868659726203,88.33255466915904
0.011146175979440138,1.7091942660435513,56.83117605576003
0.1192158995757957,0.49768340868857,64.55443770227288
0.1731659228585886,4.615564246058282,72.75386863473629
0.1231263018997199,3.975568936766045,70.22444435356874
0.06665871527136738,6.287461406721173,88.47237020918774
0.013931401815625091,1.838887806140443,80.88612108488896
0.029647687639691573,5.526081217337042,51.49636632219349
0.12692492152362456,4.146055010758699,78.24007593972767
0.0661990974312188,7.82566604049827,88.31015849567387
0.07580962417073889,6.9805671157947025,71.51266210947682
0.0799893955273161,1.4457781855199612,65.42125021393845
0.026543574527026124,5.834905661351745,93.37989203609334
0.03365490663748154,4.619662505966488,97.49506165913112
0.05237504888549509,6.023926409651935,62.778996681092934
0.046994839307086755,3.5639684266607063,63.58938219426681
0.030660066791798446,1.4648147183935274,67.74390260561496
0.06505380682667816,0.6543975161094704,68.08092795945358
0.013265534364171976,6.778106599114014,70.09167180943405
0.015527083388899326,7.43343836137732,52.05862288512336
0.03619667444240945,2.6893256774747707,60.35940181723375
0.02714989229629715,5.801943649358187,55.21840365670544
0.0856785710675771,0.6985763200488968,64.52830368862864
0.025709011871477276,1.837826507627749,75.0093657032365
0.06811713821029294,5.942194244840482,51.77922929685526
0.1532980052943666,3.705165262979261,94.96559527550673
0.025122792396891493,3.469182366375369,91.19092779877082
0.3587516278987102,7.8652485715016365,83.55217730758247
0.048942116662998414,2.822261684911262,58.05432395554239
0.05579313755105193,7.738378300517286,61.09063703193339
0.07505510076598636,6.499423681063018,63.35923676915539
0.06422282343672035,1.6119106996817656,92.10469708292447
0.13416892716900186,2.7563868659726203,88.33255466915904
0.013821724309424497,2.4261036971789105,63.182109669775286
0.1192158995757957,0.49768340868857,64.55443770227288
0.2672517057360481,3.453462236362545,76.8123540917873
0.15568832423871706,6.8250208105944905,75.17742429270693
0.03870487046283394,6.136464187553999,88.94324198612468
0.016029398409324047,1.7902778748741581,80.36061271819509
0.029647687639691573,5.526081217337042,51.49636632219349
0.14558413396412684,3.2037206606963515,82.73869815816289
0.06817898583992767,6.909698457715645,85.0239725206344
0.07580962417073889,6.9805671157947025,71.51266210947682
0.0799893955273161,1.4457781855199612,65.42125021393845
0.026543574527026124,5.834905661351745,93.37989203609334
0.03373369411387371,4.623643915141949,97.4735224756541
0.05508880940950777,6.073995548234565,67.66049285480787
0.07005549525109378,4.884875424269154,51.099471969934044
0.024015795392593457,3.4943578191112046,68.64069105553583
0.06505380682667816,0.6543975161094704,68.08092795945358
0.013265534364171976,6.778106599114014,70.09167180943405
0.015527083388899326,7.43343836137732,52.05862288512336
0.02488521697003669,4.706236801438663,65.16012946316964
0.02714989229629715,5.801943649358187,55.21840365670544
0.0856785710675771,0.6985763200488968,64.52830368862864
0.016842007060021674,1.7367931170812294,74.4376371671504
0.06811713821029294,5.942194244840482,51.77922929685526
0.1532980052943666,3.705165262979261,94.96559527550673
0.03173220739963324,3.1552317404664647,91.3453900908743
0.3587516278987102,7.8652485715016365,83.55217730758247
0.037462346716119026,3.331218169559853,55.33039381559032
0.05579313755105193,7.738378300517286,61.09063703193339
0.06402682372689156,6.121381935254194,71.41175739729282
0.05882763729987089,1.631878654030724,90.78996335900757
0.1370574819508839,2.669268994823905,88.95182238160757
0.013821724309424497,2.4261036971789105,63.182109669775286
0.09451294830010569,1.6900181268392478,74.06751171344102
0.21068845509363754,2.8470340872491526,73.37163041910426
0.11339517980974706,5.202269273374707,75.1227407737103
0.044675894257849645,5.458045392876177,85.54123185379255
0.016029398409324047,1.7902778748741581,80.36061271819509
0.029647687639691573,5.526081217337042,51.49636632219349
0.14558413396412684,3.2037206606963515,82.73869815816289
0.06817898583992767,6.909698457715645,85.0239725206344
0.06891954940912863,6.2733129397741525,71.99354543753448
0.07837735013426503,2.1487875207268354,66.37834014308953
0.02680054516124351,6.009798434946244,97.75268260545212
0.03373369411387371,4.623643915141949,97.4735224756541
0.05469913734550282,5.153169836295328,71.29528909211525
0.07005549525109378,4.884875424269154,51.099471969934044
0.03153376514145446,4.49841968915859,66.85447880818458
0.06267149535224896,0.43027382240800804,67.73390034246674
0.013265534364171976,6.778106599114014,70.09167180943405
0.015527083388899326,7.43343836137732,52.05862288512336
0.02488521697003669,4.706236801438663,65.16012946316964
0.02714989229629715,5.801943649358187,55.21840365670544
0.08491806076206457,0.9515531784970719,64.86707007958461
0.016842007060021674,1.7367931170812294,74.4376371671504
0.06811713821029294,5.942194244840482,51.77922929685526
0.10199827633231598,3.4730980110003684,93.43789959156551
0.031756281722180146,2.9922808639006666,94.31654201737527
0.3587516278987102,7.8652485715016365,83.55217730758247
0.037462346716119026,3.331218169559853,55.33039381559032
0.05579313755105193,7.738378300517286,61.09063703193339
0.06402682372689156,6.121381935254194,71.41175739729282
0.10855375934681671,2.029775677476815,85.08641084159501
0.12794322702516084,2.3949327426347558,86.35206456025475
0.013821724309424497,2.4261036971789105,63.182109669775286
0.045939924831256806,1.2062693148052124,74.35845994662948
0.21068845509363754,2.8470340872491526,73.37163041910426
0.12829728007237515,5.7244839280958875,74.32107008656703
0.020164707691716438,6.306813602437164,82.164597995139
0.016079264525809208,1.7002866003007027,80.5458867386136
0.029647687639691573,5.526081217337042,51.49636632219349
0.122246930759388,3.7734980966768474,85.72749050647775
0.08578329309138427,7.385001573658613,97.81261459792228
0.06750841398437045,5.811427828488193,67.44146260462986
0.057293257568260744,3.761954442601985,79.2516053207328
0.026630956407461694,6.107960552484523,97.97301495996828
0.03373369411387371,4.623643915141949,97.4735224756541
0.08412831135169402,5.415671343425428,72.48163061956377
0.0635368952958022,4.511492103497117,54.63001890787099
0.03153376514145446,4.49841968915859,66.85447880818458
0.06267149535224896,0.43027382240800804,67.73390034246674
0.013265534364171976,6.778106599114014,70.09167180943405
0.015527083388899326,7.43343836137732,52.05862288512336
0.02488521697003669,4.706236801438663,65.16012946316964
0.023315419234138563,6.597107653784042,51.47863055284158
0.08491806076206457,0.9515531784970719,64.86707007958461
0.016842007060021674,1.7367931170812294,74.4376371671504
0.06811713821029294,5.942194244840482,51.77922929685526
0.05882581141484809,2.960475048939995,78.62424449865985
0.03174238153180993,3.0861467745995887,92.56221974510123
0.25863528076456616,6.064071882776702,82.67384901980789
0.037462346716119026,3.331218169559853,55.33039381559032
0.05579313755105193,7.738378300517286,61.09063703193339
0.05620732692905553,6.332921645593903,68.2914979424715
0.11081538750961313,1.9170759295215172,85.44230501524652
0.12794322702516084,2.3949327426347558,86.35206456025475
0.013821724309424497,2.4261036971789105,63.182109669775286
0.0453841123578953,0.9287446513218294,74.68688705264924
0.25774757685535615,2.374564752426146,66.9620042146605
0.1768504944818592,5.4630088062818585,70.79920351216393
0.020164707691716438,6.306813602437164,82.164597995139
0.016295802186764668,1.7106505637598122,78.81179428223513
0.03141644247265951,5.287164588360072,51.425937748784925
0.09656857250152436,4.481448408401716,82.04335571431871
0.08578329309138427,7.385001573658613,97.81261459792228
0.07698757459951702,5.712241649681368,64.493595273279
0.057293257568260744,3.761954442601985,79.2516053207328
0.02646221735746815,5.972473246054792,94.80139896299929
0.03373369411387371,4.623643915141949,97.4735224756541
0.08066763554000664,5.261091517727527,71.20972140668135
0.0635368952958022,4.511492103497117,54.63001890787099
0.031473650468661324,4.90531540167644,59.43537799933296
0.06267149535224896,0.43027382240800804,67.73390034246674
0.013265534364171976,6.778106599114014,70.09167180943405
0.015527083388899326,7.43343836137732,52.05862288512336
0.02488521697003669,4.706236801438663,65.16012946316964
0.02227379406646411,6.615867376827403,53.40778819700215
0.07841443446637962,0.7090803080785428,59.69998699522212
0.02244487579978123,2.694343777429025,82.07849869129691
0.058231067063335445,5.677049077746072,53.8235429525967
0.07031136594647941,2.1763357647773898,86.21110669485401
0.03173293515105295,3.076054034099553,92.45256345471844
0.25872482787429235,6.436250822634127,84.25878097309797
0.037462346716119026,3.331218169559853,55.33039381559032
0.05050976778256977,7.698366670642481,59.9055328173612
0.0590377122336178,6.4336044618804635,71.1166342134983
0.11081538750961313,1.9170759295215172,85.44230501524652
0.10279152945822896,1.8280254810083687,79.86225252571063
0.014441539895294807,2.448932379277696,64.19826939613426
0.0453841123578953,0.9287446513218294,74.68688705264924
0.2963176791634679,2.4946568219911627,62.1108746171423
0.21253059941697405,7.701311651493258,59.45267480396193
0.020164707691716438,6.306813602437164,82.164597995139
0.016295802186764668,1.7106505637598122,78.81179428223513
0.05249036390035404,5.54637523023487,64.52308590070939
0.07617485893770937,5.8376961019661895,79.24266912930159
0.08578329309138427,7.385001573658613,97.81261459792228
0.07060410609382933,5.8910102339341766,63.202062240507296
0.029008298486881523,0.16498666175557286,60.82420155395626
0.02657486917890535,5.968501897570032,94.79201954399747
0.03373369411387371,4.623643915141949,97.4735224756541
0.08066763554000664,5.261091517727527,71.20972140668135
0.05088175858433097,2.918446753673291,56.900259677741474
0.030090174235028105,4.922308228703758,59.64272133382552
0.06267149535224896,0.43027382240800804,67.73390034246674
0.013265534364171976,6.778106599114014,70.09167180943405
0.02385075506724442,7.427699766599271,57.47937083898843
0.024458356825061776,4.696820185090262,65.04292695028626
0.02227379406646411,6.615867376827403,53.40778819700215
0.07841443446637962,0.7090803080785428,59.69998699522212
0.02244487579978123,2.694343777429025,82.07849869129691
0.058231067063335445,5.677049077746072,53.8235429525967
0.08373154920120218,1.704518527217036,98.82715538020314
0.03173293515105295,3.076054034099553,92.45256345471844
0.32033334245952383,7.124255986145669,95.0003751243005
0.037462346716119026,3.331218169559853,55.33039381559032
0.05050976778256977,7.698366670642481,59.9055328173612
0.047064650923712995,5.363810337332441,69.25921009435689
0.10692779702870815,2.110799404741102,84.83054627238295
0.10279152945822896,1.8280254810083687,79.86225252571063
0.014441539895294807,2.448932379277696,64.19826939613426
0.04777488290424568,1.3108174708530012,76.0554372874398
0.33485024507857075,1.9627335852489214,59.312710202007835
0.17356025703885214,5.485186430358175,69.4101312022929
0.020164707691716438,6.306813602437164,82.164597995139
0.016295802186764668,1.7106505637598122,78.81179428223513
0.05249036390035404,5.54637523023487,64.52308590070939
0.07617485893770937,5.8376961019661895,79.24266912930159
0.08578329309138427,7.385001573658613,97.81261459792228
0.058227141023441356,4.935042368524908,60.26234609476765
0.029008298486881523,0.16498666175557286,60.82420155395626
0.02547303094647958,5.0949913941358265,91.4001876308871
0.03373369411387371,4.623643915141949,97.4735224756541
0.09550071181049655,5.923419628269087,64.77059551450296
0.05088175858433097,2.918446753673291,56.900259677741474
0.030090174235028105,4.922308228703758,59.64272133382552
0.06267149535224896,0.43027382240800804,67.73390034246674
0.013265534364171976,6.778106599114014,70.09167180943405
0.023454384562378656,7.98585798764332,57.22231197756723
0.024458356825061776,4.696820185090262,65.04292695028626
0.02227379406646411,6.615867376827403,53.40778819700215
0.11474995337678552,1.1092315156776118,58.87318849037266
0.02244487579978123,2.694343777429025,82.07849869129691
0.058231067063335445,5.677049077746072,53.8235429525967
0.08373154920120218,1.704518527217036,98.82715538020314
0.03173293515105295,3.076054034099553,92.45256345471844
0.21319154069462903,6.434029390252224,84.90790977331008
0.037462346716119026,3.331218169559853,55.33039381559032
0.05050976778256977,7.698366670642481,59.9055328173612
0.047064650923712995,5.363810337332441,69.25921009435689
0.10692779702870815,2.110799404741102,84.83054627238295
0.10279152945822896,1.8280254810083687,79.86225252571063
0.014441539895294807,2.448932379277696,64.19826939613426
0.04777488290424568,1.3108174708530012,76.0554372874398
0.33485024507857075,1.9627335852489214,59.312710202007835
0.1977616946791307,4.961378637847156,61.57913660170782
0.020079730391751587,6.249531981210864,81.89783487566882
0.028356090819607202,3.1425585843634227,75.06752281207788
0.05249036390035404,5.54637523023487,64.52308590070939
0.07083460510313622,6.224854405016329,75.21910203128161
0.08578329309138427,7.385001573658613,97.81261459792228
0.07732206380573085,3.6037496113671477,68.66050240261465
0.029008298486881523,0.16498666175557286,60.82420155395626
0.02547303094647958,5.0949913941358265,91.4001876308871
0.03373369411387371,4.623643915141949,97.4735224756541
0.0987208187780734,6.234636273137253,64.00919653089564
0.05088175858433097,2.918446753673291,56.900259677741474
0.030070137540080047,4.921422226333686,59.62898896395223
0.06267149535224896,0.43027382240800804,67.73390034246674
0.013265534364171976,6.778106599114014,70.09167180943405
0.023454384562378656,7.98585798764332,57.22231197756723
0.03208084633976833,6.407393648714661,65.68568536298204
0.02227379406646411,6.615867376827403,53.40778819700215
0.11474995337678552,1.1092315156776118,58.87318849037266
0.014883101753665955,1.8417899811397058,86.4466847289104
0.058231067063335445,5.677049077746072,53.8235429525967
0.08373154920120218,1.704518527217036,98.82715538020314
0.021256449079161188,3.3523858728885996,91.1682345405492
0.21319154069462903,6.434029390252224,84.90790977331008
0.037462346716119026,3.331218169559853,55.33039381559032
0.05050976778256977,7.698366670642481,59.9055328173612
0.045838837759478696,5.331900911159328,68.56458285969265
0.10692779702870815,2.110799404741102,84.83054627238295
0.10279152945822896,1.8280254810083687,79.86225252571063
0.014441539895294807,2.448932379277696,64.19826939613426
0.04777488290424568,1.3108174708530012,76.0554372874398
0.33485024507857075,1.9627335852489214,59.312710202007835
0.1977616946791307,4.961378637847156,61.57913660170782
0.05000050610864978,6.191997800791944,74.6893405843648
0.028356090819607202,3.1425585843634227,75.06752281207788
0.05249036390035404,5.54637523023487,64.52308590070939
0.07509888998903547,6.510379002151588,76.05246637959068
0.08578329309138427,7.385001573658613,97.81261459792228
0.08241331924935029,3.0508346778574733,72.61727593235476
0.02906139388640188,0.1771545426888128,60.832565117327384
0.02547303094647958,5.0949913941358265,91.4001876308871
0.03373369411387371,4.623643915141949,97.4735224756541
0.09595673637022466,6.10362930165074,63.6175947638404
0.050198368781367284,2.924071496555873,58.16906253436138
0.030070137540080047,4.921422226333686,59.62898896395223
0.08137163763314577,1.05750144632571,66.88191434917496
0.013265534364171976,6.778106599114014,70.09167180943405
0.023454384562378656,7.98585798764332,57.22231197756723
0.03208084633976833,6.407393648714661,65.68568536298204
0.02227379406646411,6.615867376827403,53.40778819700215
0.1159688446541992,0.953161717351837,54.82837072180748
0.014883101753665955,1.8417899811397058,86.4466847289104
0.05387402627331181,5.184920492903558,54.139663087337
0.08373154920120218,1.704518527217036,98.82715538020314
0.029120100160310497,3.2384224182883727,90.58650715566782
0.3331284507170296,6.451668373679184,97.63744078054424
0.037462346716119026,3.331218169559853,55.33039381559032
0.05050976778256977,7.698366670642481,59.9055328173612
0.045838837759478696,5.331900911159328,68.56458285969265
0.13530525407141633,0.6967153793763279,89.29607769380745
0.10279152945822896,1.8280254810083687,79.86225252571063
0.014311701149933086,2.419795086017071,64.18732088046703
0.054191702901523545,1.3810772883389173,80.11927387404756
0.33485024507857075,1.9627335852489214,59.312710202007835
0.251929734532668,5.858577414865538,56.395584003384776
0.05000050610864978,6.191997800791944,74.6893405843648
0.029567889771928313,3.0232651961990205,74.2013512814947
0.05249036390035404,5.54637523023487,64.52308590070939
0.08626065306073155,6.959930258370913,78.908851634882
0.08578329309138427,7.385001573658613,97.81261459792228
0.11311289391685954,1.2309834701647997,82.42319144736247
0.02906139388640188,0.1771545426888128,60.832565117327384
0.02547303094647958,5.0949913941358265,91.4001876308871
0.03373369411387371,4.623643915141949,97.4735224756541
0.09595673637022466,6.10362930165074,63.6175947638404
0.03523404487306671,2.465470655623534,70.15128816906653
0.02528243230598043,4.709714746850751,56.34768237674387
0.0634616913543499,1.1115150243445662,73.1216758045984
0.013265534364171976,6.778106599114014,70.09167180943405
0.023454384562378656,7.98585798764332,57.22231197756723
0.03208084633976833,6.407393648714661,65.68568536298204
0.02227379406646411,6.615867376827403,53.40778819700215
0.08950321125132789,2.454192749334249,58.761573361158014
0.018543030767160695,2.2008246197558523,87.51091581032532
0.056186786429353444,5.31167564678554,55.90845465511141
0.0886857450936957,3.4872361435614,84.558657223865
0.029120100160310497,3.2384224182883727,90.58650715566782
0.3331284507170296,6.451668373679184,97.63744078054424
0.037462346716119026,3.331218169559853,55.33039381559032
0.04574210144451632,6.878437937678239,64.02272673618957
0.045838837759478696,5.331900911159328,68.56458285969265
0.13530525407141633,0.6967153793763279,89.29607769380745
0.12036724239139737,0.526588874404669,85.86876198939642
0.014311701149933086,2.419795086017071,64.18732088046703
0.054191702901523545,1.3810772883389173,80.11927387404756
0.4182866644556512,1.8227325405410244,56.29440833418353
0.251929734532668,5.858577414865538,56.395584003384776
0.04400494688742456,4.4697495708966875,70.72168822900029
0.03265155591057233,2.817612269168295,74.942458981335
0.05623430275017341,5.275469085157407,63.951294951001984
0.08626065306073155,6.959930258370913,78.908851634882
0.08578329309138427,7.385001573658613,97.81261459792228
0.088647517058283,0.41540641695330827,87.01035264494624
0.02906139388640188,0.1771545426888128,60.832565117327384
0.03197854066725418,7.811878781882232,95.05122586764026
0.061549449482737426,3.49759879541316,90.37989183664088
0.09595673637022466,6.10362930165074,63.6175947638404
0.03523404487306671,2.465470655623534,70.15128816906653
0.023385729437366894,5.036182091302059,58.51698299903529
0.0634616913543499,1.1115150243445662,73.1216758045984
0.013265534364171976,6.778106599114014,70.09167180943405
0.023454384562378656,7.98585798764332,57.22231197756723
0.047939020389507064,6.094944378803539,61.97217266549135
0.02227379406646411,6.615867376827403,53.40778819700215
0.08950321125132789,2.454192749334249,58.761573361158014
0.018543030767160695,2.2008246197558523,87.51091581032532
0.056186786429353444,5.31167564678554,55.90845465511141
0.09381546398900548,3.5086636706094634,84.03954632146747
0.029120100160310497,3.2384224182883727,90.58650715566782
0.3331284507170296,6.451668373679184,97.63744078054424
0.045830323819576274,2.3176863829924335,53.43609600261775
0.046211923407456335,6.710883971875045,63.58420562424471
0.0470442582892001,5.482840653999865,66.9768027122454
0.1217931520235663,1.3700402522219424,87.16978723115751
0.12036724239139737,0.526588874404669,85.86876198939642
0.010775154071685649,2.9575150238335928,64.99169368363944
0.054191702901523545,1.3810772883389173,80.11927387404756
0.3135219868691433,2.564021264293231,59.8551343081885
0.18637751788171275,4.949494681182786,61.94008813230709
0.0364228156420013,3.945724116090649,79.94163245333142
0.03265155591057233,2.817612269168295,74.942458981335
0.06247056888708952,4.340398470040155,68.38783183003532
0.08561592742178226,6.924594861674808,78.41576752898263
0.08578329309138427,7.385001573658613,97.81261459792228
0.088647517058283,0.41540641695330827,87.01035264494624
0.02906139388640188,0.1771545426888128,60.832565117327384
0.03197854066725418,7.811878781882232,95.05122586764026
0.07164962150005541,3.493741800053186,88.21321913432631
0.09595673637022466,6.10362930165074,63.6175947638404
0.03545640666431837,2.5255740987502335,70.11801805822515
0.023385729437366894,5.036182091302059,58.51698299903529
0.06260623366889427,1.3899277050411794,72.68240119667873
0.013265534364171976,6.778106599114014,70.09167180943405
0.023454384562378656,7.98585798764332,57.22231197756723
0.04244326681228551,6.758504215946154,59.54580483486114
0.02227379406646411,6.615867376827403,53.40778819700215
0.046760849716829034,1.929747879047877,50.32871212243401
0.018543030767160695,2.2008246197558523,87.51091581032532
0.025583473128079515,5.184590051906539,56.15922218262011
0.09381546398900548,3.5086636706094634,84.03954632146747
0.030066141793222992,3.4883738013815244,88.38239176197698
0.21260609960058133,3.9646539403962526,83.04917793577874
0.045830323819576274,2.3176863829924335,53.43609600261775
0.04951046639486546,7.642633715559564,58.07239833272146
0.03538348840898154,6.42549790340173,56.91261618281713
0.1217931520235663,1.3700402522219424,87.16978723115751
0.12036724239139737,0.526588874404669,85.86876198939642
0.010775154071685649,2.9575150238335928,64.99169368363944
0.052605033854734765,2.107318363541996,77.34075201278922
0.3135219868691433,2.564021264293231,59.8551343081885
0.2793043227181701,6.238210121927521,54.080200558302565
0.0364228156420013,3.945724116090649,79.94163245333142
0.03265155591057233,2.817612269168295,74.942458981335
0.06247056888708952,4.340398470040155,68.38783183003532
0.08561592742178226,6.924594861674808,78.41576752898263
0.08449798728441024,7.221673339334043,96.97465477983106
0.09368476399481629,0.05875072365199685,89.20962030512868
0.02906139388640188,0.1771545426888128,60.832565117327384
0.03197854066725418,7.811878781882232,95.05122586764026
0.07164962150005541,3.493741800053186,88.21321913432631
0.09768336663526932,5.935159893807037,58.591277410594415
0.03156684391604311,1.5329419696573088,71.17239419191664
0.023385729437366894,5.036182091302059,58.51698299903529
0.06262485739111955,0.9848944515310802,73.27194894737369
0.013265534364171976,6.778106599114014,70.09167180943405
0.023454384562378656,7.98585798764332,57.22231197756723
0.04244326681228551,6.758504215946154,59.54580483486114
0.02227379406646411,6.615867376827403,53.40778819700215
0.044469581294273475,1.765867050558135,51.58701032746237
0.018543030767160695,2.2008246197558523,87.51091581032532
0.025583473128079515,5.184590051906539,56.15922218262011
0.09381546398900548,3.5086636706094634,84.03954632146747
0.022699858998325786,3.03270730709197,89.70403453305127
0.3212150535951435,4.327266411484544,89.17383977137186
0.045830323819576274,2.3176863829924335,53.43609600261775
0.04951046639486546,7.642633715559564,58.07239833272146
0.03538348840898154,6.42549790340173,56.91261618281713
0.12547923854940693,1.4803574786566243,86.3639112179703
0.0682738651303342,1.6821025153762077,75.94508034383762
0.010775154071685649,2.9575150238335928,64.99169368363944
0.057172214643832535,1.965498452123144,93.45611121385525
0.2218801568198266,3.8502100833680513,62.979446948787185
0.2334598366169885,4.712001663910023,62.75649634524713
0.0364228156420013,3.945724116090649,79.94163245333142
0.034582635526393735,3.37028740020408,73.01010218600355
0.06244981845542798,4.340949081425517,68.37747033956344
0.09250123499310173,7.692492305228859,81.39929677603251
0.08449798728441024,7.221673339334043,96.97465477983106
0.09368476399481629,0.05875072365199685,89.20962030512868
0.028584337561159405,0.6296898667253279,60.310725750346556
0.031650720786959775,7.941905759254929,96.03610028711174
0.06625363492995967,3.1009203652599515,85.13267532501803
0.0895301452677262,5.199926691641916,65.47641071778665
0.01706021038691813,0.5670508502440539,73.93281841006284
0.024911119771938876,4.809231928461451,60.491426988278626
0.06573784336196063,0.6361767442043464,72.00784216797189
0.013198908414455993,6.675893076565693,69.95523044456019
0.023454384562378656,7.98585798764332,57.22231197756723
0.03810987162634026,4.842153095652523,59.78497948917464
0.04889754146939539,5.45954258466969,64.80718929703846
0.044469581294273475,1.765867050558135,51.58701032746237
0.0300306535010591,2.354211898368714,86.25311462302513
0.025583473128079515,5.184590051906539,56.15922218262011
0.09672854456213749,3.4457275474692457,85.04209179807336
0.022699858998325786,3.03270730709197,89.70403453305127
0.24695757338945684,3.409233577738829,85.45284085478697
0.04711776105955279,4.18053146483598,55.05802997757967
0.04951046639486546,7.642633715559564,58.07239833272146
0.03056449379711415,6.534572431887168,56.150447618489736
0.12547923854940693,1.4803574786566243,86.3639112179703
0.12110755378450189,2.451618941017027,71.86968153835159
0.010775154071685649,2.9575150238335928,64.99169368363944
0.057172214643832535,1.965498452123144,93.45611121385525
0.26909408611559105,4.607025279344233,60.45453804841154
0.16688521271359014,4.181548057435728,71.2686542997404
0.027568896905365584,4.196465595433101,78.40090803337364
0.034582635526393735,3.37028740020408,73.01010218600355
0.06244981845542798,4.340949081425517,68.37747033956344
0.09250123499310173,7.692492305228859,81.39929677603251
0.08449798728441024,7.221673339334043,96.97465477983106
0.08694926601224479,0.7497788817174325,85.68191058147092
0.028584337561159405,0.6296898667253279,60.310725750346556
0.031650720786959775,7.941905759254929,96.03610028711174
0.07386272395186066,2.066876242525727,94.0435764417762
0.0882432628895483,5.1790856589637775,65.74484152384413
0.01706021038691813,0.5670508502440539,73.93281841006284
0.02482400392185831,4.999200893114441,60.295926988484396
0.04816018971323685,0.367200333298646,70.70372627403184
0.013198908414455993,6.675893076565693,69.95523044456019
0.023454384562378656,7.98585798764332,57.22231197756723
0.03810987162634026,4.842153095652523,59.78497948917464
0.04889754146939539,5.45954258466969,64.80718929703846
0.044469581294273475,1.765867050558135,51.58701032746237
0.0300306535010591,2.354211898368714,86.25311462302513
0.020025570825861136,5.39632564767572,54.876785663947985
0.1111945191160894,3.2314665739408284,93.78512395149187
0.022699858998325786,3.03270730709197,89.70403453305127
0.21556780002719161,3.6339124221056176,81.89790844790261
0.04267734404978337,3.705926828536092,63.16467904071953
0.04559490856048101,6.788869914302114,59.98617035582208
0.030647395362298588,6.59556862811464,55.588747536614946
0.12547923854940693,1.4803574786566243,86.3639112179703
0.1266117289455057,2.725848897882898,69.6440158807486
0.01120658514175858,3.1286124249860157,64.7273280610004
0.057172214643832535,1.965498452123144,93.45611121385525
0.30698994342314895,5.409538680502829,55.2058962851432
0.0964905557365617,2.483291510842041,72.52040077572408
0.02746022100944529,4.250552441685537,77.183467623794
0.03838018572262605,4.2179616001253954,61.96194685520098
0.10112689261038912,2.507301703689966,67.13844461335995
0.10969126665997528,7.215792197435136,81.85043106938892
0.08110381050572885,6.5687956702734684,96.53761100348493
0.06561440614476609,0.3452420766926325,85.30427241951242
0.04244404640282593,1.6865862278122012,61.573156510170264
0.031650720786959775,7.941905759254929,96.03610028711174
0.05888741129107644,1.6714649697424833,88.74161231256628
0.09353287330070431,5.726174518407259,61.027207940984674
0.02685351086716204,0.9989771494809853,69.16435541085285
0.02482400392185831,4.999200893114441,60.295926988484396
0.04816018971323685,0.367200333298646,70.70372627403184
0.015171919277876825,5.919332452743976,74.05635744887434
0.023454384562378656,7.98585798764332,57.22231197756723
0.03810987162634026,4.842153095652523,59.78497948917464
0.04889754146939539,5.45954258466969,64.80718929703846
0.04456099544540253,2.1739026120312266,52.26930258789712
0.034368175690700165,1.9527562458048067,84.21125658446853
0.020025570825861136,5.39632564767572,54.876785663947985
0.1111945191160894,3.2314665739408284,93.78512395149187
0.022699858998325786,3.03270730709197,89.70403453305127
0.2980566452976631,4.202860584085713,79.96160655349958
0.014233288727193386,4.583214658829787,54.37286701980882
0.04559490856048101,6.788869914302114,59.98617035582208
0.030647395362298588,6.59556862811464,55.588747536614946
0.10548653511766277,1.768729817437578,82.57845794079438
0.11786108625067969,2.6553824186305257,70.47964788930699
0.01120658514175858,3.1286124249860157,64.7273280610004
0.052261802546409906,1.8883276464882413,77.27092080151537
0.33500370415342307,5.91569760462359,51.400459944167864
0.0964905557365617,2.483291510842041,72.52040077572408
0.02746022100944529,4.250552441685537,77.183467623794
0.03838018572262605,4.2179616001253954,61.96194685520098
0.07776288005550615,4.3086890507983675,64.12926299652993
0.10912271206898341,7.53316051723178,82.64174731675922
0.08110381050572885,6.5687956702734684,96.53761100348493
0.06035757070809025,1.297932776820124,81.80279781770109
0.05469784222150555,2.2246805202786955,53.50271174104929
0.045515101002168545,7.814391416444833,93.98014375782418
0.05888741129107644,1.6714649697424833,88.74161231256628
0.08346492576123764,3.785704605284746,69.78199416247962
0.01896171809330731,0.6554194755545415,77.0387996852788
0.02405444086576701,5.062890963113464,59.426815994193404
0.04816018971323685,0.367200333298646,70.70372627403184
0.015171919277876825,5.919332452743976,74.05635744887434
0.023454384562378656,7.98585798764332,57.22231197756723
0.03924452385624696,4.336943699628338,61.017674840715536
0.04389727974702594,7.275344079779781,57.3916331091623
0.04456099544540253,2.1739026120312266,52.26930258789712
0.034368175690700165,1.9527562458048067,84.21125658446853
0.020025570825861136,5.39632564767572,54.876785663947985
0.0782180585376366,4.01451158259512,79.71169974539276
0.018909286543141834,3.7268857371815245,73.88589966894716
0.2980566452976631,4.202860584085713,79.96160655349958
0.014233288727193386,4.583214658829787,54.37286701980882
0.055331117391623566,6.262499090764432,61.20156626753125
0.030647395362298588,6.59556862811464,55.588747536614946
0.15656223966784616,2.4259182640618056,85.84852493542384
0.12642322309635934,2.724330912979266,69.66201701813252
0.01120658514175858,3.1286124249860157,64.7273280610004
0.04876386735142747,2.0028184983782986,71.2150643370675
0.33500370415342307,5.91569760462359,51.400459944167864
0.0964905557365617,2.483291510842041,72.52040077572408
0.02746022100944529,4.250552441685537,77.183467623794
0.03838018572262605,4.2179616001253954,61.96194685520098
0.07776288005550615,4.3086890507983675,64.12926299652993
0.10912271206898341,7.53316051723178,82.64174731675922
0.1032319056111819,6.327482222349637,94.84694213857031
0.06035757070809025,1.297932776820124,81.80279781770109
0.05259397571266381,2.3811612956543184,55.331841708673025
0.045515101002168545,7.814391416444833,93.98014375782418
0.05888741129107644,1.6714649697424833,88.74161231256628
0.1097218095978813,3.4832398690516504,75.6260804609189
0.018921717992824147,0.6541731887999442,77.03942230376664
0.02405444086576701,5.062890963113464,59.426815994193404
0.04816018971323685,0.367200333298646,70.70372627403184
0.015171919277876825,5.919332452743976,74.05635744887434
0.023454384562378656,7.98585798764332,57.22231197756723
0.03924452385624696,4.336943699628338,61.017674840715536
0.06193548673925277,6.64840759034732,57.541037075297375
0.04456099544540253,2.1739026120312266,52.26930258789712
0.034368175690700165,1.9527562458048067,84.21125658446853
0.03851751934568969,5.047980353686667,57.84014396376874
0.12513574544837727,4.6036537292413495,75.50044770383883
0.02334951086481589,4.028381391680468,72.1991400645212
0.2980566452976631,4.202860584085713,79.96160655349958
0.014233288727193386,4.583214658829787,54.37286701980882
0.08049171873132735,6.048999736916053,63.14620677907543
0.030647395362298588,6.59556862811464,55.588747536614946
0.14273043973136573,2.5566435511230896,84.64648287497424
0.1140840962423309,2.6180359680015344,68.9215555148231
0.029025097723863302,3.4445436262665994,64.56721353103754
0.04876386735142747,2.0028184983782986,71.2150643370675
0.33500370415342307,5.91569760462359,51.400459944167864
0.09501507893356179,1.8934504432491188,71.33819469440037
0.012813455971334355,3.193230515824677,85.5823059968981
0.0420942712503692,4.898190647254861,59.08407208438055
0.04900621904614915,5.0486797098531095,68.69014665172965
0.10912271206898341,7.53316051723178,82.64174731675922
0.1032319056111819,6.327482222349637,94.84694213857031
0.06035757070809025,1.297932776820124,81.80279781770109
0.055858778915943395,1.7542203171837265,55.29362404757887
0.045515101002168545,7.814391416444833,93.98014375782418
0.06032691857177126,4.0219137233149915,74.00659148400152
0.14734474511086385,4.247387311921083,71.33963120935701
0.01968994565890974,0.8610170392327499,77.52880460235889
0.02405444086576701,5.062890963113464,59.426815994193404
0.04816018971323685,0.367200333298646,70.70372627403184
0.014217786590234746,5.923573429756679,74.12749969846902
0.023454384562378656,7.98585798764332,57.22231197756723
0.03924452385624696,4.336943699628338,61.017674840715536
0.06193548673925277,6.64840759034732,57.541037075297375
0.049975514368319596,2.7578537488860086,53.908379071196336
0.033588164455504485,2.9260590214252744,78.21093496741493
0.03851751934568969,5.047980353686667,57.84014396376874
0.1539127193462556,4.96500419838175,72.91747530991543
0.02334951086481589,4.028381391680468,72.1991400645212
0.3804306872596544,4.905774099631847,78.63405191868148
0.014233288727193386,4.583214658829787,54.37286701980882
0.07863033844714329,7.060029945122698,61.02109501612412
0.030647395362298588,6.59556862811464,55.588747536614946
0.2226565883635318,1.1354251381129115,94.96649746631643
0.04523204675813086,3.5582445994046727,52.404962803148855
0.029025097723863302,3.4445436262665994,64.56721353103754
0.049263707303182996,0.5176838069346283,71.04529555493941
0.26777261001158836,4.913420127994001,52.33811511423181
0.08774357554893497,2.1100699166700423,71.4255499940445
0.012813455971334355,3.193230515824677,85.5823059968981
0.04023383099008521,5.174062453972191,58.51598323856726
0.04749407035035624,5.775665328165887,71.64634616971139
0.10912271206898341,7.53316051723178,82.64174731675922
0.1032319056111819,6.327482222349637,94.84694213857031
0.06035757070809025,1.297932776820124,81.80279781770109
0.0586896390521077,4.034198235058378,56.340590947198514
0.045515101002168545,7.814391416444833,93.98014375782418
0.08676586699681263,3.551785724339033,77.42037205763926
0.2285539421067726,4.457810047155233,68.85069634465351
0.01924542380309828,0.7379945083713588,78.1460104579468
0.02405444086576701,5.062890963113464,59.426815994193404
0.04816018971323685,0.367200333298646,70.70372627403184
0.014217786590234746,5.923573429756679,74.12749969846902
0.023454384562378656,7.98585798764332,57.22231197756723
0.04057232382346064,5.073296168775359,67.9975052660354
0.06193548673925277,6.64840759034732,57.541037075297375
0.049558737241706036,3.2303322092213893,57.65264974152638
0.03884925088667065,2.858399235727192,76.344173749954
0.041257744510739124,5.245709098226391,54.882643842916096
0.13392906688873427,4.984097735953275,72.05000902832353
0.03186117182294007,4.703066667718928,61.387410995684824
0.2677847174032756,4.600623391895739,70.82880435521835
0.11418691503107153,4.71339262846833,53.570700197870316
0.07863033844714329,7.060029945122698,61.02109501612412
0.029063399549456647,6.227333870074763,56.51086589332487
0.24207934957831478,0.944957801764295,95.83508395769447
0.04523204675813086,3.5582445994046727,52.404962803148855
0.029025097723863302,3.4445436262665994,64.56721353103754
0.051451877467631996,0.6715812774939188,73.16712134602994
0.26777261001158836,4.913420127994001,52.33811511423181
0.09760524587287203,1.474072300634686,74.10520850514588
0.012813455971334355,3.193230515824677,85.5823059968981
0.04965178903895169,3.360024546359885,69.41426784526939
0.04749407035035624,5.775665328165887,71.64634616971139
0.10882620225291524,7.516292099939549,82.76174566757537
0.09202464808747472,6.560453164895614,89.56138157081779
0.06035757070809025,1.297932776820124,81.80279781770109
0.0586896390521077,4.034198235058378,56.340590947198514
0.045515101002168545,7.814391416444833,93.98014375782418
0.12289911149365086,2.6811128913055158,87.78794939911813
0.2285539421067726,4.457810047155233,68.85069634465351
0.010499249163174178,0.8501527952733259,80.39716190751264
0.02405444086576701,5.062890963113464,59.426815994193404
0.04816018971323685,0.367200333298646,70.70372627403184
0.014217786590234746,5.923573429756679,74.12749969846902
0.025516777526324502,7.634948517135541,58.52052214669764
0.04235410748191009,6.061412473024312,77.36378640601815
0.06193548673925277,6.64840759034732,57.541037075297375
0.049558737241706036,3.2303322092213893,57.65264974152638
0.05562373502126572,3.271427136043736,71.27349263543421
0.041257744510739124,5.245709098226391,54.882643842916096
0.12212833940194447,4.36706856866749,72.20984398543007
0.01299726890313263,4.6244373689413925,61.629157427731876
0.38736664700120643,6.184899263214856,56.83150437535886
0.11418691503107153,4.71339262846833,53.570700197870316
0.07863033844714329,7.060029945122698,61.02109501612412
0.029063399549456647,6.227333870074763,56.51086589332487
0.2640409487640457,0.9764526623231566,98.44658954879553
0.0460092314744149,3.1975481882596357,54.99925082323027
0.018502202063039264,4.165474974535515,58.778706023404766
0.04708212169847131,0.5998611411367909,73.37962363224827
0.2845845724636915,5.026849133040521,50.14599892615529
0.09760524587287203,1.474072300634686,74.10520850514588
0.012813455971334355,3.193230515824677,85.5823059968981
0.05364091568207512,3.25687570636932,70.77629563270024
0.04749407035035624,5.775665328165887,71.64634616971139
0.10882620225291524,7.516292099939549,82.76174566757537
0.07925750257662727,6.191436798025255,84.21061947213406
0.06035757070809025,1.297932776820124,81.80279781770109
0.0586896390521077,4.034198235058378,56.340590947198514
0.045515101002168545,7.814391416444833,93.98014375782418
0.12289911149365086,2.6811128913055158,87.78794939911813
0.3440701397118636,2.4527985572503033,74.88340735318052
0.010499249163174178,0.8501527952733259,80.39716190751264
0.02405444086576701,5.062890963113464,59.426815994193404
0.04816018971323685,0.367200333298646,70.70372627403184
0.014217786590234746,5.923573429756679,74.12749969846902
0.025516777526324502,7.634948517135541,58.52052214669764
0.04235410748191009,6.061412473024312,77.36378640601815
0.06193548673925277,6.64840759034732,57.541037075297375
0.035833974062817436,3.643598303412208,58.15028593004418
0.05679925661425936,3.280054003581848,71.5682576708227
0.041257744510739124,5.245709098226391,54.882643842916096
0.19216416447369594,4.183274232160124,79.67543626847686
0.020065670245685785,4.634910641499891,61.330293777240215
0.38736664700120643,6.184899263214856,56.83150437535886
0.11418691503107153,4.71339262846833,53.570700197870316
0.07863033844714329,7.060029945122698,61.02109501612412
0.015827772335610488,6.462732534993601,56.96802437499472
0.2640409487640457,0.9764526623231566,98.44658954879553
0.0460092314744149,3.1975481882596357,54.99925082323027
0.018502202063039264,4.165474974535515,58.778706023404766
0.04962156808426555,1.6339675121566843,70.6717361415883
0.2845845724636915,5.026849133040521,50.14599892615529
0.11869589932366027,0.3486886140406682,74.09957053706978
0.01643241475854066,3.454366785450314,81.67639666249845
0.05364091568207512,3.25687570636932,70.77629563270024
0.04749407035035624,5.775665328165887,71.64634616971139
0.1357750914150648,7.134587817463554,77.76079952304075
0.09415907765604398,7.533270656413888,97.30289130052378
0.06035757070809025,1.297932776820124,81.80279781770109
0.05698329479434222,4.005037064260664,56.47569804838033
0.045515101002168545,7.814391416444833,93.98014375782418
0.12289911149365086,2.6811128913055158,87.78794939911813
0.25472088214091004,3.453876222173438,73.90818027542811
0.010499249163174178,0.8501527952733259,80.39716190751264
0.02405444086576701,5.062890963113464,59.426815994193404
0.04148457072421109,0.9009271802481904,73.51370951188768
0.014217786590234746,5.923573429756679,74.12749969846902
0.025516777526324502,7.634948517135541,58.52052214669764
0.05063649277379784,6.513340917448739,85.48201626430802
0.06435862649670315,6.7081516665669465,58.04614289487543
0.035833974062817436,3.643598303412208,58.15028593004418
0.06732611234119484,2.706904727012724,75.47150775561707
0.032184512088315784,5.473165836470095,61.34023710644176
0.19627308947103878,4.231867521316672,79.81380455169229
0.020065670245685785,4.634910641499891,61.330293777240215
0.38736664700120643,6.184899263214856,56.83150437535886
0.14530497431459,4.592729016405134,51.548887746711856
0.07863033844714329,7.060029945122698,61.02109501612412
0.015827772335610488,6.462732534993601,56.96802437499472
0.2640409487640457,0.9764526623231566,98.44658954879553
0.04964347094725252,3.0696653230875093,54.49990772554865
0.018502202063039264,4.165474974535515,58.778706023404766
0.04322626450989111,1.5058377591468493,72.26154604750361
0.2682591721301677,4.90167244826578,50.47810064216099
0.11869589932366027,0.3486886140406682,74.09957053706978
0.014365552318243713,3.4262993374625985,82.96086638026482
0.056900820767359486,4.5898044327941365,65.5746177666706
0.04749407035035624,5.775665328165887,71.64634616971139
0.1390596814028089,7.158555105864713,77.46292016389805
0.09415907765604398,7.533270656413888,97.30289130052378
0.06035757070809025,1.297932776820124,81.80279781770109
0.06652586887819766,4.134622708929429,50.54538202865842
0.045515101002168545,7.814391416444833,93.98014375782418
0.11762085968025085,3.2032196787639546,84.59648534978419
0.17575940826478384,1.8281507062671416,84.07359716148201
0.015956531081616904,1.2899726668243199,78.65388470097423
0.02405444086576701,5.062890963113464,59.426815994193404
0.0488329302350215,1.4144790603479118,74.07043347045762
0.014217786590234746,5.923573429756679,74.12749969846902
0.025516777526324502,7.634948517135541,58.52052214669764
0.05063649277379784,6.513340917448739,85.48201626430802
0.06435862649670315,6.7081516665669465,58.04614289487543
0.035833974062817436,3.643598303412208,58.15028593004418
0.0831046649577673,3.4410759358636787,77.52460685849634
0.08201882566044279,5.096178903798803,66.95072851021077
0.20363720511060984,4.116504801377201,79.52719138255837
0.016904928864488165,4.240028863897426,57.27528237399936
0.38736664700120643,6.184899263214856,56.83150437535886
0.17386608208131965,4.664493680060052,51.30015393825601
0.08589588402422832,7.062851453160763,54.307405217516575
0.015827772335610488,6.462732534993601,56.96802437499472
0.26240758647785717,1.0042652017188143,98.18101867525826
0.04964347094725252,3.0696653230875093,54.49990772554865
0.0161368637610197,3.9967493042607467,57.58606916593674
0.04141872453025813,1.5014419263659509,72.10044857388245
0.2682591721301677,4.90167244826578,50.47810064216099
0.10073164903975279,1.7534260059371682,71.09604443517694
0.017444221632324897,3.600376862516556,81.90981953290961
0.07777672486508838,2.5642484717521574,70.26683102064102
0.05181258569098608,5.756470173733145,71.32434808682335
0.10320556079920067,5.08124221686095,75.49380075663123
0.058973493638476815,7.052396389591015,79.18490075715185
0.059468367221382414,1.1181444026166918,82.61068639682918
0.06652586887819766,4.134622708929429,50.54538202865842
0.048543146787275296,7.284067718105752,87.72037981406237
0.09013783591878158,3.7494561463328946,77.20346304827288
0.14256064116648895,2.1997873423873546,83.61985200240106
0.015254631256404853,0.49713078666444543,84.13392691446157
0.02405444086576701,5.062890963113464,59.426815994193404
0.0488329302350215,1.4144790603479118,74.07043347045762
0.011544941639217002,5.98819731639362,75.22852746860714
0.023416561691415594,7.784980413384657,57.49789535316149
0.05305621845541082,6.725696797023604,85.7424303870385
0.05064725958597663,6.048908543342973,61.42527377492283
0.037258640551110264,3.7374093486072626,59.12440307803956
0.07337366298563058,3.018857485998048,78.47251068389693
0.08827706434286754,5.241144348603178,65.50097030416117
0.23966219266149547,3.3938064512386332,84.10495045626709
0.016904928864488165,4.240028863897426,57.27528237399936
0.2960017940738744,5.646364888526926,57.017213346534504
0.1153432784883819,5.887771897778216,68.30752549988856
0.08589588402422832,7.062851453160763,54.307405217516575
0.015827772335610488,6.462732534993601,56.96802437499472
0.26240758647785717,1.0042652017188143,98.18101867525826
0.02452472010111989,2.898909674009216,50.417572129549434
0.0161368637610197,3.9967493042607467,57.58606916593674
0.045672333447514604,1.6993610433248398,72.65392650460507
0.2682591721301677,4.90167244826578,50.47810064216099
0.0937112613678877,2.091823237723293,71.34203959197212
0.017444221632324897,3.600376862516556,81.90981953290961
0.08218625035583621,2.433515386948792,70.5643708707849
0.05181258569098608,5.756470173733145,71.32434808682335
0.14992752702152085,5.888003651997289,71.99841442685675
0.058973493638476815,7.052396389591015,79.18490075715185
0.02172758179335174,0.33322806353603696,83.41788943325383
0.06652586887819766,4.134622708929429,50.54538202865842
0.048543146787275296,7.284067718105752,87.72037981406237
0.09013783591878158,3.7494561463328946,77.20346304827288
0.14256064116648895,2.1997873423873546,83.61985200240106
0.015254631256404853,0.49713078666444543,84.13392691446157
0.0367231963008107,5.379438969095058,64.85682312583617
0.0488329302350215,1.4144790603479118,74.07043347045762
0.015398715821532773,5.8950209928708075,73.64103830543839
0.023416561691415594,7.784980413384657,57.49789535316149
0.057169316095163736,7.086663527138564,86.18508747073199
0.013302880517075177,6.939481979069779,54.973918987251764
0.037258640551110264,3.7374093486072626,59.12440307803956
0.013425956433372799,3.6657674185064715,72.24401241709185
0.09546134642170095,6.312412262440059,59.24795444213134
0.23966219266149547,3.3938064512386332,84.10495045626709
0.016904928864488165,4.240028863897426,57.27528237399936
0.28662484939963917,5.701988118206637,57.89417689064831
0.10262863822751411,7.6106205611114,61.154344446347224
0.08589588402422832,7.062851453160763,54.307405217516575
0.011200046429878041,6.526181886169769,56.40697457914378
0.26393845629275037,0.9624275628728656,98.27197513534826
0.02452472010111989,2.898909674009216,50.417572129549434
0.01469786414717264,4.108680512920523,56.85194707063921
0.05623915934210527,1.7853620804904808,70.23008117345859
0.18283149098747264,5.827970396492968,64.95825312607421
0.0829904641258426,2.0681287449724253,68.64747237390802
0.017444221632324897,3.600376862516556,81.90981953290961
0.08218625035583621,2.433515386948792,70.5643708707849
0.08817828910771974,5.618102622715658,69.01072227059896
0.11272010027320627,4.241542378680194,72.7610120259026
0.058973493638476815,7.052396389591015,79.18490075715185
0.020608983768708553,1.4953760350807013,78.40302123824354
0.06652586887819766,4.134622708929429,50.54538202865842
0.048543146787275296,7.284067718105752,87.72037981406237
0.1569493605119186,3.8864725037501127,72.8779269595279
0.14223128538280375,2.222322585045198,83.5000008990594
0.015254631256404853,0.49713078666444543,84.13392691446157
0.0367231963008107,5.379438969095058,64.85682312583617
0.0488329302350215,1.4144790603479118,74.07043347045762
0.08738683285043701,5.168588174071966,72.67965910036317
0.023416561691415594,7.784980413384657,57.49789535316149
0.057169316095163736,7.086663527138564,86.18508747073199
0.013302880517075177,6.939481979069779,54.973918987251764
0.039290655952364015,3.703969509905866,59.32907979319477
0.01337993147133795,4.889992213213683,65.78575950817533
0.06268920373587708,7.154356129705526,54.12642960409169
0.23966219266149547,3.3938064512386332,84.10495045626709
0.016904928864488165,4.240028863897426,57.27528237399936
0.33656990171375534,6.326199022645215,51.8499505217265
0.10262863822751411,7.6106205611114,61.154344446347224
0.08589588402422832,7.062851453160763,54.307405217516575
0.011200046429878041,6.526181886169769,56.40697457914378
0.2675917429083038,0.9507279091054842,98.77470927787168
0.02452472010111989,2.898909674009216,50.417572129549434
0.01469786414717264,4.108680512920523,56.85194707063921
0.05623915934210527,1.7853620804904808,70.23008117345859
0.16803395584043865,5.6766547259860305,64.2448125667871
0.07642538901955986,2.6809817689005313,62.12025196028087
0.017444221632324897,3.600376862516556,81.90981953290961
0.12330864018735536,1.412794679101546,78.91969937576854
0.06498410542384452,5.706353971999633,70.48636159874053
0.1365715174554025,3.836309670050946,72.54533615936244
0.05579410031310683,7.123014777077765,81.78669775676462
0.01560714471278915,1.4654796295948436,78.19340284098949
0.06436037062243531,3.8072572324287295,50.12480132223191
0.048543146787275296,7.284067718105752,87.72037981406237
0.1740073378963014,4.294499779441757,71.52286884495516
0.18440345913489542,0.837133040155158,92.21984375915747
0.015254631256404853,0.49713078666444543,84.13392691446157
0.040370133565362454,5.291263536297623,63.35453650696811
0.07990770378142685,1.6832584681991236,77.20776572883324
0.07969805289291773,5.972486192839838,71.34402762298089
0.023416561691415594,7.784980413384657,57.49789535316149
0.057169316095163736,7.086663527138564,86.18508747073199
0.013302880517075177,6.939481979069779,54.973918987251764
0.04654781861447063,4.774122118465868,57.71545492016036
0.01337993147133795,4.889992213213683,65.78575950817533
0.06268920373587708,7.154356129705526,54.12642960409169
0.20552357660605056,3.718839767680339,80.55041638190662
0.016904928864488165,4.240028863897426,57.27528237399936
0.3494026447464821,6.520540458106586,50.79668578357817
0.10262863822751411,7.6106205611114,61.154344446347224
0.08589588402422832,7.062851453160763,54.307405217516575
0.02340144297926143,5.6243277776925735,59.85400305458384
0.187510420303411,3.375269619819148,81.32498267736014
0.0471464418166659,2.8039223737266754,55.51836893956667
0.01469786414717264,4.108680512920523,56.85194707063921
0.05623915934210527,1.7853620804904808,70.23008117345859
0.2280604360282046,3.901735405618274,67.08112512015431
0.07441383830293982,0.6578506625765073,56.450836077002386
0.017444221632324897,3.600376862516556,81.90981953290961
0.08703770617004719,1.1054300106990897,80.66998059974443
0.0558533422954193,5.5523726289209545,67.84075015655904
0.1365715174554025,3.836309670050946,72.54533615936244
0.05579410031310683,7.123014777077765,81.78669775676462
0.012941719993551447,1.1049873354350686,77.68088790127436
0.06436037062243531,3.8072572324287295,50.12480132223191
0.05462984605214863,5.946140149537577,73.25305088494648
0.15834882758247099,5.021964859397363,69.24830168432922
0.2255189052504027,2.2533571904690675,81.89778299645587
0.015254631256404853,0.49713078666444543,84.13392691446157
0.044510812189383554,5.0391233260764805,64.6365817798327
0.08215823851776255,1.2813775881071292,76.45344284224149
0.09415881590690067,5.506790476042398,74.90160282469793
0.023416561691415594,7.784980413384657,57.49789535316149
0.057169316095163736,7.086663527138564,86.18508747073199
0.013302880517075177,6.939481979069779,54.973918987251764
0.04653915113656954,4.802648681896151,57.747266574158665
0.014010369298403123,4.897805577245464,65.78951167212384
0.060986214899875324,7.146946623270782,54.155653584823305
0.20552357660605056,3.718839767680339,80.55041638190662
0.01867062452879119,4.156179652808623,57.172702372838735
0.3494026447464821,6.520540458106586,50.79668578357817
0.10262863822751411,7.6106205611114,61.154344446347224
0.08589588402422832,7.062851453160763,54.307405217516575
0.02340144297926143,5.6243277776925735,59.85400305458384
0.22990274725641083,4.521670931988343,90.87973747349488
0.0471464418166659,2.8039223737266754,55.51836893956667
0.01688030958334477,4.018074421326042,57.57052147059095
0.05623915934210527,1.7853620804904808,70.23008117345859
0.12319760433378679,3.9595042820226705,62.3585745345201
0.0776386336441259,0.4040441776247059,56.56111487395777
0.01731245749193006,3.6421861456616678,81.38707808860339
0.09600034626190013,0.4689807242911961,83.60173846142197
0.05626019798457836,5.42143102869122,66.04096911522322
0.13030985606069415,3.5422983570781694,72.99506536554813
0.05579410031310683,7.123014777077765,81.78669775676462
0.012941719993551447,1.1049873354350686,77.68088790127436
0.06436037062243531,3.8072572324287295,50.12480132223191
0.05534057944855943,5.981518688042783,73.57087869737717
0.10452701612753196,3.320045616127868,74.84721020120193
0.17835500707478966,3.6729398143941965,73.85376356134326
0.015254631256404853,0.49713078666444543,84.13392691446157
0.0410615847225153,5.5217219881040895,65.47738932576753
0.08270885347988009,1.451622230577562,76.04192608618737
0.09454769119357728,5.424773248732709,74.8995627457445
0.023416561691415594,7.784980413384657,57.49789535316149
0.057169316095163736,7.086663527138564,86.18508747073199
0.013132914151678202,7.174876213661769,53.92406357477587
0.04653915113656954,4.802648681896151,57.747266574158665
0.014010369298403123,4.897805577245464,65.78951167212384
0.061196410797648385,7.061834036629394,54.186016627153265
0.2226577543565032,3.7590570563298096,82.2715747868187
0.01867062452879119,4.156179652808623,57.172702372838735
0.31077446242384565,5.598051774570163,55.79742793754306
0.10262863822751411,7.6106205611114,61.154344446347224
0.08589588402422832,7.062851453160763,54.307405217516575
0.02340144297926143,5.6243277776925735,59.85400305458384
0.22990274725641083,4.521670931988343,90.87973747349488
0.04137065779623306,3.16889674239608,57.30868075257929
0.01688030958334477,4.018074421326042,57.57052147059095
0.0726545090932631,0.5754801841094759,71.95623769803099
0.12319760433378679,3.9595042820226705,62.3585745345201
0.0776386336441259,0.4040441776247059,56.56111487395777
0.01731245749193006,3.6421861456616678,81.38707808860339
0.09760408336701167,0.16518739332107124,84.95719105464126
0.058589782137182286,5.527853137667982,65.12307113664171
0.19141120092354966,1.117136133428561,81.85341270073215
0.05579410031310683,7.123014777077765,81.78669775676462
0.01710874355107672,1.6685672674542058,78.4821342512322
0.06436037062243531,3.8072572324287295,50.12480132223191
0.05534057944855943,5.981518688042783,73.57087869737717
0.11293476740808375,1.631013495337415,84.11629651846565
0.3278227855329528,2.5589517527213537,81.18802059045734
0.015254631256404853,0.49713078666444543,84.13392691446157
0.036215183365002665,7.686365715436307,73.40944248204917
0.07762543776215572,1.8274397072045405,73.15062789406103
0.09454769119357728,5.424773248732709,74.8995627457445
0.023416561691415594,7.784980413384657,57.49789535316149
0.037489044675862185,6.088554867188005,76.88480335212894
0.013132914151678202,7.174876213661769,53.92406357477587
0.04806046067745094,4.822362758558788,58.29079386707096
0.014010369298403123,4.897805577245464,65.78951167212384
0.061196410797648385,7.061834036629394,54.186016627153265
0.133613350222398,3.932408899661843,71.31542210979251
0.01509915418731133,1.425390380333262,56.92798419712696
0.3270868606500441,6.013789869553032,53.566040677022684
0.10262863822751411,7.6106205611114,61.154344446347224
0.08589588402422832,7.062851453160763,54.307405217516575
0.023332590139071636,5.626772917854491,59.8602722489752
0.22990274725641083,4.521670931988343,90.87973747349488
0.04137065779623306,3.16889674239608,57.30868075257929
0.01688030958334477,4.018074421326042,57.57052147059095
0.0726545090932631,0.5754801841094759,71.95623769803099
0.18978400409343982,3.227139516969907,66.36400880115676
0.0776386336441259,0.4040441776247059,56.56111487395777
0.01731245749193006,3.6421861456616678,81.38707808860339
0.09760408336701167,0.16518739332107124,84.95719105464126
0.05919851462585564,5.169733399429125,61.23193788895112
0.15680064083312348,0.9953198858079806,82.30147929501526
0.05579410031310683,7.123014777077765,81.78669775676462
0.01710874355107672,1.6685672674542058,78.4821342512322
0.06436037062243531,3.8072572324287295,50.12480132223191
0.05735107965399089,6.256586723094152,73.04109178779404
0.07876056249448485,2.7595523002282896,77.78516574876491
0.23931228608411959,2.9783214055469434,70.75229656943117
0.015254631256404853,0.49713078666444543,84.13392691446157
0.036215183365002665,7.686365715436307,73.40944248204917
0.049377539008651036,2.9432436017275725,65.49488618849499
0.09299672997693116,5.7184223922205435,71.20812151639123
0.022268036310889455,7.923434145972801,55.91563329526105
0.02255027811656103,6.327715398145945,71.2081899497365
0.011878904677573895,7.197745229771381,53.65267192906265
0.04806046067745094,4.822362758558788,58.29079386707096
0.014010369298403123,4.897805577245464,65.78951167212384
0.06564877907854805,6.932148070870637,50.67125581160066
0.13468386047346714,3.9998884839339603,71.5975966005074
0.028610561080711402,2.1700207713438435,59.40488728247198
0.3270868606500441,6.013789869553032,53.566040677022684
0.09401052829381631,7.409247958653563,63.23551838013982
0.09573163627467664,7.165461728655369,56.15275795973767
0.023332590139071636,5.626772917854491,59.8602722489752
0.22990274725641083,4.521670931988343,90.87973747349488
0.04241837629920745,3.139369518941583,58.37986423548853
0.01688030958334477,4.018074421326042,57.57052147059095
0.0726545090932631,0.5754801841094759,71.95623769803099
0.2056135812883835,2.7833587876217614,67.35133776341442
0.08274750166662344,0.10015818620212791,56.4762388481135
0.01731245749193006,3.6421861456616678,81.38707808860339
0.09760408336701167,0.16518739332107124,84.95719105464126
0.0760350327563786,6.959979335254452,52.45734347699933
0.2775735236000175,1.4203953354552947,80.73795954492358
0.05579410031310683,7.123014777077765,81.78669775676462
0.042043340624748265,2.999232508407138,76.0921040871136
0.06436037062243531,3.8072572324287295,50.12480132223191
0.055195041252443906,5.805092673332501,83.61294232333196
0.10906641569250788,3.83920915944464,74.755454663109
0.24833216809459668,1.498883264706956,51.45834970851873
0.015254631256404853,0.49713078666444543,84.13392691446157
0.036531820520733255,7.78024972201368,73.65658374282862
0.05749905767938157,3.4599580538134482,66.55864153002639
0.11775963992808713,4.619423063258209,89.80375809685545
0.022268036310889455,7.923434145972801,55.91563329526105
0.02255027811656103,6.327715398145945,71.2081899497365
0.08507152239552981,5.433698418961619,52.97343331286716
0.04699117559961484,4.694097969370521,58.754025095714766
0.014010369298403123,4.897805577245464,65.78951167212384
0.06564877907854805,6.932148070870637,50.67125581160066
0.19698084202506916,1.5336452012593114,63.55155557479637
0.01882115530345574,1.4827760421996166,60.131603738274386
0.26472583979014497,5.490045089202574,52.74922468269542
0.09399471037519927,7.409008558511787,63.2372831524396
0.09573163627467664,7.165461728655369,56.15275795973767
0.026074875083389702,7.3681707870967,51.61991367577533
0.22990274725641083,4.521670931988343,90.87973747349488
0.04241837629920745,3.139369518941583,58.37986423548853
0.01688030958334477,4.018074421326042,57.57052147059095
0.06715026048588757,1.6733177001582824,72.21533046545726
0.23549667812995592,1.8975741477039705,70.91260814297837
0.08078275500213482,0.5069730708338849,58.41133817632861
0.027973728602051925,4.367834578875128,74.61226159623489
0.09760408336701167,0.16518739332107124,84.95719105464126
0.0760350327563786,6.959979335254452,52.45734347699933
0.26890196685824186,1.432580717776948,78.88874849620768
0.06415273217868792,7.3229801929711,84.44649577647942
0.012377250538867152,1.4160653613453267,78.93565716107051
0.06436037062243531,3.8072572324287295,50.12480132223191
0.055195041252443906,5.805092673332501,83.61294232333196
0.10906641569250788,3.83920915944464,74.755454663109
0.24833216809459668,1.498883264706956,51.45834970851873
0.015254631256404853,0.49713078666444543,84.13392691446157
0.04020636019779685,7.703949190702778,71.68465677608681
0.05749905767938157,3.4599580538134482,66.55864153002639
0.11775963992808713,4.619423063258209,89.80375809685545
0.018228665925580784,5.265842185053012,65.31694930957376
0.022908189596900316,6.523690211802854,71.74782700636469
0.08507152239552981,5.433698418961619,52.97343331286716
0.016246205432063093,2.918277374829273,55.82153000006848
0.031236278666697266,5.730950162643593,72.19893274457388
0.06564877907854805,6.932148070870637,50.67125581160066
0.11796130652673213,3.3156674050490174,65.27000548902843
0.01882115530345574,1.4827760421996166,60.131603738274386
0.26472583979014497,5.490045089202574,52.74922468269542
0.09399471037519927,7.409008558511787,63.2372831524396
0.09284467644925898,7.50567252608492,52.97066105000907
0.038229480885004594,7.35374576690287,62.09829128641226
0.18472219316590208,5.237637403974143,79.59767576297833
0.012151362485226858,0.6337780280655982,55.52934048087208
0.01688030958334477,4.018074421326042,57.57052147059095
0.06804134947745881,2.522218656553737,70.93535530448578
0.14269203461705054,3.4289297761943183,69.19549951413615
0.08078275500213482,0.5069730708338849,58.41133817632861
0.030642767115313274,5.209164344415649,78.83505580496143
0.09496826928287197,0.3816091730672113,84.47433997688138
0.0760350327563786,6.959979335254452,52.45734347699933
0.26890196685824186,1.432580717776948,78.88874849620768
0.06415273217868792,7.3229801929711,84.44649577647942
0.012377250538867152,1.4160653613453267,78.93565716107051
0.0674231183811308,4.047773991384398,50.546054632537924
0.039773302155829596,5.46535596504469,76.93889869816326
0.11651289730464975,4.716515496583711,79.05851020524186
0.21115490444998952,1.2787899435262824,53.001136881655725
0.015254631256404853,0.49713078666444543,84.13392691446157
0.03180094032521777,5.258727240689053,67.14374813982282
0.06967927824400802,4.082600739132854,68.58260697468438
0.12242616815341467,4.805102011802036,91.42502129650134
0.018228665925580784,5.265842185053012,65.31694930957376
0.02266074379501164,6.71532715230962,71.95079137890828
0.0854989177095985,5.924669165180229,52.43152118665252
0.016246205432063093,2.918277374829273,55.82153000006848
0.039871536991717804,6.761261973644233,80.998067759567
0.04553745003200041,6.225451613741236,56.88263620418813
0.13399824334754407,3.0833530403682827,69.94225588625265
0.015974871939275288,1.4533098244224456,68.43738515369576
0.26472583979014497,5.490045089202574,52.74922468269542
0.13477465108742248,7.44942107695753,64.07020397412234
0.09284467644925898,7.50567252608492,52.97066105000907
0.038229480885004594,7.35374576690287,62.09829128641226
0.18472219316590208,5.237637403974143,79.59767576297833
0.012151362485226858,0.6337780280655982,55.52934048087208
0.016876179371875816,4.006375084300813,57.620091361250445
0.0637388088714447,2.4699597736930743,71.03563302025745
0.1960825205771141,1.698585734770587,63.06690775710585
0.08078275500213482,0.5069730708338849,58.41133817632861
0.030642767115313274,5.209164344415649,78.83505580496143
0.09496826928287197,0.3816091730672113,84.47433997688138
0.0760350327563786,6.959979335254452,52.45734347699933
0.1753613665652249,2.9152680594356104,78.86766873695414
0.09685006580400042,7.956631326955749,94.51358789055524
0.012377250538867152,1.4160653613453267,78.93565716107051
0.0674231183811308,4.047773991384398,50.546054632537924
0.04587739433774245,5.445167403413711,79.39285921646535
0.11856526559964958,4.732195677225564,79.07473330625004
0.21115490444998952,1.2787899435262824,53.001136881655725
0.015254631256404853,0.49713078666444543,84.13392691446157
0.024208262398202215,5.516835489775103,70.68145829708291
0.06967927824400802,4.082600739132854,68.58260697468438
0.12242616815341467,4.805102011802036,91.42502129650134
0.018228665925580784,5.265842185053012,65.31694930957376
0.02266074379501164,6.71532715230962,71.95079137890828
0.0854989177095985,5.924669165180229,52.43152118665252
0.016246205432063093,2.918277374829273,55.82153000006848
0.039871536991717804,6.761261973644233,80.998067759567
0.020978571714047795,5.888604236677606,54.9045530709641
0.11354786905326669,2.214810237021682,66.04948036000643
0.015974871939275288,1.4533098244224456,68.43738515369576
0.26472583979014497,5.490045089202574,52.74922468269542
0.13477465108742248,7.44942107695753,64.07020397412234
0.09284467644925898,7.50567252608492,52.97066105000907
0.038229480885004594,7.35374576690287,62.09829128641226
0.15992515680015484,5.280769392915794,78.22025158746115
0.012151362485226858,0.6337780280655982,55.52934048087208
0.016876179371875816,4.006375084300813,57.620091361250445
0.054785649648630017,1.0485255575045684,78.69026272290225
0.22659920463583297,0.4115198860016003,51.3178112717827
0.08078275500213482,0.5069730708338849,58.41133817632861
0.030642767115313274,5.209164344415649,78.83505580496143
0.09496826928287197,0.3816091730672113,84.47433997688138
0.07086099864094092,6.936263071008026,54.347012949598536
0.18525124934744297,2.6691515845173637,79.31565057913033
0.09685006580400042,7.956631326955749,94.51358789055524
0.025463289885642462,2.03556605452511,71.79314388980728
0.059066587440189736,3.6263656522122742,53.452071210646714
0.019981356877139755,5.483873964156668,79.3546587436654
0.15077322960885417,4.969807032739034,88.25078136999056
0.1918816424674141,1.8346682027721535,54.93871231813486
0.015254631256404853,0.49713078666444543,84.13392691446157
0.024208262398202215,5.516835489775103,70.68145829708291
0.07705830313483797,4.425981797587221,67.24940083729491
0.10796554334103502,4.9009142487897766,89.72122603296924
0.018228665925580784,5.265842185053012,65.31694930957376
0.02266074379501164,6.71532715230962,71.95079137890828
0.0854989177095985,5.924669165180229,52.43152118665252
0.016246205432063093,2.918277374829273,55.82153000006848
0.039871536991717804,6.761261973644233,80.998067759567
0.020978571714047795,5.888604236677606,54.9045530709641
0.042966740643902906,2.557329849747461,76.06062257504954
0.015974871939275288,1.4533098244224456,68.43738515369576
0.26472583979014497,5.490045089202574,52.74922468269542
0.13477465108742248,7.44942107695753,64.07020397412234
0.09284467644925898,7.50567252608492,52.97066105000907
0.038229480885004594,7.35374576690287,62.09829128641226
0.21126721605441837,5.20625514550221,77.80406452190813
0.012151362485226858,0.6337780280655982,55.52934048087208
0.01744337626412455,4.986043607507808,59.23942567035588
0.054785649648630017,1.0485255575045684,78.69026272290225
0.22659920463583297,0.4115198860016003,51.3178112717827
0.08078275500213482,0.5069730708338849,58.41133817632861
0.01423029433892728,6.7483467319587565,85.52041261695686
0.09496826928287197,0.3816091730672113,84.47433997688138
0.0728710943188117,7.251814563457666,52.78230264743789
0.20066828216112895,2.4294638526234507,80.60780181042
0.09685006580400042,7.956631326955749,94.51358789055524
0.02455380422008495,2.4416534825277485,70.97900259226383
0.059066587440189736,3.6263656522122742,53.452071210646714
0.021753245135681252,5.0942930066158425,77.45500510217717
0.17121271834768753,3.837656075361024,85.87687460491586
0.18583809389185887,1.8639966360834292,55.795921966619
0.015254631256404853,0.49713078666444543,84.13392691446157
0.026146635303256928,6.301878605826578,73.1174455609012
0.06040661575658743,4.309881544312999,64.5850839099784
0.15718823437399876,7.046299898763387,95.97393638744597
0.018228665925580784,5.265842185053012,65.31694930957376
0.08573830207186825,7.128343284125404,67.51701306106978
0.0854989177095985,5.924669165180229,52.43152118665252
0.016246205432063093,2.918277374829273,55.82153000006848
0.039871536991717804,6.761261973644233,80.998067759567
0.029143778392973094,6.265751533439827,66.18171032397798
0.051538774466012044,2.441536720288104,82.55338870814191
0.015974871939275288,1.4533098244224456,68.43738515369576
0.17095982873556356,5.752401584624151,61.27251297513302
0.21402233455746167,7.968315158724264,58.49981300930108
0.07515160292064897,6.193666128110378,57.63633452341536
0.038229480885004594,7.35374576690287,62.09829128641226
0.1692032667503075,5.44653295239633,69.318067727673
0.012151362485226858,0.6337780280655982,55.52934048087208
0.01744337626412455,4.986043607507808,59.23942567035588
0.05349216592429927,0.2980298585155028,81.93611385825481
0.197961607873136,1.3853517543437226,55.86974097686824
0.09320746432718774,0.9645953749258487,62.18499122181147
0.01423029433892728,6.7483467319587565,85.52041261695686
0.09496826928287197,0.3816091730672113,84.47433997688138
0.0728710943188117,7.251814563457666,52.78230264743789
0.22762166993139107,1.858248865602528,81.5299598803157
0.09685006580400042,7.956631326955749,94.51358789055524
0.02455380422008495,2.4416534825277485,70.97900259226383
0.059066587440189736,3.6263656522122742,53.452071210646714
0.021753245135681252,5.0942930066158425,77.45500510217717
0.2163747830158263,1.3361123525937524,80.63160980351479
0.18583809389185887,1.8639966360834292,55.795921966619
0.015254631256404853,0.49713078666444543,84.13392691446157
0.024540772170895436,6.162080850183171,74.58193945677088
0.06040661575658743,4.309881544312999,64.5850839099784
0.15718823437399876,7.046299898763387,95.97393638744597
0.02813374837678811,4.672409222572103,69.83022585348952
0.07110871265926273,7.139277225230108,67.71984011184904
0.0854989177095985,5.924669165180229,52.43152118665252
0.016246205432063093,2.918277374829273,55.82153000006848
0.03968561081059966,6.780085183170281,80.40775214896367
0.029143778392973094,6.265751533439827,66.18171032397798
0.04406352902674535,3.7180247467898813,77.08867177873387
0.015974871939275288,1.4533098244224456,68.43738515369576
0.19051008269130193,6.660177817354285,57.83345038346364
0.21402233455746167,7.968315158724264,58.49981300930108
0.03020861728718416,7.739538196702054,50.318298448497856
0.038756863434231646,7.163456524052396,68.16837150808318
0.17938743137984192,5.711938341442554,69.3766013717199
0.012151362485226858,0.6337780280655982,55.52934048087208
0.01744337626412455,4.986043607507808,59.23942567035588
0.05349216592429927,0.2980298585155028,81.93611385825481
0.197961607873136,1.3853517543437226,55.86974097686824
0.09320746432718774,0.9645953749258487,62.18499122181147
0.014473643985981664,5.263258019453755,85.19102801644961
0.09543430373951084,0.22730948363592218,90.37368987498914
0.08286072630582089,7.614886516516867,50.49074074354852
0.16888537633198802,1.4677403358785284,73.07659921289513
0.09685006580400042,7.956631326955749,94.51358789055524
0.02455380422008495,2.4416534825277485,70.97900259226383
0.059066587440189736,3.6263656522122742,53.452071210646714
0.020230683658080426,5.129632802618258,79.07302925444745
0.2163747830158263,1.3361123525937524,80.63160980351479
0.20568643732689104,1.7406079152571516,55.79292490675241
0.015254631256404853,0.49713078666444543,84.13392691446157
0.017708889640808002,6.663841872397222,78.7630652783566
0.06040661575658743,4.309881544312999,64.5850839099784
0.15374324141421275,7.050020949121439,94.8431777492055
0.02813374837678811,4.672409222572103,69.83022585348952
0.05346125345439948,6.89616869614479,63.668916999356284
0.0854989177095985,5.924669165180229,52.43152118665252
0.016246205432063093,2.918277374829273,55.82153000006848
0.03983851803421131,6.716967645680375,82.42282078887942
0.030019748671239903,6.995558740975643,65.26617457477934
0.0398577140109421,4.188134078177686,77.35588049367588
0.015974871939275288,1.4533098244224456,68.43738515369576
0.19051008269130193,6.660177817354285,57.83345038346364
0.21402233455746167,7.968315158724264,58.49981300930108
0.04865151211292573,6.415178637899158,57.875517008426854
0.038756863434231646,7.163456524052396,68.16837150808318
0.17938743137984192,5.711938341442554,69.3766013717199
0.012151362485226858,0.6337780280655982,55.52934048087208
0.018034518591438054,6.408135755943592,55.536812689576955
0.041691008931359595,1.6117529242130835,81.97984327717317
0.197961607873136,1.3853517543437226,55.86974097686824
0.08258790185288187,0.37960205288061744,61.29880205407667
0.016844882457658188,5.636429979173088,79.93575643886268
0.09543430373951084,0.22730948363592218,90.37368987498914
0.08286072630582089,7.614886516516867,50.49074074354852
0.16888537633198802,1.4677403358785284,73.07659921289513
0.09685006580400042,7.956631326955749,94.51358789055524
0.02455380422008495,2.4416534825277485,70.97900259226383
0.04080408488786792,3.3243724572304543,54.46262378304609
0.015124985278757306,4.569123803794731,82.07828419936367
0.2291741220600822,1.3018851325488496,97.84404340204372
0.20568643732689104,1.7406079152571516,55.79292490675241
0.015116165673167441,0.15903658991817737,88.08753184673822
0.017708889640808002,6.663841872397222,78.7630652783566
0.06892872564447577,4.9590991113318905,66.18437176751762
0.16786209912817057,7.553660302056295,97.45124618591157
0.03177555013898247,4.361414963686265,66.57016949730973
0.05346125345439948,6.89616869614479,63.668916999356284
0.08609358310786862,5.5436832469650295,52.868985645637835
0.01884296046888627,4.366998427711469,56.006822724485765
0.03548504370063816,6.866046459054738,94.54878570070565
0.030019748671239903,6.995558740975643,65.26617457477934
0.05376886220685072,2.7729988635167557,91.26439755017103
0.03292354103394782,1.1918043792515558,73.11639130133351
0.16869199474026042,5.446297678245626,57.21510219373822
0.21402233455746167,7.968315158724264,58.49981300930108
0.05978931517337456,7.770622278469423,52.137217334029614
0.038756863434231646,7.163456524052396,68.16837150808318
0.1978544131756403,5.209708785029845,63.752430195357164
0.019518067056954053,2.0330920042607166,59.67394646538956
0.018034518591438054,6.408135755943592,55.536812689576955
0.041691008931359595,1.6117529242130835,81.97984327717317
0.197961607873136,1.3853517543437226,55.86974097686824
0.08416992980499347,2.7100252151102575,57.494632701729294
0.017065197383005642,5.4964581082439485,77.29727024598034
0.09543430373951084,0.22730948363592218,90.37368987498914
0.05218424372866919,7.167090937008718,63.80265204801316
0.14594096269683315,1.5308607465419326,63.65071918672259
0.09685006580400042,7.956631326955749,94.51358789055524
0.01853003711997548,0.8403515009668272,74.6564767163206
0.04315743911144672,4.2512700978118305,55.486111667193256
0.015124985278757306,4.569123803794731,82.07828419936367
0.2291741220600822,1.3018851325488496,97.84404340204372
0.23763781465171813,0.21249714317451307,57.172213375232666
0.015116165673167441,0.15903658991817737,88.08753184673822
0.017708889640808002,6.663841872397222,78.7630652783566
0.07387246280155006,5.239563596598393,65.65020981743645
0.16786209912817057,7.553660302056295,97.45124618591157
0.03177555013898247,4.361414963686265,66.57016949730973
0.05346125345439948,6.89616869614479,63.668916999356284
0.03387031640616228,5.605255769094938,50.12113130894333
0.01884296046888627,4.366998427711469,56.006822724485765
0.03548504370063816,6.866046459054738,94.54878570070565
0.03336250385721411,7.54011106154383,61.49311922949539
0.0571183530777027,2.5683505260869977,91.19279343134077
0.03292354103394782,1.1918043792515558,73.11639130133351
0.26256053929210793,4.26521283300911,51.95773600959073
0.1764836013280795,7.782469279290865,59.72981923968322
0.05978931517337456,7.770622278469423,52.137217334029614
0.038756863434231646,7.163456524052396,68.16837150808318
0.2817344571310818,4.532650313816214,56.608592118736595
0.019518067056954053,2.0330920042607166,59.67394646538956
0.018034518591438054,6.408135755943592,55.536812689576955
0.041691008931359595,1.6117529242130835,81.97984327717317
0.12101893048581186,1.4968244964419426,68.72552569546974
0.08416992980499347,2.7100252151102575,57.494632701729294
0.015395945672086308,5.759781441248752,76.97986373011891
0.09543430373951084,0.22730948363592218,90.37368987498914
0.05218424372866919,7.167090937008718,63.80265204801316
0.12014119824473912,3.0818259777505954,63.692527732040396
0.09685006580400042,7.956631326955749,94.51358789055524
0.01853003711997548,0.8403515009668272,74.6564767163206
0.03243071900348894,4.630740956858564,53.6621613912877
0.017656213142206847,4.500968167189219,81.17703322316076
0.2291741220600822,1.3018851325488496,97.84404340204372
0.23763781465171813,0.21249714317451307,57.172213375232666
0.015879270855666237,1.7930815779961735,79.57601073241997
0.01194219848438205,6.710345097591503,79.5860742373869
0.08062878324664463,4.924483302102965,65.3643423224236
0.14295322877904004,6.112074077503426,85.55916460986151
0.03177555013898247,4.361414963686265,66.57016949730973
0.05346125345439948,6.89616869614479,63.668916999356284
0.03387031640616228,5.605255769094938,50.12113130894333
0.014578070841045575,4.3688397339321074,52.52325839313818
0.03548504370063816,6.866046459054738,94.54878570070565
0.03336250385721411,7.54011106154383,61.49311922949539
0.0732278369614771,3.2897391577351462,98.09621797853879
0.044274746656719086,0.7040504043110556,84.10768986051352
0.26256053929210793,4.26521283300911,51.95773600959073
0.1764836013280795,7.782469279290865,59.72981923968322
0.05978931517337456,7.770622278469423,52.137217334029614
0.038756863434231646,7.163456524052396,68.16837150808318
0.3475615108414072,4.2477908068777745,58.33151351398527
0.018379210385950986,1.8167648743885878,59.0332105531253
0.01816539399529536,4.664846452433244,56.864353668857625
0.041691008931359595,1.6117529242130835,81.97984327717317
0.15170279569143286,1.603063837900175,67.19617519001636
0.08416992980499347,2.7100252151102575,57.494632701729294
0.011642676902562751,5.807841567643127,77.64818010822229
0.09543430373951084,0.22730948363592218,90.37368987498914
0.05218424372866919,7.167090937008718,63.80265204801316
0.12014119824473912,3.0818259777505954,63.692527732040396
0.09685006580400042,7.956631326955749,94.51358789055524
0.019276024758057186,0.3023099197140544,74.33243765393449
0.03243071900348894,4.630740956858564,53.6621613912877
0.01990353135124387,4.452384211944654,80.94264129582976
0.13834901002828176,4.0977340075805575,83.68935887481878
0.23763781465171813,0.21249714317451307,57.172213375232666
0.015879270855666237,1.7930815779961735,79.57601073241997
0.0126116456987146,6.115659911458037,72.71277984848118
0.08062878324664463,4.924483302102965,65.3643423224236
0.15698369817929791,6.300124448988871,89.60838434371455
0.03177555013898247,4.361414963686265,66.57016949730973
0.055787033351373784,7.043451953791921,64.13062634764808
0.033043347530149814,5.11421404816247,56.61485943281326
0.014578070841045575,4.3688397339321074,52.52325839313818
0.0350788967318898,6.591818057584877,91.48544835507857
0.03336250385721411,7.54011106154383,61.49311922949539
0.06448980484706507,3.4505107364338166,91.30645544839791
0.044274746656719086,0.7040504043110556,84.10768986051352
0.15461757016283498,5.663067573652707,59.7763034235186
0.22904751079610355,7.804889642591428,62.65853431032876
0.058455798302941786,7.7321262540065545,53.15363780696114
0.038756863434231646,7.163456524052396,68.16837150808318
0.3475615108414072,4.2477908068777745,58.33151351398527
0.018379210385950986,1.8167648743885878,59.0332105531253
0.017965411637427403,4.64834497794509,56.622350807214296
0.041691008931359595,1.6117529242130835,81.97984327717317
0.17361212238045315,0.5765415627822046,69.62832574543738
0.07076393082693738,3.207696379245318,56.50161201828054
0.011642676902562751,5.807841567643127,77.64818010822229
0.09471059053345515,0.2459525535213749,90.26065739988448
0.03922662428532711,5.116287190880776,61.974503937005494
0.1395997919575444,3.618041519963414,61.63990959681932
0.09685006580400042,7.956631326955749,94.51358789055524
0.019276024758057186,0.3023099197140544,74.33243765393449
0.03243071900348894,4.630740956858564,53.6621613912877
0.02121831527088322,4.319448118172492,97.44106841952055
0.11402087605005874,4.448764348004378,75.87291028303432
0.20805382161236305,0.8098871187325893,57.09816160467959
0.01602261462915817,1.7301706809887185,79.35473077713038
0.0126116456987146,6.115659911458037,72.71277984848118
0.08160117918791232,5.0937100238807025,66.23795731529286
0.15698369817929791,6.300124448988871,89.60838434371455
0.01072626839346269,2.010250241487605,68.70875588255565
0.055787033351373784,7.043451953791921,64.13062634764808
0.033043347530149814,5.11421404816247,56.61485943281326
0.01634052320009491,2.843268135994412,60.70504138124604
0.0350788967318898,6.591818057584877,91.48544835507857
0.03336250385721411,7.54011106154383,61.49311922949539
0.06592022538904838,3.4242005066735195,90.96561623727267
0.044274746656719086,0.7040504043110556,84.10768986051352
0.12352529962635311,5.522699805470438,58.967772883768156
0.22904751079610355,7.804889642591428,62.65853431032876
0.060641354512563715,7.994133478330043,52.44136209492305
0.03855844521084403,7.395731082019646,67.59520765122411
0.3475615108414072,4.2477908068777745,58.33151351398527
0.027431299485077672,4.319401849017327,62.87398852468872
0.017965411637427403,4.64834497794509,56.622350807214296
0.041691008931359595,1.6117529242130835,81.97984327717317
0.21222388306496515,0.26805539778135334,72.26369505581198
0.05342174771193446,3.6808913132423995,56.54126983859283
0.011642676902562751,5.807841567643127,77.64818010822229
0.09471059053345515,0.2459525535213749,90.26065739988448
0.040246124308011604,3.666483983366716,70.2505837056193
0.1881480810414128,1.1565928533617393,66.71722903283334
0.09685006580400042,7.956631326955749,94.51358789055524
0.019276024758057186,0.3023099197140544,74.33243765393449
0.03243071900348894,4.630740956858564,53.6621613912877
0.01948784863473805,4.354104268629877,97.69174124145842
0.12486737120459371,4.35963101582844,78.45242041443275
0.20805382161236305,0.8098871187325893,57.09816160467959
0.016991095802940007,1.977250039512925,79.97123989130975
0.0126116456987146,6.115659911458037,72.71277984848118
0.07064937111140351,6.342141765915567,60.046788685183216
0.14705191155774483,6.2050931779653595,86.96449437897189
0.01072626839346269,2.010250241487605,68.70875588255565
0.04411979532036523,6.783990329178563,55.49791650535776
0.033043347530149814,5.11421404816247,56.61485943281326
0.01634052320009491,2.843268135994412,60.70504138124604
0.0350788967318898,6.591818057584877,91.48544835507857
0.034481261446637546,7.900183722795237,60.161633785263916
0.06475399186739499,3.3563813193433476,93.86002444981082
0.044274746656719086,0.7040504043110556,84.10768986051352
0.07720112870732641,4.080211229389853,62.968188103855525
0.22904751079610355,7.804889642591428,62.65853431032876
0.060641354512563715,7.994133478330043,52.44136209492305
0.03998337142424292,7.366595104065415,67.30866224903276
0.38830615408302127,4.723869737759007,54.868648551198184
0.027431299485077672,4.319401849017327,62.87398852468872
0.017965411637427403,4.64834497794509,56.622350807214296
0.052724653456135535,2.8809394697777275,84.48700874498915
0.21222388306496515,0.26805539778135334,72.26369505581198
0.060318185977632104,3.269443399600477,53.808470483909055
0.044021266660276066,3.639903132757386,82.56432895806331
0.09471059053345515,0.2459525535213749,90.26065739988448
0.04042700462601064,1.1193101272922412,72.27581623956189
0.1881480810414128,1.1565928533617393,66.71722903283334
0.09685006580400042,7.956631326955749,94.51358789055524
0.019276024758057186,0.3023099197140544,74.33243765393449
0.04616659318059156,4.46183459398879,56.517315339133546
0.01948784863473805,4.354104268629877,97.69174124145842
0.17154336269929002,5.9016548664432005,76.47294024675473
0.16945346306884299,1.857791600926567,60.182090955718095
0.015032836146152372,1.6406988072972557,83.30810934496458
0.0126116456987146,6.115659911458037,72.71277984848118
0.07064937111140351,6.342141765915567,60.046788685183216
0.14705191155774483,6.2050931779653595,86.96449437897189
0.01072626839346269,2.010250241487605,68.70875588255565
0.0442974220079079,6.763420215739883,55.41196975630672
0.033043347530149814,5.11421404816247,56.61485943281326
0.019154759746021884,0.3735478183675607,51.64263146943817
0.03537299406636144,6.5477611795795365,91.43321525279494
0.039688932517142436,6.966815187109325,58.88109496993513
0.06294531219502746,3.45664280536756,91.73567238229084
0.044274746656719086,0.7040504043110556,84.10768986051352
0.07720112870732641,4.080211229389853,62.968188103855525
0.22904751079610355,7.804889642591428,62.65853431032876
0.060641354512563715,7.994133478330043,52.44136209492305
0.03998337142424292,7.366595104065415,67.30866224903276
0.31733267527846304,3.209861719376743,62.490371407460024
0.031006704030493493,4.837502815355689,61.2921349726149
0.017965411637427403,4.64834497794509,56.622350807214296
0.06498818617267751,2.1112949053212713,86.1734145775596
0.17913529833970576,0.2618318309047006,77.3311559403708
0.060318185977632104,3.269443399600477,53.808470483909055
0.04583239610359089,3.862616070907023,83.10512201229962
0.09471059053345515,0.2459525535213749,90.26065739988448
0.04042700462601064,1.1193101272922412,72.27581623956189
0.20143672724329167,0.6581615889592456,71.36258407109273
0.09685006580400042,7.956631326955749,94.51358789055524
0.020347525118703837,0.7287646963633785,75.49548302840095
0.052760379313300014,5.415202254835109,51.67058815929289
0.01948784863473805,4.354104268629877,97.69174124145842
0.13763160062072807,4.779265490293826,84.61967161966435
0.15787169824947264,2.2922010656104024,56.133415963679376
0.015032836146152372,1.6406988072972557,83.30810934496458
0.0126116456987146,6.115659911458037,72.71277984848118
0.07064937111140351,6.342141765915567,60.046788685183216
0.14705191155774483,6.2050931779653595,86.96449437897189
0.01501866988350413,2.6086448409919583,67.1390107737882
0.0442974220079079,6.763420215739883,55.41196975630672
0.02942264498437077,5.058942606794687,57.522792015361304
0.019154759746021884,0.3735478183675607,51.64263146943817
0.03616917065834829,6.657709073406895,91.11953276786184
0.039688932517142436,6.966815187109325,58.88109496993513
0.061668310582792416,4.297620494726736,95.21264270058694
0.044274746656719086,0.7040504043110556,84.10768986051352
0.07720112870732641,4.080211229389853,62.968188103855525
0.22904751079610355,7.804889642591428,62.65853431032876
0.060641354512563715,7.994133478330043,52.44136209492305
0.038494359666713385,7.574783321413641,71.41485309075752
0.2695623103382201,3.816429567263472,62.017170195894515
0.024526084946542875,5.263646135317722,51.75722359105032
0.017965411637427403,4.64834497794509,56.622350807214296
0.06498818617267751,2.1112949053212713,86.1734145775596
0.17913529833970576,0.2618318309047006,77.3311559403708
0.060318185977632104,3.269443399600477,53.808470483909055
0.04583239610359089,3.862616070907023,83.10512201229962
0.09471059053345515,0.2459525535213749,90.26065739988448
0.04109677054423871,1.219526374164713,72.99904411769532
0.20143672724329167,0.6581615889592456,71.36258407109273
0.09398829123729134,7.735714838761314,94.12164656421507
0.020347525118703837,0.7287646963633785,75.49548302840095
0.052760379313300014,5.415202254835109,51.67058815929289
0.01948784863473805,4.354104268629877,97.69174124145842
0.13685295431385752,4.874944056906993,85.71555159860289
0.15787169824947264,2.2922010656104024,56.133415963679376
0.015032836146152372,1.6406988072972557,83.30810934496458
0.0126116456987146,6.115659911458037,72.71277984848118
0.07064937111140351,6.342141765915567,60.046788685183216
0.14705191155774483,6.2050931779653595,86.96449437897189
0.05330842362091523,3.0919322637890407,74.53227056082228
0.0442974220079079,6.763420215739883,55.41196975630672
0.032165331127982075,6.367610605687162,52.09107856864876
0.019154759746021884,0.3735478183675607,51.64263146943817
0.03616917065834829,6.657709073406895,91.11953276786184
0.040217467280862146,7.026182931075097,59.12941334539048
0.061668310582792416,4.297620494726736,95.21264270058694
0.044274746656719086,0.7040504043110556,84.10768986051352
0.08773939229586021,4.493737544371356,59.52032999840884
0.22904751079610355,7.804889642591428,62.65853431032876
0.060641354512563715,7.994133478330043,52.44136209492305
0.02801213448822326,7.544385035413504,67.125776510059
0.2695623103382201,3.816429567263472,62.017170195894515
0.024526084946542875,5.263646135317722,51.75722359105032
0.017965411637427403,4.64834497794509,56.622350807214296
0.06729638181523998,2.268110755375978,86.4036079641744
0.17913529833970576,0.2618318309047006,77.3311559403708
0.05829781248998861,3.2641619306243177,53.7292107230111
0.04716023858009725,3.478536941682914,82.0038463475945
0.09471059053345515,0.2459525535213749,90.26065739988448
0.046272169646367996,1.3419350446760177,72.37636760912761
0.20143672724329167,0.6581615889592456,71.36258407109273
0.09398829123729134,7.735714838761314,94.12164656421507
0.020348468701993753,0.7247855136074595,75.47112035390751
0.052760379313300014,5.415202254835109,51.67058815929289
0.01948784863473805,4.354104268629877,97.69174124145842
0.18215277995641913,4.718186048087858,99.410461342991
0.15787169824947264,2.2922010656104024,56.133415963679376
0.015032836146152372,1.6406988072972557,83.30810934496458
0.0126116456987146,6.115659911458037,72.71277984848118
0.08154372154509257,6.906645566829238,65.14787346747788
0.14705191155774483,6.2050931779653595,86.96449437897189
0.05330842362091523,3.0919322637890407,74.53227056082228
0.0442974220079079,6.763420215739883,55.41196975630672
0.032165331127982075,6.367610605687162,52.09107856864876
0.019154759746021884,0.3735478183675607,51.64263146943817
0.04173182632595966,7.978084684189174,93.17534139212539
0.040217467280862146,7.026182931075097,59.12941334539048
0.061668310582792416,4.297620494726736,95.21264270058694
0.044274746656719086,0.7040504043110556,84.10768986051352
0.08221197067032006,4.680204935996226,58.94461614120402
0.22904751079610355,7.804889642591428,62.65853431032876
0.05828094209173451,7.816392235782112,52.87038119539614
0.024249571084563874,7.589209695347744,67.26479696532957
0.32908974458548135,4.554902345948781,58.80354799843215
0.024526084946542875,5.263646135317722,51.75722359105032
0.012938404919453528,4.444192897507177,54.14271293132845
0.0637186868941919,2.116519733499678,83.26863547540847
0.15143616244469799,1.544385246327252,71.93327205778135
0.075191796537515,2.68437084886409,52.51736462913583
0.04368296036052536,3.282219925991254,78.83797704004705
0.09471059053345515,0.2459525535213749,90.26065739988448
0.052280800781270995,1.631883429335856,73.24613241549395
0.20143672724329167,0.6581615889592456,71.36258407109273
0.09398829123729134,7.735714838761314,94.12164656421507
0.03243969003968292,0.8747842147416884,74.81836893304451
0.052760379313300014,5.415202254835109,51.67058815929289
0.01948784863473805,4.354104268629877,97.69174124145842
0.15085266464788732,4.648129142852185,99.07974385567546
0.1192585759403345,3.845853826548499,57.11667693428342
0.015032836146152372,1.6406988072972557,83.30810934496458
0.0126116456987146,6.115659911458037,72.71277984848118
0.08154372154509257,6.906645566829238,65.14787346747788
0.14705191155774483,6.2050931779653595,86.96449437897189
0.05330842362091523,3.0919322637890407,74.53227056082228
0.0442974220079079,6.763420215739883,55.41196975630672
0.032165331127982075,6.367610605687162,52.09107856864876
0.019154759746021884,0.3735478183675607,51.64263146943817
0.04173182632595966,7.978084684189174,93.17534139212539
0.040217467280862146,7.026182931075097,59.12941334539048
0.05719216761798723,4.43490655351018,96.3734345538685
0.048958377582374354,0.7656727346903285,90.16081210234452
0.08221197067032006,4.680204935996226,58.94461614120402
0.22904751079610355,7.804889642591428,62.65853431032876
0.05828094209173451,7.816392235782112,52.87038119539614
0.024249571084563874,7.589209695347744,67.26479696532957
0.32908974458548135,4.554902345948781,58.80354799843215
0.031896031852673444,3.5620635701749377,63.8300021060449
0.012938404919453528,4.444192897507177,54.14271293132845
0.0637186868941919,2.116519733499678,83.26863547540847
0.1636047644863323,0.8307477468022384,69.57706356670892
0.075191796537515,2.68437084886409,52.51736462913583
0.043899076136441714,2.3406923674696736,80.7624353831626
0.09512143413495842,0.19483391503879322,90.49536724331443
0.052280800781270995,1.631883429335856,73.24613241549395
0.20143672724329167,0.6581615889592456,71.36258407109273
0.09398829123729134,7.735714838761314,94.12164656421507
0.03243969003968292,0.8747842147416884,74.81836893304451
0.052760379313300014,5.415202254835109,51.67058815929289
0.01948784863473805,4.354104268629877,97.69174124145842
0.13060712937672292,4.028626715038456,93.77381505329961
0.19926609506051607,3.395594725190618,59.35462933357387
0.07748265076016035,2.2355584183420856,75.18856353175707
0.012814302305828688,5.7411001839089515,73.5996219097017
0.08154372154509257,6.906645566829238,65.14787346747788
0.14138832769425985,6.179867396227033,86.30696108320372
0.06360195263317814,4.094615978123066,74.77903605145403
0.0442974220079079,6.763420215739883,55.41196975630672
0.06102501347800232,6.578292021970346,53.64009339806027
0.019154759746021884,0.3735478183675607,51.64263146943817
0.036073724795113365,7.379751462816266,87.80516330424977
0.028379673451377457,5.905724123429225,56.96542652615935
0.049613046181819984,5.106763003649947,90.9166755742648
0.04844091507831555,0.7566187350586624,90.26686816349348
0.07303565064199666,5.8827716471216736,56.6154590969541
0.17293324282163736,7.224194327589121,65.20602707451667
0.05828094209173451,7.816392235782112,52.87038119539614
0.01986480818592496,7.74381609036525,69.49876240601004
0.32908974458548135,4.554902345948781,58.80354799843215
0.031896031852673444,3.5620635701749377,63.8300021060449
0.012938404919453528,4.444192897507177,54.14271293132845
0.0637186868941919,2.116519733499678,83.26863547540847
0.16182934156009326,0.9190323611135804,69.36627157536218
0.075191796537515,2.68437084886409,52.51736462913583
0.043899076136441714,2.3406923674696736,80.7624353831626
0.09512143413495842,0.19483391503879322,90.49536724331443
0.044717593400613515,0.2685841110113296,75.33918431350659
0.20143672724329167,0.6581615889592456,71.36258407109273
0.09398829123729134,7.735714838761314,94.12164656421507
0.029245417406574097,0.74797574311527,73.95541110596646
0.052760379313300014,5.415202254835109,51.67058815929289
0.01948784863473805,4.354104268629877,97.69174124145842
0.13060712937672292,4.028626715038456,93.77381505329961
0.2115588581178261,3.512688239336894,57.75635953194751
0.07748265076016035,2.2355584183420856,75.18856353175707
0.01959734627243255,5.637406511194219,72.16721717909239
0.08154372154509257,6.906645566829238,65.14787346747788
0.14138832769425985,6.179867396227033,86.30696108320372
0.06761045570653412,3.606349746585791,83.32302516292145
0.0442974220079079,6.763420215739883,55.41196975630672
0.06102501347800232,6.578292021970346,53.64009339806027
0.019154759746021884,0.3735478183675607,51.64263146943817
0.036073724795113365,7.379751462816266,87.80516330424977
0.028379673451377457,5.905724123429225,56.96542652615935
0.049613046181819984,5.106763003649947,90.9166755742648
0.04844091507831555,0.7566187350586624,90.26686816349348
0.07303565064199666,5.8827716471216736,56.6154590969541
0.17388730672341712,7.240575786958411,65.00711722606256
0.05828094209173451,7.816392235782112,52.87038119539614
0.02270499917475206,7.130708063593702,65.31818332270689
0.30216235434588407,4.6387357501432795,58.10846445940007
0.031896031852673444,3.5620635701749377,63.8300021060449
0.012938404919453528,4.444192897507177,54.14271293132845
0.062100199100461786,4.064152070492296,77.15828566691305
0.1704277869719546,0.34628983034735317,70.7360562719912
0.0638674259610004,2.2222601287851713,57.91573382250915
0.04387718557071818,2.348327219432722,80.71662631483025
0.09512143413495842,0.19483391503879322,90.49536724331443
0.044717593400613515,0.2685841110113296,75.33918431350659
0.20143672724329167,0.6581615889592456,71.36258407109273
0.09398829123729134,7.735714838761314,94.12164656421507
0.029600343808882962,0.8239319920180153,74.25097818659093
0.052760379313300014,5.415202254835109,51.67058815929289
0.01948784863473805,4.354104268629877,97.69174124145842
0.13060712937672292,4.028626715038456,93.77381505329961
0.2990183629187327,3.1025142879063057,59.34757401729545
0.09044989427771905,2.8959105140643153,68.45604416261037
0.01959734627243255,5.637406511194219,72.16721717909239
0.059254565819522875,7.488488922861062,66.41503827228189
0.14138832769425985,6.179867396227033,86.30696108320372
0.05727184989752884,4.417764531856833,79.17776138394798
0.0442974220079079,6.763420215739883,55.41196975630672
0.06102501347800232,6.578292021970346,53.64009339806027
0.019154759746021884,0.3735478183675607,51.64263146943817
0.03320185163162515,7.923186633507741,93.99366239612965
0.028379673451377457,5.905724123429225,56.96542652615935
0.04087021184753619,5.261326391844399,85.45541999463823
0.04844091507831555,0.7566187350586624,90.26686816349348
0.07303565064199666,5.8827716471216736,56.6154590969541
0.17388730672341712,7.240575786958411,65.00711722606256
0.05828094209173451,7.816392235782112,52.87038119539614
0.02270499917475206,7.130708063593702,65.31818332270689
0.27930787026180487,3.785415165571598,59.70751313966251
0.031896031852673444,3.5620635701749377,63.8300021060449
0.05145027347403591,4.470097421609739,54.67077605290641
0.062100199100461786,4.064152070492296,77.15828566691305
0.18815254056742114,0.3819378026403525,66.08533418827818
0.056382324535431405,2.3330939909942936,57.42371764231095
0.04177924079141121,2.3421257789621124,80.89233723759205
0.09511192326314828,0.1961205926584988,90.47889021432653
0.044717593400613515,0.2685841110113296,75.33918431350659
0.20143672724329167,0.6581615889592456,71.36258407109273
0.09398829123729134,7.735714838761314,94.12164656421507
0.029600343808882962,0.8239319920180153,74.25097818659093
0.05250604569930607,5.471432687037366,50.11987456239159
0.01948784863473805,4.354104268629877,97.69174124145842
0.13044108322922074,4.045436306294505,93.77539227653503
0.2990183629187327,3.1025142879063057,59.34757401729545
0.07779430123107328,2.5389338636169114,60.477123192308675
0.01959734627243255,5.637406511194219,72.16721717909239
0.1315344224091095,6.640513846024827,63.943326815072865
0.14138832769425985,6.179867396227033,86.30696108320372
0.059764872187794645,4.1895283109770665,76.90604895075782
0.0442974220079079,6.763420215739883,55.41196975630672
0.06102501347800232,6.578292021970346,53.64009339806027
0.1331832770516261,1.8690139847099334,55.17757478523233
0.03320185163162515,7.923186633507741,93.99366239612965
0.028379673451377457,5.905724123429225,56.96542652615935
0.051914574117159266,5.775803622901649,87.25731017675012
0.04844091507831555,0.7566187350586624,90.26686816349348
0.06685422295593885,6.072194089021471,56.35659546186808
0.17388730672341712,7.240575786958411,65.00711722606256
0.05828094209173451,7.816392235782112,52.87038119539614
0.02270499917475206,7.130708063593702,65.31818332270689
0.27930787026180487,3.785415165571598,59.70751313966251
0.031896031852673444,3.5620635701749377,63.8300021060449
0.05145027347403591,4.470097421609739,54.67077605290641
0.061157603977599256,4.093260636318466,77.44976025511754
0.20069943709311683,0.4069959909229094,62.79576633909181
0.07439995297872545,0.714610630100954,50.20221285553743
0.010400964986835515,2.6730835935514357,82.76526678103734
0.09511192326314828,0.1961205926584988,90.47889021432653
0.07072640257979396,0.6584919496366983,73.60611524452395
0.20477490638814896,0.6560133759649132,70.95011600407359
0.09398829123729134,7.735714838761314,94.12164656421507
0.029600343808882962,0.8239319920180153,74.25097818659093
0.05801246561885895,5.515321512873387,52.36173075213361
0.01948784863473805,4.354104268629877,97.69174124145842
0.13044108322922074,4.045436306294505,93.77539227653503
0.2990183629187327,3.1025142879063057,59.34757401729545
0.08224649183277141,2.1313357600878584,56.42016117303542
0.01164774382024258,6.978862980295926,77.55621138962942
0.1315344224091095,6.640513846024827,63.943326815072865
0.14138832769425985,6.179867396227033,86.30696108320372
0.06222976067390784,4.2554267631502345,76.64904830119585
0.03395115330127309,6.884537828115846,56.26503817178525
0.06471423280390182,6.524412758456583,53.72856707958188
0.1331832770516261,1.8690139847099334,55.17757478523233
0.03320185163162515,7.923186633507741,93.99366239612965
0.04124996116333506,4.453948408662934,55.073988518995094
0.058452199055659335,5.178327333886957,89.24139844454666
0.04844091507831555,0.7566187350586624,90.26686816349348
0.09785814925996478,5.328849439927011,50.0632932062824
0.12170394744136381,5.123957837861173,69.09422314704686
0.05630056459483944,7.7613939837124235,55.53763948382752
0.02270499917475206,7.130708063593702,65.31818332270689
0.2685712537962669,4.1574020527128726,59.90357766098431
0.010451201618199915,0.10427822358939753,72.7376393780151
0.05145027347403591,4.470097421609739,54.67077605290641
0.052493709882494216,5.280210385374889,82.57695605709895
0.14789313395397802,2.7765957701098305,72.63140398098508
0.07439995297872545,0.714610630100954,50.20221285553743
0.010400964986835515,2.6730835935514357,82.76526678103734
0.09175854904246068,0.26695966743677424,89.70425763038944
0.07024170204644593,0.6606261683845089,73.96848002677376
0.23140241972098521,0.3041350077137761,74.1191982359963
0.08710799912460183,7.096684186330277,84.19349505353364
0.032711361129384026,1.5143146850236997,76.06430195077941
0.06410872891990257,4.960548335754954,51.005915879937014
0.01948784863473805,4.354104268629877,97.69174124145842
0.13044108322922074,4.045436306294505,93.77539227653503
0.27842637025760875,3.4027116274146336,59.79252804099366
0.08433255724350816,2.247639929882995,56.615630321003074
0.03627381556295404,7.205219116486903,82.51053350498273
0.1315344224091095,6.640513846024827,63.943326815072865
0.1179852256188173,5.897250583791436,87.13500717395817
0.09456199622182276,3.4266671238002946,75.1934417519614
0.03395115330127309,6.884537828115846,56.26503817178525
0.06471423280390182,6.524412758456583,53.72856707958188
0.1303854195307796,2.0052788716596206,56.43354349272037
0.03320185163162515,7.923186633507741,93.99366239612965
0.04124996116333506,4.453948408662934,55.073988518995094
0.058452199055659335,5.178327333886957,89.24139844454666
0.04844091507831555,0.7566187350586624,90.26686816349348
0.09785814925996478,5.328849439927011,50.0632932062824
0.12170394744136381,5.123957837861173,69.09422314704686
0.061082542360019115,7.949009960896164,55.38200207993599
0.02270499917475206,7.130708063593702,65.31818332270689
0.2560554330689168,4.206565266864075,59.35892264505158
0.010451201618199915,0.10427822358939753,72.7376393780151
0.049467804543836195,4.827380643569575,58.30742529585898
0.04696901339845011,5.432257988218219,97.59375578016682
0.14789313395397802,2.7765957701098305,72.63140398098508
0.07247897668405494,1.2735026907204112,54.37665338102123
0.010400964986835515,2.6730835935514357,82.76526678103734
0.09175854904246068,0.26695966743677424,89.70425763038944
0.07024170204644593,0.6606261683845089,73.96848002677376
0.200394813792863,0.7138956053699952,70.42881784737418
0.053682184860081916,5.7409793221655985,90.86591247209545
0.032711361129384026,1.5143146850236997,76.06430195077941
0.06410872891990257,4.960548335754954,51.005915879937014
0.04159056503131135,4.62449521260031,91.62029287057366
0.13044108322922074,4.045436306294505,93.77539227653503
0.3353400326102937,4.003692698949736,61.60090243990109
0.08433255724350816,2.247639929882995,56.615630321003074
0.03627381556295404,7.205219116486903,82.51053350498273
0.13522033347242124,5.769903813891045,65.90090639931508
0.11929070649746056,5.625781261379416,80.80167553294353
0.09456199622182276,3.4266671238002946,75.1934417519614
0.03395115330127309,6.884537828115846,56.26503817178525
0.0647705245317435,6.4646959758991125,53.934690283740764
0.1303854195307796,2.0052788716596206,56.43354349272037
0.03320185163162515,7.923186633507741,93.99366239612965
0.03277047295049858,5.677868520041712,59.75803851281836
0.0661321381418516,5.43058028572521,88.15788754293484
0.04844091507831555,0.7566187350586624,90.26686816349348
0.09785814925996478,5.328849439927011,50.0632932062824
0.07373133461941213,7.812480887728199,68.28060909243668
0.061082542360019115,7.949009960896164,55.38200207993599
0.020072579011458005,5.621256360851297,66.91206682131457
0.2513737121231498,4.237414775287409,59.367291095469916
0.010451201618199915,0.10427822358939753,72.7376393780151
0.03697395876281888,6.756947846704361,60.44162592697338
0.05441943822390384,5.890804982059374,79.17672280915457
0.17799578310165157,1.9919299625285891,80.4011611415006
0.07247897668405494,1.2735026907204112,54.37665338102123
0.033481349613828246,2.690459862079979,81.06412661473249
0.09175854904246068,0.26695966743677424,89.70425763038944
0.07024170204644593,0.6606261683845089,73.96848002677376
0.19583851698134114,0.969243569119155,70.35154319200804
0.053682184860081916,5.7409793221655985,90.86591247209545
0.032711361129384026,1.5143146850236997,76.06430195077941
0.06410872891990257,4.960548335754954,51.005915879937014
0.04159056503131135,4.62449521260031,91.62029287057366
0.10118354336330276,3.63657299927225,89.93977569654659
0.1807910221571758,2.148748511815861,66.89862741310613
0.0700425900208971,2.1287177612959836,53.014893944924836
0.026975349371007054,7.955068598647297,93.03489253998492
0.13522033347242124,5.769903813891045,65.90090639931508
0.08536778500301412,6.452143852776904,84.84580292466649
0.12992642831561554,4.520095798533202,74.69550868598304
0.03395115330127309,6.884537828115846,56.26503817178525
0.0647705245317435,6.4646959758991125,53.934690283740764
0.128499724130732,2.620631849393522,60.57523461695264
0.03320185163162515,7.923186633507741,93.99366239612965
0.03277047295049858,5.677868520041712,59.75803851281836
0.0661321381418516,5.43058028572521,88.15788754293484
0.04748194668397994,0.4214076767658179,92.40050218477427
0.09785814925996478,5.328849439927011,50.0632932062824
0.07373133461941213,7.812480887728199,68.28060909243668
0.061082542360019115,7.949009960896164,55.38200207993599
0.020072579011458005,5.621256360851297,66.91206682131457
0.1956487761357934,5.140192026937276,67.42444982239722
0.010451201618199915,0.10427822358939753,72.7376393780151
0.02652963352419478,6.900469937182017,57.858348698325244
0.04452750229174619,6.609639576962468,83.75625316383292
0.12713496790043793,3.719464163897225,71.87892125142152
0.07247897668405494,1.2735026907204112,54.37665338102123
0.023443998453911596,3.1078704914213873,79.57599695301049
0.09175854904246068,0.26695966743677424,89.70425763038944
0.07024170204644593,0.6606261683845089,73.96848002677376
0.16451660416967298,2.0592854420250553,72.30616988696548
0.05399778260636516,5.761577838411424,89.81477128817968
0.032711361129384026,1.5143146850236997,76.06430195077941
0.06410872891990257,4.960548335754954,51.005915879937014
0.03638546653912385,4.1107114240553,96.66906112884291
0.11888534240674067,3.305735112080098,84.8162649055616
0.18026951911560027,2.1681711601066844,66.98310969703914
0.0700425900208971,2.1287177612959836,53.014893944924836
0.027193706879126582,7.869264779654788,91.7810364618947
0.1367282860822106,5.783546944363028,64.49034896829406
0.0866689269351972,6.444308940080664,85.54562806988008
0.14498363566912426,5.076611845408676,74.94225476846427
0.03361517792427305,6.7637756188705636,57.01042626956523
0.06668331328594373,4.891534492147969,53.60097362246991
0.12514710145871497,2.674865305708928,61.88891812532015
0.03543430837753407,7.925254353493293,90.90195773273533
0.03277047295049858,5.677868520041712,59.75803851281836
0.07539376601435542,6.31652493241946,90.72279771007045
0.04748194668397994,0.4214076767658179,92.40050218477427
0.09785814925996478,5.328849439927011,50.0632932062824
0.07134554107930369,7.688148923263519,67.78420611150517
0.061082542360019115,7.949009960896164,55.38200207993599
0.020072579011458005,5.621256360851297,66.91206682131457
0.16254319591731145,4.749487514963398,69.76052913289307
0.010451201618199915,0.10427822358939753,72.7376393780151
0.02652963352419478,6.900469937182017,57.858348698325244
0.05146328928373545,6.366978203843233,82.75902314871702
0.18854843136051933,1.1694300150574808,59.64915936162414
0.07247897668405494,1.2735026907204112,54.37665338102123
0.02751959178032515,2.4070577966715403,78.03162654077093
0.08957252392239204,0.053618074362816515,90.80574371507578
0.0704270692355746,1.840754883562414,72.92995770753015
0.16421572666123577,2.4694495811126904,71.91804642262659
0.05399778260636516,5.761577838411424,89.81477128817968
0.032711361129384026,1.5143146850236997,76.06430195077941
0.06410872891990257,4.960548335754954,51.005915879937014
0.03638546653912385,4.1107114240553,96.66906112884291
0.1567623648622507,1.780087343794582,82.41696580255206
0.17386846305803594,2.0624949801457135,71.18578676509355
0.0700425900208971,2.1287177612959836,53.014893944924836
0.027193706879126582,7.869264779654788,91.7810364618947
0.1367282860822106,5.783546944363028,64.49034896829406
0.08398757994312428,5.467228292303348,79.65590787715135
0.17766628282681268,4.442703927264693,68.97601669908073
0.03575995451073383,6.944719363122005,55.44227772144227
0.06815815256744298,5.195739178274724,60.292571943839405
0.09430131617022935,3.407284228357141,62.978597443245704
0.07966274284575445,6.775169714845956,84.45853453572485
0.03828115878701387,5.116343319793426,61.685624001334475
0.07423355800081241,6.448870164230142,87.85772654037746
0.032355669007373494,0.1652501854247177,94.32882746894381
0.09785814925996478,5.328849439927011,50.0632932062824
0.07134554107930369,7.688148923263519,67.78420611150517
0.06332168017591018,7.892096398882531,58.087862696999295
0.016339686754949095,4.442851285832507,53.875763313809955
0.12142162323978115,6.0462403958180415,63.93297308556152
0.010451201618199915,0.10427822358939753,72.7376393780151
0.02652963352419478,6.900469937182017,57.858348698325244
0.05146328928373545,6.366978203843233,82.75902314871702
0.18854843136051933,1.1694300150574808,59.64915936162414
0.07247897668405494,1.2735026907204112,54.37665338102123
0.02751959178032515,2.4070577966715403,78.03162654077093
0.08957252392239204,0.053618074362816515,90.80574371507578
0.06520910934665725,2.3278265326276135,68.05803714486692
0.21006875388002122,3.174750537905254,71.67364142686286
0.05399778260636516,5.761577838411424,89.81477128817968
0.032711361129384026,1.5143146850236997,76.06430195077941
0.06410872891990257,4.960548335754954,51.005915879937014
0.03638546653912385,4.1107114240553,96.66906112884291
0.17815448161704323,0.49129107820945617,94.16677919958968
0.15500164656481447,1.6128753148628066,75.57705556375504
0.06991918894345292,1.602190083270548,51.61610845508882
0.027193706879126582,7.869264779654788,91.7810364618947
0.16875386246277854,5.442600431756921,52.515679132566305
0.08445525438805818,5.470871505984379,79.83969674468315
0.14709804575159066,4.782116777854876,61.73203554543384
0.0417345930577008,6.867718004568576,60.47613398813661
0.06815815256744298,5.195739178274724,60.292571943839405
0.10720970615859095,3.5676105837935843,63.9072492472696
0.07966274284575445,6.775169714845956,84.45853453572485
0.03805540084886942,5.109413694801924,61.60526758571048
0.07423355800081241,6.448870164230142,87.85772654037746
0.032355669007373494,0.1652501854247177,94.32882746894381
0.09785814925996478,5.328849439927011,50.0632932062824
0.07134554107930369,7.688148923263519,67.78420611150517
0.09566201672723154,7.140736403863124,56.378647466025654
0.019655239560769866,4.47878359321494,53.67657299555325
0.0762478856716792,6.622352444809513,74.82960187889968
0.010451201618199915,0.10427822358939753,72.7376393780151
0.014576580754394733,6.926217166431703,55.800432947864415
0.05146328928373545,6.366978203843233,82.75902314871702
0.20094398319780876,1.3091721513970083,55.747168802280015
0.07247897668405494,1.2735026907204112,54.37665338102123
0.022459765852179042,1.7244120591408092,76.46225454640299
0.08957252392239204,0.053618074362816515,90.80574371507578
0.05104742007513559,2.940731735267487,63.94820845224922
0.16198642123703838,2.7245994177721524,72.86396790020132
0.05399778260636516,5.761577838411424,89.81477128817968
0.03257560298191983,1.5170969281308433,76.06957189225676
0.06410872891990257,4.960548335754954,51.005915879937014
0.035818763674041666,3.710236939300811,93.49093346010959
0.2489553834199395,0.8411099823472644,96.85315404936891
0.15500164656481447,1.6128753148628066,75.57705556375504
0.06378674519708022,2.2771836351929684,53.53860292625045
0.027193706879126582,7.869264779654788,91.7810364618947
0.16875386246277854,5.442600431756921,52.515679132566305
0.08410635691989536,5.41888399903,80.57010401540344
0.09795306237975995,3.3809997361401534,67.88469844989851
0.03414922426170966,6.88622702525393,55.679819014081765
0.06815815256744298,5.195739178274724,60.292571943839405
0.10630970249544813,3.540207587461377,63.95632876072506
0.07966274284575445,6.775169714845956,84.45853453572485
0.03805540084886942,5.109413694801924,61.60526758571048
0.07791889111309293,6.815459548643752,88.73136246479764
0.032355669007373494,0.1652501854247177,94.32882746894381
0.09785814925996478,5.328849439927011,50.0632932062824
0.07134554107930369,7.688148923263519,67.78420611150517
0.09566201672723154,7.140736403863124,56.378647466025654
0.04845138369532119,5.633658988346017,71.00200220000663
0.11179606158894237,6.168997607062704,66.25481267385017
0.010451201618199915,0.10427822358939753,72.7376393780151
0.014576580754394733,6.926217166431703,55.800432947864415
0.05146328928373545,6.366978203843233,82.75902314871702
0.23165902509805983,0.4101600466266655,54.69575957221566
0.07247897668405494,1.2735026907204112,54.37665338102123
0.013071639797779172,1.485804883972028,77.99897731078556
0.08957252392239204,0.053618074362816515,90.80574371507578
0.05104742007513559,2.940731735267487,63.94820845224922
0.16198642123703838,2.7245994177721524,72.86396790020132
0.05399778260636516,5.761577838411424,89.81477128817968
0.03257560298191983,1.5170969281308433,76.06957189225676
0.06410872891990257,4.960548335754954,51.005915879937014
0.03802101784603398,5.964567998605108,92.95809917336517
0.250715052652392,0.8367985383455754,97.27669276885453
0.15500164656481447,1.6128753148628066,75.57705556375504
0.06378674519708022,2.2771836351929684,53.53860292625045
0.02947621031143031,7.467736001777124,92.02917283547625
0.16875386246277854,5.442600431756921,52.515679132566305
0.10142156570425072,6.6682671308876635,82.4113975397596
0.09649714027145471,3.4598511575737607,68.61108395003866
0.03871795851181625,6.635148853243139,56.62739700531526
0.07676581245343347,4.990212690509691,62.036393914391994
0.09360533528484577,0.06391577912780377,70.81684875170173
0.08222616571958619,7.501438429286213,89.45103086250897
0.03805812643228938,5.041624549010581,59.11988961121557
0.07791889111309293,6.815459548643752,88.73136246479764
0.032355669007373494,0.1652501854247177,94.32882746894381
0.09785814925996478,5.328849439927011,50.0632932062824
0.06280611857847579,7.9777218184384715,63.63113837186959
0.11983359706268107,7.240746396006232,56.65325356647748
0.0514612412937385,5.370058834752292,74.2265215252574
0.11049390159543802,5.995363736256305,67.81035991662611
0.010451201618199915,0.10427822358939753,72.7376393780151
0.014576580754394733,6.926217166431703,55.800432947864415
0.05146328928373545,6.366978203843233,82.75902314871702
0.23165902509805983,0.4101600466266655,54.69575957221566
0.06980369773118064,1.6377119679946963,57.372075436776576
0.013071639797779172,1.485804883972028,77.99897731078556
0.08957252392239204,0.053618074362816515,90.80574371507578
0.06244671029868262,2.7810148604484697,63.3642407163518
0.20389737477572525,3.218753719977274,79.90736996696353
0.05399778260636516,5.761577838411424,89.81477128817968
0.016073459969840324,1.4636317521489193,84.35763397424955
0.11505591119491337,3.834683850656715,63.638744484102936
0.03802101784603398,5.964567998605108,92.95809917336517
0.20993624949942002,2.8320799012613636,84.61962669966658
0.22219302490036505,1.593287883709595,89.93441655717014
0.06378674519708022,2.2771836351929684,53.53860292625045
0.029393488859624756,7.6775227333490035,91.96310806774757
0.16875386246277854,5.442600431756921,52.515679132566305
0.08028273996663551,6.540782866381495,82.55848822615218
0.09874755279290318,4.926064745107223,74.91768741597643
0.03871795851181625,6.635148853243139,56.62739700531526
0.07676581245343347,4.990212690509691,62.036393914391994
0.07894712513113972,1.1519130742768013,62.32321583172091
0.08222616571958619,7.501438429286213,89.45103086250897
0.03805812643228938,5.041624549010581,59.11988961121557
0.08234753365540966,4.226652922944187,89.6884345350653
0.034221168786369445,1.360554163505097,91.00241220573042
0.09785814925996478,5.328849439927011,50.0632932062824
0.06166334911735251,7.9924900149069025,63.77096769399273
0.11983359706268107,7.240746396006232,56.65325356647748
0.040730167380920196,5.531142657261756,79.39606814880352
0.09776945113013485,4.982418351323391,63.92229909511003
0.010451201618199915,0.10427822358939753,72.7376393780151
0.014576580754394733,6.926217166431703,55.800432947864415
0.025459102168996134,6.210151864028894,82.93996857015458
0.23165902509805983,0.4101600466266655,54.69575957221566
0.06980369773118064,1.6377119679946963,57.372075436776576
0.0156783731252923,1.5036312467747943,78.08664297826095
0.08948667271730415,0.05339885499343455,91.2312708639422
0.06254487416343585,2.7875820062024363,63.37332445740041
0.26781921028727096,4.9872534265156565,73.5806494988372
0.05002599644633674,6.332930870376887,91.7198545537931
0.016073459969840324,1.4636317521489193,84.35763397424955
0.11292935939423761,3.912696604269614,63.443428876569214
0.04113991338473278,5.633476087599817,91.71572991629267
0.20993624949942002,2.8320799012613636,84.61962669966658
0.2484517553697822,1.585633016552802,95.54534584478588
0.06378674519708022,2.2771836351929684,53.53860292625045
0.029393488859624756,7.6775227333490035,91.96310806774757
0.16752905945942936,5.433563325482802,52.90761590449389
0.08028273996663551,6.540782866381495,82.55848822615218
0.10944968724155005,3.9901803365764072,70.48910867352082
0.03871795851181625,6.635148853243139,56.62739700531526
0.07676581245343347,4.990212690509691,62.036393914391994
0.07894712513113972,1.1519130742768013,62.32321583172091
0.06764587629352606,6.838554130255978,90.25470522535856
0.03805812643228938,5.041624549010581,59.11988961121557
0.08198569878711466,4.193570798917615,89.03385015884356
0.040066295893308415,1.5648716157289195,89.40856363618268
0.09785814925996478,5.328849439927011,50.0632932062824
0.06166334911735251,7.9924900149069025,63.77096769399273
0.12079500062804575,7.193705520161568,56.95165733277553
0.04439676557673293,5.335560393483107,82.70405472411602
0.1324454124776981,4.011909115038149,68.20597985716938
0.010451201618199915,0.10427822358939753,72.7376393780151
0.014576580754394733,6.926217166431703,55.800432947864415
0.0590714797615458,5.800993580289037,67.67646344515416
0.23165902509805983,0.4101600466266655,54.69575957221566
0.06455048304513061,1.0653236337943426,57.41538765734656
0.0156783731252923,1.5036312467747943,78.08664297826095
0.08948667271730415,0.05339885499343455,91.2312708639422
0.029742212319591635,0.30634139021127016,66.98958742449939
0.21353539475863842,5.377709832413547,69.56370404857549
0.05002599644633674,6.332930870376887,91.7198545537931
0.016073459969840324,1.4636317521489193,84.35763397424955
0.10176014373542808,3.630275671127608,65.85521038349646
0.043995862100885366,6.096709063723107,93.24446592151418
0.2904149701340475,3.9325633284440644,89.41320470663959
0.2484517553697822,1.585633016552802,95.54534584478588
0.06251720931591193,2.4135903721245247,53.81400223059813
0.022106650375212387,4.764199287123512,84.56733355838216
0.17702474469439722,5.479946836620847,51.95255969593667
0.08028273996663551,6.540782866381495,82.55848822615218
0.1096962951485144,3.9617003897203835,70.92366426126232
0.03871795851181625,6.635148853243139,56.62739700531526
0.019494479003785675,4.930777880981206,66.68518726868967
0.07894712513113972,1.1519130742768013,62.32321583172091
0.06764587629352606,6.838554130255978,90.25470522535856
0.048061994384930556,6.175003995485724,68.33348001769025
0.08198569878711466,4.193570798917615,89.03385015884356
0.040066295893308415,1.5648716157289195,89.40856363618268
0.16509142582785105,4.719277571653323,63.67048239109938
0.06166334911735251,7.9924900149069025,63.77096769399273
0.12079500062804575,7.193705520161568,56.95165733277553
0.06251656440652595,7.812621829674224,81.64617949664793
0.1324454124776981,4.011909115038149,68.20597985716938
0.010451201618199915,0.10427822358939753,72.7376393780151
0.014576580754394733,6.926217166431703,55.800432947864415
0.06487505401893962,6.8882563994773784,67.81238010244478
0.23165902509805983,0.4101600466266655,54.69575957221566
0.06455048304513061,1.0653236337943426,57.41538765734656
0.0156783731252923,1.5036312467747943,78.08664297826095
0.08948667271730415,0.05339885499343455,91.2312708639422
0.029742212319591635,0.30634139021127016,66.98958742449939
0.3566503538292935,2.9137003617031088,75.02242571649407
0.05002599644633674,6.332930870376887,91.7198545537931
0.016073459969840324,1.4636317521489193,84.35763397424955
0.08650901526010352,3.9681717687922857,64.24268307636648
0.043995862100885366,6.096709063723107,93.24446592151418
0.32481913415784724,3.27110305819674,95.99740822683447
0.2484517553697822,1.585633016552802,95.54534584478588
0.06262893401394155,1.6836103601986512,52.511167221347215
0.016755409094149677,2.624739667718081,79.1360928434126
0.2180980267670093,5.136883856204681,50.56426258665238
0.07999199036500454,6.536096951589698,82.74226409448758
0.11139619008985961,3.947476396468796,69.81270248358642
0.03871795851181625,6.635148853243139,56.62739700531526
0.019494479003785675,4.930777880981206,66.68518726868967
0.07894712513113972,1.1519130742768013,62.32321583172091
0.06764587629352606,6.838554130255978,90.25470522535856
0.02930127476725025,6.42748621792092,65.40954546196343
0.09162611313860576,4.112903938076436,82.73338322705231
0.04131582891416885,1.5701441292814704,89.67161313223895
0.1078457783427467,5.370432372069429,77.65102621787057
0.06166334911735251,7.9924900149069025,63.77096769399273
0.12079500062804575,7.193705520161568,56.95165733277553
0.06251656440652595,7.812621829674224,81.64617949664793
0.054837706861603275,4.398242798639784,57.580527981760525
0.030536470872865783,3.0779280465079477,76.1742893381082
0.016326311094741884,6.912292491629052,56.29705299998545
0.05768333852978595,6.583165685881918,68.03527839778461
0.22817349721775856,0.5196036701498068,54.95466710820261
0.06643204271086318,0.459904075210247,62.217546339983826
0.019374880941592714,2.4932141179222076,81.86930700428339
0.08948667271730415,0.05339885499343455,91.2312708639422
0.030175521684401945,0.4350835244849156,67.51788413059843
0.37103878129087264,2.973896862927325,76.12405161208252
0.05002599644633674,6.332930870376887,91.7198545537931
0.016073459969840324,1.4636317521489193,84.35763397424955
0.15337522680098972,3.007696213429381,61.805584931141496
0.043995862100885366,6.096709063723107,93.24446592151418
0.3641398490014245,2.858526671611642,99.92780522926583
0.2253818841494522,2.206622504857185,92.60934228293884
0.06262893401394155,1.6836103601986512,52.511167221347215
0.017890386091382555,3.580283123394784,73.97686292660222
0.20891865228880502,5.073267107218529,53.158640007038414
0.06809804694600774,6.344406214655861,90.26014122139287
0.12086005179447011,5.629531308628373,60.560907219655064
0.03871795851181625,6.635148853243139,56.62739700531526
0.019494479003785675,4.930777880981206,66.68518726868967
0.0645088455195105,1.7261573971981559,65.07899050782316
0.056950119694151424,7.37103416390193,91.4069550206179
0.02274685257031378,6.625489119299996,65.05799932776364
0.11458281638686665,4.501834590321667,85.19820649989077
0.03751021263529756,2.1024621948314817,84.90642814113613
0.14450590921701337,6.042794070970448,91.53168762448813
0.06166334911735251,7.9924900149069025,63.77096769399273
0.12079500062804575,7.193705520161568,56.95165733277553
0.05444003283565827,7.41302289055724,73.15555666143229
0.01122900628196799,4.594680699884801,55.02310792509025
0.030536470872865783,3.0779280465079477,76.1742893381082
0.01604371926001751,7.089038126782316,55.37046008993912
0.05768333852978595,6.583165685881918,68.03527839778461
0.22817349721775856,0.5196036701498068,54.95466710820261
0.06643204271086318,0.459904075210247,62.217546339983826
0.019374880941592714,2.4932141179222076,81.86930700428339
0.08948667271730415,0.05339885499343455,91.2312708639422
0.030175521684401945,0.4350835244849156,67.51788413059843
0.37103878129087264,2.973896862927325,76.12405161208252
0.05410962039557392,7.546231356107026,96.69866474469124
0.033730024323598534,4.287203062800188,90.08639843288803
0.15337522680098972,3.007696213429381,61.805584931141496
0.04761800860275367,6.6977205633155945,94.39728247001187
0.3641398490014245,2.858526671611642,99.92780522926583
0.20775548722206025,2.670333330873392,92.3460733348428
0.06262893401394155,1.6836103601986512,52.511167221347215
0.017890386091382555,3.580283123394784,73.97686292660222
0.20891865228880502,5.073267107218529,53.158640007038414
0.0696418545976931,6.284000389321246,89.7450167554935
0.12086005179447011,5.629531308628373,60.560907219655064
0.03724828279043499,5.996150020028299,60.1386891269574
0.015422947974679817,2.8092290333329455,68.72220609698483
0.0910591767977524,0.6697120081230712,56.40771384143764
0.056950119694151424,7.37103416390193,91.4069550206179
0.024902441690008794,7.748699916466975,63.97954122649965
0.11365205366894451,4.535881043125073,84.91745500252301
0.03751021263529756,2.1024621948314817,84.90642814113613
0.1380733826449386,6.086275579374046,91.72193857297363
0.06166334911735251,7.9924900149069025,63.77096769399273
0.11620928669655126,7.1016928231252345,56.87279065697571
0.054733246064503964,7.294811589906871,52.26302992607931
0.012033365813241305,5.011395087611437,55.08113755754776
0.030536470872865783,3.0779280465079477,76.1742893381082
0.01604371926001751,7.089038126782316,55.37046008993912
0.05768333852978595,6.583165685881918,68.03527839778461
0.22817349721775856,0.5196036701498068,54.95466710820261
0.06643204271086318,0.459904075210247,62.217546339983826
0.019374880941592714,2.4932141179222076,81.86930700428339
0.08948667271730415,0.05339885499343455,91.2312708639422
0.030175521684401945,0.4350835244849156,67.51788413059843
0.37103878129087264,2.973896862927325,76.12405161208252
0.05410962039557392,7.546231356107026,96.69866474469124
0.03577764874682578,4.1317195258800234,90.1284430826086
0.15337522680098972,3.007696213429381,61.805584931141496
0.04761800860275367,6.6977205633155945,94.39728247001187
0.3641398490014245,2.858526671611642,99.92780522926583
0.20775548722206025,2.670333330873392,92.3460733348428
0.06262893401394155,1.6836103601986512,52.511167221347215
0.01732306699140862,3.5758492333384138,74.03868925065825
0.22290731930898916,5.526185451539786,52.269279072463775
0.0774201101247487,6.029352273665259,94.22452239527783
0.12086005179447011,5.629531308628373,60.560907219655064
0.03724828279043499,5.996150020028299,60.1386891269574
0.015422947974679817,2.8092290333329455,68.72220609698483
0.0910591767977524,0.6697120081230712,56.40771384143764
0.05965034121762429,7.18731385804051,87.61757442831902
0.024902441690008794,7.748699916466975,63.97954122649965
0.10423727785497727,4.876704723915656,82.69630992010593
0.04212957947025983,3.1525723879790095,95.85768212692972
0.1460392066869183,6.020817478556826,94.09488194780101
0.054361477997869806,7.847883641063684,62.426383705589956
0.11620928669655126,7.1016928231252345,56.87279065697571
0.054733246064503964,7.294811589906871,52.26302992607931
0.012033365813241305,5.011395087611437,55.08113755754776
0.037419510266280626,2.7247833087399016,77.93234603249783
0.01604371926001751,7.089038126782316,55.37046008993912
0.058614445574932124,5.931479229583485,67.41610883922216
0.22817349721775856,0.5196036701498068,54.95466710820261
0.06643204271086318,0.459904075210247,62.217546339983826
0.01830957161152048,3.962963912142192,73.39494533935876
0.08948667271730415,0.05339885499343455,91.2312708639422
0.030175521684401945,0.4350835244849156,67.51788413059843
0.37103878129087264,2.973896862927325,76.12405161208252
0.05274359223943192,7.657241981992931,97.31022382998036
0.03577764874682578,4.1317195258800234,90.1284430826086
0.15337522680098972,3.007696213429381,61.805584931141496
0.04761800860275367,6.6977205633155945,94.39728247001187
0.2171433693122004,4.97750953308682,84.35090201795637
0.19698039356093291,3.006199968640434,92.27897301898183
0.061742184295329225,1.9798120059940052,54.98553171874416
0.01732306699140862,3.5758492333384138,74.03868925065825
0.22394091156580925,5.519361474697318,51.788599229299464
0.06425788548058857,6.3245399659465615,94.30082261563354
0.11781829882637207,5.706943693831157,61.9054601837713
0.03724828279043499,5.996150020028299,60.1386891269574
0.015422947974679817,2.8092290333329455,68.72220609698483
0.0910591767977524,0.6697120081230712,56.40771384143764
0.05965034121762429,7.18731385804051,87.61757442831902
0.024902441690008794,7.748699916466975,63.97954122649965
0.10423727785497727,4.876704723915656,82.69630992010593
0.04212957947025983,3.1525723879790095,95.85768212692972
0.14773943408873405,6.200225330861721,94.1809751728285
0.05393078480732018,7.682558644322585,63.60352170659632
0.11620928669655126,7.1016928231252345,56.87279065697571
0.054733246064503964,7.294811589906871,52.26302992607931
0.012033365813241305,5.011395087611437,55.08113755754776
0.036066164300910857,3.2679693774261773,76.42376820736828
0.038051232050486605,4.193709557812871,58.360981065940656
0.058614445574932124,5.931479229583485,67.41610883922216
0.22817349721775856,0.5196036701498068,54.95466710820261
0.06643204271086318,0.459904075210247,62.217546339983826
0.01830957161152048,3.962963912142192,73.39494533935876
0.0940229070196896,1.2498653719429402,85.3988281016543
0.029086617048508793,1.945364195903009,66.78720718358652
0.3605901532199714,3.1248632970812547,76.96897158500182
0.05274359223943192,7.657241981992931,97.31022382998036
0.03505074182636575,3.974186821239658,89.8663692156997
0.15337522680098972,3.007696213429381,61.805584931141496
0.04761800860275367,6.6977205633155945,94.39728247001187
0.21333541273751003,6.516522687373791,94.49943220311701
0.2413000615896546,2.9643068919282385,91.25471492536444
0.061742184295329225,1.9798120059940052,54.98553171874416
0.020898260296941463,5.544184144932732,69.2937861279801
0.18488317272493107,5.223738397279397,55.8925214420318
0.06602283370668631,6.258850646555832,93.6572619880597
0.1252681453478584,5.141400476294008,61.88453443608247
0.024577347454783904,6.322228565017424,59.95680946822665
0.018749477583189546,0.6480273767536797,82.10952530829735
0.09302188002638778,0.5769800791739197,55.69333991018938
0.05965034121762429,7.18731385804051,87.61757442831902
0.024902441690008794,7.748699916466975,63.97954122649965
0.10250952546221645,4.541334373352092,86.64531909943153
0.04987872573904588,3.3676915117816137,94.21554434077551
0.16019982571517932,7.348539027700625,96.21813203680847
0.05393078480732018,7.682558644322585,63.60352170659632
0.11576530921975214,7.11438642895122,56.347452369803264
0.054733246064503964,7.294811589906871,52.26302992607931
0.012033365813241305,5.011395087611437,55.08113755754776
0.03985358771566671,2.2610969625598942,81.85229456771918
0.038051232050486605,4.193709557812871,58.360981065940656
0.06872586116840487,5.815399153970135,69.63204615884985
0.22817349721775856,0.5196036701498068,54.95466710820261
0.0510404057151843,0.008865938727196543,62.29047627149584
0.015309604804234477,6.125800705852263,82.34411629864891
0.0940229070196896,1.2498653719429402,85.3988281016543
0.02310973287252897,0.5022704918562511,59.07563232142929
0.5385868736843368,0.4794041712638375,84.72678527320377
0.05274359223943192,7.657241981992931,97.31022382998036
0.03518471238370599,3.9687071474612927,89.90566393161711
0.1501304208140431,3.1284641168079177,62.98875242944921
0.04761800860275367,6.6977205633155945,94.39728247001187
0.21333541273751003,6.516522687373791,94.49943220311701
0.15357919772724077,5.173255588043409,78.30922782293705
0.061742184295329225,1.9798120059940052,54.98553171874416
0.020898260296941463,5.544184144932732,69.2937861279801
0.16610114837011836,5.520173401930013,56.84195204887514
0.06602283370668631,6.258850646555832,93.6572619880597
0.0896267693054335,2.921504987188591,73.84704798363305
0.0282116442756345,6.494485642743009,64.77652882026568
0.019579364038268036,0.8013208315842864,81.42118155513744
0.09302188002638778,0.5769800791739197,55.69333991018938
0.09598788757818187,5.557246319412769,77.7264363437624
0.024902441690008794,7.748699916466975,63.97954122649965
0.09558659223589429,4.626404271369545,85.1734205338056
0.04987872573904588,3.3676915117816137,94.21554434077551
0.12098845982833803,7.017631673012226,92.46343345184914
0.053632889888246466,7.676206090170967,72.06133686892325
0.11576530921975214,7.11438642895122,56.347452369803264
0.054733246064503964,7.294811589906871,52.26302992607931
0.012033365813241305,5.011395087611437,55.08113755754776
0.045536241628115634,0.17536063556056636,88.64539735237656
0.03482837431071539,3.4734016791583944,55.52724551629584
0.09669787589199112,7.294208403347495,79.9100644363452
0.22817349721775856,0.5196036701498068,54.95466710820261
0.0510404057151843,0.008865938727196543,62.29047627149584
0.015309604804234477,6.125800705852263,82.34411629864891
0.0940229070196896,1.2498653719429402,85.3988281016543
0.02310973287252897,0.5022704918562511,59.07563232142929
0.5385868736843368,0.4794041712638375,84.72678527320377
0.05274359223943192,7.657241981992931,97.31022382998036
0.0392917247954333,4.011617844153261,89.32366028103243
0.10577552017452248,1.876151488051499,73.8688792697487
0.04761800860275367,6.6977205633155945,94.39728247001187
0.21333541273751003,6.516522687373791,94.49943220311701
0.13709845799975925,5.033517620004684,75.46349379745004
0.0650101916007505,2.0810450343480027,52.92375389683676
0.020898260296941463,5.544184144932732,69.2937861279801
0.16610114837011836,5.520173401930013,56.84195204887514
0.06602283370668631,6.258850646555832,93.6572619880597
0.08828080689765777,2.3638029295185126,73.02620003300362
0.0282116442756345,6.494485642743009,64.77652882026568
0.019579364038268036,0.8013208315842864,81.42118155513744
0.09287336540622296,0.5551010928395721,55.60231744175527
0.09598788757818187,5.557246319412769,77.7264363437624
0.024902441690008794,7.748699916466975,63.97954122649965
0.09526746752030536,3.8861646709130557,91.09553440160047
0.04757400591184835,3.4677903410351165,91.83232369191018
0.10976862794068513,5.937711168984935,88.90027992566527
0.053632889888246466,7.676206090170967,72.06133686892325
0.12519825280355823,7.086500424834588,56.97872918550053
0.05312290553439916,6.048238262344211,58.63336509911949
0.012033365813241305,5.011395087611437,55.08113755754776
0.045536241628115634,0.17536063556056636,88.64539735237656
0.03482837431071539,3.4734016791583944,55.52724551629584
0.09669787589199112,7.294208403347495,79.9100644363452
0.328371652899192,0.477066181636449,54.40703287378342
0.0510404057151843,0.008865938727196543,62.29047627149584
0.015309604804234477,6.125800705852263,82.34411629864891
0.08494683423315348,2.8735009399956,88.075754916021
0.02310973287252897,0.5022704918562511,59.07563232142929
0.5385868736843368,0.4794041712638375,84.72678527320377
0.05274359223943192,7.657241981992931,97.31022382998036
0.020405651760815324,3.7869445538108377,94.16124960735232
0.08525033102903382,3.577799556774473,81.11384809927459
0.04736506104289443,6.644526839180111,94.28021999734648
0.18991860736933358,6.140633273944209,92.644760545335
0.12707872106077048,5.594190901619012,76.56628652364182
0.0650101916007505,2.0810450343480027,52.92375389683676
0.020898260296941463,5.544184144932732,69.2937861279801
0.16610114837011836,5.520173401930013,56.84195204887514
0.06602283370668631,6.258850646555832,93.6572619880597
0.08572061658169203,2.41748256232989,73.8233952532372
0.0234719792954316,6.059992418821397,61.93612113757633
0.016017862723088597,0.5796409182046167,81.59339846654905
0.09986419735337733,0.20362633877046665,55.611358966354224
0.08970623625094586,5.750899847564894,76.51165600610267
0.024902441690008794,7.748699916466975,63.97954122649965
0.08561545642650809,3.7185850092966093,90.99928558694226
0.06482097817196442,4.2121386158992795,86.8072391619291
0.14566518773681664,5.674193208884376,84.99683517076004
0.053632889888246466,7.676206090170967,72.06133686892325
0.12519825280355823,7.086500424834588,56.97872918550053
0.05429492863343712,5.8642805058452065,61.45608916778042
0.012033365813241305,5.011395087611437,55.08113755754776
0.0403586650107758,1.1946225385746372,87.566039247366
0.021452282000510678,4.145905150944547,55.50994567722449
0.09669787589199112,7.294208403347495,79.9100644363452
0.3287524850738204,0.4769399887658053,54.40509993904251
0.0510404057151843,0.008865938727196543,62.29047627149584
0.024885310627122348,5.755690487303043,83.20730284919674
0.08494683423315348,2.8735009399956,88.075754916021
0.02310973287252897,0.5022704918562511,59.07563232142929
0.5385868736843368,0.4794041712638375,84.72678527320377
0.05274359223943192,7.657241981992931,97.31022382998036
0.020405651760815324,3.7869445538108377,94.16124960735232
0.08525033102903382,3.577799556774473,81.11384809927459
0.04736506104289443,6.644526839180111,94.28021999734648
0.2232834656919312,6.108797596488444,92.37209614210911
0.1555278705899419,5.738308369221275,81.87927125281941
0.0650101916007505,2.0810450343480027,52.92375389683676
0.020898260296941463,5.544184144932732,69.2937861279801
0.16610114837011836,5.520173401930013,56.84195204887514
0.06602283370668631,6.258850646555832,93.6572619880597
0.07504555493884296,2.0713731849917867,72.22325667994295
0.02193946200443017,5.977870382430156,61.42164502003148
0.016017862723088597,0.5796409182046167,81.59339846654905
0.07360331006272822,1.6411201096807702,55.45282597273919
0.08970623625094586,5.750899847564894,76.51165600610267
0.024902441690008794,7.748699916466975,63.97954122649965
0.08561545642650809,3.7185850092966093,90.99928558694226
0.05125003690271753,4.534242730580122,84.07141597197341
0.14566518773681664,5.674193208884376,84.99683517076004
0.053632889888246466,7.676206090170967,72.06133686892325
0.0873618441596401,6.39269393055453,56.34427397431261
0.05429492863343712,5.8642805058452065,61.45608916778042
0.01034282903276898,4.97727817207788,54.82612829022177
0.0403586650107758,1.1946225385746372,87.566039247366
0.021452282000510678,4.145905150944547,55.50994567722449
0.10587772471567869,7.152636938735126,80.01012750496463
0.24310557220566673,2.705022906188143,67.71877026954664
0.0510404057151843,0.008865938727196543,62.29047627149584
0.022209366885338977,6.00075400561156,85.22692437408847
0.09260031676440468,1.7365881252518545,85.8810738173866
0.02310973287252897,0.5022704918562511,59.07563232142929
0.5385868736843368,0.4794041712638375,84.72678527320377
0.05274359223943192,7.657241981992931,97.31022382998036
0.020405651760815324,3.7869445538108377,94.16124960735232
0.08652751439246764,3.3997111768372124,80.28065388419589
0.0542305292465093,5.687860748117412,91.34107266223796
0.18936127329076485,5.19854094207953,87.79809520789057
0.20700031990429496,6.34964183270325,92.00261874972887
0.0650101916007505,2.0810450343480027,52.92375389683676
0.020898260296941463,5.544184144932732,69.2937861279801
0.273845918173268,5.178095995326354,53.41914272008677
0.06602283370668631,6.258850646555832,93.6572619880597
0.03224887381511474,1.4025744801477815,76.27130596849102
0.02193946200443017,5.977870382430156,61.42164502003148
0.016017862723088597,0.5796409182046167,81.59339846654905
0.07360331006272822,1.6411201096807702,55.45282597273919
0.08935804460132493,6.149097515730698,75.68944606619064
0.024902441690008794,7.748699916466975,63.97954122649965
0.1118018753455541,0.5809679615236547,85.9718593459505
0.05594358028264324,5.061065034025964,84.40153135453896
0.11744824278956524,4.611453411260386,82.82600305126415
0.053632889888246466,7.676206090170967,72.06133686892325
0.0873618441596401,6.39269393055453,56.34427397431261
0.06906610013357659,4.852342380919739,75.38904789225913
0.01034282903276898,4.97727817207788,54.82612829022177
0.04205318281354607,1.7434941256065195,88.02717851594932
0.02951373287892222,3.758718122780152,55.50111617358847
0.10190259334001624,6.473801901438402,76.98548706230895
0.22897975680922833,2.5067286694033495,67.31953557053701
0.0510404057151843,0.008865938727196543,62.29047627149584
0.021507191720108853,5.545005726120786,90.76683167502773
0.09341974515029419,1.5040703039979046,85.28063117342808
0.010858075299451278,0.7187000660376048,57.66545622402628
0.5130008605601327,0.9335114341350987,81.70104355634105
0.05274359223943192,7.657241981992931,97.31022382998036
0.020405651760815324,3.7869445538108377,94.16124960735232
0.08652751439246764,3.3997111768372124,80.28065388419589
0.07338598060431602,6.764373374385084,89.74397117043229
0.2968989709436569,7.796741307207303,95.68776133400222
0.19027195743038375,6.494335186054302,89.82754812709635
0.0650101916007505,2.0810450343480027,52.92375389683676
0.020898260296941463,5.544184144932732,69.2937861279801
0.273845918173268,5.178095995326354,53.41914272008677
0.06602283370668631,6.258850646555832,93.6572619880597
0.03224887381511474,1.4025744801477815,76.27130596849102
0.02193946200443017,5.977870382430156,61.42164502003148
0.016017862723088597,0.5796409182046167,81.59339846654905
0.07360331006272822,1.6411201096807702,55.45282597273919
0.08579890259961745,6.1658373249187255,78.42994018965132
0.024902441690008794,7.748699916466975,63.97954122649965
0.1118018753455541,0.5809679615236547,85.9718593459505
0.03932217180509262,3.4379292748294565,79.31055346106878
0.1187997695447576,4.786233852016457,82.68793800737518
0.053632889888246466,7.676206090170967,72.06133686892325
0.0873618441596401,6.39269393055453,56.34427397431261
0.05389519908934827,5.070244262667042,73.46928953526893
0.03347325655188735,5.320309349033229,60.93352743041247
0.04205318281354607,1.7434941256065195,88.02717851594932
0.021750769300098803,2.497840041528095,50.171062968766144
0.1405239283384098,5.452204281380691,75.0060985783739
0.2831842931401258,1.2586563067425693,58.558789348214795
0.0510404057151843,0.008865938727196543,62.29047627149584
0.021507191720108853,5.545005726120786,90.76683167502773
0.11147811183808218,2.1411955886565495,95.07702377798549
0.010914936260259172,0.7444701267773448,57.84220102968506
0.28973153272856167,1.5054185592964657,67.35903475062977
0.05274359223943192,7.657241981992931,97.31022382998036
0.020405651760815324,3.7869445538108377,94.16124960735232
0.08652751439246764,3.3997111768372124,80.28065388419589
0.07338598060431602,6.764373374385084,89.74397117043229
0.2399824857164047,6.2851916581563705,82.7157861734517
0.16218316997985643,6.707394915595478,85.43714298743032
0.06891026557446424,1.6804553629639747,51.933210293115
0.024213905506793677,7.138257294765711,73.09706779417303
0.17861174635955085,4.655348930404237,68.72863107518594
0.06602283370668631,6.258850646555832,93.6572619880597
0.024672526761935393,1.1391264848167983,67.186874791675
0.02193946200443017,5.977870382430156,61.42164502003148
0.016017862723088597,0.5796409182046167,81.59339846654905
0.050128544069903094,2.0289757407783964,53.061657695847586
0.08579890259961745,6.1658373249187255,78.42994018965132
0.024902441690008794,7.748699916466975,63.97954122649965
0.0789118373512031,1.1311564763856152,86.98877827200057
0.03932217180509262,3.4379292748294565,79.31055346106878
0.18452442552301493,7.3923356044711195,78.0259841801103
0.053632889888246466,7.676206090170967,72.06133686892325
0.0873618441596401,6.39269393055453,56.34427397431261
0.03830590043432862,3.501250020200395,67.80121461467787
0.03347325655188735,5.320309349033229,60.93352743041247
0.04213548020476396,1.7463558058575877,88.12585733587437
0.021750769300098803,2.497840041528095,50.171062968766144
0.15790301105197832,6.441931345399962,80.08402449553127
0.24193255757575013,1.627302292884073,62.06915939253038
0.0510404057151843,0.008865938727196543,62.29047627149584
0.038149882197185965,5.759232236850822,82.06761374553733
0.11147811183808218,2.1411955886565495,95.07702377798549
0.010914936260259172,0.7444701267773448,57.84220102968506
0.28973153272856167,1.5054185592964657,67.35903475062977
0.05274359223943192,7.657241981992931,97.31022382998036
0.020405651760815324,3.7869445538108377,94.16124960735232
0.08652751439246764,3.3997111768372124,80.28065388419589
0.07338598060431602,6.764373374385084,89.74397117043229
0.3392626288565879,7.693923716152117,84.40058365293952
0.28149170289464165,6.3348078865690916,96.108188259641
0.06891026557446424,1.6804553629639747,51.933210293115
0.024213905506793677,7.138257294765711,73.09706779417303
0.17861174635955085,4.655348930404237,68.72863107518594
0.056595554252172546,5.205989147246506,88.246766196383
0.020088808873557712,1.128827028558188,67.29484754457766
0.022086652523991838,6.1881203220025585,58.27982260131162
0.016017862723088597,0.5796409182046167,81.59339846654905
0.04962046147456921,1.2102039639324538,50.3069620107822
0.0822352138108057,6.182598519133961,81.17393528141668
0.024902441690008794,7.748699916466975,63.97954122649965
0.0585577532791616,2.942498886902029,76.70558255308586
0.03932217180509262,3.4379292748294565,79.31055346106878
0.18452442552301493,7.3923356044711195,78.0259841801103
0.053632889888246466,7.676206090170967,72.06133686892325
0.11965612152293095,7.035351061742416,53.5940325859039
0.03830590043432862,3.501250020200395,67.80121461467787
0.032159498290843296,5.294165518483341,61.045409554395036
0.04213548020476396,1.7463558058575877,88.12585733587437
0.021750769300098803,2.497840041528095,50.171062968766144
0.14769415619651002,6.146198751210878,77.84111553865588
0.24193255757575013,1.627302292884073,62.06915939253038
0.05014255798177321,0.20048287714476842,62.166107030537916
0.038147640237233556,5.791679121238824,82.27261987880917
0.11112820836449638,2.181096497846453,94.77536742674282
0.012369604251625853,1.453287242093638,57.89918368817267
0.2679342522490312,1.5609999586550913,64.9467466939586
0.05274359223943192,7.657241981992931,97.31022382998036
0.020405651760815324,3.7869445538108377,94.16124960735232
0.09037954040168644,4.5471510777319795,76.887669980744
0.07807826617218577,6.6140167830716905,88.32271782665892
0.41163256909248513,7.834974298025297,87.38193779133502
0.2803018474092586,6.341686655788171,96.11444076425359
0.0676453677990275,1.6835686399693903,53.64302787332838
0.024213905506793677,7.138257294765711,73.09706779417303
0.12639782836362917,5.065695701633494,73.68713387914745
0.030457413339800704,5.0462934116138145,90.67862070852227
0.020088808873557712,1.128827028558188,67.29484754457766
0.022086652523991838,6.1881203220025585,58.27982260131162
0.016017862723088597,0.5796409182046167,81.59339846654905
0.0507456748324524,1.423869158145596,51.81009398840916
0.08663776465443834,6.450805273372971,83.43057701400187
0.024902441690008794,7.748699916466975,63.97954122649965
0.0585577532791616,2.942498886902029,76.70558255308586
0.1991766732845114,5.325836368713166,82.77606806330412
0.19564118713136786,7.901774182974593,80.31017029462959
0.053264025969302395,7.677136822496557,71.95757646838233
0.11965612152293095,7.035351061742416,53.5940325859039
0.02654158492976555,3.592748955160157,64.80949180742917
0.03132543786678871,5.050559573421651,62.10715229252105
0.04213548020476396,1.7463558058575877,88.12585733587437
0.021750769300098803,2.497840041528095,50.171062968766144
0.16205852517078728,6.874997847644669,80.64297535870581
0.2231827391086926,1.8435557744071067,71.2580355526689
0.0500065797699257,0.4634612076863661,59.07743412892719
0.04547949194085463,7.684788335837238,88.3535673882958
0.16466681412969675,2.518456842035117,99.93541122820696
0.02046439023744807,1.5329868049950066,66.11928292619432
0.20943558311585733,3.117941962139057,72.14938080213452
0.05385770369151649,7.710631696722887,98.7286373243454
0.027493374379861657,4.018921332734984,91.2642438565097
0.09627217350797215,5.0479626151215005,72.19925167430975
0.07807826617218577,6.6140167830716905,88.32271782665892
0.41163256909248513,7.834974298025297,87.38193779133502
0.1579243354424483,5.825075803301907,78.81928416645376
0.0676453677990275,1.6835686399693903,53.64302787332838
0.02115566450368902,7.848044120870897,77.73572426525239
0.1592859120562243,4.19621426645872,72.42195294242273
0.030457413339800704,5.0462934116138145,90.67862070852227
0.020088808873557712,1.128827028558188,67.29484754457766
0.022086652523991838,6.1881203220025585,58.27982260131162
0.016017862723088597,0.5796409182046167,81.59339846654905
0.0507456748324524,1.423869158145596,51.81009398840916
0.06799706492125995,6.637142672732843,83.53898845117635
0.024902441690008794,7.748699916466975,63.97954122649965
0.05779953087697672,3.6206427237249406,76.02552399162057
0.1991766732845114,5.325836368713166,82.77606806330412
0.19113955540938968,7.870712624846258,80.76016671809191
0.04975020922084826,7.750003510922569,69.4144526930415
0.10113300117258599,6.622300749831346,61.295066635948004
0.02654158492976555,3.592748955160157,64.80949180742917
0.03132543786678871,5.050559573421651,62.10715229252105
0.03984356011032417,1.815763886494091,93.37513364088498
0.021750769300098803,2.497840041528095,50.171062968766144
0.21302094645621453,7.003867584480765,79.0739178629464
0.2231827391086926,1.8435557744071067,71.2580355526689
0.0500065797699257,0.4634612076863661,59.07743412892719
0.04547949194085463,7.684788335837238,88.3535673882958
0.16466681412969675,2.518456842035117,99.93541122820696
0.02046439023744807,1.5329868049950066,66.11928292619432
0.286242073466406,1.2068822390162621,65.964391018877
0.05385770369151649,7.710631696722887,98.7286373243454
0.030793133405416766,4.48733128107763,88.79215463725738
0.14239322125136197,5.442850879875837,60.51181599173205
0.08068261197220114,7.108552372486752,91.80176953305357
0.41163256909248513,7.834974298025297,87.38193779133502
0.22705911785145452,6.999746224721989,86.19136263609292
0.05832597772712192,1.2560457988450588,51.0441129868332
0.025967743092347506,7.72082439482822,77.55060706130405
0.15460304994758398,4.227114288254012,73.08557518877127
0.030457413339800704,5.0462934116138145,90.67862070852227
0.019963100350029288,0.9935532007005274,67.68831353276862
0.022086652523991838,6.1881203220025585,58.27982260131162
0.016017862723088597,0.5796409182046167,81.59339846654905
0.0507456748324524,1.423869158145596,51.81009398840916
0.060340155309633076,6.7136831805778705,83.58351985757169
0.024902441690008794,7.748699916466975,63.97954122649965
0.05779953087697672,3.6206427237249406,76.02552399162057
0.2607649614222547,6.068671849398242,85.71681538846171
0.1291889015504621,4.785313209508902,66.89916703052542
0.04975020922084826,7.750003510922569,69.4144526930415
0.09658071663765139,6.755479127484558,61.18023653651743
0.02654158492976555,3.592748955160157,64.80949180742917
0.0659397281421442,4.393247181666962,71.92704745266559
0.03984356011032417,1.815763886494091,93.37513364088498
0.021750769300098803,2.497840041528095,50.171062968766144
0.19150602886753834,6.911947297328804,76.7307911429033
0.2231827391086926,1.8435557744071067,71.2580355526689
0.0500065797699257,0.4634612076863661,59.07743412892719
0.044972134063481946,7.156446993818761,88.80561884519928
0.1504393688193847,2.665192951312424,96.75224232299759
0.018605272886051683,1.3608523514731088,65.32638743538871
0.24910274923223003,1.1206748680237923,68.11242495506936
0.05385770369151649,7.710631696722887,98.7286373243454
0.030793133405416766,4.48733128107763,88.79215463725738
0.13084229501223538,5.73872048863709,65.49783399302183
0.08068261197220114,7.108552372486752,91.80176953305357
0.41163256909248513,7.834974298025297,87.38193779133502
0.22705911785145452,6.999746224721989,86.19136263609292
0.05832597772712192,1.2560457988450588,51.0441129868332
0.025967743092347506,7.72082439482822,77.55060706130405
0.15460304994758398,4.227114288254012,73.08557518877127
0.027906450332382884,7.016861994157349,86.82243007918375
0.019963100350029288,0.9935532007005274,67.68831353276862
0.022086652523991838,6.1881203220025585,58.27982260131162
0.016017862723088597,0.5796409182046167,81.59339846654905
0.0507456748324524,1.423869158145596,51.81009398840916
0.05882831045859504,6.946192664593389,87.11568163977725
0.024902441690008794,7.748699916466975,63.97954122649965
0.0490427061563035,3.710957067664369,74.06632108827064
0.14694026558960405,4.368150048614777,68.7890153219003
0.12604169014744254,5.099304735809444,62.47790241611993
0.04979207200625459,6.560182925476323,67.72651938148154
0.15009246976815338,4.679322485311237,65.43988960149487
0.035841357690949524,4.994682153933523,76.35726505853043
0.0659397281421442,4.393247181666962,71.92704745266559
0.035337189983391644,2.9253859493155745,84.46860188724393
0.021750769300098803,2.497840041528095,50.171062968766144
0.19150602886753834,6.911947297328804,76.7307911429033
0.2231827391086926,1.8435557744071067,71.2580355526689
0.05049282215831438,0.3079202862002077,58.484278143421434
0.044972134063481946,7.156446993818761,88.80561884519928
0.1504393688193847,2.665192951312424,96.75224232299759
0.018605272886051683,1.3608523514731088,65.32638743538871
0.2096767105609728,1.0291596018583162,70.39271601533486
0.05385770369151649,7.710631696722887,98.7286373243454
0.03371971730224349,2.5262279789110877,95.6101175328372
0.13084229501223538,5.73872048863709,65.49783399302183
0.09268092267715737,7.297023212942404,98.66583897588929
0.35732008656721465,7.82285790080474,84.09529895868395
0.22705911785145452,6.999746224721989,86.19136263609292
0.05832597772712192,1.2560457988450588,51.0441129868332
0.029572913319700134,6.725423293817706,77.11488000142286
0.16380389656939123,3.641776960372788,76.02376646838411
0.027906450332382884,7.016861994157349,86.82243007918375
0.019963100350029288,0.9935532007005274,67.68831353276862
0.022086652523991838,6.1881203220025585,58.27982260131162
0.016017862723088597,0.5796409182046167,81.59339846654905
0.0507456748324524,1.423869158145596,51.81009398840916
0.06336875025427882,6.7013891919159825,82.97100148312377
0.02501145437486166,7.722020329651956,63.928207706839494
0.0490427061563035,3.710957067664369,74.06632108827064
0.16498186340901888,3.736949187740124,74.23735610254975
0.12604169014744254,5.099304735809444,62.47790241611993
0.04979207200625459,6.560182925476323,67.72651938148154
0.15009246976815338,4.679322485311237,65.43988960149487
0.03567149183795919,4.297488026626711,79.09016351403724
0.0659397281421442,4.393247181666962,71.92704745266559
0.035337189983391644,2.9253859493155745,84.46860188724393
0.021750769300098803,2.497840041528095,50.171062968766144
0.19150602886753834,6.911947297328804,76.7307911429033
0.2231827391086926,1.8435557744071067,71.2580355526689
0.043651929381373196,0.4615522544799028,60.546655901367764
0.05152619954747718,7.339895078755237,93.78131659077106
0.1794444046040964,3.3883065312252967,94.97771689016112
0.018605272886051683,1.3608523514731088,65.32638743538871
0.2528747443562427,1.1768455147701475,72.9545651232298
0.05354153514810016,7.662969545312777,98.33604250055124
0.032020550162304616,3.8388010631610223,93.04155327547278
0.11517674850857662,5.933237619722556,68.74317047127676
0.09268092267715737,7.297023212942404,98.66583897588929
0.35732008656721465,7.82285790080474,84.09529895868395
0.20469306845257818,5.824180707801222,81.88440829274894
0.05832597772712192,1.2560457988450588,51.0441129868332
0.029572913319700134,6.725423293817706,77.11488000142286
0.1267106612093768,2.9141043077261894,68.07951050511733
0.023056974806421944,6.602615891819676,88.10037160983157
0.02015196652703928,1.2452748227443875,67.54764257169833
0.022086652523991838,6.1881203220025585,58.27982260131162
0.016017862723088597,0.5796409182046167,81.59339846654905
0.0507456748324524,1.423869158145596,51.81009398840916
0.034489797984576076,7.579216848956727,85.08757579846987
0.024205449040195552,7.081920564092665,65.51136141689406
0.04735694343251991,5.974937373280858,96.09768228855634
0.1617107588581091,3.817122027844506,74.05246447830808
0.0772554444968124,6.05258532727903,74.58036539534152
0.04979207200625459,6.560182925476323,67.72651938148154
0.12275451227948851,5.194749921489775,68.8705889985043
0.03567149183795919,4.297488026626711,79.09016351403724
0.07058759927723983,3.4430537841089066,64.87979139468722
0.035337189983391644,2.9253859493155745,84.46860188724393
0.021750769300098803,2.497840041528095,50.171062968766144
0.19237076661413435,6.840617199061896,77.06873865964783
0.23249581929318297,1.544558073458758,70.8346761530164
0.043651929381373196,0.4615522544799028,60.546655901367764
0.049605068689666305,6.995068838078117,93.70845656419966
0.1826334479545212,3.3111925960739743,98.74070719772827
0.018605272886051683,1.3608523514731088,65.32638743538871
0.2528747443562427,1.1768455147701475,72.9545651232298
0.05354153514810016,7.662969545312777,98.33604250055124
0.032020550162304616,3.8388010631610223,93.04155327547278
0.11517674850857662,5.933237619722556,68.74317047127676
0.09268092267715737,7.297023212942404,98.66583897588929
0.33969014980525397,7.0369864014324754,82.40807205034912
0.2072212822766656,5.867455101627057,81.845830393778
0.05832597772712192,1.2560457988450588,51.0441129868332
0.029572913319700134,6.725423293817706,77.11488000142286
0.1319827727464715,1.5340689303907356,67.7761538337898
0.023056974806421944,6.602615891819676,88.10037160983157
0.02015196652703928,1.2452748227443875,67.54764257169833
0.022086652523991838,6.1881203220025585,58.27982260131162
0.016017862723088597,0.5796409182046167,81.59339846654905
0.0507456748324524,1.423869158145596,51.81009398840916
0.034489797984576076,7.579216848956727,85.08757579846987
0.024205449040195552,7.081920564092665,65.51136141689406
0.04913452850323288,5.7627441151828815,90.72739069411566
0.19063790855129506,4.402390776704406,77.35421819642029
0.05737339001490834,4.779257644698944,65.8368302068106
0.04979207200625459,6.560182925476323,67.72651938148154
0.1320151418151168,5.442018810271423,70.58507380812745
0.03794537792603182,4.725731062874027,81.539118769525
0.07479897511750842,2.730133561253835,59.09362830557064
0.017046864183359225,2.4492687574033103,87.09520130324034
0.021750769300098803,2.497840041528095,50.171062968766144
0.20038267163651297,7.099119250923622,77.64313668293111
0.23249581929318297,1.544558073458758,70.8346761530164
0.04026838418038595,1.3600383732129933,60.1909946694454
0.04487983518260186,7.091824551706197,93.97354049708086
0.15265087349796946,4.044496461413782,91.74074059265314
0.017757470546816374,1.2067641778811753,64.55017636767134
0.3473869473154946,0.8975716183371327,77.0029982183062
0.05354153514810016,7.662969545312777,98.33604250055124
0.032020550162304616,3.8388010631610223,93.04155327547278
0.11517674850857662,5.933237619722556,68.74317047127676
0.09268092267715737,7.297023212942404,98.66583897588929
0.33969014980525397,7.0369864014324754,82.40807205034912
0.2072212822766656,5.867455101627057,81.845830393778
0.05832597772712192,1.2560457988450588,51.0441129868332
0.029572913319700134,6.725423293817706,77.11488000142286
0.14757792470615827,0.8557465896258507,68.18151902452684
0.016393152257181548,7.492899005599627,90.0421031243734
0.02015196652703928,1.2452748227443875,67.54764257169833
0.10986270646126722,4.760567086404172,63.33191292876658
0.016017862723088597,0.5796409182046167,81.59339846654905
0.08306552152994484,3.85463415594731,72.66671174702739
0.034489797984576076,7.579216848956727,85.08757579846987
0.024205449040195552,7.081920564092665,65.51136141689406
0.04913452850323288,5.7627441151828815,90.72739069411566
0.2988044818315657,6.405455722315828,83.57610176256844
0.05737339001490834,4.779257644698944,65.8368302068106
0.055970372054282874,6.410107960967202,67.7539351378343
0.1454793604372888,5.04923326824443,72.05788589635877
0.037716826353010366,4.733948036454626,81.56844007468163
0.12584955453947677,2.953679647219208,67.68019826313085
0.017812335105868087,3.840078976898313,91.18797498283875
0.021750769300098803,2.497840041528095,50.171062968766144
0.2654193985365069,7.673760783299492,72.01690526489847
0.26124587695104146,1.4238311740693979,68.66483023578884
0.04451006617774215,1.3356107865905817,58.04241583114851
0.04487983518260186,7.091824551706197,93.97354049708086
0.16493602036885174,3.971535117314821,92.83335103641106
0.017757470546816374,1.2067641778811753,64.55017636767134
0.3473869473154946,0.8975716183371327,77.0029982183062
0.03778653401348596,4.634754692249486,83.8084131886209
0.061632856601377364,3.868372951823755,92.99516779081237
0.11517674850857662,5.933237619722556,68.74317047127676
0.1197824408622464,6.616101534658368,96.36084492022863
0.33969014980525397,7.0369864014324754,82.40807205034912
0.19470477868607114,5.512012101116387,79.44326804745205
0.05832597772712192,1.2560457988450588,51.0441129868332
0.029572913319700134,6.725423293817706,77.11488000142286
0.14519912906948818,0.869703174222937,67.77933613098898
0.016393152257181548,7.492899005599627,90.0421031243734
0.02015196652703928,1.2452748227443875,67.54764257169833
0.10043528016468266,5.036152628727157,66.02592759034322
0.015578900440528946,0.4213963680484961,85.89398367469256
0.08350911529382612,3.8308277983666086,72.62982478704613
0.034489797984576076,7.579216848956727,85.08757579846987
0.024205449040195552,7.081920564092665,65.51136141689406
0.04913452850323288,5.7627441151828815,90.72739069411566
0.2988044818315657,6.405455722315828,83.57610176256844
0.05737339001490834,4.779257644698944,65.8368302068106
0.055970372054282874,6.410107960967202,67.7539351378343
0.16594953409396757,5.451700153681261,71.868961544256
0.03890056412128905,4.840609145513589,82.51800029471349
0.022392038808036335,4.1226502636921545,66.92783234959225
0.017812335105868087,3.840078976898313,91.18797498283875
0.021750769300098803,2.497840041528095,50.171062968766144
0.2654193985365069,7.673760783299492,72.01690526489847
0.23074073273101947,0.2099736843649458,59.19814054091618
0.04451006617774215,1.3356107865905817,58.04241583114851
0.04341654257886432,6.584950239381239,91.87655416421747
0.16493602036885174,3.971535117314821,92.83335103641106
0.017757470546816374,1.2067641778811753,64.55017636767134
0.272992737588186,2.5108702354889307,74.35676062460391
0.03778653401348596,4.634754692249486,83.8084131886209
0.06600562836262473,4.018641606589196,97.69050970839896
0.11517674850857662,5.933237619722556,68.74317047127676
0.1197824408622464,6.616101534658368,96.36084492022863
0.1849235013984757,5.6154776664725645,74.85736584699357
0.3321748107741123,4.246227847132037,90.67627204534624
0.05832597772712192,1.2560457988450588,51.0441129868332
0.029572913319700134,6.725423293817706,77.11488000142286
0.14519912906948818,0.869703174222937,67.77933613098898
0.016393152257181548,7.492899005599627,90.0421031243734
0.022059373406660223,1.3391682823243585,69.63926264602561
0.09645758075566327,4.794091637564048,65.29273228377605
0.018163653710017096,1.8255698328934127,78.6986473989822
0.08350911529382612,3.8308277983666086,72.62982478704613
0.04844300354392905,7.422991716110007,85.3495313024125
0.025179167923131206,7.1290044179763346,67.36483116036794
0.04913452850323288,5.7627441151828815,90.72739069411566
0.19756202528451405,6.4766120419823086,86.86661811997287
0.06363431663266735,4.758464007239147,60.183142870603376
0.055970372054282874,6.410107960967202,67.7539351378343
0.18424818511523286,6.165064564194746,75.40969787733233
0.03890056412128905,4.840609145513589,82.51800029471349
0.02449358997206403,5.264323016127052,61.077615423941836
0.02513180035308063,3.953405714682128,90.62126264188947
0.021750769300098803,2.497840041528095,50.171062968766144
0.2654193985365069,7.673760783299492,72.01690526489847
0.23074073273101947,0.2099736843649458,59.19814054091618
0.04451006617774215,1.3356107865905817,58.04241583114851
0.04341654257886432,6.584950239381239,91.87655416421747
0.15852648479625242,3.62070896391431,93.75549989797996
0.019486877356712375,1.215093395935683,64.1294857721007
0.272992737588186,2.5108702354889307,74.35676062460391
0.018000081259860135,5.328314082910875,86.76112628264589
0.04265967627227123,2.3532328351542184,92.22909781506763
0.11517674850857662,5.933237619722556,68.74317047127676
0.14905525476376202,6.969688386663861,98.69505483071684
0.1849235013984757,5.6154776664725645,74.85736584699357
0.1975025788520413,5.754066833184022,88.14795464687022
0.05832597772712192,1.2560457988450588,51.0441129868332
0.029572913319700134,6.725423293817706,77.11488000142286
0.14519912906948818,0.869703174222937,67.77933613098898
0.030697547812338424,7.267051656016272,86.95790322546317
0.022059373406660223,1.3391682823243585,69.63926264602561
0.09645758075566327,4.794091637564048,65.29273228377605
0.024538429062644432,1.7351719820759626,74.30917421302138
0.09310824256077341,4.812264683766069,80.85771117209465
0.05218013094433116,7.7598358698463565,89.13698278290502
0.025179167923131206,7.1290044179763346,67.36483116036794
0.019525997111361604,6.153535916569156,91.43205810073219
0.1295298650449847,5.775113326485217,85.00198216780447
0.04388345065833599,4.308295178841552,56.902972499820024
0.051873003731798484,6.555465753225173,67.95451973135091
0.13055499614165414,5.419454338514825,80.47286198566417
0.03890056412128905,4.840609145513589,82.51800029471349
0.02449358997206403,5.264323016127052,61.077615423941836
0.025429389578559808,3.959628078748101,90.38600382342669
0.021750769300098803,2.497840041528095,50.171062968766144
0.21484272321425835,6.42686245701052,72.49820249063495
0.23074073273101947,0.2099736843649458,59.19814054091618
0.04451006617774215,1.3356107865905817,58.04241583114851
0.04341654257886432,6.584950239381239,91.87655416421747
0.11346138897815206,4.806347149240104,84.83670015568114
0.019486877356712375,1.215093395935683,64.1294857721007
0.39368078505873055,1.2152084580382723,82.52737179236587
0.021520092097517794,5.502349832193595,87.46957901949186
0.04265967627227123,2.3532328351542184,92.22909781506763
0.11517674850857662,5.933237619722556,68.74317047127676
0.14905525476376202,6.969688386663861,98.69505483071684
0.1849235013984757,5.6154776664725645,74.85736584699357
0.15937220953139877,4.521738971567244,77.98257358226151
0.046648488941999994,1.4216390677411668,59.08487067102753
0.029870301131577195,6.665330911793327,77.28714439633958
0.14519912906948818,0.869703174222937,67.77933613098898
0.030697547812338424,7.267051656016272,86.95790322546317
0.022059373406660223,1.3391682823243585,69.63926264602561
0.09336100645164713,4.877348211402116,60.65169703907607
0.024538429062644432,1.7351719820759626,74.30917421302138
0.0920999172192051,4.81773571772942,85.54358095915072
0.053095432015631605,7.954945302734059,89.72947399455143
0.025179167923131206,7.1290044179763346,67.36483116036794
0.019525997111361604,6.153535916569156,91.43205810073219
0.1288452782093999,6.012623886756958,88.02654757563201
0.03454868794642277,5.7160290010568,62.124181433856165
0.06648411109344411,7.989765268238471,55.56026755193677
0.09914979504047278,5.6270936019938995,83.5727346397182
0.04911032676435057,5.50830204461283,76.5548640998604
0.02449358997206403,5.264323016127052,61.077615423941836
0.021026373965476963,3.93186805063572,90.79256632705271
0.021750769300098803,2.497840041528095,50.171062968766144
0.22958031078020427,6.865432294470427,73.6735112228152
0.23074073273101947,0.2099736843649458,59.19814054091618
0.047582602986802926,2.516541312279604,65.26834289139386
0.06034545160688652,7.421946346243049,95.2837402456954
0.1081065669721107,4.480889180316234,82.7518178046495
0.02088510707682459,2.6677610095495607,64.9242020684526
0.39368078505873055,1.2152084580382723,82.52737179236587
0.01998251141417986,4.818813117251833,95.91779748361357
0.04265967627227123,2.3532328351542184,92.22909781506763
0.14003033752606073,6.49970954373929,72.87078727596412
0.14905525476376202,6.969688386663861,98.69505483071684
0.18376036161899237,5.63838728526573,74.80589545903874
0.16730969536276635,4.465275676282424,77.43631449939873
0.046648488941999994,1.4216390677411668,59.08487067102753
0.029870301131577195,6.665330911793327,77.28714439633958
0.14519912906948818,0.869703174222937,67.77933613098898
0.030697547812338424,7.267051656016272,86.95790322546317
0.022059373406660223,1.3391682823243585,69.63926264602561
0.09336100645164713,4.877348211402116,60.65169703907607
0.020666990228116036,1.6033657544893662,72.12025724693312
0.07602040089221761,4.019145660778657,81.89235651020951
0.053095432015631605,7.954945302734059,89.72947399455143
0.0251896456991546,7.1431580530693894,67.41737827402602
0.01684933420964691,5.88674159678033,92.504049330214
0.13110304520682597,6.028814223860186,88.60961825379465
0.04423289856377616,6.356437351655418,74.57241547355953
0.06648411109344411,7.989765268238471,55.56026755193677
0.09914979504047278,5.6270936019938995,83.5727346397182
0.04884714958792871,5.479343795169931,76.30107292308314
0.02449358997206403,5.264323016127052,61.077615423941836
0.01629092329186504,4.249550609852451,91.93375733835055
0.021750769300098803,2.497840041528095,50.171062968766144
0.22958031078020427,6.865432294470427,73.6735112228152
0.23074073273101947,0.2099736843649458,59.19814054091618
0.047582602986802926,2.516541312279604,65.26834289139386
0.06005922845616977,7.404720971619659,95.01065582625807
0.17390540947632596,3.2384246157180385,76.3040181908228
0.02088510707682459,2.6677610095495607,64.9242020684526
0.39368078505873055,1.2152084580382723,82.52737179236587
0.01998251141417986,4.818813117251833,95.91779748361357
0.04392981541188242,2.3953672199735103,85.27309134823548
0.14057403354305104,5.907499157033242,72.33522655834459
0.14905525476376202,6.969688386663861,98.69505483071684
0.18376036161899237,5.63838728526573,74.80589545903874
0.118529931942744,5.2148111006107944,76.3012482596799
0.045935634946593945,1.644427531188251,59.8582297308482
0.029870301131577195,6.665330911793327,77.28714439633958
0.14482318596971216,1.2791919354801164,68.14965401084893
0.030697547812338424,7.267051656016272,86.95790322546317
0.022059373406660223,1.3391682823243585,69.63926264602561
0.11720263919402005,4.0849244499751425,58.28552911349681
0.024968024891743247,1.7910751113652346,72.87956253929906
0.053524039499805914,3.695755226336611,90.11165594089137
0.05130513684321382,7.6320352586215146,86.66763971820185
0.03625964276379226,6.775224832734386,66.31873405474613
0.01684933420964691,5.88674159678033,92.504049330214
0.15060491930974726,6.3310381913084,88.04498325840953
0.04219407881940697,5.988701693460757,71.08554455261674
0.06648411109344411,7.989765268238471,55.56026755193677
0.02234771436807878,5.882032558980367,98.81383844538803
0.03723072078859417,4.311312124034901,71.57471539074058
0.025043895253496685,5.251024547568025,61.299916430871534
0.01629092329186504,4.249550609852451,91.93375733835055
0.021750769300098803,2.497840041528095,50.171062968766144
0.3451529772936719,7.9627069922252005,64.90194699020108
0.1783024818286619,1.9801729721887762,61.118077689123425
0.04224561706937566,2.3453330376182575,67.06457238126391
0.05869064178233055,7.186266596748397,94.09689048273344
0.2707581036203141,4.444825991837551,88.75085515309767
0.02088510707682459,2.6677610095495607,64.9242020684526
0.2073096278889919,3.525628766275279,87.46158026474401
0.03614734702916192,4.983852519491903,93.39711087688104
0.04382740161040871,1.0568954258312564,88.88892049550452
0.1867313948399551,5.336372810205353,66.19247303320758
0.09535300328086904,4.728497308987574,87.52267181742644
0.18376036161899237,5.63838728526573,74.80589545903874
0.1017352303953406,4.388802323896771,72.49715344566444
0.045935634946593945,1.644427531188251,59.8582297308482
0.029870301131577195,6.665330911793327,77.28714439633958
0.14482318596971216,1.2791919354801164,68.14965401084893
0.030697547812338424,7.267051656016272,86.95790322546317
0.022011775497953485,1.5178773514620283,66.63656251592124
0.11720263919402005,4.0849244499751425,58.28552911349681
0.024968024891743247,1.7910751113652346,72.87956253929906
0.053524039499805914,3.695755226336611,90.11165594089137
0.05130513684321382,7.6320352586215146,86.66763971820185
0.03625964276379226,6.775224832734386,66.31873405474613
0.01684933420964691,5.88674159678033,92.504049330214
0.15060491930974726,6.3310381913084,88.04498325840953
0.0377364577450424,5.78485222003503,68.38880519705674
0.06648411109344411,7.989765268238471,55.56026755193677
0.027965467090213872,6.242711049017573,85.69204425883663
0.03723072078859417,4.311312124034901,71.57471539074058
0.024893954645575554,5.197557461099567,60.619440561869496
0.03225455020899917,4.223507740859618,86.6108098787615
0.021750769300098803,2.497840041528095,50.171062968766144
0.3451529772936719,7.9627069922252005,64.90194699020108
0.1335535917619995,2.100273546706269,63.073870494810755
0.04280797290619457,2.191853327937454,66.33101793324907
0.05869064178233055,7.186266596748397,94.09689048273344
0.2707581036203141,4.444825991837551,88.75085515309767
0.023506678124779606,3.076325160560184,65.68221128955182
0.2073096278889919,3.525628766275279,87.46158026474401
0.03614734702916192,4.983852519491903,93.39711087688104
0.04382740161040871,1.0568954258312564,88.88892049550452
0.14548089973931885,5.300990380334344,64.77197139663633
0.11933780490135736,4.888051149429556,81.92396759823185
0.2462163345596938,7.4482703762718465,81.5795058901014
0.09713258081854098,4.212633565111645,72.33206115326065
0.0468238298134324,1.6382154913989406,59.30664178498283
0.029870301131577195,6.665330911793327,77.28714439633958
0.14676078363358,2.9721869125630587,74.81705653614786
0.030697547812338424,7.267051656016272,86.95790322546317
0.022011775497953485,1.5178773514620283,66.63656251592124
0.1175324087006633,3.9175709157422802,53.04417208146921
0.024968024891743247,1.7910751113652346,72.87956253929906
0.055326662710940416,3.4572225118494275,92.59196708487208
0.05130513684321382,7.6320352586215146,86.66763971820185
0.03625964276379226,6.775224832734386,66.31873405474613
0.01684933420964691,5.88674159678033,92.504049330214
0.15060491930974726,6.3310381913084,88.04498325840953
0.03551629767863228,5.4826089443301385,65.39795117429234
0.06648411109344411,7.989765268238471,55.56026755193677
0.027965467090213872,6.242711049017573,85.69204425883663
0.03723072078859417,4.311312124034901,71.57471539074058
0.027677421310825547,5.583929539245867,62.01520237478359
0.03849563097234031,5.249676022492014,89.41112495216825
0.021750769300098803,2.497840041528095,50.171062968766144
0.3451529772936719,7.9627069922252005,64.90194699020108
0.1335535917619995,2.100273546706269,63.073870494810755
0.04191583846714581,2.1016778028077447,64.45955234813732
0.05020169956411141,7.174406168919075,94.66352939474767
0.281765274761114,3.0977582124251084,91.9672601503605
0.023506678124779606,3.076325160560184,65.68221128955182
0.19911052250091202,3.681394816755121,86.44811964296815
0.03625075361064243,4.999969780238966,93.40642870275246
0.04382740161040871,1.0568954258312564,88.88892049550452
0.127922603521084,5.313118939116027,53.31771135627302
0.11575360341058946,4.820290378909682,81.3165060235602
0.2011724026010161,7.410395238665399,82.70360354895082
0.1667017296601187,5.2863318918402715,78.61550730490566
0.0468238298134324,1.6382154913989406,59.30664178498283
0.029870301131577195,6.665330911793327,77.28714439633958
0.24723570571950013,3.35343608818349,94.62590382422903
0.011713304929835092,7.9993307804730485,94.37228153508585
0.022011775497953485,1.5178773514620283,66.63656251592124
0.1175324087006633,3.9175709157422802,53.04417208146921
0.023268446442397266,1.3077019521485598,69.78748966994283
0.05649741822772071,3.5755606107986564,95.04790708935192
0.05130513684321382,7.6320352586215146,86.66763971820185
0.03246098184334835,5.373549757462842,66.40347112678255
0.0260078108253253,5.178814590445375,83.09934986465429
0.12018629221543074,5.192488029205386,82.98083482918156
0.03551629767863228,5.4826089443301385,65.39795117429234
0.06648411109344411,7.989765268238471,55.56026755193677
0.027965467090213872,6.242711049017573,85.69204425883663
0.03723072078859417,4.311312124034901,71.57471539074058
0.02862299361079085,6.501032148213133,60.34831612730205
0.03621879324476094,7.040128330732788,89.63412306839494
0.021750769300098803,2.497840041528095,50.171062968766144
0.3451529772936719,7.9627069922252005,64.90194699020108
0.08888212117775203,3.3790122799232156,71.39188729485765
0.04191583846714581,2.1016778028077447,64.45955234813732
0.05020169956411141,7.174406168919075,94.66352939474767
0.3430378090183911,2.5991936886324214,94.09177033438317
0.023506678124779606,3.076325160560184,65.68221128955182
0.2873583396268986,3.337999119766878,94.55626806301638
0.03625075361064243,4.999969780238966,93.40642870275246
0.04382740161040871,1.0568954258312564,88.88892049550452
0.127922603521084,5.313118939116027,53.31771135627302
0.11575360341058946,4.820290378909682,81.3165060235602
0.21464323743841301,7.582012424728884,82.67316912608997
0.28156997156128033,5.040443104783584,92.33143846102712
0.046378323517178126,0.9080488520240362,54.6434317713526
0.03155181475786096,7.494556082371636,88.99776271935362
0.21497057620854626,3.592346679986352,97.11019438567406
0.011713304929835092,7.9993307804730485,94.37228153508585
0.02199588530684313,1.5079224063457684,66.59931699365356
0.1175324087006633,3.9175709157422802,53.04417208146921
0.023268446442397266,1.3077019521485598,69.78748966994283
0.07213164021182868,1.119398536735578,98.83972957345182
0.05130513684321382,7.6320352586215146,86.66763971820185
0.023477043564007344,5.265614963105111,65.61005200095414
0.0260078108253253,5.178814590445375,83.09934986465429
0.11376780637770412,5.359192810691843,83.41655203040474
0.03551629767863228,5.4826089443301385,65.39795117429234
0.0502497794219576,5.479591399591311,60.904844443039245
0.027965467090213872,6.242711049017573,85.69204425883663
0.03723072078859417,4.311312124034901,71.57471539074058
0.029281793991597426,6.3074969460783326,61.3876987876398
0.03681658779088497,6.521933604052856,86.99253949478168
0.021750769300098803,2.497840041528095,50.171062968766144
0.23684563419534554,7.801023340272814,73.22383508624205
0.08888212117775203,3.3790122799232156,71.39188729485765
0.04191583846714581,2.1016778028077447,64.45955234813732
0.04963642435778232,6.82833621430022,92.60296391372188
0.3430378090183911,2.5991936886324214,94.09177033438317
0.023506678124779606,3.076325160560184,65.68221128955182
0.2873583396268986,3.337999119766878,94.55626806301638
0.03624411518996221,5.42372684117927,92.62289099770648
0.0801901992115614,1.8902618856515812,85.9942658991937
0.14317403494630568,6.137010257469206,53.06975853850783
0.11413597473844964,4.760731348989006,80.94720595588909
0.21624134156772984,7.58152300005018,82.6340871242519
0.28156997156128033,5.040443104783584,92.33143846102712
0.046378323517178126,0.9080488520240362,54.6434317713526
0.03155181475786096,7.494556082371636,88.99776271935362
0.21497057620854626,3.592346679986352,97.11019438567406
0.011713304929835092,7.9993307804730485,94.37228153508585
0.02199588530684313,1.5079224063457684,66.59931699365356
0.12322835268582165,3.6978612912804696,50.819596479599596
0.023268446442397266,1.3077019521485598,69.78748966994283
0.07213164021182868,1.119398536735578,98.83972957345182
0.05130513684321382,7.6320352586215146,86.66763971820185
0.023477043564007344,5.265614963105111,65.61005200095414
0.025231681653936994,4.46866020298832,79.90732728570707
0.10435339701582245,5.374040958967167,81.2487409887014
0.03551629767863228,5.4826089443301385,65.39795117429234
0.07771078320133085,4.809146705348785,57.10988079749663
0.026885203289345003,6.007545734198455,80.85875498502911
0.042723212243245184,3.1663686139781877,63.205888082312896
0.029281793991597426,6.3074969460783326,61.3876987876398
0.03671038683991697,6.538180340853588,86.95691211307327
0.021750769300098803,2.497840041528095,50.171062968766144
0.23151590593890164,7.6737765750346965,72.94878733708727
0.1426022910218679,1.8294595499743411,76.14077201958013
0.04191583846714581,2.1016778028077447,64.45955234813732
0.04391939448239766,6.691695402419421,90.10098474657002
0.3430378090183911,2.5991936886324214,94.09177033438317
0.02634809521539532,3.811898200837224,70.23156829406771
0.2873583396268986,3.337999119766878,94.55626806301638
0.03624411518996221,5.42372684117927,92.62289099770648
0.0801901992115614,1.8902618856515812,85.9942658991937
0.14317403494630568,6.137010257469206,53.06975853850783
0.10402179337514367,4.207352149886545,77.12029590869294
0.1741834475636733,6.751745975621456,82.11334522340411
0.28156997156128033,5.040443104783584,92.33143846102712
0.04358431016983205,0.692817705206549,53.36123263683524
0.03155181475786096,7.494556082371636,88.99776271935362
0.17187359083130144,4.656092332563874,94.36042248789087
0.011713304929835092,7.9993307804730485,94.37228153508585
0.02199588530684313,1.5079224063457684,66.59931699365356
0.10027671645576,4.4513460613596125,60.40616632831348
0.02550835954245212,2.1792886960219358,72.64853600056337
0.06360344654284061,1.7130024271576503,88.50621899848677
0.05130513684321382,7.6320352586215146,86.66763971820185
0.022859557132454574,4.275584876115186,60.087542372221584
0.019985825528931106,4.486058127942758,80.09288820572996
0.10811144310717126,5.32731262917944,82.24297461376104
0.03551629767863228,5.4826089443301385,65.39795117429234
0.07771078320133085,4.809146705348785,57.10988079749663
0.026885203289345003,6.007545734198455,80.85875498502911
0.046777077342758225,2.884199823291855,68.11790808341007
0.02858251735733093,6.316191897759229,61.202697239998656
0.03372752605893293,5.753400258607307,82.1424006194838
0.021750769300098803,2.497840041528095,50.171062968766144
0.19605772924385514,6.356637367578671,69.2530863947142
0.1426022910218679,1.8294595499743411,76.14077201958013
0.04191583846714581,2.1016778028077447,64.45955234813732
0.04391939448239766,6.691695402419421,90.10098474657002
0.3430378090183911,2.5991936886324214,94.09177033438317
0.02634809521539532,3.811898200837224,70.23156829406771
0.34549134791511954,2.7422034164378792,97.61331130550543
0.03624411518996221,5.42372684117927,92.62289099770648
0.0801901992115614,1.8902618856515812,85.9942658991937
0.14317403494630568,6.137010257469206,53.06975853850783
0.1370191186757441,4.097916249321055,75.95308623020274
0.14722626388098284,7.4146907393097745,80.20101910304737
0.22275705906219379,5.702372585955165,90.88482373897428
0.04358431016983205,0.692817705206549,53.36123263683524
0.03155181475786096,7.494556082371636,88.99776271935362
0.17187359083130144,4.656092332563874,94.36042248789087
0.032774917853004126,7.770100379447788,94.02424239746928
0.02199588530684313,1.5079224063457684,66.59931699365356
0.10027671645576,4.4513460613596125,60.40616632831348
0.029604065979089465,0.46850694492273437,67.12754125998833
0.06360344654284061,1.7130024271576503,88.50621899848677
0.05130513684321382,7.6320352586215146,86.66763971820185
0.024200800330052695,4.772282445344656,64.54848198684107
0.019985825528931106,4.486058127942758,80.09288820572996
0.10981094025387614,5.5173259824022365,86.97978229390833
0.042530574155018055,7.544642965020421,64.77469266896289
0.07771078320133085,4.809146705348785,57.10988079749663
0.027665398309692446,6.149419418274616,71.82356305350162
0.046777077342758225,2.884199823291855,68.11790808341007
0.02858251735733093,6.316191897759229,61.202697239998656
0.03372752605893293,5.753400258607307,82.1424006194838
0.021750769300098803,2.497840041528095,50.171062968766144
0.21997322522544094,6.362412989296323,70.40268368323862
0.1426022910218679,1.8294595499743411,76.14077201958013
0.04191583846714581,2.1016778028077447,64.45955234813732
0.042468465646259966,6.5069656695801585,90.77546526087798
0.2650280552130901,2.1025692654774923,83.48117726948088
0.02634809521539532,3.811898200837224,70.23156829406771
0.24638466599888942,4.040139254071054,95.14450825451695
0.03624411518996221,5.42372684117927,92.62289099770648
0.0801901992115614,1.8902618856515812,85.9942658991937
0.14317403494630568,6.137010257469206,53.06975853850783
0.1370191186757441,4.097916249321055,75.95308623020274
0.13863441746101268,6.857452104803602,77.97601933215172
0.1683410105204396,5.375960276694427,87.9886807427333
0.04358431016983205,0.692817705206549,53.36123263683524
0.03155181475786096,7.494556082371636,88.99776271935362
0.1510084262472255,4.535053407907827,90.90087396102598
0.0323253213697238,7.493199353861378,92.35979587266146
0.02199588530684313,1.5079224063457684,66.59931699365356
0.10027671645576,4.4513460613596125,60.40616632831348
0.029604065979089465,0.46850694492273437,67.12754125998833
0.06360344654284061,1.7130024271576503,88.50621899848677
0.048967763374924846,5.531283138909313,76.58458572290736
0.019611704467956292,4.524050059486982,53.85075003170954
0.019252991189359484,5.571836843916202,85.01241968251844
0.1465055556296537,6.267120893740821,94.34316980690306
0.042530574155018055,7.544642965020421,64.77469266896289
0.06820569440786173,5.218789128993936,57.76623097479103
0.027665398309692446,6.149419418274616,71.82356305350162
0.04827035691852866,4.449957888967358,74.23530459365256
0.026347123157600745,7.022775072719339,60.6566701130636
0.03372752605893293,5.753400258607307,82.1424006194838
0.021750769300098803,2.497840041528095,50.171062968766144
0.1692701426777416,5.694529838738023,70.35787504862665
0.11723907110209263,3.0584758997952046,79.53524333294318
0.049427972542702835,2.325592493289884,63.65261275455996
0.03831128370112888,6.883051071157326,90.09849638232822
0.19144886062611863,2.8993989313114996,80.34263192556124
0.023937143789106788,3.746505707951538,70.06528361306046
0.26718114576997276,4.483127340986304,98.95258083208488
0.03624411518996221,5.42372684117927,92.62289099770648
0.0801901992115614,1.8902618856515812,85.9942658991937
0.16377008574777457,7.262918242766388,53.00947907343311
0.205548221904502,1.5981307769173716,84.06036833699673
0.13863441746101268,6.857452104803602,77.97601933215172
0.18405605754759555,6.138390782159343,85.34826355760758
0.04358431016983205,0.692817705206549,53.36123263683524
0.03155181475786096,7.494556082371636,88.99776271935362
0.1510084262472255,4.535053407907827,90.90087396102598
0.0323253213697238,7.493199353861378,92.35979587266146
0.02053478007807738,1.495924425062161,66.48081550809539
0.11298935574926325,4.92250604228252,59.43773205940657
0.04130816826789933,1.1281051926782562,66.01441391594265
0.07022146594768469,0.8179862797480117,89.91591191636122
0.048967763374924846,5.531283138909313,76.58458572290736
0.019611704467956292,4.524050059486982,53.85075003170954
0.011350144730195421,5.029239899028615,97.40239408819397
0.1465055556296537,6.267120893740821,94.34316980690306
0.042530574155018055,7.544642965020421,64.77469266896289
0.06820569440786173,5.218789128993936,57.76623097479103
0.03987032764814069,6.987390572823832,52.68884205040021
0.06494825476758286,5.677624869214134,89.36906042007803
0.022766320218820475,7.177097544219604,60.90393352057007
0.03372752605893293,5.753400258607307,82.1424006194838
0.021750769300098803,2.497840041528095,50.171062968766144
0.1937145486757904,5.375032986204927,67.04937581788992
0.11723907110209263,3.0584758997952046,79.53524333294318
0.049427972542702835,2.325592493289884,63.65261275455996
0.03423227691299427,7.400470588709713,95.27124901747558
0.19174838088980828,1.602214146790316,74.80703086758663
0.023937143789106788,3.746505707951538,70.06528361306046
0.26718114576997276,4.483127340986304,98.95258083208488
0.03624411518996221,5.42372684117927,92.62289099770648
0.0801901992115614,1.8902618856515812,85.9942658991937
0.16377008574777457,7.262918242766388,53.00947907343311
0.205548221904502,1.5981307769173716,84.06036833699673
0.13863441746101268,6.857452104803602,77.97601933215172
0.20444354839395107,6.548928849831597,91.41785986051642
0.04358431016983205,0.692817705206549,53.36123263683524
0.03155181475786096,7.494556082371636,88.99776271935362
0.19072867021223258,6.018453499916576,93.65287266834325
0.0323253213697238,7.493199353861378,92.35979587266146
0.02053478007807738,1.495924425062161,66.48081550809539
0.11298935574926325,4.92250604228252,59.43773205940657
0.04130816826789933,1.1281051926782562,66.01441391594265
0.09269422022842219,2.8018713259434627,85.99381432741177
0.04573807138467065,5.5619940668932575,77.44959163546362
0.011757111336816853,4.709142391220899,50.39615231563898
0.016094161392017425,5.586520770063192,96.26189499421838
0.1465055556296537,6.267120893740821,94.34316980690306
0.05176915509357122,7.17672702515954,65.39582878186431
0.06605689632530923,5.474756222588852,58.76367117950808
0.03987032764814069,6.987390572823832,52.68884205040021
0.06494825476758286,5.677624869214134,89.36906042007803
0.023419157388206817,7.0583036005345985,60.971237675198985
0.03372752605893293,5.753400258607307,82.1424006194838
0.021750769300098803,2.497840041528095,50.171062968766144
0.1937145486757904,5.375032986204927,67.04937581788992
0.1287847255686424,3.1832581073621204,82.2394520623928
0.049427972542702835,2.325592493289884,63.65261275455996
0.03423227691299427,7.400470588709713,95.27124901747558
0.22667068155297776,1.6238939759744289,76.50532232803076
0.022645472570694117,3.978697535266443,65.2232676253189
0.26718114576997276,4.483127340986304,98.95258083208488
0.03624411518996221,5.42372684117927,92.62289099770648
0.0733219419949499,1.673694040970749,87.19166344705924
0.16377008574777457,7.262918242766388,53.00947907343311
0.205548221904502,1.5981307769173716,84.06036833699673
0.12129103559099919,7.324229512522772,81.41655127798894
0.20444354839395107,6.548928849831597,91.41785986051642
0.04358431016983205,0.692817705206549,53.36123263683524
0.02648383930439499,7.770278967392848,88.94141756302402
0.14240118695331677,6.468385626279216,93.25836619071862
0.0323253213697238,7.493199353861378,92.35979587266146
0.02053478007807738,1.495924425062161,66.48081550809539
0.11298935574926325,4.92250604228252,59.43773205940657
0.04130816826789933,1.1281051926782562,66.01441391594265
0.09269422022842219,2.8018713259434627,85.99381432741177
0.04573807138467065,5.5619940668932575,77.44959163546362
0.011757111336816853,4.709142391220899,50.39615231563898
0.016094161392017425,5.586520770063192,96.26189499421838
0.1465055556296537,6.267120893740821,94.34316980690306
0.05176915509357122,7.17672702515954,65.39582878186431
0.06605689632530923,5.474756222588852,58.76367117950808
0.03987032764814069,6.987390572823832,52.68884205040021
0.0629236421144558,5.6654382294094185,88.11283569598979
0.023419157388206817,7.0583036005345985,60.971237675198985
0.03130550436149104,6.996893126882619,89.21454631603143
0.021750769300098803,2.497840041528095,50.171062968766144
0.2432560750002479,5.635307684626118,71.84041043221231
0.1994351640901145,1.1595915271845243,86.31433915982514
0.05907533131491202,0.03625590025762282,53.01938593471716
0.03423227691299427,7.400470588709713,95.27124901747558
0.17219175342662693,3.3535094842438338,73.04489912490777
0.022645472570694117,3.978697535266443,65.2232676253189
0.26718114576997276,4.483127340986304,98.95258083208488
0.03355671617610907,5.548544534987096,92.93847896861227
0.06419383728874692,2.969436300314041,88.34237424216785
0.10535023689821663,4.910796288116963,58.50388867192507
0.205548221904502,1.5981307769173716,84.06036833699673
0.12129103559099919,7.324229512522772,81.41655127798894
0.16973897736495286,4.994121853442319,82.2507764874124
0.04358431016983205,0.692817705206549,53.36123263683524
0.03096613906136942,7.508138488829304,76.80269183919742
0.14240118695331677,6.468385626279216,93.25836619071862
0.016853492946519055,7.774578216993566,93.49800162319367
0.02053478007807738,1.495924425062161,66.48081550809539
0.12148220144663435,4.552819495733992,62.078217253005676
0.04130816826789933,1.1281051926782562,66.01441391594265
0.04828148611970248,2.49368869607827,93.22795990085147
0.045146251257985576,5.556444682680402,77.35280238027576
0.011757111336816853,4.709142391220899,50.39615231563898
0.016094161392017425,5.586520770063192,96.26189499421838
0.1465055556296537,6.267120893740821,94.34316980690306
0.05176915509357122,7.17672702515954,65.39582878186431
0.041220277374368564,5.887885047620104,57.27839080725583
0.039984650802071225,6.994103191584091,52.45727867518069
0.05128977510535984,5.619130158283205,90.02454045476813
0.023419157388206817,7.0583036005345985,60.971237675198985
0.03130550436149104,6.996893126882619,89.21454631603143
0.021750769300098803,2.497840041528095,50.171062968766144
0.2432560750002479,5.635307684626118,71.84041043221231
0.1994351640901145,1.1595915271845243,86.31433915982514
0.07675957335529845,2.1077954069281706,61.091019150710615
0.03423227691299427,7.400470588709713,95.27124901747558
0.2751682645601243,1.8804072503258435,57.72880614448343
0.022645472570694117,3.978697535266443,65.2232676253189
0.26718114576997276,4.483127340986304,98.95258083208488
0.050206581631504446,5.5123356748095755,89.76973130466472
0.06419383728874692,2.969436300314041,88.34237424216785
0.07838137828572271,5.264159085278236,74.22843065905016
0.11525371937465259,2.0401325528852703,67.41150881285103
0.12129103559099919,7.324229512522772,81.41655127798894
0.16973897736495286,4.994121853442319,82.2507764874124
0.04358431016983205,0.692817705206549,53.36123263683524
0.0289501416193656,6.3461989761783055,74.80785336095971
0.14240118695331677,6.468385626279216,93.25836619071862
0.01955977921488151,7.220802297025543,93.59267432979189
0.036430262892033966,1.4660409017399167,68.2430444495663
0.12148220144663435,4.552819495733992,62.078217253005676
0.04130816826789933,1.1281051926782562,66.01441391594265
0.03768523698960064,3.5118664865836573,94.22674847262186
0.05621589039631679,5.410906851263076,75.13780217488441
0.011757111336816853,4.709142391220899,50.39615231563898
0.02577383857595672,4.742857546488154,89.39973027556995
0.13838433986654475,6.138218999781277,94.20621032786862
0.05176915509357122,7.17672702515954,65.39582878186431
0.04079409871975322,5.915906172392349,57.366801677532756
0.039755292032935007,7.299612583610607,51.066155011424726
0.05128977510535984,5.619130158283205,90.02454045476813
0.010262518281609456,7.719168342464457,55.28822112423319
0.03130550436149104,6.996893126882619,89.21454631603143
0.021750769300098803,2.497840041528095,50.171062968766144
0.20715157603972595,5.62755362463364,75.72189500846922
0.20425575490165138,1.0164972978979367,86.69052813289309
0.0758700307022795,0.37656369856379346,53.88528949253717
0.017220177564233552,7.790291030399199,97.92216748681014
0.275036719594524,1.8826040231266328,57.74778224740974
0.022645472570694117,3.978697535266443,65.2232676253189
0.26718114576997276,4.483127340986304,98.95258083208488
0.03693536768290818,4.1064360283519505,71.30171522960737
0.0659120402917571,2.91243105874935,89.58576446692791
0.06782039356998451,5.234355572952762,74.10594537563198
0.11525371937465259,2.0401325528852703,67.41150881285103
0.12129103559099919,7.324229512522772,81.41655127798894
0.12798985288114945,4.705916902974238,77.4179078428932
0.0416322176348381,0.7119393811471184,53.32954657070269
0.029542816479754007,6.3229490897702565,75.2250224126151
0.19081891413201574,6.970473200252632,95.09048827150035
0.02033788111084215,5.543503111443588,78.17204857998189
0.03944056902592793,0.8820704673782798,61.43173619938335
0.12148220144663435,4.552819495733992,62.078217253005676
0.04130816826789933,1.1281051926782562,66.01441391594265
0.03768523698960064,3.5118664865836573,94.22674847262186
0.058045099694960606,5.201021523175756,77.81280097219589
0.011757111336816853,4.709142391220899,50.39615231563898
0.023801365280730284,3.915925563152041,96.81798356358881
0.10495384654464064,5.760932561677238,82.64004190725727
0.0425467706715013,6.1640303194547315,65.3411850972709
0.04079409871975322,5.915906172392349,57.366801677532756
0.039755292032935007,7.299612583610607,51.066155011424726
0.05596787980488448,4.621366945607049,83.14653224622454
0.012082493733155994,7.207912953060196,60.87090834664547
0.03130550436149104,6.996893126882619,89.21454631603143
0.021750769300098803,2.497840041528095,50.171062968766144
0.19274697029038151,5.384392383505299,73.73673826308071
0.20425575490165138,1.0164972978979367,86.69052813289309
0.0758700307022795,0.37656369856379346,53.88528949253717
0.017220177564233552,7.790291030399199,97.92216748681014
0.275036719594524,1.8826040231266328,57.74778224740974
0.022645472570694117,3.978697535266443,65.2232676253189
0.26718114576997276,4.483127340986304,98.95258083208488
0.04744286950689891,4.161912678262032,70.15541657478657
0.06670983638702521,2.801406737792294,90.41358417827257
0.08382905539999169,4.056308843564418,87.24811099680178
0.11525371937465259,2.0401325528852703,67.41150881285103
0.1486356112113195,7.6226504355916385,83.26187024880545
0.1702006074702428,3.7057153539388,72.26769460579774
0.0370198990196412,0.3441730170232127,51.19458343742637
0.029542816479754007,6.3229490897702565,75.2250224126151
0.18854959690897294,6.944179951572059,94.75409928893244
0.015390472327308617,5.453436110301105,83.20387133610674
0.03944056902592793,0.8820704673782798,61.43173619938335
0.12148220144663435,4.552819495733992,62.078217253005676
0.04130816826789933,1.1281051926782562,66.01441391594265
0.03768523698960064,3.5118664865836573,94.22674847262186
0.08872532491778055,6.2603879145976045,88.72392489947629
0.011757111336816853,4.709142391220899,50.39615231563898
0.023801365280730284,3.915925563152041,96.81798356358881
0.1563740041122928,4.898003605961983,78.04982245889964
0.0425467706715013,6.1640303194547315,65.3411850972709
0.06030332018961856,5.0380017000933215,54.98579953245365
0.039755292032935007,7.299612583610607,51.066155011424726
0.06255639207046657,6.112014821777353,91.80300407111385
0.012082493733155994,7.207912953060196,60.87090834664547
0.03130550436149104,6.996893126882619,89.21454631603143
0.021750769300098803,2.497840041528095,50.171062968766144
0.32450359661994405,3.7350023309334497,93.26067316060701
0.20708138430049985,0.6808897413427184,86.864711726697
0.0758700307022795,0.37656369856379346,53.88528949253717
0.01726730423651605,7.735239589469468,97.42546622018864
0.1961089443374183,1.627817375182373,60.539340415052884
0.022645472570694117,3.978697535266443,65.2232676253189
0.26718114576997276,4.483127340986304,98.95258083208488
0.02346801178023944,7.35439477699401,83.8772926112508
0.08171461697922217,1.3797170120787419,96.5453923612616
0.06742098594792272,5.2637472140442565,73.77805531366224
0.10313120431987935,2.88462863177931,64.78699324994344
0.1486356112113195,7.6226504355916385,83.26187024880545
0.3011984057269307,7.012160033544303,92.9954050797136
0.06552657554411148,0.5741852998765782,52.86904168707442
0.029542816479754007,6.3229490897702565,75.2250224126151
0.12926711158300128,5.854502420162103,95.49676091277864
0.015390472327308617,5.453436110301105,83.20387133610674
0.03944056902592793,0.8820704673782798,61.43173619938335
0.12148220144663435,4.552819495733992,62.078217253005676
0.04130816826789933,1.1281051926782562,66.01441391594265
0.044606300300692486,1.6412918012307998,99.26494954189494
0.058668645265941094,6.865702744316785,93.46648722955288
0.011842548824853609,4.72664425406529,51.16761683806318
0.023801365280730284,3.915925563152041,96.81798356358881
0.14837145160719695,5.059167904981434,79.31252361201271
0.03946938465243118,6.018616181513391,63.84744869581194
0.061033790017745504,5.386208158605128,66.92232818920805
0.029370342358115687,6.338767917520696,50.81764085426404
0.06294018040031611,6.294962248227178,98.07444776526853
0.011368789488434446,7.586445502259954,56.05251849643221
0.038236215142956456,6.528702349624157,81.03360104156415
0.021750769300098803,2.497840041528095,50.171062968766144
0.25820601395541853,4.266159896152094,86.41929904300721
0.15416171063925554,1.6149634111742257,89.73858690571012
0.0758700307022795,0.37656369856379346,53.88528949253717
0.01726730423651605,7.735239589469468,97.42546622018864
0.215361864537348,1.0838483207641074,58.55870504961257
0.027030225368712316,4.130099935841338,66.78266234364973
0.26718114576997276,4.483127340986304,98.95258083208488
0.02346801178023944,7.35439477699401,83.8772926112508
0.06752567968981207,2.7241063044912255,90.74698423096423
0.06742098594792272,5.2637472140442565,73.77805531366224
0.10313120431987935,2.88462863177931,64.78699324994344
0.11674786237548845,7.75025143207954,81.22742590765219
0.2921575269905267,6.911248068725705,93.11998992920411
0.06552657554411148,0.5741852998765782,52.86904168707442
0.029542816479754007,6.3229490897702565,75.2250224126151
0.12926711158300128,5.854502420162103,95.49676091277864
0.015390472327308617,5.453436110301105,83.20387133610674
0.03944056902592793,0.8820704673782798,61.43173619938335
0.12148220144663435,4.552819495733992,62.078217253005676
0.04130816826789933,1.1281051926782562,66.01441391594265
0.044606300300692486,1.6412918012307998,99.26494954189494
0.058668645265941094,6.865702744316785,93.46648722955288
0.011842548824853609,4.72664425406529,51.16761683806318
0.06487209707364555,5.0765228197065575,91.93811395801104
0.17712899787154407,5.061131629709666,73.23791865480354
0.03946938465243118,6.018616181513391,63.84744869581194
0.061033790017745504,5.386208158605128,66.92232818920805
0.029370342358115687,6.338767917520696,50.81764085426404
0.05804727147176866,5.053000069086855,98.3921664773281
0.011368789488434446,7.586445502259954,56.05251849643221
0.04660217456884241,6.666685526932792,86.1241859974068
0.021750769300098803,2.497840041528095,50.171062968766144
0.19117726261870321,3.7240907460144186,87.94058510244476
0.15416171063925554,1.6149634111742257,89.73858690571012
0.08007695234279082,0.3181871190786476,53.01381600654258
0.01726730423651605,7.735239589469468,97.42546622018864
0.215361864537348,1.0838483207641074,58.55870504961257
0.027030225368712316,4.130099935841338,66.78266234364973
0.2707441656408913,4.511948623010129,99.66076341315144
0.02346801178023944,7.35439477699401,83.8772926112508
0.04904307993297495,2.6327464582082145,74.36358760453028
0.06742098594792272,5.2637472140442565,73.77805531366224
0.10313120431987935,2.88462863177931,64.78699324994344
0.16704184831315672,7.9636866907892925,79.79868907030705
0.2921575269905267,6.911248068725705,93.11998992920411
0.06552657554411148,0.5741852998765782,52.86904168707442
0.029542816479754007,6.3229490897702565,75.2250224126151
0.1303922745188908,5.982356864904228,96.8188306613485
0.09428515825836115,5.75653251141038,84.60593758120406
0.03944056902592793,0.8820704673782798,61.43173619938335
0.11756271780553315,4.599425219623332,60.62377950660992
0.04130816826789933,1.1281051926782562,66.01441391594265
0.0433646999257033,1.8633753713952599,97.65073207256347
0.058668645265941094,6.865702744316785,93.46648722955288
0.013401787368580517,5.079085263457592,55.554727047273055
0.06513850895076512,3.2438021967809187,76.03466510413176
0.2786285375301837,3.5148124131880447,83.7610123570792
0.03946938465243118,6.018616181513391,63.84744869581194
0.06031797404936315,5.424627377750337,67.42121753110058
0.029370342358115687,6.338767917520696,50.81764085426404
0.05804727147176866,5.053000069086855,98.3921664773281
0.011368789488434446,7.586445502259954,56.05251849643221
0.04846475496920991,6.541169936396408,85.01962432896181
0.021750769300098803,2.497840041528095,50.171062968766144
0.19276560255700215,3.6650812046775,87.70859242721258
0.13183663291539494,0.3428918314779317,90.82301028612677
0.07914687694245295,0.5003374638783571,54.44710626836378
0.01726730423651605,7.735239589469468,97.42546622018864
0.215361864537348,1.0838483207641074,58.55870504961257
0.016905428644683616,6.258879043289626,67.32744384466916
0.2707441656408913,4.511948623010129,99.66076341315144
0.018948970500119133,6.332937555673528,71.16241186666025
0.04757651285160698,2.909023669470199,72.60827976940146
0.12234183441717156,5.585884019697609,77.70695260674945
0.1007637978686847,3.096600698552881,66.31403129069048
0.16704184831315672,7.9636866907892925,79.79868907030705
0.25993025603624864,6.392905321636761,87.5496770424801
0.06552657554411148,0.5741852998765782,52.86904168707442
0.029542816479754007,6.3229490897702565,75.2250224126151
0.1303922745188908,5.982356864904228,96.8188306613485
0.0817195762911817,5.832959868594634,87.6957462490646
0.03944056902592793,0.8820704673782798,61.43173619938335
0.11756271780553315,4.599425219623332,60.62377950660992
0.04130816826789933,1.1281051926782562,66.01441391594265
0.0433646999257033,1.8633753713952599,97.65073207256347
0.058668645265941094,6.865702744316785,93.46648722955288
0.013401787368580517,5.079085263457592,55.554727047273055
0.08516369344030068,5.084187602552988,87.41403427771003
0.2786285375301837,3.5148124131880447,83.7610123570792
0.03947583924625599,7.16918343513762,64.3885593657536
0.06425591711789039,5.053683332946676,61.57457590589033
0.029370342358115687,6.338767917520696,50.81764085426404
0.05804727147176866,5.053000069086855,98.3921664773281
0.011368789488434446,7.586445502259954,56.05251849643221
0.04846475496920991,6.541169936396408,85.01962432896181
0.021750769300098803,2.497840041528095,50.171062968766144
0.19276560255700215,3.6650812046775,87.70859242721258
0.13183663291539494,0.3428918314779317,90.82301028612677
0.07914687694245295,0.5003374638783571,54.44710626836378
0.020904879141018004,7.495983704075506,97.5116959264378
0.16811763113270098,1.2979690477447479,69.29651490306654
0.01894765759271709,6.2771463100791856,68.47231882607127
0.2707441656408913,4.511948623010129,99.66076341315144
0.019061493484948937,6.239107279184811,69.40510880923037
0.04937073514143741,2.6756418079335527,70.63521808386373
0.12234183441717156,5.585884019697609,77.70695260674945
0.0986242785061183,2.905200169622626,67.0387447791579
0.145797798795253,7.912206167763574,76.55814875240927
0.21668367950376757,5.685672969079747,80.76279074774362
0.06552657554411148,0.5741852998765782,52.86904168707442
0.028818480496932947,6.355220177650626,74.63631457484125
0.1303922745188908,5.982356864904228,96.8188306613485
0.0755148580091245,6.11094771189003,89.24908142773678
0.03944056902592793,0.8820704673782798,61.43173619938335
0.11756271780553315,4.599425219623332,60.62377950660992
0.04130816826789933,1.1281051926782562,66.01441391594265
0.0433646999257033,1.8633753713952599,97.65073207256347
0.059033189076635406,6.8557675223409165,93.21212040400567
0.013401787368580517,5.079085263457592,55.554727047273055
0.07204634507936648,4.907176958604635,90.83892773661762
0.33609309768289025,3.4142436402906657,81.11905803221646
0.08944659919514694,6.026885034952011,71.99063108238906
0.06387094658008205,5.178533905068188,63.771971446922166
0.04072798792821322,5.957769190462593,61.46876942030991
0.05804727147176866,5.053000069086855,98.3921664773281
0.06263407409578801,6.14445679966623,58.25930188240406
0.04846475496920991,6.541169936396408,85.01962432896181
0.021750769300098803,2.497840041528095,50.171062968766144
0.23643667912030783,2.4757362857403615,83.92438019037313
0.09280221620415575,2.0310007127555063,80.3193788457387
0.06143336123466797,2.5780057952118476,53.15552192726046
0.02016577462752269,7.257903110061904,93.37865503986754
0.16125692741491998,1.6545503843601974,70.77474976275484
0.032234476915571804,4.650354278823366,64.02142272739806
0.1837665981738455,4.703631647542355,84.75363548703197
0.022282530792034815,6.158137018366347,70.70810633250194
0.03417063006222354,2.6364860707806654,70.07943489542973
0.12234183441717156,5.585884019697609,77.70695260674945
0.16000694400015883,3.2304728251407138,80.50740623251215
0.145797798795253,7.912206167763574,76.55814875240927
0.23188317142746948,5.20825527978829,81.66435847055907
0.06552657554411148,0.5741852998765782,52.86904168707442
0.0369755068683368,5.4105336839069516,69.26393889412175
0.08426145471873348,6.620100111252413,97.11075871917937
0.08307598253078054,5.742657203849054,87.60489865820233
0.03944056902592793,0.8820704673782798,61.43173619938335
0.11756271780553315,4.599425219623332,60.62377950660992
0.02053785700875918,1.6031607343125296,77.28821362113753
0.042512155286372304,1.5585657435218452,84.53575115299046
0.059033189076635406,6.8557675223409165,93.21212040400567
0.013401787368580517,5.079085263457592,55.554727047273055
0.07204634507936648,4.907176958604635,90.83892773661762
0.1936285319556159,5.129673598863817,86.57278355250938
0.11936124145068494,5.710009534417841,73.09777684863423
0.0671312122627773,5.101739289249585,63.22822285468797
0.05749078668475164,5.775679608640973,53.07227676851434
0.05804727147176866,5.053000069086855,98.3921664773281
0.06255096934122943,5.897612574899691,57.90605474545113
0.04846475496920991,6.541169936396408,85.01962432896181
0.02662775312590062,2.8411644221474983,56.650297269671576
0.1652064993169558,2.138851494993074,84.14894211133509
0.09535617396469537,1.9275809530813746,81.06856831469221
0.06143336123466797,2.5780057952118476,53.15552192726046
0.02472132628370989,7.163502006294908,93.0387671002898
0.18412009691814396,0.8209569837709481,65.6326389284838
0.022830022492344428,4.864449084281577,59.79342048478728
0.2968785709628808,3.1674546376452053,84.53126953888261
0.022282530792034815,6.158137018366347,70.70810633250194
0.03480762350487703,2.50186980664479,69.71664990800605
0.16079178887545506,5.088697337898943,73.90101040128508
0.1593400466679609,1.6515047905778113,86.12098401579821
0.145797798795253,7.912206167763574,76.55814875240927
0.21715359775067267,4.802948915985752,81.42726459625854
0.06552657554411148,0.5741852998765782,52.86904168707442
0.0369755068683368,5.4105336839069516,69.26393889412175
0.06312011933041646,3.9135581209695127,80.28150222951119
0.07482073747621124,6.124850665247183,89.53017367564985
0.03944056902592793,0.8820704673782798,61.43173619938335
0.13093955426296958,4.337496523464145,62.30535050409101
0.02053785700875918,1.6031607343125296,77.28821362113753
0.042512155286372304,1.5585657435218452,84.53575115299046
0.0639071723201697,7.5208122458046365,95.22828316094596
0.013401787368580517,5.079085263457592,55.554727047273055
0.06407175401651864,5.021632849817347,85.93309365962372
0.2402200329457328,2.41923283467416,96.32795217265485
0.10216800845407166,5.766786287390666,68.50010801091793
0.0508456634681487,5.098142963545835,60.22279172573843
0.0592315680844443,5.810753596326539,56.73444693688726
0.06520624676397985,5.168818123141743,93.54191866573336
0.06613045478299759,5.963905224220016,67.1318259315143
0.03882656385566936,6.405406081675887,85.85750338322342
0.02662775312590062,2.8411644221474983,56.650297269671576
0.12359365546406036,3.2704946769791867,89.67997367457197
0.10335628513678213,0.9594207268065578,86.71714407289211
0.06143336123466797,2.5780057952118476,53.15552192726046
0.02472132628370989,7.163502006294908,93.0387671002898
0.1972552867748022,0.3807075485480045,54.772358184355056
0.022830022492344428,4.864449084281577,59.79342048478728
0.2968785709628808,3.1674546376452053,84.53126953888261
0.03395582772932765,6.031000722250907,71.2957400384372
0.03480762350487703,2.50186980664479,69.71664990800605
0.1957182964786417,5.6737906159286755,78.39183508455861
0.15925392881360445,1.6543911848482238,86.19218695124104
0.145797798795253,7.912206167763574,76.55814875240927
0.2232353394786804,5.536066686866808,84.33518629940957
0.06151057680368663,0.2070614244817124,51.683866972114274
0.0369755068683368,5.4105336839069516,69.26393889412175
0.058897563040684095,3.7894707232750906,77.5471195759474
0.07052795230629084,6.03835784414216,80.49922367165065
0.03943908050846039,0.8817426318724988,61.42053979240906
0.13661126257680273,4.674915047370615,63.17302793011797
0.02053785700875918,1.6031607343125296,77.28821362113753
0.04414257971327837,1.2847136662250205,86.58535120000701
0.0639071723201697,7.5208122458046365,95.22828316094596
0.01153167950460346,5.078133440128469,55.32158386408502
0.07908564387078329,4.722363673400179,86.74621698027403
0.22487772233043252,2.791260735474701,93.23532509633604
0.10216800845407166,5.766786287390666,68.50010801091793
0.04693050917556884,4.911117645708785,56.18945189295428
0.0592315680844443,5.810753596326539,56.73444693688726
0.06520624676397985,5.168818123141743,93.54191866573336
0.058760811324367654,5.145128386240484,67.90067267469828
0.035709657731519635,5.586969433411977,84.39705722031871
0.09844844037668557,3.825611341599246,66.76357821402812
0.028729209970524083,3.020270491379677,95.29548839836949
0.10363028781692238,0.9225849557309456,86.86130283607176
0.06143336123466797,2.5780057952118476,53.15552192726046
0.02472132628370989,7.163502006294908,93.0387671002898
0.1972552867748022,0.3807075485480045,54.772358184355056
0.022830022492344428,4.864449084281577,59.79342048478728
0.25892213966309485,3.6274509588711923,81.6691842622135
0.03395582772932765,6.031000722250907,71.2957400384372
0.03557665497591339,2.5693388880414103,70.31938712161012
0.19645280097185475,5.686203328000898,78.58095440756243
0.1789189216841807,1.5089122338498646,88.71600143873866
0.145797798795253,7.912206167763574,76.55814875240927
0.2232353394786804,5.536066686866808,84.33518629940957
0.06151057680368663,0.2070614244817124,51.683866972114274
0.038889004879581024,5.4355317785848705,70.31247095027236
0.058897563040684095,3.7894707232750906,77.5471195759474
0.07052795230629084,6.03835784414216,80.49922367165065
0.03943908050846039,0.8817426318724988,61.42053979240906
0.13655084834928927,4.673988442154599,63.191016590772236
0.01833353324337742,2.4536841573683708,71.91173020223202
0.04414257971327837,1.2847136662250205,86.58535120000701
0.04656522350538286,7.960420768336529,99.53199638571367
0.01153167950460346,5.078133440128469,55.32158386408502
0.09865871261570595,6.618435698156208,99.24922300578186
0.18806773307222135,2.7310983543937195,89.43506665058726
0.10216800845407166,5.766786287390666,68.50010801091793
0.04693050917556884,4.911117645708785,56.18945189295428
0.0592315680844443,5.810753596326539,56.73444693688726
0.07131968676100477,4.972168912163989,90.54862478041237
0.057486277433655086,5.188974292783012,68.02148963646846
0.03448735282356122,5.6451898730571894,89.81189810516473
0.09560098263401806,4.051277244907977,68.16440150587862
0.028729209970524083,3.020270491379677,95.29548839836949
0.10363028781692238,0.9225849557309456,86.86130283607176
0.06143336123466797,2.5780057952118476,53.15552192726046
0.02472132628370989,7.163502006294908,93.0387671002898
0.1972552867748022,0.3807075485480045,54.772358184355056
0.022700718774223128,4.895454981905782,59.780753145309134
0.17128059276217464,4.347628854429964,77.14568409325909
0.03395582772932765,6.031000722250907,71.2957400384372
0.03501287485946557,2.60646606053275,72.37577885241505
0.19645280097185475,5.686203328000898,78.58095440756243
0.14362423041648542,2.9838080240308353,86.04042213384695
0.145797798795253,7.912206167763574,76.55814875240927
0.13288262513177818,5.772323813199828,78.11079702256303
0.05179623087442192,1.1538465910928482,52.39092619492713
0.038889004879581024,5.4355317785848705,70.31247095027236
0.058897563040684095,3.7894707232750906,77.5471195759474
0.06869079741648143,6.1203762969800914,80.87218375108165
0.03943908050846039,0.8817426318724988,61.42053979240906
0.1351211394068594,4.173314315382472,61.124269450965066
0.01833353324337742,2.4536841573683708,71.91173020223202
0.04414257971327837,1.2847136662250205,86.58535120000701
0.04656522350538286,7.960420768336529,99.53199638571367
0.01153167950460346,5.078133440128469,55.32158386408502
0.0771186544170989,4.106670144478263,77.711088385305
0.21156317552642617,2.288854221123814,93.28799863096349
0.08432566141080462,5.631220524350589,65.90583037333884
0.04693050917556884,4.911117645708785,56.18945189295428
0.0592315680844443,5.810753596326539,56.73444693688726
0.08096423744412545,5.41417343209848,89.47370451186347
0.057486277433655086,5.188974292783012,68.02148963646846
0.03448735282356122,5.6451898730571894,89.81189810516473
0.09560098263401806,4.051277244907977,68.16440150587862
0.028729209970524083,3.020270491379677,95.29548839836949
0.08755146573276869,0.09742552316214148,88.2956342784297
0.053439080050984286,3.5765270193031715,61.840354485763754
0.01976058794214063,7.934741894194786,94.67788334495872
0.1972552867748022,0.3807075485480045,54.772358184355056
0.022464618647324124,4.968894799889412,58.3898523001396
0.2005465187680942,4.072613425807118,88.90494905385776
0.03395582772932765,6.031000722250907,71.2957400384372
0.03516309360642863,1.7378568447484652,67.39172146357647
0.1908297889412104,5.397632349837837,79.08256223145015
0.11843026045809624,3.598181238942377,86.91105774681162
0.145797798795253,7.912206167763574,76.55814875240927
0.1713459073654482,6.157710670906293,87.9205250936137
0.05179623087442192,1.1538465910928482,52.39092619492713
0.03874223001512276,5.551497722750126,69.85783770174976
0.068472451598264,3.49691273272566,82.24672756923621
0.05183817717042325,5.813084587234564,73.33892269519241
0.03812383899565299,0.8527810661095974,62.38161271750123
0.1351211394068594,4.173314315382472,61.124269450965066
0.01728424881727924,2.2463773203288113,70.7490103072958
0.04414257971327837,1.2847136662250205,86.58535120000701
0.04656522350538286,7.960420768336529,99.53199638571367
0.01153167950460346,5.078133440128469,55.32158386408502
0.0771186544170989,4.106670144478263,77.711088385305
0.21156317552642617,2.288854221123814,93.28799863096349
0.08413338458202288,5.640445611585518,65.9092402546725
0.04693050917556884,4.911117645708785,56.18945189295428
0.0592315680844443,5.810753596326539,56.73444693688726
0.07948698987033462,5.187442942845708,88.61906016508455
0.050271460264314755,4.589225692955535,59.746667629085636
0.03448735282356122,5.6451898730571894,89.81189810516473
0.1159432270936292,3.067161924253729,74.5574362270657
0.028729209970524083,3.020270491379677,95.29548839836949
0.08755146573276869,0.09742552316214148,88.2956342784297
0.054037559777103915,3.6763480546993432,62.587166381978804
0.01976058794214063,7.934741894194786,94.67788334495872
0.17384236879893386,1.3363741828990352,64.31832057558354
0.022464618647324124,4.968894799889412,58.3898523001396
0.2005465187680942,4.072613425807118,88.90494905385776
0.03395582772932765,6.031000722250907,71.2957400384372
0.03516309360642863,1.7378568447484652,67.39172146357647
0.1974596759527085,5.138996339914547,76.07522024160497
0.11668751497305291,3.4006046731410087,86.98920083887975
0.145797798795253,7.912206167763574,76.55814875240927
0.14339624764008538,5.448121813748016,84.80529188264211
0.05179623087442192,1.1538465910928482,52.39092619492713
0.03874223001512276,5.551497722750126,69.85783770174976
0.068472451598264,3.49691273272566,82.24672756923621
0.0684736479099641,6.134318998922004,81.83002527667585
0.04645304784674765,1.7195024692452026,63.02022686009942
0.11437923601084204,4.991662813022025,66.3068116835154
0.01728424881727924,2.2463773203288113,70.7490103072958
0.04414257971327837,1.2847136662250205,86.58535120000701
0.04656522350538286,7.960420768336529,99.53199638571367
0.01153167950460346,5.078133440128469,55.32158386408502
0.06757252106095883,4.361053547741994,70.90548935447373
0.18316610017487753,2.6938584206017726,87.38270025712131
0.08413338458202288,5.640445611585518,65.9092402546725
0.04720836444554022,6.768455702155146,52.21433033222856
0.0592315680844443,5.810753596326539,56.73444693688726
0.07669458116558397,5.239178017801102,87.5566275883139
0.050271460264314755,4.589225692955535,59.746667629085636
0.03953164234374383,7.944690539550068,85.00812408375467
0.1159432270936292,3.067161924253729,74.5574362270657
0.028729209970524083,3.020270491379677,95.29548839836949
0.08721860979695682,0.2550640084684126,88.27297743227024
0.05684638279932012,3.785631670648553,61.963408289919414
0.01976058794214063,7.934741894194786,94.67788334495872
0.17384236879893386,1.3363741828990352,64.31832057558354
0.01706585363555018,5.141623763034372,55.59037979226477
0.14500952203015735,4.368058809740429,79.03736802021555
0.03395582772932765,6.031000722250907,71.2957400384372
0.03516309360642863,1.7378568447484652,67.39172146357647
0.2824579003108295,4.762893873468435,83.70001972368675
0.1224561790656368,4.054603120106464,86.73053928837473
0.2622608487730793,7.891382322044681,59.81484301632455
0.12223225218596916,5.9568357207908464,84.84662203327473
0.043180346253910484,2.9775468888765646,63.76386927983241
0.03874223001512276,5.551497722750126,69.85783770174976
0.08596388984810566,3.924231172460085,86.17559399890656
0.0684736479099641,6.134318998922004,81.83002527667585
0.04645304784674765,1.7195024692452026,63.02022686009942
0.12235823952563041,5.1589224948695955,66.90918109523625
0.011958458909001067,2.4370674493623623,67.60879192079071
0.04414257971327837,1.2847136662250205,86.58535120000701
0.04656522350538286,7.960420768336529,99.53199638571367
0.01153167950460346,5.078133440128469,55.32158386408502
0.08628562408971684,5.006987449064315,59.155395138326355
0.1405167820935773,3.3223675580224272,79.21943249383563
0.08413338458202288,5.640445611585518,65.9092402546725
0.05403933373601416,6.69455722348104,55.1855197653711
0.0592315680844443,5.810753596326539,56.73444693688726
0.07235477093715087,4.9213599877477465,81.96066805384604
0.05079538879198167,4.595303226862881,59.73806588764204
0.03953164234374383,7.944690539550068,85.00812408375467
0.1503097812093571,3.506924067313798,77.23067354652184
0.028729209970524083,3.020270491379677,95.29548839836949
0.08721860979695682,0.2550640084684126,88.27297743227024
0.10067458044415606,2.5355291897685635,68.38735399611824
0.01976058794214063,7.934741894194786,94.67788334495872
0.14896379970732773,1.025819085845178,71.19816038559681
0.01706585363555018,5.141623763034372,55.59037979226477
0.14500952203015735,4.368058809740429,79.03736802021555
0.037923292642746104,6.1620852617643145,68.11319145057847
0.03764341683155563,2.0652199708622545,68.46680595339744
0.2133019807548089,4.711167412962884,76.56559753167839
0.1224561790656368,4.054603120106464,86.73053928837473
0.2542522175932091,7.542001182365228,61.116875622497794
0.182431569996387,6.3880036792133525,97.31029252265905
0.021564609028136617,2.757272225940262,62.137275491573185
0.038101712936349424,5.35426422714901,67.4282299743532
0.08478454610044203,7.372976335034648,84.20420903698297
0.05405890312249302,6.405622267326839,84.7871041864374
0.04645304784674765,1.7195024692452026,63.02022686009942
0.10336629178515253,5.5027068472376355,72.16812218472066
0.011958458909001067,2.4370674493623623,67.60879192079071
0.02796193306876063,0.9426038817321096,87.82204447323888
0.0592438232713199,5.5573458138554646,96.0206383393264
0.01153167950460346,5.078133440128469,55.32158386408502
0.08628562408971684,5.006987449064315,59.155395138326355
0.222138957073341,5.048117171473792,72.98101712257919
0.07797851352778055,5.8158587100886425,61.87066530224389
0.058115852331006676,6.7845090537258805,59.03311805208526
0.05806793580681046,5.770014806628357,53.57476583335122
0.039751372752396985,4.941326380105075,89.13170991902146
0.05079538879198167,4.595303226862881,59.73806588764204
0.03953164234374383,7.944690539550068,85.00812408375467
0.10665975120534463,4.22555735853339,73.41742764876024
0.028729209970524083,3.020270491379677,95.29548839836949
0.08721860979695682,0.2550640084684126,88.27297743227024
0.10067458044415606,2.5355291897685635,68.38735399611824
0.022669056295145634,7.937528210487199,95.2045845615313
0.08781359875476413,2.9339783149104837,63.96211958185002
0.01706585363555018,5.141623763034372,55.59037979226477
0.15556001706443345,3.8416431999438414,78.13221646724662
0.05592453580761321,6.627235957653914,74.29438164440268
0.03735754609639599,0.013617328635258552,69.11463707293555
0.1349568957383424,4.883022309598371,68.19147579804589
0.1224561790656368,4.054603120106464,86.73053928837473
0.2542522175932091,7.542001182365228,61.116875622497794
0.11375303169885112,4.79628916516398,85.34444269702847
0.07295530678313539,3.056507766573025,68.16204709579257
0.038101712936349424,5.35426422714901,67.4282299743532
0.08478454610044203,7.372976335034648,84.20420903698297
0.05405890312249302,6.405622267326839,84.7871041864374
0.04645304784674765,1.7195024692452026,63.02022686009942
0.10336629178515253,5.5027068472376355,72.16812218472066
0.011461307030843165,2.4011316472248,67.76010663734996
0.02796193306876063,0.9426038817321096,87.82204447323888
0.0592438232713199,5.5573458138554646,96.0206383393264
0.01153167950460346,5.078133440128469,55.32158386408502
0.08628562408971684,5.006987449064315,59.155395138326355
0.14751642549687805,3.0149736777227334,71.41960969628165
0.05577027326806619,6.654697339904104,50.02832791750906
0.054306629740850286,7.015222996115201,57.89697516406153
0.05806793580681046,5.770014806628357,53.57476583335122
0.03579062505563739,4.585686681823603,86.13958083360019
0.043960736112002886,4.036759489500328,54.81833253483059
0.03953164234374383,7.944690539550068,85.00812408375467
0.10782477931941682,3.7737785841871796,73.85935687969189
0.0623990680476134,3.238320846489953,90.7391432697643
0.0781384837202225,0.8875491891057568,84.04275009232592
0.1214667520722783,1.0190198579545156,54.51949277611157
0.022669056295145634,7.937528210487199,95.2045845615313
0.07367741114859053,4.401035023322681,70.12405439382445
0.011906204139797302,4.965326071015038,51.518131994710245
0.14221612639132936,3.9393493571681053,81.68624564143178
0.04854520539692385,6.790094928676886,74.86421606090077
0.03735754609639599,0.013617328635258552,69.11463707293555
0.1349568957383424,4.883022309598371,68.19147579804589
0.12415853014659607,4.071570040101036,86.49572928017244
0.24201345589818862,7.26921086443911,61.842673954652184
0.11375303169885112,4.79628916516398,85.34444269702847
0.07295530678313539,3.056507766573025,68.16204709579257
0.04164212094455533,5.42798506511394,64.9717355385048
0.09538449640700994,7.276636084896808,82.32700523034318
0.0481285689362933,4.135942902527426,79.22210923662219
0.04645304784674765,1.7195024692452026,63.02022686009942
0.08942907408429693,5.721993146154409,75.3540192680049
0.05644420730476028,1.8359651069618828,62.34581816589122
0.02510557896437229,1.2250244695165333,93.5092710281377
0.04880022288098804,5.7919069134501875,97.5709471441345
0.01153167950460346,5.078133440128469,55.32158386408502
0.12621936259779387,3.692633704070505,60.95713591813573
0.15507391743240648,2.8704933521750147,70.9550693851816
0.05577027326806619,6.654697339904104,50.02832791750906
0.04208525162625627,6.461770478349698,57.16115126020629
0.06627015337903706,6.777765283467172,52.851730442077624
0.026591827679806085,4.641552296843721,86.5245010600993
0.042333969975549224,4.206735257789222,53.415316525671244
0.04813697777528814,6.371677406561824,84.79294545952786
0.1801808676879307,3.0008322592104433,62.57821698484811
0.0623990680476134,3.238320846489953,90.7391432697643
0.0781384837202225,0.8875491891057568,84.04275009232592
0.1214667520722783,1.0190198579545156,54.51949277611157
0.022669056295145634,7.937528210487199,95.2045845615313
0.05037512813023497,4.83920020780998,69.88615049100116
0.011906204139797302,4.965326071015038,51.518131994710245
0.10179350397821728,4.9844383037819275,83.02108928686386
0.045497605864257315,4.944133283595536,73.29798904539581
0.03735754609639599,0.013617328635258552,69.11463707293555
0.03350296867683006,2.6217110995579427,74.20802329579789
0.12237985970337595,4.139323524984167,86.64835775380023
0.3150634171651474,7.940471917600996,60.70190285805168
0.09441429871264609,5.463229566854835,87.43792456229151
0.055474801657561065,2.8336903492111065,64.7487201479786
0.04164212094455533,5.42798506511394,64.9717355385048
0.09538449640700994,7.276636084896808,82.32700523034318
0.0682056740009827,1.138052537692567,66.61849655892323
0.04339464117659829,0.6145354302169395,57.430376106315386
0.10025149702874919,6.908408444692032,76.65079767333258
0.05644420730476028,1.8359651069618828,62.34581816589122
0.03260119349712528,1.7490560648627986,91.39364020482307
0.04880022288098804,5.7919069134501875,97.5709471441345
0.01153167950460346,5.078133440128469,55.32158386408502
0.12530421177025453,3.703689304775061,60.91216700790223
0.20285892031085118,3.371710836352585,75.12615630982755
0.0782638438963549,7.108162404193461,64.63345155299208
0.04208525162625627,6.461770478349698,57.16115126020629
0.06627015337903706,6.777765283467172,52.851730442077624
0.026591827679806085,4.641552296843721,86.5245010600993
0.042333969975549224,4.206735257789222,53.415316525671244
0.04813697777528814,6.371677406561824,84.79294545952786
0.18518723767684142,2.902223105073727,60.493408526027835
0.05424035525114572,4.532966776861422,77.25309085077882
0.07572342468442361,0.8802211919615862,85.68833649721985
0.1214667520722783,1.0190198579545156,54.51949277611157
0.022669056295145634,7.937528210487199,95.2045845615313
0.024752486578797195,4.260014507856729,66.29877312615658
0.011906204139797302,4.965326071015038,51.518131994710245
0.09923537467059901,4.982606812379584,82.57926406474449
0.03168386019664907,4.494774512421646,67.64727436087753
0.03735754609639599,0.013617328635258552,69.11463707293555
0.035429487921955057,3.0209620477848502,77.15032403915458
0.12237985970337595,4.139323524984167,86.64835775380023
0.3150634171651474,7.940471917600996,60.70190285805168
0.08099061313548095,6.098714706797928,87.81692273732781
0.055474801657561065,2.8336903492111065,64.7487201479786
0.04164212094455533,5.42798506511394,64.9717355385048
0.11885413785459362,7.926453131062241,90.98881644624367
0.0682056740009827,1.138052537692567,66.61849655892323
0.04339464117659829,0.6145354302169395,57.430376106315386
0.07936049045723746,6.455069995593756,85.1451058767874
0.05644420730476028,1.8359651069618828,62.34581816589122
0.02147673018022938,1.9731938565751248,92.86546668641934
0.04880022288098804,5.7919069134501875,97.5709471441345
0.01153167950460346,5.078133440128469,55.32158386408502
0.08293671432786752,4.175059072056025,57.40238969601049
0.22136270198482288,3.4392582337326867,76.42902268938741
0.10291697199967552,7.858124054032165,68.07357175751784
0.04090080818292494,6.479403488426632,51.75305831930168
0.06627015337903706,6.777765283467172,52.851730442077624
0.026591827679806085,4.641552296843721,86.5245010600993
0.042333969975549224,4.206735257789222,53.415316525671244
0.04813697777528814,6.371677406561824,84.79294545952786
0.18518723767684142,2.902223105073727,60.493408526027835
0.05424035525114572,4.532966776861422,77.25309085077882
0.03418358980967198,0.1503221007000768,88.32931614062689
0.12151791171240861,0.8837600105249903,53.80535845726339
0.022669056295145634,7.937528210487199,95.2045845615313
0.02953032695541437,4.304240232890658,68.07367188552578
0.011906204139797302,4.965326071015038,51.518131994710245
0.09405441598575856,5.123447186951988,82.8037132166674
0.020840903583328504,5.659110169777787,69.96886780456659
0.03735754609639599,0.013617328635258552,69.11463707293555
0.035429487921955057,3.0209620477848502,77.15032403915458
0.08743772710570252,4.1825204296217136,79.36497132631389
0.3150634171651474,7.940471917600996,60.70190285805168
0.08099061313548095,6.098714706797928,87.81692273732781
0.07719485935183446,1.771015544453428,71.34450597516738
0.03153581415251265,7.323404966134129,65.13467300541863
0.11885413785459362,7.926453131062241,90.98881644624367
0.07803306966584153,0.554905627971634,70.18857010515067
0.04339464117659829,0.6145354302169395,57.430376106315386
0.07936049045723746,6.455069995593756,85.1451058767874
0.05644420730476028,1.8359651069618828,62.34581816589122
0.02147673018022938,1.9731938565751248,92.86546668641934
0.05156300542059862,5.296960395995889,94.98305162601699
0.011162156020306544,4.9832624899581734,53.9983184615486
0.11617277959657708,2.1393237198136026,52.40265872104865
0.18001569102940795,3.986246817808503,78.49938595757847
0.10291697199967552,7.858124054032165,68.07357175751784
0.04090080818292494,6.479403488426632,51.75305831930168
0.06286317779581056,5.681673951446322,55.408536441487854
0.07500149677391252,4.342726006944407,84.015302654451
0.042333969975549224,4.206735257789222,53.415316525671244
0.06145363284360077,3.7807051928639925,78.28769956336242
0.11098811655591828,2.481155729568495,75.16551663384838
0.03895272412757856,4.6730520757341,72.27368258844378
0.03418358980967198,0.1503221007000768,88.32931614062689
0.12151791171240861,0.8837600105249903,53.80535845726339
0.022669056295145634,7.937528210487199,95.2045845615313
0.02953032695541437,4.304240232890658,68.07367188552578
0.011906204139797302,4.965326071015038,51.518131994710245
0.09405441598575856,5.123447186951988,82.8037132166674
0.014851645848836043,5.414196337866097,75.40753663312417
0.04837059604115215,1.0191241761876286,66.28466956075195
0.03012815096804554,2.6228635260438673,83.12127745166615
0.08743772710570252,4.1825204296217136,79.36497132631389
0.31302123863847714,7.924637140322213,60.76622423370303
0.08305741326630076,6.118413454853309,87.19066071438779
0.047421553866218935,2.3670153379819094,83.12614936830904
0.03153581415251265,7.323404966134129,65.13467300541863
0.08611383904262773,4.919588767789381,89.96044428252256
0.07803306966584153,0.554905627971634,70.18857010515067
0.04339464117659829,0.6145354302169395,57.430376106315386
0.08372146684569866,6.9249912259045345,84.19005856990604
0.06254899272276326,2.660613416407716,69.47442135663754
0.02147673018022938,1.9731938565751248,92.86546668641934
0.05156300542059862,5.296960395995889,94.98305162601699
0.011162156020306544,4.9832624899581734,53.9983184615486
0.09638567268085124,1.6593020511614143,61.07312629529206
0.1800217603734528,3.986448484736241,78.49852132463111
0.10291697199967552,7.858124054032165,68.07357175751784
0.04090080818292494,6.479403488426632,51.75305831930168
0.06286317779581056,5.681673951446322,55.408536441487854
0.07408999212762987,4.393687854602305,83.55410207346685
0.05627105051545421,4.264753547185798,66.4703137352594
0.0526169275817991,3.3725991779386284,74.10490385407351
0.13332622714038364,3.0027193789898736,78.3336609866062
0.040630749966998586,6.26438024074957,66.62448796046598
0.035488379442323074,0.1623609297502021,87.78951823576496
0.11293778499430046,1.142296670907944,56.08524670236154
0.022669056295145634,7.937528210487199,95.2045845615313
0.025670048904024974,4.460018624625577,67.06519806264453
0.011906204139797302,4.965326071015038,51.518131994710245
0.08680117421168793,4.556448653461874,79.73501689315206
0.014851645848836043,5.414196337866097,75.40753663312417
0.04837059604115215,1.0191241761876286,66.28466956075195
0.030632515904799935,1.204339949721252,95.81645942715818
0.10450985887995241,5.5649080332458825,85.08099472766516
0.27548285775028825,7.158347471546832,64.89922470002789
0.08340443983738596,6.130175094725051,87.31459989247462
0.047421553866218935,2.3670153379819094,83.12614936830904
0.02864328722146274,7.660214109299667,64.66085659069566
0.08799448614950522,4.079297064384287,91.79697674616432
0.05980628296785576,0.3867335612268141,77.7290816372261
0.04339464117659829,0.6145354302169395,57.430376106315386
0.08985935280657853,6.843058339870609,86.36638348611001
0.06323492117254861,2.723938753405308,69.01017297173308
0.02147673018022938,1.9731938565751248,92.86546668641934
0.031001658735319293,5.984190160098036,96.78122147415965
0.011162156020306544,4.9832624899581734,53.9983184615486
0.09886824591379102,1.3548344217500259,58.56992086121525
0.2949995164406158,3.7278730663059165,89.67402342658201
0.10291697199967552,7.858124054032165,68.07357175751784
0.04090080818292494,6.479403488426632,51.75305831930168
0.10064535956150962,6.192060552697114,56.43909851197611
0.050118366303108154,5.06160024416013,77.263955485904
0.011484276378543726,6.732599491657919,74.67819188240583
0.0665184709197485,4.960268797128275,78.61225932918862
0.1243291699930635,2.1817479039328243,68.51583119272675
0.0432075656555132,6.254007948810002,67.37791133935568
0.035488379442323074,0.1623609297502021,87.78951823576496
0.11293778499430046,1.142296670907944,56.08524670236154
0.0334446246306323,7.770960626931808,94.98575138579548
0.0194673149816742,4.683727367113107,61.478557879220624
0.011906204139797302,4.965326071015038,51.518131994710245
0.11089213474868484,6.439680968104471,89.92740318504677
0.014291271557215237,5.705249135304728,73.93087992999004
0.0484403454677442,1.0198902407738966,66.29128433252266
0.029494691577460066,1.44849612675121,97.69732961453423
0.10971398934210476,5.986303880797464,86.82342103380552
0.27548285775028825,7.158347471546832,64.89922470002789
0.08187953454373369,6.1427043823534255,86.03875637312031
0.0573282338127113,1.5459976491947995,90.79782168178343
0.02864328722146274,7.660214109299667,64.66085659069566
0.10112666665734328,3.6403751663838224,90.64851641469842
0.05980628296785576,0.3867335612268141,77.7290816372261
0.043996506941932856,0.6556214846824271,58.9789600062489
0.09193517105858431,7.01050397951953,87.05599549525773
0.0716370824251012,2.8749960557644636,64.21025181244089
0.02147673018022938,1.9731938565751248,92.86546668641934
0.031001658735319293,5.984190160098036,96.78122147415965
0.011162156020306544,4.9832624899581734,53.9983184615486
0.09886824591379102,1.3548344217500259,58.56992086121525
0.2949995164406158,3.7278730663059165,89.67402342658201
0.1073680060441178,7.966247538629085,67.77940112806944
0.04090080818292494,6.479403488426632,51.75305831930168
0.10660039336905018,6.589078420907252,52.98594525261199
0.016096258741791852,3.4759742524380934,69.29716222202323
0.011484276378543726,6.732599491657919,74.67819188240583
0.08335161187554747,5.059204960943043,84.74205584218993
0.1288822853760861,2.5972146272067125,73.48431267844512
0.0432075656555132,6.254007948810002,67.37791133935568
0.035488379442323074,0.1623609297502021,87.78951823576496
0.09692784919828161,2.0883800096305642,64.03704980803343
0.0334446246306323,7.770960626931808,94.98575138579548
0.0194673149816742,4.683727367113107,61.478557879220624
0.011906204139797302,4.965326071015038,51.518131994710245
0.16587146501637573,6.75314235695755,85.21071656461862
0.014291271557215237,5.705249135304728,73.93087992999004
0.0484403454677442,1.0198902407738966,66.29128433252266
0.029494691577460066,1.44849612675121,97.69732961453423
0.10971398934210476,5.986303880797464,86.82342103380552
0.15903037580498605,6.8213024500629,58.37313412351155
0.07875738483709355,6.0901707766478035,84.49847585976026
0.05636436193630973,1.4999066944214339,90.80110744199436
0.028963882269305075,7.709308039354813,64.85640211245277
0.13793556198698215,5.590789587952474,92.25179659127055
0.07176847312951368,0.1832842228379994,91.9160328082103
0.043996506941932856,0.6556214846824271,58.9789600062489
0.09073040122007894,7.99329736370413,92.00605939233711
0.07376206824552275,3.0456198366124925,64.61242943415556
0.016968772473809846,4.085877995467932,84.29666511085856
0.031001658735319293,5.984190160098036,96.78122147415965
0.011162156020306544,4.9832624899581734,53.9983184615486
0.09886824591379102,1.3548344217500259,58.56992086121525
0.2949995164406158,3.7278730663059165,89.67402342658201
0.08108377505835104,4.867878149098361,67.11563804626074
0.04065722930031383,6.5032038204241465,50.10317345502193
0.10660039336905018,6.589078420907252,52.98594525261199
0.04865706258697733,2.558321317643186,65.60442892581999
0.011471329835166877,6.662290780041011,73.84703398932493
0.08385216717171436,5.158538052210765,84.89114619441813
0.1078141614238575,2.4538167870794476,71.43102277825423
0.0432075656555132,6.254007948810002,67.37791133935568
0.035488379442323074,0.1623609297502021,87.78951823576496
0.08763703580736058,1.4597585489233138,61.18369516014228
0.0334446246306323,7.770960626931808,94.98575138579548
0.02592224325069449,5.11068362197096,63.082580681757044
0.011906204139797302,4.965326071015038,51.518131994710245
0.16727778623008754,6.729931928382747,85.0835366407494
0.014291271557215237,5.705249135304728,73.93087992999004
0.043431264394869815,0.8989168081701979,65.8576695116887
0.029494691577460066,1.44849612675121,97.69732961453423
0.15889475242925807,4.835503936998789,81.56010676864925
0.16649367706219187,7.2235760742831205,56.59605958213089
0.07875738483709355,6.0901707766478035,84.49847585976026
0.05883541261362979,1.7502370028290155,88.94102455972788
0.028963882269305075,7.709308039354813,64.85640211245277
0.13793556198698215,5.590789587952474,92.25179659127055
0.07176847312951368,0.1832842228379994,91.9160328082103
0.043996506941932856,0.6556214846824271,58.9789600062489
0.09073040122007894,7.99329736370413,92.00605939233711
0.09109065181123274,1.2260247916706195,63.044022808894766
0.016968772473809846,4.085877995467932,84.29666511085856
0.03589178727605635,5.240324447085495,95.40377268073127
0.011162156020306544,4.9832624899581734,53.9983184615486
0.10010375372413775,2.1912061256834106,57.677666087604784
0.17323077161415312,5.056588578802804,70.72910951969743
0.06299392482975896,5.271094278327225,77.83095921386288
0.04065722930031383,6.5032038204241465,50.10317345502193
0.1035113935672486,6.8624013057120035,60.5809789307918
0.052629607048487945,2.1123370067124982,66.04508139490446
0.011471329835166877,6.662290780041011,73.84703398932493
0.07809543995413093,4.796521664432302,92.96516203419708
0.1076386705855773,2.4488719672866965,71.39678111030331
0.04324037466666164,6.2508021480875735,67.60014362125763
0.035488379442323074,0.1623609297502021,87.78951823576496
0.07410423277326687,1.9626541280370997,65.60977350311285
0.03354039659865528,7.924258128379694,94.92000516176618
0.02592224325069449,5.11068362197096,63.082580681757044
0.011906204139797302,4.965326071015038,51.518131994710245
0.10425327123544552,6.014141905386937,71.46815524374344
0.017122277038283895,5.4538881087097515,74.8848505467902
0.043431264394869815,0.8989168081701979,65.8576695116887
0.029494691577460066,1.44849612675121,97.69732961453423
0.21044593202577247,4.601353758336029,83.5646979713606
0.16649367706219187,7.2235760742831205,56.59605958213089
0.07429260280761925,6.653082193735083,86.52387776819518
0.05883541261362979,1.7502370028290155,88.94102455972788
0.028963882269305075,7.709308039354813,64.85640211245277
0.13793556198698215,5.590789587952474,92.25179659127055
0.07176847312951368,0.1832842228379994,91.9160328082103
0.043996506941932856,0.6556214846824271,58.9789600062489
0.055573304194429504,7.402900242138429,83.95122596028074
0.09109065181123274,1.2260247916706195,63.044022808894766
0.016968772473809846,4.085877995467932,84.29666511085856
0.021669422024928914,5.259351518248454,97.95899815888718
0.011162156020306544,4.9832624899581734,53.9983184615486
0.10010375372413775,2.1912061256834106,57.677666087604784
0.18745503528548496,4.8270619319856385,68.45830795843612
0.06785053926868617,5.243942081920617,78.02169213722696
0.04065722930031383,6.5032038204241465,50.10317345502193
0.10534764478071854,6.872931371791883,60.464798433935954
0.053315563955710736,3.345173883102034,70.21767216677918
0.011471329835166877,6.662290780041011,73.84703398932493
0.07809543995413093,4.796521664432302,92.96516203419708
0.07125755339307707,5.1372026784187295,82.9463236963122
0.04324037466666164,6.2508021480875735,67.60014362125763
0.035488379442323074,0.1623609297502021,87.78951823576496
0.07774171908962402,0.8947734380074657,62.009479969455015
0.03354039659865528,7.924258128379694,94.92000516176618
0.03519691581368743,5.217656298936697,64.07546256159306
0.07747464027277504,5.002418623047876,59.326203465904015
0.10359030088700964,5.403349672552313,69.26484235832196
0.02807774653607162,5.466302471755029,76.45970258181949
0.033990835387899584,2.0358573852860617,72.43573590970867
0.029494691577460066,1.44849612675121,97.69732961453423
0.2310177263355087,4.22922319646095,83.51335530097161
0.21095276637036037,7.478528743521441,53.78311163269383
0.07429260280761925,6.653082193735083,86.52387776819518
0.05070703138214444,1.6666444806527791,91.36681994413264
0.024687182206521135,7.8055993921087845,64.48083145873927
0.13793556198698215,5.590789587952474,92.25179659127055
0.07176847312951368,0.1832842228379994,91.9160328082103
0.04378217308465841,0.5937630649900987,58.72047499809815
0.042748613777301006,6.704176917723472,75.30166877571888
0.09280034264880357,0.888865924402479,61.32836644717135
0.016968772473809846,4.085877995467932,84.29666511085856
0.021669422024928914,5.259351518248454,97.95899815888718
0.011162156020306544,4.9832624899581734,53.9983184615486
0.10010375372413775,2.1912061256834106,57.677666087604784
0.20975953286907573,4.546682023790014,53.869367266246584
0.06601794058880447,5.301356135049583,75.37278228109398
0.04065722930031383,6.5032038204241465,50.10317345502193
0.10003878511597358,6.831513594094707,63.974246346497154
0.08612980292869009,2.0700069716470306,82.8435967251517
0.011471329835166877,6.662290780041011,73.84703398932493
0.07111836664460615,4.991910509026323,90.96305527927343
0.08867672470326284,5.1967645140792476,86.44480853611809
0.040913857095636386,4.423547994196516,73.65934946818463
0.035488379442323074,0.1623609297502021,87.78951823576496
0.07039975252771305,2.0051273505582126,59.65227606018003
0.0458274745094088,5.436192860284841,93.9544833333243
0.03620249613079922,5.346818534935171,64.51611253102566
0.06293399921567573,5.069365211954319,69.39238756661686
0.11566550934212866,5.587007770324748,67.16937721793059
0.03289456897630219,4.6575151856681245,79.6328005351294
0.033990835387899584,2.0358573852860617,72.43573590970867
0.024047504067116556,2.498789204084423,84.71294417451685
0.14280963491305385,3.0120788244523533,89.72178355576948
0.20049045191770282,7.154923309850171,60.519091920095846
0.06993989477892072,6.596693081284709,83.87126652302379
0.05070703138214444,1.6666444806527791,91.36681994413264
0.024687182206521135,7.8055993921087845,64.48083145873927
0.14321093673859467,5.383234795430974,97.3975175174464
0.07176847312951368,0.1832842228379994,91.9160328082103
0.04378217308465841,0.5937630649900987,58.72047499809815
0.044919128812927825,6.571814539256293,76.60205241377852
0.09890765106853952,0.4553172434126882,60.38829154598861
0.01904810282463129,3.8150708468751717,82.31327817938799
0.016315222854195358,5.595155902904316,98.49129462545356
0.011162156020306544,4.9832624899581734,53.9983184615486
0.10351878546039456,1.9201176335438888,56.50655402519517
0.20975953286907573,4.546682023790014,53.869367266246584
0.06249227941318383,5.30673204076358,74.08898659298127
0.04139611490734458,5.105930454526805,52.14071413448036
0.09964294656029868,6.506536351942851,63.82955482168521
0.09894707763051416,0.41265553986073655,90.27631365057994
0.011471329835166877,6.662290780041011,73.84703398932493
0.07111836664460615,4.991910509026323,90.96305527927343
0.05242929626858514,4.561974648991244,94.84932720362244
0.04068412866337361,4.497036874612846,76.25636072905804
0.035488379442323074,0.1623609297502021,87.78951823576496
0.07126301543142997,1.971509497360994,59.25410655569488
0.05630212484446971,3.3151341445022773,93.13138254261912
0.039383910161266134,5.793920026707728,68.9272630425303
0.05898221432505302,7.254978211151066,59.31724310237707
0.17039350143814463,7.966537688167757,63.64053256016147
0.041649876741945646,4.1880992983649925,65.33886736302304
0.03853079298550196,1.1031632197265395,72.15121663267428
0.024047504067116556,2.498789204084423,84.71294417451685
0.13139369709595644,3.4022259348083908,85.29424622469017
0.20049045191770282,7.154923309850171,60.519091920095846
0.06993989477892072,6.596693081284709,83.87126652302379
0.048072781257696706,3.8991362482297354,84.64692612436825
0.024687182206521135,7.8055993921087845,64.48083145873927
0.14321093673859467,5.383234795430974,97.3975175174464
0.0782236795899334,1.6476310954709525,85.41173005970285
0.04378217308465841,0.5937630649900987,58.72047499809815
0.044919128812927825,6.571814539256293,76.60205241377852
0.09066800604839623,0.9680815116469645,64.1895506488381
0.01904810282463129,3.8150708468751717,82.31327817938799
0.016315222854195358,5.595155902904316,98.49129462545356
0.011162156020306544,4.9832624899581734,53.9983184615486
0.10351878546039456,1.9201176335438888,56.50655402519517
0.1449710829309691,5.36608569286396,71.80114074778845
0.03660731824169926,5.282199040591219,66.61437740180247
0.04477541197751106,5.441832377953066,50.98235728625535
0.13430697527682856,6.465186807032768,55.73899678792298
0.09894707763051416,0.41265553986073655,90.27631365057994
0.011471329835166877,6.662290780041011,73.84703398932493
0.07111836664460615,4.991910509026323,90.96305527927343
0.05242929626858514,4.561974648991244,94.84932720362244
0.05097510500226258,4.03330177604412,66.86655962693452
0.035488379442323074,0.1623609297502021,87.78951823576496
0.08322832720161152,2.19398976409118,58.78889569269681
0.05906809047379703,3.7341102672797115,93.84126982065632
0.021290063888294283,7.725504987913747,61.24782991282571
0.060935324235409094,7.34985737097858,56.916693640055584
0.1685462130458304,7.859673212422798,63.971210448923074
0.03571792417331467,4.5415186406084,54.08708670419568
0.030588026877266528,1.1237420414499544,73.3641247845776
0.04074802551169311,2.6393425303790985,84.80338098536944
0.1320580291421348,3.3747836530886928,85.19717291239037
0.17658783695344996,6.261781818666792,62.23580458826295
0.07274343793230467,6.599480688437294,84.68577218101026
0.05688130131523987,6.480189986650999,96.18212241166174
0.031653761181158105,7.380763374976061,68.65459904991933
0.14321093673859467,5.383234795430974,97.3975175174464
0.08114471542333737,1.4735569477731971,86.09741022449607
0.04378217308465841,0.5937630649900987,58.72047499809815
0.044919128812927825,6.571814539256293,76.60205241377852
0.09066800604839623,0.9680815116469645,64.1895506488381
0.01904810282463129,3.8150708468751717,82.31327817938799
0.02167215720682581,5.304254880785161,86.23163949277699
0.011162156020306544,4.9832624899581734,53.9983184615486
0.10351878546039456,1.9201176335438888,56.50655402519517
0.09619496897412995,5.226538738850036,65.3116448028225
0.03660731824169926,5.282199040591219,66.61437740180247
0.04477541197751106,5.441832377953066,50.98235728625535
0.1331745620082671,6.452243213832493,55.67883385222795
0.09142061069369774,1.498267203354028,91.33298913048313
0.011471329835166877,6.662290780041011,73.84703398932493
0.0845390771664876,3.588969131517957,86.04324999934872
0.053851528612703814,4.595269493801777,94.15938529719485
0.055821654831256326,3.6120230554735073,66.95162587551246
0.035488379442323074,0.1623609297502021,87.78951823576496
0.08322832720161152,2.19398976409118,58.78889569269681
0.05653241495165656,3.202814835054731,95.53887723635842
0.021290063888294283,7.725504987913747,61.24782991282571
0.060935324235409094,7.34985737097858,56.916693640055584
0.16412550697157863,7.427563997597319,69.80370569806405
0.03571792417331467,4.5415186406084,54.08708670419568
0.030588026877266528,1.1237420414499544,73.3641247845776
0.0449098947951512,3.1544656718346906,84.78808277749226
0.13770722199826743,4.088744940953095,82.48537046004913
0.1583638907518343,6.039236187801766,61.181627770796176
0.07274343793230467,6.599480688437294,84.68577218101026
0.05688130131523987,6.480189986650999,96.18212241166174
0.039505286100986726,7.66026911869147,66.63459800929002
0.22753133699151648,7.504335617042936,99.20559279603472
0.08114471542333737,1.4735569477731971,86.09741022449607
0.04378217308465841,0.5937630649900987,58.72047499809815
0.04472912514279715,5.572785560291934,73.61375194417573
0.09066800604839623,0.9680815116469645,64.1895506488381
0.01904810282463129,3.8150708468751717,82.31327817938799
0.01688798456925146,5.055000523544625,89.80363259558666
0.011162156020306544,4.9832624899581734,53.9983184615486
0.10351878546039456,1.9201176335438888,56.50655402519517
0.10869504949055964,5.640859269973382,62.05549992392073
0.036759611988268874,5.979037266385682,63.73232385826524
0.04477541197751106,5.441832377953066,50.98235728625535
0.1331745620082671,6.452243213832493,55.67883385222795
0.09142061069369774,1.498267203354028,91.33298913048313
0.021146140870433053,4.04391782946377,79.463498236719
0.08133864652760765,4.957555584602099,97.45490941355692
0.053851528612703814,4.595269493801777,94.15938529719485
0.055750670378519614,3.6162378926434937,66.9030093448952
0.035488379442323074,0.1623609297502021,87.78951823576496
0.08322832720161152,2.19398976409118,58.78889569269681
0.05653241495165656,3.202814835054731,95.53887723635842
0.021290063888294283,7.725504987913747,61.24782991282571
0.060935324235409094,7.34985737097858,56.916693640055584
0.1686986588952702,7.843134883241601,70.80705801998724
0.03571792417331467,4.5415186406084,54.08708670419568
0.030434768844897188,1.1227984847935506,73.31885508500548
0.04766523174903831,3.9199138326399763,87.41053306396445
0.14289405245417502,4.5785077155722576,77.13606158921023
0.11344105272878804,5.41857198523708,75.35654860695084
0.07274343793230467,6.599480688437294,84.68577218101026
0.05688130131523987,6.480189986650999,96.18212241166174
0.05680964369019162,7.6279564442304455,67.07464997117982
0.22753133699151648,7.504335617042936,99.20559279603472
0.08114471542333737,1.4735569477731971,86.09741022449607
0.043557361316010984,0.7038169488544814,58.591307331197726
0.04472912514279715,5.572785560291934,73.61375194417573
0.08790639309502316,2.149018236453094,74.0365337625819
0.01904810282463129,3.8150708468751717,82.31327817938799
0.01688798456925146,5.055000523544625,89.80363259558666
0.011162156020306544,4.9832624899581734,53.9983184615486
0.1067911243391443,1.8357474644616656,55.59456556768469
0.13704661073992405,4.555056694560385,59.3129032767609
0.037736036685696236,5.868801711633925,63.88914299953931
0.04477541197751106,5.441832377953066,50.98235728625535
0.13873942907944142,6.51585018275682,55.97448452062725
0.09750957784069166,2.2207041518368875,86.13355354874543
0.021146140870433053,4.04391782946377,79.463498236719
0.08133864652760765,4.957555584602099,97.45490941355692
0.04913933473269623,4.60044905643697,95.22156456108432
0.06821187215322547,5.740353960029335,54.05791682905494
0.035488379442323074,0.1623609297502021,87.78951823576496
0.06888297253685122,3.4056392299285476,55.87656612049608
0.05653241495165656,3.202814835054731,95.53887723635842
0.022373055285753132,6.943558016769354,62.67738029001319
0.060935324235409094,7.34985737097858,56.916693640055584
0.1686986588952702,7.843134883241601,70.80705801998724
0.03571792417331467,4.5415186406084,54.08708670419568
0.030434768844897188,1.1227984847935506,73.31885508500548
0.04766523174903831,3.9199138326399763,87.41053306396445
0.12811988766509871,4.513634988235922,77.41849709154555
0.14276972898887308,5.408636935914222,85.76732696020981
0.07274343793230467,6.599480688437294,84.68577218101026
0.05688130131523987,6.480189986650999,96.18212241166174
0.05458931626427711,7.9229414562269085,66.03491840393332
0.22753133699151648,7.504335617042936,99.20559279603472
0.07170844910096044,0.9533983356484081,90.61864764303118
0.03565478816982901,3.03148395536405,60.11557205771529
0.04476527373437703,5.573457845961054,73.59273120395682
0.10143068674531085,3.1472878093407033,60.191481727341525
0.01904810282463129,3.8150708468751717,82.31327817938799
0.01688798456925146,5.055000523544625,89.80363259558666
0.011162156020306544,4.9832624899581734,53.9983184615486
0.1067911243391443,1.8357474644616656,55.59456556768469
0.128552842377432,4.427424370748523,59.380144228983816
0.037736036685696236,5.868801711633925,63.88914299953931
0.053016300086153684,4.745783523936867,52.655385433754155
0.13873942907944142,6.51585018275682,55.97448452062725
0.11239926425756624,1.3756857147662984,97.33703079745831
0.021146140870433053,4.04391782946377,79.463498236719
0.08007055653111694,4.948073812594934,95.44907884709
0.049994792561267126,4.9953802052572245,99.75449619306838
0.06821187215322547,5.740353960029335,54.05791682905494
0.035488379442323074,0.1623609297502021,87.78951823576496
0.06888297253685122,3.4056392299285476,55.87656612049608
0.05630986589901723,3.247650224252621,95.12381516491635
0.022373055285753132,6.943558016769354,62.67738029001319
0.060935324235409094,7.34985737097858,56.916693640055584
0.1686986588952702,7.843134883241601,70.80705801998724
0.023920564781294937,3.227704321323902,52.76332256204412
0.030434768844897188,1.1227984847935506,73.31885508500548
0.02019168201347024,3.4898552191429593,87.88521834097554
0.12811988766509871,4.513634988235922,77.41849709154555
0.12318169078321248,5.10201457975953,86.1057671483636
0.07767436158074646,5.1522106599043624,81.22268856757108
0.05688130131523987,6.480189986650999,96.18212241166174
0.05458931626427711,7.9229414562269085,66.03491840393332
0.22753133699151648,7.504335617042936,99.20559279603472
0.07393078873979239,1.0611245488070893,88.80223461801083
0.03969188756126392,3.092147768503064,60.083612343756364
0.04476527373437703,5.573457845961054,73.59273120395682
0.10923565437870263,2.772500890613605,59.946061298429825
0.023264997885473038,3.8576063545758,81.26380126157842
0.01688798456925146,5.055000523544625,89.80363259558666
0.01197874375005882,4.954163447323955,54.34789245998629
0.1067911243391443,1.8357474644616656,55.59456556768469
0.10423393961707274,4.537309126746211,58.33034978170202
0.04521347762532224,4.813580129933907,76.46357844323786
0.05369162820386908,4.70597500433129,52.61328516802037
0.13873942907944142,6.51585018275682,55.97448452062725
0.11239926425756624,1.3756857147662984,97.33703079745831
0.013145069101762205,3.755527383555967,83.78239172094385
0.02926837364444468,4.067407921024823,94.15491026847003
0.049994792561267126,4.9953802052572245,99.75449619306838
0.06634421625776765,5.972466024206894,52.674808262011034
0.035488379442323074,0.1623609297502021,87.78951823576496
0.07595867119119974,3.393401169381089,51.22514745794899
0.04955383073574162,4.386068036277646,87.03263820751697
0.022373055285753132,6.943558016769354,62.67738029001319
0.060935324235409094,7.34985737097858,56.916693640055584
0.1686986588952702,7.843134883241601,70.80705801998724
0.023920564781294937,3.227704321323902,52.76332256204412
0.030434768844897188,1.1227984847935506,73.31885508500548
0.02019168201347024,3.4898552191429593,87.88521834097554
0.08783430090342625,3.301680726666011,68.58947447659392
0.1882912714165499,3.7485923223347926,76.21039140818355
0.07767436158074646,5.1522106599043624,81.22268856757108
0.05688130131523987,6.480189986650999,96.18212241166174
0.0398426951424683,6.022431593777613,75.40236769477768
0.22994899835002433,7.577068701553055,99.7354494650176
0.07393078873979239,1.0611245488070893,88.80223461801083
0.04037604746948838,3.218531087504756,62.717940065260144
0.0396294910588017,3.978425471438701,73.494579168295
0.10923565437870263,2.772500890613605,59.946061298429825
0.023264997885473038,3.8576063545758,81.26380126157842
0.01688798456925146,5.055000523544625,89.80363259558666
0.01197874375005882,4.954163447323955,54.34789245998629
0.12291868716769662,1.3053056658621816,55.80662435943901
0.0825200736006308,5.1119109681937855,64.68726421532415
0.04521347762532224,4.813580129933907,76.46357844323786
0.053525741315616805,4.71896138859798,54.72863720457585
0.12598826487892273,6.230656172424357,60.42173202383179
0.11239926425756624,1.3756857147662984,97.33703079745831
0.03453035305390231,3.9390692857899214,77.80691808785079
0.02926837364444468,4.067407921024823,94.15491026847003
0.049994792561267126,4.9953802052572245,99.75449619306838
0.06497953814741503,6.045686567967153,58.94914123666664
0.035488379442323074,0.1623609297502021,87.78951823576496
0.07595867119119974,3.393401169381089,51.22514745794899
0.04955383073574162,4.386068036277646,87.03263820751697
0.022373055285753132,6.943558016769354,62.67738029001319
0.060935324235409094,7.34985737097858,56.916693640055584
0.1686986588952702,7.843134883241601,70.80705801998724
0.040586754974617556,3.280519197356108,55.14071277265403
0.030434768844897188,1.1227984847935506,73.31885508500548
0.01974482398185231,2.7823583163659613,93.04908691675948
0.08068219688099114,3.59713290667315,65.69998709506177
0.28535581535114873,3.6283500671200195,75.20255316364452
0.057471660664897825,6.675486814758756,94.84207165077248
0.05688130131523987,6.480189986650999,96.18212241166174
0.03511964387958187,6.366241918863621,78.56413329176888
0.22994899835002433,7.577068701553055,99.7354494650176
0.07501843266186178,0.8661520048076801,90.61844902611135
0.04611747602430434,2.0305632341131297,62.73087519567642
0.0396294910588017,3.978425471438701,73.494579168295
0.10923565437870263,2.772500890613605,59.946061298429825
0.023264997885473038,3.8576063545758,81.26380126157842
0.016942744768512125,5.057853518054456,89.76274714497994
0.01197874375005882,4.954163447323955,54.34789245998629
0.12291868716769662,1.3053056658621816,55.80662435943901
0.07502395724189942,5.5321673327184655,75.00825938381176
0.04521347762532224,4.813580129933907,76.46357844323786
0.053525741315616805,4.71896138859798,54.72863720457585
0.12598826487892273,6.230656172424357,60.42173202383179
0.11372428253488967,1.3245740707880356,97.44216834417472
0.02992125372772113,3.93510361632382,84.12845715507065
0.020320199038647506,3.926842868023919,97.29663557959164
0.049994792561267126,4.9953802052572245,99.75449619306838
0.06571614929607249,6.20248727149828,58.80145497748239
0.035488379442323074,0.1623609297502021,87.78951823576496
0.08848020995750391,3.7335910771237284,55.16970448535332
0.047115260025889505,4.342932286798494,86.86092239120666
0.022373055285753132,6.943558016769354,62.67738029001319
0.060935324235409094,7.34985737097858,56.916693640055584
0.1686986588952702,7.843134883241601,70.80705801998724
0.040586754974617556,3.280519197356108,55.14071277265403
0.030434768844897188,1.1227984847935506,73.31885508500548
0.01974482398185231,2.7823583163659613,93.04908691675948
0.07271738131422731,3.96004342637422,74.53872371013509
0.2075041801346567,3.69644851114289,77.00299043359506
0.057471660664897825,6.675486814758756,94.84207165077248
0.058502320852294155,6.458423344874237,97.75600250735681
0.03511964387958187,6.366241918863621,78.56413329176888
0.22994899835002433,7.577068701553055,99.7354494650176
0.07501843266186178,0.8661520048076801,90.61844902611135
0.04611747602430434,2.0305632341131297,62.73087519567642
0.0396294910588017,3.978425471438701,73.494579168295
0.10923565437870263,2.772500890613605,59.946061298429825
0.030300530659319695,4.246229183252634,77.54106187270543
0.016942744768512125,5.057853518054456,89.76274714497994
0.01197874375005882,4.954163447323955,54.34789245998629
0.11028649150304816,2.3158437406972823,64.03299264262048
0.09947688185143744,6.249757483712683,65.04521478348614
0.052304365731830504,5.1224262620654795,74.91277204140029
0.05519735900363015,5.3032412845200385,69.18139624894587
0.12030088486082319,6.267580374020051,63.27887233392309
0.11372428253488967,1.3245740707880356,97.44216834417472
0.021484127412246156,3.8974539430247566,93.37002889853653
0.022386143270370584,3.987469613366664,96.45489190879923
0.049994792561267126,4.9953802052572245,99.75449619306838
0.06571614929607249,6.20248727149828,58.80145497748239
0.035488379442323074,0.1623609297502021,87.78951823576496
0.08256497146055392,4.2712551091495286,63.572834826460706
0.05284932256445399,5.590531156099712,74.43680643016009
0.013084116945564682,7.102378253665723,63.508036985418975
0.060935324235409094,7.34985737097858,56.916693640055584
0.13170653553529266,7.454795882121618,78.80067650591671
0.04230610568038123,3.560316896951889,63.49456474432469
0.020844237233833454,1.0995646459813362,70.54112967725763
0.01974482398185231,2.7823583163659613,93.04908691675948
0.12427780201407437,1.4758467397260544,69.35819393674313
0.18495233005173503,3.800202587725311,74.57881263499513
0.07700775986953334,7.45523243247845,97.29045165904574
0.058502320852294155,6.458423344874237,97.75600250735681
0.013317511167315131,6.821947161902278,80.50692163511066
0.22555446101377283,7.516346248594626,99.12139104334682
0.07501843266186178,0.8661520048076801,90.61844902611135
0.04662033143601581,2.281862372997911,63.72099026857506
0.0396294910588017,3.978425471438701,73.494579168295
0.10923565437870263,2.772500890613605,59.946061298429825
0.030300530659319695,4.246229183252634,77.54106187270543
0.018146746637526346,4.471967950954012,92.83676455711927
0.01197874375005882,4.954163447323955,54.34789245998629
0.114442001842132,1.8919653028423777,64.63220550258787
0.10405523383634474,6.7853729206658,65.44381396849714
0.06257808215283947,4.569258494180065,74.30341326367687
0.05519735900363015,5.3032412845200385,69.18139624894587
0.12343322054972354,6.430344357041545,63.050151294140804
0.09700181811397288,2.1057262101660834,92.46736665915508
0.019295979959107583,4.681037032603607,89.9235126727516
0.022386143270370584,3.987469613366664,96.45489190879923
0.049994792561267126,4.9953802052572245,99.75449619306838
0.06571614929607249,6.20248727149828,58.80145497748239
0.03619647778026497,0.4897010846717387,85.37640560445567
0.08256497146055392,4.2712551091495286,63.572834826460706
0.03263262153446825,5.112587779877798,73.31803677889309
0.05304802592229839,4.999483728684571,66.23089114266207
0.060935324235409094,7.34985737097858,56.916693640055584
0.15141755180837996,7.828854541415437,84.77434939164621
0.042780204098894326,3.5332303201237574,62.939870607431516
0.028145158720624605,1.4789387549340418,70.00802131350689
0.01974482398185231,2.7823583163659613,93.04908691675948
0.12082437760925,1.4331028982041476,70.84868568976268
0.30772022009893296,4.030737383311266,84.62922403265273
0.07700775986953334,7.45523243247845,97.29045165904574
0.058502320852294155,6.458423344874237,97.75600250735681
0.013317511167315131,6.821947161902278,80.50692163511066
0.22555446101377283,7.516346248594626,99.12139104334682
0.07501843266186178,0.8661520048076801,90.61844902611135
0.04662033143601581,2.281862372997911,63.72099026857506
0.06943746989242132,3.477031171732489,68.0750729995622
0.11576622063698476,2.6977441336715686,59.651860146006996
0.015249132712069832,4.707398368759752,80.58100018288097
0.018146746637526346,4.471967950954012,92.83676455711927
0.01197874375005882,4.954163447323955,54.34789245998629
0.114442001842132,1.8919653028423777,64.63220550258787
0.10760420668576062,6.839329486609276,66.0586839372994
0.05839436942227362,4.35832928344219,75.06949249880213
0.057077428678290215,5.965522339632718,70.37830783796657
0.1417781240215576,7.399514427264844,62.81552957286753
0.09700181811397288,2.1057262101660834,92.46736665915508
0.019295979959107583,4.681037032603607,89.9235126727516
0.022386143270370584,3.987469613366664,96.45489190879923
0.049994792561267126,4.9953802052572245,99.75449619306838
0.04900156150367883,5.814206186088749,57.416210175816964
0.03619647778026497,0.4897010846717387,85.37640560445567
0.08256497146055392,4.2712551091495286,63.572834826460706
0.03138764366918968,6.727521495571391,69.10563278619658
0.05314453396508388,5.013122865144901,66.3633729229451
0.05860237485212296,6.859417337667171,57.6906773364345
0.15141755180837996,7.828854541415437,84.77434939164621
0.0403343148577649,3.4878580077823123,62.900957212280304
0.02451946656956775,0.6898315519340037,68.90728815148509
0.01974482398185231,2.7823583163659613,93.04908691675948
0.13725313252860272,0.9692415928118059,55.939791815608
0.28139845931038043,4.421434701592798,86.07373121072175
0.07700775986953334,7.45523243247845,97.29045165904574
0.058502320852294155,6.458423344874237,97.75600250735681
0.013317511167315131,6.821947161902278,80.50692163511066
0.12362820167763486,5.171860885163131,96.11411084937588
0.09369141948037725,2.5201496845982114,92.7295559674247
0.0548198455219698,1.240187530245442,59.19945183116363
0.08371016642096812,3.923413594897328,75.45996456679555
0.10934840090645825,3.413334951024115,59.88352311896358
0.014589617000623223,4.692279963169669,80.56069018952776
0.018841101722491156,3.737842631208257,92.9290173573929
0.01197874375005882,4.954163447323955,54.34789245998629
0.09793858894132501,2.686676790097991,73.62619720145372
0.10760420668576062,6.839329486609276,66.0586839372994
0.08949838204716046,5.6266241701688005,60.60004595308374
0.06022158987473379,6.726920162244795,73.58805625143617
0.14002893984895048,5.8910915364773455,62.68235949731339
0.09938818120306,2.0257784367505898,93.53727511500497
0.019295979959107583,4.681037032603607,89.9235126727516
0.022386143270370584,3.987469613366664,96.45489190879923
0.049994792561267126,4.9953802052572245,99.75449619306838
0.04900156150367883,5.814206186088749,57.416210175816964
0.03900642887529718,0.4415417727137491,89.33952714182256
0.1149860202651087,2.715200195227111,60.06778443755379
0.03138764366918968,6.727521495571391,69.10563278619658
0.038689334641869834,4.531107328697952,80.50516952069638
0.05860237485212296,6.859417337667171,57.6906773364345
0.15141755180837996,7.828854541415437,84.77434939164621
0.03792841073577227,3.6122706069041377,62.17524960212317
0.02451946656956775,0.6898315519340037,68.90728815148509
0.019912716554465294,2.072147111401444,94.21822513433091
0.1350938467892503,1.6352747642944325,62.30663764599601
0.28139845931038043,4.421434701592798,86.07373121072175
0.07020561036130359,7.088829644696466,97.4615768331605
0.0641041730928968,5.895076905402824,92.80123119405155
0.015382953812390805,6.2502914875755256,80.94652365123078
0.12271208333799563,4.911441460380047,92.29300375543914
0.09369141948037725,2.5201496845982114,92.7295559674247
0.0548198455219698,1.240187530245442,59.19945183116363
0.0923019586843875,4.172729156627623,72.93373384195311
0.10934840090645825,3.413334951024115,59.88352311896358
0.014589617000623223,4.692279963169669,80.56069018952776
0.020026157612669994,3.4718034340709094,96.3765562575204
0.01197874375005882,4.954163447323955,54.34789245998629
0.14094180423654906,3.0253689606547787,62.27709742885169
0.12695163355549774,6.962905877676639,62.93531073276088
0.09138098361914795,5.411576730108717,60.56073135055853
0.06022158987473379,6.726920162244795,73.58805625143617
0.13604169272687608,6.217885797577168,62.759483873154316
0.09938818120306,2.0257784367505898,93.53727511500497
0.03869646268140682,4.263706051846116,83.9288048361942
0.022386143270370584,3.987469613366664,96.45489190879923
0.049994792561267126,4.9953802052572245,99.75449619306838
0.04900156150367883,5.814206186088749,57.416210175816964
0.03900642887529718,0.4415417727137491,89.33952714182256
0.1159846140985148,2.601131955441751,60.046930678463895
0.03138764366918968,6.727521495571391,69.10563278619658
0.011652273357336096,4.543324527142088,79.88484861646359
0.05860237485212296,6.859417337667171,57.6906773364345
0.11657802675220458,5.452545224692594,75.55034896118357
0.07140142507676997,4.855929455459684,68.84073305013321
0.02451946656956775,0.6898315519340037,68.90728815148509
0.019912716554465294,2.072147111401444,94.21822513433091
0.1350938467892503,1.6352747642944325,62.30663764599601
0.17982586433545333,5.704310649060913,91.55068290108827
0.07020561036130359,7.088829644696466,97.4615768331605
0.0641041730928968,5.895076905402824,92.80123119405155
0.013664763608986781,5.46413626890026,80.45756200846557
0.14899611135770288,6.041474621463365,98.5528512309865
0.08026947620422836,2.945678060691194,90.58166479073611
0.0548198455219698,1.240187530245442,59.19945183116363
0.14537034301650195,3.6687923407740266,85.6143783031187
0.09832383200759134,2.9739685805263436,59.74521776700789
0.01221692481926645,4.670055201583257,81.1786469736597
0.023037267423913224,3.624885380304705,96.7159560366283
0.015400950089343418,4.902980320197813,54.55830446019453
0.14836364322911316,3.181696302926936,57.075988650501756
0.12695163355549774,6.962905877676639,62.93531073276088
0.08532326793442024,5.436366657493917,61.75262528163525
0.06022158987473379,6.726920162244795,73.58805625143617
0.09768568511437717,5.981641736966705,68.30650670317372
0.09688927108313651,2.0974836434000217,93.14842421488427
0.018976739360195338,3.9626902743427364,86.05024183717681
0.022386143270370584,3.987469613366664,96.45489190879923
0.049994792561267126,4.9953802052572245,99.75449619306838
0.04900156150367883,5.814206186088749,57.416210175816964
0.03900642887529718,0.4415417727137491,89.33952714182256
0.06927314136664124,3.0249648152210806,77.73177448215311
0.022060580199192138,5.695255901685865,74.19995980499675
0.011652273357336096,4.543324527142088,79.88484861646359
0.05860237485212296,6.859417337667171,57.6906773364345
0.09980896717000265,5.196570461461134,77.35435517820284
0.0742775435359265,4.710496385735246,68.54567703090123
0.023533053356536358,0.4411669546794901,67.86211451803854
0.019912716554465294,2.072147111401444,94.21822513433091
0.1350938467892503,1.6352747642944325,62.30663764599601
0.17707043739441167,5.730566386320487,90.78104021917639
0.07020561036130359,7.088829644696466,97.4615768331605
0.05704889461181634,5.857297648328278,76.2708996108199
0.013664763608986781,5.46413626890026,80.45756200846557
0.14899611135770288,6.041474621463365,98.5528512309865
0.11661191183982812,2.024800533265858,95.60320421641313
0.0545448602442399,0.3059148216792229,55.36619799561754
0.17847894362482003,4.556779805581565,95.2726493767907
0.10203776888108579,3.19879611820998,62.58955598789374
0.01221692481926645,4.670055201583257,81.1786469736597
0.023037267423913224,3.624885380304705,96.7159560366283
0.015400950089343418,4.902980320197813,54.55830446019453
0.15333662896795203,3.7612328687442305,55.11575188444828
0.13798451907132997,7.559725739514695,63.918065793054716
0.08093171847128809,5.445593769638207,63.99201053507166
0.05607299944151673,5.497824580238596,76.66823091740686
0.11251815067370106,7.525143403033981,63.38614614129136
0.09688927108313651,2.0974836434000217,93.14842421488427
0.018976739360195338,3.9626902743427364,86.05024183717681
0.022386143270370584,3.987469613366664,96.45489190879923
0.049994792561267126,4.9953802052572245,99.75449619306838
0.03406878716053938,5.780266853737918,51.27303358260935
0.03900642887529718,0.4415417727137491,89.33952714182256
0.09757069538892915,0.8102300177528683,98.99953146423647
0.02752567994638951,6.345421903202631,90.3185135217669
0.011652273357336096,4.543324527142088,79.88484861646359
0.08796580104779547,4.8539816857687725,59.46264493542869
0.11021297467895379,5.355384576570408,76.23509776629743
0.06802852379781504,4.175115538727022,68.51330142452015
0.02477201985382904,0.46914169151611085,68.28919338777146
0.019912716554465294,2.072147111401444,94.21822513433091
0.09119343072001604,3.436480108780459,57.51198757693325
0.17707043739441167,5.730566386320487,90.78104021917639
0.07020561036130359,7.088829644696466,97.4615768331605
0.062054358009218595,5.9026588172282795,75.7878615758451
0.013664763608986781,5.46413626890026,80.45756200846557
0.14899611135770288,6.041474621463365,98.5528512309865
0.11661191183982812,2.024800533265858,95.60320421641313
0.0545448602442399,0.3059148216792229,55.36619799561754
0.17847894362482003,4.556779805581565,95.2726493767907
0.10409866556853387,3.6396414521800446,50.357119892407304
0.01221692481926645,4.670055201583257,81.1786469736597
0.023037267423913224,3.624885380304705,96.7159560366283
0.015400950089343418,4.902980320197813,54.55830446019453
0.15333662896795203,3.7612328687442305,55.11575188444828
0.12130122359794326,7.278504639946425,66.13761087916328
0.08093171847128809,5.445593769638207,63.99201053507166
0.04179034310670869,5.228244011032488,78.1371431037651
0.11251815067370106,7.525143403033981,63.38614614129136
0.14825766167095755,0.8677371491393648,97.82831584179573
0.018976739360195338,3.9626902743427364,86.05024183717681
0.022386143270370584,3.987469613366664,96.45489190879923
0.051522737034680036,3.420625011414093,84.84859596463762
0.03406878716053938,5.780266853737918,51.27303358260935
0.0288574245735979,2.4530249413141205,85.78241669155469
0.09757069538892915,0.8102300177528683,98.99953146423647
0.02752567994638951,6.345421903202631,90.3185135217669
0.011652273357336096,4.543324527142088,79.88484861646359
0.06479848604596661,2.3335041808616763,55.76047427839435
0.11946054797899121,5.2502952071972535,76.32097750578414
0.07192401265574688,4.596602123290368,72.14786287369066
0.04877345072937588,0.5815971424491475,78.41426848136376
0.019912716554465294,2.072147111401444,94.21822513433091
0.0867844907183791,3.3670721371925874,59.956374115497404
0.28683320427602405,6.967454241194728,86.75491937830091
0.0796951825760254,5.437432115934366,79.39850474106166
0.062054358009218595,5.9026588172282795,75.7878615758451
0.013664763608986781,5.46413626890026,80.45756200846557
0.14899611135770288,6.041474621463365,98.5528512309865
0.11661191183982812,2.024800533265858,95.60320421641313
0.0545448602442399,0.3059148216792229,55.36619799561754
0.222030614185727,5.169138504854729,98.03505608188674
0.10409866556853387,3.6396414521800446,50.357119892407304
0.01221692481926645,4.670055201583257,81.1786469736597
0.04060813881614926,3.3244312857209,96.50701034149347
0.015400950089343418,4.902980320197813,54.55830446019453
0.15333662896795203,3.7612328687442305,55.11575188444828
0.12130122359794326,7.278504639946425,66.13761087916328
0.06985046848629194,5.348581155548397,58.36531940918195
0.04179034310670869,5.228244011032488,78.1371431037651
0.11251815067370106,7.525143403033981,63.38614614129136
0.14825766167095755,0.8677371491393648,97.82831584179573
0.018976739360195338,3.9626902743427364,86.05024183717681
0.027486642415536958,4.070215474109148,96.53940847484108
0.034818308242803395,2.9714788113430743,82.50003916302545
0.03406878716053938,5.780266853737918,51.27303358260935
0.0288574245735979,2.4530249413141205,85.78241669155469
0.09757069538892915,0.8102300177528683,98.99953146423647
0.02752567994638951,6.345421903202631,90.3185135217669
0.04262810335934801,5.690066944473871,72.85597232197622
0.0687822119375272,2.3977440615767396,55.73146534271004
0.12371320040827714,5.386064706409937,75.55641264770608
0.07333930408392707,4.083341063215737,81.55509707259725
0.04877345072937588,0.5815971424491475,78.41426848136376
0.019912716554465294,2.072147111401444,94.21822513433091
0.0867844907183791,3.3670721371925874,59.956374115497404
0.22704828602046478,5.231501331514963,89.86260337116407
0.07578160251958353,6.4504898132495905,75.10714884696802
0.08577247386692266,7.287295484496875,63.06587329697595
0.023468490926152025,5.318149694389783,79.05922568010627
0.14899611135770288,6.041474621463365,98.5528512309865
0.14132107955866866,2.539933763041802,96.00791561809059
0.0545448602442399,0.3059148216792229,55.36619799561754
0.31066339018252387,6.070358275999908,98.7815729373383
0.10409866556853387,3.6396414521800446,50.357119892407304
0.01221692481926645,4.670055201583257,81.1786469736597
0.04060813881614926,3.3244312857209,96.50701034149347
0.015400950089343418,4.902980320197813,54.55830446019453
0.15333662896795203,3.7612328687442305,55.11575188444828
0.12130122359794326,7.278504639946425,66.13761087916328
0.07437980365824785,4.6070391218809945,65.0047299194965
0.037402122473621686,5.571920060172366,81.8844829748003
0.11717033269094929,7.589717112915707,61.911965262241935
0.14825766167095755,0.8677371491393648,97.82831584179573
0.017521067645892077,3.9457605177780204,86.60319602481506
0.027486642415536958,4.070215474109148,96.53940847484108
0.034818308242803395,2.9714788113430743,82.50003916302545
0.03406878716053938,5.780266853737918,51.27303358260935
0.0288574245735979,2.4530249413141205,85.78241669155469
0.09757069538892915,0.8102300177528683,98.99953146423647
0.02752567994638951,6.345421903202631,90.3185135217669
0.04262810335934801,5.690066944473871,72.85597232197622
0.0734030387355942,3.0766610973380977,55.85001527968319
0.1828891309514382,7.215846350093294,69.17690333782986
0.07333930408392707,4.083341063215737,81.55509707259725
0.04960857773846445,0.5417057170685301,75.07919649930267
0.020312402223071648,1.2648379026565282,97.70615826483301
0.09784865729915129,2.7850045575908284,56.72415083099174
0.2251894658834837,5.217616499279997,89.76213975608236
0.09872157365151671,7.275357261625652,73.06227078179927
0.09180507469859178,7.463130183149868,64.44181956310257
0.023468490926152025,5.318149694389783,79.05922568010627
0.14899611135770288,6.041474621463365,98.5528512309865
0.14132107955866866,2.539933763041802,96.00791561809059
0.0545448602442399,0.3059148216792229,55.36619799561754
0.3006373468082263,6.132192803038531,97.21463848789291
0.11416395038792404,3.5204539136841286,50.764429200767
0.01221692481926645,4.670055201583257,81.1786469736597
0.04060813881614926,3.3244312857209,96.50701034149347
0.015400950089343418,4.902980320197813,54.55830446019453
0.1605303714664969,2.9714083877617847,52.640727312495166
0.09015781372282766,6.814273445461964,65.99325775775246
0.055295702523226666,2.1269052353822255,64.82500641529768
0.031852292948785124,5.733844386038569,81.13021594138864
0.11717033269094929,7.589717112915707,61.911965262241935
0.14825766167095755,0.8677371491393648,97.82831584179573
0.017521067645892077,3.9457605177780204,86.60319602481506
0.021311652448426657,3.792378210316242,98.57452084451201
0.034818308242803395,2.9714788113430743,82.50003916302545
0.03406878716053938,5.780266853737918,51.27303358260935
0.029414445400231786,0.8249754421821178,83.88513071462333
0.08420679405842603,0.7354098797985743,92.33450056227291
0.022620002505495833,5.761808641960236,75.84989830779163
0.04714309001492584,6.17308557787095,65.79387979436441
0.0734030387355942,3.0766610973380977,55.85001527968319
0.1751903221387512,7.579531167481376,65.43031835682001
0.07018285972781749,3.6122650945746857,80.69373195811517
0.04960857773846445,0.5417057170685301,75.07919649930267
0.020312402223071648,1.2648379026565282,97.70615826483301
0.09204227367613674,3.0058458580708374,51.989549274570074
0.2251894658834837,5.217616499279997,89.76213975608236
0.06965156781367668,5.967382524266052,82.64297112011572
0.09583480031873279,7.395290131237613,65.20678120580624
0.023468490926152025,5.318149694389783,79.05922568010627
0.14899611135770288,6.041474621463365,98.5528512309865
0.14132107955866866,2.539933763041802,96.00791561809059
0.0545448602442399,0.3059148216792229,55.36619799561754
0.2829054499679359,5.86643359462223,93.37022066688442
0.11416395038792404,3.5204539136841286,50.764429200767
0.01435241628822422,4.722294467520386,81.03344245730258
0.04060813881614926,3.3244312857209,96.50701034149347
0.016305259956025303,4.848206265380052,55.05479407343391
0.1405065079181071,2.9755250021460897,55.607546308587544
0.09015781372282766,6.814273445461964,65.99325775775246
0.04057279882253488,2.996069915636217,70.41414073918908
0.031852292948785124,5.733844386038569,81.13021594138864
0.11717033269094929,7.589717112915707,61.911965262241935
0.13274314534436554,1.3357472216261548,92.79915007295477
0.017521067645892077,3.9457605177780204,86.60319602481506
0.021311652448426657,3.792378210316242,98.57452084451201
0.027013872589131585,2.917481632092164,85.62155307588125
0.03406878716053938,5.780266853737918,51.27303358260935
0.031041709045763463,0.39798655778533343,83.51324234474103
0.08867289219195196,0.5040231018514927,94.57812912671766
0.022620002505495833,5.761808641960236,75.84989830779163
0.0519380526776171,6.037691886550105,65.23765449078674
0.07230792146074258,3.0392880498515673,56.71339511938214
0.15680869494214786,6.471317879222267,63.89694191947732
0.07018285972781749,3.6122650945746857,80.69373195811517
0.04960857773846445,0.5417057170685301,75.07919649930267
0.020312402223071648,1.2648379026565282,97.70615826483301
0.09204227367613674,3.0058458580708374,51.989549274570074
0.2251894658834837,5.217616499279997,89.76213975608236
0.05349115328972422,6.855750622548904,94.21661472314142
0.09583480031873279,7.395290131237613,65.20678120580624
0.02966971741475065,5.096992553941782,79.99192984331916
0.13782192121366552,5.362921028686769,93.4435925472989
0.14132107955866866,2.539933763041802,96.00791561809059
0.0545448602442399,0.3059148216792229,55.36619799561754
0.23981472052814543,4.566303171313085,93.20634566166437
0.09451184801740403,3.8326092495286117,56.476360024337865
0.01435241628822422,4.722294467520386,81.03344245730258
0.037543816000778184,3.03121470825284,96.69484630488574
0.016305259956025303,4.848206265380052,55.05479407343391
0.1405065079181071,2.9755250021460897,55.607546308587544
0.08431925324158228,6.650414725099619,66.96328186762197
0.04057279882253488,2.996069915636217,70.41414073918908
0.04239502556831851,5.303792694635016,84.02639130723217
0.11717033269094929,7.589717112915707,61.911965262241935
0.13274314534436554,1.3357472216261548,92.79915007295477
0.017787971745612433,3.7476482078973543,93.52896059320003
0.023436795942081822,3.9481788827607778,96.2613000905121
0.026949405570850363,2.9273728625797295,85.76799414433027
0.031180262373993604,6.552524379399229,50.6956178440519
0.02985268379007661,0.5080860996262755,85.09789101714054
0.08867289219195196,0.5040231018514927,94.57812912671766
0.023887697538144285,4.954408077762649,77.00343923476012
0.0519380526776171,6.037691886550105,65.23765449078674
0.07230792146074258,3.0392880498515673,56.71339511938214
0.2627101032345177,7.067564675585308,74.78899565481855
0.06651814365028898,3.024806846269909,83.39076265780139
0.04960857773846445,0.5417057170685301,75.07919649930267
0.020360702371271,1.387010075694001,97.74813177679731
0.07957453688252701,2.9908153227500285,58.459394162222594
0.2165542156184576,5.231978136439555,90.12600789855078
0.05320540369531696,6.705238833299252,88.88487634882911
0.09305079553035034,7.110358467580654,65.59247077008108
0.010078534284409954,6.622024147372754,75.14878534447226
0.11704933270055964,4.9066074006873865,92.00552607706226
0.10808819415322886,1.815857084859458,88.42419790945326
0.0545448602442399,0.3059148216792229,55.36619799561754
0.23981472052814543,4.566303171313085,93.20634566166437
0.09451184801740403,3.8326092495286117,56.476360024337865
0.01435241628822422,4.722294467520386,81.03344245730258
0.037543816000778184,3.03121470825284,96.69484630488574
0.018432521152179512,4.579737687185172,67.34625575162093
0.1405065079181071,2.9755250021460897,55.607546308587544
0.08029747750205064,6.913456271057258,67.77610360163958
0.04057279882253488,2.996069915636217,70.41414073918908
0.04239502556831851,5.303792694635016,84.02639130723217
0.11717033269094929,7.589717112915707,61.911965262241935
0.08225875297608057,2.5423287764694393,94.39818380594464
0.017787971745612433,3.7476482078973543,93.52896059320003
0.020738843535697826,4.123547294437243,96.17838484353001
0.028353966700044184,2.8016145056186943,84.57814198723338
0.031180262373993604,6.552524379399229,50.6956178440519
0.031119383181463654,0.4977147888911988,83.57266631590042
0.09739047058110431,0.9196898704710184,88.02390546648058
0.023887697538144285,4.954408077762649,77.00343923476012
0.05464769258458978,6.219395518607172,62.99287937039645
0.07230792146074258,3.0392880498515673,56.71339511938214
0.22069039428934778,6.969305602843657,72.9456599924837
0.06173217096472516,3.5025819461389274,78.96270799301524
0.05115001581187137,0.46807600420453954,68.92347781848531
0.020360702371271,1.387010075694001,97.74813177679731
0.07957453688252701,2.9908153227500285,58.459394162222594
0.2165542156184576,5.231978136439555,90.12600789855078
0.05320540369531696,6.705238833299252,88.88487634882911
0.08925140077069221,6.672683844263119,67.21447077629968
0.010078534284409954,6.622024147372754,75.14878534447226
0.11704933270055964,4.9066074006873865,92.00552607706226
0.07785113792866005,3.4212737120715055,86.39998856835165
0.04756554021585179,0.3630591585488379,63.76995296505909
0.2789178896369786,5.5674959922713825,94.62920613257462
0.08365354203820347,4.034947586807849,56.68146742560813
0.01435241628822422,4.722294467520386,81.03344245730258
0.037543816000778184,3.03121470825284,96.69484630488574
0.025186990939026113,2.9159951310969916,60.8489656558171
0.1405065079181071,2.9755250021460897,55.607546308587544
0.08029747750205064,6.913456271057258,67.77610360163958
0.03313008691354542,4.429076023361949,78.42995882666098
0.041226699032066355,5.302490107836319,83.9740177239501
0.09826597116861939,7.011799839436249,67.50283637866157
0.07543683490083822,2.761329654392635,93.05555254317554
0.017787971745612433,3.7476482078973543,93.52896059320003
0.020738843535697826,4.123547294437243,96.17838484353001
0.02168244609870633,2.8073227648039736,83.37691484599874
0.031180262373993604,6.552524379399229,50.6956178440519
0.031119383181463654,0.4977147888911988,83.57266631590042
0.09675308643235783,0.9731585543404373,88.16999024876814
0.018087060982855212,5.771312661052015,68.63922534861183
0.04606639978519611,6.10698560507765,61.945976774332806
0.07230792146074258,3.0392880498515673,56.71339511938214
0.21806140795414003,7.032597665961864,71.96664232804855
0.06140309603693759,3.5203808170573168,78.62431211375221
0.05246097306967804,0.4054556445971457,63.68818214176869
0.020360702371271,1.387010075694001,97.74813177679731
0.07957453688252701,2.9908153227500285,58.459394162222594
0.14814063034179434,3.8912199943574306,92.78387773992887
0.05074649234951656,7.03288089173203,89.13279425213062
0.08851852709306711,6.725547852323692,67.3804329582946
0.010212165826956224,6.604553166761864,75.25361708774982
0.1368994813458715,5.0680006159234905,91.14547575950559
0.08374230463627379,3.356462372704612,88.2386022388615
0.04756554021585179,0.3630591585488379,63.76995296505909
0.2789178896369786,5.5674959922713825,94.62920613257462
0.08365354203820347,4.034947586807849,56.68146742560813
0.01435241628822422,4.722294467520386,81.03344245730258
0.05698567479006392,3.235503519519774,96.5284660307554
0.025186990939026113,2.9159951310969916,60.8489656558171
0.0983787495313362,3.9629344748968807,67.64439315066141
0.07271283236384697,6.290553454412721,72.95885195281173
0.03313008691354542,4.429076023361949,78.42995882666098
0.03976178926756635,4.606107172446839,83.91584762168573
0.0945847282574645,6.8054798825802685,67.16765772190887
0.10578998985726812,2.005404215803175,91.32262213110901
0.017787971745612433,3.7476482078973543,93.52896059320003
0.040372866939135804,3.634574804631022,95.0574339467984
0.026310608530854096,2.3702633875310513,79.87098916434667
0.031180262373993604,6.552524379399229,50.6956178440519
0.031119383181463654,0.4977147888911988,83.57266631590042
0.07955438474445903,2.3141224704656973,86.87033285840484
0.018087060982855212,5.771312661052015,68.63922534861183
0.04715262751493193,6.062465949530241,62.064300227849735
0.07230792146074258,3.0392880498515673,56.71339511938214
0.21806140795414003,7.032597665961864,71.96664232804855
0.06140309603693759,3.5203808170573168,78.62431211375221
0.05246097306967804,0.4054556445971457,63.68818214176869
0.020360702371271,1.387010075694001,97.74813177679731
0.07957453688252701,2.9908153227500285,58.459394162222594
0.09594617384179124,3.2222021916702257,92.04738950766847
0.05074649234951656,7.03288089173203,89.13279425213062
0.09134262119519396,7.904801838688837,70.19728007638982
0.010212165826956224,6.604553166761864,75.25361708774982
0.0826229148057645,5.3892916299373725,80.86404226742742
0.07916584696809069,3.8663747693636883,88.36262500455035
0.04524686430520206,0.3429784601036382,63.80868294947901
0.31510691611224667,6.381594067504701,99.45632949086561
0.08365354203820347,4.034947586807849,56.68146742560813
0.012034601577744167,5.108711775853079,85.35145943181887
0.028956391623003425,3.9419738728071567,99.51828511920638
0.025186990939026113,2.9159951310969916,60.8489656558171
0.09255238197923828,3.7565158852792657,65.20150901713716
0.07421713005187384,6.325968886123075,72.56054719977
0.03313008691354542,4.429076023361949,78.42995882666098
0.03705030393414261,4.733240317331954,85.6613352931067
0.12391216356070159,6.922483252150071,74.78672172787391
0.10578998985726812,2.005404215803175,91.32262213110901
0.019006226149551497,3.7413001920596995,93.11264506173512
0.040372866939135804,3.634574804631022,95.0574339467984
0.018298850576205672,0.9509655129408499,86.71595374488544
0.031180262373993604,6.552524379399229,50.6956178440519
0.031596628316676804,0.7245856694150361,83.59161724311333
0.07955438474445903,2.3141224704656973,86.87033285840484
0.018087060982855212,5.771312661052015,68.63922534861183
0.044433151162163655,5.580705638081627,64.38772530105871
0.07230792146074258,3.0392880498515673,56.71339511938214
0.21806140795414003,7.032597665961864,71.96664232804855
0.06996936677377447,6.504380528309291,92.9326518188822
0.05246097306967804,0.4054556445971457,63.68818214176869
0.020360702371271,1.387010075694001,97.74813177679731
0.07874444667500084,2.7783311667664625,58.8212077705503
0.09594617384179124,3.2222021916702257,92.04738950766847
0.05074649234951656,7.03288089173203,89.13279425213062
0.09134262119519396,7.904801838688837,70.19728007638982
0.010212165826956224,6.604553166761864,75.25361708774982
0.0826229148057645,5.3892916299373725,80.86404226742742
0.07916584696809069,3.8663747693636883,88.36262500455035
0.04551634551494119,0.2834429477473437,63.21796548045696
0.31510691611224667,6.381594067504701,99.45632949086561
0.0850071003732626,3.992596723903702,57.977408625548804
0.01110799043447252,5.522899683592744,83.97183468078595
0.028956391623003425,3.9419738728071567,99.51828511920638
0.025186990939026113,2.9159951310969916,60.8489656558171
0.09565722342819598,3.245963836483507,60.303997239154555
0.07362205025757937,5.30154580053391,67.62116024961875
0.03313008691354542,4.429076023361949,78.42995882666098
0.047564872286728385,4.000102765620264,89.73884111812418
0.1345016333262146,7.053868886854932,73.92447103969376
0.11054701632695355,3.2961254897641377,86.98198854015254
0.019006226149551497,3.7413001920596995,93.11264506173512
0.040372866939135804,3.634574804631022,95.0574339467984
0.018298850576205672,0.9509655129408499,86.71595374488544
0.04292461855896797,6.537947643378487,63.483919581693286
0.031596628316676804,0.7245856694150361,83.59161724311333
0.07955438474445903,2.3141224704656973,86.87033285840484
0.018087060982855212,5.771312661052015,68.63922534861183
0.02953859575574136,6.966030099015953,54.85308173112021
0.07230792146074258,3.0392880498515673,56.71339511938214
0.15226059714471546,6.897087549005848,73.0072311802615
0.06996936677377447,6.504380528309291,92.9326518188822
0.05246097306967804,0.4054556445971457,63.68818214176869
0.020360702371271,1.387010075694001,97.74813177679731
0.07874444667500084,2.7783311667664625,58.8212077705503
0.0873382050294838,2.6646224634209577,86.43363659373517
0.05074649234951656,7.03288089173203,89.13279425213062
0.09134262119519396,7.904801838688837,70.19728007638982
0.010212165826956224,6.604553166761864,75.25361708774982
0.08060445406791866,5.721202061456168,84.0479198983815
0.08078110680329714,3.6864012891054814,88.31885119375752
0.04551634551494119,0.2834429477473437,63.21796548045696
0.31510691611224667,6.381594067504701,99.45632949086561
0.08283372257002806,4.355620522064679,63.02942987332793
0.01110799043447252,5.522899683592744,83.97183468078595
0.02996038136935144,3.9765603949970676,99.2175557729597
0.025186990939026113,2.9159951310969916,60.8489656558171
0.09565722342819598,3.245963836483507,60.303997239154555
0.06965542719083892,5.708869129210973,69.59839771628742
0.03313008691354542,4.429076023361949,78.42995882666098
0.048923165678035875,4.151926942551617,89.93246887305679
0.1345016333262146,7.053868886854932,73.92447103969376
0.11739379785751385,2.8682906453726664,86.73573489812507
0.019006226149551497,3.7413001920596995,93.11264506173512
0.040372866939135804,3.634574804631022,95.0574339467984
0.018298850576205672,0.9509655129408499,86.71595374488544
0.04031074647792847,6.232321806642298,66.72183361050465
0.034816384354706874,1.785228794447157,84.52328120177023
0.053202216466918105,1.727691513309622,86.80391886931405
0.018087060982855212,5.771312661052015,68.63922534861183
0.034995270697483746,4.68381223956168,57.70983266498136
0.08092831145780953,2.925752853397132,50.82660806182452
0.15686702921997384,7.08951982997028,72.14318744258895
0.06996936677377447,6.504380528309291,92.9326518188822
0.05041081191195865,0.3034287427112128,62.86602152597532
0.020360702371271,1.387010075694001,97.74813177679731
0.07874444667500084,2.7783311667664625,58.8212077705503
0.11851504194604903,1.6498283182436682,91.03680979268532
0.05074649234951656,7.03288089173203,89.13279425213062
0.09134262119519396,7.904801838688837,70.19728007638982
0.010212165826956224,6.604553166761864,75.25361708774982
0.06052324696395221,5.029422969460561,90.06292981873852
0.04524176361652579,5.604527916040739,85.75896807927973
0.04418283230491834,0.1379262202213205,63.22470268286792
0.31510691611224667,6.381594067504701,99.45632949086561
0.08333881208595441,4.73465219873267,66.26417397772818
0.01110799043447252,5.522899683592744,83.97183468078595
0.02996038136935144,3.9765603949970676,99.2175557729597
0.02236560780741166,3.4384098101618568,65.48270883953793
0.1434657969505583,1.366751984612689,51.939323848700155
0.12221668586219354,5.87582414342934,56.69457168832274
0.03155274953266042,4.213652235348614,95.95243023827776
0.056758810640722496,4.979537844894107,90.97574068021953
0.1345016333262146,7.053868886854932,73.92447103969376
0.11739379785751385,2.8682906453726664,86.73573489812507
0.019006226149551497,3.7413001920596995,93.11264506173512
0.040372866939135804,3.634574804631022,95.0574339467984
0.018298850576205672,0.9509655129408499,86.71595374488544
0.04031074647792847,6.232321806642298,66.72183361050465
0.03474136934263805,1.7945098350031927,84.56403545768961
0.05160825941278924,1.964608440938737,87.82936045936708
0.018087060982855212,5.771312661052015,68.63922534861183
0.03448778116613431,4.9349114608889355,57.4052100762669
0.08092831145780953,2.925752853397132,50.82660806182452
0.150497410033498,6.8073464353448525,72.8130596509678
0.07032301187152704,6.412206230666939,92.7817373528825
0.05041081191195865,0.3034287427112128,62.86602152597532
0.020360702371271,1.387010075694001,97.74813177679731
0.07662211736181992,2.773391274307652,57.288353599036014
0.11851504194604903,1.6498283182436682,91.03680979268532
0.055540649631542496,7.218069557510857,92.14109502413358
0.09134262119519396,7.904801838688837,70.19728007638982
0.010212165826956224,6.604553166761864,75.25361708774982
0.05818908360038562,4.997821878353111,87.10470809031251
0.04524176361652579,5.604527916040739,85.75896807927973
0.04418283230491834,0.1379262202213205,63.22470268286792
0.2839330829249247,5.909943410647257,93.94429076476396
0.08035113754905697,4.9020011808111175,66.9759673608779
0.019106496694222493,4.866834120224493,90.44013867529661
0.029909186872119627,4.040164592530738,99.67947193173121
0.02041931122879874,3.4554476588054195,65.9697956203969
0.1434657969505583,1.366751984612689,51.939323848700155
0.12221668586219354,5.87582414342934,56.69457168832274
0.03134563964582057,4.16275673055058,98.67250668130248
0.1063742360417956,5.248800961006696,92.60442698594576
0.19659958480599232,7.7380110236751385,76.74373089588677
0.1465648596050817,1.8190382696099108,86.55393620341722
0.019006226149551497,3.7413001920596995,93.11264506173512
0.037701658902448976,3.89761345350733,93.30349213509422
0.018298850576205672,0.9509655129408499,86.71595374488544
0.04269624509591924,6.2531284843373305,66.90424915205162
0.03138217691376339,2.2101173288646843,86.38902200575814
0.051788502488654804,2.047685530393093,87.80951285848786
0.018087060982855212,5.771312661052015,68.63922534861183
0.03448778116613431,4.9349114608889355,57.4052100762669
0.08092831145780953,2.925752853397132,50.82660806182452
0.150497410033498,6.8073464353448525,72.8130596509678
0.06531091938076719,5.871353466388205,91.9589280674206
0.05041081191195865,0.3034287427112128,62.86602152597532
0.018202349538936013,1.3416371659269175,98.43068181885278
0.07662211736181992,2.773391274307652,57.288353599036014
0.11851504194604903,1.6498283182436682,91.03680979268532
0.055540649631542496,7.218069557510857,92.14109502413358
0.09134262119519396,7.904801838688837,70.19728007638982
0.010212165826956224,6.604553166761864,75.25361708774982
0.05818908360038562,4.997821878353111,87.10470809031251
0.03329962880085459,5.468058078979347,87.22778983872983
0.04418283230491834,0.1379262202213205,63.22470268286792
0.24580304263493102,6.0067043680022,91.34063099368188
0.0662336752979439,4.1259469584790045,72.57263640535758
0.013118357124650315,4.808236874578732,92.39991749640963
0.029909186872119627,4.040164592530738,99.67947193173121
0.02041931122879874,3.4554476588054195,65.9697956203969
0.1434657969505583,1.366751984612689,51.939323848700155
0.12221668586219354,5.87582414342934,56.69457168832274
0.03150138348501529,4.176048479906952,98.56332896456253
0.1500554813456556,7.018768163931563,96.22476536255826
0.19659958480599232,7.7380110236751385,76.74373089588677
0.1465648596050817,1.8190382696099108,86.55393620341722
0.019006226149551497,3.7413001920596995,93.11264506173512
0.04737727495525179,3.9750446204978798,86.27336157205941
0.019908122620370235,1.105843390664377,86.67574056862175
0.03204966764209308,6.526267504994489,69.47444706444416
0.03138217691376339,2.2101173288646843,86.38902200575814
0.08055373663480549,2.6523885028586047,78.7128946030981
0.018087060982855212,5.771312661052015,68.63922534861183
0.03448778116613431,4.9349114608889355,57.4052100762669
0.08092831145780953,2.925752853397132,50.82660806182452
0.1509089234498291,6.610475582171446,51.01263966341109
0.06531091938076719,5.871353466388205,91.9589280674206
0.05041081191195865,0.3034287427112128,62.86602152597532
0.018202349538936013,1.3416371659269175,98.43068181885278
0.10103195568150948,4.7565199331112,52.821383347028416
0.11851504194604903,1.6498283182436682,91.03680979268532
0.05059035235107196,6.746978452348078,92.27273694018436
0.09720470692015834,6.55537510485328,74.69312940777567
0.010212165826956224,6.604553166761864,75.25361708774982
0.05818908360038562,4.997821878353111,87.10470809031251
0.03329962880085459,5.468058078979347,87.22778983872983
0.04628298570032071,0.5177509415272592,64.11501307841571
0.24580304263493102,6.0067043680022,91.34063099368188
0.11427295833971327,4.62909645924789,77.59354290809603
0.013118357124650315,4.808236874578732,92.39991749640963
0.029909186872119627,4.040164592530738,99.67947193173121
0.02041931122879874,3.4554476588054195,65.9697956203969
0.1478897954829924,1.357771525194493,50.652624867366164
0.1045527462446062,5.4336048016666805,51.93343515486512
0.04080226903190505,2.271242468374526,81.0050737216194
0.15014542327623362,6.975739324758277,91.45998301700493
0.1817096919947898,7.376069767907062,75.83317071710155
0.1505843336778565,1.731668346663139,86.56530619957353
0.02692470072724649,3.2072300961447358,88.71397983741792
0.04737727495525179,3.9750446204978798,86.27336157205941
0.019732880730151985,1.617922599762288,87.9264554200764
0.03204966764209308,6.526267504994489,69.47444706444416
0.03138217691376339,2.2101173288646843,86.38902200575814
0.04732208835190163,3.4666546610800637,67.80228139316662
0.018087060982855212,5.771312661052015,68.63922534861183
0.03448778116613431,4.9349114608889355,57.4052100762669
0.08092831145780953,2.925752853397132,50.82660806182452
0.16281401180669328,6.9127168684728195,50.776163052412045
0.06531091938076719,5.871353466388205,91.9589280674206
0.05041081191195865,0.3034287427112128,62.86602152597532
0.018202349538936013,1.3416371659269175,98.43068181885278
0.10103195568150948,4.7565199331112,52.821383347028416
0.12015047334244633,1.682160291409205,91.71329334693117
0.04491381822124657,7.0846363093927325,92.39374768473598
0.11003622381190246,6.425501158260091,70.34962353005174
0.010212165826956224,6.604553166761864,75.25361708774982
0.06911393576198681,5.95800247819825,86.87126153496345
0.03329962880085459,5.468058078979347,87.22778983872983
0.04628298570032071,0.5177509415272592,64.11501307841571
0.15809009706886368,5.013827732839913,81.46702260065811
0.11419950359884129,4.6362444941541705,77.65241037814089
0.025973751420783633,5.070089950566977,92.29129870581909
0.029909186872119627,4.040164592530738,99.67947193173121
0.02041931122879874,3.4554476588054195,65.9697956203969
0.1478897954829924,1.357771525194493,50.652624867366164
0.05353297119535848,4.138336595715032,52.94686597838551
0.026785036581817787,0.21223097704545513,74.74023578056882
0.14102724557029592,6.753118483670512,92.08331224634443
0.1817096919947898,7.376069767907062,75.83317071710155
0.1505843336778565,1.731668346663139,86.56530619957353
0.015348899171077152,2.853202672099398,88.45601033990202
0.014433615835915653,4.691129587517982,86.18017294320413
0.018140834300312814,0.7372745334105568,86.8129836764132
0.03204966764209308,6.526267504994489,69.47444706444416
0.034332315222955656,0.6500857068192696,83.16950227179775
0.04732816631377411,3.4839035097340187,67.82384911431193
0.018087060982855212,5.771312661052015,68.63922534861183
0.027680315441313268,5.2294231357196885,58.36953170328722
0.08092831145780953,2.925752853397132,50.82660806182452
0.16281401180669328,6.9127168684728195,50.776163052412045
0.06531091938076719,5.871353466388205,91.9589280674206
0.05041081191195865,0.3034287427112128,62.86602152597532
0.018117722047862633,1.3263605461364825,99.01149084182275
0.10103195568150948,4.7565199331112,52.821383347028416
0.12015047334244633,1.682160291409205,91.71329334693117
0.04258974309499335,6.983759765574859,88.25307969775994
0.15071714668223454,7.0814345043696285,59.7312397247525
0.010212165826956224,6.604553166761864,75.25361708774982
0.08161558452082966,6.003741719155435,91.33813342447014
0.025747724555169153,7.037577575209789,95.74829921238698
0.04628298570032071,0.5177509415272592,64.11501307841571
0.1690083684595583,5.4130898503393,82.02636801976577
0.08815359525570884,3.0568068418324943,72.4608337163331
0.025973751420783633,5.070089950566977,92.29129870581909
0.029909186872119627,4.040164592530738,99.67947193173121
0.02041931122879874,3.4554476588054195,65.9697956203969
0.1478897954829924,1.357771525194493,50.652624867366164
0.04449970399028565,4.538170759041637,53.64599422868208
0.026785036581817787,0.21223097704545513,74.74023578056882
0.14102724557029592,6.753118483670512,92.08331224634443
0.1817096919947898,7.376069767907062,75.83317071710155
0.19273985170775057,2.2222978356514256,95.63905025750468
0.014003148943660303,2.826661544940622,89.32425211472267
0.014433615835915653,4.691129587517982,86.18017294320413
0.016585387059357897,0.300724795604125,85.11239359505734
0.03204966764209308,6.526267504994489,69.47444706444416
0.034332315222955656,0.6500857068192696,83.16950227179775
0.04732816631377411,3.4839035097340187,67.82384911431193
0.01796239649644832,5.31716078698768,70.0067786015542
0.027680315441313268,5.2294231357196885,58.36953170328722
0.08092831145780953,2.925752853397132,50.82660806182452
0.16281401180669328,6.9127168684728195,50.776163052412045
0.06531091938076719,5.871353466388205,91.9589280674206
0.055848256137494064,0.7817552516746016,61.78708186170483
0.018117722047862633,1.3263605461364825,99.01149084182275
0.10103195568150948,4.7565199331112,52.821383347028416
0.12015047334244633,1.682160291409205,91.71329334693117
0.04258974309499335,6.983759765574859,88.25307969775994
0.15071714668223454,7.0814345043696285,59.7312397247525
0.010212165826956224,6.604553166761864,75.25361708774982
0.08070387260011877,5.9657768244434495,90.96019184828586
0.025747724555169153,7.037577575209789,95.74829921238698
0.04628298570032071,0.5177509415272592,64.11501307841571
0.2794836823775184,4.584182850541229,86.73820478222122
0.09542495486658192,2.5608798401337687,73.127010682435
0.02351488111013545,5.145921710617514,85.4516635393662
0.029909186872119627,4.040164592530738,99.67947193173121
0.01915473018622505,3.1521100776518716,65.8275925019742
0.1478897954829924,1.357771525194493,50.652624867366164
0.03652061620215606,4.767267206819366,70.29044346092807
0.013273480392496921,0.0005138296692819289,82.10323035459571
0.18545373486367492,7.270493349449277,92.1562945563867
0.1817096919947898,7.376069767907062,75.83317071710155
0.14519505247834733,2.8806040883729693,93.11687025272217
0.014003148943660303,2.826661544940622,89.32425211472267
0.024960564731081932,3.3117320071714347,78.8871303728424
0.016585387059357897,0.300724795604125,85.11239359505734
0.03412061499596607,6.74200676689069,67.51051784898776
0.03437918254853744,0.6406355685145804,83.22744117930334
0.06113056292979004,3.756116849340661,58.91891483265773
0.01796239649644832,5.31716078698768,70.0067786015542
0.027680315441313268,5.2294231357196885,58.36953170328722
0.08092831145780953,2.925752853397132,50.82660806182452
0.10114995144258447,6.082377484625978,69.48404787911659
0.05569358856868718,5.502536134473683,84.72062344227442
0.0854689884657959,1.4775769502191916,72.17370246634687
0.018117722047862633,1.3263605461364825,99.01149084182275
0.10297836561545651,4.859221606616517,52.07710747946567
0.12015047334244633,1.682160291409205,91.71329334693117
0.04258974309499335,6.983759765574859,88.25307969775994
0.15071714668223454,7.0814345043696285,59.7312397247525
0.010212165826956224,6.604553166761864,75.25361708774982
0.076096056075939,5.901786725016885,88.12802082097647
0.025747724555169153,7.037577575209789,95.74829921238698
0.0807215767707589,1.0606233028218415,76.9819172977589
0.1897426929116628,5.8651305701500664,87.60598039676076
0.09542495486658192,2.5608798401337687,73.127010682435
0.02130078601859081,5.150780674861072,85.44053513372937
0.029909186872119627,4.040164592530738,99.67947193173121
0.01915473018622505,3.1521100776518716,65.8275925019742
0.1548328062263806,1.134154230475203,50.20691486971083
0.039536071682219634,5.098896791493927,56.886185087718
0.013273480392496921,0.0005138296692819289,82.10323035459571
0.15608785485992055,6.870388841947266,90.4735357747496
0.18470690134454013,7.909427395312921,78.06473778964764
0.16662030713910214,3.1426497544602543,92.12303644442467
0.018221824702234497,3.013416801829074,85.30589291981995
0.024960564731081932,3.3117320071714347,78.8871303728424
0.01273803003982106,0.2272296214593798,85.51995615879784
0.03412061499596607,6.74200676689069,67.51051784898776
0.03437918254853744,0.6406355685145804,83.22744117930334
0.06514167006305494,3.611067499530898,57.888650794810175
0.01796239649644832,5.31716078698768,70.0067786015542
0.027680315441313268,5.2294231357196885,58.36953170328722
0.08092831145780953,2.925752853397132,50.82660806182452
0.1142232867999074,6.234903531043604,66.87156585883841
0.05569358856868718,5.502536134473683,84.72062344227442
0.0854689884657959,1.4775769502191916,72.17370246634687
0.018117722047862633,1.3263605461364825,99.01149084182275
0.10297836561545651,4.859221606616517,52.07710747946567
0.15797759236212916,2.194538875541401,93.89438238783953
0.043837542982806815,7.947756025841787,89.01685108024223
0.12055680647594054,6.322165534473932,69.70452522594205
0.015654357738156863,6.17665099231532,75.38701405273842
0.076096056075939,5.901786725016885,88.12802082097647
0.025747724555169153,7.037577575209789,95.74829921238698
0.0807215767707589,1.0606233028218415,76.9819172977589
0.1897426929116628,5.8651305701500664,87.60598039676076
0.13568390598957814,3.971279107493941,79.30727057969602
0.02325782545866616,4.897005840464503,76.21933803845117
0.029909186872119627,4.040164592530738,99.67947193173121
0.025316244501836373,4.6300848264561445,66.52045956259596
0.1548328062263806,1.134154230475203,50.20691486971083
0.029754656328594573,3.2000209025420516,66.2781902796436
0.013273480392496921,0.0005138296692819289,82.10323035459571
0.15608785485992055,6.870388841947266,90.4735357747496
0.18470690134454013,7.909427395312921,78.06473778964764
0.1445808163422786,2.8730915560852743,93.14536226590796
0.01850654523676214,2.5711194438137337,89.97043995588443
0.01784486833354379,3.5989973474527295,79.13025576312886
0.01273803003982106,0.2272296214593798,85.51995615879784
0.03412061499596607,6.74200676689069,67.51051784898776
0.03437918254853744,0.6406355685145804,83.22744117930334
0.06514167006305494,3.611067499530898,57.888650794810175
0.01796239649644832,5.31716078698768,70.0067786015542
0.02720899100000984,5.248881872769928,58.349744640948146
0.08746320138011975,2.761273055552699,60.87932662843433
0.14195581214911399,6.059338184394305,66.6503528597625
0.05569358856868718,5.502536134473683,84.72062344227442
0.07891659812326274,0.5728858849657357,72.63480304260253
0.018117722047862633,1.3263605461364825,99.01149084182275
0.10297836561545651,4.859221606616517,52.07710747946567
0.17659336879601592,1.5924805366778427,95.56401438556505
0.055065992291423706,5.851135544830138,85.35310744834817
0.12055680647594054,6.322165534473932,69.70452522594205
0.015654357738156863,6.17665099231532,75.38701405273842
0.076096056075939,5.901786725016885,88.12802082097647
0.025747724555169153,7.037577575209789,95.74829921238698
0.10075036189350073,2.695626755290136,73.602620033217
0.23138246156022668,5.869457596383029,88.3025307869506
0.13504162606055622,4.3313450630080315,76.8035734454159
0.02325782545866616,4.897005840464503,76.21933803845117
0.029909186872119627,4.040164592530738,99.67947193173121
0.025204122353101693,4.004486359114635,58.925466099758445
0.15330034013483415,1.1835625683828335,50.30469137397473
0.029754656328594573,3.2000209025420516,66.2781902796436
0.013273480392496921,0.0005138296692819289,82.10323035459571
0.15731154981921558,6.9167281165888514,91.3582273134612
0.15628915852859843,6.887811957952859,73.2693734089981
0.14086170831598746,1.5811535481843872,94.00890429132917
0.01850654523676214,2.5711194438137337,89.97043995588443
0.018867405719127102,3.564742469779187,78.02681736067453
0.013884960777121216,0.30128989037734133,84.91520440072085
0.033404694833591694,6.570277567224909,67.43001207181422
0.03437918254853744,0.6406355685145804,83.22744117930334
0.06514167006305494,3.611067499530898,57.888650794810175
0.019705391161770218,4.6680872662763235,65.94370918562646
0.02720899100000984,5.248881872769928,58.349744640948146
0.08746320138011975,2.761273055552699,60.87932662843433
0.14195581214911399,6.059338184394305,66.6503528597625
0.05569358856868718,5.502536134473683,84.72062344227442
0.07973649270276713,0.6860890462170541,72.57710595141668
0.018117722047862633,1.3263605461364825,99.01149084182275
0.10297836561545651,4.859221606616517,52.07710747946567
0.13951776007521025,1.8219976614009377,94.25217085404003
0.05189092867182244,6.515870793725004,86.99736341723913
0.12889588321157117,4.3429799929713795,80.50064365427158
0.015654357738156863,6.17665099231532,75.38701405273842
0.076096056075939,5.901786725016885,88.12802082097647
0.025747724555169153,7.037577575209789,95.74829921238698
0.154444760932233,2.776913659733741,62.916585629075456
0.14178405735483937,5.450813618769014,83.10067286060999
0.048508030240796834,2.949808276472342,66.47517924185493
0.02325782545866616,4.897005840464503,76.21933803845117
0.029909186872119627,4.040164592530738,99.67947193173121
0.025204122353101693,4.004486359114635,58.925466099758445
0.15330034013483415,1.1835625683828335,50.30469137397473
0.029032577432163587,3.3886293234425873,67.38308174852314
0.032730547096219045,0.2812452220367343,83.97565377268114
0.14167898448707306,7.137753137649581,92.00312791564225
0.22900436260271173,7.146875523470166,63.70758681217447
0.13947075317411,1.61198091480532,94.07999330412616
0.01850654523676214,2.5711194438137337,89.97043995588443
0.018867405719127102,3.564742469779187,78.02681736067453
0.013884960777121216,0.30128989037734133,84.91520440072085
0.033404694833591694,6.570277567224909,67.43001207181422
0.03437918254853744,0.6406355685145804,83.22744117930334
0.06514167006305494,3.611067499530898,57.888650794810175
0.019705391161770218,4.6680872662763235,65.94370918562646
0.020922384540720818,5.145146475109581,56.501525992315734
0.08746320138011975,2.761273055552699,60.87932662843433
0.11405048696316895,5.862242990833412,64.63172463749432
0.05569358856868718,5.502536134473683,84.72062344227442
0.07973649270276713,0.6860890462170541,72.57710595141668
0.018117722047862633,1.3263605461364825,99.01149084182275
0.10297836561545651,4.859221606616517,52.07710747946567
0.13951776007521025,1.8219976614009377,94.25217085404003
0.05189092867182244,6.515870793725004,86.99736341723913
0.18100276967231532,3.1276056344857253,87.63292389296195
0.015654357738156863,6.17665099231532,75.38701405273842
0.06554443572379787,4.571062130275223,86.88849706207345
0.025747724555169153,7.037577575209789,95.74829921238698
0.1699808447120238,2.210491615794589,59.26854076372663
0.200486737132987,6.191005564550189,74.40149020431717
0.03501536692315127,2.3156861433438096,65.9844513027641
0.022009536066121688,4.911007706066597,76.12901845182921
0.029909186872119627,4.040164592530738,99.67947193173121
0.025204122353101693,4.004486359114635,58.925466099758445
0.15330034013483415,1.1835625683828335,50.30469137397473
0.029032577432163587,3.3886293234425873,67.38308174852314
0.032730547096219045,0.2812452220367343,83.97565377268114
0.14167898448707306,7.137753137649581,92.00312791564225
0.2058033044336749,6.427998999598721,63.24398577574569
0.1393115200536704,1.626150123858701,93.89671533782212
0.01850654523676214,2.5711194438137337,89.97043995588443
0.014849525444906371,3.478120165123922,77.26401886931485
0.021240150791861513,0.29346671406797875,84.54850987179036
0.05989105580522218,5.333794990369088,74.04910064307293
0.03437918254853744,0.6406355685145804,83.22744117930334
0.06814790683311285,3.49661821430085,58.29143138950401
0.020459346136482415,4.963749370572722,69.6626894961937
0.022399761976222524,6.162024903847175,50.53659780974621
0.07864600701741527,3.096949075018886,59.6979842856378
0.11790209365894098,6.21115931482678,68.99904016720608
0.05569358856868718,5.502536134473683,84.72062344227442
0.07973649270276713,0.6860890462170541,72.57710595141668
0.02566420818115183,1.4825141621913882,94.86177767753888
0.10297836561545651,4.859221606616517,52.07710747946567
0.13951776007521025,1.8219976614009377,94.25217085404003
0.051782547811941256,6.531308588164681,86.99822759295165
0.18100276967231532,3.1276056344857253,87.63292389296195
0.024324010174340684,3.6134585410247806,79.01715632786734
0.06554443572379787,4.571062130275223,86.88849706207345
0.025747724555169153,7.037577575209789,95.74829921238698
0.21280114174426396,1.422007578454934,56.29184149063408
0.11344418684912455,6.176840853097928,62.737183511226
0.03501536692315127,2.3156861433438096,65.9844513027641
0.023866356854089797,6.039639983026385,71.50390203580663
0.029909186872119627,4.040164592530738,99.67947193173121
0.02575957878047661,4.524497585761991,55.33500533781718
0.15330034013483415,1.1835625683828335,50.30469137397473
0.02890995731911754,3.2974925814596574,62.865463257621705
0.032730547096219045,0.2812452220367343,83.97565377268114
0.11570731300389717,6.2483144691009285,89.72687286513064
0.165621591962353,6.369726980982789,60.4599359004289
0.15840665175838609,1.8350883118419743,95.43168055287009
0.019176342048435352,3.1889060170019747,83.18616270930889
0.014849525444906371,3.478120165123922,77.26401886931485
0.021240150791861513,0.29346671406797875,84.54850987179036
0.061010820641090535,5.521775718612993,73.62216449374519
0.03072794808099831,0.43803290510609827,85.16820754425976
0.06835380262739141,3.446683205671282,58.54524668187996
0.020459346136482415,4.963749370572722,69.6626894961937
0.022399761976222524,6.162024903847175,50.53659780974621
0.07860515561054214,3.187263900122668,59.21551097452101
0.09574932431900915,6.137547624469293,72.96313899298977
0.05569358856868718,5.502536134473683,84.72062344227442
0.07973649270276713,0.6860890462170541,72.57710595141668
0.025596655617108364,1.8528052643331772,89.58539261775068
0.07988468051027796,3.4460596741673397,62.65414593486065
0.13951776007521025,1.8219976614009377,94.25217085404003
0.04889175274543782,6.958238721728939,91.61477015950706
0.1064144450797691,5.006051877842401,91.53174887516386
0.024553322936768346,3.8603298806851134,78.60585029740193
0.06707559643249729,4.582848722526963,85.46460616687801
0.02471713517514154,5.495637410458845,93.18763474874089
0.21280114174426396,1.422007578454934,56.29184149063408
0.11001124898426909,5.617638858962064,63.739323918264844
0.04502122192672209,1.7812854343230122,60.63649296052027
0.02398105051168292,5.67578934619062,72.68962057810128
0.029909186872119627,4.040164592530738,99.67947193173121
0.02575957878047661,4.524497585761991,55.33500533781718
0.1018000747037717,1.4465648090869954,66.4242520818662
0.028758936377652044,3.5350286027971873,61.012768783009605
0.031620473098741816,0.9569510781468438,79.4148470585506
0.07635617847897207,6.59356281004628,92.36083287216047
0.165621591962353,6.369726980982789,60.4599359004289
0.15840665175838609,1.8350883118419743,95.43168055287009
0.019176342048435352,3.1889060170019747,83.18616270930889
0.014624797886821575,3.4047219675150933,76.88286165770347
0.021240150791861513,0.29346671406797875,84.54850987179036
0.08487981683039597,4.495754955980753,58.645356331566475
0.03072794808099831,0.43803290510609827,85.16820754425976
0.025405580423888963,4.590897094260681,62.711598964492495
0.015569943458164641,5.33231762118279,76.53391287302841
0.023557930931352042,4.424086556335712,66.5459881384938
0.06126229213859623,3.4032212660635577,65.43702079049797
0.09319357609940686,6.038259001720277,72.50722078850823
0.05569358856868718,5.502536134473683,84.72062344227442
0.08698325900843813,0.38351210505093647,72.09788627419937
0.025281755963398524,1.8373295772913802,90.37445260757619
0.11100912124384613,2.792002900564931,62.621322459199256
0.13787389508741282,1.882914163951762,93.638580277737
0.04391333220999429,7.2988872133692855,96.1756047310771
0.10926179859009615,5.059989111091877,92.65077219429932
0.0261455185977146,5.574440650874662,75.75001414552337
0.06707559643249729,4.582848722526963,85.46460616687801
0.02471713517514154,5.495637410458845,93.18763474874089
0.1847079385066426,1.2964993073271818,60.2472666963689
0.11751287973565502,7.322715431211816,61.01642676256584
0.041012864483591704,2.523226335587568,62.93273108738257
0.02398105051168292,5.67578934619062,72.68962057810128
0.029909186872119627,4.040164592530738,99.67947193173121
0.02575957878047661,4.524497585761991,55.33500533781718
0.12643597353667277,0.8931858762589231,63.46862914780699
0.028758936377652044,3.5350286027971873,61.012768783009605
0.032182111363523135,0.6150799367718367,81.72237211971645
0.09546277296875375,6.981367986813361,98.68172525444912
0.165621591962353,6.369726980982789,60.4599359004289
0.15840665175838609,1.8350883118419743,95.43168055287009
0.018769204420224686,2.9781744423336245,84.07561048754613
0.014624797886821575,3.4047219675150933,76.88286165770347
0.021894225910318494,1.459123290634337,79.46821716645266
0.08487981683039597,4.495754955980753,58.645356331566475
0.03208160471836063,0.5923938526875858,85.17924600151929
0.025405580423888963,4.590897094260681,62.711598964492495
0.015569943458164641,5.33231762118279,76.53391287302841
0.023557930931352042,4.424086556335712,66.5459881384938
0.07234081141774351,3.5140366876785074,60.57768986440971
0.12022029634444573,6.161947221520033,68.01174214667263
0.05250673060429753,5.3984114294811185,81.5921487822713
0.08698325900843813,0.38351210505093647,72.09788627419937
0.02349345401597667,2.1540888288999707,92.61673311176745
0.0779115901292296,2.296967539791541,68.87830811430338
0.13991189368838303,1.338427202928238,96.90383508335329
0.04391333220999429,7.2988872133692855,96.1756047310771
0.10926179859009615,5.059989111091877,92.65077219429932
0.0261455185977146,5.574440650874662,75.75001414552337
0.05231633403289318,3.781092381877908,92.6187800515418
0.037729086163964004,5.751832883337336,88.67654231072137
0.17295841846720073,2.044937366337348,65.30733284461917
0.11979731361385176,7.550235920926743,61.61409301330548
0.039952276530471315,2.46419625004927,63.85002115839045
0.02398105051168292,5.67578934619062,72.68962057810128
0.029909186872119627,4.040164592530738,99.67947193173121
0.02575957878047661,4.524497585761991,55.33500533781718
0.12643597353667277,0.8931858762589231,63.46862914780699
0.028758936377652044,3.5350286027971873,61.012768783009605
0.030661363463511462,1.5073086666251596,77.4560899156001
0.09546277296875375,6.981367986813361,98.68172525444912
0.165621591962353,6.369726980982789,60.4599359004289
0.15840665175838609,1.8350883118419743,95.43168055287009
0.014564213169376766,1.49812947284153,88.82175591111462
0.014624797886821575,3.4047219675150933,76.88286165770347
0.021894225910318494,1.459123290634337,79.46821716645266
0.08487981683039597,4.495754955980753,58.645356331566475
0.03417762799985287,1.0856088027622883,84.89029120754243
0.025405580423888963,4.590897094260681,62.711598964492495
0.015876127911023278,5.956771502622715,76.42086923620579
0.023557930931352042,4.424086556335712,66.5459881384938
0.07845312653078423,3.432520025630012,50.79739767374928
0.12022029634444573,6.161947221520033,68.01174214667263
0.05837443770970427,6.779356767486706,81.55455337183015
0.08698325900843813,0.38351210505093647,72.09788627419937
0.02349345401597667,2.1540888288999707,92.61673311176745
0.04569444826532336,2.4818289251942542,58.250652833291994
0.13991189368838303,1.338427202928238,96.90383508335329
0.04391333220999429,7.2988872133692855,96.1756047310771
0.10926179859009615,5.059989111091877,92.65077219429932
0.0261455185977146,5.574440650874662,75.75001414552337
0.05231633403289318,3.781092381877908,92.6187800515418
0.037560364123836947,5.8128879212823,88.69945712569137
0.17295841846720073,2.044937366337348,65.30733284461917
0.12654168996064993,7.8476936534347,61.65864078577996
0.04142047212530448,4.2562114472658354,75.8317460422844
0.01928903216129984,7.852019880163489,68.7616462894946
0.029909186872119627,4.040164592530738,99.67947193173121
0.02575957878047661,4.524497585761991,55.33500533781718
0.12643597353667277,0.8931858762589231,63.46862914780699
0.028758936377652044,3.5350286027971873,61.012768783009605
0.030661363463511462,1.5073086666251596,77.4560899156001
0.09546277296875375,6.981367986813361,98.68172525444912
0.20862534760850102,7.645253949844839,50.73024359867737
0.15840665175838609,1.8350883118419743,95.43168055287009
0.014564213169376766,1.49812947284153,88.82175591111462
0.014624797886821575,3.4047219675150933,76.88286165770347
0.021894225910318494,1.459123290634337,79.46821716645266
0.09323993373866679,4.956553057026557,55.74486909655235
0.03201079586318131,1.9514695100308113,79.41180939523785
0.022206275260137846,2.9830859713998006,57.07989570928555
0.017773175618938396,5.009737024812551,80.45434844131165
0.023557930931352042,4.424086556335712,66.5459881384938
0.07845312653078423,3.432520025630012,50.79739767374928
0.12932338801413962,6.6350614055716814,67.05178471154649
0.05837443770970427,6.779356767486706,81.55455337183015
0.08698325900843813,0.38351210505093647,72.09788627419937
0.02349345401597667,2.1540888288999707,92.61673311176745
0.021430830804087628,3.7149173992894817,50.113242986421184
0.09985136117806506,2.130102241727809,83.96836972874787
0.04391333220999429,7.2988872133692855,96.1756047310771
0.10486890321590323,5.6716566742112935,94.57071542267701
0.030207816877118338,7.004261493378322,71.16492532183689
0.04523101062738893,3.0371295616506857,87.65767594999679
0.038969239167723636,4.945943233017029,88.10338820436444
0.1844566416314389,1.724956872063018,63.320835574966594
0.12654168996064993,7.8476936534347,61.65864078577996
0.015576239633612682,4.831046628376115,93.30263841824896
0.01928903216129984,7.852019880163489,68.7616462894946
0.03063487277827692,4.109996865113324,99.2173998416514
0.02575957878047661,4.524497585761991,55.33500533781718
0.12643597353667277,0.8931858762589231,63.46862914780699
0.028758936377652044,3.5350286027971873,61.012768783009605
0.050221930065347635,2.2952734244311728,66.54502299428651
0.09546277296875375,6.981367986813361,98.68172525444912
0.20862534760850102,7.645253949844839,50.73024359867737
0.18934127043727317,1.565919739103299,97.77080474742968
0.014564213169376766,1.49812947284153,88.82175591111462
0.02531528438039274,3.1645890603558584,75.60030049478574
0.021894225910318494,1.459123290634337,79.46821716645266
0.09323993373866679,4.956553057026557,55.74486909655235
0.03201079586318131,1.9514695100308113,79.41180939523785
0.022206275260137846,2.9830859713998006,57.07989570928555
0.017773175618938396,5.009737024812551,80.45434844131165
0.02079778157825949,4.5465878396290345,53.803481865635874
0.07845312653078423,3.432520025630012,50.79739767374928
0.09793469399479661,5.831943858913746,77.28232317744407
0.054609229895654296,4.7083981890165365,74.62245302576447
0.09118729188943145,0.21479949482557537,73.0725554002993
0.022106301736179543,1.1520685020156902,97.04856450023551
0.021430830804087628,3.7149173992894817,50.113242986421184
0.15543392993859753,0.1800408795559072,86.34803161459935
0.04391333220999429,7.2988872133692855,96.1756047310771
0.08534458205423719,5.487852766385389,94.29344356518158
0.030568762634685193,7.139532848039249,72.03065706225306
0.04238409966605254,2.84462474984909,86.65862401285354
0.01121624293744422,7.460464696134568,96.09201712494776
0.230017770958156,0.6781207906709552,59.35530058744878
0.12654168996064993,7.8476936534347,61.65864078577996
0.015576239633612682,4.831046628376115,93.30263841824896
0.01928903216129984,7.852019880163489,68.7616462894946
0.03063487277827692,4.109996865113324,99.2173998416514
0.02575957878047661,4.524497585761991,55.33500533781718
0.12643597353667277,0.8931858762589231,63.46862914780699
0.028758936377652044,3.5350286027971873,61.012768783009605
0.06356674716813221,0.5281328380916008,56.436260358782135
0.0867808529616433,6.747675057052432,98.09713609187686
0.13472594306088925,6.21020846373767,53.06578534944837
0.18934127043727317,1.565919739103299,97.77080474742968
0.014564213169376766,1.49812947284153,88.82175591111462
0.02531528438039274,3.1645890603558584,75.60030049478574
0.021894225910318494,1.459123290634337,79.46821716645266
0.09323993373866679,4.956553057026557,55.74486909655235
0.03422919670854971,2.130518722361045,75.46154278567745
0.022461277944296355,2.8665080687354942,55.735340280842685
0.017773175618938396,5.009737024812551,80.45434844131165
0.025003381068724188,5.6626362838128035,61.64877378431097
0.06800852885988669,3.9914066160886486,61.23374209540873
0.14937885378249094,7.721518935275535,78.47388124866306
0.054609229895654296,4.7083981890165365,74.62245302576447
0.09118729188943145,0.21479949482557537,73.0725554002993
0.022106301736179543,1.1520685020156902,97.04856450023551
0.020640238814708754,3.9947890579918663,56.67138849421251
0.15002138476509913,0.28939137231120693,85.10196656106172
0.04322598065319579,7.393238048959242,97.17237367341205
0.08867075247585887,5.572205102641862,96.42223215229845
0.029325459447723662,6.809594966269195,69.71135003664408
0.031324851653042385,1.1585950457315617,97.54693338651585
0.01121624293744422,7.460464696134568,96.09201712494776
0.24880181561535503,0.3143445020404281,56.38167740042862
0.12654168996064993,7.8476936534347,61.65864078577996
0.015576239633612682,4.831046628376115,93.30263841824896
0.0177326179082245,7.903162114717767,68.1411466839775
0.03063487277827692,4.109996865113324,99.2173998416514
0.0288353712874213,3.229851803001834,50.427913572669055
0.12643597353667277,0.8931858762589231,63.46862914780699
0.028758936377652044,3.5350286027971873,61.012768783009605
0.06356674716813221,0.5281328380916008,56.436260358782135
0.0867808529616433,6.747675057052432,98.09713609187686
0.1135965908556594,5.814132826254012,58.75097144494614
0.17252311084261324,1.5243003564595463,97.69817190133689
0.014564213169376766,1.49812947284153,88.82175591111462
0.02531528438039274,3.1645890603558584,75.60030049478574
0.021894225910318494,1.459123290634337,79.46821716645266
0.10009205900493526,5.2924503043697735,53.466450987626445
0.03594053282781978,2.2686422651947575,72.41419724224181
0.032886994187204366,2.273418217567927,55.91311696067478
0.01418439641416173,3.5267186559357575,88.13910661291726
0.025003381068724188,5.6626362838128035,61.64877378431097
0.06800852885988669,3.9914066160886486,61.23374209540873
0.11431524680954987,6.504527125197001,73.3980231484532
0.054609229895654296,4.7083981890165365,74.62245302576447
0.09118729188943145,0.21479949482557537,73.0725554002993
0.022106301736179543,1.1520685020156902,97.04856450023551
0.020640238814708754,3.9947890579918663,56.67138849421251
0.15002138476509913,0.28939137231120693,85.10196656106172
0.04322598065319579,7.393238048959242,97.17237367341205
0.08867075247585887,5.572205102641862,96.42223215229845
0.023333665695854995,7.30754038731772,68.54750794807602
0.031324851653042385,1.1585950457315617,97.54693338651585
0.04428513955895791,7.148530751393178,96.96950556576655
0.23672833689848755,0.6424584275273109,56.43154324639763
0.12654168996064993,7.8476936534347,61.65864078577996
0.016029975728026252,5.015409148834811,91.66246286729015
0.0177326179082245,7.903162114717767,68.1411466839775
0.03063487277827692,4.109996865113324,99.2173998416514
0.0288353712874213,3.229851803001834,50.427913572669055
0.12355797903111869,1.3737924633069207,62.375920858236256
0.028758936377652044,3.5350286027971873,61.012768783009605
0.06021279918892745,0.17376497140179037,56.281084567740876
0.0867808529616433,6.747675057052432,98.09713609187686
0.1135965908556594,5.814132826254012,58.75097144494614
0.13732592885555428,2.85246557485164,92.14502487380678
0.014564213169376766,1.49812947284153,88.82175591111462
0.024021902051662377,3.273650204486053,75.98813609832389
0.021894225910318494,1.459123290634337,79.46821716645266
0.10009205900493526,5.2924503043697735,53.466450987626445
0.038110096721046975,2.393678913504093,71.3246477243821
0.03586694859682127,1.3626893459947533,52.23179013906091
0.010236853006048454,3.9207036243774986,94.67642238899867
0.027097361253209662,4.1706775731222665,73.53999970458808
0.07551195770325753,4.184638999427188,59.88389784770805
0.11431524680954987,6.504527125197001,73.3980231484532
0.09136534603054564,4.592904083886502,57.03192103992354
0.09118729188943145,0.21479949482557537,73.0725554002993
0.024502997999519674,1.3455081047104873,92.78081043671844
0.020640238814708754,3.9947890579918663,56.67138849421251
0.15002138476509913,0.28939137231120693,85.10196656106172
0.04131715138276765,7.41710096829921,97.8107425667925
0.08093507295074769,4.980373811245731,83.24809914938966
0.022495578294816052,7.642519489347161,68.29045569653321
0.028457213767168168,3.264492850598389,88.04479426055252
0.04428513955895791,7.148530751393178,96.96950556576655
0.23672833689848755,0.6424584275273109,56.43154324639763
0.12654168996064993,7.8476936534347,61.65864078577996
0.012646472938248356,5.752809120840978,98.29842598845147
0.0177326179082245,7.903162114717767,68.1411466839775
0.03063487277827692,4.109996865113324,99.2173998416514
0.0288353712874213,3.229851803001834,50.427913572669055
0.1261855980444908,1.323386157167729,62.417581718379644
0.028758936377652044,3.5350286027971873,61.012768783009605
0.039879366021170815,3.8734944806084357,61.95798549272556
0.0867808529616433,6.747675057052432,98.09713609187686
0.11661510506407227,5.929193666712173,58.65770511958726
0.1594139991136755,4.376731262507033,96.24236745876873
0.01369778344992204,1.98318044231276,89.99398490118614
0.015279925626113106,3.381788994465945,76.79188833928792
0.01808776654753265,0.48807229563753873,95.39364870651933
0.10009205900493526,5.2924503043697735,53.466450987626445
0.03993764376379494,3.8009105138566373,78.9144224579238
0.031344301451186996,2.9938634437057026,56.1995354726116
0.010236853006048454,3.9207036243774986,94.67642238899867
0.02945634388969444,4.858728315593455,71.66219516676045
0.07147644696411565,4.002760806039374,60.937501142661276
0.11431524680954987,6.504527125197001,73.3980231484532
0.09136534603054564,4.592904083886502,57.03192103992354
0.09118729188943145,0.21479949482557537,73.0725554002993
0.024502997999519674,1.3455081047104873,92.78081043671844
0.03944079022290088,2.9874346043697524,61.04224408821757
0.10589096888993114,0.6831845870386307,86.31383189865923
0.04011968938026189,7.130223065938109,96.29982234000919
0.08286182472978824,5.179516646543021,87.792837937209
0.022495578294816052,7.642519489347161,68.29045569653321
0.028457213767168168,3.264492850598389,88.04479426055252
0.043762272324743834,7.176913240499919,97.4130476809614
0.2732525493907543,0.41747441367804505,54.45370785527054
0.1296570234003672,7.904994249608567,60.656446391229665
0.012646472938248356,5.752809120840978,98.29842598845147
0.0177326179082245,7.903162114717767,68.1411466839775
0.03063487277827692,4.109996865113324,99.2173998416514
0.0288353712874213,3.229851803001834,50.427913572669055
0.1261855980444908,1.323386157167729,62.417581718379644
0.023598430913928936,2.580222931963978,71.36781279786226
0.060458656942362486,0.12903041143120664,56.21244342404542
0.0867808529616433,6.747675057052432,98.09713609187686
0.11661510506407227,5.929193666712173,58.65770511958726
0.10795971198005418,5.56437347436462,96.26714902599672
0.011003178328338005,0.24982745445923005,96.64138257098381
0.015279925626113106,3.381788994465945,76.79188833928792
0.01808776654753265,0.48807229563753873,95.39364870651933
0.08920609863436632,4.654675536232366,59.03223052354481
0.03993764376379494,3.8009105138566373,78.9144224579238
0.031344301451186996,2.9938634437057026,56.1995354726116
0.010236853006048454,3.9207036243774986,94.67642238899867
0.014765128936992417,5.963926903038437,71.32654658168202
0.08133396199671666,3.051918816974339,68.20616413436947
0.09020685281341304,7.641980788108799,61.18614532304136
0.08198491040781862,4.7311227105031595,61.94939226173261
0.09118729188943145,0.21479949482557537,73.0725554002993
0.04742660355743557,3.542302442109003,81.75765749003273
0.03944079022290088,2.9874346043697524,61.04224408821757
0.10589096888993114,0.6831845870386307,86.31383189865923
0.04011968938026189,7.130223065938109,96.29982234000919
0.07062025482827046,4.3397132566974745,89.30024286459806
0.022495578294816052,7.642519489347161,68.29045569653321
0.028457213767168168,3.264492850598389,88.04479426055252
0.043762272324743834,7.176913240499919,97.4130476809614
0.2732525493907543,0.41747441367804505,54.45370785527054
0.1317121810678441,7.896395958590354,60.63136316787878
0.012646472938248356,5.752809120840978,98.29842598845147
0.0177326179082245,7.903162114717767,68.1411466839775
0.03063487277827692,4.109996865113324,99.2173998416514
0.0288353712874213,3.229851803001834,50.427913572669055
0.13886612081480587,0.582888771403197,57.41277234076233
0.023598430913928936,2.580222931963978,71.36781279786226
0.056318614199688345,0.11747481607644,53.940894936838006
0.08758641658092131,6.052469499899168,85.12143343613472
0.16920516565948093,7.739534225905848,60.17376085274456
0.10971194566456084,5.626604868028828,95.23451645091316
0.011003178328338005,0.24982745445923005,96.64138257098381
0.02379212127703294,3.2428526699461573,71.24307808208712
0.014691530122297057,0.3738615916841309,95.99179203798538
0.08919826181882051,4.661438748457258,59.15846287299155
0.03993764376379494,3.8009105138566373,78.9144224579238
0.031344301451186996,2.9938634437057026,56.1995354726116
0.010236853006048454,3.9207036243774986,94.67642238899867
0.014765128936992417,5.963926903038437,71.32654658168202
0.12359962563990151,3.101003944828266,78.35762591603707
0.09020685281341304,7.641980788108799,61.18614532304136
0.0797256295151524,4.6533109463012154,67.38671094972044
0.09118729188943145,0.21479949482557537,73.0725554002993
0.04506033013377271,3.4616077369698814,77.99715700390777
0.03944079022290088,2.9874346043697524,61.04224408821757
0.10752573191509539,0.9063839941674332,85.57935996526412
0.04011968938026189,7.130223065938109,96.29982234000919
0.0730814522345129,4.4244792160125055,83.3769799824885
0.021208232500714908,7.639366342444864,68.38216414411556
0.020568744743249354,3.548598002520759,90.91594449491161
0.03772629537424856,5.143667035196823,77.38048259673502
0.19152621305818904,2.759200567278775,58.97006322206186
0.1317121810678441,7.896395958590354,60.63136316787878
0.012646472938248356,5.752809120840978,98.29842598845147
0.0177326179082245,7.903162114717767,68.1411466839775
0.03063487277827692,4.109996865113324,99.2173998416514
0.0288353712874213,3.229851803001834,50.427913572669055
0.13886612081480587,0.582888771403197,57.41277234076233
0.03806013877813288,2.9795845666856176,70.42466486384915
0.056318614199688345,0.11747481607644,53.940894936838006
0.13329296890185713,7.760128546561175,81.16953365179529
0.16920516565948093,7.739534225905848,60.17376085274456
0.10416599070028591,5.825091520613926,97.8526306371133
0.011003178328338005,0.24982745445923005,96.64138257098381
0.021555499324544956,2.5377502960422658,77.32548701447854
0.014691530122297057,0.3738615916841309,95.99179203798538
0.08919826181882051,4.661438748457258,59.15846287299155
0.039049221447715,4.000681735382252,80.2688623092011
0.03587534809011537,3.1056409389708057,58.9508385204044
0.031325752349564674,2.1801905137437836,76.03417834511815
0.014765128936992417,5.963926903038437,71.32654658168202
0.1398495027536802,4.547998413009831,81.00728845127948
0.09020685281341304,7.641980788108799,61.18614532304136
0.08637752769916708,4.313874514053989,67.27355394626666
0.09295291457993524,0.052016888158384234,72.93028019963211
0.03619995470705729,2.921797709381169,76.51280306713812
0.038186516643937705,2.9884305327962393,60.29203228178705
0.10752573191509539,0.9063839941674332,85.57935996526412
0.04011968938026189,7.130223065938109,96.29982234000919
0.07464068073121072,4.06195238995269,82.4895893528991
0.021208232500714908,7.639366342444864,68.38216414411556
0.020568744743249354,3.548598002520759,90.91594449491161
0.024933825227066,2.8009651477586424,86.60075759329096
0.15986026274884976,3.4177523100276286,67.18271599361417
0.1317121810678441,7.896395958590354,60.63136316787878
0.017501933584158302,5.5539308540933625,96.72562266021838
0.0177326179082245,7.903162114717767,68.1411466839775
0.029322139031321838,4.036784282294687,98.13479881128649
0.0288353712874213,3.229851803001834,50.427913572669055
0.13886612081480587,0.582888771403197,57.41277234076233
0.03806013877813288,2.9795845666856176,70.42466486384915
0.056318614199688345,0.11747481607644,53.940894936838006
0.11875562724734522,7.180224158180752,81.03060276906389
0.1386191835381767,5.674379698445635,58.48500056196444
0.08458493157273754,4.983241425236821,86.70558365347678
0.011003178328338005,0.24982745445923005,96.64138257098381
0.021555499324544956,2.5377502960422658,77.32548701447854
0.014691530122297057,0.3738615916841309,95.99179203798538
0.08919826181882051,4.661438748457258,59.15846287299155
0.039049221447715,4.000681735382252,80.2688623092011
0.05664991815214575,3.6026597459049157,62.37446965987955
0.03425908287857767,2.498724178866464,72.51479061951895
0.014765128936992417,5.963926903038437,71.32654658168202
0.12048446832869707,4.327967076081537,76.67042572464422
0.0727839390293459,7.2544420805828205,63.52802363370337
0.06298104900980893,3.667778211746585,68.79940004592888
0.08938760854024447,0.4777022567981897,73.8513027088738
0.03524410010693076,2.8897366446852804,84.3175928826137
0.02300075024473861,2.483239691244881,58.57927054876538
0.11836702958179841,0.7006601389548144,86.6202166765492
0.04011968938026189,7.130223065938109,96.29982234000919
0.05958498276275819,4.036034023914531,81.55018994884612
0.021208232500714908,7.639366342444864,68.38216414411556
0.020568744743249354,3.548598002520759,90.91594449491161
0.024933825227066,2.8009651477586424,86.60075759329096
0.1504633701880158,3.434587398752772,66.74494423361588
0.1317121810678441,7.896395958590354,60.63136316787878
0.017501933584158302,5.5539308540933625,96.72562266021838
0.05167009329387402,7.901147488142054,65.90510465886251
0.029322139031321838,4.036784282294687,98.13479881128649
0.0288353712874213,3.229851803001834,50.427913572669055
0.13886612081480587,0.582888771403197,57.41277234076233
0.042382649367070174,2.862315185085467,79.79467546709785
0.056318614199688345,0.11747481607644,53.940894936838006
0.2051731485087191,6.773468759190373,92.23589140474436
0.1387404563127017,5.679534620041107,58.448740765989314
0.05663058465139323,6.1548113947879495,78.62344568715709
0.011003178328338005,0.24982745445923005,96.64138257098381
0.019924892796898998,2.4948468124895156,77.68854807382536
0.014691530122297057,0.3738615916841309,95.99179203798538
0.10270553003230248,3.5522693665716236,58.68371903032939
0.032281166140817115,5.522551066600463,90.58706757869413
0.0568295036317236,5.491827087249069,66.94594413206481
0.03425908287857767,2.498724178866464,72.51479061951895
0.014765128936992417,5.963926903038437,71.32654658168202
0.12048446832869707,4.327967076081537,76.67042572464422
0.0727839390293459,7.2544420805828205,63.52802363370337
0.06405591767344154,3.6559943167192097,67.86259903578913
0.0906945204429733,0.779415129478636,72.36288008549775
0.04732222446191549,3.2003114768213643,90.48707108722502
0.02300075024473861,2.483239691244881,58.57927054876538
0.11836702958179841,0.7006601389548144,86.6202166765492
0.04011968938026189,7.130223065938109,96.29982234000919
0.05448135888101988,3.6197071525139184,83.19195508335184
0.021208232500714908,7.639366342444864,68.38216414411556
0.020279971902100808,3.532492828415652,90.67779584055275
0.024933825227066,2.8009651477586424,86.60075759329096
0.1629797311156812,3.2350824272792713,63.92270493154188
0.1317121810678441,7.896395958590354,60.63136316787878
0.017501933584158302,5.5539308540933625,96.72562266021838
0.05167009329387402,7.901147488142054,65.90510465886251
0.029322139031321838,4.036784282294687,98.13479881128649
0.030405854472284704,3.0181473971912514,56.82336222904345
0.1287626196544749,0.7486000415539755,57.51449139573187
0.042382649367070174,2.862315185085467,79.79467546709785
0.07627245581194882,0.09376723469642805,58.49503300991088
0.2051731485087191,6.773468759190373,92.23589140474436
0.11197412038892356,6.125859147345641,60.71094034316537
0.057131316645307004,6.2077940387255595,78.49742348900882
0.011003178328338005,0.24982745445923005,96.64138257098381
0.016452288524586616,1.6401912306437798,74.07854602939938
0.014691530122297057,0.3738615916841309,95.99179203798538
0.06957478389542997,3.633908138090221,53.09145596124056
0.03238851770471147,5.562315997626557,90.64531131831697
0.06505985343715652,6.9898558190336715,59.62604240770933
0.03425908287857767,2.498724178866464,72.51479061951895
0.014765128936992417,5.963926903038437,71.32654658168202
0.20913124690326731,7.6300284605696875,60.49998245096744
0.0727839390293459,7.2544420805828205,63.52802363370337
0.06342873044741226,3.6585042831780292,69.5412540126568
0.11447504222033557,0.04837793353813513,67.21414868863761
0.05323198027886349,4.141289817254631,84.2297789050393
0.021616839501867983,2.8704280000392393,67.90208524688855
0.11836702958179841,0.7006601389548144,86.6202166765492
0.04011968938026189,7.130223065938109,96.29982234000919
0.04740879630312392,3.9896403804981615,85.78035958335238
0.026197040175737235,7.556178743151921,67.96052710551655
0.017930382561358534,3.9018189590243093,92.73616874976696
0.024933825227066,2.8009651477586424,86.60075759329096
0.1629797311156812,3.2350824272792713,63.92270493154188
0.12074957618098739,7.804693565278289,64.900481931028
0.018739318163935897,7.8346488771348355,97.04871886631199
0.05167009329387402,7.901147488142054,65.90510465886251
0.029322139031321838,4.036784282294687,98.13479881128649
0.030405854472284704,3.0181473971912514,56.82336222904345
0.11909870100718156,1.1697282602448382,57.2016299869051
0.032843423303347066,2.4127218782229507,77.69183350331106
0.07627245581194882,0.09376723469642805,58.49503300991088
0.20953000034420088,6.840287643430909,92.2242507186122
0.14195713540152363,6.08106466364666,50.986922700371984
0.06882910908557255,5.573499439326467,66.25586873041578
0.014992057306959647,2.0293908983527658,89.69421222991777
0.016452288524586616,1.6401912306437798,74.07854602939938
0.011765422283710178,0.38717068511439406,97.77350543843998
0.06957478389542997,3.633908138090221,53.09145596124056
0.030514008196630197,5.347031145455859,90.91639276114725
0.06505985343715652,6.9898558190336715,59.62604240770933
0.051140316765948615,4.131176337897607,55.00153325479338
0.014765128936992417,5.963926903038437,71.32654658168202
0.20913124690326731,7.6300284605696875,60.49998245096744
0.09166269961507281,6.413155288289725,63.610633848184605
0.07909175714403163,4.251048379695327,61.91039801815971
0.0975095306606565,0.06853501675901676,63.34204808643484
0.08910509119020728,2.441549390143537,96.2629728916443
0.021616839501867983,2.8704280000392393,67.90208524688855
0.11836702958179841,0.7006601389548144,86.6202166765492
0.04011968938026189,7.130223065938109,96.29982234000919
0.04740879630312392,3.9896403804981615,85.78035958335238
0.027056425101942533,7.411682017412167,68.68248974392269
0.017930382561358534,3.9018189590243093,92.73616874976696
0.024226334502744216,2.630255396927688,88.32278766188031
0.1970894045084055,4.77825187627084,69.07642642782247
0.12074957618098739,7.804693565278289,64.900481931028
0.018739318163935897,7.8346488771348355,97.04871886631199
0.05167009329387402,7.901147488142054,65.90510465886251
0.023202152270769896,2.7645881640248984,98.00885780020327
0.030457665892360434,4.133807305521575,73.15574779637498
0.11911886167909984,1.2507551972455246,57.29564922630953
0.04828399226861963,3.881872500247291,72.83999867907363
0.07627245581194882,0.09376723469642805,58.49503300991088
0.20953000034420088,6.840287643430909,92.2242507186122
0.1472853127508642,5.359750402809387,54.265496993350716
0.06765409131322168,5.7249129428666174,66.75340165632787
0.014992057306959647,2.0293908983527658,89.69421222991777
0.016452288524586616,1.6401912306437798,74.07854602939938
0.011765422283710178,0.38717068511439406,97.77350543843998
0.06957478389542997,3.633908138090221,53.09145596124056
0.03533721808903181,5.396104897329502,87.77845746463969
0.06505985343715652,6.9898558190336715,59.62604240770933
0.051140316765948615,4.131176337897607,55.00153325479338
0.014765128936992417,5.963926903038437,71.32654658168202
0.19283044554414203,7.4105236967740975,61.22049272597817
0.10343556357062753,6.976378045700916,64.13269767199314
0.06109888599888315,5.343937990440239,64.25206413275701
0.0975095306606565,0.06853501675901676,63.34204808643484
0.08910509119020728,2.441549390143537,96.2629728916443
0.020703562073013847,3.125943281613399,74.05444462486719
0.11836702958179841,0.7006601389548144,86.6202166765492
0.04011968938026189,7.130223065938109,96.29982234000919
0.04740879630312392,3.9896403804981615,85.78035958335238
0.027056425101942533,7.411682017412167,68.68248974392269
0.017930382561358534,3.9018189590243093,92.73616874976696
0.024226334502744216,2.630255396927688,88.32278766188031
0.2250986319260827,4.573398622184314,69.57911868015682
0.12013084921571657,7.795640510942911,64.84188156817866
0.018739318163935897,7.8346488771348355,97.04871886631199
0.06589411739025303,5.470679861781415,65.1097855943006
0.021723353077328,2.6639372617526034,99.3261090336934
0.02717369238056025,3.5491055210955067,73.37212504022999
0.10940547226385686,0.43904790503465296,56.77845055403616
0.06823875360391995,4.920033439395299,59.997711122927484
0.07627245581194882,0.09376723469642805,58.49503300991088
0.2131538148806988,6.312637840388428,86.95328273210212
0.12412417440808318,4.845373882153604,53.9155813877654
0.06636979624479877,5.653820157056872,66.95311598608262
0.014992057306959647,2.0293908983527658,89.69421222991777
0.01659026501868116,1.6884118066079885,74.07776381031556
0.011851494228303797,0.39581874200597333,97.71502068141139
0.06957478389542997,3.633908138090221,53.09145596124056
0.03533721808903181,5.396104897329502,87.77845746463969
0.0668241799779577,5.904741791944346,59.448075702770474
0.04594612305312966,4.46032040572019,54.843125496587746
0.014765128936992417,5.963926903038437,71.32654658168202
0.19283044554414203,7.4105236967740975,61.22049272597817
0.09579924980858229,6.55738196929774,66.46478850621371
0.027648884946005176,4.174218197501164,62.11907114663832
0.0975095306606565,0.06853501675901676,63.34204808643484
0.0823189088851509,2.6935052944705706,94.55689984280092
0.020703562073013847,3.125943281613399,74.05444462486719
0.11634358294488037,0.6714873668819772,85.2682655055001
0.04011968938026189,7.130223065938109,96.29982234000919
0.04588230027826126,3.9402706510746137,85.11009537904806
0.02705272468495449,7.53356720015932,68.53450638212959
0.017930382561358534,3.9018189590243093,92.73616874976696
0.03511212397275912,2.2476105649621507,85.21996361431827
0.2229279492845222,4.603725347997965,69.7105527183678
0.12013084921571657,7.795640510942911,64.84188156817866
0.018739318163935897,7.8346488771348355,97.04871886631199
0.06589411739025303,5.470679861781415,65.1097855943006
0.021723353077328,2.6639372617526034,99.3261090336934
0.02717369238056025,3.5491055210955067,73.37212504022999
0.10940547226385686,0.43904790503465296,56.77845055403616
0.02371491133073375,2.4527390627901067,55.8413732779058
0.07627245581194882,0.09376723469642805,58.49503300991088
0.16350156972845786,6.611909406356278,78.94063755523344
0.12474898557974391,4.8763759456243605,53.347273407202344
0.07733046012362517,5.587954490508018,66.02421351937707
0.014992057306959647,2.0293908983527658,89.69421222991777
0.01659026501868116,1.6884118066079885,74.07776381031556
0.011716414982253233,0.13767524512994278,98.93841878797109
0.06957478389542997,3.633908138090221,53.09145596124056
0.043855112235485535,7.105561740790458,80.55334735661611
0.0652502945533577,7.2041044398302745,63.08531009241408
0.04594612305312966,4.46032040572019,54.843125496587746
0.014765128936992417,5.963926903038437,71.32654658168202
0.1897663627672288,7.296126113595468,60.89471674296825
0.07913514491983589,6.7288252070957215,75.39399213751226
0.027648884946005176,4.174218197501164,62.11907114663832
0.09986665133385783,0.49159480854232296,62.50719492283291
0.08169040969820628,2.73988293303674,92.51195773913521
0.019095553029361965,3.020775583951178,74.22402019917637
0.10175106172734363,2.059655061800989,79.43741987446079
0.04011968938026189,7.130223065938109,96.29982234000919
0.06500281750184514,1.1969270629271964,76.70008887892823
0.02705272468495449,7.53356720015932,68.53450638212959
0.017930382561358534,3.9018189590243093,92.73616874976696
0.03511212397275912,2.2476105649621507,85.21996361431827
0.2490693100508487,5.633862235213537,73.75411288703232
0.09413111229228543,7.515399497996349,64.00970345813477
0.018739318163935897,7.8346488771348355,97.04871886631199
0.06589411739025303,5.470679861781415,65.1097855943006
0.021815384525456005,2.6339016881220108,99.48600527988181
0.031067656751082924,1.5705647653562886,62.441164377804036
0.10940547226385686,0.43904790503465296,56.77845055403616
0.02371491133073375,2.4527390627901067,55.8413732779058
0.07627245581194882,0.09376723469642805,58.49503300991088
0.16350156972845786,6.611909406356278,78.94063755523344
0.10531464940171208,5.168014214113776,58.54287815195068
0.07733046012362517,5.587954490508018,66.02421351937707
0.014992057306959647,2.0293908983527658,89.69421222991777
0.010607156664057076,0.34350176511333963,80.54784366265233
0.011716414982253233,0.13767524512994278,98.93841878797109
0.06957478389542997,3.633908138090221,53.09145596124056
0.043855112235485535,7.105561740790458,80.55334735661611
0.0652502945533577,7.2041044398302745,63.08531009241408
0.04594612305312966,4.46032040572019,54.843125496587746
0.013310731358338698,3.9979848103481364,74.55202074703568
0.2092175829438152,7.310501236927746,60.55251421305661
0.07913514491983589,6.7288252070957215,75.39399213751226
0.027648884946005176,4.174218197501164,62.11907114663832
0.12069858251010322,0.575234153053273,53.89765761883982
0.08169040969820628,2.73988293303674,92.51195773913521
0.019095553029361965,3.020775583951178,74.22402019917637
0.11698985648081428,2.1650991422883124,83.10168094363377
0.04011968938026189,7.130223065938109,96.29982234000919
0.06682828389205167,1.018236218194776,73.75121716660993
0.027410714536407393,7.524448162144056,68.79057850772203
0.017930382561358534,3.9018189590243093,92.73616874976696
0.04326661685108092,1.5929086121631886,89.2101520245788
0.2490693100508487,5.633862235213537,73.75411288703232
0.09413111229228543,7.515399497996349,64.00970345813477
0.018739318163935897,7.8346488771348355,97.04871886631199
0.06603626087026765,5.087973645495412,65.55675015745615
0.021815384525456005,2.6339016881220108,99.48600527988181
0.031067656751082924,1.5705647653562886,62.441164377804036
0.10931504562505728,0.5435805486461796,56.8174527945294
0.02281345466943272,2.563590023563348,59.428702607740036
0.07627245581194882,0.09376723469642805,58.49503300991088
0.14705732532632404,6.695297622590668,76.30440708318925
0.1180366469253869,5.569626314523973,58.40628065697461
0.07733046012362517,5.587954490508018,66.02421351937707
0.014992057306959647,2.0293908983527658,89.69421222991777
0.010607156664057076,0.34350176511333963,80.54784366265233
0.036421031254059155,1.0348948187695663,94.13688240944201
0.06957478389542997,3.633908138090221,53.09145596124056
0.047962072350101775,6.62584124096872,81.9786250163854
0.0652852609842091,7.109961040169642,63.19526065426189
0.04594612305312966,4.46032040572019,54.843125496587746
0.013310731358338698,3.9979848103481364,74.55202074703568
0.17356508797463205,6.420797469875533,67.95945023679505
0.06535509510515773,6.006028695050144,85.85520889067149
0.029372593943161017,4.201170732497212,61.433633655669354
0.11337410067941955,0.5330819353064826,57.53901324503754
0.08081398085567273,2.7885178853550894,93.37953711853521
0.019095553029361965,3.020775583951178,74.22402019917637
0.10382251452414461,3.0169453524350254,78.46518007820158
0.03987818088689804,7.13181750911405,97.31788845900635
0.07555322946923182,0.3154237261009398,76.34160506688951
0.027410714536407393,7.524448162144056,68.79057850772203
0.017930382561358534,3.9018189590243093,92.73616874976696
0.04326661685108092,1.5929086121631886,89.2101520245788
0.2490693100508487,5.633862235213537,73.75411288703232
0.0847980320691885,6.709011171654967,64.52363075167185
0.018739318163935897,7.8346488771348355,97.04871886631199
0.07522438521134332,6.498320336877249,56.012007285700136
0.017687822096171923,1.7904348361672549,92.51180335094013
0.031266868924798144,1.6301745582807996,62.67154227870718
0.10854510980044021,0.6650091727698326,57.03907876840423
0.02281345466943272,2.563590023563348,59.428702607740036
0.07627245581194882,0.09376723469642805,58.49503300991088
0.14705732532632404,6.695297622590668,76.30440708318925
0.1180366469253869,5.569626314523973,58.40628065697461
0.07733046012362517,5.587954490508018,66.02421351937707
0.014992057306959647,2.0293908983527658,89.69421222991777
0.010607156664057076,0.34350176511333963,80.54784366265233
0.035720900492274,0.9778240807416507,94.64076267630553
0.06957478389542997,3.633908138090221,53.09145596124056
0.04181373381702079,4.786088278327572,74.86841031977765
0.0652852609842091,7.109961040169642,63.19526065426189
0.04594612305312966,4.46032040572019,54.843125496587746
0.010670963077698443,3.960588021883395,76.14620772708342
0.15694660126538743,5.793054477734156,70.51091097624781
0.06535509510515773,6.006028695050144,85.85520889067149
0.04628735457888199,5.049603704974988,72.91380001730062
0.10727296862753695,0.9438321554864002,58.937256710692274
0.05213622276832138,2.8964375185804863,84.47883598924697
0.019095553029361965,3.020775583951178,74.22402019917637
0.08781841746643389,3.181821957079059,81.12426284387536
0.04140321855331315,6.460398171753315,86.64283394872754
0.07133549381560059,0.5175301482209709,76.18340845379198
0.01369847998035044,7.82022416116849,70.36178361508843
0.017930382561358534,3.9018189590243093,92.73616874976696
0.04326661685108092,1.5929086121631886,89.2101520245788
0.26629927090898514,5.683505466947902,73.82551252325916
0.07255394066051987,7.441175764808063,68.24581993883827
0.018739318163935897,7.8346488771348355,97.04871886631199
0.07522438521134332,6.498320336877249,56.012007285700136
0.01507364398061694,1.5765317008364361,94.17017435765065
0.029807487470392323,1.541625545478667,61.14657124938998
0.10854510980044021,0.6650091727698326,57.03907876840423
0.02281345466943272,2.563590023563348,59.428702607740036
0.060346895518343366,0.16874648108001053,64.04938398874994
0.14705732532632404,6.695297622590668,76.30440708318925
0.10675518704231246,5.396030820469818,57.84868182373124
0.07733046012362517,5.587954490508018,66.02421351937707
0.014992057306959647,2.0293908983527658,89.69421222991777
0.011990295207617498,0.39641454312151825,80.91469518141523
0.035720900492274,0.9778240807416507,94.64076267630553
0.06933760300470372,3.7672406406925054,54.93304582475177
0.03548967134390888,5.700485939110754,74.58671538180877
0.0652852609842091,7.109961040169642,63.19526065426189
0.04594612305312966,4.46032040572019,54.843125496587746
0.010670963077698443,3.960588021883395,76.14620772708342
0.16423202871389286,6.0095803848835985,69.29596592858583
0.06535509510515773,6.006028695050144,85.85520889067149
0.03608852485988979,5.616999001066069,80.86957762286553
0.10727296862753695,0.9438321554864002,58.937256710692274
0.05178496294333069,2.8977593733560356,84.36981565678427
0.019095553029361965,3.020775583951178,74.22402019917637
0.09392188508918646,2.684358513945531,79.58017785279932
0.038970118050034565,7.163205118400796,93.48214374542658
0.07133549381560059,0.5175301482209709,76.18340845379198
0.01369847998035044,7.82022416116849,70.36178361508843
0.057930617154530156,4.767167425277868,87.64602793664052
0.04326661685108092,1.5929086121631886,89.2101520245788
0.3868834554182035,4.898615480137762,63.39887424869448
0.07255394066051987,7.441175764808063,68.24581993883827
0.015741746020131786,4.530964153725852,89.88280755169049
0.07522438521134332,6.498320336877249,56.012007285700136
0.01507364398061694,1.5765317008364361,94.17017435765065
0.029527579380104436,1.650721686211626,61.3066936217009
0.10854510980044021,0.6650091727698326,57.03907876840423
0.022402536741738324,2.549925021696817,59.37288875169409
0.060346895518343366,0.16874648108001053,64.04938398874994
0.14705732532632404,6.695297622590668,76.30440708318925
0.10675518704231246,5.396030820469818,57.84868182373124
0.07733046012362517,5.587954490508018,66.02421351937707
0.025656175021365628,2.638147929753605,85.64502840191051
0.011990295207617498,0.39641454312151825,80.91469518141523
0.04356534921174539,0.8764400184062442,90.57535703258043
0.06031631168616773,3.5332629412889074,55.78641878534547
0.03652007908624588,5.70295982040782,74.54437011712095
0.06096946506191161,6.634350948239978,65.85762076596748
0.04552723449857265,4.426960601329284,54.173816130180995
0.010670963077698443,3.960588021883395,76.14620772708342
0.17813984779046144,7.246495280513704,71.82527475936404
0.06535509510515773,6.006028695050144,85.85520889067149
0.03555094701309122,5.710128600037688,80.7497000802311
0.10727296862753695,0.9438321554864002,58.937256710692274
0.04990031037651564,2.6992866994053095,85.72328652149318
0.022556130617509038,3.244095996295266,75.09412459500777
0.09392188508918646,2.684358513945531,79.58017785279932
0.038970118050034565,7.163205118400796,93.48214374542658
0.07133549381560059,0.5175301482209709,76.18340845379198
0.01369847998035044,7.82022416116849,70.36178361508843
0.05035479336828416,7.168868237635394,94.12417671237989
0.04337724528148118,1.3407777512742483,88.91182467429199
0.33896039462167893,4.598725273266832,66.35021224510004
0.07255394066051987,7.441175764808063,68.24581993883827
0.01747220126539145,4.490091005464226,89.65476703123724
0.07522438521134332,6.498320336877249,56.012007285700136
0.01507364398061694,1.5765317008364361,94.17017435765065
0.029527579380104436,1.650721686211626,61.3066936217009
0.10216702447124047,0.6335159449418488,60.37372413430847
0.022402536741738324,2.549925021696817,59.37288875169409
0.060346895518343366,0.16874648108001053,64.04938398874994
0.20192390392479753,6.592333660160625,68.8894952907802
0.10311164228082884,4.985633371088768,58.33550293153275
0.11474112229042549,6.501265569608259,60.343545009413404
0.03221706300545461,3.1490834399393273,81.72277800334942
0.011990295207617498,0.39641454312151825,80.91469518141523
0.06411002007923905,2.2941945184859027,79.45195778833869
0.05561666759314578,2.0324984177371688,51.001607025132486
0.03652007908624588,5.70295982040782,74.54437011712095
0.06096946506191161,6.634350948239978,65.85762076596748
0.04657994053493804,4.609624755193662,53.70450456462666
0.010670963077698443,3.960588021883395,76.14620772708342
0.12769907930053093,5.457930693176298,77.29181345640437
0.06698284316387787,6.35430548819912,85.86910338251347
0.03488481367592981,5.803349404124791,80.83993470958593
0.10535377986369131,1.201555841072702,60.220134262632236
0.05768589964854002,2.741576256773259,93.18401323031512
0.023006664260917277,3.2475461767126834,74.86375570380821
0.08885336455453528,2.2681632711788344,79.92356403997994
0.040546269918534,6.895178872479595,90.69878159932007
0.07286121410073071,0.4888119287605608,75.69563967825592
0.01369847998035044,7.82022416116849,70.36178361508843
0.041440044048296265,5.755811146133753,94.13579927808468
0.04337724528148118,1.3407777512742483,88.91182467429199
0.3465782273036334,4.5340866117569805,66.55428830645678
0.07255394066051987,7.441175764808063,68.24581993883827
0.01747220126539145,4.490091005464226,89.65476703123724
0.07712021814405184,6.930112166542308,56.49645335968989
0.01476806687002131,2.96395131122926,88.87967864249669
0.035101117515222185,1.9679798401018438,61.24369723242955
0.10216702447124047,0.6335159449418488,60.37372413430847
0.022402536741738324,2.549925021696817,59.37288875169409
0.060346895518343366,0.16874648108001053,64.04938398874994
0.19323579643415767,6.073363448677092,68.14783280516123
0.10205237968894977,4.624519978729258,62.40848928741511
0.11924624824037929,6.4767065409852815,60.79146456386815
0.038172647123416385,2.98944434245926,81.29873263258068
0.012100960114157086,0.49870380624752864,81.23201577411908
0.05905832351742379,0.4941259010153791,88.36529194507037
0.05630132087671795,2.01688656639507,50.36674204446916
0.03652007908624588,5.70295982040782,74.54437011712095
0.06096946506191161,6.634350948239978,65.85762076596748
0.028807976391349722,3.2592893195449206,52.079816848566374
0.05449217177891724,4.467719495202584,74.22635026998051
0.10073894474842254,4.176756647281936,67.45879752365393
0.06698284316387787,6.35430548819912,85.86910338251347
0.028134054010622425,5.8842589894942385,83.06665421926331
0.09204245800328827,3.902407324175892,58.46452455611679
0.05711172417201237,2.060872362650863,97.96239966084079
0.023443257435732487,3.472060183683666,75.56222601333666
0.09769254007782027,2.325888098969046,74.90024349425705
0.053152400751567117,5.687721365958125,87.88690058409946
0.12406195939626305,0.566530732650885,71.30570214552813
0.01369847998035044,7.82022416116849,70.36178361508843
0.040956022697940186,5.466583748702869,91.62425736872179
0.05285816992178911,0.3271056107449115,95.26110811232047
0.2251682966128395,5.822109279045478,67.3037428192832
0.07255394066051987,7.441175764808063,68.24581993883827
0.01747220126539145,4.490091005464226,89.65476703123724
0.07712021814405184,6.930112166542308,56.49645335968989
0.01476806687002131,2.96395131122926,88.87967864249669
0.03728503411192934,3.2729811856148916,72.57583796371765
0.10216702447124047,0.6335159449418488,60.37372413430847
0.022402536741738324,2.549925021696817,59.37288875169409
0.060346895518343366,0.16874648108001053,64.04938398874994
0.19780462955493833,6.208708224768027,68.74110076095064
0.10013425715134158,4.448594297282401,62.538095201545616
0.12193168444187769,6.447802989474502,61.06526151428497
0.04785679276341001,3.2373212504879483,78.43497819306683
0.013283214428277824,0.734110988939165,78.72336606355114
0.05902765793913045,0.48319885018266095,88.41939902436408
0.05306494711241332,2.4846193679972153,61.12392135191589
0.03696916230539735,5.619276821106052,73.99547803232053
0.06096946506191161,6.634350948239978,65.85762076596748
0.04389021071392435,3.4516606657993663,55.30442782603294
0.031213488974319012,6.339884865713655,80.99031222502023
0.09698084793280765,4.666725864075574,70.41917697771292
0.07636173590990536,7.3549828900427805,86.66154607792288
0.028134054010622425,5.8842589894942385,83.06665421926331
0.09204245800328827,3.902407324175892,58.46452455611679
0.05711172417201237,2.060872362650863,97.96239966084079
0.023443257435732487,3.472060183683666,75.56222601333666
0.09467227738596455,2.553853699124718,75.78086749978762
0.056363489953131105,6.462936551474742,99.1828495992319
0.12406195939626305,0.566530732650885,71.30570214552813
0.01369847998035044,7.82022416116849,70.36178361508843
0.040956022697940186,5.466583748702869,91.62425736872179
0.05083016239497617,0.29354303538173454,96.74859059245267
0.2251682966128395,5.822109279045478,67.3037428192832
0.0710136144849777,7.608307696321836,68.56458922557097
0.01747220126539145,4.490091005464226,89.65476703123724
0.08603354139272112,7.643629678818019,56.02789186739387
0.015332747708670519,2.970809056992823,88.6574206024751
0.03584705163749606,3.6833166552897585,74.22436191972756
0.10216702447124047,0.6335159449418488,60.37372413430847
0.022402536741738324,2.549925021696817,59.37288875169409
0.060346895518343366,0.16874648108001053,64.04938398874994
0.21086946600389317,6.442736821381337,69.88165624389165
0.15362278838995394,5.396686034418309,69.41736986069314
0.12193168444187769,6.447802989474502,61.06526151428497
0.051109820830006994,3.4728483098648826,78.40784377765694
0.013283214428277824,0.734110988939165,78.72336606355114
0.06147794340022466,0.4697588273422639,88.93876371154262
0.055273664763101055,2.5767784858647342,61.190281167690436
0.037337987854391866,5.605151143075765,75.6263212464478
0.05712750490115883,6.158983592633142,66.8941812045616
0.04389021071392435,3.4516606657993663,55.30442782603294
0.023260337520574888,3.853388156310316,79.98478572773476
0.09698084793280765,4.666725864075574,70.41917697771292
0.06603096448126267,7.5606418494961645,92.46425979097245
0.028134054010622425,5.8842589894942385,83.06665421926331
0.10119105658078036,3.9398668363590215,56.189010205908474
0.05711172417201237,2.060872362650863,97.96239966084079
0.02400644676625474,3.623829597736413,75.38699837431376
0.09681563969296168,1.4547519783223102,89.89407884996362
0.056363489953131105,6.462936551474742,99.1828495992319
0.12074752597054512,0.6745801946752726,73.56692266080941
0.01369847998035044,7.82022416116849,70.36178361508843
0.030958668212129822,6.255949886952084,96.7282852324073
0.05083016239497617,0.29354303538173454,96.74859059245267
0.26340565695052104,6.677891169624082,60.328079254963306
0.0710136144849777,7.608307696321836,68.56458922557097
0.01747220126539145,4.490091005464226,89.65476703123724
0.08603354139272112,7.643629678818019,56.02789186739387
0.014295435233718776,2.998730096853367,88.99529444996966
0.05485383669935573,3.9334378672183563,73.06367780758555
0.10216702447124047,0.6335159449418488,60.37372413430847
0.022402536741738324,2.549925021696817,59.37288875169409
0.060346895518343366,0.16874648108001053,64.04938398874994
0.21086946600389317,6.442736821381337,69.88165624389165
0.17516845818453491,5.651754777408648,67.67083892839709
0.09967366377468899,5.733018109108341,64.46767515356397
0.051109820830006994,3.4728483098648826,78.40784377765694
0.013283214428277824,0.734110988939165,78.72336606355114
0.06147794340022466,0.4697588273422639,88.93876371154262
0.05254451894031539,2.457015343009208,62.329834209454354
0.026319692372339804,6.450126612413115,78.21864145696544
0.05712750490115883,6.158983592633142,66.8941812045616
0.037342190665301554,3.6987214525158585,51.02494001178634
0.023260337520574888,3.853388156310316,79.98478572773476
0.09115629407116732,4.114798224525179,73.74214143549428
0.05060486747076274,7.12925512051167,86.93045846141064
0.028134054010622425,5.8842589894942385,83.06665421926331
0.10119105658078036,3.9398668363590215,56.189010205908474
0.05711172417201237,2.060872362650863,97.96239966084079
0.024400296390008836,3.887533238686297,79.3193580162003
0.09681563969296168,1.4547519783223102,89.89407884996362
0.056363489953131105,6.462936551474742,99.1828495992319
0.12074752597054512,0.6745801946752726,73.56692266080941
0.01369847998035044,7.82022416116849,70.36178361508843
0.030958668212129822,6.255949886952084,96.7282852324073
0.05083016239497617,0.29354303538173454,96.74859059245267
0.25333612540008515,6.486823190300995,61.00239732682864
0.0710136144849777,7.608307696321836,68.56458922557097
0.01747220126539145,4.490091005464226,89.65476703123724
0.08603354139272112,7.643629678818019,56.02789186739387
0.014295435233718776,2.998730096853367,88.99529444996966
0.04903524982219052,2.610242112513313,74.6836467285571
0.09941569791861063,0.7075726059773055,61.26988735464789
0.022402536741738324,2.549925021696817,59.37288875169409
0.06302087758512706,0.13368153348997688,54.86166264331629
0.23494515891152384,6.274537823923847,69.82302997550093
0.17516845818453491,5.651754777408648,67.67083892839709
0.040505763217723006,5.796707013310565,61.957244107575406
0.045981071611644345,0.5538573394414019,58.126818769838785
0.011831263166483055,0.5958113604565207,78.1580033974523
0.0595233100760307,0.5745267108526324,88.94110561470684
0.05326898184822653,2.346705328399704,61.89090465268741
0.026319692372339804,6.450126612413115,78.21864145696544
0.05712750490115883,6.158983592633142,66.8941812045616
0.04070499364806306,2.4745399311460674,53.78944379637661
0.02751224800201619,2.0894388905676173,84.26388561743383
0.058975484729299255,3.635943591840779,76.248248687885
0.0448918353853023,7.79029851686233,74.7750681908549
0.027449357464565192,5.995442466512604,82.94607401218383
0.10101125901437671,4.548978928840919,55.41808178933218
0.05711172417201237,2.060872362650863,97.96239966084079
0.024400296390008836,3.887533238686297,79.3193580162003
0.09681563969296168,1.4547519783223102,89.89407884996362
0.056363489953131105,6.462936551474742,99.1828495992319
0.07511548425969422,3.2770086561794414,78.15425628730894
0.01369847998035044,7.82022416116849,70.36178361508843
0.030958668212129822,6.255949886952084,96.7282852324073
0.05163271604920513,0.13086348387999625,97.31890755591934
0.23331612187807926,6.39810948694886,61.32842030931446
0.11787390627605664,7.435046873262153,67.09522072062087
0.01747220126539145,4.490091005464226,89.65476703123724
0.08603354139272112,7.643629678818019,56.02789186739387
0.014295435233718776,2.998730096853367,88.99529444996966
0.04679670113539099,2.5737755341097626,69.06885054968032
0.09461263482717923,3.1970308380770502,59.38845404443587
0.022402536741738324,2.549925021696817,59.37288875169409
0.06302087758512706,0.13368153348997688,54.86166264331629
0.23494515891152384,6.274537823923847,69.82302997550093
0.16860705279895227,5.473855988126606,67.35972609161733
0.041819442995801995,5.776711100883001,59.84543769373484
0.036867501009143266,1.325377022491069,58.60844949108389
0.011831263166483055,0.5958113604565207,78.1580033974523
0.0595233100760307,0.5745267108526324,88.94110561470684
0.05326898184822653,2.346705328399704,61.89090465268741
0.026319692372339804,6.450126612413115,78.21864145696544
0.0669776027814542,6.4049599601160585,71.42975298000917
0.04070499364806306,2.4745399311460674,53.78944379637661
0.019771102966353843,2.7330727111407036,95.21914890602554
0.026922864048954137,5.483528716330733,64.68950590595043
0.0409373453501832,7.171003126697414,76.61298842853677
0.027449357464565192,5.995442466512604,82.94607401218383
0.10101125901437671,4.548978928840919,55.41808178933218
0.053484726923835865,2.307584292222765,87.50833651777687
0.024400296390008836,3.887533238686297,79.3193580162003
0.1292440735403782,2.2201728343045986,90.72275943482718
0.05257347048138575,6.901472044775017,91.11897648895906
0.049656285647569506,3.8127884185215106,83.23366488378814
0.01369847998035044,7.82022416116849,70.36178361508843
0.03144422783533904,6.234524251210076,95.07934011472707
0.05163271604920513,0.13086348387999625,97.31890755591934
0.19056047566743248,5.646294029000225,58.77128338667229
0.11787390627605664,7.435046873262153,67.09522072062087
0.01926333075072183,4.197833984308024,86.78768193888065
0.08603354139272112,7.643629678818019,56.02789186739387
0.014295435233718776,2.998730096853367,88.99529444996966
0.03187296102895329,2.182119293044534,72.66058938996252
0.09461263482717923,3.1970308380770502,59.38845404443587
0.022402536741738324,2.549925021696817,59.37288875169409
0.06302087758512706,0.13368153348997688,54.86166264331629
0.18723282996157226,6.480730868366736,69.4027837056301
0.2348262791812587,6.398563008199899,58.52279320223231
0.041819442995801995,5.776711100883001,59.84543769373484
0.036867501009143266,1.325377022491069,58.60844949108389
0.011831263166483055,0.5958113604565207,78.1580033974523
0.0595233100760307,0.5745267108526324,88.94110561470684
0.04266901431795018,3.7040086092628393,63.55955398028581
0.025173371857884996,6.579675721812134,77.97229769261058
0.0669776027814542,6.4049599601160585,71.42975298000917
0.038602413782207703,2.865748589700476,54.95060421566109
0.019771102966353843,2.7330727111407036,95.21914890602554
0.015177138941448814,7.2242847364325335,67.88733132775305
0.0409373453501832,7.171003126697414,76.61298842853677
0.015149041333060533,7.733679228312699,92.9766319891644
0.10968192532703545,4.224125268813276,53.93408536360271
0.052946283471646496,2.4621161556478324,87.38058053275564
0.012000305962678585,5.092790222647364,87.1720411999701
0.11117554836509551,3.3233880075612166,90.81613365560838
0.053906706090249126,7.040914811112174,94.99612815077668
0.0524706754556747,3.774240318191059,81.74088979010169
0.01369847998035044,7.82022416116849,70.36178361508843
0.03144422783533904,6.234524251210076,95.07934011472707
0.05163271604920513,0.13086348387999625,97.31890755591934
0.14651230839720555,3.8975822676763174,70.9931186911701
0.10331913444675236,6.804784924916229,68.63140973461864
0.01926333075072183,4.197833984308024,86.78768193888065
0.0770902233031562,7.06456763383561,60.137813130567906
0.014295435233718776,2.998730096853367,88.99529444996966
0.03154310913704647,2.2916147092496253,73.06129001572863
0.09461263482717923,3.1970308380770502,59.38845404443587
0.022402536741738324,2.549925021696817,59.37288875169409
0.06302087758512706,0.13368153348997688,54.86166264331629
0.20490182920198835,6.566275432017098,70.56408489631292
0.18136056666374134,5.4298851673556445,58.73675687568037
0.05099389424704939,7.370901771530291,58.29790108329496
0.036888137303894154,1.3436993048445929,58.564940460296455
0.011831263166483055,0.5958113604565207,78.1580033974523
0.0595233100760307,0.5745267108526324,88.94110561470684
0.024785141613436132,2.8167602982592834,62.71876540572128
0.023918962450582427,6.702258788564925,77.19029226853475
0.05655493765786068,7.61484352109453,75.97117801801554
0.038602413782207703,2.865748589700476,54.95060421566109
0.019771102966353843,2.7330727111407036,95.21914890602554
0.015176756886629294,7.231211184334114,68.22848094104576
0.0409373453501832,7.171003126697414,76.61298842853677
0.015149041333060533,7.733679228312699,92.9766319891644
0.10968192532703545,4.224125268813276,53.93408536360271
0.05577472934664479,2.6620818632270256,92.44193487034379
0.012000305962678585,5.092790222647364,87.1720411999701
0.11117554836509551,3.3233880075612166,90.81613365560838
0.053906706090249126,7.040914811112174,94.99612815077668
0.04888813169784551,4.4477716893065935,74.37635094183167
0.013713419290021707,7.699562197816031,70.82810296993875
0.03170371282181168,6.312358945493484,95.0762322680514
0.046642259295496896,1.3141843921376646,93.69431791863848
0.19980346711061217,2.678393245137391,68.29921586850253
0.10331913444675236,6.804784924916229,68.63140973461864
0.01926333075072183,4.197833984308024,86.78768193888065
0.05811378629450033,7.269558136446391,70.19838604326549
0.014295435233718776,2.998730096853367,88.99529444996966
0.036616045477988905,1.9632225994697845,79.99347069967068
0.11175498656044762,4.859268581256275,61.844786239779296
0.02274910104757217,2.4516483868618484,56.39626960971759
0.06302087758512706,0.13368153348997688,54.86166264331629
0.2229957891585142,6.509398721417767,67.63635846918035
0.15346769182999043,4.496327022862269,58.37145911148484
0.05099389424704939,7.370901771530291,58.29790108329496
0.04171622218729017,0.7560709443525773,56.90791108176911
0.011831263166483055,0.5958113604565207,78.1580033974523
0.05612785894242067,0.5760420785566667,88.17339906780919
0.021767177466353756,2.8691143211584014,70.27871224261712
0.023918962450582427,6.702258788564925,77.19029226853475
0.05363044928921017,7.8568467180902335,75.14085977173812
0.038602413782207703,2.865748589700476,54.95060421566109
0.01872119266258789,3.5938585765332256,90.99172274510195
0.015176756886629294,7.231211184334114,68.22848094104576
0.04160264211616985,7.189910367531296,76.58564782557542
0.015149041333060533,7.733679228312699,92.9766319891644
0.10877026348820402,3.944810837183971,50.45522811086731
0.044599406925643334,4.356776529662721,93.66494606897001
0.012000305962678585,5.092790222647364,87.1720411999701
0.10598709111341148,3.524302659704236,90.00591291623266
0.053906706090249126,7.040914811112174,94.99612815077668
0.03684120609776925,3.9261064313878506,75.64784835699729
0.013713419290021707,7.699562197816031,70.82810296993875
0.03170371282181168,6.312358945493484,95.0762322680514
0.04450021293075923,3.8116116803483253,86.42242339286511
0.21727159646604033,1.9930501771391071,72.0418820522566
0.08312797608409961,5.930451822463537,70.76249334213674
0.019960756975283267,4.199385177363619,86.6400099940688
0.05811378629450033,7.269558136446391,70.19838604326549
0.014295435233718776,2.998730096853367,88.99529444996966
0.036616045477988905,1.9632225994697845,79.99347069967068
0.11175498656044762,4.859268581256275,61.844786239779296
0.02274910104757217,2.4516483868618484,56.39626960971759
0.06302087758512706,0.13368153348997688,54.86166264331629
0.326770447792062,6.938947275050772,65.3169286293009
0.15346769182999043,4.496327022862269,58.37145911148484
0.048255512992183364,6.375312337448864,57.55818519359094
0.04171622218729017,0.7560709443525773,56.90791108176911
0.011831263166483055,0.5958113604565207,78.1580033974523
0.05612785894242067,0.5760420785566667,88.17339906780919
0.021604980610180898,2.938072500183032,72.57185255834551
0.012920529102113942,7.059679442512089,80.65569371328996
0.05363044928921017,7.8568467180902335,75.14085977173812
0.038602413782207703,2.865748589700476,54.95060421566109
0.018592709674036444,3.5812713483367657,90.97710030751978
0.013263822255759387,7.20008803843969,67.88461464314933
0.04160264211616985,7.189910367531296,76.58564782557542
0.020429190778495903,6.63774296935388,84.41568366944101
0.10877026348820402,3.944810837183971,50.45522811086731
0.037440104856458906,5.03240672063842,90.92528238403466
0.012000305962678585,5.092790222647364,87.1720411999701
0.15035061311536196,3.124292314752167,79.74133467143473
0.053906706090249126,7.040914811112174,94.99612815077668
0.03201595526520164,3.7276291445698964,78.50447170162023
0.013713419290021707,7.699562197816031,70.82810296993875
0.03170371282181168,6.312358945493484,95.0762322680514
0.06635753861099244,4.399843704040851,84.56059606235341
0.26044087921186754,2.1137132186916343,67.4368666141007
0.04712517393034529,6.379394465133102,78.40375227394925
0.026702429095767977,1.4603877399052534,92.37054868643752
0.061246060189453104,6.17918918096351,75.65541262406418
0.029492954376929323,3.4077310684956243,87.70075563443685
0.043710880187175755,2.5444786886828874,81.0829586887055
0.12180665061612318,5.448141965436147,62.55330545791883
0.021749055511637055,2.425526461040386,56.487463876050555
0.05847476631307624,0.07888180995470395,54.355323420537125
0.20095272574766287,6.684328024687542,61.81195527586338
0.15346769182999043,4.496327022862269,58.37145911148484
0.048255512992183364,6.375312337448864,57.55818519359094
0.04407635750190492,0.4038724113437988,52.97032748479713
0.011831263166483055,0.5958113604565207,78.1580033974523
0.05612785894242067,0.5760420785566667,88.17339906780919
0.021661568809308848,2.945780772998626,72.64358702284548
0.012920529102113942,7.059679442512089,80.65569371328996
0.05363044928921017,7.8568467180902335,75.14085977173812
0.038602413782207703,2.865748589700476,54.95060421566109
0.021122998428674808,3.8291588104564545,91.26506830855017
0.013263822255759387,7.20008803843969,67.88461464314933
0.10377212525309043,7.135197859893985,74.12895238484353
0.020429190778495903,6.63774296935388,84.41568366944101
0.10877026348820402,3.944810837183971,50.45522811086731
0.039028816155235624,5.311494520057738,94.65931127979874
0.01836520296832548,4.406111767385597,82.67763659247937
0.15035061311536196,3.124292314752167,79.74133467143473
0.053906706090249126,7.040914811112174,94.99612815077668
0.04250942035195508,1.0921067039535695,73.1510275649161
0.013713419290021707,7.699562197816031,70.82810296993875
0.03170371282181168,6.312358945493484,95.0762322680514
0.0787733106965583,4.3423535800080515,84.75303520489597
0.15876763706337235,1.8295249750653284,78.28270003917517
0.04575616032774149,6.433461676767382,79.0244328508839
0.026702429095767977,1.4603877399052534,92.37054868643752
0.04975219022841057,6.322225780192166,78.11707284754601
0.020191244226063297,5.062501779576509,98.09815178914339
0.043710880187175755,2.5444786886828874,81.0829586887055
0.12108560141381643,5.43451010375568,62.839483879203414
0.02175949843356735,2.363425878676484,54.5589749945602
0.0494784228521488,1.4574945796709464,59.54928953190996
0.13328403685551202,6.439657642449694,68.51720877786504
0.1368524846501134,4.260464637374879,57.87663409741258
0.04666212741483939,6.406172990398613,58.59973758434245
0.04407635750190492,0.4038724113437988,52.97032748479713
0.011212443222241221,0.5858004117892467,78.25900087545524
0.05612785894242067,0.5760420785566667,88.17339906780919
0.021661568809308848,2.945780772998626,72.64358702284548
0.012920529102113942,7.059679442512089,80.65569371328996
0.043874395957196985,7.665807128247432,76.4624790184403
0.038602413782207703,2.865748589700476,54.95060421566109
0.021122998428674808,3.8291588104564545,91.26506830855017
0.013263822255759387,7.20008803843969,67.88461464314933
0.09983952728730237,7.521493549340887,76.69325203604927
0.020429190778495903,6.63774296935388,84.41568366944101
0.10877026348820402,3.944810837183971,50.45522811086731
0.037817202908757154,5.63752142138126,97.17052030686186
0.016371911132915726,4.552518509027009,82.80304884397513
0.17382041896855882,3.9022464319500774,86.22622462001712
0.0529041880269414,6.953471015784155,95.13161197452195
0.04250942035195508,1.0921067039535695,73.1510275649161
0.013715273481943433,7.701622088964881,70.84024226771277
0.03087276014013508,6.285092556544582,95.07923018505556
0.10451927482704565,3.2981549763637745,79.20283082362383
0.24965407848706944,2.406011733575714,82.29445476009153
0.04528491279897578,5.176551492085933,79.75988302031043
0.026642460175653165,1.4780588141026394,92.13586561234206
0.07484803206560017,6.052193054186708,72.72645988347055
0.020191244226063297,5.062501779576509,98.09815178914339
0.04429410215897811,2.533863926666421,81.30618683852775
0.08843478279763445,3.6211051474522815,61.339249670799994
0.02175949843356735,2.363425878676484,54.5589749945602
0.0494784228521488,1.4574945796709464,59.54928953190996
0.13328403685551202,6.439657642449694,68.51720877786504
0.1368524846501134,4.260464637374879,57.87663409741258
0.04666212741483939,6.406172990398613,58.59973758434245
0.04407635750190492,0.4038724113437988,52.97032748479713
0.011212443222241221,0.5858004117892467,78.25900087545524
0.05612785894242067,0.5760420785566667,88.17339906780919
0.021661568809308848,2.945780772998626,72.64358702284548
0.012920529102113942,7.059679442512089,80.65569371328996
0.04506076745330205,7.800104698106665,76.1889665937216
0.03405254665292058,0.8671092659354818,52.89059653780433
0.021122998428674808,3.8291588104564545,91.26506830855017
0.013263822255759387,7.20008803843969,67.88461464314933
0.09983952728730237,7.521493549340887,76.69325203604927
0.020429190778495903,6.63774296935388,84.41568366944101
0.10877026348820402,3.944810837183971,50.45522811086731
0.029428864108783627,4.707005958561139,97.36561023489506
0.016371911132915726,4.552518509027009,82.80304884397513
0.17382041896855882,3.9022464319500774,86.22622462001712
0.0536937826710734,7.39870481153938,96.80127427649725
0.03944739134392991,2.4585703653008713,78.9211361093349
0.013715273481943433,7.701622088964881,70.84024226771277
0.03087276014013508,6.285092556544582,95.07923018505556
0.1736840313575418,0.4929874625545576,64.29258963865276
0.20005046558212985,2.9242885673837704,85.68908767854643
0.04528491279897578,5.176551492085933,79.75988302031043
0.026642460175653165,1.4780588141026394,92.13586561234206
0.0694235152415485,5.473529140308298,70.39464630712698
0.020191244226063297,5.062501779576509,98.09815178914339
0.036840813740440945,2.3502799338101177,84.6776650167676
0.08843478279763445,3.6211051474522815,61.339249670799994
0.02175949843356735,2.363425878676484,54.5589749945602
0.0494784228521488,1.4574945796709464,59.54928953190996
0.1218518032543141,5.858584019791216,66.80589207955109
0.13368778744732968,2.5182708250149437,57.86832520171342
0.04701713564795727,6.097149882211648,54.70035127364014
0.04407635750190492,0.4038724113437988,52.97032748479713
0.011212443222241221,0.5858004117892467,78.25900087545524
0.05612785894242067,0.5760420785566667,88.17339906780919
0.023575405282197925,2.4420939618848125,67.18538916815963
0.012920529102113942,7.059679442512089,80.65569371328996
0.04506076745330205,7.800104698106665,76.1889665937216
0.02860286242500358,1.1189590482479614,52.84724890377075
0.021122998428674808,3.8291588104564545,91.26506830855017
0.016104379209125032,7.214042597140412,69.91626191032057
0.14298469023259663,7.636298070198697,57.8927341706031
0.019115455015960313,6.6493399082364935,85.70853669942538
0.08004487259052503,5.683088960114926,62.05807765740386
0.02635863818180696,4.675341627433015,94.14816774532748
0.015564107574187733,4.564013796953486,82.83604210443302
0.290374065963011,3.9580340726653755,82.38008493765028
0.05543979880482034,7.483906294572107,96.9330263381152
0.042593868907025594,2.1445585415056696,72.84468419492731
0.027148672977144656,7.1707004995784,67.95938310538787
0.03087276014013508,6.285092556544582,95.07923018505556
0.1736840313575418,0.4929874625545576,64.29258963865276
0.20711750604458495,2.946519863665163,86.92301315136751
0.08456807414020384,3.743635102242236,75.02773074197042
0.04538096137854014,2.1279368991356438,82.79680211094602
0.07162723124555724,5.263080309338198,69.87052495353805
0.020191244226063297,5.062501779576509,98.09815178914339
0.036840813740440945,2.3502799338101177,84.6776650167676
0.08843478279763445,3.6211051474522815,61.339249670799994
0.020119775340385716,3.23463100806362,59.40019468146349
0.0494784228521488,1.4574945796709464,59.54928953190996
0.1218518032543141,5.858584019791216,66.80589207955109
0.1263285204208312,2.7872521830781265,58.1485348221013
0.04701713564795727,6.097149882211648,54.70035127364014
0.04430358997987241,0.843789155556018,53.10400557030971
0.011212443222241221,0.5858004117892467,78.25900087545524
0.05612785894242067,0.5760420785566667,88.17339906780919
0.028233102724952705,3.0287620765758656,69.8832019957346
0.012920529102113942,7.059679442512089,80.65569371328996
0.04506076745330205,7.800104698106665,76.1889665937216
0.030858609162483716,1.0794249829937608,52.88413751360412
0.021122998428674808,3.8291588104564545,91.26506830855017
0.016104379209125032,7.214042597140412,69.91626191032057
0.14298469023259663,7.636298070198697,57.8927341706031
0.019115455015960313,6.6493399082364935,85.70853669942538
0.06716680267653145,4.949614158382623,60.401161668081215
0.10891340632677932,4.451047314899301,90.46841555863428
0.024316586480433097,5.524251921104315,80.86367003131852
0.3523360957526704,4.852627378370144,80.84765669781028
0.05541295924604311,7.753365339674659,97.27471817308766
0.05292738049912353,2.0360038736952144,81.91410091824245
0.01763493956048201,7.698731757017476,69.75624128938597
0.03527573985277241,7.561464030847309,98.8461648037276
0.1246260763478384,1.953453664061724,75.09721295711479
0.21461202055310358,2.818381546020526,87.86625516925065
0.08456807414020384,3.743635102242236,75.02773074197042
0.05015248296851887,1.1699196341010705,85.03940531775987
0.05244650553884166,5.96765819405408,69.97015022019781
0.020191244226063297,5.062501779576509,98.09815178914339
0.036840813740440945,2.3502799338101177,84.6776650167676
0.09859396172857712,2.986509822623143,61.78735070429374
0.020119775340385716,3.23463100806362,59.40019468146349
0.0494784228521488,1.4574945796709464,59.54928953190996
0.12134596193389163,6.205625499954068,67.78411984413523
0.12238144533941718,2.662925543990663,59.83670115830482
0.04701713564795727,6.097149882211648,54.70035127364014
0.031126063455043936,3.8537012322164155,61.04785773887018
0.011212443222241221,0.5858004117892467,78.25900087545524
0.05612785894242067,0.5760420785566667,88.17339906780919
0.028233102724952705,3.0287620765758656,69.8832019957346
0.012920529102113942,7.059679442512089,80.65569371328996
0.04506076745330205,7.800104698106665,76.1889665937216
0.030858609162483716,1.0794249829937608,52.88413751360412
0.021556895055570607,4.061628834762047,91.07869469034242
0.01601154281963177,7.3060470201564645,70.15939451325232
0.14298469023259663,7.636298070198697,57.8927341706031
0.019115455015960313,6.6493399082364935,85.70853669942538
0.0826841435135634,6.159793059823391,55.448800845863126
0.1347520364751712,4.634082653776935,90.23394329390044
0.02594537762946847,6.41285856871364,89.19368954155745
0.3523360957526704,4.852627378370144,80.84765669781028
0.05484417937670391,7.641164076690984,94.390493348761
0.04411822111714003,2.3578468553798815,75.8688992830967
0.01763493956048201,7.698731757017476,69.75624128938597
0.03527573985277241,7.561464030847309,98.8461648037276
0.1244081889965938,2.0223224216081914,73.61586814720842
0.18429761849027426,3.9193423523912743,81.33892964977926
0.07940118912452515,3.5666206512000005,75.13517788469125
0.06896284723742058,1.4520840956615726,88.31474551466918
0.05244650553884166,5.96765819405408,69.97015022019781
0.020191244226063297,5.062501779576509,98.09815178914339
0.03298340335240117,3.1097226771121447,84.02907767255289
0.08698163361604995,1.770155223267313,62.806157256603285
0.016663636819452397,2.7960464130243228,55.917591525581344
0.0494784228521488,1.4574945796709464,59.54928953190996
0.12134596193389163,6.205625499954068,67.78411984413523
0.12238144533941718,2.662925543990663,59.83670115830482
0.04536068960137525,6.187440409063397,55.54913975153702
0.031126063455043936,3.8537012322164155,61.04785773887018
0.011212443222241221,0.5858004117892467,78.25900087545524
0.0497278247362863,2.7200418920401876,91.44913643964523
0.028233102724952705,3.0287620765758656,69.8832019957346
0.01031244564062751,6.7061459970888695,86.68543631993656
0.04506076745330205,7.800104698106665,76.1889665937216
0.03554062892322999,1.4865113697026209,62.45327335492494
0.021556895055570607,4.061628834762047,91.07869469034242
0.01601154281963177,7.3060470201564645,70.15939451325232
0.14298469023259663,7.636298070198697,57.8927341706031
0.019115455015960313,6.6493399082364935,85.70853669942538
0.08601852837645238,6.134114732338545,53.861579092988016
0.1529292972214767,4.566105765650764,88.98613620759377
0.02594537762946847,6.41285856871364,89.19368954155745
0.3523360957526704,4.852627378370144,80.84765669781028
0.04929198691886828,7.487036025210853,93.04132975307829
0.046451581029248804,2.259296335143769,76.7481364251515
0.01763493956048201,7.698731757017476,69.75624128938597
0.03527573985277241,7.561464030847309,98.8461648037276
0.14475159840234567,1.1871909979665798,71.28554829237669
0.1886797239053175,3.8205892399233536,82.56410019751739
0.07581772152517213,3.5582924995573277,74.89156826401391
0.05920157538658881,3.410510990289019,74.76369691381325
0.05244650553884166,5.96765819405408,69.97015022019781
0.02043347845950782,5.102631341765619,98.11016374921671
0.04395859408847176,3.1356108913678784,81.55797634687468
0.08498917488441117,1.925573313118143,63.012596639918286
0.016663636819452397,2.7960464130243228,55.917591525581344
0.03217323844864944,0.2377271535645944,50.53552825121494
0.10865206192546933,6.161782872676313,68.18686977078205
0.15114979679440535,3.388452859103423,57.42351440653408
0.0459487706104731,4.694705719545462,63.709974125743074
0.014326483914118872,2.1879952404315475,54.01747996160217
0.011212443222241221,0.5858004117892467,78.25900087545524
0.0497278247362863,2.7200418920401876,91.44913643964523
0.03273829275328679,1.2397709173849272,62.063625896978294
0.01031244564062751,6.7061459970888695,86.68543631993656
0.03994775014929261,6.352063231834973,70.63328693332672
0.03554062892322999,1.4865113697026209,62.45327335492494
0.021556895055570607,4.061628834762047,91.07869469034242
0.01601154281963177,7.3060470201564645,70.15939451325232
0.09434629161182956,7.329774109067764,69.11709656279041
0.01860399428013216,6.852438718478735,86.59626976288797
0.10520925127186546,5.325114117831365,54.91109210316006
0.13166974973929685,4.484467985652277,89.32476780517278
0.02594537762946847,6.41285856871364,89.19368954155745
0.3523360957526704,4.852627378370144,80.84765669781028
0.04929198691886828,7.487036025210853,93.04132975307829
0.046911494638836405,2.2510091346566914,77.06975147273465
0.01763493956048201,7.698731757017476,69.75624128938597
0.03527573985277241,7.561464030847309,98.8461648037276
0.14475159840234567,1.1871909979665798,71.28554829237669
0.1918317556444763,3.8206033603837524,82.87298812436418
0.0801730087243449,3.820103151932655,71.930827097878
0.054776944170826916,4.178151325041682,79.21729432434856
0.051449393001488875,5.634965058835109,71.33142345910161
0.02043347845950782,5.102631341765619,98.11016374921671
0.043084815486877565,3.2086706971330674,82.17276385269832
0.09267834204133926,1.8598568510195115,60.17398324321836
0.016663636819452397,2.7960464130243228,55.917591525581344
0.03217323844864944,0.2377271535645944,50.53552825121494
0.09142624473619879,5.436086399405875,65.59924376644338
0.19625566230966127,1.8419895308105008,51.248842333483374
0.0459487706104731,4.694705719545462,63.709974125743074
0.02124373569672783,2.8302821383908294,57.24365241053924
0.011212443222241221,0.5858004117892467,78.25900087545524
0.0497278247362863,2.7200418920401876,91.44913643964523
0.03273829275328679,1.2397709173849272,62.063625896978294
0.01031244564062751,6.7061459970888695,86.68543631993656
0.034370272748521606,5.232840783738044,72.11342588868712
0.04067216417426675,1.887168932844526,62.51776320070076
0.021556895055570607,4.061628834762047,91.07869469034242
0.01601154281963177,7.3060470201564645,70.15939451325232
0.1137032385986106,7.589254348038948,63.43557093192837
0.01860399428013216,6.852438718478735,86.59626976288797
0.09942088651365619,4.921920538704678,54.56431304692654
0.13166974973929685,4.484467985652277,89.32476780517278
0.018787700250408434,6.727687559302681,90.27259514672198
0.4479518754545571,4.334459620489372,79.2156530334013
0.04929198691886828,7.487036025210853,93.04132975307829
0.05286983452917489,0.8343396413343589,79.42450388005327
0.01763493956048201,7.698731757017476,69.75624128938597
0.03527573985277241,7.561464030847309,98.8461648037276
0.08117596044925113,1.9857360612385304,63.65776154793468
0.16383753850530525,4.37555813532324,80.84872086606434
0.090788326076101,4.612358153937247,76.6624723909387
0.04655515625265981,4.603082607046337,76.3551666177825
0.03857035054519242,5.779285931512132,70.24079528987615
0.018364531965261346,5.117048955157498,98.74088256033846
0.042431087235497815,3.2567559010420606,81.25989039388874
0.10858017957392027,0.8871976840798577,52.1842083032779
0.016663636819452397,2.7960464130243228,55.917591525581344
0.04321435443166242,1.744124537245363,56.24648084328433
0.08645997080299495,5.65748005808438,67.88521601993948
0.19625566230966127,1.8419895308105008,51.248842333483374
0.04324293016823106,4.561672353472096,62.86458533280068
0.02019105648745529,2.8343562590410367,55.97952906678277
0.011212443222241221,0.5858004117892467,78.25900087545524
0.0497278247362863,2.7200418920401876,91.44913643964523
0.03368177260279144,1.419311166386229,63.897340173808246
0.01031244564062751,6.7061459970888695,86.68543631993656
0.034370272748521606,5.232840783738044,72.11342588868712
0.058178087679087664,2.660484396975196,53.16380825135796
0.021556895055570607,4.061628834762047,91.07869469034242
0.013484611232667434,7.367693637178267,69.74066428703539
0.1137032385986106,7.589254348038948,63.43557093192837
0.01860399428013216,6.852438718478735,86.59626976288797
0.07548367395663685,6.146797109507851,72.93759741782267
0.13166974973929685,4.484467985652277,89.32476780517278
0.018787700250408434,6.727687559302681,90.27259514672198
0.3474771769119947,5.119983499605322,77.00697504726722
0.05261270107689174,7.469402622281742,91.66605448525645
0.05286983452917489,0.8343396413343589,79.42450388005327
0.01763493956048201,7.698731757017476,69.75624128938597
0.03527573985277241,7.561464030847309,98.8461648037276
0.08645906258765593,1.3439713817532333,59.60758649274133
0.15210888837562064,4.084329865600204,80.64971086939654
0.09556617762996233,4.732688999107278,78.06224370611203
0.034561593965160585,4.286178954008337,78.90084641136065
0.030016197196040394,6.239055024325848,77.24794446035912
0.018364531965261346,5.117048955157498,98.74088256033846
0.029311092761851038,2.892321890554231,82.04944596932587
0.10858017957392027,0.8871976840798577,52.1842083032779
0.016663636819452397,2.7960464130243228,55.917591525581344
0.04321435443166242,1.744124537245363,56.24648084328433
0.10757277144405417,5.151552350203758,71.99029870835213
0.19625566230966127,1.8419895308105008,51.248842333483374
0.013013280378372127,4.462867834322761,54.084169121304356
0.02019105648745529,2.8343562590410367,55.97952906678277
0.011212443222241221,0.5858004117892467,78.25900087545524
0.0497278247362863,2.7200418920401876,91.44913643964523
0.03368177260279144,1.419311166386229,63.897340173808246
0.01031244564062751,6.7061459970888695,86.68543631993656
0.0342183753827753,5.9844324823203445,66.72462836942395
0.058178087679087664,2.660484396975196,53.16380825135796
0.01674729032335287,4.122737381020846,92.17524419318156
0.013484611232667434,7.367693637178267,69.74066428703539
0.1137032385986106,7.589254348038948,63.43557093192837
0.01860399428013216,6.852438718478735,86.59626976288797
0.0959632149038214,5.597383029964213,74.0638573745872
0.12713425537585138,4.343958611171175,87.62869959422525
0.018787700250408434,6.727687559302681,90.27259514672198
0.3474771769119947,5.119983499605322,77.00697504726722
0.06676986115225877,7.724851344990311,93.33298079370292
0.04432615532347436,2.498802221133335,77.08016500450017
0.019252114440022654,7.827720716273196,69.76231086627489
0.03527573985277241,7.561464030847309,98.8461648037276
0.08293524445001961,2.4859710013066936,65.6434918354035
0.15210888837562064,4.084329865600204,80.64971086939654
0.09556617762996233,4.732688999107278,78.06224370611203
0.034561593965160585,4.286178954008337,78.90084641136065
0.05945535000315249,4.2336303847810175,67.8561705671202
0.018364531965261346,5.117048955157498,98.74088256033846
0.029132097902668585,2.8938322808611905,81.96703825225342
0.10858017957392027,0.8871976840798577,52.1842083032779
0.016663636819452397,2.7960464130243228,55.917591525581344
0.04321435443166242,1.744124537245363,56.24648084328433
0.12494944986454024,5.357511433984851,70.34558663424099
0.19517633228199044,1.8484573003144895,51.54495933942944
0.012857820771245209,4.446627952324702,53.872380082258786
0.024255953258137074,1.9406555444978695,57.14754594691704
0.01300671845085491,1.7323972866668962,82.7703397081652
0.04263223106713381,2.7799157674629784,88.18238521439015
0.03368177260279144,1.419311166386229,63.897340173808246
0.01031244564062751,6.7061459970888695,86.68543631993656
0.03862133866462641,6.453606271191747,60.31070922293861
0.05136974252408873,3.605011007414116,57.01722446966776
0.01674729032335287,4.122737381020846,92.17524419318156
0.013484611232667434,7.367693637178267,69.74066428703539
0.09678893453636628,7.638122104018884,74.21028838442027
0.014534269584738645,6.679359192352755,83.60595899150134
0.09962282178436041,5.5744426700905985,74.49885231786489
0.12713425537585138,4.343958611171175,87.62869959422525
0.018787700250408434,6.727687559302681,90.27259514672198
0.5196063604232808,7.029792401341382,88.75171233554815
0.06676986115225877,7.724851344990311,93.33298079370292
0.041139981383494964,2.4278068812884834,76.67429328430016
0.019252114440022654,7.827720716273196,69.76231086627489
0.03527573985277241,7.561464030847309,98.8461648037276
0.02544153122044318,2.8125272616989903,72.86524101779614
0.15210888837562064,4.084329865600204,80.64971086939654
0.07099109243627598,5.301554111751745,80.547949471495
0.034561593965160585,4.286178954008337,78.90084641136065
0.06423582223858358,4.605290459541957,74.26450550229632
0.018364531965261346,5.117048955157498,98.74088256033846
0.023108425576974675,0.6341244065238296,95.7142529264747
0.09109906865894801,2.0784863057915617,55.41155485243098
0.016663636819452397,2.7960464130243228,55.917591525581344
0.04321435443166242,1.744124537245363,56.24648084328433
0.10856430232514584,5.099441807382724,73.34364029915449
0.19517633228199044,1.8484573003144895,51.54495933942944
0.011290763388942412,4.596147338072185,51.167132953121744
0.024255953258137074,1.9406555444978695,57.14754594691704
0.016814976573346154,2.0631954922355704,79.73682619729595
0.03971674434365869,4.6749143575975936,92.40859943919395
0.03368177260279144,1.419311166386229,63.897340173808246
0.01031244564062751,6.7061459970888695,86.68543631993656
0.03862133866462641,6.453606271191747,60.31070922293861
0.05136974252408873,3.605011007414116,57.01722446966776
0.015994124664929363,3.6414414368747603,90.2815628737695
0.013484611232667434,7.367693637178267,69.74066428703539
0.09678893453636628,7.638122104018884,74.21028838442027
0.014463136402880456,6.691599705102571,83.6738167661575
0.147558142150926,7.17985037442226,85.23544151253435
0.09916199282921428,4.54277391929349,90.4864148632164
0.018787700250408434,6.727687559302681,90.27259514672198
0.47606464100829005,6.527060072419319,86.52461346871323
0.06676986115225877,7.724851344990311,93.33298079370292
0.04131717250639554,2.369407336252301,74.92936749671166
0.019252114440022654,7.827720716273196,69.76231086627489
0.03527573985277241,7.561464030847309,98.8461648037276
0.022543031332948833,2.3441774943864138,70.94703036027187
0.15210888837562064,4.084329865600204,80.64971086939654
0.06337169592313384,5.506781742818411,77.85988812111488
0.03427820065721872,2.9864531017990767,70.98597935797936
0.06970138244977811,4.470742596432183,71.67347629831002
0.018364531965261346,5.117048955157498,98.74088256033846
0.023108425576974675,0.6341244065238296,95.7142529264747
0.09649161122623469,2.255779024075566,57.64230772587566
0.016663636819452397,2.7960464130243228,55.917591525581344
0.04321435443166242,1.744124537245363,56.24648084328433
0.10856430232514584,5.099441807382724,73.34364029915449
0.19517633228199044,1.8484573003144895,51.54495933942944
0.012217583600057248,4.408017897661571,58.874821576102136
0.024255953258137074,1.9406555444978695,57.14754594691704
0.08416981057545357,3.069398716020543,80.19129746457858
0.035591620032299896,5.310436144232423,87.8437108487779
0.03869261352305549,1.0032535589916765,60.725987576082005
0.01031244564062751,6.7061459970888695,86.68543631993656
0.04348510004611417,6.784160492443144,61.93790413929993
0.07798474377161155,4.225380053486892,57.860497766526514
0.015994124664929363,3.6414414368747603,90.2815628737695
0.013909488663500778,7.132069918155462,69.79724785372439
0.09678893453636628,7.638122104018884,74.21028838442027
0.014463136402880456,6.691599705102571,83.6738167661575
0.1571458693170912,7.2150223493571914,85.34793583131095
0.08953515506336537,4.338946071839058,86.4525350367102
0.018787700250408434,6.727687559302681,90.27259514672198
0.47606464100829005,6.527060072419319,86.52461346871323
0.06676986115225877,7.724851344990311,93.33298079370292
0.04131717250639554,2.369407336252301,74.92936749671166
0.019252114440022654,7.827720716273196,69.76231086627489
0.03527573985277241,7.561464030847309,98.8461648037276
0.02762420531179726,0.5320058282001225,64.40853900404775
0.15210888837562064,4.084329865600204,80.64971086939654
0.07285036239619178,6.241002936630599,79.4647574879781
0.030743612187269592,2.8862599360507906,72.04744916524035
0.06863716130773509,4.351738351143798,71.29775841740981
0.018364531965261346,5.117048955157498,98.74088256033846
0.023108425576974675,0.6341244065238296,95.7142529264747
0.06913683474470944,2.4409132927924593,57.05129653582963
0.016663636819452397,2.7960464130243228,55.917591525581344
0.04473860687664742,1.8528969685887855,56.31723556556961
0.1354169145906973,4.522805792507153,74.34971592906409
0.19517633228199044,1.8484573003144895,51.54495933942944
0.012217583600057248,4.408017897661571,58.874821576102136
0.025106493404503855,1.4820819708021782,51.14274662050629
0.0860462350527044,3.5133981160318695,82.38104305588224
0.035088984415209135,4.421065488671816,81.39238507165956
0.018635490376291253,0.74572700780692,59.51242628187343
0.01031244564062751,6.7061459970888695,86.68543631993656
0.043799156470698625,6.770636084098997,61.83650081900288
0.07798474377161155,4.225380053486892,57.860497766526514
0.015994124664929363,3.6414414368747603,90.2815628737695
0.03731421602106967,5.943038864111437,70.43895320941357
0.09983275707436154,7.864624883135572,74.36728901255425
0.014816738731084161,6.410281311182291,92.53646845947647
0.2447861119923689,7.518754605187269,84.54962394518526
0.08936866751685593,4.299551802762025,86.25824777634034
0.018787700250408434,6.727687559302681,90.27259514672198
0.45065370688729506,6.292692070192608,85.65179742271204
0.05603578353463408,5.466317778400677,85.57168624744834
0.04131717250639554,2.369407336252301,74.92936749671166
0.019252114440022654,7.827720716273196,69.76231086627489
0.03527573985277241,7.561464030847309,98.8461648037276
0.03985866319369266,1.6714593383711307,66.46364239040845
0.12593741356895033,4.527717049916263,82.91563778224064
0.07552346695577007,6.5196085350199695,80.51222778266344
0.030743612187269592,2.8862599360507906,72.04744916524035
0.09269596766943378,6.592449923654856,75.33907638204883
0.018364531965261346,5.117048955157498,98.74088256033846
0.023108425576974675,0.6341244065238296,95.7142529264747
0.06932645627390031,1.7157725453177681,51.64489369820299
0.015141270069227207,3.691877445936075,58.36511884983537
0.04473860687664742,1.8528969685887855,56.31723556556961
0.20948244744887398,2.4156245761475192,77.27460023111664
0.20076002285899056,2.4866618199645476,55.25970743611681
0.012217583600057248,4.408017897661571,58.874821576102136
0.025260107493735275,1.501870163557085,51.31374214551655
0.0860462350527044,3.5133981160318695,82.38104305588224
0.0329086089820483,4.729587323242976,82.58015602842762
0.021147937956966383,0.852293075859546,59.204886406898595
0.01031244564062751,6.7061459970888695,86.68543631993656
0.044872676871174605,6.891450701910671,60.738269584386515
0.08001505540033048,4.197934805251921,54.94190072145676
0.015994124664929363,3.6414414368747603,90.2815628737695
0.011680918583034328,5.728108364441979,63.928367530041584
0.09942340146114491,7.818527997176998,74.32700994276304
0.014816738731084161,6.410281311182291,92.53646845947647
0.33863827450722594,7.813251209884337,95.72819780048295
0.07273863511660825,4.491019581727776,89.18183270960816
0.018787700250408434,6.727687559302681,90.27259514672198
0.45065370688729506,6.292692070192608,85.65179742271204
0.05140608176902889,5.623098084575416,86.15597956704939
0.04131717250639554,2.369407336252301,74.92936749671166
0.019252114440022654,7.827720716273196,69.76231086627489
0.03527573985277241,7.561464030847309,98.8461648037276
0.03392330099419274,1.3245597514574685,68.21066432174027
0.11940635771524043,4.478447147860954,81.46846818481235
0.09744291576631198,7.057465528325313,73.52185846681395
0.030743612187269592,2.8862599360507906,72.04744916524035
0.09269596766943378,6.592449923654856,75.33907638204883
0.018364531965261346,5.117048955157498,98.74088256033846
0.023108425576974675,0.6341244065238296,95.7142529264747
0.06932645627390031,1.7157725453177681,51.64489369820299
0.015298321460737875,3.5938421834523924,57.444036434753016
0.04473860687664742,1.8528969685887855,56.31723556556961
0.18941524220762435,3.1333207654973356,76.94202274096598
0.2076468844319386,2.378838161032615,53.43487968554716
0.012217583600057248,4.408017897661571,58.874821576102136
0.025260107493735275,1.501870163557085,51.31374214551655
0.08705769312851554,3.5392671740221537,82.54954775939228
0.0329086089820483,4.729587323242976,82.58015602842762
0.021147937956966383,0.852293075859546,59.204886406898595
0.01031244564062751,6.7061459970888695,86.68543631993656
0.044316536426521634,6.184127366006526,62.95799502791436
0.08565484706267434,4.348073963121475,52.983936367218064
0.015994124664929363,3.6414414368747603,90.2815628737695
0.012366801862301038,5.877316863541731,70.18568368743556
0.09942340146114491,7.818527997176998,74.32700994276304
0.014816738731084161,6.410281311182291,92.53646845947647
0.33863827450722594,7.813251209884337,95.72819780048295
0.04015997632036296,4.499796376702501,94.56651953449621
0.010172650489439758,7.019427763665222,91.35986086667847
0.45065370688729506,6.292692070192608,85.65179742271204
0.06584478455645695,6.431089331113112,84.47383387215328
0.04131717250639554,2.369407336252301,74.92936749671166
0.019252114440022654,7.827720716273196,69.76231086627489
0.03527573985277241,7.561464030847309,98.8461648037276
0.03392330099419274,1.3245597514574685,68.21066432174027
0.09175175578156823,3.123070567522805,66.98877744484214
0.09744291576631198,7.057465528325313,73.52185846681395
0.030743612187269592,2.8862599360507906,72.04744916524035
0.06805837624904677,6.373112949727091,73.75849002386938
0.018364531965261346,5.117048955157498,98.74088256033846
0.023108425576974675,0.6341244065238296,95.7142529264747
0.06234646068313819,1.6818909616859714,51.59244014937015
0.051027968667082146,3.8153369841234115,59.75904936974444
0.046366297305718,2.3607775671844733,57.20797894691215
0.2681064198238859,3.5392223918010424,78.01143716092045
0.2076468844319386,2.378838161032615,53.43487968554716
0.012217583600057248,4.408017897661571,58.874821576102136
0.031600230187503645,1.8444167068983404,60.63835795161758
0.12851011134196003,2.6280486481477827,82.5261163978311
0.0329086089820483,4.729587323242976,82.58015602842762
0.021147937956966383,0.852293075859546,59.204886406898595
0.010282967776532337,6.7722060661268175,87.67110749909594
0.05439432397891161,6.741754712560072,64.23994820593194
0.08565484706267434,4.348073963121475,52.983936367218064
0.01424873887950204,3.22475349941938,92.28995536722887
0.012366801862301038,5.877316863541731,70.18568368743556
0.06638403900791459,6.600243636486177,78.4285126275556
0.0214470188399737,4.9432483187300456,84.0069891833999
0.33863827450722594,7.813251209884337,95.72819780048295
0.03888748675891203,4.281749554305937,91.52338297207831
0.010154806063626926,7.0594172282116485,91.9565369411583
0.45065370688729506,6.292692070192608,85.65179742271204
0.06584478455645695,6.431089331113112,84.47383387215328
0.04131717250639554,2.369407336252301,74.92936749671166
0.01851596637287337,7.469856392778626,68.62295923367779
0.03527573985277241,7.561464030847309,98.8461648037276
0.02894822470371619,2.03130623844534,66.070835029206
0.09058666520955849,3.1486070213212725,67.52950255305295
0.11698332253703483,7.664929097019932,76.8801212222112
0.030743581823777396,2.8862585453227325,72.04746755964845
0.06805837624904677,6.373112949727091,73.75849002386938
0.018364531965261346,5.117048955157498,98.74088256033846
0.023108425576974675,0.6341244065238296,95.7142529264747
0.06234646068313819,1.6818909616859714,51.59244014937015
0.04910282847157692,3.6244310582163637,59.72334520983293
0.046366297305718,2.3607775671844733,57.20797894691215
0.19507726288859295,5.044724880880785,76.09028741753629
0.21302710970515493,2.395680244355326,53.25363079543614
0.012217583600057248,4.408017897661571,58.874821576102136
0.03187536373537788,1.8524931153812307,61.180017882523366
0.13099800386030208,2.4689786502933178,82.69020849926613
0.03337723766660579,4.7059416789583315,81.98992406772328
0.030964582796769294,1.825757593830091,59.386948501894665
0.010282967776532337,6.7722060661268175,87.67110749909594
0.05573062981007201,7.903423256928859,66.01868238250437
0.08627021711242341,4.277255879476758,52.25742488360241
0.01424873887950204,3.22475349941938,92.28995536722887
0.013005292756854076,5.828143522745379,71.07652114261882
0.0566488536608179,5.2879562234525075,73.19485926605634
0.021147966050224343,5.20103599112029,82.43736969494242
0.33863827450722594,7.813251209884337,95.72819780048295
0.03888748675891203,4.281749554305937,91.52338297207831
0.010154806063626926,7.0594172282116485,91.9565369411583
0.25361821583572314,6.635648812489565,88.47191217134471
0.06460729156204295,6.070804355094078,83.18041394362011
0.05085831418056076,2.0679130187117947,68.81006888111577
0.01851596637287337,7.469856392778626,68.62295923367779
0.03527573985277241,7.561464030847309,98.8461648037276
0.027864858006026942,1.9110364718259394,65.85788393913187
0.09058666520955849,3.1486070213212725,67.52950255305295
0.07709213477385843,7.376346286031415,82.32277162971627
0.02262855641267417,1.4957161594448491,52.640616701835434
0.06805837624904677,6.373112949727091,73.75849002386938
0.07249305706670317,5.572726183847026,98.23171755245399
0.023108425576974675,0.6341244065238296,95.7142529264747
0.06234646068313819,1.6818909616859714,51.59244014937015
0.031855853176415205,3.7537116917570046,60.40404366299776
0.04548025515549191,2.4822290563589267,58.11063299353258
0.19507726288859295,5.044724880880785,76.09028741753629
0.21302710970515493,2.395680244355326,53.25363079543614
0.012217583600057248,4.408017897661571,58.874821576102136
0.03187536373537788,1.8524931153812307,61.180017882523366
0.13099800386030208,2.4689786502933178,82.69020849926613
0.03337723766660579,4.7059416789583315,81.98992406772328
0.030964582796769294,1.825757593830091,59.386948501894665
0.010282967776532337,6.7722060661268175,87.67110749909594
0.05573062981007201,7.903423256928859,66.01868238250437
0.08627021711242341,4.277255879476758,52.25742488360241
0.01424873887950204,3.22475349941938,92.28995536722887
0.013005292756854076,5.828143522745379,71.07652114261882
0.06055655132312866,6.14941019907093,80.17106232198411
0.021147966050224343,5.20103599112029,82.43736969494242
0.33863827450722594,7.813251209884337,95.72819780048295
0.045284606151531404,4.31299900211659,90.89128426941971
0.013150179727138708,6.913774220315255,91.04684647446058
0.25361821583572314,6.635648812489565,88.47191217134471
0.06525681367585899,6.073858763458422,83.33276746130436
0.05085831418056076,2.0679130187117947,68.81006888111577
0.01851596637287337,7.469856392778626,68.62295923367779
0.03527573985277241,7.561464030847309,98.8461648037276
0.01597058983681178,0.586855273210233,60.2991762675186
0.1463082659624966,1.6317734545736648,53.44514847076999
0.06983489033359154,6.795167996392719,78.80635602133918
0.02262855641267417,1.4957161594448491,52.640616701835434
0.07081358535025764,6.667415802525667,64.34262454022863
0.07554351361086156,5.503764673129426,97.25541539282973
0.023108425576974675,0.6341244065238296,95.7142529264747
0.06234646068313819,1.6818909616859714,51.59244014937015
0.031855853176415205,3.7537116917570046,60.40404366299776
0.04618750502143264,2.352284564775045,56.71522681267815
0.16448495359590293,5.0722183389540065,77.20667153261152
0.21302710970515493,2.395680244355326,53.25363079543614
0.012217583600057248,4.408017897661571,58.874821576102136
0.031891848332609656,0.24614126554043603,61.83564351045083
0.13099800386030208,2.4689786502933178,82.69020849926613
0.03337723766660579,4.7059416789583315,81.98992406772328
0.028906252198125898,2.533479916444721,64.22011948923786
0.010282967776532337,6.7722060661268175,87.67110749909594
0.05573062981007201,7.903423256928859,66.01868238250437
0.08627021711242341,4.277255879476758,52.25742488360241
0.05980276208849958,3.911703956960635,91.55047735864683
0.017364651388707974,5.348412835310348,68.60841643970646
0.07369241604329865,7.245884275817126,89.21812040043905
0.02014123387332855,5.1116381589445234,79.78113682997166
0.2396532246551994,7.539708871220916,94.30453960280215
0.045284606151531404,4.31299900211659,90.89128426941971
0.012673485896532504,6.864372155264066,93.03897352155207
0.2413757886829132,6.6498084076680035,88.60300421226333
0.06856882341065818,6.177881411529678,84.86003236973556
0.021443726998960952,0.23274171156515955,82.55937771909838
0.01851596637287337,7.469856392778626,68.62295923367779
0.03527573985277241,7.561464030847309,98.8461648037276
0.0160959501006096,0.3481757573127542,59.054365762665334
0.1463082659624966,1.6317734545736648,53.44514847076999
0.06983489033359154,6.795167996392719,78.80635602133918
0.02262855641267417,1.4957161594448491,52.640616701835434
0.07081358535025764,6.667415802525667,64.34262454022863
0.07554351361086156,5.503764673129426,97.25541539282973
0.04454491757836984,2.624928818968041,96.34431035789389
0.04587687662264227,3.292143517298957,63.00544015251796
0.044847834690048834,0.13448433483207545,52.39947805243803
0.04618750502143264,2.352284564775045,56.71522681267815
0.1255144210280041,5.145379190677724,74.9290893424033
0.2189146012750351,2.268590215336811,52.25418093699987
0.012217583600057248,4.408017897661571,58.874821576102136
0.04388913032921873,2.316890376571976,67.201645099655
0.13099800386030208,2.4689786502933178,82.69020849926613
0.044951697401713626,5.312384472377527,76.53378396718745
0.023735046986786253,3.7104647199019674,70.7318533307202
0.010282967776532337,6.7722060661268175,87.67110749909594
0.05573062981007201,7.903423256928859,66.01868238250437
0.08627021711242341,4.277255879476758,52.25742488360241
0.05980276208849958,3.911703956960635,91.55047735864683
0.017364651388707974,5.348412835310348,68.60841643970646
0.07210291861159533,6.914556644689311,87.86610625165412
0.02014123387332855,5.1116381589445234,79.78113682997166
0.16529877670104648,7.213713883999394,87.51870644117534
0.04055462744601235,3.9341649624469315,92.11647868912671
0.012673485896532504,6.864372155264066,93.03897352155207
0.2413757886829132,6.6498084076680035,88.60300421226333
0.06705524587694972,5.862379134665664,83.57259509551241
0.01994724508069578,0.0453594234236836,83.75701758337982
0.01851596637287337,7.469856392778626,68.62295923367779
0.03527573985277241,7.561464030847309,98.8461648037276
0.0160959501006096,0.3481757573127542,59.054365762665334
0.1463082659624966,1.6317734545736648,53.44514847076999
0.06983489033359154,6.795167996392719,78.80635602133918
0.02262855641267417,1.4957161594448491,52.640616701835434
0.07079671959504694,6.664182955695845,64.034914116442
0.07341775502704395,5.352912933368905,94.57423429457606
0.043321331107264036,2.047523084911065,99.661580402917
0.04185909769646888,3.1133931689590666,54.76986696653963
0.044847834690048834,0.13448433483207545,52.39947805243803
0.04618750502143264,2.352284564775045,56.71522681267815
0.17564187152354538,3.1642068441687172,81.32965852877169
0.2189146012750351,2.268590215336811,52.25418093699987
0.014763131493814335,4.63406258821985,65.59117387905884
0.04406344801601823,2.248495158653638,68.26915444507563
0.13366532936423298,2.5182107698260836,83.23888873669763
0.05287639282869989,4.978693517062048,73.98797690080809
0.034411740729293594,3.7700351611398477,76.89454127088358
0.010282967776532337,6.7722060661268175,87.67110749909594
0.05573062981007201,7.903423256928859,66.01868238250437
0.08627021711242341,4.277255879476758,52.25742488360241
0.06589294113896635,4.6005516247488885,88.55328191532445
0.017364651388707974,5.348412835310348,68.60841643970646
0.07210291861159533,6.914556644689311,87.86610625165412
0.02014123387332855,5.1116381589445234,79.78113682997166
0.2772539922653938,7.085336749818862,93.88285750840099
0.04055462744601235,3.9341649624469315,92.11647868912671
0.0334165136046294,7.364941023353432,80.02179224023942
0.2413757886829132,6.6498084076680035,88.60300421226333
0.06705524587694972,5.862379134665664,83.57259509551241
0.01994724508069578,0.0453594234236836,83.75701758337982
0.01851596637287337,7.469856392778626,68.62295923367779
0.03527573985277241,7.561464030847309,98.8461648037276
0.0160959501006096,0.3481757573127542,59.054365762665334
0.13876248560580676,2.0169937092164285,57.702918706085185
0.06983489033359154,6.795167996392719,78.80635602133918
0.02262855641267417,1.4957161594448491,52.640616701835434
0.07079671959504694,6.664182955695845,64.034914116442
0.07341775502704395,5.352912933368905,94.57423429457606
0.05834621223266109,2.4023115580187158,98.71934173117172
0.04185909769646888,3.1133931689590666,54.76986696653963
0.044048380193676615,0.4285055279147931,54.29361312929247
0.04618750502143264,2.352284564775045,56.71522681267815
0.17564187152354538,3.1642068441687172,81.32965852877169
0.18638587871146076,2.7995294445982477,56.51207209214654
0.014763131493814335,4.63406258821985,65.59117387905884
0.036257440068628514,3.2938362267818815,72.75256612723204
0.12582190664523782,2.307705236601043,80.51547782211742
0.05241411815740525,5.00040923935264,73.45022428510447
0.0252353090835937,3.924194722479735,78.58222076799066
0.012514496822602857,6.842676523255127,88.66889457492397
0.05573062981007201,7.903423256928859,66.01868238250437
0.09268868469394473,4.585502635602537,51.54359451449805
0.06430529059997174,4.4418119064095665,87.28292912888207
0.017364651388707974,5.348412835310348,68.60841643970646
0.06664143139697608,6.362896600692152,85.56337772040504
0.013973807292743896,5.926893788066646,74.49163459500716
0.2996456419981363,7.363304550939462,94.57684288318654
0.014492631793210572,2.718710768455083,98.60025581720178
0.033633736155146025,7.370506767582436,79.94996564769794
0.2348871166893299,6.571041906730204,87.6481281930636
0.07810330644084473,5.685324005335357,82.77501193042303
0.0780454623486267,1.0094481767068073,71.01709726168248
0.01851596637287337,7.469856392778626,68.62295923367779
0.03527573985277241,7.561464030847309,98.8461648037276
0.016088427620722403,0.31852797244542685,58.99771716087586
0.13876248560580676,2.0169937092164285,57.702918706085185
0.05979151806545408,7.766231770595731,90.78730144131112
0.034142254760587215,1.7710208142746717,54.539555084795104
0.07079671959504694,6.664182955695845,64.034914116442
0.07341775502704395,5.352912933368905,94.57423429457606
0.060449030870057895,3.122003275298321,94.68370063321657
0.04185909769646888,3.1133931689590666,54.76986696653963
0.03823283399746099,1.5007675208462303,57.413431972824995
0.04618750502143264,2.352284564775045,56.71522681267815
0.17564187152354538,3.1642068441687172,81.32965852877169
0.18638587871146076,2.7995294445982477,56.51207209214654
0.014763131493814335,4.63406258821985,65.59117387905884
0.036257440068628514,3.2938362267818815,72.75256612723204
0.18552071890223826,0.4036450794879478,83.94396347631677
0.05282167819112589,5.007249312731912,73.86012007054438
0.0252353090835937,3.924194722479735,78.58222076799066
0.012514496822602857,6.842676523255127,88.66889457492397
0.05337030764762699,7.606668021928208,67.88354036697302
0.09268868469394473,4.585502635602537,51.54359451449805
0.06338803799814202,3.6875252056997727,87.95808663883527
0.02439176288355848,6.221816577384996,73.50717577085835
0.06664143139697608,6.362896600692152,85.56337772040504
0.014629623815290704,5.8541207767213805,74.12973693167872
0.2894800289850557,7.286309330918962,94.03530825500906
0.014492631793210572,2.718710768455083,98.60025581720178
0.033633736155146025,7.370506767582436,79.94996564769794
0.2348871166893299,6.571041906730204,87.6481281930636
0.07810330644084473,5.685324005335357,82.77501193042303
0.0780454623486267,1.0094481767068073,71.01709726168248
0.01851596637287337,7.469856392778626,68.62295923367779
0.03527573985277241,7.561464030847309,98.8461648037276
0.016088427620722403,0.31852797244542685,58.99771716087586
0.13876248560580676,2.0169937092164285,57.702918706085185
0.07820781070576863,7.920053631186392,84.73347011917105
0.034142254760587215,1.7710208142746717,54.539555084795104
0.1042439259501414,7.875989251840499,63.10596162229981
0.07341775502704395,5.352912933368905,94.57423429457606
0.060449030870057895,3.122003275298321,94.68370063321657
0.04185909769646888,3.1133931689590666,54.76986696653963
0.03823283399746099,1.5007675208462303,57.413431972824995
0.04618750502143264,2.352284564775045,56.71522681267815
0.2252960993044157,3.118027749242685,84.3851568750226
0.1611729793080116,4.35771337063127,58.53602048651072
0.015357338845033673,4.600714711235464,65.35386548897864
0.05605391585243717,3.0472436630084827,69.84607524020996
0.11915712030850073,2.047763702234155,76.81129557913809
0.07189047349993259,7.441236670496389,81.57542199674604
0.016450984085822212,3.959592126876506,78.32742383027384
0.012514496822602857,6.842676523255127,88.66889457492397
0.05337030764762699,7.606668021928208,67.88354036697302
0.08717376616503017,4.64384407551086,54.630704159445514
0.06338803799814202,3.6875252056997727,87.95808663883527
0.024225509180751566,6.223477186459403,73.47848897512529
0.07779777173414151,6.811818321936146,78.90045335698113
0.014629623815290704,5.8541207767213805,74.12973693167872
0.2086930215647597,6.563400577558328,94.23681600164117
0.014492631793210572,2.718710768455083,98.60025581720178
0.026343569879974264,6.78880603812851,77.71726809568838
0.2348871166893299,6.571041906730204,87.6481281930636
0.07810330644084473,5.685324005335357,82.77501193042303
0.11685949351191778,0.3361555925968074,85.58459405028579
0.01851596637287337,7.469856392778626,68.62295923367779
0.03527573985277241,7.561464030847309,98.8461648037276
0.016088427620722403,0.31852797244542685,58.99771716087586
0.13876248560580676,2.0169937092164285,57.702918706085185
0.07820781070576863,7.920053631186392,84.73347011917105
0.034142254760587215,1.7710208142746717,54.539555084795104
0.1042439259501414,7.875989251840499,63.10596162229981
0.07341775502704395,5.352912933368905,94.57423429457606
0.060449030870057895,3.122003275298321,94.68370063321657
0.01678330024056944,1.199051203425734,51.419144891757895
0.03823283399746099,1.5007675208462303,57.413431972824995
0.05582561078432591,2.317376982760922,56.818056744369386
0.21767270542183864,3.0854354443816874,83.20744244756561
0.12625582246004652,4.714265136019912,62.25156419798026
0.01489888616752831,4.611990334450804,65.30326143733126
0.052588827997938375,2.86946772121319,71.54025426112621
0.09975606383571614,3.3230361270351896,81.90777515391468
0.062381688095993516,6.012907928864222,74.76508060155743
0.016450984085822212,3.959592126876506,78.32742383027384
0.012206079783036939,6.832936883162769,88.530991581196
0.06585741601459841,7.832827787605142,66.2656499165689
0.08717376616503017,4.64384407551086,54.630704159445514
0.05306404645932116,2.6291302095167044,94.2380414079954
0.015086782941744509,6.625458169732847,73.15765161863462
0.05974761771263422,4.727610466611972,68.82800441125907
0.014629623815290704,5.8541207767213805,74.12973693167872
0.19355447843684892,6.753643299507247,89.72480200231257
0.014492631793210572,2.718710768455083,98.60025581720178
0.04278451335609387,6.4382964155238795,79.32380796680566
0.33603229313468164,5.700180065465186,89.52970153365946
0.10574793639744318,5.095959482112816,85.47632893890656
0.07448080001710627,1.8654732486582666,82.52161269391053
0.028804253640938256,7.16174091354698,71.06643772106824
0.03527573985277241,7.561464030847309,98.8461648037276
0.016088427620722403,0.31852797244542685,58.99771716087586
0.13876248560580676,2.0169937092164285,57.702918706085185
0.07820781070576863,7.920053631186392,84.73347011917105
0.034142254760587215,1.7710208142746717,54.539555084795104
0.1042439259501414,7.875989251840499,63.10596162229981
0.07527868063818509,5.601946519220597,94.60497217955853
0.060449030870057895,3.122003275298321,94.68370063321657
0.0629888314056275,2.650944440906465,61.43171171107558
0.03833185319061852,1.4956875406231347,57.24164379550858
0.04920135405208595,1.9841654171902319,57.18140988212437
0.21767270542183864,3.0854354443816874,83.20744244756561
0.15728853876402388,3.1119468674041117,60.18912595406204
0.01489888616752831,4.611990334450804,65.30326143733126
0.05351011178515212,2.7032086306347827,71.55860731171761
0.09975606383571614,3.3230361270351896,81.90777515391468
0.062381688095993516,6.012907928864222,74.76508060155743
0.01632578599670513,4.20424910862488,77.85297355959517
0.012206079783036939,6.832936883162769,88.530991581196
0.06585741601459841,7.832827787605142,66.2656499165689
0.08243440732169288,4.363910611970979,60.133926867503696
0.041600350287703966,2.6557541827218016,95.5345222618991
0.015086782941744509,6.625458169732847,73.15765161863462
0.05974761771263422,4.727610466611972,68.82800441125907
0.014629623815290704,5.8541207767213805,74.12973693167872
0.19355447843684892,6.753643299507247,89.72480200231257
0.014492631793210572,2.718710768455083,98.60025581720178
0.04278451335609387,6.4382964155238795,79.32380796680566
0.4056564812722197,5.18538748138129,89.43436239778042
0.1053819550172097,5.7724435677389305,80.03279101564993
0.07448080001710627,1.8654732486582666,82.52161269391053
0.028804253640938256,7.16174091354698,71.06643772106824
0.03527573985277241,7.561464030847309,98.8461648037276
0.016088427620722403,0.31852797244542685,58.99771716087586
0.13876248560580676,2.0169937092164285,57.702918706085185
0.07820781070576863,7.920053631186392,84.73347011917105
0.061831381844601435,2.4259736334618056,66.08898552083981
0.1042439259501414,7.875989251840499,63.10596162229981
0.07527868063818509,5.601946519220597,94.60497217955853
0.060449030870057895,3.122003275298321,94.68370063321657
0.0629888314056275,2.650944440906465,61.43171171107558
0.03833185319061852,1.4956875406231347,57.24164379550858
0.041930076738621674,2.9734238366366634,60.58663176568172
0.3226470092931252,1.9418248598932717,96.50544497531737
0.12102473920681776,4.212995574651372,75.40741040954765
0.014077823991884293,4.846611497850571,58.08194587746006
0.060949227031453015,2.8695648633923616,71.98268859452254
0.11335182957145508,3.644627525370421,87.57871415149441
0.062381688095993516,6.012907928864222,74.76508060155743
0.015148157212039243,4.182926460610407,77.78611458772261
0.012206079783036939,6.832936883162769,88.530991581196
0.06585741601459841,7.832827787605142,66.2656499165689
0.08123259164055613,4.571840712288001,65.92339377052059
0.041600350287703966,2.6557541827218016,95.5345222618991
0.0255898063771269,5.196520183300175,68.23896626201189
0.08713244557050959,2.5734089027974845,66.84699450172151
0.014629623815290704,5.8541207767213805,74.12973693167872
0.16151016465254572,6.833019264032421,86.0957054079335
0.014492631793210572,2.718710768455083,98.60025581720178
0.03416968529493811,6.683318511511152,79.75503233007986
0.31158039598893894,4.320790039772803,80.59818161530029
0.16965031811973327,4.606466205229184,87.55786474971535
0.07448080001710627,1.8654732486582666,82.52161269391053
0.028804253640938256,7.16174091354698,71.06643772106824
0.025818904266311747,6.350311282882737,80.66039037542731
0.016519984532154083,0.6436516574798228,59.546217301692714
0.14974676643416748,2.9378577122407865,68.3198861255677
0.07820781070576863,7.920053631186392,84.73347011917105
0.09201774213488795,2.654993999851694,67.84266539953867
0.1042439259501414,7.875989251840499,63.10596162229981
0.07527868063818509,5.601946519220597,94.60497217955853
0.060449030870057895,3.122003275298321,94.68370063321657
0.06316813383926531,2.9748408642452393,61.733859635034044
0.03833185319061852,1.4956875406231347,57.24164379550858
0.036954301893922833,2.9335026927056904,51.42524304227404
0.288174808502658,1.9312190321262794,94.5629828019571
0.10175330390121118,4.798118732983546,83.49476440794938
0.014077823991884293,4.846611497850571,58.08194587746006
0.060949227031453015,2.8695648633923616,71.98268859452254
0.08541887521887237,3.2596577070973485,90.6759217213482
0.08217665471982773,7.374566058653656,64.91279838317715
0.01459404587364991,4.198815795844126,77.85632570193926
0.012206079783036939,6.832936883162769,88.530991581196
0.06585741601459841,7.832827787605142,66.2656499165689
0.1186998088934175,3.3693518254491126,55.959172300801995
0.05498065609421275,3.7707662309333543,88.60796908171511
0.0255898063771269,5.196520183300175,68.23896626201189
0.08850946296859186,1.239358065355158,67.38443076301417
0.014629623815290704,5.8541207767213805,74.12973693167872
0.18629080854495972,6.921173906791639,87.0883309158714
0.014492631793210572,2.718710768455083,98.60025581720178
0.03416968529493811,6.683318511511152,79.75503233007986
0.31158039598893894,4.320790039772803,80.59818161530029
0.15658342391899185,4.843530012379052,86.02788424937256
0.05019995315557732,1.0396870913173566,97.10716229900521
0.025257266790075006,7.226091492487801,70.6511270410074
0.025818904266311747,6.350311282882737,80.66039037542731
0.016519984532154083,0.6436516574798228,59.546217301692714
0.13754716665513153,2.9099945499105884,68.73740802311164
0.07902424511845829,7.918671870684331,84.05527976581561
0.08735821715094685,2.7953659659778363,70.4550861283175
0.1042439259501414,7.875989251840499,63.10596162229981
0.07527868063818509,5.601946519220597,94.60497217955853
0.06155636825245226,3.0620723198002056,81.26508754852217
0.06316813383926531,2.9748408642452393,61.733859635034044
0.028419132357434984,0.5361341986195907,56.359690868521554
0.041363218498606844,3.2404860458839724,56.39272930081212
0.288174808502658,1.9312190321262794,94.5629828019571
0.11324582849785327,5.094543747945582,88.65241243926678
0.013990956731568208,4.9961101080079535,58.02986197679718
0.04833121372401216,0.19170083453619924,76.18517464598874
0.08541887521887237,3.2596577070973485,90.6759217213482
0.08217665471982773,7.374566058653656,64.91279838317715
0.01459404587364991,4.198815795844126,77.85632570193926
0.012206079783036939,6.832936883162769,88.530991581196
0.06585741601459841,7.832827787605142,66.2656499165689
0.1186998088934175,3.3693518254491126,55.959172300801995
0.05498065609421275,3.7707662309333543,88.60796908171511
0.0255898063771269,5.196520183300175,68.23896626201189
0.10550258006401719,0.07559659617055425,71.17353023541219
0.014629623815290704,5.8541207767213805,74.12973693167872
0.18629080854495972,6.921173906791639,87.0883309158714
0.014492631793210572,2.718710768455083,98.60025581720178
0.03416968529493811,6.683318511511152,79.75503233007986
0.24170989206268972,4.292093765058455,79.95311878906153
0.12360406225992837,3.0974396062550698,76.99580815865511
0.05269999082775781,0.7013077226986724,98.72211583172302
0.025257266790075006,7.226091492487801,70.6511270410074
0.025818904266311747,6.350311282882737,80.66039037542731
0.01622171987771962,0.9489348855916933,65.2918574551515
0.13754716665513153,2.9099945499105884,68.73740802311164
0.07902424511845829,7.918671870684331,84.05527976581561
0.08735821715094685,2.7953659659778363,70.4550861283175
0.1042439259501414,7.875989251840499,63.10596162229981
0.07527868063818509,5.601946519220597,94.60497217955853
0.035418589364453634,3.146681953431658,79.8098237938012
0.06067775976761218,2.434611268069821,54.97434928868226
0.028419132357434984,0.5361341986195907,56.359690868521554
0.041363218498606844,3.2404860458839724,56.39272930081212
0.2523968300350935,2.4443097462212964,91.89044359566549
0.11324582849785327,5.094543747945582,88.65241243926678
0.014270806496640708,5.372071372004271,65.0844704553796
0.05026183496020002,1.2308585977428965,79.79205014248038
0.08541887521887237,3.2596577070973485,90.6759217213482
0.07833494792766006,7.684326147368328,64.64744001249251
0.01459404587364991,4.198815795844126,77.85632570193926
0.012206079783036939,6.832936883162769,88.530991581196
0.06585741601459841,7.832827787605142,66.2656499165689
0.1186998088934175,3.3693518254491126,55.959172300801995
0.05498065609421275,3.7707662309333543,88.60796908171511
0.0255898063771269,5.196520183300175,68.23896626201189
0.10550258006401719,0.07559659617055425,71.17353023541219
0.014629623815290704,5.8541207767213805,74.12973693167872
0.13092408525384705,6.57701203069511,82.908732082888
0.014492631793210572,2.718710768455083,98.60025581720178
0.03238485159963836,4.775379951148854,72.49367951628187
0.2906146065577564,3.750668304481638,78.12526932674771
0.17418505938688383,3.1262708568466895,73.51551107417333
0.05269999082775781,0.7013077226986724,98.72211583172302
0.025257266790075006,7.226091492487801,70.6511270410074
0.02516178734176685,7.819641676402179,86.8015442914169
0.01622171987771962,0.9489348855916933,65.2918574551515
0.1569407311488672,2.9542883009710694,68.07367822916547
0.07902424511845829,7.918671870684331,84.05527976581561
0.08735821715094685,2.7953659659778363,70.4550861283175
0.1042439259501414,7.875989251840499,63.10596162229981
0.07527868063818509,5.601946519220597,94.60497217955853
0.035418589364453634,3.146681953431658,79.8098237938012
0.06067775976761218,2.434611268069821,54.97434928868226
0.028419132357434984,0.5361341986195907,56.359690868521554
0.055173201725382426,4.900385601887599,59.476096463523454
0.30821486755717076,0.8319078642827842,99.55812981943669
0.11057066820400754,5.180948604208192,89.31690453923265
0.014270806496640708,5.372071372004271,65.0844704553796
0.05026183496020002,1.2308585977428965,79.79205014248038
0.08832255921726789,2.588934232388427,89.55082290262112
0.07833494792766006,7.684326147368328,64.64744001249251
0.01459404587364991,4.198815795844126,77.85632570193926
0.012206079783036939,6.832936883162769,88.530991581196
0.06585741601459841,7.832827787605142,66.2656499165689
0.10251183708068538,3.268278565584321,62.583213727085536
0.05498065609421275,3.7707662309333543,88.60796908171511
0.033163693251544904,3.9791305337177088,71.78556357834944
0.10410769845242852,1.5646624890292875,67.16700924648973
0.016992081209252163,4.943028356420322,71.08532265218234
0.0971015746278921,4.583765373902377,74.14861656447722
0.014492631793210572,2.718710768455083,98.60025581720178
0.03274105851420845,2.9019795908536823,65.75672119760782
0.2591560750118521,3.6028136228187195,76.93813468948056
0.1365587255447182,2.890801272598041,80.54244361082814
0.05269999082775781,0.7013077226986724,98.72211583172302
0.025257266790075006,7.226091492487801,70.6511270410074
0.031805608682889314,7.821794393287842,83.44892835314201
0.01622171987771962,0.9489348855916933,65.2918574551515
0.1569407311488672,2.9542883009710694,68.07367822916547
0.08084099163707782,7.915597149013283,82.54615674960077
0.06244369085785701,2.1486802636446622,68.64674018121892
0.1042439259501414,7.875989251840499,63.10596162229981
0.05571793144076316,4.84821255286403,84.00625765582248
0.022749050872037185,3.551866981760491,73.22489809164418
0.06067775976761218,2.434611268069821,54.97434928868226
0.028419132357434984,0.5361341986195907,56.359690868521554
0.049224679234176526,4.797542068482199,62.1704651541321
0.30821486755717076,0.8319078642827842,99.55812981943669
0.0874619295779526,5.226811661622634,83.5019326837328
0.014270806496640708,5.372071372004271,65.0844704553796
0.05026183496020002,1.2308585977428965,79.79205014248038
0.05840964257975387,2.41140414091093,91.7593022477883
0.07833494792766006,7.684326147368328,64.64744001249251
0.01459404587364991,4.198815795844126,77.85632570193926
0.012206079783036939,6.832936883162769,88.530991581196
0.06585741601459841,7.832827787605142,66.2656499165689
0.10251183708068538,3.268278565584321,62.583213727085536
0.014243189050551455,2.639231109049614,96.49559201929162
0.033163693251544904,3.9791305337177088,71.78556357834944
0.12788461803649917,1.231373771395055,66.32255271260358
0.016992081209252163,4.943028356420322,71.08532265218234
0.11789776152056453,5.518369106705588,76.42590573951155
0.014492631793210572,2.718710768455083,98.60025581720178
0.032701789554924046,2.924669075070475,65.7824031287559
0.2761099072906861,3.4960511924254174,76.98198325546575
0.09111087084735883,4.661035393417356,76.50351075890771
0.05269999082775781,0.7013077226986724,98.72211583172302
0.025257266790075006,7.226091492487801,70.6511270410074
0.02006642322045442,7.813011700375293,86.74566229615232
0.01745096791813462,1.802915561388291,66.02096347389849
0.1569407311488672,2.9542883009710694,68.07367822916547
0.09170373077440011,7.207402822176956,80.48030527827433
0.05922957970068625,1.3207226969582884,69.3642886397585
0.0698607415849881,7.593086357656298,66.39039998715424
0.05571793144076316,4.84821255286403,84.00625765582248
0.022749050872037185,3.551866981760491,73.22489809164418
0.06067775976761218,2.434611268069821,54.97434928868226
0.027749050939024127,0.16241462123329065,54.885376183629866
0.07259340675465034,7.522662916552775,59.960270444645964
0.30821486755717076,0.8319078642827842,99.55812981943669
0.09525699243731889,6.039432614140962,91.80438548943383
0.028519869528252192,3.7325405120425836,70.90728905630219
0.05026183496020002,1.2308585977428965,79.79205014248038
0.051476321529624905,2.5498299584564226,84.75342037561838
0.08161041449971315,7.086043376447016,64.36778020381287
0.01459404587364991,4.198815795844126,77.85632570193926
0.012206079783036939,6.832936883162769,88.530991581196
0.06585741601459841,7.832827787605142,66.2656499165689
0.0979971629998573,3.9102627388811317,62.18741308100661
0.014243189050551455,2.639231109049614,96.49559201929162
0.033163693251544904,3.9791305337177088,71.78556357834944
0.13068029729727113,0.03129004827047943,63.49426190092361
0.016992081209252163,4.943028356420322,71.08532265218234
0.1635071722382541,6.100962371062822,75.79436396817647
0.014492631793210572,2.718710768455083,98.60025581720178
0.01711456206135921,2.4612970065948496,62.92133529621297
0.28820505672200486,3.617362136728322,76.83149191604574
0.09111087084735883,4.661035393417356,76.50351075890771
0.0806014578995006,0.4615744242939965,86.1175384588111
0.025257266790075006,7.226091492487801,70.6511270410074
0.01753898448037931,5.567453112546234,90.97739149959644
0.01745096791813462,1.802915561388291,66.02096347389849
0.18179465241247916,3.088462551702231,71.45576466823336
0.09579731970596898,7.436731715020193,81.14131731309658
0.05922957970068625,1.3207226969582884,69.3642886397585
0.0698607415849881,7.593086357656298,66.39039998715424
0.036649814615429835,3.5981273386556745,85.87458552683367
0.02242444078044865,3.0763535515303415,73.55799224453062
0.055015776234430436,2.404044968685543,54.20387458078031
0.027749050939024127,0.16241462123329065,54.885376183629866
0.07259340675465034,7.522662916552775,59.960270444645964
0.30821486755717076,0.8319078642827842,99.55812981943669
0.09525699243731889,6.039432614140962,91.80438548943383
0.027351187193786822,3.6022783659379574,70.0889820435044
0.05026183496020002,1.2308585977428965,79.79205014248038
0.06283809722162986,2.5791035333829697,91.97223738031968
0.08161041449971315,7.086043376447016,64.36778020381287
0.01459404587364991,4.198815795844126,77.85632570193926
0.012206079783036939,6.832936883162769,88.530991581196
0.06585741601459841,7.832827787605142,66.2656499165689
0.09084308787447974,4.846671689178868,63.256080756763986
0.014243189050551455,2.639231109049614,96.49559201929162
0.041553361876694055,5.141100980442834,74.86352005035677
0.13068029729727113,0.03129004827047943,63.49426190092361
0.016992081209252163,4.943028356420322,71.08532265218234
0.1528222375770432,7.861093533482061,78.32930315057982
0.014492631793210572,2.718710768455083,98.60025581720178
0.01346404176497231,2.248859404918103,58.63209943386585
0.38770290147421627,1.7309929107954911,81.55957674571005
0.09111087084735883,4.661035393417356,76.50351075890771
0.07736577591632435,0.5436175975051869,85.44293321994931
0.025257266790075006,7.226091492487801,70.6511270410074
0.048654676655894104,6.304942305124142,78.05468205265797
0.01745096791813462,1.802915561388291,66.02096347389849
0.10794715494107165,2.9252532624341048,83.43740561952752
0.0886951615023319,7.795836986520584,81.9412063911478
0.05922957970068625,1.3207226969582884,69.3642886397585
0.0698607415849881,7.593086357656298,66.39039998715424
0.036649814615429835,3.5981273386556745,85.87458552683367
0.01807563517745972,5.456275004828558,88.80860683033745
0.05122739212884302,1.7975558947751962,51.08387502835535
0.027749050939024127,0.16241462123329065,54.885376183629866
0.07259340675465034,7.522662916552775,59.960270444645964
0.20111322042855778,3.869964580176881,84.65459717839124
0.0652701709594817,3.4288791671837484,75.40507428810328
0.027351187193786822,3.6022783659379574,70.0889820435044
0.06076365073243896,0.3569905921113672,80.36199355587935
0.06283809722162986,2.5791035333829697,91.97223738031968
0.08161041449971315,7.086043376447016,64.36778020381287
0.014529637334014831,3.9125150443678516,81.2780289276824
0.012206079783036939,6.832936883162769,88.530991581196
0.06585741601459841,7.832827787605142,66.2656499165689
0.08153191221017865,4.57834408919946,67.29654207737644
0.014243189050551455,2.639231109049614,96.49559201929162
0.053928151515561136,5.067180899347719,71.94933019443053
0.13068029729727113,0.03129004827047943,63.49426190092361
0.016992081209252163,4.943028356420322,71.08532265218234
0.1528222375770432,7.861093533482061,78.32930315057982
0.014492631793210572,2.718710768455083,98.60025581720178
0.01346404176497231,2.248859404918103,58.63209943386585
0.23287934194702142,1.7610678942492137,75.06199172636272
0.0946956010379505,4.647396899144219,76.76555959401844
0.07848628270060899,0.5200666263995215,85.80615642956518
0.04838868344825757,7.341236713769309,72.0434143567943
0.048654676655894104,6.304942305124142,78.05468205265797
0.017833493010396613,1.8371469157974247,66.08313244647493
0.09889717425291047,4.034409931306231,79.38674665299318
0.0886951615023319,7.795836986520584,81.9412063911478
0.05660460663503661,1.2241383122574374,68.15697870208291
0.0698607415849881,7.593086357656298,66.39039998715424
0.031507341755276363,3.0366415077495086,89.58216326373446
0.019571071011748695,5.292011889924267,88.00704936407064
0.05122739212884302,1.7975558947751962,51.08387502835535
0.027856331447607897,0.11637342270069873,54.65314782167511
0.07471358919419989,7.385731646341867,58.05182074090269
0.13719281589135443,5.683137575114303,75.75987089743066
0.07719457037782342,3.613410536527022,70.47647087167637
0.0341326926875654,4.263193034585145,75.68371803565658
0.04911215065257402,0.24977850138212082,76.78280372270595
0.047583947071903374,1.6836983182792142,94.28499345490472
0.08161041449971315,7.086043376447016,64.36778020381287
0.014529637334014831,3.9125150443678516,81.2780289276824
0.012206079783036939,6.832936883162769,88.530991581196
0.06587392554905482,7.956638351627129,66.00870838890692
0.058668744960439785,3.944132215639364,77.97240312958468
0.014243189050551455,2.639231109049614,96.49559201929162
0.0818843064904566,3.884024217966979,60.83867637931112
0.13068029729727113,0.03129004827047943,63.49426190092361
0.016992081209252163,4.943028356420322,71.08532265218234
0.14581128576117913,5.381890073040425,73.63198403249365
0.014591684227124965,2.725488188458974,98.57801776953927
0.01346404176497231,2.248859404918103,58.63209943386585
0.23287934194702142,1.7610678942492137,75.06199172636272
0.1046281261313658,4.886249943748279,74.06149925577738
0.080798629671441,0.5413438483482007,86.5164794533854
0.04838868344825757,7.341236713769309,72.0434143567943
0.0478647408829425,6.490351743648212,78.96922814752168
0.017833493010396613,1.8371469157974247,66.08313244647493
0.11141525295007927,3.9901893211475854,80.1024908777488
0.08987997035826512,7.915174960090211,82.04112210587499
0.05660460663503661,1.2241383122574374,68.15697870208291
0.0698607415849881,7.593086357656298,66.39039998715424
0.037627256216843735,2.6521040538226073,77.6346161503103
0.019571071011748695,5.292011889924267,88.00704936407064
0.05122739212884302,1.7975558947751962,51.08387502835535
0.049303063611899164,0.09862697295077402,56.49720240685632
0.07608206983724244,7.327258574131886,55.70037985343064
0.15010908742122012,6.50383684241465,78.5907112418539
0.07719457037782342,3.613410536527022,70.47647087167637
0.0341326926875654,4.263193034585145,75.68371803565658
0.04911215065257402,0.24977850138212082,76.78280372270595
0.047583947071903374,1.6836983182792142,94.28499345490472
0.08161041449971315,7.086043376447016,64.36778020381287
0.015333238230011387,2.9024890153780327,78.76959642316358
0.012206079783036939,6.832936883162769,88.530991581196
0.05745180941747155,7.270919574040203,72.06978247729299
0.06503244960001092,4.815655301477749,74.19866722583353
0.014243189050551455,2.639231109049614,96.49559201929162
0.0818843064904566,3.884024217966979,60.83867637931112
0.13068029729727113,0.03129004827047943,63.49426190092361
0.016181663835631858,7.93450087494463,75.90325109500277
0.19072859735488645,4.115925341713128,83.47504622776394
0.014591684227124965,2.725488188458974,98.57801776953927
0.01346404176497231,2.248859404918103,58.63209943386585
0.23264204933352028,1.7589190057621837,75.0379946859135
0.15484304864431847,4.646701270716065,65.82849945224976
0.06958805882497585,0.9111767216124034,88.55881396833931
0.04838868344825757,7.341236713769309,72.0434143567943
0.0466176894345402,6.42783279685284,79.68237805550159
0.02610838234565808,1.4172024887110162,68.91377168769027
0.11453338583031449,4.198054959870874,81.3340189604133
0.08987997035826512,7.915174960090211,82.04112210587499
0.06527479801630953,0.914305289204834,61.879000032302066
0.0698607415849881,7.593086357656298,66.39039998715424
0.037627256216843735,2.6521040538226073,77.6346161503103
0.019571071011748695,5.292011889924267,88.00704936407064
0.05122739212884302,1.7975558947751962,51.08387502835535
0.049303063611899164,0.09862697295077402,56.49720240685632
0.07608206983724244,7.327258574131886,55.70037985343064
0.15010908742122012,6.50383684241465,78.5907112418539
0.07426173403291725,2.6188521411983494,67.80274915157963
0.015431115342089408,6.274280034979419,83.97378059716004
0.04911215065257402,0.24977850138212082,76.78280372270595
0.05367059148546299,1.4700080628636714,92.70105229090493
0.08161041449971315,7.086043376447016,64.36778020381287
0.015858549595554428,3.0861824203529307,84.42895660275053
0.012206079783036939,6.832936883162769,88.530991581196
0.05745180941747155,7.270919574040203,72.06978247729299
0.07189988191270183,4.21442456450122,72.15362223981577
0.011940022369189951,2.4872024365867977,97.5939852694976
0.0818843064904566,3.884024217966979,60.83867637931112
0.13068029729727113,0.03129004827047943,63.49426190092361
0.016181663835631858,7.93450087494463,75.90325109500277
0.18530479928696095,4.409871697996428,73.98758949938895
0.014591684227124965,2.725488188458974,98.57801776953927
0.01346404176497231,2.248859404918103,58.63209943386585
0.2190689998573892,1.930148391970044,75.08214592957295
0.1794900288683534,4.7250070617706434,63.81623318392897
0.06958805882497585,0.9111767216124034,88.55881396833931
0.04838868344825757,7.341236713769309,72.0434143567943
0.07918047431583967,6.044493646181365,71.30917198775354
0.02610838234565808,1.4172024887110162,68.91377168769027
0.09763622440287865,5.482205350981761,75.6816841508913
0.10755335802099224,7.285992534438276,78.44670946534055
0.060571190106485415,0.674091491312904,60.294083501688505
0.07104863820020592,7.418551883188414,66.90014570620055
0.037627256216843735,2.6521040538226073,77.6346161503103
0.019571071011748695,5.292011889924267,88.00704936407064
0.047873577710190185,1.8721123612835533,50.56001583974486
0.04932781718390663,0.07902882594027316,53.86699283563783
0.07608206983724244,7.327258574131886,55.70037985343064
0.13091064449608864,6.614761035928937,78.55852002623025
0.07755595323138746,2.317356084951342,67.34330017142814
0.015431115342089408,6.274280034979419,83.97378059716004
0.04911215065257402,0.24977850138212082,76.78280372270595
0.05367059148546299,1.4700080628636714,92.70105229090493
0.08161041449971315,7.086043376447016,64.36778020381287
0.015858549595554428,3.0861824203529307,84.42895660275053
0.012206079783036939,6.832936883162769,88.530991581196
0.05405713735302983,7.2942064679367045,71.96318705333852
0.07189988191270183,4.21442456450122,72.15362223981577
0.0127690419621306,2.7349170148978743,82.98657037573733
0.0818843064904566,3.884024217966979,60.83867637931112
0.13068029729727113,0.03129004827047943,63.49426190092361
0.016181663835631858,7.93450087494463,75.90325109500277
0.27160724134938924,5.801848416034778,78.79443470454456
0.03413955620042702,3.0620319761666,87.61509510372258
0.01386100213236476,3.061199355394273,63.74611407060698
0.3794624054954179,1.0461033353203693,83.94254501946192
0.1794900288683534,4.7250070617706434,63.81623318392897
0.06958805882497585,0.9111767216124034,88.55881396833931
0.04838868344825757,7.341236713769309,72.0434143567943
0.0811616884448714,5.932668442569004,71.2398197171187
0.02610838234565808,1.4172024887110162,68.91377168769027
0.09688385356950364,5.345359673721793,75.47191341670099
0.10755335802099224,7.285992534438276,78.44670946534055
0.060571190106485415,0.674091491312904,60.294083501688505
0.0626842918335643,7.3900129534554955,68.79865260620028
0.037627256216843735,2.6521040538226073,77.6346161503103
0.015214476786292182,5.039076421712636,90.03385628386381
0.047873577710190185,1.8721123612835533,50.56001583974486
0.04932781718390663,0.07902882594027316,53.86699283563783
0.07489239219737227,6.441772535555126,60.380718213069684
0.15355557909198034,6.398288257241793,85.07671223688693
0.07755595323138746,2.317356084951342,67.34330017142814
0.015431115342089408,6.274280034979419,83.97378059716004
0.056131470992716925,0.2631853414440619,75.62542014659334
0.0567309652133032,1.800337910842007,91.891449906027
0.055079652269269794,4.970080531700723,75.57855150187817
0.028228705930298872,2.585430395846301,85.37977454218844
0.012206079783036939,6.832936883162769,88.530991581196
0.05405713735302983,7.2942064679367045,71.96318705333852
0.0621236340547808,3.9479328637642483,73.94758942009167
0.014152847873084712,2.640292490787005,82.75035478290604
0.0818843064904566,3.884024217966979,60.83867637931112
0.11823519889493841,0.3818029150677842,65.38542094348902
0.016181663835631858,7.93450087494463,75.90325109500277
0.3010311116020235,6.035731401495151,79.77285835846205
0.023429243724640836,2.4457999279332263,88.9526675036044
0.01386100213236476,3.061199355394273,63.74611407060698
0.459325266236979,0.6708937876677152,85.41626486924304
0.1925721077679574,4.866086924169773,65.53372512006771
0.06958805882497585,0.9111767216124034,88.55881396833931
0.04838868344825757,7.341236713769309,72.0434143567943
0.070707223299904,7.497972873608058,72.89071835554373
0.043599204975747236,2.0450575661809385,67.03076380177424
0.09998151563111843,4.625244794420103,74.00856089287609
0.08374464917417357,7.289648178682101,75.56119165713349
0.06227324217158696,0.831620299560762,54.41651950979045
0.05490193125381461,6.1776858037316735,70.97248191124372
0.030062975766218983,2.308301983769657,77.91069157041909
0.01479007869260715,5.051208785731804,90.21557878173792
0.047873577710190185,1.8721123612835533,50.56001583974486
0.04932781718390663,0.07902882594027316,53.86699283563783
0.07489239219737227,6.441772535555126,60.380718213069684
0.15355557909198034,6.398288257241793,85.07671223688693
0.07476181684442842,2.0457191742538257,64.97989828078272
0.015431115342089408,6.274280034979419,83.97378059716004
0.056131470992716925,0.2631853414440619,75.62542014659334
0.0567309652133032,1.800337910842007,91.891449906027
0.05466025826082069,4.9883031977184755,75.70525369740447
0.028151994017939684,2.5831986207518765,85.4368816596071
0.016528959479750825,6.645107797956126,87.2250159651037
0.05405713735302983,7.2942064679367045,71.96318705333852
0.06234341295264909,3.9567619867470394,73.87325965611946
0.030724015745444498,2.802551998033784,77.68071124792068
0.0774462944616941,3.2600414146119854,63.386890796756035
0.11823519889493841,0.3818029150677842,65.38542094348902
0.02403037431675567,7.682693337253767,75.861301247449
0.2991827708706098,6.004680439896591,79.6998513275271
0.021114870292936107,2.5946532016582418,82.85568750915407
0.01386100213236476,3.061199355394273,63.74611407060698
0.459325266236979,0.6708937876677152,85.41626486924304
0.1925721077679574,4.866086924169773,65.53372512006771
0.06958805882497585,0.9111767216124034,88.55881396833931
0.04838868344825757,7.341236713769309,72.0434143567943
0.07038254547746237,7.4565163048204335,72.93081933098361
0.043599204975747236,2.0450575661809385,67.03076380177424
0.11061916472118065,4.197021279318875,73.74906773180075
0.08953997109988111,7.8447283483794195,85.4994176737932
0.06227324217158696,0.831620299560762,54.41651950979045
0.05490193125381461,6.1776858037316735,70.97248191124372
0.011193387991006602,3.1733794191920626,91.67417108731289
0.01479007869260715,5.051208785731804,90.21557878173792
0.04506589515858327,1.9479256387603017,53.948669574945754
0.04932781718390663,0.07902882594027316,53.86699283563783
0.07489239219737227,6.441772535555126,60.380718213069684
0.1984131555782394,5.384726111131965,84.78051038765166
0.07476181684442842,2.0457191742538257,64.97989828078272
0.015431115342089408,6.274280034979419,83.97378059716004
0.054135226100983626,0.7245762741376724,75.64008869350913
0.0567309652133032,1.800337910842007,91.891449906027
0.053334074208442446,7.030035234172191,65.33880601884452
0.017494774327107512,1.3533776644208677,88.59288718397556
0.04105197114041291,6.60093566197156,86.84054411921863
0.05405713735302983,7.2942064679367045,71.96318705333852
0.05655876665605649,4.8469493912038,78.01589750172509
0.030724015745444498,2.802551998033784,77.68071124792068
0.07688271269699654,3.242117583513036,63.623842918953756
0.11823519889493841,0.3818029150677842,65.38542094348902
0.02403037431675567,7.682693337253767,75.861301247449
0.2991827708706098,6.004680439896591,79.6998513275271
0.021114870292936107,2.5946532016582418,82.85568750915407
0.01386100213236476,3.061199355394273,63.74611407060698
0.37957532545271583,1.4977753367546445,83.95095218818483
0.22494415074879498,4.432637862122551,66.95124521063794
0.06958805882497585,0.9111767216124034,88.55881396833931
0.04838868344825757,7.341236713769309,72.0434143567943
0.07038254547746237,7.4565163048204335,72.93081933098361
0.04165514087719531,2.5573157247112324,65.99129264450762
0.13627502031189706,4.644811952031752,72.48654203935372
0.0673214105327997,6.183481530918348,77.4815735032197
0.06227324217158696,0.831620299560762,54.41651950979045
0.05490193125381461,6.1776858037316735,70.97248191124372
0.011193387991006602,3.1733794191920626,91.67417108731289
0.01479007869260715,5.051208785731804,90.21557878173792
0.04506589515858327,1.9479256387603017,53.948669574945754
0.04932781718390663,0.07902882594027316,53.86699283563783
0.023764763607075468,7.271404999149329,56.425491198578065
0.19234859318380604,5.4535029447085055,83.96781273278972
0.10285846778701473,0.04324161230210155,55.98515410997973
0.035250833202723944,3.971396121102474,71.46758979977987
0.053555340849981765,0.6872490050448516,75.76018824918576
0.07501258175068119,1.391233282814334,96.0989353708222
0.053334074208442446,7.030035234172191,65.33880601884452
0.014882253529254614,2.1079405784939365,89.87037087600692
0.04105197114041291,6.60093566197156,86.84054411921863
0.05405713735302983,7.2942064679367045,71.96318705333852
0.05905530383788404,5.073868533657691,78.58236821362242
0.030724015745444498,2.802551998033784,77.68071124792068
0.07688271269699654,3.242117583513036,63.623842918953756
0.08673533138165311,2.8230481703679393,68.88830779814167
0.01980411052954592,7.888726316133654,76.5305723232467
0.2991827708706098,6.004680439896591,79.6998513275271
0.02053120102154803,2.6104134878063574,83.56013077161592
0.013417274115782465,2.1531540576152395,58.02959484618141
0.37957532545271583,1.4977753367546445,83.95095218818483
0.1432404256214848,5.396017641568809,75.78810719390586
0.06408095749986677,1.151448829719415,83.9969677904701
0.04838868344825757,7.341236713769309,72.0434143567943
0.07038254547746237,7.4565163048204335,72.93081933098361
0.03789774585908227,3.5473840327897457,63.98225202146695
0.1619239836885771,4.575198296664552,70.55597300849091
0.0673214105327997,6.183481530918348,77.4815735032197
0.061524104733311796,0.8802196636294273,54.39615123910805
0.05897597460585104,3.9468274554900553,76.75330426511556
0.011193387991006602,3.1733794191920626,91.67417108731289
0.01479007869260715,5.051208785731804,90.21557878173792
0.06185166684814905,1.839076745203431,51.78423151641229
0.04932781718390663,0.07902882594027316,53.86699283563783
0.023764763607075468,7.271404999149329,56.425491198578065
0.16325944660162273,4.390630824184425,83.12528659817214
0.10285846778701473,0.04324161230210155,55.98515410997973
0.035250833202723944,3.971396121102474,71.46758979977987
0.05520384454362429,0.44244738162738706,79.99560837029787
0.0747070187448925,1.5816248028694018,95.35928507687291
0.053334074208442446,7.030035234172191,65.33880601884452
0.014882253529254614,2.1079405784939365,89.87037087600692
0.04312859697496664,6.293437971519298,85.67186420232606
0.05405713735302983,7.2942064679367045,71.96318705333852
0.056407324014800295,4.861580255816431,78.49809497321306
0.01656049877631756,3.3443394292168285,81.94060902188318
0.0714808755244567,3.336743239653016,64.64158806972623
0.10485060590807965,4.159720775492873,56.806864942309126
0.01980411052954592,7.888726316133654,76.5305723232467
0.2535472757188824,5.769238388916083,81.52296202332535
0.02053120102154803,2.6104134878063574,83.56013077161592
0.013417274115782465,2.1531540576152395,58.02959484618141
0.37957532545271583,1.4977753367546445,83.95095218818483
0.15897381468560742,5.902692060410535,83.56723383461924
0.06283740251846442,0.7842104710952715,87.2496361022922
0.048307117310407606,7.97197781824509,73.62208249226389
0.07038254547746237,7.4565163048204335,72.93081933098361
0.03789774585908227,3.5473840327897457,63.98225202146695
0.17174459091334837,4.843707869786337,72.39813981284904
0.11211664415979189,5.5112808197476335,78.40965579704401
0.04598501111217346,2.2670762208763233,66.3061338619558
0.05897597460585104,3.9468274554900553,76.75330426511556
0.03554564348425272,3.420076528225125,84.47676970436876
0.015203639070883119,4.923100917779566,89.40002148901057
0.04423591600501699,4.351608163520973,53.9308821286137
0.04932781718390663,0.07902882594027316,53.86699283563783
0.023764763607075468,7.271404999149329,56.425491198578065
0.2056636127282877,3.598199143030181,85.61978156029456
0.10285846778701473,0.04324161230210155,55.98515410997973
0.024441431343092828,2.0615263213158306,71.18273266722319
0.05520384454362429,0.44244738162738706,79.99560837029787
0.0747070187448925,1.5816248028694018,95.35928507687291
0.05345773364942861,6.950723518490328,65.38322383561905
0.016610400027546737,2.2616589127322273,87.93991934416616
0.03722533071051794,6.021922012085849,88.56102284234079
0.05405713735302983,7.2942064679367045,71.96318705333852
0.058696649909840796,3.590628780771082,67.26501483108443
0.01656049877631756,3.3443394292168285,81.94060902188318
0.05006746735243167,5.5843693185299905,70.54910806498793
0.14299926249870037,4.508620345998236,52.71844545750673
0.01980411052954592,7.888726316133654,76.5305723232467
0.2535472757188824,5.769238388916083,81.52296202332535
0.02053120102154803,2.6104134878063574,83.56013077161592
0.013417274115782465,2.1531540576152395,58.02959484618141
0.2656118729366661,3.2079196451124443,81.5898201243596
0.17312046207697768,5.859351902918749,84.50656206771635
0.06362911188092168,0.5629029452603671,87.31301573137567
0.048307117310407606,7.97197781824509,73.62208249226389
0.06907825484668506,7.486971506748948,72.97166148624495
0.03193131450627955,4.617838542592607,58.46150507989271
0.29308919127668215,5.0397409214892335,84.49381066428215
0.11211664415979189,5.5112808197476335,78.40965579704401
0.04598501111217346,2.2670762208763233,66.3061338619558
0.09043858888621188,0.976185494185783,94.91701188931481
0.034661540005549295,2.0505949918055184,82.32702280463475
0.015203639070883119,4.923100917779566,89.40002148901057
0.04938474642647925,4.386480315901412,54.60961710290043
0.04932781718390663,0.07902882594027316,53.86699283563783
0.023764763607075468,7.271404999149329,56.425491198578065
0.17252034711007652,4.288434939514196,82.99396232132234
0.10285846778701473,0.04324161230210155,55.98515410997973
0.027624868602089576,3.1623858522179518,71.49536411030009
0.051990077888276316,1.4815695179553945,81.81705731041012
0.0747070187448925,1.5816248028694018,95.35928507687291
0.05345773364942861,6.950723518490328,65.38322383561905
0.04643855645731666,3.2765687907277004,84.96346273147734
0.03722533071051794,6.021922012085849,88.56102284234079
0.05405713735302983,7.2942064679367045,71.96318705333852
0.05761033989484015,3.4775207524453196,67.18307087275318
0.012055804463676649,2.6876995319745616,83.12096840747537
0.044101122861518474,6.962871024181666,72.8197787158159
0.15773026560546693,4.848984704834189,50.6552405444241
0.03971279125106657,7.342491748549527,72.68246609915553
0.2535472757188824,5.769238388916083,81.52296202332535
0.02053120102154803,2.6104134878063574,83.56013077161592
0.013417274115782465,2.1531540576152395,58.02959484618141
0.2656118729366661,3.2079196451124443,81.5898201243596
0.18426025699148285,6.174112373508459,86.10131031480029
0.0622984326970437,1.4986770064939678,85.17910935307945
0.048307117310407606,7.97197781824509,73.62208249226389
0.06907825484668506,7.486971506748948,72.97166148624495
0.03193131450627955,4.617838542592607,58.46150507989271
0.3460332978634477,5.486071101381334,89.5553066176315
0.11211664415979189,5.5112808197476335,78.40965579704401
0.0513109149897359,2.1124169049999364,69.73395213568244
0.09043858888621188,0.976185494185783,94.91701188931481
0.028028883348258544,0.9983021078649692,94.81343576350605
0.015203639070883119,4.923100917779566,89.40002148901057
0.04938474642647925,4.386480315901412,54.60961710290043
0.04932781718390663,0.07902882594027316,53.86699283563783
0.021733354633603166,7.9314729737553264,55.919037872116846
0.17252034711007652,4.288434939514196,82.99396232132234
0.10285846778701473,0.04324161230210155,55.98515410997973
0.03846053637576749,3.492755309054898,63.404242851339504
0.04658989914851196,1.6558341762173008,78.36588577520871
0.0747070187448925,1.5816248028694018,95.35928507687291
0.06270330905275615,6.687199481309049,60.47336733867776
0.04582725389817244,3.333086882490769,83.84672982046474
0.03722533071051794,6.021922012085849,88.56102284234079
0.05405713735302983,7.2942064679367045,71.96318705333852
0.05761033989484015,3.4775207524453196,67.18307087275318
0.012055804463676649,2.6876995319745616,83.12096840747537
0.044101122861518474,6.962871024181666,72.8197787158159
0.15773026560546693,4.848984704834189,50.6552405444241
0.035585497258817364,6.580932365350829,70.25572147707663
0.2495741118493478,5.723393213821701,81.34661258444186
0.02053120102154803,2.6104134878063574,83.56013077161592
0.014505067675484984,2.691216977691365,57.86096132223084
0.25197332345376394,3.7052000719611615,82.34616874127477
0.2199668364766875,6.934366033865416,91.43495470907281
0.048528919782565384,1.8651860908369624,84.6453764339594
0.057931076076757224,5.642404956959384,81.54627652341283
0.06907825484668506,7.486971506748948,72.97166148624495
0.03193131450627955,4.617838542592607,58.46150507989271
0.3460332978634477,5.486071101381334,89.5553066176315
0.14304492247146416,4.561516970741119,81.84368736910687
0.045342400679950705,2.8840347156345096,66.26227264382649
0.10009330109001274,0.6120626193396435,96.86326096599662
0.028028883348258544,0.9983021078649692,94.81343576350605
0.015203639070883119,4.923100917779566,89.40002148901057
0.04938474642647925,4.386480315901412,54.60961710290043
0.04932781718390663,0.07902882594027316,53.86699283563783
0.02439179738347908,7.601440310619932,56.75368957562155
0.14233637678983824,3.657433108021919,81.88466963342275
0.10285846778701473,0.04324161230210155,55.98515410997973
0.03921724839243365,3.5924664404474047,63.31275873154289
0.04658989914851196,1.6558341762173008,78.36588577520871
0.10025948562461517,1.9009463378372744,95.65809299588271
0.06354245705468173,6.810296814012446,59.685438742448156
0.03206072658064416,4.167981165484242,78.35887674156766
0.03495772041693113,5.420504486025217,75.66835805308646
0.05405713735302983,7.2942064679367045,71.96318705333852
0.05761033989484015,3.4775207524453196,67.18307087275318
0.012055804463676649,2.6876995319745616,83.12096840747537
0.044101122861518474,6.962871024181666,72.8197787158159
0.10240826382253715,3.2595398895183747,64.4486840405578
0.035585497258817364,6.580932365350829,70.25572147707663
0.24894799456906536,5.694280616128879,81.3054458946278
0.037406156657185996,2.9762784307431143,84.22644752227976
0.014505067675484984,2.691216977691365,57.86096132223084
0.17470681137944935,2.242285652080942,76.42414992014729
0.24952604756151317,7.848543577919246,90.91465513826695
0.03711223032783034,1.2105576755224554,85.76495236996573
0.057931076076757224,5.642404956959384,81.54627652341283
0.06895381472320854,7.524901766352255,72.8438131993764
0.03193131450627955,4.617838542592607,58.46150507989271
0.3868020572917827,5.8586638264823065,93.75670513126225
0.2247222236612023,2.053322134523749,90.91248933021038
0.045342400679950705,2.8840347156345096,66.26227264382649
0.10009330109001274,0.6120626193396435,96.86326096599662
0.03326506364483859,1.8333542725792942,92.00251095731298
0.013560112484457553,5.204257076636958,89.163204032307
0.04803970702593368,4.281441697404569,55.760939518686
0.04932781718390663,0.07902882594027316,53.86699283563783
0.02439179738347908,7.601440310619932,56.75368957562155
0.0857349630363245,5.550155814268242,69.82435276729456
0.10285846778701473,0.04324161230210155,55.98515410997973
0.040700924708018366,3.7083316786123928,62.0427663438032
0.04658989914851196,1.6558341762173008,78.36588577520871
0.10947976927417652,1.2337414887162224,99.27959642706423
0.06354245705468173,6.810296814012446,59.685438742448156
0.012586858869625309,4.906055330570458,73.09651087652573
0.07896972297280408,5.476812819595989,76.82775431757844
0.038277369270209055,7.778780912066494,70.21112632593017
0.07187177083813942,2.515593143433793,77.14664143117471
0.012055804463676649,2.6876995319745616,83.12096840747537
0.044101122861518474,6.962871024181666,72.8197787158159
0.10118702505662563,3.234349948087906,64.9353523100836
0.044226216685477854,5.955666362646387,73.64958616073162
0.23981931318647237,5.691801483035286,81.31695516875232
0.05958215614856954,3.4856476792611444,84.92566383838326
0.014505067675484984,2.691216977691365,57.86096132223084
0.16344641179813413,2.3654762407438135,75.21569460803954
0.24952604756151317,7.848543577919246,90.91465513826695
0.03711223032783034,1.2105576755224554,85.76495236996573
0.057931076076757224,5.642404956959384,81.54627652341283
0.06895381472320854,7.524901766352255,72.8438131993764
0.03193131450627955,4.617838542592607,58.46150507989271
0.3868020572917827,5.8586638264823065,93.75670513126225
0.225500426892823,2.2351432953791672,90.91255728097617
0.04422673394965034,1.0923825785435488,66.32816858623433
0.1110194658433336,0.07590927311736984,99.83080736074722
0.03326506364483859,1.8333542725792942,92.00251095731298
0.013560112484457553,5.204257076636958,89.163204032307
0.04781654444788488,5.0095015489760115,56.08906209567207
0.04902318375333068,1.0728843916360606,54.31490443063126
0.02439179738347908,7.601440310619932,56.75368957562155
0.10402328330864546,4.938603615426248,73.72112711985628
0.10285846778701473,0.04324161230210155,55.98515410997973
0.040700924708018366,3.7083316786123928,62.0427663438032
0.04658989914851196,1.6558341762173008,78.36588577520871
0.10947976927417652,1.2337414887162224,99.27959642706423
0.06354245705468173,6.810296814012446,59.685438742448156
0.012586858869625309,4.906055330570458,73.09651087652573
0.10217686529999262,5.156959600535516,78.9506316157338
0.04815460304518548,7.400157891816945,66.09617221251867
0.08067055831743719,1.8210796115069072,71.57722638549285
0.012055804463676649,2.6876995319745616,83.12096840747537
0.04615613228133305,7.245529335037618,73.81274229255101
0.10419252887677555,2.8342883424657144,64.19794796318757
0.037549115499856026,6.069234322728969,73.64159770494327
0.23981931318647237,5.691801483035286,81.31695516875232
0.0614712435310226,3.5173646893713486,84.99739725041333
0.012470647741981242,2.612225921218443,57.536194414114526
0.16730996876297405,2.381268699228922,74.7174909702392
0.24952604756151317,7.848543577919246,90.91465513826695
0.03711223032783034,1.2105576755224554,85.76495236996573
0.017322093591123577,6.262480628490936,88.44052989422231
0.07173020837025931,6.173326948036652,72.54368342737757
0.03193131450627955,4.617838542592607,58.46150507989271
0.3868020572917827,5.8586638264823065,93.75670513126225
0.25788730860089176,2.4112856114856847,91.79751119195676
0.05224068218477691,2.2193314787473835,75.00421886174271
0.1110194658433336,0.07590927311736984,99.83080736074722
0.03384981825879144,2.411533642788103,89.49632543387291
0.013560112484457553,5.204257076636958,89.163204032307
0.045521965834708494,5.002763893601823,57.196790637573166
0.03733807687376546,1.2963713879480325,53.95237182085558
0.024391144687742738,7.601798464825634,56.75143001422884
0.17445350843874224,7.1394741706056,84.65277230001698
0.10285846778701473,0.04324161230210155,55.98515410997973
0.033542138648583075,2.7361418784215106,62.78157859658832
0.03613218326622164,1.5266442065701025,77.89279034881457
0.10947976927417652,1.2337414887162224,99.27959642706423
0.06354245705468173,6.810296814012446,59.685438742448156
0.012586858869625309,4.906055330570458,73.09651087652573
0.15133852716894247,5.294640926533466,82.1630245576256
0.04815460304518548,7.400157891816945,66.09617221251867
0.09123913053453575,1.6877998713179228,67.53245280607189
0.012055804463676649,2.6876995319745616,83.12096840747537
0.04615613228133305,7.245529335037618,73.81274229255101
0.11186548768496374,2.7792163834616215,65.47677074686833
0.1111064100941759,5.93197762897751,76.43280736676816
0.23981931318647237,5.691801483035286,81.31695516875232
0.0614712435310226,3.5173646893713486,84.99739725041333
0.012470647741981242,2.612225921218443,57.536194414114526
0.08315500807796106,2.353380133773438,58.84852823817016
0.24952604756151317,7.848543577919246,90.91465513826695
0.03711223032783034,1.2105576755224554,85.76495236996573
0.017322093591123577,6.262480628490936,88.44052989422231
0.06488221196424836,5.86746853044511,68.53366762698742
0.039561089919359305,4.179670502471109,62.45247566224398
0.229831708176123,3.9195219654853175,86.65554125551861
0.2944705303750085,0.06521731565618971,90.62782281337124
0.05224068218477691,2.2193314787473835,75.00421886174271
0.1110194658433336,0.07590927311736984,99.83080736074722
0.03384981825879144,2.411533642788103,89.49632543387291
0.013560112484457553,5.204257076636958,89.163204032307
0.04565619480390107,4.986254088849567,57.19961969456885
0.03733807687376546,1.2963713879480325,53.95237182085558
0.021881508257557743,7.6015401137229155,54.014195220884716
0.12815949909831412,7.282100507149539,76.0452509462148
0.10285846778701473,0.04324161230210155,55.98515410997973
0.033542138648583075,2.7361418784215106,62.78157859658832
0.03855857593269255,2.408034575954148,72.6208776340042
0.09009088761904185,2.0798429034185757,89.07414301232501
0.0717329004475087,7.46611532173677,55.9573389448735
0.012586858869625309,4.906055330570458,73.09651087652573
0.20792465018066292,5.615372162932876,93.3949850634004
0.04815460304518548,7.400157891816945,66.09617221251867
0.08723385115160834,2.2546923838365482,71.51289991686515
0.012055804463676649,2.6876995319745616,83.12096840747537
0.04129125045295981,7.60353822318584,75.18420256859356
0.11186548768496374,2.7792163834616215,65.47677074686833
0.16420704746600948,4.693549196369547,85.15188852902293
0.26403932251240786,5.346851444298315,82.46043482144657
0.0614712435310226,3.5173646893713486,84.99739725041333
0.012470647741981242,2.612225921218443,57.536194414114526
0.08315500807796106,2.353380133773438,58.84852823817016
0.23054684976830303,7.149637779567193,87.40754576911922
0.03711223032783034,1.2105576755224554,85.76495236996573
0.017322093591123577,6.262480628490936,88.44052989422231
0.08217275035737273,4.595049868700039,63.659286831290245
0.03914317089317308,3.441126830249396,66.69138774369776
0.23414889309765,3.5853237859257243,85.32741106145534
0.2944705303750085,0.06521731565618971,90.62782281337124
0.05224068218477691,2.2193314787473835,75.00421886174271
0.1110194658433336,0.07590927311736984,99.83080736074722
0.03384981825879144,2.411533642788103,89.49632543387291
0.010327445108651315,5.710904812611043,90.68966360140786
0.04565619480390107,4.986254088849567,57.19961969456885
0.028797149755981667,1.0993299357233113,53.03965868144471
0.021881508257557743,7.6015401137229155,54.014195220884716
0.10600731627845146,7.314788866205096,73.29049690151624
0.10285846778701473,0.04324161230210155,55.98515410997973
0.033671910550581816,2.7602462194872945,62.72178182709126
0.03855857593269255,2.408034575954148,72.6208776340042
0.06547655240329145,1.901624594394776,84.2945213492763
0.0717329004475087,7.46611532173677,55.9573389448735
0.012586858869625309,4.906055330570458,73.09651087652573
0.20792465018066292,5.615372162932876,93.3949850634004
0.04815460304518548,7.400157891816945,66.09617221251867
0.07661575732667292,3.2273190657044393,58.87155336929912
0.012055804463676649,2.6876995319745616,83.12096840747537
0.04129125045295981,7.60353822318584,75.18420256859356
0.08356662548822748,2.2069300433719254,61.23982404443535
0.13071100249878154,3.9533580887988204,82.11609471153113
0.3473082003472674,6.0988914984990865,81.4175754744481
0.09862577785557533,3.852924609641387,84.53207389778477
0.020114841532713874,2.6571794366019987,59.43908459760461
0.08315500807796106,2.353380133773438,58.84852823817016
0.23054684976830303,7.149637779567193,87.40754576911922
0.0359945649392271,1.6881624022838841,78.56969698502515
0.035983212547134394,6.483907024087955,85.25266432544392
0.050705407275495634,4.874446388268497,75.3559732927939
0.04693900689262289,2.827058767623739,60.19886958693641
0.1396277764074529,2.9629653223939343,71.66887568387742
0.28174544473042,0.17977872549047724,90.57257624089497
0.053110682175538326,2.2477762501737732,74.81328302843366
0.09668424642048881,1.3001182359323114,97.04574187561758
0.03384981825879144,2.411533642788103,89.49632543387291
0.010327445108651315,5.710904812611043,90.68966360140786
0.04148551168971602,4.50026087636129,56.75143035625375
0.028797149755981667,1.0993299357233113,53.03965868144471
0.021881508257557743,7.6015401137229155,54.014195220884716
0.09995559066343103,6.919516927710499,73.19722686118264
0.10285846778701473,0.04324161230210155,55.98515410997973
0.015310562450008974,3.397474440922054,53.91256047655746
0.03182702430991802,2.4696604400713236,72.14721988203426
0.05876854517862098,1.730208070366661,93.94988428195538
0.0717329004475087,7.46611532173677,55.9573389448735
0.02087714799768521,4.45946827862998,71.52505228983021
0.3173718311298743,7.629742019706417,95.84621423433414
0.04815460304518548,7.400157891816945,66.09617221251867
0.06303876074108399,3.0442015538169747,59.47879531766897
0.012055804463676649,2.6876995319745616,83.12096840747537
0.04129125045295981,7.60353822318584,75.18420256859356
0.08356662548822748,2.2069300433719254,61.23982404443535
0.17975509743511953,1.951342013492817,85.91803296978614
0.3473082003472674,6.0988914984990865,81.4175754744481
0.07271445007199073,3.77181672188829,86.48316600667519
0.021625016605351217,2.1859959122286456,54.61718474066204
0.11494421093358986,1.937600763136008,57.66324345643528
0.17309212857874381,6.477366880855993,78.02044088454693
0.0359945649392271,1.6881624022838841,78.56969698502515
0.035983212547134394,6.483907024087955,85.25266432544392
0.05729634917661388,5.837504682873201,69.82675450780552
0.050770549563991435,3.191953424996497,61.710888002201976
0.11531386856230436,2.6350703041787735,67.14576125764948
0.20932044119647653,1.151564075966619,74.80565920891382
0.0638156522849913,1.5132586845446725,75.90532622715679
0.09668424642048881,1.3001182359323114,97.04574187561758
0.021330125905478045,2.797963645775438,88.17025109586737
0.010327445108651315,5.710904812611043,90.68966360140786
0.039196504513383044,4.632965901303599,55.080486834032016
0.028797149755981667,1.0993299357233113,53.03965868144471
0.021881508257557743,7.6015401137229155,54.014195220884716
0.09995559066343103,6.919516927710499,73.19722686118264
0.10285846778701473,0.04324161230210155,55.98515410997973
0.011999711600515947,4.032687654478077,53.543105605876306
0.035477579588863356,1.806282763282213,72.354642972793
0.05876854517862098,1.730208070366661,93.94988428195538
0.0717329004475087,7.46611532173677,55.9573389448735
0.02087714799768521,4.45946827862998,71.52505228983021
0.22330166524307474,5.713900759118778,88.35903219696777
0.04815460304518548,7.400157891816945,66.09617221251867
0.06303876074108399,3.0442015538169747,59.47879531766897
0.012055804463676649,2.6876995319745616,83.12096840747537
0.01984253977322259,7.708998826868632,74.7473058147936
0.08356662548822748,2.2069300433719254,61.23982404443535
0.17975509743511953,1.951342013492817,85.91803296978614
0.3473082003472674,6.0988914984990865,81.4175754744481
0.10082219430238215,0.3443793753955511,96.58997811481585
0.019529914676768956,2.1759535581491667,54.33701645729796
0.13569224834109087,2.139493599026458,58.776807965275324
0.212190912763352,7.843197661160808,77.86379881765255
0.03632408530614074,1.68605547977327,78.67001441861294
0.035983212547134394,6.483907024087955,85.25266432544392
0.060015173424601005,6.939712739537317,73.20804353883572
0.05099646265343095,3.194976732312446,61.50785028336931
0.12652646085711414,4.968284541464328,77.19275532608812
0.20932044119647653,1.151564075966619,74.80565920891382
0.0638156522849913,1.5132586845446725,75.90532622715679
0.09668424642048881,1.3001182359323114,97.04574187561758
0.021330125905478045,2.797963645775438,88.17025109586737
0.010327445108651315,5.710904812611043,90.68966360140786
0.05550886751311249,5.246850222539788,59.94439869348278
0.028797149755981667,1.0993299357233113,53.03965868144471
0.01393591352893988,7.7967965836616,53.55367569530483
0.09995559066343103,6.919516927710499,73.19722686118264
0.10285846778701473,0.04324161230210155,55.98515410997973
0.011999711600515947,4.032687654478077,53.543105605876306
0.035477579588863356,1.806282763282213,72.354642972793
0.10689202940815369,3.6476492023151232,88.90421530719674
0.06968926286163064,6.426703777549754,56.78508968772809
0.02087714799768521,4.45946827862998,71.52505228983021
0.21471517568278053,5.363577576409881,85.45971533677351
0.04815460304518548,7.400157891816945,66.09617221251867
0.05779255748287574,0.37593773472583525,61.60370663959606
0.012055804463676649,2.6876995319745616,83.12096840747537
0.01984253977322259,7.708998826868632,74.7473058147936
0.08356662548822748,2.2069300433719254,61.23982404443535
0.16446611524848537,1.8314859073734562,87.96605993906978
0.3473082003472674,6.0988914984990865,81.4175754744481
0.10082219430238215,0.3443793753955511,96.58997811481585
0.014909230805053478,2.7127627968842294,54.98388470866848
0.13569224834109087,2.139493599026458,58.776807965275324
0.212190912763352,7.843197661160808,77.86379881765255
0.03632408530614074,1.68605547977327,78.67001441861294
0.035983212547134394,6.483907024087955,85.25266432544392
0.060015173424601005,6.939712739537317,73.20804353883572
0.060323893347734144,4.807560705907453,59.15126263192123
0.1485417918568061,6.383376865747785,85.36804416425917
0.20932044119647653,1.151564075966619,74.80565920891382
0.0638156522849913,1.5132586845446725,75.90532622715679
0.09668424642048881,1.3001182359323114,97.04574187561758
0.021330125905478045,2.797963645775438,88.17025109586737
0.010327445108651315,5.710904812611043,90.68966360140786
0.05515246129747168,5.268710991274203,59.889610828279444
0.028797149755981667,1.0993299357233113,53.03965868144471
0.01393591352893988,7.7967965836616,53.55367569530483
0.0951038852815172,6.9219701852302284,73.19854080171737
0.10285846778701473,0.04324161230210155,55.98515410997973
0.011999711600515947,4.032687654478077,53.543105605876306
0.035477579588863356,1.806282763282213,72.354642972793
0.09674922154927726,2.9654318164207276,94.95415307311023
0.06968926286163064,6.426703777549754,56.78508968772809
0.02087714799768521,4.45946827862998,71.52505228983021
0.32200443096700226,3.9657264046696206,96.45777647600977
0.04815460304518548,7.400157891816945,66.09617221251867
0.05779255748287574,0.37593773472583525,61.60370663959606
0.012055804463676649,2.6876995319745616,83.12096840747537
0.01822040854578208,6.948627819981572,70.36164358245186
0.08356662548822748,2.2069300433719254,61.23982404443535
0.18250396593280552,0.9569279143960907,93.90039592324241
0.3473082003472674,6.0988914984990865,81.4175754744481
0.10082219430238215,0.3443793753955511,96.58997811481585
0.014909230805053478,2.7127627968842294,54.98388470866848
0.13569224834109087,2.139493599026458,58.776807965275324
0.21082357216138814,7.807053236581952,77.93763499371684
0.04823118291318415,0.803059954117032,71.12562654991677
0.035983212547134394,6.483907024087955,85.25266432544392
0.06598351113180316,6.293994341936672,76.74122684272466
0.04570171618834351,5.325191081592254,59.223910396017175
0.14816542567892796,6.259072518087224,84.58918054774028
0.14269252319353887,3.172737397794555,73.25623242621461
0.06123052276019378,2.4849941485738603,74.28615414818302
0.09668424642048881,1.3001182359323114,97.04574187561758
0.021330125905478045,2.797963645775438,88.17025109586737
0.010327445108651315,5.710904812611043,90.68966360140786
0.07069821870564885,5.912021386727005,65.06833479096242
0.028797149755981667,1.0993299357233113,53.03965868144471
0.03317671768569197,7.58941967082356,58.210475588623524
0.0951038852815172,6.9219701852302284,73.19854080171737
0.10285846778701473,0.04324161230210155,55.98515410997973
0.011999711600515947,4.032687654478077,53.543105605876306
0.035398322418812786,1.073072525684072,70.33289843470261
0.09674922154927726,2.9654318164207276,94.95415307311023
0.05008776919801709,4.955860185688983,69.5064921195153
0.02087714799768521,4.45946827862998,71.52505228983021
0.26657773304641125,4.660848976086491,90.31264401173999
0.04815460304518548,7.400157891816945,66.09617221251867
0.06423658216433989,0.6888566015671174,62.29151647788501
0.012055804463676649,2.6876995319745616,83.12096840747537
0.01822040854578208,6.948627819981572,70.36164358245186
0.1493218348398398,1.8185544170109496,65.25919718974502
0.18250396593280552,0.9569279143960907,93.90039592324241
0.2838994408154885,5.103585381772953,75.76813725684168
0.10082219430238215,0.3443793753955511,96.58997811481585
0.017537689832699082,2.5969224028523477,57.20371902090685
0.13569224834109087,2.139493599026458,58.776807965275324
0.17738017857263538,6.905567551119383,74.3501380479459
0.04823118291318415,0.803059954117032,71.12562654991677
0.035983212547134394,6.483907024087955,85.25266432544392
0.01444451326625476,5.755596756439635,76.31550431332226
0.07659458254021032,5.364349975236317,61.608059770833364
0.11825798102843131,5.811878598036492,77.65725528676177
0.11591080410395857,0.29068591628377494,72.41164743620762
0.05461617191719813,3.6947496369472024,67.8705314022508
0.09912312117945357,1.2903652535470034,96.95635560291647
0.019252376062954588,1.9575998359808517,93.42483570527222
0.010327445108651315,5.710904812611043,90.68966360140786
0.07069821870564885,5.912021386727005,65.06833479096242
0.016924487776302094,1.2095394910054793,50.399463225509336
0.03317671768569197,7.58941967082356,58.210475588623524
0.07788581396215064,5.5495411457421175,70.93271647608091
0.10285846778701473,0.04324161230210155,55.98515410997973
0.020135076079591446,4.3446864984229805,54.91440141060615
0.03296410011918388,0.42964677597589596,70.469844142136
0.09674922154927726,2.9654318164207276,94.95415307311023
0.05705435515639299,3.5272326464059476,63.40816039507544
0.0181195262516681,4.516166937587421,71.65957601911938
0.26657773304641125,4.660848976086491,90.31264401173999
0.05162145112865221,6.984573455114948,68.19526340760878
0.07862133305077038,0.578016304353298,65.10869605619833
0.012055804463676649,2.6876995319745616,83.12096840747537
0.01822040854578208,6.948627819981572,70.36164358245186
0.1247635506450418,2.5062760393422465,69.75239020675602
0.18538737223131357,0.8893942421391388,93.86496453078863
0.2551091379209739,5.590629803351071,75.3848767472522
0.09501851536123142,0.6321142545115075,93.59232902031373
0.017537689832699082,2.5969224028523477,57.20371902090685
0.13569224834109087,2.139493599026458,58.776807965275324
0.15372523691023113,6.286886941732629,73.10160664713034
0.04823118291318415,0.803059954117032,71.12562654991677
0.04084986342282456,6.850263940210165,77.59306625968082
0.01444451326625476,5.755596756439635,76.31550431332226
0.0917511461041898,4.953000122831077,59.335235328536655
0.11862039545026531,6.66437498751979,78.46720016842147
0.11591080410395857,0.29068591628377494,72.41164743620762
0.07629123913451881,2.5238045600472168,82.03544733269966
0.09912312117945357,1.2903652535470034,96.95635560291647
0.019463910417012106,0.9345309281810152,98.15236575541593
0.010327445108651315,5.710904812611043,90.68966360140786
0.07069821870564885,5.912021386727005,65.06833479096242
0.016924487776302094,1.2095394910054793,50.399463225509336
0.03317671768569197,7.58941967082356,58.210475588623524
0.06015936963028333,6.993960272287371,70.54495609728181
0.10285846778701473,0.04324161230210155,55.98515410997973
0.020135076079591446,4.3446864984229805,54.91440141060615
0.03245639271867386,0.3766285266745233,70.46480416186934
0.10360653193306849,2.488869999709264,97.08387986908383
0.05698261347610099,3.520487695005178,63.41476944014647
0.01464961067479344,3.8079387412830266,74.75890853961042
0.300481660743489,5.457016809875722,89.66450510728356
0.05162145112865221,6.984573455114948,68.19526340760878
0.061542843451436485,3.4140329345924694,70.753543576684
0.012055804463676649,2.6876995319745616,83.12096840747537
0.01822040854578208,6.948627819981572,70.36164358245186
0.11580557012331638,2.4596930043043628,71.76219918212985
0.18538737223131357,0.8893942421391388,93.86496453078863
0.2551091379209739,5.590629803351071,75.3848767472522
0.09501851536123142,0.6321142545115075,93.59232902031373
0.017916151804606237,2.4558124580277036,65.19836842274023
0.13569224834109087,2.139493599026458,58.776807965275324
0.15068486165186382,5.980024916237573,72.99421379106059
0.015022547113810902,0.0345456700248139,70.44191963403782
0.04084986342282456,6.850263940210165,77.59306625968082
0.01444451326625476,5.755596756439635,76.31550431332226
0.1226484485217488,6.2260124231457326,55.70992848808271
0.11862039545026531,6.66437498751979,78.46720016842147
0.11591080410395857,0.29068591628377494,72.41164743620762
0.06324515530210138,1.4819102185745567,89.44410998341922
0.09621988432776882,1.0203393552938484,98.33500472673622
0.019463910417012106,0.9345309281810152,98.15236575541593
0.010327445108651315,5.710904812611043,90.68966360140786
0.0506958290895152,5.7911254625192825,68.6716006421227
0.02188369393126255,1.200115063222496,51.67899955957435
0.03317671768569197,7.58941967082356,58.210475588623524
0.06015936963028333,6.993960272287371,70.54495609728181
0.10285846778701473,0.04324161230210155,55.98515410997973
0.01995923025971559,4.369182095810326,55.555833610681304
0.03245639271867386,0.3766285266745233,70.46480416186934
0.10360653193306849,2.488869999709264,97.08387986908383
0.05698261347610099,3.520487695005178,63.41476944014647
0.014388219952478564,6.452705616498334,77.78468111154217
0.300481660743489,5.457016809875722,89.66450510728356
0.03418763811450848,7.091585889777888,66.69124335584205
0.06228533103125686,3.1468242703765443,70.94499767802792
0.012055804463676649,2.6876995319745616,83.12096840747537
0.01822040854578208,6.948627819981572,70.36164358245186
0.19133763540321114,0.13152550502769245,58.20838906367141
0.18538737223131357,0.8893942421391388,93.86496453078863
0.2877375615146573,5.5337649454215345,77.21021606232166
0.0964588181367707,0.31942625547865067,95.28158423951643
0.01750277231082525,1.9362981129308072,59.02937997066755
0.13401820105806872,2.1816048821480742,57.59481608022621
0.14952437086339945,5.978113244583737,73.02250443404976
0.015022547113810902,0.0345456700248139,70.44191963403782
0.04084986342282456,6.850263940210165,77.59306625968082
0.011400588143779845,4.7938388268969305,81.11518886831395
0.1226484485217488,6.2260124231457326,55.70992848808271
0.11862039545026531,6.66437498751979,78.46720016842147
0.11114801940701197,0.336751516045818,71.3614701218921
0.06324515530210138,1.4819102185745567,89.44410998341922
0.09621988432776882,1.0203393552938484,98.33500472673622
0.019463910417012106,0.9345309281810152,98.15236575541593
0.010327445108651315,5.710904812611043,90.68966360140786
0.0506958290895152,5.7911254625192825,68.6716006421227
0.02188369393126255,1.200115063222496,51.67899955957435
0.03901997241436571,6.989623773987867,61.699637625846854
0.04115956201080556,7.115470557382314,69.03337033768163
0.09689644844785848,0.4084241924787211,58.22125775127459
0.01995923025971559,4.369182095810326,55.555833610681304
0.03245639271867386,0.3766285266745233,70.46480416186934
0.10360653193306849,2.488869999709264,97.08387986908383
0.05742479743226876,3.9064032070433177,60.17568848283106
0.014388219952478564,6.452705616498334,77.78468111154217
0.300481660743489,5.457016809875722,89.66450510728356
0.03418763811450848,7.091585889777888,66.69124335584205
0.06228533103125686,3.1468242703765443,70.94499767802792
0.05489547860028043,1.6989432607033739,78.7034264285386
0.018050739221642315,6.581786519823405,70.36590279871466
0.1450417565657009,0.2232112008129385,76.29816085288378
0.11739245842463657,0.907891114392029,95.62192809420222
0.2797796228665376,5.581689631432249,69.43324678845316
0.0964588181367707,0.31942625547865067,95.28158423951643
0.024540830545873915,1.8008557685129247,58.95774188161739
0.11112568533198172,3.34023330779569,58.58398917458295
0.03777468818822258,6.3373827267124225,69.6366087507981
0.015022547113810902,0.0345456700248139,70.44191963403782
0.026490293862924258,7.4913671384643905,79.44275555289855
0.011691872959699577,4.544918237478029,78.51637489956526
0.1226484485217488,6.2260124231457326,55.70992848808271
0.11862039545026531,6.66437498751979,78.46720016842147
0.11114801940701197,0.336751516045818,71.3614701218921
0.06324515530210138,1.4819102185745567,89.44410998341922
0.09621988432776882,1.0203393552938484,98.33500472673622
0.05009197812729836,2.7044005616190665,92.07189018909803
0.011463314455977805,5.11709347490147,91.61744632031208
0.0506958290895152,5.7911254625192825,68.6716006421227
0.02188369393126255,1.200115063222496,51.67899955957435
0.03901997241436571,6.989623773987867,61.699637625846854
0.04115956201080556,7.115470557382314,69.03337033768163
0.09689644844785848,0.4084241924787211,58.22125775127459
0.019998601750957037,4.642192233311921,52.16996281031355
0.03245639271867386,0.3766285266745233,70.46480416186934
0.10360653193306849,2.488869999709264,97.08387986908383
0.060923965235945024,3.2160310813919843,58.270120296538416
0.013625701794807182,6.104513679769994,81.39086074883674
0.26672591023689673,4.913777441847484,90.68406385771914
0.03962455390398627,6.04196647344188,70.94850384457288
0.15820235630421467,3.975822567400718,80.20594047607004
0.05307940696579291,1.9120698276358983,78.66223609956516
0.018050739221642315,6.581786519823405,70.36590279871466
0.14559452890471733,0.0750337870156148,76.80637542029686
0.11739245842463657,0.907891114392029,95.62192809420222
0.2434708143863913,5.730575382087838,66.26215525962081
0.0964588181367707,0.31942625547865067,95.28158423951643
0.024540830545873915,1.8008557685129247,58.95774188161739
0.11112568533198172,3.34023330779569,58.58398917458295
0.06069163286949854,7.4002425212443805,50.491517971621676
0.08242674075422138,1.7151725107411044,69.20867041473718
0.026490293862924258,7.4913671384643905,79.44275555289855
0.011691872959699577,4.544918237478029,78.51637489956526
0.13439555972472447,6.954445103247375,51.83430646071692
0.13174400287719695,6.610751687204314,81.23164412390184
0.11114801940701197,0.336751516045818,71.3614701218921
0.03847103643568592,1.0640747011549188,89.29314354592678
0.09621988432776882,1.0203393552938484,98.33500472673622
0.05009197812729836,2.7044005616190665,92.07189018909803
0.017658777024626083,5.534010473916109,86.90578040563497
0.0506958290895152,5.7911254625192825,68.6716006421227
0.02188369393126255,1.200115063222496,51.67899955957435
0.03901997241436571,6.989623773987867,61.699637625846854
0.04115956201080556,7.115470557382314,69.03337033768163
0.09474755395871559,0.8234153928413939,57.762468086152445
0.019998601750957037,4.642192233311921,52.16996281031355
0.03245639271867386,0.3766285266745233,70.46480416186934
0.10360653193306849,2.488869999709264,97.08387986908383
0.057660050708780955,3.778334224444047,58.78115276096029
0.013625701794807182,6.104513679769994,81.39086074883674
0.20801902312628412,4.594938503079244,81.72554425779633
0.03962455390398627,6.04196647344188,70.94850384457288
0.15998661074192666,4.006179848916068,80.43274143123392
0.04076241378695224,1.630968960756642,68.00845363790987
0.02049660720702234,7.125617524263266,62.47534286240818
0.14292056068424017,0.2415353365808368,76.86556388399171
0.12080892394511208,0.790334738441969,96.17481559658529
0.2434708143863913,5.730575382087838,66.26215525962081
0.0964588181367707,0.31942625547865067,95.28158423951643
0.03209961194129775,1.8303121348235287,64.17671153551026
0.1653958722529435,4.377153159399717,54.74325566851522
0.040101726179093036,7.524780352958719,50.1163969858738
0.036228632801396154,2.840564316613318,63.36123027151075
0.027315193135898617,7.048834563665227,80.1209754415754
0.011691872959699577,4.544918237478029,78.51637489956526
0.13439555972472447,6.954445103247375,51.83430646071692
0.13174400287719695,6.610751687204314,81.23164412390184
0.1117177141911306,0.3262762360326421,71.38860913682507
0.03905304251914868,3.369951713023318,75.31065244336449
0.09621988432776882,1.0203393552938484,98.33500472673622
0.051608210304444305,1.972805904788994,98.43952427205872
0.017658777024626083,5.534010473916109,86.90578040563497
0.05078709686091288,5.778450689007595,68.66813829007232
0.02188369393126255,1.200115063222496,51.67899955957435
0.03901997241436571,6.989623773987867,61.699637625846854
0.04115956201080556,7.115470557382314,69.03337033768163
0.09474755395871559,0.8234153928413939,57.762468086152445
0.020369316678372607,4.579279980852954,52.641778897777414
0.03245639271867386,0.3766285266745233,70.46480416186934
0.10360653193306849,2.488869999709264,97.08387986908383
0.026121890149575222,3.603038325217224,59.96319087045649
0.013625701794807182,6.104513679769994,81.39086074883674
0.20801902312628412,4.594938503079244,81.72554425779633
0.03962455390398627,6.04196647344188,70.94850384457288
0.15998661074192666,4.006179848916068,80.43274143123392
0.042536210058392046,1.6868753292549858,72.98536054739489
0.02049660720702234,7.125617524263266,62.47534286240818
0.14292056068424017,0.2415353365808368,76.86556388399171
0.12080892394511208,0.790334738441969,96.17481559658529
0.2720477378307615,6.314844979680216,68.14286801567627
0.0712940324100802,1.494220158328496,82.64555041237575
0.03209961194129775,1.8303121348235287,64.17671153551026
0.13005190240227427,5.06101296952501,61.23909106180342
0.040101726179093036,7.524780352958719,50.1163969858738
0.03512573028095199,1.8843946643275746,62.092540880603536
0.027315193135898617,7.048834563665227,80.1209754415754
0.015079619376783149,4.403658798309934,79.31067363085975
0.13439555972472447,6.954445103247375,51.83430646071692
0.13552368439000173,6.819373421398308,81.5810342903728
0.1117177141911306,0.3262762360326421,71.38860913682507
0.03905304251914868,3.369951713023318,75.31065244336449
0.09621988432776882,1.0203393552938484,98.33500472673622
0.046503285263473415,2.540884702644341,89.03533637215745
0.017658777024626083,5.534010473916109,86.90578040563497
0.05078709686091288,5.778450689007595,68.66813829007232
0.02188369393126255,1.200115063222496,51.67899955957435
0.03901997241436571,6.989623773987867,61.699637625846854
0.04448024994915989,6.654311411310511,68.90739606970138
0.08892561950537783,0.9939683838261034,53.08776266425429
0.020369316678372607,4.579279980852954,52.641778897777414
0.03245639271867386,0.3766285266745233,70.46480416186934
0.07017875296372539,2.1810099108051926,81.7005638251505
0.026121890149575222,3.603038325217224,59.96319087045649
0.052618348320068606,3.566060805798419,70.03345779907968
0.12869051101099094,4.5883188962935515,69.43044464696354
0.0388908758996785,5.528870594389052,71.86386795442793
0.21239965974714997,3.8624111911248837,80.83859482763769
0.042536210058392046,1.6868753292549858,72.98536054739489
0.025688039454165687,6.797749597187504,64.21938123329655
0.14292056068424017,0.2415353365808368,76.86556388399171
0.12080892394511208,0.790334738441969,96.17481559658529
0.2720477378307615,6.314844979680216,68.14286801567627
0.0712940324100802,1.494220158328496,82.64555041237575
0.03165571718698347,1.5885646915217841,63.67425890948033
0.13005190240227427,5.06101296952501,61.23909106180342
0.040101726179093036,7.524780352958719,50.1163969858738
0.03512573028095199,1.8843946643275746,62.092540880603536
0.027972829176073293,6.817166886239246,79.81267557257745
0.015079619376783149,4.403658798309934,79.31067363085975
0.13439555972472447,6.954445103247375,51.83430646071692
0.1350702015313617,6.819284142242861,81.5093525329284
0.09409940972887111,0.9109826215575669,71.68645118118117
0.030094938400687797,3.8911205301744607,73.27266353772076
0.11666836023794146,1.9555606417198517,92.58424136022111
0.046503285263473415,2.540884702644341,89.03533637215745
0.017658777024626083,5.534010473916109,86.90578040563497
0.01766745047412277,5.312606469195727,75.3364890577583
0.02188369393126255,1.200115063222496,51.67899955957435
0.03901997241436571,6.989623773987867,61.699637625846854
0.04267754613160336,5.563376921946627,71.03430477154399
0.08892561950537783,0.9939683838261034,53.08776266425429
0.018728554235995225,4.514595633470215,51.77730264667961
0.057214340357172044,1.5649592719175702,68.12443294397488
0.07017875296372539,2.1810099108051926,81.7005638251505
0.026121890149575222,3.603038325217224,59.96319087045649
0.02826441372563049,3.0958774641096283,72.79940900534552
0.09052812056820382,3.3777036835877454,63.08780101361799
0.039418014229813676,6.3977811072078925,62.39620235949586
0.17364507776922733,4.561419352169354,76.56057185240243
0.0460448112346312,3.4267738957355185,71.14950805630266
0.025688039454165687,6.797749597187504,64.21938123329655
0.14292056068424017,0.2415353365808368,76.86556388399171
0.12080892394511208,0.790334738441969,96.17481559658529
0.2720477378307615,6.314844979680216,68.14286801567627
0.0712940324100802,1.494220158328496,82.64555041237575
0.03073629494789086,1.471108344592484,63.19661172157623
0.12428436579414506,5.21898785267156,60.52591241160514
0.040101726179093036,7.524780352958719,50.1163969858738
0.03512573028095199,1.8843946643275746,62.092540880603536
0.01987166689375851,7.507908231304872,84.64887926480569
0.02611990476841034,5.780763970848833,66.42953822091069
0.13613069076149398,7.083422795726541,51.027323480419504
0.13493476342320623,6.846418459557367,75.55192140443043
0.08275658084200932,0.8616271644408403,68.84128113545127
0.03270842771982459,4.57191342552406,70.72714296079369
0.11666836023794146,1.9555606417198517,92.58424136022111
0.046503285263473415,2.540884702644341,89.03533637215745
0.017658777024626083,5.534010473916109,86.90578040563497
0.017438194427359437,5.338829326850899,75.37456147293415
0.023703934924060782,1.2109496813769995,52.81978480823248
0.03901997241436571,6.989623773987867,61.699637625846854
0.04267754613160336,5.563376921946627,71.03430477154399
0.08892561950537783,0.9939683838261034,53.08776266425429
0.018728554235995225,4.514595633470215,51.77730264667961
0.057214340357172044,1.5649592719175702,68.12443294397488
0.07017875296372539,2.1810099108051926,81.7005638251505
0.02408073681422238,3.0671028239306777,59.68839388795444
0.02826441372563049,3.0958774641096283,72.79940900534552
0.09494146161040942,3.449115283194923,63.21070637783002
0.04097020198006446,6.724039006512177,62.68023179594788
0.1388811023891988,4.827378615904641,75.09368146865457
0.029089216575543496,4.302000553961201,63.73673533769018
0.05725871844628043,4.8038849785719435,74.82540919167832
0.14292056068424017,0.2415353365808368,76.86556388399171
0.12080892394511208,0.790334738441969,96.17481559658529
0.2720477378307615,6.314844979680216,68.14286801567627
0.0649105491883986,2.595151683020357,78.44264218488016
0.04781142636297902,2.015586885446381,63.165537956584444
0.19577615097149198,5.138800787306772,50.59054069648588
0.040101726179093036,7.524780352958719,50.1163969858738
0.026141188655301937,0.6152795743388455,54.64020135336555
0.01987166689375851,7.507908231304872,84.64887926480569
0.02632028322179755,5.308899247748333,67.45501497098412
0.13313960615260928,5.854898758252318,59.84092640342077
0.22501763293027544,6.328538282629041,68.42991536978695
0.08275658084200932,0.8616271644408403,68.84128113545127
0.03508620593339025,4.028073388390098,68.14839262593756
0.11978454014053369,2.0429873932881035,92.09406230565176
0.046503285263473415,2.540884702644341,89.03533637215745
0.017658777024626083,5.534010473916109,86.90578040563497
0.017438194427359437,5.338829326850899,75.37456147293415
0.023703934924060782,1.2109496813769995,52.81978480823248
0.1495478580770277,6.669568036030825,64.75573967683081
0.020738669779823568,7.73098481575869,79.54767494054016
0.09575426872136103,1.2261016758879557,61.71931334659361
0.018728554235995225,4.514595633470215,51.77730264667961
0.09972699316879141,3.915248370469154,66.5734026049224
0.07017875296372539,2.1810099108051926,81.7005638251505
0.02408073681422238,3.0671028239306777,59.68839388795444
0.04206612096142345,3.9089136758162035,73.7638143153136
0.09494146161040942,3.449115283194923,63.21070637783002
0.04097020198006446,6.724039006512177,62.68023179594788
0.21689909920091613,7.9440372863910715,81.75155299006123
0.03236271870313773,5.259981696187465,59.688048146638536
0.07123233234738094,4.547887248042001,83.32169939521621
0.1413111825543787,1.1651695582293664,74.06429544526782
0.12080892394511208,0.790334738441969,96.17481559658529
0.3209238839692082,6.039425321657299,65.92479043390182
0.0648262852498177,2.6010772980009897,78.4186501049732
0.04781142636297902,2.015586885446381,63.165537956584444
0.19577615097149198,5.138800787306772,50.59054069648588
0.040101726179093036,7.524780352958719,50.1163969858738
0.026141188655301937,0.6152795743388455,54.64020135336555
0.01987166689375851,7.507908231304872,84.64887926480569
0.024497390085979717,5.575249835589403,67.31082554457353
0.12196133590518747,5.982695345149088,61.49177275236934
0.14215219186612338,6.506608369000599,65.84118015699077
0.08275658084200932,0.8616271644408403,68.84128113545127
0.03508620593339025,4.028073388390098,68.14839262593756
0.11978454014053369,2.0429873932881035,92.09406230565176
0.050674037384914924,1.5727843902647072,90.11619631624352
0.017658777024626083,5.534010473916109,86.90578040563497
0.017438194427359437,5.338829326850899,75.37456147293415
0.023962086934077385,3.04271393752931,58.897165884116134
0.10022485953463303,4.530128813186382,60.07758701092607
0.020738669779823568,7.73098481575869,79.54767494054016
0.09642317511551354,1.185340012141375,61.66693875200899
0.018728554235995225,4.514595633470215,51.77730264667961
0.09972699316879141,3.915248370469154,66.5734026049224
0.09809575575275785,0.39872184996263904,78.93373000246548
0.02219587748842174,3.5768612787690564,56.90237269278143
0.050994929372863054,3.8939738664044463,72.81508346550618
0.09631177652025347,3.2501613350893095,59.714651590983216
0.04097020198006446,6.724039006512177,62.68023179594788
0.21689909920091613,7.9440372863910715,81.75155299006123
0.03236271870313773,5.259981696187465,59.688048146638536
0.08525728630003931,4.855146041748308,87.91773335919464
0.1413111825543787,1.1651695582293664,74.06429544526782
0.12080892394511208,0.790334738441969,96.17481559658529
0.17598570503046684,3.684837520264479,59.534184229747076
0.0648262852498177,2.6010772980009897,78.4186501049732
0.05472317717548511,2.018218221960783,65.94361356259807
0.19577615097149198,5.138800787306772,50.59054069648588
0.040101726179093036,7.524780352958719,50.1163969858738
0.027156288076705146,0.36718707036565545,55.39839232789998
0.025426770025619994,7.433091285899123,83.57330928011295
0.024319552286554635,5.579173969115329,67.31256876356525
0.143137520898953,7.236037532182472,55.21809867535457
0.16503648000265078,6.875952477526386,68.44879917910445
0.08275658084200932,0.8616271644408403,68.84128113545127
0.03555782829726678,3.8147455997561623,69.6134583028443
0.1389915695782178,1.424466696737765,95.23176050522758
0.050674037384914924,1.5727843902647072,90.11619631624352
0.018123972874197286,5.478195498864624,86.95101621903503
0.017438194427359437,5.338829326850899,75.37456147293415
0.023962086934077385,3.04271393752931,58.897165884116134
0.09874337799639682,4.508144420864631,60.32129491778864
0.020738669779823568,7.73098481575869,79.54767494054016
0.10951475998559303,0.5987555441653223,54.72617806864496
0.018728554235995225,4.514595633470215,51.77730264667961
0.10443185734826005,3.616791324774339,70.00738034917657
0.09809575575275785,0.39872184996263904,78.93373000246548
0.02219587748842174,3.5768612787690564,56.90237269278143
0.050994929372863054,3.8939738664044463,72.81508346550618
0.06674063793192955,4.033240903817844,65.58583625271743
0.03985315032111952,7.3170228396727,59.52195587683741
0.21689909920091613,7.9440372863910715,81.75155299006123
0.03236271870313773,5.259981696187465,59.688048146638536
0.08511763040036158,4.903622687047931,88.01546066821014
0.1413111825543787,1.1651695582293664,74.06429544526782
0.12080892394511208,0.790334738441969,96.17481559658529
0.21042847818980973,2.8273643042826393,54.03484849764871
0.0648262852498177,2.6010772980009897,78.4186501049732
0.05472317717548511,2.018218221960783,65.94361356259807
0.14669036672984756,5.8911252511404895,50.44103819529036
0.040101726179093036,7.524780352958719,50.1163969858738
0.027156288076705146,0.36718707036565545,55.39839232789998
0.025426770025619994,7.433091285899123,83.57330928011295
0.013978610558312884,4.304355786372341,78.58000324456637
0.143137520898953,7.236037532182472,55.21809867535457
0.16503648000265078,6.875952477526386,68.44879917910445
0.08275658084200932,0.8616271644408403,68.84128113545127
0.03850223157882911,3.378046298755084,73.60707394666295
0.13414371907180045,1.5187121366174052,94.18853293729703
0.050674037384914924,1.5727843902647072,90.11619631624352
0.018123972874197286,5.478195498864624,86.95101621903503
0.022515287459683432,5.312006578677527,70.03825151499146
0.023962086934077385,3.04271393752931,58.897165884116134
0.09419442297523557,4.742151150638666,59.5296797389999
0.030932282787860893,7.316217933625211,76.76973465125599
0.0718945225431169,2.8716239180579666,57.14564393617068
0.018728554235995225,4.514595633470215,51.77730264667961
0.1419937084507062,2.7603738175814687,75.38573267800166
0.05918375773124257,1.982239675295932,78.71405253036677
0.02219587748842174,3.5768612787690564,56.90237269278143
0.050994929372863054,3.8939738664044463,72.81508346550618
0.0322112382718851,3.03465213364184,64.58013357990261
0.03655694146156245,6.618820246892024,59.0329396294562
0.16204518794022815,4.460212240975984,80.45050701253491
0.03287738432188525,5.185366759004522,59.83203108193487
0.05896924524674235,5.3368717219774435,95.10613278850857
0.1557858663520562,0.8093416162096845,77.59215361126934
0.12080892394511208,0.790334738441969,96.17481559658529
0.20372136280659056,3.425583133626091,56.16465185968495
0.09102334157833654,0.987195163736966,73.6325300107933
0.05472317717548511,2.018218221960783,65.94361356259807
0.14669036672984756,5.8911252511404895,50.44103819529036
0.040101726179093036,7.524780352958719,50.1163969858738
0.030301573026076924,2.106229831793085,54.115053724715715
0.025441753774993404,7.439619891243717,83.64443619053716
0.013097474793173133,3.857713931216567,78.45387267199345
0.14143403033811536,7.125288735392273,55.858407654436654
0.16503648000265078,6.875952477526386,68.44879917910445
0.10591129509690833,1.8778032616497797,72.6845407115071
0.0202319425670254,3.2309951463275013,72.35313185645458
0.13414371907180045,1.5187121366174052,94.18853293729703
0.055050759240846965,1.5092650504005973,88.32819962021334
0.018123972874197286,5.478195498864624,86.95101621903503
0.01284483889147459,4.41200759244631,77.61757960211884
0.021840115495720527,2.5327311639088905,58.674654265917276
0.1142527122081523,4.597164584744559,59.4307732878773
0.05264589877806186,4.6118396670922515,73.44782964718885
0.0855905832188466,2.8497787951743723,53.87833793514217
0.018728554235995225,4.514595633470215,51.77730264667961
0.1419937084507062,2.7603738175814687,75.38573267800166
0.05918375773124257,1.982239675295932,78.71405253036677
0.02219587748842174,3.5768612787690564,56.90237269278143
0.050994929372863054,3.8939738664044463,72.81508346550618
0.03487627741851768,2.930667765250824,65.97664558743223
0.03655694146156245,6.618820246892024,59.0329396294562
0.16291256562934053,4.379381471078237,82.14571032083487
0.03287738432188525,5.185366759004522,59.83203108193487
0.05896924524674235,5.3368717219774435,95.10613278850857
0.18217983689462075,0.16050449125668553,84.02505299707354
0.12080892394511208,0.790334738441969,96.17481559658529
0.20372136280659056,3.425583133626091,56.16465185968495
0.09102334157833654,0.987195163736966,73.6325300107933
0.07087518020820183,1.9600089503573013,73.76680704347254
0.14669036672984756,5.8911252511404895,50.44103819529036
0.040101726179093036,7.524780352958719,50.1163969858738
0.030301573026076924,2.106229831793085,54.115053724715715
0.025441753774993404,7.439619891243717,83.64443619053716
0.014881485376721014,4.133199711887503,76.85970662273563
0.1734554669310095,5.253317227188607,66.79918196056086
0.10393966907743032,5.759949326553434,71.87112704154589
0.10915310508146384,1.8442946952036339,77.05762275938174
0.0202319425670254,3.2309951463275013,72.35313185645458
0.11981653713206113,1.734073453639905,91.4421991199213
0.055333251996374996,0.40299944389640885,94.34463528527738
0.018407643431783596,5.026072875875328,70.44745264277988
0.015201555078091018,4.170186941899838,70.00157635055737
0.021840115495720527,2.5327311639088905,58.674654265917276
0.11300659843821537,4.585323951390137,59.37469178921866
0.05106335901714292,5.079103274664464,72.71500949438514
0.0855905832188466,2.8497787951743723,53.87833793514217
0.018728554235995225,4.514595633470215,51.77730264667961
0.2181706727212963,2.6392686357067463,82.077040378443
0.07887758366769546,1.6919283155236924,89.28218133800415
0.019788173027812724,3.699557961325715,55.17938544902902
0.05438999480592056,4.096874658278569,74.25546099346074
0.04042706056795973,0.27783478414093565,55.58183626021206
0.03655694146156245,6.618820246892024,59.0329396294562
0.10848008774414256,4.120833801545302,71.889989017505
0.03287738432188525,5.185366759004522,59.83203108193487
0.05896924524674235,5.3368717219774435,95.10613278850857
0.17247757346686682,0.3789652702591686,82.58240528142592
0.12080892394511208,0.790334738441969,96.17481559658529
0.19477196222351964,3.3362149807442316,57.56085334928967
0.09102334157833654,0.987195163736966,73.6325300107933
0.07087518020820183,1.9600089503573013,73.76680704347254
0.14669036672984756,5.8911252511404895,50.44103819529036
0.040101726179093036,7.524780352958719,50.1163969858738
0.030301573026076924,2.106229831793085,54.115053724715715
0.025441753774993404,7.439619891243717,83.64443619053716
0.014881485376721014,4.133199711887503,76.85970662273563
0.18591039103675644,4.956518393160246,74.41131259246848
0.06915180907110983,6.100920372892372,70.79308823423344
0.1313829878003257,1.3836169256306987,77.36272224414382
0.026305540661698934,3.561174252065345,75.92056101515506
0.11981653713206113,1.734073453639905,91.4421991199213
0.055333251996374996,0.40299944389640885,94.34463528527738
0.018407643431783596,5.026072875875328,70.44745264277988
0.015201555078091018,4.170186941899838,70.00157635055737
0.029412204235962365,1.614114606895735,57.41467892808752
0.12208910937406794,5.151278130211306,56.27210114123302
0.045667353881774245,5.379587351275471,72.31162051325764
0.09792526424970655,2.45021465880468,50.83627479336526
0.018728554235995225,4.514595633470215,51.77730264667961
0.18528958779858912,2.2120322348945853,79.89323785554792
0.07887758366769546,1.6919283155236924,89.28218133800415
0.019788173027812724,3.699557961325715,55.17938544902902
0.061868488834529056,3.0392680521228064,80.63919870358707
0.04042706056795973,0.27783478414093565,55.58183626021206
0.03655694146156245,6.618820246892024,59.0329396294562
0.12651568777004435,4.956427504645912,61.76588868969989
0.04560449008473064,4.65021372872377,58.07194386881666
0.05896924524674235,5.3368717219774435,95.10613278850857
0.17247757346686682,0.3789652702591686,82.58240528142592
0.12080892394511208,0.790334738441969,96.17481559658529
0.19477196222351964,3.3362149807442316,57.56085334928967
0.09102334157833654,0.987195163736966,73.6325300107933
0.07087518020820183,1.9600089503573013,73.76680704347254
0.15008994562695027,5.5670936610668695,53.03500443776851
0.040101726179093036,7.524780352958719,50.1163969858738
0.030301573026076924,2.106229831793085,54.115053724715715
0.0393622686959043,6.469039837144866,85.47346533311753
0.013909181295172516,4.219129706617705,81.15585634031284
0.18591039103675644,4.956518393160246,74.41131259246848
0.04921997696882374,6.296280985650207,70.17542194193501
0.12686386448722245,1.6331109232337218,76.4891800989591
0.021695672918449035,3.0109324683921375,77.07635341341218
0.11981653713206113,1.734073453639905,91.4421991199213
0.055333251996374996,0.40299944389640885,94.34463528527738
0.05696205233337706,3.431303949822457,80.13388689739466
0.015201555078091018,4.170186941899838,70.00157635055737
0.03420257200518372,0.1288636084695547,51.74141488262826
0.12208910937406794,5.151278130211306,56.27210114123302
0.04622197633617056,5.4316761058113645,72.20824179473672
0.12517214622888734,1.693228212217727,62.43863935841567
0.018728554235995225,4.514595633470215,51.77730264667961
0.2540189569723188,0.6208343284577227,83.69128202850683
0.07462798869441432,1.351721962172241,92.5285251913784
0.01357488355552305,4.6411951952141415,55.80839234487543
0.061868488834529056,3.0392680521228064,80.63919870358707
0.04042706056795973,0.27783478414093565,55.58183626021206
0.05389327667882464,5.419506288871224,66.6755373866051
0.12667464472381426,5.032887284638298,61.06173137782037
0.06287693423357865,4.922925421313865,51.29450903523398
0.05896924524674235,5.3368717219774435,95.10613278850857
0.17247757346686682,0.3789652702591686,82.58240528142592
0.12080892394511208,0.790334738441969,96.17481559658529
0.12759775108696764,2.005142332028215,56.69954267197806
0.07286203247348644,2.451900021474182,67.4104304753863
0.07297415395302795,1.837350482378425,73.89959844487788
0.15008994562695027,5.5670936610668695,53.03500443776851
0.03957956632334826,7.451239672002337,50.156973942001834
0.030301573026076924,2.106229831793085,54.115053724715715
0.0393622686959043,6.469039837144866,85.47346533311753
0.013909181295172516,4.219129706617705,81.15585634031284
0.19170380280659655,4.936200728004854,74.75078775327965
0.05276181351452806,6.3691848292505995,70.02928384247535
0.11069008740801684,1.37951600578481,72.57706508274389
0.021695672918449035,3.0109324683921375,77.07635341341218
0.11981653713206113,1.734073453639905,91.4421991199213
0.055333251996374996,0.40299944389640885,94.34463528527738
0.06571117548663097,5.099892025459768,93.12505845267214
0.015201555078091018,4.170186941899838,70.00157635055737
0.03420257200518372,0.1288636084695547,51.74141488262826
0.15145227247565768,5.757517079535488,58.43919980901944
0.012747343237813125,5.545541884365327,71.68030261809241
0.12517214622888734,1.693228212217727,62.43863935841567
0.018728554235995225,4.514595633470215,51.77730264667961
0.2540189569723188,0.6208343284577227,83.69128202850683
0.07462798869441432,1.351721962172241,92.5285251913784
0.01357488355552305,4.6411951952141415,55.80839234487543
0.07070964213741046,4.17791677245877,90.97134542317627
0.04042706056795973,0.27783478414093565,55.58183626021206
0.05389327667882464,5.419506288871224,66.6755373866051
0.12665887138213,4.997827293672492,61.076186260882864
0.07831890215822902,4.927141685793659,54.195906332574964
0.0577259397487192,5.595056139426234,97.58470086815429
0.1534184715813282,0.9084747320205749,74.46659046902192
0.12192348804667266,0.751710315460075,96.84346689128964
0.08809421247782809,4.449411287546642,53.763165182239234
0.07286203247348644,2.451900021474182,67.4104304753863
0.0978557039049189,1.2679003306091359,72.3581606752762
0.12016785808275396,4.702600152810312,53.30479130117102
0.03957956632334826,7.451239672002337,50.156973942001834
0.04126138232203222,3.0328137090237886,66.18924215789552
0.012627101820032155,7.053480345471049,96.11672497574304
0.013909181295172516,4.219129706617705,81.15585634031284
0.15366387184345318,4.771108714077233,73.72723323080797
0.05129424131292297,6.488384508775888,69.46030181713557
0.10773575553308282,1.5863022115878467,73.93629978757005
0.021695672918449035,3.0109324683921375,77.07635341341218
0.08460330205118122,2.560332114653877,88.02208345790133
0.05539619758255,0.39811925104567614,94.37694920781448
0.10912277641268173,3.502267904621314,90.67850482118062
0.015201555078091018,4.170186941899838,70.00157635055737
0.03420257200518372,0.1288636084695547,51.74141488262826
0.11615447035981194,5.346295280773921,61.43460773748728
0.013044304270044256,5.461427836790735,71.85937702318697
0.10809558121913973,2.6811239254542696,71.33719771371938
0.018728554235995225,4.514595633470215,51.77730264667961
0.2540189569723188,0.6208343284577227,83.69128202850683
0.07462798869441432,1.351721962172241,92.5285251913784
0.011926112859646829,5.0018657622753535,56.133465766306344
0.07070964213741046,4.17791677245877,90.97134542317627
0.04499500423892062,0.6775970045205479,55.40755299160197
0.05389327667882464,5.419506288871224,66.6755373866051
0.08474085507284844,5.199379406259432,64.97836832838948
0.07831890215822902,4.927141685793659,54.195906332574964
0.04994757239197113,6.181890435336276,97.6745109983262
0.1534184715813282,0.9084747320205749,74.46659046902192
0.12192348804667266,0.751710315460075,96.84346689128964
0.08809421247782809,4.449411287546642,53.763165182239234
0.07063061473171832,2.1592772926707333,69.40966826623861
0.05889445909302277,3.9127096296439756,83.21910661884235
0.08821870762758088,4.481083725075513,52.46854187461132
0.03957956632334826,7.451239672002337,50.156973942001834
0.02167351110876148,4.019698868021443,50.7267621516342
0.012627101820032155,7.053480345471049,96.11672497574304
0.02846632702852528,4.656154895636057,75.88395732016549
0.24892418828968826,3.1730934161743454,77.69783695980736
0.05129424131292297,6.488384508775888,69.46030181713557
0.10773575553308282,1.5863022115878467,73.93629978757005
0.022269990164289745,2.9084120256129893,77.70202214588036
0.09222657291663577,2.4677165134177494,86.86950266477959
0.037851168168820046,3.1283267543574773,95.09065185869802
0.10912277641268173,3.502267904621314,90.67850482118062
0.015201555078091018,4.170186941899838,70.00157635055737
0.03420257200518372,0.1288636084695547,51.74141488262826
0.13555271912881117,5.966317337974136,66.73792860252232
0.013044304270044256,5.461427836790735,71.85937702318697
0.09456305045293151,2.2137110858585483,67.74848835040397
0.019767074149837232,4.4402047340581365,51.11225286566922
0.24160351665119284,0.7961277137958835,82.64017287111017
0.07462798869441432,1.351721962172241,92.5285251913784
0.014304041299295323,4.8315308144277145,54.61068246001802
0.07070964213741046,4.17791677245877,90.97134542317627
0.04499500423892062,0.6775970045205479,55.40755299160197
0.05389327667882464,5.419506288871224,66.6755373866051
0.08474085507284844,5.199379406259432,64.97836832838948
0.07831890215822902,4.927141685793659,54.195906332574964
0.04434679958642175,5.7535846603255765,88.37469119569805
0.1132312575054429,2.211923255374039,73.72018073497911
0.12192348804667266,0.751710315460075,96.84346689128964
0.08809421247782809,4.449411287546642,53.763165182239234
0.07063061473171832,2.1592772926707333,69.40966826623861
0.05051451970060493,3.4955445148438558,89.13313352867775
0.0857698096358745,4.591424321925527,52.89583707401175
0.03957956632334826,7.451239672002337,50.156973942001834
0.02167351110876148,4.019698868021443,50.7267621516342
0.012627101820032155,7.053480345471049,96.11672497574304
0.02677232553064382,4.646946704740427,76.62092207601854
0.2506070112983655,3.719493087177929,76.56172855352163
0.05129424131292297,6.488384508775888,69.46030181713557
0.10773575553308282,1.5863022115878467,73.93629978757005
0.01411385174102197,0.7678667704012323,90.68103584107394
0.09222657291663577,2.4677165134177494,86.86950266477959
0.037851168168820046,3.1283267543574773,95.09065185869802
0.09911996805136805,3.641307855832406,88.97098161132487
0.016859508583394835,2.313339710237666,53.18336375760349
0.03776571243391621,0.5896544068795837,52.52267199808735
0.0749561917356733,5.399184368853173,60.67708722897048
0.013044304270044256,5.461427836790735,71.85937702318697
0.12120330085068812,3.1338638127269087,74.81325086195332
0.038070132249950664,3.936404328395822,61.179656143347266
0.24160351665119284,0.7961277137958835,82.64017287111017
0.07462798869441432,1.351721962172241,92.5285251913784
0.014304041299295323,4.8315308144277145,54.61068246001802
0.07107132529338929,4.187847519611978,90.05692863288303
0.04499500423892062,0.6775970045205479,55.40755299160197
0.05337315565313751,5.433017885084688,66.90037714160306
0.1185664663305176,3.5127457413498124,76.07952905016133
0.07831890215822902,4.927141685793659,54.195906332574964
0.04650318160660975,5.981655545122057,82.50394757748457
0.11827567281427542,1.8530816929377574,75.33402828096156
0.09820046174583415,2.2812883239043646,94.25370709939853
0.08809421247782809,4.449411287546642,53.763165182239234
0.10247680265715331,3.934309133905118,84.8556399807388
0.05051451970060493,3.4955445148438558,89.13313352867775
0.08496868754457058,4.648439322542706,50.73102416795045
0.03957956632334826,7.451239672002337,50.156973942001834
0.02167351110876148,4.019698868021443,50.7267621516342
0.012627101820032155,7.053480345471049,96.11672497574304
0.02677232553064382,4.646946704740427,76.62092207601854
0.26580883506438074,3.9288940067523175,77.66387795953757
0.05129424131292297,6.488384508775888,69.46030181713557
0.10712139496472325,1.7328372135548333,75.00836843944317
0.01411385174102197,0.7678667704012323,90.68103584107394
0.13253179615218824,3.3448185056162547,84.90279745686759
0.037851168168820046,3.1283267543574773,95.09065185869802
0.1066796305780418,4.348008462984004,87.87291483210787
0.016859508583394835,2.313339710237666,53.18336375760349
0.051693938643524576,0.9795205042561244,62.14030594990961
0.07213822095385075,5.179706688274917,63.957890069451786
0.013044304270044256,5.461427836790735,71.85937702318697
0.11814761253888639,2.8298495238741257,74.85559019483844
0.035801628389363904,4.428755891284396,61.01969807201953
0.2615730842540831,0.7768434061511654,84.79579599779964
0.07462798869441432,1.351721962172241,92.5285251913784
0.01498009009284429,4.8233157838876926,54.87215257703173
0.09338613219305017,2.8772688162294897,95.18524601089794
0.04499500423892062,0.6775970045205479,55.40755299160197
0.07784031053015573,5.4157818204659005,63.89179608916342
0.12948531722606457,5.210817793638588,77.10143993387759
0.07786283979012121,4.868983501075466,54.212488619736085
0.03913900845047505,6.063275552315291,82.71834595447841
0.12845449047439306,1.5614916690453673,77.36284282725012
0.09954688456684056,1.5285255235907425,98.23574802322227
0.08809421247782809,4.449411287546642,53.763165182239234
0.0954016270315453,3.8460706673648093,85.97616293018572
0.05865158872966601,4.105294372187341,88.78711273641656
0.08496868754457058,4.648439322542706,50.73102416795045
0.03957956632334826,7.451239672002337,50.156973942001834
0.02167351110876148,4.019698868021443,50.7267621516342
0.010419844113228924,7.260759746437829,96.52357735326028
0.024258535517815098,5.016872171194239,78.08155097000476
0.48714912108385533,4.872804121789402,59.2197653616713
0.05129424131292297,6.488384508775888,69.46030181713557
0.08850468771640094,2.4706577257567037,75.69881696938776
0.02882483742640439,1.0920620936779788,88.74864323720188
0.05529914715431039,3.0063528664057304,89.0976755335746
0.016946816247950816,2.867616906980658,98.40135498610424
0.10054826171406696,4.407414872702127,85.81122769655285
0.016859508583394835,2.313339710237666,53.18336375760349
0.055138226354889165,0.998918978678819,59.52449280683338
0.08054800802775326,5.170425339035161,64.99889381142646
0.013044304270044256,5.461427836790735,71.85937702318697
0.10647465610680765,3.0554015605058833,72.59455114742096
0.014245168869903069,5.243599582378501,56.79161067092262
0.2615730842540831,0.7768434061511654,84.79579599779964
0.07649250249850269,1.5755993358689175,91.9404255197121
0.01498009009284429,4.8233157838876926,54.87215257703173
0.09338613219305017,2.8772688162294897,95.18524601089794
0.034112076627833776,1.3103091370749458,54.547227276237855
0.10064620289380408,4.839972028809346,66.48651211191505
0.04911305164141033,5.966601686929158,76.7698433092448
0.08580855368531347,4.2435945853428585,61.50986044819619
0.03913900845047505,6.063275552315291,82.71834595447841
0.10462576326815556,2.7625351798126148,78.79165248240822
0.09954688456684056,1.5285255235907425,98.23574802322227
0.08809421247782809,4.449411287546642,53.763165182239234
0.08677774994449178,4.859095261149932,92.69314254139036
0.06152019393025409,3.1761354821597867,96.32257180521972
0.11550014154554766,3.9791159374284097,56.620158490509475
0.03957956632334826,7.451239672002337,50.156973942001834
0.02167351110876148,4.019698868021443,50.7267621516342
0.010419844113228924,7.260759746437829,96.52357735326028
0.024258535517815098,5.016872171194239,78.08155097000476
0.48714912108385533,4.872804121789402,59.2197653616713
0.04726679516939849,6.353069265484796,68.08314260812195
0.08850468771640094,2.4706577257567037,75.69881696938776
0.02882483742640439,1.0920620936779788,88.74864323720188
0.05268304156124256,4.096365294457786,82.25332443625554
0.025214356033600015,2.810969309783913,82.73902564577965
0.0987907388126843,4.30013604771937,87.05856637432245
0.016859508583394835,2.313339710237666,53.18336375760349
0.055138226354889165,0.998918978678819,59.52449280683338
0.08054800802775326,5.170425339035161,64.99889381142646
0.012306149234962538,5.704753115470271,78.33695584895567
0.1511551503771868,0.11933823822006939,87.58103286099816
0.014245168869903069,5.243599582378501,56.79161067092262
0.20019374085022484,1.9874796501917822,76.66403340637052
0.059776635818235564,4.236358156407128,73.01896658455114
0.01498009009284429,4.8233157838876926,54.87215257703173
0.09338613219305017,2.8772688162294897,95.18524601089794
0.03562380157044755,2.739645785119859,63.01899181766596
0.148814473297975,7.353574186482479,51.556019704294854
0.04911305164141033,5.966601686929158,76.7698433092448
0.08580855368531347,4.2435945853428585,61.50986044819619
0.04386793020155677,4.5663932609818,75.86289106308443
0.10206765068160362,2.4967570056955646,80.36834062210234
0.1038198526653387,2.0337308269102934,94.1872245397239
0.11789932315614253,3.7948309695096034,59.85206601848754
0.08677774994449178,4.859095261149932,92.69314254139036
0.06152019393025409,3.1761354821597867,96.32257180521972
0.12312991384811478,3.8481863700529817,57.41554142966096
0.03957956632334826,7.451239672002337,50.156973942001834
0.04345815994039099,4.160635864545029,51.72264103230847
0.010419844113228924,7.260759746437829,96.52357735326028
0.024258535517815098,5.016872171194239,78.08155097000476
0.42578533430637006,4.62418518019231,64.14140281064213
0.036363573359089046,7.185821854908529,63.05037147147422
0.02817033905944452,4.127906650090018,67.47578889223792
0.02882483742640439,1.0920620936779788,88.74864323720188
0.05268304156124256,4.096365294457786,82.25332443625554
0.025214356033600015,2.810969309783913,82.73902564577965
0.0949554080664552,6.028554588531543,81.62206948000564
0.02651085331873483,2.772478023434969,56.697911314781244
0.055138226354889165,0.998918978678819,59.52449280683338
0.09171318136425033,5.60078891352303,58.085240820660665
0.012306149234962538,5.704753115470271,78.33695584895567
0.16630470458798519,0.33366615886952466,86.30225824916707
0.015149116934978881,5.223131960264374,58.713541727242
0.256602774338919,0.7486235533393497,88.18786282234947
0.05996426075617401,4.232465770847588,72.98542575686577
0.01498009009284429,4.8233157838876926,54.87215257703173
0.09251503578020344,2.8764216436092083,95.02620867133683
0.03562380157044755,2.739645785119859,63.01899181766596
0.148814473297975,7.353574186482479,51.556019704294854
0.048609569955045395,5.83219501824809,76.68278453442223
0.0988078755125326,3.7233429301869245,55.47242358265514
0.046987742953962824,4.315080857073747,73.93580105287171
0.09047437064289351,2.8722729239984672,80.81084984947424
0.1482137998850101,0.9298097148198319,94.84221099838177
0.11789932315614253,3.7948309695096034,59.85206601848754
0.08677774994449178,4.859095261149932,92.69314254139036
0.05934959445017683,3.1395495246916543,93.53111219179905
0.1323796258193441,3.7647866390182356,57.633069424629234
0.03957956632334826,7.451239672002337,50.156973942001834
0.035983555284647334,4.197366174140018,50.906369023311235
0.010419844113228924,7.260759746437829,96.52357735326028
0.033215577972369084,3.5645241357403714,66.1450167679283
0.42578533430637006,4.62418518019231,64.14140281064213
0.036363573359089046,7.185821854908529,63.05037147147422
0.023477227008954174,4.219186268524029,65.46634268064915
0.02882483742640439,1.0920620936779788,88.74864323720188
0.04961517540759565,3.9212540420867565,79.51165057633503
0.025214356033600015,2.810969309783913,82.73902564577965
0.0949554080664552,6.028554588531543,81.62206948000564
0.02651085331873483,2.772478023434969,56.697911314781244
0.055138226354889165,0.998918978678819,59.52449280683338
0.08705421392656051,5.625801052217433,60.095405346339476
0.012306149234962538,5.704753115470271,78.33695584895567
0.1500204887766306,1.24827635167118,81.65757907752952
0.04383305041935957,5.6293521292192175,57.786995460671605
0.256602774338919,0.7486235533393497,88.18786282234947
0.05996426075617401,4.232465770847588,72.98542575686577
0.01498009009284429,4.8233157838876926,54.87215257703173
0.07260207830908609,4.597350120719295,78.14756053438103
0.028617144668133344,2.7227038850854104,60.746245208256816
0.1336669489499232,6.901574485292837,54.885187612724884
0.048609569955045395,5.83219501824809,76.68278453442223
0.1374673147357115,3.2160608461870774,55.749254711416945
0.05980573076395274,4.367362809113819,78.55336939659892
0.09477123074259351,2.87897681934887,82.43067827371738
0.1482137998850101,0.9298097148198319,94.84221099838177
0.11789932315614253,3.7948309695096034,59.85206601848754
0.08677774994449178,4.859095261149932,92.69314254139036
0.06751857771704203,3.074738469225248,93.89936955952585
0.11248426140714046,4.255795540340348,62.157371338333895
0.03957956632334826,7.451239672002337,50.156973942001834
0.04053346003978037,4.7864923335666525,60.19514608922536
0.010427597972463691,7.258427594565855,96.51635281796439
0.06838872479648181,3.446957265136629,62.637625174133895
0.5822052201305984,4.733951204234,57.981720287196055
0.036363573359089046,7.185821854908529,63.05037147147422
0.07486012910299755,5.47001882071329,60.53221229788704
0.033581555155843615,1.7393660246269462,86.63526889973824
0.08469072643015346,3.639700967651565,70.02435595889584
0.02446363709351619,2.8332571603036594,97.81777511430317
0.0949554080664552,6.028554588531543,81.62206948000564
0.026175939467458414,2.7824211718699985,63.42490564953395
0.027996226937269122,0.2679784999220076,60.76910163467798
0.10072576171332341,5.872457615066937,60.06609347542762
0.012306149234962538,5.704753115470271,78.33695584895567
0.16149870975095998,0.741956829039812,82.19670059048035
0.05059825619092974,5.818344928357439,58.47044394139817
0.256602774338919,0.7486235533393497,88.18786282234947
0.05996426075617401,4.232465770847588,72.98542575686577
0.01498009009284429,4.8233157838876926,54.87215257703173
0.06363670119174883,5.058779581299261,77.60021179375451
0.027954838753144907,2.853891763893172,57.292370157716356
0.1336669489499232,6.901574485292837,54.885187612724884
0.03166390002359161,5.760399046883698,74.87680808009526
0.1374673147357115,3.2160608461870774,55.749254711416945
0.05980573076395274,4.367362809113819,78.55336939659892
0.11894226399430366,1.1867050618704242,86.18077077849672
0.1482137998850101,0.9298097148198319,94.84221099838177
0.15841109417477844,2.6036414788420617,50.0116179998927
0.04727738945458185,7.114352563759237,99.58577153060583
0.06751857771704203,3.074738469225248,93.89936955952585
0.08559770874632952,4.412287951983199,60.14848889534697
0.04838683619849361,6.060558516198786,60.02007670411607
0.04710723581164632,5.704082134778835,58.716359063320695
0.04726524226595109,6.7224427598460625,90.02534931272697
0.06838872479648181,3.446957265136629,62.637625174133895
0.3247354625375597,5.6910238852531485,73.40450740162672
0.036363573359089046,7.185821854908529,63.05037147147422
0.07417197073180729,5.3973839448408825,61.041110484938415
0.03024270471701644,0.760665250812159,93.52712645064881
0.03694349019692114,4.0229702468313615,82.93910951534927
0.02446363709351619,2.8332571603036594,97.81777511430317
0.04059532801226798,7.804132380933397,79.41407154017244
0.02984768921507445,3.324339857659545,62.86204319636945
0.027996226937269122,0.2679784999220076,60.76910163467798
0.14148632890360502,7.563221606921026,61.61971587101945
0.012306149234962538,5.704753115470271,78.33695584895567
0.15115193223835188,1.1983668827121567,81.71072193932541
0.05860793756698737,7.785277459644851,57.65584824695127
0.256602774338919,0.7486235533393497,88.18786282234947
0.05999265555726367,4.227982189061407,73.01722458272523
0.01498009009284429,4.8233157838876926,54.87215257703173
0.07820553229959074,3.578298948605571,66.5431807236418
0.027954838753144907,2.853891763893172,57.292370157716356
0.1336669489499232,6.901574485292837,54.885187612724884
0.028806621495336984,5.545670960872444,76.70300353012492
0.1720065392860463,1.2148124937726328,54.91419533592705
0.060630529363611886,4.51622315565726,78.34815688689736
0.13072769597629383,0.7790573755423282,86.64668479838048
0.1482137998850101,0.9298097148198319,94.84221099838177
0.15841109417477844,2.6036414788420617,50.0116179998927
0.04727738945458185,7.114352563759237,99.58577153060583
0.06751857771704203,3.074738469225248,93.89936955952585
0.08901972809609998,4.075193781800103,60.026197936670144
0.04838683619849361,6.060558516198786,60.02007670411607
0.049749240195747044,4.8520519574317555,50.3189049240101
0.04726524226595109,6.7224427598460625,90.02534931272697
0.12143509304854867,2.079934474951625,70.35042519838092
0.3247354625375597,5.6910238852531485,73.40450740162672
0.03642499076470103,7.2174622764405125,63.09242791858237
0.06763562358369357,6.925587186727828,55.0767111620345
0.03024270471701644,0.760665250812159,93.52712645064881
0.03694349019692114,4.0229702468313615,82.93910951534927
0.02446363709351619,2.8332571603036594,97.81777511430317
0.04059532801226798,7.804132380933397,79.41407154017244
0.030615686740393236,3.3123625922907003,62.86355579510859
0.027996226937269122,0.2679784999220076,60.76910163467798
0.14148632890360502,7.563221606921026,61.61971587101945
0.012306149234962538,5.704753115470271,78.33695584895567
0.14422822275717265,1.5760336634655134,79.85166171120535
0.05860793756698737,7.785277459644851,57.65584824695127
0.284902803424081,0.768580086148136,89.6821858685263
0.047035899931956116,3.159407819218618,83.96074207956505
0.017213308625602455,4.981731066191484,57.963905896571084
0.08862396442915035,2.4076975216845424,62.977805183679735
0.0286784665118918,2.7220620405196656,56.31922500330491
0.08836929644731406,4.211984876814329,71.80954737469284
0.028806621495336984,5.545670960872444,76.70300353012492
0.1664033894669537,1.6165323898418609,54.1096191773822
0.06411593493721697,4.408653219832126,87.32625768987401
0.13072769597629383,0.7790573755423282,86.64668479838048
0.09454418607233037,0.6343435459246767,79.63070259651009
0.14766392511497395,2.960065208867825,51.41875301668661
0.04727738945458185,7.114352563759237,99.58577153060583
0.06676403331633263,2.8113331458707465,97.62574125390319
0.08937903727102361,4.083031330518512,59.821359509966086
0.04838683619849361,6.060558516198786,60.02007670411607
0.049749240195747044,4.8520519574317555,50.3189049240101
0.04726524226595109,6.7224427598460625,90.02534931272697
0.09108428029517157,3.979680775828545,78.40153938333125
0.22560588689105632,4.787320530551468,77.1727346693632
0.03642499076470103,7.2174622764405125,63.09242791858237
0.06512783306139946,6.903934671037936,54.85452661924051
0.03024270471701644,0.760665250812159,93.52712645064881
0.03601163663031283,3.5692935017659706,84.41154604895523
0.032130366953438114,2.965188041527062,95.5833470587928
0.03949190757547253,7.936644329831022,79.93520499857773
0.03172519685140575,3.8117456724105128,64.70359834386952
0.027996226937269122,0.2679784999220076,60.76910163467798
0.14148632890360502,7.563221606921026,61.61971587101945
0.012306149234962538,5.704753115470271,78.33695584895567
0.17069613648563714,1.0500510767925713,83.41545593924492
0.05972772777980852,7.933833654805309,56.90065356459626
0.284902803424081,0.768580086148136,89.6821858685263
0.038216420181480776,4.313902196508122,80.44938652078173
0.025387401248162068,5.3171417345149985,60.14418263262656
0.07533482244576241,3.632197588362654,63.0069865581726
0.0286784665118918,2.7220620405196656,56.31922500330491
0.04654885672909398,6.185467829324418,65.78858026996357
0.028806621495336984,5.545670960872444,76.70300353012492
0.1664033894669537,1.6165323898418609,54.1096191773822
0.06411593493721697,4.408653219832126,87.32625768987401
0.13072769597629383,0.7790573755423282,86.64668479838048
0.09454418607233037,0.6343435459246767,79.63070259651009
0.14766392511497395,2.960065208867825,51.41875301668661
0.04727738945458185,7.114352563759237,99.58577153060583
0.06676403331633263,2.8113331458707465,97.62574125390319
0.07660039929281703,5.003094051201536,71.89060268646621
0.06993666176240262,3.5271811364034154,69.17583561001706
0.048407343519099325,4.7651736416575075,53.73713065360032
0.04726524226595109,6.7224427598460625,90.02534931272697
0.09127435506999898,3.976657348190739,78.33863734762984
0.34332694105869516,7.213684080866266,67.3179799538693
0.02915892347467614,6.994089260795531,65.02309593717375
0.06512783306139946,6.903934671037936,54.85452661924051
0.032663640418834475,1.2619107445163333,90.78571891821066
0.026192503386646974,0.4794505210652469,71.18582166125327
0.032130366953438114,2.965188041527062,95.5833470587928
0.03949190757547253,7.936644329831022,79.93520499857773
0.03172519685140575,3.8117456724105128,64.70359834386952
0.027996226937269122,0.2679784999220076,60.76910163467798
0.14148632890360502,7.563221606921026,61.61971587101945
0.03573470716243231,4.819503808889638,74.61268155768862
0.1811912479922015,0.567984226915037,85.00397627310119
0.05972772777980852,7.933833654805309,56.90065356459626
0.284902803424081,0.768580086148136,89.6821858685263
0.04022029237321435,3.9056515231343565,85.16226455185242
0.025387401248162068,5.3171417345149985,60.14418263262656
0.09662161183355678,3.197173459301836,60.44453199900639
0.029268690520347383,1.9819807206794848,70.35864474546737
0.05317924162870602,5.5095876445503285,67.55436103993087
0.010145287613897151,4.104380310251026,88.65400751245751
0.13978384719646925,2.3150952132589944,55.24876175979323
0.06411593493721697,4.408653219832126,87.32625768987401
0.10228377146435412,2.7210324500382583,79.54216427459966
0.09454418607233037,0.6343435459246767,79.63070259651009
0.14766392511497395,2.960065208867825,51.41875301668661
0.04727738945458185,7.114352563759237,99.58577153060583
0.06631632176931147,3.931186876885221,85.92230421169292
0.13920382890299277,3.7304486487150905,77.23770431996346
0.053772757881867334,3.566299851699693,62.1930390168713
0.048407343519099325,4.7651736416575075,53.73713065360032
0.04977265605432011,6.355070743653089,89.48532574824507
0.09869506286900528,3.457582126561488,81.59944730405381
0.27804516223616715,5.877603810159406,68.55104890806197
0.027490723481594675,7.1563479615494225,64.65040630712681
0.051104382246149806,6.343993279261141,56.721120099701885
0.032663640418834475,1.2619107445163333,90.78571891821066
0.026192503386646974,0.4794505210652469,71.18582166125327
0.032130366953438114,2.965188041527062,95.5833470587928
0.03885893150832887,7.317900728102299,80.94104080871588
0.03172519685140575,3.8117456724105128,64.70359834386952
0.027996226937269122,0.2679784999220076,60.76910163467798
0.14148632890360502,7.563221606921026,61.61971587101945
0.03278402136930123,3.084005277462674,69.33411865950137
0.1811912479922015,0.567984226915037,85.00397627310119
0.05972772777980852,7.933833654805309,56.90065356459626
0.2849737411271641,0.7684413458218988,89.68187551981245
0.03996892797939959,5.2967405003731685,83.35841491067929
0.025585901539716602,4.124394789229635,62.86653109209897
0.0822050171717922,3.645371620888959,56.25788098216117
0.02243244086421304,0.6461422886344508,73.37916659580628
0.05317924162870602,5.5095876445503285,67.55436103993087
0.010145287613897151,4.104380310251026,88.65400751245751
0.13978384719646925,2.3150952132589944,55.24876175979323
0.08721958116507086,4.538905755392211,86.75787721453348
0.10228377146435412,2.7210324500382583,79.54216427459966
0.09454418607233037,0.6343435459246767,79.63070259651009
0.14766392511497395,2.960065208867825,51.41875301668661
0.04727738945458185,7.114352563759237,99.58577153060583
0.06928536425466375,3.4961796478965206,85.28285933287974
0.14993828653247993,3.1627174992169333,79.98453269424232
0.053772757881867334,3.566299851699693,62.1930390168713
0.04878315431169884,4.681200684721075,54.32940953632771
0.04977265605432011,6.355070743653089,89.48532574824507
0.09534036313345326,3.7736922633970393,83.10744356103156
0.27804516223616715,5.877603810159406,68.55104890806197
0.027490723481594675,7.1563479615494225,64.65040630712681
0.04311929378119146,4.922045509484923,73.07603050882491
0.032663640418834475,1.2619107445163333,90.78571891821066
0.026192503386646974,0.4794505210652469,71.18582166125327
0.032130366953438114,2.965188041527062,95.5833470587928
0.030973455905024403,7.508562021925004,63.476729627701594
0.03172519685140575,3.8117456724105128,64.70359834386952
0.03160555395783045,1.0342659743724232,59.650949140276026
0.15083741992613317,7.840673410286526,61.51912018827893
0.03613279660364148,4.4072313518903155,68.39337372488416
0.17295536312177429,0.761784846193656,83.52955719258807
0.05972772777980852,7.933833654805309,56.90065356459626
0.3034301869538205,0.5296523068925914,91.58989076270272
0.03996892797939959,5.2967405003731685,83.35841491067929
0.025585901539716602,4.124394789229635,62.86653109209897
0.08229322621312425,3.661089396054983,56.79439331541581
0.02243244086421304,0.6461422886344508,73.37916659580628
0.05239350048317863,5.218706699980071,68.83268035261258
0.010145287613897151,4.104380310251026,88.65400751245751
0.13566039332297547,1.9775980394765869,57.25291255000202
0.11453415890570695,4.100817926743638,88.72303263810221
0.12222167350826518,1.309639324301636,88.43253499315125
0.09454418607233037,0.6343435459246767,79.63070259651009
0.14766392511497395,2.960065208867825,51.41875301668661
0.04727738945458185,7.114352563759237,99.58577153060583
0.06928536425466375,3.4961796478965206,85.28285933287974
0.11044869768368129,3.136185701419203,76.39456120907626
0.044116085805947725,3.5516686596238465,57.28472666966523
0.04878315431169884,4.681200684721075,54.32940953632771
0.04977265605432011,6.355070743653089,89.48532574824507
0.09776258876076616,3.63295052181804,84.55227710188665
0.29802564570854956,6.016358727565418,69.00094095780095
0.027490723481594675,7.1563479615494225,64.65040630712681
0.048451303172812196,5.8889568195914315,67.88305073801604
0.032663640418834475,1.2619107445163333,90.78571891821066
0.026192503386646974,0.4794505210652469,71.18582166125327
0.032130366953438114,2.965188041527062,95.5833470587928
0.030973455905024403,7.508562021925004,63.476729627701594
0.01279894477474542,2.5233719604584994,60.92254072371054
0.03160555395783045,1.0342659743724232,59.650949140276026
0.10167975085395385,7.704470491773814,62.32195962197868
0.03613279660364148,4.4072313518903155,68.39337372488416
0.12408683063906584,2.3276504364964294,79.59499177560603
0.05972772777980852,7.933833654805309,56.90065356459626
0.3034301869538205,0.5296523068925914,91.58989076270272
0.03996892797939959,5.2967405003731685,83.35841491067929
0.025585901539716602,4.124394789229635,62.86653109209897
0.08229322621312425,3.661089396054983,56.79439331541581
0.03832102711066063,3.750853966304308,66.35896921531348
0.05342222335629314,5.1068214680005015,69.09621515190315
0.011452757125324228,4.318074752179816,87.07352656209622
0.13566039332297547,1.9775980394765869,57.25291255000202
0.10190195004837836,3.633701365955601,84.29458926933866
0.10077749162499425,1.9251968825843961,79.88078746005797
0.09454418607233037,0.6343435459246767,79.63070259651009
0.14109730471456816,3.0304845222007413,51.95874707891744
0.04727738945458185,7.114352563759237,99.58577153060583
0.08694374924702286,2.5339225005378325,93.52073682119111
0.10135513369661667,3.6364733753690466,74.91650181057184
0.05238598608571179,3.314280278422661,60.582688778985506
0.04878315431169884,4.681200684721075,54.32940953632771
0.04977265605432011,6.355070743653089,89.48532574824507
0.09861092055905292,3.65661597433979,84.76324032796954
0.38974097519699324,7.918643990240361,63.942091553737576
0.027490723481594675,7.1563479615494225,64.65040630712681
0.07118329639207642,7.233274670013888,65.33987487147192
0.032663640418834475,1.2619107445163333,90.78571891821066
0.026192503386646974,0.4794505210652469,71.18582166125327
0.032130366953438114,2.965188041527062,95.5833470587928
0.030973455905024403,7.508562021925004,63.476729627701594
0.01279894477474542,2.5233719604584994,60.92254072371054
0.01226368646693049,1.2864709013896916,53.58607795339194
0.10167975085395385,7.704470491773814,62.32195962197868
0.03613279660364148,4.4072313518903155,68.39337372488416
0.14799549254818398,1.2019086968596904,83.29717840598553
0.05972772777980852,7.933833654805309,56.90065356459626
0.3034301869538205,0.5296523068925914,91.58989076270272
0.04630538556318459,5.650048958539725,86.08355960047521
0.042380992975252156,3.987176952102609,61.06813714994238
0.12179319474271941,3.338370090297074,52.56479418571422
0.013165022859720515,3.8022072749144593,71.8307563196065
0.05342222335629314,5.1068214680005015,69.09621515190315
0.03565627861853268,4.088614067670852,80.46623634417188
0.13168384537605052,2.1726773631657004,60.43826452743173
0.08740182330795722,4.320141093595092,80.46663002439263
0.10077749162499425,1.9251968825843961,79.88078746005797
0.0987116773351222,0.1592473156651204,80.69286736900484
0.13836026553015845,3.1149323187090636,52.42919850017762
0.04727738945458185,7.114352563759237,99.58577153060583
0.07336540085760723,3.7174228879833913,84.47695111672644
0.1236065811017523,3.8522497658513695,68.27339932418923
0.05238598608571179,3.314280278422661,60.582688778985506
0.04878315431169884,4.681200684721075,54.32940953632771
0.04977265605432011,6.355070743653089,89.48532574824507
0.09925701602350176,3.651873616080853,82.44493166286624
0.38974097519699324,7.918643990240361,63.942091553737576
0.01863838373024844,7.075819157375695,64.97755242220575
0.07015201003381595,7.245311927767055,64.48224811217612
0.032663640418834475,1.2619107445163333,90.78571891821066
0.028292804175429568,0.15893452260964125,72.79525031820958
0.032130366953438114,2.965188041527062,95.5833470587928
0.030973455905024403,7.508562021925004,63.476729627701594
0.012481028826289944,1.412783376765264,51.44943689843785
0.01226368646693049,1.2864709013896916,53.58607795339194
0.08164116922204315,7.648948874239143,62.64922826252157
0.030480790042690033,4.004619532331246,69.1067797636491
0.1417524547793106,1.4123392316154884,83.3958700386098
0.06559259043981347,7.298529841897544,60.6905948828346
0.3034301869538205,0.5296523068925914,91.58989076270272
0.0318448888648946,6.018384684956859,87.69032867210112
0.042380992975252156,3.987176952102609,61.06813714994238
0.12179319474271941,3.338370090297074,52.56479418571422
0.013165022859720515,3.8022072749144593,71.8307563196065
0.06737317672098439,5.671325382669348,69.66334257095487
0.03240030639293545,4.047152062505941,79.2161112548394
0.13956153254463105,0.5346046796408799,52.79672417955473
0.09685561892267315,4.362440564892728,80.466701948891
0.10590282461297688,1.4800512727867314,78.91565432371883
0.0987116773351222,0.1592473156651204,80.69286736900484
0.13836026553015845,3.1149323187090636,52.42919850017762
0.04727738945458185,7.114352563759237,99.58577153060583
0.10296814055112208,3.6757312870355907,90.6955501545226
0.1898780880981215,6.420205573242059,65.12936401837607
0.032621469596118766,0.3858204380007102,59.18655485261743
0.04878315431169884,4.681200684721075,54.32940953632771
0.04977265605432011,6.355070743653089,89.48532574824507
0.09925701602350176,3.651873616080853,82.44493166286624
0.3796286054734929,7.769027650142017,64.88548936576389
0.015208067784485661,7.965434389994627,63.781464902547555
0.07015201003381595,7.245311927767055,64.48224811217612
0.032663640418834475,1.2619107445163333,90.78571891821066
0.028292804175429568,0.15893452260964125,72.79525031820958
0.032130366953438114,2.965188041527062,95.5833470587928
0.050847612633679554,5.352298848243265,68.52788409425136
0.012481028826289944,1.412783376765264,51.44943689843785
0.011003053318506779,1.0983735865636932,52.512037225268436
0.08164116922204315,7.648948874239143,62.64922826252157
0.030435142358906958,4.061974953858751,68.65343061517109
0.1255030344771626,2.3065528224756813,80.47406637651262
0.054323498241103066,4.935857369077948,60.1765339307845
0.3034301869538205,0.5296523068925914,91.58989076270272
0.03634634418895438,5.974412063749367,85.40629874950953
0.042380992975252156,3.987176952102609,61.06813714994238
0.12179319474271941,3.338370090297074,52.56479418571422
0.013165022859720515,3.8022072749144593,71.8307563196065
0.06737317672098439,5.671325382669348,69.66334257095487
0.04659841603120267,4.116603292340679,79.49158930451217
0.08861542788968359,1.851663388022757,60.46869072222324
0.10471072167489222,4.310354749970942,84.73756925779554
0.014906493409857613,1.9178783062200777,73.07692391654452
0.0987116773351222,0.1592473156651204,80.69286736900484
0.13108547096133424,3.0165619742231558,52.37257625995983
0.04755586831832685,6.664361074456647,91.2159784611026
0.15433684028365324,1.9033347284371596,94.77382456425131
0.1898780880981215,6.420205573242059,65.12936401837607
0.032621469596118766,0.3858204380007102,59.18655485261743
0.04878315431169884,4.681200684721075,54.32940953632771
0.04977265605432011,6.355070743653089,89.48532574824507
0.12926658667393925,2.794344469661032,97.31723830596465
0.3796286054734929,7.769027650142017,64.88548936576389
0.020486872203413168,7.318190006265111,66.42338124776252
0.0585460023766535,7.2623424561021634,64.93586219681069
0.032663640418834475,1.2619107445163333,90.78571891821066
0.06497723823914922,2.151824496384425,78.52816252051124
0.03750714545694757,3.378046754534584,91.62889155821541
0.06991629645105904,7.310288522184992,77.01609120968536
0.012481028826289944,1.412783376765264,51.44943689843785
0.011003053318506779,1.0983735865636932,52.512037225268436
0.08164116922204315,7.648948874239143,62.64922826252157
0.030435142358906958,4.061974953858751,68.65343061517109
0.1279795501460686,1.6177598249013567,99.10499246384904
0.054323498241103066,4.935857369077948,60.1765339307845
0.2843748916094023,0.9865120966570071,91.56204502430312
0.03623992773218188,5.814750817621911,84.65722326429554
0.042380992975252156,3.987176952102609,61.06813714994238
0.12179319474271941,3.338370090297074,52.56479418571422
0.013165022859720515,3.8022072749144593,71.8307563196065
0.06737317672098439,5.671325382669348,69.66334257095487
0.04659841603120267,4.116603292340679,79.49158930451217
0.09151829094790016,1.365061692796363,66.28352479383112
0.07671011307293008,4.8283746602506366,83.67397669550998
0.014906493409857613,1.9178783062200777,73.07692391654452
0.0987116773351222,0.1592473156651204,80.69286736900484
0.14145732413743384,3.214885200136572,52.89474758363541
0.04755586831832685,6.664361074456647,91.2159784611026
0.15433684028365324,1.9033347284371596,94.77382456425131
0.17181550758288383,6.411808303510011,68.26936732413134
0.032621469596118766,0.3858204380007102,59.18655485261743
0.04878315431169884,4.681200684721075,54.32940953632771
0.04977265605432011,6.355070743653089,89.48532574824507
0.12926658667393925,2.794344469661032,97.31723830596465
0.3796286054734929,7.769027650142017,64.88548936576389
0.020486872203413168,7.318190006265111,66.42338124776252
0.0585460023766535,7.2623424561021634,64.93586219681069
0.03266461309667163,1.2821179297126195,91.51455949043526
0.06497723823914922,2.151824496384425,78.52816252051124
0.03750714545694757,3.378046754534584,91.62889155821541
0.06991629645105904,7.310288522184992,77.01609120968536
0.022674658353079025,1.589260639386115,51.822480736572814
0.011003053318506779,1.0983735865636932,52.512037225268436
0.08164116922204315,7.648948874239143,62.64922826252157
0.03035438561412862,4.061702013681044,68.5992798018589
0.1279795501460686,1.6177598249013567,99.10499246384904
0.054323498241103066,4.935857369077948,60.1765339307845
0.33460519024052815,0.7197180405780175,94.54610524751624
0.03537506996250753,5.656771543493059,84.18775774295766
0.03903803398740939,3.624784823443637,64.58683792280675
0.12179319474271941,3.338370090297074,52.56479418571422
0.03775209080752493,3.0374368257892,70.09004834692887
0.06621651739211412,5.582510699008149,70.51402999323938
0.04659841603120267,4.116603292340679,79.49158930451217
0.09151829094790016,1.365061692796363,66.28352479383112
0.07711997147032817,4.841469276040716,83.88163776169473
0.014906493409857613,1.9178783062200777,73.07692391654452
0.0987116773351222,0.1592473156651204,80.69286736900484
0.14145732413743384,3.214885200136572,52.89474758363541
0.04658507177476164,6.611539311288254,93.53739200332748
0.11427551317341342,3.653811091894372,94.31412789329752
0.16406590444872826,5.935662258726884,65.8363688819575
0.032621469596118766,0.3858204380007102,59.18655485261743
0.04910081272138042,4.711325409860636,54.344690162449766
0.02767142372112208,7.296012928431801,88.36752100575268
0.12926658667393925,2.794344469661032,97.31723830596465
0.3796286054734929,7.769027650142017,64.88548936576389
0.020833208242437458,6.411275632994289,64.11199535202245
0.058593802811499125,7.275021594641453,64.94646294296261
0.03266461309667163,1.2821179297126195,91.51455949043526
0.06378226555214835,2.464094482623199,76.46975909310174
0.03750714545694757,3.378046754534584,91.62889155821541
0.06991629645105904,7.310288522184992,77.01609120968536
0.022674658353079025,1.589260639386115,51.822480736572814
0.011003053318506779,1.0983735865636932,52.512037225268436
0.08164116922204315,7.648948874239143,62.64922826252157
0.041929080362345175,4.483832009008914,64.53193221512458
0.1279795501460686,1.6177598249013567,99.10499246384904
0.05488247115915011,4.921639191920326,60.43288035866124
0.1791400137445241,3.539724466924752,79.46686128101538
0.035370995348363105,5.656982954734225,84.1821325357474
0.03903803398740939,3.624784823443637,64.58683792280675
0.12179319474271941,3.338370090297074,52.56479418571422
0.0246105349569626,2.084792908544847,61.45413331664246
0.06621651739211412,5.582510699008149,70.51402999323938
0.04659841603120267,4.116603292340679,79.49158930451217
0.05503200860207103,1.6283399827076126,69.51887347960171
0.07711997147032817,4.841469276040716,83.88163776169473
0.014906493409857613,1.9178783062200777,73.07692391654452
0.0987116773351222,0.1592473156651204,80.69286736900484
0.11773454493020864,4.377250951637807,56.345001422270705
0.04658507177476164,6.611539311288254,93.53739200332748
0.11427551317341342,3.653811091894372,94.31412789329752
0.17083618453693455,6.351637377744982,67.96190752213477
0.032621469596118766,0.3858204380007102,59.18655485261743
0.04781914275260085,4.65622428074357,52.91353008354732
0.02767142372112208,7.296012928431801,88.36752100575268
0.1312996870891049,2.977871472760611,95.47801349385949
0.3796286054734929,7.769027650142017,64.88548936576389
0.019655915359054546,5.7749843621266885,62.72274480044451
0.058593802811499125,7.275021594641453,64.94646294296261
0.039706416155674454,2.30033693375306,86.73887778414652
0.05267185371143529,2.4216585020367414,72.28127195433142
0.03750714545694757,3.378046754534584,91.62889155821541
0.06991629645105904,7.310288522184992,77.01609120968536
0.022674658353079025,1.589260639386115,51.822480736572814
0.011003053318506779,1.0983735865636932,52.512037225268436
0.08164116922204315,7.648948874239143,62.64922826252157
0.02528220061817496,3.157049123880838,65.32114142553867
0.11128070132236093,1.8379064337954634,93.21716804045826
0.05488247115915011,4.921639191920326,60.43288035866124
0.1791400137445241,3.539724466924752,79.46686128101538
0.043708836249184674,7.216776539035719,95.01850992408386
0.03689717598749967,4.316246734596548,69.0658395273961
0.12179319474271941,3.338370090297074,52.56479418571422
0.0246105349569626,2.084792908544847,61.45413331664246
0.0644473159492909,5.87778068442902,69.95984242182716
0.04659841603120267,4.116603292340679,79.49158930451217
0.05503200860207103,1.6283399827076126,69.51887347960171
0.09427834900655001,5.866399071083106,93.98504406492316
0.025537136504216004,2.172134926304817,71.34713235004878
0.0987116773351222,0.1592473156651204,80.69286736900484
0.11614205951632582,3.8831499626270864,67.31244767871456
0.08263129500301383,6.536139720043649,86.11774317857719
0.11427551317341342,3.653811091894372,94.31412789329752
0.13317191008540308,6.709415220074127,71.34101609835814
0.032621469596118766,0.3858204380007102,59.18655485261743
0.04781914275260085,4.65622428074357,52.91353008354732
0.03684810515946184,6.942121704581995,83.7742564471121
0.11216403718356299,2.6488876254089275,94.70908551361524
0.31069612373608724,6.467383701235187,65.8046292312863
0.019655915359054546,5.7749843621266885,62.72274480044451
0.058593802811499125,7.275021594641453,64.94646294296261
0.03494905598248839,2.2572928878058125,81.5710726080762
0.05267185371143529,2.4216585020367414,72.28127195433142
0.03681917820437037,3.0766335451034807,88.92396268878677
0.06991629645105904,7.310288522184992,77.01609120968536
0.022674658353079025,1.589260639386115,51.822480736572814
0.011003053318506779,1.0983735865636932,52.512037225268436
0.08164116922204315,7.648948874239143,62.64922826252157
0.02528220061817496,3.157049123880838,65.32114142553867
0.08915716315487905,1.924144005400672,87.5742656215169
0.05639579574202378,6.5457924269586165,56.14646202417716
0.15286037797673668,2.4351671402106594,79.86745384428127
0.043708836249184674,7.216776539035719,95.01850992408386
0.0373144788160076,4.244252745144481,71.33173707819478
0.1193483824686344,3.163312700014574,63.26509481825404
0.0246105349569626,2.084792908544847,61.45413331664246
0.0644473159492909,5.87778068442902,69.95984242182716
0.04113297539243597,3.5854774302752395,92.0656536710888
0.05176704710662225,1.578056387086169,69.25716758003843
0.09427834900655001,5.866399071083106,93.98504406492316
0.020582906340625345,1.7289594613204189,70.28014425437789
0.0987116773351222,0.1592473156651204,80.69286736900484
0.11701037547256263,3.989838232971249,54.7512863314196
0.07768716843514455,6.837161355595685,82.57863783562142
0.11427551317341342,3.653811091894372,94.31412789329752
0.13317191008540308,6.709415220074127,71.34101609835814
0.032621469596118766,0.3858204380007102,59.18655485261743
0.04781914275260085,4.65622428074357,52.91353008354732
0.026056198803281333,7.358447726573633,86.01470844780764
0.11216403718356299,2.6488876254089275,94.70908551361524
0.2845881280026248,5.919091822121774,65.92287013046818
0.019655915359054546,5.7749843621266885,62.72274480044451
0.06456257032523087,6.230040153929765,69.3654827109948
0.03494905598248839,2.2572928878058125,81.5710726080762
0.05267185371143529,2.4216585020367414,72.28127195433142
0.034930321637844874,2.9318926388093507,86.25985625082697
0.09756859572017729,7.213485328050731,75.72851365235105
0.022674658353079025,1.589260639386115,51.822480736572814
0.011003053318506779,1.0983735865636932,52.512037225268436
0.08136331943181281,7.64578326370932,62.88632936901051
0.03211974928964696,3.0803252442258158,65.43598851725717
0.08915716315487905,1.924144005400672,87.5742656215169
0.05125657126027061,5.790398882148012,55.48747148552516
0.14701465873613423,2.3971834664105254,78.6081525985545
0.043708836249184674,7.216776539035719,95.01850992408386
0.03652724495187738,3.597015880199729,69.29443046190107
0.1193483824686344,3.163312700014574,63.26509481825404
0.02385370221034822,2.0009385263566446,61.732642405148056
0.06618867670279852,4.0196850652374945,73.97921131366763
0.015101395559954947,3.5611573393725853,91.26541706469743
0.06848294333341381,1.5716186510744818,79.27478485068916
0.09427834900655001,5.866399071083106,93.98504406492316
0.020582906340625345,1.7289594613204189,70.28014425437789
0.0987116773351222,0.1592473156651204,80.69286736900484
0.10856783631468978,2.222504099458257,66.7200511081241
0.07768716843514455,6.837161355595685,82.57863783562142
0.11922589052149325,4.454301975489365,88.29575450845317
0.13317191008540308,6.709415220074127,71.34101609835814
0.032621469596118766,0.3858204380007102,59.18655485261743
0.044594416205854644,4.548292294610462,56.69356870716392
0.013789947245993806,7.8615635523796445,86.76579834487207
0.11563566201290143,1.563167076278205,99.22374337538037
0.3122523779084909,6.6323302471086745,60.470190442520575
0.019655915359054546,5.7749843621266885,62.72274480044451
0.06456257032523087,6.230040153929765,69.3654827109948
0.03494905598248839,2.2572928878058125,81.5710726080762
0.06735385562454743,2.8877713229434674,76.23868699846331
0.03463385346561473,2.9172335541363434,86.22126571272617
0.09756859572017729,7.213485328050731,75.72851365235105
0.022674658353079025,1.589260639386115,51.822480736572814
0.011003053318506779,1.0983735865636932,52.512037225268436
0.11295380819124742,7.544906179093762,51.72269979331304
0.03211974928964696,3.0803252442258158,65.43598851725717
0.08915716315487905,1.924144005400672,87.5742656215169
0.05125657126027061,5.790398882148012,55.48747148552516
0.1621180518547473,2.4470833175772295,89.41901763479316
0.056690487726373265,7.071741992316447,90.26577270939636
0.03727877873245945,4.234992133319995,63.44829196776358
0.1297352596753047,2.606688113248283,58.904692884591
0.018427472555128593,1.3344944221358812,63.050975570571524
0.06618867670279852,4.0196850652374945,73.97921131366763
0.015101395559954947,3.5611573393725853,91.26541706469743
0.07869681686400008,0.6998324564990046,84.45517659666724
0.10968119470021195,6.628003993224215,95.98999488015153
0.020582906340625345,1.7289594613204189,70.28014425437789
0.0987116773351222,0.1592473156651204,80.69286736900484
0.1292378604257336,2.3384509959687465,65.88368957220744
0.07768716843514455,6.837161355595685,82.57863783562142
0.1359073738784659,4.755575771356157,88.69864404761694
0.12659247795352108,6.4564271134806495,72.34016012504458
0.032621469596118766,0.3858204380007102,59.18655485261743
0.044594416205854644,4.548292294610462,56.69356870716392
0.013789947245993806,7.8615635523796445,86.76579834487207
0.11563566201290143,1.563167076278205,99.22374337538037
0.2746876512080275,5.839566809219742,65.03396908605747
0.019655915359054546,5.7749843621266885,62.72274480044451
0.06456257032523087,6.230040153929765,69.3654827109948
0.025188117506159693,0.09581879262522452,77.66753793019163
0.08067345269721424,2.0815202745582266,80.01299891073901
0.03463385346561473,2.9172335541363434,86.22126571272617
0.09756859572017729,7.213485328050731,75.72851365235105
0.022674658353079025,1.589260639386115,51.822480736572814
0.011003053318506779,1.0983735865636932,52.512037225268436
0.11295380819124742,7.544906179093762,51.72269979331304
0.030040435351582632,3.622704012511192,67.85562026042584
0.08915716315487905,1.924144005400672,87.5742656215169
0.05125657126027061,5.790398882148012,55.48747148552516
0.2043095170598926,0.5963232514208734,89.0801514420402
0.056690487726373265,7.071741992316447,90.26577270939636
0.03727877873245945,4.234992133319995,63.44829196776358
0.1370082906004389,2.767103859543834,58.96707559292139
0.01578439280994632,1.1759500446104743,70.03861601685185
0.07131914856357946,3.8925249537753133,74.5401328096537
0.015101395559954947,3.5611573393725853,91.26541706469743
0.07869681686400008,0.6998324564990046,84.45517659666724
0.15157842565043056,7.986564528490094,98.08290192452804
0.014372074215847297,0.7967201712902132,72.82158004507042
0.0987116773351222,0.1592473156651204,80.69286736900484
0.1292378604257336,2.3384509959687465,65.88368957220744
0.07768716843514455,6.837161355595685,82.57863783562142
0.20881432931827032,5.476412708477868,87.149584898516
0.12659247795352108,6.4564271134806495,72.34016012504458
0.032621469596118766,0.3858204380007102,59.18655485261743
0.04173300738944763,3.5535051251041607,57.28936628050151
0.013789947245993806,7.8615635523796445,86.76579834487207
0.11563566201290143,1.563167076278205,99.22374337538037
0.21351168399001969,5.202125939804217,66.24652224713363
0.02179030394516182,5.015762572671531,53.97444987771334
0.06456257032523087,6.230040153929765,69.3654827109948
0.029479086111705716,0.6468171208819893,78.06894281542289
0.08067345269721424,2.0815202745582266,80.01299891073901
0.03463385346561473,2.9172335541363434,86.22126571272617
0.09756859572017729,7.213485328050731,75.72851365235105
0.022674658353079025,1.589260639386115,51.822480736572814
0.049579071551068915,1.6800251600147664,57.76994254359128
0.11295380819124742,7.544906179093762,51.72269979331304
0.030040435351582632,3.622704012511192,67.85562026042584
0.08915716315487905,1.924144005400672,87.5742656215169
0.05125657126027061,5.790398882148012,55.48747148552516
0.16682013848942406,3.447793171909125,73.74988183293661
0.056690487726373265,7.071741992316447,90.26577270939636
0.05018396538821153,3.594568925674701,68.37448717712395
0.08914040225315431,3.1499831132867384,62.94468047921272
0.03687909198236655,3.3616510256073036,69.74751156577756
0.07164755916397264,3.7504049753206643,74.98149251172002
0.015101395559954947,3.5611573393725853,91.26541706469743
0.07869681686400008,0.6998324564990046,84.45517659666724
0.15157842565043056,7.986564528490094,98.08290192452804
0.014372074215847297,0.7967201712902132,72.82158004507042
0.0987116773351222,0.1592473156651204,80.69286736900484
0.12438819943065145,2.1953001877143805,64.86862694822213
0.07768716843514455,6.837161355595685,82.57863783562142
0.20881432931827032,5.476412708477868,87.149584898516
0.13678687730254332,6.9338990131593565,74.35295656559262
0.03235468838377011,0.3084481748626633,59.239511147841185
0.04036527691071071,3.232252723093353,57.54814613056552
0.013789947245993806,7.8615635523796445,86.76579834487207
0.10442629808655032,1.9453856913899763,94.10587704802528
0.23392645065600529,4.284304633324485,55.752447172961695
0.018290206778362517,4.80957088649563,50.33483706023139
0.03724005702090466,6.9734372593657135,68.19400166082566
0.029479086111705716,0.6468171208819893,78.06894281542289
0.08644304760763413,0.595861163582347,83.82606475382946
0.03463385346561473,2.9172335541363434,86.22126571272617
0.08079960229360578,5.437935796342177,71.48855953976437
0.022674658353079025,1.589260639386115,51.822480736572814
0.05248314147982559,1.6898223079033283,58.41191324405174
0.11295380819124742,7.544906179093762,51.72269979331304
0.02862719902721763,5.646608344863476,73.11718768768652
0.08915716315487905,1.924144005400672,87.5742656215169
0.05125657126027061,5.790398882148012,55.48747148552516
0.16682013848942406,3.447793171909125,73.74988183293661
0.056690487726373265,7.071741992316447,90.26577270939636
0.05018396538821153,3.594568925674701,68.37448717712395
0.08914040225315431,3.1499831132867384,62.94468047921272
0.04074073681360824,3.146161805865842,70.84440489206982
0.03013087013795447,4.974561556345572,82.94219781675079
0.015101395559954947,3.5611573393725853,91.26541706469743
0.077345811981479,0.5647584540064052,84.20255973265773
0.15157842565043056,7.986564528490094,98.08290192452804
0.014372074215847297,0.7967201712902132,72.82158004507042
0.0987116773351222,0.1592473156651204,80.69286736900484
0.14046931476382765,3.4704729287130442,54.95796091955373
0.039869105737333266,6.248888765633694,74.64344694166547
0.14083542380492817,4.201317566571147,77.25560190447912
0.09587323437838363,4.882722706319136,73.84113781031745
0.03235468838377011,0.3084481748626633,59.239511147841185
0.017847181564921072,1.8944003102893294,59.35529050640448
0.013789947245993806,7.8615635523796445,86.76579834487207
0.10442629808655032,1.9453856913899763,94.10587704802528
0.23392645065600529,4.284304633324485,55.752447172961695
0.018290206778362517,4.80957088649563,50.33483706023139
0.03724005702090466,6.9734372593657135,68.19400166082566
0.029701763040097463,0.6767907925518406,77.96648715759451
0.08644304760763413,0.595861163582347,83.82606475382946
0.031053205435467603,2.7826540494623195,90.18776141536895
0.09722975469603279,6.48689774362248,73.28335500400901
0.022674658353079025,1.589260639386115,51.822480736572814
0.0715854735382743,2.137470059605595,51.189385515345734
0.11295380819124742,7.544906179093762,51.72269979331304
0.02862719902721763,5.646608344863476,73.11718768768652
0.07222704423019485,4.608417801369066,88.97778275048113
0.05125657126027061,5.790398882148012,55.48747148552516
0.1714262129457764,3.5417308840362223,73.6050313594442
0.05174522309236235,7.855814704992466,90.67573814744037
0.05088348649562924,3.5279798620397624,68.22058565693573
0.10835508132674349,3.1515001732719106,59.80848794597214
0.051407993632198945,2.797318695153012,64.04696838491279
0.03013087013795447,4.974561556345572,82.94219781675079
0.015101395559954947,3.5611573393725853,91.26541706469743
0.077345811981479,0.5647584540064052,84.20255973265773
0.13411369702667938,6.004897537596908,94.26022061521466
0.014372074215847297,0.7967201712902132,72.82158004507042
0.09768714401158435,0.060936125061439306,80.77646850388435
0.1595802810323202,2.9426588033442598,51.21831998850577
0.039869105737333266,6.248888765633694,74.64344694166547
0.11024160493512003,4.353170020287843,70.53474389414103
0.09492830229744695,4.886818695172071,73.9649493704263
0.03755521022218961,0.3360825410355359,61.60347468443521
0.017847181564921072,1.8944003102893294,59.35529050640448
0.01434297678544037,7.607249537417687,86.45924117502027
0.10181844118834255,1.7838012702730346,95.31280265809603
0.2017848328188619,3.71654109520419,59.24857289674258
0.018290206778362517,4.80957088649563,50.33483706023139
0.04009479800633834,7.493368694295647,65.01378662055747
0.029701763040097463,0.6767907925518406,77.96648715759451
0.08644304760763413,0.595861163582347,83.82606475382946
0.03563643137066104,3.906345410806249,90.29584694145372
0.09722975469603279,6.48689774362248,73.28335500400901
0.022674658353079025,1.589260639386115,51.822480736572814
0.0715854735382743,2.137470059605595,51.189385515345734
0.11105204683304801,6.034226336437129,60.55911489308705
0.02862719902721763,5.646608344863476,73.11718768768652
0.06251387975335114,6.148442003036568,89.78300997778787
0.05125657126027061,5.790398882148012,55.48747148552516
0.16732992027824217,3.5421671125261938,74.01963843380248
0.05174522309236235,7.855814704992466,90.67573814744037
0.06412703420229052,6.699586120661732,74.79563130025106
0.1476035848179184,2.894394651450514,54.063697891910266
0.051407993632198945,2.797318695153012,64.04696838491279
0.03013087013795447,4.974561556345572,82.94219781675079
0.018487319583941966,3.558017880089492,89.08477176835233
0.0812723909131966,0.3650715622620493,83.87685667539868
0.13295470540038662,5.853413516163746,94.29799501092754
0.014372074215847297,0.7967201712902132,72.82158004507042
0.09768714401158435,0.060936125061439306,80.77646850388435
0.17965687360567179,0.9610067534532512,51.00114233756362
0.039869105737333266,6.248888765633694,74.64344694166547
0.10897466420565365,4.384040288035637,70.21154322620652
0.13602117337180472,4.415907404433117,74.49038499385202
0.03755521022218961,0.3360825410355359,61.60347468443521
0.017847181564921072,1.8944003102893294,59.35529050640448
0.01434297678544037,7.607249537417687,86.45924117502027
0.10181844118834255,1.7838012702730346,95.31280265809603
0.23299518761883645,3.4920733784846103,55.56192736256488
0.018290206778362517,4.80957088649563,50.33483706023139
0.04009479800633834,7.493368694295647,65.01378662055747
0.03228909499508107,0.3408256265518703,87.59253177442898
0.08644304760763413,0.595861163582347,83.82606475382946
0.03252030575133929,4.059674608662568,93.68566316417072
0.0777477898134766,7.073233168617677,80.73287214044467
0.022674658353079025,1.589260639386115,51.822480736572814
0.0715854735382743,2.137470059605595,51.189385515345734
0.12420276731170461,4.9045598130645764,58.22215677630009
0.02652041132947888,4.210587879100722,65.58033425189703
0.06251387975335114,6.148442003036568,89.78300997778787
0.06911434908395966,6.3217103781192145,58.27863763986667
0.17770785536550548,3.9233110782583673,77.79740832854114
0.05174522309236235,7.855814704992466,90.67573814744037
0.06636059007582121,6.791683564236775,75.98756699293605
0.1476035848179184,2.894394651450514,54.063697891910266
0.04821394006368106,2.9017713769974525,66.08229730796079
0.03013087013795447,4.974561556345572,82.94219781675079
0.018487319583941966,3.558017880089492,89.08477176835233
0.0812723909131966,0.3650715622620493,83.87685667539868
0.1284062732287991,5.370398168273564,93.38085650155153
0.014372074215847297,0.7967201712902132,72.82158004507042
0.09768714401158435,0.060936125061439306,80.77646850388435
0.10516631900939903,1.2591232013266644,51.39088045378885
0.06827618363201168,3.2086325079667803,77.65671453855802
0.10566552237134906,4.511650602178041,71.59484645297682
0.11095020996818564,4.368898066692918,72.45036671535276
0.03702901105619033,1.3151788777368392,69.47196997254856
0.028365680476671644,1.9419777229642692,57.756931875942215
0.01434297678544037,7.607249537417687,86.45924117502027
0.0691037018847375,1.4145223403102163,86.89856533894118
0.23299518761883645,3.4920733784846103,55.56192736256488
0.018290206778362517,4.80957088649563,50.33483706023139
0.04009479800633834,7.493368694295647,65.01378662055747
0.03228909499508107,0.3408256265518703,87.59253177442898
0.08644304760763413,0.595861163582347,83.82606475382946
0.027399325584309582,3.876607788312656,92.00668526826266
0.0777477898134766,7.073233168617677,80.73287214044467
0.022674658353079025,1.589260639386115,51.822480736572814
0.0715854735382743,2.137470059605595,51.189385515345734
0.1208844989812992,4.770437065075564,61.78471585190424
0.060833019246673156,4.6011829525373145,74.94285425283934
0.06885225695978686,5.768201064518227,96.78582492445727
0.06911434908395966,6.3217103781192145,58.27863763986667
0.13358440347997907,4.17922627799296,76.71973597753309
0.0524822122343781,7.922921192016515,91.5644182126766
0.06636059007582121,6.791683564236775,75.98756699293605
0.1476035848179184,2.894394651450514,54.063697891910266
0.040439917979755116,2.7828641769762266,61.5972667652515
0.03013087013795447,4.974561556345572,82.94219781675079
0.018487319583941966,3.558017880089492,89.08477176835233
0.0812723909131966,0.3650715622620493,83.87685667539868
0.13229080404559349,5.50352217830147,94.76411732814631
0.014372074215847297,0.7967201712902132,72.82158004507042
0.09768714401158435,0.060936125061439306,80.77646850388435
0.09891910594190648,1.8576440182567078,52.69875210194441
0.06827618363201168,3.2086325079667803,77.65671453855802
0.09144116528158384,4.015931894882851,73.90101658563124
0.11095020996818564,4.368898066692918,72.45036671535276
0.025636431227805234,0.8457486030946622,70.51635786411671
0.028365680476671644,1.9419777229642692,57.756931875942215
0.01434297678544037,7.607249537417687,86.45924117502027
0.0779176844403843,1.3813504245715647,93.55732835211546
0.23299518761883645,3.4920733784846103,55.56192736256488
0.018290206778362517,4.80957088649563,50.33483706023139
0.04009479800633834,7.493368694295647,65.01378662055747
0.025050378308530345,0.17575227430143614,86.64625065893365
0.08644304760763413,0.595861163582347,83.82606475382946
0.027399325584309582,3.876607788312656,92.00668526826266
0.07123060947189633,6.785994483962414,81.03525570418394
0.022674658353079025,1.589260639386115,51.822480736572814
0.0715854735382743,2.137470059605595,51.189385515345734
0.09666201700646372,3.4767604607775695,56.57882799127458
0.06185741668784649,4.193703753489828,72.90387914975206
0.06885225695978686,5.768201064518227,96.78582492445727
0.0669437155282232,6.048323174570873,58.88960540176265
0.1910153134130449,2.7694743578650054,58.91693151375384
0.0524822122343781,7.922921192016515,91.5644182126766
0.06636059007582121,6.791683564236775,75.98756699293605
0.16069064410126582,2.3826699248795813,53.28069466820608
0.040439917979755116,2.7828641769762266,61.5972667652515
0.03013087013795447,4.974561556345572,82.94219781675079
0.018487319583941966,3.558017880089492,89.08477176835233
0.07945583179708032,1.1479629611780373,82.91578153439768
0.1048985391349907,4.521524231828035,87.4437504163812
0.014372074215847297,0.7967201712902132,72.82158004507042
0.09768714401158435,0.060936125061439306,80.77646850388435
0.10027059958198559,2.139741477282177,54.91751618818351
0.06827618363201168,3.2086325079667803,77.65671453855802
0.09144116528158384,4.015931894882851,73.90101658563124
0.11095020996818564,4.368898066692918,72.45036671535276
0.02914268716924292,0.9443166211389051,69.04156517594701
0.028250568976656027,1.8874954534954203,57.685711902833816
0.01434297678544037,7.607249537417687,86.45924117502027
0.0779176844403843,1.3813504245715647,93.55732835211546
0.24669045690811123,3.607008575153963,55.932928193694536
0.018290206778362517,4.80957088649563,50.33483706023139
0.04009479800633834,7.493368694295647,65.01378662055747
0.025050378308530345,0.17575227430143614,86.64625065893365
0.08644304760763413,0.595861163582347,83.82606475382946
0.027399325584309582,3.876607788312656,92.00668526826266
0.07215959819480199,7.0429196225555195,81.84116648557969
0.022674658353079025,1.589260639386115,51.822480736572814
0.0715854735382743,2.137470059605595,51.189385515345734
0.09634616601593636,3.5093792441677705,57.626785434608266
0.06185741668784649,4.193703753489828,72.90387914975206
0.06885225695978686,5.768201064518227,96.78582492445727
0.0669437155282232,6.048323174570873,58.88960540176265
0.10611726309709618,3.157503025794935,73.76200542329796
0.0524822122343781,7.922921192016515,91.5644182126766
0.06636059007582121,6.791683564236775,75.98756699293605
0.16069064410126582,2.3826699248795813,53.28069466820608
0.040439917979755116,2.7828641769762266,61.5972667652515
0.022031654867234997,5.528859822160063,89.14592047202157
0.018487319583941966,3.558017880089492,89.08477176835233
0.07945583179708032,1.1479629611780373,82.91578153439768
0.1048985391349907,4.521524231828035,87.4437504163812
0.014372074215847297,0.7967201712902132,72.82158004507042
0.09768714401158435,0.060936125061439306,80.77646850388435
0.10027059958198559,2.139741477282177,54.91751618818351
0.06579864892745567,4.0105695443714175,97.47175886810345
0.09322101221135164,3.832122303616808,67.99568814284085
0.11552513535018435,4.654550912260719,77.53226234447017
0.03287439653692331,0.5722181498847285,78.97606307810729
0.028250568976656027,1.8874954534954203,57.685711902833816
0.01434297678544037,7.607249537417687,86.45924117502027
0.0779176844403843,1.3813504245715647,93.55732835211546
0.16526886612950414,2.3465039401178887,67.21575929994928
0.018290206778362517,4.80957088649563,50.33483706023139
0.04476243508839012,7.472727263084545,61.12669847788915
0.025050378308530345,0.17575227430143614,86.64625065893365
0.08644304760763413,0.595861163582347,83.82606475382946
0.02668256164001541,2.747319011660344,90.37098816542367
0.07215959819480199,7.0429196225555195,81.84116648557969
0.022674658353079025,1.589260639386115,51.822480736572814
0.0715854735382743,2.137470059605595,51.189385515345734
0.09634616601593636,3.5093792441677705,57.626785434608266
0.04589211911272696,6.530053296998221,65.81128331974483
0.07165808921018449,5.891330439461734,97.21485083877894
0.06653551282989734,6.037930048986665,58.81783093759154
0.11975935584983091,3.454844222583354,64.94634062566291
0.0524822122343781,7.922921192016515,91.5644182126766
0.06644070308873029,7.18817245639774,72.92467803019906
0.16069064410126582,2.3826699248795813,53.28069466820608
0.023738359430406863,2.366536080845502,58.05277064510389
0.022031654867234997,5.528859822160063,89.14592047202157
0.018487319583941966,3.558017880089492,89.08477176835233
0.07945583179708032,1.1479629611780373,82.91578153439768
0.10735678184295873,4.6226711442652455,87.84081489605626
0.014372074215847297,0.7967201712902132,72.82158004507042
0.09768714401158435,0.060936125061439306,80.77646850388435
0.10027059958198559,2.139741477282177,54.91751618818351
0.07452643596837075,4.292432644527779,99.05612015822811
0.09322101221135164,3.832122303616808,67.99568814284085
0.20168549381729836,6.802313224177062,95.81768495307637
0.035749542323023825,0.5373319323811148,79.9324314545195
0.028250568976656027,1.8874954534954203,57.685711902833816
0.01851673755890018,7.239676111285789,87.07557018586526
0.07305259205210148,2.436829956191059,95.12874598576121
0.25666915513305055,2.8981893714682974,75.83216317699907
0.018290206778362517,4.80957088649563,50.33483706023139
0.056237905262392425,6.79799847602596,76.52429818589033
0.025050378308530345,0.17575227430143614,86.64625065893365
0.08644304760763413,0.595861163582347,83.82606475382946
0.02989158382276287,1.9651515174378644,86.6765322917133
0.09243253659950501,7.438743957101754,94.2128460456985
0.027460632809228246,1.5147035653949565,54.2244284320115
0.0715854735382743,2.137470059605595,51.189385515345734
0.09634616601593636,3.5093792441677705,57.626785434608266
0.05897009722499849,7.09224473097856,53.047520377252816
0.07165808921018449,5.891330439461734,97.21485083877894
0.06459635433528642,6.311410724204289,64.93108472626969
0.11975935584983091,3.454844222583354,64.94634062566291
0.057326489493470266,7.336684084378831,87.84954596134673
0.06644070308873029,7.18817245639774,72.92467803019906
0.1428337774341426,2.051974061568415,60.10655165630283
0.023738359430406863,2.366536080845502,58.05277064510389
0.021983880140225533,5.502294492349126,89.14509623774595
0.018487319583941966,3.558017880089492,89.08477176835233
0.0822209985178093,0.9294705661298805,83.27602300010551
0.0779872803713483,3.4801948236254088,75.48356709792807
0.014372074215847297,0.7967201712902132,72.82158004507042
0.09768714401158435,0.060936125061439306,80.77646850388435
0.10027059958198559,2.139741477282177,54.91751618818351
0.07361355722584056,4.8012971339093005,98.47011861702637
0.10860771161046619,3.888556854359662,63.65371895945914
0.20168549381729836,6.802313224177062,95.81768495307637
0.05145129920330862,0.3468111913590002,85.15535399535668
0.025863794398649536,2.295880029101971,65.36168891067817
0.015026666694749675,7.327020673792176,89.12938167690362
0.07305259205210148,2.436829956191059,95.12874598576121
0.25666915513305055,2.8981893714682974,75.83216317699907
0.018290206778362517,4.80957088649563,50.33483706023139
0.056237905262392425,6.79799847602596,76.52429818589033
0.025050378308530345,0.17575227430143614,86.64625065893365
0.08644304760763413,0.595861163582347,83.82606475382946
0.02526729935405644,3.098931090369712,72.1908090726305
0.09243253659950501,7.438743957101754,94.2128460456985
0.038963467192844325,2.333831323445986,65.25191700007765
0.05284407483896102,2.122412446124314,56.35516970213537
0.09634616601593636,3.5093792441677705,57.626785434608266
0.05897009722499849,7.09224473097856,53.047520377252816
0.07095114939874626,6.28539873069384,96.7610470642585
0.06459635433528642,6.311410724204289,64.93108472626969
0.11975935584983091,3.454844222583354,64.94634062566291
0.06635469356667173,6.628128341751615,84.87988265018973
0.06633878809243561,7.26140917528184,72.58242674377334
0.12773680093008258,1.6621422172956606,66.45676086662536
0.032949522109187286,2.106428341085298,61.83880342358667
0.02005266123334798,5.483877997507321,89.07281199763784
0.018487319583941966,3.558017880089492,89.08477176835233
0.08604110318783724,0.4955771273670939,94.80101249868534
0.1237926790680642,1.8263116460301747,64.30974932126387
0.014372074215847297,0.7967201712902132,72.82158004507042
0.09768714401158435,0.060936125061439306,80.77646850388435
0.09940210187417164,2.081135186345163,54.47059125791539
0.07381060755688248,4.69145569340189,98.59661055106444
0.09760481714895766,4.175541499174074,74.60072361490573
0.16818393232079262,6.896487816195764,94.61726701962995
0.04795427565949771,1.016960901038713,85.53688889108584
0.028008483614306454,2.518226948360957,65.33784560798843
0.015026666694749675,7.327020673792176,89.12938167690362
0.07305259205210148,2.436829956191059,95.12874598576121
0.18478813543400902,2.717579383668552,83.38626410192118
0.024324378413538038,5.159306599394697,50.70678101740408
0.040549420704175665,4.549124880068103,75.13676962325175
0.025050378308530345,0.17575227430143614,86.64625065893365
0.08844259043726752,0.5007351982099697,83.28375365155962
0.031206058164152083,2.8546891014472653,73.23359528253093
0.09243253659950501,7.438743957101754,94.2128460456985
0.030533667043307046,3.7380159986484216,75.8704694109392
0.03496531382024211,2.197028648935574,54.35064784353012
0.0733675535770165,2.7119563196477627,56.05719531040013
0.05865661575181632,7.149175338117353,52.82300657183674
0.07095114939874626,6.28539873069384,96.7610470642585
0.0645980953551597,6.312359951786759,64.9387298596672
0.12704166439327885,4.5745999641187005,59.72348954321319
0.06635469356667173,6.628128341751615,84.87988265018973
0.06633878809243561,7.26140917528184,72.58242674377334
0.09297529829823488,2.149554954008516,68.4019653297924
0.034489866231521456,1.0661314731584883,52.89224262388092
0.02005266123334798,5.483877997507321,89.07281199763784
0.025857072335502815,3.946274186455341,87.23804676506235
0.08604110318783724,0.4955771273670939,94.80101249868534
0.1237926790680642,1.8263116460301747,64.30974932126387
0.014372074215847297,0.7967201712902132,72.82158004507042
0.09768714401158435,0.060936125061439306,80.77646850388435
0.09940210187417164,2.081135186345163,54.47059125791539
0.07381060755688248,4.69145569340189,98.59661055106444
0.09753385043342289,7.722379308924904,69.27715950996924
0.15827415740101258,6.337223897065342,86.21254121546653
0.04795427565949771,1.016960901038713,85.53688889108584
0.028008483614306454,2.518226948360957,65.33784560798843
0.020628195815410446,6.253575480488597,88.51823942916052
0.07389032794164521,2.1626074395641632,97.59061696286386
0.2433125925394361,3.715914245145877,82.10503848928349
0.024324378413538038,5.159306599394697,50.70678101740408
0.02194577472610522,6.010447975349259,73.30052282647739
0.025050378308530345,0.17575227430143614,86.64625065893365
0.07957177121306941,0.9227542866935156,85.68967548539874
0.018798022125792353,1.5226040988271992,69.12226772411752
0.09243253659950501,7.438743957101754,94.2128460456985
0.031018075946995766,3.5695756805802814,73.51820766767474
0.03496531382024211,2.197028648935574,54.35064784353012
0.07694716507339203,2.6252217792534758,55.83904571772635
0.05865661575181632,7.149175338117353,52.82300657183674
0.07095114939874626,6.28539873069384,96.7610470642585
0.0645980953551597,6.312359951786759,64.9387298596672
0.1345038450623316,4.995732476210747,66.05234997972342
0.06635469356667173,6.628128341751615,84.87988265018973
0.06633878809243561,7.26140917528184,72.58242674377334
0.10042814996574129,2.831701029515454,58.78936570270048
0.034489866231521456,1.0661314731584883,52.89224262388092
0.0199498698837383,5.1593347182752325,87.43828350336972
0.025857072335502815,3.946274186455341,87.23804676506235
0.08604110318783724,0.4955771273670939,94.80101249868534
0.13676048324818535,1.2935604452733829,63.16498610045974
0.014372074215847297,0.7967201712902132,72.82158004507042
0.11566190501454546,0.03252361492426939,79.32392680058517
0.09940210187417164,2.081135186345163,54.47059125791539
0.07381060755688248,4.69145569340189,98.59661055106444
0.09753385043342289,7.722379308924904,69.27715950996924
0.15827415740101258,6.337223897065342,86.21254121546653
0.04795427565949771,1.016960901038713,85.53688889108584
0.016567732893713036,3.37934144177338,53.75183195293739
0.020628195815410446,6.253575480488597,88.51823942916052
0.07389032794164521,2.1626074395641632,97.59061696286386
0.1595297472762313,4.9331496250462425,74.05732998037301
0.024324378413538038,5.159306599394697,50.70678101740408
0.02194577472610522,6.010447975349259,73.30052282647739
0.025050378308530345,0.17575227430143614,86.64625065893365
0.06776949576082866,0.8450387667736639,79.55828248767693
0.018798022125792353,1.5226040988271992,69.12226772411752
0.09243253659950501,7.438743957101754,94.2128460456985
0.021204127038973633,2.9568578260818814,74.14394540067936
0.03496531382024211,2.197028648935574,54.35064784353012
0.07694716507339203,2.6252217792534758,55.83904571772635
0.05865661575181632,7.149175338117353,52.82300657183674
0.07000777856571029,7.216483965304209,96.4297611093843
0.0645980953551597,6.312359951786759,64.9387298596672
0.1345038450623316,4.995732476210747,66.05234997972342
0.06635667998954607,6.549038368392068,86.41570279274303
0.06633878809243561,7.26140917528184,72.58242674377334
0.08996768054707696,2.739717243790269,57.47503701846579
0.01268680744815931,0.4823307637173966,50.94230832382424
0.0199498698837383,5.1593347182752325,87.43828350336972
0.025857072335502815,3.946274186455341,87.23804676506235
0.08604110318783724,0.4955771273670939,94.80101249868534
0.13676048324818535,1.2935604452733829,63.16498610045974
0.014372074215847297,0.7967201712902132,72.82158004507042
0.11566190501454546,0.03252361492426939,79.32392680058517
0.10012387392031104,2.123297214121653,53.33429844028385
0.07381060755688248,4.69145569340189,98.59661055106444
0.09753385043342289,7.722379308924904,69.27715950996924
0.17419186002618764,6.8716737779996695,90.32553205247257
0.04795427565949771,1.016960901038713,85.53688889108584
0.016567732893713036,3.37934144177338,53.75183195293739
0.031002066193643527,5.574486068810485,87.51458916411687
0.0751139384500305,2.1768220345340126,98.22290437158743
0.1595297472762313,4.9331496250462425,74.05732998037301
0.024324378413538038,5.159306599394697,50.70678101740408
0.019444030525526415,6.225702292504648,72.46132398565757
0.025203469996728983,0.8913092830572484,86.75855974010615
0.06776949576082866,0.8450387667736639,79.55828248767693
0.018798022125792353,1.5226040988271992,69.12226772411752
0.07327118936509441,6.85724600509145,92.12353067621991
0.021204127038973633,2.9568578260818814,74.14394540067936
0.024644230803518026,0.7656009875280878,50.680773714557446
0.06946782256556427,2.8186174631279246,60.43570762714004
0.06442512369434995,7.198630063158086,59.89187728662296
0.07252883670982646,6.651040847741957,91.50954033310552
0.06468887331938168,6.319379490762649,64.91947301915543
0.10952195444725968,5.05820526655445,58.061447871866726
0.07575353568191945,7.998910355840037,86.36325498355625
0.06633878809243561,7.26140917528184,72.58242674377334
0.06994075424322665,4.066521486087912,69.29255210117275
0.026174779861085427,1.4111434493351194,61.4580143606701
0.02063828234923928,7.332860407609102,98.38501973111138
0.025857072335502815,3.946274186455341,87.23804676506235
0.08604110318783724,0.4955771273670939,94.80101249868534
0.13676048324818535,1.2935604452733829,63.16498610045974
0.014372074215847297,0.7967201712902132,72.82158004507042
0.11566190501454546,0.03252361492426939,79.32392680058517
0.1117873061326585,1.870709015348762,52.073811014201524
0.07381060755688248,4.69145569340189,98.59661055106444
0.08433483252226236,7.527337126160274,70.67565908478277
0.17419186002618764,6.8716737779996695,90.32553205247257
0.06633936722397282,1.692203956419329,84.6463977503216
0.017013959688974033,3.4141464632219516,53.920659315202926
0.031002066193643527,5.574486068810485,87.51458916411687
0.0751139384500305,2.1768220345340126,98.22290437158743
0.21357222895868921,7.340855058776099,70.8175271223551
0.024324378413538038,5.159306599394697,50.70678101740408
0.019444030525526415,6.225702292504648,72.46132398565757
0.025203469996728983,0.8913092830572484,86.75855974010615
0.054440349575344264,1.4495383279593572,78.00845065962552
0.01832319492865099,1.5840876491723916,70.62007996353029
0.07327118936509441,6.85724600509145,92.12353067621991
0.021204127038973633,2.9568578260818814,74.14394540067936
0.02708248029614921,0.8504592936536524,50.940652765091166
0.06946782256556427,2.8186174631279246,60.43570762714004
0.06442512369434995,7.198630063158086,59.89187728662296
0.07492226359482188,6.656174350343914,91.4811410048082
0.06271208793780117,6.019318634568862,61.088379640603854
0.10781320126724393,6.456856511358548,52.144082888824755
0.07575353568191945,7.998910355840037,86.36325498355625
0.047656386879783734,6.848793937957268,72.53418061920708
0.06994075424322665,4.066521486087912,69.29255210117275
0.021176779541439678,0.8331880892311467,58.20370555111693
0.02063828234923928,7.332860407609102,98.38501973111138
0.025857072335502815,3.946274186455341,87.23804676506235
0.08604110318783724,0.4955771273670939,94.80101249868534
0.13676048324818535,1.2935604452733829,63.16498610045974
0.014372074215847297,0.7967201712902132,72.82158004507042
0.11566190501454546,0.03252361492426939,79.32392680058517
0.1117873061326585,1.870709015348762,52.073811014201524
0.07381060755688248,4.69145569340189,98.59661055106444
0.09490863515144089,4.997618499249583,73.59470222019598
0.17408756439911188,6.868867427744382,90.30449009021406
0.04810310034314255,2.2031697867663658,80.40302775458747
0.0203679555739809,3.6159706698516656,66.55720312875167
0.017496835487366046,7.311683302315075,90.43706045188722
0.06743879393904759,2.8608342504832693,97.18575612651897
0.21357222895868921,7.340855058776099,70.8175271223551
0.024324378413538038,5.159306599394697,50.70678101740408
0.019444030525526415,6.225702292504648,72.46132398565757
0.025203469996728983,0.8913092830572484,86.75855974010615
0.05634676470697608,2.5472252006408302,74.54941300890204
0.01832319492865099,1.5840876491723916,70.62007996353029
0.07106272493694127,7.002620788298379,93.60831813958914
0.020038112122439375,2.708912887696498,70.86260067460422
0.02708248029614921,0.8504592936536524,50.940652765091166
0.10767332012494413,4.592685056173707,68.99440447692231
0.07239100831650598,6.871540355008157,61.63656999729248
0.07492226359482188,6.656174350343914,91.4811410048082
0.06271208793780117,6.019318634568862,61.088379640603854
0.09840384489629798,5.944513059687727,54.08672707779367
0.07575353568191945,7.998910355840037,86.36325498355625
0.047656386879783734,6.848793937957268,72.53418061920708
0.08578788116541881,4.516508487641039,69.65991941647314
0.021176779541439678,0.8331880892311467,58.20370555111693
0.02063828234923928,7.332860407609102,98.38501973111138
0.025857072335502815,3.946274186455341,87.23804676506235
0.08604110318783724,0.4955771273670939,94.80101249868534
0.13676048324818535,1.2935604452733829,63.16498610045974
0.014372074215847297,0.7967201712902132,72.82158004507042
0.0792063376800679,0.3786220052439765,82.32015110714596
0.1117873061326585,1.870709015348762,52.073811014201524
0.0589252016997268,3.6002966164533796,87.17306779644397
0.11177437002076425,5.254407682764861,70.26233692039956
0.17408756439911188,6.868867427744382,90.30449009021406
0.04810310034314255,2.2031697867663658,80.40302775458747
0.0203679555739809,3.6159706698516656,66.55720312875167
0.017496835487366046,7.311683302315075,90.43706045188722
0.0804044301782488,3.418925762817787,88.10105089372314
0.15659744037739126,5.660997293009035,70.75991090834458
0.024324378413538038,5.159306599394697,50.70678101740408
0.021373763636597345,5.149460071486402,54.64678914196741
0.025203469996728983,0.8913092830572484,86.75855974010615
0.048079390422436544,3.2215988837041376,68.39384543826654
0.01832319492865099,1.5840876491723916,70.62007996353029
0.07763484829532016,7.446960947932208,94.53444588889649
0.020038112122439375,2.708912887696498,70.86260067460422
0.02708248029614921,0.8504592936536524,50.940652765091166
0.159602227573544,7.003997504170266,80.62738415222172
0.07239100831650598,6.871540355008157,61.63656999729248
0.07164549885775137,6.7808147042177,93.36784534086351
0.07735151748042837,7.6009454556195575,57.53506330067273
0.09840384489629798,5.944513059687727,54.08672707779367
0.07937340675156546,5.35872365825203,89.3322361643975
0.03355569047957492,7.625654436148588,83.25395806660478
0.08578788116541881,4.516508487641039,69.65991941647314
0.021176779541439678,0.8331880892311467,58.20370555111693
0.02063828234923928,7.332860407609102,98.38501973111138
0.025857072335502815,3.946274186455341,87.23804676506235
0.08604110318783724,0.4955771273670939,94.80101249868534
0.13676048324818535,1.2935604452733829,63.16498610045974
0.014372074215847297,0.7967201712902132,72.82158004507042
0.07972919075317966,0.7073453006722286,81.31439295018649
0.10965964394376795,2.1388265580081187,54.24378791145162
0.09553861882448678,0.03088133445264063,76.45118471128762
0.09252056669844941,5.838098418611227,73.46027019994746
0.2117824914465481,7.469883797799479,90.69143372900582
0.05253951816745158,0.5495140654954627,79.53360026400911
0.0203679555739809,3.6159706698516656,66.55720312875167
0.017496835487366046,7.311683302315075,90.43706045188722
0.11391543517878745,0.4098436292403882,91.5681868938029
0.09786794645296906,4.39140681272709,70.8040742626955
0.03563545702371677,5.56223084533917,53.278787887736996
0.021373763636597345,5.149460071486402,54.64678914196741
0.040489923740198996,1.4302931100499547,87.08078083357663
0.048079390422436544,3.2215988837041376,68.39384543826654
0.01832319492865099,1.5840876491723916,70.62007996353029
0.07763484829532016,7.446960947932208,94.53444588889649
0.020038112122439375,2.708912887696498,70.86260067460422
0.02708248029614921,0.8504592936536524,50.940652765091166
0.16890392234664267,7.027599772172663,79.28004116919446
0.07239100831650598,6.871540355008157,61.63656999729248
0.07164549885775137,6.7808147042177,93.36784534086351
0.07735151748042837,7.6009454556195575,57.53506330067273
0.11112383401903947,5.491206974563557,50.3949374676965
0.0638823390694119,5.298087854672542,93.05782694291737
0.03355569047957492,7.625654436148588,83.25395806660478
0.09528495407473643,5.01117629798388,69.23947298049701
0.014466785793852355,0.23747559245990413,55.662101866914206
0.02063828234923928,7.332860407609102,98.38501973111138
0.024793927818432634,3.9270112662917347,87.69742330133434
0.08604110318783724,0.4955771273670939,94.80101249868534
0.13676048324818535,1.2935604452733829,63.16498610045974
0.014372074215847297,0.7967201712902132,72.82158004507042
0.07813704431046806,0.7095225369069537,81.10750190951808
0.10965964394376795,2.1388265580081187,54.24378791145162
0.10184018638842245,0.9715608626812902,66.54103936622934
0.09252056669844941,5.838098418611227,73.46027019994746
0.24517487039997704,7.926770569228074,95.51602081818908
0.06756290592202663,0.09526303449650375,83.4472665804565
0.0203679555739809,3.6159706698516656,66.55720312875167
0.017496835487366046,7.311683302315075,90.43706045188722
0.11391543517878745,0.4098436292403882,91.5681868938029
0.10129832887447408,5.031533199578056,69.01273715982803
0.03563545702371677,5.56223084533917,53.278787887736996
0.021373763636597345,5.149460071486402,54.64678914196741
0.037819136990421554,1.9499111602745405,82.5493124433312
0.04752480934965144,2.381071830787746,69.63869759267834
0.01832319492865099,1.5840876491723916,70.62007996353029
0.07763484829532016,7.446960947932208,94.53444588889649
0.020038112122439375,2.708912887696498,70.86260067460422
0.02708248029614921,0.8504592936536524,50.940652765091166
0.16890392234664267,7.027599772172663,79.28004116919446
0.04927492458511188,5.033559038362627,65.71026435136567
0.07164549885775137,6.7808147042177,93.36784534086351
0.07735151748042837,7.6009454556195575,57.53506330067273
0.11112383401903947,5.491206974563557,50.3949374676965
0.0638823390694119,5.298087854672542,93.05782694291737
0.04351477280137418,7.820367220468121,78.79927508854392
0.08842355362190163,5.524817481777421,76.24278263886147
0.01735958975493264,3.5633394432201073,75.68788085217182
0.02063828234923928,7.332860407609102,98.38501973111138
0.025204873705608453,4.0758065945524224,88.7819780385021
0.08604110318783724,0.4955771273670939,94.80101249868534
0.14333892444479032,1.320137468848047,63.898196551506956
0.014372074215847297,0.7967201712902132,72.82158004507042
0.07813704431046806,0.7095225369069537,81.10750190951808
0.10058590424036226,1.9972582516779653,53.880832983002584
0.09940349450450767,2.4036476613699986,68.38843224210481
0.09316737635440481,6.068724291197078,73.11638341215954
0.24517487039997704,7.926770569228074,95.51602081818908
0.06756290592202663,0.09526303449650375,83.4472665804565
0.0203679555739809,3.6159706698516656,66.55720312875167
0.011096424678488821,7.186547093062397,93.2999548593863
0.09826479036477917,1.5293293344833971,85.3075129352742
0.1358887495628392,3.362080009632888,63.154315023110215
0.03563545702371677,5.56223084533917,53.278787887736996
0.021373763636597345,5.149460071486402,54.64678914196741
0.037819136990421554,1.9499111602745405,82.5493124433312
0.048331807061598654,2.1651485428149146,70.74913736581482
0.01832319492865099,1.5840876491723916,70.62007996353029
0.07765898191592507,7.433844818333034,97.68598823822094
0.020038112122439375,2.708912887696498,70.86260067460422
0.02708248029614921,0.8504592936536524,50.940652765091166
0.12451191717685361,3.9909188787403798,81.10547669892422
0.05473284591410158,2.392972403153011,53.30802330634504
0.07204080179840748,6.824781010039765,93.44484212190217
0.07735151748042837,7.6009454556195575,57.53506330067273
0.11112383401903947,5.491206974563557,50.3949374676965
0.05930699465068544,4.583175808274859,92.5665682102678
0.04351477280137418,7.820367220468121,78.79927508854392
0.07736458578977945,4.682093772595509,71.68115002978988
0.01735958975493264,3.5633394432201073,75.68788085217182
0.02063828234923928,7.332860407609102,98.38501973111138
0.027905024285776937,5.053477388852312,95.90812577272948
0.08604110318783724,0.4955771273670939,94.80101249868534
0.14333892444479032,1.320137468848047,63.898196551506956
0.029175148732525746,0.7764771902688458,74.74516157607064
0.07841983024430414,0.6513487839167764,80.93541193507323
0.10001975196644135,1.9884251551638714,53.858186558839115
0.10239590825066112,1.6983836686956364,69.86121494893209
0.09551328269916427,7.903355238722798,65.97799455604745
0.22646336093750208,7.599192490696247,94.94319676451644
0.06756290592202663,0.09526303449650375,83.4472665804565
0.015137370784424616,5.770291688572253,78.72242616052037
0.011096424678488821,7.186547093062397,93.2999548593863
0.09826479036477917,1.5293293344833971,85.3075129352742
0.12519966766420076,2.747401357792107,69.94047576965848
0.03563545702371677,5.56223084533917,53.278787887736996
0.021373763636597345,5.149460071486402,54.64678914196741
0.04597984653159973,1.005107956619904,84.94353055188992
0.0659175410133671,2.0087377354735643,69.48103424051102
0.018930871543706346,0.7855946422047113,69.07460661406229
0.07765898191592507,7.433844818333034,97.68598823822094
0.019921039906363822,1.8069424816341764,65.4939395067793
0.02419925212345525,3.7507801206110623,72.16795468831249
0.1587845700787067,2.8882598428138078,75.40416681766698
0.05473284591410158,2.392972403153011,53.30802330634504
0.07204080179840748,6.824781010039765,93.44484212190217
0.07460486998996703,7.618756691466574,59.26115410810047
0.11112383401903947,5.491206974563557,50.3949374676965
0.06212140801756479,4.362557927342578,92.04215501330997
0.04351477280137418,7.820367220468121,78.79927508854392
0.07736458578977945,4.682093772595509,71.68115002978988
0.01735958975493264,3.5633394432201073,75.68788085217182
0.02063828234923928,7.332860407609102,98.38501973111138
0.027905024285776937,5.053477388852312,95.90812577272948
0.06341923547907574,0.9442387300609204,84.77409033238911
0.14940797088718907,0.8426024224932627,61.87656613762235
0.029175148732525746,0.7764771902688458,74.74516157607064
0.07841983024430414,0.6513487839167764,80.93541193507323
0.09051797232419295,1.941398376774053,55.807691204971995
0.10399872581649593,0.2533773475567349,70.76553464657563
0.09551328269916427,7.903355238722798,65.97799455604745
0.22646336093750208,7.599192490696247,94.94319676451644
0.06756290592202663,0.09526303449650375,83.4472665804565
0.016134176169192323,4.460479677833218,76.18730119668685
0.01487547887907326,4.882784619647822,81.39230377134123
0.09826479036477917,1.5293293344833971,85.3075129352742
0.13750405949675137,3.03335555926419,74.95451321114206
0.050591160655099505,4.40082295865763,57.10433056029359
0.021373763636597345,5.149460071486402,54.64678914196741
0.05252790671851025,2.3671065775060316,87.82319125002434
0.05796756399122673,2.030499400851813,73.89976826898888
0.018930871543706346,0.7855946422047113,69.07460661406229
0.07765898191592507,7.433844818333034,97.68598823822094
0.018280855381183354,2.1667133933014426,72.9145536886173
0.04372328078375858,2.8950928733442667,71.82483351443133
0.15599506904119947,2.82562349349452,75.86063566802369
0.06408294136420523,2.5503740530875163,50.03501070838621
0.07204080179840748,6.824781010039765,93.44484212190217
0.0742615014220971,7.639546016350302,54.941115882337016
0.11112383401903947,5.491206974563557,50.3949374676965
0.06212140801756479,4.362557927342578,92.04215501330997
0.04351477280137418,7.820367220468121,78.79927508854392
0.08706110585580029,6.946630250253566,73.54481592041967
0.015415584073526317,2.7952044287332103,85.87777372513966
0.015331023542226256,7.38531909808396,98.89508813642782
0.027905024285776937,5.053477388852312,95.90812577272948
0.06341923547907574,0.9442387300609204,84.77409033238911
0.1086426705199422,1.6343007247540857,65.71386846923166
0.029175148732525746,0.7764771902688458,74.74516157607064
0.07654178982362714,0.9001089051129632,76.88765771139295
0.09051797232419295,1.941398376774053,55.807691204971995
0.08379984850225349,0.5972610235299093,77.73844375151212
0.09551328269916427,7.903355238722798,65.97799455604745
0.2055423079945034,7.3309638112986875,95.04486628495803
0.06756290592202663,0.09526303449650375,83.4472665804565
0.016134176169192323,4.460479677833218,76.18730119668685
0.01487547887907326,4.882784619647822,81.39230377134123
0.07674504899103428,4.002050153650975,82.74942069177386
0.10351696389146532,2.555381594981176,68.72844948500709
0.020507884966510806,5.8344816396273425,52.642722187506074
0.021373763636597345,5.149460071486402,54.64678914196741
0.0683556857360013,4.40562592034153,79.77950341485209
0.07245883594003652,0.7953801501099287,81.52401482580026
0.018930871543706346,0.7855946422047113,69.07460661406229
0.07529238883235806,7.460635342034073,96.3769180951292
0.018280855381183354,2.1667133933014426,72.9145536886173
0.046241885215507636,2.641044466900208,73.76065603804074
0.27355900044050374,1.4514000321927694,75.5860479472273
0.06408294136420523,2.5503740530875163,50.03501070838621
0.1052464999536337,6.496564975196174,90.25351904508628
0.0742615014220971,7.639546016350302,54.941115882337016
0.11112383401903947,5.491206974563557,50.3949374676965
0.054538394840825524,3.5584727142666317,97.96110607768313
0.07143115174248124,7.047478879317113,78.40934282455528
0.08706110585580029,6.946630250253566,73.54481592041967
0.014540661011441433,3.295378017078524,90.0599291096593
0.03444031121157388,7.409321883291627,98.09256411972689
0.027905024285776937,5.053477388852312,95.90812577272948
0.0666326772704469,1.1055183716158572,84.9616893373493
0.1086426705199422,1.6343007247540857,65.71386846923166
0.029175148732525746,0.7764771902688458,74.74516157607064
0.07628743889631819,0.910721886204042,76.85784282178851
0.06542422595908792,2.0196683592464764,61.75027704496331
0.08379984850225349,0.5972610235299093,77.73844375151212
0.09551328269916427,7.903355238722798,65.97799455604745
0.1725367402319606,6.420744357506926,91.14431162295269
0.06756290592202663,0.09526303449650375,83.4472665804565
0.019345908071470727,4.533863019525878,76.69426722214236
0.01487547887907326,4.882784619647822,81.39230377134123
0.09671917193970837,3.588144162040535,92.8869028571963
0.09887608175281506,3.3893403188653717,71.45789075148544
0.02108495817689393,5.775316971808938,53.047068943292665
0.03280787806010193,4.208958664242051,62.10146309845864
0.0683556857360013,4.40562592034153,79.77950341485209
0.06704953982915189,0.6699658634692349,83.88754992903105
0.017644846373398616,0.1739932137622846,65.22927635974142
0.07529238883235806,7.460635342034073,96.3769180951292
0.010934996000916394,1.484598672798385,69.8914596017617
0.05090750764565346,2.7201921130852877,73.90183803752572
0.27355900044050374,1.4514000321927694,75.5860479472273
0.0589176860219177,3.397050144535166,58.40908322546886
0.1052464999536337,6.496564975196174,90.25351904508628
0.0742615014220971,7.639546016350302,54.941115882337016
0.11112383401903947,5.491206974563557,50.3949374676965
0.05456892353224367,3.564778067098554,97.92577201406579
0.0723767621418504,7.323332383921619,79.92071096902544
0.09160303078107371,6.834223409918621,77.71792730764875
0.014540661011441433,3.295378017078524,90.0599291096593
0.024059110272537827,7.09331023794931,92.92745844707603
0.027905024285776937,5.053477388852312,95.90812577272948
0.0666326772704469,1.1055183716158572,84.9616893373493
0.09555942667584805,1.2320381031565786,63.66310581059828
0.029175148732525746,0.7764771902688458,74.74516157607064
0.07612567895425149,1.1151334920743983,76.9095223338548
0.06608685791741678,1.423425587511062,68.47270345512591
0.08379984850225349,0.5972610235299093,77.73844375151212
0.09505146385278532,7.854419640630831,66.33833932710333
0.24698420260496928,5.887804522090954,87.39852492896513
0.06756290592202663,0.09526303449650375,83.4472665804565
0.019345908071470727,4.533863019525878,76.69426722214236
0.01254345843213195,6.742765045090935,87.19791337859617
0.09671917193970837,3.588144162040535,92.8869028571963
0.09241224938264618,2.192255328913029,74.15063509348622
0.02108495817689393,5.775316971808938,53.047068943292665
0.012542881615916643,5.656316443694241,55.17393534874969
0.10298086463329735,7.612828619286535,84.22852326321423
0.07266866738582074,0.5348496571011971,79.47010203020574
0.017644846373398616,0.1739932137622846,65.22927635974142
0.06655697121656182,6.194538048715986,92.27948237373427
0.027092439214859904,1.3930271106266807,71.63087917720712
0.08237707941458149,2.2224625664942845,59.919646736808886
0.27355900044050374,1.4514000321927694,75.5860479472273
0.0589176860219177,3.397050144535166,58.40908322546886
0.10448955964508423,6.515604177183205,90.0155701153424
0.0742615014220971,7.639546016350302,54.941115882337016
0.09260853769234689,5.07025969602085,57.998840416597865
0.05456892353224367,3.564778067098554,97.92577201406579
0.06714282998830519,5.735935584974872,83.979474033313
0.09160303078107371,6.834223409918621,77.71792730764875
0.014540661011441433,3.295378017078524,90.0599291096593
0.024059110272537827,7.09331023794931,92.92745844707603
0.027905024285776937,5.053477388852312,95.90812577272948
0.051659583475113076,1.0400290979760767,95.98628406053825
0.09555942667584805,1.2320381031565786,63.66310581059828
0.03646285962009803,1.1572763140402276,80.75966302936823
0.07612567895425149,1.1151334920743983,76.9095223338548
0.06608685791741678,1.423425587511062,68.47270345512591
0.08379984850225349,0.5972610235299093,77.73844375151212
0.09505146385278532,7.854419640630831,66.33833932710333
0.19988697194158597,5.967871702330246,88.67260964924544
0.06569435872988205,0.15518162743157626,82.90169645734932
0.019345908071470727,4.533863019525878,76.69426722214236
0.01254345843213195,6.742765045090935,87.19791337859617
0.1185638704706164,3.6659672827628578,93.6383692511742
0.09247130283840485,2.8664564538442767,70.5059470869918
0.02108495817689393,5.775316971808938,53.047068943292665
0.012542881615916643,5.656316443694241,55.17393534874969
0.09738496234670226,6.258882776032324,82.70343926172282
0.07340707301366187,0.5382185895175883,79.45582554736009
0.017644846373398616,0.1739932137622846,65.22927635974142
0.07615934951434941,4.708132353005521,85.54661922024057
0.027092439214859904,1.3930271106266807,71.63087917720712
0.093081386648522,2.74750989723836,54.29943175580821
0.32970079437140587,0.03783407993288446,74.67444868841984
0.0589176860219177,3.397050144535166,58.40908322546886
0.06429549642377937,6.804305211566455,91.470748155651
0.0742615014220971,7.639546016350302,54.941115882337016
0.09267052215437559,5.140902296343045,58.21043885208385
0.06434757142455763,4.082621438383526,92.31905649690557
0.07175598356818266,6.532496551216246,78.86281321825396
0.08380118818100223,6.300329580040189,73.25357622485835
0.014540661011441433,3.295378017078524,90.0599291096593
0.04556257387076299,6.840475285366537,86.58661122161352
0.027905024285776937,5.053477388852312,95.90812577272948
0.051659583475113076,1.0400290979760767,95.98628406053825
0.08832291223306876,1.1337694980573874,63.80856787629555
0.03557931191952188,1.039793980587243,79.92198366432991
0.07612567895425149,1.1151334920743983,76.9095223338548
0.06608685791741678,1.423425587511062,68.47270345512591
0.08193822742530736,1.5146708097957289,77.91223762158783
0.09505146385278532,7.854419640630831,66.33833932710333
0.23278647419505355,6.899113972595339,86.66369685252737
0.06569435872988205,0.15518162743157626,82.90169645734932
0.01930943096423974,4.541714332300379,76.6870144142978
0.01254345843213195,6.742765045090935,87.19791337859617
0.1185638704706164,3.6659672827628578,93.6383692511742
0.096610030543746,4.595107439451606,77.18772600550295
0.02108495817689393,5.775316971808938,53.047068943292665
0.010542122085028936,5.717094440671275,53.73934602029944
0.10125944551117302,6.283438050802789,84.20937767900452
0.07171110776540947,0.7796939543582198,82.4981001021004
0.017644846373398616,0.1739932137622846,65.22927635974142
0.06673287399308928,5.381805631802434,81.6425307294981
0.027092439214859904,1.3930271106266807,71.63087917720712
0.0740115190243889,4.390065836226274,67.25666284761101
0.29259189097235716,0.4981908030596811,72.44539577816282
0.0589176860219177,3.397050144535166,58.40908322546886
0.05316252176508374,6.791066600287524,90.55156964327197
0.0742615014220971,7.639546016350302,54.941115882337016
0.09874118498474525,5.576984238087899,55.90179155700264
0.03983068208668731,4.783892554245204,90.50558105855194
0.07175598356818266,6.532496551216246,78.86281321825396
0.07564917658917729,4.966169979153433,79.01922792413637
0.018200614101535728,3.355812186943589,90.00297474905624
0.04556257387076299,6.840475285366537,86.58661122161352
0.027905024285776937,5.053477388852312,95.90812577272948
0.051659583475113076,1.0400290979760767,95.98628406053825
0.08832291223306876,1.1337694980573874,63.80856787629555
0.03557931191952188,1.039793980587243,79.92198366432991
0.07611665723146536,0.15242186506539923,74.59529015122283
0.06608685791741678,1.423425587511062,68.47270345512591
0.10423367845157039,0.870638577240876,73.68289134645278
0.060987487335692,4.474529471475929,65.85027905388115
0.25437883333577344,7.597582677854304,85.55233977950557
0.06569435872988205,0.15518162743157626,82.90169645734932
0.01930943096423974,4.541714332300379,76.6870144142978
0.01254345843213195,6.742765045090935,87.19791337859617
0.09863518336392649,3.1018725532542812,94.85525679682696
0.0970425601462091,4.7943847762844864,72.86762766446083
0.02108495817689393,5.775316971808938,53.047068943292665
0.010542122085028936,5.717094440671275,53.73934602029944
0.10670864801759086,7.6122146524485395,86.29304116415548
0.05595913800669707,0.7356458696238021,86.7676550236855
0.017644846373398616,0.1739932137622846,65.22927635974142
0.08205746619477935,6.2368261915900485,83.42528985499116
0.011862939437412748,1.7784243301147225,70.7099772618774
0.07797449740610517,5.831352173084534,61.02898630151272
0.23347079934557358,1.816484366014559,75.55980329999632
0.0589176860219177,3.397050144535166,58.40908322546886
0.05316252176508374,6.791066600287524,90.55156964327197
0.0742615014220971,7.639546016350302,54.941115882337016
0.09874118498474525,5.576984238087899,55.90179155700264
0.04484387883654244,3.525578849411422,89.34372410571476
0.07091749856680878,6.869839531861094,78.82912586081511
0.07564917658917729,4.966169979153433,79.01922792413637
0.018200614101535728,3.355812186943589,90.00297474905624
0.044737479057204724,6.768228859605686,86.2754825308081
0.027905024285776937,5.053477388852312,95.90812577272948
0.04851047370161448,0.9018090136810613,96.06210489132438
0.09311499696807632,0.043418073338230556,62.653993822186294
0.03557931191952188,1.039793980587243,79.92198366432991
0.07611665723146536,0.15242186506539923,74.59529015122283
0.09856865415723053,0.11266527770998946,53.86846997533426
0.10423367845157039,0.870638577240876,73.68289134645278
0.06607278476321818,4.466331992282698,64.52804795078069
0.23338508908943603,7.322260376079185,86.03701923256678
0.06236965072894149,0.15606199024388004,85.55143590789821
0.01930943096423974,4.541714332300379,76.6870144142978
0.01254345843213195,6.742765045090935,87.19791337859617
0.09863518336392649,3.1018725532542812,94.85525679682696
0.0970425601462091,4.7943847762844864,72.86762766446083
0.02108495817689393,5.775316971808938,53.047068943292665
0.01107612417241368,5.552449801794929,56.26789255342415
0.1144670466772971,7.773138294995567,87.91098390626351
0.05356504345320762,0.9520994777882283,87.22186885760435
0.017644846373398616,0.1739932137622846,65.22927635974142
0.07723540605322382,6.270808820954014,83.97116913346322
0.011862939437412748,1.7784243301147225,70.7099772618774
0.08515819290492888,6.655257910255068,58.91700509559984
0.23347079934557358,1.816484366014559,75.55980329999632
0.06680041891797554,4.012624384408973,57.10648904404507
0.0551889087808279,6.426177672355321,86.46693353096187
0.07658414712273398,7.115000410403944,56.39347965828911
0.12744575874044342,5.58501766131946,55.78191742520557
0.045433240919252285,3.3516673101919467,89.2003325882739
0.07091749856680878,6.869839531861094,78.82912586081511
0.07424994208292032,5.360545060479733,80.33029146204419
0.019042943429015767,3.5654600661790727,92.5671735222191
0.09922608169913566,6.928254227258491,86.20660526329151
0.03444927052934588,5.382729943615549,93.64358434080077
0.06010292127662653,0.8953244324021394,91.40641681751292
0.09311499696807632,0.043418073338230556,62.653993822186294
0.011896074155516995,0.26529517491152,74.31317594999078
0.07521443436523678,0.15820747206736155,75.22909973306474
0.09856865415723053,0.11266527770998946,53.86846997533426
0.10417015608418535,0.8712628517753919,73.68084690529425
0.05326904177357678,4.486971574971594,67.85715651488763
0.23338508908943603,7.322260376079185,86.03701923256678
0.06236965072894149,0.15606199024388004,85.55143590789821
0.01930943096423974,4.541714332300379,76.6870144142978
0.0240025447750434,5.1251840402478885,87.20460517030045
0.09863518336392649,3.1018725532542812,94.85525679682696
0.09437940312345708,3.6567159578143196,68.4396835786984
0.02108495817689393,5.775316971808938,53.047068943292665
0.01107612417241368,5.552449801794929,56.26789255342415
0.1144670466772971,7.773138294995567,87.91098390626351
0.05356504345320762,0.9520994777882283,87.22186885760435
0.017644846373398616,0.1739932137622846,65.22927635974142
0.07723540605322382,6.270808820954014,83.97116913346322
0.010967899789063956,1.7647732064529922,70.46092316892866
0.08765369555924048,4.581578109676652,60.089041658561285
0.24616691058860712,1.909296259222462,75.74429920663866
0.06281409584198225,2.7485793410463346,57.39700056566077
0.0551889087808279,6.426177672355321,86.46693353096187
0.07658414712273398,7.115000410403944,56.39347965828911
0.1132315710196245,3.290593280658626,58.627207739069696
0.050459078968389096,3.177278738641026,80.00409932591865
0.07461014607529888,7.409010901990119,79.70701621946297
0.07424994208292032,5.360545060479733,80.33029146204419
0.019042943429015767,3.5654600661790727,92.5671735222191
0.09980930217157188,6.960585099079633,86.27182610191876
0.03444927052934588,5.382729943615549,93.64358434080077
0.06010292127662653,0.8953244324021394,91.40641681751292
0.09311499696807632,0.043418073338230556,62.653993822186294
0.011896074155516995,0.26529517491152,74.31317594999078
0.07507437882511497,0.3769683047465895,75.34644000236995
0.08752747129949556,0.7296526582011871,57.047200620782064
0.06127328048430186,0.5576754736470169,73.05748296302676
0.049238764830597394,4.45866769666161,67.39583681525359
0.2801923612298677,7.637442438099832,86.65627638320507
0.06236965072894149,0.15606199024388004,85.55143590789821
0.01930943096423974,4.541714332300379,76.6870144142978
0.06006675623704011,5.285499408573623,76.2494693803158
0.09863518336392649,3.1018725532542812,94.85525679682696
0.09437940312345708,3.6567159578143196,68.4396835786984
0.02108495817689393,5.775316971808938,53.047068943292665
0.01107612417241368,5.552449801794929,56.26789255342415
0.1144670466772971,7.773138294995567,87.91098390626351
0.03910025505283677,0.26215237074506925,84.77201310970732
0.017644846373398616,0.1739932137622846,65.22927635974142
0.07723540605322382,6.270808820954014,83.97116913346322
0.010967899789063956,1.7647732064529922,70.46092316892866
0.08765369555924048,4.581578109676652,60.089041658561285
0.22243708229272585,2.8730815644616623,69.38874364728238
0.05837117201700698,3.6157990186311397,65.26909694786843
0.07900504636409526,6.1421929214430735,79.79563911427297
0.07658414712273398,7.115000410403944,56.39347965828911
0.16810550191844412,5.079754875462564,54.83712644252106
0.050459078968389096,3.177278738641026,80.00409932591865
0.07461014607529888,7.409010901990119,79.70701621946297
0.07046762425973553,4.1850007322431715,82.70763973305063
0.019042943429015767,3.5654600661790727,92.5671735222191
0.09980930217157188,6.960585099079633,86.27182610191876
0.048794566511659226,5.972501044817709,80.96136428354208
0.060286220052037084,1.020620442337786,89.10708706167537
0.08852005081738576,0.261902542505005,64.50961201218422
0.011896074155516995,0.26529517491152,74.31317594999078
0.07604858161136042,0.3642124049558666,75.50801470245956
0.08752747129949556,0.7296526582011871,57.047200620782064
0.06127328048430186,0.5576754736470169,73.05748296302676
0.06069214874874199,4.130401461494735,70.73555900565488
0.2801923612298677,7.637442438099832,86.65627638320507
0.07427675481169355,0.1512881528209719,90.96181326813382
0.013967750125380651,4.775693845184012,76.11818587052379
0.04827558731960487,5.586368411942734,83.15673556231906
0.09593291399365345,2.3431712769999913,86.74838266092948
0.09541370901775516,3.6338649579295437,67.8225220017978
0.017599428560508515,6.060289803138698,52.4546024428207
0.01107612417241368,5.552449801794929,56.26789255342415
0.1144670466772971,7.773138294995567,87.91098390626351
0.03428897289988668,0.5191352199131316,82.32448637489465
0.017644846373398616,0.1739932137622846,65.22927635974142
0.06443174153513502,5.4001895451260005,81.36083012059593
0.010967899789063956,1.7647732064529922,70.46092316892866
0.08845560211178224,4.436877218784729,58.26183728577799
0.24477833642151092,3.2280369271611518,71.43252353120937
0.06937648560231877,3.3283210327373896,62.580168468433584
0.06591926837774066,5.867247550638432,79.05572002959467
0.07593335051006328,7.235317132234698,55.998463455326245
0.16810550191844412,5.079754875462564,54.83712644252106
0.050459078968389096,3.177278738641026,80.00409932591865
0.07461014607529888,7.409010901990119,79.70701621946297
0.08929762170395802,4.950935003880507,86.58338274957843
0.0135623870983941,3.938613580230872,92.8466392576445
0.09892254216408618,5.9043085531041335,86.38084286660785
0.0321621233540061,7.253085203748281,78.91945447219462
0.060286220052037084,1.020620442337786,89.10708706167537
0.08852005081738576,0.261902542505005,64.50961201218422
0.011896074155516995,0.26529517491152,74.31317594999078
0.07604858161136042,0.3642124049558666,75.50801470245956
0.09119251414202961,0.787882451568279,57.38247906093242
0.061276986277169515,0.7521832897178506,72.95072998582286
0.061342710237594245,4.201869891829154,71.05741627414316
0.2801923612298677,7.637442438099832,86.65627638320507
0.068940333401615,0.16810671607193348,90.02279482354801
0.013967750125380651,4.775693845184012,76.11818587052379
0.05210000081574911,5.326107760346314,83.44495868761645
0.0956828627677238,2.9647745978420215,77.63361127145686
0.09541370901775516,3.6338649579295437,67.8225220017978
0.017599428560508515,6.060289803138698,52.4546024428207
0.05098972035214139,5.432300599928063,55.90422161746345
0.09797693988360325,6.566119078967401,85.72489460783686
0.03428897289988668,0.5191352199131316,82.32448637489465
0.017644846373398616,0.1739932137622846,65.22927635974142
0.07751522358631033,5.21577819900341,89.43632515741513
0.010967899789063956,1.7647732064529922,70.46092316892866
0.06122504826536376,2.797568455174441,60.941193308698644
0.24477833642151092,3.2280369271611518,71.43252353120937
0.08115956425736351,3.9562197150319873,60.174984745220875
0.09254318121455386,6.426642765414446,80.56113615672993
0.07593335051006328,7.235317132234698,55.998463455326245
0.16810550191844412,5.079754875462564,54.83712644252106
0.0466643734544802,2.5534812307863275,80.54863412932995
0.07461014607529888,7.409010901990119,79.70701621946297
0.08929762170395802,4.950935003880507,86.58338274957843
0.012515778361653594,4.9037388394541646,99.92682581863511
0.09892254216408618,5.9043085531041335,86.38084286660785
0.03125112750962866,7.349162192145805,79.31943503749896
0.060286220052037084,1.020620442337786,89.10708706167537
0.08852005081738576,0.261902542505005,64.50961201218422
0.011896074155516995,0.26529517491152,74.31317594999078
0.06604558686788622,0.44627210453056465,84.32950657963826
0.09119251414202961,0.787882451568279,57.38247906093242
0.08057194400938791,1.3590423752074186,74.15872160583396
0.019916662301194987,1.4170156051080642,57.91510246058601
0.2801923612298677,7.637442438099832,86.65627638320507
0.068940333401615,0.16810671607193348,90.02279482354801
0.013967750125380651,4.775693845184012,76.11818587052379
0.06501341539806131,4.07306447993357,86.00023332912245
0.09780334188039111,2.5062520720300494,79.95654858985974
0.09101684910279956,3.733299103837575,65.46354848379286
0.017599428560508515,6.060289803138698,52.4546024428207
0.05455374646398187,5.758901519434817,54.60791715900127
0.06715616501147798,6.927808126246094,82.76620110758529
0.03396201804742501,0.5395610482344565,81.76919872914132
0.017644846373398616,0.1739932137622846,65.22927635974142
0.07751522358631033,5.21577819900341,89.43632515741513
0.010967899789063956,1.7647732064529922,70.46092316892866
0.06202731146948161,2.844198294221526,60.910357298564016
0.21781766385525386,3.8410892687366336,74.05737551409153
0.08115956425736351,3.9562197150319873,60.174984745220875
0.09254318121455386,6.426642765414446,80.56113615672993
0.07593335051006328,7.235317132234698,55.998463455326245
0.2391408980567403,5.997690403486844,50.47606151801103
0.048084477852576676,3.130463893942844,75.87924833467012
0.07461014607529888,7.409010901990119,79.70701621946297
0.09567902579138264,3.8829519154327454,89.57102164623713
0.012515778361653594,4.9037388394541646,99.92682581863511
0.07203826236293046,4.0088881744499965,79.38452454493978
0.03125112750962866,7.349162192145805,79.31943503749896
0.06458711288589351,1.3684476536478622,89.16346385601076
0.08852005081738576,0.261902542505005,64.50961201218422
0.011896074155516995,0.26529517491152,74.31317594999078
0.06604558686788622,0.44627210453056465,84.32950657963826
0.0825337114456235,1.4082224554095175,56.802675795295514
0.08057194400938791,1.3590423752074186,74.15872160583396
0.019916662301194987,1.4170156051080642,57.91510246058601
0.2801923612298677,7.637442438099832,86.65627638320507
0.068940333401615,0.16810671607193348,90.02279482354801
0.011435887168274893,7.944192731952866,83.61573958522105
0.06501341539806131,4.07306447993357,86.00023332912245
0.06491947971786954,3.4306380099531477,87.65637980375197
0.06952568147002602,3.4047608728708494,67.63806772661874
0.017599428560508515,6.060289803138698,52.4546024428207
0.05455374646398187,5.758901519434817,54.60791715900127
0.0531995766220481,4.241848607709925,82.34700817473801
0.027230378163028715,0.027393896366905146,80.36122436501226
0.017478154744752075,0.15966995163213582,65.20055189504151
0.07751522358631033,5.21577819900341,89.43632515741513
0.010967899789063956,1.7647732064529922,70.46092316892866
0.0587188132931842,3.1091609802710765,58.54675213921651
0.21781766385525386,3.8410892687366336,74.05737551409153
0.08115956425736351,3.9562197150319873,60.174984745220875
0.10511324207310951,7.6898641059180814,80.30191596998097
0.07593335051006328,7.235317132234698,55.998463455326245
0.2391408980567403,5.997690403486844,50.47606151801103
0.047509927610525665,3.205930071970565,76.00053547934971
0.07461014607529888,7.409010901990119,79.70701621946297
0.08037471703579852,4.070804587637344,91.47677243597948
0.03171525431132787,5.678364823792514,93.6748940831101
0.07203826236293046,4.0088881744499965,79.38452454493978
0.03125112750962866,7.349162192145805,79.31943503749896
0.06458711288589351,1.3684476536478622,89.16346385601076
0.08572104690734342,0.5772970793013625,65.92315310248343
0.011896074155516995,0.26529517491152,74.31317594999078
0.06604558686788622,0.44627210453056465,84.32950657963826
0.06001578103716982,1.043879055042391,62.38468899714239
0.08057194400938791,1.3590423752074186,74.15872160583396
0.019916662301194987,1.4170156051080642,57.91510246058601
0.2801923612298677,7.637442438099832,86.65627638320507
0.07983939633853973,0.436999689137334,88.85399290227534
0.04594204894674325,7.85051048906965,82.39508883255039
0.06501341539806131,4.07306447993357,86.00023332912245
0.06491947971786954,3.4306380099531477,87.65637980375197
0.12086236342226188,4.842512147247673,65.16331496312537
0.017599428560508515,6.060289803138698,52.4546024428207
0.05455374646398187,5.758901519434817,54.60791715900127
0.053233803546373186,4.241359608183336,82.35759225864776
0.027230378163028715,0.027393896366905146,80.36122436501226
0.017478154744752075,0.15966995163213582,65.20055189504151
0.07751522358631033,5.21577819900341,89.43632515741513
0.010967899789063956,1.7647732064529922,70.46092316892866
0.0587188132931842,3.1091609802710765,58.54675213921651
0.31064596267954736,0.6710697163191828,68.91409845101245
0.06992411035877343,3.1376992707592515,64.38052873836273
0.07013508784375974,5.488493987371831,76.64565687511694
0.07593335051006328,7.235317132234698,55.998463455326245
0.2391408980567403,5.997690403486844,50.47606151801103
0.047509927610525665,3.205930071970565,76.00053547934971
0.07461014607529888,7.409010901990119,79.70701621946297
0.08244444199840613,3.242063236474084,92.95366501920442
0.03171525431132787,5.678364823792514,93.6748940831101
0.0722197586552503,4.001373759315529,79.32020272937137
0.030531750091240647,6.039178823223128,79.50582808325409
0.08648464753723055,1.799428732569001,94.01562474687469
0.08484289016757471,0.5563500513704663,69.34683005900818
0.010183751142664097,0.29769608666256286,77.10850568902357
0.06604558686788622,0.44627210453056465,84.32950657963826
0.06001578103716982,1.043879055042391,62.38468899714239
0.08057194400938791,1.3590423752074186,74.15872160583396
0.019916662301194987,1.4170156051080642,57.91510246058601
0.2353725651409912,6.289094280278822,85.54091926746914
0.056030885918997644,3.0300661037136254,91.23904271637042
0.04594204894674325,7.85051048906965,82.39508883255039
0.06501341539806131,4.07306447993357,86.00023332912245
0.047790473052632544,2.9017450774349136,82.19701991663915
0.12086236342226188,4.842512147247673,65.16331496312537
0.017599428560508515,6.060289803138698,52.4546024428207
0.05455374646398187,5.758901519434817,54.60791715900127
0.053233803546373186,4.241359608183336,82.35759225864776
0.027230378163028715,0.027393896366905146,80.36122436501226
0.020099672321713273,0.31582506114738074,66.06665504665261
0.0855719856913281,5.894290026984108,92.6886801336616
0.010967899789063956,1.7647732064529922,70.46092316892866
0.0561038585276761,3.1025010641372437,57.1853369237561
0.29890700190311664,0.7706902743918143,69.50730536597062
0.0695473096878539,2.7942462572283366,63.14813719995587
0.0737807900295816,5.952534990956811,76.32993739769175
0.0754852358776696,6.460774256794057,68.87535423311697
0.2391408980567403,5.997690403486844,50.47606151801103
0.07461895373795299,4.963450556706722,93.76858397724581
0.07461014607529888,7.409010901990119,79.70701621946297
0.08244444199840613,3.242063236474084,92.95366501920442
0.03171525431132787,5.678364823792514,93.6748940831101
0.07245215763271633,3.9841152307953593,79.6300805602188
0.058052367203270075,3.235326073510735,73.99040557249126
0.08648464753723055,1.799428732569001,94.01562474687469
0.08827809136561002,0.15587187887419418,67.93285102091804
0.010183751142664097,0.29769608666256286,77.10850568902357
0.06545045803667965,0.34481039300201655,84.01652830820227
0.06001578103716982,1.043879055042391,62.38468899714239
0.09220685472317985,0.4904317809263574,78.16881214744744
0.019916662301194987,1.4170156051080642,57.91510246058601
0.2353725651409912,6.289094280278822,85.54091926746914
0.0741874883335075,3.537656914189019,83.93631509519547
0.04594204894674325,7.85051048906965,82.39508883255039
0.042735823044789886,2.23903629073602,76.25237841683209
0.047790473052632544,2.9017450774349136,82.19701991663915
0.12086236342226188,4.842512147247673,65.16331496312537
0.017599428560508515,6.060289803138698,52.4546024428207
0.0553432456655824,5.366634495278557,56.73865860953656
0.04299662456520164,7.5065474512549315,80.96745510849077
0.03533779653339282,1.3412355353206604,80.98365735206144
0.020099672321713273,0.31582506114738074,66.06665504665261
0.07843582562028023,3.9261504473847646,89.61307550517252
0.010967899789063956,1.7647732064529922,70.46092316892866
0.05215891358287761,2.2933462514123937,54.876443479390254
0.3547869245928696,0.08230802366119772,63.793517366403364
0.0695473096878539,2.7942462572283366,63.14813719995587
0.0737807900295816,5.952534990956811,76.32993739769175
0.07188879922721814,6.340178880769798,66.4239312795356
0.1433014681142798,4.163586740457744,63.054084348881915
0.07461895373795299,4.963450556706722,93.76858397724581
0.07461014607529888,7.409010901990119,79.70701621946297
0.08179487201101299,3.4452848235974285,91.70727670854862
0.02537688431790225,6.221961602567133,95.29963675461242
0.07245215763271633,3.9841152307953593,79.6300805602188
0.06840123922785171,3.2280361917237115,80.1786674623289
0.08648464753723055,1.799428732569001,94.01562474687469
0.08827809136561002,0.15587187887419418,67.93285102091804
0.010183751142664097,0.29769608666256286,77.10850568902357
0.06545045803667965,0.34481039300201655,84.01652830820227
0.03672612595326999,0.3472464493471872,59.30924131032822
0.09220685472317985,0.4904317809263574,78.16881214744744
0.01771701102149052,1.337776983083255,56.14748212710059
0.2353725651409912,6.289094280278822,85.54091926746914
0.08133735439756562,3.218923821781699,87.91400985685692
0.04594204894674325,7.85051048906965,82.39508883255039
0.03466214338314932,1.1032582037425822,78.97428691980438
0.04138795311642262,2.7994046695015946,80.4063807471834
0.12086236342226188,4.842512147247673,65.16331496312537
0.017599428560508515,6.060289803138698,52.4546024428207
0.056846653034800625,6.817615132208712,57.61785960899814
0.04349678403529081,7.9091729088316125,80.96639702159746
0.033321510468778306,1.3754323445939773,80.66141203664948
0.020099672321713273,0.31582506114738074,66.06665504665261
0.07843582562028023,3.9261504473847646,89.61307550517252
0.013244878329029342,1.403482578528607,69.36522633926029
0.022318332708909788,1.4264087362075495,54.109964282173614
0.3547869245928696,0.08230802366119772,63.793517366403364
0.0909115788816504,2.790332612818923,50.054451624443104
0.0737807900295816,5.952534990956811,76.32993739769175
0.07188879922721814,6.340178880769798,66.4239312795356
0.1614554177758547,5.468661107575123,57.68381164511857
0.07723169265846522,5.204377831724495,94.61895799284723
0.07461014607529888,7.409010901990119,79.70701621946297
0.07994737820010846,3.3983585174079765,92.4963516580948
0.03301594847240961,5.305030859359008,93.86220083890245
0.0733718230010745,4.048555331586619,79.86834647342295
0.06837562627029933,3.2285342243327007,80.2129437226351
0.09206873354885242,2.1855959258431645,96.67015129996989
0.08553923948042974,1.2509861573383638,69.51924115794948
0.010183751142664097,0.29769608666256286,77.10850568902357
0.0710906378412891,0.7348567497691916,86.69772036441464
0.0387837856634898,0.3511351032941242,58.47295605680126
0.08958510874203715,1.2676051696890287,77.90716851571355
0.02112059184474535,1.2807666662347232,56.715960605127805
0.16484228635574918,6.497897151473541,74.50934878554685
0.08133735439756562,3.218923821781699,87.91400985685692
0.04594204894674325,7.85051048906965,82.39508883255039
0.045219021342194826,1.6740978333779026,88.33151028184771
0.05778078310934673,3.8992987288148724,86.90638229630167
0.12250568113671347,4.776534087828658,64.78534966160086
0.017599428560508515,6.060289803138698,52.4546024428207
0.056846653034800625,6.817615132208712,57.61785960899814
0.04349678403529081,7.9091729088316125,80.96639702159746
0.022595788444227383,0.7690107854580388,78.5331950018064
0.020099672321713273,0.31582506114738074,66.06665504665261
0.08550913735804565,4.3485190299820555,92.53974904206531
0.03552515523422618,1.3638260792263648,71.85823475657743
0.022318332708909788,1.4264087362075495,54.109964282173614
0.3063859028542261,1.0672355665969437,64.07694037647424
0.0909115788816504,2.790332612818923,50.054451624443104
0.07327440795263411,5.697337326789677,76.69371634967047
0.06023952627405235,5.1854217508973,63.530096043275236
0.1762296733733824,5.692304634109182,53.51942052470437
0.07723169265846522,5.204377831724495,94.61895799284723
0.07494785155365552,7.479438346613792,79.56255053946295
0.07106894314606255,3.5990012013531416,90.257388942821
0.012367115323311972,5.352036006775074,93.50879386828949
0.0733718230010745,4.048555331586619,79.86834647342295
0.06837562627029933,3.2285342243327007,80.2129437226351
0.09206873354885242,2.1855959258431645,96.67015129996989
0.08553923948042974,1.2509861573383638,69.51924115794948
0.010183751142664097,0.29769608666256286,77.10850568902357
0.07284081716385009,0.7100406172559703,87.86712207116182
0.039236502713816075,0.513207143380833,58.45152442395825
0.027465918861785565,1.3250163866159692,81.8698964724388
0.02112059184474535,1.2807666662347232,56.715960605127805
0.16484228635574918,6.497897151473541,74.50934878554685
0.0846320243023489,2.7878059373687387,88.42772270024294
0.04594204894674325,7.85051048906965,82.39508883255039
0.041877058230242084,1.6195507828527658,83.94707515528106
0.05778078310934673,3.8992987288148724,86.90638229630167
0.12250568113671347,4.776534087828658,64.78534966160086
0.017599428560508515,6.060289803138698,52.4546024428207
0.05361490655931051,7.123729494741255,64.96097106623313
0.04349678403529081,7.9091729088316125,80.96639702159746
0.022595788444227383,0.7690107854580388,78.5331950018064
0.020099672321713273,0.31582506114738074,66.06665504665261
0.08550913735804565,4.3485190299820555,92.53974904206531
0.03651132641160715,1.4025188123408299,71.77804352584823
0.022318332708909788,1.4264087362075495,54.109964282173614
0.3063859028542261,1.0672355665969437,64.07694037647424
0.08245182034088702,2.54002599288292,53.58106371477004
0.07655230936850076,5.8260695111238885,80.00399186303889
0.06023952627405235,5.1854217508973,63.530096043275236
0.15677051086948784,5.247788085459828,58.33549947270673
0.05101063172408404,5.677771968081148,98.11374041161108
0.05731990798556433,5.452012165823638,71.03735851692058
0.07106894314606255,3.5990012013531416,90.257388942821
0.012367115323311972,5.352036006775074,93.50879386828949
0.07672565960274684,3.976894285014419,79.11843989280727
0.06837562627029933,3.2285342243327007,80.2129437226351
0.08757266715227924,2.633583798542195,92.62980303551308
0.0943865410209222,1.3919573798306808,71.63400659403877
0.010183751142664097,0.29769608666256286,77.10850568902357
0.07284081716385009,0.7100406172559703,87.86712207116182
0.03491563066605535,0.09434760546328347,54.13425973773576
0.027465918861785565,1.3250163866159692,81.8698964724388
0.02112059184474535,1.2807666662347232,56.715960605127805
0.10054458440827059,6.306803693532183,64.8785284652577
0.05883089769087392,1.7994661417314948,79.48738936369935
0.04594204894674325,7.85051048906965,82.39508883255039
0.026941569933487154,0.6068015669397897,80.71851975385931
0.06246373419836794,4.875913855410792,84.90308132299673
0.15368738873855295,5.655208305734135,67.34982768944145
0.017599428560508515,6.060289803138698,52.4546024428207
0.04338767126131081,4.855771588745307,71.57428859752551
0.04349678403529081,7.9091729088316125,80.96639702159746
0.022595788444227383,0.7690107854580388,78.5331950018064
0.020099672321713273,0.31582506114738074,66.06665504665261
0.08841271223893647,4.4992289932996385,92.99867662683518
0.03651132641160715,1.4025188123408299,71.77804352584823
0.028386658593356713,2.1243394235943867,57.044716326304204
0.2947097757712757,1.3027706367527605,64.12192333746168
0.08460725033831822,2.290280479667649,52.083930471243164
0.05355231760968569,3.581080019605915,74.32562768580767
0.05642534923725999,4.736149587844514,65.66447340297012
0.15031021565795508,5.020329787250457,59.73072096218149
0.05101063172408404,5.677771968081148,98.11374041161108
0.05731990798556433,5.452012165823638,71.03735851692058
0.07092814202339746,4.089916647364724,90.80259617349877
0.012367115323311972,5.352036006775074,93.50879386828949
0.07323463418492199,3.915916531330801,80.21143156551746
0.07895165398096661,4.219187209575807,88.45588815527117
0.08790764781693255,2.6314316169247256,92.58370029442155
0.08767900576060338,2.620585987409734,78.94428773991218
0.010183751142664097,0.29769608666256286,77.10850568902357
0.0719019075155054,0.694797973446581,87.03200132856566
0.05034184619623277,1.5393160647043609,66.15743525313891
0.02211194361890151,0.13773652780795054,85.33197955786422
0.02112059184474535,1.2807666662347232,56.715960605127805
0.10054458440827059,6.306803693532183,64.8785284652577
0.05703290778997531,1.9514193754195004,78.44958614106955
0.04803287802057134,7.229370567649543,79.05827159047948
0.026941569933487154,0.6068015669397897,80.71851975385931
0.06999172519972069,5.78064022995626,85.78988939026917
0.14776760939624467,5.612302584205976,67.57655425763257
0.017599428560508515,6.060289803138698,52.4546024428207
0.04338767126131081,4.855771588745307,71.57428859752551
0.04349678403529081,7.9091729088316125,80.96639702159746
0.025288139222167084,0.835059730597512,77.38484765182108
0.020099672321713273,0.31582506114738074,66.06665504665261
0.09746794019382077,5.203249917461834,99.38291697897901
0.03651132641160715,1.4025188123408299,71.77804352584823
0.028386658593356713,2.1243394235943867,57.044716326304204
0.29776328630175875,1.2833340909182651,63.90330730378125
0.08460725033831822,2.290280479667649,52.083930471243164
0.056491934244451626,3.8978217315690404,73.5043639941474
0.05548474112080604,4.357988832311346,68.50006767144505
0.12643448744941327,3.703183372661901,68.04409954686858
0.05101063172408404,5.677771968081148,98.11374041161108
0.057523361116752034,5.475456060579623,71.11784990622762
0.07553615982947841,3.6941027130905635,91.28596474756064
0.012367115323311972,5.352036006775074,93.50879386828949
0.06293472434104962,5.270118898155319,79.74013727550863
0.08447767153367744,4.739160515214136,91.09110848537549
0.08790764781693255,2.6314316169247256,92.58370029442155
0.05485663450098049,1.5011946744595823,72.68979513552101
0.010183751142664097,0.29769608666256286,77.10850568902357
0.07398194548377054,0.7081811827049825,87.36644501452845
0.059090186772470035,1.8184746583761342,60.16675814350528
0.02211194361890151,0.13773652780795054,85.33197955786422
0.02112059184474535,1.2807666662347232,56.715960605127805
0.09987296130440446,6.06590089141858,72.41074307809774
0.05704987146399636,2.1583283458296814,78.01147280484757
0.04803287802057134,7.229370567649543,79.05827159047948
0.027980948926821,0.8257822715729528,81.46970096288914
0.05533100572037362,5.528161897662908,95.82415801175324
0.14776760939624467,5.612302584205976,67.57655425763257
0.017599428560508515,6.060289803138698,52.4546024428207
0.014054045940426904,4.93901874174009,57.64148065762444
0.04349678403529081,7.9091729088316125,80.96639702159746
0.025288139222167084,0.835059730597512,77.38484765182108
0.020099672321713273,0.31582506114738074,66.06665504665261
0.09746794019382077,5.203249917461834,99.38291697897901
0.03651132641160715,1.4025188123408299,71.77804352584823
0.028386658593356713,2.1243394235943867,57.044716326304204
0.2550597418454158,1.2109087251637305,66.68387210968548
0.10670624784276862,1.046941651144028,51.96168386245138
0.029046904814780526,5.004150699258092,56.836496652808364
0.05458401231201181,4.769514442213902,64.02474535263707
0.139977602030682,4.014700355585745,69.50087106595126
0.05101063172408404,5.677771968081148,98.11374041161108
0.06099457823375615,6.148310912142779,71.00878500960421
0.07553615982947841,3.6941027130905635,91.28596474756064
0.012367115323311972,5.352036006775074,93.50879386828949
0.06768146548724334,5.109031490223195,69.6994339257866
0.08451481618675384,4.738155008003961,91.08507666397345
0.08568934874625787,2.72085285537426,91.23648677700962
0.05485663450098049,1.5011946744595823,72.68979513552101
0.010183751142664097,0.29769608666256286,77.10850568902357
0.07398194548377054,0.7081811827049825,87.36644501452845
0.062017972150466866,1.903653754162249,58.675402608771236
0.02047465871923547,1.113309460299487,79.70554478261349
0.02112059184474535,1.2807666662347232,56.715960605127805
0.10195050341421606,6.04622500649786,72.20104885877623
0.041615257708653104,3.4802255525804333,69.48384750745237
0.04803287802057134,7.229370567649543,79.05827159047948
0.027980948926821,0.8257822715729528,81.46970096288914
0.05533100572037362,5.528161897662908,95.82415801175324
0.14776760939624467,5.612302584205976,67.57655425763257
0.018949926959391752,5.379349652670857,56.22908274167409
0.020304524596434934,4.412208913396638,57.37470440486452
0.04349678403529081,7.9091729088316125,80.96639702159746
0.043984223404744824,2.7199445191202027,73.99546647655225
0.020099672321713273,0.31582506114738074,66.06665504665261
0.09746794019382077,5.203249917461834,99.38291697897901
0.032969993946620556,1.981811024893315,74.96538360479217
0.028442689173313915,2.368729305288468,57.02704614708029
0.22948168561248744,1.5647077901513242,70.18911471833296
0.10670624784276862,1.046941651144028,51.96168386245138
0.029046904814780526,5.004150699258092,56.836496652808364
0.06526925589869581,4.179822237437046,72.47824156836535
0.12858124651185088,4.187204548229025,69.53217139611704
0.05101063172408404,5.677771968081148,98.11374041161108
0.06390734868726936,6.617914057501076,70.08582538519805
0.07553615982947841,3.6941027130905635,91.28596474756064
0.019060617501344433,4.750199085485146,88.2421049083211
0.05455809839030583,5.073405638724041,65.33015820891552
0.07325554534330123,5.413204609454492,81.47444237870761
0.09443676048204114,2.570139692901842,95.55374636311056
0.050100658173849434,2.212013810159881,71.53829772975642
0.025604360310783447,0.5213510521068622,70.53119429373953
0.07398194548377054,0.7081811827049825,87.36644501452845
0.06046906546135394,1.0270161876838317,55.660444378479696
0.02810048544301314,1.634455671673825,77.8533595837925
0.02112059184474535,1.2807666662347232,56.715960605127805
0.16749153698719105,6.5541078350715285,56.61186808771879
0.041615257708653104,3.4802255525804333,69.48384750745237
0.054892851790978914,6.489089848733386,75.79079086138411
0.027980948926821,0.8257822715729528,81.46970096288914
0.05028079881966129,5.9101676725671135,95.85907959253672
0.16998748443966144,6.350911973471896,65.66834987660276
0.01874785972143073,5.212887675798511,56.2568921387305
0.020304524596434934,4.412208913396638,57.37470440486452
0.04349678403529081,7.9091729088316125,80.96639702159746
0.04396716485935686,2.725419181981842,73.96297902555852
0.020099672321713273,0.31582506114738074,66.06665504665261
0.09746794019382077,5.203249917461834,99.38291697897901
0.03738551607538787,2.5533738889401496,78.0183401673009
0.029168655534602912,2.417503266687665,57.7430943568287
0.20006728576986796,2.2779804573184887,74.40263522188246
0.10670624784276862,1.046941651144028,51.96168386245138
0.01778764649227796,4.841944162199896,56.96612419342428
0.06574022181350694,4.03637990610775,72.775362492931
0.10083700141273631,2.6463399622763886,76.86908312023519
0.05101063172408404,5.677771968081148,98.11374041161108
0.07095392723009811,6.983904754947934,56.757927873295934
0.07665664842227005,3.641093238180153,93.33856399468974
0.019060617501344433,4.750199085485146,88.2421049083211
0.05816067262568754,5.592391373093308,63.79544496462074
0.0829241488263292,5.32936454824573,88.62573579535973
0.09443676048204114,2.570139692901842,95.55374636311056
0.049573657618450485,2.2557778288784944,71.75001081804297
0.025604360310783447,0.5213510521068622,70.53119429373953
0.07398194548377054,0.7081811827049825,87.36644501452845
0.06046906546135394,1.0270161876838317,55.660444378479696
0.020229445206978072,1.6932852835705625,80.44597385480022
0.014030185458722873,1.3264912864856617,56.90615957108762
0.18330521256875698,7.226473448814531,55.06052487198899
0.04219883918085063,3.292934564989283,70.59525965002804
0.05687167179917106,6.737478753307627,67.18041029586416
0.03255279025828241,0.8541006117263328,77.83773215172481
0.05028079881966129,5.9101676725671135,95.85907959253672
0.1614810053281284,5.85094319952734,67.5908888786037
0.017461054086771434,5.339809827553878,55.35344566194898
0.020304524596434934,4.412208913396638,57.37470440486452
0.04349678403529081,7.9091729088316125,80.96639702159746
0.04396716485935686,2.725419181981842,73.96297902555852
0.02719915412092982,0.7831069447198562,67.43562094831928
0.09746794019382077,5.203249917461834,99.38291697897901
0.04687799547844582,3.0520248404047092,86.59911955135277
0.025304566659078875,2.5648919644801538,55.18877933416451
0.24448405743571472,2.676006980892346,80.36594628250616
0.08234524303918464,2.0762579079323995,62.04578626358108
0.01778764649227796,4.841944162199896,56.96612419342428
0.06761245194468658,4.2159044701239745,72.48977483018608
0.10083700141273631,2.6463399622763886,76.86908312023519
0.05101063172408404,5.677771968081148,98.11374041161108
0.07095392723009811,6.983904754947934,56.757927873295934
0.07303886703582327,3.507384204305003,91.23395089105767
0.019060617501344433,4.750199085485146,88.2421049083211
0.05766869198491867,5.481618802166251,64.78979819202013
0.0829241488263292,5.32936454824573,88.62573579535973
0.09443676048204114,2.570139692901842,95.55374636311056
0.050760937293835205,2.3191059153530027,72.73584843123629
0.025604360310783447,0.5213510521068622,70.53119429373953
0.07398194548377054,0.7081811827049825,87.36644501452845
0.06046906546135394,1.0270161876838317,55.660444378479696
0.020631959597941715,0.6405622934537618,77.76118555986541
0.01939418845373423,1.9576432861324489,62.88330720904844
0.18330521256875698,7.226473448814531,55.06052487198899
0.041616515808870554,3.288885313228763,70.20555856631796
0.05687167179917106,6.737478753307627,67.18041029586416
0.03255279025828241,0.8541006117263328,77.83773215172481
0.05028079881966129,5.9101676725671135,95.85907959253672
0.1576220578229468,5.624133349343115,68.46304491262339
0.017461054086771434,5.339809827553878,55.35344566194898
0.020304524596434934,4.412208913396638,57.37470440486452
0.04349678403529081,7.9091729088316125,80.96639702159746
0.04396716485935686,2.725419181981842,73.96297902555852
0.02719915412092982,0.7831069447198562,67.43562094831928
0.0976788270294019,5.2010958870850255,99.38867823891641
0.04687799547844582,3.0520248404047092,86.59911955135277
0.025304566659078875,2.5648919644801538,55.18877933416451
0.23062230811083423,3.146479556698993,78.46643860638032
0.09824070011576044,1.6029981676569558,58.86122049850485
0.04245445569501903,4.246132241175153,72.26493451159504
0.0810775256974679,5.0646780231725685,71.65084218910582
0.09387836022631904,3.2938676196565684,75.33560211713615
0.05101063172408404,5.677771968081148,98.11374041161108
0.07095392723009811,6.983904754947934,56.757927873295934
0.07303886703582327,3.507384204305003,91.23395089105767
0.019060617501344433,4.750199085485146,88.2421049083211
0.05766869198491867,5.481618802166251,64.78979819202013
0.0829241488263292,5.32936454824573,88.62573579535973
0.09443676048204114,2.570139692901842,95.55374636311056
0.050760937293835205,2.3191059153530027,72.73584843123629
0.025604360310783447,0.5213510521068622,70.53119429373953
0.07398194548377054,0.7081811827049825,87.36644501452845
0.06046906546135394,1.0270161876838317,55.660444378479696
0.020631959597941715,0.6405622934537618,77.76118555986541
0.014663992827616566,0.7896404752010291,59.33445488529849
0.18330521256875698,7.226473448814531,55.06052487198899
0.041616515808870554,3.288885313228763,70.20555856631796
0.05687167179917106,6.737478753307627,67.18041029586416
0.03255279025828241,0.8541006117263328,77.83773215172481
0.05028079881966129,5.9101676725671135,95.85907959253672
0.17694852824863835,5.670046024564661,61.185938942411305
0.034774342553527474,5.264932422771312,59.788798962560705
0.020304524596434934,4.412208913396638,57.37470440486452
0.04349678403529081,7.9091729088316125,80.96639702159746
0.04396716485935686,2.725419181981842,73.96297902555852
0.02719915412092982,0.7831069447198562,67.43562094831928
0.0976788270294019,5.2010958870850255,99.38867823891641
0.04647855470040354,2.7982327296840146,85.48617158257426
0.024339990874303063,2.55505137950841,53.85100551704231
0.17225161445202916,3.0148057880776618,77.05811920506171
0.09824070011576044,1.6029981676569558,58.86122049850485
0.03468645460223933,2.903793866767036,75.00447794208353
0.0810775256974679,5.0646780231725685,71.65084218910582
0.12075011823546386,2.885409961309194,81.89555502456793
0.05101063172408404,5.677771968081148,98.11374041161108
0.07095392723009811,6.983904754947934,56.757927873295934
0.07303886703582327,3.507384204305003,91.23395089105767
0.019060617501344433,4.750199085485146,88.2421049083211
0.07092144283853452,6.968126449103684,58.899483705968855
0.08375639816105207,5.4486553666912245,96.2761023969671
0.09443676048204114,2.570139692901842,95.55374636311056
0.05449685305885842,2.2830349455776333,75.31101411413215
0.025632201162573295,0.3315741193920201,71.95599398032128
0.0811077620442466,0.1322476033775244,91.77518926271522
0.0577889511249212,0.9861469593282941,55.433330936197414
0.020631959597941715,0.6405622934537618,77.76118555986541
0.014663992827616566,0.7896404752010291,59.33445488529849
0.18330521256875698,7.226473448814531,55.06052487198899
0.037205232835054766,2.686302348789422,71.69385842469192
0.057385642034047,7.701531921339846,65.42074405977563
0.032932343806827254,0.7438407047900766,78.47184762649653
0.05028079881966129,5.9101676725671135,95.85907959253672
0.19523445525451646,5.606107599709864,56.34075592662227
0.04116934927129576,6.9257646439551115,63.4279545268126
0.020304524596434934,4.412208913396638,57.37470440486452
0.04093005083208512,6.168285963344375,80.36032205491904
0.04499623425074734,3.1567658388357294,77.49147000854612
0.02599046597653833,0.7047675511818008,67.9226044412964
0.0976788270294019,5.2010958870850255,99.38867823891641
0.04647855470040354,2.7982327296840146,85.48617158257426
0.024339990874303063,2.55505137950841,53.85100551704231
0.28353283164876575,4.969178468013657,82.14042942879891
0.09824070011576044,1.6029981676569558,58.86122049850485
0.03468645460223933,2.903793866767036,75.00447794208353
0.07042903194520928,7.212397053195961,79.58586652358815
0.11759755363694768,2.790310877570736,80.57054987158959
0.05101063172408404,5.677771968081148,98.11374041161108
0.05675036190238643,6.2627264588745835,56.93088994793472
0.07303886703582327,3.507384204305003,91.23395089105767
0.019060617501344433,4.750199085485146,88.2421049083211
0.07682786800488958,7.836451814753614,54.663754013834335
0.06155213791309609,3.393193036922011,88.497692912176
0.09443676048204114,2.570139692901842,95.55374636311056
0.061803256949228086,2.054088748120181,75.42406974422963
0.020516131900196743,0.3499564168496967,70.1282274074773
0.0811077620442466,0.1322476033775244,91.77518926271522
0.0577889511249212,0.9861469593282941,55.433330936197414
0.020631959597941715,0.6405622934537618,77.76118555986541
0.011980431009455136,0.7910391913824014,57.60013496546589
0.1958090746281576,7.698258952083234,54.54602735556333
0.031771788989812644,1.508938165268007,61.295684034531824
0.057385642034047,7.701531921339846,65.42074405977563
0.032932343806827254,0.7438407047900766,78.47184762649653
0.04026261336016318,6.147980891908084,97.4033138177641
0.1789849866336563,5.117265547699229,57.623043215602365
0.04116934927129576,6.9257646439551115,63.4279545268126
0.021776809002235026,4.397748850571544,58.02817600791171
0.027836846257399205,4.948329612645071,92.24728184561728
0.04499623425074734,3.1567658388357294,77.49147000854612
0.022565321161844544,0.6689667822947671,69.68127688001331
0.0976788270294019,5.2010958870850255,99.38867823891641
0.039394519521299194,1.3509779461322626,81.27630481187265
0.02638993817391806,2.2664971258415454,55.90450567759975
0.28353283164876575,4.969178468013657,82.14042942879891
0.09931563367813383,1.613116405913229,58.87693553369465
0.03468645460223933,2.903793866767036,75.00447794208353
0.06594402517592285,6.774990968106896,97.05401889827928
0.13654539019970918,3.4775260416671125,74.6570967835192
0.04282819154348741,4.051431376667869,88.24021812746747
0.060894565295174646,5.219677893576141,62.85934957821665
0.08737004783053472,3.753523896057284,87.14165351084881
0.019060617501344433,4.750199085485146,88.2421049083211
0.07682786800488958,7.836451814753614,54.663754013834335
0.0714884567386812,3.075867494881824,88.55746022268144
0.09443676048204114,2.570139692901842,95.55374636311056
0.061803256949228086,2.054088748120181,75.42406974422963
0.020516131900196743,0.3499564168496967,70.1282274074773
0.08209699922721712,0.030966364724216433,91.86654151254376
0.049555788664020925,0.951080252374366,55.82277048912193
0.025752815943820884,1.1694151764764522,77.70449704308264
0.011980431009455136,0.7910391913824014,57.60013496546589
0.1958090746281576,7.698258952083234,54.54602735556333
0.031771788989812644,1.508938165268007,61.295684034531824
0.057385642034047,7.701531921339846,65.42074405977563
0.03444342542253753,0.30741813115392524,77.40754922309671
0.04026261336016318,6.147980891908084,97.4033138177641
0.2398708435174593,3.496624831530328,59.38678578425675
0.0472867973957916,6.396650175515406,63.25161114623028
0.021776809002235026,4.397748850571544,58.02817600791171
0.027836846257399205,4.948329612645071,92.24728184561728
0.05501327935274585,2.621395877420855,85.88809015530464
0.022565321161844544,0.6689667822947671,69.68127688001331
0.0963611366603435,5.016064116174116,97.82323715006585
0.039394519521299194,1.3509779461322626,81.27630481187265
0.02638993817391806,2.2664971258415454,55.90450567759975
0.27757536179080966,5.018620687550664,82.5487558550457
0.09931563367813383,1.613116405913229,58.87693553369465
0.015769967819730862,4.050032618097248,68.27662857482733
0.06115707292808106,6.51501108634746,94.30845673817886
0.21956296054270175,2.5782246129614954,65.05760280904121
0.042615493644691846,4.054930481720525,87.9349632177455
0.060894565295174646,5.219677893576141,62.85934957821665
0.08737004783053472,3.753523896057284,87.14165351084881
0.019060617501344433,4.750199085485146,88.2421049083211
0.07682786800488958,7.836451814753614,54.663754013834335
0.05620096041954337,3.564087844999475,88.4655053895692
0.09443676048204114,2.570139692901842,95.55374636311056
0.062248281046968126,1.934140440829349,74.38811009793994
0.020516131900196743,0.3499564168496967,70.1282274074773
0.08209699922721712,0.030966364724216433,91.86654151254376
0.020431018399210465,0.6723260964991051,54.24070564574208
0.02891174079962061,1.2177005709518212,77.76526463447351
0.011980431009455136,0.7910391913824014,57.60013496546589
0.1958090746281576,7.698258952083234,54.54602735556333
0.031771788989812644,1.508938165268007,61.295684034531824
0.057385642034047,7.701531921339846,65.42074405977563
0.03444342542253753,0.30741813115392524,77.40754922309671
0.04138296080413642,6.249628617789693,95.3107172939547
0.2398708435174593,3.496624831530328,59.38678578425675
0.05148809341493568,5.061647347828121,75.13506371821113
0.011604318560044694,4.655060849028963,53.342217980360765
0.027836846257399205,4.948329612645071,92.24728184561728
0.07210195841342032,4.5437635905637705,92.93341204933068
0.03373023586496558,2.36027601336521,76.80612480504061
0.09653341986577346,5.016234413703905,97.83725617087636
0.039394519521299194,1.3509779461322626,81.27630481187265
0.02638993817391806,2.2664971258415454,55.90450567759975
0.30132753670903,5.274456283554967,82.19237685489756
0.10994514733500774,1.7398856549843331,59.50165644709645
0.015769967819730862,4.050032618097248,68.27662857482733
0.06115707292808106,6.51501108634746,94.30845673817886
0.1273196762771211,1.9199586646692364,71.20598446478857
0.042615493644691846,4.054930481720525,87.9349632177455
0.0631776303485927,6.228308816826061,53.91978885111698
0.0652417321611709,3.59622315300444,87.65352695240009
0.01841019099634683,4.611804886052675,84.29574894561681
0.07682786800488958,7.836451814753614,54.663754013834335
0.05620096041954337,3.564087844999475,88.4655053895692
0.10916700759377224,2.187223633274079,98.28447361236643
0.062248281046968126,1.934140440829349,74.38811009793994
0.020516131900196743,0.3499564168496967,70.1282274074773
0.08014976394599763,2.915524750922229,78.11805484168069
0.028196817829581975,0.6432688085677777,56.23817705941857
0.02891174079962061,1.2177005709518212,77.76526463447351
0.011980431009455136,0.7910391913824014,57.60013496546589
0.15199633093674336,7.212683688502205,54.3391591635291
0.011844746502819414,0.7044533458553461,52.03219732449711
0.057385642034047,7.701531921339846,65.42074405977563
0.03444342542253753,0.30741813115392524,77.40754922309671
0.04338239240279903,6.438482961105592,99.11278370040415
0.3489346966314681,0.9835258762557215,55.78053862718485
0.05148809341493568,5.061647347828121,75.13506371821113
0.011604318560044694,4.655060849028963,53.342217980360765
0.027836846257399205,4.948329612645071,92.24728184561728
0.08557626079923705,5.310499351088875,98.59653923154369
0.03371821064001546,2.3573603523536946,76.763810585005
0.09653341986577346,5.016234413703905,97.83725617087636
0.03941028225818764,1.3642104934128443,81.30889081736693
0.026600512333766976,2.0773257341102562,55.943391815186104
0.30132753670903,5.274456283554967,82.19237685489756
0.10994514733500774,1.7398856549843331,59.50165644709645
0.015769967819730862,4.050032618097248,68.27662857482733
0.05665657488912324,6.920702097618546,93.93574104360968
0.14156177992663987,1.638667782685779,69.44464626665959
0.042615493644691846,4.054930481720525,87.9349632177455
0.0631776303485927,6.228308816826061,53.91978885111698
0.06065143987883759,3.1060476236152756,86.12642895656178
0.010920180953469714,4.344416983127271,77.97780693671146
0.06543676354999037,6.589081305893584,63.86631524196767
0.054006820493588,4.0560948366526155,90.28798808920034
0.10916700759377224,2.187223633274079,98.28447361236643
0.062248281046968126,1.934140440829349,74.38811009793994
0.020516131900196743,0.3499564168496967,70.1282274074773
0.07814088247717443,2.891272076177586,77.28798542401358
0.02786778913870849,0.9388550068777655,56.17741625689492
0.02891174079962061,1.2177005709518212,77.76526463447351
0.06449197726904897,3.1994119708188062,56.37713899312456
0.17939126073228906,7.711756940211522,54.53369397545204
0.01340673059907363,0.8725361370265174,52.089633956221576
0.057385642034047,7.701531921339846,65.42074405977563
0.04168600863060057,0.2852970296501923,81.19300070821994
0.04338239240279903,6.438482961105592,99.11278370040415
0.3526616633567977,0.9820129470591883,55.558091352454696
0.05977362155140694,5.296311462105695,76.72601387043017
0.013049197884409666,4.681165099761278,56.805210524717815
0.027836846257399205,4.948329612645071,92.24728184561728
0.09337707617644442,5.10195739405421,98.50109579523091
0.04305644182245842,3.584397816572346,69.5225696441426
0.09688800795708241,5.038904110179728,97.93985490351984
0.03941028225818764,1.3642104934128443,81.30889081736693
0.0268941648201723,2.1606943367957694,55.25878435409695
0.24281564230927405,4.891569756539891,79.3220036839992
0.16858201288593477,0.0016784623059651338,63.174293435642355
0.015769967819730862,4.050032618097248,68.27662857482733
0.06131837554685551,7.155140252851254,98.13617245227547
0.14516530001915037,1.5776476894081501,66.236570091994
0.03098375948357469,4.230345028680681,86.34876196609612
0.0631776303485927,6.228308816826061,53.91978885111698
0.059914098167175585,3.088122677030791,91.83797141889482
0.012083816913078596,3.9943932241574798,77.68904134394596
0.06543676354999037,6.589081305893584,63.86631524196767
0.05483373089854593,3.870671064951783,89.60114497160627
0.10916700759377224,2.187223633274079,98.28447361236643
0.06120305626688031,2.0240166576145766,74.12312332979664
0.020516131900196743,0.3499564168496967,70.1282274074773
0.07814088247717443,2.891272076177586,77.28798542401358
0.02786778913870849,0.9388550068777655,56.17741625689492
0.02165161184553733,1.1163835514098557,75.31471632217645
0.06449197726904897,3.1994119708188062,56.37713899312456
0.17939126073228906,7.711756940211522,54.53369397545204
0.01340673059907363,0.8725361370265174,52.089633956221576
0.057385642034047,7.701531921339846,65.42074405977563
0.04168600863060057,0.2852970296501923,81.19300070821994
0.04338239240279903,6.438482961105592,99.11278370040415
0.43654560489303135,0.24006706394440513,50.107263194921146
0.06620499460172283,6.174659585156835,80.86806837645453
0.013526787936079136,4.65281259839281,56.81072167418251
0.027836846257399205,4.948329612645071,92.24728184561728
0.09337707617644442,5.10195739405421,98.50109579523091
0.04305644182245842,3.584397816572346,69.5225696441426
0.09688800795708241,5.038904110179728,97.93985490351984
0.023770752378518542,1.3326464364548438,83.53785371039231
0.06538573642375382,1.5741661675795784,57.40914790856135
0.28554158196526824,4.573633525770992,85.3637845199833
0.16858201288593477,0.0016784623059651338,63.174293435642355
0.015769967819730862,4.050032618097248,68.27662857482733
0.06131837554685551,7.155140252851254,98.13617245227547
0.2486181225615422,1.7864385423505313,51.49236074555489
0.03816072291941491,5.173936129048522,80.65978812072218
0.07459263074304717,5.802562529674749,70.77094695690654
0.059914098167175585,3.088122677030791,91.83797141889482
0.011982283351773364,3.9864645203344122,77.61954205128163
0.05690832095286746,6.216924725784313,70.3037082459619
0.05630493791413161,4.286372766719972,83.30976265517857
0.11608624140539928,1.7400756610964896,98.19735185675496
0.06120305626688031,2.0240166576145766,74.12312332979664
0.028063468326291904,0.8133346596411277,72.87666989844773
0.07980252867060784,2.9763521594833113,77.59846688641052
0.02786778913870849,0.9388550068777655,56.17741625689492
0.02165161184553733,1.1163835514098557,75.31471632217645
0.025531547527047574,3.9826279236277893,51.61561858552336
0.12071063562798125,7.525167485961255,60.742628036388155
0.01340673059907363,0.8725361370265174,52.089633956221576
0.054441481163534894,7.314448439544007,67.75449625715684
0.04168600863060057,0.2852970296501923,81.19300070821994
0.04338239240279903,6.438482961105592,99.11278370040415
0.2697954744825145,1.7584397332903605,50.71920931593754
0.06620499460172283,6.174659585156835,80.86806837645453
0.013526787936079136,4.65281259839281,56.81072167418251
0.027836846257399205,4.948329612645071,92.24728184561728
0.09428675998528094,5.068028835954294,99.84399769267003
0.044008199656251044,3.4776343891123984,67.41090830330258
0.09588480941766372,5.050136365879587,98.67420752411878
0.023770752378518542,1.3326464364548438,83.53785371039231
0.06538573642375382,1.5741661675795784,57.40914790856135
0.21653510983747673,5.392040645882878,80.10565241409775
0.16858201288593477,0.0016784623059651338,63.174293435642355
0.015769967819730862,4.050032618097248,68.27662857482733
0.06131837554685551,7.155140252851254,98.13617245227547
0.2247414867665782,2.128384756144363,55.89984685238478
0.03816072291941491,5.173936129048522,80.65978812072218
0.07459263074304717,5.802562529674749,70.77094695690654
0.059914098167175585,3.088122677030791,91.83797141889482
0.036736777310686426,4.293306133076714,83.54398429686964
0.06564646938577992,6.531976845532508,73.02154026498887
0.050632433128880557,4.253299086860651,81.20601064032529
0.11608624140539928,1.7400756610964896,98.19735185675496
0.10912027217532702,1.9630091342731033,68.74684738219484
0.028063468326291904,0.8133346596411277,72.87666989844773
0.1179681091790755,0.9622207739307944,74.79270234467818
0.02786778913870849,0.9388550068777655,56.17741625689492
0.02165161184553733,1.1163835514098557,75.31471632217645
0.027115402983478865,3.8942066898746543,50.93019941395692
0.11712916619905234,7.293458522337545,61.26948047969331
0.01340673059907363,0.8725361370265174,52.089633956221576
0.054441481163534894,7.314448439544007,67.75449625715684
0.04168600863060057,0.2852970296501923,81.19300070821994
0.06706533788422203,6.771296552676773,87.36134248301623
0.20373257301128542,3.462824453897151,55.94502596037263
0.06620499460172283,6.174659585156835,80.86806837645453
0.013526787936079136,4.65281259839281,56.81072167418251
0.034435876258922915,5.068894558988733,89.21614933843252
0.1258582616989517,4.356602118094601,89.20902211309007
0.03543667076456591,4.240848272578871,71.42121029102084
0.09207075340511604,5.184918042187909,93.67591212361407
0.03259444465924801,2.441075457949321,84.31710330879794
0.08904753235808598,1.2093440465457599,58.7873745470684
0.20259402681839267,5.658703015348869,77.46399310190981
0.16665168170579886,0.012828344836961603,63.307576909836186
0.019580695439909684,3.0467240566437876,69.70254501876684
0.07659032352467654,6.759190580674801,93.6117570090055
0.2247414867665782,2.128384756144363,55.89984685238478
0.03816072291941491,5.173936129048522,80.65978812072218
0.10806709319002364,3.697302508835019,68.05712036673638
0.07270519285652952,3.7472722588565404,97.36167206766713
0.029384811444704374,3.437376971736544,79.17969243114877
0.06564646938577992,6.531976845532508,73.02154026498887
0.05984450833935652,4.260847101553535,87.13781679629432
0.11608624140539928,1.7400756610964896,98.19735185675496
0.1529186542004727,0.6090352939448476,67.15717524196292
0.03345341145381939,0.604409398179772,76.16713915697503
0.15392023749281153,0.9715442597393132,82.22063549436116
0.02786778913870849,0.9388550068777655,56.17741625689492
0.020676614349664196,0.8149435772205358,74.25451747603037
0.027115402983478865,3.8942066898746543,50.93019941395692
0.10402762205037111,6.54141593218764,64.84149730919793
0.038146143121073846,3.356925002904466,65.57419778248203
0.054441481163534894,7.314448439544007,67.75449625715684
0.04168600863060057,0.2852970296501923,81.19300070821994
0.06599509564536671,6.6942205047732255,86.38536722250177
0.1409944015825185,4.699925981598397,67.31457180498887
0.08216623628995909,6.114278575206889,80.46969860068222
0.013526787936079136,4.65281259839281,56.81072167418251
0.034435876258922915,5.068894558988733,89.21614933843252
0.1258459913413564,4.357081267718932,89.20844333890358
0.03543667076456591,4.240848272578871,71.42121029102084
0.08675065466895171,4.78996859077575,94.68846256185032
0.03259444465924801,2.441075457949321,84.31710330879794
0.08904753235808598,1.2093440465457599,58.7873745470684
0.22834819797990852,5.5612755785911,76.82120580558208
0.1713082409351223,0.182414276859294,62.71376300856262
0.029832193348097294,3.173074449107742,71.58413316730568
0.07119900440584195,6.379807825780972,91.96347776672044
0.2689005646901224,3.7366019006300553,50.26859144532475
0.03816072291941491,5.173936129048522,80.65978812072218
0.11345170503051569,3.634192970360438,65.95687441858018
0.07270519285652952,3.7472722588565404,97.36167206766713
0.029384811444704374,3.437376971736544,79.17969243114877
0.06564646938577992,6.531976845532508,73.02154026498887
0.05849024926195906,4.278360500016159,87.39436670254187
0.11608624140539928,1.7400756610964896,98.19735185675496
0.1529186542004727,0.6090352939448476,67.15717524196292
0.03350681801125682,0.49021405089231807,75.66041231801199
0.15392023749281153,0.9715442597393132,82.22063549436116
0.02786778913870849,0.9388550068777655,56.17741625689492
0.01155091033406408,0.5139547873011536,74.90167735473828
0.030153440038567337,4.274459615464243,52.80067774965729
0.09902122352622401,6.619464127403695,65.13560435953657
0.012455756922720003,0.39083990079445297,58.61700379556724
0.054441481163534894,7.314448439544007,67.75449625715684
0.04168600863060057,0.2852970296501923,81.19300070821994
0.06295120022902212,6.813082675978883,86.24179128515313
0.17156541789608468,4.817273747611806,71.31764508907413
0.08181843330488069,6.214749109891268,79.39097320064442
0.013526787936079136,4.65281259839281,56.81072167418251
0.04956157299055087,5.434679977000193,86.0797074944251
0.1365091344403944,4.729092949346358,92.80326913245278
0.030165464619365506,4.184440132428865,69.03109216297891
0.08675065466895171,4.78996859077575,94.68846256185032
0.03259444465924801,2.441075457949321,84.31710330879794
0.09400111663015104,1.7015423952614412,60.242647064551264
0.31942667976238415,7.661246594538143,86.1997032916914
0.1713082409351223,0.182414276859294,62.71376300856262
0.030473881524522704,3.233539857170887,71.61693746848503
0.07119900440584195,6.379807825780972,91.96347776672044
0.2689005646901224,3.7366019006300553,50.26859144532475
0.03606206055318026,4.938188555687974,73.35807699566917
0.11345170503051569,3.634192970360438,65.95687441858018
0.07270519285652952,3.7472722588565404,97.36167206766713
0.03002606694633726,5.189667562782453,81.26523018751784
0.06386556630166376,6.379993103688594,73.32398292227145
0.04608997700620614,3.398571859246677,85.92081125715161
0.11608624140539928,1.7400756610964896,98.19735185675496
0.16929107272502752,0.26797810641208386,66.56832081035134
0.03350681801125682,0.49021405089231807,75.66041231801199
0.15392023749281153,0.9715442597393132,82.22063549436116
0.02786778913870849,0.9388550068777655,56.17741625689492
0.028334718424516486,0.5678996505865566,75.76450357783698
0.030153440038567337,4.274459615464243,52.80067774965729
0.09902122352622401,6.619464127403695,65.13560435953657
0.012455756922720003,0.39083990079445297,58.61700379556724
0.054441481163534894,7.314448439544007,67.75449625715684
0.0416530469848352,0.28612283290870844,81.17070471009852
0.04851796612701627,7.721621303186636,92.03929677595596
0.19522786849668133,4.258757666435806,67.33279979277464
0.08181843330488069,6.214749109891268,79.39097320064442
0.013526787936079136,4.65281259839281,56.81072167418251
0.05298355027251285,6.48856401898015,88.300519424207
0.10010994288109451,4.215707806271456,85.53054309588205
0.049810552742067984,5.235487446944248,80.01012878505877
0.08675065466895171,4.78996859077575,94.68846256185032
0.036168043077041676,1.5909514526694826,83.0758560777212
0.09535944036490249,1.4906668489431754,59.653021562972164
0.1870431231806487,6.11131094856349,70.91490960721474
0.1713082409351223,0.182414276859294,62.71376300856262
0.026336968726722254,3.344660324984307,72.37972163349593
0.07119900440584195,6.379807825780972,91.96347776672044
0.2689005646901224,3.7366019006300553,50.26859144532475
0.03606206055318026,4.938188555687974,73.35807699566917
0.15709986781329588,3.3458226755534923,64.34575647310905
0.07270519285652952,3.7472722588565404,97.36167206766713
0.011523056039712064,4.957604602024278,76.7052087620278
0.06386556630166376,6.379993103688594,73.32398292227145
0.01983950275513735,4.0727998764292686,90.78588447713112
0.11608624140539928,1.7400756610964896,98.19735185675496
0.16929107272502752,0.26797810641208386,66.56832081035134
0.03350681801125682,0.49021405089231807,75.66041231801199
0.14258737308523656,1.4858703079024784,94.93450121395702
0.02252324946070569,0.8393121198419555,55.83960525178906
0.028334718424516486,0.5678996505865566,75.76450357783698
0.030153440038567337,4.274459615464243,52.80067774965729
0.06258161575033827,5.447483453850769,76.9399215393679
0.012455756922720003,0.39083990079445297,58.61700379556724
0.054441481163534894,7.314448439544007,67.75449625715684
0.0416530469848352,0.28612283290870844,81.17070471009852
0.04851796612701627,7.721621303186636,92.03929677595596
0.16504399803199338,4.472686066125267,74.32404459518393
0.08181843330488069,6.214749109891268,79.39097320064442
0.020163985963164283,4.736862912445796,61.684329194239936
0.05099409015222911,6.253837061210007,87.11185692229127
0.08007408883784908,3.3414255999975473,79.37868920194103
0.05323962078115842,5.069271277082308,80.4294724981498
0.08675065466895171,4.78996859077575,94.68846256185032
0.036168043077041676,1.5909514526694826,83.0758560777212
0.12608071176995495,1.9136239418440266,52.26820596975685
0.20116613808673234,5.983168276567069,71.25151603360041
0.1713082409351223,0.182414276859294,62.71376300856262
0.026336968726722254,3.344660324984307,72.37972163349593
0.07119900440584195,6.379807825780972,91.96347776672044
0.2689005646901224,3.7366019006300553,50.26859144532475
0.03606206055318026,4.938188555687974,73.35807699566917
0.15709986781329588,3.3458226755534923,64.34575647310905
0.1034258870108646,2.6366076911518244,86.56679464720884
0.011523056039712064,4.957604602024278,76.7052087620278
0.07072698675977052,7.711149780505695,72.79592345481568
0.01983950275513735,4.0727998764292686,90.78588447713112
0.12072591116564388,1.6117029862999526,95.43917641944842
0.16929107272502752,0.26797810641208386,66.56832081035134
0.03350681801125682,0.49021405089231807,75.66041231801199
0.14258737308523656,1.4858703079024784,94.93450121395702
0.018923710311700787,0.5129939497264848,54.409909525281044
0.030344850997578998,1.2803681851095217,77.38537710669642
0.030153440038567337,4.274459615464243,52.80067774965729
0.06725256123254356,5.294171080610562,78.00914918729707
0.012455756922720003,0.39083990079445297,58.61700379556724
0.054441481163534894,7.314448439544007,67.75449625715684
0.03978444498695181,0.6592724846654416,80.09818155740456
0.04851796612701627,7.721621303186636,92.03929677595596
0.15513575138177235,4.503982724396118,74.47772500890197
0.08472904337708412,6.077270547816231,79.0359942979222
0.020163985963164283,4.736862912445796,61.684329194239936
0.05099409015222911,6.253837061210007,87.11185692229127
0.09109307460645127,1.6334962826396637,84.37571557777932
0.03565862162861866,4.960655035274493,81.52026844038085
0.06364562540400018,3.33303100965155,80.96770371772368
0.0346770923899174,1.975059035877617,84.30347567938458
0.12680995248848032,1.9243541590875375,52.07387614698487
0.11453621594003295,3.3828913715202718,63.24576743568284
0.1713082409351223,0.182414276859294,62.71376300856262
0.02730051386383447,3.239749175080094,72.09837786049037
0.07119900440584195,6.379807825780972,91.96347776672044
0.2689005646901224,3.7366019006300553,50.26859144532475
0.03606206055318026,4.938188555687974,73.35807699566917
0.15709986781329588,3.3458226755534923,64.34575647310905
0.1034258870108646,2.6366076911518244,86.56679464720884
0.011523056039712064,4.957604602024278,76.7052087620278
0.07072698675977052,7.711149780505695,72.79592345481568
0.01983950275513735,4.0727998764292686,90.78588447713112
0.12072591116564388,1.6117029862999526,95.43917641944842
0.1773036880525477,1.7046377598882332,67.74556206152246
0.04080729937757967,0.6588911535873416,74.99207025270674
0.1336514317828586,2.259992669367808,92.18153756472445
0.018923710311700787,0.5129939497264848,54.409909525281044
0.03360543783197633,1.4994435294872845,83.94457370276965
0.02853419485667926,4.242799876623501,58.764196945697016
0.06451469883015624,4.541005788034473,68.32827203020105
0.012455756922720003,0.39083990079445297,58.61700379556724
0.054441481163534894,7.314448439544007,67.75449625715684
0.03978444498695181,0.6592724846654416,80.09818155740456
0.04851796612701627,7.721621303186636,92.03929677595596
0.1343308250992946,5.131858582776013,77.904612982095
0.06262836460482725,5.394569422301555,83.03788036416697
0.020163985963164283,4.736862912445796,61.684329194239936
0.04159835918802033,5.519501052657991,76.51061245537062
0.08916443401607946,1.4766268423464435,84.03306834603325
0.03123219769018565,4.712220001667032,84.11292514632127
0.06364562540400018,3.33303100965155,80.96770371772368
0.0346770923899174,1.975059035877617,84.30347567938458
0.12680995248848032,1.9243541590875375,52.07387614698487
0.10446267669499107,3.266351442932391,62.146596581205245
0.119183676352153,0.37272822737091893,67.61795305714345
0.034329087024150585,2.454981840548169,54.49399347807825
0.07119900440584195,6.379807825780972,91.96347776672044
0.2689005646901224,3.7366019006300553,50.26859144532475
0.03691537307030913,6.132643100435348,69.68083747706483
0.17722806401804791,2.580842507632018,62.36869067202756
0.1074785706666796,2.2612893177119675,86.16287624023616
0.012426966373273677,4.916735631482832,75.59733979272478
0.06801337599942142,6.93493164525178,76.2277028296916
0.01983950275513735,4.0727998764292686,90.78588447713112
0.0942904785536933,2.9893175866234305,82.68925596312481
0.2116998093007816,1.2707300054145438,58.982748483825176
0.041822943756334066,0.37730275999612184,78.20572786620062
0.14301484133379147,2.693585384780092,81.06617711200226
0.018923710311700787,0.5129939497264848,54.409909525281044
0.027994722819706462,1.5017477095096732,83.93563692821347
0.026021566725775103,4.302075857498464,58.93524918328544
0.04855818807832798,5.372538318809093,60.63237970898696
0.012945961620091428,0.635284132293529,60.75268624959354
0.054441481163534894,7.314448439544007,67.75449625715684
0.03978444498695181,0.6592724846654416,80.09818155740456
0.04851796612701627,7.721621303186636,92.03929677595596
0.16110516394424262,6.804132324145474,92.03037882906261
0.0830454159804379,7.3504042136890835,92.19601132841386
0.020163985963164283,4.736862912445796,61.684329194239936
0.04159835918802033,5.519501052657991,76.51061245537062
0.02548050746505154,0.6781043498831067,99.69983834556957
0.03123219769018565,4.712220001667032,84.11292514632127
0.06364562540400018,3.33303100965155,80.96770371772368
0.03217914493161225,1.8210547481782478,81.59636231191496
0.12680995248848032,1.9243541590875375,52.07387614698487
0.09677095321727623,3.4182174595151746,64.45381793820899
0.119183676352153,0.37272822737091893,67.61795305714345
0.034329087024150585,2.454981840548169,54.49399347807825
0.07119900440584195,6.379807825780972,91.96347776672044
0.22895995782351422,3.4362174415115474,56.07233911242786
0.05142480538496498,7.341616305713024,76.6071173690593
0.17722806401804791,2.580842507632018,62.36869067202756
0.1009022388344197,2.076004052471518,85.36467054863812
0.012426966373273677,4.916735631482832,75.59733979272478
0.0810661385042927,6.408219288996236,65.64136574035562
0.01983950275513735,4.0727998764292686,90.78588447713112
0.11695450955056526,2.6594887840142696,80.2245167485831
0.2116998093007816,1.2707300054145438,58.982748483825176
0.03492505158398589,0.21712573682019554,77.35665518046761
0.13889779471741026,2.4981529541609424,73.70033488200957
0.018923710311700787,0.5129939497264848,54.409909525281044
0.04310839307291832,1.6461727936105917,84.35914134387423
0.02032761276573943,5.80917010746246,50.17975775839217
0.04855818807832798,5.372538318809093,60.63237970898696
0.012945961620091428,0.635284132293529,60.75268624959354
0.054677221261654474,7.392259637417613,68.03987528376123
0.03978444498695181,0.6592724846654416,80.09818155740456
0.04851796612701627,7.721621303186636,92.03929677595596
0.1497639617982789,6.331923016494853,89.63615269502216
0.08261368980742066,7.49134289590171,93.1586132762119
0.020163985963164283,4.736862912445796,61.684329194239936
0.050206419977416136,5.713333610140903,74.13999170906442
0.02548050746505154,0.6781043498831067,99.69983834556957
0.03123219769018565,4.712220001667032,84.11292514632127
0.06364562540400018,3.33303100965155,80.96770371772368
0.03217914493161225,1.8210547481782478,81.59636231191496
0.12680995248848032,1.9243541590875375,52.07387614698487
0.09530758946112254,3.347370162377761,64.85555153128844
0.11757970378081622,0.48627870956322283,67.45930398696552
0.023314397201635417,2.2937876463098377,52.62236096050274
0.07119900440584195,6.379807825780972,91.96347776672044
0.22895995782351422,3.4362174415115474,56.07233911242786
0.05216223877373219,7.353098872867195,74.66463196655258
0.12750865147992269,2.2343517298747795,70.52075577290411
0.09168421331036092,3.0225714117890448,86.38375689092912
0.012426966373273677,4.916735631482832,75.59733979272478
0.0810661385042927,6.408219288996236,65.64136574035562
0.01983950275513735,4.0727998764292686,90.78588447713112
0.11695450955056526,2.6594887840142696,80.2245167485831
0.14336011146755695,2.8914232452047415,55.83916891951468
0.03492505158398589,0.21712573682019554,77.35665518046761
0.13889779471741026,2.4981529541609424,73.70033488200957
0.018923710311700787,0.5129939497264848,54.409909525281044
0.04310839307291832,1.6461727936105917,84.35914134387423
0.02032761276573943,5.80917010746246,50.17975775839217
0.04855818807832798,5.372538318809093,60.63237970898696
0.012945961620091428,0.635284132293529,60.75268624959354
0.054677221261654474,7.392259637417613,68.03987528376123
0.03978444498695181,0.6592724846654416,80.09818155740456
0.049939694671992746,7.309172557595274,90.99876567983317
0.1497639617982789,6.331923016494853,89.63615269502216
0.08261368980742066,7.49134289590171,93.1586132762119
0.02248920809615375,4.693866846969985,61.78245858947098
0.05893368452972812,5.897352187392737,73.803336171264
0.02548050746505154,0.6781043498831067,99.69983834556957
0.04938724311953453,4.5147754455355384,92.33408639377726
0.05481665948598187,3.482128754830809,82.94652261472099
0.022719185950907245,0.933407846157813,84.68376045350546
0.12680995248848032,1.9243541590875375,52.07387614698487
0.0841910348877008,2.7710854580868594,67.15703149271155
0.11757970378081622,0.48627870956322283,67.45930398696552
0.023314397201635417,2.2937876463098377,52.62236096050274
0.07330995117295626,6.271881635533482,93.88171027125259
0.22895995782351422,3.4362174415115474,56.07233911242786
0.05216223877373219,7.353098872867195,74.66463196655258
0.12480961215855599,2.341635318043665,70.18270689173143
0.13772066067158886,4.379809804306134,86.95213506884646
0.012426966373273677,4.916735631482832,75.59733979272478
0.0810661385042927,6.408219288996236,65.64136574035562
0.01983950275513735,4.0727998764292686,90.78588447713112
0.11695450955056526,2.6594887840142696,80.2245167485831
0.11375528192511225,2.477945393185732,58.15375952531737
0.03492505158398589,0.21712573682019554,77.35665518046761
0.15946805922101448,4.439451801344489,79.72243398403793
0.018923710311700787,0.5129939497264848,54.409909525281044
0.044003979977460264,1.616871212210054,85.79508409583303
0.02032761276573943,5.80917010746246,50.17975775839217
0.05357335023918735,6.220383430259028,59.70500658226974
0.02402290288017072,1.2246920585950334,65.16929465197555
0.054677221261654474,7.392259637417613,68.03987528376123
0.03978444498695181,0.6592724846654416,80.09818155740456
0.049939694671992746,7.309172557595274,90.99876567983317
0.16066487197319368,6.384077625234781,91.5363132574644
0.08261368980742066,7.49134289590171,93.1586132762119
0.022660992220207676,4.605232591074611,62.70453672818744
0.05881578604651941,5.896788110708853,73.78278503887502
0.02548050746505154,0.6781043498831067,99.69983834556957
0.04512961205319935,5.834805646049235,96.74004576065171
0.06190538802216929,4.0450138870934715,82.5628535565168
0.022719185950907245,0.933407846157813,84.68376045350546
0.07492319743679246,3.2599611797007,57.370045020814
0.0841910348877008,2.7710854580868594,67.15703149271155
0.14145330155296848,0.5640196429488515,64.60059760900243
0.023314397201635417,2.2937876463098377,52.62236096050274
0.07330995117295626,6.271881635533482,93.88171027125259
0.1780842528533306,4.24384129251415,57.126094133954226
0.05216223877373219,7.353098872867195,74.66463196655258
0.12480961215855599,2.341635318043665,70.18270689173143
0.1684329073881051,4.515433333046374,88.73020289085731
0.012426966373273677,4.916735631482832,75.59733979272478
0.07033185184856472,6.4114749128971225,62.14930277063165
0.01983950275513735,4.0727998764292686,90.78588447713112
0.1669771250065369,2.294020093583865,74.31164654626679
0.1997913201121766,3.6795735334460953,51.42721494370594
0.03492505158398589,0.21712573682019554,77.35665518046761
0.16011421989494048,4.421244214321748,79.79447091159717
0.018923710311700787,0.5129939497264848,54.409909525281044
0.05388505937728416,3.1202785518200438,87.67957421022865
0.02032761276573943,5.80917010746246,50.17975775839217
0.05357335023918735,6.220383430259028,59.70500658226974
0.02402290288017072,1.2246920585950334,65.16929465197555
0.054677221261654474,7.392259637417613,68.03987528376123
0.03593947912109874,0.6323110193813568,75.36342361844072
0.049939694671992746,7.309172557595274,90.99876567983317
0.18268754231390277,6.555566083141183,90.832969151479
0.07571468307381035,7.238271773835535,91.4324272101673
0.028471527604171445,4.789589720822984,66.07862149323955
0.05881578604651941,5.896788110708853,73.78278503887502
0.02548050746505154,0.6781043498831067,99.69983834556957
0.03946763951610173,5.440326201131996,95.40702274871373
0.061522568545349245,4.0452667527548725,82.63768703202604
0.024247662771891845,1.0806045100875927,84.98171150308029
0.07492319743679246,3.2599611797007,57.370045020814
0.07959154407007,3.979232996272742,65.49510075629289
0.1394176410593797,0.5938254076700489,64.3941996974754
0.023314397201635417,2.2937876463098377,52.62236096050274
0.07960938437657726,6.412095716064493,95.77355527324642
0.21232694111674869,3.3983232245820654,52.356739958772465
0.05216223877373219,7.353098872867195,74.66463196655258
0.12480961215855599,2.341635318043665,70.18270689173143
0.14821857958301923,5.026643910161711,85.05354215515095
0.017093411294629865,5.020602322794117,76.99876595539487
0.07033185184856472,6.4114749128971225,62.14930277063165
0.012915369825846654,3.590383528313259,89.15570551176413
0.15193704252144913,2.103294433233751,74.43236615943238
0.17617787625429904,3.34977477439131,53.27338180799181
0.03492505158398589,0.21712573682019554,77.35665518046761
0.14088456109013248,4.943500167047748,78.88068450756569
0.018923710311700787,0.5129939497264848,54.409909525281044
0.05388505937728416,3.1202785518200438,87.67957421022865
0.02032761276573943,5.80917010746246,50.17975775839217
0.05357335023918735,6.220383430259028,59.70500658226974
0.02402290288017072,1.2246920585950334,65.16929465197555
0.054677221261654474,7.392259637417613,68.03987528376123
0.03593947912109874,0.6323110193813568,75.36342361844072
0.049939694671992746,7.309172557595274,90.99876567983317
0.19350065344924938,6.825781964111572,93.49050379450114
0.07571468307381035,7.238271773835535,91.4324272101673
0.028471527604171445,4.789589720822984,66.07862149323955
0.05566938650853159,6.024963429706839,73.76083686275524
0.02548050746505154,0.6781043498831067,99.69983834556957
0.03946763951610173,5.440326201131996,95.40702274871373
0.06314826433144104,3.949997495524433,79.5723458846167
0.024247662771891845,1.0806045100875927,84.98171150308029
0.11638914051699664,3.296741755657902,55.69237436316651
0.08027580927707885,3.9997260680695526,65.65161842734202
0.1394176410593797,0.5938254076700489,64.3941996974754
0.023314397201635417,2.2937876463098377,52.62236096050274
0.07960938437657726,6.412095716064493,95.77355527324642
0.21232694111674869,3.3983232245820654,52.356739958772465
0.05216223877373219,7.353098872867195,74.66463196655258
0.12480961215855599,2.341635318043665,70.18270689173143
0.2219665087897693,4.231131871565383,94.05214714337603
0.01983804613617149,6.280957839578777,68.57919304331658
0.07033185184856472,6.4114749128971225,62.14930277063165
0.013641903486332952,3.4356457954008643,87.58677613755836
0.162184736585203,3.338862828380698,82.64905760229675
0.24455167407083575,3.4104228020801837,50.50704621237172
0.029158002360027344,1.2486103594054423,65.071052010396
0.09593341813915875,6.112776476869929,84.87026501408508
0.01700450970002441,0.24512968935020185,50.360362809964535
0.05388505937728416,3.1202785518200438,87.67957421022865
0.02032761276573943,5.80917010746246,50.17975775839217
0.05357335023918735,6.220383430259028,59.70500658226974
0.02402290288017072,1.2246920585950334,65.16929465197555
0.054677221261654474,7.392259637417613,68.03987528376123
0.03593947912109874,0.6323110193813568,75.36342361844072
0.049939694671992746,7.309172557595274,90.99876567983317
0.19350065344924938,6.825781964111572,93.49050379450114
0.07571468307381035,7.238271773835535,91.4324272101673
0.028471527604171445,4.789589720822984,66.07862149323955
0.04371976786112353,4.238670164510462,66.5287760318284
0.02524163107290914,0.9159688023004211,97.4042008680863
0.04105028678786337,5.726757975035884,99.60191798920141
0.06341696295823765,3.9458294687788102,79.33754684524571
0.024247662771891845,1.0806045100875927,84.98171150308029
0.11638914051699664,3.296741755657902,55.69237436316651
0.07613280726257152,3.7485825390661747,68.22596036993248
0.12438548384892617,1.3930936246209438,63.9660052245417
0.02405071400043593,2.650129419835964,54.543598142021
0.07960938437657726,6.412095716064493,95.77355527324642
0.1822256905134217,3.475736569071075,55.8641111425212
0.05216223877373219,7.353098872867195,74.66463196655258
0.14923165180623105,0.6569197402283438,68.67600751947226
0.2219665087897693,4.231131871565383,94.05214714337603
0.01983804613617149,6.280957839578777,68.57919304331658
0.07033185184856472,6.4114749128971225,62.14930277063165
0.013641903486332952,3.4356457954008643,87.58677613755836
0.19917974002078154,3.1105739102066687,83.79836106571383
0.24355261350255827,3.4255380228106262,50.55490890106353
0.029094913031508608,1.2719690801423242,64.7363256723011
0.09593341813915875,6.112776476869929,84.87026501408508
0.027593184240563402,1.8279817097553712,56.768762998758376
0.07743768851307292,4.741193064064323,89.82354659237707
0.02032761276573943,5.80917010746246,50.17975775839217
0.023563663355420206,6.753846280902965,61.0940723620773
0.02402290288017072,1.2246920585950334,65.16929465197555
0.05845327972592418,7.876863020803386,61.24547747869552
0.019505800405740986,0.638423035348599,77.10547912365426
0.03800501866350047,7.6196192560775176,92.5890189654961
0.19350065344924938,6.825781964111572,93.49050379450114
0.07635391538905925,7.367444719296627,91.73339314495551
0.018666026858061437,4.466650551149881,58.171217003213016
0.049749969635916456,5.135269066279408,63.89477341027088
0.02524163107290914,0.9159688023004211,97.4042008680863
0.039362921620151675,5.098015138221037,94.68103577956718
0.05217963040217892,5.570404003576515,85.19743687748672
0.024247662771891845,1.0806045100875927,84.98171150308029
0.13678562093708407,1.684297365765258,53.73738901523038
0.07608398870052088,4.156025148281748,70.93545762425887
0.12438548384892617,1.3930936246209438,63.9660052245417
0.02444486294945166,2.6819622507091125,54.78376959625022
0.07120313365620942,6.326599893420885,89.30828133171192
0.13177132070551234,2.595974013942219,62.45039776449935
0.05216223877373219,7.353098872867195,74.66463196655258
0.1630959837255525,0.7713936763241027,70.82155434970737
0.3251537428434501,2.1094595614339866,95.90047725877646
0.01983804613617149,6.280957839578777,68.57919304331658
0.0828816776478215,7.863198296862187,55.93149232607935
0.013641903486332952,3.4356457954008643,87.58677613755836
0.15375407863949558,2.537431031395296,87.35166100331301
0.23886546523906038,3.3455967818046553,51.08240165033844
0.03248227261010998,1.303543203026072,64.4471658368953
0.10336082735018572,5.763188849924735,89.55197036464342
0.027593184240563402,1.8279817097553712,56.768762998758376
0.07743768851307292,4.741193064064323,89.82354659237707
0.02032761276573943,5.80917010746246,50.17975775839217
0.024950578822153586,6.198766175641171,62.502658242679104
0.02402290288017072,1.2246920585950334,65.16929465197555
0.05845327972592418,7.876863020803386,61.24547747869552
0.019505800405740986,0.638423035348599,77.10547912365426
0.03800501866350047,7.6196192560775176,92.5890189654961
0.2430509299179806,7.715746789478477,95.05602250466134
0.07635391538905925,7.367444719296627,91.73339314495551
0.018666026858061437,4.466650551149881,58.171217003213016
0.049749969635916456,5.135269066279408,63.89477341027088
0.02524163107290914,0.9159688023004211,97.4042008680863
0.039362921620151675,5.098015138221037,94.68103577956718
0.05217963040217892,5.570404003576515,85.19743687748672
0.02441776135600758,0.8800036843644508,85.61442980864389
0.12511661876237157,1.60391986009344,58.30552507611726
0.08962902958093602,4.542674649363031,75.1720761077265
0.12438548384892617,1.3930936246209438,63.9660052245417
0.02444486294945166,2.6819622507091125,54.78376959625022
0.07120313365620942,6.326599893420885,89.30828133171192
0.13177132070551234,2.595974013942219,62.45039776449935
0.05216223877373219,7.353098872867195,74.66463196655258
0.1630959837255525,0.7713936763241027,70.82155434970737
0.3018415348525244,2.168108770509325,91.86807761323182
0.01983804613617149,6.280957839578777,68.57919304331658
0.06821862770962546,7.78361100761743,67.90901373453167
0.013641903486332952,3.4356457954008643,87.58677613755836
0.12513957383895913,2.7208695559093443,87.39967755241153
0.23886546523906038,3.3455967818046553,51.08240165033844
0.037651230172182935,2.611817889044495,63.80994021153861
0.11763669518434441,5.683884875632891,94.47673992101102
0.027593184240563402,1.8279817097553712,56.768762998758376
0.07820991836203196,4.72861841419217,88.89548603067114
0.02032761276573943,5.80917010746246,50.17975775839217
0.09715212207798354,5.14773984687174,70.15992746990511
0.02372251060055744,0.18726518602957798,72.56272302017747
0.05845327972592418,7.876863020803386,61.24547747869552
0.019505800405740986,0.638423035348599,77.10547912365426
0.08941709106069884,4.805015746351804,83.64264569085357
0.2430509299179806,7.715746789478477,95.05602250466134
0.0630458123235815,5.687674237962365,93.20990108533896
0.018666026858061437,4.466650551149881,58.171217003213016
0.049749969635916456,5.135269066279408,63.89477341027088
0.026298036102457845,0.9158501895674308,97.17573266070737
0.039362921620151675,5.098015138221037,94.68103577956718
0.0521763036304308,5.911408237012178,83.18266075036992
0.03905986293095187,1.4091928758525585,82.27526689754427
0.13681451942074405,1.3474961783739343,62.160546539000514
0.11730101133321544,4.23695430423566,64.43220389668717
0.12438548384892617,1.3930936246209438,63.9660052245417
0.02444486294945166,2.6819622507091125,54.78376959625022
0.07001382334599783,6.907211348455919,80.78078296521225
0.1543979377669768,1.6534896309422784,56.55680049375101
0.05216223877373219,7.353098872867195,74.66463196655258
0.1571763365505156,0.9011552264888332,68.87074560385514
0.2652469145637435,2.578363468496751,86.42750899555992
0.01983804613617149,6.280957839578777,68.57919304331658
0.06821862770962546,7.78361100761743,67.90901373453167
0.013641903486332952,3.4356457954008643,87.58677613755836
0.134089052997058,2.9444457350953486,88.708954424724
0.13344892738239814,1.798065825983472,61.60740868420421
0.043937498572334366,3.2954770731742773,59.2038588344644
0.11763669518434441,5.683884875632891,94.47673992101102
0.027593184240563402,1.8279817097553712,56.768762998758376
0.07820991836203196,4.72861841419217,88.89548603067114
0.02032761276573943,5.80917010746246,50.17975775839217
0.09715212207798354,5.14773984687174,70.15992746990511
0.02372251060055744,0.18726518602957798,72.56272302017747
0.05845327972592418,7.876863020803386,61.24547747869552
0.019505800405740986,0.638423035348599,77.10547912365426
0.08941709106069884,4.805015746351804,83.64264569085357
0.2430509299179806,7.715746789478477,95.05602250466134
0.05792986183181507,6.470526482302577,84.49248136711509
0.018666026858061437,4.466650551149881,58.171217003213016
0.041676900279243395,4.961616589681685,62.40826096327437
0.024463292779149354,0.9033259064276545,97.80506382609893
0.024957890980547057,4.990195224424321,94.71863315053886
0.04299262848909642,6.406615813504464,85.4636666281349
0.04846290894786043,2.2064512894876502,83.86530871141592
0.14764496733350435,1.1721606602822978,60.679739428989976
0.11741637056340101,4.2388861384691685,64.44419056609752
0.12279084697441686,1.574527220278231,64.0779514362175
0.0354444675039996,4.313453713768645,56.888498878385874
0.06841344044774476,7.08060059092054,80.54473632448101
0.1543979377669768,1.6534896309422784,56.55680049375101
0.05216223877373219,7.353098872867195,74.66463196655258
0.1571763365505156,0.9011552264888332,68.87074560385514
0.2652469145637435,2.578363468496751,86.42750899555992
0.01983804613617149,6.280957839578777,68.57919304331658
0.06821862770962546,7.78361100761743,67.90901373453167
0.013641903486332952,3.4356457954008643,87.58677613755836
0.13429159550142913,2.948521964406182,88.7294652488954
0.13344892738239814,1.798065825983472,61.60740868420421
0.04897959781634793,3.220526586814458,59.08303068136379
0.11763669518434441,5.683884875632891,94.47673992101102
0.027593184240563402,1.8279817097553712,56.768762998758376
0.07820991836203196,4.72861841419217,88.89548603067114
0.02032761276573943,5.80917010746246,50.17975775839217
0.13345179008368566,4.835213296643042,79.60058037766032
0.022866445102077974,0.05563844639148163,73.12844498569278
0.057552580281347715,7.59258953012738,61.11879571355736
0.019505800405740986,0.638423035348599,77.10547912365426
0.08941709106069884,4.805015746351804,83.64264569085357
0.1690486241805765,7.744472079690372,83.56534705460072
0.05792986183181507,6.470526482302577,84.49248136711509
0.021728053290333033,4.517660100894238,58.719048797463934
0.04113457352801126,4.840948577112368,62.191098773886544
0.024463292779149354,0.9033259064276545,97.80506382609893
0.024957890980547057,4.990195224424321,94.71863315053886
0.043930850144037345,7.197196790052474,97.21510971471923
0.04818493678878097,1.6608914428197015,97.19786482218817
0.12895113638980557,2.7282355804034335,62.38122576656246
0.11741637056340101,4.2388861384691685,64.44419056609752
0.11353781499476039,1.3804575765805263,66.22280400032172
0.0354444675039996,4.313453713768645,56.888498878385874
0.06841344044774476,7.08060059092054,80.54473632448101
0.1543979377669768,1.6534896309422784,56.55680049375101
0.055081692952987205,7.304145800717389,75.72096586644265
0.15749894459659938,0.8137994683232668,70.30055395069498
0.2652469145637435,2.578363468496751,86.42750899555992
0.017415927467780385,6.2678132049730415,66.81296819622584
0.06821862770962546,7.78361100761743,67.90901373453167
0.012675035570781437,3.3967180660017373,88.94813800860013
0.1280287407362853,2.8224801133762596,88.09524620782202
0.13344892738239814,1.798065825983472,61.60740868420421
0.04897959781634793,3.220526586814458,59.08303068136379
0.10609594140286309,4.998498837240122,91.87702729717512
0.027593184240563402,1.8279817097553712,56.768762998758376
0.07782649494953048,4.735776194334993,88.63902567549502
0.02032761276573943,5.80917010746246,50.17975775839217
0.12559909467371516,5.120497369410519,77.68841520521877
0.022866445102077974,0.05563844639148163,73.12844498569278
0.057552580281347715,7.59258953012738,61.11879571355736
0.019505800405740986,0.638423035348599,77.10547912365426
0.08866877796139272,4.79991462710039,83.99338261090806
0.1690486241805765,7.744472079690372,83.56534705460072
0.05792986183181507,6.470526482302577,84.49248136711509
0.022149929409330627,4.324192795452269,58.57876565448284
0.04204250614941954,5.038704780921787,61.80028322011843
0.01605270242697917,0.6347284437505925,98.02034831827265
0.012460544630252098,3.5364597937186177,93.07422270253699
0.043930850144037345,7.197196790052474,97.21510971471923
0.04818493678878097,1.6608914428197015,97.19786482218817
0.1376574760608249,3.489538923249626,60.21127912633641
0.11430952465330886,4.2995183134648345,66.55693538584227
0.0736782585453119,2.2306713958619717,76.81159053609801
0.0354444675039996,4.313453713768645,56.888498878385874
0.06841344044774476,7.08060059092054,80.54473632448101
0.22521554058730928,1.5560397295069528,56.43842420205082
0.055593622781711496,7.437507496804511,74.53267276366411
0.17393014663685594,0.36555255915741913,71.70216551317449
0.2108203844794741,3.562497112213517,91.15385888328042
0.035140973353926686,5.858262266016686,65.83980007706018
0.06821862770962546,7.78361100761743,67.90901373453167
0.014199458707299273,3.8772878941853,81.2253259005855
0.1280287407362853,2.8224801133762596,88.09524620782202
0.15321507793932232,1.9992335014733364,58.91889905860175
0.05105293308290824,3.9733914618603956,64.96914869080481
0.12162034656752255,5.17540093308992,98.89990825510445
0.027593184240563402,1.8279817097553712,56.768762998758376
0.049383722979728664,5.819780371609918,88.94711140270694
0.02032761276573943,5.80917010746246,50.17975775839217
0.13513705406202142,5.8140990637271415,87.09281256110167
0.022541833863901475,0.7912762471457571,70.19426076692606
0.09047505573634738,5.364264247125261,73.72066737522815
0.019505800405740986,0.638423035348599,77.10547912365426
0.09157928365042167,4.64173321015555,83.94612558456384
0.1976394379666333,7.733374054902968,88.00477308052041
0.05792986183181507,6.470526482302577,84.49248136711509
0.022149929409330627,4.324192795452269,58.57876565448284
0.04204250614941954,5.038704780921787,61.80028322011843
0.01605270242697917,0.6347284437505925,98.02034831827265
0.012460544630252098,3.5364597937186177,93.07422270253699
0.043930850144037345,7.197196790052474,97.21510971471923
0.06704742997849983,2.4135778940339003,88.4573290928188
0.14678920497314923,3.669216597391933,57.84192311448221
0.11430952465330886,4.2995183134648345,66.55693538584227
0.06629257857523688,2.218835290854077,75.70445920847945
0.0354444675039996,4.313453713768645,56.888498878385874
0.06886988188889445,7.064256620918968,80.7021982357168
0.28579329411917165,1.847985068009716,51.820028266642105
0.05965603094086491,7.548874877194941,72.40134634937463
0.11024757688807085,1.0019689836927566,65.20348307752568
0.12953968116880088,2.3201935071287676,85.18535317439121
0.035140973353926686,5.858262266016686,65.83980007706018
0.06821862770962546,7.78361100761743,67.90901373453167
0.014199458707299273,3.8772878941853,81.2253259005855
0.12540983860030064,3.2758585035984598,81.24334864000748
0.12816075297456034,2.7175509868502017,57.27123962163064
0.037957736974773566,4.982051472685551,58.114922499849534
0.12162034656752255,5.17540093308992,98.89990825510445
0.02625018340122892,1.4192888845499687,56.59433257361555
0.049383722979728664,5.819780371609918,88.94711140270694
0.02032761276573943,5.80917010746246,50.17975775839217
0.13513705406202142,5.8140990637271415,87.09281256110167
0.022541833863901475,0.7912762471457571,70.19426076692606
0.11893429414251747,4.3968900540875175,64.30122365148566
0.019505800405740986,0.638423035348599,77.10547912365426
0.14040623288425674,7.353818347056726,88.58039442293162
0.14437175103671712,5.77095982446567,78.24242528634137
0.03937632599478574,5.273294704803943,87.99421957675315
0.022149929409330627,4.324192795452269,58.57876565448284
0.02952567686236686,4.093644524580203,52.981230408311305
0.01617397594260063,0.42254017083755624,99.11938963264762
0.012460544630252098,3.5364597937186177,93.07422270253699
0.043930850144037345,7.197196790052474,97.21510971471923
0.06704742997849983,2.4135778940339003,88.4573290928188
0.14763536615778772,2.933560992118496,50.70130594498315
0.10184702005775326,5.241581152147974,66.92252346833676
0.06629257857523688,2.218835290854077,75.70445920847945
0.0354444675039996,4.313453713768645,56.888498878385874
0.06886988188889445,7.064256620918968,80.7021982357168
0.21826205810564195,1.7364414286380614,53.062267638986754
0.057072386876363956,7.326739534405657,71.44916451468258
0.11024757688807085,1.0019689836927566,65.20348307752568
0.12953968116880088,2.3201935071287676,85.18535317439121
0.036848083213559646,5.7942796946217285,66.18964580267405
0.0699779258449269,7.650622539470899,67.85740465171132
0.014199458707299273,3.8772878941853,81.2253259005855
0.12260543349928628,3.2060175645101134,81.13377526984313
0.12816075297456034,2.7175509868502017,57.27123962163064
0.038800010774593,5.294411009620429,63.62847336116338
0.12162034656752255,5.17540093308992,98.89990825510445
0.02411091970230053,0.7911732985761333,51.47686276574996
0.04530638471288425,5.61738365462172,79.19319427511579
0.02032761276573943,5.80917010746246,50.17975775839217
0.13513705406202142,5.8140990637271415,87.09281256110167
0.022541833863901475,0.7912762471457571,70.19426076692606
0.11893429414251747,4.3968900540875175,64.30122365148566
0.019505800405740986,0.638423035348599,77.10547912365426
0.13329619176023527,6.9588922425633415,87.90556540867624
0.14031617018999365,6.21896658937702,81.76991413782595
0.03881329012993715,5.240624805793632,88.82984248165596
0.022149929409330627,4.324192795452269,58.57876565448284
0.02952567686236686,4.093644524580203,52.981230408311305
0.01617397594260063,0.42254017083755624,99.11938963264762
0.012460544630252098,3.5364597937186177,93.07422270253699
0.043930850144037345,7.197196790052474,97.21510971471923
0.06817594457669901,2.420859486600061,87.92861195086982
0.14763536615778772,2.933560992118496,50.70130594498315
0.12384348367495573,6.475938886193974,66.01505885085828
0.07379475286183085,1.0039174113360518,74.45730125876614
0.033806266988605796,4.096852959990414,53.18338123029753
0.09312380523167915,5.167725818759084,82.49442595868618
0.14703710760337202,1.3429629710656392,61.67823056628585
0.057072386876363956,7.326739534405657,71.44916451468258
0.10347731019841278,0.055796932995663795,62.616545274425064
0.1628562843146947,1.2477508641630015,83.847021487996
0.010774803246957829,6.672804100807363,68.736193853704
0.0699779258449269,7.650622539470899,67.85740465171132
0.018110192031131254,3.7717659615218744,81.71099597920924
0.120384831631508,3.227193662908293,80.46214057760723
0.12816075297456034,2.7175509868502017,57.27123962163064
0.049729948682829345,4.979228756723861,62.85090405801514
0.10465868590130568,5.129116505884339,90.3945863409487
0.02411091970230053,0.7911732985761333,51.47686276574996
0.04549496769457362,5.400794498420937,76.72242645413468
0.02032761276573943,5.80917010746246,50.17975775839217
0.21904311024963558,4.541704527469813,77.78070442333834
0.022541833863901475,0.7912762471457571,70.19426076692606
0.11893429414251747,4.3968900540875175,64.30122365148566
0.019505800405740986,0.638423035348599,77.10547912365426
0.13322668141548663,7.0021192500639,87.93625468433555
0.13454066935320946,5.952799688410011,81.20225909670691
0.03881329012993715,5.240624805793632,88.82984248165596
0.022149929409330627,4.324192795452269,58.57876565448284
0.02952567686236686,4.093644524580203,52.981230408311305
0.01617397594260063,0.42254017083755624,99.11938963264762
0.012460544630252098,3.5364597937186177,93.07422270253699
0.043930850144037345,7.197196790052474,97.21510971471923
0.06998441633511705,2.4023388604323226,87.8352729318196
0.09138423625837204,4.47042921302005,58.11383444039664
0.16559674768100152,7.579200475408613,71.96553625397604
0.06537660003399087,2.7497030445205928,80.87236065067796
0.033806266988605796,4.096852959990414,53.18338123029753
0.10004920500561659,5.1937586385985375,83.05134894104559
0.15684776275871323,0.6904319798599046,60.612709962890484
0.057072386876363956,7.326739534405657,71.44916451468258
0.11346836137419988,0.17460183209230695,62.24142345729655
0.17147285571639137,1.061394046007111,83.79047982159992
0.010774803246957829,6.672804100807363,68.736193853704
0.0699779258449269,7.650622539470899,67.85740465171132
0.018110192031131254,3.7717659615218744,81.71099597920924
0.14498596069542255,1.6342452705631922,83.96428598095571
0.1349653541178752,3.451329286836133,55.79767398954951
0.048136739209834946,5.017377670108253,66.64234725414929
0.10465868590130568,5.129116505884339,90.3945863409487
0.02411091970230053,0.7911732985761333,51.47686276574996
0.038099941866908835,4.960889192917433,78.0695472388514
0.02032761276573943,5.80917010746246,50.17975775839217
0.29923922908192835,6.084692616158762,88.60224193027736
0.03854181561326003,1.097367185331958,71.25869927536985
0.0884274957234362,4.609742728135744,69.49737430308419
0.019505800405740986,0.638423035348599,77.10547912365426
0.14498146831553335,7.6599042780764925,89.05578047016843
0.1379134320757755,6.153688668076569,76.4592405893816
0.03881329012993715,5.240624805793632,88.82984248165596
0.022149929409330627,4.324192795452269,58.57876565448284
0.02952567686236686,4.093644524580203,52.981230408311305
0.01617397594260063,0.42254017083755624,99.11938963264762
0.012460544630252098,3.5364597937186177,93.07422270253699
0.043930850144037345,7.197196790052474,97.21510971471923
0.06998441633511705,2.4023388604323226,87.8352729318196
0.07962643080536203,4.578654968694963,62.51729687599876
0.09685022550882054,6.741559141573839,61.65573090366187
0.06537660003399087,2.7497030445205928,80.87236065067796
0.033806266988605796,4.096852959990414,53.18338123029753
0.09103825591428837,4.9223622161026555,73.99130176124012
0.15684776275871323,0.6904319798599046,60.612709962890484
0.05037987215969805,6.758134839605377,74.69328116363324
0.11346836137419988,0.17460183209230695,62.24142345729655
0.18191919806273738,0.923368782396369,83.37414379547621
0.010774803246957829,6.672804100807363,68.736193853704
0.0699779258449269,7.650622539470899,67.85740465171132
0.018110192031131254,3.7717659615218744,81.71099597920924
0.10698367352171984,2.2744831662048473,83.28937244440345
0.1349653541178752,3.451329286836133,55.79767398954951
0.052613324919500576,5.042572510764414,61.54561784882135
0.12644932219855742,5.470861702333931,92.58088619280774
0.02411091970230053,0.7911732985761333,51.47686276574996
0.038099941866908835,4.960889192917433,78.0695472388514
0.02032761276573943,5.80917010746246,50.17975775839217
0.29923922908192835,6.084692616158762,88.60224193027736
0.03854181561326003,1.097367185331958,71.25869927536985
0.08630335358795971,4.66261655787048,70.12267404147646
0.01963548354902483,1.4543741770894387,72.85656251957838
0.12775383672204702,5.218234928722207,86.44137735481249
0.13441360860378432,6.569661345551365,75.90929128150209
0.03881329012993715,5.240624805793632,88.82984248165596
0.01864431995168158,4.184255041889922,54.29494026933898
0.02952567686236686,4.093644524580203,52.981230408311305
0.03750840480370979,0.9664978799166728,91.33899281659949
0.012460544630252098,3.5364597937186177,93.07422270253699
0.04666947275444213,6.996298031567505,94.55303746344276
0.0725070186449559,2.1999141667149678,88.60790734405988
0.0761930334445717,5.282854785503768,57.39584936456614
0.10694998637401086,5.869712818681819,60.10346081757447
0.06460528611404293,1.9281686471920816,83.05403983228561
0.03738087177152842,4.027135515924993,51.52879917678099
0.09103825591428837,4.9223622161026555,73.99130176124012
0.15684776275871323,0.6904319798599046,60.612709962890484
0.05456951516125759,5.827267486757398,77.50182663887932
0.11346836137419988,0.17460183209230695,62.24142345729655
0.22111676604266228,0.17482065495043253,86.40802142966872
0.010774803246957829,6.672804100807363,68.736193853704
0.0699779258449269,7.650622539470899,67.85740465171132
0.018110192031131254,3.7717659615218744,81.71099597920924
0.08877570859018641,2.7021113988813195,76.16487128075937
0.1349653541178752,3.451329286836133,55.79767398954951
0.052613324919500576,5.042572510764414,61.54561784882135
0.12644932219855742,5.470861702333931,92.58088619280774
0.02411091970230053,0.7911732985761333,51.47686276574996
0.038099941866908835,4.960889192917433,78.0695472388514
0.02032761276573943,5.80917010746246,50.17975775839217
0.21778242803677197,6.349065901907122,77.75690671539623
0.03854181561326003,1.097367185331958,71.25869927536985
0.11599006385055943,6.87863659458983,69.41656503829779
0.01998161641117742,1.8494268397512261,70.89111368165918
0.15444368516342546,5.21151603111527,85.72463145335853
0.13441360860378432,6.569661345551365,75.90929128150209
0.03881329012993715,5.240624805793632,88.82984248165596
0.01864431995168158,4.184255041889922,54.29494026933898
0.023519269555592713,4.144500066698838,54.0918194723046
0.03260607231766679,0.7469657540511774,92.34960876036544
0.012460544630252098,3.5364597937186177,93.07422270253699
0.04666947275444213,6.996298031567505,94.55303746344276
0.03754671017980303,0.8713529598760044,95.37996514179277
0.0761930334445717,5.282854785503768,57.39584936456614
0.11680641278300691,5.394937938601361,58.03632753674101
0.06431663360507138,1.6207218880161296,83.87050009996044
0.03738087177152842,4.027135515924993,51.52879917678099
0.09103825591428837,4.9223622161026555,73.99130176124012
0.15684776275871323,0.6904319798599046,60.612709962890484
0.05463795053166043,5.797732962495104,77.54654165181326
0.11346836137419988,0.17460183209230695,62.24142345729655
0.20534273235132772,0.17478859020086993,82.86681957168321
0.010774803246957829,6.672804100807363,68.736193853704
0.07017007981026996,7.641366661927953,67.81710527338468
0.018110192031131254,3.7717659615218744,81.71099597920924
0.069161483324106,2.3839593918711453,84.81371002252925
0.10390044739597512,3.9354477826314986,62.940302601080994
0.07003480395642928,5.482772622754528,65.26422919979115
0.13873135932298436,5.5417563851215,94.59820428930817
0.02411091970230053,0.7911732985761333,51.47686276574996
0.038099941866908835,4.960889192917433,78.0695472388514
0.02032761276573943,5.80917010746246,50.17975775839217
0.21778242803677197,6.349065901907122,77.75690671539623
0.038969386992865174,0.01834420247460322,78.52514946993104
0.11599006385055943,6.87863659458983,69.41656503829779
0.015668960077348176,1.0177119819038447,67.06743656965887
0.11366609971031602,3.764041052697192,80.63510366716953
0.14074186327503782,6.587512241960331,74.85742175543727
0.04017376687961496,6.467891738457213,88.10976025469172
0.01864431995168158,4.184255041889922,54.29494026933898
0.023519269555592713,4.144500066698838,54.0918194723046
0.03424953649458659,1.1237268677616985,91.24537650811956
0.012460544630252098,3.5364597937186177,93.07422270253699
0.04666947275444213,6.996298031567505,94.55303746344276
0.03754671017980303,0.8713529598760044,95.37996514179277
0.0761930334445717,5.282854785503768,57.39584936456614
0.11680641278300691,5.394937938601361,58.03632753674101
0.06431663360507138,1.6207218880161296,83.87050009996044
0.03738087177152842,4.027135515924993,51.52879917678099
0.09540622589979386,5.264820277276815,73.19046549524937
0.1886019851858184,1.0680256008882132,59.42047288905521
0.05463795053166043,5.797732962495104,77.54654165181326
0.11346836137419988,0.17460183209230695,62.24142345729655
0.20534273235132772,0.17478859020086993,82.86681957168321
0.020728437076344572,6.584820841873664,70.74797808627457
0.07017007981026996,7.641366661927953,67.81710527338468
0.0203049662745297,6.247780880967639,94.87619602255256
0.06871990371486082,2.41493181310418,84.50053298100978
0.1043643054174148,4.048372931594409,63.18878577602178
0.07003480395642928,5.482772622754528,65.26422919979115
0.13128709332193517,5.226974482993599,94.35931735966616
0.02411091970230053,0.7911732985761333,51.47686276574996
0.034594258305324664,4.903598882537685,79.47526469034847
0.02032761276573943,5.80917010746246,50.17975775839217
0.14513162227993778,6.6238664607190145,84.88817524167087
0.038969386992865174,0.01834420247460322,78.52514946993104
0.11599006385055943,6.87863659458983,69.41656503829779
0.010380149974971983,0.6450085418876554,67.91257446720175
0.11366609971031602,3.764041052697192,80.63510366716953
0.09426287522608662,6.789483827083101,84.58856903513464
0.030374992469626584,6.601115166193499,92.2673027424729
0.03554841292768526,4.340734022768404,60.30732735017243
0.023519269555592713,4.144500066698838,54.0918194723046
0.03305275756828128,1.4606427829192423,87.10152861034163
0.012460544630252098,3.5364597937186177,93.07422270253699
0.04666947275444213,6.996298031567505,94.55303746344276
0.05091802272922567,2.397696599830818,82.23777098036862
0.07606600961445792,5.3287154708183095,57.25070321275596
0.11680641278300691,5.394937938601361,58.03632753674101
0.0698220732369377,1.012638552484895,84.68462423948256
0.03738087177152842,4.027135515924993,51.52879917678099
0.08128901615248244,5.279710581060833,64.86165007493638
0.1579211588524873,2.012303599543909,65.88411015974805
0.06980759750081093,6.064992321945703,75.53636028359477
0.08573643583928252,1.8373046579269925,68.30079634599036
0.20534273235132772,0.17478859020086993,82.86681957168321
0.024462146404978187,6.011351932611658,66.43876871860124
0.07017007981026996,7.641366661927953,67.81710527338468
0.0203049662745297,6.247780880967639,94.87619602255256
0.09656635286229899,3.589476588225991,83.3363299130791
0.09769779927758035,3.6272134159237353,59.64037679950677
0.07003480395642928,5.482772622754528,65.26422919979115
0.14464944013716555,5.733362423220763,97.28214826482125
0.025792666698159078,0.9170845833687599,58.1770149783662
0.03403319623234128,4.989728937647444,79.3803149308776
0.02032761276573943,5.80917010746246,50.17975775839217
0.14972038066318547,7.040927635744737,85.50841975847058
0.038969386992865174,0.01834420247460322,78.52514946993104
0.13077663498440315,7.844589728229409,66.26358137413774
0.017538286598152153,0.9162778114702483,69.47831911032885
0.12488989726461958,4.784144925094959,82.1521804686288
0.09426287522608662,6.789483827083101,84.58856903513464
0.030374992469626584,6.601115166193499,92.2673027424729
0.03554841292768526,4.340734022768404,60.30732735017243
0.023519269555592713,4.144500066698838,54.0918194723046
0.03305275756828128,1.4606427829192423,87.10152861034163
0.012460544630252098,3.5364597937186177,93.07422270253699
0.07447198114842751,7.0083388274220795,92.1128545988186
0.04880336008931725,2.4537686177436187,85.35216007328006
0.107573385489145,6.038778926941156,59.14479097620889
0.1206974169023322,5.941827350499232,55.18556414281649
0.07864862726382515,0.03177505263427438,85.99281763939591
0.03738087177152842,4.027135515924993,51.52879917678099
0.09135205024214205,4.609264635693692,63.957283310779076
0.1579211588524873,2.012303599543909,65.88411015974805
0.07566972707109562,6.642433100474825,76.21578424550505
0.11555198910911246,2.996952608631701,61.782430258416326
0.1848235577721009,1.3082132591934297,80.58227673517658
0.013190338324520746,7.550988302271236,59.707435415756265
0.07017007981026996,7.641366661927953,67.81710527338468
0.0203049662745297,6.247780880967639,94.87619602255256
0.1465753527223187,5.265666528013857,80.37170761052015
0.057923356925496106,4.685877806824214,50.08003085673026
0.0475019187496042,6.713356122924156,66.98786337435783
0.14464944013716555,5.733362423220763,97.28214826482125
0.05919312713384442,2.178275405334201,70.05053391755085
0.03403319623234128,4.989728937647444,79.3803149308776
0.02032761276573943,5.80917010746246,50.17975775839217
0.14972038066318547,7.040927635744737,85.50841975847058
0.034911777301963466,0.01697076015582941,77.76150373160688
0.13077663498440315,7.844589728229409,66.26358137413774
0.017538286598152153,0.9162778114702483,69.47831911032885
0.12488989726461958,4.784144925094959,82.1521804686288
0.08827466298232953,6.6208269472079,84.18792856372964
0.02036561396272135,6.762189873789768,94.49060959858853
0.03215712222062421,4.260529208149054,59.558770307781415
0.025520281229506045,4.256968561765518,55.58497916418491
0.03305275756828128,1.4606427829192423,87.10152861034163
0.012460544630252098,3.5364597937186177,93.07422270253699
0.07447198114842751,7.0083388274220795,92.1128545988186
0.04880336008931725,2.4537686177436187,85.35216007328006
0.107573385489145,6.038778926941156,59.14479097620889
0.14788767759883073,6.423158810819025,55.07145902208206
0.07864862726382515,0.03177505263427438,85.99281763939591
0.06920899736861875,3.6442775219988137,58.65884465693455
0.09135205024214205,4.609264635693692,63.957283310779076
0.21966718495743137,3.554953555440606,50.22127270404853
0.04720384714154413,6.052321033752723,81.61332130272024
0.1061775988458111,3.154409712500676,61.60958560570917
0.14599050332708785,2.7206788874446692,75.85921757391881
0.013190338324520746,7.550988302271236,59.707435415756265
0.07017007981026996,7.641366661927953,67.81710527338468
0.0203049662745297,6.247780880967639,94.87619602255256
0.1465753527223187,5.265666528013857,80.37170761052015
0.057923356925496106,4.685877806824214,50.08003085673026
0.022302139243743843,7.734942395117915,64.71799452908625
0.14464944013716555,5.733362423220763,97.28214826482125
0.06323479824213697,2.5007806187655595,69.1394716855804
0.038786467503483454,5.227001160752556,80.87692802491316
0.02032761276573943,5.80917010746246,50.17975775839217
0.14972038066318547,7.040927635744737,85.50841975847058
0.03441625435095775,0.4017825015498637,80.25109359798786
0.1379376890195645,7.933279398109832,64.40889006461538
0.017538286598152153,0.9162778114702483,69.47831911032885
0.12488989726461958,4.784144925094959,82.1521804686288
0.08827466298232953,6.6208269472079,84.18792856372964
0.02036561396272135,6.762189873789768,94.49060959858853
0.04287643190054631,4.354695829632666,61.50863720677663
0.02560314910008573,4.261540401854962,55.34709888550885
0.03305275756828128,1.4606427829192423,87.10152861034163
0.012460544630252098,3.5364597937186177,93.07422270253699
0.05711138354903024,7.250131244123295,82.99664637201694
0.04880336008931725,2.4537686177436187,85.35216007328006
0.10210215519126345,6.2037908214943185,66.24457559016308
0.22178240299693408,7.850123431556593,59.17130894994745
0.07864862726382515,0.03177505263427438,85.99281763939591
0.06920899736861875,3.6442775219988137,58.65884465693455
0.09135205024214205,4.609264635693692,63.957283310779076
0.21966718495743137,3.554953555440606,50.22127270404853
0.04720384714154413,6.052321033752723,81.61332130272024
0.07451822163577308,4.133420479817209,57.3945443717304
0.12857648910590058,3.280909667725548,78.44188512745652
0.013190338324520746,7.550988302271236,59.707435415756265
0.07017007981026996,7.641366661927953,67.81710527338468
0.038752964507196445,6.3490311955054395,91.9752394383516
0.13724652619913635,4.95122437555916,79.58416233674488
0.057923356925496106,4.685877806824214,50.08003085673026
0.022302139243743843,7.734942395117915,64.71799452908625
0.14464944013716555,5.733362423220763,97.28214826482125
0.038433671467488655,0.6409694463883691,73.71047709014601
0.05722671289262865,2.823688222824235,83.24353988041771
0.02032761276573943,5.80917010746246,50.17975775839217
0.14972038066318547,7.040927635744737,85.50841975847058
0.046683075054905654,0.9337446351957679,80.2642851311546
0.13321966417893247,7.596635216957003,64.36315296754611
0.017538286598152153,0.9162778114702483,69.47831911032885
0.09493677207834383,4.626484018711148,74.06554273368153
0.08827466298232953,6.6208269472079,84.18792856372964
0.02036561396272135,6.762189873789768,94.49060959858853
0.04614889411335749,4.28235804118938,62.679941534962666
0.02560314910008573,4.261540401854962,55.34709888550885
0.03305275756828128,1.4606427829192423,87.10152861034163
0.012460544630252098,3.5364597937186177,93.07422270253699
0.08463731576082875,6.773190386941969,87.48865558536914
0.06738668704312484,1.900151517389683,81.40360482832679
0.07515424643469538,3.641194628597524,73.0617557485968
0.22178240299693408,7.850123431556593,59.17130894994745
0.08688419064811242,0.7231724824203267,85.0921217456524
0.06920899736861875,3.6442775219988137,58.65884465693455
0.09135205024214205,4.609264635693692,63.957283310779076
0.12302600890835311,3.5463280650626805,70.20788837663056
0.016995894061276745,5.634179840110924,79.71967459158151
0.07451822163577308,4.133420479817209,57.3945443717304
0.12499586025809546,3.325773461672448,77.73439813189317
0.013190338324520746,7.550988302271236,59.707435415756265
0.069958860773702,7.810885971103044,67.59484745096734
0.038752964507196445,6.3490311955054395,91.9752394383516
0.10536593502805978,5.185162720712873,71.56638511436756
0.057923356925496106,4.685877806824214,50.08003085673026
0.022302139243743843,7.734942395117915,64.71799452908625
0.14464944013716555,5.733362423220763,97.28214826482125
0.038433671467488655,0.6409694463883691,73.71047709014601
0.05722671289262865,2.823688222824235,83.24353988041771
0.02032761276573943,5.80917010746246,50.17975775839217
0.14972038066318547,7.040927635744737,85.50841975847058
0.06370295572242032,2.3342001311484264,74.05095196502813
0.13321966417893247,7.596635216957003,64.36315296754611
0.017538286598152153,0.9162778114702483,69.47831911032885
0.09551544583159044,4.62926370579835,75.69729679614987
0.12088652555359129,6.070091916671078,93.8124021631526
0.05526962971054264,6.950720582748823,88.37004024608633
0.023555456056162563,3.9379054766996955,59.28944262689929
0.02560314910008573,4.261540401854962,55.34709888550885
0.03305275756828128,1.4606427829192423,87.10152861034163
0.012460544630252098,3.5364597937186177,93.07422270253699
0.08463731576082875,6.773190386941969,87.48865558536914
0.08358428381317395,0.08329508493973048,95.68373031438898
0.07959570460112038,3.371915632247128,78.98555728217511
0.22083986484731527,7.842722142165987,59.365921677517605
0.06477248802956655,2.7718458545194355,77.47549406920726
0.06038102367947011,4.035256929386147,57.127522321111684
0.09063564294302824,4.479390491169377,62.04172130360207
0.126645133257874,3.414373088150354,70.55388203051092
0.016995894061276745,5.634179840110924,79.71967459158151
0.03148380879554458,1.2757764584849784,51.41826118574545
0.12397778106196777,3.3801040058642977,77.47735146661702
0.013190338324520746,7.550988302271236,59.707435415756265
0.07026653582404199,7.919526796601405,67.57409703622314
0.038752964507196445,6.3490311955054395,91.9752394383516
0.09353373831684164,5.00477271143637,69.79077885524842
0.057923356925496106,4.685877806824214,50.08003085673026
0.022302139243743843,7.734942395117915,64.71799452908625
0.14657762516358577,5.814417924962135,97.88112509181528
0.05747298861285472,2.0687083980548713,70.20140984648886
0.05722671289262865,2.823688222824235,83.24353988041771
0.02032761276573943,5.80917010746246,50.17975775839217
0.2035006296162684,7.262167614473904,83.87208662148332
0.06729656027680064,1.7559347893499293,71.46927566131649
0.1269899041313449,7.617734076226851,64.68140186884227
0.017538286598152153,0.9162778114702483,69.47831911032885
0.05596494302480144,2.869598809480097,68.53863407541104
0.12191411331204399,5.17589257273443,88.38234370179946
0.05526962971054264,6.950720582748823,88.37004024608633
0.023555456056162563,3.9379054766996955,59.28944262689929
0.01991529860733257,4.52230087245509,52.87585228802183
0.04321985286503449,1.7610347050142836,80.86409681444215
0.012460544630252098,3.5364597937186177,93.07422270253699
0.07536822601966181,6.6875060631463965,88.39498960183347
0.08358428381317395,0.08329508493973048,95.68373031438898
0.07568295718831983,6.598012157865507,62.604853814422825
0.22083986484731527,7.842722142165987,59.365921677517605
0.06664552482980053,2.2329788050814594,86.15426198257254
0.04758817334516346,3.661143664991937,52.24107041640015
0.09063564294302824,4.479390491169377,62.04172130360207
0.126645133257874,3.414373088150354,70.55388203051092
0.016995894061276745,5.634179840110924,79.71967459158151
0.03148380879554458,1.2757764584849784,51.41826118574545
0.11355212379576898,2.5291898186127204,82.1764609484312
0.013190338324520746,7.550988302271236,59.707435415756265
0.051509069910168154,6.497265397619781,75.84863273931073
0.038752964507196445,6.3490311955054395,91.9752394383516
0.09353373831684164,5.00477271143637,69.79077885524842
0.057923356925496106,4.685877806824214,50.08003085673026
0.022302139243743843,7.734942395117915,64.71799452908625
0.14657762516358577,5.814417924962135,97.88112509181528
0.05743633676876239,2.181067841384885,72.14239743631957
0.08834336274794072,3.9551716132485835,85.71546421418769
0.017825273054503148,5.086271414801629,63.823534725034264
0.2035006296162684,7.262167614473904,83.87208662148332
0.05893164825098038,2.867491988568359,70.21414510432598
0.1269899041313449,7.617734076226851,64.68140186884227
0.04597514802557852,2.0415362362090823,73.83486540488141
0.012668324675125242,1.46250317625986,54.518183461001044
0.10131702247966186,4.620638455140188,94.42378256670186
0.05526962971054264,6.950720582748823,88.37004024608633
0.023555456056162563,3.9379054766996955,59.28944262689929
0.0185691491162598,5.371113438191689,55.928924448410086
0.013437803735174697,1.124668562231931,85.1290285313404
0.012460544630252098,3.5364597937186177,93.07422270253699
0.07536822601966181,6.6875060631463965,88.39498960183347
0.08358428381317395,0.08329508493973048,95.68373031438898
0.07629869185434106,6.688077308580463,61.29220872962709
0.22083986484731527,7.842722142165987,59.365921677517605
0.05147150805140525,2.598006942381846,88.09213479684463
0.04758817334516346,3.661143664991937,52.24107041640015
0.11120166922875128,5.602015190715321,56.61101320181015
0.12480087189365979,3.7569276356740504,71.69099343819124
0.016995894061276745,5.634179840110924,79.71967459158151
0.03148380879554458,1.2757764584849784,51.41826118574545
0.09448358833293041,2.8564094880614364,73.52288498679448
0.013190338324520746,7.550988302271236,59.707435415756265
0.06746559468330057,5.39603664254107,80.1229197890066
0.02643965655848038,6.178604628337586,95.51134137586499
0.11474332408939003,5.625024427235648,77.89214939332787
0.057923356925496106,4.685877806824214,50.08003085673026
0.014558749746559171,7.899864814765223,65.02452545622542
0.1692942823392815,6.413585354276134,99.61639285725872
0.05743633676876239,2.181067841384885,72.14239743631957
0.08382439786708344,3.7233772429576484,82.68219637611439
0.020344483994333917,5.156372923943654,64.89926467533192
0.2035006296162684,7.262167614473904,83.87208662148332
0.05893164825098038,2.867491988568359,70.21414510432598
0.1156411943831761,7.413229145232045,69.89468888533982
0.04597514802557852,2.0415362362090823,73.83486540488141
0.012668324675125242,1.46250317625986,54.518183461001044
0.11984532147469323,3.6830727050058094,96.85965441546506
0.05526962971054264,6.950720582748823,88.37004024608633
0.023555456056162563,3.9379054766996955,59.28944262689929
0.0185691491162598,5.371113438191689,55.928924448410086
0.013437803735174697,1.124668562231931,85.1290285313404
0.012460544630252098,3.5364597937186177,93.07422270253699
0.07536822601966181,6.6875060631463965,88.39498960183347
0.08358428381317395,0.08329508493973048,95.68373031438898
0.07629869185434106,6.688077308580463,61.29220872962709
0.16815610078870302,6.766009088939387,58.042122546034385
0.05147150805140525,2.598006942381846,88.09213479684463
0.05023081982392395,3.3220084243342907,51.218280771084785
0.11120166922875128,5.602015190715321,56.61101320181015
0.12480087189365979,3.7569276356740504,71.69099343819124
0.013777353048024901,6.466480626752356,89.74405419800112
0.03148380879554458,1.2757764584849784,51.41826118574545
0.1267162882449966,1.414608377355945,67.04442545312992
0.04477686711286821,6.104790709929561,69.60248783576465
0.04133485160948158,6.632679854730484,72.66580788583346
0.033008325905591676,6.0292666942883235,98.50316687348803
0.09976289890264811,4.724751417034081,76.3891262357437
0.057923356925496106,4.685877806824214,50.08003085673026
0.014558749746559171,7.899864814765223,65.02452545622542
0.1692942823392815,6.413585354276134,99.61639285725872
0.0631721435003567,3.5515931614741283,68.84299048843016
0.10939870256139199,3.1460628463970637,89.84644859273749
0.020344483994333917,5.156372923943654,64.89926467533192
0.2206607478987222,7.565851266544074,87.85537098457328
0.05292663327084185,3.0491918446685475,68.35970577775217
0.1996698541721219,7.0086945768075255,73.94319906307423
0.03982077902539555,2.7892355550115115,69.81385641680387
0.012668324675125242,1.46250317625986,54.518183461001044
0.1174064642801943,3.502220468063035,97.49009544003619
0.05526962971054264,6.950720582748823,88.37004024608633
0.023555456056162563,3.9379054766996955,59.28944262689929
0.021317000469941335,6.880322283542937,57.95166956102911
0.013437803735174697,1.124668562231931,85.1290285313404
0.012460544630252098,3.5364597937186177,93.07422270253699
0.07536822601966181,6.6875060631463965,88.39498960183347
0.08358428381317395,0.08329508493973048,95.68373031438898
0.06406945252742519,7.9967216755205275,50.74246491912877
0.18307067740954486,7.201588392836271,58.905166586873975
0.04929925781323774,2.42097143857747,91.66578329575768
0.05023081982392395,3.3220084243342907,51.218280771084785
0.13598551809792433,5.012737071721485,54.45338781870295
0.14598849622234417,3.9981970386471044,72.1590098015562
0.013777353048024901,6.466480626752356,89.74405419800112
0.03148380879554458,1.2757764584849784,51.41826118574545
0.19994198946374048,1.6020318440942207,55.35414068815501
0.05751101384992986,6.461279360989,76.24637657936377
0.04133485160948158,6.632679854730484,72.66580788583346
0.033008325905591676,6.0292666942883235,98.50316687348803
0.14813474782995842,6.742040406295516,71.4917643195839
0.057923356925496106,4.685877806824214,50.08003085673026
0.014558749746559171,7.899864814765223,65.02452545622542
0.15373621147951638,6.196234723339177,88.09890882262697
0.10589371622697419,5.636310406300774,54.853357531329166
0.10939870256139199,3.1460628463970637,89.84644859273749
0.020344483994333917,5.156372923943654,64.89926467533192
0.2206607478987222,7.565851266544074,87.85537098457328
0.06139668034699395,4.4223872792912235,75.92154860563971
0.17705808617089241,6.585756569574933,74.26671793260132
0.03982077902539555,2.7892355550115115,69.81385641680387
0.01061207614506592,1.0008315831918573,50.071573234098125
0.1174064642801943,3.502220468063035,97.49009544003619
0.05526962971054264,6.950720582748823,88.37004024608633
0.03161081190823104,0.3904969872754771,54.154437499300954
0.021317000469941335,6.880322283542937,57.95166956102911
0.013437803735174697,1.124668562231931,85.1290285313404
0.012460544630252098,3.5364597937186177,93.07422270253699
0.07536822601966181,6.6875060631463965,88.39498960183347
0.08358428381317395,0.08329508493973048,95.68373031438898
0.06406945252742519,7.9967216755205275,50.74246491912877
0.18307067740954486,7.201588392836271,58.905166586873975
0.05235627710593649,2.3021981064905166,98.71351358527303
0.046177490616674664,3.114564104580875,58.458789367464334
0.13598551809792433,5.012737071721485,54.45338781870295
0.14692700532802425,4.264453388195037,74.08986810988749
0.013863012388929131,6.623613034706013,87.03421610493575
0.03148380879554458,1.2757764584849784,51.41826118574545
0.20348843212901416,0.42497423367956255,54.607695496918275
0.04821815807560552,6.951664570225097,93.82199712782202
0.04133485160948158,6.632679854730484,72.66580788583346
0.033008325905591676,6.0292666942883235,98.50316687348803
0.14813474782995842,6.742040406295516,71.4917643195839
0.07134482301607052,5.731267449988113,50.0824301512218
0.014558749746559171,7.899864814765223,65.02452545622542
0.1336950914387277,5.4717798427480515,87.67467216605061
0.10589371622697419,5.636310406300774,54.853357531329166
0.10939870256139199,3.1460628463970637,89.84644859273749
0.020344483994333917,5.156372923943654,64.89926467533192
0.17445738775522537,6.671657012862077,89.01352780514878
0.06129914038207922,4.419726292623773,75.96773124629354
0.17562849041631853,6.439332087164383,77.91918784380093
0.03982077902539555,2.7892355550115115,69.81385641680387
0.01061207614506592,1.0008315831918573,50.071573234098125
0.1174064642801943,3.502220468063035,97.49009544003619
0.05139324242247851,7.890898089595383,87.36876736784996
0.03161081190823104,0.3904969872754771,54.154437499300954
0.021317000469941335,6.880322283542937,57.95166956102911
0.013437803735174697,1.124668562231931,85.1290285313404
0.012460544630252098,3.5364597937186177,93.07422270253699
0.07536822601966181,6.6875060631463965,88.39498960183347
0.08358428381317395,0.08329508493973048,95.68373031438898
0.06406945252742519,7.9967216755205275,50.74246491912877
0.18307067740954486,7.201588392836271,58.905166586873975
0.05235627710593649,2.3021981064905166,98.71351358527303
0.046177490616674664,3.114564104580875,58.458789367464334
0.13598551809792433,5.012737071721485,54.45338781870295
0.15308063230902946,4.447839198528784,71.50621492976401
0.01405317456397907,6.6301620643776085,86.29227766249738
0.031900005319476024,1.0463443283710054,51.15080440204964
0.20348843212901416,0.42497423367956255,54.607695496918275
0.04614916624068622,6.1342550925249,88.8800963475627
0.03200216124810351,7.66716751489687,71.1222603710093
0.05178159647599401,6.320988481601011,94.02337474972589
0.17411578019251317,6.433501599461157,67.22781444326237
0.07134482301607052,5.731267449988113,50.0824301512218
0.011640978473225441,7.958036431349476,63.90315962465201
0.17903574934216235,5.944483433580745,95.59143290578143
0.08809645406788114,6.005111788103075,55.08991251935658
0.09055958005423023,2.584633341876101,97.75621610490688
0.029901970453034922,4.38967421697255,69.55174799005584
0.16283007273025302,6.170283283727764,78.56845096045508
0.05025579785478332,3.152566138853354,66.64562625809452
0.17550226967374094,6.464371928345749,79.11492915227211
0.036117738291122053,2.8903677950942233,72.96200502570179
0.016617200919577406,0.8262908182612322,51.23917254228817
0.1174064642801943,3.502220468063035,97.49009544003619
0.04599092159616375,7.974311384590688,87.79539591134427
0.03161081190823104,0.3904969872754771,54.154437499300954
0.020467412783620124,6.8426533753679815,56.9240719493053
0.013437803735174697,1.124668562231931,85.1290285313404
0.011981695277869957,2.6062893269978904,95.11332163038055
0.09045657242258814,6.026595716737952,88.70294424507411
0.08358428381317395,0.08329508493973048,95.68373031438898
0.06406945252742519,7.9967216755205275,50.74246491912877
0.16996573075017546,7.157282262239534,61.02865453195508
0.042188047156180714,4.982355918262399,84.9298538456826
0.050879997421492504,3.219366353866681,51.67915224346032
0.12029836644184314,5.22082616782804,58.54960609077955
0.1721247731116019,3.6885478628848922,75.94866563946323
0.01405317456397907,6.6301620643776085,86.29227766249738
0.03331148116373475,1.2139875374038276,51.11257417218089
0.20348843212901416,0.42497423367956255,54.607695496918275
0.04614916624068622,6.1342550925249,88.8800963475627
0.03200216124810351,7.66716751489687,71.1222603710093
0.05178159647599401,6.320988481601011,94.02337474972589
0.17411578019251317,6.433501599461157,67.22781444326237
0.07134482301607052,5.731267449988113,50.0824301512218
0.011640978473225441,7.958036431349476,63.90315962465201
0.1561370540090553,5.662366552714906,81.15072300459457
0.08497030559814855,6.032303893689725,58.44148241233755
0.09566241885726885,2.778411774626148,97.63136282749255
0.029901970453034922,4.38967421697255,69.55174799005584
0.17834493529457487,7.081585342513505,72.10558454343706
0.054593442305871244,2.1687755161850326,56.81506984892494
0.17535058947137308,6.483355047785303,78.61943371146275
0.05642711565309515,4.471512217688823,62.06670587312054
0.016617200919577406,0.8262908182612322,51.23917254228817
0.1174064642801943,3.502220468063035,97.49009544003619
0.039177637202918614,4.381106228592766,71.8563368988164
0.03161081190823104,0.3904969872754771,54.154437499300954
0.020467412783620124,6.8426533753679815,56.9240719493053
0.013437803735174697,1.124668562231931,85.1290285313404
0.011981695277869957,2.6062893269978904,95.11332163038055
0.09045657242258814,6.026595716737952,88.70294424507411
0.08358428381317395,0.08329508493973048,95.68373031438898
0.06406945252742519,7.9967216755205275,50.74246491912877
0.11821222060959069,4.919546165040252,59.13853169083033
0.0423141424071056,4.9778320995434155,84.72738734436915
0.050879997421492504,3.219366353866681,51.67915224346032
0.11497166723289563,5.306356085969384,61.30744326769519
0.1721247731116019,3.6885478628848922,75.94866563946323
0.019319174908195916,6.587008703838936,87.37135698411497
0.03321015844837255,1.209888338733907,51.09790811580659
0.20348843212901416,0.42497423367956255,54.607695496918275
0.04614916624068622,6.1342550925249,88.8800963475627
0.03200216124810351,7.66716751489687,71.1222603710093
0.05030463267856246,5.914508926014934,90.60956478456
0.16913193836279283,6.50429761573381,66.48121638516105
0.07168372807337411,5.735544357301568,50.15218482944002
0.011640978473225441,7.958036431349476,63.90315962465201
0.19410842673760859,5.4517974306307275,76.78461300168266
0.08497030559814855,6.032303893689725,58.44148241233755
0.09566241885726885,2.778411774626148,97.63136282749255
0.029901970453034922,4.38967421697255,69.55174799005584
0.3047081896713358,7.474580247551487,59.97526879149706
0.054593442305871244,2.1687755161850326,56.81506984892494
0.18833256878034868,7.086926400251105,75.52220524573202
0.05642711565309515,4.471512217688823,62.06670587312054
0.016617200919577406,0.8262908182612322,51.23917254228817
0.1174064642801943,3.502220468063035,97.49009544003619
0.039177637202918614,4.381106228592766,71.8563368988164
0.02487605792248889,0.6625743942502524,65.63334338121457
0.024401243727700597,6.345541152490424,53.813580204479535
0.013437803735174697,1.124668562231931,85.1290285313404
0.011981695277869957,2.6062893269978904,95.11332163038055
0.09045657242258814,6.026595716737952,88.70294424507411
0.08358428381317395,0.08329508493973048,95.68373031438898
0.06406945252742519,7.9967216755205275,50.74246491912877
0.1422107155151757,5.957201353698994,60.01499597799548
0.0423141424071056,4.9778320995434155,84.72738734436915
0.050879997421492504,3.219366353866681,51.67915224346032
0.19435524298769155,4.015866330078863,64.98947526871555
0.1721247731116019,3.6885478628848922,75.94866563946323
0.019319174908195916,6.587008703838936,87.37135698411497
0.03321015844837255,1.209888338733907,51.09790811580659
0.20348843212901416,0.42497423367956255,54.607695496918275
0.05150936407676905,6.709818947126485,95.25681343739475
0.032538181999161704,4.801899587927797,62.23691830821552
0.05030463267856246,5.914508926014934,90.60956478456
0.16913193836279283,6.50429761573381,66.48121638516105
0.07168372807337411,5.735544357301568,50.15218482944002
0.011640978473225441,7.958036431349476,63.90315962465201
0.30160378715188035,5.884185231657467,86.4634352798971
0.08497030559814855,6.032303893689725,58.44148241233755
0.08804046098420158,2.938339690636057,91.19534360094985
0.029267088425297856,4.521496491033079,70.62078021728688
0.2855442346492177,7.0323808200741915,59.34865157465124
0.054593442305871244,2.1687755161850326,56.81506984892494
0.18833256878034868,7.086926400251105,75.52220524573202
0.06261362686342713,3.4718588545288718,69.72479810637597
0.01723292556010949,2.1390406686465884,59.4729587929314
0.07731839076416343,2.585487722930999,92.72393459527083
0.053672892625902476,2.770955384970658,60.53148325751042
0.02487605792248889,0.6625743942502524,65.63334338121457
0.0210164918651619,6.565725670089778,52.58446753241766
0.013437803735174697,1.124668562231931,85.1290285313404
0.011981695277869957,2.6062893269978904,95.11332163038055
0.09034338419119382,5.996949838945866,88.73758593279203
0.07769931511253705,2.8784006903697668,73.16783055901698
0.06406945252742519,7.9967216755205275,50.74246491912877
0.11978148651232806,6.54261380552061,57.353460771072335
0.017719596063182616,6.658731630395764,79.10888498581137
0.050879997421492504,3.219366353866681,51.67915224346032
0.285812915008152,4.52359177986809,73.47408286026348
0.18788730255877362,3.749544201159048,79.10384422258655
0.019319174908195916,6.587008703838936,87.37135698411497
0.03321015844837255,1.209888338733907,51.09790811580659
0.20348843212901416,0.42497423367956255,54.607695496918275
0.05150936407676905,6.709818947126485,95.25681343739475
0.0325581464714154,4.803610972735781,62.185749066283755
0.05034112094271167,5.892216237196312,90.46418513288084
0.16913193836279283,6.50429761573381,66.48121638516105
0.07168372807337411,5.735544357301568,50.15218482944002
0.011640978473225441,7.958036431349476,63.90315962465201
0.27828668648773836,5.577100629920565,84.25034054263395
0.08497030559814855,6.032303893689725,58.44148241233755
0.08804046098420158,2.938339690636057,91.19534360094985
0.030172765059911053,4.599132464262286,68.29951741406462
0.2855442346492177,7.0323808200741915,59.34865157465124
0.054593442305871244,2.1687755161850326,56.81506984892494
0.18833256878034868,7.086926400251105,75.52220524573202
0.05452893779004342,3.333648435089141,73.77872834952741
0.01723292556010949,2.1390406686465884,59.4729587929314
0.09123472493266466,2.347186876179009,88.51978030633566
0.053672892625902476,2.770955384970658,60.53148325751042
0.02487605792248889,0.6625743942502524,65.63334338121457
0.0210164918651619,6.565725670089778,52.58446753241766
0.013437803735174697,1.124668562231931,85.1290285313404
0.011981695277869957,2.6062893269978904,95.11332163038055
0.10536546801576557,6.7896385462655,94.7506200488564
0.0835797666608245,2.627607320890956,74.59844478681374
0.06380066349371531,7.899363542809005,50.761553750227044
0.11978148651232806,6.54261380552061,57.353460771072335
0.011818626670852025,6.665445279608775,80.36673051310258
0.050879997421492504,3.219366353866681,51.67915224346032
0.285812915008152,4.52359177986809,73.47408286026348
0.18525986543064882,4.3094458754754115,83.22932054583043
0.019319174908195916,6.587008703838936,87.37135698411497
0.027942658624009277,0.7191232523203839,50.35057105346706
0.20348843212901416,0.42497423367956255,54.607695496918275
0.05150936407676905,6.709818947126485,95.25681343739475
0.0325581464714154,4.803610972735781,62.185749066283755
0.05034112094271167,5.892216237196312,90.46418513288084
0.18526506256578384,6.631569237889893,69.18458357292778
0.07168372807337411,5.735544357301568,50.15218482944002
0.011640978473225441,7.958036431349476,63.90315962465201
0.16794123627731994,6.035151796376439,82.07302710205305
0.08497030559814855,6.032303893689725,58.44148241233755
0.0962116269202456,3.0305785307831665,94.85609621154228
0.03206130034971172,4.958176343611839,69.58773025810802
0.30714312669796895,7.163355122963429,60.27745089173929
0.054593442305871244,2.1687755161850326,56.81506984892494
0.18833256878034868,7.086926400251105,75.52220524573202
0.05452893779004342,3.333648435089141,73.77872834952741
0.01723292556010949,2.1390406686465884,59.4729587929314
0.10006852022957341,1.581393191072359,88.09975192692842
0.09243716737078547,3.22418009859645,67.21805094734293
0.02487605792248889,0.6625743942502524,65.63334338121457
0.0210164918651619,6.565725670089778,52.58446753241766
0.013437803735174697,1.124668562231931,85.1290285313404
0.011981695277869957,2.6062893269978904,95.11332163038055
0.10536546801576557,6.7896385462655,94.7506200488564
0.06947381617278467,3.739758427424863,70.55928691064497
0.06380066349371531,7.899363542809005,50.761553750227044
0.13423444225168668,6.192332354747799,59.05533893707514
0.0551174982637387,6.4906403832193185,80.83995291881675
0.050879997421492504,3.219366353866681,51.67915224346032
0.16871211546231074,5.430283890169732,79.58072503054615
0.18525986543064882,4.3094458754754115,83.22932054583043
0.023909586078670848,6.162857556631189,85.5992418315731
0.027942658624009277,0.7191232523203839,50.35057105346706
0.20348843212901416,0.42497423367956255,54.607695496918275
0.04017932431414008,7.06454496661693,86.34654182683562
0.03554681363429314,6.414654631445587,60.84448466216575
0.05034112094271167,5.892216237196312,90.46418513288084
0.12743909927708716,7.0733526669201865,67.42559127101747
0.07168372807337411,5.735544357301568,50.15218482944002
0.011702398651548937,6.99329017577668,69.5293385796262
0.16794123627731994,6.035151796376439,82.07302710205305
0.060974464162183446,4.722653118974984,58.73017573598371
0.0962116269202456,3.0305785307831665,94.85609621154228
0.024981694833515235,4.302131512934869,73.78699230534488
0.30714312669796895,7.163355122963429,60.27745089173929
0.08117098898815084,3.614444100488487,63.26180404499112
0.13086631967884702,6.421177331158205,63.02383917439525
0.05452893779004342,3.333648435089141,73.77872834952741
0.011961921766614127,2.0476348542314478,59.319844316778614
0.12169034465810882,0.7494366115314781,94.89925778183272
0.08757416071697915,3.5815565001824066,68.99810869529503
0.02487605792248889,0.6625743942502524,65.63334338121457
0.0210164918651619,6.565725670089778,52.58446753241766
0.013437803735174697,1.124668562231931,85.1290285313404
0.013770039885657677,2.7594816537751887,94.89657547107106
0.10536546801576557,6.7896385462655,94.7506200488564
0.10922435084657836,6.630885724415217,89.90156648592934
0.06380066349371531,7.899363542809005,50.761553750227044
0.13308428017272084,6.029290360646325,56.475784582727506
0.05298273468456936,6.677488782877271,81.61915436683351
0.0676925155735987,4.321041082706673,64.9696648593538
0.19968225824858482,5.332848897086917,88.97391517361746
0.21449392342093598,3.9664927838537087,81.6616773566469
0.02286474024383889,7.976266735256573,97.11111472852252
0.027942658624009277,0.7191232523203839,50.35057105346706
0.20348843212901416,0.42497423367956255,54.607695496918275
0.04017932431414008,7.06454496661693,86.34654182683562
0.03554681363429314,6.414654631445587,60.84448466216575
0.05034112094271167,5.892216237196312,90.46418513288084
0.13935814624227932,6.918646437857737,70.54665236240153
0.07168372807337411,5.735544357301568,50.15218482944002
0.011702398651548937,6.99329017577668,69.5293385796262
0.21490032340403506,7.783410754846383,91.31194799223485
0.056623375910438846,4.393325223532239,61.146494787966375
0.09214521606681111,2.6641415206917323,97.14717757482205
0.024981694833515235,4.302131512934869,73.78699230534488
0.30714312669796895,7.163355122963429,60.27745089173929
0.11987370448139222,5.0371008667291,50.76688054831664
0.13086631967884702,6.421177331158205,63.02383917439525
0.05452893779004342,3.333648435089141,73.77872834952741
0.011961921766614127,2.0476348542314478,59.319844316778614
0.12169034465810882,0.7494366115314781,94.89925778183272
0.08757416071697915,3.5815565001824066,68.99810869529503
0.02487605792248889,0.6625743942502524,65.63334338121457
0.0210164918651619,6.565725670089778,52.58446753241766
0.013437803735174697,1.124668562231931,85.1290285313404
0.013770039885657677,2.7594816537751887,94.89657547107106
0.10536546801576557,6.7896385462655,94.7506200488564
0.10922435084657836,6.630885724415217,89.90156648592934
0.06380066349371531,7.899363542809005,50.761553750227044
0.1357487122804497,6.161436051949338,56.25029623088415
0.05298273468456936,6.677488782877271,81.61915436683351
0.06743238378549624,4.051243005705478,66.56812143344435
0.23445150720350705,4.8339232984494895,88.61735442235232
0.19956369841047153,4.1893362492001405,80.76845192205298
0.06785898066989197,7.567773039559547,86.8508961672583
0.027942658624009277,0.7191232523203839,50.35057105346706
0.2216695148408635,0.26801625934373075,51.144115608842114
0.04017932431414008,7.06454496661693,86.34654182683562
0.03554681363429314,6.414654631445587,60.84448466216575
0.023691508656620813,6.196333028501876,92.19574301964742
0.1062366459638397,7.219349904071506,78.09948198494561
0.07168372807337411,5.735544357301568,50.15218482944002
0.011702398651548937,6.99329017577668,69.5293385796262
0.21490032340403506,7.783410754846383,91.31194799223485
0.056623375910438846,4.393325223532239,61.146494787966375
0.09214521606681111,2.6641415206917323,97.14717757482205
0.024981694833515235,4.302131512934869,73.78699230534488
0.30714312669796895,7.163355122963429,60.27745089173929
0.13692939055116038,4.789903548933878,50.984437351433186
0.22601619091077974,6.295972257014106,72.06622810887032
0.06508804455919541,1.6197900114052226,80.97360595924474
0.011961921766614127,2.0476348542314478,59.319844316778614
0.12169034465810882,0.7494366115314781,94.89925778183272
0.10361611081610801,2.8601964067104495,68.88578807608683
0.02487605792248889,0.6625743942502524,65.63334338121457
0.0210164918651619,6.565725670089778,52.58446753241766
0.013437803735174697,1.124668562231931,85.1290285313404
0.013770039885657677,2.7594816537751887,94.89657547107106
0.10536546801576557,6.7896385462655,94.7506200488564
0.08702208804301377,5.354605451506865,88.79534494330986
0.06380066349371531,7.899363542809005,50.761553750227044
0.16876106390380438,5.364012433218317,58.76872862477146
0.04894809642444374,5.717433810230322,76.580933944862
0.07856676370673388,4.138896843689688,67.61516954120194
0.2710028098227696,4.414243412170028,89.04459602295569
0.22526927848001835,3.2090391678731143,99.12777922581785
0.06748312115322883,7.210725195653374,83.8268558024303
0.027942658624009277,0.7191232523203839,50.35057105346706
0.2216695148408635,0.26801625934373075,51.144115608842114
0.04017932431414008,7.06454496661693,86.34654182683562
0.0365766822055505,6.559133873310818,66.51393023744713
0.023691508656620813,6.196333028501876,92.19574301964742
0.1062366459638397,7.219349904071506,78.09948198494561
0.07168372807337411,5.735544357301568,50.15218482944002
0.011702398651548937,6.99329017577668,69.5293385796262
0.21490032340403506,7.783410754846383,91.31194799223485
0.06502080991353873,4.871652004258784,64.01592046760412
0.09215375688065347,2.6632662632861432,97.15056402917526
0.018383810404212546,3.7424261295366197,71.94150012404913
0.35539490167300486,7.149906838129955,55.99712787395921
0.13692939055116038,4.789903548933878,50.984437351433186
0.16546631835246692,4.823001350424567,75.78697748205028
0.10545431811095751,1.2947050803880886,97.42656017344726
0.011961921766614127,2.0476348542314478,59.319844316778614
0.12169034465810882,0.7494366115314781,94.89925778183272
0.12478625102748489,1.908236437546691,68.73756150496718
0.02487605792248889,0.6625743942502524,65.63334338121457
0.01965519437090572,6.5302903313810035,50.186062846667106
0.023483573330245377,3.3560536327048833,85.58640185120692
0.024957968719683452,3.7002203266005496,89.07152104491698
0.10536546801576557,6.7896385462655,94.7506200488564
0.08702208804301377,5.354605451506865,88.79534494330986
0.05534747931179255,7.635866877080421,51.121720264198736
0.18026635508871722,6.103563415169259,51.74310121374949
0.04894809642444374,5.717433810230322,76.580933944862
0.07857728445698926,4.136456360938855,67.64186179018225
0.2710028098227696,4.414243412170028,89.04459602295569
0.21466840273903964,3.366139482288034,98.7632268522205
0.06748312115322883,7.210725195653374,83.8268558024303
0.027942658624009277,0.7191232523203839,50.35057105346706
0.2216695148408635,0.26801625934373075,51.144115608842114
0.04017932431414008,7.06454496661693,86.34654182683562
0.0365766822055505,6.559133873310818,66.51393023744713
0.030337771075634512,5.98330794845328,87.66407928698825
0.1062366459638397,7.219349904071506,78.09948198494561
0.07168372807337411,5.735544357301568,50.15218482944002
0.01846504061432787,6.582232024468889,71.54165920712012
0.21490032340403506,7.783410754846383,91.31194799223485
0.06502080991353873,4.871652004258784,64.01592046760412
0.056818039365597005,4.601718678947027,75.01343243977223
0.018383810404212546,3.7424261295366197,71.94150012404913
0.35539490167300486,7.149906838129955,55.99712787395921
0.12869377981998192,4.935098357181447,52.25889083027057
0.15829129425207658,5.00627950810164,74.17986087491784
0.10545431811095751,1.2947050803880886,97.42656017344726
0.011961921766614127,2.0476348542314478,59.319844316778614
0.11506271508506008,0.5497516276776935,96.22988236023477
0.12478625102748489,1.908236437546691,68.73756150496718
0.025184904029086203,1.566276327466512,69.70413651794286
0.010969955086054278,6.657351994407329,50.02095609147777
0.023483573330245377,3.3560536327048833,85.58640185120692
0.024957968719683452,3.7002203266005496,89.07152104491698
0.10536546801576557,6.7896385462655,94.7506200488564
0.07117151599508058,4.114588862774118,83.64937308501837
0.05534747931179255,7.635866877080421,51.121720264198736
0.12744803313262335,5.2862183123662,64.43800161706704
0.043073046190134204,5.818299619556898,80.16199947938256
0.07451149200732815,4.56633902764349,63.13621569243168
0.3192003316732693,3.6942321470823907,97.52010473718818
0.21466840273903964,3.366139482288034,98.7632268522205
0.06748312115322883,7.210725195653374,83.8268558024303
0.027942658624009277,0.7191232523203839,50.35057105346706
0.2216695148408635,0.26801625934373075,51.144115608842114
0.04017932431414008,7.06454496661693,86.34654182683562
0.0455224954505169,6.574382469766929,75.14591660849433
0.026733930011567,6.098817761752124,90.12130935385736
0.10627100343474175,7.236296838397311,77.44279526235168
0.0602672279843761,5.308631232108742,54.81931624124026
0.01846504061432787,6.582232024468889,71.54165920712012
0.20479600832043163,7.739925597833948,94.79257805237322
0.06502080991353873,4.871652004258784,64.01592046760412
0.050912436067193055,4.265456722562676,72.94726820747037
0.019077890737433247,3.7535863074074385,71.96296072474331
0.31343356886522694,6.52650097637922,56.403104057495874
0.12869377981998192,4.935098357181447,52.25889083027057
0.24795974554997324,7.925686025447286,79.92397982815015
0.10545431811095751,1.2947050803880886,97.42656017344726
0.019373737734497513,2.547991997519228,58.62929728445451
0.11506271508506008,0.5497516276776935,96.22988236023477
0.09860692210587184,3.2879853796641414,63.09007486327805
0.025184904029086203,1.566276327466512,69.70413651794286
0.010969955086054278,6.657351994407329,50.02095609147777
0.023483573330245377,3.3560536327048833,85.58640185120692
0.058036848632514675,4.971177577895009,91.40784832295664
0.10536546801576557,6.7896385462655,94.7506200488564
0.05231990366499575,2.639795906218832,77.52909766273878
0.05534747931179255,7.635866877080421,51.121720264198736
0.12744803313262335,5.2862183123662,64.43800161706704
0.04663638220953695,5.72516760495504,83.50755474751224
0.0979524298872982,5.992026192988961,60.015014117749885
0.3192003316732693,3.6942321470823907,97.52010473718818
0.21466840273903964,3.366139482288034,98.7632268522205
0.06796409335761028,7.667624864119414,87.69659780955729
0.027942658624009277,0.7191232523203839,50.35057105346706
0.1413675089568458,2.1478943288432104,61.39749368745064
0.037220433212889495,7.836194185175696,90.04043716564863
0.029362765980273042,6.516255678701357,69.85194990931029
0.028272740495932668,6.570192923371585,93.77101075281068
0.10627100343474175,7.236296838397311,77.44279526235168
0.0602672279843761,5.308631232108742,54.81931624124026
0.01846504061432787,6.582232024468889,71.54165920712012
0.16137377799430314,7.422167288558143,89.43637134239539
0.06502080991353873,4.871652004258784,64.01592046760412
0.050912436067193055,4.265456722562676,72.94726820747037
0.019077890737433247,3.7535863074074385,71.96296072474331
0.2066003509660756,5.46289101628163,68.4182197616314
0.12869377981998192,4.935098357181447,52.25889083027057
0.24795974554997324,7.925686025447286,79.92397982815015
0.10545431811095751,1.2947050803880886,97.42656017344726
0.02278613091371256,3.0734329203182966,60.78470366119862
0.1180572271883462,0.5158834740027984,97.11365629776387
0.09860692210587184,3.2879853796641414,63.09007486327805
0.025184904029086203,1.566276327466512,69.70413651794286
0.010969955086054278,6.657351994407329,50.02095609147777
0.06130801912774049,2.8562589845605695,87.41289002184239
0.033468829923486626,3.817441338535615,98.52093419068434
0.10536546801576557,6.7896385462655,94.7506200488564
0.05231990366499575,2.639795906218832,77.52909766273878
0.05534747931179255,7.635866877080421,51.121720264198736
0.12712740516912133,5.2749240470535685,64.49387112286836
0.045407041804574395,5.694016367877919,83.63257698674694
0.0970634425936108,6.041698368919086,60.835619026821746
0.2623501204643558,2.7959175176903175,97.40522792007842
0.18206250243737793,4.077093674538208,85.99911372430017
0.06796409335761028,7.667624864119414,87.69659780955729
0.028043153433850672,1.129361054585753,51.73059866273108
0.12952759111627316,2.041479867190695,60.387514479204484
0.037220433212889495,7.836194185175696,90.04043716564863
0.029362765980273042,6.516255678701357,69.85194990931029
0.028272740495932668,6.570192923371585,93.77101075281068
0.10627100343474175,7.236296838397311,77.44279526235168
0.0602672279843761,5.308631232108742,54.81931624124026
0.018372879341406835,7.007607789437419,71.47830328585347
0.1451692062253488,7.056756827970312,81.91902097194256
0.046465294248215216,4.081616820568179,62.59630759284874
0.050912436067193055,4.265456722562676,72.94726820747037
0.019077890737433247,3.7535863074074385,71.96296072474331
0.176801558543286,5.338450659570865,67.49165083881626
0.12869377981998192,4.935098357181447,52.25889083027057
0.24795974554997324,7.925686025447286,79.92397982815015
0.10385835776886906,2.2940185847032737,89.46758477138717
0.02278613091371256,3.0734329203182966,60.78470366119862
0.1180572271883462,0.5158834740027984,97.11365629776387
0.09860692210587184,3.2879853796641414,63.09007486327805
0.02302811743730008,3.289081407704827,70.26586365077944
0.01879018658502663,5.897539231647562,55.22338179179222
0.06130801912774049,2.8562589845605695,87.41289002184239
0.06418804859280747,4.143425629638427,91.87070608425672
0.11209421833833368,7.227982933821476,96.85252013234583
0.05231990366499575,2.639795906218832,77.52909766273878
0.05534747931179255,7.635866877080421,51.121720264198736
0.12529931539391928,7.737660840804139,67.62145738447563
0.047906618250003016,5.48764723498183,84.72899496256265
0.11627726255529072,6.781192255839931,55.79323611231689
0.19367513199989614,3.2732240500164664,89.46127930033977
0.19361038054795626,4.719609797809676,83.99381990447344
0.06796409335761028,7.667624864119414,87.69659780955729
0.028043153433850672,1.129361054585753,51.73059866273108
0.1294223963724907,2.1831944424465064,60.56748684156343
0.034992676028992954,7.4619733887166495,84.31672220217649
0.01280475416023314,5.802815617997577,81.78725048003562
0.028272740495932668,6.570192923371585,93.77101075281068
0.08593317444454211,6.144858943483718,75.79121241238458
0.0602672279843761,5.308631232108742,54.81931624124026
0.018372879341406835,7.007607789437419,71.47830328585347
0.13726128799854334,7.033221221501625,80.03937345881131
0.046465294248215216,4.081616820568179,62.59630759284874
0.050912436067193055,4.265456722562676,72.94726820747037
0.019077890737433247,3.7535863074074385,71.96296072474331
0.22995903884296898,6.732377055137212,70.48388533043003
0.12869377981998192,4.935098357181447,52.25889083027057
0.24795974554997324,7.925686025447286,79.92397982815015
0.10385835776886906,2.2940185847032737,89.46758477138717
0.02278613091371256,3.0734329203182966,60.78470366119862
0.11685361279509672,0.5605376809760725,97.09581736886909
0.0987841218360621,3.248041612577699,62.91249217763897
0.02302811743730008,3.289081407704827,70.26586365077944
0.019064463269348925,5.901879850141778,54.00611805719487
0.0726213538465903,0.8617112799365874,89.46848632227125
0.03328780886447483,3.660836851154352,95.85727748207994
0.11984708427557238,7.578913848478084,96.95043073243596
0.0249166869015867,0.2967996638971586,92.12305823354706
0.05534747931179255,7.635866877080421,51.121720264198736
0.12064553636912115,7.5638363874635655,66.70531985455604
0.04623872358940265,5.5129848371258054,84.67484779746934
0.09386529018361892,6.191958608114203,55.40352977826427
0.22543163626288068,3.196477164220951,88.19487906649475
0.19361038054795626,4.719609797809676,83.99381990447344
0.07224652569190367,7.517926601028065,87.75671288900834
0.028043153433850672,1.129361054585753,51.73059866273108
0.10073388048029877,3.0736391268751944,65.78765348892924
0.033490505731515095,7.111944857194603,83.15067106082881
0.01280475416023314,5.802815617997577,81.78725048003562
0.014171083796711004,6.2662705999909045,95.6996953858082
0.08593317444454211,6.144858943483718,75.79121241238458
0.0665450415725543,5.051567101005242,54.129175204374185
0.013269298068019379,7.233104115528246,59.98595580889364
0.1385755160095407,7.062658615387968,80.46985998761872
0.046465294248215216,4.081616820568179,62.59630759284874
0.050912436067193055,4.265456722562676,72.94726820747037
0.019077890737433247,3.7535863074074385,71.96296072474331
0.2643652022912486,7.68712256180052,73.67941719744456
0.12869377981998192,4.935098357181447,52.25889083027057
0.24795974554997324,7.925686025447286,79.92397982815015
0.14456361348793928,2.020922417212907,98.89664466668259
0.02376789951655365,3.210996462114042,60.49335166947617
0.11685361279509672,0.5605376809760725,97.09581736886909
0.11074879133424288,2.641765793415054,58.49164309139961
0.025367040941707667,2.281826285242677,61.62134604995109
0.019064463269348925,5.901879850141778,54.00611805719487
0.0726213538465903,0.8617112799365874,89.46848632227125
0.03328780886447483,3.660836851154352,95.85727748207994
0.09783750050476406,7.598348269118773,81.31202732321799
0.0249166869015867,0.2967996638971586,92.12305823354706
0.05534747931179255,7.635866877080421,51.121720264198736
0.12064553636912115,7.5638363874635655,66.70531985455604
0.04751078623395924,5.809451119033939,79.98906178630179
0.09386529018361892,6.191958608114203,55.40352977826427
0.18234116817472268,4.016321752610383,82.4656072373139
0.18955657003546275,4.813079522281008,84.11950852202921
0.07224652569190367,7.517926601028065,87.75671288900834
0.028043153433850672,1.129361054585753,51.73059866273108
0.10073388048029877,3.0736391268751944,65.78765348892924
0.033490505731515095,7.111944857194603,83.15067106082881
0.01280475416023314,5.802815617997577,81.78725048003562
0.014171083796711004,6.2662705999909045,95.6996953858082
0.0990441431189777,6.76348767709189,70.79389597913007
0.0665450415725543,5.051567101005242,54.129175204374185
0.013269298068019379,7.233104115528246,59.98595580889364
0.1385755160095407,7.062658615387968,80.46985998761872
0.046553696180084016,4.073224315531664,62.60325903781536
0.06734831264663849,4.840962417473836,74.52777067332904
0.019077890737433247,3.7535863074074385,71.96296072474331
0.26227538852593796,7.62262269009743,73.84038614250974
0.12869377981998192,4.935098357181447,52.25889083027057
0.24795974554997324,7.925686025447286,79.92397982815015
0.14456361348793928,2.020922417212907,98.89664466668259
0.02376789951655365,3.210996462114042,60.49335166947617
0.11706159590974421,0.5441925360093123,97.13060919783905
0.1173227101898929,1.2594293172581859,59.69405994537388
0.025367040941707667,2.281826285242677,61.62134604995109
0.019064463269348925,5.901879850141778,54.00611805719487
0.07300969519779543,0.8922664505920221,89.14136358656039
0.03328780886447483,3.660836851154352,95.85727748207994
0.09465434561465355,7.551316648437572,81.91741142322462
0.029565412159172563,0.7946491758168452,90.19535321967045
0.05534747931179255,7.635866877080421,51.121720264198736
0.09662069110642323,5.740045192091093,73.0843501560755
0.03848802220107406,5.838768181618181,71.74764617560487
0.08861410275545945,7.296156588720924,54.44304997836987
0.18234116817472268,4.016321752610383,82.4656072373139
0.14608125174981446,3.9616898018400883,75.14676477466259
0.07224652569190367,7.517926601028065,87.75671288900834
0.028043153433850672,1.129361054585753,51.73059866273108
0.10073388048029877,3.0736391268751944,65.78765348892924
0.033490505731515095,7.111944857194603,83.15067106082881
0.01280475416023314,5.802815617997577,81.78725048003562
0.011645459478125182,6.324847129762434,97.70434657439793
0.09538835740176682,6.866409776421784,73.10799811718597
0.046408900338485846,4.500947901850459,61.69448337346143
0.013269298068019379,7.233104115528246,59.98595580889364
0.1385755160095407,7.062658615387968,80.46985998761872
0.01753437455963111,3.5957520137406087,61.091617802319085
0.06734831264663849,4.840962417473836,74.52777067332904
0.019077890737433247,3.7535863074074385,71.96296072474331
0.26227538852593796,7.62262269009743,73.84038614250974
0.12869377981998192,4.935098357181447,52.25889083027057
0.24795974554997324,7.925686025447286,79.92397982815015
0.14456361348793928,2.020922417212907,98.89664466668259
0.02754189402107863,2.774380841379024,51.26389313704538
0.11706159590974421,0.5441925360093123,97.13060919783905
0.1173227101898929,1.2594293172581859,59.69405994537388
0.027242110972300018,1.7562769413429562,58.61134606392922
0.019064463269348925,5.901879850141778,54.00611805719487
0.07300969519779543,0.8922664505920221,89.14136358656039
0.03328780886447483,3.660836851154352,95.85727748207994
0.09465434561465355,7.551316648437572,81.91741142322462
0.029565412159172563,0.7946491758168452,90.19535321967045
0.05534747931179255,7.635866877080421,51.121720264198736
0.10034910645394404,4.754869175847558,84.51732646970012
0.018237270388679658,5.473031937445624,71.2634987720913
0.09008769858236206,7.466287294726746,53.051295406865854
0.20031116302340804,2.765508500134179,83.28505276187602
0.15343732048878653,4.193457726814409,75.06405999037767
0.07814030642364603,7.898834477702021,90.39921867359772
0.028043153433850672,1.129361054585753,51.73059866273108
0.1059928709741198,0.9037630925469893,72.07914716446497
0.023560254049934476,7.892351495334229,81.48951881431182
0.01280475416023314,5.802815617997577,81.78725048003562
0.011645459478125182,6.324847129762434,97.70434657439793
0.09884190728136874,5.983594273419695,70.9959820934751
0.04506451589629761,4.467771966599394,61.38952791445556
0.01569823310774012,6.799665024183776,64.33838297088431
0.14385020286955497,7.0187503719527875,83.45255440424725
0.012087662624729933,3.6299324870593708,60.7841886494901
0.06734831264663849,4.840962417473836,74.52777067332904
0.019077890737433247,3.7535863074074385,71.96296072474331
0.26227538852593796,7.62262269009743,73.84038614250974
0.11312263701642444,5.647579204004288,62.05107053909597
0.19263083951420099,6.917140750155102,77.99951762784971
0.087486000833217,1.5841905841054265,75.7923306001343
0.02754189402107863,2.774380841379024,51.26389313704538
0.11706159590974421,0.5441925360093123,97.13060919783905
0.11752281602140308,1.2499748291796564,59.705643607578196
0.027242110972300018,1.7562769413429562,58.61134606392922
0.019064463269348925,5.901879850141778,54.00611805719487
0.07300969519779543,0.8922664505920221,89.14136358656039
0.02465057726836286,4.564059878691747,89.9242717104828
0.09465434561465355,7.551316648437572,81.91741142322462
0.029565412159172563,0.7946491758168452,90.19535321967045
0.04460617460132742,6.560995708167328,64.69931281859937
0.13739887071626258,3.8599084843543277,93.34919163706992
0.018237270388679658,5.473031937445624,71.2634987720913
0.07456840959381025,7.035755331378686,56.98502905673798
0.1894865051927372,2.824524176664786,82.60880953852387
0.12231616181275326,4.272231889903989,71.13717737295786
0.10494011538932156,7.902017741209997,94.77404507602483
0.029002266840055448,1.1243039475833299,52.528551201825174
0.1059928709741198,0.9037630925469893,72.07914716446497
0.023560254049934476,7.892351495334229,81.48951881431182
0.01280475416023314,5.802815617997577,81.78725048003562
0.011645459478125182,6.324847129762434,97.70434657439793
0.10544857703827015,5.997476007439753,70.16733605043697
0.04506451589629761,4.467771966599394,61.38952791445556
0.01569823310774012,6.799665024183776,64.33838297088431
0.12927533595481103,6.277542769065057,79.46019568808215
0.023318181904075766,4.163309617293049,63.65867817965689
0.06734831264663849,4.840962417473836,74.52777067332904
0.019077890737433247,3.7535863074074385,71.96296072474331
0.2088136380473929,5.775684756430054,74.43741533815495
0.11312263701642444,5.647579204004288,62.05107053909597
0.18732441831924895,6.5184825955598855,76.70966393607526
0.087486000833217,1.5841905841054265,75.7923306001343
0.02754189402107863,2.774380841379024,51.26389313704538
0.11706159590974421,0.5441925360093123,97.13060919783905
0.11752281602140308,1.2499748291796564,59.705643607578196
0.027242110972300018,1.7562769413429562,58.61134606392922
0.019064463269348925,5.901879850141778,54.00611805719487
0.073914293455626,0.2613280781949987,91.47638167984445
0.02465057726836286,4.564059878691747,89.9242717104828
0.09812875775849614,7.640497082898085,86.23014905114279
0.029565412159172563,0.7946491758168452,90.19535321967045
0.07233356648800715,4.005713945245574,68.03266631467196
0.12340614033168434,3.9472978390804934,92.92413880783442
0.018237270388679658,5.473031937445624,71.2634987720913
0.07456840959381025,7.035755331378686,56.98502905673798
0.21730109215654048,1.796261577653421,90.0967096781363
0.12243456001330183,4.254519570556811,71.25419219838705
0.10494011538932156,7.902017741209997,94.77404507602483
0.029002266840055448,1.1243039475833299,52.528551201825174
0.11151416521503377,0.5807945560464112,73.04783461921825
0.03941395894177653,6.787579475269608,78.96898001685122
0.01280475416023314,5.802815617997577,81.78725048003562
0.011645459478125182,6.324847129762434,97.70434657439793
0.15204131056627415,7.177805574608337,76.94034978461006
0.04506451589629761,4.467771966599394,61.38952791445556
0.015561946794637835,6.7527122269621564,65.16024546367399
0.10542050134794162,5.914129332799808,77.10174355796568
0.020397004514306934,4.618849711003525,68.69573905104309
0.02901547429583047,5.452058159818012,61.9481714440484
0.011701144027244675,5.707920745908281,86.40847498480494
0.21019197631709838,5.1294378149886555,76.98043994692617
0.09694850421500882,4.9965286555812005,64.42295896864844
0.2050572810775749,7.231806981767837,72.21127839359914
0.06879980736368611,2.241273042949409,62.31056628899402
0.02754189402107863,2.774380841379024,51.26389313704538
0.11706159590974421,0.5441925360093123,97.13060919783905
0.11752281602140308,1.2499748291796564,59.705643607578196
0.027242110972300018,1.7562769413429562,58.61134606392922
0.019064463269348925,5.901879850141778,54.00611805719487
0.06941752126803333,0.15938196877393418,94.752479170356
0.02555687312371517,3.847686044476691,82.13612737101242
0.09812875775849614,7.640497082898085,86.23014905114279
0.029565412159172563,0.7946491758168452,90.19535321967045
0.026701632016922577,1.6359194512159103,50.9762067783613
0.12900167675192087,6.948648038376883,89.21426514274947
0.018237270388679658,5.473031937445624,71.2634987720913
0.07290366660262171,6.953325115771838,58.083541768295085
0.15868841790904323,2.944618800685584,87.71505517066078
0.13864515423545473,3.7825592059684636,75.59924860101786
0.10494011538932156,7.902017741209997,94.77404507602483
0.029002266840055448,1.1243039475833299,52.528551201825174
0.09709244750980121,0.7819582191439187,70.57727703675431
0.03939172429820116,6.787546972316239,78.95610763153115
0.01280475416023314,5.802815617997577,81.78725048003562
0.011645459478125182,6.324847129762434,97.70434657439793
0.15204131056627415,7.177805574608337,76.94034978461006
0.04506451589629761,4.467771966599394,61.38952791445556
0.015561946794637835,6.7527122269621564,65.16024546367399
0.10261842945609176,5.738498016986055,76.20070400847104
0.020397004514306934,4.618849711003525,68.69573905104309
0.031679163535661,5.194539212234448,61.31220686131295
0.011701144027244675,5.707920745908281,86.40847498480494
0.17904973945560512,3.596159480663905,83.71853487219455
0.09694850421500882,4.9965286555812005,64.42295896864844
0.2050572810775749,7.231806981767837,72.21127839359914
0.06901443657676981,1.5179047654481124,73.58274615034057
0.02754189402107863,2.774380841379024,51.26389313704538
0.11706159590974421,0.5441925360093123,97.13060919783905
0.11752281602140308,1.2499748291796564,59.705643607578196
0.023326998209100853,3.4310485678100857,60.80649325833963
0.019064463269348925,5.901879850141778,54.00611805719487
0.06941752126803333,0.15938196877393418,94.752479170356
0.03551504899703875,2.320918281094655,82.40856659844076
0.09812875775849614,7.640497082898085,86.23014905114279
0.02894911171987602,0.7777674869797631,90.27782119692513
0.026701632016922577,1.6359194512159103,50.9762067783613
0.10165708491400306,6.0384269419110055,81.86341309460153
0.022609052728034103,5.20764065101101,62.79457757133521
0.07290366660262171,6.953325115771838,58.083541768295085
0.2548932440701854,4.551391336128022,85.81470232239629
0.13864515423545473,3.7825592059684636,75.59924860101786
0.11058699251384667,4.4743230163371255,95.87186707965952
0.029056646997419673,1.13429538813702,52.77804211064839
0.09709244750980121,0.7819582191439187,70.57727703675431
0.03939172429820116,6.787546972316239,78.95610763153115
0.0123892615089384,5.796240159019439,83.6312429348171
0.011645459478125182,6.324847129762434,97.70434657439793
0.15204131056627415,7.177805574608337,76.94034978461006
0.04506451589629761,4.467771966599394,61.38952791445556
0.015561946794637835,6.7527122269621564,65.16024546367399
0.16543701414146655,6.716449783888491,90.39238510180797
0.020397004514306934,4.618849711003525,68.69573905104309
0.031306779450299346,4.628327285296055,60.09030928705856
0.011701144027244675,5.707920745908281,86.40847498480494
0.1508360401055677,4.002777532277422,78.47869521341592
0.09694850421500882,4.9965286555812005,64.42295896864844
0.2593641973541908,7.433994436171123,60.070427156853995
0.0616973639870692,0.6067111703725656,75.98206831790426
0.02754189402107863,2.774380841379024,51.26389313704538
0.11789470015002611,0.6168327061044789,96.63331199835152
0.11752281602140308,1.2499748291796564,59.705643607578196
0.023326998209100853,3.4310485678100857,60.80649325833963
0.020553949458583683,5.610150804737956,57.69915196804347
0.06941752126803333,0.15938196877393418,94.752479170356
0.03551504899703875,2.320918281094655,82.40856659844076
0.08940023139619314,7.03877005258076,81.90634331198163
0.02894911171987602,0.7777674869797631,90.27782119692513
0.026701632016922577,1.6359194512159103,50.9762067783613
0.10165708491400306,6.0384269419110055,81.86341309460153
0.044238058633907756,4.598795109841831,68.32735779646124
0.07290366660262171,6.953325115771838,58.083541768295085
0.2548932440701854,4.551391336128022,85.81470232239629
0.14866154244619087,3.299460581012843,78.26794573184418
0.11058699251384667,4.4743230163371255,95.87186707965952
0.02909910728095875,1.1172097907991678,52.699993862502325
0.09709244750980121,0.7819582191439187,70.57727703675431
0.05080550811441395,7.206566591038114,76.97995515685878
0.0123892615089384,5.796240159019439,83.6312429348171
0.01164025408942032,6.382517375477357,98.76028405281522
0.15204131056627415,7.177805574608337,76.94034978461006
0.04506451589629761,4.467771966599394,61.38952791445556
0.015561946794637835,6.7527122269621564,65.16024546367399
0.16543701414146655,6.716449783888491,90.39238510180797
0.017429909554754534,5.9514868531929555,61.20798362276777
0.03025725176517701,4.721941740866066,62.15397881458864
0.024821975081531528,5.793995252208269,86.74848809652586
0.11060103390947904,2.730711030014585,85.30325390944432
0.09470281188657102,4.940133594752673,63.571438894642
0.2593641973541908,7.433994436171123,60.070427156853995
0.0616973639870692,0.6067111703725656,75.98206831790426
0.02754189402107863,2.774380841379024,51.26389313704538
0.11789470015002611,0.6168327061044789,96.63331199835152
0.11752281602140308,1.2499748291796564,59.705643607578196
0.023326998209100853,3.4310485678100857,60.80649325833963
0.020553949458583683,5.610150804737956,57.69915196804347
0.06941752126803333,0.15938196877393418,94.752479170356
0.03551504899703875,2.320918281094655,82.40856659844076
0.1290665034899635,7.005678274058874,83.27643632489149
0.02894911171987602,0.7777674869797631,90.27782119692513
0.026701632016922577,1.6359194512159103,50.9762067783613
0.10165708491400306,6.0384269419110055,81.86341309460153
0.044238058633907756,4.598795109841831,68.32735779646124
0.07146244186123188,6.7635931427550275,57.92788049603781
0.3654373518943066,6.808484755445984,91.4408044583221
0.17968833926582356,2.246304774787334,78.22502223880552
0.10559213972834547,4.270146376145767,96.3708496690555
0.029804952991239565,1.2795368902877486,53.42861155461436
0.09709244750980121,0.7819582191439187,70.57727703675431
0.042518257827697595,6.902327391197999,78.41478784915677
0.0123892615089384,5.796240159019439,83.6312429348171
0.01164025408942032,6.382517375477357,98.76028405281522
0.15204131056627415,7.177805574608337,76.94034978461006
0.037872697891422585,4.285582281854941,60.344079870686784
0.028009557815446097,5.094484445758645,68.08003788396775
0.16543701414146655,6.716449783888491,90.39238510180797
0.017429909554754534,5.9514868531929555,61.20798362276777
0.030816986330021324,5.123405288331023,64.39882385612512
0.024821975081531528,5.793995252208269,86.74848809652586
0.11844554369428076,1.852020026382113,90.96745046971421
0.09470281188657102,4.940133594752673,63.571438894642
0.2269169342427925,7.186117737110937,70.5451855158313
0.053851557331979674,0.6476927402066397,79.4070362265001
0.02754189402107863,2.774380841379024,51.26389313704538
0.11792245157470323,0.6220842517778875,96.6215462507848
0.11052796708809762,1.7771074893973449,61.45043940123233
0.023326998209100853,3.4310485678100857,60.80649325833963
0.020553949458583683,5.610150804737956,57.69915196804347
0.06102535057643129,1.2197263416849191,93.24625567833444
0.04559614452123999,0.8059406031784375,81.87557212426198
0.0776328716794136,6.3442152140538175,71.1531143916207
0.02894911171987602,0.7777674869797631,90.27782119692513
0.026701632016922577,1.6359194512159103,50.9762067783613
0.1043031276099097,6.187147592894171,81.84160397689017
0.06479505654377518,5.746769566236391,75.72088033667406
0.07146244186123188,6.7635931427550275,57.92788049603781
0.5845919934284955,7.436835701722546,96.2885906461889
0.21349841834310723,0.47884661708532494,76.60299436532526
0.10559213972834547,4.270146376145767,96.3708496690555
0.029804952991239565,1.2795368902877486,53.42861155461436
0.08844143780461367,1.34334684085265,69.5598119856046
0.042518257827697595,6.902327391197999,78.41478784915677
0.0123892615089384,5.796240159019439,83.6312429348171
0.01164025408942032,6.382517375477357,98.76028405281522
0.15204131056627415,7.177805574608337,76.94034978461006
0.042998373713725425,4.432304309405081,62.002797720586145
0.027280789007317913,5.086977003320801,69.03562907555381
0.16543701414146655,6.716449783888491,90.39238510180797
0.017429909554754534,5.9514868531929555,61.20798362276777
0.027236759150432176,5.358477002322335,70.81398532279557
0.024821975081531528,5.793995252208269,86.74848809652586
0.13163938748854748,3.2178110041480696,90.80598877116671
0.11419300726265258,4.685044527221664,64.16756255017205
0.2269169342427925,7.186117737110937,70.5451855158313
0.024402847040623538,0.27358064077777766,79.68365477116575
0.02754189402107863,2.774380841379024,51.26389313704538
0.11792245157470323,0.6220842517778875,96.6215462507848
0.11052796708809762,1.7771074893973449,61.45043940123233
0.016310649230216884,3.5753396186865603,59.371519321610215
0.02367403901986652,5.269246375070268,54.1947572243063
0.06102535057643129,1.2197263416849191,93.24625567833444
0.06385015265597627,1.8381918134400448,77.16337191717757
0.04348694981093362,7.818307967956092,69.78344282775221
0.02894911171987602,0.7777674869797631,90.27782119692513
0.026729933641403067,1.674264998902902,50.98589660278674
0.1170674716692508,7.028006202356987,86.70982004916007
0.06479505654377518,5.746769566236391,75.72088033667406
0.059432043248141095,6.701751362822205,55.089325080251015
0.46574588956752866,6.012531821084337,95.00295097767581
0.21349841834310723,0.47884661708532494,76.60299436532526
0.10559213972834547,4.270146376145767,96.3708496690555
0.029804952991239565,1.2795368902877486,53.42861155461436
0.13574438789194887,1.1191876066541224,83.79794147671205
0.042518257827697595,6.902327391197999,78.41478784915677
0.017799674949504754,4.717252184186471,72.07412609448781
0.01164025408942032,6.382517375477357,98.76028405281522
0.15204131056627415,7.177805574608337,76.94034978461006
0.042998373713725425,4.432304309405081,62.002797720586145
0.027280789007317913,5.086977003320801,69.03562907555381
0.1257107939597126,6.333689643368111,84.60112822833543
0.017429909554754534,5.9514868531929555,61.20798362276777
0.03498296127270709,5.43856030991092,71.82600671908557
0.03397401078431135,5.7923427193830515,89.04317130045379
0.12845491068408496,2.5997069750629143,92.97023601215086
0.13599978182361297,4.3840359992136895,57.40536387033057
0.21772735262322387,7.115915108624757,73.51180388837645
0.024402847040623538,0.27358064077777766,79.68365477116575
0.02754189402107863,2.774380841379024,51.26389313704538
0.10249427989323177,0.7841403953314778,95.70630520136477
0.11052796708809762,1.7771074893973449,61.45043940123233
0.013946268417836522,3.7439559742052677,61.078321741261405
0.022156302375800067,6.256917758571641,54.38442019511518
0.06102535057643129,1.2197263416849191,93.24625567833444
0.06385015265597627,1.8381918134400448,77.16337191717757
0.04344265746507881,7.511346481368481,69.07808080527631
0.02894911171987602,0.7777674869797631,90.27782119692513
0.026729933641403067,1.674264998902902,50.98589660278674
0.1170674716692508,7.028006202356987,86.70982004916007
0.01789171216965217,4.597132936200149,65.86065056913817
0.059432043248141095,6.701751362822205,55.089325080251015
0.46574588956752866,6.012531821084337,95.00295097767581
0.21349841834310723,0.47884661708532494,76.60299436532526
0.10187476509306923,4.465968902304452,93.04635721532408
0.029804952991239565,1.2795368902877486,53.42861155461436
0.14996454183736882,0.0741726157879814,83.7723578880712
0.045577072075022,7.745430689289584,83.9601621900436
0.01597376814353726,5.946014664193149,69.96994192221116
0.01164025408942032,6.382517375477357,98.76028405281522
0.15204131056627415,7.177805574608337,76.94034978461006
0.03770752260375018,3.701651521453119,64.22860336407301
0.03050787518704221,4.350220345757249,78.26205839308197
0.13696676990416154,6.172561926074884,86.72500091858277
0.015108979465669725,6.827707554902689,62.66699900318502
0.04713460973724708,4.947159105401318,57.8046737504635
0.037346119371490676,5.659779160960107,98.93282741509016
0.12845491068408496,2.5997069750629143,92.97023601215086
0.20851231772147488,2.189072145879684,59.598739945306924
0.20438181820368886,7.068422641796116,75.14681385975608
0.024402847040623538,0.27358064077777766,79.68365477116575
0.02754189402107863,2.774380841379024,51.26389313704538
0.0913261601287281,2.056421158502192,90.67025052677187
0.11052796708809762,1.7771074893973449,61.45043940123233
0.013946268417836522,3.7439559742052677,61.078321741261405
0.022156302375800067,6.256917758571641,54.38442019511518
0.046738563110131116,2.3383959458594683,84.1755550770696
0.06385015265597627,1.8381918134400448,77.16337191717757
0.04344265746507881,7.511346481368481,69.07808080527631
0.07981513616670592,2.6132100580181374,85.91417407095858
0.026729933641403067,1.674264998902902,50.98589660278674
0.12848431988712883,7.150199105905157,88.60031016967031
0.02136501600396771,5.348212662551033,70.07069184704973
0.059432043248141095,6.701751362822205,55.089325080251015
0.46574588956752866,6.012531821084337,95.00295097767581
0.21835946573738121,0.3366773693720315,76.06941359242086
0.10187705555893099,4.46592025363554,93.04621217597924
0.035244278815772426,2.2750174100037244,53.73350690170442
0.14996454183736882,0.0741726157879814,83.7723578880712
0.045577072075022,7.745430689289584,83.9601621900436
0.01597376814353726,5.946014664193149,69.96994192221116
0.01164025408942032,6.382517375477357,98.76028405281522
0.16360106702698932,7.948666327263532,69.43709070049988
0.03770752260375018,3.701651521453119,64.22860336407301
0.03050787518704221,4.350220345757249,78.26205839308197
0.13696676990416154,6.172561926074884,86.72500091858277
0.015108979465669725,6.827707554902689,62.66699900318502
0.04713460973724708,4.947159105401318,57.8046737504635
0.037346119371490676,5.659779160960107,98.93282741509016
0.12845491068408496,2.5997069750629143,92.97023601215086
0.20851231772147488,2.189072145879684,59.598739945306924
0.2029484247628811,7.056334565175469,75.35093020166111
0.024402847040623538,0.27358064077777766,79.68365477116575
0.023449848936114737,2.6187617160901038,50.717325477367034
0.09856416226318104,1.2318624079126925,93.93409218074298
0.11052796708809762,1.7771074893973449,61.45043940123233
0.013946268417836522,3.7439559742052677,61.078321741261405
0.022156302375800067,6.256917758571641,54.38442019511518
0.046738563110131116,2.3383959458594683,84.1755550770696
0.05565113362273982,1.9633948189639254,70.44790116172604
0.04344265746507881,7.511346481368481,69.07808080527631
0.07981513616670592,2.6132100580181374,85.91417407095858
0.026729933641403067,1.674264998902902,50.98589660278674
0.12848431988712883,7.150199105905157,88.60031016967031
0.02497599501368305,4.954054857466289,73.30587813465701
0.059432043248141095,6.701751362822205,55.089325080251015
0.478039287600466,6.2437127122231235,95.44015903948458
0.21835946573738121,0.3366773693720315,76.06941359242086
0.10187705555893099,4.46592025363554,93.04621217597924
0.03669570221833928,2.3774264726812637,54.20188653716808
0.14996454183736882,0.0741726157879814,83.7723578880712
0.045577072075022,7.745430689289584,83.9601621900436
0.01597376814353726,5.946014664193149,69.96994192221116
0.01164025408942032,6.382517375477357,98.76028405281522
0.09051787555258156,7.3969652505207435,66.10506193088722
0.03770752260375018,3.701651521453119,64.22860336407301
0.03050787518704221,4.350220345757249,78.26205839308197
0.112050461445462,5.019349744720808,84.87800194205388
0.015108979465669725,6.827707554902689,62.66699900318502
0.04713460973724708,4.947159105401318,57.8046737504635
0.0351584168796842,5.733257553656879,99.07600104171725
0.12845491068408496,2.5997069750629143,92.97023601215086
0.18998634627857433,2.0277848537325274,65.38415537446261
0.2029484247628811,7.056334565175469,75.35093020166111
0.026467026899869257,1.0582549700397212,78.53386327177081
0.023449848936114737,2.6187617160901038,50.717325477367034
0.09702369125511663,2.4121785627251295,88.60619176849725
0.10923425003312452,2.1404494470882307,61.751375783276785
0.013946268417836522,3.7439559742052677,61.078321741261405
0.022751981141166017,4.581545285649688,52.69572144938404
0.051107815623014544,2.321415303666697,97.21591558782178
0.055435897506889306,1.6936540531008157,71.32221993373861
0.04344265746507881,7.511346481368481,69.07808080527631
0.07504722643238027,2.484992044542825,82.86245310612692
0.026729933641403067,1.674264998902902,50.98589660278674
0.12848431988712883,7.150199105905157,88.60031016967031
0.02497599501368305,4.954054857466289,73.30587813465701
0.059432043248141095,6.701751362822205,55.089325080251015
0.31173865664804795,4.393479661024049,80.24929844690486
0.21835946573738121,0.3366773693720315,76.06941359242086
0.11443275533317468,5.732604380335893,90.9482358440884
0.03669570221833928,2.3774264726812637,54.20188653716808
0.14996454183736882,0.0741726157879814,83.7723578880712
0.07856400262266322,5.321277121244136,83.90081514887271
0.01597376814353726,5.946014664193149,69.96994192221116
0.01164025408942032,6.382517375477357,98.76028405281522
0.09051787555258156,7.3969652505207435,66.10506193088722
0.035850604323568805,3.868929061046407,67.84808327318575
0.04707868411632836,4.050972083964845,80.96630232423435
0.16532860223599166,4.025493038150056,97.08496347708177
0.015108979465669725,6.827707554902689,62.66699900318502
0.047184375850188386,4.952051503868908,57.81956559495266
0.0351584168796842,5.733257553656879,99.07600104171725
0.12636811100072493,2.619103351730676,93.90580047255536
0.21561976583905884,1.721594859518147,64.97439384353106
0.2029484247628811,7.056334565175469,75.35093020166111
0.026467026899869257,1.0582549700397212,78.53386327177081
0.023449848936114737,2.6187617160901038,50.717325477367034
0.10171565904443591,2.1730701012226294,91.50450321548398
0.10923425003312452,2.1404494470882307,61.751375783276785
0.013946268417836522,3.7439559742052677,61.078321741261405
0.020789239801808135,6.016011686029812,53.539357442844945
0.051107815623014544,2.321415303666697,97.21591558782178
0.055435897506889306,1.6936540531008157,71.32221993373861
0.04344265746507881,7.511346481368481,69.07808080527631
0.08502979445481867,2.5532024092710115,76.87715895156151
0.026729933641403067,1.674264998902902,50.98589660278674
0.12848431988712883,7.150199105905157,88.60031016967031
0.02497599501368305,4.954054857466289,73.30587813465701
0.04838512469029077,6.676747926180103,65.15061608618959
0.3409254033326802,5.204804305073921,84.88756224227629
0.21835946573738121,0.3366773693720315,76.06941359242086
0.11443275533317468,5.732604380335893,90.9482358440884
0.018439274740020634,2.582512986823109,52.00429405047193
0.20979596081337515,1.6816903647628374,84.12177115756438
0.06800970999111111,5.545470922473799,85.45708589091973
0.01597376814353726,5.946014664193149,69.96994192221116
0.01799150075682116,6.607955434738739,92.83246179893683
0.09051787555258156,7.3969652505207435,66.10506193088722
0.035850604323568805,3.868929061046407,67.84808327318575
0.04952545666054261,3.9510006223433836,81.81431296660679
0.17796857002412642,2.953517102512577,99.9957473942092
0.015108979465669725,6.827707554902689,62.66699900318502
0.04425929009222476,5.117970790313011,61.3278094285517
0.0351584168796842,5.733257553656879,99.07600104171725
0.14849618500630896,2.9930996601336997,96.82972333870254
0.21561976583905884,1.721594859518147,64.97439384353106
0.17111031443978802,6.063511349615315,79.93560501876593
0.02670597401935961,0.9346697535250137,80.7368097535542
0.023449848936114737,2.6187617160901038,50.717325477367034
0.0690346333656898,3.611150097492373,83.29647860567677
0.12241619266869207,1.536378038990898,61.837307769928586
0.013946268417836522,3.7439559742052677,61.078321741261405
0.045414363662611944,5.807617252038758,60.68996774266257
0.051107815623014544,2.321415303666697,97.21591558782178
0.055435897506889306,1.6936540531008157,71.32221993373861
0.03118261953956475,7.818536445508094,65.30109023525472
0.12226433684103317,1.9594845533445233,85.21623684985278
0.026623237209220562,1.7345054532211384,51.49684396194076
0.12848431988712883,7.150199105905157,88.60031016967031
0.020379148527928135,4.602284402184501,61.671976055002325
0.04838512469029077,6.676747926180103,65.15061608618959
0.3409254033326802,5.204804305073921,84.88756224227629
0.12504898098278577,2.3471088385935497,69.2837295669768
0.11443275533317468,5.732604380335893,90.9482358440884
0.05276311943495895,3.7088733093959485,65.92925855507329
0.18674991165714278,1.8957592836199473,81.80067212688067
0.0938358531898077,5.3978418957781,74.75053465403546
0.01597376814353726,5.946014664193149,69.96994192221116
0.01799150075682116,6.607955434738739,92.83246179893683
0.09051787555258156,7.3969652505207435,66.10506193088722
0.04185323004824722,3.241667893279011,67.20730104831806
0.012319353546468625,2.7361316564663363,87.7455545003834
0.17796857002412642,2.953517102512577,99.9957473942092
0.015108979465669725,6.827707554902689,62.66699900318502
0.04425929009222476,5.117970790313011,61.3278094285517
0.033920264100205905,5.800845301036529,96.82756353491075
0.10917264503333182,2.8753809522641847,82.32867694633033
0.13570097265526107,3.4831494638381484,60.28378232723867
0.20687906645154286,5.4716942690161465,86.07391368306364
0.02670597401935961,0.9346697535250137,80.7368097535542
0.023449848936114737,2.6187617160901038,50.717325477367034
0.07153155204071328,3.9632292710448525,85.49512048003712
0.12241619266869207,1.536378038990898,61.837307769928586
0.016329028302651375,3.3662601566392025,59.2773895732082
0.04788163311840994,4.296864260043085,76.51856453933414
0.051107815623014544,2.321415303666697,97.21591558782178
0.055435897506889306,1.6936540531008157,71.32221993373861
0.03118261953956475,7.818536445508094,65.30109023525472
0.12226433684103317,1.9594845533445233,85.21623684985278
0.026623237209220562,1.7345054532211384,51.49684396194076
0.13473119752420948,7.107291103620733,90.09614606410818
0.021541622614947735,4.957050699591432,62.35927533980884
0.03697413726822138,5.498315785150234,63.059927530223135
0.4234050813440051,5.896737212296696,94.77581891111106
0.11696058955962357,2.7695237499120227,70.14517043060323
0.13379057563289304,6.396966687820873,97.28022475858867
0.05565530545548724,3.2296336784463904,67.49422961711237
0.18674991165714278,1.8957592836199473,81.80067212688067
0.08092173851257155,4.468023255160217,81.54046749832278
0.01597376814353726,5.946014664193149,69.96994192221116
0.01799150075682116,6.607955434738739,92.83246179893683
0.10797127660000266,5.885130052604479,63.8564084731404
0.04185323004824722,3.241667893279011,67.20730104831806
0.011128091176134492,0.9888936595634492,98.45492569618315
0.17796857002412642,2.953517102512577,99.9957473942092
0.015108979465669725,6.827707554902689,62.66699900318502
0.016976030917598403,5.436951593937147,51.58915284167111
0.033920264100205905,5.800845301036529,96.82756353491075
0.07999196506145209,4.70020408200404,74.0824531545315
0.14243041957286473,3.3361336615016888,58.61695272684793
0.20931216896130472,5.476470475942442,86.1716969792675
0.02670597401935961,0.9346697535250137,80.7368097535542
0.0588465240580439,2.695446454192246,62.0058753620007
0.07770582086070839,4.580305711657592,96.92819843111904
0.14542679195214914,0.4247761528471683,55.34131190879955
0.016329028302651375,3.3662601566392025,59.2773895732082
0.04947993749548339,4.124687772356169,74.19358036720271
0.051107815623014544,2.321415303666697,97.21591558782178
0.05532253185829291,1.7065743129512727,71.28787539502501
0.03118261953956475,7.818536445508094,65.30109023525472
0.13458443981736118,1.2348467182960294,81.9779653418943
0.02982977594627937,1.9131410686172807,54.34864564402398
0.13473119752420948,7.107291103620733,90.09614606410818
0.023611226260806216,4.75790870101149,62.906290314852114
0.08066783877335537,4.602458864672804,61.219069777503364
0.3333957411468078,4.375006738458942,89.84085635544119
0.16843387235194424,0.7186180997724714,73.92445317633373
0.14535381520809987,6.771515639307479,97.35280356860302
0.07050409650044726,2.3822547426079543,73.60011356695814
0.18674991165714278,1.8957592836199473,81.80067212688067
0.0455922474629932,6.133090850962162,92.71146862806651
0.01597376814353726,5.946014664193149,69.96994192221116
0.010748980174740908,6.930826158294284,93.36146501802014
0.10797127660000266,5.885130052604479,63.8564084731404
0.04185323004824722,3.241667893279011,67.20730104831806
0.019420487698943834,1.0613139982613098,97.46712503134084
0.17796857002412642,2.953517102512577,99.9957473942092
0.015108979465669725,6.827707554902689,62.66699900318502
0.016976030917598403,5.436951593937147,51.58915284167111
0.033920264100205905,5.800845301036529,96.82756353491075
0.03425247058686588,2.68886891028799,60.701589276806494
0.0959484967678674,2.4765445992916106,73.29731782020617
0.2099491383757057,5.4739158259527985,86.1462533162158
0.02670597401935961,0.9346697535250137,80.7368097535542
0.0623350713647365,2.8400399488563632,58.86814561663215
0.05209408261231197,4.1168260626591575,81.91510819345984
0.14140373335396972,0.4420547723014662,56.2018819228743
0.011324245773757374,3.3790397599727404,58.01664282982192
0.04947993749548339,4.124687772356169,74.19358036720271
0.0537306493017122,0.9966989585698958,97.27779016048541
0.05532253185829291,1.7065743129512727,71.28787539502501
0.03183842301702589,7.965146505268591,65.54165202526852
0.13458443981736118,1.2348467182960294,81.9779653418943
0.013989957399056091,2.1170860406627074,54.21262436894889
0.14532937267004684,5.098302921218427,85.01078015456665
0.023611226260806216,4.75790870101149,62.906290314852114
0.07301842343146947,4.862101141099058,61.388014328245355
0.3884431406469905,4.878453512340873,86.24431438755927
0.16843387235194424,0.7186180997724714,73.92445317633373
0.14535381520809987,6.771515639307479,97.35280356860302
0.08843551725776139,2.4384994209145,51.76784143017803
0.18403904055167844,2.215053810295614,82.8191213858741
0.0455922474629932,6.133090850962162,92.71146862806651
0.01597376814353726,5.946014664193149,69.96994192221116
0.010748980174740908,6.930826158294284,93.36146501802014
0.10797127660000266,5.885130052604479,63.8564084731404
0.045627505862018566,3.1882845472273624,67.63220704105
0.019420487698943834,1.0613139982613098,97.46712503134084
0.17796857002412642,2.953517102512577,99.9957473942092
0.015108979465669725,6.827707554902689,62.66699900318502
0.016976030917598403,5.436951593937147,51.58915284167111
0.04463828023491523,5.588987831579647,97.06329449685362
0.052167877510150465,2.324017184066612,59.83779672929916
0.09686695399951002,2.4811955994923416,75.92928337492407
0.1977221024381041,5.176014830088281,84.97133313327558
0.02670597401935961,0.9346697535250137,80.7368097535542
0.0623350713647365,2.8400399488563632,58.86814561663215
0.05209408261231197,4.1168260626591575,81.91510819345984
0.14140373335396972,0.4420547723014662,56.2018819228743
0.011324245773757374,3.3790397599727404,58.01664282982192
0.04910190940252232,4.154416865526798,74.06680556018044
0.04379687061348192,0.5518846147293344,98.60813362035103
0.05532253185829291,1.7065743129512727,71.28787539502501
0.03183842301702589,7.965146505268591,65.54165202526852
0.13204249976547522,1.2499750857213154,81.63513271908836
0.01826492187736113,2.181013954436448,54.62429343598157
0.14343991902733658,4.982973565615576,84.24999984358323
0.013769184292924896,5.0763152708719925,61.20631901511089
0.08081824440267668,6.338390155427301,63.22774821502159
0.24229884364087884,2.8744643083961026,71.79219795661453
0.16843387235194424,0.7186180997724714,73.92445317633373
0.14535381520809987,6.771515639307479,97.35280356860302
0.08843551725776139,2.4384994209145,51.76784143017803
0.20240571954789544,1.2020309470535784,87.88788027864432
0.03488131875757445,5.272274829234977,81.86713025835493
0.018387451605615,5.8401004438973025,69.70499934114976
0.010748980174740908,6.930826158294284,93.36146501802014
0.11564051782081372,5.987606668252,63.9427844925345
0.04846109210923581,2.755221887692544,68.70065714899107
0.019420487698943834,1.0613139982613098,97.46712503134084
0.17796857002412642,2.953517102512577,99.9957473942092
0.01682408435174346,6.692785215751655,64.33246905419114
0.016976030917598403,5.436951593937147,51.58915284167111
0.04463828023491523,5.588987831579647,97.06329449685362
0.07024341872495926,0.5151713282723982,54.777746593134
0.06669683901043572,1.928065247311276,84.31958431995012
0.20170561141165086,6.038030575582175,85.5979001165947
0.03164627385326643,0.9748741510011245,80.80219488865662
0.0623350713647365,2.8400399488563632,58.86814561663215
0.05209408261231197,4.1168260626591575,81.91510819345984
0.14140373335396972,0.4420547723014662,56.2018819228743
0.011324245773757374,3.3790397599727404,58.01664282982192
0.028132672677859308,3.576698277050641,77.25732906855282
0.04379687061348192,0.5518846147293344,98.60813362035103
0.05532253185829291,1.7065743129512727,71.28787539502501
0.03183842301702589,7.965146505268591,65.54165202526852
0.16935376197773128,1.545135728365686,74.45875363673055
0.01826492187736113,2.181013954436448,54.62429343598157
0.09791497830415538,5.597739279711952,77.08861745517649
0.017795891765304078,5.720087733874078,62.17244260746619
0.08081824440267668,6.338390155427301,63.22774821502159
0.2064014180860186,3.742762417104581,70.72606634582226
0.16843387235194424,0.7186180997724714,73.92445317633373
0.14535381520809987,6.771515639307479,97.35280356860302
0.08843551725776139,2.4384994209145,51.76784143017803
0.1761125070257318,1.9799612026053373,84.55054879798955
0.03623361496401499,7.0686513268198565,82.31228885835756
0.018046902659349617,5.742828300157535,65.33399040775204
0.010748980174740908,6.930826158294284,93.36146501802014
0.1136171524059516,5.800539716241126,64.4688112146646
0.04846109210923581,2.755221887692544,68.70065714899107
0.019420487698943834,1.0613139982613098,97.46712503134084
0.17796857002412642,2.953517102512577,99.9957473942092
0.01682408435174346,6.692785215751655,64.33246905419114
0.016976030917598403,5.436951593937147,51.58915284167111
0.08009717108132251,3.7029372664242572,82.0899716673919
0.06955426900239114,0.7897162506201048,60.51813618319925
0.06764515399090862,1.5502735220169703,76.42043372358381
0.22085415858096932,5.788789658930622,81.60354078138363
0.033443670465350656,0.4281808948662045,84.38137370895166
0.0623350713647365,2.8400399488563632,58.86814561663215
0.04111048542653502,3.488309718707984,73.05437060329822
0.14140373335396972,0.4420547723014662,56.2018819228743
0.011324245773757374,3.3790397599727404,58.01664282982192
0.022353323853011337,3.6598381868655006,77.37185830574633
0.04379687061348192,0.5518846147293344,98.60813362035103
0.05532253185829291,1.7065743129512727,71.28787539502501
0.04593805515598312,7.9268585722891665,63.78869596354594
0.16935376197773128,1.545135728365686,74.45875363673055
0.01826492187736113,2.181013954436448,54.62429343598157
0.0827625172817443,6.140625414643513,74.44070485072072
0.015932148630187326,5.780430801905436,61.57660960914796
0.09253665308101347,7.80031881744272,57.99526150402136
0.17779725828398685,4.2975138417679375,71.58545698024
0.13383019577538896,1.304580734220067,70.4207294627653
0.10899518658168254,5.851227891302483,86.68195782966315
0.08843551725776139,2.4384994209145,51.76784143017803
0.1761125070257318,1.9799612026053373,84.55054879798955
0.03623361496401499,7.0686513268198565,82.31228885835756
0.018046902659349617,5.742828300157535,65.33399040775204
0.011059702224649373,6.898377065750613,93.18792371476621
0.09768766862765425,5.1958640144964345,62.824192254086945
0.04846109210923581,2.755221887692544,68.70065714899107
0.019420487698943834,1.0613139982613098,97.46712503134084
0.17796857002412642,2.953517102512577,99.9957473942092
0.01682408435174346,6.692785215751655,64.33246905419114
0.016976030917598403,5.436951593937147,51.58915284167111
0.08009717108132251,3.7029372664242572,82.0899716673919
0.06955426900239114,0.7897162506201048,60.51813618319925
0.06764515399090862,1.5502735220169703,76.42043372358381
0.22085415858096932,5.788789658930622,81.60354078138363
0.03507338928467101,0.35460067053870736,82.86059946316976
0.0623350713647365,2.8400399488563632,58.86814561663215
0.034404382570500325,3.549634964838296,74.59796857779936
0.14140373335396972,0.4420547723014662,56.2018819228743
0.011324245773757374,3.3790397599727404,58.01664282982192
0.013119202956796892,1.4603138404799259,77.14610023434639
0.04379687061348192,0.5518846147293344,98.60813362035103
0.04833122950927071,2.463601694874187,70.1711830415527
0.04593805515598312,7.9268585722891665,63.78869596354594
0.16935376197773128,1.545135728365686,74.45875363673055
0.02818684441372646,2.141565757668588,56.45505018418928
0.08429104284808345,5.745395822826316,72.082722455746
0.03721031685878819,4.039862880798406,67.68434565077884
0.09253665308101347,7.80031881744272,57.99526150402136
0.1426205387089918,4.1763515996314355,73.4037619078976
0.15369794044129004,0.8559631893667263,69.58601343208132
0.10899518658168254,5.851227891302483,86.68195782966315
0.09630976859669851,2.637723843766986,53.54201607218277
0.1866194745084424,1.5116594523614015,85.6884578850773
0.033199508778699705,6.243348634430878,77.63702851722519
0.018046902659349617,5.742828300157535,65.33399040775204
0.019803590969542276,6.322203945480058,90.25674359892672
0.12945774761420914,4.571481654389345,51.6885488021259
0.04176820476264574,2.921795235617777,69.6007057535759
0.019420487698943834,1.0613139982613098,97.46712503134084
0.17796857002412642,2.953517102512577,99.9957473942092
0.01682408435174346,6.692785215751655,64.33246905419114
0.016976030917598403,5.436951593937147,51.58915284167111
0.05685186284234621,3.88093107154818,77.83719424187363
0.055493499183037726,2.141844564736876,61.83279508623877
0.06764515399090862,1.5502735220169703,76.42043372358381
0.30478655215915895,7.360061498549863,93.63863009525475
0.035642291275579704,0.7511036690666906,81.86194529378534
0.06239729193805387,2.8223686891965567,58.882366498809496
0.028792478530008457,3.4605012705888694,73.75064567754399
0.14140373335396972,0.4420547723014662,56.2018819228743
0.011324245773757374,3.3790397599727404,58.01664282982192
0.017156051650944665,1.5008500413638686,77.42307742938067
0.04379687061348192,0.5518846147293344,98.60813362035103
0.020201022038206923,2.67708787522435,69.17458969708093
0.04593805515598312,7.9268585722891665,63.78869596354594
0.16935376197773128,1.545135728365686,74.45875363673055
0.02818684441372646,2.141565757668588,56.45505018418928
0.08429104284808345,5.745395822826316,72.082722455746
0.03455532120491965,4.244980034906264,69.01429205231825
0.09249554606112248,7.804986177749441,57.98747126135933
0.13968587564089407,4.15935596581927,73.43614703720631
0.15369794044129004,0.8559631893667263,69.58601343208132
0.10899518658168254,5.851227891302483,86.68195782966315
0.09630976859669851,2.637723843766986,53.54201607218277
0.18539002570500812,1.5810171702622684,85.36750255084583
0.04690513006321613,6.696072218263085,88.76519879032962
0.018046902659349617,5.742828300157535,65.33399040775204
0.019803590969542276,6.322203945480058,90.25674359892672
0.12945774761420914,4.571481654389345,51.6885488021259
0.02556693586510341,1.8459989239814187,68.65505344506218
0.019420487698943834,1.0613139982613098,97.46712503134084
0.13048028354645919,2.6388005015321236,85.19850580382956
0.01682408435174346,6.692785215751655,64.33246905419114
0.016976030917598403,5.436951593937147,51.58915284167111
0.056543262567100384,3.901266095093464,77.94064512247542
0.09537135710172712,3.2381396551143755,69.10676709113334
0.05488563338422906,1.964581125296894,72.25104873702448
0.182745334972362,5.640165941522225,85.04432999341279
0.033788495295802516,0.796392514355013,78.05500255523259
0.058941445427160795,2.3609798133245534,56.79873979346374
0.027184702780202775,3.7301778169180344,71.53920820432808
0.15427239399315903,0.3693850120987713,51.93816596664336
0.011324245773757374,3.3790397599727404,58.01664282982192
0.031188600301837677,1.7023975814886192,73.18938925577915
0.04568592153425336,0.6269186857389766,96.98696636202965
0.020201022038206923,2.67708787522435,69.17458969708093
0.04593805515598312,7.9268585722891665,63.78869596354594
0.16935376197773128,1.545135728365686,74.45875363673055
0.027251751083707157,1.9950321041343906,62.10020075307448
0.07449225014554092,5.703417986578997,66.2919983332144
0.04570710905467241,5.46306811660169,68.88975756223644
0.09249554606112248,7.804986177749441,57.98747126135933
0.12239755640463279,5.68273628034054,72.84024515377044
0.15369794044129004,0.8559631893667263,69.58601343208132
0.07997522954746282,5.116692186432158,78.16492909228594
0.09707938341093031,2.613270077718119,53.069821045793596
0.18539002570500812,1.5810171702622684,85.36750255084583
0.04690513006321613,6.696072218263085,88.76519879032962
0.03771192347313776,5.766266677707263,69.9498908467582
0.019803590969542276,6.322203945480058,90.25674359892672
0.12945774761420914,4.571481654389345,51.6885488021259
0.02556693586510341,1.8459989239814187,68.65505344506218
0.021656760375541713,1.1182699632468656,95.87711260256394
0.08896788083617574,2.325102587167682,78.65254695575837
0.016442982698127866,6.7138275083715016,64.41898691993181
0.037865484537707855,5.53099728950205,59.55564108975149
0.05567976207134284,3.9287029878297517,78.47044344735342
0.08156192036469719,4.547956412560726,67.62113768931737
0.06729410847037959,1.5616721342952713,76.30572377733971
0.2033543432125431,6.053480268020888,97.94469954492962
0.033788495295802516,0.796392514355013,78.05500255523259
0.058941445427160795,2.3609798133245534,56.79873979346374
0.027184702780202775,3.7301778169180344,71.53920820432808
0.1542586955990376,0.3809879339040711,52.35899576078469
0.01445869090578927,4.4669995541582495,69.93440588564997
0.03105695723460682,1.6203872044763932,73.25476352831699
0.04568592153425336,0.6269186857389766,96.98696636202965
0.020201022038206923,2.67708787522435,69.17458969708093
0.04593805515598312,7.9268585722891665,63.78869596354594
0.16935376197773128,1.545135728365686,74.45875363673055
0.027072511409947667,2.336314423845531,62.239007224657215
0.06733625964383146,5.706507374894377,65.31383545920386
0.024627310317489035,6.9921134637068985,64.13261553600606
0.09249554606112248,7.804986177749441,57.98747126135933
0.13682440046628244,6.633563259386262,68.29906985408724
0.15501659430183212,0.8587594561340814,69.25149165636387
0.07997522954746282,5.116692186432158,78.16492909228594
0.09707938341093031,2.613270077718119,53.069821045793596
0.18369940483908004,1.626283664614654,85.07170043392833
0.04690513006321613,6.696072218263085,88.76519879032962
0.03141215670245237,5.414269172522916,69.94569566042647
0.019803590969542276,6.322203945480058,90.25674359892672
0.12945774761420914,4.571481654389345,51.6885488021259
0.02696635017088464,1.8364633874913827,68.91163583115107
0.021656760375541713,1.1182699632468656,95.87711260256394
0.058650367869556325,1.3369162551889868,73.53926629190036
0.01789159153539835,6.6774109725740995,64.73241032764952
0.03671152332148299,4.8681972199712895,61.87747300532894
0.054365713856851405,3.790348661164016,79.20153240191583
0.1308687158301101,5.289480965351463,64.0684089899772
0.06729410847037959,1.5616721342952713,76.30572377733971
0.2033543432125431,6.053480268020888,97.94469954492962
0.017762934608899508,0.3524144634103443,77.88145977363097
0.06813886841738376,1.9255311863088629,54.082759665701616
0.027184702780202775,3.7301778169180344,71.53920820432808
0.1542586955990376,0.3809879339040711,52.35899576078469
0.01445869090578927,4.4669995541582495,69.93440588564997
0.05915752442922732,2.4631388487217296,67.09604403318811
0.03940912381417079,0.2833521177678886,99.41261026781258
0.020201022038206923,2.67708787522435,69.17458969708093
0.04593805515598312,7.9268585722891665,63.78869596354594
0.17493974403627482,1.3101552441627158,73.80610815837737
0.027072511409947667,2.336314423845531,62.239007224657215
0.053126250882268446,4.279195454579551,74.82147987181928
0.024627310317489035,6.9921134637068985,64.13261553600606
0.09251972323048364,7.777602789150193,57.96153341648234
0.13682440046628244,6.633563259386262,68.29906985408724
0.15371376842751489,0.8513820693870519,68.66409403572905
0.013635761804209584,6.972788121470781,68.62707800975808
0.09707938341093031,2.613270077718119,53.069821045793596
0.2191747729799744,1.2220618025368464,98.1781212564662
0.04690513006321613,6.696072218263085,88.76519879032962
0.03141215670245237,5.414269172522916,69.94569566042647
0.021165559971659482,5.902693337790749,90.89278887703081
0.12945774761420914,4.571481654389345,51.6885488021259
0.026953498395731346,1.7759519128132322,69.71941768532828
0.021656760375541713,1.1182699632468656,95.87711260256394
0.04277717419393609,0.809715359245901,81.99421795398865
0.01789159153539835,6.6774109725740995,64.73241032764952
0.041313093364102146,5.693331546505255,74.01505655364048
0.022458486926864946,3.4584387843070976,90.89202694992741
0.1308687158301101,5.289480965351463,64.0684089899772
0.09258994988477635,1.5206852726550377,78.43548850743029
0.2033543432125431,6.053480268020888,97.94469954492962
0.017762934608899508,0.3524144634103443,77.88145977363097
0.06813886841738376,1.9255311863088629,54.082759665701616
0.013015837816901313,3.613623934264149,74.28931027627472
0.1315566104838156,1.3228413621016895,58.93181746953571
0.012139002641461153,3.9704396857080626,62.685581644872556
0.06748317946112996,2.0898974987723737,66.56736756052538
0.03940912381417079,0.2833521177678886,99.41261026781258
0.020201022038206923,2.67708787522435,69.17458969708093
0.0649823379773657,6.232662766245655,65.55975533673414
0.17042586997494696,1.3361637341411199,72.97251282830433
0.027072511409947667,2.336314423845531,62.239007224657215
0.048293577229274284,4.176918479353673,74.21002261618268
0.028425722776957006,7.169580769278317,63.79437872960017
0.06298270728853392,7.497402521310242,60.649536096630364
0.13682440046628244,6.633563259386262,68.29906985408724
0.09820570716188458,3.2770832223497193,68.64942586699267
0.013635761804209584,6.972788121470781,68.62707800975808
0.09707938341093031,2.613270077718119,53.069821045793596
0.15789446423539893,2.0226142663625306,89.67538559541707
0.04690513006321613,6.696072218263085,88.76519879032962
0.03141215670245237,5.414269172522916,69.94569566042647
0.021165559971659482,5.902693337790749,90.89278887703081
0.12945774761420914,4.571481654389345,51.6885488021259
0.030940243140935922,1.298206782425713,79.2234911878372
0.021656760375541713,1.1182699632468656,95.87711260256394
0.05533880404470383,1.448518544170414,79.43804317489932
0.017601674050832242,6.663865609775033,64.75822657723991
0.041313093364102146,5.693331546505255,74.01505655364048
0.022458486926864946,3.4584387843070976,90.89202694992741
0.1308687158301101,5.289480965351463,64.0684089899772
0.08927511367812627,1.1375370059127636,79.19509029102095
0.2033543432125431,6.053480268020888,97.94469954492962
0.017762934608899508,0.3524144634103443,77.88145977363097
0.06813886841738376,1.9255311863088629,54.082759665701616
0.013015837816901313,3.613623934264149,74.28931027627472
0.13047749324602606,1.3761529246430175,58.99061680138075
0.012139002641461153,3.9704396857080626,62.685581644872556
0.06748317946112996,2.0898974987723737,66.56736756052538
0.03940912381417079,0.2833521177678886,99.41261026781258
0.018278826603014428,1.627147019273207,70.43199921148909
0.0649823379773657,6.232662766245655,65.55975533673414
0.09751071497583662,2.549648103089131,68.23381786048478
0.027072511409947667,2.336314423845531,62.239007224657215
0.04979855900678665,4.362304185200729,73.42994704180725
0.027163563552854375,6.480164640284006,64.62002371242978
0.06407948783314199,7.709594606391675,60.01376874469945
0.13682440046628244,6.633563259386262,68.29906985408724
0.09820570716188458,3.2770832223497193,68.64942586699267
0.013635761804209584,6.972788121470781,68.62707800975808
0.09707938341093031,2.613270077718119,53.069821045793596
0.13233206740146036,1.6929012047177894,85.77121767001191
0.050382654982155564,6.805662675774609,88.52174955699311
0.030607898621448634,5.347729300944584,68.96875358996301
0.02158975359335289,5.898285357182914,90.53743885671932
0.1038521223523301,4.897373997855705,58.17429879746412
0.026202600326999503,1.9102002757866041,77.91932592735957
0.021656760375541713,1.1182699632468656,95.87711260256394
0.05486768303294902,1.522798077626124,79.23860436676853
0.020938703314466508,6.667533245256719,67.4921009971199
0.03570254852970217,6.005325118639792,70.28975587726242
0.022458486926864946,3.4584387843070976,90.89202694992741
0.1308687158301101,5.289480965351463,64.0684089899772
0.09189484353663233,1.087049198635481,79.90921406514778
0.15059538528604416,4.412078404353902,91.34814954567959
0.017762934608899508,0.3524144634103443,77.88145977363097
0.05931156712267723,2.6789010015819805,60.99581135395531
0.013015837816901313,3.613623934264149,74.28931027627472
0.13047749324602606,1.3761529246430175,58.99061680138075
0.012139002641461153,3.9704396857080626,62.685581644872556
0.08280456429892431,1.021102317232991,65.17477040000723
0.03940912381417079,0.2833521177678886,99.41261026781258
0.018278826603014428,1.627147019273207,70.43199921148909
0.07355208625827103,5.896322244930522,52.08148251671597
0.10355821253418523,2.2212352478353417,67.56892889444188
0.027072511409947667,2.336314423845531,62.239007224657215
0.04060113883633392,3.3020753712005253,80.76622344699672
0.027163563552854375,6.480164640284006,64.62002371242978
0.06407948783314199,7.709594606391675,60.01376874469945
0.17885590141924904,6.6923588548463835,69.70919798881195
0.0985361483945265,3.62294978358743,68.84703099799027
0.013635761804209584,6.972788121470781,68.62707800975808
0.09748723081369867,2.895947963515565,57.486933053833354
0.22702245419631506,0.16859911421701312,94.88335820647734
0.050382654982155564,6.805662675774609,88.52174955699311
0.02891732328160642,5.903560026041381,66.8342761526116
0.022082072230820496,5.919950764813933,89.43532766030431
0.07700700975013655,3.6631136831054953,70.4880870414196
0.026202600326999503,1.9102002757866041,77.91932592735957
0.021656760375541713,1.1182699632468656,95.87711260256394
0.05486768303294902,1.522798077626124,79.23860436676853
0.02253433305885809,5.225456781376877,70.65287526959102
0.030558054605808516,6.292952311478986,70.46087825871071
0.022458486926864946,3.4584387843070976,90.89202694992741
0.1308687158301101,5.289480965351463,64.0684089899772
0.10727099051695092,1.2022642348533625,71.57263198557483
0.1923709549473443,4.146741329112339,98.09928001934372
0.017762934608899508,0.3524144634103443,77.88145977363097
0.03472259234489622,2.721630428118428,66.15607728749148
0.013015837816901313,3.613623934264149,74.28931027627472
0.1295849101241066,1.3694647083524831,59.47455419273423
0.012139002641461153,3.9704396857080626,62.685581644872556
0.0812019166692596,1.0361548550245452,65.3053459748737
0.03940912381417079,0.2833521177678886,99.41261026781258
0.018278826603014428,1.627147019273207,70.43199921148909
0.07355208625827103,5.896322244930522,52.08148251671597
0.10355821253418523,2.2212352478353417,67.56892889444188
0.06965878162827704,2.6747764009070862,59.3649900241361
0.04060113883633392,3.3020753712005253,80.76622344699672
0.027163563552854375,6.480164640284006,64.62002371242978
0.053084052612860824,6.0012064976361295,69.30909457130824
0.32321398077185287,7.451799722808611,72.47711935846614
0.09607171221482487,3.7963015160634854,69.60750316537019
0.017816931953925544,5.530037010281268,66.63927503175735
0.1133010646656171,3.0216312281687716,56.419705746450255
0.20658651613469503,1.2569605872997789,88.33413397182507
0.03445198723084135,7.885578907240612,94.39541975156575
0.02883825938980374,5.875246450400413,66.44055915453313
0.026991944943291386,5.514354023169582,87.4313450761978
0.07329437790351023,3.872944140168883,70.05099931062752
0.026202600326999503,1.9102002757866041,77.91932592735957
0.021656760375541713,1.1182699632468656,95.87711260256394
0.05486768303294902,1.522798077626124,79.23860436676853
0.02253433305885809,5.225456781376877,70.65287526959102
0.04057904620744419,6.200506304136227,66.17703319243583
0.014197478256876853,3.6176865141857903,93.33176264832221
0.18742923140774947,5.169129269340642,62.78218860655199
0.10727099051695092,1.2022642348533625,71.57263198557483
0.2250283311755784,3.373556022681065,98.86523207697608
0.017762934608899508,0.3524144634103443,77.88145977363097
0.03472259234489622,2.721630428118428,66.15607728749148
0.013015837816901313,3.613623934264149,74.28931027627472
0.18055424135738696,1.1028723841893338,50.38095121646689
0.012139002641461153,3.9704396857080626,62.685581644872556
0.061977525334516254,1.776827801991197,73.34646704994235
0.04622320849967826,0.3756210942725219,96.61716742376707
0.018278826603014428,1.627147019273207,70.43199921148909
0.07355208625827103,5.896322244930522,52.08148251671597
0.12550381523676435,2.5167762583101023,59.98371353480791
0.06965878162827704,2.6747764009070862,59.3649900241361
0.05234431119700392,0.7332152860579377,95.06788706024744
0.02874210084196787,5.695277246739689,64.94079479467037
0.05431654653720317,6.024203594092652,68.45306699678095
0.32321398077185287,7.451799722808611,72.47711935846614
0.0917274595958979,4.084599687156551,71.35507622862735
0.017816931953925544,5.530037010281268,66.63927503175735
0.12650205966252076,3.1265484900685623,55.52881094653972
0.3442910786697541,1.3602340255548633,82.7173928027621
0.03542322938812224,7.670030837683985,93.65270474438125
0.02883825938980374,5.875246450400413,66.44055915453313
0.025578847535908444,4.88392506253272,84.67438360379546
0.11182022258995243,4.038683555263998,67.34216612122447
0.026398729988237744,0.9441818252883829,80.09984720865191
0.021656760375541713,1.1182699632468656,95.87711260256394
0.05681263221113943,1.572686586949752,78.4790796417099
0.025545798729118434,5.1452156113768055,70.61716748419168
0.04571836263736024,7.254484288637186,65.19643223162237
0.014197478256876853,3.6176865141857903,93.33176264832221
0.257538135038042,5.963630546819914,56.50188949870436
0.08196814652134078,1.2365817148088127,78.88958076112834
0.2250283311755784,3.373556022681065,98.86523207697608
0.017762934608899508,0.3524144634103443,77.88145977363097
0.03364247803413466,2.941962819058501,63.295234100067276
0.011888579611517961,3.609748325071398,56.12324218922063
0.18055424135738696,1.1028723841893338,50.38095121646689
0.012139002641461153,3.9704396857080626,62.685581644872556
0.061977525334516254,1.776827801991197,73.34646704994235
0.04622320849967826,0.3756210942725219,96.61716742376707
0.016649467172506503,0.8383455572272931,70.3904818276154
0.05337765391262638,5.886813056818998,58.5601545621154
0.12451937669574202,1.9154372768944365,64.37700408693716
0.06756813062215386,2.4954164150023437,62.47571911442669
0.05365527510397198,0.8752383244456156,92.1118645702338
0.028765035021972498,5.741775425822734,64.79243567506774
0.05531574297501948,6.146118167890877,68.39819831964967
0.20512051734093062,5.61259160171519,68.73254981091718
0.08988977041380089,4.188643949891646,71.20584342527762
0.018675182436095766,5.071413723186119,67.98544310922979
0.12650205966252076,3.1265484900685623,55.52881094653972
0.3442910786697541,1.3602340255548633,82.7173928027621
0.03542322938812224,7.670030837683985,93.65270474438125
0.02883825938980374,5.875246450400413,66.44055915453313
0.025578847535908444,4.88392506253272,84.67438360379546
0.1418866365435684,3.561682696822562,67.56698180924174
0.026398729988237744,0.9441818252883829,80.09984720865191
0.021656760375541713,1.1182699632468656,95.87711260256394
0.07982020620655095,2.199412627040651,76.96706289301038
0.025545798729118434,5.1452156113768055,70.61716748419168
0.04868244896876217,7.603377604314307,62.3297132895259
0.013766365377644384,3.616204311590247,86.38426306043532
0.257538135038042,5.963630546819914,56.50188949870436
0.08196814652134078,1.2365817148088127,78.88958076112834
0.2250283311755784,3.373556022681065,98.86523207697608
0.017762934608899508,0.3524144634103443,77.88145977363097
0.0347034016910151,3.2345590143054332,60.83402044676811
0.011888579611517961,3.609748325071398,56.12324218922063
0.15220602533718658,0.8877237952523087,60.26510239083412
0.012139002641461153,3.9704396857080626,62.685581644872556
0.07104203487109888,1.0030548395473358,70.52543030239485
0.04622320849967826,0.3756210942725219,96.61716742376707
0.02292809838871087,0.8573582438006464,70.4060591710316
0.07009747397463081,6.332323273959786,51.31697636888333
0.0823453446418856,3.660829928159297,65.28657161725162
0.07713881041726484,2.9711318738745356,58.050279295784655
0.05365527510397198,0.8752383244456156,92.1118645702338
0.028765035021972498,5.741775425822734,64.79243567506774
0.07018369588246279,5.515451744065517,65.71030190479499
0.25285664323177115,6.859511745579692,65.6963741568205
0.057352093809190735,6.324529151104478,77.6221614211202
0.054063857496260886,4.0162228765216845,66.7789728164797
0.12650205966252076,3.1265484900685623,55.52881094653972
0.3442910786697541,1.3602340255548633,82.7173928027621
0.03542322938812224,7.670030837683985,93.65270474438125
0.02883825938980374,5.875246450400413,66.44055915453313
0.025606883131343183,4.892451841786728,84.51754668093878
0.13848801203880312,3.5693728446787873,66.28758762817529
0.07026845292047515,1.9716342324944653,74.6939779785296
0.021656760375541713,1.1182699632468656,95.87711260256394
0.07671359973840952,2.6326273144295413,74.80452503192868
0.025545798729118434,5.1452156113768055,70.61716748419168
0.04868244896876217,7.603377604314307,62.3297132895259
0.013766365377644384,3.616204311590247,86.38426306043532
0.348628641822066,6.835437802978551,51.901088164070956
0.09152640903614791,0.42719626804898336,81.42221860212173
0.20093629944415625,3.0111352714285187,96.88157649244931
0.024565751591484178,0.3579615099055274,82.35982813622017
0.022264697337938108,3.412783607463848,56.69752539854024
0.019085736341007,4.199450004093765,63.88679928483999
0.2096114724469137,1.1259812038253356,50.328132083894545
0.012139002641461153,3.9704396857080626,62.685581644872556
0.07104203487109888,1.0030548395473358,70.52543030239485
0.04622320849967826,0.3756210942725219,96.61716742376707
0.021553326351541224,0.8425183119867956,70.16112802829231
0.07009747397463081,6.332323273959786,51.31697636888333
0.08636449219850664,4.394616364425722,58.49399491744042
0.07713881041726484,2.9711318738745356,58.050279295784655
0.05365527510397198,0.8752383244456156,92.1118645702338
0.016527220563546205,6.069232314592811,65.95234944425755
0.07022645591527021,5.1103406267634215,72.84838418108717
0.25285664323177115,6.859511745579692,65.6963741568205
0.0553434815908304,6.7075365042123405,77.91447023733092
0.054063857496260886,4.0162228765216845,66.7789728164797
0.11185978499349696,3.1667560808532498,55.692980852936266
0.3442910786697541,1.3602340255548633,82.7173928027621
0.03542322938812224,7.670030837683985,93.65270474438125
0.02883825938980374,5.875246450400413,66.44055915453313
0.025606883131343183,4.892451841786728,84.51754668093878
0.2205327055154922,1.844018353611042,66.17312770749616
0.07420893752723964,1.3272290076251245,72.55002355920067
0.021656760375541713,1.1182699632468656,95.87711260256394
0.0763170577285178,2.316945500602128,90.42916149758787
0.026878028322301174,4.837914308473021,72.29232746441168
0.04868244896876217,7.603377604314307,62.3297132895259
0.013766365377644384,3.616204311590247,86.38426306043532
0.22105123617545125,7.162068945101792,56.33674018989059
0.09493028361621739,0.5367319295240802,82.10361127185205
0.14626718442149594,2.188737976019725,92.38030833355023
0.024565751591484178,0.3579615099055274,82.35982813622017
0.022264697337938108,3.412783607463848,56.69752539854024
0.019085736341007,4.199450004093765,63.88679928483999
0.2096114724469137,1.1259812038253356,50.328132083894545
0.060541739106924786,3.5803456169504164,59.29149462151323
0.07104203487109888,1.0030548395473358,70.52543030239485
0.052253163929961134,0.39556668027985453,94.82038335242713
0.02177852415676767,0.5361571879223033,70.73373735814964
0.07009747397463081,6.332323273959786,51.31697636888333
0.08480880506352567,4.977659415220796,58.99842995315723
0.09071976987848418,2.7623380428435,57.081786380996505
0.05365527510397198,0.8752383244456156,92.1118645702338
0.016527220563546205,6.069232314592811,65.95234944425755
0.09876242093417902,4.582960173917782,77.26639429400724
0.25774423021135756,7.010868366538141,65.50886652861101
0.0553434815908304,6.7075365042123405,77.91447023733092
0.054063857496260886,4.0162228765216845,66.7789728164797
0.12854057356457285,3.0323199485403594,54.523293926890545
0.2484128075387682,2.103299296248675,70.18809904747383
0.03542322938812224,7.670030837683985,93.65270474438125
0.02883825938980374,5.875246450400413,66.44055915453313
0.025606883131343183,4.892451841786728,84.51754668093878
0.1784139750499022,3.100650216049479,62.01371486531838
0.07420893752723964,1.3272290076251245,72.55002355920067
0.021656760375541713,1.1182699632468656,95.87711260256394
0.07631100438297968,2.3170682239516123,90.42538387812041
0.04023916958900737,5.624292677778142,81.00098235026748
0.04868244896876217,7.603377604314307,62.3297132895259
0.013766365377644384,3.616204311590247,86.38426306043532
0.22105123617545125,7.162068945101792,56.33674018989059
0.06822988048468014,2.420841871854801,76.60324961391437
0.14626718442149594,2.188737976019725,92.38030833355023
0.05173225914471155,1.9049104381402042,80.49490872444385
0.022264697337938108,3.412783607463848,56.69752539854024
0.019085736341007,4.199450004093765,63.88679928483999
0.2096114724469137,1.1259812038253356,50.328132083894545
0.05916139350584504,3.632189542022502,60.28822608126721
0.07104203487109888,1.0030548395473358,70.52543030239485
0.052253163929961134,0.39556668027985453,94.82038335242713
0.02177852415676767,0.5361571879223033,70.73373735814964
0.06766340151415373,6.753692590736313,50.63654944863217
0.07525985911517959,3.720216123753469,69.14811115246509
0.09071976987848418,2.7623380428435,57.081786380996505
0.04952298402421684,0.3310817521143661,96.50412286859843
0.016527220563546205,6.069232314592811,65.95234944425755
0.09876242093417902,4.582960173917782,77.26639429400724
0.20184172163254477,6.733531284935027,65.73640080754002
0.05657829377149672,6.5414668322695,80.8035489738795
0.054063857496260886,4.0162228765216845,66.7789728164797
0.17292242163874777,2.8734345936732018,53.61531354339254
0.2484128075387682,2.103299296248675,70.18809904747383
0.03542322938812224,7.670030837683985,93.65270474438125
0.04348896315298459,5.623570284689443,66.69060679108766
0.02054869196567973,5.01186849779867,86.08324423422675
0.1784139750499022,3.100650216049479,62.01371486531838
0.07494224372039313,0.4345379802435687,76.33707525136515
0.021656760375541713,1.1182699632468656,95.87711260256394
0.07631100438297968,2.3170682239516123,90.42538387812041
0.04774533451646612,5.999717122310084,79.19703243988204
0.04868244896876217,7.603377604314307,62.3297132895259
0.013766365377644384,3.616204311590247,86.38426306043532
0.1615833289136301,5.315659168506414,64.82152878961996
0.1013965175122096,1.2204862371382212,85.18538894489946
0.1233700228323964,1.8847792920428739,88.39886108831794
0.05148598474116503,1.9061254830379681,80.54196561539662
0.022264697337938108,3.412783607463848,56.69752539854024
0.011255454111376129,4.3257643205842635,64.44403734102588
0.2096114724469137,1.1259812038253356,50.328132083894545
0.05979512849527744,3.5844458162846267,59.48128458915918
0.07104203487109888,1.0030548395473358,70.52543030239485
0.052253163929961134,0.39556668027985453,94.82038335242713
0.02177852415676767,0.5361571879223033,70.73373735814964
0.03643041068736241,7.991964142918808,50.70441086203761
0.07804115872836327,3.6089778415298626,69.29944729233647
0.14627159935636408,2.234496354135465,57.393617188856204
0.04952298402421684,0.3310817521143661,96.50412286859843
0.016527220563546205,6.069232314592811,65.95234944425755
0.12594650173524613,6.011942389190359,79.57316598813784
0.20184172163254477,6.733531284935027,65.73640080754002
0.05657829377149672,6.5414668322695,80.8035489738795
0.054063857496260886,4.0162228765216845,66.7789728164797
0.17292242163874777,2.8734345936732018,53.61531354339254
0.3266666738785025,0.8066567997498653,66.48677903953462
0.03542322938812224,7.670030837683985,93.65270474438125
0.04250857462369761,5.557358085170993,67.34019451730612
0.02054869196567973,5.01186849779867,86.08324423422675
0.1784139750499022,3.100650216049479,62.01371486531838
0.07494224372039313,0.4345379802435687,76.33707525136515
0.022958486298698597,1.0875225063924845,95.83215398982324
0.059932599488531024,2.415880165828644,91.99146050600191
0.03235527857571138,7.9837830595256865,73.14763967001336
0.04868244896876217,7.603377604314307,62.3297132895259
0.013766365377644384,3.616204311590247,86.38426306043532
0.1615833289136301,5.315659168506414,64.82152878961996
0.108944901616962,0.4485326898694746,90.31967913367482
0.13910457955475147,1.456570093623502,95.28747381310255
0.05665024262323884,1.5821327539673506,79.61619402390218
0.022264697337938108,3.412783607463848,56.69752539854024
0.011255454111376129,4.3257643205842635,64.44403734102588
0.2096114724469137,1.1259812038253356,50.328132083894545
0.05979512849527744,3.5844458162846267,59.48128458915918
0.08567876006614555,1.476294411754672,51.59941007829986
0.052253163929961134,0.39556668027985453,94.82038335242713
0.02177852415676767,0.5361571879223033,70.73373735814964
0.03643041068736241,7.991964142918808,50.70441086203761
0.06388328435217946,5.100269692050189,62.972567767331896
0.13252814789378706,2.06252369670589,56.07939582011264
0.04952298402421684,0.3310817521143661,96.50412286859843
0.016527220563546205,6.069232314592811,65.95234944425755
0.09590674903531093,6.630681875258701,72.86902562515614
0.20184172163254477,6.733531284935027,65.73640080754002
0.05657829377149672,6.5414668322695,80.8035489738795
0.05939420543496653,4.518097356072278,61.8002968380908
0.14056495259918433,3.5342500544795152,56.39208774925136
0.3266666738785025,0.8066567997498653,66.48677903953462
0.03542322938812224,7.670030837683985,93.65270474438125
0.057945130349771536,5.940806418871059,54.16489044407685
0.02054869196567973,5.01186849779867,86.08324423422675
0.19015580779198532,2.885335537632254,61.72804116332328
0.07494224372039313,0.4345379802435687,76.33707525136515
0.022958486298698597,1.0875225063924845,95.83215398982324
0.06545792981048706,3.5224724246830665,89.59617988585971
0.03235527857571138,7.9837830595256865,73.14763967001336
0.04868244896876217,7.603377604314307,62.3297132895259
0.013766365377644384,3.616204311590247,86.38426306043532
0.23723888689068645,4.432471398995955,53.30656997832036
0.15925813846892167,0.49553938774666395,86.32535815150776
0.15063619323799254,1.1977772446872685,98.06946072796107
0.05665024262323884,1.5821327539673506,79.61619402390218
0.022264697337938108,3.412783607463848,56.69752539854024
0.011255454111376129,4.3257643205842635,64.44403734102588
0.1759747276626885,2.1216529167020597,52.170514827544764
0.08111890722359996,2.3598652897510197,56.29214137187073
0.08567876006614555,1.476294411754672,51.59941007829986
0.052253163929961134,0.39556668027985453,94.82038335242713
0.02177852415676767,0.5361571879223033,70.73373735814964
0.03643041068736241,7.991964142918808,50.70441086203761
0.06621861567270149,5.18998533903682,63.31266365754458
0.06873729077762386,2.837566141915727,60.8388953015031
0.04952298402421684,0.3310817521143661,96.50412286859843
0.016527220563546205,6.069232314592811,65.95234944425755
0.09590674903531093,6.630681875258701,72.86902562515614
0.14435790240834803,5.839506546074306,64.1480102545336
0.05657829377149672,6.5414668322695,80.8035489738795
0.05939420543496653,4.518097356072278,61.8002968380908
0.11909025335935186,2.771019205170604,65.73666227110309
0.3266666738785025,0.8066567997498653,66.48677903953462
0.03542322938812224,7.670030837683985,93.65270474438125
0.060851780125853,5.529374534852653,58.47613486600594
0.02061571831283149,5.633046228653194,97.63867219088797
0.19015580779198532,2.885335537632254,61.72804116332328
0.0354721236465758,0.0365518055937637,65.00486349972067
0.022958486298698597,1.0875225063924845,95.83215398982324
0.06545792981048706,3.5224724246830665,89.59617988585971
0.03235527857571138,7.9837830595256865,73.14763967001336
0.04868244896876217,7.603377604314307,62.3297132895259
0.013766365377644384,3.616204311590247,86.38426306043532
0.20032130183635405,3.6268266663963544,61.59147819522992
0.264282477824381,0.5936616255259493,77.98757373187135
0.15063619323799254,1.1977772446872685,98.06946072796107
0.057875218092696405,0.6564213767495648,82.27383248332242
0.02037789046804578,3.4289374380679996,56.63684763543615
0.011255454111376129,4.3257643205842635,64.44403734102588
0.1759747276626885,2.1216529167020597,52.170514827544764
0.07763528980749974,2.923009103944244,56.94056576266143
0.08567876006614555,1.476294411754672,51.59941007829986
0.052253163929961134,0.39556668027985453,94.82038335242713
0.02188253229018039,0.5356773608797437,70.81594364864833
0.03643041068736241,7.991964142918808,50.70441086203761
0.06621861567270149,5.18998533903682,63.31266365754458
0.07647241237254296,1.7155263645410948,53.219926150141866
0.04952298402421684,0.3310817521143661,96.50412286859843
0.016527220563546205,6.069232314592811,65.95234944425755
0.04879975877310973,7.3999079087574975,81.34809696897771
0.14435790240834803,5.839506546074306,64.1480102545336
0.05572482054442858,6.278426650807788,80.16469526450169
0.05613379885759941,4.427081478138226,61.368812118006154
0.052344781000452534,3.349101210542705,60.214488176550866
0.23073722853683243,1.804045640922216,74.97375375118149
0.03542322938812224,7.670030837683985,93.65270474438125
0.060851780125853,5.529374534852653,58.47613486600594
0.02061571831283149,5.633046228653194,97.63867219088797
0.19015580779198532,2.885335537632254,61.72804116332328
0.0354721236465758,0.0365518055937637,65.00486349972067
0.022958486298698597,1.0875225063924845,95.83215398982324
0.07951562550229677,6.337894548510173,83.50204178145623
0.03235527857571138,7.9837830595256865,73.14763967001336
0.04868244896876217,7.603377604314307,62.3297132895259
0.029152918651404378,5.277994715755517,84.17239517236068
0.2528588144510773,3.6846037628210686,63.03806611727207
0.3028963217725793,0.5819207824803767,77.18571760159143
0.16919517683272706,0.5646916913616256,98.13095102321604
0.057875218092696405,0.6564213767495648,82.27383248332242
0.02037789046804578,3.4289374380679996,56.63684763543615
0.011255454111376129,4.3257643205842635,64.44403734102588
0.1759747276626885,2.1216529167020597,52.170514827544764
0.08637896009740073,3.5215939167243926,55.26821600924586
0.08142781467077277,2.159093745689111,55.028462903008375
0.052253163929961134,0.39556668027985453,94.82038335242713
0.02188253229018039,0.5356773608797437,70.81594364864833
0.03643041068736241,7.991964142918808,50.70441086203761
0.06742176315408807,5.281001951000034,63.54457070423311
0.07647241237254296,1.7155263645410948,53.219926150141866
0.05049311178355602,0.22796608396328644,97.83115070326176
0.020964305919784224,6.092912670693187,67.56115691072367
0.049357741054999564,7.173731823501649,79.8280497885364
0.13612202888263575,5.808919471128404,63.58861596011902
0.052877685454017664,6.534479351358675,82.47706288430831
0.05613379885759941,4.427081478138226,61.368812118006154
0.052344781000452534,3.349101210542705,60.214488176550866
0.23073722853683243,1.804045640922216,74.97375375118149
0.03542322938812224,7.670030837683985,93.65270474438125
0.060851780125853,5.529374534852653,58.47613486600594
0.02061571831283149,5.633046228653194,97.63867219088797
0.19015580779198532,2.885335537632254,61.72804116332328
0.0354721236465758,0.0365518055937637,65.00486349972067
0.022958486298698597,1.0875225063924845,95.83215398982324
0.07951562550229677,6.337894548510173,83.50204178145623
0.03235527857571138,7.9837830595256865,73.14763967001336
0.05245851671150665,4.749811179713568,70.52205926600305
0.029152918651404378,5.277994715755517,84.17239517236068
0.2550774197486503,3.663287782278894,63.09077837792852
0.19261263027460757,0.42726573361148956,86.20642132055619
0.22027856423565226,0.38205647872876236,98.9339665933077
0.057875218092696405,0.6564213767495648,82.27383248332242
0.02037789046804578,3.4289374380679996,56.63684763543615
0.011255454111376129,4.3257643205842635,64.44403734102588
0.1817167337783655,2.430872682745004,56.040415721582335
0.058476453716226263,3.820280320277309,58.676315909563854
0.0797255035859775,2.228748202007975,55.33201542814227
0.052175910900728165,0.5764154932402619,94.42037159832469
0.02188253229018039,0.5356773608797437,70.81594364864833
0.03643041068736241,7.991964142918808,50.70441086203761
0.06742176315408807,5.281001951000034,63.54457070423311
0.07647241237254296,1.7155263645410948,53.219926150141866
0.04959680600412669,0.22715263316766066,97.82532888377358
0.020964305919784224,6.092912670693187,67.56115691072367
0.05223193671824415,7.101872846512858,79.76798435561905
0.10936935404800664,5.874894878836435,64.51149020237074
0.052877685454017664,6.534479351358675,82.47706288430831
0.05630531194228755,4.0557076399115815,63.427756027698386
0.052344781000452534,3.349101210542705,60.214488176550866
0.2029316497084327,3.028255730795813,64.0835629878673
0.03683557278766368,7.228839406517175,92.93691625260914
0.06073737880610618,5.518748980494173,58.640322450846256
0.02061571831283149,5.633046228653194,97.63867219088797
0.19015580779198532,2.885335537632254,61.72804116332328
0.0354721236465758,0.0365518055937637,65.00486349972067
0.013404810367555739,1.38576239016854,95.1385630492777
0.07951562550229677,6.337894548510173,83.50204178145623
0.03235527857571138,7.9837830595256865,73.14763967001336
0.0971705159152691,3.8137621446473857,74.26835006166934
0.029152918651404378,5.277994715755517,84.17239517236068
0.15671488623909435,4.48965059548342,77.5844817932474
0.26479656186711387,0.3044983819127434,88.31325801135651
0.22027856423565226,0.38205647872876236,98.9339665933077
0.057875218092696405,0.6564213767495648,82.27383248332242
0.02037789046804578,3.4289374380679996,56.63684763543615
0.011255454111376129,4.3257643205842635,64.44403734102588
0.1817167337783655,2.430872682745004,56.040415721582335
0.058476453716226263,3.820280320277309,58.676315909563854
0.0797255035859775,2.228748202007975,55.33201542814227
0.044595878362424346,0.1251631020963826,96.17939384379446
0.02188253229018039,0.5356773608797437,70.81594364864833
0.03351802454677764,6.499266328752143,54.730602706271554
0.08010525043598321,5.049704491112599,63.607172346366404
0.07647241237254296,1.7155263645410948,53.219926150141866
0.05010608242525226,0.46905089977462744,96.03403859801756
0.02763127256578889,7.306394897140943,69.70165020621162
0.05223193671824415,7.101872846512858,79.76798435561905
0.10852512748866497,5.894933208831786,64.08981575988135
0.052877685454017664,6.534479351358675,82.47706288430831
0.026483708208322604,4.723829834558369,56.97028734440407
0.052344781000452534,3.349101210542705,60.214488176550866
0.1838830750733014,3.1572007421224506,64.11938654226748
0.06013022765701678,6.8212864465439464,92.49760581678996
0.06114343910670411,5.5083730683019745,58.69936905170283
0.02061571831283149,5.633046228653194,97.63867219088797
0.1829972122173259,2.7853775818849527,62.11465406023386
0.0354721236465758,0.0365518055937637,65.00486349972067
0.11031391632470072,0.9689454989274109,92.50747350411854
0.06491069194763416,6.564401579317466,92.79253102651884
0.03235527857571138,7.9837830595256865,73.14763967001336
0.13211119695928702,5.335100734816578,75.87059022674518
0.028411665733749786,5.070606586330751,89.17200230436666
0.231060047739898,3.8307740516116833,89.27406573103849
0.26479656186711387,0.3044983819127434,88.31325801135651
0.22027856423565226,0.38205647872876236,98.9339665933077
0.057875218092696405,0.6564213767495648,82.27383248332242
0.02384778486920521,3.565543289522819,57.146352236835384
0.011255454111376129,4.3257643205842635,64.44403734102588
0.1817167337783655,2.430872682745004,56.040415721582335
0.058318643057723135,2.989839402026686,64.87012659509845
0.07206505921857638,2.2135668639943527,55.27880829427878
0.044595878362424346,0.1251631020963826,96.17939384379446
0.02188253229018039,0.5356773608797437,70.81594364864833
0.03346670367002462,6.668997830888972,54.460767838652274
0.08414776239438668,4.975984801348886,63.62712489421977
0.07647241237254296,1.7155263645410948,53.219926150141866
0.05010608242525226,0.46905089977462744,96.03403859801756
0.02763127256578889,7.306394897140943,69.70165020621162
0.05223193671824415,7.101872846512858,79.76798435561905
0.10852512748866497,5.894933208831786,64.08981575988135
0.052877685454017664,6.534479351358675,82.47706288430831
0.0366986626436563,4.1674400274672685,59.505128341379546
0.052344781000452534,3.349101210542705,60.214488176550866
0.1838830750733014,3.1572007421224506,64.11938654226748
0.07007763446316338,5.9390523386729495,78.11039346082553
0.06114343910670411,5.5083730683019745,58.69936905170283
0.02025116639749782,5.65934687407803,98.03458824277762
0.19142235180885578,2.4107619411565273,59.997607470446894
0.0354721236465758,0.0365518055937637,65.00486349972067
0.11031391632470072,0.9689454989274109,92.50747350411854
0.06491069194763416,6.564401579317466,92.79253102651884
0.03276956258956217,7.948159985033433,72.93971782177606
0.12884857395799407,5.193044136927499,75.72097935884062
0.03586820000813476,5.394334341956373,99.91941684689202
0.231060047739898,3.8307740516116833,89.27406573103849
0.15952598048416494,1.813109458471349,74.39022180714537
0.22027856423565226,0.38205647872876236,98.9339665933077
0.08883711311213952,1.2239305198655388,83.52533059299476
0.046754736874150424,4.195690876017239,59.02470104597656
0.011255454111376129,4.3257643205842635,64.44403734102588
0.17937256558069,2.3643671320367976,54.46157435098492
0.058318643057723135,2.989839402026686,64.87012659509845
0.07206505921857638,2.2135668639943527,55.27880829427878
0.04301964961712196,0.7923913370297067,93.71927298200687
0.02188253229018039,0.5356773608797437,70.81594364864833
0.03346670367002462,6.668997830888972,54.460767838652274
0.11121419978160943,6.360570174066625,66.53150410634422
0.07647241237254296,1.7155263645410948,53.219926150141866
0.05010608242525226,0.46905089977462744,96.03403859801756
0.01287678341199315,7.154535804497857,59.120187738045416
0.06137048676701498,7.720998869320041,83.18552163135634
0.14173484021397892,6.165872292187446,67.86796704053258
0.06046357815300396,7.644318093524353,93.24796249755276
0.0366986626436563,4.1674400274672685,59.505128341379546
0.05517506833433056,4.846453307379072,71.73026104388195
0.1838830750733014,3.1572007421224506,64.11938654226748
0.07007763446316338,5.9390523386729495,78.11039346082553
0.05578641508188888,5.650829634099576,58.891385762821606
0.02025116639749782,5.65934687407803,98.03458824277762
0.19142235180885578,2.4107619411565273,59.997607470446894
0.03193661392475473,0.16640583923197577,66.51669191471908
0.11031391632470072,0.9689454989274109,92.50747350411854
0.06428003282333797,6.340907008600158,90.45461057362452
0.030646816905423355,7.560045718753791,77.19505748852768
0.13395557622838558,5.532123798768114,77.91497231946538
0.03586820000813476,5.394334341956373,99.91941684689202
0.231060047739898,3.8307740516116833,89.27406573103849
0.13096987903908258,2.885681085827373,69.83586107636108
0.19041729627749146,2.5809854953702374,87.12309120398263
0.09825628764634807,0.2976588908529223,88.46956329963217
0.0546175505370366,2.916692171384417,54.63476100261681
0.011255454111376129,4.3257643205842635,64.44403734102588
0.17937256558069,2.3643671320367976,54.46157435098492
0.058318643057723135,2.989839402026686,64.87012659509845
0.07206505921857638,2.2135668639943527,55.27880829427878
0.042938093912626665,0.7747995795025275,93.78681294517875
0.03402211580724787,1.8893745525135937,72.64133229121917
0.03346670367002462,6.668997830888972,54.460767838652274
0.11109020907823633,6.357421095854079,66.5585907224977
0.0902483271807725,0.9583878408489122,52.32810425064381
0.05010608242525226,0.46905089977462744,96.03403859801756
0.01287678341199315,7.154535804497857,59.120187738045416
0.06137048676701498,7.720998869320041,83.18552163135634
0.2129118642736532,6.592397892978142,75.30180123348399
0.06046357815300396,7.644318093524353,93.24796249755276
0.04535951333667439,3.0814303856997842,59.645080066377204
0.06317782332656303,5.140556879609523,77.02537868762565
0.2597878529341932,0.3296212432644401,52.30663514577458
0.07220357076765195,5.561970463959071,74.7630542588621
0.012520624388037555,5.391561034250448,54.37264227088553
0.023952243051060446,5.614617522342065,96.22320341672727
0.12610118052295505,1.6883197361834403,64.16575152374944
0.03193661392475473,0.16640583923197577,66.51669191471908
0.11031391632470072,0.9689454989274109,92.50747350411854
0.04581356541297166,6.333170444220652,99.86726865543369
0.030646816905423355,7.560045718753791,77.19505748852768
0.15565555586185892,5.334911416942779,72.51046226811107
0.03761049534014557,5.362618306851372,99.77515862104207
0.2719593264080867,2.7616040345009663,99.07526317340337
0.11857681390651348,3.019158755053234,73.77230655838189
0.2333448940504953,1.7174464669093918,90.52982129549105
0.09825628764634807,0.2976588908529223,88.46956329963217
0.0546175505370366,2.916692171384417,54.63476100261681
0.011255454111376129,4.3257643205842635,64.44403734102588
0.17616745854866556,1.9603249590753222,52.47002532243897
0.058318643057723135,2.989839402026686,64.87012659509845
0.07592257953844214,2.4103590694545014,54.19851813848724
0.03917418525970626,0.6067351553111386,94.83319957118232
0.03402211580724787,1.8893745525135937,72.64133229121917
0.04886177085306495,6.229035542653381,62.52943954152217
0.11109020907823633,6.357421095854079,66.5585907224977
0.0902483271807725,0.9583878408489122,52.32810425064381
0.05077537223760182,0.20694118141605689,95.83365637498687
0.01287678341199315,7.154535804497857,59.120187738045416
0.06622450327953443,7.251477480324581,81.71926009733235
0.2129118642736532,6.592397892978142,75.30180123348399
0.06046357815300396,7.644318093524353,93.24796249755276
0.05773500325793786,2.430151805348286,66.3887257119594
0.06317782332656303,5.140556879609523,77.02537868762565
0.2597878529341932,0.3296212432644401,52.30663514577458
0.06110130883796963,5.690236296883962,73.67599351920339
0.012274806162069937,4.174769372944915,51.09592281148093
0.0242747512779798,5.576454146956346,95.67214083152291
0.12064021927310736,1.9879307885100586,65.2818064953593
0.03193661392475473,0.16640583923197577,66.51669191471908
0.11031391632470072,0.9689454989274109,92.50747350411854
0.04581356541297166,6.333170444220652,99.86726865543369
0.030646816905423355,7.560045718753791,77.19505748852768
0.12344328759091397,4.56395075886701,66.81144947738737
0.027540979154599916,4.890514943809455,80.42789123711214
0.2263487391348567,3.781111884221621,89.85593909632729
0.10964425199752983,3.753334151498712,75.242146182885
0.27326931029334195,0.7649261996877446,94.43619960460717
0.09825628764634807,0.2976588908529223,88.46956329963217
0.0546175505370366,2.916692171384417,54.63476100261681
0.04062803978994867,3.904454358641439,62.311338177418634
0.17616745854866556,1.9603249590753222,52.47002532243897
0.03733879275595822,3.585368634813852,64.68018432884395
0.06678390377254795,2.451385761879643,54.35609362329511
0.03917418525970626,0.6067351553111386,94.83319957118232
0.020981226925548463,1.5919744118250043,76.07994970087321
0.048301680658016086,6.308072472982008,62.70186851243035
0.08159979080435567,7.552882801328731,69.38510579213438
0.0902483271807725,0.9583878408489122,52.32810425064381
0.05077537223760182,0.20694118141605689,95.83365637498687
0.06372127787919167,4.952641489223869,58.935346308570516
0.06299772958268544,5.418940012584475,75.89227794437664
0.18460371100517048,6.439938544879441,78.35871133094479
0.06046357815300396,7.644318093524353,93.24796249755276
0.01364783012856069,2.605047592669577,71.57004321738782
0.06298443120855729,5.109765446646515,76.96032687844846
0.2597878529341932,0.3296212432644401,52.30663514577458
0.06721923943997238,6.232158467015311,75.9920671262883
0.017311226209461766,4.763061504931037,69.80472155218467
0.0242747512779798,5.576454146956346,95.67214083152291
0.16184297600421751,0.7033395427582967,58.57863207364711
0.03193661392475473,0.16640583923197577,66.51669191471908
0.12449172334284572,0.2097055828878256,91.98598956572602
0.04825482342177014,6.230502045577252,95.68485543659231
0.030646816905423355,7.560045718753791,77.19505748852768
0.03382824863375827,6.836251175906139,50.288331435675005
0.027540979154599916,4.890514943809455,80.42789123711214
0.2560235190886541,1.891064143800949,98.02883343374405
0.14910503448118959,1.8518063745735356,74.26662833028644
0.27326931029334195,0.7649261996877446,94.43619960460717
0.1001886669301485,0.09008906811378381,88.79180545336757
0.0546175505370366,2.916692171384417,54.63476100261681
0.04130206048494725,3.807514298782902,61.78721187269758
0.17616745854866556,1.9603249590753222,52.47002532243897
0.03733879275595822,3.585368634813852,64.68018432884395
0.12515379485199862,1.9746525020638894,65.68605374009604
0.03917418525970626,0.6067351553111386,94.83319957118232
0.021140477471494237,1.5898477959428368,76.10442108899313
0.048301680658016086,6.308072472982008,62.70186851243035
0.08159979080435567,7.552882801328731,69.38510579213438
0.0902483271807725,0.9583878408489122,52.32810425064381
0.054513153136491764,0.07813175165998087,96.15599307540815
0.06372127787919167,4.952641489223869,58.935346308570516
0.0768899514168494,6.41166938795868,81.96271230353324
0.13589701423664777,6.365123412577514,84.54797522651793
0.06152954686916917,7.831420938769951,94.56483343474562
0.01371406458815956,2.623567491764009,71.72026447039474
0.05968483139154165,4.94326661824935,76.60940379529026
0.2597878529341932,0.3296212432644401,52.30663514577458
0.08566652169186684,5.898419681847345,90.19242643771653
0.017311226209461766,4.763061504931037,69.80472155218467
0.0242747512779798,5.576454146956346,95.67214083152291
0.13895304708792935,0.6906880074789522,51.21253520677038
0.03204224952307334,0.5388736838315156,65.61044264747176
0.14580390597221568,0.9316985978148735,75.68875754039937
0.04825482342177014,6.230502045577252,95.68485543659231
0.030646816905423355,7.560045718753791,77.19505748852768
0.03382824863375827,6.836251175906139,50.288331435675005
0.029517981500045146,5.502342559473838,70.95064827565656
0.21738985098405045,2.087799985848669,89.7049877996379
0.1350927451282783,1.6174078573086403,77.33999836481436
0.2347847997565032,0.614876048520864,93.1811676035322
0.1001886669301485,0.09008906811378381,88.79180545336757
0.0546175505370366,2.916692171384417,54.63476100261681
0.04442602453993995,3.7215450526254044,62.20278280134717
0.17616745854866556,1.9603249590753222,52.47002532243897
0.02947210062132108,1.6316249625244312,66.09977391252362
0.09648967245633139,3.6687114834190395,69.17675357269177
0.03917418525970626,0.6067351553111386,94.83319957118232
0.021140477471494237,1.5898477959428368,76.10442108899313
0.048301680658016086,6.308072472982008,62.70186851243035
0.08159979080435567,7.552882801328731,69.38510579213438
0.07398550452915235,3.032474320379034,56.35003931350098
0.054513153136491764,0.07813175165998087,96.15599307540815
0.06372127787919167,4.952641489223869,58.935346308570516
0.0999449142116804,6.777644548295651,75.95550594839293
0.13355982675828681,7.646951535931985,86.63800035213148
0.06152954686916917,7.831420938769951,94.56483343474562
0.027080624125515637,3.4250424226400615,73.8873300335763
0.057158690097402445,2.5668585197665714,86.15706780394545
0.24881545341481387,0.5342940080263539,53.106983627211974
0.01954318681552833,7.985890610507999,92.11783462024209
0.018442021146229316,4.831546147526442,69.91087655455523
0.0242747512779798,5.576454146956346,95.67214083152291
0.13895304708792935,0.6906880074789522,51.21253520677038
0.03204224952307334,0.5388736838315156,65.61044264747176
0.14580390597221568,0.9316985978148735,75.68875754039937
0.04646615896903993,6.159567939580121,97.09560587353272
0.03125837209666471,7.0613768452260075,78.46000781157576
0.03382824863375827,6.836251175906139,50.288331435675005
0.029517981500045146,5.502342559473838,70.95064827565656
0.19142393311715242,2.559726582753727,87.11293588114098
0.13712533552921707,1.50939935510273,77.76982251756995
0.2347847997565032,0.614876048520864,93.1811676035322
0.10007547572425482,0.09710988829914102,88.70696493689235
0.059209247425571744,3.1513524826637607,52.541186845785646
0.02467493509428703,3.37541887645194,52.43171944775893
0.17616745854866556,1.9603249590753222,52.47002532243897
0.02947210062132108,1.6316249625244312,66.09977391252362
0.06535399353045622,5.852305782860142,82.34876686763675
0.03917418525970626,0.6067351553111386,94.83319957118232
0.021140477471494237,1.5898477959428368,76.10442108899313
0.048301680658016086,6.308072472982008,62.70186851243035
0.07993656238751076,7.57596535811595,71.47175898274082
0.06836958251090144,3.0794765050169413,58.44977938847412
0.052753623543520936,0.653000788073502,92.25433097177995
0.06372127787919167,4.952641489223869,58.935346308570516
0.11187471344587067,7.648774525740739,77.62390683241811
0.13355982675828681,7.646951535931985,86.63800035213148
0.06152954686916917,7.831420938769951,94.56483343474562
0.03261129830191267,4.132473655016696,77.20704295883105
0.057158690097402445,2.5668585197665714,86.15706780394545
0.25455764261594743,0.4215787219034166,53.15732961550771
0.01954318681552833,7.985890610507999,92.11783462024209
0.025982848029539415,4.620465643305184,70.41021339310309
0.03948025759634028,5.335992232412696,81.51115862687166
0.1030134557537221,2.3988080126223075,62.238826816263
0.03204224952307334,0.5388736838315156,65.61044264747176
0.1539503752284177,0.4957563685246633,75.49166644158876
0.04646615896903993,6.159567939580121,97.09560587353272
0.029366372989812338,7.128469371301808,78.24421679937443
0.03382824863375827,6.836251175906139,50.288331435675005
0.06689697420708614,4.115335172642684,73.31938846591737
0.19142393311715242,2.559726582753727,87.11293588114098
0.11103226053421708,1.7484019331743652,73.65215316228915
0.2347847997565032,0.614876048520864,93.1811676035322
0.10007547572425482,0.09710988829914102,88.70696493689235
0.059209247425571744,3.1513524826637607,52.541186845785646
0.024680825783775288,3.373277581051444,52.448503163956914
0.17616745854866556,1.9603249590753222,52.47002532243897
0.02947210062132108,1.6316249625244312,66.09977391252362
0.06535399353045622,5.852305782860142,82.34876686763675
0.03917418525970626,0.6067351553111386,94.83319957118232
0.016720847324666936,1.5676864929706928,81.41153105716474
0.05320225226192457,7.525161002426418,61.817532341150184
0.07993656238751076,7.57596535811595,71.47175898274082
0.06551716114083764,2.8378870446011386,62.004478245703034
0.052753623543520936,0.653000788073502,92.25433097177995
0.0634668222313691,5.252277453144464,58.50048621939064
0.1120054845135664,7.652952262920985,77.61688502305996
0.13355982675828681,7.646951535931985,86.63800035213148
0.06152954686916917,7.831420938769951,94.56483343474562
0.06849898132823821,5.381887293055282,80.55979326377297
0.058412263957884576,3.1114954726448527,84.42193630611533
0.23349784394141757,0.7158656842949016,53.09090550860646
0.01954318681552833,7.985890610507999,92.11783462024209
0.03561403562794602,5.344146643527493,82.95759998871925
0.02289220402297463,5.309757111539505,82.05499024940364
0.12387555451246073,2.984441285727849,51.587279294960936
0.03204224952307334,0.5388736838315156,65.61044264747176
0.11320796118034923,3.729580264550928,83.89980214691418
0.04646615896903993,6.159567939580121,97.09560587353272
0.029366372989812338,7.128469371301808,78.24421679937443
0.03382824863375827,6.836251175906139,50.288331435675005
0.06689697420708614,4.115335172642684,73.31938846591737
0.13247909540843417,3.29607393012222,80.58376002288318
0.11103226053421708,1.7484019331743652,73.65215316228915
0.2347847997565032,0.614876048520864,93.1811676035322
0.1004821925838221,0.0989960668878529,88.59839504689268
0.059209247425571744,3.1513524826637607,52.541186845785646
0.024680825783775288,3.373277581051444,52.448503163956914
0.1377259908428462,3.7967376312342584,60.118938942679065
0.02947210062132108,1.6316249625244312,66.09977391252362
0.06535399353045622,5.852305782860142,82.34876686763675
0.04154794321250921,0.9071223401150652,93.09818833695809
0.016720847324666936,1.5676864929706928,81.41153105716474
0.05686183400538793,7.659752526403723,76.20893205523737
0.08433309764280703,7.910360773226889,72.98538308800973
0.06555535347846245,2.13230768405885,57.24252862856315
0.0629830026584784,0.9566811807739503,89.03224817158296
0.0634668222313691,5.252277453144464,58.50048621939064
0.1120054845135664,7.652952262920985,77.61688502305996
0.13646258193333083,7.63832246956725,86.4984889852983
0.06152954686916917,7.831420938769951,94.56483343474562
0.09610131381787826,5.42554223581544,79.65486362889342
0.05438585106280027,1.5217426796759117,85.62443722083944
0.21028933071703795,0.867086502294381,57.585967272717845
0.01954318681552833,7.985890610507999,92.11783462024209
0.03561403562794602,5.344146643527493,82.95759998871925
0.02289220402297463,5.309757111539505,82.05499024940364
0.11958671491526587,3.0991050475138424,53.11163866774867
0.03204224952307334,0.5388736838315156,65.61044264747176
0.11320796118034923,3.729580264550928,83.89980214691418
0.04035532731996174,6.505817509077335,90.35881600239675
0.028460414996336465,7.331489548169406,77.97697822369611
0.03382824863375827,6.836251175906139,50.288331435675005
0.06726126352300413,4.161014292708919,74.30398079981829
0.1207683692599752,3.981591822622578,80.28472993323282
0.08702024671440309,1.6702767599686004,81.46091957320456
0.2347847997565032,0.614876048520864,93.1811676035322
0.1004821925838221,0.0989960668878529,88.59839504689268
0.059209247425571744,3.1513524826637607,52.541186845785646
0.024680825783775288,3.373277581051444,52.448503163956914
0.09998710386316695,4.4328470105001205,67.39417636608941
0.02947210062132108,1.6316249625244312,66.09977391252362
0.06501547185819918,6.152493394345207,83.77663730195842
0.04154794321250921,0.9071223401150652,93.09818833695809
0.016720847324666936,1.5676864929706928,81.41153105716474
0.053026580147893174,7.9386090277212364,77.62119433899252
0.08433309764280703,7.910360773226889,72.98538308800973
0.06555535347846245,2.13230768405885,57.24252862856315
0.06600553903288299,0.7659805178328303,91.91917808053344
0.07427589715281048,5.040410834108047,58.73606624364816
0.1120054845135664,7.652952262920985,77.61688502305996
0.13659912053169135,7.648924823625471,86.55482411371672
0.06152954686916917,7.831420938769951,94.56483343474562
0.13806445625134295,2.977327917382264,81.6360518291153
0.05438585106280027,1.5217426796759117,85.62443722083944
0.21041109497998473,0.8625421591293279,57.563923590524624
0.01954318681552833,7.985890610507999,92.11783462024209
0.03561403562794602,5.344146643527493,82.95759998871925
0.023570244633193443,5.720894559872717,82.12568644874604
0.11958671491526587,3.0991050475138424,53.11163866774867
0.03204224952307334,0.5388736838315156,65.61044264747176
0.11942946338518085,3.520104207157938,87.92106950877893
0.04035532731996174,6.505817509077335,90.35881600239675
0.028460414996336465,7.331489548169406,77.97697822369611
0.03382824863375827,6.836251175906139,50.288331435675005
0.06726126352300413,4.161014292708919,74.30398079981829
0.13116651308417876,3.946724291973045,81.44698098025134
0.08451770116092164,1.929597062186927,81.93809582108352
0.2347847997565032,0.614876048520864,93.1811676035322
0.09796824317756812,0.2912621951705425,86.327105576058
0.06058711484371949,3.150160149802381,52.554205062875326
0.03336488754555621,3.319315848891875,52.47406753840431
0.11754852917189837,5.0045682231003585,74.00867180405709
0.019374218612335993,1.6761617467267378,58.18616223789259
0.06939695473246181,6.898431367111585,86.19056184837326
0.04154794321250921,0.9071223401150652,93.09818833695809
0.016720847324666936,1.5676864929706928,81.41153105716474
0.053026580147893174,7.9386090277212364,77.62119433899252
0.08433309764280703,7.910360773226889,72.98538308800973
0.06763414426528618,2.23114710888484,56.72347367648841
0.06600553903288299,0.7659805178328303,91.91917808053344
0.07427589715281048,5.040410834108047,58.73606624364816
0.1120054845135664,7.652952262920985,77.61688502305996
0.1266348928417788,7.231875994718436,82.10716524051023
0.06152954686916917,7.831420938769951,94.56483343474562
0.13806445625134295,2.977327917382264,81.6360518291153
0.05438585106280027,1.5217426796759117,85.62443722083944
0.15565579592756884,0.7631830803991106,60.034027358733056
0.027570752242747486,6.666310494707808,87.54219684954703
0.03561403562794602,5.344146643527493,82.95759998871925
0.02510472290006151,6.226280430454015,80.82387032902618
0.11896245649755902,3.4740807845039203,55.12946499734474
0.03204224952307334,0.5388736838315156,65.61044264747176
0.11942946338518085,3.520104207157938,87.92106950877893
0.10353097324067134,4.591683673358516,91.27587802587817
0.028460414996336465,7.331489548169406,77.97697822369611
0.03382824863375827,6.836251175906139,50.288331435675005
0.08126830788523973,3.0164777879960605,72.97803459471729
0.10390311364453696,4.345442198306381,81.87799659099613
0.095218986820756,2.2864716272975683,73.14172205592173
0.1333901232144203,3.3283743492797093,87.20556811469403
0.09796824317756812,0.2912621951705425,86.327105576058
0.06058711484371949,3.150160149802381,52.554205062875326
0.03336488754555621,3.319315848891875,52.47406753840431
0.18558747412154977,4.722580058480322,66.57742269542628
0.019374218612335993,1.6761617467267378,58.18616223789259
0.06931526285585099,6.925144755948798,86.28148291964729
0.04154794321250921,0.9071223401150652,93.09818833695809
0.016720847324666936,1.5676864929706928,81.41153105716474
0.053026580147893174,7.9386090277212364,77.62119433899252
0.08433309764280703,7.910360773226889,72.98538308800973
0.06763414426528618,2.23114710888484,56.72347367648841
0.06600553903288299,0.7659805178328303,91.91917808053344
0.0781704507100108,5.203415840686773,60.47444941040335
0.11142802792404136,7.669573117319947,77.43964327532775
0.1266348928417788,7.231875994718436,82.10716524051023
0.06152954686916917,7.831420938769951,94.56483343474562
0.17476705778125956,4.103659058382092,76.39842823086703
0.04905339105290701,1.4115511995406425,86.96106464727166
0.15565579592756884,0.7631830803991106,60.034027358733056
0.027570752242747486,6.666310494707808,87.54219684954703
0.03561403562794602,5.344146643527493,82.95759998871925
0.02510472290006151,6.226280430454015,80.82387032902618
0.11896245649755902,3.4740807845039203,55.12946499734474
0.03204224952307334,0.5388736838315156,65.61044264747176
0.11744422089810685,3.4177604832740522,88.0696399311283
0.07625834915865698,5.866612056741418,98.88887657569214
0.025754883526263123,7.321079269068061,77.98863951612319
0.03382824863375827,6.836251175906139,50.288331435675005
0.08126830788523973,3.0164777879960605,72.97803459471729
0.12116951115918768,2.9249742216654644,76.70835936623848
0.09782902699425501,2.4194649033367543,74.73502776749702
0.10334279528435791,4.276178716763004,87.30115358164524
0.127631190305854,0.17985110996188097,95.64842548434393
0.0584569743210117,3.4052297648353957,54.10962995102673
0.05121901539323244,4.379611531508358,71.79393363016571
0.2210084167228325,3.3150011547014513,61.38927591964724
0.019374218612335993,1.6761617467267378,58.18616223789259
0.062296753317757476,7.413013729469362,90.68537201953113
0.04154794321250921,0.9071223401150652,93.09818833695809
0.016720847324666936,1.5676864929706928,81.41153105716474
0.05410577237228703,7.037682226688452,72.94869789362733
0.08603384229538927,7.692482657151319,72.10842901741833
0.06763414426528618,2.23114710888484,56.72347367648841
0.06600553903288299,0.7659805178328303,91.91917808053344
0.10561286660214891,4.192889879991059,66.77841431742772
0.11142802792404136,7.669573117319947,77.43964327532775
0.11732217733739533,6.572944980585908,80.48305073357031
0.06152954686916917,7.831420938769951,94.56483343474562
0.17427995920110412,4.1042875699122074,76.33066812785063
0.048838869727918226,1.1175425743121892,88.46348267124856
0.15565579592756884,0.7631830803991106,60.034027358733056
0.04408093749300477,6.7686808792071975,87.04357750476326
0.03561403562794602,5.344146643527493,82.95759998871925
0.032354935856044494,6.670905115359997,79.99226078562587
0.11896245649755902,3.4740807845039203,55.12946499734474
0.03204224952307334,0.5388736838315156,65.61044264747176
0.11744422089810685,3.4177604832740522,88.0696399311283
0.07625834915865698,5.866612056741418,98.88887657569214
0.025754883526263123,7.321079269068061,77.98863951612319
0.03382824863375827,6.836251175906139,50.288331435675005
0.07003421780580564,1.2832623599162583,71.31614536787171
0.11504736432478774,2.796495346895792,77.57874128761485
0.09782902699425501,2.4194649033367543,74.73502776749702
0.10334279528435791,4.276178716763004,87.30115358164524
0.1166602381907127,0.331489864385923,91.85193376864001
0.0584569743210117,3.4052297648353957,54.10962995102673
0.045098214403246295,5.203600302594985,86.74871640063111
0.2210084167228325,3.3150011547014513,61.38927591964724
0.019374218612335993,1.6761617467267378,58.18616223789259
0.062296753317757476,7.413013729469362,90.68537201953113
0.05276159859974223,2.0204915064551576,89.43367606177566
0.016720847324666936,1.5676864929706928,81.41153105716474
0.0556479536136192,6.449525763615032,76.52672171564672
0.08603384229538927,7.692482657151319,72.10842901741833
0.07430304527070351,1.3261950250135728,58.032816617468065
0.05868239163795101,2.3203326093679526,90.10813560367349
0.12165017584358398,2.869208992806227,56.66984266729466
0.10207271573557689,6.916439837391861,73.31928804045683
0.11732217733739533,6.572944980585908,80.48305073357031
0.06152954686916917,7.831420938769951,94.56483343474562
0.2707247883182626,7.077865749118171,62.44529080380859
0.048838869727918226,1.1175425743121892,88.46348267124856
0.15565579592756884,0.7631830803991106,60.034027358733056
0.040513034613077745,6.925659708194156,88.56419908722086
0.014903600162412003,4.379544343833432,87.41400452707221
0.032354935856044494,6.670905115359997,79.99226078562587
0.0925195794560435,4.450130347844406,62.72053615453808
0.03204224952307334,0.5388736838315156,65.61044264747176
0.15357743898321485,5.280509300517501,85.36552317627346
0.0631358628547943,3.593789941475217,93.89946424680357
0.033691950049294,7.009592882954089,78.94128847856929
0.038737487169716055,6.152346424080422,51.050030037835
0.06829567950455676,1.865566507087359,77.0076421260349
0.11504736432478774,2.796495346895792,77.57874128761485
0.08899174470096857,3.3528924473535517,74.37397730360073
0.09144709380014593,7.79974111278312,83.23620485196648
0.1166602381907127,0.331489864385923,91.85193376864001
0.06801937030657218,3.388839592308934,60.45569744598494
0.04318792232686976,4.617990443756942,82.8916998397973
0.2210084167228325,3.3150011547014513,61.38927591964724
0.017038121567075945,1.0960281821764637,54.829018577527386
0.06303009271521312,7.01307640969816,86.97716296847238
0.059322765543619746,2.4831485617672495,88.52404129426384
0.016720847324666936,1.5676864929706928,81.41153105716474
0.05503713140567935,6.306011544702826,74.65340631476808
0.08603384229538927,7.692482657151319,72.10842901741833
0.07384857758170284,1.3669994175731714,59.46829523384684
0.05868239163795101,2.3203326093679526,90.10813560367349
0.12026204581598943,2.8539221721818886,61.0655868038906
0.10207271573557689,6.916439837391861,73.31928804045683
0.14600902244475633,6.539871443491294,80.64875242014351
0.06152954686916917,7.831420938769951,94.56483343474562
0.2681520544057082,7.038393068647714,62.94865395664969
0.048838869727918226,1.1175425743121892,88.46348267124856
0.15565579592756884,0.7631830803991106,60.034027358733056
0.040513034613077745,6.925659708194156,88.56419908722086
0.014903600162412003,4.379544343833432,87.41400452707221
0.032354935856044494,6.670905115359997,79.99226078562587
0.0874594702644289,3.6145576633032,61.83913223808563
0.03328757311249482,1.5829874839610438,62.90218548746146
0.15638682609308682,5.356725991364113,85.44669058193028
0.06176794132706626,3.5196704296241896,92.74007330408138
0.033691950049294,7.009592882954089,78.94128847856929
0.038737487169716055,6.152346424080422,51.050030037835
0.06822782964273223,2.239618001236563,72.94318402018773
0.11576437864007512,2.8043914870303546,75.3081964469838
0.08899174470096857,3.3528924473535517,74.37397730360073
0.09561017680681959,7.882228662746472,91.79406595230043
0.1166602381907127,0.331489864385923,91.85193376864001
0.06801937030657218,3.388839592308934,60.45569744598494
0.0389635876756422,7.234730997202472,78.726544227192
0.29436289357812606,4.241922983542368,52.27839115133232
0.017038121567075945,1.0960281821764637,54.829018577527386
0.06303009271521312,7.01307640969816,86.97716296847238
0.059322765543619746,2.4831485617672495,88.52404129426384
0.01245651103767545,0.679697597056431,87.29215822986072
0.054373139567767126,6.280216209627262,74.37289352645682
0.08603384229538927,7.692482657151319,72.10842901741833
0.0759573714907111,0.7464388382215716,58.35930920525894
0.05818730682597307,1.3620230309371166,89.33317139253884
0.12026204581598943,2.8539221721818886,61.0655868038906
0.13492336869640037,6.750757427368604,70.50460969009195
0.19833645784319798,6.200200550601402,81.5883929125753
0.06152954686916917,7.831420938769951,94.56483343474562
0.2694167890090668,7.059956018502766,62.76609029721965
0.048838869727918226,1.1175425743121892,88.46348267124856
0.12438749533916559,2.4972689166873394,65.04278711186869
0.03839183964170331,7.0244404539347,90.73608206293713
0.014903600162412003,4.379544343833432,87.41400452707221
0.03270287729623804,6.613408315215654,80.12595133598387
0.0874594702644289,3.6145576633032,61.83913223808563
0.03328757311249482,1.5829874839610438,62.90218548746146
0.15730984785609164,5.3631010221930095,85.43385603158636
0.06183918916349607,2.2310377251912623,92.19471578000119
0.033691950049294,7.009592882954089,78.94128847856929
0.038737487169716055,6.152346424080422,51.050030037835
0.08503291776543034,2.8338089127853205,75.3266336744853
0.11403823442595531,2.7853822757544378,80.77431860939005
0.08899174470096857,3.3528924473535517,74.37397730360073
0.09561017680681959,7.882228662746472,91.79406595230043
0.1166602381907127,0.331489864385923,91.85193376864001
0.06725016556439957,3.3087322567883355,62.93831034855151
0.0389635876756422,7.234730997202472,78.726544227192
0.28848350350880436,4.167629835677985,53.00863213628592
0.017038121567075945,1.0960281821764637,54.829018577527386
0.06145879778133276,7.012719498651373,87.16149043005441
0.16024942008702886,3.2250254693318396,72.8823940257006
0.01245651103767545,0.679697597056431,87.29215822986072
0.054373139567767126,6.280216209627262,74.37289352645682
0.08603384229538927,7.692482657151319,72.10842901741833
0.061124804767759076,0.8344458525091705,57.470579777183936
0.057439231022303444,0.6233903801362781,89.86625167025679
0.12189206131133545,2.883410151937679,60.819284986734786
0.15433870585885784,7.846741606697144,65.8769569270072
0.18811224990113964,6.076533165560207,84.29579639158655
0.06152954686916917,7.831420938769951,94.56483343474562
0.26101399810072956,6.8228364411268805,62.588386547891915
0.048838869727918226,1.1175425743121892,88.46348267124856
0.13313293462653816,2.1240610313091226,66.4715412949601
0.019261403612774557,7.034161154162633,93.70064705449198
0.014903600162412003,4.379544343833432,87.41400452707221
0.03270287729623804,6.613408315215654,80.12595133598387
0.0874594702644289,3.6145576633032,61.83913223808563
0.03958672295885548,1.3944561155736557,73.25594859865704
0.15730984785609164,5.3631010221930095,85.43385603158636
0.05581984627514179,3.46158766856387,91.82025910704705
0.033691950049294,7.009592882954089,78.94128847856929
0.038737487169716055,6.152346424080422,51.050030037835
0.08179717390918576,2.9033439239451915,77.15352637826528
0.11403823442595531,2.7853822757544378,80.77431860939005
0.08899174470096857,3.3528924473535517,74.37397730360073
0.09561017680681959,7.882228662746472,91.79406595230043
0.1166602381907127,0.331489864385923,91.85193376864001
0.0577272110782833,1.0862570652153867,58.28924062878623
0.0389635876756422,7.234730997202472,78.726544227192
0.17324427086725408,2.8399854664092032,55.88397123104773
0.016336697650994714,1.0322898466009396,59.798978899801
0.06145879778133276,7.012719498651373,87.16149043005441
0.16589906663537815,3.0889209046948833,73.89748066686437
0.01245651103767545,0.679697597056431,87.29215822986072
0.054373139567767126,6.280216209627262,74.37289352645682
0.08555244836986886,6.298625916973759,68.9369784023904
0.055537926620851205,0.9797099075219862,61.56523095791776
0.057934555888889405,0.6019968576588115,90.32711107016027
0.12189206131133545,2.883410151937679,60.819284986734786
0.15433870585885784,7.846741606697144,65.8769569270072
0.23869401351637037,5.089147048206578,80.19561046324979
0.06153017489010308,7.838688334841599,94.63055095181944
0.33565655285474916,7.563859842332374,55.059051888176455
0.041223355636138964,1.0258933598482507,88.21830236654701
0.12406303876248409,2.2617431185341172,68.358812292275
0.019843046933764093,7.119970855238179,96.00104923194587
0.014903600162412003,4.379544343833432,87.41400452707221
0.014716446343629182,6.363644687124045,75.7253188403045
0.08457932654258621,3.4809908242468985,62.52599634794011
0.03958672295885548,1.3944561155736557,73.25594859865704
0.1281016152496029,4.951967122926955,91.86827341131595
0.05581984627514179,3.46158766856387,91.82025910704705
0.033691950049294,7.009592882954089,78.94128847856929
0.038737487169716055,6.152346424080422,51.050030037835
0.08179717390918576,2.9033439239451915,77.15352637826528
0.11403823442595531,2.7853822757544378,80.77431860939005
0.09584424893323013,3.139695141869198,73.19868723230873
0.09561017680681959,7.882228662746472,91.79406595230043
0.1166602381907127,0.331489864385923,91.85193376864001
0.07046642332821787,1.470649239419527,63.37602761688107
0.0389635876756422,7.234730997202472,78.726544227192
0.17324427086725408,2.8399854664092032,55.88397123104773
0.016336697650994714,1.0322898466009396,59.798978899801
0.06145879778133276,7.012719498651373,87.16149043005441
0.18815714575973574,3.6726519487719975,70.3566290538549
0.01964978604039208,0.7763439135780237,85.88702809645582
0.054373139567767126,6.280216209627262,74.37289352645682
0.08555244836986886,6.298625916973759,68.9369784023904
0.055537926620851205,0.9797099075219862,61.56523095791776
0.05912031876017377,0.28858626511538166,90.88401843306795
0.09577215418811574,2.345116434367535,67.22335923175234
0.15433870585885784,7.846741606697144,65.8769569270072
0.2549281648688742,4.996769995317894,80.51962233512066
0.05315977813056949,7.827994385337294,95.32722065584295
0.33565655285474916,7.563859842332374,55.059051888176455
0.041223355636138964,1.0258933598482507,88.21830236654701
0.12628898036585423,2.8421492745277197,61.29468622535379
0.019843046933764093,7.119970855238179,96.00104923194587
0.014569337307642673,4.339877538473303,87.53469849164456
0.014716446343629182,6.363644687124045,75.7253188403045
0.08457932654258621,3.4809908242468985,62.52599634794011
0.03958672295885548,1.3944561155736557,73.25594859865704
0.1281016152496029,4.951967122926955,91.86827341131595
0.05581984627514179,3.46158766856387,91.82025910704705
0.03835953658090415,6.261188191258826,81.65793669640874
0.04744409293808129,6.796514167164826,67.69740482017224
0.10209442596218943,5.243721146009106,64.86384792784591
0.13681364725964418,2.702052968559676,83.33208304167314
0.04795416242626993,2.4861454443384097,70.8529832698965
0.09561017680681959,7.882228662746472,91.79406595230043
0.1166602381907127,0.331489864385923,91.85193376864001
0.06663208680031155,4.20302682312327,76.78661723011442
0.02681399996619238,7.443404690572141,75.53588091338175
0.19271386630069062,2.346160621803837,52.16369344734656
0.014791211206388795,0.8626949600370761,59.55687877118936
0.0634862812775824,6.813544602432098,85.16657007026343
0.19209418552946278,3.7525967711198667,70.61761750002393
0.019211115050643966,0.8102325523841831,82.43282796152499
0.054373139567767126,6.280216209627262,74.37289352645682
0.08555244836986886,6.298625916973759,68.9369784023904
0.055537926620851205,0.9797099075219862,61.56523095791776
0.061686848241080616,0.1666751164758986,98.57533883530995
0.09011704874807125,2.149771105652473,63.884341498446766
0.12317581619167763,6.30793785231743,64.5044598081531
0.252288680482448,4.884316070465912,79.31660255856777
0.05315977813056949,7.827994385337294,95.32722065584295
0.31573012039715836,7.365916418714745,55.89555140393399
0.0372534836205736,1.0269137151636407,83.68490631958554
0.09597926084791027,2.3432389265759017,60.882375826705626
0.019843046933764093,7.119970855238179,96.00104923194587
0.014569337307642673,4.339877538473303,87.53469849164456
0.014716446343629182,6.363644687124045,75.7253188403045
0.08457932654258621,3.4809908242468985,62.52599634794011
0.02642653080611628,2.139503769675808,61.3795491552378
0.1281016152496029,4.951967122926955,91.86827341131595
0.05581984627514179,3.46158766856387,91.82025910704705
0.03835953658090415,6.261188191258826,81.65793669640874
0.04744409293808129,6.796514167164826,67.69740482017224
0.10297253962848728,5.334851235847218,64.1783257924677
0.1257430918284581,3.3804079470232615,84.91949121830486
0.05142255188984745,0.6542331856365733,67.81551607535343
0.09561017680681959,7.882228662746472,91.79406595230043
0.16181009235208993,0.10968014617143929,96.21596742865108
0.08120191345473524,3.075509199399505,81.17412794877862
0.02681399996619238,7.443404690572141,75.53588091338175
0.17333127193040798,3.425224546703228,55.55704382959823
0.014791211206388795,0.8626949600370761,59.55687877118936
0.05352089418147629,6.915373335535401,85.47534363987488
0.1842864524642734,3.5940543460126335,70.10003875051396
0.019211115050643966,0.8102325523841831,82.43282796152499
0.054373139567767126,6.280216209627262,74.37289352645682
0.08747790719149219,6.192099008803044,68.41100012186426
0.07256660499707976,2.327959605403336,62.311287558242725
0.061686848241080616,0.1666751164758986,98.57533883530995
0.09351265880449919,1.7573859062096346,62.88794704802377
0.12230455507995507,6.265973741960555,64.49039536250797
0.252288680482448,4.884316070465912,79.31660255856777
0.05315977813056949,7.827994385337294,95.32722065584295
0.31573012039715836,7.365916418714745,55.89555140393399
0.0372534836205736,1.0269137151636407,83.68490631958554
0.1002170389111631,2.4830963171805758,58.71226255654742
0.019843046933764093,7.119970855238179,96.00104923194587
0.0362571030873153,5.287864775123001,88.67457024552985
0.014716446343629182,6.363644687124045,75.7253188403045
0.08457932654258621,3.4809908242468985,62.52599634794011
0.030546533360496883,2.7499444129414554,63.295080748209756
0.14881926693388864,4.537072053880637,91.0773761061599
0.05581984627514179,3.46158766856387,91.82025910704705
0.03863672116517225,6.216744185362639,81.81926482643159
0.04744409293808129,6.796514167164826,67.69740482017224
0.10297253962848728,5.334851235847218,64.1783257924677
0.13897885351868602,3.471011009415023,86.03245538963507
0.04996487193695709,0.5389482058629043,70.02938866559329
0.10045066444413583,7.389881509562072,91.1509980329147
0.16181009235208993,0.10968014617143929,96.21596742865108
0.07609585783307377,3.0498242578322325,81.72265749500231
0.026099728965647127,7.477319260205853,75.55256195828952
0.17333127193040798,3.425224546703228,55.55704382959823
0.014791211206388795,0.8626949600370761,59.55687877118936
0.05352089418147629,6.915373335535401,85.47534363987488
0.16640682346986688,3.900673224274753,72.9557067697746
0.019211115050643966,0.8102325523841831,82.43282796152499
0.05580906687301136,6.066679029170798,74.85873174617862
0.08825167629904926,6.176138584805499,68.32012215333796
0.07256660499707976,2.327959605403336,62.311287558242725
0.061949591415274195,0.21886955056956703,97.6995718346919
0.06103071825846551,1.9125751521643868,66.30930625961945
0.16162562016599272,7.98729886128806,62.253326481899734
0.21931776211516302,5.3717178301947195,81.96757273949217
0.05315977813056949,7.827994385337294,95.32722065584295
0.34986529116442106,7.878689255679885,51.17739997128201
0.0372534836205736,1.0269137151636407,83.68490631958554
0.09527588394084814,2.8306311044561205,59.44488513410259
0.028192716342764722,6.270915610208509,95.03075126074278
0.025097641554109977,7.535221901761733,84.32976672670816
0.014716446343629182,6.363644687124045,75.7253188403045
0.11131238236999055,1.6588839731481224,52.72665372850293
0.026613984029388343,2.0770082784939583,69.93445945885071
0.14915506996020614,4.546278088701086,91.15634970865426
0.047729745286116544,2.4007036103980184,88.2753630573236
0.03863672116517225,6.216744185362639,81.81926482643159
0.03377400818959736,7.156348762507134,68.56373750931705
0.10297253962848728,5.334851235847218,64.1783257924677
0.12659968793316015,3.7591785420476636,85.00564645395238
0.04996487193695709,0.5389482058629043,70.02938866559329
0.09022495620050351,5.533561534263645,80.5748311837238
0.16181009235208993,0.10968014617143929,96.21596742865108
0.09245843933020988,1.949575545049175,77.17692704729232
0.012865877117536256,7.846150634773801,77.51066593557356
0.17333127193040798,3.425224546703228,55.55704382959823
0.03113871698724148,1.286189524020573,63.27774045349446
0.05514969066364031,6.756033965202173,84.45993639183928
0.13608676739007008,3.057706607364411,67.79155189780766
0.019211115050643966,0.8102325523841831,82.43282796152499
0.04322527070067361,6.349515151839242,76.92547739995271
0.08825167629904926,6.176138584805499,68.32012215333796
0.07256660499707976,2.327959605403336,62.311287558242725
0.061949591415274195,0.21886955056956703,97.6995718346919
0.06103071825846551,1.9125751521643868,66.30930625961945
0.16162562016599272,7.98729886128806,62.253326481899734
0.21931776211516302,5.3717178301947195,81.96757273949217
0.05410482998530265,7.83785411849995,95.69758319772401
0.34986529116442106,7.878689255679885,51.17739997128201
0.0372534836205736,1.0269137151636407,83.68490631958554
0.07898417744445693,1.5644479608090114,58.7552923074577
0.028192716342764722,6.270915610208509,95.03075126074278
0.025097641554109977,7.535221901761733,84.32976672670816
0.014716446343629182,6.363644687124045,75.7253188403045
0.11131238236999055,1.6588839731481224,52.72665372850293
0.026613984029388343,2.0770082784939583,69.93445945885071
0.164522455954636,5.082543115600655,95.3469340640361
0.10063182386028,4.995551766543589,76.18871088467272
0.03863672116517225,6.216744185362639,81.81926482643159
0.047802126862555895,5.410314166493345,66.30273625833901
0.11297828160571705,5.3211652296160485,63.79304132730668
0.16396592404239596,4.785274793868603,85.9008678045464
0.04996487193695709,0.5389482058629043,70.02938866559329
0.08578746327566818,5.869782663100204,79.60525236953708
0.16181009235208993,0.10968014617143929,96.21596742865108
0.07695974190426708,3.0977887778484767,77.24191450221204
0.012865877117536256,7.846150634773801,77.51066593557356
0.14588760386970845,3.0555678841260265,58.18464904954254
0.04781805148803378,2.1085388340388227,63.38276148681658
0.05514969066364031,6.756033965202173,84.45993639183928
0.18526444498458408,4.49597834947848,66.5136931779514
0.019211115050643966,0.8102325523841831,82.43282796152499
0.04322527070067361,6.349515151839242,76.92547739995271
0.08825167629904926,6.176138584805499,68.32012215333796
0.08616949576018003,3.192368150042138,62.30243457251736
0.061949591415274195,0.21886955056956703,97.6995718346919
0.0524563988571926,1.4760641113801636,67.67596769105887
0.16162562016599272,7.98729886128806,62.253326481899734
0.25442735201557787,5.1562320115261775,85.6234108633094
0.05410482998530265,7.83785411849995,95.69758319772401
0.34986529116442106,7.878689255679885,51.17739997128201
0.0372534836205736,1.0269137151636407,83.68490631958554
0.08284337765389099,0.5913384209638366,53.02492912270172
0.028192716342764722,6.270915610208509,95.03075126074278
0.025097641554109977,7.535221901761733,84.32976672670816
0.014716446343629182,6.363644687124045,75.7253188403045
0.11131238236999055,1.6588839731481224,52.72665372850293
0.026613984029388343,2.0770082784939583,69.93445945885071
0.164522455954636,5.082543115600655,95.3469340640361
0.10063182386028,4.995551766543589,76.18871088467272
0.03863672116517225,6.216744185362639,81.81926482643159
0.047802126862555895,5.410314166493345,66.30273625833901
0.11893246149589182,5.201030305753138,60.33052144783683
0.2235973365685887,6.159536265335472,97.46187583345139
0.04996487193695709,0.5389482058629043,70.02938866559329
0.08578746327566818,5.869782663100204,79.60525236953708
0.1318500359064306,1.383488605887739,92.04242897220598
0.07695974190426708,3.0977887778484767,77.24191450221204
0.012865877117536256,7.846150634773801,77.51066593557356
0.14588760386970845,3.0555678841260265,58.18464904954254
0.04237355810000106,1.8109209568040736,62.06261517473931
0.05554915164995946,6.342442991385651,80.16366841080392
0.10882283222248712,5.981446446384892,71.3897564973507
0.019211115050643966,0.8102325523841831,82.43282796152499
0.02173160022224173,7.553897898783809,73.25924736844772
0.12228393908371188,5.443759715019799,59.69289139269931
0.09163781919409046,3.5276251724218577,61.973311170310446
0.061949591415274195,0.21886955056956703,97.6995718346919
0.0524563988571926,1.4760641113801636,67.67596769105887
0.16162562016599272,7.98729886128806,62.253326481899734
0.2471936063988086,5.25306671570997,85.98719422240487
0.05410482998530265,7.83785411849995,95.69758319772401
0.34986529116442106,7.878689255679885,51.17739997128201
0.0372534836205736,1.0269137151636407,83.68490631958554
0.08284337765389099,0.5913384209638366,53.02492912270172
0.028192716342764722,6.270915610208509,95.03075126074278
0.025097641554109977,7.535221901761733,84.32976672670816
0.014716446343629182,6.363644687124045,75.7253188403045
0.11131238236999055,1.6588839731481224,52.72665372850293
0.026613984029388343,2.0770082784939583,69.93445945885071
0.164522455954636,5.082543115600655,95.3469340640361
0.10063182386028,4.995551766543589,76.18871088467272
0.03856108745276079,5.932970695566889,81.92127578811137
0.04799695183369181,5.433755678091433,66.65131597515001
0.11656151014554406,5.207192345622328,58.50945935378807
0.22514098387153503,6.226526950984117,98.70814442194438
0.04996487193695709,0.5389482058629043,70.02938866559329
0.07967124898197439,6.465475310542814,77.95383706713524
0.1318500359064306,1.383488605887739,92.04242897220598
0.09059995262085976,1.0306917642001423,75.38053008908483
0.012865877117536256,7.846150634773801,77.51066593557356
0.14588760386970845,3.0555678841260265,58.18464904954254
0.042666599481309284,1.4940841176424051,60.536200973678845
0.05554915164995946,6.342442991385651,80.16366841080392
0.07034418149010996,6.137721416235103,73.16250111574163
0.024804331806548636,0.9222526588767879,79.95012038081676
0.02009172474690025,7.879527581192584,67.7334907300751
0.10370829925090051,5.441258181524706,61.432862195558194
0.0914376510482084,3.2692570115067836,60.181279564407404
0.11868925228995765,2.1982212870385136,97.92067968547376
0.0524563988571926,1.4760641113801636,67.67596769105887
0.16162562016599272,7.98729886128806,62.253326481899734
0.2471936063988086,5.25306671570997,85.98719422240487
0.05410482998530265,7.83785411849995,95.69758319772401
0.34986529116442106,7.878689255679885,51.17739997128201
0.0371019540765664,1.0318716852541705,83.59891560831349
0.08284337765389099,0.5913384209638366,53.02492912270172
0.028192716342764722,6.270915610208509,95.03075126074278
0.09419260865441267,6.82523404760016,84.84539922983076
0.014716446343629182,6.363644687124045,75.7253188403045
0.11131238236999055,1.6588839731481224,52.72665372850293
0.016694135584561003,2.3076862202147144,70.80140228132566
0.18872689495806017,4.641470462240317,98.19360822268118
0.11369165506184141,4.079691706631786,75.08891996165389
0.03856108745276079,5.932970695566889,81.92127578811137
0.04799695183369181,5.433755678091433,66.65131597515001
0.12130422199329899,5.118945196674254,56.826199168789586
0.22514098387153503,6.226526950984117,98.70814442194438
0.04996487193695709,0.5389482058629043,70.02938866559329
0.07967124898197439,6.465475310542814,77.95383706713524
0.10773149811133782,2.520674030136218,92.73773890654907
0.09059995262085976,1.0306917642001423,75.38053008908483
0.024445394128392015,7.559472496627253,75.18750651406441
0.18656970216097876,1.590461671083018,52.27416406537867
0.042666599481309284,1.4940841176424051,60.536200973678845
0.06099991396972697,7.911606104467425,79.14862447750322
0.07034418149010996,6.137721416235103,73.16250111574163
0.024804331806548636,0.9222526588767879,79.95012038081676
0.02009172474690025,7.879527581192584,67.7334907300751
0.10975575747784647,5.149074710684736,57.25544331767605
0.09379496110905274,3.1560622171353514,62.23203352404576
0.09833378569910817,3.3711273765196488,91.68853237341325
0.0524563988571926,1.4760641113801636,67.67596769105887
0.16162562016599272,7.98729886128806,62.253326481899734
0.2471936063988086,5.25306671570997,85.98719422240487
0.05410482998530265,7.83785411849995,95.69758319772401
0.34986529116442106,7.878689255679885,51.17739997128201
0.0371019540765664,1.0318716852541705,83.59891560831349
0.08284337765389099,0.5913384209638366,53.02492912270172
0.028192716342764722,6.270915610208509,95.03075126074278
0.09126639924402881,6.978260542467963,87.35267419238949
0.014716446343629182,6.363644687124045,75.7253188403045
0.10577731674653151,2.2567247094539598,56.88426762035037
0.01953127912629231,1.8230279242303076,74.00184598954586
0.12591047122454302,5.443774274392136,89.68936186003988
0.11352816917208419,4.101988508511523,74.86529047305854
0.03856108745276079,5.932970695566889,81.92127578811137
0.04799695183369181,5.433755678091433,66.65131597515001
0.13023464531242096,4.9404111370797805,53.96336604670546
0.21147628890573097,5.685385505359595,94.32123153764387
0.04996487193695709,0.5389482058629043,70.02938866559329
0.04423954536189023,6.280154504608628,81.46514610829267
0.13349107410336775,1.2499093429872596,96.76587031435119
0.09661682097148995,1.2131787957030584,68.79968016737081
0.024445394128392015,7.559472496627253,75.18750651406441
0.14847524635400053,1.9046116709975678,54.447876170047614
0.037463130741446624,2.175069911125461,53.76781767520398
0.060312083511797863,7.810616295334302,79.06325607756439
0.07034418149010996,6.137721416235103,73.16250111574163
0.024804331806548636,0.9222526588767879,79.95012038081676
0.02009172474690025,7.879527581192584,67.7334907300751
0.10975575747784647,5.149074710684736,57.25544331767605
0.09379496110905274,3.1560622171353514,62.23203352404576
0.09833378569910817,3.3711273765196488,91.68853237341325
0.014080699306999817,1.3047871921129066,72.96281791960027
0.16162562016599272,7.98729886128806,62.253326481899734
0.33067906878346576,4.512663468538319,84.93255056365611
0.05410482998530265,7.83785411849995,95.69758319772401
0.34986529116442106,7.878689255679885,51.17739997128201
0.04167977917854404,0.8257455745258696,86.09931507108632
0.08284337765389099,0.5913384209638366,53.02492912270172
0.028192716342764722,6.270915610208509,95.03075126074278
0.08004506760649197,6.81168168969972,85.94781931261079
0.022961546344141298,6.149700265494319,73.70726871589754
0.10559067457270999,2.270733165930403,56.96756665465982
0.01953127912629231,1.8230279242303076,74.00184598954586
0.12591047122454302,5.443774274392136,89.68936186003988
0.11909712301615809,4.70545811918385,81.53243273671882
0.028088614170545,7.196231945721793,88.75507361186133
0.05260968979537693,5.025392040512733,61.529901838424465
0.11743704479874367,3.698243536795516,50.58368120357179
0.21147628890573097,5.685385505359595,94.32123153764387
0.04996487193695709,0.5389482058629043,70.02938866559329
0.04423954536189023,6.280154504608628,81.46514610829267
0.12664111184970847,1.2061597767026544,91.5823833825431
0.09517674072737688,1.0052020868577936,67.7727402793216
0.024445394128392015,7.559472496627253,75.18750651406441
0.14847524635400053,1.9046116709975678,54.447876170047614
0.037463130741446624,2.175069911125461,53.76781767520398
0.060312083511797863,7.810616295334302,79.06325607756439
0.06488453825850722,6.709303230816737,80.73875859905837
0.024804331806548636,0.9222526588767879,79.95012038081676
0.02009172474690025,7.879527581192584,67.7334907300751
0.09500447822571814,5.598281282716773,58.97926276556034
0.07054508014854713,4.621790487158923,71.2556199745206
0.09877665234515808,3.358174604833276,91.35961007449987
0.014080699306999817,1.3047871921129066,72.96281791960027
0.16162562016599272,7.98729886128806,62.253326481899734
0.27369701659885504,4.29503601320109,75.75392324721808
0.05410482998530265,7.83785411849995,95.69758319772401
0.2360803516259785,4.80788249746243,58.59155263079438
0.04167977917854404,0.8257455745258696,86.09931507108632
0.08284337765389099,0.5913384209638366,53.02492912270172
0.028192716342764722,6.270915610208509,95.03075126074278
0.08004506760649197,6.81168168969972,85.94781931261079
0.01343439516552733,6.222621395638145,75.65493985564291
0.14054065904134722,3.0731005218687466,56.139129224367515
0.065081678878153,2.4549877800127025,77.48440547985963
0.11680477241290144,5.036562464721532,88.81223807631969
0.154180871020734,2.852255537626843,83.00607249981074
0.028088614170545,7.196231945721793,88.75507361186133
0.05260968979537693,5.025392040512733,61.529901838424465
0.11743704479874367,3.698243536795516,50.58368120357179
0.28174242358191276,5.4609085561767206,94.04922020721463
0.04996487193695709,0.5389482058629043,70.02938866559329
0.04416476115467998,6.120802587902108,81.6005345098645
0.1438537764918494,0.320640584565953,90.97947259314384
0.09517674072737688,1.0052020868577936,67.7727402793216
0.04965949223189555,5.223025856557356,72.54431290547511
0.14847524635400053,1.9046116709975678,54.447876170047614
0.040260960218382616,1.6464677137261168,51.25767154317941
0.060312083511797863,7.810616295334302,79.06325607756439
0.0998081394157094,6.522997772997172,83.21486963412485
0.024804331806548636,0.9222526588767879,79.95012038081676
0.02009172474690025,7.879527581192584,67.7334907300751
0.07674973294571466,6.597870115679842,75.36775546502435
0.07026504609788387,4.617300150584285,71.03465606538342
0.08664073805249185,3.0639488153296512,88.72357039558783
0.014080699306999817,1.3047871921129066,72.96281791960027
0.16162562016599272,7.98729886128806,62.253326481899734
0.2187388619397027,4.0851382841801716,66.90130386486885
0.05172591695812785,7.449548420032597,94.34629765139711
0.23074164326166208,4.867859807213401,59.15367468325627
0.04181671883495462,0.8482843197056438,86.05741093585534
0.08284337765389099,0.5913384209638366,53.02492912270172
0.028192716342764722,6.270915610208509,95.03075126074278
0.09732606463625179,5.572476064782325,77.99298953066963
0.014558764637996118,6.502459536594045,74.31707074977444
0.11241832682328809,4.1953017213724735,58.84617257041078
0.057043823718046865,3.485165576415451,79.93329687933382
0.11680477241290144,5.036562464721532,88.81223807631969
0.16649231807891832,3.242445325227046,88.18022766016952
0.028088614170545,7.196231945721793,88.75507361186133
0.046904355906293146,4.2427122698331985,52.60164974829212
0.11743704479874367,3.698243536795516,50.58368120357179
0.21455658628917937,5.910854087338424,91.35062557410309
0.04996487193695709,0.5389482058629043,70.02938866559329
0.04416476115467998,6.120802587902108,81.6005345098645
0.11293609939267765,0.3925294256973485,84.080596382549
0.09517674072737688,1.0052020868577936,67.7727402793216
0.04965949223189555,5.223025856557356,72.54431290547511
0.14847524635400053,1.9046116709975678,54.447876170047614
0.040260960218382616,1.6464677137261168,51.25767154317941
0.06750399958343686,7.82734238265107,77.32827499187123
0.07993754273955839,4.578573215815261,84.18885839274361
0.01488913305582975,0.4576794016458561,98.35590237219812
0.02009172474690025,7.879527581192584,67.7334907300751
0.0953752814010172,6.534835840447433,67.89339659867568
0.07026504609788387,4.617300150584285,71.03465606538342
0.09695513605505526,3.7740577780113487,93.98095764004995
0.014080699306999817,1.3047871921129066,72.96281791960027
0.12394554282870629,7.958607287748651,63.71229157348319
0.26773279703608616,5.795069427692879,58.94611325971887
0.05172591695812785,7.449548420032597,94.34629765139711
0.1725346913965493,3.629445989504994,67.44259942835649
0.04181671883495462,0.8482843197056438,86.05741093585534
0.08491607522821033,0.3020387446095789,51.80572953518308
0.028192716342764722,6.270915610208509,95.03075126074278
0.05332778791852816,5.515003427176156,82.91081009430336
0.011974108128090497,6.369925662560108,71.55892639659784
0.11241832682328809,4.1953017213724735,58.84617257041078
0.05541860454803106,4.6967308192078026,84.33809113574283
0.11907461496538002,5.189298721907701,89.45009227038163
0.21304999501761812,4.004844336162394,90.88458309610863
0.01099791571435265,7.637010197944237,90.19170592721007
0.0392914011019765,3.8755198373299837,51.503732939880095
0.11743704479874367,3.698243536795516,50.58368120357179
0.13413339117537412,5.575388236195695,82.17845815801219
0.04996487193695709,0.5389482058629043,70.02938866559329
0.047443863984900636,6.697049703031803,87.12808467245517
0.11293609939267765,0.3925294256973485,84.080596382549
0.08689973815492241,3.5173043342726107,71.18425239104123
0.04965949223189555,5.223025856557356,72.54431290547511
0.14847524635400053,1.9046116709975678,54.447876170047614
0.040260960218382616,1.6464677137261168,51.25767154317941
0.08088504771322677,6.504590606828454,71.95712453924789
0.07993754273955839,4.578573215815261,84.18885839274361
0.01488913305582975,0.4576794016458561,98.35590237219812
0.02009172474690025,7.879527581192584,67.7334907300751
0.09170154902904552,6.634255409421234,67.9685929168916
0.07026504609788387,4.617300150584285,71.03465606538342
0.10719649749597752,3.365377113160901,96.57963454944036
0.014080699306999817,1.3047871921129066,72.96281791960027
0.12394554282870629,7.958607287748651,63.71229157348319
0.36517747672996015,5.616396367636793,53.43149799362952
0.05172591695812785,7.449548420032597,94.34629765139711
0.18894236088185637,4.002697467196835,65.97820540596544
0.04181671883495462,0.8482843197056438,86.05741093585534
0.08491607522821033,0.3020387446095789,51.80572953518308
0.028192716342764722,6.270915610208509,95.03075126074278
0.05332778791852816,5.515003427176156,82.91081009430336
0.01759523040996642,6.253717807516961,73.10196505042018
0.09903189643796974,4.710726916674087,64.67298253511022
0.031763141595376555,3.3971753086545906,80.79512309050841
0.11907461496538002,5.189298721907701,89.45009227038163
0.24019677436998305,4.984355873631953,92.7295450254835
0.01099791571435265,7.637010197944237,90.19170592721007
0.0392914011019765,3.8755198373299837,51.503732939880095
0.11743704479874367,3.698243536795516,50.58368120357179
0.13413339117537412,5.575388236195695,82.17845815801219
0.04996487193695709,0.5389482058629043,70.02938866559329
0.06337703295031674,6.008232654147117,98.4258241147237
0.11040407577464353,1.1788943881554537,80.54637462302253
0.08875734858171161,6.528254835905636,89.33136076720126
0.04520792770598911,5.622974511672984,71.82002131506935
0.15751565259070355,1.7758422076417466,52.842949621659066
0.040260960218382616,1.6464677137261168,51.25767154317941
0.08088504771322677,6.504590606828454,71.95712453924789
0.07993754273955839,4.578573215815261,84.18885839274361
0.01488913305582975,0.4576794016458561,98.35590237219812
0.02009172474690025,7.879527581192584,67.7334907300751
0.07175410053144854,7.0410786288957885,81.13080898249214
0.07020050866425401,4.6043344308882315,71.03146016284683
0.10719649749597752,3.365377113160901,96.57963454944036
0.010050955078611885,0.8938745914229842,76.39289394631143
0.12394554282870629,7.958607287748651,63.71229157348319
0.36517747672996015,5.616396367636793,53.43149799362952
0.05172591695812785,7.449548420032597,94.34629765139711
0.26257179337732484,2.9637675515212747,52.671037791572175
0.04382092417826348,0.8773568281109474,85.14204100802228
0.08491607522821033,0.3020387446095789,51.80572953518308
0.028192716342764722,6.270915610208509,95.03075126074278
0.03069537963638952,4.867738286272283,78.80936143095072
0.01759523040996642,6.253717807516961,73.10196505042018
0.07785788407062563,2.9104691077923643,66.98444549429222
0.012208732878210879,4.53584369950693,91.46001797588556
0.04661322851626967,5.311905873248878,87.48815818171309
0.16432789436947703,5.976718300637327,93.38036824903311
0.01099791571435265,7.637010197944237,90.19170592721007
0.0392914011019765,3.8755198373299837,51.503732939880095
0.11743704479874367,3.698243536795516,50.58368120357179
0.13413339117537412,5.575388236195695,82.17845815801219
0.04996487193695709,0.5389482058629043,70.02938866559329
0.06337703295031674,6.008232654147117,98.4258241147237
0.11040407577464353,1.1788943881554537,80.54637462302253
0.12250134569648322,5.86420576634609,99.94509182382524
0.04520792770598911,5.622974511672984,71.82002131506935
0.15751565259070355,1.7758422076417466,52.842949621659066
0.040260960218382616,1.6464677137261168,51.25767154317941
0.08088504771322677,6.504590606828454,71.95712453924789
0.12620729924973076,3.065295928537131,74.49413569206449
0.01488913305582975,0.4576794016458561,98.35590237219812
0.02009172474690025,7.879527581192584,67.7334907300751
0.07699343107311118,7.320965159488147,82.96844842353725
0.07020050866425401,4.6043344308882315,71.03146016284683
0.11200408450704863,4.15031375667158,97.63679816626819
0.018539864104178107,1.7088875756433923,77.22673349169084
0.12394554282870629,7.958607287748651,63.71229157348319
0.2713840311577894,4.797999396846547,69.11874908324373
0.05172591695812785,7.449548420032597,94.34629765139711
0.26257179337732484,2.9637675515212747,52.671037791572175
0.03005901924617596,0.16146605737060238,85.59363475577705
0.08491607522821033,0.3020387446095789,51.80572953518308
0.028192716342764722,6.270915610208509,95.03075126074278
0.03746373388448065,3.9161734867797557,74.89821124281384
0.01759523040996642,6.253717807516961,73.10196505042018
0.07785788407062563,2.9104691077923643,66.98444549429222
0.012208732878210879,4.53584369950693,91.46001797588556
0.04661322851626967,5.311905873248878,87.48815818171309
0.16432789436947703,5.976718300637327,93.38036824903311
0.010571091420542557,7.653384618977643,90.20213494733675
0.0392914011019765,3.8755198373299837,51.503732939880095
0.11743704479874367,3.698243536795516,50.58368120357179
0.1267950991235362,5.1936521626773375,82.41926252529726
0.04996487193695709,0.5389482058629043,70.02938866559329
0.056986587113075686,5.872729487660387,89.0680192332429
0.11040407577464353,1.1788943881554537,80.54637462302253
0.12250134569648322,5.86420576634609,99.94509182382524
0.041701035054188686,5.9143214636444394,72.3394047140461
0.14433666471402337,2.3029801946950474,56.1935755078367
0.040260960218382616,1.6464677137261168,51.25767154317941
0.0807696927102772,6.513344360984713,71.95066729321321
0.16360148095480778,5.567758465849957,95.0412229372096
0.01488913305582975,0.4576794016458561,98.35590237219812
0.02009172474690025,7.879527581192584,67.7334907300751
0.0631701525483944,7.911436146009949,83.12088407339404
0.10601739625115357,4.646635684701863,58.414371811360574
0.11200408450704863,4.15031375667158,97.63679816626819
0.018539864104178107,1.7088875756433923,77.22673349169084
0.12394554282870629,7.958607287748651,63.71229157348319
0.21042438166191074,3.328190902720441,63.458818946166176
0.050938867329177816,7.685456530423761,95.13598165517294
0.23377247792818648,3.3484899724974664,55.23559413062827
0.03005901924617596,0.16146605737060238,85.59363475577705
0.08491607522821033,0.3020387446095789,51.80572953518308
0.010062231246317388,6.52674134068074,98.30750344980157
0.03746373388448065,3.9161734867797557,74.89821124281384
0.01743435106956265,6.148947209746578,73.44792081521172
0.07785788407062563,2.9104691077923643,66.98444549429222
0.012208732878210879,4.53584369950693,91.46001797588556
0.021574319991267535,6.018650237227602,91.57585136654417
0.1822658758814844,6.602857930554238,91.92115185475171
0.010571091420542557,7.653384618977643,90.20213494733675
0.0392914011019765,3.8755198373299837,51.503732939880095
0.11743704479874367,3.698243536795516,50.58368120357179
0.17752745040594062,4.750491661595735,86.58105976251001
0.05025933674047452,0.4881667486232413,69.99844426719713
0.056986587113075686,5.872729487660387,89.0680192332429
0.11345804482506944,1.1612750915644057,80.6567340447087
0.12250134569648322,5.86420576634609,99.94509182382524
0.041701035054188686,5.9143214636444394,72.3394047140461
0.14433666471402337,2.3029801946950474,56.1935755078367
0.040260960218382616,1.6464677137261168,51.25767154317941
0.0807696927102772,6.513344360984713,71.95066729321321
0.14646994092995005,5.343446593864328,92.30547714280183
0.01488913305582975,0.4576794016458561,98.35590237219812
0.03296460328202944,7.623679048996909,69.27457974161526
0.0631701525483944,7.911436146009949,83.12088407339404
0.16600171981630407,7.383448340289253,64.94285556816627
0.10567087679391775,3.1162884143214358,96.24415841648992
0.018539864104178107,1.7088875756433923,77.22673349169084
0.12394554282870629,7.958607287748651,63.71229157348319
0.3085483551133299,3.6373830671085594,60.84919666532015
0.050938867329177816,7.685456530423761,95.13598165517294
0.23377247792818648,3.3484899724974664,55.23559413062827
0.03005901924617596,0.16146605737060238,85.59363475577705
0.08491607522821033,0.3020387446095789,51.80572953518308
0.010062231246317388,6.52674134068074,98.30750344980157
0.03316332438304135,3.257338323435241,79.36684741407238
0.034427027734567774,4.676628203723934,67.99816736968431
0.10816946001299596,4.448671394401185,66.2823679460959
0.01100276744812051,6.370691048986747,88.35742222869374
0.021574319991267535,6.018650237227602,91.57585136654417
0.18664517823402832,6.949189680334469,92.63808030109547
0.010571091420542557,7.653384618977643,90.20213494733675
0.0392914011019765,3.8755198373299837,51.503732939880095
0.11743704479874367,3.698243536795516,50.58368120357179
0.25914151550744874,2.4946012744811776,89.05050429508324
0.05025933674047452,0.4881667486232413,69.99844426719713
0.0574308878906777,6.019214385909132,88.64070641450357
0.11345804482506944,1.1612750915644057,80.6567340447087
0.12250134569648322,5.86420576634609,99.94509182382524
0.041701035054188686,5.9143214636444394,72.3394047140461
0.12205885816593619,2.982624886432704,61.56760244159243
0.04490355884912568,1.1086277491385588,59.95967287263004
0.14056613542854227,5.542237376926341,56.40373587217848
0.14646994092995005,5.343446593864328,92.30547714280183
0.01488913305582975,0.4576794016458561,98.35590237219812
0.03296460328202944,7.623679048996909,69.27457974161526
0.0631701525483944,7.911436146009949,83.12088407339404
0.16600171981630407,7.383448340289253,64.94285556816627
0.10567087679391775,3.1162884143214358,96.24415841648992
0.04231088436692974,3.5441302904958927,75.21134184879406
0.12394554282870629,7.958607287748651,63.71229157348319
0.230096720412792,2.787919022795328,70.86918634696693
0.050938867329177816,7.685456530423761,95.13598165517294
0.2140212268514703,3.3126881461710926,61.55846942909347
0.04121165167107979,0.8494686448357225,87.32505510820368
0.08431157565763733,0.20189757288974963,51.100555046435375
0.016661346457061528,6.842814204439151,89.94192419205855
0.03316332438304135,3.257338323435241,79.36684741407238
0.034337478746148724,4.857085677308729,68.07632623560971
0.17901334932389174,1.4577755849978455,63.46366805820363
0.01100276744812051,6.370691048986747,88.35742222869374
0.021574319991267535,6.018650237227602,91.57585136654417
0.11457704142873956,5.215663260252766,86.4065095760936
0.010571091420542557,7.653384618977643,90.20213494733675
0.0392914011019765,3.8755198373299837,51.503732939880095
0.11743704479874367,3.698243536795516,50.58368120357179
0.25914151550744874,2.4946012744811776,89.05050429508324
0.07578759198334674,1.6989499289239125,82.08991996320562
0.0574308878906777,6.019214385909132,88.64070641450357
0.11345804482506944,1.1612750915644057,80.6567340447087
0.12250134569648322,5.86420576634609,99.94509182382524
0.041701035054188686,5.9143214636444394,72.3394047140461
0.14640188867913348,1.83885090549263,51.37013850620037
0.04598225052918547,0.0953280286501359,53.61416033544501
0.13974281630088145,5.556911377423617,58.388172543238056
0.11163794536341212,6.197376908391501,93.33751956533334
0.01488913305582975,0.4576794016458561,98.35590237219812
0.03296460328202944,7.623679048996909,69.27457974161526
0.0631701525483944,7.911436146009949,83.12088407339404
0.20935340817766623,7.1608594658770865,57.279370047912835
0.10679207569143946,3.1694659132917185,96.7752150473014
0.016668599916872445,3.4915278990463334,83.61732820527027
0.12394554282870629,7.958607287748651,63.71229157348319
0.24302771616490862,3.1246250540776366,72.7437831774613
0.050938867329177816,7.685456530423761,95.13598165517294
0.19521832644232756,3.883404094256978,60.238970129197625
0.03983945388096444,2.2489823285888364,87.29375947787881
0.08431157565763733,0.20189757288974963,51.100555046435375
0.03707671488363716,5.066718269610021,87.23074986004725
0.03791477530606303,2.589803535164515,77.43917587012702
0.03307908613035938,4.676409703496934,67.34778879345863
0.17641809962126864,1.6871006892572638,71.23614595146297
0.01100276744812051,6.370691048986747,88.35742222869374
0.021574319991267535,6.018650237227602,91.57585136654417
0.11181598964349089,5.246453642994841,86.45851641770886
0.010571091420542557,7.653384618977643,90.20213494733675
0.04147831389659623,3.745096128276355,53.33650841930928
0.09193432898309883,3.645927455403695,58.94391453679658
0.17157975581792528,2.114633229198671,85.7264357349337
0.07578759198334674,1.6989499289239125,82.08991996320562
0.0574308878906777,6.019214385909132,88.64070641450357
0.11631554984235937,0.3004227183046897,73.74721505164375
0.12250134569648322,5.86420576634609,99.94509182382524
0.042582507015739526,5.874516673641143,72.10434648714214
0.14640188867913348,1.83885090549263,51.37013850620037
0.053648273952474276,0.8180412235499075,56.337518448325916
0.13974281630088145,5.556911377423617,58.388172543238056
0.11208182348634584,6.47473134420903,93.02262916979107
0.01488913305582975,0.4576794016458561,98.35590237219812
0.03296460328202944,7.623679048996909,69.27457974161526
0.0631701525483944,7.911436146009949,83.12088407339404
0.18950066901307316,6.709945248849001,57.291433067761105
0.111932509930915,2.9529072938396945,98.75029415279674
0.016668599916872445,3.4915278990463334,83.61732820527027
0.12394554282870629,7.958607287748651,63.71229157348319
0.2133381225011379,2.6681892894603436,69.86144976629507
0.050938867329177816,7.685456530423761,95.13598165517294
0.1055771349483231,5.713626713649471,74.78526861513127
0.03983945388096444,2.2489823285888364,87.29375947787881
0.08431157565763733,0.20189757288974963,51.100555046435375
0.05775880425047682,5.16546768663139,81.42041175037365
0.03791477530606303,2.589803535164515,77.43917587012702
0.03249558023513001,4.619439093332404,64.4456120999731
0.13696170881508657,2.4910019170890787,69.37451958076176
0.01100276744812051,6.370691048986747,88.35742222869374
0.01931577898008297,4.139917328865004,93.86644150292751
0.06925719701434274,5.610628584011979,88.87189814857324
0.010571091420542557,7.653384618977643,90.20213494733675
0.04630125160254854,3.457464437752418,57.37844460809127
0.07232771550477902,5.577884848077133,76.25324201703836
0.15818182469437192,2.505142793464474,84.31161630897307
0.07578759198334674,1.6989499289239125,82.08991996320562
0.0574308878906777,6.019214385909132,88.64070641450357
0.11631554984235937,0.3004227183046897,73.74721505164375
0.12250134569648322,5.86420576634609,99.94509182382524
0.03501910635185185,5.949942110555722,71.04939475544455
0.08989458768138495,2.8619922488639022,70.26560544915868
0.0548100994999847,0.4957412955166558,55.86739078405105
0.1583820898142055,7.357584893153379,60.83870214003406
0.11208182348634584,6.47473134420903,93.02262916979107
0.01488913305582975,0.4576794016458561,98.35590237219812
0.03296460328202944,7.623679048996909,69.27457974161526
0.06738242808807829,7.76609104177731,84.31533500251687
0.18950066901307316,6.709945248849001,57.291433067761105
0.111932509930915,2.9529072938396945,98.75029415279674
0.016668599916872445,3.4915278990463334,83.61732820527027
0.11675212301252771,7.934124014770195,66.33248569743841
0.1544387666330711,2.6418708403423774,72.40571307900005
0.050938867329177816,7.685456530423761,95.13598165517294
0.1055771349483231,5.713626713649471,74.78526861513127
0.03983945388096444,2.2489823285888364,87.29375947787881
0.08431157565763733,0.20189757288974963,51.100555046435375
0.046819388584598665,4.8557943913489945,85.30030480088607
0.034512828930375244,1.6274910593141443,89.64783016735579
0.03249558023513001,4.619439093332404,64.4456120999731
0.13314839632273312,2.8825597393192455,70.03194054729592
0.01100276744812051,6.370691048986747,88.35742222869374
0.01931577898008297,4.139917328865004,93.86644150292751
0.06925719701434274,5.610628584011979,88.87189814857324
0.010571091420542557,7.653384618977643,90.20213494733675
0.0425425367654914,3.898863730673061,60.83140679064604
0.07232771550477902,5.577884848077133,76.25324201703836
0.11396848814119777,4.047250836503608,86.21138542156973
0.07578759198334674,1.6989499289239125,82.08991996320562
0.0574308878906777,6.019214385909132,88.64070641450357
0.11631554984235937,0.3004227183046897,73.74721505164375
0.12250134569648322,5.86420576634609,99.94509182382524
0.023287423704477336,4.670996752466931,53.299367354374496
0.1146248715596496,0.45687514208791935,56.26777198918959
0.0548100994999847,0.4957412955166558,55.86739078405105
0.1583820898142055,7.357584893153379,60.83870214003406
0.10998759221563148,6.422021966028035,93.04167857719088
0.01488913305582975,0.4576794016458561,98.35590237219812
0.03296460328202944,7.623679048996909,69.27457974161526
0.06738242808807829,7.76609104177731,84.31533500251687
0.16521320019166655,6.39768768063025,71.78795769468951
0.11165013121937281,2.983415444867412,98.65879880649413
0.016668599916872445,3.4915278990463334,83.61732820527027
0.11675212301252771,7.934124014770195,66.33248569743841
0.18475928973705824,1.5577112865198055,70.98496534217253
0.050938867329177816,7.685456530423761,95.13598165517294
0.12108416059637656,5.77693466386854,74.10062805373184
0.02515522049270027,0.5709746731542262,86.50601187758012
0.08431157565763733,0.20189757288974963,51.100555046435375
0.04872363100660189,5.281861984066072,96.19493374327843
0.03516339865493,1.668818471492453,89.67708411833306
0.03249558023513001,4.619439093332404,64.4456120999731
0.14508596151012673,2.676563411376227,70.69448693785161
0.01100276744812051,6.370691048986747,88.35742222869374
0.01931577898008297,4.139917328865004,93.86644150292751
0.07208138523411413,3.918951919787818,85.93890818567317
0.010571091420542557,7.653384618977643,90.20213494733675
0.0425425367654914,3.898863730673061,60.83140679064604
0.04684423608232502,7.259269535344545,61.73298594892464
0.08628720816812487,4.24165783315633,78.81623431391318
0.07578759198334674,1.6989499289239125,82.08991996320562
0.061026487438969615,5.172987260842528,87.35757820770036
0.16961637262359008,0.21778240747153776,60.81504882406004
0.11843963529998584,5.796332317607605,99.70581691367312
0.023287423704477336,4.670996752466931,53.299367354374496
0.11714705570305449,0.4780902677553615,56.697704540261434
0.0548100994999847,0.4957412955166558,55.86739078405105
0.14963004358070622,5.822041355317728,64.65266756167566
0.10032560195232881,5.533147887868231,87.24235888315395
0.021777398342742844,1.9238351256602986,90.46143982908605
0.03296460328202944,7.623679048996909,69.27457974161526
0.06898078548537152,7.978896072756799,83.29770002630386
0.1627878466939807,6.738494655363567,67.90047618887758
0.11165013121937281,2.983415444867412,98.65879880649413
0.020457961682528475,3.5773454178338087,84.21637000286336
0.11675212301252771,7.934124014770195,66.33248569743841
0.1363507644828444,3.4921963497246766,70.4395098557346
0.050938867329177816,7.685456530423761,95.13598165517294
0.14268654239794262,6.858987051214549,69.16657691532832
0.02515522049270027,0.5709746731542262,86.50601187758012
0.08431157565763733,0.20189757288974963,51.100555046435375
0.04872363100660189,5.281861984066072,96.19493374327843
0.03563820142864274,0.38293968799199973,94.0827535990602
0.03249558023513001,4.619439093332404,64.4456120999731
0.249912524116702,1.9189015574956834,59.321019309116096
0.01100276744812051,6.370691048986747,88.35742222869374
0.01931577898008297,4.139917328865004,93.86644150292751
0.07642596836005851,3.665448264865864,84.03126949991533
0.010571091420542557,7.653384618977643,90.20213494733675
0.036862775677246225,3.8950011523810026,56.00370981396747
0.04684423608232502,7.259269535344545,61.73298594892464
0.0638322713962102,3.5087709703427277,82.02029460985888
0.07716550639589495,1.7779831364719187,83.81235656605892
0.06525795209066747,5.255084878247277,90.75568868463253
0.1688745620163494,0.326060952906313,60.892471528961096
0.11074742414035837,5.690997385637871,96.54993904924123
0.023287423704477336,4.670996752466931,53.299367354374496
0.10720657077220855,1.175977293566366,62.43582147089665
0.061061135202559985,0.4864423617709216,56.14277856436211
0.14963004358070622,5.822041355317728,64.65266756167566
0.10032560195232881,5.533147887868231,87.24235888315395
0.022170959654818058,1.766208847216459,90.00057974074976
0.041318603010981614,7.131024784517264,72.39428630695647
0.06898078548537152,7.978896072756799,83.29770002630386
0.1627878466939807,6.738494655363567,67.90047618887758
0.11165013121937281,2.983415444867412,98.65879880649413
0.020457961682528475,3.5773454178338087,84.21637000286336
0.12548832191563355,7.571956263022274,67.28717005805903
0.1252325036997644,1.541501273174105,75.2846239061098
0.050938867329177816,7.685456530423761,95.13598165517294
0.14268654239794262,6.858987051214549,69.16657691532832
0.02515522049270027,0.5709746731542262,86.50601187758012
0.08431157565763733,0.20189757288974963,51.100555046435375
0.05949060081102704,4.525950317172402,89.97973074702455
0.033715522189692794,0.8502553942580704,93.63591853333268
0.03249558023513001,4.619439093332404,64.4456120999731
0.19946891992423113,3.1793327324435254,62.482485867901005
0.012869374480246656,6.112428932396641,83.03048345275475
0.01931577898008297,4.139917328865004,93.86644150292751
0.07642596836005851,3.665448264865864,84.03126949991533
0.037266812436194716,5.856078279832971,81.80976493260556
0.03522852639065148,3.431002664509765,60.26150442618133
0.04515628926322281,6.9487252275699145,62.05209379650542
0.06556141015186522,2.4836267534115994,78.11637851320216
0.08667442594855183,0.5436298624627294,85.09040896484181
0.059133306997680234,6.294618065010076,92.62925395048097
0.1688745620163494,0.326060952906313,60.892471528961096
0.11074742414035837,5.690997385637871,96.54993904924123
0.012521114519459725,4.544249248809912,53.16851018617701
0.10720657077220855,1.175977293566366,62.43582147089665
0.061061135202559985,0.4864423617709216,56.14277856436211
0.2096371214762347,6.864818107019785,55.5643212327941
0.10032560195232881,5.533147887868231,87.24235888315395
0.010607156891720843,1.3614088011061352,91.27286644577573
0.04980744609830155,7.10824356152109,72.12398862977469
0.06898078548537152,7.978896072756799,83.29770002630386
0.2006041136074027,7.468242926040729,56.190397538964646
0.11165013121937281,2.983415444867412,98.65879880649413
0.010411556402937755,3.0158667313567236,82.5976237729389
0.1263291666222898,7.578984351214139,67.05583838764538
0.1026513006386491,2.2346958138034383,70.41481025185203
0.04506691481111038,6.899764671435723,89.41256169724456
0.14268654239794262,6.858987051214549,69.16657691532832
0.02515522049270027,0.5709746731542262,86.50601187758012
0.08431157565763733,0.20189757288974963,51.100555046435375
0.07475907168954503,4.902547999241013,88.95620971313116
0.033715522189692794,0.8502553942580704,93.63591853333268
0.03249558023513001,4.619439093332404,64.4456120999731
0.19946891992423113,3.1793327324435254,62.482485867901005
0.012869374480246656,6.112428932396641,83.03048345275475
0.01931577898008297,4.139917328865004,93.86644150292751
0.05521434634044611,2.9229186880889872,86.36504025340065
0.04935714322032886,4.4029746742640805,73.91761115779451
0.03818413770246619,3.1240845641241974,61.98474319437835
0.04515628926322281,6.9487252275699145,62.05209379650542
0.05520745842118743,3.196684089733625,79.08199703021495
0.07956470082627154,0.9219803380507945,81.70261857758757
0.06660585166268584,6.156482524952723,91.65203687528238
0.1688745620163494,0.326060952906313,60.892471528961096
0.11074742414035837,5.690997385637871,96.54993904924123
0.010832631332879879,4.419846137916587,52.70889010813583
0.10720657077220855,1.175977293566366,62.43582147089665
0.061061135202559985,0.4864423617709216,56.14277856436211
0.2096371214762347,6.864818107019785,55.5643212327941
0.15631861930412833,5.1622687119032955,89.93897204467231
0.010607156891720843,1.3614088011061352,91.27286644577573
0.0503592128198564,7.187567159153907,72.36871514730883
0.06898078548537152,7.978896072756799,83.29770002630386
0.20824379516508018,7.4386035947534985,54.6170354165686
0.08676064020918792,3.338036704684935,87.31483728439503
0.010411556402937755,3.0158667313567236,82.5976237729389
0.13445467008537268,6.193789698665352,65.87873195131685
0.07877507128462113,2.5640921889560393,67.29262827009916
0.04506691481111038,6.899764671435723,89.41256169724456
0.14268654239794262,6.858987051214549,69.16657691532832
0.02515522049270027,0.5709746731542262,86.50601187758012
0.08431157565763733,0.20189757288974963,51.100555046435375
0.07335846752775887,4.76068481096545,88.7705226459369
0.03964972297542772,0.29879678777868124,96.44674730126418
0.026652969044973857,4.081467583888772,61.42670569336988
0.21543553398131055,3.489982464559517,63.21382955607582
0.012869374480246656,6.112428932396641,83.03048345275475
0.01931577898008297,4.139917328865004,93.86644150292751
0.05586362527087031,2.352605557423141,88.23677435838749
0.04935714322032886,4.4029746742640805,73.91761115779451
0.03818413770246619,3.1240845641241974,61.98474319437835
0.04381873645332538,7.759292755182297,58.27411049845898
0.06048641201673354,2.8659911553888247,82.4839524396416
0.07956470082627154,0.9219803380507945,81.70261857758757
0.06660585166268584,6.156482524952723,91.65203687528238
0.1688745620163494,0.326060952906313,60.892471528961096
0.0863126537977478,3.1314963751503693,76.67846730618014
0.010832631332879879,4.419846137916587,52.70889010813583
0.10981607371843588,1.4028466114160598,64.03644578694423
0.057188121666093654,1.06080585195979,62.274790322470494
0.2096371214762347,6.864818107019785,55.5643212327941
0.15385832232384755,5.231865050395788,91.0512051123369
0.010607156891720843,1.3614088011061352,91.27286644577573
0.047214526362772,5.703908569284934,77.6213899777675
0.0654675909006049,7.338703619028924,81.61839518715172
0.20824379516508018,7.4386035947534985,54.6170354165686
0.09330597506270913,2.778894963884528,86.98552373466029
0.010411556402937755,3.0158667313567236,82.5976237729389
0.12262786709975608,5.982820636500099,68.75356532610478
0.07889618590970918,2.568594172402795,67.24922975783318
0.042945201275797484,6.661979832156838,88.99532907578343
0.17451781026633412,7.560542543675834,62.79368933467929
0.02515522049270027,0.5709746731542262,86.50601187758012
0.08431157565763733,0.20189757288974963,51.100555046435375
0.07335846752775887,4.76068481096545,88.7705226459369
0.03964972297542772,0.29879678777868124,96.44674730126418
0.026652969044973857,4.081467583888772,61.42670569336988
0.2286278329750981,3.135633868022359,62.42637467136169
0.025694945403161952,6.480242243681148,79.38300798683066
0.01931577898008297,4.139917328865004,93.86644150292751
0.03918231578663299,0.0565051010104165,87.72784605594524
0.05509551923336806,6.829089475405418,60.59989633978341
0.03818413770246619,3.1240845641241974,61.98474319437835
0.04381873645332538,7.759292755182297,58.27411049845898
0.0421120541832308,3.2965694650352217,86.14421969588219
0.07956470082627154,0.9219803380507945,81.70261857758757
0.08154862564628768,6.793679218444417,90.95232664051008
0.1688745620163494,0.326060952906313,60.892471528961096
0.060908039657186316,3.9947395575834483,81.53587843193736
0.010832631332879879,4.419846137916587,52.70889010813583
0.1500792103707004,0.37930877950532116,52.86040075885902
0.057188121666093654,1.06080585195979,62.274790322470494
0.14747892501805618,5.665329048495795,66.41858816542577
0.17430457768789676,5.784295717257285,91.01956736464979
0.010607156891720843,1.3614088011061352,91.27286644577573
0.04797784820877041,5.241889512496236,81.97036370140975
0.0609953457557101,7.010089856207269,82.29019971702385
0.20309972081759592,7.2139867060815375,55.62450602584412
0.12222781846257763,2.486436394640867,87.46081578581027
0.010411556402937755,3.0158667313567236,82.5976237729389
0.1301816494647087,5.801185273759644,74.14674698127887
0.07889618590970918,2.568594172402795,67.24922975783318
0.04286286423446635,6.680456933703855,89.2146837687461
0.1401560225510819,6.260972849485176,68.76398728694242
0.029716821503647545,0.5632011983940883,85.69304717631218
0.08431157565763733,0.20189757288974963,51.100555046435375
0.026662503213310457,4.487364868937662,87.44755545135783
0.03964972297542772,0.29879678777868124,96.44674730126418
0.03162012596780803,2.4858041647814466,71.85357743090628
0.24655599458572314,3.4047617243529738,59.19889642764531
0.03197540544095401,7.903870992562679,78.06201393366536
0.020783876891088654,3.9425561781122926,91.23996812797911
0.03918231578663299,0.0565051010104165,87.72784605594524
0.05509551923336806,6.829089475405418,60.59989633978341
0.037684309015651146,2.7441570519786276,59.07576671407969
0.04381873645332538,7.759292755182297,58.27411049845898
0.030837484892807847,3.410578256173708,85.95893713661413
0.08467329821310406,0.08059239746465341,81.74827563619141
0.08154862564628768,6.793679218444417,90.95232664051008
0.1688745620163494,0.326060952906313,60.892471528961096
0.060908039657186316,3.9947395575834483,81.53587843193736
0.010832631332879879,4.419846137916587,52.70889010813583
0.1500792103707004,0.37930877950532116,52.86040075885902
0.04120189248955269,1.5670357957981713,68.86074674420715
0.17935609936030444,5.95587828192247,69.61681933120252
0.17430457768789676,5.784295717257285,91.01956736464979
0.012071079446630044,1.4380474618413288,90.98948779342085
0.04797784820877041,5.241889512496236,81.97036370140975
0.06370606374275356,6.957422289684779,81.95287598181675
0.20309972081759592,7.2139867060815375,55.62450602584412
0.12222781846257763,2.486436394640867,87.46081578581027
0.010411556402937755,3.0158667313567236,82.5976237729389
0.1301816494647087,5.801185273759644,74.14674698127887
0.069542889404931,4.562999732273012,66.20002553525327
0.0445577083836299,6.015587014144399,86.02738182988503
0.15163591260667578,6.424407569438991,70.18917996638272
0.029716821503647545,0.5632011983940883,85.69304717631218
0.08431157565763733,0.20189757288974963,51.100555046435375
0.026662503213310457,4.487364868937662,87.44755545135783
0.03964972297542772,0.29879678777868124,96.44674730126418
0.03252651411880441,2.1946334934043032,73.75623384818525
0.18456878493220139,2.8693335095966495,64.33557709380577
0.03730517846854664,7.104007480893907,81.43608648314533
0.020783876891088654,3.9425561781122926,91.23996812797911
0.03918231578663299,0.0565051010104165,87.72784605594524
0.05893958959313683,6.823943784117188,65.01060243398285
0.03859709623652293,1.6084708071108547,76.43178138047966
0.04115993838189759,7.252223666525486,62.79528353758262
0.030837484892807847,3.410578256173708,85.95893713661413
0.08467329821310406,0.08059239746465341,81.74827563619141
0.023718136467178186,7.42299885085775,90.91040411279981
0.1688745620163494,0.326060952906313,60.892471528961096
0.060908039657186316,3.9947395575834483,81.53587843193736
0.010832631332879879,4.419846137916587,52.70889010813583
0.13275205725720066,0.8197860548886697,57.66998738092137
0.04120189248955269,1.5670357957981713,68.86074674420715
0.2763151445259526,7.186924840749793,56.39533685360651
0.1835747384958345,5.865727501276057,91.24384709630436
0.01469458187638564,2.1921777792699606,91.06490969671984
0.045992924887228115,4.733328975410802,82.37500914481086
0.0676321057997977,7.38108097322301,81.47436534560616
0.21098811187310068,7.335013680486098,53.3920275592679
0.12776524089162572,2.6484627008563955,87.4430103736033
0.010411556402937755,3.0158667313567236,82.5976237729389
0.1301816494647087,5.801185273759644,74.14674698127887
0.0563767839443082,2.6848800019623424,79.52185042618812
0.0445577083836299,6.015587014144399,86.02738182988503
0.03837132206376617,5.7317003303309395,82.72016823228151
0.01680632542103412,0.6486418073681814,93.87343448735152
0.08431157565763733,0.20189757288974963,51.100555046435375
0.02745374024115193,4.639106926730584,87.20840075262838
0.03964972297542772,0.29879678777868124,96.44674730126418
0.037270536728755646,2.495524432378934,75.05661531474149
0.15351469518979688,2.7905253718758862,66.59583535963964
0.03730517846854664,7.104007480893907,81.43608648314533
0.026719235758398976,4.39077397477636,87.15982685342158
0.03918231578663299,0.0565051010104165,87.72784605594524
0.05893958959313683,6.823943784117188,65.01060243398285
0.03859709623652293,1.6084708071108547,76.43178138047966
0.04115993838189759,7.252223666525486,62.79528353758262
0.030837484892807847,3.410578256173708,85.95893713661413
0.08494581212814933,0.06373619287825294,81.72696150012396
0.023718136467178186,7.42299885085775,90.91040411279981
0.17277484653268613,0.14542500186380813,58.67100666699832
0.055651475999058855,3.6613405616435557,80.09500461644087
0.010832631332879879,4.419846137916587,52.70889010813583
0.13275205725720066,0.8197860548886697,57.66998738092137
0.04120189248955269,1.5670357957981713,68.86074674420715
0.2763151445259526,7.186924840749793,56.39533685360651
0.16889207248766547,4.363661608891797,79.20465871555474
0.01469458187638564,2.1921777792699606,91.06490969671984
0.03878905759375374,4.104583083028922,84.07856520466952
0.0676321057997977,7.38108097322301,81.47436534560616
0.21098811187310068,7.335013680486098,53.3920275592679
0.12776524089162572,2.6484627008563955,87.4430103736033
0.010411556402937755,3.0158667313567236,82.5976237729389
0.11038837515713476,6.085339603132011,71.60844003922433
0.0563767839443082,2.6848800019623424,79.52185042618812
0.043301450521071434,4.3502610184886565,79.60101012751693
0.045727352687645946,6.467866146801892,79.69609418335818
0.01680632542103412,0.6486418073681814,93.87343448735152
0.08431157565763733,0.20189757288974963,51.100555046435375
0.02745374024115193,4.639106926730584,87.20840075262838
0.03964972297542772,0.29879678777868124,96.44674730126418
0.037270536728755646,2.495524432378934,75.05661531474149
0.2195966111573352,2.6864676348656413,59.20655762455846
0.051989677025654706,4.947832384611252,71.95946001846369
0.02585784916867924,5.261094344686088,88.23633137441063
0.03588455161545621,1.6274231984798586,88.40653230988575
0.05893958959313683,6.823943784117188,65.01060243398285
0.06023795274184138,2.5616964561232427,59.11012188998272
0.04115993838189759,7.252223666525486,62.79528353758262
0.02634696319838891,4.997103045940187,83.78124069852068
0.08494581212814933,0.06373619287825294,81.72696150012396
0.023718136467178186,7.42299885085775,90.91040411279981
0.1232947407791365,2.8171979372958056,60.221512294215195
0.05858720306840313,2.6299379924125974,86.61741031746601
0.010832631332879879,4.419846137916587,52.70889010813583
0.13275205725720066,0.8197860548886697,57.66998738092137
0.04120189248955269,1.5670357957981713,68.86074674420715
0.1980458009725114,7.208658980988828,58.525502857352016
0.16516105862377783,4.281946243772,78.90241715733545
0.014819881715221736,2.189510059360793,91.0707327399532
0.044818024026163306,3.655521540248192,84.85169882881308
0.06045126981033658,7.355046358194146,83.91466478649093
0.19882550193749104,6.524722254200384,60.1625461937235
0.1791398240941628,0.5217894477352853,82.32006507711907
0.010411556402937755,3.0158667313567236,82.5976237729389
0.10170591910060106,5.659063154852268,72.01789730640311
0.05827306022308629,2.7473641717882193,79.65186490737491
0.04116700522616469,4.012628739107068,81.59245085513298
0.045727352687645946,6.467866146801892,79.69609418335818
0.017168601367077686,0.6966292804539833,93.78505641484755
0.08431157565763733,0.20189757288974963,51.100555046435375
0.02745374024115193,4.639106926730584,87.20840075262838
0.06805193581600626,1.0561629469489007,93.5445791176395
0.010004786789796119,1.1568770533441741,76.34244496765234
0.2195966111573352,2.6864676348656413,59.20655762455846
0.053660062114559134,4.360979645372817,75.67061196461893
0.017802454625771857,7.200420143865218,98.408225146599
0.03588455161545621,1.6274231984798586,88.40653230988575
0.05893958959313683,6.823943784117188,65.01060243398285
0.06023795274184138,2.5616964561232427,59.11012188998272
0.04115993838189759,7.252223666525486,62.79528353758262
0.022098737276493148,4.75898685103454,86.22786500796227
0.08494581212814933,0.06373619287825294,81.72696150012396
0.021173452693038004,5.947883321564887,90.95397539598532
0.11507847303287036,2.7839062228868867,60.07669868388027
0.06306462140765302,1.0568964018482405,96.56504448507987
0.010832631332879879,4.419846137916587,52.70889010813583
0.13275205725720066,0.8197860548886697,57.66998738092137
0.04120189248955269,1.5670357957981713,68.86074674420715
0.1980458009725114,7.208658980988828,58.525502857352016
0.22645310826402884,3.420866707966227,79.9624094494801
0.014819881715221736,2.189510059360793,91.0707327399532
0.04397267464348486,3.1672925815034128,81.11346604156427
0.08857205726306021,7.32512853889288,78.72577231975045
0.2662448788303656,7.780281402362577,52.13469588443407
0.2118091621144602,0.6806561984117631,82.52577137238646
0.010411556402937755,3.0158667313567236,82.5976237729389
0.10340867773754436,6.1932733628078465,74.06552763587479
0.05408827324700978,2.538028459382703,81.28825877210171
0.04116700522616469,4.012628739107068,81.59245085513298
0.04771845272763855,5.931873520840195,76.87135019596013
0.017168601367077686,0.6966292804539833,93.78505641484755
0.08431157565763733,0.20189757288974963,51.100555046435375
0.024726288083052935,5.613416861971771,86.82079315990154
0.06805193581600626,1.0561629469489007,93.5445791176395
0.010004786789796119,1.1568770533441741,76.34244496765234
0.2195966111573352,2.6864676348656413,59.20655762455846
0.07186405161929724,4.167780991426808,67.6559891182919
0.017802454625771857,7.200420143865218,98.408225146599
0.03588455161545621,1.6274231984798586,88.40653230988575
0.056608599774301376,7.01095076475143,65.32385344741382
0.06023795274184138,2.5616964561232427,59.11012188998272
0.04115993838189759,7.252223666525486,62.79528353758262
0.022098737276493148,4.75898685103454,86.22786500796227
0.08494581212814933,0.06373619287825294,81.72696150012396
0.01758662618154185,6.695357674394771,93.0931650952874
0.1185195741328116,2.044054603577635,57.003922015885394
0.10259547317041481,2.3056076272823764,89.72622893311372
0.010832631332879879,4.419846137916587,52.70889010813583
0.10780788608052932,0.1273519748273202,51.73551827896634
0.04120189248955269,1.5670357957981713,68.86074674420715
0.1873032017594476,6.546845622869201,57.82419031673579
0.22645310826402884,3.420866707966227,79.9624094494801
0.014819881715221736,2.189510059360793,91.0707327399532
0.0261356337687131,2.4970603003932554,89.35783731312189
0.07632951748145497,7.303555046456427,82.1306693765738
0.2662448788303656,7.780281402362577,52.13469588443407
0.17693018360461302,0.6951645335939274,69.90440291059933
0.010411556402937755,3.0158667313567236,82.5976237729389
0.11281674428777408,5.475551369437237,71.11041449527389
0.060958982361619146,0.032689271026011824,91.11627257478665
0.03461097802050784,5.3309705728223955,78.43771629432825
0.04771845272763855,5.931873520840195,76.87135019596013
0.017168601367077686,0.6966292804539833,93.78505641484755
0.08431157565763733,0.20189757288974963,51.100555046435375
0.024726288083052935,5.613416861971771,86.82079315990154
0.06805193581600626,1.0561629469489007,93.5445791176395
0.010004786789796119,1.1568770533441741,76.34244496765234
0.2195966111573352,2.6864676348656413,59.20655762455846
0.07233674622274677,4.233081269750939,68.00344748443835
0.017802454625771857,7.200420143865218,98.408225146599
0.03588455161545621,1.6274231984798586,88.40653230988575
0.056608599774301376,7.01095076475143,65.32385344741382
0.06398063184845039,2.1833122529345435,62.53605902775479
0.046575812480256024,7.264235292414165,54.53774989053301
0.020599042470601965,4.229586182770974,87.22566246693756
0.08494581212814933,0.06373619287825294,81.72696150012396
0.01102197767791506,7.690161242583645,98.86037334797885
0.1351163136358826,0.7125575211952846,54.773562437745284
0.10259547317041481,2.3056076272823764,89.72622893311372
0.010832631332879879,4.419846137916587,52.70889010813583
0.10780788608052932,0.1273519748273202,51.73551827896634
0.04120189248955269,1.5670357957981713,68.86074674420715
0.2127418234000436,7.858430430880388,51.121036913860664
0.22645310826402884,3.420866707966227,79.9624094494801
0.014819881715221736,2.189510059360793,91.0707327399532
0.04361701995970502,1.8073830092672163,77.86184250484428
0.07632951748145497,7.303555046456427,82.1306693765738
0.2662448788303656,7.780281402362577,52.13469588443407
0.1974095388463221,0.6949767721129372,66.84321398352347
0.028599219427449772,3.3733672560586956,78.31125886670388
0.11281674428777408,5.475551369437237,71.11041449527389
0.060958982361619146,0.032689271026011824,91.11627257478665
0.011709602616829046,5.997442755616291,84.77182474235725
0.06826759408392398,4.704698608945887,71.67567881927181
0.017168601367077686,0.6966292804539833,93.78505641484755
0.08431157565763733,0.20189757288974963,51.100555046435375
0.024726288083052935,5.613416861971771,86.82079315990154
0.06814998595639353,2.714988445831426,83.6017711507862
0.010004786789796119,1.1568770533441741,76.34244496765234
0.21458996356369373,2.2370756287463576,60.92981550406248
0.07233674622274677,4.233081269750939,68.00344748443835
0.01960509665787087,6.999929696577823,96.26647373785937
0.03588455161545621,1.6274231984798586,88.40653230988575
0.056608599774301376,7.01095076475143,65.32385344741382
0.0613653551207113,2.2239580982078517,63.515477525531125
0.046575812480256024,7.264235292414165,54.53774989053301
0.0200235009597189,3.6368451060169438,88.3261633615248
0.08494581212814933,0.06373619287825294,81.72696150012396
0.01102197767791506,7.690161242583645,98.86037334797885
0.1351163136358826,0.7125575211952846,54.773562437745284
0.10259547317041481,2.3056076272823764,89.72622893311372
0.010832631332879879,4.419846137916587,52.70889010813583
0.07884203973345519,2.040031995449114,63.967765921541755
0.04120189248955269,1.5670357957981713,68.86074674420715
0.2127418234000436,7.858430430880388,51.121036913860664
0.2657363672772499,2.9495308976372936,79.08261796948709
0.014819881715221736,2.189510059360793,91.0707327399532
0.01528664670672987,1.5680601951920017,72.16276974806044
0.07632951748145497,7.303555046456427,82.1306693765738
0.20642946318411076,6.4502055725847125,61.39779722619996
0.1974095388463221,0.6949767721129372,66.84321398352347
0.038080409963556286,4.187947454602856,69.53180912396374
0.0940501133083709,5.28128551832633,67.72425357641936
0.060958982361619146,0.032689271026011824,91.11627257478665
0.011709602616829046,5.997442755616291,84.77182474235725
0.11539486483759259,4.938429404336807,87.23855105080436
0.03415000473658753,2.5930649483531445,90.4398099190243
0.08431157565763733,0.20189757288974963,51.100555046435375
0.024726288083052935,5.613416861971771,86.82079315990154
0.06758210683523302,2.7217376265880557,83.50080141616166
0.010004786789796119,1.1568770533441741,76.34244496765234
0.21458996356369373,2.2370756287463576,60.92981550406248
0.07233674622274677,4.233081269750939,68.00344748443835
0.01856000566708335,5.949334000247466,95.13172385254471
0.02144606428493548,0.7204218169562493,93.54051212144542
0.04189750057935358,6.792678437015525,52.786569941818414
0.0613653551207113,2.2239580982078517,63.515477525531125
0.046547534631487156,7.265190969438418,54.52431308374541
0.015939769696008268,1.920461254681213,89.6333727236762
0.08636213797121482,0.13819330336020474,81.48995248303558
0.01102197767791506,7.690161242583645,98.86037334797885
0.12098383370812796,0.7627474359689124,57.20996304048914
0.10259547317041481,2.3056076272823764,89.72622893311372
0.010832631332879879,4.419846137916587,52.70889010813583
0.07884203973345519,2.040031995449114,63.967765921541755
0.03398077708534719,1.4762933201830317,69.79944602617542
0.18722030033807058,6.336932315406136,51.11696677881822
0.15404065487979623,3.55713994598944,74.39666812411282
0.014819881715221736,2.189510059360793,91.0707327399532
0.01528664670672987,1.5680601951920017,72.16276974806044
0.07632951748145497,7.303555046456427,82.1306693765738
0.19510307920598402,6.058698964849624,61.625942379287594
0.1974095388463221,0.6949767721129372,66.84321398352347
0.058673291374416355,2.774918203835427,57.630928343073215
0.09378765327441313,5.288828695860824,67.69506160543702
0.060958982361619146,0.032689271026011824,91.11627257478665
0.011709602616829046,5.997442755616291,84.77182474235725
0.09936461228731171,5.102158087772878,86.85718300630218
0.044553703558930874,2.8102629205916045,90.10023986032202
0.08431157565763733,0.20189757288974963,51.100555046435375
0.024726288083052935,5.613416861971771,86.82079315990154
0.06758210683523302,2.7217376265880557,83.50080141616166
0.010004786789796119,1.1568770533441741,76.34244496765234
0.34288089910438907,0.43697974469161727,54.550466893211855
0.09736540254126626,3.504701296279025,61.08097140448717
0.0311951134292498,5.401483470631067,94.31898355557253
0.02144606428493548,0.7204218169562493,93.54051212144542
0.040913981882694336,7.1414748112906,50.80886539568041
0.0613653551207113,2.2239580982078517,63.515477525531125
0.03924720522145962,5.934744711990119,58.64340734120627
0.015939769696008268,1.920461254681213,89.6333727236762
0.07084019559631022,0.12011374495183835,83.12005993048942
0.01102197767791506,7.690161242583645,98.86037334797885
0.14097737269756405,0.09894764160518577,58.02695255332921
0.08473480819393521,3.08003511542496,90.87509781736419
0.010832631332879879,4.419846137916587,52.70889010813583
0.08110922162993342,1.8800841767427072,62.52356507809989
0.03398077708534719,1.4762933201830317,69.79944602617542
0.1593475079065619,6.283018097324025,56.461682984205964
0.15404065487979623,3.55713994598944,74.39666812411282
0.014819881715221736,2.189510059360793,91.0707327399532
0.014371292773188209,1.5725535398037611,72.27848936813618
0.05324150603494126,6.287031846593897,71.75933088293041
0.19510307920598402,6.058698964849624,61.625942379287594
0.1938589034808379,0.852386502829888,66.87240280088263
0.058673291374416355,2.774918203835427,57.630928343073215
0.09378765327441313,5.288828695860824,67.69506160543702
0.05984450892793691,0.05208696902519294,91.18464896162777
0.02189424834095236,5.1844404088199845,80.04840003953797
0.1259861000904881,6.019294181750986,85.53041832110608
0.044553703558930874,2.8102629205916045,90.10023986032202
0.08431157565763733,0.20189757288974963,51.100555046435375
0.024726288083052935,5.613416861971771,86.82079315990154
0.06758210683523302,2.7217376265880557,83.50080141616166
0.010004786789796119,1.1568770533441741,76.34244496765234
0.2527606687647296,0.9184098057581693,64.58279196604937
0.11733781621965408,2.536547234586245,52.3420796436882
0.04012654500284739,7.153368344076841,96.09065496763161
0.02144606428493548,0.7204218169562493,93.54051212144542
0.040913981882694336,7.1414748112906,50.80886539568041
0.06717253172967354,1.5934241799000501,59.43839603651998
0.04479268791220787,5.869070222414155,59.56374800280469
0.01605193175829894,1.8935147481489192,89.48941433993987
0.07084019559631022,0.12011374495183835,83.12005993048942
0.01102197767791506,7.690161242583645,98.86037334797885
0.14097737269756405,0.09894764160518577,58.02695255332921
0.08473480819393521,3.08003511542496,90.87509781736419
0.010832631332879879,4.419846137916587,52.70889010813583
0.07965781812350838,1.3997169398288791,51.173811513017945
0.03398077708534719,1.4762933201830317,69.79944602617542
0.1593475079065619,6.283018097324025,56.461682984205964
0.22438570117830006,4.214380058517417,65.4610114210377
0.014898583649774541,2.33140222992124,95.38561458240864
0.014476536515530866,1.570491023647505,72.24662153787898
0.05197029950820125,6.6030733671226365,70.7185213531745
0.16957137092744087,5.12279613598732,61.82698690376984
0.1938589034808379,0.852386502829888,66.87240280088263
0.058673291374416355,2.774918203835427,57.630928343073215
0.10373836182408334,4.125900408210134,61.207928194728325
0.05984450892793691,0.05208696902519294,91.18464896162777
0.017472468624877408,4.729461636088299,86.84611783678943
0.1259861000904881,6.019294181750986,85.53041832110608
0.032456808859601234,2.421171106040055,89.84098959155233
0.1017298735013105,2.633338559605475,65.49087194618687
0.024726288083052935,5.613416861971771,86.82079315990154
0.06758210683523302,2.7217376265880557,83.50080141616166
0.010004786789796119,1.1568770533441741,76.34244496765234
0.2527606687647296,0.9184098057581693,64.58279196604937
0.11733781621965408,2.536547234586245,52.3420796436882
0.04012654500284739,7.153368344076841,96.09065496763161
0.02144606428493548,0.7204218169562493,93.54051212144542
0.040913981882694336,7.1414748112906,50.80886539568041
0.06885444613465565,1.9471890804801921,52.15205406631069
0.043780065933449464,5.645755938537331,61.0374351047561
0.01605193175829894,1.8935147481489192,89.48941433993987
0.05782966088755601,0.9000862593271945,85.39820409817763
0.04512629932801959,6.41472047441583,92.89370096119778
0.17777192610541415,0.03209961434960232,62.52443986144622
0.08473480819393521,3.08003511542496,90.87509781736419
0.010832631332879879,4.419846137916587,52.70889010813583
0.06541338330381723,2.4923821877565775,60.41752102217965
0.02143417959888934,1.3068778349877574,76.14849760698596
0.1593475079065619,6.283018097324025,56.461682984205964
0.2500809019833583,3.8044406534870494,67.51304339518626
0.015394529063744007,2.497025862214704,94.95339931435718
0.014476536515530866,1.570491023647505,72.24662153787898
0.05197029950820125,6.6030733671226365,70.7185213531745
0.20408568856124404,6.831709430562009,68.09432030148749
0.17616798098329722,0.9371736159400417,64.44052957546448
0.07452571610088135,0.8493666839985021,59.15416332557911
0.13621118444838265,4.952617421479029,50.734475432926494
0.05984450892793691,0.05208696902519294,91.18464896162777
0.017472468624877408,4.729461636088299,86.84611783678943
0.12103449897289223,5.666364784922946,82.63751510014666
0.032456808859601234,2.421171106040055,89.84098959155233
0.08199766819553904,3.4212174261778,62.417722727621445
0.024726288083052935,5.613416861971771,86.82079315990154
0.0777535086101071,0.1929704945598134,91.8287101198828
0.010004786789796119,1.1568770533441741,76.34244496765234
0.23803540685744415,1.662624404048529,64.09498941977881
0.11733781621965408,2.536547234586245,52.3420796436882
0.04012654500284739,7.153368344076841,96.09065496763161
0.023439655061500263,1.1046279989089225,92.04996829731078
0.040913981882694336,7.1414748112906,50.80886539568041
0.06885444613465565,1.9471890804801921,52.15205406631069
0.039325330556844076,5.125063118627233,55.771812702026956
0.01605193175829894,1.8935147481489192,89.48941433993987
0.054937377886976654,3.7151801913243387,78.15205659021385
0.04512629932801959,6.41472047441583,92.89370096119778
0.17777192610541415,0.03209961434960232,62.52443986144622
0.09987081185388406,2.4410379310763592,91.89771877219714
0.010832631332879879,4.419846137916587,52.70889010813583
0.06541338330381723,2.4923821877565775,60.41752102217965
0.02143417959888934,1.3068778349877574,76.14849760698596
0.1593475079065619,6.283018097324025,56.461682984205964
0.274009746456076,3.1507728967517297,70.42758535823098
0.015394529063744007,2.497025862214704,94.95339931435718
0.02765855130351293,4.348247711271018,61.55750938793547
0.05197029950820125,6.6030733671226365,70.7185213531745
0.20408568856124404,6.831709430562009,68.09432030148749
0.13173782290407945,1.2025460622835693,71.39127508274242
0.07452571610088135,0.8493666839985021,59.15416332557911
0.13621118444838265,4.952617421479029,50.734475432926494
0.05984257469085866,0.05292313333974086,91.18487356175483
0.017472468624877408,4.729461636088299,86.84611783678943
0.16670161991995516,6.311012719720729,92.9470562020252
0.010974165112794775,4.278932828502044,88.78678571254477
0.08199766819553904,3.4212174261778,62.417722727621445
0.024726288083052935,5.613416861971771,86.82079315990154
0.0777535086101071,0.1929704945598134,91.8287101198828
0.010004786789796119,1.1568770533441741,76.34244496765234
0.3189018607131875,1.7954397342080015,59.59490197356554
0.12356063881108323,3.0915054498602053,52.95230932416668
0.04012654500284739,7.153368344076841,96.09065496763161
0.023439655061500263,1.1046279989089225,92.04996829731078
0.03822091005038851,6.897817482603784,50.978967566635966
0.04467893625634666,1.9226144107544763,69.24687867430856
0.039325330556844076,5.125063118627233,55.771812702026956
0.01605193175829894,1.8935147481489192,89.48941433993987
0.07658516337690977,3.066091319920645,75.39791860892177
0.04512629932801959,6.41472047441583,92.89370096119778
0.16766505818165417,0.32826791267065936,64.05791970501252
0.10705509068856559,2.5449195249084404,93.34024368724077
0.010832631332879879,4.419846137916587,52.70889010813583
0.06541338330381723,2.4923821877565775,60.41752102217965
0.02143417959888934,1.3068778349877574,76.14849760698596
0.1316564710757655,5.258501070744914,58.59392936657438
0.4468333531326304,4.076312639691653,71.31736544214066
0.0156886741368665,2.5701644557399748,95.96909176289073
0.02632333238000055,4.0937272216286535,66.08094309230518
0.03146559631860235,7.608846751838046,75.80706972444366
0.23245169691478024,7.68972270448596,66.84349646747405
0.13173782290407945,1.2025460622835693,71.39127508274242
0.07452571610088135,0.8493666839985021,59.15416332557911
0.13621118444838265,4.952617421479029,50.734475432926494
0.05984257469085866,0.05292313333974086,91.18487356175483
0.013639677621401796,4.872903756826615,96.36164544550198
0.179469170303729,6.746595785893858,97.54878723560961
0.010974165112794775,4.278932828502044,88.78678571254477
0.08199766819553904,3.4212174261778,62.417722727621445
0.02609917248950796,6.075710759265908,85.43109488639453
0.0777535086101071,0.1929704945598134,91.8287101198828
0.010004786789796119,1.1568770533441741,76.34244496765234
0.3189018607131875,1.7954397342080015,59.59490197356554
0.10145981460945502,4.027903863182377,64.20678894057266
0.04012654500284739,7.153368344076841,96.09065496763161
0.023439655061500263,1.1046279989089225,92.04996829731078
0.03822091005038851,6.897817482603784,50.978967566635966
0.05479946894125754,0.960655231637618,60.40594962445512
0.039325330556844076,5.125063118627233,55.771812702026956
0.022951519347794137,3.4509895485569273,77.50391834088369
0.07259593525281674,2.8043494650580634,84.9648315634738
0.04512629932801959,6.41472047441583,92.89370096119778
0.16766505818165417,0.32826791267065936,64.05791970501252
0.10705509068856559,2.5449195249084404,93.34024368724077
0.013119380772004051,4.237029673272026,57.38753858104239
0.06541338330381723,2.4923821877565775,60.41752102217965
0.020910212077742213,0.5664735185304539,75.68044393438927
0.13569218146808473,5.403186930069667,57.95118140215405
0.4468333531326304,4.076312639691653,71.31736544214066
0.0156886741368665,2.5701644557399748,95.96909176289073
0.02632333238000055,4.0937272216286535,66.08094309230518
0.03146559631860235,7.608846751838046,75.80706972444366
0.23245169691478024,7.68972270448596,66.84349646747405
0.10451864634897465,2.048487494039554,77.14642828962349
0.06529478792283216,2.5410291485574756,69.0659748783984
0.13621118444838265,4.952617421479029,50.734475432926494
0.05984257469085866,0.05292313333974086,91.18487356175483
0.013639677621401796,4.872903756826615,96.36164544550198
0.17218507681714912,6.474903394163351,95.17742475161819
0.010824126786336515,3.795707639222995,86.86067697363234
0.08199766819553904,3.4212174261778,62.417722727621445
0.02609917248950796,6.075710759265908,85.43109488639453
0.0777535086101071,0.1929704945598134,91.8287101198828
0.010004786789796119,1.1568770533441741,76.34244496765234
0.1961317611314669,2.482217166639386,67.02416092519388
0.10145981460945502,4.027903863182377,64.20678894057266
0.04012654500284739,7.153368344076841,96.09065496763161
0.023233288930372145,1.0298234578819034,91.99999727945269
0.03566340608456371,7.013882356187882,50.44400881206951
0.06624858719178348,0.05986982401063301,62.41029083654365
0.039325330556844076,5.125063118627233,55.771812702026956
0.022951519347794137,3.4509895485569273,77.50391834088369
0.08420320808513616,1.2496467652829546,80.98753273703875
0.04512629932801959,6.41472047441583,92.89370096119778
0.1627916541765126,0.46102802926730146,65.06804186882742
0.11554686094121219,3.0573182232351037,93.57977881443097
0.013119380772004051,4.237029673272026,57.38753858104239
0.08880075164417989,3.305097084049963,57.218820636132826
0.020910212077742213,0.5664735185304539,75.68044393438927
0.14739386463024384,5.679710815577358,59.026580064415775
0.42563065504177244,4.062667095633839,72.07322133192548
0.0156886741368665,2.5701644557399748,95.96909176289073
0.02632333238000055,4.0937272216286535,66.08094309230518
0.03146559631860235,7.608846751838046,75.80706972444366
0.16488687213339862,6.09396134444534,75.92191638231559
0.10415435009850214,2.0322153244597687,77.26090014861407
0.06529478792283216,2.5410291485574756,69.0659748783984
0.13555152388002134,4.90972655508542,50.245328433713176
0.05984257469085866,0.05292313333974086,91.18487356175483
0.012741268378685295,3.9544407571785065,91.41364684683434
0.17218507681714912,6.474903394163351,95.17742475161819
0.010824126786336515,3.795707639222995,86.86067697363234
0.08199766819553904,3.4212174261778,62.417722727621445
0.02609917248950796,6.075710759265908,85.43109488639453
0.0836747207929434,0.18923711799031187,90.21570963843477
0.010004786789796119,1.1568770533441741,76.34244496765234
0.1961317611314669,2.482217166639386,67.02416092519388
0.09948159278954297,5.493059779330874,54.62297468528585
0.04675359582333876,6.562671178184298,90.76115300508431
0.023722190140137253,0.8747887300479298,93.6731460430784
0.03420261992252088,6.824623036819709,52.58565568835039
0.06624858719178348,0.05986982401063301,62.41029083654365
0.039325330556844076,5.125063118627233,55.771812702026956
0.022951519347794137,3.4509895485569273,77.50391834088369
0.08420320808513616,1.2496467652829546,80.98753273703875
0.04480450726854011,6.366546801341643,92.74205422481822
0.17832885801128312,0.12955684861545835,64.43092703145574
0.1201125079231839,3.4033473462451997,93.79131764354693
0.013119380772004051,4.237029673272026,57.38753858104239
0.08880075164417989,3.305097084049963,57.218820636132826
0.020910212077742213,0.5664735185304539,75.68044393438927
0.14739386463024384,5.679710815577358,59.026580064415775
0.42563065504177244,4.062667095633839,72.07322133192548
0.0156886741368665,2.5701644557399748,95.96909176289073
0.030523425601416507,4.610255752299809,72.14003580791632
0.03146559631860235,7.608846751838046,75.80706972444366
0.16488687213339862,6.09396134444534,75.92191638231559
0.07420338867848222,4.330032580218856,76.66185811416912
0.05607258284384424,2.7377759530825316,69.44413839814054
0.0783317284559455,4.4646394757969645,69.42648515336823
0.056700118171858174,0.12253150358845555,90.24900364341237
0.01011469635877432,5.188034534042114,87.35407543507768
0.17218507681714912,6.474903394163351,95.17742475161819
0.010824126786336515,3.795707639222995,86.86067697363234
0.08199766819553904,3.4212174261778,62.417722727621445
0.025466822065020246,6.017269583392305,87.99418023877845
0.0836747207929434,0.18923711799031187,90.21570963843477
0.010004786789796119,1.1568770533441741,76.34244496765234
0.24980025054438282,2.1819949831675958,63.776488187697446
0.09948159278954297,5.493059779330874,54.62297468528585
0.04675359582333876,6.562671178184298,90.76115300508431
0.023722190140137253,0.8747887300479298,93.6731460430784
0.030474422559856322,5.069364185172956,59.06318253191621
0.06624858719178348,0.05986982401063301,62.41029083654365
0.039325330556844076,5.125063118627233,55.771812702026956
0.022951519347794137,3.4509895485569273,77.50391834088369
0.08420320808513616,1.2496467652829546,80.98753273703875
0.04480450726854011,6.366546801341643,92.74205422481822
0.17832885801128312,0.12955684861545835,64.43092703145574
0.1201125079231839,3.4033473462451997,93.79131764354693
0.013119380772004051,4.237029673272026,57.38753858104239
0.08457516067849595,3.454977771518055,56.87842014220675
0.020910212077742213,0.5664735185304539,75.68044393438927
0.10898862890545993,4.1271379751596555,64.08332498557708
0.42563065504177244,4.062667095633839,72.07322133192548
0.0156886741368665,2.5701644557399748,95.96909176289073
0.030523425601416507,4.610255752299809,72.14003580791632
0.03146559631860235,7.608846751838046,75.80706972444366
0.21529817398637613,7.750439522657109,87.87543374491395
0.0719490281144562,4.368147362293173,75.75459311951789
0.05292512369310314,2.493596212702305,69.44663457960982
0.07872636766329923,5.71613728549701,78.60658240774897
0.056700118171858174,0.12253150358845555,90.24900364341237
0.01011469635877432,5.188034534042114,87.35407543507768
0.16322130100439114,5.942543378850686,93.73172903431805
0.010824126786336515,3.795707639222995,86.86067697363234
0.07700058376270105,3.423560300997237,58.30445598225912
0.025466822065020246,6.017269583392305,87.99418023877845
0.0836747207929434,0.18923711799031187,90.21570963843477
0.010004786789796119,1.1568770533441741,76.34244496765234
0.16375996032739415,3.2396047234247094,69.57121712181782
0.0628462603273775,3.195949509244295,64.441401951855
0.07937929767871439,7.7867386574663255,93.79504044771019
0.023722190140137253,0.8747887300479298,93.6731460430784
0.030474422559856322,5.069364185172956,59.06318253191621
0.06624858719178348,0.05986982401063301,62.41029083654365
0.039325330556844076,5.125063118627233,55.771812702026956
0.022181287492211234,3.5125665024571395,75.9280377335675
0.08420320808513616,1.2496467652829546,80.98753273703875
0.04480450726854011,6.366546801341643,92.74205422481822
0.17832885801128312,0.12955684861545835,64.43092703145574
0.1201125079231839,3.4033473462451997,93.79131764354693
0.013119380772004051,4.237029673272026,57.38753858104239
0.08457516067849595,3.454977771518055,56.87842014220675
0.020910212077742213,0.5664735185304539,75.68044393438927
0.16988946293120905,3.2547349311879605,71.34938964347478
0.42563065504177244,4.062667095633839,72.07322133192548
0.0156886741368665,2.5701644557399748,95.96909176289073
0.03398865549320086,3.6460460114011783,61.27538035390316
0.03140681125175715,7.4495895876783065,74.79415147329594
0.21529817398637613,7.750439522657109,87.87543374491395
0.07618592894515333,4.269845292421536,78.3497943164696
0.03020590509772411,4.196162845527665,54.101485348769
0.07872636766329923,5.71613728549701,78.60658240774897
0.056700118171858174,0.12253150358845555,90.24900364341237
0.01011469635877432,5.188034534042114,87.35407543507768
0.16322130100439114,5.942543378850686,93.73172903431805
0.010824126786336515,3.795707639222995,86.86067697363234
0.07700058376270105,3.423560300997237,58.30445598225912
0.025466822065020246,6.017269583392305,87.99418023877845
0.0836747207929434,0.18923711799031187,90.21570963843477
0.010004786789796119,1.1568770533441741,76.34244496765234
0.22720245616077853,2.493252957103954,63.21162811690102
0.0628462603273775,3.195949509244295,64.441401951855
0.07937929767871439,7.7867386574663255,93.79504044771019
0.023722190140137253,0.8747887300479298,93.6731460430784
0.030474422559856322,5.069364185172956,59.06318253191621
0.06624858719178348,0.05986982401063301,62.41029083654365
0.039325330556844076,5.125063118627233,55.771812702026956
0.013159467677893874,3.5828102838681284,78.47643137729037
0.08423414167251236,1.4330540074764313,78.98248866871137
0.04480450726854011,6.366546801341643,92.74205422481822
0.17832885801128312,0.12955684861545835,64.43092703145574
0.12096914231555594,3.3696407208849743,93.80325309692941
0.013119380772004051,4.237029673272026,57.38753858104239
0.08457516067849595,3.454977771518055,56.87842014220675
0.020723534231479518,0.5460054997980861,74.48596844291424
0.2220466407957978,2.92792690204947,75.99447714456228
0.272323836320204,3.7816258499673236,66.01853532696688
0.0156886741368665,2.5701644557399748,95.96909176289073
0.03398865549320086,3.6460460114011783,61.27538035390316
0.03140681125175715,7.4495895876783065,74.79415147329594
0.21529817398637613,7.750439522657109,87.87543374491395
0.07845868526380567,4.2946200160126935,78.34522773960063
0.03020590509772411,4.196162845527665,54.101485348769
0.06597529503870248,5.301260151823798,78.58127138584747
0.056700118171858174,0.12253150358845555,90.24900364341237
0.01011469635877432,5.188034534042114,87.35407543507768
0.09763164410367244,4.911141318471834,87.06387940818594
0.010824126786336515,3.795707639222995,86.86067697363234
0.06763055113116823,3.5782640250100615,57.46286516234712
0.025466822065020246,6.017269583392305,87.99418023877845
0.0698407818704107,1.2259454321943384,80.87190864785939
0.010004786789796119,1.1568770533441741,76.34244496765234
0.22720245616077853,2.493252957103954,63.21162811690102
0.0628462603273775,3.195949509244295,64.441401951855
0.07937929767871439,7.7867386574663255,93.79504044771019
0.023722190140137253,0.8747887300479298,93.6731460430784
0.0161330172366839,4.97568440159777,51.17839537479168
0.045009837719599266,1.4914493620986504,71.77972126247808
0.039325330556844076,5.125063118627233,55.771812702026956
0.0155302913190138,2.332895855906434,71.56381752104313
0.08423414167251236,1.4330540074764313,78.98248866871137
0.05477672641162911,7.859431447408982,97.44153155175196
0.17832885801128312,0.12955684861545835,64.43092703145574
0.17433165014027954,3.7748636382267913,92.70547508778067
0.013119380772004051,4.237029673272026,57.38753858104239
0.07687600586918557,3.5487118743436152,50.87004911895071
0.02008552173058234,0.802504924494249,77.20828862240161
0.3051165427535978,0.09882104407717307,65.6298694068785
0.43645997955691807,5.69596137720529,55.71281693333294
0.027572913103911446,3.2156044020327887,91.85982753373885
0.03398865549320086,3.6460460114011783,61.27538035390316
0.029687008000053673,6.970204481282421,73.81711314764964
0.13430245004288224,5.851575250866323,78.94589280718003
0.08336950076199819,4.706169438548893,79.30914707699262
0.03020590509772411,4.196162845527665,54.101485348769
0.06597529503870248,5.301260151823798,78.58127138584747
0.056700118171858174,0.12253150358845555,90.24900364341237
0.01011469635877432,5.188034534042114,87.35407543507768
0.12871629064539877,2.772610631771027,79.5364901098597
0.03746901188892164,5.3468752832930075,89.55581018709078
0.06763055113116823,3.5782640250100615,57.46286516234712
0.023168130874731893,5.893107279155563,87.89833662068395
0.0698407818704107,1.2259454321943384,80.87190864785939
0.010004786789796119,1.1568770533441741,76.34244496765234
0.22720245616077853,2.493252957103954,63.21162811690102
0.06897234734015009,2.7335655605128304,60.58135546946747
0.07937929767871439,7.7867386574663255,93.79504044771019
0.023944124498941247,0.9346961262808988,92.97279036002304
0.04864892635425058,4.845345579802871,64.7825715273595
0.04496450253179106,1.4902511822770494,71.82533053085203
0.06337217186495732,4.260868168121165,57.26979158041789
0.015698632644582426,3.07102659483174,65.87016990150546
0.08145415698646233,1.5554945359511083,78.00278892466422
0.05477672641162911,7.859431447408982,97.44153155175196
0.17832885801128312,0.12955684861545835,64.43092703145574
0.12407099292846045,2.9741319523351004,87.70071426507602
0.013119380772004051,4.237029673272026,57.38753858104239
0.07687600586918557,3.5487118743436152,50.87004911895071
0.018356702337953758,0.9923573087466672,77.73542696607363
0.3051165427535978,0.09882104407717307,65.6298694068785
0.37403642363076417,4.7405622836258035,57.949785295091566
0.027572913103911446,3.2156044020327887,91.85982753373885
0.029214280843964158,3.6816575368278617,59.87483449868719
0.029687008000053673,6.970204481282421,73.81711314764964
0.13430245004288224,5.851575250866323,78.94589280718003
0.07366793973592793,4.090453042657771,81.53982153771425
0.02902537865832829,4.239212625900097,53.44478582326462
0.06597529503870248,5.301260151823798,78.58127138584747
0.0457468612957601,0.481807532400065,87.47709909976405
0.01011469635877432,5.188034534042114,87.35407543507768
0.1262163509678901,2.8373275408814784,79.0758291802829
0.024509958755420613,6.99656416129861,93.03214594251415
0.0636706677635665,3.5909213872725925,60.2866075672017
0.022997731554459912,6.981917629807242,86.78404464590645
0.0698407818704107,1.2259454321943384,80.87190864785939
0.013320428674883615,1.5454217680871838,79.2710488872237
0.22720245616077853,2.493252957103954,63.21162811690102
0.06297195555656226,2.876654090869607,60.47472546952999
0.07862897503041981,7.301143666023143,92.18502608683617
0.023944124498941247,0.9346961262808988,92.97279036002304
0.0186999747092753,5.856256998507488,64.61136204094188
0.024184838486663827,0.14985298232387434,85.47068290132927
0.04262862756419036,3.743148447914721,61.01195823354083
0.01766783326444626,2.3244540816845167,58.29377254874019
0.13044566628417686,2.0843388044005113,65.25017980961424
0.05477672641162911,7.859431447408982,97.44153155175196
0.17832885801128312,0.12955684861545835,64.43092703145574
0.12407099292846045,2.9741319523351004,87.70071426507602
0.01104061216162097,3.659404212431143,51.201431668226014
0.07687600586918557,3.5487118743436152,50.87004911895071
0.020072040752377805,3.2061168920056096,81.07982338755073
0.3051165427535978,0.09882104407717307,65.6298694068785
0.3628008616230827,3.983849258925274,59.201819688708454
0.018711414298478724,3.0474198764933664,93.843788222945
0.029214280843964158,3.6816575368278617,59.87483449868719
0.029687008000053673,6.970204481282421,73.81711314764964
0.08629164545205506,6.352263760552289,85.10562503264494
0.041125677626383805,4.456817707267322,85.27450046309941
0.02902537865832829,4.239212625900097,53.44478582326462
0.10128612356730601,4.886722537893242,89.01566019592272
0.036623608142598546,0.2003383822874525,89.97103298834854
0.01011469635877432,5.188034534042114,87.35407543507768
0.05163967139054726,2.4759184927649125,85.34055730498393
0.024509958755420613,6.99656416129861,93.03214594251415
0.0636706677635665,3.5909213872725925,60.2866075672017
0.022997731554459912,6.981917629807242,86.78404464590645
0.0699501037457176,1.2285221053699342,80.86089701195304
0.013320428674883615,1.5454217680871838,79.2710488872237
0.2104771632887954,2.5502385015260596,65.83905303301485
0.06297195555656226,2.876654090869607,60.47472546952999
0.07917331111214276,7.65342794738832,93.35304215393451
0.023944124498941247,0.9346961262808988,92.97279036002304
0.01870426387042747,4.803111220955374,75.5717719415006
0.024184838486663827,0.14985298232387434,85.47068290132927
0.03825023860820956,4.129798344037209,61.670565718633874
0.01766783326444626,2.3244540816845167,58.29377254874019
0.129530707417306,2.1277447891651313,65.5893396071234
0.04674336010305741,6.055206958601405,96.27721090722702
0.16789706024905,0.5952683565266454,66.3706245125645
0.12407099292846045,2.9741319523351004,87.70071426507602
0.01104061216162097,3.659404212431143,51.201431668226014
0.07687600586918557,3.5487118743436152,50.87004911895071
0.01985817901903002,2.952326351480166,79.97361105701542
0.3051165427535978,0.09882104407717307,65.6298694068785
0.3628008616230827,3.983849258925274,59.201819688708454
0.018711414298478724,3.0474198764933664,93.843788222945
0.035482911678292095,4.180017139263322,64.07552701932222
0.02679215312317802,7.930421943005386,77.9233311944459
0.08629164545205506,6.352263760552289,85.10562503264494
0.041125677626383805,4.456817707267322,85.27450046309941
0.0244745587685415,4.4675448215893026,61.604992164292256
0.10128612356730601,4.886722537893242,89.01566019592272
0.028516371469242144,1.7257285411448358,89.17068726229573
0.01011469635877432,5.188034534042114,87.35407543507768
0.05743948265259373,2.1640818327825984,91.9266805486934
0.023271451734614295,7.00287019533916,97.62896391679442
0.06062243808786302,3.5070030099327,60.15455877263945
0.023346027982678902,6.650185189587508,86.93467217579783
0.0699076875667906,1.214312608523029,81.04456942714525
0.013320428674883615,1.5454217680871838,79.2710488872237
0.2104771632887954,2.5502385015260596,65.83905303301485
0.062231479207248724,3.0515432910884113,58.311475640059086
0.07917331111214276,7.65342794738832,93.35304215393451
0.023944124498941247,0.9346961262808988,92.97279036002304
0.03725820716938134,4.403019122084135,67.6931293413555
0.024184838486663827,0.14985298232387434,85.47068290132927
0.03825023860820956,4.129798344037209,61.670565718633874
0.01766783326444626,2.3244540816845167,58.29377254874019
0.129530707417306,2.1277447891651313,65.5893396071234
0.04674336010305741,6.055206958601405,96.27721090722702
0.11435794214006535,1.355676938933661,78.75772128121599
0.12407099292846045,2.9741319523351004,87.70071426507602
0.01104061216162097,3.659404212431143,51.201431668226014
0.05969013456875305,3.058395870015241,61.3283747880629
0.01985817901903002,2.952326351480166,79.97361105701542
0.3051165427535978,0.09882104407717307,65.6298694068785
0.4791322804263388,4.344685998600764,59.546415620502735
0.018711414298478724,3.0474198764933664,93.843788222945
0.035482911678292095,4.180017139263322,64.07552701932222
0.02679215312317802,7.930421943005386,77.9233311944459
0.07584112660820665,5.817426247636504,84.29831793821116
0.04765564455088882,4.3028457431983185,84.83660539403141
0.0244745587685415,4.4675448215893026,61.604992164292256
0.11253655668500528,5.03972585650337,93.72976112262485
0.010045787110677745,1.6420336933404778,91.53904867656382
0.01011469635877432,5.188034534042114,87.35407543507768
0.06366092483860172,1.4738668404212878,99.39734997806279
0.023271451734614295,7.00287019533916,97.62896391679442
0.07188774790928923,3.1934002995507074,59.39118778832504
0.027051753133152313,6.716778828238906,87.3607132388721
0.09725350013243492,1.6332539044502057,73.95610227340345
0.01052798387160279,0.7674106389164406,71.72260170726933
0.1811898021755513,2.8654870115167244,69.25621914580901
0.062231479207248724,3.0515432910884113,58.311475640059086
0.07917331111214276,7.65342794738832,93.35304215393451
0.023944124498941247,0.9346961262808988,92.97279036002304
0.013259992731902849,5.701727867583168,76.70848531715583
0.024184838486663827,0.14985298232387434,85.47068290132927
0.03697852944219526,4.2627177153139595,59.78248222053548
0.01766783326444626,2.3244540816845167,58.29377254874019
0.129530707417306,2.1277447891651313,65.5893396071234
0.053654146647824565,5.998733492239284,93.43219624478442
0.11435794214006535,1.355676938933661,78.75772128121599
0.10794083086928759,2.9707568599410554,86.50470561394897
0.01104061216162097,3.659404212431143,51.201431668226014
0.05969013456875305,3.058395870015241,61.3283747880629
0.01985817901903002,2.952326351480166,79.97361105701542
0.2563606550825055,0.8559478530279234,64.56663130309039
0.42574380834987935,4.334788623776571,59.57491981176195
0.018711414298478724,3.0474198764933664,93.843788222945
0.044057613030736326,0.4796955920795414,50.4126477164629
0.03143312806006414,7.630703651165868,78.42238940209788
0.08932373935260297,5.513393899795371,80.87938986239442
0.057400019472613445,3.1612036844393536,83.64285744203914
0.022488296537806332,4.544897485617225,61.267909169436415
0.12553901657504535,4.661490176355578,91.09325979933118
0.010045787110677745,1.6420336933404778,91.53904867656382
0.01011469635877432,5.188034534042114,87.35407543507768
0.06366092483860172,1.4738668404212878,99.39734997806279
0.023271451734614295,7.00287019533916,97.62896391679442
0.07331724931416883,3.1496127037459867,59.37516462982627
0.027051753133152313,6.716778828238906,87.3607132388721
0.05380625048946014,1.6376280322252696,82.71600016966595
0.01052798387160279,0.7674106389164406,71.72260170726933
0.1377029414066125,2.099288460508142,73.7604618966718
0.062231479207248724,3.0515432910884113,58.311475640059086
0.08816249400884768,7.9195985697756415,95.62300775902318
0.023944124498941247,0.9346961262808988,92.97279036002304
0.013259992731902849,5.701727867583168,76.70848531715583
0.024167764817334215,0.09890291294194764,85.52010577709308
0.040679670375553534,5.46567990026233,52.3466597023636
0.01766783326444626,2.3244540816845167,58.29377254874019
0.17169519996634647,2.940739317907574,73.07611093247965
0.053654146647824565,5.998733492239284,93.43219624478442
0.11817985437644521,1.215169664077135,78.44254967577855
0.10360392426653867,2.9698494009561474,86.18313551459165
0.01104061216162097,3.659404212431143,51.201431668226014
0.0571832486746506,3.339388622406821,63.32786432101049
0.017399370626995127,0.03444898700449173,67.25528076428611
0.2563606550825055,0.8559478530279234,64.56663130309039
0.42574380834987935,4.334788623776571,59.57491981176195
0.018711414298478724,3.0474198764933664,93.843788222945
0.044057613030736326,0.4796955920795414,50.4126477164629
0.047355623590112784,7.7117891343769935,83.25016712042242
0.08932373935260297,5.513393899795371,80.87938986239442
0.055832947180130016,2.4968445669559207,83.23869892282671
0.01700214346365897,4.4653989537579015,59.6581108265064
0.12553901657504535,4.661490176355578,91.09325979933118
0.010045787110677745,1.6420336933404778,91.53904867656382
0.01011469635877432,5.188034534042114,87.35407543507768
0.18777917301499614,2.454561084999364,85.74663491957504
0.023271451734614295,7.00287019533916,97.62896391679442
0.0716034172210898,3.1432879457550045,60.035525507027984
0.01927541989104624,7.856954424218502,88.47443204073906
0.03872773727086225,1.7365823194454206,83.71698933091022
0.01052798387160279,0.7674106389164406,71.72260170726933
0.08921335121201603,1.9256037469739022,80.51352162098283
0.062231479207248724,3.0515432910884113,58.311475640059086
0.0800213914813225,6.546303560401887,87.27785030138318
0.023944124498941247,0.9346961262808988,92.97279036002304
0.012807482303454406,5.627823356568659,78.24005499259337
0.026101719112066657,0.24892168099023326,84.13768033725619
0.040679670375553534,5.46567990026233,52.3466597023636
0.01766783326444626,2.3244540816845167,58.29377254874019
0.188334825340537,2.509669990526771,70.2066208342524
0.053654146647824565,5.998733492239284,93.43219624478442
0.15767290208589,0.9559924939155986,75.82079830490079
0.10360392426653867,2.9698494009561474,86.18313551459165
0.01104061216162097,3.659404212431143,51.201431668226014
0.0571832486746506,3.339388622406821,63.32786432101049
0.017399370626995127,0.03444898700449173,67.25528076428611
0.21989469821592902,1.0819058090524158,68.92785685787675
0.555952472055309,5.208935710161802,51.4525010129569
0.010781595836502324,2.3776559621192686,93.93719390268944
0.044057613030736326,0.4796955920795414,50.4126477164629
0.047355623590112784,7.7117891343769935,83.25016712042242
0.08932373935260297,5.513393899795371,80.87938986239442
0.03421507780216552,3.7693734177881173,85.1846542094937
0.01700214346365897,4.4653989537579015,59.6581108265064
0.1529795215865674,3.5909080405769718,93.84599814624463
0.010045787110677745,1.6420336933404778,91.53904867656382
0.01012103486607071,5.120236316229822,87.11433867265063
0.18777917301499614,2.454561084999364,85.74663491957504
0.023271451734614295,7.00287019533916,97.62896391679442
0.09561473029220484,2.56187987331778,60.20149639796174
0.015614906928221796,5.495586574013455,90.82867324941996
0.03872773727086225,1.7365823194454206,83.71698933091022
0.01052798387160279,0.7674106389164406,71.72260170726933
0.09911686498821731,2.1864036227879473,82.34190057871294
0.062231479207248724,3.0515432910884113,58.311475640059086
0.05356400692412612,4.754920704390427,74.97954827874405
0.023944124498941247,0.9346961262808988,92.97279036002304
0.013518291853406219,5.144717003457511,75.32298004041056
0.026101719112066657,0.24892168099023326,84.13768033725619
0.040679670375553534,5.46567990026233,52.3466597023636
0.01766783326444626,2.3244540816845167,58.29377254874019
0.2656375031098346,2.089833776942541,55.63074178002016
0.053654146647824565,5.998733492239284,93.43219624478442
0.15767290208589,0.9559924939155986,75.82079830490079
0.10360392426653867,2.9698494009561474,86.18313551459165
0.01104061216162097,3.659404212431143,51.201431668226014
0.050369343257653826,3.321498265362082,61.15713605499955
0.017399370626995127,0.03444898700449173,67.25528076428611
0.22978691509171167,0.9213088259376283,67.46004515685073
0.5494880950486895,5.1528583990121835,51.96784166417556
0.010781595836502324,2.3776559621192686,93.93719390268944
0.044057613030736326,0.4796955920795414,50.4126477164629
0.047355623590112784,7.7117891343769935,83.25016712042242
0.08932373935260297,5.513393899795371,80.87938986239442
0.03667517727674083,3.0424915164518955,82.38720484642046
0.01700214346365897,4.4653989537579015,59.6581108265064
0.10469381195681073,3.4641307326207826,78.46346077255939
0.010045787110677745,1.6420336933404778,91.53904867656382
0.01012103486607071,5.120236316229822,87.11433867265063
0.15619497067966184,2.0247264469345554,84.16787823973259
0.023271451734614295,7.00287019533916,97.62896391679442
0.09561473029220484,2.56187987331778,60.20149639796174
0.015614906928221796,5.495586574013455,90.82867324941996
0.04628276420130138,0.7876424035373177,92.08341082575879
0.010399145185782771,0.040566922588656684,76.88018007506815
0.18364943409589382,2.703035842557716,73.61338201016015
0.062231479207248724,3.0515432910884113,58.311475640059086
0.05356400692412612,4.754920704390427,74.97954827874405
0.04208750183843962,1.103008607040521,92.17255337741507
0.01658445470720077,5.048252413562548,74.7582182514652
0.02125739857239076,1.7255924655110908,85.04001260862697
0.040679670375553534,5.46567990026233,52.3466597023636
0.02975135046970466,3.5582069810540946,70.09258457967545
0.2656375031098346,2.089833776942541,55.63074178002016
0.050018109327300456,6.175005496171875,94.04781311028466
0.15767290208589,0.9559924939155986,75.82079830490079
0.10360392426653867,2.9698494009561474,86.18313551459165
0.01104061216162097,3.659404212431143,51.201431668226014
0.050369343257653826,3.321498265362082,61.15713605499955
0.017399370626995127,0.03444898700449173,67.25528076428611
0.14283411003056712,0.7464878363326641,73.55888880652707
0.3196853206012108,4.161824052653665,54.95966289418571
0.010781595836502324,2.3776559621192686,93.93719390268944
0.044057613030736326,0.4796955920795414,50.4126477164629
0.047355623590112784,7.7117891343769935,83.25016712042242
0.07271560215830936,5.407190853452921,79.48177840113634
0.020870518732476646,3.036893671828727,97.27624005759384
0.016130007430885843,4.582298291363893,58.52768978525519
0.13551199968477082,2.124725478526152,71.20935916965806
0.010045787110677745,1.6420336933404778,91.53904867656382
0.01012103486607071,5.120236316229822,87.11433867265063
0.13975841358840105,2.4619725970320725,82.6963485526796
0.023271451734614295,7.00287019533916,97.62896391679442
0.10760462287071569,2.8920965868383814,56.689435045371155
0.017627341171002002,6.88809060113107,90.57197490539971
0.04628276420130138,0.7876424035373177,92.08341082575879
0.01065123613319775,0.05174012152219992,77.00727778661395
0.1851552597120948,2.644884202615626,73.41255066742458
0.062231479207248724,3.0515432910884113,58.311475640059086
0.04743708781400316,4.917909326520093,74.43101835786956
0.04208750183843962,1.103008607040521,92.17255337741507
0.01658445470720077,5.048252413562548,74.7582182514652
0.02079008135475704,0.5011149831684847,82.11902034853972
0.040679670375553534,5.46567990026233,52.3466597023636
0.01610350897783326,3.74319003924474,69.94847084078152
0.30740793615841444,2.078633501465501,50.62998806506489
0.050018109327300456,6.175005496171875,94.04781311028466
0.18329736068891594,0.4347328894203235,76.96823885433788
0.1325672313351787,4.072477667405117,83.20183706507741
0.01104061216162097,3.659404212431143,51.201431668226014
0.06500859776013672,3.0035811411619857,62.89839995344086
0.018340018381438505,0.8828106381635505,74.20843715259196
0.14283411003056712,0.7464878363326641,73.55888880652707
0.3628639776439755,4.348033867839316,54.39751640516064
0.023471401008639755,3.2570690743999373,87.18432948965115
0.044057613030736326,0.4796955920795414,50.4126477164629
0.05146794272492401,7.243772306905239,83.99020436052605
0.03874264176405655,7.183010336264854,83.95717160816292
0.020989042248995757,3.0193328247821527,97.95569813989466
0.011786185972671837,4.690072227130522,58.048514568405956
0.21757401124286369,0.17185142569654754,69.66558488075077
0.010045787110677745,1.6420336933404778,91.53904867656382
0.01012103486607071,5.120236316229822,87.11433867265063
0.09506637348399083,2.2819007746409645,91.83601138913605
0.023271451734614295,7.00287019533916,97.62896391679442
0.029147771991732713,1.7793439338939612,51.3250968892592
0.01369715860045382,7.8176195903921455,90.3147989326399
0.04628276420130138,0.7876424035373177,92.08341082575879
0.014645832809701484,0.22878901512001576,79.02124973339853
0.17309772055929776,2.8865142872653275,71.90264332355943
0.062231479207248724,3.0515432910884113,58.311475640059086
0.04743708781400316,4.917909326520093,74.43101835786956
0.04208750183843962,1.103008607040521,92.17255337741507
0.020002052252927307,4.873578143728857,73.38236569938559
0.02079008135475704,0.5011149831684847,82.11902034853972
0.039588898310207676,5.561997867515302,55.18397887386323
0.024378230067975244,3.6191181603948084,67.86095454352434
0.2056556534752077,4.2827532752820225,63.39348802258129
0.03966440370743839,5.172963374857459,94.01862298584581
0.18329736068891594,0.4347328894203235,76.96823885433788
0.021818028594341343,4.019596404172548,99.91747522364813
0.011598647420515813,3.6125413061245055,51.76615272611469
0.07890185292901128,2.563337074602947,64.16442103236452
0.018340018381438505,0.8828106381635505,74.20843715259196
0.14283411003056712,0.7464878363326641,73.55888880652707
0.3840993356407609,4.393763373757697,53.55286953071126
0.02600282576308687,4.428343371327937,93.5856247076201
0.044057613030736326,0.4796955920795414,50.4126477164629
0.05146794272492401,7.243772306905239,83.99020436052605
0.03874264176405655,7.183010336264854,83.95717160816292
0.020989042248995757,3.0193328247821527,97.95569813989466
0.011786185972671837,4.690072227130522,58.048514568405956
0.21757401124286369,0.17185142569654754,69.66558488075077
0.010045787110677745,1.6420336933404778,91.53904867656382
0.01012103486607071,5.120236316229822,87.11433867265063
0.11650096685813827,2.829119375113285,95.25154681048849
0.023683806962466206,7.085906526663444,99.05001986341586
0.025648356385331125,1.4051845878070963,58.00836512556204
0.01369715860045382,7.8176195903921455,90.3147989326399
0.054897847414385095,0.8844724462663169,95.45081054769656
0.014645832809701484,0.22878901512001576,79.02124973339853
0.14329965385955346,2.912533418348796,77.00643275735844
0.07003681737370865,2.9345093801176247,56.34237354579031
0.06780467087156564,5.632083211701378,54.16885640235413
0.049514903894311124,0.42839488113174173,90.13668241175773
0.020002052252927307,4.873578143728857,73.38236569938559
0.02079008135475704,0.5011149831684847,82.11902034853972
0.038997630114447415,5.6105223162891145,53.733942237524204
0.027245906646989823,4.330605016878039,71.07436457824168
0.2056556534752077,4.2827532752820225,63.39348802258129
0.03966440370743839,5.172963374857459,94.01862298584581
0.13415593795426745,0.3747252801572115,77.56644200586229
0.021818028594341343,4.019596404172548,99.91747522364813
0.01212109125773855,3.690940590397495,53.11004338438954
0.05734935274497101,2.3413138183625524,61.331504646725605
0.014459656058522188,0.7975928543949968,73.64831659300492
0.24539134211199803,0.9526819526813441,66.36555532903449
0.3605241445026625,4.140983323075941,56.651300237274356
0.01411726378335161,4.7736536219723416,95.15026373535258
0.044057613030736326,0.4796955920795414,50.4126477164629
0.05301940237520313,7.5946041576427366,85.55141354036766
0.03874264176405655,7.183010336264854,83.95717160816292
0.06607062369859767,3.327764281698486,89.51822760780556
0.014714841671136809,4.755485371650571,63.51447140877954
0.2661105526332206,0.09063892884957442,66.59395862357535
0.010045787110677745,1.6420336933404778,91.53904867656382
0.01012103486607071,5.120236316229822,87.11433867265063
0.11621663501431796,2.8450398549240177,95.21024768885502
0.021129833275687276,5.148204847545925,93.39023913977212
0.025648356385331125,1.4051845878070963,58.00836512556204
0.08597857375103099,5.106929604282025,82.99393639197866
0.056818182672130804,0.8845597388866876,96.5666448208985
0.014011912882954426,0.42354446354595576,80.74629394127886
0.1730569514113583,3.53327658872789,76.54041077853807
0.07003681737370865,2.9345093801176247,56.34237354579031
0.04319238235972648,4.774093072247495,53.70085826611785
0.049514903894311124,0.42839488113174173,90.13668241175773
0.020002052252927307,4.873578143728857,73.38236569938559
0.02079008135475704,0.5011149831684847,82.11902034853972
0.038997630114447415,5.6105223162891145,53.733942237524204
0.0318068720307056,4.6399795968071995,79.50114664717685
0.15333500524391616,4.528144338845253,71.89879888686662
0.043314761163243704,5.234044364552735,98.4816695507652
0.09220491651409139,2.504979495947919,84.8706497587606
0.021818028594341343,4.019596404172548,99.91747522364813
0.01212109125773855,3.690940590397495,53.11004338438954
0.05734935274497101,2.3413138183625524,61.331504646725605
0.014459656058522188,0.7975928543949968,73.64831659300492
0.24539134211199803,0.9526819526813441,66.36555532903449
0.3605241445026625,4.140983323075941,56.651300237274356
0.01572857456594918,6.013010583506415,96.57942328367038
0.044057613030736326,0.4796955920795414,50.4126477164629
0.07513589682901727,5.932447316710161,88.93161775113109
0.03874264176405655,7.183010336264854,83.95717160816292
0.08541542680286793,4.40696043683643,92.77784212695127
0.014714841671136809,4.755485371650571,63.51447140877954
0.2661105526332206,0.09063892884957442,66.59395862357535
0.010045787110677745,1.6420336933404778,91.53904867656382
0.01012103486607071,5.120236316229822,87.11433867265063
0.09653522951138419,3.089926136709158,96.1916695278032
0.021129833275687276,5.148204847545925,93.39023913977212
0.025648356385331125,1.4051845878070963,58.00836512556204
0.12477409061578905,3.4018161099097934,82.20281813724601
0.056818182672130804,0.8845597388866876,96.5666448208985
0.014011912882954426,0.42354446354595576,80.74629394127886
0.096642590033254,2.646723089880801,83.57128710799624
0.06614950276611682,2.752760083481472,57.870994336103884
0.04319238235972648,4.774093072247495,53.70085826611785
0.049514903894311124,0.42839488113174173,90.13668241175773
0.011746592824525379,4.898117013708678,73.71155781849168
0.02079008135475704,0.5011149831684847,82.11902034853972
0.038997630114447415,5.6105223162891145,53.733942237524204
0.0318068720307056,4.6399795968071995,79.50114664717685
0.11514069228428961,4.590784104458949,69.58864703449254
0.043314761163243704,5.234044364552735,98.4816695507652
0.09220491651409139,2.504979495947919,84.8706497587606
0.021818028594341343,4.019596404172548,99.91747522364813
0.01212109125773855,3.690940590397495,53.11004338438954
0.047053870052777426,1.885717888769152,65.94378972381085
0.014459656058522188,0.7975928543949968,73.64831659300492
0.24539134211199803,0.9526819526813441,66.36555532903449
0.3605241445026625,4.140983323075941,56.651300237274356
0.01572857456594918,6.013010583506415,96.57942328367038
0.044057613030736326,0.4796955920795414,50.4126477164629
0.07513589682901727,5.932447316710161,88.93161775113109
0.04234304447337064,5.9419905115265195,79.41587876103218
0.07022917451835056,3.2359020124789293,79.35969335594423
0.014714841671136809,4.755485371650571,63.51447140877954
0.2661105526332206,0.09063892884957442,66.59395862357535
0.010045787110677745,1.6420336933404778,91.53904867656382
0.01012103486607071,5.120236316229822,87.11433867265063
0.07746465099258806,2.0104580529898626,93.73587821390987
0.02080506282514691,5.151949610066082,93.39333296597565
0.05385667101843268,1.9733681237887715,64.89340611141401
0.167075556889352,3.140044440898584,83.31276766681525
0.056818182672130804,0.8845597388866876,96.5666448208985
0.014011912882954426,0.42354446354595576,80.74629394127886
0.09245791777578993,3.2860440160277253,84.61427529405276
0.06614950276611682,2.752760083481472,57.870994336103884
0.04319238235972648,4.774093072247495,53.70085826611785
0.049514903894311124,0.42839488113174173,90.13668241175773
0.011746592824525379,4.898117013708678,73.71155781849168
0.02079008135475704,0.5011149831684847,82.11902034853972
0.038997630114447415,5.6105223162891145,53.733942237524204
0.029080553654856012,3.993990781157647,79.69191235337286
0.12401015614789163,4.969595350474595,70.26817603467829
0.043314761163243704,5.234044364552735,98.4816695507652
0.08696592157937448,2.2501373066183197,85.51690673321562
0.021818028594341343,4.019596404172548,99.91747522364813
0.01212109125773855,3.690940590397495,53.11004338438954
0.047053870052777426,1.885717888769152,65.94378972381085
0.012836898417576098,0.7491628323645021,74.0089301545719
0.3496728183754578,1.2318039864722459,53.71018826606094
0.3605241445026625,4.140983323075941,56.651300237274356
0.012631957223429344,6.016502816359948,96.6999425952805
0.044057613030736326,0.4796955920795414,50.4126477164629
0.09134903198261077,5.927729059643753,93.6363003648784
0.031993999195196805,6.946268708544773,79.43673017714082
0.06578990540663128,3.666691622511726,79.36863766384691
0.014714841671136809,4.755485371650571,63.51447140877954
0.23963788955169313,0.6391056594095588,68.97317860603451
0.010045787110677745,1.6420336933404778,91.53904867656382
0.01012103486607071,5.120236316229822,87.11433867265063
0.08298353569190267,3.5675290550911636,93.69629714307888
0.02080506282514691,5.151949610066082,93.39333296597565
0.05919036367191197,2.535918609551107,68.98239277368131
0.167075556889352,3.140044440898584,83.31276766681525
0.06049644047139291,0.9402440565483627,97.90391881274338
0.01410587405087083,0.23794770375231522,81.03808141723455
0.07999250874508246,3.9466754263932438,83.32124320960799
0.053239084788418226,2.9769440293843923,56.73333611070108
0.05107569082666502,4.779244157633347,50.984200236381376
0.049514903894311124,0.42839488113174173,90.13668241175773
0.011746592824525379,4.898117013708678,73.71155781849168
0.02079008135475704,0.5011149831684847,82.11902034853972
0.038997630114447415,5.6105223162891145,53.733942237524204
0.029080553654856012,3.993990781157647,79.69191235337286
0.1350697367870511,5.643782916392558,67.3184934467332
0.043314761163243704,5.234044364552735,98.4816695507652
0.08696592157937448,2.2501373066183197,85.51690673321562
0.021818028594341343,4.019596404172548,99.91747522364813
0.012130942242451802,3.735784207855343,53.950583681878406
0.061152262262407275,1.7944578341261885,66.16556052664386
0.012836898417576098,0.7491628323645021,74.0089301545719
0.3496728183754578,1.2318039864722459,53.71018826606094
0.3805857953084597,4.355003937248249,53.89290287074467
0.012631957223429344,6.016502816359948,96.6999425952805
0.044057613030736326,0.4796955920795414,50.4126477164629
0.07745909779759136,6.1802264820256845,95.78310642195946
0.031993999195196805,6.946268708544773,79.43673017714082
0.06578990540663128,3.666691622511726,79.36863766384691
0.014714841671136809,4.755485371650571,63.51447140877954
0.23963788955169313,0.6391056594095588,68.97317860603451
0.010045787110677745,1.6420336933404778,91.53904867656382
0.01012103486607071,5.120236316229822,87.11433867265063
0.08298353569190267,3.5675290550911636,93.69629714307888
0.02080506282514691,5.151949610066082,93.39333296597565
0.05919036367191197,2.535918609551107,68.98239277368131
0.107773307628959,3.507021052645814,81.75673404747691
0.06049644047139291,0.9402440565483627,97.90391881274338
0.01410587405087083,0.23794770375231522,81.03808141723455
0.07596381728667653,3.9517253403685273,84.47056328919334
0.0525368478312118,2.4963859012892033,63.03191959360427
0.05107569082666502,4.779244157633347,50.984200236381376
0.049514903894311124,0.42839488113174173,90.13668241175773
0.011746592824525379,4.898117013708678,73.71155781849168
0.02079008135475704,0.5011149831684847,82.11902034853972
0.038997630114447415,5.6105223162891145,53.733942237524204
0.029080553654856012,3.993990781157647,79.69191235337286
0.1350697367870511,5.643782916392558,67.3184934467332
0.043314761163243704,5.234044364552735,98.4816695507652
0.09624493290682762,1.457451612107734,86.54321297629093
0.021818028594341343,4.019596404172548,99.91747522364813
0.012130942242451802,3.735784207855343,53.950583681878406
0.07772446094531196,3.069038014198622,81.43702924102563
0.012836898417576098,0.7491628323645021,74.0089301545719
0.3156840513956752,1.1975350652323782,58.90456278726341
0.20741410561253296,5.642279495360201,66.58243769419852
0.012996304964339867,6.632791719706371,97.42702548557136
0.044057613030736326,0.4796955920795414,50.4126477164629
0.08426549438183197,6.326105772006029,99.6001969261608
0.03293991344881818,7.097960697368594,78.25683701540754
0.06578990540663128,3.666691622511726,79.36863766384691
0.014075297402821488,4.82174205000569,60.236881688705445
0.23963788955169313,0.6391056594095588,68.97317860603451
0.010045787110677745,1.6420336933404778,91.53904867656382
0.010421353890826764,5.097566221339925,85.07304485507477
0.08536808775689753,3.1881128109036774,92.41009016620018
0.02080506282514691,5.151949610066082,93.39333296597565
0.05884958738829352,2.477529612183981,68.44608493948706
0.107773307628959,3.507021052645814,81.75673404747691
0.05922123733975122,0.8249927729414255,98.18559486798632
0.01410587405087083,0.23794770375231522,81.03808141723455
0.06947370313400941,4.478712787223328,78.99130406189762
0.0631572716987426,0.05359715230114137,70.3254326087619
0.05107569082666502,4.779244157633347,50.984200236381376
0.049514903894311124,0.42839488113174173,90.13668241175773
0.013725076677070427,4.725535975630228,78.85958096158905
0.02079008135475704,0.5011149831684847,82.11902034853972
0.047374093758655554,3.6838637006253623,59.48642889644234
0.020169851340942877,5.548821899569917,75.13731503870812
0.14876118893708823,5.5162944604598785,60.553737954419724
0.043314761163243704,5.234044364552735,98.4816695507652
0.09624493290682762,1.457451612107734,86.54321297629093
0.024444977740168218,3.9102050856876254,97.68495397643389
0.012130942242451802,3.735784207855343,53.950583681878406
0.08555381477831228,4.689731826207885,87.40912311658612
0.012836898417576098,0.7491628323645021,74.0089301545719
0.4998762052074821,1.6843080003231496,64.66300123785419
0.20741410561253296,5.642279495360201,66.58243769419852
0.01208923737783256,6.662707049113642,97.57699871784287
0.044057613030736326,0.4796955920795414,50.4126477164629
0.08678718671525075,6.880009784878239,99.7426324218093
0.03941904369121292,6.78705450494425,78.55986067154642
0.06578990540663128,3.666691622511726,79.36863766384691
0.014075297402821488,4.82174205000569,60.236881688705445
0.23963788955169313,0.6391056594095588,68.97317860603451
0.010045787110677745,1.6420336933404778,91.53904867656382
0.010421353890826764,5.097566221339925,85.07304485507477
0.1017082676300176,3.8645754970772757,95.01765255884978
0.012387448006501073,5.311161458388306,94.51963380964519
0.059347964570863034,2.5188156262145296,68.79998941317325
0.15574852275893827,5.16491529870525,81.55691663466513
0.05922123733975122,0.8249927729414255,98.18559486798632
0.01410587405087083,0.23794770375231522,81.03808141723455
0.08349556392761484,3.401766755225863,79.19259195775085
0.0631572716987426,0.05359715230114137,70.3254326087619
0.06102495140442106,4.854312675106082,51.95885692757011
0.036867089850472955,0.5493562135307869,88.08792825062285
0.013725076677070427,4.725535975630228,78.85958096158905
0.02079008135475704,0.5011149831684847,82.11902034853972
0.047374093758655554,3.6838637006253623,59.48642889644234
0.02394441265697822,5.497486762991073,78.94440256531946
0.14876118893708823,5.5162944604598785,60.553737954419724
0.043314761163243704,5.234044364552735,98.4816695507652
0.07925064338683435,0.14400781974552057,94.95342147896513
0.024444977740168218,3.9102050856876254,97.68495397643389
0.012130942242451802,3.735784207855343,53.950583681878406
0.08588379968402374,4.896222221857975,88.72642186022796
0.012836898417576098,0.7491628323645021,74.0089301545719
0.5654593689867207,1.6899680873574965,61.06457991530755
0.16149239911355323,3.6722170941542287,76.74792454845522
0.01208923737783256,6.662707049113642,97.57699871784287
0.04283915254925308,0.7153583357469664,52.21029606913315
0.08678718671525075,6.880009784878239,99.7426324218093
0.03941904369121292,6.78705450494425,78.55986067154642
0.06578990540663128,3.666691622511726,79.36863766384691
0.014075297402821488,4.82174205000569,60.236881688705445
0.23963788955169313,0.6391056594095588,68.97317860603451
0.010045787110677745,1.6420336933404778,91.53904867656382
0.010421353890826764,5.097566221339925,85.07304485507477
0.0805349872771252,2.349808832185639,96.59638682657534
0.012387448006501073,5.311161458388306,94.51963380964519
0.059347964570863034,2.5188156262145296,68.79998941317325
0.1414928852284046,5.02869129957346,83.3079390795679
0.05922123733975122,0.8249927729414255,98.18559486798632
0.01410587405087083,0.23794770375231522,81.03808141723455
0.09520329338735106,3.7301886890224316,80.02334361411195
0.0631572716987426,0.05359715230114137,70.3254326087619
0.06102495140442106,4.854312675106082,51.95885692757011
0.036867089850472955,0.5493562135307869,88.08792825062285
0.013725076677070427,4.725535975630228,78.85958096158905
0.02079008135475704,0.5011149831684847,82.11902034853972
0.047374093758655554,3.6838637006253623,59.48642889644234
0.02394441265697822,5.497486762991073,78.94440256531946
0.20964761969560572,6.309741861988227,63.496296466382645
0.03579677730209577,4.8728347350823125,87.74584576561406
0.06375383891869986,1.8649109623766766,77.71112093090754
0.024444977740168218,3.9102050856876254,97.68495397643389
0.011347611925669009,4.02840157265328,51.40238690028199
0.07200283253641926,5.120937070358653,90.92555170679204
0.012836898417576098,0.7491628323645021,74.0089301545719
0.5654593689867207,1.6899680873574965,61.06457991530755
0.23307972453597978,2.885337499073313,68.21548397724882
0.01208923737783256,6.662707049113642,97.57699871784287
0.04283915254925308,0.7153583357469664,52.21029606913315
0.08678718671525075,6.880009784878239,99.7426324218093
0.03941904369121292,6.78705450494425,78.55986067154642
0.04887727664786254,1.0784681108514471,62.958045996769144
0.014075297402821488,4.82174205000569,60.236881688705445
0.20262092366546874,1.2017922965002628,73.91210898469808
0.011311831845652707,2.641076438450378,81.70412064931672
0.010421353890826764,5.097566221339925,85.07304485507477
0.06760601876198473,1.5252408121862104,88.13809012428115
0.012387448006501073,5.311161458388306,94.51963380964519
0.1030731318509926,2.4075270156721706,57.053929418443566
0.1414928852284046,5.02869129957346,83.3079390795679
0.05922123733975122,0.8249927729414255,98.18559486798632
0.01410587405087083,0.23794770375231522,81.03808141723455
0.11594987188684674,4.197812590729981,77.02730447372076
0.04717767907742632,0.22238702413295247,74.77360880584487
0.051864230056503494,4.847957560739062,53.574048344003955
0.036867089850472955,0.5493562135307869,88.08792825062285
0.013600974896837164,6.188040004835722,78.14960814300997
0.018191778528529566,0.13764844180406222,84.50584298190766
0.04377131930422289,3.391702071045505,55.80658519949227
0.029646899545675585,5.887939733360702,89.75382061056844
0.1657533444696591,4.946774568134173,67.43399239953642
0.023017734444066483,7.081105313510772,82.05051699424313
0.06375383891869986,1.8649109623766766,77.71112093090754
0.024444977740168218,3.9102050856876254,97.68495397643389
0.011347611925669009,4.02840157265328,51.40238690028199
0.07200283253641926,5.120937070358653,90.92555170679204
0.04574703798513072,0.8276525725712361,73.99214055276279
0.5654593689867207,1.6899680873574965,61.06457991530755
0.23307972453597978,2.885337499073313,68.21548397724882
0.01208923737783256,6.662707049113642,97.57699871784287
0.04283915254925308,0.7153583357469664,52.21029606913315
0.08678718671525075,6.880009784878239,99.7426324218093
0.03962867564885566,6.754391539799229,78.1389891315167
0.05021506971616216,1.0456859338748044,67.51405428961347
0.014075297402821488,4.82174205000569,60.236881688705445
0.190219858121609,1.1722161103881916,73.91843557447332
0.011311831845652707,2.641076438450378,81.70412064931672
0.010421353890826764,5.097566221339925,85.07304485507477
0.06760601876198473,1.5252408121862104,88.13809012428115
0.012387448006501073,5.311161458388306,94.51963380964519
0.1030731318509926,2.4075270156721706,57.053929418443566
0.12256668572895724,5.092596619177889,95.69160744801265
0.05922123733975122,0.8249927729414255,98.18559486798632
0.01410587405087083,0.23794770375231522,81.03808141723455
0.011097786452935549,5.3727116222561175,84.91545369125676
0.04717767907742632,0.22238702413295247,74.77360880584487
0.051864230056503494,4.847957560739062,53.574048344003955
0.036867089850472955,0.5493562135307869,88.08792825062285
0.01346393548291312,6.582785496802138,83.32488341270319
0.018191778528529566,0.13764844180406222,84.50584298190766
0.04377131930422289,3.391702071045505,55.80658519949227
0.035179289872241976,5.643811832844324,87.2887501205484
0.10510475533759464,2.8588999255462606,59.92228289399916
0.023017734444066483,7.081105313510772,82.05051699424313
0.09415477824455029,2.7834600081107435,74.64802411255987
0.024444977740168218,3.9102050856876254,97.68495397643389
0.011347611925669009,4.02840157265328,51.40238690028199
0.08385567228341077,5.18215684470539,97.20491241036375
0.040264401344592096,1.4372243239936524,70.1596415851327
0.4603692904213077,1.8703389175812295,64.97871976420289
0.2545737447982124,3.744459771739002,65.35548072851788
0.01208923737783256,6.662707049113642,97.57699871784287
0.04283915254925308,0.7153583357469664,52.21029606913315
0.08678718671525075,6.880009784878239,99.7426324218093
0.03962867564885566,6.754391539799229,78.1389891315167
0.05041850202038637,1.0139426086020906,67.4166223443659
0.014075297402821488,4.82174205000569,60.236881688705445
0.190219858121609,1.1722161103881916,73.91843557447332
0.011311831845652707,2.641076438450378,81.70412064931672
0.010421353890826764,5.097566221339925,85.07304485507477
0.07293104898758088,1.6533689648973209,88.84477533366088
0.012387448006501073,5.311161458388306,94.51963380964519
0.1030731318509926,2.4075270156721706,57.053929418443566
0.1497531073541361,6.924154851746802,94.62124493181882
0.05922123733975122,0.8249927729414255,98.18559486798632
0.01410587405087083,0.23794770375231522,81.03808141723455
0.010105430383147098,5.4200726361142335,77.52532376959272
0.04000030219907752,1.2286855316771552,75.30635489091465
0.051864230056503494,4.847957560739062,53.574048344003955
0.036867089850472955,0.5493562135307869,88.08792825062285
0.01661759377810615,6.2881945468060625,83.60524220854424
0.018191778528529566,0.13764844180406222,84.50584298190766
0.018985621859052074,3.803046414632461,55.2852470633851
0.04013407012251969,6.267166612074623,88.44809485589272
0.1086632496782871,3.95033823565863,59.04358359269313
0.014809075530219089,7.716577589000083,90.15387975141284
0.09796018845713073,0.6675646989231536,61.686491383586414
0.024444977740168218,3.9102050856876254,97.68495397643389
0.011347611925669009,4.02840157265328,51.40238690028199
0.08385567228341077,5.18215684470539,97.20491241036375
0.040264401344592096,1.4372243239936524,70.1596415851327
0.34388732244331177,2.430167979565044,61.45684532996172
0.23189216117907013,3.7764632927395687,64.3743050936606
0.01208923737783256,6.662707049113642,97.57699871784287
0.0336994631970992,0.2661807148569255,51.26149269858544
0.08678718671525075,6.880009784878239,99.7426324218093
0.03962867564885566,6.754391539799229,78.1389891315167
0.05041850202038637,1.0139426086020906,67.4166223443659
0.014075297402821488,4.82174205000569,60.236881688705445
0.190219858121609,1.1722161103881916,73.91843557447332
0.012031970259180751,0.6544886228724991,78.97963800526851
0.010421353890826764,5.097566221339925,85.07304485507477
0.06860254511247917,1.530425991581184,84.72476868201038
0.012387448006501073,5.311161458388306,94.51963380964519
0.10121572118512766,2.9176132973819784,61.92257238693655
0.1497531073541361,6.924154851746802,94.62124493181882
0.05922123733975122,0.8249927729414255,98.18559486798632
0.01410587405087083,0.23794770375231522,81.03808141723455
0.010105430383147098,5.4200726361142335,77.52532376959272
0.04116484365405495,1.0654119084608222,75.21991594371205
0.059906312933747326,5.010630001895039,54.00509817287494
0.03663538479095027,0.028735749572949665,88.9226731034281
0.015179638923277804,6.011886687193496,83.9458736204819
0.018191778528529566,0.13764844180406222,84.50584298190766
0.018985621859052074,3.803046414632461,55.2852470633851
0.043385119247008073,6.221314265467955,87.38984233650288
0.1218044195173723,3.5812565500706057,53.80020454508589
0.026527628870762286,4.759272780505439,83.51379813269457
0.10826651635814312,0.108292779020835,57.732088029415074
0.024444977740168218,3.9102050856876254,97.68495397643389
0.011347611925669009,4.02840157265328,51.40238690028199
0.08385567228341077,5.18215684470539,97.20491241036375
0.030686971775588975,2.693393105671928,77.94639861732638
0.2936218476098488,3.0344099166172835,62.766254581883295
0.23189216117907013,3.7764632927395687,64.3743050936606
0.01208923737783256,6.662707049113642,97.57699871784287
0.0336994631970992,0.2661807148569255,51.26149269858544
0.0592704738651065,6.356121532660694,91.77010633831216
0.03962867564885566,6.754391539799229,78.1389891315167
0.04948979755460155,1.0526563885733982,67.6675016984289
0.01416603128506755,4.812374453613499,61.73110804611687
0.190219858121609,1.1722161103881916,73.91843557447332
0.012031970259180751,0.6544886228724991,78.97963800526851
0.01588160888229559,4.635253866325781,89.98363290789723
0.06860254511247917,1.530425991581184,84.72476868201038
0.018506352933612535,3.978154820169921,93.10725506804089
0.1369952341457424,0.6886046534988735,52.50150845969045
0.1497531073541361,6.924154851746802,94.62124493181882
0.05922123733975122,0.8249927729414255,98.18559486798632
0.01410587405087083,0.23794770375231522,81.03808141723455
0.030631789501821844,3.4997079858131244,86.15961424209776
0.04116484365405495,1.0654119084608222,75.21991594371205
0.059906312933747326,5.010630001895039,54.00509817287494
0.03663538479095027,0.028735749572949665,88.9226731034281
0.015179638923277804,6.011886687193496,83.9458736204819
0.018191778528529566,0.13764844180406222,84.50584298190766
0.02186234296866326,3.206242015112892,52.384324327889225
0.04691460251017634,6.306290087571526,88.43602559030518
0.1218044195173723,3.5812565500706057,53.80020454508589
0.02859980099110294,5.60406832961957,69.4139454876561
0.10826651635814312,0.108292779020835,57.732088029415074
0.024444977740168218,3.9102050856876254,97.68495397643389
0.06635128723317106,5.179201782145066,68.5779768359887
0.10102365597089727,5.320286315589793,99.02876701751809
0.030686971775588975,2.693393105671928,77.94639861732638
0.18237405249194671,2.2908519476070914,73.62237337077278
0.23189216117907013,3.7764632927395687,64.3743050936606
0.01208923737783256,6.662707049113642,97.57699871784287
0.0336994631970992,0.2661807148569255,51.26149269858544
0.06377327821548222,6.3223059249229,94.65711903577453
0.027373606740135337,7.8082578017879545,92.72463797109141
0.04832752844960155,3.4237917907445627,77.04101060146806
0.01416603128506755,4.812374453613499,61.73110804611687
0.250944832109451,2.062581414463185,86.66026782637726
0.012031970259180751,0.6544886228724991,78.97963800526851
0.012019138925377343,4.689641811998696,90.36319892332342
0.06869931284169332,1.5275160809842847,84.671643529092
0.022587307496603204,4.080598645239272,91.01501957031371
0.13684019798446484,0.6892142591787742,52.5382627155021
0.14536156710405423,6.6976200764998275,94.28359103910331
0.07687188355183486,0.794116573495816,87.80533592536875
0.01410587405087083,0.23794770375231522,81.03808141723455
0.03109865679876366,3.5153315105095997,87.9577412100939
0.04116484365405495,1.0654119084608222,75.21991594371205
0.05209003273503632,4.6399115383692475,53.672103942178786
0.03663538479095027,0.028735749572949665,88.9226731034281
0.0149888381744667,5.970440677706882,85.12161602055389
0.018191778528529566,0.13764844180406222,84.50584298190766
0.02186234296866326,3.206242015112892,52.384324327889225
0.04691460251017634,6.306290087571526,88.43602559030518
0.11570050897168828,3.3459624666684746,57.34821437119635
0.01818479452098068,6.664670851759098,65.42766089307284
0.11647275216587773,0.09091693301725007,58.444188465871036
0.024444977740168218,3.9102050856876254,97.68495397643389
0.06635128723317106,5.179201782145066,68.5779768359887
0.09211248570213001,5.2840260788195375,91.20258767053673
0.030686971775588975,2.693393105671928,77.94639861732638
0.18237405249194671,2.2908519476070914,73.62237337077278
0.23189216117907013,3.7764632927395687,64.3743050936606
0.010206396173537753,7.025169582940107,99.02477030530544
0.0336994631970992,0.2661807148569255,51.26149269858544
0.06377327821548222,6.3223059249229,94.65711903577453
0.027373606740135337,7.8082578017879545,92.72463797109141
0.07599848290964809,5.999802454075927,73.80905801297024
0.013372677189824149,4.767020319576153,72.31169745027816
0.25754159158945644,1.9253727004667747,86.60285355552931
0.012031970259180751,0.6544886228724991,78.97963800526851
0.012019138925377343,4.689641811998696,90.36319892332342
0.06869931284169332,1.5275160809842847,84.671643529092
0.022587307496603204,4.080598645239272,91.01501957031371
0.13684019798446484,0.6892142591787742,52.5382627155021
0.09769291199918642,5.35000596949539,78.11116803007994
0.07687188355183486,0.794116573495816,87.80533592536875
0.013546334427291135,1.4316302249256987,83.5385294498805
0.03349266478441384,3.7697314645777253,84.03448856570722
0.04116484365405495,1.0654119084608222,75.21991594371205
0.05209003273503632,4.6399115383692475,53.672103942178786
0.07158693608347355,1.4951499360157114,74.96485889206292
0.0149888381744667,5.970440677706882,85.12161602055389
0.018191778528529566,0.13764844180406222,84.50584298190766
0.02186234296866326,3.206242015112892,52.384324327889225
0.04691460251017634,6.306290087571526,88.43602559030518
0.1252444337238657,3.7463837965774855,53.53687199548216
0.017209271115382358,6.452766272899867,71.43898022683545
0.10229079428655612,2.1613574156576965,63.82795293506385
0.02843155405818163,3.2319110629730523,92.32853610407903
0.07846280925574253,5.698725411536392,62.88078479762615
0.09614385804140117,4.488426089431442,82.9910896246103
0.03385009220925913,3.340372148707249,76.2858950866577
0.18259624911323216,2.2825774569506323,73.62243128326014
0.24560298744887638,3.7195193716411694,62.753691502276894
0.010206396173537753,7.025169582940107,99.02477030530544
0.0336994631970992,0.2661807148569255,51.26149269858544
0.06377327821548222,6.3223059249229,94.65711903577453
0.027373606740135337,7.8082578017879545,92.72463797109141
0.09988839994795476,3.9145635477648058,65.45693423785248
0.015976797005890962,2.909796903803744,50.34142948859169
0.45667452100644246,0.2861210922102897,88.88559622039526
0.012031970259180751,0.6544886228724991,78.97963800526851
0.012019138925377343,4.689641811998696,90.36319892332342
0.05445043939794611,1.0140107892594887,71.06995621458884
0.02547955123674233,4.928014324142641,93.40677890675428
0.13684019798446484,0.6892142591787742,52.5382627155021
0.09961552677404464,5.372737908939485,73.60080350149758
0.07687188355183486,0.794116573495816,87.80533592536875
0.013546334427291135,1.4316302249256987,83.5385294498805
0.03349266478441384,3.7697314645777253,84.03448856570722
0.04116484365405495,1.0654119084608222,75.21991594371205
0.05209003273503632,4.6399115383692475,53.672103942178786
0.07158693608347355,1.4951499360157114,74.96485889206292
0.0149888381744667,5.970440677706882,85.12161602055389
0.018191778528529566,0.13764844180406222,84.50584298190766
0.02186234296866326,3.206242015112892,52.384324327889225
0.04534793589341016,6.8107234448971194,98.9594938137548
0.1252444337238657,3.7463837965774855,53.53687199548216
0.017209271115382358,6.452766272899867,71.43898022683545
0.10647223006419161,2.4500996883493755,61.95323959608176
0.03120757871910539,2.9952773342449124,90.0604011990356
0.07846280925574253,5.698725411536392,62.88078479762615
0.10584581555560736,5.671010703190451,86.16209573440706
0.018154241555378335,4.1078537210975625,76.83535245219268
0.16090440774800532,2.4072305905111215,70.75624294736998
0.19859621260105173,3.4090962330102417,60.67047485509351
0.015250273181788825,5.57403897847033,88.77016636118717
0.0336994631970992,0.2661807148569255,51.26149269858544
0.056223954919633834,4.566943679277099,88.16672140517538
0.027373606740135337,7.8082578017879545,92.72463797109141
0.10294048673051323,3.8547221592375074,64.61624919033332
0.015976797005890962,2.909796903803744,50.34142948859169
0.45667452100644246,0.2861210922102897,88.88559622039526
0.012031970259180751,0.6544886228724991,78.97963800526851
0.012019138925377343,4.689641811998696,90.36319892332342
0.047680328439788484,0.9566300066010043,72.33236441681419
0.023774479266196594,5.242370279649674,88.87770888323955
0.14579910287154305,1.3288174316117682,59.320665035617274
0.1025444244163664,5.962366980387876,71.77156176040607
0.07687188355183486,0.794116573495816,87.80533592536875
0.013368717504440939,1.3654547910652517,83.44581189098447
0.03349266478441384,3.7697314645777253,84.03448856570722
0.04116484365405495,1.0654119084608222,75.21991594371205
0.05209003273503632,4.6399115383692475,53.672103942178786
0.060270753087808555,1.3352991903350933,75.05973311143138
0.0149888381744667,5.970440677706882,85.12161602055389
0.018191778528529566,0.13764844180406222,84.50584298190766
0.042645335408354995,3.334278624509729,52.76077805347694
0.029958976999228303,4.207752505263665,91.49720965938181
0.18993696052548567,4.24168983236499,55.428751935684446
0.017209271115382358,6.452766272899867,71.43898022683545
0.12437004611055599,2.9189217923021955,57.38096634934752
0.03120757871910539,2.9952773342449124,90.0604011990356
0.07926844996922043,5.759899447372082,62.68554578242943
0.10584581555560736,5.671010703190451,86.16209573440706
0.01842034888132645,3.274661419968422,78.68741795534093
0.1546616021914755,2.494665775761337,68.47074383574277
0.1199884977291935,5.428736318120347,75.38643190999983
0.015250273181788825,5.57403897847033,88.77016636118717
0.0336994631970992,0.2661807148569255,51.26149269858544
0.05212310153770139,4.629463646319242,90.23402027957192
0.027373606740135337,7.8082578017879545,92.72463797109141
0.10294048673051323,3.8547221592375074,64.61624919033332
0.015976797005890962,2.909796903803744,50.34142948859169
0.45667452100644246,0.2861210922102897,88.88559622039526
0.012031970259180751,0.6544886228724991,78.97963800526851
0.012019138925377343,4.689641811998696,90.36319892332342
0.047680328439788484,0.9566300066010043,72.33236441681419
0.02383288182631099,5.295772537447686,88.9234444820317
0.11402911156876067,1.0823626670123077,72.44984325231736
0.12663655921679035,6.964423113107563,65.59498946046641
0.06916488956234462,0.6256351506305831,89.7209050729355
0.013368717504440939,1.3654547910652517,83.44581189098447
0.03349266478441384,3.7697314645777253,84.03448856570722
0.04116484365405495,1.0654119084608222,75.21991594371205
0.06801318427642791,4.394039800946452,57.09911923083021
0.05173415514406203,2.1113728708395856,77.92079914753398
0.014398899183300387,5.483471966317978,89.80784688364794
0.018191778528529566,0.13764844180406222,84.50584298190766
0.04380642942594795,3.486059741663232,51.25347156396947
0.029958976999228303,4.207752505263665,91.49720965938181
0.24163034611456685,4.637470414117156,56.94048264203051
0.0170230664204281,7.649606697312227,68.9625498602456
0.13592734960231306,2.4142297145714107,53.47886280353918
0.03120757871910539,2.9952773342449124,90.0604011990356
0.07926844996922043,5.759899447372082,62.68554578242943
0.17246347640947035,7.497013925247552,91.8577536270085
0.017596557700071836,2.881175694855103,77.33832926722874
0.14958233485264216,2.509869762796378,67.80676601844905
0.08983981169959818,4.850479369222441,78.40076839307095
0.015250273181788825,5.57403897847033,88.77016636118717
0.0336994631970992,0.2661807148569255,51.26149269858544
0.05212310153770139,4.629463646319242,90.23402027957192
0.026265354558812473,7.021846165042319,91.53485873706146
0.09932885224576818,4.01243743541851,65.8356488313602
0.015976797005890962,2.909796903803744,50.34142948859169
0.45667452100644246,0.2861210922102897,88.88559622039526
0.012031970259180751,0.6544886228724991,78.97963800526851
0.012019138925377343,4.689641811998696,90.36319892332342
0.056767909873359515,1.2090181940528404,68.58082430639729
0.02383288182631099,5.295772537447686,88.9234444820317
0.20384956498815007,1.4591559786442267,66.69959262847429
0.14981407092657067,7.882522638051506,69.24392900590583
0.06916488956234462,0.6256351506305831,89.7209050729355
0.016084791891616088,1.5465729554406948,82.59017219504909
0.03349266478441384,3.7697314645777253,84.03448856570722
0.04116484365405495,1.0654119084608222,75.21991594371205
0.06801318427642791,4.394039800946452,57.09911923083021
0.0542492850251574,2.3602753346779686,78.56351575757085
0.02167622477735235,3.5162793428932955,75.27384830890188
0.018933857728523053,0.3961432617364218,84.970199481641
0.03336862305562414,3.2699260957277705,50.91140026239092
0.02967445136680121,4.243021103168671,92.0980933729081
0.24283781854318828,4.5875502722507555,56.330918523011874
0.0170230664204281,7.649606697312227,68.9625498602456
0.13592734960231306,2.4142297145714107,53.47886280353918
0.027126740684415583,3.2500405336568945,90.09690085281088
0.07926844996922043,5.759899447372082,62.68554578242943
0.17354344081910458,7.522748033583007,91.87232541330913
0.01032561114411789,2.474746530824019,74.2754777067137
0.14958233485264216,2.509869762796378,67.80676601844905
0.1376339201449134,6.070185979485483,69.48705687930615
0.016537539384166564,5.926377968909542,88.13551090777908
0.0336994631970992,0.2661807148569255,51.26149269858544
0.05212310153770139,4.629463646319242,90.23402027957192
0.026265354558812473,7.021846165042319,91.53485873706146
0.13906857458358016,4.459785706251927,74.82721089100124
0.018549842524367352,3.032209993119925,53.18115137122042
0.4675432517228544,0.23282740199220697,89.24135701727734
0.012031970259180751,0.6544886228724991,78.97963800526851
0.012019138925377343,4.689641811998696,90.36319892332342
0.056767909873359515,1.2090181940528404,68.58082430639729
0.02383288182631099,5.295772537447686,88.9234444820317
0.35938625882381664,1.8355997552417684,58.55363455696306
0.14981407092657067,7.882522638051506,69.24392900590583
0.06916488956234462,0.6256351506305831,89.7209050729355
0.016084791891616088,1.5465729554406948,82.59017219504909
0.03349266478441384,3.7697314645777253,84.03448856570722
0.018860043883064614,0.7479328507703247,80.33723351831057
0.06725936681946232,4.300582337470763,57.60789454355521
0.09167887181470058,3.9866959922948313,82.77280589700312
0.025756734183608035,3.0204862366165415,68.89798730277396
0.018933857728523053,0.3961432617364218,84.970199481641
0.03336862305562414,3.2699260957277705,50.91140026239092
0.028188961670594287,4.098434974864677,87.56964694596778
0.2222064194393789,4.7096088425876985,59.230487366950484
0.0170230664204281,7.649606697312227,68.9625498602456
0.13592734960231306,2.4142297145714107,53.47886280353918
0.027126740684415583,3.2500405336568945,90.09690085281088
0.09283345918601357,6.710321690552524,59.50416353707957
0.17354344081910458,7.522748033583007,91.87232541330913
0.01032561114411789,2.474746530824019,74.2754777067137
0.2216325092221824,2.141744594734854,78.47003793389474
0.15943160874866608,6.885956677034303,65.05900189746332
0.016537539384166564,5.926377968909542,88.13551090777908
0.0336994631970992,0.2661807148569255,51.26149269858544
0.05212310153770139,4.629463646319242,90.23402027957192
0.026265354558812473,7.021846165042319,91.53485873706146
0.2671220986887126,6.434194676726001,75.3759894550972
0.01980828066853723,3.171411321264068,57.67075191411014
0.3587679349263391,1.5151767101005764,80.14577263817083
0.01232829047284136,1.0697871495755287,78.38492582111205
0.012103808389556808,3.698247276894258,87.08262674544171
0.08494546652781709,0.44107317637725574,65.12575375206481
0.0224453133461259,5.609955821828228,88.81851060306359
0.2907882137915513,1.9612060634436896,61.643320293656124
0.14981407092657067,7.882522638051506,69.24392900590583
0.06916488956234462,0.6256351506305831,89.7209050729355
0.016084791891616088,1.5465729554406948,82.59017219504909
0.03349266478441384,3.7697314645777253,84.03448856570722
0.021067942878863953,0.9099989863735174,79.30035775945971
0.06725936681946232,4.300582337470763,57.60789454355521
0.11732140376846208,3.3247652618082557,80.94274339811749
0.025756734183608035,3.0204862366165415,68.89798730277396
0.018933857728523053,0.3961432617364218,84.970199481641
0.030567165700949896,3.1179526651517055,50.19277518730712
0.028188961670594287,4.098434974864677,87.56964694596778
0.17153669310349526,3.7224408255150996,64.48985355139573
0.02403685322004302,5.776998971451425,76.30688918734887
0.13592734960231306,2.4142297145714107,53.47886280353918
0.037039343854719575,2.305469951027699,89.92217377566713
0.08905422063039255,6.502428887036666,60.033430595940125
0.16782467919516897,7.1876804728421995,92.63847703377446
0.01032561114411789,2.474746530824019,74.2754777067137
0.2216325092221824,2.141744594734854,78.47003793389474
0.15943160874866608,6.885956677034303,65.05900189746332
0.018891568582272367,5.94915958549446,87.835446751051
0.0336994631970992,0.2661807148569255,51.26149269858544
0.05212310153770139,4.629463646319242,90.23402027957192
0.026265354558812473,7.021846165042319,91.53485873706146
0.21933720410208069,5.75835745254682,74.0934912366165
0.01980828066853723,3.171411321264068,57.67075191411014
0.3587679349263391,1.5151767101005764,80.14577263817083
0.011422624697685851,0.8153257084852594,80.89296632348942
0.012103808389556808,3.698247276894258,87.08262674544171
0.08798308392085219,0.5586383634230412,64.43180530633306
0.0224453133461259,5.609955821828228,88.81851060306359
0.2907882137915513,1.9612060634436896,61.643320293656124
0.1572497990921966,7.2881506912041925,70.1991549846803
0.06102061224805085,0.6737866050604787,87.95638917453202
0.016084791891616088,1.5465729554406948,82.59017219504909
0.03431221003833215,3.400955933326473,83.18397951258954
0.021067942878863953,0.9099989863735174,79.30035775945971
0.06725936681946232,4.300582337470763,57.60789454355521
0.14697818933264867,5.966265249132345,95.43131454641636
0.02479170619508176,2.9416888904272787,65.5652217180411
0.07670630093044423,1.3926925834606632,69.41949293848671
0.030567165700949896,3.1179526651517055,50.19277518730712
0.028188961670594287,4.098434974864677,87.56964694596778
0.21216352039593522,4.036872439074708,62.023777040557526
0.06814096255621685,4.451489229577929,67.30871861778706
0.13592734960231306,2.4142297145714107,53.47886280353918
0.03172814714507563,3.5080694984060545,89.52051830376473
0.09693750618864676,6.94906569633292,56.69956715237217
0.1770331962238112,7.21570883016914,97.37147614589404
0.01032561114411789,2.474746530824019,74.2754777067137
0.2216325092221824,2.141744594734854,78.47003793389474
0.15943160874866608,6.885956677034303,65.05900189746332
0.02190178664605405,5.563807539588112,87.98054095875682
0.0336994631970992,0.2661807148569255,51.26149269858544
0.041950393194932635,5.570651972865166,90.74578374604494
0.026265354558812473,7.021846165042319,91.53485873706146
0.2867826221853818,5.8324701285317095,54.906012758937315
0.023850444864252543,3.01649694237498,58.0716227145174
0.3587679349263391,1.5151767101005764,80.14577263817083
0.012007324304772637,0.8190151477491503,80.88622693879968
0.012103808389556808,3.698247276894258,87.08262674544171
0.09289770412283772,0.4911079233091651,63.190586993246285
0.0224453133461259,5.609955821828228,88.81851060306359
0.2907882137915513,1.9612060634436896,61.643320293656124
0.1572497990921966,7.2881506912041925,70.1991549846803
0.027199757076647235,0.4842837040669197,91.82956574841373
0.016084791891616088,1.5465729554406948,82.59017219504909
0.04730335983476142,4.722622383931437,83.60720126293786
0.021067942878863953,0.9099989863735174,79.30035775945971
0.11441357867221588,3.8070825233615264,58.45918207674808
0.1419788951639179,5.673351955538973,96.10107796381862
0.02479170619508176,2.9416888904272787,65.5652217180411
0.06614879289918525,1.116151486116246,64.96198702854336
0.030567165700949896,3.1179526651517055,50.19277518730712
0.030228678745159346,4.497843267750444,88.3819018522775
0.22212348244797642,4.0602862519127125,62.386981661904365
0.10184053210754948,6.9868417007866395,58.723905490030546
0.13592734960231306,2.4142297145714107,53.47886280353918
0.04390122941682043,5.122358999026582,94.69270238973228
0.09693750618864676,6.94906569633292,56.69956715237217
0.18403386007072312,7.489103856047315,98.09030583300489
0.03227350541067192,2.6390506285925515,73.043513227687
0.14499436776888608,3.276343586223942,80.72842473417074
0.13424960723258056,6.9113864592786385,61.690567280415536
0.022171106066994548,5.211749796167478,83.84690045306463
0.0337688904736735,0.20308943162790616,50.88537899638165
0.044455143923992635,5.320923548936728,89.3910724197959
0.02583149451551895,7.064414232196472,91.86924900397462
0.37612653217215536,5.3069837952252605,54.06193962362325
0.023850444864252543,3.01649694237498,58.0716227145174
0.43411499685127153,0.26733266641522135,77.56493800340506
0.013662449649436938,0.8356353879712302,80.59653233896815
0.012103808389556808,3.698247276894258,87.08262674544171
0.09289770412283772,0.4911079233091651,63.190586993246285
0.0224453133461259,5.609955821828228,88.81851060306359
0.2907882137915513,1.9612060634436896,61.643320293656124
0.1572497990921966,7.2881506912041925,70.1991549846803
0.027199757076647235,0.4842837040669197,91.82956574841373
0.016084791891616088,1.5465729554406948,82.59017219504909
0.04730335983476142,4.722622383931437,83.60720126293786
0.021067942878863953,0.9099989863735174,79.30035775945971
0.14973450319193354,3.416007506466051,60.570004627430805
0.1419788951639179,5.673351955538973,96.10107796381862
0.06399289966931218,3.320217728291919,62.456993479616926
0.06614879289918525,1.116151486116246,64.96198702854336
0.030567165700949896,3.1179526651517055,50.19277518730712
0.030228678745159346,4.497843267750444,88.3819018522775
0.22617982483074756,4.172321246119177,62.36175683132651
0.10184053210754948,6.9868417007866395,58.723905490030546
0.10387970941085577,3.316711585839641,63.45887686158122
0.04390122941682043,5.122358999026582,94.69270238973228
0.05605080993232525,5.382291775728582,71.34307511145676
0.18403386007072312,7.489103856047315,98.09030583300489
0.04227269263113409,3.313834871031687,67.14688467643168
0.11407698520423636,3.8746060899274157,82.76867527370908
0.13424960723258056,6.9113864592786385,61.690567280415536
0.022171106066994548,5.211749796167478,83.84690045306463
0.0337688904736735,0.20308943162790616,50.88537899638165
0.044455143923992635,5.320923548936728,89.3910724197959
0.02583149451551895,7.064414232196472,91.86924900397462
0.3606709459801813,5.307633375118541,55.708245203079485
0.023850444864252543,3.01649694237498,58.0716227145174
0.3013040145420093,2.7250184095478236,85.99184225161447
0.013662449649436938,0.8356353879712302,80.59653233896815
0.012103808389556808,3.698247276894258,87.08262674544171
0.1075389622238925,0.6314793472196297,62.87609145821443
0.0221396767866936,5.65362616714852,88.83565531997806
0.21411934345827627,2.264302773533847,60.61747063714221
0.1572497990921966,7.2881506912041925,70.1991549846803
0.027199757076647235,0.4842837040669197,91.82956574841373
0.016084791891616088,1.5465729554406948,82.59017219504909
0.04049546314366512,4.030014816718284,83.38541566282198
0.021715055786924228,0.8273333731154211,78.8731418489162
0.14973450319193354,3.416007506466051,60.570004627430805
0.1419788951639179,5.673351955538973,96.10107796381862
0.05954993774683016,3.718733379016103,69.5854216009223
0.05099281279159029,0.08934946618882211,64.09070781132837
0.030567165700949896,3.1179526651517055,50.19277518730712
0.030228678745159346,4.497843267750444,88.3819018522775
0.21373850933720795,4.453940484677105,61.99775559515722
0.10184053210754948,6.9868417007866395,58.723905490030546
0.10387970941085577,3.316711585839641,63.45887686158122
0.04390122941682043,5.122358999026582,94.69270238973228
0.06338261059908623,7.086493214488521,78.07462040293126
0.177651779647933,7.2135531646471875,97.78842917543223
0.043908458135104786,3.3190243545835316,67.8900626754941
0.15144523107365593,5.107486745749457,84.34474943899083
0.13424960723258056,6.9113864592786385,61.690567280415536
0.022171106066994548,5.211749796167478,83.84690045306463
0.0337688904736735,0.20308943162790616,50.88537899638165
0.057198883748057344,5.383357561562099,92.56165961486784
0.02583149451551895,7.064414232196472,91.86924900397462
0.26131598893185476,5.279490056437014,63.96737727379758
0.023850444864252543,3.01649694237498,58.0716227145174
0.3013040145420093,2.7250184095478236,85.99184225161447
0.013662449649436938,0.8356353879712302,80.59653233896815
0.08554241776265695,3.4511085366749565,86.80563629160301
0.10681720592288853,1.161118425716269,62.99104089147429
0.011869636596748057,5.761365284590904,88.94027496709927
0.15309420466444265,4.216546499185325,67.68492504719092
0.12063111659647098,5.642583654101864,72.85076922230292
0.034859752765881,0.2854736823116065,98.18570325626257
0.032016199846763946,2.5572474659691826,78.15637883863226
0.06583228094050624,7.046277212201774,86.01879221772636
0.021715055786924228,0.8273333731154211,78.8731418489162
0.18562263361700881,1.8905415802705168,53.29502876843005
0.1419788951639179,5.673351955538973,96.10107796381862
0.05186723754675092,3.797836312962712,64.49557458482595
0.05099281279159029,0.08934946618882211,64.09070781132837
0.030567165700949896,3.1179526651517055,50.19277518730712
0.032857093813075375,3.939796806052193,85.30701607605717
0.18004958921940223,4.587208341961351,65.84013213310166
0.105695517528975,7.110894861594445,56.330725364706865
0.09642166138515126,3.371372815702148,72.95434960718566
0.04390122941682043,5.122358999026582,94.69270238973228
0.06020880803080757,7.443375703016484,78.56648467309587
0.177651779647933,7.2135531646471875,97.78842917543223
0.05581379189955592,4.655656399858131,61.998346692987155
0.13900062035598615,4.107386459576532,77.96079695250229
0.13424960723258056,6.9113864592786385,61.690567280415536
0.022171106066994548,5.211749796167478,83.84690045306463
0.0337688904736735,0.20308943162790616,50.88537899638165
0.057198883748057344,5.383357561562099,92.56165961486784
0.02583149451551895,7.064414232196472,91.86924900397462
0.27929414604783676,5.244760229839221,62.16752462344341
0.023850444864252543,3.01649694237498,58.0716227145174
0.1784059643772849,2.6484508089549585,82.4158795713783
0.013662449649436938,0.8356353879712302,80.59653233896815
0.13096657631852246,5.318376356544809,92.45097199332173
0.16829845242899727,0.013597046247498135,50.52618340374502
0.013318112911210447,5.393725776527652,86.42322046959447
0.14382405550918897,4.6781471263179455,78.06041335472919
0.12307926875537031,6.436805437719293,74.5981466138073
0.034859752765881,0.2854736823116065,98.18570325626257
0.032016199846763946,2.5572474659691826,78.15637883863226
0.06583228094050624,7.046277212201774,86.01879221772636
0.021715055786924228,0.8273333731154211,78.8731418489162
0.18562263361700881,1.8905415802705168,53.29502876843005
0.13686282688664095,5.5084385138998595,94.40532327068543
0.05186723754675092,3.797836312962712,64.49557458482595
0.05099281279159029,0.08934946618882211,64.09070781132837
0.030567165700949896,3.1179526651517055,50.19277518730712
0.032857093813075375,3.939796806052193,85.30701607605717
0.16846577124194367,4.326025065774887,66.86746786607405
0.11763204060842719,7.924784708605708,53.18349392210274
0.09642166138515126,3.371372815702148,72.95434960718566
0.04698479104623225,5.001553233749107,86.22978260476299
0.05477784639078033,5.875460886153823,82.88731429382781
0.14150911616158113,6.748218767474382,94.54761493471224
0.05581379189955592,4.655656399858131,61.998346692987155
0.15130792357263168,4.130888614674709,79.51619426401373
0.13369583807838162,6.642683580653945,66.87911522485975
0.022171106066994548,5.211749796167478,83.84690045306463
0.0337688904736735,0.20308943162790616,50.88537899638165
0.057198883748057344,5.383357561562099,92.56165961486784
0.05412004872523668,7.092203172071877,92.97216518550677
0.36065415254650424,5.585054132363553,52.622646301456
0.023850444864252543,3.01649694237498,58.0716227145174
0.3383512901851693,4.408467606082249,84.18223793957405
0.013662449649436938,0.8356353879712302,80.59653233896815
0.13096657631852246,5.318376356544809,92.45097199332173
0.16829845242899727,0.013597046247498135,50.52618340374502
0.013318112911210447,5.393725776527652,86.42322046959447
0.12735952746494902,4.907214061681486,85.38256553049754
0.13633513025645894,7.001544620961375,74.0801821510861
0.03493562567599957,0.14702568070687283,98.67362631150866
0.032016199846763946,2.5572474659691826,78.15637883863226
0.06583228094050624,7.046277212201774,86.01879221772636
0.021715055786924228,0.8273333731154211,78.8731418489162
0.18562263361700881,1.8905415802705168,53.29502876843005
0.13686282688664095,5.5084385138998595,94.40532327068543
0.05186723754675092,3.797836312962712,64.49557458482595
0.05099281279159029,0.08934946618882211,64.09070781132837
0.030567165700949896,3.1179526651517055,50.19277518730712
0.032857093813075375,3.939796806052193,85.30701607605717
0.16896937997844558,4.328306402100553,66.87771247327991
0.10448613037513127,7.199001979153353,52.731925823458596
0.10221124411484125,4.037133081467251,73.31135459373539
0.04698479104623225,5.001553233749107,86.22978260476299
0.05276784371038434,5.332764624960046,79.8255735781291
0.12891465983227934,6.497959553980872,93.21910672968714
0.056718148347264366,4.737614896268099,61.59932288480524
0.15130792357263168,4.130888614674709,79.51619426401373
0.10465089766433108,5.074248479580708,69.86877731148496
0.033310034557360466,5.35466938729652,82.15218267263936
0.0337688904736735,0.20308943162790616,50.88537899638165
0.057198883748057344,5.383357561562099,92.56165961486784
0.05412004872523668,7.092203172071877,92.97216518550677
0.24629679952060288,5.359438536599812,63.0117436525977
0.029895675279658526,3.500716561141217,62.61932239233763
0.3947077140421948,3.8629734894382866,83.80244193333266
0.013662449649436938,0.8356353879712302,80.59653233896815
0.14532664142868496,5.610658638100519,94.9818977147232
0.16829845242899727,0.013597046247498135,50.52618340374502
0.035463253656692256,4.943485081938313,82.16547688364281
0.1749161321299862,4.680955999381794,87.0160250605646
0.13633513025645894,7.001544620961375,74.0801821510861
0.03493562567599957,0.14702568070687283,98.67362631150866
0.042188183137657244,3.5113962967267076,76.8040012391896
0.06312017503349758,6.359285154507247,78.75225463488056
0.02592437451517255,0.8229936815897088,77.9722782350745
0.18562263361700881,1.8905415802705168,53.29502876843005
0.10922725480968842,6.106759301436508,91.1424089807487
0.03852848767163203,3.2919226169729567,62.98202098621909
0.055458156257229496,2.1827581746304645,70.68908636745252
0.030567165700949896,3.1179526651517055,50.19277518730712
0.032857093813075375,3.939796806052193,85.30701607605717
0.1714216964675302,4.167404348856013,66.87761495001902
0.09328431617768701,6.832951150746642,57.50873585837116
0.10221124411484125,4.037133081467251,73.31135459373539
0.04698479104623225,5.001553233749107,86.22978260476299
0.04503178340648829,5.341473547996797,80.75058975632135
0.14230576780668724,6.706083295282108,93.34186835596682
0.04717568166082235,4.45912579205165,55.62282806264752
0.19272417431271976,4.47834385686955,89.57465421113653
0.11554849524955273,5.087986246561893,66.77691517214181
0.033310034557360466,5.35466938729652,82.15218267263936
0.0337688904736735,0.20308943162790616,50.88537899638165
0.057198883748057344,5.383357561562099,92.56165961486784
0.05412004872523668,7.092203172071877,92.97216518550677
0.24629679952060288,5.359438536599812,63.0117436525977
0.029895675279658526,3.500716561141217,62.61932239233763
0.3947077140421948,3.8629734894382866,83.80244193333266
0.01645776697587435,1.1117590810101805,78.61639586780541
0.14532664142868496,5.610658638100519,94.9818977147232
0.15686777249564554,0.029697795968292612,50.55670346040189
0.02337507833674031,4.755627984893389,85.62576616115238
0.1749161321299862,4.680955999381794,87.0160250605646
0.13633513025645894,7.001544620961375,74.0801821510861
0.03493562567599957,0.14702568070687283,98.67362631150866
0.042188183137657244,3.5113962967267076,76.8040012391896
0.06312017503349758,6.359285154507247,78.75225463488056
0.02592437451517255,0.8229936815897088,77.9722782350745
0.18562263361700881,1.8905415802705168,53.29502876843005
0.11005853026421551,6.294310420258834,95.00667203400482
0.03460517836587111,2.3356568514693263,55.435591772771296
0.0513851628034121,1.778737574507318,76.24302366329847
0.03253238662487026,1.7814340964530784,72.00265408808973
0.032857093813075375,3.939796806052193,85.30701607605717
0.23068452358227926,2.968002424289631,60.37978639345039
0.11324022679273456,6.152183334863395,59.90150245769386
0.09659792068841258,4.370584965430852,74.09264639208104
0.04698479104623225,5.001553233749107,86.22978260476299
0.04503178340648829,5.341473547996797,80.75058975632135
0.14230576780668724,6.706083295282108,93.34186835596682
0.04236572698212552,3.5795713155673496,61.003189561468695
0.17540703604479424,2.3298343847059164,70.73062040293013
0.07632989351786433,3.2216689714391933,71.67589193876559
0.02932178292515584,5.02167000069167,80.07852656797496
0.0337506724971498,0.1788193976051189,50.676764753359635
0.057198883748057344,5.383357561562099,92.56165961486784
0.05412004872523668,7.092203172071877,92.97216518550677
0.18782872639760975,4.285327779493174,66.98075987043863
0.029895675279658526,3.500716561141217,62.61932239233763
0.4727062368425572,3.8464138792634714,83.47812423421742
0.01645776697587435,1.1117590810101805,78.61639586780541
0.14532664142868496,5.610658638100519,94.9818977147232
0.15686777249564554,0.029697795968292612,50.55670346040189
0.025528639021697754,5.89007060329816,87.80798747555784
0.18318676526556635,4.421092471224304,84.78946391450206
0.15943505895991705,7.370801259094078,72.27030626330483
0.03493562567599957,0.14702568070687283,98.67362631150866
0.020584963799585243,2.625591129153644,71.01006756465218
0.06312017503349758,6.359285154507247,78.75225463488056
0.02592437451517255,0.8229936815897088,77.9722782350745
0.18562263361700881,1.8905415802705168,53.29502876843005
0.11005853026421551,6.294310420258834,95.00667203400482
0.03437984873038487,2.3482558278219248,51.311747370614995
0.0513851628034121,1.778737574507318,76.24302366329847
0.035338879699638254,2.294633016614872,68.86334232844524
0.032857093813075375,3.939796806052193,85.30701607605717
0.3949783112276227,5.274868674079344,68.30131160751029
0.10746650273237027,6.962440742095734,61.13820486532741
0.09659792068841258,4.370584965430852,74.09264639208104
0.04698479104623225,5.001553233749107,86.22978260476299
0.04503178340648829,5.341473547996797,80.75058975632135
0.14230576780668724,6.706083295282108,93.34186835596682
0.04236572698212552,3.5795713155673496,61.003189561468695
0.17540703604479424,2.3298343847059164,70.73062040293013
0.07632989351786433,3.2216689714391933,71.67589193876559
0.02932178292515584,5.02167000069167,80.07852656797496
0.043654443614052366,3.540167814903087,71.24116301903342
0.057198883748057344,5.383357561562099,92.56165961486784
0.05412004872523668,7.092203172071877,92.97216518550677
0.15114860093076643,3.806483218693078,67.43359894305001
0.03020902370450461,3.2922078116170757,64.86092368869089
0.44774595057723976,3.719086734667421,82.40788474503157
0.01645776697587435,1.1117590810101805,78.61639586780541
0.16159446188220478,5.462513093234214,98.1935783917441
0.16165238625741668,0.6233171243332907,55.76318862504483
0.025528639021697754,5.89007060329816,87.80798747555784
0.22822781443281603,3.267342462874173,78.49649412993054
0.21688945687082795,7.5227899007257255,60.976447606677596
0.03493562567599957,0.14702568070687283,98.67362631150866
0.020584963799585243,2.625591129153644,71.01006756465218
0.06405021355643307,6.363358315031875,78.92361033634286
0.02592437451517255,0.8229936815897088,77.9722782350745
0.21617891360267727,1.798067451920561,53.69572029052437
0.12841587175475894,5.516523297769942,87.86045540156287
0.03437984873038487,2.3482558278219248,51.311747370614995
0.0513851628034121,1.778737574507318,76.24302366329847
0.035338879699638254,2.294633016614872,68.86334232844524
0.032857093813075375,3.939796806052193,85.30701607605717
0.3949783112276227,5.274868674079344,68.30131160751029
0.09656736058448381,6.396082287491091,61.11560066481002
0.07519121532011416,3.1434332486916317,75.11077700009928
0.04698479104623225,5.001553233749107,86.22978260476299
0.045270731469710244,5.464411728097538,80.3264011703026
0.13302762369028398,6.758637543310952,94.26135842450232
0.04315668127035088,3.6549221598504382,60.46531098970259
0.17540703604479424,2.3298343847059164,70.73062040293013
0.07149257191793452,3.580895458861238,68.20035239133855
0.0290966717685427,4.9532025755501,80.0528750640498
0.06373651783528585,4.008415204843101,75.17868354518951
0.05559659974376928,5.564405979386461,94.3109102747839
0.05412004872523668,7.092203172071877,92.97216518550677
0.15114860093076643,3.806483218693078,67.43359894305001
0.03450919695065673,3.9743838492472174,60.55668731860612
0.24665649600427,3.0245239071725467,75.80357352118217
0.01646898478818118,1.1124990491367006,78.61394521705355
0.09949005373786769,3.9042507666925252,83.76620084568906
0.1132186688295693,1.8704856870273527,66.87320175784456
0.025528639021697754,5.89007060329816,87.80798747555784
0.09699072512426221,1.6873657807453255,86.52037474755964
0.19828718430294695,7.095129116785227,62.078690336612006
0.03493562567599957,0.14702568070687283,98.67362631150866
0.019926844447505893,2.847773749566687,70.15192687843708
0.059938973707017784,7.551571415223977,80.33061777460077
0.02592437451517255,0.8229936815897088,77.9722782350745
0.22762880756938678,1.7994104946372762,52.129130346419245
0.12841587175475894,5.516523297769942,87.86045540156287
0.03441646730183957,2.2032229975355984,54.432287655545565
0.0513851628034121,1.778737574507318,76.24302366329847
0.02942505945791132,0.4072204837126181,62.03778039090622
0.03451252276950676,3.49924831270146,84.74207017793806
0.5031442823197965,5.182588852461892,60.01166781597319
0.09656736058448381,6.396082287491091,61.11560066481002
0.07278659587484505,3.329963319914234,75.5299410537821
0.040358831433805406,3.686908445508756,83.63183349144404
0.04615084864513423,5.388090521911851,79.63428390986954
0.19585365515168587,6.615275042463764,94.27091987138803
0.04315668127035088,3.6549221598504382,60.46531098970259
0.09976737771530939,1.7504965349785493,74.48234625288347
0.05593067699837862,4.588310891471396,64.74286698686821
0.0290966717685427,4.9532025755501,80.0528750640498
0.06373651783528585,4.008415204843101,75.17868354518951
0.05559659974376928,5.564405979386461,94.3109102747839
0.05069489758651709,5.925798195819027,89.22808576170523
0.22729090782409345,3.6305857144061786,60.68706473625478
0.022533651662845003,3.7777209299773067,57.074746211784245
0.2603297555693073,2.976128951865273,75.37043536345683
0.01130286201556547,0.6242446199096725,77.9450911458124
0.13114547414785038,3.812025788150249,91.36940605498647
0.11002118743824361,1.9839796497430429,67.62952409475758
0.02757102854271371,6.999278577918931,94.24530906391409
0.09518546559335468,1.6463208923281085,94.34698069150119
0.19828718430294695,7.095129116785227,62.078690336612006
0.03493562567599957,0.14702568070687283,98.67362631150866
0.010278358799277212,3.2769732355054773,80.61946733564356
0.059938973707017784,7.551571415223977,80.33061777460077
0.02253372301473932,0.6443477581466577,78.08562862668653
0.21300819124228654,2.1794270906780575,55.207063597442584
0.13763551574290206,6.0460988872778625,86.79398852375158
0.03441646730183957,2.2032229975355984,54.432287655545565
0.04691608571813405,0.9719757917250886,76.62813266716955
0.04108687399336532,1.287016002669585,63.746147906069346
0.03451252276950676,3.49924831270146,84.74207017793806
0.2747766462105037,3.2727389138022667,68.74060503115632
0.09365495669349805,6.613729100103231,58.56741941790635
0.07294029540766742,3.3001584988208497,76.40052335419585
0.04427869551693604,3.740817236000471,82.21444777180575
0.04339966465006587,5.603933354485781,80.33133878331122
0.17286788651433552,5.691340764853825,94.89980895199957
0.04315668127035088,3.6549221598504382,60.46531098970259
0.09791621407000914,1.7084079577061384,82.50796702455833
0.05834413002270454,3.971790880646945,53.45630950327058
0.010910099063390431,5.563461251293424,96.59107708745574
0.06373651783528585,4.008415204843101,75.17868354518951
0.0888874785767874,5.92153618984478,86.79087009977255
0.06076080695776276,5.0869692944835005,85.57542088787022
0.3035058962015541,4.589829908353912,59.4349544385528
0.02374354458209022,4.007143180897967,59.74889643102532
0.2603297555693073,2.976128951865273,75.37043536345683
0.01130286201556547,0.6242446199096725,77.9450911458124
0.13114547414785038,3.812025788150249,91.36940605498647
0.12125841321025486,2.097594154126429,68.26256695555051
0.03900100624290241,6.900292766187628,93.47150427203687
0.09518546559335468,1.6463208923281085,94.34698069150119
0.19828718430294695,7.095129116785227,62.078690336612006
0.03493562567599957,0.14702568070687283,98.67362631150866
0.010278358799277212,3.2769732355054773,80.61946733564356
0.059938973707017784,7.551571415223977,80.33061777460077
0.02253372301473932,0.6443477581466577,78.08562862668653
0.12724407474647068,1.4882335468364594,65.50849630222439
0.13763551574290206,6.0460988872778625,86.79398852375158
0.03441770676072449,2.219946356767247,54.823392192952106
0.04691608571813405,0.9719757917250886,76.62813266716955
0.04108687399336532,1.287016002669585,63.746147906069346
0.03451252276950676,3.49924831270146,84.74207017793806
0.3655507930109408,2.9319124400180194,54.439321566317524
0.07257287151117017,6.516733017822102,57.85994224478633
0.07294029540766742,3.3001584988208497,76.40052335419585
0.0764881225435185,6.784956158125048,86.38457832179394
0.04339966465006587,5.603933354485781,80.33133878331122
0.20845043753013254,6.219722616940138,98.02504703607536
0.05326114564197201,5.0081899640031775,54.61620907754433
0.07366631739867582,1.404865278744976,81.2304588118043
0.05834413002270454,3.971790880646945,53.45630950327058
0.016874633256347735,5.6745601797405145,95.66276288023336
0.07740907268018024,5.124732601932498,74.21405563023933
0.06172806204600649,4.0758699285256945,70.85142297225882
0.06633056417124114,5.540053702070242,93.51999128119351
0.18800319553867,3.0223040549681124,66.75168468840654
0.04209133370937547,3.5606099822462647,60.76991462027
0.2603297555693073,2.976128951865273,75.37043536345683
0.01130286201556547,0.6242446199096725,77.9450911458124
0.13114547414785038,3.812025788150249,91.36940605498647
0.0213245753160326,0.7309981399085288,73.1031122612367
0.04674662786254683,5.937699512404895,85.76234069750359
0.07676092676685611,1.4179943784259323,89.0477150415905
0.19828718430294695,7.095129116785227,62.078690336612006
0.03493562567599957,0.14702568070687283,98.67362631150866
0.010278358799277212,3.2769732355054773,80.61946733564356
0.059938973707017784,7.551571415223977,80.33061777460077
0.02253372301473932,0.6443477581466577,78.08562862668653
0.13016457355846783,1.3907868362367573,64.92271475160598
0.11496262752293535,5.073040124384255,85.20587923291858
0.03441770676072449,2.219946356767247,54.823392192952106
0.04346127903728501,1.4125329355368414,78.54359507107334
0.04108687399336532,1.287016002669585,63.746147906069346
0.03085248309770508,4.730831132398459,96.43081418392109
0.4277611362142233,3.247292874955563,52.654898624985954
0.09626555095907458,5.422676095159176,71.41455564400447
0.07294029540766742,3.3001584988208497,76.40052335419585
0.0764881225435185,6.784956158125048,86.38457832179394
0.05216925952220003,4.503585626302984,82.62259168227536
0.20845043753013254,6.219722616940138,98.02504703607536
0.05326114564197201,5.0081899640031775,54.61620907754433
0.04911503344171915,2.1299659928250962,80.9938109443236
0.05834413002270454,3.971790880646945,53.45630950327058
0.016889713505705187,5.661155752371945,95.61592362182792
0.09999786951224089,5.49294555591635,71.94628938686796
0.06172806204600649,4.0758699285256945,70.85142297225882
0.06633056417124114,5.540053702070242,93.51999128119351
0.18302893721142016,3.076383701889423,67.6911119092284
0.042162728353102696,3.448663036390784,61.696189236968074
0.2603297555693073,2.976128951865273,75.37043536345683
0.01130286201556547,0.6242446199096725,77.9450911458124
0.09700475531787298,4.032935937159546,95.59760126525791
0.0213245753160326,0.7309981399085288,73.1031122612367
0.07334270396100899,7.878150220795337,89.51300544826212
0.07676092676685611,1.4179943784259323,89.0477150415905
0.19828718430294695,7.095129116785227,62.078690336612006
0.03493562567599957,0.14702568070687283,98.67362631150866
0.010278358799277212,3.2769732355054773,80.61946733564356
0.059938973707017784,7.551571415223977,80.33061777460077
0.02253372301473932,0.6443477581466577,78.08562862668653
0.09986985943279303,2.536305039128809,73.1428706434952
0.12435598611690626,6.651840127895545,92.71359184904323
0.03441770676072449,2.219946356767247,54.823392192952106
0.04346127903728501,1.4125329355368414,78.54359507107334
0.04046079255311773,1.4976888955020589,65.74560866009685
0.03085248309770508,4.730831132398459,96.43081418392109
0.4277611362142233,3.247292874955563,52.654898624985954
0.10867988093592537,5.626185713665926,70.27853665718078
0.05675504887292978,2.5974957912355405,76.80610822561479
0.07982930926409147,7.3531489282890705,87.04258079671804
0.05216925952220003,4.503585626302984,82.62259168227536
0.20845043753013254,6.219722616940138,98.02504703607536
0.05326114564197201,5.0081899640031775,54.61620907754433
0.04911503344171915,2.1299659928250962,80.9938109443236
0.05834413002270454,3.971790880646945,53.45630950327058
0.02509092390696524,5.685069445551095,95.71906443058955
0.09999786951224089,5.49294555591635,71.94628938686796
0.06172806204600649,4.0758699285256945,70.85142297225882
0.046857572878094264,6.496821917198077,92.20105573251537
0.14407062258723288,4.054963220402598,74.70335055105774
0.041787250480815996,4.037413100042672,56.82473664509355
0.2788429051543436,2.49079131891067,73.970212656885
0.01130286201556547,0.6242446199096725,77.9450911458124
0.14664764611730094,1.5938273631896998,98.95999035221628
0.0213245753160326,0.7309981399085288,73.1031122612367
0.07334270396100899,7.878150220795337,89.51300544826212
0.07869487442012009,1.6678068127779953,89.67344337452342
0.19828718430294695,7.095129116785227,62.078690336612006
0.03493562567599957,0.14702568070687283,98.67362631150866
0.010278358799277212,3.2769732355054773,80.61946733564356
0.06263459616301109,7.783600415771074,80.31493876288097
0.02253372301473932,0.6443477581466577,78.08562862668653
0.14005867695836782,3.2389041013203035,78.1469420361966
0.12435598611690626,6.651840127895545,92.71359184904323
0.03441770676072449,2.219946356767247,54.823392192952106
0.051541488072728785,1.6106003455764424,78.69397675252787
0.04046079255311773,1.4976888955020589,65.74560866009685
0.03085248309770508,4.730831132398459,96.43081418392109
0.4277611362142233,3.247292874955563,52.654898624985954
0.11067474925608654,5.499056920763519,69.19270480157743
0.04589275804426366,3.4921140739134557,85.03576645314344
0.07982930926409147,7.3531489282890705,87.04258079671804
0.04105170059826235,4.1727305351840425,81.06846540106324
0.20845043753013254,6.219722616940138,98.02504703607536
0.05326114564197201,5.0081899640031775,54.61620907754433
0.04911503344171915,2.1299659928250962,80.9938109443236
0.05834413002270454,3.971790880646945,53.45630950327058
0.02509092390696524,5.685069445551095,95.71906443058955
0.09828746205146924,5.378168056773051,71.76815349040442
0.050571763831812874,0.42363741503607955,52.92627463151311
0.0653215863809969,7.185407864322259,89.2168315558528
0.21382921183697517,3.322707567077062,90.13401592199634
0.027522221660227858,4.369834323043068,51.09272881843448
0.19928555067062137,1.9471232629403825,73.70233186722284
0.01130286201556547,0.6242446199096725,77.9450911458124
0.14664764611730094,1.5938273631896998,98.95999035221628
0.0213245753160326,0.7309981399085288,73.1031122612367
0.07334270396100899,7.878150220795337,89.51300544826212
0.10437192924686683,2.2900896665644117,85.73561602238333
0.19828718430294695,7.095129116785227,62.078690336612006
0.03493562567599957,0.14702568070687283,98.67362631150866
0.010278358799277212,3.2769732355054773,80.61946733564356
0.06263459616301109,7.783600415771074,80.31493876288097
0.02253372301473932,0.6443477581466577,78.08562862668653
0.15443403620083515,3.503343717392142,78.0581025614645
0.1136618429431707,7.049749334400795,93.02191150634125
0.03441770676072449,2.219946356767247,54.823392192952106
0.051541488072728785,1.6106003455764424,78.69397675252787
0.03326131847691885,2.2624626820136706,74.87356090810614
0.03085248309770508,4.730831132398459,96.43081418392109
0.4277611362142233,3.247292874955563,52.654898624985954
0.14165787997572293,5.431716505124546,59.589609070005224
0.04589275804426366,3.4921140739134557,85.03576645314344
0.07982930926409147,7.3531489282890705,87.04258079671804
0.01976519065678997,4.298401867282572,81.6336338479117
0.21893004487299672,6.181991385068855,98.71500378782613
0.05326114564197201,5.0081899640031775,54.61620907754433
0.04911503344171915,2.1299659928250962,80.9938109443236
0.05834413002270454,3.971790880646945,53.45630950327058
0.02509092390696524,5.685069445551095,95.71906443058955
0.09796381134931555,5.412797954638203,72.03597980973494
0.050571763831812874,0.42363741503607955,52.92627463151311
0.06588996193729835,7.690070951589815,88.86018109306924
0.1477726927235808,2.4425698990475277,86.15844462887956
0.027522221660227858,4.369834323043068,51.09272881843448
0.19252239940225907,2.2115772997684235,74.48557912930234
0.01130286201556547,0.6242446199096725,77.9450911458124
0.11743459038601196,3.7461380488209537,92.47672457995398
0.015800136774006435,0.6562206486537119,72.53273301962007
0.07334270396100899,7.878150220795337,89.51300544826212
0.10437192924686683,2.2900896665644117,85.73561602238333
0.19099777662404063,7.217358445276558,62.37804396300399
0.03493562567599957,0.14702568070687283,98.67362631150866
0.010278358799277212,3.2769732355054773,80.61946733564356
0.06263459616301109,7.783600415771074,80.31493876288097
0.02253372301473932,0.6443477581466577,78.08562862668653
0.15443403620083515,3.503343717392142,78.0581025614645
0.10592159464055127,6.5888719006864696,91.27474952144283
0.03441770676072449,2.219946356767247,54.823392192952106
0.0380800642121647,1.1621984914606047,78.41166503494608
0.03420370456638565,1.8676938644177588,72.46920792621202
0.03085248309770508,4.730831132398459,96.43081418392109
0.4277611362142233,3.247292874955563,52.654898624985954
0.16096900330716696,4.83158911952116,51.01513101354477
0.06359223266435732,5.649907303221285,90.30198519505831
0.07735495141647661,6.767108953314321,84.1573097104302
0.01976519065678997,4.298401867282572,81.6336338479117
0.21893004487299672,6.181991385068855,98.71500378782613
0.05326114564197201,5.0081899640031775,54.61620907754433
0.04964642010835283,2.176568637193978,81.11815364786925
0.06036622258778682,4.1480379372875795,51.86371783121158
0.02509092390696524,5.685069445551095,95.71906443058955
0.10802033838084511,5.5616956725961995,75.02592326007063
0.05534636245486218,1.1658270492593639,57.1922826090112
0.06588996193729835,7.690070951589815,88.86018109306924
0.1847372241769114,2.572437668600877,86.51856873896772
0.027522221660227858,4.369834323043068,51.09272881843448
0.19252239940225907,2.2115772997684235,74.48557912930234
0.011981403264375684,0.6290691093263461,77.1284836581196
0.11790963080025761,3.684767143103143,92.51508287904056
0.015800136774006435,0.6562206486537119,72.53273301962007
0.07334270396100899,7.878150220795337,89.51300544826212
0.14617078934006084,2.891408162271813,90.16162241200288
0.14641451926424667,5.477840602659427,66.53498590140602
0.03204887580448047,1.7913704755918682,80.14581514235076
0.010278358799277212,3.2769732355054773,80.61946733564356
0.08125207089876207,6.989033645445025,81.26083097034922
0.02253372301473932,0.6443477581466577,78.08562862668653
0.1338650691619701,4.374296969472009,79.68570869043275
0.09259229184456844,6.955537324926008,90.47077247803844
0.03441770676072449,2.219946356767247,54.823392192952106
0.04045636491366474,1.3706002137075675,78.96771145502994
0.01924386145912218,0.5637830736901432,84.25151797440091
0.03085248309770508,4.730831132398459,96.43081418392109
0.3648029727068839,3.628443333159318,59.388053224530935
0.16096900330716696,4.83158911952116,51.01513101354477
0.06359223266435732,5.649907303221285,90.30198519505831
0.07735495141647661,6.767108953314321,84.1573097104302
0.01976519065678997,4.298401867282572,81.6336338479117
0.21893004487299672,6.181991385068855,98.71500378782613
0.05326114564197201,5.0081899640031775,54.61620907754433
0.04964642010835283,2.176568637193978,81.11815364786925
0.055911438031429256,3.817027383412775,52.371828265210986
0.024952949860320345,5.707920919808424,95.70201991357348
0.10620678242651457,5.5959797397379925,75.565419326496
0.06282226429852575,1.2846388260740866,52.43202538255826
0.06588996193729835,7.690070951589815,88.86018109306924
0.19922619117802243,2.527899211276307,87.5970816542235
0.026061125283988153,4.3563794712819615,56.845342885062976
0.19987130128880545,1.8709391807112876,63.12690607653056
0.011981403264375684,0.6290691093263461,77.1284836581196
0.07411107757662486,2.288544833443501,85.88878453249248
0.015800136774006435,0.6562206486537119,72.53273301962007
0.06694270327706618,6.3382409986784625,87.24568549218004
0.11241753008309327,2.2048923192983843,86.66848778012663
0.11141324956936943,5.1516963850887665,63.71703621801166
0.04468687360076755,3.002946383400793,76.09366323184014
0.010278358799277212,3.2769732355054773,80.61946733564356
0.07385691756885711,6.405370878047745,85.11298915677526
0.02253372301473932,0.6443477581466577,78.08562862668653
0.08784339561969598,2.6306819462344633,79.21073805673105
0.10612006942329585,7.281103849303812,92.17170656132495
0.033445440251670525,2.0760811156356436,54.834082237673876
0.03509486143829901,0.6322075411705272,78.66634228016373
0.02193429853518647,0.5395973274710525,86.89030433360699
0.03085248309770508,4.730831132398459,96.43081418392109
0.3648029727068839,3.628443333159318,59.388053224530935
0.16096900330716696,4.83158911952116,51.01513101354477
0.06426723690114186,5.648504954208031,90.10828340442346
0.07735495141647661,6.767108953314321,84.1573097104302
0.01976519065678997,4.298401867282572,81.6336338479117
0.15574893784052043,4.489603104074536,89.97928485632687
0.056092542762687526,5.076040440879799,54.38416649223629
0.04964642010835283,2.176568637193978,81.11815364786925
0.055911438031429256,3.817027383412775,52.371828265210986
0.024952949860320345,5.707920919808424,95.70201991357348
0.10939977962693936,5.516091194606716,74.62305484141761
0.06282226429852575,1.2846388260740866,52.43202538255826
0.06588996193729835,7.690070951589815,88.86018109306924
0.19922619117802243,2.527899211276307,87.5970816542235
0.026061125283988153,4.3563794712819615,56.845342885062976
0.2347955241815859,2.1322455920226564,58.46279347163749
0.011981403264375684,0.6290691093263461,77.1284836581196
0.07411107757662486,2.288544833443501,85.88878453249248
0.015800136774006435,0.6562206486537119,72.53273301962007
0.06694270327706618,6.3382409986784625,87.24568549218004
0.11290444070655489,2.191000619117551,86.96402065562242
0.07215556262088658,4.786185435349554,71.39165790975382
0.044972291918425306,2.9960166024392345,76.18867708659657
0.010278358799277212,3.2769732355054773,80.61946733564356
0.0711715791800254,6.6951974619554475,84.98569181386154
0.02253372301473932,0.6443477581466577,78.08562862668653
0.0893236917189482,2.710316330252616,80.79501589795858
0.10612006942329585,7.281103849303812,92.17170656132495
0.033445440251670525,2.0760811156356436,54.834082237673876
0.03509486143829901,0.6322075411705272,78.66634228016373
0.02193429853518647,0.5395973274710525,86.89030433360699
0.03085248309770508,4.730831132398459,96.43081418392109
0.32592004578811584,3.8579528198337023,57.79085270204159
0.16096900330716696,4.83158911952116,51.01513101354477
0.06426723690114186,5.648504954208031,90.10828340442346
0.07701344140752542,6.295612665796715,84.33959669542844
0.015129752717202596,4.117609394062606,75.447144991955
0.11581112421514243,4.448576422290954,79.77557200901836
0.056092542762687526,5.076040440879799,54.38416649223629
0.03896677489507683,1.5730294422514814,79.92364720630087
0.055911438031429256,3.817027383412775,52.371828265210986
0.024952949860320345,5.707920919808424,95.70201991357348
0.08604573232339076,5.82608022876498,85.31432631049165
0.06282226429852575,1.2846388260740866,52.43202538255826
0.06588996193729835,7.690070951589815,88.86018109306924
0.19922619117802243,2.527899211276307,87.5970816542235
0.026061125283988153,4.3563794712819615,56.845342885062976
0.2550139693602634,2.137885313470278,58.82716828450661
0.011981403264375684,0.6290691093263461,77.1284836581196
0.07502200378247771,1.6900382671228718,85.55954418194169
0.015800136774006435,0.6562206486537119,72.53273301962007
0.06694270327706618,6.3382409986784625,87.24568549218004
0.11086215295272824,2.1739311734854776,86.76955321713746
0.07215556262088658,4.786185435349554,71.39165790975382
0.04674811561226052,3.2661618070997482,77.08239260193433
0.010278358799277212,3.2769732355054773,80.61946733564356
0.05317852377967157,3.671316123374186,81.83395259334719
0.02253372301473932,0.6443477581466577,78.08562862668653
0.0893236917189482,2.710316330252616,80.79501589795858
0.10612006942329585,7.281103849303812,92.17170656132495
0.033445440251670525,2.0760811156356436,54.834082237673876
0.03509486143829901,0.6322075411705272,78.66634228016373
0.023942448726455227,0.7772698368837032,87.08206133949474
0.03085248309770508,4.730831132398459,96.43081418392109
0.27719636489156085,3.5611087633908998,57.298280909950535
0.16096900330716696,4.83158911952116,51.01513101354477
0.06355988880509539,5.466150400167999,90.86510591626401
0.07701344140752542,6.295612665796715,84.33959669542844
0.02384205497220375,3.896530010440434,76.10711257578149
0.11581112421514243,4.448576422290954,79.77557200901836
0.056092542762687526,5.076040440879799,54.38416649223629
0.03968580919102663,1.5791104114292183,80.21688927891236
0.055911438031429256,3.817027383412775,52.371828265210986
0.024952949860320345,5.707920919808424,95.70201991357348
0.10280165700230053,4.276504719838249,82.36658109802296
0.06282226429852575,1.2846388260740866,52.43202538255826
0.06588996193729835,7.690070951589815,88.86018109306924
0.19922619117802243,2.527899211276307,87.5970816542235
0.038775331166904375,5.420564202553422,67.0651554251065
0.27993999172163375,2.2926332431318985,56.95014001799362
0.011981403264375684,0.6290691093263461,77.1284836581196
0.12532119552822615,1.932714030061221,97.25565053992372
0.015800136774006435,0.6562206486537119,72.53273301962007
0.06694270327706618,6.3382409986784625,87.24568549218004
0.11086215295272824,2.1739311734854776,86.76955321713746
0.07215556262088658,4.786185435349554,71.39165790975382
0.018194140877476034,2.777294644617042,75.96890249627869
0.010278358799277212,3.2769732355054773,80.61946733564356
0.05644495126309204,3.9353761961143476,86.30325504440182
0.02329022939637339,1.4404508009711208,73.53031837717218
0.08185990360845671,2.424295710003437,80.5020357846611
0.10612006942329585,7.281103849303812,92.17170656132495
0.033445440251670525,2.0760811156356436,54.834082237673876
0.03509486143829901,0.6322075411705272,78.66634228016373
0.023942448726455227,0.7772698368837032,87.08206133949474
0.013706761678615204,4.390593220076546,99.88413876456221
0.27719636489156085,3.5611087633908998,57.298280909950535
0.16096900330716696,4.83158911952116,51.01513101354477
0.06355988880509539,5.466150400167999,90.86510591626401
0.08524579848156144,7.054034205746838,85.92745930610829
0.02384205497220375,3.896530010440434,76.10711257578149
0.165245383580989,3.8248469307305726,87.93191083795222
0.056092542762687526,5.076040440879799,54.38416649223629
0.03637816351287097,1.1816320909005418,79.80230309124212
0.055911438031429256,3.817027383412775,52.371828265210986
0.024952949860320345,5.707920919808424,95.70201991357348
0.10280165700230053,4.276504719838249,82.36658109802296
0.06282226429852575,1.2846388260740866,52.43202538255826
0.06588996193729835,7.690070951589815,88.86018109306924
0.19922619117802243,2.527899211276307,87.5970816542235
0.038775331166904375,5.420564202553422,67.0651554251065
0.2777320453601838,2.278954462114451,57.080394990408585
0.018050406723757906,1.1158166959992597,77.09176125059506
0.12532119552822615,1.932714030061221,97.25565053992372
0.015800136774006435,0.6562206486537119,72.53273301962007
0.06670772670033709,5.835204101980403,88.09530534692634
0.06481811808619273,1.789937690898926,94.9276842104913
0.07038547094124331,5.313205340893204,76.77509154215274
0.015537024300215228,3.47432922809975,77.24038792356181
0.010278358799277212,3.2769732355054773,80.61946733564356
0.05530562122982817,4.03114052446821,85.06279007911859
0.02329022939637339,1.4404508009711208,73.53031837717218
0.08185990360845671,2.424295710003437,80.5020357846611
0.10612006942329585,7.281103849303812,92.17170656132495
0.033445440251670525,2.0760811156356436,54.834082237673876
0.03509486143829901,0.6322075411705272,78.66634228016373
0.02182559169821653,0.5035091112623551,87.07400629560672
0.013706761678615204,4.390593220076546,99.88413876456221
0.27719636489156085,3.5611087633908998,57.298280909950535
0.15636537287231456,4.937413760499882,53.258713390149644
0.07188218869248518,6.879446849621265,94.43164979928288
0.08524579848156144,7.054034205746838,85.92745930610829
0.013503974045754007,3.646923836862241,70.51596272274296
0.13522495467135348,4.186116558490495,96.38071374653103
0.056092542762687526,5.076040440879799,54.38416649223629
0.0355251698266774,1.1785689710135254,79.67615153309788
0.055911438031429256,3.817027383412775,52.371828265210986
0.024952949860320345,5.707920919808424,95.70201991357348
0.16221173331783992,7.474233569618103,85.61339655758694
0.06287287934018154,1.373294594323149,53.560779617127196
0.051193640252743776,5.670458625661162,85.24491997803815
0.1705799332183404,2.5026121149179956,85.86535341757128
0.038775331166904375,5.420564202553422,67.0651554251065
0.2199343940821528,2.6797152544317804,55.853529277256094
0.018050406723757906,1.1158166959992597,77.09176125059506
0.12532119552822615,1.932714030061221,97.25565053992372
0.015800136774006435,0.6562206486537119,72.53273301962007
0.06670772670033709,5.835204101980403,88.09530534692634
0.06481811808619273,1.789937690898926,94.9276842104913
0.0777609256587036,6.043719858214123,75.21085413902964
0.015537024300215228,3.47432922809975,77.24038792356181
0.010278358799277212,3.2769732355054773,80.61946733564356
0.06487910740750816,4.887342687007636,98.30120365759518
0.02329022939637339,1.4404508009711208,73.53031837717218
0.08185990360845671,2.424295710003437,80.5020357846611
0.10612006942329585,7.281103849303812,92.17170656132495
0.033445440251670525,2.0760811156356436,54.834082237673876
0.03509486143829901,0.6322075411705272,78.66634228016373
0.02182559169821653,0.5035091112623551,87.07400629560672
0.013706761678615204,4.390593220076546,99.88413876456221
0.22958292438178846,3.050600850301209,69.82506754517922
0.16970435985280552,5.458289301583004,53.376596799609906
0.07188218869248518,6.879446849621265,94.43164979928288
0.0829921024261713,6.905859539607545,86.19100700020196
0.013503974045754007,3.646923836862241,70.51596272274296
0.10435502656460512,4.493836218084717,97.22348397093283
0.05837048118866571,5.177769957999386,56.57361977558206
0.036910517921778484,0.5807187722066789,96.22393437485074
0.055911438031429256,3.817027383412775,52.371828265210986
0.024952949860320345,5.707920919808424,95.70201991357348
0.167747190652005,7.778769778009151,85.14465266556357
0.06287287934018154,1.373294594323149,53.560779617127196
0.07362123105682386,6.982440580056531,87.78034819610527
0.1705799332183404,2.5026121149179956,85.86535341757128
0.05455191501771073,5.192998700689542,67.41821107598344
0.14748490520691337,1.8771765054309961,64.79521300814726
0.018050406723757906,1.1158166959992597,77.09176125059506
0.12532119552822615,1.932714030061221,97.25565053992372
0.015800136774006435,0.6562206486537119,72.53273301962007
0.06670772670033709,5.835204101980403,88.09530534692634
0.06481811808619273,1.789937690898926,94.9276842104913
0.0777609256587036,6.043719858214123,75.21085413902964
0.015537024300215228,3.47432922809975,77.24038792356181
0.010278358799277212,3.2769732355054773,80.61946733564356
0.06487910740750816,4.887342687007636,98.30120365759518
0.02329022939637339,1.4404508009711208,73.53031837717218
0.10218638451104059,2.5704912229074504,91.27855030959417
0.10612006942329585,7.281103849303812,92.17170656132495
0.03320461128505265,2.0610594213053486,55.18226555447377
0.03509486143829901,0.6322075411705272,78.66634228016373
0.02751413715208966,0.673722589353531,88.11316373882678
0.013886257341842926,4.070390843100391,97.53890272673621
0.21525629959942882,2.8749573379394286,71.01452772056402
0.16970435985280552,5.458289301583004,53.376596799609906
0.07188218869248518,6.879446849621265,94.43164979928288
0.0829921024261713,6.905859539607545,86.19100700020196
0.013503974045754007,3.646923836862241,70.51596272274296
0.10869508069279563,4.174994997294936,97.59661771026319
0.05604488868808717,5.014546255849584,53.776160869367295
0.03269847403434713,1.0071484161142217,93.75598952265943
0.055911438031429256,3.817027383412775,52.371828265210986
0.010754933227135284,5.353486348704961,96.08635889843332
0.167747190652005,7.778769778009151,85.14465266556357
0.06287287934018154,1.373294594323149,53.560779617127196
0.07362123105682386,6.982440580056531,87.78034819610527
0.15481231855786487,3.231130622371469,86.17677363124584
0.055310341725903246,4.94159393670649,69.45050276302098
0.13338066899089573,1.7356937210606285,67.53656317628716
0.018751915667001295,1.1259284139553813,77.35929752942647
0.11844951723401878,2.238408149425974,92.94281864919043
0.015800136774006435,0.6562206486537119,72.53273301962007
0.06028405952217108,5.652154463877081,94.45551153419224
0.06481811808619273,1.789937690898926,94.9276842104913
0.07966151440117673,6.204336886251294,75.26949130670833
0.020867458356471566,2.6997168757690275,77.62902781310753
0.010278358799277212,3.2769732355054773,80.61946733564356
0.061611475176083716,4.790968639794729,97.24302381600144
0.02329022939637339,1.4404508009711208,73.53031837717218
0.11650186792734435,1.2531938401055998,92.56297574406919
0.10612006942329585,7.281103849303812,92.17170656132495
0.03190088768638455,1.898643731934535,53.85926778927981
0.03509486143829901,0.6322075411705272,78.66634228016373
0.025795861274592526,0.622308090550534,87.79927696722845
0.013886257341842926,4.070390843100391,97.53890272673621
0.280790335376631,3.3476147155604377,60.59745382886155
0.16970435985280552,5.458289301583004,53.376596799609906
0.05634092635644586,5.970623687283984,90.94714645796826
0.07392230534413034,6.269288060679095,75.28093370988807
0.013503974045754007,3.646923836862241,70.51596272274296
0.1395007507494203,0.670410047757497,97.45991157599265
0.07276757832594746,7.172691910564493,53.71859910782009
0.03269847403434713,1.0071484161142217,93.75598952265943
0.055911438031429256,3.817027383412775,52.371828265210986
0.010754933227135284,5.353486348704961,96.08635889843332
0.17049740104117525,7.85244203332007,85.40548731324469
0.06287287934018154,1.373294594323149,53.560779617127196
0.07362123105682386,6.982440580056531,87.78034819610527
0.2335703397511607,0.5530057679249722,98.61824461679896
0.05503606088715095,4.667726915285006,63.72936420897021
0.13338066899089573,1.7356937210606285,67.53656317628716
0.015100572725272553,0.8728764730080356,80.43993867398316
0.09388545271692622,2.858467243117636,77.0071129476129
0.015800136774006435,0.6562206486537119,72.53273301962007
0.04939203481973321,4.500051834649792,91.07688857624262
0.06475804163845461,1.77707015097962,93.65011522982677
0.046828312040475134,5.1391296123612165,86.3857700458081
0.020867458356471566,2.6997168757690275,77.62902781310753
0.010154644585493618,2.7379300720579822,76.60440857983372
0.061611475176083716,4.790968639794729,97.24302381600144
0.036920203017285824,1.8098436694753994,72.04033099265753
0.1245293050717819,0.8054758391791923,93.27468235699948
0.07528910206273975,7.975402185850362,97.74486321804292
0.03190088768638455,1.898643731934535,53.85926778927981
0.03509486143829901,0.6322075411705272,78.66634228016373
0.027862591947149507,0.7375342132611413,89.58279300302475
0.012383968340395181,4.685970768801168,96.84202800618881
0.3007145599344272,3.1950491641366927,58.401318764088
0.2089067203155661,6.470938014617621,53.23928645594088
0.05634092635644586,5.970623687283984,90.94714645796826
0.07223250129261133,6.039213630842881,73.131570299177
0.013503974045754007,3.646923836862241,70.51596272274296
0.07600081227154813,2.67634391351533,97.1512539154897
0.07276757832594746,7.172691910564493,53.71859910782009
0.03269847403434713,1.0071484161142217,93.75598952265943
0.055911438031429256,3.817027383412775,52.371828265210986
0.010754933227135284,5.353486348704961,96.08635889843332
0.17049740104117525,7.85244203332007,85.40548731324469
0.06287287934018154,1.373294594323149,53.560779617127196
0.0741772888410533,7.360115705139375,93.6458284277139
0.21037488846604718,1.052743713310761,98.35467113794488
0.06758002087498059,6.482003189966807,51.794768112429075
0.11842166274175914,1.8573600647572932,68.63735301928003
0.015100572725272553,0.8728764730080356,80.43993867398316
0.09388545271692622,2.858467243117636,77.0071129476129
0.014989344136620376,1.7122608394340904,71.82059598861296
0.048293746879380636,4.773830037927645,89.06723333955914
0.06475804163845461,1.77707015097962,93.65011522982677
0.04896471316554173,5.279009961271246,86.9555770242414
0.021730074098540046,2.779256200947323,77.95288729021873
0.010154644585493618,2.7379300720579822,76.60440857983372
0.10432727083574478,4.31849468486341,98.21453820475276
0.036920203017285824,1.8098436694753994,72.04033099265753
0.1245293050717819,0.8054758391791923,93.27468235699948
0.07528910206273975,7.975402185850362,97.74486321804292
0.031151603956132232,1.9530448664748143,55.47347982846604
0.03509486143829901,0.6322075411705272,78.66634228016373
0.027862591947149507,0.7375342132611413,89.58279300302475
0.012383968340395181,4.685970768801168,96.84202800618881
0.17844870949210967,2.1969540507706995,74.52971222557755
0.14973394412559088,6.276890666600123,67.86431283046853
0.05634092635644586,5.970623687283984,90.94714645796826
0.07223250129261133,6.039213630842881,73.131570299177
0.052920210493360154,4.407867954735556,69.74874491399716
0.07600081227154813,2.67634391351533,97.1512539154897
0.08912712611027497,7.286479128280274,59.022846545613874
0.03386876489803482,1.2076760755551872,94.23411920314916
0.055911438031429256,3.817027383412775,52.371828265210986
0.010754933227135284,5.353486348704961,96.08635889843332
0.17049740104117525,7.85244203332007,85.40548731324469
0.06287287934018154,1.373294594323149,53.560779617127196
0.0741772888410533,7.360115705139375,93.6458284277139
0.21037488846604718,1.052743713310761,98.35467113794488
0.06758002087498059,6.482003189966807,51.794768112429075
0.11817996048406103,1.792037207277793,70.02866336199136
0.011252007928427031,0.6138838890443961,86.42616057043159
0.09388545271692622,2.858467243117636,77.0071129476129
0.014989344136620376,1.7122608394340904,71.82059598861296
0.048293746879380636,4.773830037927645,89.06723333955914
0.06475804163845461,1.77707015097962,93.65011522982677
0.029345159570849308,5.479294207248763,84.34052892748109
0.021730074098540046,2.779256200947323,77.95288729021873
0.028475255538152965,3.71221518647905,75.57949370009499
0.10432727083574478,4.31849468486341,98.21453820475276
0.036920203017285824,1.8098436694753994,72.04033099265753
0.11347391498416645,0.5201734588405462,97.11806599989154
0.06091114763953409,7.39124983542667,97.37535509624806
0.031151603956132232,1.9530448664748143,55.47347982846604
0.03509486143829901,0.6322075411705272,78.66634228016373
0.030125176529819588,0.5662175829005325,92.70465266972721
0.012383968340395181,4.685970768801168,96.84202800618881
0.18596842086783888,1.1285160750218441,76.27522116550509
0.14973394412559088,6.276890666600123,67.86431283046853
0.09165187712999892,4.843242327401491,92.64525728850327
0.0795000548202808,5.066649494914671,77.35846569005572
0.052920210493360154,4.407867954735556,69.74874491399716
0.06838555993753737,2.2530105099980395,96.50417307691839
0.08912712611027497,7.286479128280274,59.022846545613874
0.04746844158450615,1.0902237084871549,94.72681024103107
0.055911438031429256,3.817027383412775,52.371828265210986
0.010754933227135284,5.353486348704961,96.08635889843332
0.17049740104117525,7.85244203332007,85.40548731324469
0.06287287934018154,1.373294594323149,53.560779617127196
0.0741772888410533,7.360115705139375,93.6458284277139
0.1584007387946961,0.9292780726816025,94.19428492844686
0.06758002087498059,6.482003189966807,51.794768112429075
0.1357744094973107,0.30250412946218486,66.69453337575698
0.011252007928427031,0.6138838890443961,86.42616057043159
0.09273472264775755,2.6975663865895614,74.66996996586948
0.014989344136620376,1.7122608394340904,71.82059598861296
0.05434329110470756,5.097885279243724,93.18433166171522
0.06475804163845461,1.77707015097962,93.65011522982677
0.029345159570849308,5.479294207248763,84.34052892748109
0.019610389329156486,2.6200964409796605,77.0660027755353
0.028475255538152965,3.71221518647905,75.57949370009499
0.10432727083574478,4.31849468486341,98.21453820475276
0.033322457974480565,2.2970973070232326,75.34667862029511
0.12159457770671404,0.33849728417868086,98.85288302492735
0.06654376434853504,7.70525531221843,97.43725910802489
0.025739177531857713,2.8553803298039684,66.25044547961309
0.043769131593327085,0.6388738702952272,75.84324226087108
0.07745611347270397,0.7369924829401362,87.7148926718723
0.010544459033661871,4.722693083601276,98.72137791732477
0.25314269293870467,1.3708877739378924,69.19352117573513
0.14973394412559088,6.276890666600123,67.86431283046853
0.10198697002881374,4.5132712891958455,93.14227401565432
0.0795000548202808,5.066649494914671,77.35846569005572
0.052920210493360154,4.407867954735556,69.74874491399716
0.06838555993753737,2.2530105099980395,96.50417307691839
0.08912712611027497,7.286479128280274,59.022846545613874
0.04746844158450615,1.0902237084871549,94.72681024103107
0.055911438031429256,3.817027383412775,52.371828265210986
0.010754933227135284,5.353486348704961,96.08635889843332
0.17049740104117525,7.85244203332007,85.40548731324469
0.06287287934018154,1.373294594323149,53.560779617127196
0.0741772888410533,7.360115705139375,93.6458284277139
0.13436159431990022,1.7768082289082878,92.35882871995747
0.06757206206783012,6.523786064001257,51.353034683890655
0.09947606777315385,2.440070051535555,78.50249781696547
0.01705004621578273,1.0297411576527944,82.0049594467135
0.0935392285578151,2.7077622869900657,74.69945516805856
0.0100648521982215,0.42005103522805687,67.5258689416389
0.054908081859203144,5.102723423852558,93.11293084154472
0.056549760239830965,1.1933495891345216,96.72062758128115
0.029345159570849308,5.479294207248763,84.34052892748109
0.019610389329156486,2.6200964409796605,77.0660027755353
0.028475255538152965,3.71221518647905,75.57949370009499
0.11716804088008029,5.047554459648465,99.00219270536618
0.033322457974480565,2.2970973070232326,75.34667862029511
0.10691765157805963,0.3751271076870182,97.19997528630574
0.06617692257361148,7.721841572756586,97.6194626447566
0.01702471881423715,2.0911927609870213,69.35381434405566
0.043769131593327085,0.6388738702952272,75.84324226087108
0.07745611347270397,0.7369924829401362,87.7148926718723
0.010544459033661871,4.722693083601276,98.72137791732477
0.24497663410401138,1.4559887463943681,69.42563415104665
0.14973394412559088,6.276890666600123,67.86431283046853
0.09230563610836222,3.7360791737638164,83.34525054927491
0.0795000548202808,5.066649494914671,77.35846569005572
0.0724875991638388,6.515368272347805,64.15948438643503
0.06838555993753737,2.2530105099980395,96.50417307691839
0.0760516391302038,6.151445689184081,63.19202651867514
0.04710359496763968,1.1785817399659404,94.5177200996198
0.055911438031429256,3.817027383412775,52.371828265210986
0.010754933227135284,5.353486348704961,96.08635889843332
0.17049740104117525,7.85244203332007,85.40548731324469
0.06361822146067773,1.3163736144411384,52.95261855552075
0.07427148551347126,7.3558567284978045,93.59904267964448
0.11216033291794113,3.354733574881023,78.7282443799781
0.06757206206783012,6.523786064001257,51.353034683890655
0.09917524232970067,2.5809465978684747,77.93625878278124
0.01705004621578273,1.0297411576527944,82.0049594467135
0.0935392285578151,2.7077622869900657,74.69945516805856
0.0100648521982215,0.42005103522805687,67.5258689416389
0.054908081859203144,5.102723423852558,93.11293084154472
0.056549760239830965,1.1933495891345216,96.72062758128115
0.029345159570849308,5.479294207248763,84.34052892748109
0.019610389329156486,2.6200964409796605,77.0660027755353
0.03733451494947408,4.234298531415535,73.16110774200914
0.11329796951417437,4.8434107737259735,96.56503973998362
0.033322457974480565,2.2970973070232326,75.34667862029511
0.10691765157805963,0.3751271076870182,97.19997528630574
0.06617692257361148,7.721841572756586,97.6194626447566
0.01702471881423715,2.0911927609870213,69.35381434405566
0.043769131593327085,0.6388738702952272,75.84324226087108
0.08085747282104297,0.6627454589831084,86.24970454070578
0.010544459033661871,4.722693083601276,98.72137791732477
0.1526349616574988,3.178922542691095,75.81276446679237
0.14973394412559088,6.276890666600123,67.86431283046853
0.09358079541339248,3.521659597846765,82.34121538923154
0.09296976128272616,6.68321907083359,70.22404047623391
0.0724875991638388,6.515368272347805,64.15948438643503
0.06838555993753737,2.2530105099980395,96.50417307691839
0.08701467726858264,7.26967903112298,67.59485409244428
0.04710359496763968,1.1785817399659404,94.5177200996198
0.05420936615040446,3.923526967982358,54.42002732142764
0.03908315868565694,4.919305904478898,92.03846744910199
0.11890876722352964,5.601012814679152,84.36263108667823
0.04089837815194873,0.9361116657671915,59.13527279056622
0.07427148551347126,7.3558567284978045,93.59904267964448
0.11216033291794113,3.354733574881023,78.7282443799781
0.07728066168994585,6.167006027928216,60.95252170812843
0.105299514639591,2.3426331914491243,76.499035095298
0.012517708967849428,0.9578982478995979,82.2119523549034
0.08312336246358071,2.2234029854714104,67.1291171311728
0.0100648521982215,0.42005103522805687,67.5258689416389
0.054908081859203144,5.102723423852558,93.11293084154472
0.056549760239830965,1.1933495891345216,96.72062758128115
0.029345159570849308,5.479294207248763,84.34052892748109
0.018345129728366147,2.610053142726603,77.04327810313356
0.03733451494947408,4.234298531415535,73.16110774200914
0.11284102024832182,4.52339867381787,96.61051291775637
0.03288172274977407,2.0842905542139425,75.58676944606283
0.10691765157805963,0.3751271076870182,97.19997528630574
0.06617692257361148,7.721841572756586,97.6194626447566
0.013054308592744049,2.180042472345799,68.30288655342873
0.042332378023905055,0.5765416493822817,73.49627962632935
0.08085747282104297,0.6627454589831084,86.24970454070578
0.010544459033661871,4.722693083601276,98.72137791732477
0.1526349616574988,3.178922542691095,75.81276446679237
0.14973394412559088,6.276890666600123,67.86431283046853
0.09780862789938469,3.348812326691408,81.1636148452371
0.09550397297143003,7.139897982652808,67.51500721205687
0.07159210774637317,6.52365631329473,64.20194635610098
0.06966828657107875,2.250433574922649,93.94747125133816
0.08701467726858264,7.26967903112298,67.59485409244428
0.04710359496763968,1.1785817399659404,94.5177200996198
0.051209300847129054,4.099928836335408,53.10135455957727
0.03908315868565694,4.919305904478898,92.03846744910199
0.15102766319372518,4.5964327073019255,85.43790696986129
0.04089837815194873,0.9361116657671915,59.13527279056622
0.07525754660058259,6.966288506011707,82.9012762240792
0.10731431842434555,2.977851631306997,80.12940780436662
0.08370413879655846,6.011804027301551,57.59937068808853
0.10674304227975334,2.364177320180402,76.41015178557478
0.012517708967849428,0.9578982478995979,82.2119523549034
0.08312336246358071,2.2234029854714104,67.1291171311728
0.0100648521982215,0.42005103522805687,67.5258689416389
0.053078377394892975,4.444185730257828,90.25880237498924
0.05646431087373097,1.1896424476469534,96.58104451453252
0.024121036438483442,7.451431901120376,88.70264032431831
0.018345129728366147,2.610053142726603,77.04327810313356
0.03733451494947408,4.234298531415535,73.16110774200914
0.09929444064857731,4.0419518922459154,94.66628635369163
0.03288172274977407,2.0842905542139425,75.58676944606283
0.10691765157805963,0.3751271076870182,97.19997528630574
0.06617692257361148,7.721841572756586,97.6194626447566
0.013054308592744049,2.180042472345799,68.30288655342873
0.042332378023905055,0.5765416493822817,73.49627962632935
0.08085747282104297,0.6627454589831084,86.24970454070578
0.03766619476961973,3.499183387800059,98.29321860230074
0.18939468204665355,5.433358248554979,58.61604208170183
0.13406727376001074,5.888577128056534,72.11816497840759
0.09006868426409989,3.0206786915862627,78.1677023929357
0.10093825725909092,7.18649599623896,63.38522359463043
0.07159210774637317,6.52365631329473,64.20194635610098
0.06599609447923666,2.1445458479142587,94.33155426618715
0.08701467726858264,7.26967903112298,67.59485409244428
0.04710359496763968,1.1785817399659404,94.5177200996198
0.051209300847129054,4.099928836335408,53.10135455957727
0.03908315868565694,4.919305904478898,92.03846744910199
0.09620067690476794,2.7081080471426198,71.79869566912292
0.04095791706793204,0.8054635146605245,58.056053126643725
0.07525754660058259,6.966288506011707,82.9012762240792
0.10731431842434555,2.977851631306997,80.12940780436662
0.08370413879655846,6.011804027301551,57.59937068808853
0.10868405667489553,1.8815397863075853,77.27746236656523
0.010185150283110067,0.8988782810208038,82.5231225681542
0.07543309620657997,2.7918309799375898,73.04935432080435
0.0100648521982215,0.42005103522805687,67.5258689416389
0.08266710867877108,6.8898200762310395,95.5950516272561
0.056286469706784456,1.1349778070822234,96.71049672764217
0.028880916965754563,5.654548564278797,84.72816871070803
0.021495013600221824,2.784586593217205,76.5223959558719
0.037116105861153575,4.214308617859057,73.2074561641081
0.13644286663288147,4.369123229454182,92.48003519132413
0.03288172274977407,2.0842905542139425,75.58676944606283
0.0758964983023841,2.453209525004589,94.83958429752855
0.06617692257361148,7.721841572756586,97.6194626447566
0.013054308592744049,2.180042472345799,68.30288655342873
0.0330783535174219,0.6693307107772956,76.09478132213238
0.08085747282104297,0.6627454589831084,86.24970454070578
0.03766619476961973,3.499183387800059,98.29321860230074
0.18060033948806764,5.2024431106573825,61.42280275770659
0.16268047857801737,7.637282514294224,63.07139008505872
0.11381456587313166,3.8849208427444886,62.22322295144647
0.10093825725909092,7.18649599623896,63.38522359463043
0.038964591723363334,6.124759545408616,64.6069074121783
0.0672008335389252,3.0873036957766002,87.84509439384385
0.0940460503010363,7.609801603576384,69.14172991780998
0.04710359496763968,1.1785817399659404,94.5177200996198
0.05683964459403146,3.426429716544989,52.62431703227336
0.06636750953443887,4.963078846546432,86.40301432529677
0.09620067690476794,2.7081080471426198,71.79869566912292
0.04095791706793204,0.8054635146605245,58.056053126643725
0.062489894758455594,5.775820877340027,82.82707987516771
0.13074782768752174,2.8024465822703437,74.01808984987227
0.08370413879655846,6.011804027301551,57.59937068808853
0.07457334340449734,3.370318983603194,84.51168529327448
0.010185150283110067,0.8988782810208038,82.5231225681542
0.05696635870733274,3.9274395599575453,77.6822115394766
0.0100648521982215,0.42005103522805687,67.5258689416389
0.08266710867877108,6.8898200762310395,95.5950516272561
0.056286469706784456,1.1349778070822234,96.71049672764217
0.028880916965754563,5.654548564278797,84.72816871070803
0.02719112186140197,2.822312847576094,77.93349231510753
0.02859110978727276,6.805506409364682,55.01770752492104
0.1837754400417153,2.150445649060135,89.73824688869726
0.01720568695828041,2.1396244441115253,71.4111753013957
0.09774940870660738,1.8553180358815895,92.86544456917255
0.06617692257361148,7.721841572756586,97.6194626447566
0.013054308592744049,2.180042472345799,68.30288655342873
0.0330783535174219,0.6693307107772956,76.09478132213238
0.07965131496146238,1.136166354569783,83.31449054311967
0.03766619476961973,3.499183387800059,98.29321860230074
0.18623423651865556,5.15538392740341,61.64511098475727
0.16268047857801737,7.637282514294224,63.07139008505872
0.12054975672213887,4.029041053919843,71.2289988195416
0.10093825725909092,7.18649599623896,63.38522359463043
0.017826934559628818,5.554870680628247,62.86665713744639
0.023280201977023934,4.9278021129399905,83.94685075648206
0.0940460503010363,7.609801603576384,69.14172991780998
0.04710359496763968,1.1785817399659404,94.5177200996198
0.05683964459403146,3.426429716544989,52.62431703227336
0.08733995149722432,7.668175471231176,92.89728586186627
0.10459598484846466,2.9972552006294566,73.8871814081596
0.04095791706793204,0.8054635146605245,58.056053126643725
0.062489894758455594,5.775820877340027,82.82707987516771
0.1109113538884619,5.025980928803843,82.64547985157297
0.01657911729466574,4.630247491607772,52.94849144125579
0.07457334340449734,3.370318983603194,84.51168529327448
0.010185150283110067,0.8988782810208038,82.5231225681542
0.06155153748043242,5.205377961317529,69.85541790214783
0.0100648521982215,0.42005103522805687,67.5258689416389
0.08484318494302856,6.780024939996966,95.32790650614035
0.056286469706784456,1.1349778070822234,96.71049672764217
0.031006488311195696,6.294469318426216,87.15263654390206
0.02719112186140197,2.822312847576094,77.93349231510753
0.029407164607614052,6.638422023632772,56.24620217894372
0.1834649644978281,2.155050522021141,89.66993007918643
0.017211908433740746,2.17382638003107,71.32560634312205
0.09774940870660738,1.8553180358815895,92.86544456917255
0.05737882007766695,6.418774889506744,97.82737645223564
0.014310030664655887,2.2258417918971203,68.2589817633435
0.03345195982065923,0.8997769575523447,77.90248905088528
0.1349776153018134,0.24711094082468743,93.86072756832728
0.03766619476961973,3.499183387800059,98.29321860230074
0.18623423651865556,5.15538392740341,61.64511098475727
0.11850376665967834,6.72804444314483,60.01052622152136
0.2077096546019011,1.823911626634259,55.72920009028313
0.10334718860460007,7.417846217420788,62.93405213240896
0.017826934559628818,5.554870680628247,62.86665713744639
0.023280201977023934,4.9278021129399905,83.94685075648206
0.0940460503010363,7.609801603576384,69.14172991780998
0.04710359496763968,1.1785817399659404,94.5177200996198
0.05683964459403146,3.426429716544989,52.62431703227336
0.08733995149722432,7.668175471231176,92.89728586186627
0.12988614003306903,2.682997676594802,64.93742418858031
0.04095791706793204,0.8054635146605245,58.056053126643725
0.062489894758455594,5.775820877340027,82.82707987516771
0.14018873993288236,4.264250377958643,74.34237487927585
0.01657911729466574,4.630247491607772,52.94849144125579
0.11459380608652153,4.130358627272164,95.30499693728547
0.03152970744245262,0.9988376616953054,79.62776327172536
0.023924119553371342,3.242722522323324,78.58999136667691
0.0100648521982215,0.42005103522805687,67.5258689416389
0.0765648313292005,6.204321267079418,95.84824283995789
0.04971948591742141,1.309569703085528,92.44423862470336
0.031006488311195696,6.294469318426216,87.15263654390206
0.02719112186140197,2.822312847576094,77.93349231510753
0.029407164607614052,6.638422023632772,56.24620217894372
0.1834649644978281,2.155050522021141,89.66993007918643
0.017211908433740746,2.17382638003107,71.32560634312205
0.06979388288934951,3.0087197130502314,89.51743012758378
0.05737882007766695,6.418774889506744,97.82737645223564
0.014310030664655887,2.2258417918971203,68.2589817633435
0.03345195982065923,0.8997769575523447,77.90248905088528
0.1374572198231644,0.14205869321046993,94.02594762512753
0.03766619476961973,3.499183387800059,98.29321860230074
0.18623423651865556,5.15538392740341,61.64511098475727
0.11850376665967834,6.72804444314483,60.01052622152136
0.2013859150834202,1.8782376665414302,57.27846427445297
0.10517845637070386,7.480968856566558,59.72816099558043
0.02542220349147805,4.442330293728702,69.09522758672453
0.023280201977023934,4.9278021129399905,83.94685075648206
0.0940460503010363,7.609801603576384,69.14172991780998
0.04820435301156484,1.3663580825216366,94.56743232456103
0.05683964459403146,3.426429716544989,52.62431703227336
0.08733995149722432,7.668175471231176,92.89728586186627
0.10248326817337071,3.9405193309449973,72.21124100725011
0.04095791706793204,0.8054635146605245,58.056053126643725
0.062489894758455594,5.775820877340027,82.82707987516771
0.19433251390879386,5.367844337648686,70.472474913029
0.01657911729466574,4.630247491607772,52.94849144125579
0.11459380608652153,4.130358627272164,95.30499693728547
0.03381822241520483,1.4786842108695355,81.2390405271448
0.023924119553371342,3.242722522323324,78.58999136667691
0.015470010672315723,1.936272671040495,72.59165218093061
0.0765648313292005,6.204321267079418,95.84824283995789
0.04050859786465126,2.232504258146474,81.46696465384437
0.031006488311195696,6.294469318426216,87.15263654390206
0.02862747148758451,2.2186258042612215,78.49440448561279
0.029407164607614052,6.638422023632772,56.24620217894372
0.1634829054256427,1.9878453482367264,88.10248129524938
0.017211908433740746,2.17382638003107,71.32560634312205
0.06979388288934951,3.0087197130502314,89.51743012758378
0.05737882007766695,6.418774889506744,97.82737645223564
0.014310030664655887,2.2258417918971203,68.2589817633435
0.03345195982065923,0.8997769575523447,77.90248905088528
0.1374572198231644,0.14205869321046993,94.02594762512753
0.03766619476961973,3.499183387800059,98.29321860230074
0.21418293289295975,5.4669492241616755,54.75085014348051
0.11828075829133869,6.579882929897376,62.02358036323587
0.2013859150834202,1.8782376665414302,57.27846427445297
0.10517845637070386,7.480968856566558,59.72816099558043
0.020673911938938458,5.083429275782324,63.786270480873384
0.06411906743738614,6.200948090382006,71.87011212396685
0.0940460503010363,7.609801603576384,69.14172991780998
0.04820435301156484,1.3663580825216366,94.56743232456103
0.05683964459403146,3.426429716544989,52.62431703227336
0.05442870938900828,5.043377974077027,83.59877220562007
0.11465899714103325,4.208402265656037,80.8024053036626
0.052885873081915044,0.11811549248359743,51.39056885391173
0.07866335474428428,7.062466300429486,86.9354476946763
0.19433251390879386,5.367844337648686,70.472474913029
0.015380333964939598,3.9591436472630632,56.6977224589314
0.13983378525368445,4.762282541593247,98.56567363671908
0.030977666738308908,1.6693090251688214,78.48422129935287
0.024567623491657,3.127990988139846,78.76228324510978
0.015470010672315723,1.936272671040495,72.59165218093061
0.08592607322716209,5.386679460181839,87.31101147724516
0.04124234624126749,2.3558325642873257,81.16872090470036
0.031006488311195696,6.294469318426216,87.15263654390206
0.02675184265635714,1.9528968236533015,74.38594520185765
0.025251714226332024,5.898526425498674,59.83391238141262
0.23599430447682546,1.8435830206030106,92.01509202377123
0.017211908433740746,2.17382638003107,71.32560634312205
0.05686263963606865,2.6849650142237564,87.84688185607264
0.05737882007766695,6.418774889506744,97.82737645223564
0.012347014565278733,2.2610283500618324,66.18452036287265
0.03404089159651981,0.7520713780429817,77.84549434661837
0.1374572198231644,0.14205869321046993,94.02594762512753
0.03766619476961973,3.499183387800059,98.29321860230074
0.23450122199354004,5.104536839176571,52.31697597130204
0.10535187340954971,5.6180033598629455,68.02782264618583
0.2013859150834202,1.8782376665414302,57.27846427445297
0.15711316586965324,5.242891437332535,72.54627445688999
0.020673911938938458,5.083429275782324,63.786270480873384
0.07002849435588226,6.8727546977461955,71.47224656664885
0.0940460503010363,7.609801603576384,69.14172991780998
0.04956967212389432,1.7108384641422392,93.12259662538757
0.05528885026877022,2.12880416860099,52.14040194817169
0.05442870938900828,5.043377974077027,83.59877220562007
0.0946238651697904,3.3494383269490546,80.06755671287198
0.052885873081915044,0.11811549248359743,51.39056885391173
0.07211203308120619,6.95689084736354,86.9653043369486
0.18021439847362591,4.827877798654862,71.88885308316584
0.015380333964939598,3.9591436472630632,56.6977224589314
0.16635025723892072,5.090106004664509,98.63638633781305
0.05997045461631098,3.223258685079944,74.18530622406755
0.024567623491657,3.127990988139846,78.76228324510978
0.015551553518872153,0.09688023075241992,87.04396996132999
0.08592607322716209,5.386679460181839,87.31101147724516
0.04305421730088424,2.4062150512079516,82.01682911072918
0.031006488311195696,6.294469318426216,87.15263654390206
0.028922858249297898,0.834681581695814,78.17211193676413
0.025251714226332024,5.898526425498674,59.83391238141262
0.23599430447682546,1.8435830206030106,92.01509202377123
0.018417156049532035,2.1522226268324203,72.59927886051089
0.057364842597365136,2.761447618069737,87.45707259089245
0.05737882007766695,6.418774889506744,97.82737645223564
0.012347014565278733,2.2610283500618324,66.18452036287265
0.03404089159651981,0.7520713780429817,77.84549434661837
0.08217747179647229,1.0783221136524765,81.72425664325681
0.039149056533754806,3.3838725626742123,94.40968089557751
0.21917356223842518,5.205010265880668,59.24478928001073
0.10715955123108503,5.75249047005358,67.18832753819694
0.2691604992275182,0.33127292345556825,56.29515477573989
0.1832287138099175,5.273413751143614,74.22300822083112
0.022407270425297457,7.334816740452066,57.017216310280034
0.050442163271279594,6.271692509926675,73.3727842727574
0.0940460503010363,7.609801603576384,69.14172991780998
0.05483200552776667,2.0357417657775096,98.2996422726116
0.05528885026877022,2.12880416860099,52.14040194817169
0.04623910164995587,4.587269175058699,79.85128792532933
0.10529192537442253,3.544560130332232,79.66431650947888
0.052885873081915044,0.11811549248359743,51.39056885391173
0.07211203308120619,6.95689084736354,86.9653043369486
0.2507523111138753,6.3986840573281984,57.03061105384355
0.015380333964939598,3.9591436472630632,56.6977224589314
0.16635025723892072,5.090106004664509,98.63638633781305
0.05925278471856029,3.002569470749862,73.42990032973151
0.024567623491657,3.127990988139846,78.76228324510978
0.015551553518872153,0.09688023075241992,87.04396996132999
0.08592607322716209,5.386679460181839,87.31101147724516
0.05191028935249169,2.0604455834223376,83.57593150561169
0.031051582747373928,6.2783501142568,87.19282685172811
0.018739448585276146,0.14481945270366303,74.84771104763497
0.025251714226332024,5.898526425498674,59.83391238141262
0.21965924776999535,2.2292521310891638,91.50304878956291
0.018417156049532035,2.1522226268324203,72.59927886051089
0.05390003971280402,2.540651766484047,87.4228413879885
0.05086449699568965,6.503144725797822,99.20297075237285
0.014286477179617969,2.807712249132511,65.23007995884385
0.03404089159651981,0.7520713780429817,77.84549434661837
0.08217747179647229,1.0783221136524765,81.72425664325681
0.03963752903607973,3.3418827032368794,94.53084045354792
0.21624170630476103,5.79090714694392,53.53292441783316
0.10715955123108503,5.75249047005358,67.18832753819694
0.18218948335682483,2.730788406084215,71.01662728672166
0.2149815262798039,5.147768337104443,77.11516507280713
0.022407270425297457,7.334816740452066,57.017216310280034
0.050607047512209034,6.316402905070813,73.04990152106308
0.0940460503010363,7.609801603576384,69.14172991780998
0.05483200552776667,2.0357417657775096,98.2996422726116
0.05528885026877022,2.12880416860099,52.14040194817169
0.04623910164995587,4.587269175058699,79.85128792532933
0.11634394960927183,3.2195223503335897,82.40251652003036
0.05267200348641472,0.16285194183710505,51.45591459048124
0.07211203308120619,6.95689084736354,86.9653043369486
0.257093598332551,7.249020516318566,50.00011597548908
0.015380333964939598,3.9591436472630632,56.6977224589314
0.1653375366451386,5.098230168510753,98.5422312604797
0.055366368354437506,2.6551940778053824,71.40736090799854
0.045883688509740526,3.2379902660821425,79.0004742144128
0.015457810365802653,0.029643314681720767,87.51650265713059
0.060061907122834185,4.147487183183676,81.67461984204115
0.05191028935249169,2.0604455834223376,83.57593150561169
0.043554348431076015,6.07518924374195,87.2197543852202
0.018739448585276146,0.14481945270366303,74.84771104763497
0.025251714226332024,5.898526425498674,59.83391238141262
0.21965924776999535,2.2292521310891638,91.50304878956291
0.018417156049532035,2.1522226268324203,72.59927886051089
0.08170853909086861,3.1711218372100527,90.19590723546605
0.05086449699568965,6.503144725797822,99.20297075237285
0.014286477179617969,2.807712249132511,65.23007995884385
0.05261924787325889,0.8779881418954206,79.34250613184284
0.08217747179647229,1.0783221136524765,81.72425664325681
0.030824101651435974,1.9935729927340593,86.22979901914722
0.21624170630476103,5.79090714694392,53.53292441783316
0.09346152477943956,4.330441695892447,63.20116242034211
0.21361903939321503,1.5241423295159446,66.46292589010216
0.156399332732557,4.753752645073211,70.40752199891226
0.022407270425297457,7.334816740452066,57.017216310280034
0.050607047512209034,6.316402905070813,73.04990152106308
0.1643216243964446,7.879553812605186,81.03552760496622
0.05483200552776667,2.0357417657775096,98.2996422726116
0.05528885026877022,2.12880416860099,52.14040194817169
0.0466258158173543,4.505408872650893,79.49352625233287
0.16197152741562915,2.329327499604296,84.06297773769222
0.05267200348641472,0.16285194183710505,51.45591459048124
0.07211203308120619,6.95689084736354,86.9653043369486
0.257093598332551,7.249020516318566,50.00011597548908
0.015380333964939598,3.9591436472630632,56.6977224589314
0.16562384873763192,5.105898118512719,98.5800090669766
0.055366368354437506,2.6551940778053824,71.40736090799854
0.04719071417781755,3.3218326618109555,79.24699157113196
0.015457810365802653,0.029643314681720767,87.51650265713059
0.05434012631452062,4.249568921434343,81.54052396049967
0.05191028935249169,2.0604455834223376,83.57593150561169
0.03401166022286862,5.478816017124874,76.63845193672829
0.020457316259203495,1.8494047610213062,71.22963938075027
0.023449798256701827,4.8187492138912065,64.92705013412991
0.2526149359034814,1.43248719069513,95.10037651161934
0.018417156049532035,2.1522226268324203,72.59927886051089
0.08715688054403513,3.2004887753764844,92.21338264051766
0.05086449699568965,6.503144725797822,99.20297075237285
0.014286477179617969,2.807712249132511,65.23007995884385
0.051157242508082124,0.11304128645454181,66.8172145845606
0.08217747179647229,1.0783221136524765,81.72425664325681
0.030824101651435974,1.9935729927340593,86.22979901914722
0.22758263574383653,6.008736177495617,50.27352573186728
0.09346152477943956,4.330441695892447,63.20116242034211
0.21361903939321503,1.5241423295159446,66.46292589010216
0.15788325333921333,4.669996792790585,70.30522389582141
0.011741069433208379,7.41591628344159,50.590622375357576
0.050607047512209034,6.316402905070813,73.04990152106308
0.1643216243964446,7.879553812605186,81.03552760496622
0.05483200552776667,2.0357417657775096,98.2996422726116
0.05476501761252124,1.7352656611315749,52.00338329153293
0.0466258158173543,4.505408872650893,79.49352625233287
0.18320819185331425,2.369244445882105,90.41760857523096
0.05267200348641472,0.16285194183710505,51.45591459048124
0.07211203308120619,6.95689084736354,86.9653043369486
0.20833970928146867,7.028818593407764,55.44243985893616
0.015380333964939598,3.9591436472630632,56.6977224589314
0.16562384873763192,5.105898118512719,98.5800090669766
0.028024719200034187,2.122774156597082,74.76264154107733
0.0412919427848282,2.5563845377042087,77.35466490306332
0.015457810365802653,0.029643314681720767,87.51650265713059
0.05513327291470894,4.352490790550569,81.79496549810666
0.06146952422942759,2.0342516078891437,86.70876472990088
0.03401166022286862,5.478816017124874,76.63845193672829
0.020153577130511934,1.8665840051856477,71.2732950577101
0.023449798256701827,4.8187492138912065,64.92705013412991
0.2526149359034814,1.43248719069513,95.10037651161934
0.018417156049532035,2.1522226268324203,72.59927886051089
0.1236446331317427,4.0697642705688395,83.14961319718094
0.05086449699568965,6.503144725797822,99.20297075237285
0.014286477179617969,2.807712249132511,65.23007995884385
0.051157242508082124,0.11304128645454181,66.8172145845606
0.0804567290986804,1.111510329207912,81.50304631178604
0.021719945400826366,2.835580364290634,94.92177647440892
0.16596516764884223,5.223483840860554,56.17073344483828
0.08738492681237794,4.222058114716633,63.691393034964506
0.21361903939321503,1.5241423295159446,66.46292589010216
0.14447268972805302,4.412415605440472,74.15943828337173
0.015129350811055101,7.056124558199818,54.70005519198128
0.050607047512209034,6.316402905070813,73.04990152106308
0.1643216243964446,7.879553812605186,81.03552760496622
0.05483200552776667,2.0357417657775096,98.2996422726116
0.05476501761252124,1.7352656611315749,52.00338329153293
0.0975163971258218,4.133196445150687,84.37161327557703
0.14974171178868162,3.7512218115775617,89.37764038691111
0.05267200348641472,0.16285194183710505,51.45591459048124
0.10576353781848027,5.567273003518249,88.0110221521557
0.20833970928146867,7.028818593407764,55.44243985893616
0.012009092720240394,3.600019715907644,53.25969387714618
0.16562384873763192,5.105898118512719,98.5800090669766
0.028024719200034187,2.122774156597082,74.76264154107733
0.0412919427848282,2.5563845377042087,77.35466490306332
0.015457810365802653,0.029643314681720767,87.51650265713059
0.056505549363315616,4.3278246793694,82.16619403781408
0.06146952422942759,2.0342516078891437,86.70876472990088
0.03284564248838883,5.174883174544373,76.18702816999883
0.016138792054426383,1.7359106686555712,69.4935055350488
0.023449798256701827,4.8187492138912065,64.92705013412991
0.2526149359034814,1.43248719069513,95.10037651161934
0.018417156049532035,2.1522226268324203,72.59927886051089
0.11640860284868829,3.891164080145848,80.48984906910383
0.05086449699568965,6.503144725797822,99.20297075237285
0.03292983859212728,3.477084973461528,63.03895266728307
0.051157242508082124,0.11304128645454181,66.8172145845606
0.0804567290986804,1.111510329207912,81.50304631178604
0.021719945400826366,2.835580364290634,94.92177647440892
0.16596516764884223,5.223483840860554,56.17073344483828
0.06445909548530182,4.609113909428663,59.33336472460063
0.25209916640505825,1.8496073293697866,70.05088697073974
0.15788846954186891,4.399665303389934,73.42808175823207
0.015129350811055101,7.056124558199818,54.70005519198128
0.046102310098157136,7.10189451089207,71.77420290113454
0.1643216243964446,7.879553812605186,81.03552760496622
0.05483200552776667,2.0357417657775096,98.2996422726116
0.05476501761252124,1.7352656611315749,52.00338329153293
0.07061087795403649,2.624367060197282,85.71520749172618
0.14974171178868162,3.7512218115775617,89.37764038691111
0.05267200348641472,0.16285194183710505,51.45591459048124
0.09949063381200945,5.728626260396373,86.30384963117558
0.18367957336286492,7.032303752322076,55.347686622433066
0.012009092720240394,3.600019715907644,53.25969387714618
0.11573672711522856,4.750175526497683,91.07587830850002
0.028024719200034187,2.122774156597082,74.76264154107733
0.05618669327099477,2.8195516171663657,80.45109982894289
0.015447860343534658,0.0047125442207671675,87.77984192997232
0.056505549363315616,4.3278246793694,82.16619403781408
0.05312453387746249,1.666240491488799,86.90298041325747
0.04197207009258521,2.8677558000439025,64.80285546795336
0.016138792054426383,1.7359106686555712,69.4935055350488
0.03012687765995392,7.63427927698128,60.756545492257914
0.20427866126709787,1.5799168943679658,95.88224675777425
0.018417156049532035,2.1522226268324203,72.59927886051089
0.1648253324627961,5.527624525894895,75.00924099177449
0.05086449699568965,6.503144725797822,99.20297075237285
0.02886071755338364,4.228080617447386,62.19548614136598
0.04873583839203317,0.559934835741454,66.3152945634654
0.0804567290986804,1.111510329207912,81.50304631178604
0.022012975930188285,2.8933169597638715,96.25685172349256
0.22724492772340765,5.594382262922602,54.26143598216131
0.06445909548530182,4.609113909428663,59.33336472460063
0.1658296519960673,4.049214997223867,70.77259521014581
0.13182938080075612,4.256821018065631,69.82531198357754
0.015129350811055101,7.056124558199818,54.70005519198128
0.04158574790844767,6.349077789484939,69.26498747739913
0.1643216243964446,7.879553812605186,81.03552760496622
0.05114879394177123,3.23509404121872,90.22635999089478
0.05476501761252124,1.7352656611315749,52.00338329153293
0.07900647905994834,2.937562010970238,79.01929844896233
0.14974171178868162,3.7512218115775617,89.37764038691111
0.05267200348641472,0.16285194183710505,51.45591459048124
0.07482455094055004,5.754545338850053,92.49041922715574
0.18367957336286492,7.032303752322076,55.347686622433066
0.020180122903200943,5.419450554120865,56.64073637368125
0.11004093063900375,4.468531578388845,87.42584157424919
0.025962651853692995,1.9631242217470968,74.22660998009685
0.05618669327099477,2.8195516171663657,80.45109982894289
0.01974432944590665,0.12026562835974719,87.29393795685709
0.056505549363315616,4.3278246793694,82.16619403781408
0.05312453387746249,1.666240491488799,86.90298041325747
0.027163142242679676,1.5664763564645092,52.32211966151007
0.016138792054426383,1.7359106686555712,69.4935055350488
0.03012687765995392,7.63427927698128,60.756545492257914
0.20427866126709787,1.5799168943679658,95.88224675777425
0.018417156049532035,2.1522226268324203,72.59927886051089
0.20364595083757514,6.017302918924121,80.53437935261675
0.05086449699568965,6.503144725797822,99.20297075237285
0.027988234529114142,1.8809441910890659,63.18702842955166
0.048695620363664524,0.4476461937071923,65.69392790012517
0.0804567290986804,1.111510329207912,81.50304631178604
0.022012975930188285,2.8933169597638715,96.25685172349256
0.22724492772340765,5.594382262922602,54.26143598216131
0.06730721064515678,4.639599194386781,59.10437531918376
0.1658296519960673,4.049214997223867,70.77259521014581
0.16095554801602463,4.707069812450431,71.45328089509519
0.015129350811055101,7.056124558199818,54.70005519198128
0.043821445438846786,7.083726469192036,70.26432299221409
0.1643216243964446,7.879553812605186,81.03552760496622
0.04966043626745838,4.416937450076335,92.72991696703116
0.05476501761252124,1.7352656611315749,52.00338329153293
0.05900908647728906,2.707534147431966,76.090915771083
0.1855628193438966,4.937066163757009,99.21811493015389
0.05267200348641472,0.16285194183710505,51.45591459048124
0.07559549843887162,5.740098674372569,92.30643720965665
0.18367957336286492,7.032303752322076,55.347686622433066
0.020180122903200943,5.419450554120865,56.64073637368125
0.11004093063900375,4.468531578388845,87.42584157424919
0.025962651853692995,1.9631242217470968,74.22660998009685
0.05618669327099477,2.8195516171663657,80.45109982894289
0.01974432944590665,0.12026562835974719,87.29393795685709
0.0945178562483725,5.718815574695052,66.40328102773815
0.04563869190634064,1.51080489479873,84.05704460621446
0.027163142242679676,1.5664763564645092,52.32211966151007
0.015198366435501584,0.8787437089959136,72.48437014024235
0.03012687765995392,7.63427927698128,60.756545492257914
0.20427866126709787,1.5799168943679658,95.88224675777425
0.018417156049532035,2.1522226268324203,72.59927886051089
0.1911828005592265,5.874199998308168,80.67259802977313
0.05086449699568965,6.503144725797822,99.20297075237285
0.027988234529114142,1.8809441910890659,63.18702842955166
0.06630856542571464,0.9891987432907836,66.4575854561166
0.0804567290986804,1.111510329207912,81.50304631178604
0.0175663327800056,2.9029152177499995,98.313477220054
0.22724492772340765,5.594382262922602,54.26143598216131
0.06076727393929047,5.380807129022507,75.05321939187095
0.13565221395224925,3.121336754547496,69.46416958902243
0.16095554801602463,4.707069812450431,71.45328089509519
0.015217817794512964,7.039880979468298,54.69241057146366
0.043821445438846786,7.083726469192036,70.26432299221409
0.1176455579039283,5.261809335788779,68.66652186287716
0.03851416831224862,2.816065527599083,90.7045572165891
0.05476501761252124,1.7352656611315749,52.00338329153293
0.05900908647728906,2.707534147431966,76.090915771083
0.1855628193438966,4.937066163757009,99.21811493015389
0.05267200348641472,0.16285194183710505,51.45591459048124
0.07559549843887162,5.740098674372569,92.30643720965665
0.18367957336286492,7.032303752322076,55.347686622433066
0.03343521385122522,5.430648670149679,56.48842732671573
0.11004093063900375,4.468531578388845,87.42584157424919
0.024454539788358216,1.8150332924655124,74.19079233426378
0.055552326232573807,2.9748211567339333,81.64462880872117
0.01974432944590665,0.12026562835974719,87.29393795685709
0.07888943641884238,3.7999719607581053,65.8016767665258
0.043384200609740825,1.5175982421188021,80.18456917849788
0.027163142242679676,1.5664763564645092,52.32211966151007
0.015198366435501584,0.8787437089959136,72.48437014024235
0.0436599793065181,6.104406216339262,65.26096266702929
0.20427866126709787,1.5799168943679658,95.88224675777425
0.018417156049532035,2.1522226268324203,72.59927886051089
0.1424674070163838,4.832808806555001,81.02172946330454
0.05086449699568965,6.503144725797822,99.20297075237285
0.024939237678866792,3.108042046917903,61.174664429934474
0.05117458564959243,0.39716700735485144,64.73481444112676
0.09589338139157949,0.8525608702448935,83.7184768102081
0.0175663327800056,2.9029152177499995,98.313477220054
0.22724492772340765,5.594382262922602,54.26143598216131
0.06076727393929047,5.380807129022507,75.05321939187095
0.0826961190210038,1.6914977715252335,78.25392339095514
0.16095554801602463,4.707069812450431,71.45328089509519
0.015217817794512964,7.039880979468298,54.69241057146366
0.043821445438846786,7.083726469192036,70.26432299221409
0.1176455579039283,5.261809335788779,68.66652186287716
0.045996394109654504,2.642190893798272,79.17250501812097
0.06122642489665841,2.288270002132119,55.69907414666848
0.05900908647728906,2.707534147431966,76.090915771083
0.1845288718927596,5.035642999820959,99.88278792559875
0.05267200348641472,0.16285194183710505,51.45591459048124
0.07559549843887162,5.740098674372569,92.30643720965665
0.17325262773081515,7.376456334418451,55.60767019275268
0.032739059168115175,5.4372013196407645,56.33595984712828
0.14024946999294768,3.4298969809742363,81.41382212072429
0.024454539788358216,1.8150332924655124,74.19079233426378
0.055552326232573807,2.9748211567339333,81.64462880872117
0.03161117651539477,0.5057229903275209,85.9627501324365
0.04465347277658391,2.5023856108122926,69.50017014700941
0.038293992102205826,0.908008178105153,79.57379245070629
0.027163142242679676,1.5664763564645092,52.32211966151007
0.04421565112810254,1.6408854246594085,72.27910128250592
0.043814155502153965,4.865961817916169,67.20820899147684
0.20427866126709787,1.5799168943679658,95.88224675777425
0.018417156049532035,2.1522226268324203,72.59927886051089
0.19648292601812845,3.8959401720609734,92.19812565917366
0.05086449699568965,6.503144725797822,99.20297075237285
0.023338402779669504,3.371760186912792,58.96916028386227
0.05117458564959243,0.39716700735485144,64.73481444112676
0.09589338139157949,0.8525608702448935,83.7184768102081
0.0175663327800056,2.9029152177499995,98.313477220054
0.19783045561530965,4.679202558898358,53.7887227530914
0.06735189209616357,6.48179698610901,72.58940905563512
0.10365739547048769,1.3016169281875243,71.79798552392184
0.16095554801602463,4.707069812450431,71.45328089509519
0.012411121922612733,7.562448936934864,52.99019745604818
0.03982665388624264,7.164780984716549,70.22377426317335
0.11474150663574874,5.203608029424665,68.36790575941791
0.045996394109654504,2.642190893798272,79.17250501812097
0.06122642489665841,2.288270002132119,55.69907414666848
0.05731178466944964,2.585153864370059,75.65357316134455
0.1845288718927596,5.035642999820959,99.88278792559875
0.05267200348641472,0.16285194183710505,51.45591459048124
0.07567491481173624,5.744356781733737,92.3436989206896
0.17325262773081515,7.376456334418451,55.60767019275268
0.032739059168115175,5.4372013196407645,56.33595984712828
0.16843548243534495,3.9489247469118607,81.98486308949789
0.019453799979987453,2.729921164959583,65.96507119888915
0.055552326232573807,2.9748211567339333,81.64462880872117
0.03161117651539477,0.5057229903275209,85.9627501324365
0.04409610947303991,2.348952418371224,71.2039842112549
0.04141124791825198,1.6098530248624732,79.41138654383164
0.027163142242679676,1.5664763564645092,52.32211966151007
0.04421565112810254,1.6408854246594085,72.27910128250592
0.03280291398722369,6.496053019216764,74.48640234656483
0.1768868265030115,1.7155533008639654,88.18791878089533
0.018417156049532035,2.1522226268324203,72.59927886051089
0.19683695629504344,4.101723110179143,82.10699921903843
0.05086449699568965,6.503144725797822,99.20297075237285
0.02728958181943464,4.676068468912069,65.44719176890885
0.05117458564959243,0.39716700735485144,64.73481444112676
0.09593466393810958,0.8549485755501934,83.65509358715028
0.03791931870361635,3.1590009562033026,94.50088087654613
0.1793799385489493,4.503801982324867,58.486083942387246
0.06735189209616357,6.48179698610901,72.58940905563512
0.11052969355070141,0.9008606477134835,73.29632368179665
0.13906895981817038,4.431687953400017,75.55315726941137
0.012411121922612733,7.562448936934864,52.99019745604818
0.03982665388624264,7.164780984716549,70.22377426317335
0.10300698641594032,5.380945704081748,69.48383184873282
0.045996394109654504,2.642190893798272,79.17250501812097
0.06122642489665841,2.288270002132119,55.69907414666848
0.056649136021495475,2.348911479553877,74.47464761568767
0.1845288718927596,5.035642999820959,99.88278792559875
0.05249734273995179,0.7755193242905456,56.069749458259935
0.07567491481173624,5.744356781733737,92.3436989206896
0.17325262773081515,7.376456334418451,55.60767019275268
0.032739059168115175,5.4372013196407645,56.33595984712828
0.18055504083297244,3.8160011635135884,84.27566319458855
0.019453799979987453,2.729921164959583,65.96507119888915
0.022566499003377052,4.706413597486875,80.00240481675655
0.03161117651539477,0.5057229903275209,85.9627501324365
0.04409610947303991,2.348952418371224,71.2039842112549
0.03986631218919034,1.184556957613429,84.13412879613493
0.026061925828942123,0.8020270435507495,51.52940578975939
0.06818535081545901,0.5866888103735581,78.39114048409643
0.034259225309020494,6.419894707893752,76.02158701589323
0.18301135034808189,2.4480875774767794,86.321127073534
0.018417156049532035,2.1522226268324203,72.59927886051089
0.1707077927335345,3.7750221050579107,80.68442939083398
0.05086449699568965,6.503144725797822,99.20297075237285
0.02728958181943464,4.676068468912069,65.44719176890885
0.05250012821808479,0.0316681934385743,63.52337292472891
0.11846343941231546,1.0727400571524717,87.92872793050451
0.03791931870361635,3.1590009562033026,94.50088087654613
0.11940396012451815,5.647414041482346,63.530604844447026
0.026696535337619814,7.50050659231556,68.8106005034904
0.11052969355070141,0.9008606477134835,73.29632368179665
0.13906895981817038,4.431687953400017,75.55315726941137
0.015100510841529427,7.497689793084007,53.47982021991746
0.03982665388624264,7.164780984716549,70.22377426317335
0.11235815726005945,5.1557741739959555,71.18628034248049
0.04664010879650919,2.737794297670769,78.86865278378478
0.06122642489665841,2.288270002132119,55.69907414666848
0.0457603502362651,4.221690949594987,72.41557447098509
0.1845288718927596,5.035642999820959,99.88278792559875
0.05352904208626627,0.50660661701738,55.56027983237271
0.07855379691525244,6.1109481912798636,93.00371865835623
0.17325262773081515,7.376456334418451,55.60767019275268
0.032739059168115175,5.4372013196407645,56.33595984712828
0.17700818196401813,2.7274049451614673,70.34546134699806
0.019732887744192795,2.885450550367526,64.17899390739083
0.022566499003377052,4.706413597486875,80.00240481675655
0.034395999793757875,1.1688705720090389,80.98095196372971
0.04046664519611366,2.6144681613054663,70.12111378897099
0.03986631218919034,1.184556957613429,84.13412879613493
0.026061925828942123,0.8020270435507495,51.52940578975939
0.06626039748947836,0.5488219528387179,78.53345948693129
0.034259225309020494,6.419894707893752,76.02158701589323
0.19855328651352877,1.8783399843996227,89.59200074493273
0.018417156049532035,2.1522226268324203,72.59927886051089
0.16892883163575403,3.8961951657393126,80.11535264757903
0.05086449699568965,6.503144725797822,99.20297075237285
0.03183596157002609,3.9725796623017,63.755910501687154
0.05250012821808479,0.0316681934385743,63.52337292472891
0.11846343941231546,1.0727400571524717,87.92872793050451
0.03791931870361635,3.1590009562033026,94.50088087654613
0.15298078434882065,5.342786308376214,58.60478631123566
0.026696535337619814,7.50050659231556,68.8106005034904
0.11052969355070141,0.9008606477134835,73.29632368179665
0.14350689154930807,4.490647840086433,77.92828812577542
0.014145215578144028,7.811021631405582,52.11827395603967
0.04349541400208069,6.880559845340376,71.04979007031655
0.10970294574097361,5.222278506612378,71.18101754687075
0.041823497805918104,4.2977982420674365,95.16542335891779
0.07115047580089831,2.70771436130318,56.87582917303978
0.0457603502362651,4.221690949594987,72.41557447098509
0.1845288718927596,5.035642999820959,99.88278792559875
0.05352904208626627,0.50660661701738,55.56027983237271
0.07855379691525244,6.1109481912798636,93.00371865835623
0.17325262773081515,7.376456334418451,55.60767019275268
0.032739059168115175,5.4372013196407645,56.33595984712828
0.1408480832352999,2.839610581215701,76.62534842456208
0.03989561194009006,2.5952659212533087,60.05839356641402
0.022566499003377052,4.706413597486875,80.00240481675655
0.034395999793757875,1.1688705720090389,80.98095196372971
0.06321537189809276,3.0398287668403947,71.87461872193846
0.0402419472385043,0.8036258583194282,82.1340628186143
0.026061925828942123,0.8020270435507495,51.52940578975939
0.06801454258216204,0.5546384446278255,81.69873836558214
0.034259225309020494,6.419894707893752,76.02158701589323
0.19855328651352877,1.8783399843996227,89.59200074493273
0.01827892999783264,1.7560010692057135,74.84732263843347
0.24857102483975702,2.0013145757984745,85.87140474200504
0.049113706135438105,5.879391403624524,92.95493664332714
0.019054691089122916,3.9797010458619346,62.23070751422995
0.05250012821808479,0.0316681934385743,63.52337292472891
0.11846343941231546,1.0727400571524717,87.92872793050451
0.015958227471730646,3.2271467383430448,98.31484095643921
0.15298078434882065,5.342786308376214,58.60478631123566
0.026696535337619814,7.50050659231556,68.8106005034904
0.10519846311510536,0.9732861746830548,73.2559805681769
0.14517331306869002,4.572296053534221,78.19205600188953
0.014145215578144028,7.811021631405582,52.11827395603967
0.04349541400208069,6.880559845340376,71.04979007031655
0.11396301496689791,5.422275757597179,71.11745671164718
0.041823497805918104,4.2977982420674365,95.16542335891779
0.07115047580089831,2.70771436130318,56.87582917303978
0.0457603502362651,4.221690949594987,72.41557447098509
0.1845288718927596,5.035642999820959,99.88278792559875
0.05352904208626627,0.50660661701738,55.56027983237271
0.07855379691525244,6.1109481912798636,93.00371865835623
0.17325262773081515,7.376456334418451,55.60767019275268
0.032739059168115175,5.4372013196407645,56.33595984712828
0.15455981551802428,3.5574454565610845,77.92129126639335
0.03989561194009006,2.5952659212533087,60.05839356641402
0.022566499003377052,4.706413597486875,80.00240481675655
0.034395999793757875,1.1688705720090389,80.98095196372971
0.055892540166975396,3.615868130804793,68.14099827790281
0.0402419472385043,0.8036258583194282,82.1340628186143
0.026061925828942123,0.8020270435507495,51.52940578975939
0.06737496430655865,0.2174518758091617,81.0126917466405
0.034259225309020494,6.419894707893752,76.02158701589323
0.22535559356459262,0.5256934188925015,95.31596049331938
0.016515305759327425,1.8202483293549165,74.17614496872866
0.24857102483975702,2.0013145757984745,85.87140474200504
0.049113706135438105,5.879391403624524,92.95493664332714
0.019054691089122916,3.9797010458619346,62.23070751422995
0.05250012821808479,0.0316681934385743,63.52337292472891
0.13948432855035156,1.2560116169493418,98.40720447082882
0.015883047063024097,3.2263401715262114,98.3141416716119
0.1194060450522827,4.141587287972353,56.733086083210345
0.026696535337619814,7.50050659231556,68.8106005034904
0.10218873448788074,1.553626282244295,75.4866458805941
0.13925690984704248,4.423266138738713,76.4883197261868
0.014145215578144028,7.811021631405582,52.11827395603967
0.05314831413505955,6.568995191820238,73.80898905558949
0.12601867113536702,4.892334590787314,73.736382003222
0.041823497805918104,4.2977982420674365,95.16542335891779
0.07115047580089831,2.70771436130318,56.87582917303978
0.0433239219111084,3.0172651557749073,57.492409354604895
0.1748897907042462,4.226839734013335,99.56702784312137
0.06563864990831861,0.37636267460902445,57.337397727780534
0.08286593143436684,7.11712791340487,97.88300141699594
0.15587214194708643,6.803597006267276,60.15429499824252
0.032739059168115175,5.4372013196407645,56.33595984712828
0.15455981551802428,3.5574454565610845,77.92129126639335
0.046422171598831434,2.811610331415945,56.117455151745204
0.022566499003377052,4.706413597486875,80.00240481675655
0.034395999793757875,1.1688705720090389,80.98095196372971
0.055892540166975396,3.615868130804793,68.14099827790281
0.033930270975714744,0.8131023048991686,81.6846098890048
0.026061925828942123,0.8020270435507495,51.52940578975939
0.0456844561413291,3.311743897125452,69.2385500309945
0.034259225309020494,6.419894707893752,76.02158701589323
0.22535559356459262,0.5256934188925015,95.31596049331938
0.016515305759327425,1.8202483293549165,74.17614496872866
0.24857102483975702,2.0013145757984745,85.87140474200504
0.049113706135438105,5.879391403624524,92.95493664332714
0.019054691089122916,3.9797010458619346,62.23070751422995
0.05250012821808479,0.0316681934385743,63.52337292472891
0.13948432855035156,1.2560116169493418,98.40720447082882
0.015883047063024097,3.2263401715262114,98.3141416716119
0.1194060450522827,4.141587287972353,56.733086083210345
0.012514201610002912,7.8805340056026925,62.19407535068579
0.10218873448788074,1.553626282244295,75.4866458805941
0.12513986790223466,4.691714813421213,76.42556705428534
0.014145215578144028,7.811021631405582,52.11827395603967
0.07097044292836024,7.9225249616200575,79.86142955325022
0.1770433580852714,6.3238178993997565,73.53146804856789
0.036127669006489185,4.2182232694436665,86.92649782617097
0.07115047580089831,2.70771436130318,56.87582917303978
0.021366472599901293,2.474311443582964,54.85870980913661
0.13204749175935704,4.22417943200566,95.664310306216
0.06563864990831861,0.37636267460902445,57.337397727780534
0.08286593143436684,7.11712791340487,97.88300141699594
0.17497183286474965,7.486594856015625,58.23251629074302
0.032739059168115175,5.4372013196407645,56.33595984712828
0.2309262346421399,3.401678436491136,85.68316715966304
0.04756451550844749,2.6668444547367236,56.1899759304941
0.022566499003377052,4.706413597486875,80.00240481675655
0.034395999793757875,1.1688705720090389,80.98095196372971
0.055892540166975396,3.615868130804793,68.14099827790281
0.03361455811675385,0.5719305921227056,82.16161248517766
0.026690562428826725,0.7952657916329084,51.62165992117137
0.05448184686168467,3.7615776802668432,67.749375635538
0.034259225309020494,6.419894707893752,76.02158701589323
0.22535559356459262,0.5256934188925015,95.31596049331938
0.016515305759327425,1.8202483293549165,74.17614496872866
0.17785494786891126,3.4195746834007545,88.18904475189947
0.037276195964240644,6.238979327200637,92.79635547827944
0.018616322542252834,3.973576710608072,61.59661440140269
0.05714362316466794,0.6979403260155217,61.868291930602894
0.13948432855035156,1.2560116169493418,98.40720447082882
0.017151711198798547,3.2293692398046914,98.12758066198101
0.09070700274347937,4.095290153673142,58.3053266541202
0.012514201610002912,7.8805340056026925,62.19407535068579
0.10218873448788074,1.553626282244295,75.4866458805941
0.12242543068560141,4.853611147199484,76.59773858911191
0.014145215578144028,7.811021631405582,52.11827395603967
0.06828384452352174,7.788288068873337,80.89279112051995
0.15048855103913972,4.9061621423471236,69.67139409211583
0.021691846024106884,4.204037985838906,88.57695371373066
0.07115047580089831,2.70771436130318,56.87582917303978
0.017438100109997325,4.873430947625648,58.11392513520314
0.12685426748594328,6.296883402513885,93.74891738374103
0.06563864990831861,0.37636267460902445,57.337397727780534
0.08286593143436684,7.11712791340487,97.88300141699594
0.12763922905000727,6.372392190756334,68.01442445413136
0.06535426579662157,5.75860689284983,60.34960425614406
0.35741981153425795,1.5483333980116916,81.03678216706501
0.04275745503006173,3.318909845830829,69.10894967228975
0.031638727807737944,4.409538311678697,76.77341660499248
0.034395999793757875,1.1688705720090389,80.98095196372971
0.055049124129975174,5.58298550823473,72.36973541082165
0.03361455811675385,0.5719305921227056,82.16161248517766
0.025029365013409535,1.4491727795554756,53.673911134194924
0.05997832594409775,4.601736107869134,63.953168119404836
0.03474479165697383,6.242712642456954,75.62661721867197
0.22535559356459262,0.5256934188925015,95.31596049331938
0.016515305759327425,1.8202483293549165,74.17614496872866
0.1594926375088836,4.1931626846776915,86.75839533343108
0.037276195964240644,6.238979327200637,92.79635547827944
0.018616322542252834,3.973576710608072,61.59661440140269
0.05714362316466794,0.6979403260155217,61.868291930602894
0.13948432855035156,1.2560116169493418,98.40720447082882
0.017151711198798547,3.2293692398046914,98.12758066198101
0.11598976203631708,4.438223414711433,63.11225379691996
0.012514201610002912,7.8805340056026925,62.19407535068579
0.08688535151877019,2.1226482764237087,66.31060097691932
0.1315072421663927,4.311947492650435,76.02169674438919
0.014145215578144028,7.811021631405582,52.11827395603967
0.07570067316118193,7.825681023028738,79.14815824708515
0.23447076559672012,6.143511133132579,70.10984992977451
0.010876302510630011,7.498860108280794,94.39655261640054
0.07457068387551687,4.154368885413155,56.5894158267765
0.020124994542494952,4.286461875174556,61.73709122411332
0.122058339162961,6.606007104684791,94.77611459579389
0.06563864990831861,0.37636267460902445,57.337397727780534
0.08286593143436684,7.11712791340487,97.88300141699594
0.2281524485302201,5.055665562205158,73.09604779785616
0.04009785853055696,6.417199092941732,58.97162621471345
0.3601540006446398,1.5425290155075384,81.18561409126906
0.04275745503006173,3.318909845830829,69.10894967228975
0.03765251561243345,4.610866753420782,83.78211170743477
0.034395999793757875,1.1688705720090389,80.98095196372971
0.055049124129975174,5.58298550823473,72.36973541082165
0.033435956709361406,0.6007604952919703,82.33482337640268
0.025029365013409535,1.4491727795554756,53.673911134194924
0.05997832594409775,4.601736107869134,63.953168119404836
0.03895297886314959,7.263616788995048,75.9614516072771
0.22535559356459262,0.5256934188925015,95.31596049331938
0.016515305759327425,1.8202483293549165,74.17614496872866
0.13895545222601105,4.649974652746,87.81390683788253
0.08612495675797507,5.4212856802952,90.38303966683796
0.018616322542252834,3.973576710608072,61.59661440140269
0.05268084700827613,1.5938624646185509,66.88578373466926
0.13948432855035156,1.2560116169493418,98.40720447082882
0.017151711198798547,3.2293692398046914,98.12758066198101
0.05475959542675607,5.1643897506344025,58.5799157759011
0.02107715093947976,7.780905586269535,64.74097888508997
0.08688535151877019,2.1226482764237087,66.31060097691932
0.1315072421663927,4.311947492650435,76.02169674438919
0.013001043000197443,7.849008296805815,51.51002648376183
0.06876584175785776,7.122016163573395,78.56558057064056
0.2886324553693159,6.227897782551201,68.17399369940951
0.021811850074952913,6.319388292104032,90.06155860558307
0.07457068387551687,4.154368885413155,56.5894158267765
0.02710858480570457,4.406539890522877,64.76817730219133
0.122058339162961,6.606007104684791,94.77611459579389
0.06563864990831861,0.37636267460902445,57.337397727780534
0.0729949890304914,6.032292383266955,83.24977862765645
0.2206278586992873,4.997761258062175,73.32383259071062
0.04009785853055696,6.417199092941732,58.97162621471345
0.29351308870180837,1.4560024867544277,86.3864306652357
0.04648617035560827,4.406203410854735,63.81843560710418
0.03765251561243345,4.610866753420782,83.78211170743477
0.034395999793757875,1.1688705720090389,80.98095196372971
0.055049124129975174,5.58298550823473,72.36973541082165
0.033435956709361406,0.6007604952919703,82.33482337640268
0.025029365013409535,1.4491727795554756,53.673911134194924
0.05997832594409775,4.601736107869134,63.953168119404836
0.037886478806901255,5.837222881045291,77.13619859008688
0.22535559356459262,0.5256934188925015,95.31596049331938
0.016515305759327425,1.8202483293549165,74.17614496872866
0.13895545222601105,4.649974652746,87.81390683788253
0.08323455225859384,5.330687783056791,87.46132404762238
0.018616322542252834,3.973576710608072,61.59661440140269
0.054197797577075386,1.6018000898097273,67.610582414896
0.13948432855035156,1.2560116169493418,98.40720447082882
0.017151711198798547,3.2293692398046914,98.12758066198101
0.0713868542650905,3.8727529138204755,55.538521583906075
0.02107715093947976,7.780905586269535,64.74097888508997
0.08688535151877019,2.1226482764237087,66.31060097691932
0.11364582822808236,3.831723754819425,72.2729081691362
0.013001043000197443,7.849008296805815,51.51002648376183
0.06876584175785776,7.122016163573395,78.56558057064056
0.37803313875548405,6.587200103632286,65.21715795799884
0.021811850074952913,6.319388292104032,90.06155860558307
0.07279284304176321,4.227324628173394,57.71734337821451
0.026569966355612172,4.730507412973734,63.27281400983528
0.122058339162961,6.606007104684791,94.77611459579389
0.06563864990831861,0.37636267460902445,57.337397727780534
0.0729949890304914,6.032292383266955,83.24977862765645
0.28643828518901926,5.136914938156097,69.56232135422904
0.04319729212623445,6.896972236032218,57.588483049040114
0.29270996885883876,2.2412292267173974,83.38953077138147
0.04648617035560827,4.406203410854735,63.81843560710418
0.03765251561243345,4.610866753420782,83.78211170743477
0.034395999793757875,1.1688705720090389,80.98095196372971
0.0493827668166589,5.266350676209994,76.08693131285192
0.033435956709361406,0.6007604952919703,82.33482337640268
0.025029365013409535,1.4491727795554756,53.673911134194924
0.06750606880493742,3.9865369437928035,63.80071933433922
0.030142158550083696,5.794193977570842,75.78765029153752
0.22535559356459262,0.5256934188925015,95.31596049331938
0.016515305759327425,1.8202483293549165,74.17614496872866
0.14254056406270718,4.661811524508734,87.3702350298401
0.08323455225859384,5.330687783056791,87.46132404762238
0.019797146999876083,4.160099353767336,63.05048917861585
0.05950047283002118,0.6374101588497432,62.427692914125316
0.13948432855035156,1.2560116169493418,98.40720447082882
0.017151711198798547,3.2293692398046914,98.12758066198101
0.0713868542650905,3.8727529138204755,55.538521583906075
0.02107715093947976,7.780905586269535,64.74097888508997
0.07682329961895089,2.9877939302028738,66.07060628306562
0.08657549762702436,4.063281727344949,68.86512774615726
0.013001043000197443,7.849008296805815,51.51002648376183
0.06876584175785776,7.122016163573395,78.56558057064056
0.2605509052645998,6.792911736442397,65.52127542700664
0.021811850074952913,6.319388292104032,90.06155860558307
0.07279284304176321,4.227324628173394,57.71734337821451
0.026569966355612172,4.730507412973734,63.27281400983528
0.122058339162961,6.606007104684791,94.77611459579389
0.06563864990831861,0.37636267460902445,57.337397727780534
0.07560938684812095,5.853156467528464,84.32508378565265
0.30612297735774996,5.448596391072658,68.62850028735478
0.04319729212623445,6.896972236032218,57.588483049040114
0.20486296580901953,1.794469250476563,80.14263997708828
0.07815562322848103,1.1500788057767295,75.45944203166957
0.040781637893285205,4.545427162183201,81.68774727202162
0.038908943801635724,1.553444788413262,81.57977307714988
0.07895617437520856,6.372145363743392,89.11799230588592
0.033435956709361406,0.6007604952919703,82.33482337640268
0.024922482958571683,1.4599595587367968,53.309514086643574
0.06750606880493742,3.9865369437928035,63.80071933433922
0.031791013636008426,7.1633450559838145,82.88831939515359
0.22535559356459262,0.5256934188925015,95.31596049331938
0.016515305759327425,1.8202483293549165,74.17614496872866
0.17934743055708824,5.765810855821112,89.4268347384671
0.07392570621178138,4.537426850097891,86.22613620911197
0.018722084708579695,4.03436043993127,63.30142765754529
0.048849128823119356,0.6224331620590131,70.56280249231239
0.13948432855035156,1.2560116169493418,98.40720447082882
0.017151711198798547,3.2293692398046914,98.12758066198101
0.0713868542650905,3.8727529138204755,55.538521583906075
0.022058939980217233,7.210511658855767,66.13864173598657
0.07682329961895089,2.9877939302028738,66.07060628306562
0.09015787062050112,3.888527339911136,69.01651973305461
0.013001043000197443,7.849008296805815,51.51002648376183
0.05231475721610268,6.1896285246534,72.60332494326367
0.2605509052645998,6.792911736442397,65.52127542700664
0.02264817726367356,6.205980196462277,89.43709810255226
0.08108866153177292,4.706902351669568,58.48120961348563
0.035057509554947006,4.469336623080734,65.91379475864098
0.11957895624051222,7.3672085006335095,94.25948038777854
0.06563864990831861,0.37636267460902445,57.337397727780534
0.07560938684812095,5.853156467528464,84.32508378565265
0.2028446716589907,4.655444797870422,79.17146907888542
0.04319729212623445,6.896972236032218,57.588483049040114
0.18761487599705975,2.1063316413052657,80.86432148379292
0.031128535249688782,1.0692723748692716,69.92582129687145
0.040781637893285205,4.545427162183201,81.68774727202162
0.038908943801635724,1.553444788413262,81.57977307714988
0.07895617437520856,6.372145363743392,89.11799230588592
0.033435956709361406,0.6007604952919703,82.33482337640268
0.024922482958571683,1.4599595587367968,53.309514086643574
0.06750606880493742,3.9865369437928035,63.80071933433922
0.033647906214227176,5.699860316880436,82.54695190634479
0.1923634608087399,1.3463216124901969,88.89814056209059
0.1339643043128438,4.213482507032847,70.010745484607
0.1938936351626732,5.975573463265416,92.24658144811029
0.07294482512136537,4.179678696684479,85.66225887814059
0.018722084708579695,4.03436043993127,63.30142765754529
0.048849128823119356,0.6224331620590131,70.56280249231239
0.13948432855035156,1.2560116169493418,98.40720447082882
0.017151711198798547,3.2293692398046914,98.12758066198101
0.0713868542650905,3.8727529138204755,55.538521583906075
0.02504785297543368,7.166177926078657,64.9296695212157
0.0827557202510222,4.372916313176908,70.7027644603847
0.09067538284463215,3.888962236891459,69.38810476963091
0.013001043000197443,7.849008296805815,51.51002648376183
0.05231475721610268,6.1896285246534,72.60332494326367
0.2605509052645998,6.792911736442397,65.52127542700664
0.022234478917782956,6.262078745224475,89.74599428656015
0.07752948596399523,4.750823519392625,58.50516544676438
0.035057509554947006,4.469336623080734,65.91379475864098
0.11957895624051222,7.3672085006335095,94.25948038777854
0.06563864990831861,0.37636267460902445,57.337397727780534
0.08027828438790399,5.539444075313988,85.97144922020959
0.3207162620602796,7.4576097691754555,77.49246839764544
0.04319729212623445,6.896972236032218,57.588483049040114
0.2656351938871438,0.20166099721341446,97.25782154625651
0.07410137115178475,1.1431124029140918,74.98238307862908
0.030309053390463275,4.152197451161544,80.89470923969873
0.01794541010498714,1.615440577224446,78.0723301185095
0.062352030842428116,6.74394424591653,79.65022157344768
0.03321681715118749,0.6228765560984394,81.58770256064528
0.024922482958571683,1.4599595587367968,53.309514086643574
0.06392167509867579,5.531872167647623,57.72374468741872
0.033647906214227176,5.699860316880436,82.54695190634479
0.13996058476249348,2.253646295092254,86.31010345644476
0.14995511005042678,3.764168054808504,66.08823452959727
0.23167771356306716,5.9125104826911405,92.79698833246104
0.073952486325151,4.215462879666208,89.71263804051907
0.024145847727193234,0.4179305955489552,74.48012008523733
0.048849128823119356,0.6224331620590131,70.56280249231239
0.13948432855035156,1.2560116169493418,98.40720447082882
0.017151711198798547,3.2293692398046914,98.12758066198101
0.0713868542650905,3.8727529138204755,55.538521583906075
0.027005711487643892,5.597942589315125,68.92210614858243
0.09589023022028512,4.403817350743646,71.6290135776791
0.03542943331214071,5.270349302389105,58.78852933908958
0.04622188020049596,6.2823089804948395,56.16923353963968
0.04968482641433443,6.429576026139283,70.52379481860042
0.2605509052645998,6.792911736442397,65.52127542700664
0.027123476052698603,6.060579078428767,89.6859865173181
0.07752948596399523,4.750823519392625,58.50516544676438
0.015705510797121354,4.341079486767873,69.2894743799473
0.08501304424564335,6.69651483906666,89.5480957532047
0.06423115452754845,0.99045834620705,58.95004371160168
0.08027828438790399,5.539444075313988,85.97144922020959
0.321044961366354,7.4576037180675385,77.5168493877446
0.020390878048333685,7.976052749112435,51.5114988327111
0.1671384659283024,0.2898712977163376,87.96743627664007
0.12068885434961353,2.5531860821560657,80.24927536867011
0.030309053390463275,4.152197451161544,80.89470923969873
0.01794541010498714,1.615440577224446,78.0723301185095
0.062352030842428116,6.74394424591653,79.65022157344768
0.03321681715118749,0.6228765560984394,81.58770256064528
0.024922482958571683,1.4599595587367968,53.309514086643574
0.08240765715422609,7.4619968520173945,59.81613130357832
0.031615959670424264,5.379572719543306,84.51939918774661
0.1383395235480777,2.2788423890900713,85.80029073439843
0.11810983791792992,2.8920628669536645,66.25148636819594
0.2409361302167981,6.380134126629553,92.23358870764707
0.073952486325151,4.215462879666208,89.71263804051907
0.024145847727193234,0.4179305955489552,74.48012008523733
0.056368077219726184,1.704747231767724,67.40172781373809
0.13948432855035156,1.2560116169493418,98.40720447082882
0.018918313274605678,3.3780935623496586,96.8452343284487
0.08501971137731434,2.4101991610287623,54.54713223198649
0.027005711487643892,5.597942589315125,68.92210614858243
0.13150721148973135,2.7186076421360834,81.1194942936915
0.03680840063269083,5.310012320708014,59.6439821002094
0.04721935007269817,5.989212130503098,56.32325275865279
0.04968482641433443,6.429576026139283,70.52379481860042
0.1745217771850578,4.458010045323009,71.60122907201779
0.027123476052698603,6.060579078428767,89.6859865173181
0.07752948596399523,4.750823519392625,58.50516544676438
0.021175022883003387,4.329283826229251,71.20725190334315
0.08821816477879608,6.7207326208549825,91.27405820751054
0.06423115452754845,0.99045834620705,58.95004371160168
0.07588000230697106,5.215309600057395,83.37630290641356
0.3279978594060133,7.627800255992634,77.42202682641033
0.03190496360874555,7.430380950484308,54.64137674081229
0.1671384659283024,0.2898712977163376,87.96743627664007
0.1418149255455704,1.4774649421444241,90.89279568617235
0.030309053390463275,4.152197451161544,80.89470923969873
0.01794541010498714,1.615440577224446,78.0723301185095
0.14174787802599026,5.353293270896422,84.28033326290742
0.03321681715118749,0.6228765560984394,81.58770256064528
0.024922482958571683,1.4599595587367968,53.309514086643574
0.08240765715422609,7.4619968520173945,59.81613130357832
0.029967175612779538,5.629508506343898,86.41558569532019
0.23254836153144584,3.7628853919147875,89.57552684041542
0.12838908341740085,2.3265569117464944,62.08310184140281
0.20473198071873971,5.274029436932949,88.51921446208863
0.0852901413286911,4.242806376500981,87.67085267286713
0.048178261873765116,2.6464892719379938,78.61272361609112
0.056368077219726184,1.704747231767724,67.40172781373809
0.13948432855035156,1.2560116169493418,98.40720447082882
0.018918313274605678,3.3780935623496586,96.8452343284487
0.0854193800867922,2.345005996771748,53.27720664012504
0.04789209725289506,5.981051327345556,76.54884659449513
0.12731428278816603,2.9087735219689743,80.57652536897326
0.04355287119607612,7.4946621081733715,63.23837289304034
0.04721935007269817,5.989212130503098,56.32325275865279
0.015995263409736157,7.178509297528526,63.11786995349415
0.16258460740531314,3.4419686185779574,65.3216686646193
0.026492578728406893,5.876956628858809,87.72611831432933
0.10101791410614977,6.220156825787243,60.82496464937822
0.021175022883003387,4.329283826229251,71.20725190334315
0.08821816477879608,6.7207326208549825,91.27405820751054
0.06520337938432742,0.6269270573333721,58.176495333975325
0.06832582584903507,3.8561711512333066,77.1916359116891
0.3279978594060133,7.627800255992634,77.42202682641033
0.03358891003092947,7.439674123931363,55.88425069079279
0.16437036279016415,0.3447078009123592,87.74976004047477
0.1418149255455704,1.4774649421444241,90.89279568617235
0.031344971395840956,4.1321135501618835,81.993393054348
0.03254567078893589,3.7968416773272327,67.22506461753754
0.11858980666748375,4.897789096491107,85.6710707425061
0.054199815004612815,2.881568970917519,82.46738833841482
0.024922482958571683,1.4599595587367968,53.309514086643574
0.08240765715422609,7.4619968520173945,59.81613130357832
0.029967175612779538,5.629508506343898,86.41558569532019
0.28746851140245255,3.2159402185673587,91.45720491467607
0.14853585970948735,2.2461986064039805,57.93131052847778
0.20473198071873971,5.274029436932949,88.51921446208863
0.09529461728076502,3.749656095209855,87.68083528099699
0.06018885650444882,2.54925821176306,70.44179216294557
0.056368077219726184,1.704747231767724,67.40172781373809
0.13948432855035156,1.2560116169493418,98.40720447082882
0.018918313274605678,3.3780935623496586,96.8452343284487
0.0854193800867922,2.345005996771748,53.27720664012504
0.04789209725289506,5.981051327345556,76.54884659449513
0.11162046881910183,4.500018441680247,73.32125384083312
0.04355287119607612,7.4946621081733715,63.23837289304034
0.05738155465630237,5.081860639918367,57.18576001316058
0.015995263409736157,7.178509297528526,63.11786995349415
0.0949241416346189,1.7298003684550114,60.37215065855568
0.027008347705735982,5.81300689804852,88.9352056576764
0.10101791410614977,6.220156825787243,60.82496464937822
0.020559832325684736,4.667681123374301,70.24649080704614
0.08821816477879608,6.7207326208549825,91.27405820751054
0.06408259830304633,0.6935458531878917,59.11284899498694
0.06832582584903507,3.8561711512333066,77.1916359116891
0.3279978594060133,7.627800255992634,77.42202682641033
0.03358891003092947,7.439674123931363,55.88425069079279
0.16437036279016415,0.3447078009123592,87.74976004047477
0.1418149255455704,1.4774649421444241,90.89279568617235
0.029489103642516973,4.2242720826004,79.97202856934643
0.03197036078481427,3.7149595749559987,66.87553275354367
0.11304310607957571,4.635662770385973,88.25397146709703
0.022858541689907586,1.9981887960227604,87.45952064655359
0.024922482958571683,1.4599595587367968,53.309514086643574
0.08240765715422609,7.4619968520173945,59.81613130357832
0.029967175612779538,5.629508506343898,86.41558569532019
0.32284633522995554,3.4628753162226773,99.99424189483508
0.14853585970948735,2.2461986064039805,57.93131052847778
0.1395411591662616,5.570026952578047,75.19405326383743
0.10425242290214598,4.220232110530771,92.34747923604549
0.01912058222809032,0.9918714636305963,50.02517956262813
0.08933847995112754,3.236971673643698,70.49066118366025
0.13948432855035156,1.2560116169493418,98.40720447082882
0.018918313274605678,3.3780935623496586,96.8452343284487
0.0854193800867922,2.345005996771748,53.27720664012504
0.03047727029435572,6.627309100934653,79.7703196502535
0.11074082321151413,4.6427304780703365,72.2844937206537
0.04355287119607612,7.4946621081733715,63.23837289304034
0.05738155465630237,5.081860639918367,57.18576001316058
0.012618254497825582,7.597221589956378,55.201343537140644
0.08656178165079663,0.18971940609300564,54.07403430262121
0.027008347705735982,5.81300689804852,88.9352056576764
0.05837292218368478,5.9556887793635145,57.70670862221629
0.020559832325684736,4.667681123374301,70.24649080704614
0.08644562437486067,6.465481040717038,90.01922022225585
0.06699215215971327,0.41978835056087505,58.40950509205987
0.06832582584903507,3.8561711512333066,77.1916359116891
0.3516067967245565,7.952182501616906,77.98031344943672
0.03358891003092947,7.439674123931363,55.88425069079279
0.16437036279016415,0.3447078009123592,87.74976004047477
0.1418149255455704,1.4774649421444241,90.89279568617235
0.028914563004538145,4.178280824619858,80.88911632382606
0.03197036078481427,3.7149595749559987,66.87553275354367
0.11304310607957571,4.635662770385973,88.25397146709703
0.010007177199554823,1.9269449576637938,94.48131555335232
0.024922482958571683,1.4599595587367968,53.309514086643574
0.08240765715422609,7.4619968520173945,59.81613130357832
0.06020412079245105,4.422015596411621,89.72639053095412
0.2241357939898868,3.3673792961832354,87.52222283987622
0.24677862971305306,3.198393551196561,63.93307648078343
0.1395411591662616,5.570026952578047,75.19405326383743
0.10425242290214598,4.220232110530771,92.34747923604549
0.01912058222809032,0.9918714636305963,50.02517956262813
0.10676657582317553,4.046902771181575,72.12346583430225
0.13948432855035156,1.2560116169493418,98.40720447082882
0.018918313274605678,3.3780935623496586,96.8452343284487
0.0854193800867922,2.345005996771748,53.27720664012504
0.03192375690722632,7.972905518039827,86.66080864646835
0.11074082321151413,4.6427304780703365,72.2844937206537
0.04355287119607612,7.4946621081733715,63.23837289304034
0.0687030440562429,3.5621978651465125,52.43411369131623
0.012618254497825582,7.597221589956378,55.201343537140644
0.08594628789212128,0.2036865801391361,54.39890606694082
0.027008347705735982,5.81300689804852,88.9352056576764
0.06731828285294761,6.714862504698855,54.60025097484301
0.019767282376199097,4.960042062111291,68.74502208543544
0.09173701296236583,6.373345972564493,90.90369280385742
0.0838755965544555,2.1418526195068597,73.78754416458997
0.05014762120453829,2.797994785203752,67.15535996550494
0.3516067967245565,7.952182501616906,77.98031344943672
0.0523172163594258,7.2989728854633,56.49413598252005
0.16336715461249846,0.36710565934186445,87.57574861339633
0.1385346601914031,1.6422032251923295,91.34989127796655
0.028914563004538145,4.178280824619858,80.88911632382606
0.0343770580175632,3.777075078267853,61.34935015344046
0.11304310607957571,4.635662770385973,88.25397146709703
0.010007177199554823,1.9269449576637938,94.48131555335232
0.03296345239222709,1.9038853692546942,57.73395236299164
0.08240765715422609,7.4619968520173945,59.81613130357832
0.06479686611980354,4.5381443179338055,88.93447101786325
0.2767069316650943,3.202458243872077,91.0078195199068
0.21083408401383372,3.58002301147823,66.1397270167752
0.10928726291373018,4.529330258436208,70.23770641418264
0.09694400182305193,3.982764277437608,88.79896075399478
0.01912058222809032,0.9918714636305963,50.02517956262813
0.07464724553591602,5.6100115270343585,68.08241788776486
0.13948432855035156,1.2560116169493418,98.40720447082882
0.018918313274605678,3.3780935623496586,96.8452343284487
0.0854193800867922,2.345005996771748,53.27720664012504
0.04784857304494154,7.137543183944749,83.56759924083829
0.11074082321151413,4.6427304780703365,72.2844937206537
0.04138859779695836,7.228565930991195,63.89802833330904
0.0687030440562429,3.5621978651465125,52.43411369131623
0.012618254497825582,7.597221589956378,55.201343537140644
0.08594628789212128,0.2036865801391361,54.39890606694082
0.04037176323586557,5.279298494170756,88.80197635045242
0.061781012043183335,6.51051525825408,56.247396721435216
0.019767282376199097,4.960042062111291,68.74502208543544
0.0927725020271586,6.419597302462803,92.28646063390228
0.0838755965544555,2.1418526195068597,73.78754416458997
0.05014762120453829,2.797994785203752,67.15535996550494
0.3516067967245565,7.952182501616906,77.98031344943672
0.05226985931944503,7.301317507721329,56.46712703867328
0.16336715461249846,0.36710565934186445,87.57574861339633
0.1385346601914031,1.6422032251923295,91.34989127796655
0.03180929503051008,4.886131823329889,76.94615421246947
0.0343770580175632,3.777075078267853,61.34935015344046
0.12107157195812968,3.8949807326895693,95.70652194118728
0.010007177199554823,1.9269449576637938,94.48131555335232
0.03296345239222709,1.9038853692546942,57.73395236299164
0.07064387728682936,6.851166901582559,67.92784414270895
0.07591284918867136,2.8332603124365647,92.45447480483338
0.21807628890833813,3.0977882900964486,84.83510901791405
0.24761875803154615,3.4509533493354083,54.02325558415623
0.07827477021113183,3.3126345319723267,63.285683375091885
0.12118382398526407,4.170614085277867,86.2992680996689
0.01912058222809032,0.9918714636305963,50.02517956262813
0.07464724553591602,5.6100115270343585,68.08241788776486
0.13948432855035156,1.2560116169493418,98.40720447082882
0.014544496906768817,2.665832245062745,95.68496177243856
0.07415470908916373,2.6610532766554877,55.05867028121507
0.04784857304494154,7.137543183944749,83.56759924083829
0.11074082321151413,4.6427304780703365,72.2844937206537
0.04189950064777194,7.210576195626834,63.706352671279255
0.09005741712268522,2.9750672200846173,64.33448316218124
0.012618254497825582,7.597221589956378,55.201343537140644
0.08594628789212128,0.2036865801391361,54.39890606694082
0.04268321472496054,5.672117549170666,82.52026244712275
0.061781012043183335,6.51051525825408,56.247396721435216
0.01904916153850273,5.12635469689395,69.34423220499363
0.0927725020271586,6.419597302462803,92.28646063390228
0.12773654233438442,2.2694586165771713,61.50017707603818
0.05014762120453829,2.797994785203752,67.15535996550494
0.3516067967245565,7.952182501616906,77.98031344943672
0.05226985931944503,7.301317507721329,56.46712703867328
0.13741905843987479,1.8709981356678815,83.77099247325614
0.09364233286939136,1.3970414882516822,75.81283410922421
0.03180929503051008,4.886131823329889,76.94615421246947
0.04855267283610776,6.364958032177739,71.87124804453867
0.12107157195812968,3.8949807326895693,95.70652194118728
0.010007177199554823,1.9269449576637938,94.48131555335232
0.03296345239222709,1.9038853692546942,57.73395236299164
0.08294073410367259,5.809533545974833,69.36619990625468
0.07591284918867136,2.8332603124365647,92.45447480483338
0.18606732332774792,3.4051053590511655,83.47943522097752
0.24761875803154615,3.4509533493354083,54.02325558415623
0.09359586819627835,3.1505363550401984,63.96149880005069
0.11269226741671545,4.4962019081869355,83.87950828672383
0.019110412022155916,0.9900148032379223,50.01763069298523
0.08303342374230194,5.023065489579842,75.79645452741157
0.14201109367069406,1.16196677639728,97.26125361928919
0.014544496906768817,2.665832245062745,95.68496177243856
0.07186800483392816,2.78318804637296,50.652961876730586
0.04784857304494154,7.137543183944749,83.56759924083829
0.10042343221153041,4.328621653903242,71.41114032967442
0.04189950064777194,7.210576195626834,63.706352671279255
0.09005741712268522,2.9750672200846173,64.33448316218124
0.012618254497825582,7.597221589956378,55.201343537140644
0.08594628789212128,0.2036865801391361,54.39890606694082
0.04268321472496054,5.672117549170666,82.52026244712275
0.061781012043183335,6.51051525825408,56.247396721435216
0.01904916153850273,5.12635469689395,69.34423220499363
0.09731833863739356,5.934198989255454,92.74574663958317
0.12773654233438442,2.2694586165771713,61.50017707603818
0.03543349853071685,1.4467308506315728,66.16336600017344
0.3516067967245565,7.952182501616906,77.98031344943672
0.04647139463066123,7.334905546562805,59.895488984309736
0.10144673208302205,1.8867936589728842,86.79484891014415
0.09364233286939136,1.3970414882516822,75.81283410922421
0.027715204299092067,2.820098667071436,86.27981326843381
0.0458621215927962,6.40841491770238,72.06724514744522
0.12391366291500741,3.863422703379018,96.30384785874958
0.010007177199554823,1.9269449576637938,94.48131555335232
0.021354904826755006,2.000850264694817,54.27526035959076
0.027896409125113264,7.092908934460356,61.833191038148684
0.07820179929898102,2.7484156000278057,91.9471253598014
0.18606732332774792,3.4051053590511655,83.47943522097752
0.24844040496635253,3.4364564927773866,54.01913656168204
0.08848334978573072,3.0303216555766266,58.507577875491855
0.10614101005573057,5.1089723390670265,87.65765830336377
0.019110412022155916,0.9900148032379223,50.01763069298523
0.055517761616358796,4.722973961013125,75.57271557830458
0.14121202083272616,1.176245060374295,97.05507707941734
0.03914475744530685,2.716195235611207,76.35957555543474
0.07225651498188257,2.712003052282939,50.75633650881831
0.03959121148908845,7.473898324064965,83.52787994678248
0.10891279558534513,4.7050710030099125,72.09663515423775
0.036773154729608334,7.391083323952847,65.62960627241495
0.09005741712268522,2.9750672200846173,64.33448316218124
0.012618254497825582,7.597221589956378,55.201343537140644
0.08594628789212128,0.2036865801391361,54.39890606694082
0.04268321472496054,5.672117549170666,82.52026244712275
0.061781012043183335,6.51051525825408,56.247396721435216
0.01904916153850273,5.12635469689395,69.34423220499363
0.09731833863739356,5.934198989255454,92.74574663958317
0.12773654233438442,2.2694586165771713,61.50017707603818
0.038169494397383874,1.471117692866237,66.02514232849194
0.3516067967245565,7.952182501616906,77.98031344943672
0.04647139463066123,7.334905546562805,59.895488984309736
0.1331855894643339,1.464266788743907,92.11095092241693
0.06506035529891468,1.5781338644893117,82.19271244671822
0.01721962466303667,2.877879202847961,88.8800248844592
0.0458621215927962,6.40841491770238,72.06724514744522
0.08347535440496637,5.500464206395978,82.06920004213781
0.010007177199554823,1.9269449576637938,94.48131555335232
0.021354904826755006,2.000850264694817,54.27526035959076
0.027896409125113264,7.092908934460356,61.833191038148684
0.06196011751135674,0.041729042583594556,91.26860544228803
0.22937358254421528,4.789844049545143,96.05790015811321
0.24844040496635253,3.4364564927773866,54.01913656168204
0.08848334978573072,3.0303216555766266,58.507577875491855
0.10368551774142122,4.827344326306675,87.85834806847208
0.019110412022155916,0.9900148032379223,50.01763069298523
0.05877445809227081,4.239284834778662,73.30653054547184
0.14121202083272616,1.176245060374295,97.05507707941734
0.03914475744530685,2.716195235611207,76.35957555543474
0.07225651498188257,2.712003052282939,50.75633650881831
0.03959121148908845,7.473898324064965,83.52787994678248
0.14696162029225485,4.149503777001661,66.10827221240955
0.026497167337394177,7.807080393695676,62.012366410371996
0.1205270763682375,2.814726467145352,52.40918394515429
0.011882527045454856,5.999498618033359,66.26932446586308
0.09409226954124164,0.6063580001789259,55.78312408852425
0.04268321472496054,5.672117549170666,82.52026244712275
0.061781012043183335,6.51051525825408,56.247396721435216
0.01904916153850273,5.12635469689395,69.34423220499363
0.09133343376322159,6.149358638631355,95.95711271411446
0.11707450584102733,2.9704590221285248,65.87049205655902
0.03595391926084111,2.002318665172292,65.08659924489488
0.3516067967245565,7.952182501616906,77.98031344943672
0.04647139463066123,7.334905546562805,59.895488984309736
0.1331855894643339,1.464266788743907,92.11095092241693
0.07185461204117269,1.9578234430746266,77.338806192589
0.027923619845099407,2.9652210708384827,85.87532088693706
0.042534961460044186,5.405405342362853,50.850457358364956
0.08347535440496637,5.500464206395978,82.06920004213781
0.010007177199554823,1.9269449576637938,94.48131555335232
0.021354904826755006,2.000850264694817,54.27526035959076
0.04201937702204297,6.626727539040736,67.9636021800012
0.052941033741817634,1.4227798591325422,84.67595497079643
0.2841018064575055,6.682002635481416,98.30360167063137
0.16775716638406496,2.9256540326043208,67.7111025335438
0.08696057132450485,3.0837756993008423,52.8705344924932
0.10368551774142122,4.827344326306675,87.85834806847208
0.019110412022155916,0.9900148032379223,50.01763069298523
0.058650132454371465,4.179257695193544,73.54884292655501
0.1281153950391044,2.0557622883223985,90.32668564515697
0.05301764689976768,3.169981925181193,78.83121052229093
0.07225651498188257,2.712003052282939,50.75633650881831
0.04925002812535144,7.429737173597996,93.67140337321968
0.14696162029225485,4.149503777001661,66.10827221240955
0.03052023187534949,5.337635149668319,63.32019780936664
0.1205270763682375,2.814726467145352,52.40918394515429
0.01243869568027579,5.931738044629848,66.50795352405372
0.09409226954124164,0.6063580001789259,55.78312408852425
0.042984140876785454,5.8362266244849135,83.29987529183005
0.0622967865795458,6.522574719106253,56.111482266294146
0.01639768877838242,5.449395773540401,68.20659443121058
0.09133343376322159,6.149358638631355,95.95711271411446
0.10365179432118642,2.92116897803026,68.386820068735
0.03763791084358831,2.920677869932965,69.4493356183442
0.27916123076447064,7.455486558656035,79.2290184975909
0.04647139463066123,7.334905546562805,59.895488984309736
0.11897391073835073,3.0844315782854306,90.06225673356442
0.07307724098026658,2.330547919915737,77.83649525863262
0.012515178868339014,2.5865027827538922,85.47201318041935
0.042534961460044186,5.405405342362853,50.850457358364956
0.08347535440496637,5.500464206395978,82.06920004213781
0.017318779119330968,2.004611609885127,94.18479937909386
0.019759817658681712,2.0776253829678186,50.97860050826755
0.05185616681195007,6.147533839925751,67.6892773654894
0.039231210907512123,1.1404236114653898,91.22126665063325
0.2841018064575055,6.682002635481416,98.30360167063137
0.20675590798565557,1.8415455387950797,67.7184463363799
0.08337165618508219,2.973026804154899,52.719630946464
0.10040886196251739,5.677804572626218,88.52134611323706
0.019110412022155916,0.9900148032379223,50.01763069298523
0.07841803660865078,5.094570140494487,65.04214117640527
0.114391074522994,2.0487032142121713,85.69218729564972
0.06727600595922707,3.3753880527776214,76.49340363434689
0.07225651498188257,2.712003052282939,50.75633650881831
0.047466725269489474,7.545201575892068,94.7037558002524
0.13564575295610587,3.4196302085130212,72.91224125162353
0.03052023187534949,5.337635149668319,63.32019780936664
0.12253011226541595,2.93080890754886,52.595985611688576
0.01243869568027579,5.931738044629848,66.50795352405372
0.08731246580728866,0.039971989633431626,56.64844730165979
0.05023980585026244,5.563891133014749,84.13584633177675
0.062274747279304474,6.531006910192557,56.12333235501317
0.01603929059914295,6.789768500558252,58.09842052109981
0.09133343376322159,6.149358638631355,95.95711271411446
0.10413027907291598,2.9161586701489957,68.38371828522683
0.036915571377440205,2.925032004368245,69.83937708112362
0.27916123076447064,7.455486558656035,79.2290184975909
0.04647139463066123,7.334905546562805,59.895488984309736
0.11723172676534874,3.049403794689158,91.85440913754732
0.08062860237075167,2.298633424247296,76.88443792735524
0.012515178868339014,2.5865027827538922,85.47201318041935
0.05018470749336667,5.094463554573139,53.0454127381266
0.08347535440496637,5.500464206395978,82.06920004213781
0.017318779119330968,2.004611609885127,94.18479937909386
0.019759817658681712,2.0776253829678186,50.97860050826755
0.05023954774815427,6.088031503903285,69.48392945397087
0.09490696742097122,1.3734369784082143,83.41025535487445
0.20786913650254552,6.111503336487185,93.50003429447204
0.20675590798565557,1.8415455387950797,67.7184463363799
0.09649365339035339,1.4219114934085182,50.167844450881475
0.0944337523110951,5.262591613985548,86.35225223297417
0.019110412022155916,0.9900148032379223,50.01763069298523
0.07564803645063276,5.421848348280697,61.867138408911686
0.0958932971882179,3.02985113803423,85.07246519721568
0.09082219627814778,3.724663989476026,81.65396795984364
0.12268536960898513,3.868131559379431,57.695978920663066
0.047466725269489474,7.545201575892068,94.7037558002524
0.1428796941549173,3.5650734744291395,65.47081984571898
0.03884302433378067,6.6093394710377735,53.0805744192565
0.12253011226541595,2.93080890754886,52.595985611688576
0.01243869568027579,5.931738044629848,66.50795352405372
0.09026547683004757,2.205655579269275,68.96583733127966
0.030554084505703863,5.28342550471164,78.47292076980388
0.062274747279304474,6.531006910192557,56.12333235501317
0.01603929059914295,6.789768500558252,58.09842052109981
0.09133343376322159,6.149358638631355,95.95711271411446
0.12322977009792033,1.1132723234075783,61.70647513544641
0.036915571377440205,2.925032004368245,69.83937708112362
0.19972109885317238,5.808548725579954,70.57749688577175
0.07551286506085413,6.38079771147883,58.889717520656596
0.12326386534495157,2.7052565049373465,96.2043687320469
0.0811655719649882,2.1748089818028014,77.49183524958195
0.012515178868339014,2.5865027827538922,85.47201318041935
0.05018470749336667,5.094463554573139,53.0454127381266
0.07474491198824565,5.689974843657458,78.6569366036115
0.05350226493632307,2.2439032611173584,94.87454405383401
0.019759817658681712,2.0776253829678186,50.97860050826755
0.06222119384128791,5.762954356081936,69.34877812623569
0.09490696742097122,1.3734369784082143,83.41025535487445
0.2350334692268291,6.205873591296028,95.11376897480581
0.22496679219010812,1.6531570422024175,61.50523346246692
0.09649365339035339,1.4219114934085182,50.167844450881475
0.0744582540359153,4.610038650891646,86.13760965636311
0.019110412022155916,0.9900148032379223,50.01763069298523
0.07564803645063276,5.421848348280697,61.867138408911686
0.082477908265572,3.006008417323439,81.60746550858805
0.07773379671013152,4.878029904602434,85.59351315585823
0.12267140297423235,3.7838119206256784,57.23719389864376
0.047466725269489474,7.545201575892068,94.7037558002524
0.19630685010867574,2.4123179527775256,54.70635003469986
0.03884302433378067,6.6093394710377735,53.0805744192565
0.109002319788508,2.796191975459986,60.88156291067986
0.01243869568027579,5.931738044629848,66.50795352405372
0.1038461246803272,0.10706528895481693,75.19681238614416
0.030554084505703863,5.28342550471164,78.47292076980388
0.062274747279304474,6.531006910192557,56.12333235501317
0.030651250974506244,6.464884367626757,61.65803517519862
0.09133343376322159,6.149358638631355,95.95711271411446
0.12086352488896653,0.9904402903613869,63.35329879523446
0.036915571377440205,2.925032004368245,69.83937708112362
0.2047992193555181,6.02434281372356,71.58151935296239
0.07551286506085413,6.38079771147883,58.889717520656596
0.12326386534495157,2.7052565049373465,96.2043687320469
0.0811655719649882,2.1748089818028014,77.49183524958195
0.012515178868339014,2.5865027827538922,85.47201318041935
0.05018470749336667,5.094463554573139,53.0454127381266
0.07518814886245219,7.35979610112744,67.09015426281786
0.05350226493632307,2.2439032611173584,94.87454405383401
0.019759817658681712,2.0776253829678186,50.97860050826755
0.08119187048995473,5.698635752209232,70.43133458552117
0.09369313714970967,1.6333085150860596,83.12408799418596
0.2350334692268291,6.205873591296028,95.11376897480581
0.18854583813610293,2.450892264314723,67.46393942435401
0.09649365339035339,1.4219114934085182,50.167844450881475
0.07426912495100513,3.8975262568039453,91.07315335043323
0.019110412022155916,0.9900148032379223,50.01763069298523
0.09875071749849701,6.911119726167449,57.11195210890426
0.082477908265572,3.006008417323439,81.60746550858805
0.07738151871179819,4.874851850268834,85.632360208241
0.1266185287646865,4.076731707678004,53.71114344628022
0.05787278322283446,7.113168712035567,81.41554713220825
0.15719163077355905,3.7405662130967086,62.253163664002805
0.03884302433378067,6.6093394710377735,53.0805744192565
0.10499707626781127,2.3561508214990274,57.451057205450795
0.020091564841380666,5.781022759062411,66.63154145822492
0.1038461246803272,0.10706528895481693,75.19681238614416
0.010434056649108792,5.118449063036375,81.66810268572137
0.059766788482600655,6.641359448712343,54.226432934436474
0.030651250974506244,6.464884367626757,61.65803517519862
0.09133343376322159,6.149358638631355,95.95711271411446
0.09306477499440297,2.8948223893379224,59.871621729981015
0.022772170402316272,2.0870177483163515,63.05128230075626
0.3269036917821707,5.687689054154288,83.56828915037855
0.07551286506085413,6.38079771147883,58.889717520656596
0.12456496876408549,2.6126843322411575,97.00141633972689
0.08317160666954371,2.219588489021087,76.29482822220922
0.012521056056378314,2.58656778228199,85.47227245658866
0.05654647598556378,5.009755315610442,53.10082308622873
0.05919732545667533,6.9958754127932785,66.9417885205179
0.06214521409090663,3.1353926340508464,87.66147612235393
0.016685865501864343,1.772821774647007,50.76978194076467
0.08119187048995473,5.698635752209232,70.43133458552117
0.07713979630859025,2.950149401441402,71.68026969286726
0.2350334692268291,6.205873591296028,95.11376897480581
0.20998582813993721,2.041253070313678,69.69818734200763
0.09649365339035339,1.4219114934085182,50.167844450881475
0.07505552684839663,3.6379984795704616,85.76059799159495
0.021136508492101004,1.9511766341600136,52.06120677333097
0.09875071749849701,6.911119726167449,57.11195210890426
0.09483751989536192,3.1275235656875378,78.40575575387427
0.0810644277225045,4.445273442211551,89.41782783488839
0.1266185287646865,4.076731707678004,53.71114344628022
0.05787278322283446,7.113168712035567,81.41554713220825
0.15719163077355905,3.7405662130967086,62.253163664002805
0.03884302433378067,6.6093394710377735,53.0805744192565
0.10499707626781127,2.3561508214990274,57.451057205450795
0.020091564841380666,5.781022759062411,66.63154145822492
0.1038461246803272,0.10706528895481693,75.19681238614416
0.010434056649108792,5.118449063036375,81.66810268572137
0.059766788482600655,6.641359448712343,54.226432934436474
0.030651250974506244,6.464884367626757,61.65803517519862
0.09105795664485503,6.121066913955889,97.39981779159692
0.11227713478833476,3.1468743662323497,61.957818291971904
0.022772170402316272,2.0870177483163515,63.05128230075626
0.3269036917821707,5.687689054154288,83.56828915037855
0.07941397164232127,5.458756873058033,57.26799788358361
0.1245019280801029,2.6050605508347227,96.93507204263935
0.07784569298280548,2.7637905941882583,76.57768548478259
0.013452117211068794,2.9794387271225893,83.15513984942481
0.05654647598556378,5.009755315610442,53.10082308622873
0.07106760619846648,5.164423916477597,69.13646010226252
0.05519538927569842,2.2003529014618195,99.89335491591503
0.016685865501864343,1.772821774647007,50.76978194076467
0.09061744292772021,5.685926409878087,71.01750555454791
0.0758051100805746,1.47787776336554,80.13865916396873
0.1852320872885454,4.964859109614518,81.66263286003341
0.22915246607378614,1.5684711853666968,70.55749003728275
0.10215238920260683,1.3970303555162278,50.12516434006949
0.06447392983219602,2.2454740650782474,95.78542155099609
0.021136508492101004,1.9511766341600136,52.06120677333097
0.09096532892939135,6.939864888282563,61.095040893554
0.0855331006847353,3.45783266204451,76.94009482809767
0.0810644277225045,4.445273442211551,89.41782783488839
0.12450595327998606,4.032457481083103,53.65461931574644
0.05617828423432501,7.068305393260502,78.89246825971881
0.13845059112737906,3.666622180432258,66.09427453923058
0.03884302433378067,6.6093394710377735,53.0805744192565
0.11500843600241605,1.3898205913161945,53.0540274892184
0.018862651380732967,4.334702443708622,60.907979911147194
0.1038461246803272,0.10706528895481693,75.19681238614416
0.010434056649108792,5.118449063036375,81.66810268572137
0.059766788482600655,6.641359448712343,54.226432934436474
0.03302921755612176,7.592970195405264,64.05651703336143
0.09105795664485503,6.121066913955889,97.39981779159692
0.14169732683132805,3.4951595789819927,64.92009943601548
0.022772170402316272,2.0870177483163515,63.05128230075626
0.3269036917821707,5.687689054154288,83.56828915037855
0.07687698325401396,6.014466367245939,55.406303822550335
0.11759062757504019,3.042488955031609,90.85471064839093
0.07784569298280548,2.7637905941882583,76.57768548478259
0.013452117211068794,2.9794387271225893,83.15513984942481
0.08511645912239003,4.388146590594573,57.533007602010706
0.07106760619846648,5.164423916477597,69.13646010226252
0.05519538927569842,2.2003529014618195,99.89335491591503
0.016685865501864343,1.772821774647007,50.76978194076467
0.10104323910389709,6.051599575534837,69.37759151227421
0.06396918106804114,2.0564887504574187,82.22458039356877
0.20503378584645038,5.065890369347641,81.9289899155017
0.3470059543218705,1.4551195823034018,81.53357012390369
0.10215238920260683,1.3970303555162278,50.12516434006949
0.06447392983219602,2.2454740650782474,95.78542155099609
0.021136508492101004,1.9511766341600136,52.06120677333097
0.09096532892939135,6.939864888282563,61.095040893554
0.0855331006847353,3.45783266204451,76.94009482809767
0.0810644277225045,4.445273442211551,89.41782783488839
0.09808554257386934,5.0971647829533975,53.88797961164188
0.05473287811277372,7.136291198523448,79.75488785933472
0.1894905023510461,2.1172381470930093,73.7250023971115
0.04261438706855021,7.432561561225048,53.47389364882381
0.11500843600241605,1.3898205913161945,53.0540274892184
0.030767750261022287,3.6353430279936454,73.6822647904938
0.1038461246803272,0.10706528895481693,75.19681238614416
0.010434056649108792,5.118449063036375,81.66810268572137
0.07218208996997569,6.043063448518509,55.9035276826891
0.03519973461571771,7.428732937547998,63.76521038630876
0.09105795664485503,6.121066913955889,97.39981779159692
0.12854829327381015,3.326764209463388,63.517637065045115
0.018590922034961464,3.114335820507592,69.36031392398449
0.3269036917821707,5.687689054154288,83.56828915037855
0.07687698325401396,6.014466367245939,55.406303822550335
0.11759062757504019,3.042488955031609,90.85471064839093
0.07767952137996467,2.7553206356145936,76.64530720296584
0.013452117211068794,2.9794387271225893,83.15513984942481
0.08511645912239003,4.388146590594573,57.533007602010706
0.07106760619846648,5.164423916477597,69.13646010226252
0.05519538927569842,2.2003529014618195,99.89335491591503
0.016685865501864343,1.772821774647007,50.76978194076467
0.11096623182682272,7.08799436994131,76.75722004259218
0.06396918106804114,2.0564887504574187,82.22458039356877
0.17937167110689284,4.0180108043373854,73.6980571819168
0.4976617177669366,0.1643703870137485,93.95796456324734
0.10215238920260683,1.3970303555162278,50.12516434006949
0.06682156053234631,1.0667684404685556,99.6488414483878
0.021136508492101004,1.9511766341600136,52.06120677333097
0.09432378736940693,5.158323287358563,64.77184894208
0.10641146148979669,3.5964001551462363,75.13989807547742
0.0810644277225045,4.445273442211551,89.41782783488839
0.0962260400707919,6.788993823400489,55.60846849525612
0.05473287811277372,7.136291198523448,79.75488785933472
0.1894905023510461,2.1172381470930093,73.7250023971115
0.059944566684883564,6.086132824408658,69.67452243796663
0.11500843600241605,1.3898205913161945,53.0540274892184
0.030767750261022287,3.6353430279936454,73.6822647904938
0.1038461246803272,0.10706528895481693,75.19681238614416
0.010434056649108792,5.118449063036375,81.66810268572137
0.07218208996997569,6.043063448518509,55.9035276826891
0.020233544893101307,7.515699966778666,62.7265455633746
0.09105795664485503,6.121066913955889,97.39981779159692
0.11133998654514654,4.214864733938544,67.30296552914433
0.018590922034961464,3.114335820507592,69.36031392398449
0.3371128664085754,5.674345973037319,84.71820880388495
0.07872164175834293,5.797394540296695,55.469830381428544
0.10315133484580964,3.0529679551117193,87.71971257290402
0.052858700522184894,5.267372765215577,78.01930404730426
0.013452117211068794,2.9794387271225893,83.15513984942481
0.09668624056433808,3.683394429123722,56.08849727348163
0.07106760619846648,5.164423916477597,69.13646010226252
0.05519538927569842,2.2003529014618195,99.89335491591503
0.016685865501864343,1.772821774647007,50.76978194076467
0.11096623182682272,7.08799436994131,76.75722004259218
0.06396918106804114,2.0564887504574187,82.22458039356877
0.17117063236288865,4.17775576054036,72.23445569057648
0.4976617177669366,0.1643703870137485,93.95796456324734
0.09415239373448546,2.5534214510853452,65.03135288681771
0.06682156053234631,1.0667684404685556,99.6488414483878
0.021136508492101004,1.9511766341600136,52.06120677333097
0.08641982248100502,4.241868224406421,59.0796591561797
0.10742108196797405,3.6330316950470887,74.97136706633637
0.0810644277225045,4.445273442211551,89.41782783488839
0.0962260400707919,6.788993823400489,55.60846849525612
0.03789825447707772,5.441093597108692,81.14153774827436
0.1901498882439637,2.0430740702030667,73.7786515480967
0.06200204668554582,7.769564246232464,56.58285663780236
0.10969178649276055,1.9202183889787814,54.174619490769
0.030767750261022287,3.6353430279936454,73.6822647904938
0.1038461246803272,0.10706528895481693,75.19681238614416
0.010434056649108792,5.118449063036375,81.66810268572137
0.04573936428417012,4.008387571438575,53.4574111820543
0.020233544893101307,7.515699966778666,62.7265455633746
0.08309125912237632,5.645958696968117,92.23403519392028
0.1682288862548727,4.393921855425592,79.30983871921342
0.018590922034961464,3.114335820507592,69.36031392398449
0.3371128664085754,5.674345973037319,84.71820880388495
0.08632062021634963,4.901052550811409,54.963965107266404
0.10315133484580964,3.0529679551117193,87.71971257290402
0.049520089973074,5.36938843329448,79.90339178154358
0.013452117211068794,2.9794387271225893,83.15513984942481
0.10365119365729875,2.8628482977795553,55.989224682756515
0.059086689104171676,4.390773320120729,75.57874290565066
0.05729642790707771,2.2757398022368207,98.67375996923332
0.020496461345668387,2.43179052055062,56.225767430393546
0.1110601167282353,7.468690289591745,78.42081844872385
0.03206946865730177,3.6159374482638773,87.84647008767183
0.14264833796734175,4.420891659588154,66.42898785019523
0.3949816800738909,0.549385343696412,84.93019313509637
0.09415239373448546,2.5534214510853452,65.03135288681771
0.06682156053234631,1.0667684404685556,99.6488414483878
0.021136508492101004,1.9511766341600136,52.06120677333097
0.1036143566052719,4.53935444780108,53.40637297009634
0.10629591485816495,4.481755593817072,85.27645789061727
0.07979485281452187,4.49349363368637,96.60993587650316
0.08999484992409157,5.918472543300224,71.15743252089516
0.03789825447707772,5.441093597108692,81.14153774827436
0.23295389005161726,0.86486181489121,81.53507599105384
0.06200204668554582,7.769564246232464,56.58285663780236
0.08030772182575763,3.7581484621060146,56.983643502994035
0.029140522936608373,2.6953545123656633,65.56643337928527
0.1038461246803272,0.10706528895481693,75.19681238614416
0.010434056649108792,5.118449063036375,81.66810268572137
0.04573936428417012,4.008387571438575,53.4574111820543
0.021097785104529795,7.467494562170246,62.656744223866866
0.07980274959634832,5.431646396830434,93.85815926404862
0.1682288862548727,4.393921855425592,79.30983871921342
0.018590922034961464,3.114335820507592,69.36031392398449
0.3314632315451238,6.174687252068846,84.69751313047709
0.08792779849393902,4.88312814283661,54.09510986927202
0.10689980967451285,3.2610521589024475,97.17046284849332
0.034109096182478045,5.565513905649018,90.34729971106417
0.017373441879844076,2.9416625283126643,83.12619795847509
0.10365119365729875,2.8628482977795553,55.989224682756515
0.026037546462377742,4.280494045275147,92.03542832912701
0.05729642790707771,2.2757398022368207,98.67375996923332
0.020496461345668387,2.43179052055062,56.225767430393546
0.1110601167282353,7.468690289591745,78.42081844872385
0.04433233427323244,3.686004715035763,87.07763921918543
0.18459291871931088,4.734416656853604,57.61964865593177
0.3949816800738909,0.549385343696412,84.93019313509637
0.10945692581865878,2.6687294509866275,51.061259117120315
0.06682156053234631,1.0667684404685556,99.6488414483878
0.021299333027948637,1.8289110582416686,51.00176504349129
0.10104703785118309,4.574582523635485,54.48989750026185
0.10629591485816495,4.481755593817072,85.27645789061727
0.07979485281452187,4.49349363368637,96.60993587650316
0.08975915421866236,5.892215115261394,71.35577482026919
0.03789825447707772,5.441093597108692,81.14153774827436
0.08543589064379314,1.152086974751127,78.44399582032813
0.06200204668554582,7.769564246232464,56.58285663780236
0.08030772182575763,3.7581484621060146,56.983643502994035
0.028745286144987003,2.721018795741588,65.59689395207883
0.1038461246803272,0.10706528895481693,75.19681238614416
0.010321282058778435,5.112651310816592,81.72296187927131
0.04573936428417012,4.008387571438575,53.4574111820543
0.021097785104529795,7.467494562170246,62.656744223866866
0.06966050116663636,5.433932926042028,90.78032395706049
0.1682288862548727,4.393921855425592,79.30983871921342
0.018817268763105265,3.146438220338801,66.80104197354066
0.31188170352486216,6.2562528479103765,83.30692039896466
0.08792779849393902,4.88312814283661,54.09510986927202
0.10689980967451285,3.2610521589024475,97.17046284849332
0.034109096182478045,5.565513905649018,90.34729971106417
0.017769610982512212,2.9526008625694695,83.18426558661271
0.10365119365729875,2.8628482977795553,55.989224682756515
0.027942545667744866,4.574866412510372,93.99432397897169
0.05729642790707771,2.2757398022368207,98.67375996923332
0.016414338728292302,3.521715834844285,66.54722987566258
0.1110601167282353,7.468690289591745,78.42081844872385
0.03459608390199439,3.4171842536436525,85.6505694093385
0.18411269782130102,4.7281176207455164,57.64419772818585
0.3949816800738909,0.549385343696412,84.93019313509637
0.10945692581865878,2.6687294509866275,51.061259117120315
0.155875556133995,0.9263643228424319,95.65458875252318
0.021299333027948637,1.8289110582416686,51.00176504349129
0.09916696911952179,5.810368027478443,53.40745913473923
0.15003650150636258,4.429776695206584,80.40972936362402
0.07979485281452187,4.49349363368637,96.60993587650316
0.14670817250865983,7.105832573836109,50.499840139931244
0.03789825447707772,5.441093597108692,81.14153774827436
0.06714369892610966,0.778655441258139,77.9790453106489
0.06200204668554582,7.769564246232464,56.58285663780236
0.09262777761979307,4.005954741746606,54.92563897509118
0.011829837287731376,2.518142571390209,63.933898333181006
0.1038461246803272,0.10706528895481693,75.19681238614416
0.010321282058778435,5.112651310816592,81.72296187927131
0.045960891776398644,4.032547330358399,53.409444533481185
0.02142283632957491,7.33012637887688,64.14493633742141
0.06446197982537052,5.638283658297148,87.90985683471344
0.1682288862548727,4.393921855425592,79.30983871921342
0.01760334138799869,1.197268431032649,68.03851490817223
0.28038336601296343,5.774775235232346,80.47798031841523
0.08792779849393902,4.88312814283661,54.09510986927202
0.10689980967451285,3.2610521589024475,97.17046284849332
0.03340950098699794,5.194509880795685,87.11913450123349
0.017769610982512212,2.9526008625694695,83.18426558661271
0.10459839510568089,2.798104520259451,54.37640414457749
0.02595299163159067,4.9210387993917974,96.48928981462923
0.05729642790707771,2.2757398022368207,98.67375996923332
0.016414338728292302,3.521715834844285,66.54722987566258
0.1110601167282353,7.468690289591745,78.42081844872385
0.03459608390199439,3.4171842536436525,85.6505694093385
0.18411269782130102,4.7281176207455164,57.64419772818585
0.3949816800738909,0.549385343696412,84.93019313509637
0.10945692581865878,2.6687294509866275,51.061259117120315
0.155875556133995,0.9263643228424319,95.65458875252318
0.02632742779171241,1.8913243523012342,57.6606165110655
0.09916696911952179,5.810368027478443,53.40745913473923
0.13766201242775955,4.338421587841279,74.91661652568465
0.07979485281452187,4.49349363368637,96.60993587650316
0.14670817250865983,7.105832573836109,50.499840139931244
0.03789825447707772,5.441093597108692,81.14153774827436
0.054919398189853544,2.7275075532731132,79.3009352446878
0.06200204668554582,7.769564246232464,56.58285663780236
0.09262777761979307,4.005954741746606,54.92563897509118
0.011829837287731376,2.518142571390209,63.933898333181006
0.10470644648263072,0.08449161811059591,75.39645476221409
0.010321282058778435,5.112651310816592,81.72296187927131
0.045960891776398644,4.032547330358399,53.409444533481185
0.02142283632957491,7.33012637887688,64.14493633742141
0.06446197982537052,5.638283658297148,87.90985683471344
0.16568911044325918,4.3491299507230075,78.92235735362354
0.01760334138799869,1.197268431032649,68.03851490817223
0.28038336601296343,5.774775235232346,80.47798031841523
0.08333668547374168,4.795726445400025,54.89452707657461
0.10689980967451285,3.2610521589024475,97.17046284849332
0.03340950098699794,5.194509880795685,87.11913450123349
0.017769610982512212,2.9526008625694695,83.18426558661271
0.10968319500428342,2.8916722673476425,53.57786334878851
0.02595299163159067,4.9210387993917974,96.48928981462923
0.05743560844634503,2.2773037416962127,98.8948037415074
0.01601841709485949,3.687973890177833,61.686979594842896
0.1110601167282353,7.468690289591745,78.42081844872385
0.028409827660392087,3.3544205313816393,88.92588812734729
0.18123505709442178,4.705402125039008,57.55868598079527
0.3886527568491583,0.8379680485452985,84.68431069495887
0.10267309695818544,3.116445235272669,56.61687375663712
0.155875556133995,0.9263643228424319,95.65458875252318
0.032019210372259105,1.9917055677494244,58.528984371278234
0.09916696911952179,5.810368027478443,53.40745913473923
0.1342074536987373,4.309326631823031,76.29278821486403
0.07979485281452187,4.49349363368637,96.60993587650316
0.14670817250865983,7.105832573836109,50.499840139931244
0.03789825447707772,5.441093597108692,81.14153774827436
0.04733269421386417,0.41333330853747174,72.45652540354634
0.06200204668554582,7.769564246232464,56.58285663780236
0.09885686038638056,4.212970439149839,54.55530293632986
0.011829837287731376,2.518142571390209,63.933898333181006
0.09232727419733927,0.6587399326064205,81.55014533590952
0.010321282058778435,5.112651310816592,81.72296187927131
0.04543329425583974,3.909635927141568,53.30507023079325
0.02142283632957491,7.33012637887688,64.14493633742141
0.06425312443101112,5.774153887349367,93.8478135668515
0.21618934055094385,1.4653405152175827,79.38599082704089
0.01768099174390792,2.0170345972198414,75.11180412941783
0.22729955001035387,5.114945398140907,79.75799305469172
0.08747433803166665,4.218978570471094,54.56709143555033
0.10689980967451285,3.2610521589024475,97.17046284849332
0.06848387983762616,4.886495166295626,83.35192136842161
0.017769610982512212,2.9526008625694695,83.18426558661271
0.09962766490837154,3.378549333513525,60.84482726026992
0.02595299163159067,4.9210387993917974,96.48928981462923
0.0648213844363099,3.0093625637179517,98.14005899523104
0.01601841709485949,3.687973890177833,61.686979594842896
0.1110601167282353,7.468690289591745,78.42081844872385
0.028409827660392087,3.3544205313816393,88.92588812734729
0.21775306042131493,5.631077447000857,59.590382848953084
0.3886527568491583,0.8379680485452985,84.68431069495887
0.10267309695818544,3.116445235272669,56.61687375663712
0.155875556133995,0.9263643228424319,95.65458875252318
0.032019210372259105,1.9917055677494244,58.528984371278234
0.06560332927584174,4.895782313097069,55.46021063843118
0.1342074536987373,4.309326631823031,76.29278821486403
0.07979485281452187,4.49349363368637,96.60993587650316
0.14670817250865983,7.105832573836109,50.499840139931244
0.01646110310561106,5.829805953699997,79.59230252108732
0.04733269421386417,0.41333330853747174,72.45652540354634
0.05340806411072732,7.907580536039665,55.37795810921159
0.09885686038638056,4.212970439149839,54.55530293632986
0.011829837287731376,2.518142571390209,63.933898333181006
0.09232727419733927,0.6587399326064205,81.55014533590952
0.010321282058778435,5.112651310816592,81.72296187927131
0.04543329425583974,3.909635927141568,53.30507023079325
0.02142283632957491,7.33012637887688,64.14493633742141
0.061761641485751646,4.984789026450578,90.69801010724464
0.1993292271892949,2.4281285399467674,79.23120117750062
0.020758824099097285,1.982571541608488,68.63282091310674
0.3056862211684116,6.026591818408185,72.86676084301084
0.08312478322098146,4.371865877923841,61.15993897140208
0.07151438415679032,3.30314516880375,93.45358360818561
0.07441570831901295,6.140988856705757,86.4075240778899
0.011535522256707433,2.085846550651345,88.04830913326957
0.12414042965534461,3.7858201737015444,56.5771366495474
0.02595299163159067,4.9210387993917974,96.48928981462923
0.0648213844363099,3.0093625637179517,98.14005899523104
0.01601841709485949,3.687973890177833,61.686979594842896
0.1110601167282353,7.468690289591745,78.42081844872385
0.028409827660392087,3.3544205313816393,88.92588812734729
0.21838605119320065,5.741121707359392,58.91557991312065
0.3886527568491583,0.8379680485452985,84.68431069495887
0.10162997768289103,3.1886032026199143,57.62771026688947
0.155875556133995,0.9263643228424319,95.65458875252318
0.01459596244271015,2.3768048276100417,51.87807618964267
0.06560332927584174,4.895782313097069,55.46021063843118
0.13016640498785575,4.9402409224727855,72.68185923126556
0.07979485281452187,4.49349363368637,96.60993587650316
0.14533981835183252,7.08373316199056,51.219206400841166
0.01646110310561106,5.829805953699997,79.59230252108732
0.04733269421386417,0.41333330853747174,72.45652540354634
0.05340806411072732,7.907580536039665,55.37795810921159
0.092616139185041,4.173419272280736,55.0925752938904
0.011829837287731376,2.518142571390209,63.933898333181006
0.1045176595868808,0.71007797601521,84.25578262009115
0.010321282058778435,5.112651310816592,81.72296187927131
0.04543329425583974,3.909635927141568,53.30507023079325
0.02142283632957491,7.33012637887688,64.14493633742141
0.06959140716070422,4.771475505503232,93.26488478181568
0.273135924192472,0.2343391175326497,74.99098206674108
0.020758824099097285,1.982571541608488,68.63282091310674
0.3056862211684116,6.026591818408185,72.86676084301084
0.09092724373210079,4.260381630754336,60.28814644208625
0.06952131603586538,3.201080487576609,94.59378673380068
0.06317909099244104,3.7646110531381667,80.61931923412739
0.011535522256707433,2.085846550651345,88.04830913326957
0.1356715732421322,3.5671702453263867,56.797158381517384
0.02595299163159067,4.9210387993917974,96.48928981462923
0.0648213844363099,3.0093625637179517,98.14005899523104
0.01601841709485949,3.687973890177833,61.686979594842896
0.08518301025839059,6.694068320102122,83.91459769167125
0.028409827660392087,3.3544205313816393,88.92588812734729
0.32381195816372904,6.965896743885147,57.78027922989598
0.4273167807047423,1.0400054733243862,87.92871309677399
0.08383769413221012,2.799628722412898,57.431453736217115
0.12098810000238684,0.7614677401552268,88.19835069956655
0.01459596244271015,2.3768048276100417,51.87807618964267
0.06560332927584174,4.895782313097069,55.46021063843118
0.14769602099981327,7.831342649288378,64.77166987946144
0.07979485281452187,4.49349363368637,96.60993587650316
0.14533981835183252,7.08373316199056,51.219206400841166
0.01646110310561106,5.829805953699997,79.59230252108732
0.04733269421386417,0.41333330853747174,72.45652540354634
0.05340806411072732,7.907580536039665,55.37795810921159
0.092616139185041,4.173419272280736,55.0925752938904
0.011829837287731376,2.518142571390209,63.933898333181006
0.10495595933636782,0.7034191727047852,84.33753566933711
0.010321282058778435,5.112651310816592,81.72296187927131
0.04543329425583974,3.909635927141568,53.30507023079325
0.02142283632957491,7.33012637887688,64.14493633742141
0.06959140716070422,4.771475505503232,93.26488478181568
0.2594566221363195,0.837596250806091,73.67206235866246
0.020758824099097285,1.982571541608488,68.63282091310674
0.22151913455669697,5.215455791604679,77.74149951062195
0.05814835782768418,2.1984713795673576,57.69931310311127
0.06952131603586538,3.201080487576609,94.59378673380068
0.09067052735258191,3.809285259722263,91.65557396348682
0.011535522256707433,2.085846550651345,88.04830913326957
0.1312698117149272,3.635365505821085,57.14058730547743
0.02595299163159067,4.9210387993917974,96.48928981462923
0.0648213844363099,3.0093625637179517,98.14005899523104
0.01601841709485949,3.687973890177833,61.686979594842896
0.08518301025839059,6.694068320102122,83.91459769167125
0.028409827660392087,3.3544205313816393,88.92588812734729
0.18346029355363647,5.25000966730601,72.57820247643404
0.4273167807047423,1.0400054733243862,87.92871309677399
0.06171325136482197,4.409617514847393,63.64828716564893
0.09837278939307652,1.833471774548684,91.00860541628373
0.01459596244271015,2.3768048276100417,51.87807618964267
0.06560332927584174,4.895782313097069,55.46021063843118
0.14769602099981327,7.831342649288378,64.77166987946144
0.07979485281452187,4.49349363368637,96.60993587650316
0.13082644502760843,6.510186239427279,61.269903612118924
0.01870969576467065,7.538972829193721,75.7320239110337
0.0383034872984758,0.42049075968371175,72.35517993726475
0.03423597103377318,5.422462381997031,59.32317883815507
0.092616139185041,4.173419272280736,55.0925752938904
0.017085373994319197,2.8173352329689965,65.36545602385982
0.10436451304703147,0.8697359145796915,82.93582777702338
0.010321282058778435,5.112651310816592,81.72296187927131
0.04543329425583974,3.909635927141568,53.30507023079325
0.02142283632957491,7.33012637887688,64.14493633742141
0.05727395688085724,5.441431561400057,89.02052789770022
0.2594566221363195,0.837596250806091,73.67206235866246
0.0177341566667839,1.4402391628327216,60.61037274497748
0.22151913455669697,5.215455791604679,77.74149951062195
0.05814835782768418,2.1984713795673576,57.69931310311127
0.06919148505634852,3.3437469122832244,91.29937393301431
0.08200785986564199,3.6215299654840694,91.51191567648013
0.011535522256707433,2.085846550651345,88.04830913326957
0.1442229928389817,3.5939766593312648,57.7193869684119
0.02595299163159067,4.9210387993917974,96.48928981462923
0.06650275687968661,3.3136291667324067,96.96538370951836
0.01601841709485949,3.687973890177833,61.686979594842896
0.08518301025839059,6.694068320102122,83.91459769167125
0.028409827660392087,3.3544205313816393,88.92588812734729
0.26279885027225003,4.329232020191667,69.42917779472211
0.4463753188558636,0.8412039086953915,87.64441782682222
0.06171325136482197,4.409617514847393,63.64828716564893
0.09837278939307652,1.833471774548684,91.00860541628373
0.01459596244271015,2.3768048276100417,51.87807618964267
0.016277907535273917,5.712525987466583,54.04281936235286
0.14769602099981327,7.831342649288378,64.77166987946144
0.07979485281452187,4.49349363368637,96.60993587650316
0.09715623145548,5.486841870121705,62.42859239438702
0.027519321282781582,7.059810191476547,78.76765172886631
0.0383034872984758,0.42049075968371175,72.35517993726475
0.040988493932916994,7.145968238456501,54.65872191721733
0.09010519700118669,3.447018131136633,51.0353196916089
0.01695808230370906,3.2737427055649215,63.5805180284022
0.09959430168146297,1.1776425873744882,84.7034147549562
0.010321282058778435,5.112651310816592,81.72296187927131
0.11668091377758277,3.364373860395936,59.40719129078305
0.016343924808251926,7.782643457815514,60.447233540722394
0.05727395688085724,5.441431561400057,89.02052789770022
0.17961987004755695,3.124594257107785,68.14131705121275
0.0177341566667839,1.4402391628327216,60.61037274497748
0.2660053531334631,6.865622399046462,75.76909740099161
0.06991269283835244,1.8913636473299784,56.01958496030623
0.052370359462964006,3.348149437802165,90.32038716836166
0.08200785986564199,3.6215299654840694,91.51191567648013
0.011535522256707433,2.085846550651345,88.04830913326957
0.22529255854200042,4.90833607487663,57.73829357825914
0.02595299163159067,4.9210387993917974,96.48928981462923
0.06650275687968661,3.3136291667324067,96.96538370951836
0.048093076923723554,3.875014208066845,61.081779354253655
0.13289150216153664,7.7018866325758,85.3113012132855
0.028409827660392087,3.3544205313816393,88.92588812734729
0.27282446162432883,4.370928005009755,68.59523754333651
0.40785315067504047,2.127857489558954,85.10816912924763
0.05882004174588461,4.521967673180854,59.6760342383369
0.16646218104727895,0.3532531985304632,93.03554866853204
0.024063880196409825,2.620266314893809,61.51340242432764
0.016277907535273917,5.712525987466583,54.04281936235286
0.14769602099981327,7.831342649288378,64.77166987946144
0.07979485281452187,4.49349363368637,96.60993587650316
0.10339499480632112,7.291680247731257,72.50937311457636
0.027519321282781582,7.059810191476547,78.76765172886631
0.0383034872984758,0.42049075968371175,72.35517993726475
0.03632821709256881,7.116035631249094,54.21705544371217
0.09369295055735394,3.4104680964275844,50.17737152533961
0.01695808230370906,3.2737427055649215,63.5805180284022
0.09959430168146297,1.1776425873744882,84.7034147549562
0.021572446481817574,5.166015534245671,82.86097576967234
0.11668091377758277,3.364373860395936,59.40719129078305
0.015426934208373752,7.81323113648184,60.73310880061382
0.057628529349530666,5.436576444760232,88.89935545999857
0.17961987004755695,3.124594257107785,68.14131705121275
0.0177341566667839,1.4402391628327216,60.61037274497748
0.2660053531334631,6.865622399046462,75.76909740099161
0.06991269283835244,1.8913636473299784,56.01958496030623
0.052370359462964006,3.348149437802165,90.32038716836166
0.07837589399808045,3.8507105738963583,90.66243920181674
0.011535522256707433,2.085846550651345,88.04830913326957
0.22529255854200042,4.90833607487663,57.73829357825914
0.04603576937759955,5.4011236608753155,91.25713882334941
0.06650275687968661,3.3136291667324067,96.96538370951836
0.03570671767276089,5.001074747802897,63.95543939515307
0.13289150216153664,7.7018866325758,85.3113012132855
0.029062868365427166,3.381593452770919,88.9032959129897
0.2683055164899906,4.319010618005105,68.45378502543349
0.40785315067504047,2.127857489558954,85.10816912924763
0.05126765523562925,4.108734938478065,60.07528761050505
0.16646218104727895,0.3532531985304632,93.03554866853204
0.024063880196409825,2.620266314893809,61.51340242432764
0.016277907535273917,5.712525987466583,54.04281936235286
0.14769602099981327,7.831342649288378,64.77166987946144
0.06302816941802641,5.362639846005953,87.05406963659838
0.09076430129141082,6.688087622903817,77.06037761567129
0.027519321282781582,7.059810191476547,78.76765172886631
0.0383034872984758,0.42049075968371175,72.35517993726475
0.03632821709256881,7.116035631249094,54.21705544371217
0.09369295055735394,3.4104680964275844,50.17737152533961
0.01695808230370906,3.2737427055649215,63.5805180284022
0.13410201102759362,0.3023410043209731,93.52403586125628
0.02176511750287304,5.1201160602542295,83.01639825583489
0.11668091377758277,3.364373860395936,59.40719129078305
0.015426934208373752,7.81323113648184,60.73310880061382
0.057628529349530666,5.436576444760232,88.89935545999857
0.2821417441553205,1.8285633693233616,58.48040296393278
0.0177341566667839,1.4402391628327216,60.61037274497748
0.2660053531334631,6.865622399046462,75.76909740099161
0.05620165782543228,2.109791384322153,50.76293177803134
0.052370359462964006,3.348149437802165,90.32038716836166
0.07837589399808045,3.8507105738963583,90.66243920181674
0.011535522256707433,2.085846550651345,88.04830913326957
0.21447468832628738,5.315837578980094,58.71882897860883
0.045172353947319166,5.521722375427162,88.35981022369626
0.06650275687968661,3.3136291667324067,96.96538370951836
0.03745182795185732,5.426456679877286,57.40249714183582
0.13289150216153664,7.7018866325758,85.3113012132855
0.032636142265358714,4.695054604429924,85.15630552162186
0.3454079942602973,3.5673014551339888,64.65435931758078
0.29983672817556967,2.122308142845352,74.55837837331819
0.05126765523562925,4.108734938478065,60.07528761050505
0.16646218104727895,0.3532531985304632,93.03554866853204
0.024063880196409825,2.620266314893809,61.51340242432764
0.016277907535273917,5.712525987466583,54.04281936235286
0.14769602099981327,7.831342649288378,64.77166987946144
0.08120626606530351,6.936838605997974,97.6668647635658
0.11389904558606788,7.353738403379682,69.71744847628398
0.03772881152922403,6.567013884255376,79.81605360349063
0.0383034872984758,0.42049075968371175,72.35517993726475
0.03577902709386254,6.833747970712536,56.838999286171386
0.09369295055735394,3.4104680964275844,50.17737152533961
0.01695808230370906,3.2737427055649215,63.5805180284022
0.13410201102759362,0.3023410043209731,93.52403586125628
0.02176511750287304,5.1201160602542295,83.01639825583489
0.0816424906582448,4.56912060217565,61.720533801979684
0.015425681299446027,7.816324056262661,60.74295907805647
0.07234733406932128,7.668528147523763,84.21853042773412
0.19785125981243612,3.1422273877289917,69.10856767159012
0.0177341566667839,1.4402391628327216,60.61037274497748
0.27206843000676806,6.816131492372172,76.33268986888174
0.05620165782543228,2.109791384322153,50.76293177803134
0.03745117508145557,2.376893197835961,95.3160901569324
0.07837589399808045,3.8507105738963583,90.66243920181674
0.02234627570464774,2.6362561555194697,80.4371033860985
0.21447468832628738,5.315837578980094,58.71882897860883
0.045172353947319166,5.521722375427162,88.35981022369626
0.06650275687968661,3.3136291667324067,96.96538370951836
0.03745182795185732,5.426456679877286,57.40249714183582
0.13289150216153664,7.7018866325758,85.3113012132855
0.036113457354387195,2.3103465504395553,94.04319905055435
0.46957771860843545,3.4355164295886857,52.560621872237114
0.3552128857283424,2.7304051591983662,68.22147289438783
0.05126765523562925,4.108734938478065,60.07528761050505
0.16248543169739108,0.8828862720336161,91.2713799414101
0.022918617950834982,3.0751161340035718,60.41453178790513
0.016277907535273917,5.712525987466583,54.04281936235286
0.14769602099981327,7.831342649288378,64.77166987946144
0.08120626606530351,6.936838605997974,97.6668647635658
0.10317878274636096,7.891526542217312,69.79519940071785
0.028362222268051976,7.626066370331012,74.2335473030527
0.0383034872984758,0.42049075968371175,72.35517993726475
0.03138953602626062,6.296997543197952,65.03838563188252
0.09369295055735394,3.4104680964275844,50.17737152533961
0.01695808230370906,3.2737427055649215,63.5805180284022
0.13410201102759362,0.3023410043209731,93.52403586125628
0.02176511750287304,5.1201160602542295,83.01639825583489
0.02181931197052961,5.30367177552875,57.91724362388509
0.01622095188989674,7.806332701535526,61.48355258364953
0.07234733406932128,7.668528147523763,84.21853042773412
0.22170654252290556,2.802507134934723,70.84954404960318
0.0177341566667839,1.4402391628327216,60.61037274497748
0.27206843000676806,6.816131492372172,76.33268986888174
0.05620165782543228,2.109791384322153,50.76293177803134
0.03745117508145557,2.376893197835961,95.3160901569324
0.08263586081680568,3.6363221437067796,90.95786321466694
0.019737724279018935,2.1544213019179836,84.41490929308674
0.19166502280741504,5.049022193904056,58.92074590989507
0.04774154544528194,5.553424336562727,98.66160386009341
0.06650275687968661,3.3136291667324067,96.96538370951836
0.03745182795185732,5.426456679877286,57.40249714183582
0.09915229955305861,5.1046390744818195,80.68989963947588
0.036113457354387195,2.3103465504395553,94.04319905055435
0.524239886554861,3.4550535900709414,51.229766190945114
0.308458789962503,3.448154213750963,73.24577731815398
0.05301339352580842,4.197615988918054,58.84621755805651
0.16248543169739108,0.8828862720336161,91.2713799414101
0.022918617950834982,3.0751161340035718,60.41453178790513
0.016277907535273917,5.712525987466583,54.04281936235286
0.14774633407575588,7.807704235254077,64.86182099853355
0.08120626606530351,6.936838605997974,97.6668647635658
0.10317878274636096,7.891526542217312,69.79519940071785
0.030411911167704947,7.6280450724374145,74.69884358708514
0.0383034872984758,0.42049075968371175,72.35517993726475
0.03138953602626062,6.296997543197952,65.03838563188252
0.09369295055735394,3.4104680964275844,50.17737152533961
0.01695808230370906,3.2737427055649215,63.5805180284022
0.12367522062245809,0.08907481989753585,94.35156018978506
0.02176511750287304,5.1201160602542295,83.01639825583489
0.018191205831895596,5.31702111535664,57.965535591120904
0.01622095188989674,7.806332701535526,61.48355258364953
0.07242294629933406,7.638894741760003,84.26805899419703
0.22170654252290556,2.802507134934723,70.84954404960318
0.0177341566667839,1.4402391628327216,60.61037274497748
0.27206843000676806,6.816131492372172,76.33268986888174
0.05620165782543228,2.109791384322153,50.76293177803134
0.05721070149440112,2.140790947856633,94.67689286413115
0.06654851262585389,3.1778026031412203,92.02476578598483
0.020693679590841133,2.495176565328084,95.77268580118553
0.1852673511155784,5.136713754921977,58.136056365601206
0.04774154544528194,5.553424336562727,98.66160386009341
0.06340587768030098,3.516574282105155,88.21401052344079
0.03866986989206218,5.780322364317559,56.60111829786425
0.09224763219964803,4.950835914004146,79.25263808263614
0.036113457354387195,2.3103465504395553,94.04319905055435
0.524239886554861,3.4550535900709414,51.229766190945114
0.42413801238619964,5.551023498764917,60.03301949583523
0.11353594360833325,4.92108365369117,63.67754174580507
0.1543345383499662,1.846128680147153,88.31977063295358
0.030007914787788484,3.263850172030634,62.30002515720368
0.016277907535273917,5.712525987466583,54.04281936235286
0.14774633407575588,7.807704235254077,64.86182099853355
0.08120626606530351,6.936838605997974,97.6668647635658
0.10317878274636096,7.891526542217312,69.79519940071785
0.030411911167704947,7.6280450724374145,74.69884358708514
0.038364629338964215,0.06110414320215263,73.4286578959328
0.014413587291725802,6.078960167564692,53.91964322162824
0.09369295055735394,3.4104680964275844,50.17737152533961
0.049756197218471965,3.45717639576037,63.294769011972264
0.12367522062245809,0.08907481989753585,94.35156018978506
0.02176511750287304,5.1201160602542295,83.01639825583489
0.018191205831895596,5.31702111535664,57.965535591120904
0.05119179281368509,6.297188293316445,68.27857642201491
0.07242294629933406,7.638894741760003,84.26805899419703
0.14486942394270205,4.377275482098177,69.69101820474964
0.0177341566667839,1.4402391628327216,60.61037274497748
0.27206843000676806,6.816131492372172,76.33268986888174
0.05620165782543228,2.109791384322153,50.76293177803134
0.05721070149440112,2.140790947856633,94.67689286413115
0.08867770552406215,4.439609687213896,84.6219311513665
0.020693679590841133,2.495176565328084,95.77268580118553
0.12855666538138688,3.806702355882087,54.89634997495929
0.04774154544528194,5.553424336562727,98.66160386009341
0.06340587768030098,3.516574282105155,88.21401052344079
0.03866986989206218,5.780322364317559,56.60111829786425
0.06902248448305731,2.843218731550372,76.74233255114211
0.034187626200418306,2.0277238969555373,94.56166598032814
0.524239886554861,3.4550535900709414,51.229766190945114
0.4131462039258882,5.781174032571339,60.99967146872356
0.04852899136329544,4.1440108457773075,58.48824188443075
0.17096429397778223,1.8209937513780738,87.4558183896197
0.030007914787788484,3.263850172030634,62.30002515720368
0.016277907535273917,5.712525987466583,54.04281936235286
0.14774633407575588,7.807704235254077,64.86182099853355
0.08120626606530351,6.936838605997974,97.6668647635658
0.10317878274636096,7.891526542217312,69.79519940071785
0.030411911167704947,7.6280450724374145,74.69884358708514
0.038364629338964215,0.06110414320215263,73.4286578959328
0.014413587291725802,6.078960167564692,53.91964322162824
0.09369295055735394,3.4104680964275844,50.17737152533961
0.049756197218471965,3.45717639576037,63.294769011972264
0.12367522062245809,0.08907481989753585,94.35156018978506
0.014033826581163915,7.044701829568278,75.83106832608293
0.018330629420858488,6.499639736518248,57.15872372850002
0.053231451427783946,6.809312764434699,65.1259061828913
0.055500032068188154,7.262349471128179,78.16380506781181
0.08839058651058766,3.8384732303958407,63.15142972194905
0.0177341566667839,1.4402391628327216,60.61037274497748
0.16285590682715262,7.6173230084306445,88.20243788745177
0.05620165782543228,2.109791384322153,50.76293177803134
0.05402905048674518,0.9908589226766917,96.85390731502008
0.08347579781698757,4.168300539789931,78.02789495236283
0.01858833290817634,2.4561424114647745,97.40542323809584
0.12407842202381077,3.650066352052049,50.83485881277664
0.04774154544528194,5.553424336562727,98.66160386009341
0.06340587768030098,3.516574282105155,88.21401052344079
0.04841446604415459,6.04526685262381,66.00880561962694
0.06902248448305731,2.843218731550372,76.74233255114211
0.034187626200418306,2.0277238969555373,94.56166598032814
0.5319707266744619,3.455019002851699,51.03318913266447
0.4922649318572243,6.302806147769955,62.13869485055295
0.0683304862111351,3.3783861832422755,58.82941266511267
0.17096429397778223,1.8209937513780738,87.4558183896197
0.021057171998659557,3.196119439076389,55.35500822904726
0.016277907535273917,5.712525987466583,54.04281936235286
0.14774633407575588,7.807704235254077,64.86182099853355
0.08120626606530351,6.936838605997974,97.6668647635658
0.09855418477935202,7.588975558128245,71.25164942865923
0.02487469193009718,6.580916779750158,67.11695756676137
0.038364629338964215,0.06110414320215263,73.4286578959328
0.014413587291725802,6.078960167564692,53.91964322162824
0.09369295055735394,3.4104680964275844,50.17737152533961
0.05016531466494631,3.5666914569263377,63.34819464064144
0.12051332525478486,0.42176394583546895,93.60078869917963
0.014033826581163915,7.044701829568278,75.83106832608293
0.011716950746200404,6.363928190260557,53.42121791407055
0.053231451427783946,6.809312764434699,65.1259061828913
0.055500032068188154,7.262349471128179,78.16380506781181
0.13103588936279598,2.5469063247241523,68.47325049502969
0.02618745274389079,2.598952849990355,71.32967675002917
0.16285590682715262,7.6173230084306445,88.20243788745177
0.05620165782543228,2.109791384322153,50.76293177803134
0.05402905048674518,0.9908589226766917,96.85390731502008
0.06755981031413699,4.246480379987032,97.23084948576255
0.017308306272876692,3.7457395381593592,91.34203306054852
0.10558299731956179,4.059709268025793,51.35512037066018
0.04866030629625464,5.644808414526114,96.69214584090392
0.05760081753129386,3.931403971584075,86.75805067010188
0.05371404550471827,6.100138523284815,67.98209392232161
0.06902248448305731,2.843218731550372,76.74233255114211
0.03074179627593271,1.1813797742472003,97.21290301947215
0.48069217099784683,3.677234430810138,56.076908947711004
0.5749050969486866,6.350757184228661,61.41812200561373
0.0683304862111351,3.3783861832422755,58.82941266511267
0.1557355384025046,1.9028255475366183,85.75954523357751
0.021057171998659557,3.196119439076389,55.35500822904726
0.016277907535273917,5.712525987466583,54.04281936235286
0.14774633407575588,7.807704235254077,64.86182099853355
0.08120626606530351,6.936838605997974,97.6668647635658
0.06340862853612936,7.1117427402225015,65.07760602441033
0.017022731461535434,6.933734452732415,56.28523926649199
0.038364629338964215,0.06110414320215263,73.4286578959328
0.014413587291725802,6.078960167564692,53.91964322162824
0.09369295055735394,3.4104680964275844,50.17737152533961
0.04044664979072582,3.6196514914222333,71.62839869634055
0.1116636381391625,1.4585301409553235,89.18046503548726
0.014033826581163915,7.044701829568278,75.83106832608293
0.01629270688279965,6.4301248618008495,54.45304337818542
0.08094034038346307,7.330651572109189,73.12513805493396
0.06974087987743724,7.825062496617243,86.92170103931264
0.11177723096491915,2.6389280325014552,71.04126666655769
0.02618745274389079,2.598952849990355,71.32967675002917
0.19674733870215375,7.747726720309412,91.01978480261758
0.05620165782543228,2.109791384322153,50.76293177803134
0.04748595825078224,1.9812484905744245,93.41463729390092
0.06755981031413699,4.246480379987032,97.23084948576255
0.01731595761777507,3.660324271626901,92.2813022457046
0.10558299731956179,4.059709268025793,51.35512037066018
0.041749702674978434,5.926348861090647,87.86605482866662
0.04553869504693239,3.509001528269324,86.59252541477149
0.07602929813518364,5.222297489052326,60.82877575599594
0.05915169764700037,3.6196956643661182,72.8590908939262
0.03074179627593271,1.1813797742472003,97.21290301947215
0.43162435001382926,4.1256756999687765,58.16950587876715
0.318525160924923,5.040644664688107,66.31599591643582
0.0683304862111351,3.3783861832422755,58.82941266511267
0.1557355384025046,1.9028255475366183,85.75954523357751
0.021057171998659557,3.196119439076389,55.35500822904726
0.013488738170265593,5.802294008311846,53.546359840223104
0.13794324270990366,7.113432476920794,65.62960465141815
0.08120626606530351,6.936838605997974,97.6668647635658
0.05804377555809343,6.0301395584465665,71.53674474663111
0.017022731461535434,6.933734452732415,56.28523926649199
0.038364629338964215,0.06110414320215263,73.4286578959328
0.014413587291725802,6.078960167564692,53.91964322162824
0.09369295055735394,3.4104680964275844,50.17737152533961
0.025035810035376575,2.3654532497886223,61.783491783235306
0.1116636381391625,1.4585301409553235,89.18046503548726
0.013627309719221485,7.155303484812247,79.67834062734349
0.01629270688279965,6.4301248618008495,54.45304337818542
0.07271780601014914,7.361984914865989,74.20635109043485
0.06974087987743724,7.825062496617243,86.92170103931264
0.11177723096491915,2.6389280325014552,71.04126666655769
0.026760068806932623,1.2404681632782948,73.18653545612425
0.19674733870215375,7.747726720309412,91.01978480261758
0.05620165782543228,2.109791384322153,50.76293177803134
0.025917789279027797,2.156918251600837,94.83761398741514
0.06755981031413699,4.246480379987032,97.23084948576255
0.01731595761777507,3.660324271626901,92.2813022457046
0.10281200810581233,4.047171275125004,52.63992621572809
0.03701784472829174,6.133132071592083,86.48839466405394
0.041862924314847366,3.6229836711643886,86.44866634632643
0.07602929813518364,5.222297489052326,60.82877575599594
0.06180555131310856,3.570236521411684,72.76741981363521
0.03074179627593271,1.1813797742472003,97.21290301947215
0.43162435001382926,4.1256756999687765,58.16950587876715
0.318525160924923,5.040644664688107,66.31599591643582
0.054357044964024534,4.197854109752219,57.65424839223529
0.16204827883605774,2.0018816873351812,86.42275634524913
0.02581699663921534,1.5570836473253857,56.49247594858119
0.013488738170265593,5.802294008311846,53.546359840223104
0.12228047410526144,7.064682101048846,74.47378743201509
0.08120626606530351,6.936838605997974,97.6668647635658
0.05804377555809343,6.0301395584465665,71.53674474663111
0.024488501125572774,6.629576344359699,65.82037774966622
0.038364629338964215,0.06110414320215263,73.4286578959328
0.014413587291725802,6.078960167564692,53.91964322162824
0.09031853285343089,4.032405368520308,55.35398935048222
0.02516048807144638,1.3940777003176814,60.863881294320045
0.1116636381391625,1.4585301409553235,89.18046503548726
0.019254692660031256,4.837341402068688,76.99621454502932
0.01808517386146772,5.912894912882084,55.99405832559418
0.07271780601014914,7.361984914865989,74.20635109043485
0.06974087987743724,7.825062496617243,86.92170103931264
0.11017123716835976,2.612951738691634,71.07651168206196
0.02788604262849015,1.2820223203183114,72.88233618994197
0.14317694614687054,6.412185762591212,78.46692859031845
0.05164113306870519,2.7597610924914227,52.9282745654627
0.025917789279027797,2.156918251600837,94.83761398741514
0.06755981031413699,4.246480379987032,97.23084948576255
0.01731595761777507,3.660324271626901,92.2813022457046
0.10281200810581233,4.047171275125004,52.63992621572809
0.03701784472829174,6.133132071592083,86.48839466405394
0.028868960212439475,1.6643873425765765,86.22818404424169
0.07597440295810327,5.2450185041204405,61.056555731064876
0.06701831727760865,3.1310043519143056,83.34422835872252
0.03074179627593271,1.1813797742472003,97.21290301947215
0.43162435001382926,4.1256756999687765,58.16950587876715
0.4459620302262376,4.546081408684815,57.1840579709986
0.054357044964024534,4.197854109752219,57.65424839223529
0.14999142740196142,2.878688818843581,81.93803638474182
0.02581699663921534,1.5570836473253857,56.49247594858119
0.019473266874559556,5.886441269972243,61.9250270239891
0.12228047410526144,7.064682101048846,74.47378743201509
0.08489526796571262,6.443451789884277,89.97888711571892
0.08504897115642245,7.601481422286547,57.78175218395116
0.024488501125572774,6.629576344359699,65.82037774966622
0.038364629338964215,0.06110414320215263,73.4286578959328
0.014269706227685284,6.2759204105806905,58.63323155307171
0.09293270873156641,3.8921698703778276,54.75334609054621
0.02516048807144638,1.3940777003176814,60.863881294320045
0.13901469100372804,1.9799706483303954,95.05815037992032
0.05207209049868275,5.111603913073489,77.65068641000077
0.020206184916192457,5.83688758125042,56.34145128770644
0.04505066356171039,7.570716888120766,75.46814746390496
0.06974087987743724,7.825062496617243,86.92170103931264
0.11460644057949873,2.5156194321245837,74.76412296344807
0.02788604262849015,1.2820223203183114,72.88233618994197
0.16786845879365103,6.07934068763306,79.9599939756869
0.05164113306870519,2.7597610924914227,52.9282745654627
0.048414036953960626,2.2660849732090314,92.80438376237431
0.06755981031413699,4.246480379987032,97.23084948576255
0.01731595761777507,3.660324271626901,92.2813022457046
0.10281200810581233,4.047171275125004,52.63992621572809
0.03701784472829174,6.133132071592083,86.48839466405394
0.028868960212439475,1.6643873425765765,86.22818404424169
0.07203911134860556,4.7780275435439385,77.97435564315501
0.08859131264697162,0.9722087766652905,81.08329446730066
0.030231825310728117,1.1993521845797566,92.86803151378675
0.43162435001382926,4.1256756999687765,58.16950587876715
0.4459620302262376,4.546081408684815,57.1840579709986
0.054357044964024534,4.197854109752219,57.65424839223529
0.14999142740196142,2.878688818843581,81.93803638474182
0.02581699663921534,1.5570836473253857,56.49247594858119
0.019473266874559556,5.886441269972243,61.9250270239891
0.1416339002474768,6.948590125571636,74.57821702960223
0.08489526796571262,6.443451789884277,89.97888711571892
0.08504897115642245,7.601481422286547,57.78175218395116
0.029117539386428956,7.315486616971345,69.41576864192022
0.038364629338964215,0.06110414320215263,73.4286578959328
0.014269706227685284,6.2759204105806905,58.63323155307171
0.0765643382110874,4.396961692442149,55.62852378099332
0.02516048807144638,1.3940777003176814,60.863881294320045
0.11433017948404536,2.869095622162832,90.11586958318932
0.05207209049868275,5.111603913073489,77.65068641000077
0.020206184916192457,5.83688758125042,56.34145128770644
0.04505066356171039,7.570716888120766,75.46814746390496
0.06974087987743724,7.825062496617243,86.92170103931264
0.11460644057949873,2.5156194321245837,74.76412296344807
0.02788604262849015,1.2820223203183114,72.88233618994197
0.16786845879365103,6.07934068763306,79.9599939756869
0.05164113306870519,2.7597610924914227,52.9282745654627
0.048414036953960626,2.2660849732090314,92.80438376237431
0.06755981031413699,4.246480379987032,97.23084948576255
0.01731595761777507,3.660324271626901,92.2813022457046
0.10281200810581233,4.047171275125004,52.63992621572809
0.03701784472829174,6.133132071592083,86.48839466405394
0.016085116814802625,1.2708351255932735,81.92689075898195
0.06387473454788278,3.634409655984127,76.87225140826602
0.08859131264697162,0.9722087766652905,81.08329446730066
0.06529249009832055,1.7463082162019505,85.34521120809717
0.43162435001382926,4.1256756999687765,58.16950587876715
0.4459620302262376,4.546081408684815,57.1840579709986
0.051527168819228746,4.335876328348746,58.00545887022555
0.23390679952442342,0.9651147794763766,85.61222965368722
0.02581699663921534,1.5570836473253857,56.49247594858119
0.019538296979652876,5.896077141312886,61.975536143680756
0.1494882117008382,6.852835531495252,73.22969157702221
0.0909885427594044,7.257715885313644,93.7781405123327
0.08238084663822012,7.587838471838256,58.3367353763058
0.029186744911609278,7.301488789539965,69.3651095107636
0.038364629338964215,0.06110414320215263,73.4286578959328
0.014687879709281839,6.305198690800354,58.936910280242245
0.0765643382110874,4.396961692442149,55.62852378099332
0.0131921608880433,1.2440096645963656,59.00395766938553
0.1787044345756296,3.916342436543269,95.48162942339493
0.04968247566139883,5.115034772384696,77.77485144711963
0.04584352459995587,6.038355668882098,59.690482577875144
0.04505066356171039,7.570716888120766,75.46814746390496
0.06974087987743724,7.825062496617243,86.92170103931264
0.19525197377927608,2.921288418860865,89.1204252714177
0.030309347877216043,1.2882913423341509,75.17114918753768
0.14693251909450353,6.262056934447878,81.8189354915084
0.051151958615032606,2.842599020876894,53.21007992301213
0.0477413400265882,2.2622269570134517,92.86465745037518
0.06755981031413699,4.246480379987032,97.23084948576255
0.02633469182170442,3.7655388572849073,93.16974229542846
0.10319666058265903,3.942722714558871,51.30157780782697
0.03701784472829174,6.133132071592083,86.48839466405394
0.016085116814802625,1.2708351255932735,81.92689075898195
0.0729657785152219,1.7333786758844543,77.55036034135905
0.08859131264697162,0.9722087766652905,81.08329446730066
0.07647978895081245,0.01059380347543204,84.89289306943823
0.33595899616646785,4.612347920401434,65.03491858717702
0.4459620302262376,4.546081408684815,57.1840579709986
0.03506565413813504,4.2957137364005336,59.56825342000107
0.2595994835513882,0.823713382148525,88.87852477467177
0.02974400834205521,2.08873829523063,59.657139557779544
0.019538296979652876,5.896077141312886,61.975536143680756
0.1494882117008382,6.852835531495252,73.22969157702221
0.0909885427594044,7.257715885313644,93.7781405123327
0.08238084663822012,7.587838471838256,58.3367353763058
0.02384499243896271,7.466823551685695,68.94117403282037
0.038364629338964215,0.06110414320215263,73.4286578959328
0.028207490109702416,5.9587822043185295,57.970855094234416
0.11178462953921764,4.482891706557648,52.2848412344337
0.0131921608880433,1.2440096645963656,59.00395766938553
0.18202479529540858,3.621094790811222,92.77732305338318
0.04968247566139883,5.115034772384696,77.77485144711963
0.04584352459995587,6.038355668882098,59.690482577875144
0.04505066356171039,7.570716888120766,75.46814746390496
0.06964068679926083,7.81069287326692,86.85340268908922
0.18761818559476529,3.1237285535502677,88.22172133023086
0.014203073465977684,1.100367664190117,73.8349490146568
0.12556322845657822,6.690216682848581,83.21084184897778
0.048902584356303846,3.045790427627466,54.09915371974389
0.0533912812488527,2.577892483366175,98.59935953399697
0.06755981031413699,4.246480379987032,97.23084948576255
0.02633469182170442,3.7655388572849073,93.16974229542846
0.10400894942333251,3.9445952201989325,50.85910875140024
0.03701784472829174,6.133132071592083,86.48839466405394
0.016085116814802625,1.2708351255932735,81.92689075898195
0.0729657785152219,1.7333786758844543,77.55036034135905
0.08859131264697162,0.9722087766652905,81.08329446730066
0.07647978895081245,0.01059380347543204,84.89289306943823
0.33595899616646785,4.612347920401434,65.03491858717702
0.2670134807461876,5.896140740387095,65.34524162747715
0.03506565413813504,4.2957137364005336,59.56825342000107
0.4012045452686382,0.5367992044795638,97.3439293603968
0.02974400834205521,2.08873829523063,59.657139557779544
0.019538296979652876,5.896077141312886,61.975536143680756
0.15668119779957182,7.304966920881068,77.22549273746611
0.07340145790323635,5.497616003004108,77.19689265184391
0.08618685179643593,7.441870462574547,74.00761511730384
0.02384499243896271,7.466823551685695,68.94117403282037
0.038364629338964215,0.06110414320215263,73.4286578959328
0.015008754391953552,5.899229750534169,56.68389295418559
0.11430664600596427,4.661524431534639,50.64336928078987
0.0131921608880433,1.2440096645963656,59.00395766938553
0.14787147922223356,3.401165877991022,98.93251860448659
0.04968247566139883,5.115034772384696,77.77485144711963
0.04584352459995587,6.038355668882098,59.690482577875144
0.04505066356171039,7.570716888120766,75.46814746390496
0.06964068679926083,7.81069287326692,86.85340268908922
0.18761818559476529,3.1237285535502677,88.22172133023086
0.014203073465977684,1.100367664190117,73.8349490146568
0.12556322845657822,6.690216682848581,83.21084184897778
0.048902584356303846,3.045790427627466,54.09915371974389
0.0533912812488527,2.577892483366175,98.59935953399697
0.06755981031413699,4.246480379987032,97.23084948576255
0.02633469182170442,3.7655388572849073,93.16974229542846
0.10400894942333251,3.9445952201989325,50.85910875140024
0.03701784472829174,6.133132071592083,86.48839466405394
0.016085116814802625,1.2708351255932735,81.92689075898195
0.08912488627478617,1.0362169846371831,60.174024103636235
0.12037491092738556,0.369167972919588,92.65562234844786
0.08021360756042308,0.5187183453436655,84.76493801550328
0.24639555010268044,4.035607691750241,81.17626555249572
0.2670134807461876,5.896140740387095,65.34524162747715
0.039090203844840604,4.110475003869758,61.129183217404005
0.4012045452686382,0.5367992044795638,97.3439293603968
0.02974400834205521,2.08873829523063,59.657139557779544
0.019538296979652876,5.896077141312886,61.975536143680756
0.15944598860109077,7.263441822333807,77.03749183839786
0.07772400342019734,6.168326536190186,77.66178536384096
0.07912727643400413,7.27813631295661,72.7331483488266
0.023741245727507028,7.496143766822824,69.02783645223784
0.038364629338964215,0.06110414320215263,73.4286578959328
0.015008754391953552,5.899229750534169,56.68389295418559
0.11430664600596427,4.661524431534639,50.64336928078987
0.0131921608880433,1.2440096645963656,59.00395766938553
0.2183731677510813,4.015497406575256,99.18112389450553
0.05641754590558079,4.940527605546573,81.30486961421194
0.03796896826712595,6.3218133183477745,60.88609235643395
0.04505066356171039,7.570716888120766,75.46814746390496
0.06690694857536428,7.715044786663923,85.34374454001204
0.18761818559476529,3.1237285535502677,88.22172133023086
0.014203073465977684,1.100367664190117,73.8349490146568
0.12556322845657822,6.690216682848581,83.21084184897778
0.048902584356303846,3.045790427627466,54.09915371974389
0.0533912812488527,2.577892483366175,98.59935953399697
0.06896657677377967,4.037063502465362,94.81350121657326
0.028831465653346818,4.314050152039332,97.14898104891743
0.10400894942333251,3.9445952201989325,50.85910875140024
0.03697093534282835,6.344624760460194,86.94327380452786
0.016085116814802625,1.2708351255932735,81.92689075898195
0.08912488627478617,1.0362169846371831,60.174024103636235
0.12037491092738556,0.369167972919588,92.65562234844786
0.08021360756042308,0.5187183453436655,84.76493801550328
0.366250901266347,6.321431492122046,97.18199073231594
0.20773153399998429,4.803410062813713,69.2626642152516
0.039090203844840604,4.110475003869758,61.129183217404005
0.4012045452686382,0.5367992044795638,97.3439293603968
0.02974400834205521,2.08873829523063,59.657139557779544
0.019538296979652876,5.896077141312886,61.975536143680756
0.12944631509950305,6.986471818499202,79.35333189033472
0.07772400342019734,6.168326536190186,77.66178536384096
0.07912727643400413,7.27813631295661,72.7331483488266
0.022072275253193094,7.864284793593523,69.88669729054416
0.038364629338964215,0.06110414320215263,73.4286578959328
0.015008754391953552,5.899229750534169,56.68389295418559
0.10896005205234918,4.777808955591796,51.36075659052893
0.0131921608880433,1.2440096645963656,59.00395766938553
0.21174794107915426,4.176941147754124,91.05681034539893
0.06208449023891196,4.913215115747861,78.30331983602206
0.03796896826712595,6.3218133183477745,60.88609235643395
0.045265932913052385,7.613941006833308,75.18038853718315
0.06690694857536428,7.715044786663923,85.34374454001204
0.18761818559476529,3.1237285535502677,88.22172133023086
0.04518344460607579,3.5721080321361187,75.70137021591422
0.1155511386012645,6.2094111093002695,80.74973035711913
0.04792547919165681,2.7690429582594103,55.89143299305101
0.0533912812488527,2.577892483366175,98.59935953399697
0.06896657677377967,4.037063502465362,94.81350121657326
0.02917049062992471,3.487309321754558,83.22013055164842
0.10400894942333251,3.9445952201989325,50.85910875140024
0.03697093534282835,6.344624760460194,86.94327380452786
0.016085116814802625,1.2708351255932735,81.92689075898195
0.08912488627478617,1.0362169846371831,60.174024103636235
0.12037491092738556,0.369167972919588,92.65562234844786
0.06291083454181541,0.09905373542971452,84.20805358688872
0.366250901266347,6.321431492122046,97.18199073231594
0.19281380668107534,4.638328756748979,67.83845839334779
0.039090203844840604,4.110475003869758,61.129183217404005
0.4012045452686382,0.5367992044795638,97.3439293603968
0.02974400834205521,2.08873829523063,59.657139557779544
0.019538296979652876,5.896077141312886,61.975536143680756
0.12944631509950305,6.986471818499202,79.35333189033472
0.06278830510685635,6.2259904840288565,71.35927075679507
0.07912727643400413,7.27813631295661,72.7331483488266
0.022167862179406625,7.792323643409176,69.75924082550911
0.038364629338964215,0.06110414320215263,73.4286578959328
0.015008754391953552,5.899229750534169,56.68389295418559
0.09917203407269738,4.990841452305654,56.19874230519223
0.0131921608880433,1.2440096645963656,59.00395766938553
0.18864617887001353,4.0930534579457545,88.92707841572934
0.015282496946185692,5.011626320520124,82.0498121177746
0.040408066621878236,6.884777869020101,58.54095777726093
0.045265932913052385,7.613941006833308,75.18038853718315
0.06690694857536428,7.715044786663923,85.34374454001204
0.18503347388938246,3.113217777884987,88.42155610307474
0.028165761761299174,3.1249106590568108,81.84877172618235
0.10710794972882887,5.2293464552776605,81.30442464949823
0.04792547919165681,2.7690429582594103,55.89143299305101
0.0533912812488527,2.577892483366175,98.59935953399697
0.06896657677377967,4.037063502465362,94.81350121657326
0.02917049062992471,3.487309321754558,83.22013055164842
0.10400894942333251,3.9445952201989325,50.85910875140024
0.03697093534282835,6.344624760460194,86.94327380452786
0.01500466704007175,1.3295012910218025,82.33901439824625
0.08177540176451789,1.0598249780020779,62.36286393321681
0.1106100729562971,0.33248728698997826,90.36629729165895
0.06291083454181541,0.09905373542971452,84.20805358688872
0.366250901266347,6.321431492122046,97.18199073231594
0.26666916163180265,2.833566427748779,57.57008110773198
0.039090203844840604,4.110475003869758,61.129183217404005
0.3913603398417452,0.7305520542975366,95.95011541556637
0.02974400834205521,2.08873829523063,59.657139557779544
0.012426314282907608,6.846640158202987,58.32997403806115
0.16330226091755826,7.372724196245111,83.4135566200138
0.06125979527663193,5.673373061151948,66.16935669610885
0.07912727643400413,7.27813631295661,72.7331483488266
0.022167862179406625,7.792323643409176,69.75924082550911
0.038364629338964215,0.06110414320215263,73.4286578959328
0.015008754391953552,5.899229750534169,56.68389295418559
0.08081711089900687,4.190970423647052,56.797597718538135
0.013285215604956775,1.31189867780866,59.11546202953846
0.14311617247626118,3.550070702939346,86.81381580519036
0.015282496946185692,5.011626320520124,82.0498121177746
0.03293615272332849,6.894133328678826,56.156403672612
0.054180048366220396,4.032318111920312,79.73861493640717
0.06690694857536428,7.715044786663923,85.34374454001204
0.18503347388938246,3.113217777884987,88.42155610307474
0.03413722836517144,2.2504072063128944,81.75558835988112
0.14467110251944226,6.754231848351267,91.81500959160942
0.04792547919165681,2.7690429582594103,55.89143299305101
0.0533912812488527,2.577892483366175,98.59935953399697
0.07451860562337384,3.5915531327690537,97.78584730988152
0.024687418321872802,2.9850564654873573,82.9678462731931
0.10400894942333251,3.9445952201989325,50.85910875140024
0.03697093534282835,6.344624760460194,86.94327380452786
0.01500466704007175,1.3295012910218025,82.33901439824625
0.08206424577231874,1.0821911421102435,62.43744507746553
0.1018854589337137,1.304691882335396,88.33870625782961
0.06403370318186977,0.07319554146303009,84.77727409956302
0.33943402461411754,6.221351589507053,96.02576765812866
0.26092294165648255,2.7975318258025252,57.60258650315855
0.018422050898839457,5.566913151446759,60.49998114553926
0.2534665463932936,1.0040483887968852,92.32435666594256
0.02974400834205521,2.08873829523063,59.657139557779544
0.01301807369432088,6.684058858615506,58.37532434186686
0.18228566535228208,7.5679314513475875,86.88597961414273
0.06125979527663193,5.673373061151948,66.16935669610885
0.07912727643400413,7.27813631295661,72.7331483488266
0.022167862179406625,7.792323643409176,69.75924082550911
0.038364629338964215,0.06110414320215263,73.4286578959328
0.016603248852110328,5.864211243786494,56.57953828238205
0.09580956759867304,3.2703596164118887,53.484224107106925
0.013285215604956775,1.31189867780866,59.11546202953846
0.06542509547008302,5.342572247303931,82.93417462988927
0.03072239238732921,4.10314354844785,77.51544604053876
0.03293615272332849,6.894133328678826,56.156403672612
0.06376368478307884,3.8863079007736845,84.81308124532175
0.06690694857536428,7.715044786663923,85.34374454001204
0.18503347388938246,3.113217777884987,88.42155610307474
0.03428716276271458,2.2394882293667955,81.7707424753319
0.12437020368582512,5.930111885093457,86.13459392518914
0.04792547919165681,2.7690429582594103,55.89143299305101
0.05597638215114971,3.0500173993632274,96.00117883833194
0.07451860562337384,3.5915531327690537,97.78584730988152
0.024687418321872802,2.9850564654873573,82.9678462731931
0.10400894942333251,3.9445952201989325,50.85910875140024
0.03817580021994896,6.180530771772018,96.13683439912981
0.01500466704007175,1.3295012910218025,82.33901439824625
0.08206424577231874,1.0821911421102435,62.43744507746553
0.1018854589337137,1.304691882335396,88.33870625782961
0.06403370318186977,0.07319554146303009,84.77727409956302
0.35344934033997794,6.508122062575173,97.0777033008055
0.26092294165648255,2.7975318258025252,57.60258650315855
0.01724869268450855,4.5949808431078525,60.183728670091526
0.2534665463932936,1.0040483887968852,92.32435666594256
0.02974400834205521,2.08873829523063,59.657139557779544
0.01301807369432088,6.684058858615506,58.37532434186686
0.11135842822730008,4.9423578469348755,75.23106337722376
0.06125979527663193,5.673373061151948,66.16935669610885
0.07912727643400413,7.27813631295661,72.7331483488266
0.022167862179406625,7.792323643409176,69.75924082550911
0.038364629338964215,0.06110414320215263,73.4286578959328
0.016603248852110328,5.864211243786494,56.57953828238205
0.09580956759867304,3.2703596164118887,53.484224107106925
0.013285215604956775,1.31189867780866,59.11546202953846
0.06579808281326069,5.3129502486609095,84.43540253893882
0.031026650918572096,3.944077754465175,77.87864201304605
0.02979984137344474,6.972189921100814,55.39355827769975
0.07978988425596809,3.8580270491054693,88.2077903331713
0.06690694857536428,7.715044786663923,85.34374454001204
0.11320581390542689,4.8987904949442544,73.13927635929375
0.03428716276271458,2.2394882293667955,81.7707424753319
0.11002978000231636,6.027208537272722,82.55963144355586
0.14645826409840756,2.782221929620753,56.68301388233837
0.06034294586008744,3.19921782998581,94.36357172865208
0.07451860562337384,3.5915531327690537,97.78584730988152
0.024687418321872802,2.9850564654873573,82.9678462731931
0.10400894942333251,3.9445952201989325,50.85910875140024
0.03817580021994896,6.180530771772018,96.13683439912981
0.01500466704007175,1.3295012910218025,82.33901439824625
0.07939016526962156,1.3428154975867712,66.36782830266583
0.09414201765870502,1.4117735844987078,87.58634052190187
0.06403370318186977,0.07319554146303009,84.77727409956302
0.3143002114502596,5.738696805424329,95.64473727065949
0.26092294165648255,2.7975318258025252,57.60258650315855
0.01724869268450855,4.5949808431078525,60.183728670091526
0.2854439275572699,0.5181985168146932,93.59049949116952
0.030945899922146913,2.118773178171332,59.514753675644364
0.01301807369432088,6.684058858615506,58.37532434186686
0.11135842822730008,4.9423578469348755,75.23106337722376
0.06125979527663193,5.673373061151948,66.16935669610885
0.08786258975596276,7.5122653161712645,67.74093440592644
0.02671748518146525,6.905050828533291,67.30974025747624
0.038300426010493605,2.1417554746005605,81.14960963582627
0.016603248852110328,5.864211243786494,56.57953828238205
0.09580956759867304,3.2703596164118887,53.484224107106925
0.013285215604956775,1.31189867780866,59.11546202953846
0.08296864664223054,6.285234430528536,85.04835221623898
0.02874341061428041,3.8007348305896933,78.28589881349978
0.02979984137344474,6.972189921100814,55.39355827769975
0.07670852543313475,3.117846169984733,87.53690114920026
0.07140334450388428,7.679124475363134,85.53096605621485
0.16393624749258162,7.732686555289604,65.82348775557902
0.03428716276271458,2.2394882293667955,81.7707424753319
0.10517321780340061,6.352566443957744,79.3130348713099
0.2426794134596456,3.8445704665236247,54.92550394220422
0.06034294586008744,3.19921782998581,94.36357172865208
0.07451860562337384,3.5915531327690537,97.78584730988152
0.024687418321872802,2.9850564654873573,82.9678462731931
0.10400894942333251,3.9445952201989325,50.85910875140024
0.03817580021994896,6.180530771772018,96.13683439912981
0.03684826935570329,1.85416423989899,74.53883693792633
0.07939016526962156,1.3428154975867712,66.36782830266583
0.12256936775700958,2.6756180515330628,90.23857516288973
0.06403370318186977,0.07319554146303009,84.77727409956302
0.20419140900901359,6.618321848130165,91.06001268945235
0.14805537676561548,2.464412332095632,58.54103518827574
0.01724869268450855,4.5949808431078525,60.183728670091526
0.2794190380942394,0.6669273395877138,92.97850688641856
0.03849643767974805,0.7537723319851,59.14598354120525
0.031145912810539612,5.349187053968676,72.1606581176703
0.08959524388980661,2.7031799812117914,79.62107184479302
0.05938355213192037,5.822380991054141,58.61771017371699
0.08786258975596276,7.5122653161712645,67.74093440592644
0.02671748518146525,6.905050828533291,67.30974025747624
0.04300103561253306,0.9770214392974141,83.26344208476705
0.01093605204442568,6.986745329393541,51.55218451947069
0.09351474002709295,3.000959957357888,55.28487735481874
0.0908553101846029,3.590226713238859,74.07248732150953
0.06163845289459844,5.307924570497793,82.38825422763067
0.022946866363159978,3.8888281440620256,75.46399057802955
0.02979984137344474,6.972189921100814,55.39355827769975
0.07565988117324365,3.1305250484958425,87.50875111126679
0.06866923920462087,7.67754185597223,86.11327050270421
0.15518839552195893,7.642955995503373,67.5153149846139
0.03428716276271458,2.2394882293667955,81.7707424753319
0.13746915011233019,7.127526026328536,77.0317069170899
0.1957905135835473,3.240060746979186,59.015529747248095
0.06317171296015128,3.27750873250741,95.0464902476621
0.07451860562337384,3.5915531327690537,97.78584730988152
0.024687418321872802,2.9850564654873573,82.9678462731931
0.10400894942333251,3.9445952201989325,50.85910875140024
0.05402187363042668,6.605246547351037,87.0808354092425
0.04896079230579891,2.231176402357394,70.26816471092533
0.059151041829754156,0.22739541201513802,54.24820690965526
0.11586710066525635,2.9713533814649504,88.63531843480534
0.06403370318186977,0.07319554146303009,84.77727409956302
0.1712556935369353,5.951683772735846,89.57524742257232
0.14805537676561548,2.464412332095632,58.54103518827574
0.014835514231796774,5.211927130760626,57.841221837079786
0.2794190380942394,0.6669273395877138,92.97850688641856
0.03849643767974805,0.7537723319851,59.14598354120525
0.05341654079025727,4.919872772717005,65.64982761456032
0.11123133173815727,3.097648246769678,85.43500200991826
0.05938355213192037,5.822380991054141,58.61771017371699
0.08786258975596276,7.5122653161712645,67.74093440592644
0.02671748518146525,6.905050828533291,67.30974025747624
0.030865361576209366,1.1137822962322241,73.40162388452273
0.010819870279012763,7.267404247106215,51.178130133394305
0.09351474002709295,3.000959957357888,55.28487735481874
0.08040236426757028,3.8482469565874458,69.24213242058755
0.04286280808466198,4.310530162497177,83.72946166647544
0.022946866363159978,3.8888281440620256,75.46399057802955
0.02979984137344474,6.972189921100814,55.39355827769975
0.07654301731083235,3.3627628633805116,87.7162368438797
0.06866923920462087,7.67754185597223,86.11327050270421
0.15518839552195893,7.642955995503373,67.5153149846139
0.0409897208402602,1.9963953714347205,79.68236861323084
0.13476278300497763,6.606828720913336,78.48544086094476
0.19526022482980282,3.2326649581629106,59.073723629234294
0.0593878155690174,3.0979934093105808,96.17862345821035
0.07451860562337384,3.5915531327690537,97.78584730988152
0.021983719210354503,3.2013972033797726,85.22092518732893
0.10661059566125489,3.8351209167105518,50.40678479627449
0.05402187363042668,6.605246547351037,87.0808354092425
0.05921716015728094,1.3353104147519437,74.00308804567797
0.06252090352833171,1.0328065326900182,55.73858655955526
0.15557379603084975,1.8321152885996685,96.38983312726836
0.06403370318186977,0.07319554146303009,84.77727409956302
0.19752856556329093,6.857056419079145,92.60200528746932
0.12368940259027125,2.7041144397857035,57.08634997693093
0.014835514231796774,5.211927130760626,57.841221837079786
0.2794190380942394,0.6669273395877138,92.97850688641856
0.05108164315695908,1.1144867435353867,63.94275436752942
0.04777517400688962,4.653615666773149,54.164956126946834
0.11123133173815727,3.097648246769678,85.43500200991826
0.059384304717984594,5.341469444595124,65.24799912933557
0.08964561414603966,7.515726465520368,67.73495920924668
0.025057040742366483,5.57681521924811,70.90057779694081
0.030865361576209366,1.1137822962322241,73.40162388452273
0.010819870279012763,7.267404247106215,51.178130133394305
0.09351474002709295,3.000959957357888,55.28487735481874
0.08040236426757028,3.8482469565874458,69.24213242058755
0.022697854756266844,3.7122852485284876,86.64026336855429
0.022946866363159978,3.8888281440620256,75.46399057802955
0.02979984137344474,6.972189921100814,55.39355827769975
0.0792826518631071,3.1512130299996657,89.61068079737984
0.06866923920462087,7.67754185597223,86.11327050270421
0.15518839552195893,7.642955995503373,67.5153149846139
0.029061001107081985,2.991939953206254,77.04499028545159
0.13476278300497763,6.606828720913336,78.48544086094476
0.19526022482980282,3.2326649581629106,59.073723629234294
0.0593878155690174,3.0979934093105808,96.17862345821035
0.07451860562337384,3.5915531327690537,97.78584730988152
0.021983719210354503,3.2013972033797726,85.22092518732893
0.10661059566125489,3.8351209167105518,50.40678479627449
0.054904773688904895,5.709660347129379,84.85837013184697
0.023484815038778417,1.2987775434265023,70.39917175087311
0.05098616563681275,1.865257883614674,61.48799656308297
0.15557379603084975,1.8321152885996685,96.38983312726836
0.04981825535652588,1.1307176452111487,84.92725510538375
0.19752856556329093,6.857056419079145,92.60200528746932
0.12368940259027125,2.7041144397857035,57.08634997693093
0.027417596539637948,4.96564574012009,60.553366116995896
0.22167894799729565,1.5014118998567407,90.38876557504291
0.05108164315695908,1.1144867435353867,63.94275436752942
0.04777517400688962,4.653615666773149,54.164956126946834
0.08763072537179666,4.077703397622686,77.38330216657272
0.059342552693518597,4.34074738026626,67.4349843659371
0.08964561414603966,7.515726465520368,67.73495920924668
0.014689203353223393,5.9669254445738495,73.26555711399496
0.02780346147567108,0.7668153262619444,74.04316377750496
0.010819870279012763,7.267404247106215,51.178130133394305
0.06366788099648885,4.861258622357168,55.335788276017546
0.1154076394947884,2.128151352951263,78.32969648335715
0.03212307603210335,3.8818216189264083,86.96166420548863
0.023871686567497857,3.9173154241126005,74.67063093081153
0.02979984137344474,6.972189921100814,55.39355827769975
0.08853385701296027,2.9912567998038275,90.43273333873393
0.06870099920850378,7.678118195752116,86.1383714364461
0.1739613273668037,7.635323697423869,63.472999174274804
0.028482802192017202,4.009760344771447,82.89846690824197
0.13476278300497763,6.606828720913336,78.48544086094476
0.18441315171063927,3.3371715244150337,58.71269883570306
0.06043438211790009,3.1430271690069467,93.98150813190443
0.07451860562337384,3.5915531327690537,97.78584730988152
0.021983719210354503,3.2013972033797726,85.22092518732893
0.0769606948031227,3.854154421189686,59.28690134670624
0.054904773688904895,5.709660347129379,84.85837013184697
0.02166569580326893,1.3066309398517246,71.30240777750245
0.05475437326365286,2.416019460062813,62.09689951425262
0.15557379603084975,1.8321152885996685,96.38983312726836
0.04981825535652588,1.1307176452111487,84.92725510538375
0.22537150630009695,7.266731750274651,99.74842428173338
0.12368940259027125,2.7041144397857035,57.08634997693093
0.027417596539637948,4.96564574012009,60.553366116995896
0.2326080212608214,1.4467371663972026,89.39661738406788
0.05108164315695908,1.1144867435353867,63.94275436752942
0.04777517400688962,4.653615666773149,54.164956126946834
0.04883354929042928,2.030241836158562,83.05031281712004
0.03003891903279087,1.270482544466362,67.14490301790066
0.08964561414603966,7.515726465520368,67.73495920924668
0.014689203353223393,5.9669254445738495,73.26555711399496
0.033930784599580904,1.4354977297547444,73.41814659986129
0.010819870279012763,7.267404247106215,51.178130133394305
0.06402998884837208,4.818886306851167,56.752421746835054
0.13685807213041037,2.3161351687975538,79.93771075167705
0.049242545354824155,3.597579577705656,88.26911100391538
0.0235951529671169,3.976255493498431,74.60964233511781
0.022400435223310006,7.27458559555885,52.98170688063746
0.08853385701296027,2.9912567998038275,90.43273333873393
0.053039975479445015,6.649130933418042,76.43259745676914
0.1739613273668037,7.635323697423869,63.472999174274804
0.029265920025958167,3.3070125714854006,99.3261369001797
0.13476278300497763,6.606828720913336,78.48544086094476
0.18441315171063927,3.3371715244150337,58.71269883570306
0.06043438211790009,3.1430271690069467,93.98150813190443
0.07451860562337384,3.5915531327690537,97.78584730988152
0.021983719210354503,3.2013972033797726,85.22092518732893
0.08162438734342015,3.8512766746181155,56.408367904550616
0.054904773688904895,5.709660347129379,84.85837013184697
0.05804745177083642,1.2867735014346573,74.57085272891155
0.05475437326365286,2.416019460062813,62.09689951425262
0.15557379603084975,1.8321152885996685,96.38983312726836
0.04099804413309689,1.7868748372395145,85.02031331692196
0.22537150630009695,7.266731750274651,99.74842428173338
0.11117205341393352,2.8757750770209105,60.48001469406334
0.027417596539637948,4.96564574012009,60.553366116995896
0.23503940342562687,1.1901699514731146,90.47136207600944
0.035570346854522476,0.33719927673171846,52.97160285035874
0.04777517400688962,4.653615666773149,54.164956126946834
0.04952511120318855,1.850683387259072,84.05518050519295
0.01596745036467212,0.8515049469357159,54.933567024144466
0.08964561414603966,7.515726465520368,67.73495920924668
0.01339143228961662,6.1510653679476635,72.3592445747214
0.03649512084243364,1.5442256426268923,77.5515642632913
0.010819870279012763,7.267404247106215,51.178130133394305
0.06887823647144933,4.251565060245085,75.71967092948277
0.13335445618861874,2.406744529003256,76.85784493734565
0.04887807260088755,3.592278193952556,88.47084601232727
0.0235951529671169,3.976255493498431,74.60964233511781
0.022400435223310006,7.27458559555885,52.98170688063746
0.07144901722060731,3.52270743098293,75.3761326861884
0.053039975479445015,6.649130933418042,76.43259745676914
0.16983661810437312,7.511940202951339,64.49503416476267
0.029265920025958167,3.3070125714854006,99.3261369001797
0.13476278300497763,6.606828720913336,78.48544086094476
0.1318784373625813,3.5459422716108397,63.90578289516136
0.0605899802966065,3.215549179661551,92.3704370469251
0.07451860562337384,3.5915531327690537,97.78584730988152
0.010342779018185921,2.7661246678459412,97.87066054102516
0.09665354183528115,3.0470441446308083,54.02798330492325
0.054904773688904895,5.709660347129379,84.85837013184697
0.06001392677264372,1.5619388948412354,77.34246830115858
0.05475437326365286,2.416019460062813,62.09689951425262
0.15557379603084975,1.8321152885996685,96.38983312726836
0.04099804413309689,1.7868748372395145,85.02031331692196
0.19305748145028842,6.776468985075702,91.137039460893
0.12311443778490924,2.736583485515777,55.12121111471696
0.052321254781377585,5.419331115051696,61.04952888997397
0.23503940342562687,1.1901699514731146,90.47136207600944
0.043327360482623936,0.1336846535306081,52.195238865486274
0.04913784283482096,4.216731364118107,55.71364553975069
0.04952511120318855,1.850683387259072,84.05518050519295
0.01596745036467212,0.8515049469357159,54.933567024144466
0.08030813594846672,7.348620964740705,68.30121226879399
0.01339143228961662,6.1510653679476635,72.3592445747214
0.03639360623111289,1.56897922666298,77.85732935877346
0.010819870279012763,7.267404247106215,51.178130133394305
0.11043991990335078,1.5482998643279728,96.05256186463427
0.13335445618861874,2.406744529003256,76.85784493734565
0.04887807260088755,3.592278193952556,88.47084601232727
0.017842103587938633,3.9220924603432925,78.86563898995692
0.022400435223310006,7.27458559555885,52.98170688063746
0.05381774560546384,2.6738363697604735,68.87976915280443
0.053039975479445015,6.649130933418042,76.43259745676914
0.16983661810437312,7.511940202951339,64.49503416476267
0.029265920025958167,3.3070125714854006,99.3261369001797
0.13476278300497763,6.606828720913336,78.48544086094476
0.17822156359683927,1.7218140422191555,56.5422228424264
0.060310735552965414,3.2899735296360997,91.31269254291593
0.07451860562337384,3.5915531327690537,97.78584730988152
0.010342779018185921,2.7661246678459412,97.87066054102516
0.09665354183528115,3.0470441446308083,54.02798330492325
0.010038523989709391,7.598634796860387,89.43395985590367
0.06001392677264372,1.5619388948412354,77.34246830115858
0.05083224339844957,1.6589370721082206,61.14462799761567
0.11460614878146456,3.4100972184515252,91.6970597469817
0.043290648195652974,1.965307252157404,85.76727985115737
0.19305748145028842,6.776468985075702,91.137039460893
0.12408568287970934,2.705298925668627,57.18288699706167
0.052321254781377585,5.419331115051696,61.04952888997397
0.1578867204389911,4.260919816464014,79.41679910543982
0.043327360482623936,0.1336846535306081,52.195238865486274
0.05284981655952155,4.320345784989754,56.70083812322642
0.04952511120318855,1.850683387259072,84.05518050519295
0.01596745036467212,0.8515049469357159,54.933567024144466
0.08030813594846672,7.348620964740705,68.30121226879399
0.01339143228961662,6.1510653679476635,72.3592445747214
0.043715024986060474,1.2325291395376214,72.23271033730892
0.010819870279012763,7.267404247106215,51.178130133394305
0.1018614109382788,1.9612183937498573,90.19080619298248
0.12104914049783211,2.305605413834999,74.7673803448588
0.04161186359748878,4.6857950264285355,77.63325503281787
0.02027476523114792,3.7911133553084584,83.22263025791112
0.023499268043313856,7.4116219478748375,50.61821842960286
0.05421728735374876,1.9408283534162978,70.9703318437
0.05228095010171051,4.933486262058603,71.17654447216265
0.16259615253240195,7.458452870859996,65.23506841648826
0.029265920025958167,3.3070125714854006,99.3261369001797
0.13476278300497763,6.606828720913336,78.48544086094476
0.11132244853904769,1.6056484338285932,56.67598742062777
0.03273748587424262,2.061579154099241,96.0632538158853
0.057037987161046314,3.4816382200253972,98.38084436462063
0.010342779018185921,2.7661246678459412,97.87066054102516
0.10286567567053995,2.685419564813115,51.02902617774365
0.042083770471001106,6.223693451242738,80.3719754180054
0.06001392677264372,1.5619388948412354,77.34246830115858
0.05083224339844957,1.6589370721082206,61.14462799761567
0.11460614878146456,3.4100972184515252,91.6970597469817
0.043290648195652974,1.965307252157404,85.76727985115737
0.22411168721064523,7.610836879296074,89.39521893523653
0.12408568287970934,2.705298925668627,57.18288699706167
0.052321254781377585,5.419331115051696,61.04952888997397
0.1578867204389911,4.260919816464014,79.41679910543982
0.043327360482623936,0.1336846535306081,52.195238865486274
0.05284981655952155,4.320345784989754,56.70083812322642
0.02990491980101595,1.4142806760130147,84.89501604751494
0.0156816004976434,1.4395748274718967,56.867221006991784
0.08030813594846672,7.348620964740705,68.30121226879399
0.011755271312316122,6.226977040395441,73.00852796725471
0.043715024986060474,1.2325291395376214,72.23271033730892
0.010819870279012763,7.267404247106215,51.178130133394305
0.08837080726296051,0.05637115434971385,94.99037638261487
0.11730971062006045,2.520463965951472,75.34947177672953
0.03873856102951745,5.629040198620549,82.77152649508793
0.014663558579896294,4.2362396781046225,82.60225194156547
0.023499268043313856,7.4116219478748375,50.61821842960286
0.05421728735374876,1.9408283534162978,70.9703318437
0.06067114047426955,5.089000276702546,68.62815244041137
0.12154520074764566,5.776654376868765,62.89691950072825
0.029265920025958167,3.3070125714854006,99.3261369001797
0.13476278300497763,6.606828720913336,78.48544086094476
0.11670912410526382,1.3020317711064937,55.353023091581704
0.03273748587424262,2.061579154099241,96.0632538158853
0.057037987161046314,3.4816382200253972,98.38084436462063
0.010342779018185921,2.7661246678459412,97.87066054102516
0.10286567567053995,2.685419564813115,51.02902617774365
0.03312061298523346,7.357764894987866,88.4546118627805
0.06001392677264372,1.5619388948412354,77.34246830115858
0.05083224339844957,1.6589370721082206,61.14462799761567
0.12905970329049876,3.4275560369442433,90.40496943863154
0.043290648195652974,1.965307252157404,85.76727985115737
0.23627880889408004,7.626958876830431,89.45514048263495
0.12408568287970934,2.705298925668627,57.18288699706167
0.06377565739805113,3.7153015674348855,71.83391054160307
0.1578867204389911,4.260919816464014,79.41679910543982
0.043327360482623936,0.1336846535306081,52.195238865486274
0.05284981655952155,4.320345784989754,56.70083812322642
0.02990491980101595,1.4142806760130147,84.89501604751494
0.0156816004976434,1.4395748274718967,56.867221006991784
0.08030813594846672,7.348620964740705,68.30121226879399
0.011755271312316122,6.226977040395441,73.00852796725471
0.048492983455237094,0.8716862859529504,61.860499782762275
0.010332932749620301,7.8511036157883245,50.608326435965154
0.08837080726296051,0.05637115434971385,94.99037638261487
0.08138782864890318,2.2510431803427347,80.40529469302152
0.037732453994023155,5.847771154056769,83.2992307551647
0.014663558579896294,4.2362396781046225,82.60225194156547
0.023499268043313856,7.4116219478748375,50.61821842960286
0.055291810096293706,2.030309789016708,74.08932893311763
0.06141615066639239,5.102809203649735,68.40186698646163
0.14338230936839724,6.690161737006656,54.74158247821072
0.029265920025958167,3.3070125714854006,99.3261369001797
0.13788543661087885,6.732385659092003,77.68612768402294
0.11670912410526382,1.3020317711064937,55.353023091581704
0.03273748587424262,2.061579154099241,96.0632538158853
0.057037987161046314,3.4816382200253972,98.38084436462063
0.010342779018185921,2.7661246678459412,97.87066054102516
0.10286567567053995,2.685419564813115,51.02902617774365
0.03312061298523346,7.357764894987866,88.4546118627805
0.06435397296947461,0.7322747772550899,76.23497319853975
0.047515837979153146,1.8862147913057667,57.443496249600344
0.10604386347363251,3.444838975058422,92.95380428402694
0.043290648195652974,1.965307252157404,85.76727985115737
0.23395880760657747,7.508210918169545,89.54196306338085
0.12408568287970934,2.705298925668627,57.18288699706167
0.0656182321767764,3.8727091310041217,70.58063920455902
0.2586077182644534,1.8102413194402303,99.08161529576029
0.039892354004961536,0.4078263312408401,56.95186642780938
0.05660041965165859,4.457482289084061,53.06822403872871
0.02990491980101595,1.4142806760130147,84.89501604751494
0.0156816004976434,1.4395748274718967,56.867221006991784
0.08030813594846672,7.348620964740705,68.30121226879399
0.011755271312316122,6.226977040395441,73.00852796725471
0.048492983455237094,0.8716862859529504,61.860499782762275
0.02352990115264872,7.530003473916734,53.18490891149555
0.07714298286888016,1.350502225363189,87.75135898394346
0.08138782864890318,2.2510431803427347,80.40529469302152
0.036923148448095695,5.604903172956854,84.83122295836658
0.014663558579896294,4.2362396781046225,82.60225194156547
0.03439371753728966,6.762866703686225,50.67460909156749
0.055291810096293706,2.030309789016708,74.08932893311763
0.06142389362757533,5.101703582297305,68.40652068030126
0.1332351362722862,6.265677091677654,58.53116917953656
0.029265920025958167,3.3070125714854006,99.3261369001797
0.13788543661087885,6.732385659092003,77.68612768402294
0.12191062738072364,2.6358807841380596,60.83866733006599
0.03273748587424262,2.061579154099241,96.0632538158853
0.06077021161208886,3.4329804719950907,96.22098420478652
0.010342779018185921,2.7661246678459412,97.87066054102516
0.10286567567053995,2.685419564813115,51.02902617774365
0.03312061298523346,7.357764894987866,88.4546118627805
0.06435397296947461,0.7322747772550899,76.23497319853975
0.013623686275640978,0.1546397128860333,57.013446346261894
0.11104526848281769,3.453817148141397,92.5387030865282
0.05240388665907693,2.138841848733095,95.30665733112937
0.23395880760657747,7.508210918169545,89.54196306338085
0.12408568287970934,2.705298925668627,57.18288699706167
0.0656182321767764,3.8727091310041217,70.58063920455902
0.14852710710842715,3.7798266870573136,87.454663959917
0.046095663111679466,1.5199348843897311,71.94091662956484
0.05660041965165859,4.457482289084061,53.06822403872871
0.02990491980101595,1.4142806760130147,84.89501604751494
0.0156816004976434,1.4395748274718967,56.867221006991784
0.055404826377183775,7.3762387125350095,60.549516345902305
0.011755271312316122,6.226977040395441,73.00852796725471
0.03771835657903519,0.9663907800905618,52.09568735048249
0.02352990115264872,7.530003473916734,53.18490891149555
0.07714298286888016,1.350502225363189,87.75135898394346
0.09977008089491851,2.3222037278179943,70.95452340320881
0.03644381465818547,5.4610578349207035,85.73858808463929
0.014663558579896294,4.2362396781046225,82.60225194156547
0.03353989290325004,6.187435754394607,58.77552821617434
0.04029108894599427,3.4762914163318785,73.71693382866687
0.06142389362757533,5.101703582297305,68.40652068030126
0.13760696481784157,7.966911278165648,59.175410783913684
0.029265920025958167,3.3070125714854006,99.3261369001797
0.11403148961504,6.064791231006334,70.46174377329405
0.12427827034037138,2.6187292328333105,59.855075401674526
0.039195036617037396,2.4153704424141975,99.39548754862368
0.06833888836600285,2.8019843560885285,99.48237420800876
0.010342779018185921,2.7661246678459412,97.87066054102516
0.10286567567053995,2.685419564813115,51.02902617774365
0.03312061298523346,7.357764894987866,88.4546118627805
0.04646930944801815,0.16925435537602596,81.1236239373143
0.013623686275640978,0.1546397128860333,57.013446346261894
0.12086118312334672,3.5208495593697675,92.01897373804316
0.06659109447829667,2.1937627290501305,88.0126623110386
0.23395880760657747,7.508210918169545,89.54196306338085
0.12318459223106978,2.733549077808371,57.30983691995421
0.07002811950042243,3.679959678625954,70.38186223972086
0.0935621436279124,3.3766109589344366,91.59778843435014
0.046095663111679466,1.5199348843897311,71.94091662956484
0.05660041965165859,4.457482289084061,53.06822403872871
0.017925420311629428,1.250067178935957,88.41991248026451
0.0156816004976434,1.4395748274718967,56.867221006991784
0.055404826377183775,7.3762387125350095,60.549516345902305
0.011755271312316122,6.226977040395441,73.00852796725471
0.0497247512207199,1.3736767524786915,58.71774185707329
0.02352990115264872,7.530003473916734,53.18490891149555
0.06718193526492613,2.7097800102653604,87.91048570570398
0.09977008089491851,2.3222037278179943,70.95452340320881
0.03644381465818547,5.4610578349207035,85.73858808463929
0.0143155371129117,5.192290099029661,91.3998692720624
0.03353989290325004,6.187435754394607,58.77552821617434
0.04072588554641355,3.8971516440656475,63.53042396399019
0.057705687133521276,7.194195218917031,54.29836323862287
0.13760696481784157,7.966911278165648,59.175410783913684
0.029265920025958167,3.3070125714854006,99.3261369001797
0.11908237014069609,6.104093675043648,69.46723639221113
0.13728288886903856,2.7760726010705765,53.96544869301893
0.039195036617037396,2.4153704424141975,99.39548754862368
0.06833888836600285,2.8019843560885285,99.48237420800876
0.010342779018185921,2.7661246678459412,97.87066054102516
0.11885622932657958,1.708967523971972,50.594496374011605
0.03312061298523346,7.357764894987866,88.4546118627805
0.04646930944801815,0.16925435537602596,81.1236239373143
0.013901209199392023,2.1753982184526017,70.80691180675673
0.1836746144141655,0.774003745361945,94.5706986629553
0.06659109447829667,2.1937627290501305,88.0126623110386
0.23395880760657747,7.508210918169545,89.54196306338085
0.13607908168978142,3.164561909514164,53.307158255055995
0.07002811950042243,3.679959678625954,70.38186223972086
0.16583142637744736,5.4084783770050215,94.63418141647871
0.05322150692553893,1.9306524935723735,80.76410314438384
0.05660041965165859,4.457482289084061,53.06822403872871
0.017925420311629428,1.250067178935957,88.41991248026451
0.0156816004976434,1.4395748274718967,56.867221006991784
0.05808784494991571,6.401981472388533,60.18357441556744
0.011755271312316122,6.226977040395441,73.00852796725471
0.06813221901638465,2.754670098381651,58.813603416393036
0.02352990115264872,7.530003473916734,53.18490891149555
0.08381493846690502,2.693291713607967,84.99581154676679
0.09771855711464301,2.3186963451356357,70.95099676201292
0.03644381465818547,5.4610578349207035,85.73858808463929
0.03623697080757829,5.647586560567856,78.05316651481955
0.03560387305339248,6.736171909354685,58.996081677315445
0.030638560823478232,2.8786741801069597,64.49890178370582
0.057705687133521276,7.194195218917031,54.29836323862287
0.13760696481784157,7.966911278165648,59.175410783913684
0.029265920025958167,3.3070125714854006,99.3261369001797
0.12327569179674017,6.525770560965954,67.13752629837857
0.13728288886903856,2.7760726010705765,53.96544869301893
0.039195036617037396,2.4153704424141975,99.39548754862368
0.06833888836600285,2.8019843560885285,99.48237420800876
0.010342779018185921,2.7661246678459412,97.87066054102516
0.11885622932657958,1.708967523971972,50.594496374011605
0.03312061298523346,7.357764894987866,88.4546118627805
0.02893973836284074,1.4293261696302257,89.24973970647207
0.02726977534774079,3.260388663067719,68.26178076887905
0.1836746144141655,0.774003745361945,94.5706986629553
0.10028844517443068,2.8472015326239095,87.73067193469105
0.23395880760657747,7.508210918169545,89.54196306338085
0.13280928769323794,3.142978386813086,54.94939974443267
0.06277105042996556,3.34151468482363,72.8942728927212
0.15414865192109703,4.488406645363251,83.68147148057982
0.05322150692553893,1.9306524935723735,80.76410314438384
0.05660041965165859,4.457482289084061,53.06822403872871
0.017925420311629428,1.250067178935957,88.41991248026451
0.0156816004976434,1.4395748274718967,56.867221006991784
0.06371523089976479,6.218295336437862,61.32323110800127
0.011755271312316122,6.226977040395441,73.00852796725471
0.06813221901638465,2.754670098381651,58.813603416393036
0.02352990115264872,7.530003473916734,53.18490891149555
0.07666531281129682,2.913524380566791,80.88433409158252
0.09588644526477264,2.298196375240747,70.63478193046456
0.03662451303721315,5.298106708901736,92.45255717646484
0.016606452782949983,6.9751467385249155,76.67845552268248
0.03560387305339248,6.736171909354685,58.996081677315445
0.03321599548598139,2.8775095163993387,65.35860701102163
0.061356960133682456,7.271051490125597,52.811631985351056
0.13760696481784157,7.966911278165648,59.175410783913684
0.029265920025958167,3.3070125714854006,99.3261369001797
0.053399620035097795,5.905539802198407,52.99323681288746
0.10984801819968365,2.78638365993787,72.07798866254714
0.039195036617037396,2.4153704424141975,99.39548754862368
0.06833888836600285,2.8019843560885285,99.48237420800876
0.010342779018185921,2.7661246678459412,97.87066054102516
0.11885622932657958,1.708967523971972,50.594496374011605
0.03312061298523346,7.357764894987866,88.4546118627805
0.02763825945951086,0.39292038040305766,95.15815835373144
0.038918653605184136,4.205809545124838,66.04404692364244
0.1836746144141655,0.774003745361945,94.5706986629553
0.08502079595588692,2.8541005152457455,82.63813630887665
0.23395880760657747,7.508210918169545,89.54196306338085
0.13280928769323794,3.142978386813086,54.94939974443267
0.06277105042996556,3.34151468482363,72.8942728927212
0.23372390257105924,5.241190702202653,73.7126939465906
0.05950033100518051,0.6567077806582562,76.34223330914604
0.05727811350662118,4.150890250896915,53.08410081585976
0.017925420311629428,1.250067178935957,88.41991248026451
0.012097676783265204,1.3606623313873532,56.173191437013585
0.06371523089976479,6.218295336437862,61.32323110800127
0.011271855066554714,6.307588460589,72.28197808804549
0.06813221901638465,2.754670098381651,58.813603416393036
0.03551582976560409,6.265308528745374,65.5689896175064
0.07432837257679668,2.793376411221005,81.56471506367667
0.10651772014484569,1.5155267564201784,72.68735230194989
0.014357289883135185,6.422598674442506,96.96819115508805
0.01890721150077058,6.407540830895023,75.11042679285725
0.03560387305339248,6.736171909354685,58.996081677315445
0.03321599548598139,2.8775095163993387,65.35860701102163
0.061356960133682456,7.271051490125597,52.811631985351056
0.15060781937391476,7.59822811371054,61.14173543445206
0.026470984391144436,4.116856990680751,94.32602034607794
0.053072656410430165,5.872845346828207,53.03421376712417
0.12952913350251716,1.322265548556036,76.66617064489637
0.039195036617037396,2.4153704424141975,99.39548754862368
0.06833888836600285,2.8019843560885285,99.48237420800876
0.010342779018185921,2.7661246678459412,97.87066054102516
0.11885622932657958,1.708967523971972,50.594496374011605
0.03312061298523346,7.357764894987866,88.4546118627805
0.04603904363170658,1.3389509292468924,89.80092104079215
0.038918653605184136,4.205809545124838,66.04404692364244
0.15384809787172227,1.8794832034291238,88.73223315005933
0.07356010654238243,3.432863887574179,84.96228234971743
0.23395880760657747,7.508210918169545,89.54196306338085
0.13286466260290367,3.1397791673754973,54.95105649517248
0.07191951783861869,3.0532873029765097,72.27006534419382
0.16123879692460444,4.38670230342448,70.692629137638
0.056339774191567035,0.6266696668655392,76.32761329113661
0.060361903531168264,3.9197118102938315,57.12507152346393
0.017925420311629428,1.250067178935957,88.41991248026451
0.01588888946914363,2.154685536257201,57.69429642265025
0.06308469784505394,6.499771731344418,59.04747691027846
0.011271855066554714,6.307588460589,72.28197808804549
0.06813221901638465,2.754670098381651,58.813603416393036
0.038329322668935226,6.854560263501043,66.69781525639793
0.07176739731620346,3.637583216138362,76.43595678637274
0.10651772014484569,1.5155267564201784,72.68735230194989
0.014357289883135185,6.422598674442506,96.96819115508805
0.03261257774924327,5.513776678500566,76.70653887184194
0.03851677155976034,6.440765642097427,60.0607954508275
0.03561771759330517,3.4369341702123295,65.64728575643687
0.061356960133682456,7.271051490125597,52.811631985351056
0.15060781937391476,7.59822811371054,61.14173543445206
0.02624473287081557,4.1471118113565915,94.23587809882284
0.049712604367063366,5.3057433228345685,53.124491284178966
0.09926119723003723,2.598258351661675,75.54403708430625
0.035738108407615536,2.877638023702885,98.01819171015195
0.06833888836600285,2.8019843560885285,99.48237420800876
0.01032076139246794,2.6821976045885227,98.47707164575138
0.11885622932657958,1.708967523971972,50.594496374011605
0.03312061298523346,7.357764894987866,88.4546118627805
0.04603904363170658,1.3389509292468924,89.80092104079215
0.029660050937959405,4.647595946395796,55.52094305654223
0.20134640114777344,0.4042901256435645,94.21252347424516
0.04793171802060529,2.047338363207862,92.88571328244976
0.2451617379977315,7.496112004922857,93.3591436387533
0.12772434620702747,2.8228858006265383,58.41142660387953
0.07191951783861869,3.0532873029765097,72.27006534419382
0.17516220631014517,4.611602457815284,67.41805248427846
0.03202914296855204,0.20579896937075892,86.33439173434671
0.060361903531168264,3.9197118102938315,57.12507152346393
0.020757376374331102,2.236242785674258,90.39971056775842
0.01588888946914363,2.154685536257201,57.69429642265025
0.06308469784505394,6.499771731344418,59.04747691027846
0.011271855066554714,6.307588460589,72.28197808804549
0.0710774571550364,3.2861517481222124,54.43936799616364
0.038329322668935226,6.854560263501043,66.69781525639793
0.07153340846039358,3.5183974494226082,68.97595237956261
0.11236318467772866,1.3185604816142968,68.5848341547999
0.019941509110785065,6.43144279905806,92.62243195161113
0.03261257774924327,5.513776678500566,76.70653887184194
0.03851677155976034,6.440765642097427,60.0607954508275
0.03739960506415856,3.4409758131002977,65.81243110676148
0.061356960133682456,7.271051490125597,52.811631985351056
0.11425331509165734,6.116381146386921,59.523669686115554
0.028292442202876487,3.4050080785502534,94.76003349266644
0.05617780943637933,5.517938631005808,52.35184394019697
0.08943274615942126,2.3657040383304793,78.17683333383958
0.035242436749970636,3.295697982035161,94.63841929895472
0.06833888836600285,2.8019843560885285,99.48237420800876
0.022066528516116245,4.431934039218193,85.15001277872989
0.11885622932657958,1.708967523971972,50.594496374011605
0.03312061298523346,7.357764894987866,88.4546118627805
0.04603904363170658,1.3389509292468924,89.80092104079215
0.029660050937959405,4.647595946395796,55.52094305654223
0.17419827782125077,1.0048717557624438,85.92377485228567
0.0543880120283073,1.6077098288532468,90.16815951706324
0.23536223378057672,7.3062811033650155,92.0631750510607
0.12772434620702747,2.8228858006265383,58.41142660387953
0.07311092289387434,3.1515257731381077,71.05374769825285
0.17516220631014517,4.611602457815284,67.41805248427846
0.03202914296855204,0.20579896937075892,86.33439173434671
0.060361903531168264,3.9197118102938315,57.12507152346393
0.020757376374331102,2.236242785674258,90.39971056775842
0.01588888946914363,2.154685536257201,57.69429642265025
0.09558434082319443,6.620318826446373,50.74612650744564
0.011271855066554714,6.307588460589,72.28197808804549
0.0710774571550364,3.2861517481222124,54.43936799616364
0.038329322668935226,6.854560263501043,66.69781525639793
0.07153340846039358,3.5183974494226082,68.97595237956261
0.12940144784280816,0.13254377432941844,65.43374010821883
0.019941509110785065,6.43144279905806,92.62243195161113
0.03762665900471089,6.520896378989831,82.4067723904453
0.03844705887207607,6.594656844549266,62.52911887927449
0.03739960506415856,3.4409758131002977,65.81243110676148
0.0614328550447177,7.300442970635493,52.628363013898074
0.11425331509165734,6.116381146386921,59.523669686115554
0.029279582443957963,3.389482254134799,94.74276005976141
0.061867477163168386,4.247255538259036,74.4022770113953
0.09728224295851062,2.4594229420922273,74.12507010987841
0.035242436749970636,3.295697982035161,94.63841929895472
0.06833888836600285,2.8019843560885285,99.48237420800876
0.022066528516116245,4.431934039218193,85.15001277872989
0.11885622932657958,1.708967523971972,50.594496374011605
0.033735779821445,7.278187883612711,88.64723667473001
0.07640097439880192,2.2809616393098624,89.29537089230541
0.027587475278916942,4.588733195413034,63.607899977829966
0.10909198192644676,3.2952343958752945,88.75103977461205
0.05862115289724814,2.0794521934261088,84.93587465901649
0.20911456707448034,6.045260935606825,82.72068612305722
0.1407797590312872,2.9787606304867955,51.672467036292545
0.060288377966949074,4.369076913664633,75.15626112862407
0.14261676346807406,4.197157684085615,63.35984955251415
0.04551969395406641,1.175550420242499,81.93554643848171
0.060361903531168264,3.9197118102938315,57.12507152346393
0.020583929304446618,1.9453398400633084,91.09523301333486
0.01588888946914363,2.154685536257201,57.69429642265025
0.09558434082319443,6.620318826446373,50.74612650744564
0.011271855066554714,6.307588460589,72.28197808804549
0.0710774571550364,3.2861517481222124,54.43936799616364
0.03817764432731986,6.851494057261966,66.7291188717274
0.07801906520722451,3.2854129760974837,75.85602322652377
0.12940144784280816,0.13254377432941844,65.43374010821883
0.019941509110785065,6.43144279905806,92.62243195161113
0.040636862763023,5.935012925410017,77.57879697477107
0.05162778022726432,5.793791604943482,60.57278811709812
0.03739960506415856,3.4409758131002977,65.81243110676148
0.0614328550447177,7.300442970635493,52.628363013898074
0.10215618052154243,5.684514237234771,64.8999907747812
0.029279582443957963,3.389482254134799,94.74276005976141
0.05632604059683659,4.687779788946336,75.23138555940854
0.08147971458212436,2.6724355360506955,79.35014740243895
0.035242436749970636,3.295697982035161,94.63841929895472
0.06833888836600285,2.8019843560885285,99.48237420800876
0.02007850026014919,3.6990918748700308,76.31447876829725
0.11885622932657958,1.708967523971972,50.594496374011605
0.033735779821445,7.278187883612711,88.64723667473001
0.07878140744881146,2.037747110244405,94.06991453503136
0.027587475278916942,4.588733195413034,63.607899977829966
0.13087642146809217,2.1438174318157115,88.78104782027317
0.0647057287604412,1.9120876467850643,83.25938804279379
0.14880669753044465,6.168374690239682,85.87733645220308
0.1407797590312872,2.9787606304867955,51.672467036292545
0.06718390918185949,4.664594573167114,69.79252460007753
0.18003846077208396,5.63158299130421,54.473622885054255
0.03408818174652481,0.14600562347920354,87.63053312149786
0.060361903531168264,3.9197118102938315,57.12507152346393
0.0284546928689852,2.6453888473471165,79.26133713550942
0.01588888946914363,2.154685536257201,57.69429642265025
0.09558434082319443,6.620318826446373,50.74612650744564
0.016325079675141872,5.488726325246541,78.58479319674204
0.10613658861759911,4.004927834013697,52.37163968955284
0.03717645453062425,7.22460916763721,62.31202974434646
0.08517697182636956,3.2343075902520164,75.79938618889665
0.12940144784280816,0.13254377432941844,65.43374010821883
0.02663352230693431,6.842224158831964,90.69394585704717
0.040636862763023,5.935012925410017,77.57879697477107
0.05129337685423081,5.710224556897365,61.00720430943449
0.03739960506415856,3.4409758131002977,65.81243110676148
0.06460432258538668,7.554542631840145,51.59952996981238
0.13085954618652912,5.749989012405594,60.32356236949284
0.014072861868969389,4.015009897340095,94.77989602442442
0.07406441489473291,5.539266053519281,62.43488325964798
0.09670889435088843,2.2798674312469336,67.63356596423165
0.0448498363342613,3.7074365632362003,87.1652372498075
0.06833888836600285,2.8019843560885285,99.48237420800876
0.02007850026014919,3.6990918748700308,76.31447876829725
0.11885622932657958,1.708967523971972,50.594496374011605
0.033735779821445,7.278187883612711,88.64723667473001
0.09919222962180979,0.5136292256169908,94.5720280743678
0.027587475278916942,4.588733195413034,63.607899977829966
0.13087642146809217,2.1438174318157115,88.78104782027317
0.0647057287604412,1.9120876467850643,83.25938804279379
0.14880669753044465,6.168374690239682,85.87733645220308
0.1407797590312872,2.9787606304867955,51.672467036292545
0.06761832543965189,4.719818931251927,69.32798330752286
0.16703680556942477,5.5201789777272126,56.23847042886754
0.0347074470447192,1.5654182987915553,82.55362714854977
0.01564935465648004,6.372421161044378,51.7440720704185
0.0284546928689852,2.6453888473471165,79.26133713550942
0.02670140593135374,2.1078810509513723,56.94875220435158
0.09558434082319443,6.620318826446373,50.74612650744564
0.02355593480710884,4.786125102850447,74.20248335768827
0.09844471527767912,3.941819921934819,53.8757043113161
0.03717645453062425,7.22460916763721,62.31202974434646
0.09112339364983349,2.0009051075947983,82.95084308285267
0.12940144784280816,0.13254377432941844,65.43374010821883
0.02663352230693431,6.842224158831964,90.69394585704717
0.040636862763023,5.935012925410017,77.57879697477107
0.04600743238589157,5.749909930644472,60.675790711335786
0.0330375822723234,4.028878535187442,62.991015186943656
0.06460432258538668,7.554542631840145,51.59952996981238
0.16956637196395138,5.670611098852501,52.92081913163164
0.014072861868969389,4.015009897340095,94.77989602442442
0.07406441489473291,5.539266053519281,62.43488325964798
0.0977778447564367,2.288704706267218,68.78904829320491
0.023979974746845448,4.511924637580639,76.22154556214234
0.06833888836600285,2.8019843560885285,99.48237420800876
0.02007850026014919,3.6990918748700308,76.31447876829725
0.20467446187081573,1.3315880487707248,50.129314292706574
0.033735779821445,7.278187883612711,88.64723667473001
0.09921705981602344,0.49596908999741207,94.84137843307448
0.027587475278916942,4.588733195413034,63.607899977829966
0.11197646613493834,2.4060881895227864,84.13705322728408
0.0647057287604412,1.9120876467850643,83.25938804279379
0.14880669753044465,6.168374690239682,85.87733645220308
0.1407797590312872,2.9787606304867955,51.672467036292545
0.08138532305596204,4.2820313319325916,73.9861025744338
0.17194300399291418,5.883639063822031,53.445868889472216
0.0347074470447192,1.5654182987915553,82.55362714854977
0.01564935465648004,6.372421161044378,51.7440720704185
0.017060053783481383,0.6300397764263943,91.3264391958663
0.01831026388137097,2.151111140175636,51.139510878342215
0.09558434082319443,6.620318826446373,50.74612650744564
0.022563042004828376,4.122785407853804,68.88199956458077
0.09844471527767912,3.941819921934819,53.8757043113161
0.03717645453062425,7.22460916763721,62.31202974434646
0.08876739030605921,1.376318178484333,92.30723085659929
0.12940144784280816,0.13254377432941844,65.43374010821883
0.019159154482421864,6.866279015788876,95.02434688826459
0.048399870075172324,6.370768082879469,79.29451110494092
0.05080652645701166,4.764896654592691,66.47208390762299
0.031457418501473926,2.808793098468956,63.25024237018771
0.06460432258538668,7.554542631840145,51.59952996981238
0.1696263921262257,5.675990969556348,52.93407889220191
0.014072861868969389,4.015009897340095,94.77989602442442
0.07010290142442163,6.660914809760181,54.386192155670386
0.10243796471651762,2.7605822006650538,56.62567156319882
0.024946814401757604,5.054295025831796,74.11111536711091
0.06833888836600285,2.8019843560885285,99.48237420800876
0.01788975657741279,3.729887481944888,76.12816767569733
0.20467446187081573,1.3315880487707248,50.129314292706574
0.03125696462479767,6.86681378332465,89.42035332143655
0.09753374493795822,0.5162364957962849,96.48137574151963
0.027587475278916942,4.588733195413034,63.607899977829966
0.145098396245446,1.042270657143864,95.27533030713435
0.04850162531952824,3.1927225490243587,79.53092716468467
0.14880669753044465,6.168374690239682,85.87733645220308
0.1407797590312872,2.9787606304867955,51.672467036292545
0.08094319757791732,4.290848535401895,74.50730047704323
0.15684122254142055,5.5531022930684335,54.499809797762815
0.0325216103661814,1.5416368776820528,82.50883415335709
0.01564935465648004,6.372421161044378,51.7440720704185
0.017060053783481383,0.6300397764263943,91.3264391958663
0.01831026388137097,2.151111140175636,51.139510878342215
0.09558434082319443,6.620318826446373,50.74612650744564
0.026870906961886702,4.177470036158703,55.74156687226571
0.09844471527767912,3.941819921934819,53.8757043113161
0.03717645453062425,7.22460916763721,62.31202974434646
0.08876739030605921,1.376318178484333,92.30723085659929
0.12940144784280816,0.13254377432941844,65.43374010821883
0.019280782300869166,7.227624316841829,95.23861409596593
0.048399870075172324,6.370768082879469,79.29451110494092
0.08584924965687703,3.162605189391989,81.15215103656347
0.036046291032012165,2.8386431430532286,64.76057168211373
0.06416066314737182,7.704742716578957,50.39560677073789
0.1696263921262257,5.675990969556348,52.93407889220191
0.014072861868969389,4.015009897340095,94.77989602442442
0.07010290142442163,6.660914809760181,54.386192155670386
0.09683977543505543,3.4699375888811774,55.88196066437275
0.024946814401757604,5.054295025831796,74.11111536711091
0.08174198727284732,1.7526178496253957,98.10464251179346
0.01788975657741279,3.729887481944888,76.12816767569733
0.20467446187081573,1.3315880487707248,50.129314292706574
0.03125696462479767,6.86681378332465,89.42035332143655
0.09753374493795822,0.5162364957962849,96.48137574151963
0.027587475278916942,4.588733195413034,63.607899977829966
0.14044942627658066,1.3312064318916694,91.14991910732377
0.04988686473350846,3.1684149171330125,79.68490785106974
0.1756534392853088,5.7264145581020625,96.80633244734472
0.11851482086874339,3.160850369594791,59.24730520423753
0.058225568187426885,3.001019449812609,78.26132604871985
0.10841630663304191,6.059665531955937,67.96506739980614
0.0325216103661814,1.5416368776820528,82.50883415335709
0.01564935465648004,6.372421161044378,51.7440720704185
0.017060053783481383,0.6300397764263943,91.3264391958663
0.01831026388137097,2.151111140175636,51.139510878342215
0.09558434082319443,6.620318826446373,50.74612650744564
0.026870906961886702,4.177470036158703,55.74156687226571
0.09442365773227152,2.875819743836934,69.84451596635918
0.03717645453062425,7.22460916763721,62.31202974434646
0.06081992560636561,2.5905450058154544,75.71827499599127
0.12940144784280816,0.13254377432941844,65.43374010821883
0.019280782300869166,7.227624316841829,95.23861409596593
0.048399870075172324,6.370768082879469,79.29451110494092
0.08584924965687703,3.162605189391989,81.15215103656347
0.012301325081511896,0.17367708995045117,71.99380146554128
0.0940809866048598,6.347674223393264,50.33890374833456
0.1696263921262257,5.675990969556348,52.93407889220191
0.014072861868969389,4.015009897340095,94.77989602442442
0.07010290142442163,6.660914809760181,54.386192155670386
0.09683977543505543,3.4699375888811774,55.88196066437275
0.024946814401757604,5.054295025831796,74.11111536711091
0.08174198727284732,1.7526178496253957,98.10464251179346
0.03772182960443132,3.9808658446145824,78.72756740304351
0.20467446187081573,1.3315880487707248,50.129314292706574
0.052350583248269696,5.774265140296155,78.63328800337447
0.09753374493795822,0.5162364957962849,96.48137574151963
0.027587475278916942,4.588733195413034,63.607899977829966
0.14044942627658066,1.3312064318916694,91.14991910732377
0.048112832345126144,3.002223459775207,79.97339983723312
0.1756534392853088,5.7264145581020625,96.80633244734472
0.10862664317671633,3.5660841382091766,62.8336598747332
0.058225568187426885,3.001019449812609,78.26132604871985
0.10841630663304191,6.059665531955937,67.96506739980614
0.014192275652460146,0.984491068475926,82.97514204320406
0.01564935465648004,6.372421161044378,51.7440720704185
0.019750899759998455,1.641895743565486,84.24148303997165
0.01831026388137097,2.151111140175636,51.139510878342215
0.09558434082319443,6.620318826446373,50.74612650744564
0.027606672473580812,4.033553286176888,56.00367132344387
0.10301061504859249,1.5394118888390436,75.30240407904955
0.03717645453062425,7.22460916763721,62.31202974434646
0.04441660546999246,3.5768376277475955,69.7406730907126
0.08286756917438523,2.1692365054188376,64.59924341826661
0.019280782300869166,7.227624316841829,95.23861409596593
0.048399870075172324,6.370768082879469,79.29451110494092
0.1387677193291446,4.4680413553356955,78.31318947114815
0.012301325081511896,0.17367708995045117,71.99380146554128
0.07432539151455494,5.115051251242982,58.989368436725385
0.1696263921262257,5.675990969556348,52.93407889220191
0.014072861868969389,4.015009897340095,94.77989602442442
0.05164445763418956,6.902048900024823,57.501813983163665
0.09683977543505543,3.4699375888811774,55.88196066437275
0.027322588048777102,6.093586107366686,82.33456404071372
0.060265107390934894,3.0011345903558677,89.03158094018133
0.03772182960443132,3.9808658446145824,78.72756740304351
0.20460200632888886,1.3327045402688609,50.14823095531129
0.03818790162911995,6.329985717212461,82.60949215077605
0.09753374493795822,0.5162364957962849,96.48137574151963
0.03680463534174918,7.099185893985444,50.454183541751476
0.14044942627658066,1.3312064318916694,91.14991910732377
0.05063239390858913,3.0019977017565433,81.85145516891741
0.1534281986085963,5.010076223124006,85.5414224681454
0.15325634604610053,4.031737737301692,51.83129959733198
0.04967567427397463,2.951006531264503,77.36657757010906
0.08617916320157086,4.830148426040839,71.57255542021021
0.013775793927496305,0.8268832889200661,83.31841154143576
0.01564935465648004,6.372421161044378,51.7440720704185
0.015034782764774691,1.415695901850373,84.95119418779447
0.01831026388137097,2.151111140175636,51.139510878342215
0.09558434082319443,6.620318826446373,50.74612650744564
0.027606672473580812,4.033553286176888,56.00367132344387
0.1401605686429555,1.4638231178790235,66.10402267610985
0.032457218130668083,7.329823283586691,63.88104691619257
0.0626392351607761,5.502075757827241,68.54999819748079
0.08786099574574677,1.772004795062812,62.1931547449051
0.019280782300869166,7.227624316841829,95.23861409596593
0.03751580242003661,6.8979438615105835,87.8190280395289
0.120585062430195,4.749288468262767,74.38934637032568
0.012346755948612065,0.18862757397555652,71.83613161139706
0.07833137965129347,5.239179424751657,56.829169079793786
0.1696263921262257,5.675990969556348,52.93407889220191
0.014072861868969389,4.015009897340095,94.77989602442442
0.050862657730011404,6.738015168180144,58.69370763673989
0.09874490526261537,3.355720576139835,55.645261495380154
0.027322588048777102,6.093586107366686,82.33456404071372
0.07220153065770561,2.4823774225088058,94.4874453486591
0.03772182960443132,3.9808658446145824,78.72756740304351
0.20460200632888886,1.3327045402688609,50.14823095531129
0.040072428754259815,6.754805479819454,82.55476611738455
0.09753374493795822,0.5162364957962849,96.48137574151963
0.03680463534174918,7.099185893985444,50.454183541751476
0.1401313888705138,1.3686996310990587,90.86350669411038
0.05063239390858913,3.0019977017565433,81.85145516891741
0.14063448635731823,5.027054385501067,81.24701938135578
0.12578731166506696,3.7273039682061384,62.8200316754167
0.05648635638362994,3.495359514741827,73.41735744608178
0.08617916320157086,4.830148426040839,71.57255542021021
0.013775793927496305,0.8268832889200661,83.31841154143576
0.01564935465648004,6.372421161044378,51.7440720704185
0.01743112504633662,1.5224817774271242,84.74252749825924
0.01831026388137097,2.151111140175636,51.139510878342215
0.09558434082319443,6.620318826446373,50.74612650744564
0.027606672473580812,4.033553286176888,56.00367132344387
0.1401605686429555,1.4638231178790235,66.10402267610985
0.032457218130668083,7.329823283586691,63.88104691619257
0.0626392351607761,5.502075757827241,68.54999819748079
0.08786099574574677,1.772004795062812,62.1931547449051
0.019280782300869166,7.227624316841829,95.23861409596593
0.015888958721918908,7.470327604846235,94.80440872233662
0.11094743815532507,4.61576824561508,71.09290872102176
0.012346755948612065,0.18862757397555652,71.83613161139706
0.07876867095471425,5.0800790687691535,57.075309560142436
0.1696263921262257,5.675990969556348,52.93407889220191
0.014072861868969389,4.015009897340095,94.77989602442442
0.05312684542735763,6.734491942015643,53.68677820280994
0.09874490526261537,3.355720576139835,55.645261495380154
0.027322588048777102,6.093586107366686,82.33456404071372
0.07220153065770561,2.4823774225088058,94.4874453486591
0.026913166710528343,5.151985769696225,65.51402857528197
0.20460200632888886,1.3327045402688609,50.14823095531129
0.040072428754259815,6.754805479819454,82.55476611738455
0.09753374493795822,0.5162364957962849,96.48137574151963
0.03680463534174918,7.099185893985444,50.454183541751476
0.14126028363491006,1.296272379518872,91.26714998450879
0.02062130622769409,3.5668422806139333,78.73348294711477
0.22569187878857577,5.550002459681699,99.65846754562095
0.11941833058221261,4.7302823981690745,61.3648516426757
0.052420570501367336,2.1693332973639516,76.63367963178248
0.08617916320157086,4.830148426040839,71.57255542021021
0.013775793927496305,0.8268832889200661,83.31841154143576
0.01564935465648004,6.372421161044378,51.7440720704185
0.01743112504633662,1.5224817774271242,84.74252749825924
0.029726733743324987,2.5531054263720954,57.80164802385507
0.09558434082319443,6.620318826446373,50.74612650744564
0.020771159613865012,4.2901131968085995,55.30150936684382
0.10146036651906064,3.0516994919103424,71.67063445064574
0.032457218130668083,7.329823283586691,63.88104691619257
0.0626392351607761,5.502075757827241,68.54999819748079
0.0883608692639447,0.8630647098769733,59.405413462106864
0.019083980394156923,7.765062605238501,97.66172733969825
0.015888958721918908,7.470327604846235,94.80440872233662
0.10422853522933044,4.353786981182544,71.93823728703063
0.025607321072546804,0.7840229188679997,71.73617737863873
0.07876867095471425,5.0800790687691535,57.075309560142436
0.1696263921262257,5.675990969556348,52.93407889220191
0.014072861868969389,4.015009897340095,94.77989602442442
0.05135943929156846,6.476429108534152,55.22444493905799
0.09640424551706821,3.494864570954277,56.48185025388524
0.02624601534127053,6.076439172347882,83.54878357501516
0.07473057654656778,2.228944020408883,88.99686985682797
0.02753437959159977,5.239157004716586,66.54693986643265
0.20460200632888886,1.3327045402688609,50.14823095531129
0.040072428754259815,6.754805479819454,82.55476611738455
0.09753374493795822,0.5162364957962849,96.48137574151963
0.03680463534174918,7.099185893985444,50.454183541751476
0.12953852443792785,1.8640752961026126,81.4459696258408
0.02062130622769409,3.5668422806139333,78.73348294711477
0.19752741926189643,5.228719622784315,93.77533937873798
0.15198439454638601,4.28761469219039,57.24375847345623
0.05361932242298515,2.6469307036943253,72.53296988529908
0.08280447510781168,4.187814279989295,79.04532249755287
0.013775793927496305,0.8268832889200661,83.31841154143576
0.01564935465648004,6.372421161044378,51.7440720704185
0.03350440177352187,2.9373853234256377,78.98544091123692
0.056048681867910635,3.614817177131421,64.22257824056847
0.09558434082319443,6.620318826446373,50.74612650744564
0.022943928383699224,3.406757865726536,56.81064310438911
0.10146036651906064,3.0516994919103424,71.67063445064574
0.032457218130668083,7.329823283586691,63.88104691619257
0.0626392351607761,5.502075757827241,68.54999819748079
0.08722247074440916,0.9929228929906617,63.44809315491885
0.019083980394156923,7.765062605238501,97.66172733969825
0.015888958721918908,7.470327604846235,94.80440872233662
0.1058373877800055,5.27600449928982,66.04017488544012
0.025607321072546804,0.7840229188679997,71.73617737863873
0.08229452184583005,4.975077609645714,56.88121277172745
0.16596625868307902,5.61936732306373,53.03080989845524
0.012544505157689421,3.756194523455584,96.18997814704386
0.05135943929156846,6.476429108534152,55.22444493905799
0.09640424551706821,3.494864570954277,56.48185025388524
0.027575087266170736,6.669436019699443,84.68659901493707
0.0795798632351511,1.864722274641477,90.5885133571655
0.02753437959159977,5.239157004716586,66.54693986643265
0.20460200632888886,1.3327045402688609,50.14823095531129
0.040072428754259815,6.754805479819454,82.55476611738455
0.07225620909889725,2.221734707652282,85.67172379809745
0.031030593627709255,7.14622591231836,50.42550543170938
0.21125728035101066,2.7132960664836787,89.08055978666397
0.02062130622769409,3.5668422806139333,78.73348294711477
0.19752741926189643,5.228719622784315,93.77533937873798
0.15198439454638601,4.28761469219039,57.24375847345623
0.05361932242298515,2.6469307036943253,72.53296988529908
0.08293337910516693,3.98881292490515,84.64787974049962
0.013775793927496305,0.8268832889200661,83.31841154143576
0.01564935465648004,6.372421161044378,51.7440720704185
0.027423004410465534,2.2868172951320016,80.32109096674756
0.02385434994818325,3.247564033807725,57.49767088875113
0.09558434082319443,6.620318826446373,50.74612650744564
0.022943928383699224,3.406757865726536,56.81064310438911
0.10146036651906064,3.0516994919103424,71.67063445064574
0.032457218130668083,7.329823283586691,63.88104691619257
0.0626392351607761,5.502075757827241,68.54999819748079
0.08722247074440916,0.9929228929906617,63.44809315491885
0.04709327159201551,4.981278693122081,83.59772859401797
0.017276557562438476,7.292938910678547,93.9853383589597
0.10213615470817541,5.20176959416804,66.59148973978434
0.025607321072546804,0.7840229188679997,71.73617737863873
0.07872127533524584,5.085721301834998,58.696938758887555
0.2073279553739671,5.399078077183129,51.731104360842465
0.012544505157689421,3.756194523455584,96.18997814704386
0.05527300274308637,6.208911172227471,56.50911589728266
0.09640424551706821,3.494864570954277,56.48185025388524
0.027575087266170736,6.669436019699443,84.68659901493707
0.0795798632351511,1.864722274641477,90.5885133571655
0.022421477951346427,4.621089435043981,60.01909490159299
0.20460200632888886,1.3327045402688609,50.14823095531129
0.061329869598540455,6.252989187011081,71.89561160660026
0.08854959068171242,2.7238943039869676,90.53908902337392
0.031030593627709255,7.14622591231836,50.42550543170938
0.21326487067849756,2.705903137697178,89.42458622941663
0.02062130622769409,3.5668422806139333,78.73348294711477
0.19752741926189643,5.228719622784315,93.77533937873798
0.18123843449262805,3.6426854628141063,50.62740406082369
0.05361932242298515,2.6469307036943253,72.53296988529908
0.08220354275236405,4.025728772842015,85.15909428176242
0.013775793927496305,0.8268832889200661,83.31841154143576
0.01564935465648004,6.372421161044378,51.7440720704185
0.027423004410465534,2.2868172951320016,80.32109096674756
0.02385434994818325,3.247564033807725,57.49767088875113
0.09558434082319443,6.620318826446373,50.74612650744564
0.022943928383699224,3.406757865726536,56.81064310438911
0.10146036651906064,3.0516994919103424,71.67063445064574
0.0954037441167663,5.7698648269697985,58.273680645061276
0.04093959731257809,6.871749327396442,66.8056730276481
0.08722247074440916,0.9929228929906617,63.44809315491885
0.041594537761184686,5.047306147329898,84.9200668323182
0.017276557562438476,7.292938910678547,93.9853383589597
0.1022526018989222,5.572254943496979,65.71628632175634
0.026289959470049487,0.6287027739250561,70.4582673569253
0.09264848631038736,4.418597434666701,59.99640636146045
0.18206582891599693,5.649431622549736,51.544021554131945
0.01025929939075976,3.5054581016008908,98.55479468469694
0.07599346246649258,5.4077699891142395,61.70889637392044
0.09640424551706821,3.494864570954277,56.48185025388524
0.07091323291007506,5.362945191397614,76.23122492157374
0.0795798632351511,1.864722274641477,90.5885133571655
0.022421477951346427,4.621089435043981,60.01909490159299
0.20460200632888886,1.3327045402688609,50.14823095531129
0.061329869598540455,6.252989187011081,71.89561160660026
0.08854959068171242,2.7238943039869676,90.53908902337392
0.031030593627709255,7.14622591231836,50.42550543170938
0.18627179203182082,3.282068141697469,88.73584148989907
0.014187297534409582,0.696157256372886,73.22534279709197
0.19970525174104517,4.029374967667553,80.34522214416778
0.15722503442918037,3.65884335595677,57.11318765580143
0.0679391420063444,2.8437812319898104,68.27571171923164
0.12857451695443478,4.5346905639724415,72.77071677994122
0.013775793927496305,0.8268832889200661,83.31841154143576
0.01564935465648004,6.372421161044378,51.7440720704185
0.010944382048317547,0.359271104497207,84.41584557841158
0.02385434994818325,3.247564033807725,57.49767088875113
0.09558434082319443,6.620318826446373,50.74612650744564
0.02458382733517954,3.9143858762782826,53.736578515139996
0.10148703611290773,3.1365507771112444,71.4701889135512
0.0954037441167663,5.7698648269697985,58.273680645061276
0.04093959731257809,6.871749327396442,66.8056730276481
0.08722247074440916,0.9929228929906617,63.44809315491885
0.05307697793549738,6.789324164811583,85.58116465784825
0.017276557562438476,7.292938910678547,93.9853383589597
0.10873479220325558,5.385224505512802,72.76043702410351
0.026289959470049487,0.6287027739250561,70.4582673569253
0.07705308595883609,3.5279067075099313,62.45512445565681
0.18068045050176712,5.5384159294880435,51.85461558551882
0.01025929939075976,3.5054581016008908,98.55479468469694
0.07599346246649258,5.4077699891142395,61.70889637392044
0.08687582065523679,3.6599397840490147,60.098852546140925
0.11459423969357811,6.700647488048199,60.15450993087225
0.08080642098652784,2.249831125673336,87.36112367998874
0.022421477951346427,4.621089435043981,60.01909490159299
0.20460200632888886,1.3327045402688609,50.14823095531129
0.0453170176333757,4.379925339298213,75.8746274484139
0.08854959068171242,2.7238943039869676,90.53908902337392
0.031030593627709255,7.14622591231836,50.42550543170938
0.18706774065708978,2.960868495750727,93.98602356141768
0.014187297534409582,0.696157256372886,73.22534279709197
0.19970525174104517,4.029374967667553,80.34522214416778
0.15026424101628413,3.988332895183644,56.40535888819034
0.06158138055300595,2.6070352321099755,70.04144261431084
0.11388033564142082,4.639078618091004,71.20597608785866
0.013775793927496305,0.8268832889200661,83.31841154143576
0.01564935465648004,6.372421161044378,51.7440720704185
0.012922895142380937,0.44709682265141515,83.85420201098758
0.02385434994818325,3.247564033807725,57.49767088875113
0.09471770607538418,6.617631183137218,50.756945978903246
0.02458382733517954,3.9143858762782826,53.736578515139996
0.12347002340948213,3.1051155256434293,75.42673996717049
0.09584415311467209,5.22563271612979,63.09912381607994
0.04583177289832273,6.968339980871773,69.71920760646401
0.08722247074440916,0.9929228929906617,63.44809315491885
0.053331261924229906,6.754734470806314,85.33589625396561
0.017276557562438476,7.292938910678547,93.9853383589597
0.10873479220325558,5.385224505512802,72.76043702410351
0.026289959470049487,0.6287027739250561,70.4582673569253
0.07961111916218738,3.5298211590922137,62.555329243880735
0.18068045050176712,5.5384159294880435,51.85461558551882
0.01025929939075976,3.5054581016008908,98.55479468469694
0.0825851534450934,5.733292407452702,62.12992756356097
0.05874520302832381,3.51420494812751,61.73795724708538
0.12390342457280697,6.664406802938743,58.859624172321226
0.06373978142536121,1.822659886150245,94.96733533211867
0.022421477951346427,4.621089435043981,60.01909490159299
0.20460200632888886,1.3327045402688609,50.14823095531129
0.0453170176333757,4.379925339298213,75.8746274484139
0.08802879678272701,2.6552299148471814,90.99779207290864
0.031030593627709255,7.14622591231836,50.42550543170938
0.18706774065708978,2.960868495750727,93.98602356141768
0.014187297534409582,0.696157256372886,73.22534279709197
0.3116982068175995,4.487262620722731,96.68056277159923
0.23697439405752774,4.803886053637058,55.09728387886921
0.06565566671135498,1.4788037256610975,70.12480200084231
0.11388033564142082,4.639078618091004,71.20597608785866
0.013775793927496305,0.8268832889200661,83.31841154143576
0.01564935465648004,6.372421161044378,51.7440720704185
0.012922895142380937,0.44709682265141515,83.85420201098758
0.02301485273674792,2.7914875791192335,58.32499273638214
0.09183135266589668,6.2682865556073315,52.43673007494819
0.02458382733517954,3.9143858762782826,53.736578515139996
0.12347002340948213,3.1051155256434293,75.42673996717049
0.09584415311467209,5.22563271612979,63.09912381607994
0.04583177289832273,6.968339980871773,69.71920760646401
0.10765702657325722,1.0759551321573007,60.7125104913288
0.04052710391146093,6.62482597138261,73.92153174934813
0.01978142094025169,7.210996274864261,92.39803320691502
0.10873479220325558,5.385224505512802,72.76043702410351
0.026289959470049487,0.6287027739250561,70.4582673569253
0.07724072169271931,3.546386961300513,62.17544603107437
0.15515041629010337,5.765016668341131,51.93685980511265
0.01025929939075976,3.5054581016008908,98.55479468469694
0.0825851534450934,5.733292407452702,62.12992756356097
0.0581234479058439,3.5708609389685355,62.2214544572695
0.07656068771439967,5.3535525434867575,56.41761867484372
0.06373978142536121,1.822659886150245,94.96733533211867
0.027203809044246935,6.900651485564019,52.34903586313787
0.20460200632888886,1.3327045402688609,50.14823095531129
0.05719997672537946,3.750138089018597,72.98449607671377
0.08802879678272701,2.6552299148471814,90.99779207290864
0.031030593627709255,7.14622591231836,50.42550543170938
0.20589940371027296,2.8717821786244135,98.62507853341907
0.014187297534409582,0.696157256372886,73.22534279709197
0.17032755506798358,2.576010491794481,83.69192972544475
0.23697439405752774,4.803886053637058,55.09728387886921
0.05215443513850545,0.5940365701118546,69.82211082549095
0.12085381440764692,4.395255892345023,73.22838424219927
0.023658108409835187,2.9687257995491008,79.84707046266955
0.01564935465648004,6.372421161044378,51.7440720704185
0.011722646639281485,0.21067334335391363,93.94376878305361
0.02301485273674792,2.7914875791192335,58.32499273638214
0.08026418351265727,6.348672719174598,57.28074087766165
0.02458382733517954,3.9143858762782826,53.736578515139996
0.1689978446048598,4.708186557751058,79.00473125372116
0.09584415311467209,5.22563271612979,63.09912381607994
0.04583177289832273,6.968339980871773,69.71920760646401
0.10765702657325722,1.0759551321573007,60.7125104913288
0.04052710391146093,6.62482597138261,73.92153174934813
0.01978142094025169,7.210996274864261,92.39803320691502
0.07600297130613455,5.993615114478747,64.56597767658128
0.026289959470049487,0.6287027739250561,70.4582673569253
0.07724072169271931,3.546386961300513,62.17544603107437
0.09580660261677526,4.429565776259745,54.805854042539366
0.01025929939075976,3.5054581016008908,98.55479468469694
0.07543273062808462,6.643981330706704,56.38820289760666
0.04697022156183472,2.171559485038552,64.71030116195301
0.07833936475999889,4.918622750754072,61.871604743095915
0.06373978142536121,1.822659886150245,94.96733533211867
0.027203809044246935,6.900651485564019,52.34903586313787
0.20460200632888886,1.3327045402688609,50.14823095531129
0.08294566555997254,3.620488436879437,88.17791729654283
0.08848697546663983,2.4372851564498577,92.9873868672313
0.031030593627709255,7.14622591231836,50.42550543170938
0.20589940371027296,2.8717821786244135,98.62507853341907
0.015918648635133203,2.7124648862551233,79.15918734013766
0.11398166543122942,1.7357021606077498,87.33399224315974
0.15477515438651107,5.625509944622323,54.02037456240716
0.053551056839287126,0.6713133293975977,69.89135854538567
0.12647093009192248,6.569105881770434,61.69882744557951
0.02244986547692319,4.29090958700088,83.75881525921504
0.01564935465648004,6.372421161044378,51.7440720704185
0.011722646639281485,0.21067334335391363,93.94376878305361
0.02635049708774098,2.8376283187136186,59.98655436851694
0.12892439101688274,6.330788216038982,61.45030160871771
0.02458382733517954,3.9143858762782826,53.736578515139996
0.225951874256811,6.336869937497173,73.5948611825137
0.09459419106896425,5.262672320488556,62.85470672052704
0.051434573772524125,7.773627093272309,73.93361449953495
0.1540711743893773,0.2380210479186644,57.65494225900329
0.04052710391146093,6.62482597138261,73.92153174934813
0.01978142094025169,7.210996274864261,92.39803320691502
0.09137041737210051,4.270721550611984,73.77867558369101
0.040512340422064,1.4431442896215456,68.14620302040184
0.08785021070038518,3.402220486109543,57.99612607899202
0.09580660261677526,4.429565776259745,54.805854042539366
0.023629763890282915,3.3732004714079435,97.59167645712637
0.07543273062808462,6.643981330706704,56.38820289760666
0.04697022156183472,2.171559485038552,64.71030116195301
0.07493392922695533,5.279990852053633,63.39833641864092
0.06373978142536121,1.822659886150245,94.96733533211867
0.027203809044246935,6.900651485564019,52.34903586313787
0.20460200632888886,1.3327045402688609,50.14823095531129
0.09554042314134961,4.26675223112177,94.12358816790272
0.09696321658728024,2.6478024369628903,92.30922834280085
0.031030593627709255,7.14622591231836,50.42550543170938
0.20589940371027296,2.8717821786244135,98.62507853341907
0.022497126111638725,2.590059543467675,81.3338231014169
0.08026499093261874,3.7424919390366735,73.74093480056729
0.15477515438651107,5.625509944622323,54.02037456240716
0.053551056839287126,0.6713133293975977,69.89135854538567
0.10877956497682052,6.676084142261904,59.609140179207856
0.02244986547692319,4.29090958700088,83.75881525921504
0.02077653262937302,6.424440512576322,56.31473405414937
0.011722646639281485,0.21067334335391363,93.94376878305361
0.026001413574851105,2.8521162624337126,60.82325633869278
0.13067805502988702,6.329269603792549,61.53357704422868
0.02458382733517954,3.9143858762782826,53.736578515139996
0.225951874256811,6.336869937497173,73.5948611825137
0.09459419106896425,5.262672320488556,62.85470672052704
0.04994218045667274,7.559126322876979,72.81104155455347
0.1540711743893773,0.2380210479186644,57.65494225900329
0.04052710391146093,6.62482597138261,73.92153174934813
0.029376876361531107,6.961105038137446,88.60881818642159
0.08993659598578922,4.288235275773107,73.46761630462748
0.017645783911854576,0.12683849867968178,65.6842054406703
0.09374293380547248,3.3545166556115724,58.392866543858446
0.07071492624128495,5.48189298844851,53.109079396029
0.023629763890282915,3.3732004714079435,97.59167645712637
0.07543273062808462,6.643981330706704,56.38820289760666
0.060753342162740614,2.8505648255600686,67.51954751726866
0.10823798740961378,4.14916243959286,71.10807079956267
0.05716031109717648,1.659251108486663,95.49373893789038
0.027203809044246935,6.900651485564019,52.34903586313787
0.20460200632888886,1.3327045402688609,50.14823095531129
0.09554042314134961,4.26675223112177,94.12358816790272
0.08597287252434946,1.823563492346583,98.20614077549294
0.030984679786859814,7.123208761962291,50.449086879476404
0.18014564338694292,2.8322220525535604,96.1970015546816
0.022497126111638725,2.590059543467675,81.3338231014169
0.0677828702548261,4.531971318587625,77.38781219442973
0.15477515438651107,5.625509944622323,54.02037456240716
0.053551056839287126,0.6713133293975977,69.89135854538567
0.11015028164695252,6.925534707526832,56.03568127934517
0.02244986547692319,4.29090958700088,83.75881525921504
0.02077653262937302,6.424440512576322,56.31473405414937
0.011722646639281485,0.21067334335391363,93.94376878305361
0.026001413574851105,2.8521162624337126,60.82325633869278
0.15605268339120615,7.079314269306783,60.60454198885088
0.02458382733517954,3.9143858762782826,53.736578515139996
0.3335427734708794,7.418563013580371,68.22120926998835
0.11463970495406267,5.967131837916519,63.44837661295037
0.04994218045667274,7.559126322876979,72.81104155455347
0.1540711743893773,0.2380210479186644,57.65494225900329
0.03945256738358434,6.620184951944139,74.1975748758939
0.029376876361531107,6.961105038137446,88.60881818642159
0.08726640412803122,4.214461916677527,71.66815701781766
0.017645783911854576,0.12683849867968178,65.6842054406703
0.06466203938127071,3.5899375355005048,56.4349317543163
0.07071492624128495,5.48189298844851,53.109079396029
0.023629763890282915,3.3732004714079435,97.59167645712637
0.07543273062808462,6.643981330706704,56.38820289760666
0.08272962986673611,0.19759587508314347,77.45684016305567
0.09787889605998366,4.518535503972833,73.40694585290468
0.10053389735181456,1.0231630320254603,78.55854451520793
0.029270875599709895,6.878582205865553,52.611434684730426
0.20460200632888886,1.3327045402688609,50.14823095531129
0.09554042314134961,4.26675223112177,94.12358816790272
0.12028550388402162,3.7196457665871936,76.17009972598701
0.030984679786859814,7.123208761962291,50.449086879476404
0.1669448671095253,4.00097767831941,85.78039990582411
0.022184481294697952,2.4230779063772268,82.47148338279604
0.07759486981532321,4.985769395792445,76.2938924177995
0.15477515438651107,5.625509944622323,54.02037456240716
0.029892773253353523,1.0554082562891522,63.75718915311869
0.11015028164695252,6.925534707526832,56.03568127934517
0.015633299511954184,5.084230214787672,86.79819829618
0.02077653262937302,6.424440512576322,56.31473405414937
0.017812049939753237,0.8255682616846167,90.35421164333745
0.0386769766909632,2.634721425225064,68.72450002095854
0.1335484171504306,6.957795364645296,59.427592434569405
0.02458382733517954,3.9143858762782826,53.736578515139996
0.27654341563690327,7.263824651404203,69.37952394578059
0.11463970495406267,5.967131837916519,63.44837661295037
0.06306911573772445,6.611309497514858,78.94655037234939
0.1540711743893773,0.2380210479186644,57.65494225900329
0.033887576670245424,4.963112841435283,72.02500220337382
0.028953937849544316,6.934713523688062,87.02069423297908
0.08726640412803122,4.214461916677527,71.66815701781766
0.017645783911854576,0.12683849867968178,65.6842054406703
0.054336158291092854,4.549446921053098,55.31937148811909
0.07463196652474492,5.342641164368594,54.93134877245558
0.023629763890282915,3.3732004714079435,97.59167645712637
0.062134189532396314,6.536132446140007,56.52323613267043
0.08272962986673611,0.19759587508314347,77.45684016305567
0.09792147743847229,4.462476104437074,73.48956809988286
0.10053389735181456,1.0231630320254603,78.55854451520793
0.0649722053459367,6.1706798130787215,60.86401483694517
0.20577377714158543,1.619446093908981,56.8590990903188
0.09554042314134961,4.26675223112177,94.12358816790272
0.13734710267878886,3.1131013907421714,84.10742657142808
0.030984679786859814,7.123208761962291,50.449086879476404
0.21242449044586087,3.2469280596820793,94.94851001020831
0.022184481294697952,2.4230779063772268,82.47148338279604
0.07759486981532321,4.985769395792445,76.2938924177995
0.22767681359735778,5.7500624782865675,54.8106999175206
0.03388152902180415,1.625577521214976,62.38027700153093
0.11015028164695252,6.925534707526832,56.03568127934517
0.015633299511954184,5.084230214787672,86.79819829618
0.015842575577913305,6.7001032373512945,56.46107287809597
0.017812049939753237,0.8255682616846167,90.35421164333745
0.0386769766909632,2.634721425225064,68.72450002095854
0.1335484171504306,6.957795364645296,59.427592434569405
0.02057420374557834,1.904314243723574,55.795929845682394
0.27654341563690327,7.263824651404203,69.37952394578059
0.11463970495406267,5.967131837916519,63.44837661295037
0.0558440703876805,7.132986446487167,75.56957558691276
0.1540711743893773,0.2380210479186644,57.65494225900329
0.033887576670245424,4.963112841435283,72.02500220337382
0.03854105107773309,6.600562107373721,80.28563588499198
0.08612088093461567,3.200214138306443,73.12978380819511
0.017645783911854576,0.12683849867968178,65.6842054406703
0.054336158291092854,4.549446921053098,55.31937148811909
0.07463196652474492,5.342641164368594,54.93134877245558
0.023629763890282915,3.3732004714079435,97.59167645712637
0.062134189532396314,6.536132446140007,56.52323613267043
0.08272962986673611,0.19759587508314347,77.45684016305567
0.054201639067577426,7.751763532605776,85.818882771557
0.06561031863286955,1.4080188552177695,68.61663591842226
0.06635347181974376,6.381223695447916,61.58407840261573
0.20577377714158543,1.619446093908981,56.8590990903188
0.10128693598438988,4.031464228086792,95.51869073896918
0.1267787688283305,3.295966182859745,80.44234627063236
0.030984679786859814,7.123208761962291,50.449086879476404
0.21242449044586087,3.2469280596820793,94.94851001020831
0.022184481294697952,2.4230779063772268,82.47148338279604
0.07759486981532321,4.985769395792445,76.2938924177995
0.24260187441951708,5.898166637332139,52.662169830330335
0.03388152902180415,1.625577521214976,62.38027700153093
0.12025169155574247,6.946071645014488,56.84576052540472
0.01461784989173492,7.585606889135627,97.45179443213055
0.015842575577913305,6.7001032373512945,56.46107287809597
0.017812049939753237,0.8255682616846167,90.35421164333745
0.0386769766909632,2.634721425225064,68.72450002095854
0.1335484171504306,6.957795364645296,59.427592434569405
0.04741781415139053,3.105063284719539,56.65884300722036
0.29945478965182826,7.543699053980865,70.82923992496224
0.10764599278130066,6.063781970292762,62.36161236101754
0.04844357010016104,7.662362024266402,85.41786966936398
0.1540711743893773,0.2380210479186644,57.65494225900329
0.033887576670245424,4.963112841435283,72.02500220337382
0.03854105107773309,6.600562107373721,80.28563588499198
0.08612088093461567,3.200214138306443,73.12978380819511
0.017645783911854576,0.12683849867968178,65.6842054406703
0.054336158291092854,4.549446921053098,55.31937148811909
0.07463196652474492,5.342641164368594,54.93134877245558
0.023004052944631075,3.266182889919051,97.83858881977645
0.06514718253784671,6.233996127354324,60.37616161914071
0.08272962986673611,0.19759587508314347,77.45684016305567
0.049505137378830194,7.798758167192505,87.38097190271816
0.06561031863286955,1.4080188552177695,68.61663591842226
0.06343715802365421,6.589834632656314,65.46499385221517
0.1985702011255431,1.4269760866068628,56.969981646656294
0.10128693598438988,4.031464228086792,95.51869073896918
0.17867223574958635,2.3646182480368214,85.14467763027022
0.04779968495668312,7.0960897508718155,51.921084889757566
0.21982534358396616,3.073885605377166,96.88284580657293
0.023527206120444392,2.668032781513432,80.87006029694615
0.07759486981532321,4.985769395792445,76.2938924177995
0.24260187441951708,5.898166637332139,52.662169830330335
0.03388152902180415,1.625577521214976,62.38027700153093
0.14108783452300255,7.215321975956272,55.51084359697396
0.017568118446118122,5.572710250221811,91.61089400100553
0.015842575577913305,6.7001032373512945,56.46107287809597
0.017812049939753237,0.8255682616846167,90.35421164333745
0.03887948257520731,2.64695489959786,68.7638866983312
0.1335484171504306,6.957795364645296,59.427592434569405
0.047989983779503344,4.391682252053007,65.08028384297089
0.2329752703810162,6.777224721301788,72.46670319896677
0.08507225696782464,5.422545701947144,59.379616890203
0.04844357010016104,7.662362024266402,85.41786966936398
0.1540711743893773,0.2380210479186644,57.65494225900329
0.02927774624370846,5.149903514628874,74.29510926761385
0.03854105107773309,6.600562107373721,80.28563588499198
0.027115806253511232,2.9870927707823993,81.16207777514478
0.017645783911854576,0.12683849867968178,65.6842054406703
0.054336158291092854,4.549446921053098,55.31937148811909
0.07463196652474492,5.342641164368594,54.93134877245558
0.027594031361579275,3.47293995711119,91.82080569962586
0.06514718253784671,6.233996127354324,60.37616161914071
0.08272962986673611,0.19759587508314347,77.45684016305567
0.049505137378830194,7.798758167192505,87.38097190271816
0.06561031863286955,1.4080188552177695,68.61663591842226
0.10205224365650262,6.5003700046649735,72.7701777950176
0.1435690563964696,3.1646647211613272,56.065279864155364
0.13177903572429406,3.785142521361196,95.86959770004951
0.1967334888459519,1.8837212689179967,88.32629604425533
0.06040987347946082,6.282310441782778,52.601465138259684
0.21982534358396616,3.073885605377166,96.88284580657293
0.023527206120444392,2.668032781513432,80.87006029694615
0.09278223109808142,4.993642069931806,77.77724160960858
0.2208241559290721,3.686751039275391,54.79277959433852
0.03259608954397432,1.8194551168547786,66.57054260220863
0.16079497986786462,7.443228007226278,56.22151530220148
0.017568118446118122,5.572710250221811,91.61089400100553
0.015842575577913305,6.7001032373512945,56.46107287809597
0.017812049939753237,0.8255682616846167,90.35421164333745
0.03887948257520731,2.64695489959786,68.7638866983312
0.1335484171504306,6.957795364645296,59.427592434569405
0.047989983779503344,4.391682252053007,65.08028384297089
0.1869800705387925,4.762980962656941,73.99435049786807
0.10237203834764948,4.489162251265059,54.51364926378733
0.049282887235966494,7.75235800034344,85.85286724426659
0.1540711743893773,0.2380210479186644,57.65494225900329
0.014464048496518334,5.732972217146067,76.27039280771008
0.03854105107773309,6.600562107373721,80.28563588499198
0.028656882818924142,3.0907893083305886,79.97480820594556
0.017645783911854576,0.12683849867968178,65.6842054406703
0.04635754074150708,4.5366027096384585,54.196059360630834
0.07347256274795477,6.079296257106386,51.70620360534445
0.027594031361579275,3.47293995711119,91.82080569962586
0.035854446631915726,7.607029194108211,64.98945084309523
0.08272962986673611,0.19759587508314347,77.45684016305567
0.049505137378830194,7.798758167192505,87.38097190271816
0.07731015553819537,2.3886279098366603,64.12819944109184
0.08384470892781909,5.790188714149468,70.18031174964067
0.1435690563964696,3.1646647211613272,56.065279864155364
0.14966472585724708,2.9126144511257985,97.7149573307328
0.1669171922751057,2.0278848592051064,84.63124507609712
0.06284925366118642,6.311476199035817,51.344821839309475
0.21982534358396616,3.073885605377166,96.88284580657293
0.024473393529595433,3.0768532928367316,83.31311984149269
0.12133361241215151,5.274723213414889,92.27976862822551
0.2208241559290721,3.686751039275391,54.79277959433852
0.03259608954397432,1.8194551168547786,66.57054260220863
0.16079497986786462,7.443228007226278,56.22151530220148
0.023081837589229524,5.957022982701451,90.88062539026464
0.052337710790282876,6.287011183187338,60.20005092960869
0.017812049939753237,0.8255682616846167,90.35421164333745
0.03515149643398983,1.638643912325973,71.13610542959759
0.1335484171504306,6.957795364645296,59.427592434569405
0.047989983779503344,4.391682252053007,65.08028384297089
0.17970057315237742,4.402010474522537,78.62177915805184
0.10237203834764948,4.489162251265059,54.51364926378733
0.049282887235966494,7.75235800034344,85.85286724426659
0.1540711743893773,0.2380210479186644,57.65494225900329
0.014464048496518334,5.732972217146067,76.27039280771008
0.04957521803894473,6.676617873626063,78.1137013965629
0.029441948820172772,3.1092894460175913,80.07904371486612
0.018409295176645815,0.19277585838622224,65.9219899382049
0.039179653376047854,4.129703804008235,68.58921929179931
0.05972198025722264,4.781395527484092,61.25395291301154
0.027594031361579275,3.47293995711119,91.82080569962586
0.038640799733202585,7.531003323439767,65.87902973523369
0.08272962986673611,0.19759587508314347,77.45684016305567
0.049505137378830194,7.798758167192505,87.38097190271816
0.06854011576694856,3.5548960298284094,64.5252800490482
0.07825013416499317,6.183051044714562,74.9110698948083
0.09158470065464076,2.4329639835374217,63.29148157712628
0.14966472585724708,2.9126144511257985,97.7149573307328
0.18149411086132244,1.4503915698567376,85.44089315145227
0.06284925366118642,6.311476199035817,51.344821839309475
0.21982534358396616,3.073885605377166,96.88284580657293
0.024473393529595433,3.0768532928367316,83.31311984149269
0.12133361241215151,5.274723213414889,92.27976862822551
0.1565292172314494,5.210570656105612,66.43433061357248
0.04259390871319778,2.491578658097348,50.48665561194564
0.16079497986786462,7.443228007226278,56.22151530220148
0.023081837589229524,5.957022982701451,90.88062539026464
0.052337710790282876,6.287011183187338,60.20005092960869
0.017812049939753237,0.8255682616846167,90.35421164333745
0.030638025430173715,1.1627344427601587,70.74077523933713
0.1335484171504306,6.957795364645296,59.427592434569405
0.05430738862085757,4.765665915030358,67.13265485259996
0.30503061522267744,4.4118383597577395,91.50727443686498
0.10237203834764948,4.489162251265059,54.51364926378733
0.040578728243143874,7.155936038260558,87.52312117951976
0.1540711743893773,0.2380210479186644,57.65494225900329
0.014464048496518334,5.732972217146067,76.27039280771008
0.04957521803894473,6.676617873626063,78.1137013965629
0.029441948820172772,3.1092894460175913,80.07904371486612
0.09181718117086032,1.2428221556714625,77.20595164751359
0.04011307541810692,4.46138571017228,70.28799061246826
0.06428732297479986,3.924449818512472,64.30156514903516
0.027594031361579275,3.47293995711119,91.82080569962586
0.05836951925481293,6.992703608981019,72.17767596468644
0.08429665721835075,0.16856243389801207,77.65887382173293
0.049505137378830194,7.798758167192505,87.38097190271816
0.0659296098600457,4.1369102014119,67.65976843005944
0.07825013416499317,6.183051044714562,74.9110698948083
0.09158470065464076,2.4329639835374217,63.29148157712628
0.1481924215578311,3.0353679353171663,97.43250278794378
0.14905453186876644,1.9854273195322016,77.82533266124341
0.06284925366118642,6.311476199035817,51.344821839309475
0.1644196275227796,3.5736213821017127,87.27584337209927
0.024473393529595433,3.0768532928367316,83.31311984149269
0.12133361241215151,5.274723213414889,92.27976862822551
0.1302041640705011,3.3730179726137894,70.52509932796667
0.045671954044221794,3.690547322551666,53.55509551552664
0.16079497986786462,7.443228007226278,56.22151530220148
0.023081837589229524,5.957022982701451,90.88062539026464
0.052337710790282876,6.287011183187338,60.20005092960869
0.019047318252790997,1.2430427583971204,89.04852346276203
0.030013334009711456,1.1527831511453366,70.59893372812027
0.12200297989947541,5.945744048300721,56.463149197143345
0.05041230239446205,4.601918518670974,67.5076907712732
0.30503061522267744,4.4118383597577395,91.50727443686498
0.10877195376923535,4.785937180822307,53.065908790960144
0.023057727523174226,7.524882451133742,90.2803890603109
0.1540711743893773,0.2380210479186644,57.65494225900329
0.014464048496518334,5.732972217146067,76.27039280771008
0.05356803601043161,7.249213889742112,77.28665667714564
0.03470446068317008,2.827169437744428,79.84686359496405
0.09181718117086032,1.2428221556714625,77.20595164751359
0.03458365679101506,4.476486315052881,71.58656545585717
0.06507461787390051,2.6176326327103534,71.39494918841216
0.030516464663038177,3.8438695299298287,99.78813347324112
0.05836951925481293,6.992703608981019,72.17767596468644
0.08429665721835075,0.16856243389801207,77.65887382173293
0.04319101048106686,6.322925923378326,85.08296722406712
0.0659296098600457,4.1369102014119,67.65976843005944
0.07401675552589898,6.27230325448879,73.20442314300479
0.11953380871546804,3.0140768347148583,59.97440773344742
0.1481924215578311,3.0353679353171663,97.43250278794378
0.0858125660835138,3.746340128932683,77.09469071278335
0.06284925366118642,6.311476199035817,51.344821839309475
0.23731526539225348,3.094406129206621,93.75198617228514
0.024473393529595433,3.0768532928367316,83.31311984149269
0.12133361241215151,5.274723213414889,92.27976862822551
0.2096576383203713,3.595576766406781,60.915288925751206
0.04540416578988374,3.6827949068722305,53.931010162245286
0.13004560256032907,7.028317385423594,62.239313487585925
0.023081837589229524,5.957022982701451,90.88062539026464
0.052337710790282876,6.287011183187338,60.20005092960869
0.019047318252790997,1.2430427583971204,89.04852346276203
0.030013334009711456,1.1527831511453366,70.59893372812027
0.12200297989947541,5.945744048300721,56.463149197143345
0.02174888641568623,4.511537521923254,74.60079010660333
0.30503061522267744,4.4118383597577395,91.50727443686498
0.11919533069750608,4.323059794820882,64.79711742943043
0.023057727523174226,7.524882451133742,90.2803890603109
0.1540711743893773,0.2380210479186644,57.65494225900329
0.014464048496518334,5.732972217146067,76.27039280771008
0.058927499528287415,7.200789744885784,75.00416796689741
0.04509578250473449,1.4761825600262424,84.05459972395624
0.09181718117086032,1.2428221556714625,77.20595164751359
0.03458365679101506,4.476486315052881,71.58656545585717
0.0455792595634458,3.1389042672724763,74.40480000472294
0.030516464663038177,3.8438695299298287,99.78813347324112
0.06515275023413251,7.191788971840447,68.58247163387986
0.08429665721835075,0.16856243389801207,77.65887382173293
0.04319101048106686,6.322925923378326,85.08296722406712
0.08298947557193698,3.779561582055664,65.21385515775641
0.07534101416656415,6.211334251551355,73.29131892441374
0.08902828890562822,3.9448623953250794,69.74932704269915
0.1481924215578311,3.0353679353171663,97.43250278794378
0.08654566656032285,3.7377131780698347,80.1799074901283
0.06284925366118642,6.311476199035817,51.344821839309475
0.13113899777188276,4.351536796876108,85.42297472974928
0.024203505953809205,3.039490906359841,83.62615336531215
0.12133361241215151,5.274723213414889,92.27976862822551
0.21542431176407645,3.5492021251784003,60.66783517475352
0.041343401634449065,3.306905565071027,59.34151834377376
0.13004560256032907,7.028317385423594,62.239313487585925
0.023081837589229524,5.957022982701451,90.88062539026464
0.019949941755175005,7.238406163308671,57.97309866535119
0.019047318252790997,1.2430427583971204,89.04852346276203
0.01541971186677428,1.131522416247162,69.03883144588156
0.1343013558041121,4.579052084101192,75.70206683435406
0.014238677684939732,5.487947801422765,71.55969705268066
0.24522312441174754,3.7491503083291757,90.99307753149287
0.05295033509782157,4.85579117524342,67.6397567441052
0.023057727523174226,7.524882451133742,90.2803890603109
0.14727215565648225,0.5144257746062033,59.16728064701526
0.014464048496518334,5.732972217146067,76.27039280771008
0.057723584228922195,7.256968755978063,74.70167719206195
0.041058444161014014,0.8441024456704338,85.49135533429812
0.08707254707631727,1.6728286225617643,77.37509607818222
0.03458365679101506,4.476486315052881,71.58656545585717
0.06231722568606103,3.2167484217981372,67.18415632717682
0.030516464663038177,3.8438695299298287,99.78813347324112
0.06515275023413251,7.191788971840447,68.58247163387986
0.08429665721835075,0.16856243389801207,77.65887382173293
0.04319101048106686,6.322925923378326,85.08296722406712
0.08025277076523855,3.704649591035559,63.158443436562955
0.06128180988978264,4.010244649823642,78.2945262114686
0.08902828890562822,3.9448623953250794,69.74932704269915
0.1511021059378593,3.056772308988656,97.2394021039957
0.09112331556693065,3.867730309743913,79.79798937807708
0.060111469656672065,6.396770279242498,51.40915248055069
0.13113899777188276,4.351536796876108,85.42297472974928
0.03453210232538216,4.339029232530687,80.87623997117612
0.16300831319908285,5.931321670942428,88.83428651311257
0.20718015550516927,3.9238695225441997,65.09794492081528
0.048441260380729316,3.387461673413247,60.34235739714514
0.13004560256032907,7.028317385423594,62.239313487585925
0.02580691018203999,6.101571304150447,96.83448496650777
0.01853810418360875,7.6919644812957415,52.38601597855764
0.019047318252790997,1.2430427583971204,89.04852346276203
0.01541971186677428,1.131522416247162,69.03883144588156
0.14457636424793963,5.385935846845527,75.33834482993353
0.014238677684939732,5.487947801422765,71.55969705268066
0.24522312441174754,3.7491503083291757,90.99307753149287
0.05858945014694754,4.012571928264966,69.44216768323108
0.023057727523174226,7.524882451133742,90.2803890603109
0.14727215565648225,0.5144257746062033,59.16728064701526
0.01444418607197876,5.7113776773138305,75.85522884611369
0.058252632212493514,6.470377728231969,75.55702792025033
0.03875526118401318,0.6760076201963008,86.8037080895609
0.08707254707631727,1.6728286225617643,77.37509607818222
0.03296463172541963,5.384766416982417,68.10966311782144
0.08691805968430884,3.23349152787975,75.00240320774914
0.0353298645127694,3.8457645545394015,98.20051499201776
0.06515275023413251,7.191788971840447,68.58247163387986
0.08429665721835075,0.16856243389801207,77.65887382173293
0.04319101048106686,6.322925923378326,85.08296722406712
0.08025277076523855,3.704649591035559,63.158443436562955
0.05990284730602037,4.0168301735148955,78.2250518533297
0.11000301206831622,1.0924289064299888,70.77441257093014
0.1363964533645705,3.267166077051353,90.72684153670932
0.09204133564408362,3.8483845440917603,79.89635646368106
0.06153203824124984,6.352513285048553,51.37577289771204
0.20202360891720242,6.3172883326767435,83.13024780094773
0.01591172177485746,4.473709050876464,84.67810880057961
0.19762911156716612,6.864678291029217,96.27828985365748
0.19611222627107583,3.904753784095701,64.92882251101295
0.048441260380729316,3.387461673413247,60.34235739714514
0.13160340466136802,6.439264312494148,61.96150868317788
0.03966466051924403,5.218514901669594,85.25527559238758
0.02272561410050203,7.594213037022175,53.35547183323273
0.019047318252790997,1.2430427583971204,89.04852346276203
0.01541971186677428,1.131522416247162,69.03883144588156
0.13823529064901635,4.897804447125217,80.09726693915617
0.014238677684939732,5.487947801422765,71.55969705268066
0.2027660227656523,3.768693388815813,92.45099430793753
0.05858945014694754,4.012571928264966,69.44216768323108
0.023057727523174226,7.524882451133742,90.2803890603109
0.14727215565648225,0.5144257746062033,59.16728064701526
0.02796133532682909,5.895423568198718,68.82809882237447
0.0369184982359627,6.913404107751379,79.23702812377238
0.03875526118401318,0.6760076201963008,86.8037080895609
0.08707254707631727,1.6728286225617643,77.37509607818222
0.023501376056649977,4.516615189725304,52.40295792538163
0.0833886546273469,3.1299844819205718,75.73282764121078
0.0353298645127694,3.8457645545394015,98.20051499201776
0.0682667587874158,7.913611550485229,83.38116513491568
0.08429665721835075,0.16856243389801207,77.65887382173293
0.04518126159395027,6.950082980505357,81.76192291974425
0.08025277076523855,3.704649591035559,63.158443436562955
0.041439174711160424,4.714035437431489,80.18434630107737
0.11000301206831622,1.0924289064299888,70.77441257093014
0.1384711803229654,3.438117101764903,92.29525551486822
0.09204877195379087,4.185605245606691,78.10876172551832
0.06153203824124984,6.352513285048553,51.37577289771204
0.20202360891720242,6.3172883326767435,83.13024780094773
0.013613147365937578,4.542989479903521,85.12450300781082
0.19762911156716612,6.864678291029217,96.27828985365748
0.2784892731398002,4.047029547591872,66.18757691612086
0.048441260380729316,3.387461673413247,60.34235739714514
0.0920836630083517,5.767839762295001,69.7213937974368
0.03966466051924403,5.218514901669594,85.25527559238758
0.02272561410050203,7.594213037022175,53.35547183323273
0.019047318252790997,1.2430427583971204,89.04852346276203
0.01541971186677428,1.131522416247162,69.03883144588156
0.18037261833381207,4.069324412206908,82.48920467974483
0.027629952132757596,5.732752432202984,65.84455089656633
0.12973456549087162,3.588282239594216,77.25615124799401
0.08842782005263278,6.003916432099103,69.72094852198195
0.021666116984503707,7.08551578635172,89.52069564383373
0.25138611433818414,0.027150966466175097,51.37245938729954
0.02796133532682909,5.895423568198718,68.82809882237447
0.03500558614382878,6.30645466165087,80.28724014634403
0.060078138234856124,0.9475425969577242,84.28995168596518
0.09375206098549943,1.3763612694923686,80.32012909838566
0.023501376056649977,4.516615189725304,52.40295792538163
0.12535284823390658,1.1255131001239267,66.59363856247295
0.0353298645127694,3.8457645545394015,98.20051499201776
0.0682667587874158,7.913611550485229,83.38116513491568
0.08429665721835075,0.16856243389801207,77.65887382173293
0.04518126159395027,6.950082980505357,81.76192291974425
0.08025277076523855,3.704649591035559,63.158443436562955
0.04334872239193199,4.352263820517039,74.77321229309662
0.11000301206831622,1.0924289064299888,70.77441257093014
0.11055924532865476,4.495399969945105,77.45051059169451
0.09103371384800342,5.859746167085545,76.7909194011001
0.0680904718092325,6.142661294946003,51.04119623313384
0.2448672517240243,7.2365146657537185,90.15709318840906
0.013613147365937578,4.542989479903521,85.12450300781082
0.19762911156716612,6.864678291029217,96.27828985365748
0.2784892731398002,4.047029547591872,66.18757691612086
0.048441260380729316,3.387461673413247,60.34235739714514
0.09209255683835788,6.1711558843914185,67.58342962608882
0.03966466051924403,5.218514901669594,85.25527559238758
0.02272561410050203,7.594213037022175,53.35547183323273
0.019047318252790997,1.2430427583971204,89.04852346276203
0.01541971186677428,1.131522416247162,69.03883144588156
0.2036829357602204,5.055437350271381,86.36979371715643
0.027629952132757596,5.732752432202984,65.84455089656633
0.10069041071462649,2.6585701974858984,80.30410507391223
0.12192722381608259,7.231300753959191,65.9664850839179
0.021666116984503707,7.08551578635172,89.52069564383373
0.15458133087935466,1.9342624968655695,51.81021221175782
0.029778350421157847,5.705042527799297,68.61359967650952
0.03500558614382878,6.30645466165087,80.28724014634403
0.060078138234856124,0.9475425969577242,84.28995168596518
0.09375206098549943,1.3763612694923686,80.32012909838566
0.023501376056649977,4.516615189725304,52.40295792538163
0.11278946749006574,0.8326818540808371,69.97965076047697
0.0353298645127694,3.8457645545394015,98.20051499201776
0.0682667587874158,7.913611550485229,83.38116513491568
0.08429665721835075,0.16856243389801207,77.65887382173293
0.04652476891179995,5.481859183546671,72.93451379877176
0.08236894354796478,4.1454982224371815,63.94933908960807
0.04375042003125877,4.301626877136382,74.49999654541841
0.11284745710883365,0.9875490107041669,69.72969912886778
0.05559728251932505,2.999817254661465,65.5656674389141
0.11597114053588627,6.355719376004042,85.7965753765624
0.08348275211961592,4.369777514249128,57.46831980338719
0.2448672517240243,7.2365146657537185,90.15709318840906
0.028840279964276155,3.3647185836205917,84.85101056973605
0.12644589753415889,5.388642355514726,91.45907012592046
0.2654049074716268,4.011268914078212,67.16574705588947
0.048441260380729316,3.387461673413247,60.34235739714514
0.11602486818646365,5.860438121242415,60.12870833743119
0.037202715083910536,5.360911372270885,81.79960703670551
0.02272561410050203,7.594213037022175,53.35547183323273
0.019047318252790997,1.2430427583971204,89.04852346276203
0.01541971186677428,1.131522416247162,69.03883144588156
0.2036829357602204,5.055437350271381,86.36979371715643
0.027629952132757596,5.732752432202984,65.84455089656633
0.06398684576359936,4.982127692705129,67.61747016372128
0.11010542193580193,6.957018548256507,67.05895157015733
0.021666116984503707,7.08551578635172,89.52069564383373
0.15458133087935466,1.9342624968655695,51.81021221175782
0.022711734770284035,6.58258269561062,71.74546337140717
0.036878955956900224,5.899452135963475,77.5062750374268
0.060078138234856124,0.9475425969577242,84.28995168596518
0.09375206098549943,1.3763612694923686,80.32012909838566
0.023501376056649977,4.516615189725304,52.40295792538163
0.10812287070588639,2.7856604528833175,66.23695627486767
0.0353298645127694,3.8457645545394015,98.20051499201776
0.07738595975689058,6.496851414247739,80.58869066222903
0.08429665721835075,0.16856243389801207,77.65887382173293
0.04869338792209145,4.888572301413313,71.17312539075108
0.051746863929992754,2.74188260307899,76.08720223885766
0.04783499823769899,4.3612329210404885,74.8179840315269
0.11284745710883365,0.9875490107041669,69.72969912886778
0.054724708319979026,3.238534532202267,66.27438670798453
0.11597114053588627,6.355719376004042,85.7965753765624
0.08424714929639983,5.444745955581853,62.39902361681675
0.23684690137384184,7.18170861500893,89.88576707750589
0.028840279964276155,3.3647185836205917,84.85101056973605
0.13106161102880645,5.427741352713065,93.21022522912702
0.4918468819935943,2.3835175846639305,65.77433086607608
0.048441260380729316,3.387461673413247,60.34235739714514
0.1024309068199285,5.1677569074385135,61.67189894647711
0.038262239343605675,5.374658036103734,80.79201991873059
0.02272561410050203,7.594213037022175,53.35547183323273
0.019047318252790997,1.2430427583971204,89.04852346276203
0.01541971186677428,1.131522416247162,69.03883144588156
0.2036829357602204,5.055437350271381,86.36979371715643
0.027629952132757596,5.732752432202984,65.84455089656633
0.07225949881990336,6.539450867402772,68.81707052838927
0.08504476084188335,6.566423619862147,67.54397496985256
0.021666116984503707,7.08551578635172,89.52069564383373
0.15458133087935466,1.9342624968655695,51.81021221175782
0.022711734770284035,6.58258269561062,71.74546337140717
0.03622119074444658,5.727688658355344,77.9320401642011
0.060078138234856124,0.9475425969577242,84.28995168596518
0.09375206098549943,1.3763612694923686,80.32012909838566
0.023501376056649977,4.516615189725304,52.40295792538163
0.10812287070588639,2.7856604528833175,66.23695627486767
0.0353298645127694,3.8457645545394015,98.20051499201776
0.08600851742545952,7.053172719728961,79.8316284609915
0.07569174107758593,0.8488495270593981,77.24338417325329
0.059850110509443145,4.9465352528849635,69.20052691853837
0.055875254437352986,2.4824858032549613,79.54891654296904
0.04817533034768628,4.398096615438591,74.6497485393501
0.11284745710883365,0.9875490107041669,69.72969912886778
0.05105806548668052,3.6652165436110264,68.85271532444943
0.10827106519371921,5.955658325406507,84.51329285597676
0.10155311517658022,6.3726557304616875,59.03383977703907
0.1972616084344132,7.070953453196137,86.53232799692009
0.028840279964276155,3.3647185836205917,84.85101056973605
0.20727308888880924,6.96583533421404,99.44246752441681
0.4918468819935943,2.3835175846639305,65.77433086607608
0.048441260380729316,3.387461673413247,60.34235739714514
0.10432275442264993,5.994219652077039,57.606887286985355
0.027104428246805548,7.638920353231074,79.00299155538623
0.021368060976606373,6.393342075390413,56.269690112398905
0.019047318252790997,1.2430427583971204,89.04852346276203
0.01541971186677428,1.131522416247162,69.03883144588156
0.20212145105156687,5.069915781425868,86.48139511882366
0.03479950044732518,5.246083144314213,69.02867936004495
0.07225949881990336,6.539450867402772,68.81707052838927
0.08096417505927125,6.247894858908582,67.63158553778638
0.021666116984503707,7.08551578635172,89.52069564383373
0.13171487651820357,1.5744661501755877,59.19881786075303
0.02632816950309533,5.798193536143275,79.32764626947645
0.03922942959253758,5.620576328094068,78.01179720033097
0.060078138234856124,0.9475425969577242,84.28995168596518
0.109995212456762,1.525336822840932,72.70716745622427
0.023501376056649977,4.516615189725304,52.40295792538163
0.10410156438761702,4.316113340542822,63.26412697109641
0.034249769655850346,4.343849754787375,95.67965826672905
0.0799823064503091,6.840516752575869,78.5603513641491
0.0721476747918798,0.6371952805785752,78.44616404826216
0.09008497504427151,3.809797246007473,79.3601235071242
0.056040495103588786,2.5072855429640883,79.47042660931567
0.057202296782986564,4.354736593796885,82.7887371180232
0.11284745710883365,0.9875490107041669,69.72969912886778
0.04264071446884189,3.7949555714950876,69.23855318044211
0.10937959757900353,4.752240836010272,80.93228565175075
0.09094528000472311,4.303622983762176,66.03671861434826
0.18700861655229564,6.73566316316056,86.67708929332795
0.028840279964276155,3.3647185836205917,84.85101056973605
0.15647499520902336,6.809402953017212,87.64561180716338
0.4918468819935943,2.3835175846639305,65.77433086607608
0.024268926730053958,1.2614730887899572,54.924710903495416
0.10432275442264993,5.994219652077039,57.606887286985355
0.027104428246805548,7.638920353231074,79.00299155538623
0.021368060976606373,6.393342075390413,56.269690112398905
0.019047318252790997,1.2430427583971204,89.04852346276203
0.01541971186677428,1.131522416247162,69.03883144588156
0.13823316539082964,2.891023071203247,82.5316973200894
0.03916098672850945,6.172078806959046,69.02639459914997
0.07225949881990336,6.539450867402772,68.81707052838927
0.08143880191003017,6.549940862498742,67.0493942844501
0.021666116984503707,7.08551578635172,89.52069564383373
0.16830080552542465,0.10839493117757204,52.208543609595566
0.02638923928495708,5.795074716376304,79.3228138864655
0.03267576018517361,4.3849558293997495,75.54197156713462
0.06624879071250458,0.7690631336631311,90.75395697512775
0.109995212456762,1.525336822840932,72.70716745622427
0.023501376056649977,4.516615189725304,52.40295792538163
0.11470067637985053,4.405988595555723,62.23381885518397
0.056301341112692145,4.360881993990712,86.51216286176154
0.05194238924109271,6.958318561753423,83.83036555749881
0.0721359312620963,0.017352519601516292,79.45739167560993
0.09629648240068399,3.750385427533446,77.54462180873632
0.06731752711946762,1.4236039116411754,88.0814007278488
0.04436926269688923,2.4927364245205057,94.6965851461469
0.1160253827240948,0.457061303808282,68.22916859193144
0.041554146348682396,3.8993708033876566,68.40886590567494
0.15102883423334731,5.4697691732801506,78.90579838657185
0.09094528000472311,4.303622983762176,66.03671861434826
0.17943184524727554,6.753961337410606,86.917423497666
0.028840279964276155,3.3647185836205917,84.85101056973605
0.15523480080043767,6.5043428692990295,85.65539011068581
0.4918468819935943,2.3835175846639305,65.77433086607608
0.034451333640543466,1.6887702623490135,57.444848831445
0.13543713144110509,6.563063480965564,59.61028073817231
0.027104428246805548,7.638920353231074,79.00299155538623
0.021368060976606373,6.393342075390413,56.269690112398905
0.019047318252790997,1.2430427583971204,89.04852346276203
0.01541971186677428,1.131522416247162,69.03883144588156
0.15682694626418622,2.221953385673416,81.41687194591526
0.03916098672850945,6.172078806959046,69.02639459914997
0.07225949881990336,6.539450867402772,68.81707052838927
0.08235918056147326,6.366322132988746,59.775468998159454
0.021666116984503707,7.08551578635172,89.52069564383373
0.16830080552542465,0.10839493117757204,52.208543609595566
0.02638923928495708,5.795074716376304,79.3228138864655
0.03267576018517361,4.3849558293997495,75.54197156713462
0.06624879071250458,0.7690631336631311,90.75395697512775
0.1054395685957065,1.2104229544543859,67.51168167503646
0.023532029784083662,4.473707689695281,51.78299258520446
0.09755900173079886,4.392748672789228,69.36012383921596
0.056301341112692145,4.360881993990712,86.51216286176154
0.05194238924109271,6.958318561753423,83.83036555749881
0.0721359312620963,0.017352519601516292,79.45739167560993
0.1394702642218944,4.82599611960012,89.11197162187958
0.06779244976552083,1.5796644687752979,87.18767398112533
0.03735785420278577,3.9111236664047424,93.09811610221782
0.1160253827240948,0.457061303808282,68.22916859193144
0.04407894103531674,3.494888198473394,65.72870918567135
0.14081580400752303,5.631568143324904,77.60256050129153
0.09094528000472311,4.303622983762176,66.03671861434826
0.17943184524727554,6.753961337410606,86.917423497666
0.04565507769026757,2.064696951097821,82.75628262368983
0.2085443639712822,6.6569427658591485,93.29263795834055
0.327446735392313,3.2212757354432338,67.26944375180092
0.03411387424090741,2.2011980416744383,60.88432589450673
0.13543713144110509,6.563063480965564,59.61028073817231
0.050602076338077104,6.385703806742652,74.54390754229078
0.021368060976606373,6.393342075390413,56.269690112398905
0.029935503864747637,1.6798514103041349,86.31808972338624
0.010671852898395756,0.9321106607398595,69.22755704812059
0.12130985375203941,2.3074737870935382,85.61095444260083
0.03399996424716617,7.201512029873913,64.88665562461125
0.07073671918599542,6.741789448372195,68.66009031509209
0.08235918056147326,6.366322132988746,59.775468998159454
0.021666116984503707,7.08551578635172,89.52069564383373
0.16830080552542465,0.10839493117757204,52.208543609595566
0.02638923928495708,5.795074716376304,79.3228138864655
0.03267576018517361,4.3849558293997495,75.54197156713462
0.07224116200712674,0.9364904830468157,90.1942369290045
0.09716013005838987,1.1421062099641726,73.16854419924927
0.023532029784083662,4.473707689695281,51.78299258520446
0.09755900173079886,4.392748672789228,69.36012383921596
0.056301341112692145,4.360881993990712,86.51216286176154
0.05194238924109271,6.958318561753423,83.83036555749881
0.0721359312620963,0.017352519601516292,79.45739167560993
0.15054369886655516,5.616799240288084,90.69971082352131
0.07009102561861952,1.3960430893259557,87.9499477227867
0.03735785420278577,3.9111236664047424,93.09811610221782
0.09440978071708456,0.24050425509170617,73.75908052607498
0.05963667749329592,2.753744408140942,76.28814466163412
0.22344182033373333,7.005589895221581,65.22713616239545
0.12442168307176765,3.530210630721987,59.147035239135164
0.1547715844298757,6.599452767588923,85.69367895515181
0.043207882354291974,2.5021719341243136,81.39605483336494
0.2085443639712822,6.6569427658591485,93.29263795834055
0.4709631844418526,1.2530953178014688,66.49198808569207
0.03411387424090741,2.2011980416744383,60.88432589450673
0.13865969341965861,6.671290066507373,59.39445975052103
0.05241696139211384,6.429974699337086,74.18570227788264
0.021368060976606373,6.393342075390413,56.269690112398905
0.029935503864747637,1.6798514103041349,86.31808972338624
0.010671852898395756,0.9321106607398595,69.22755704812059
0.10196999622476406,2.3556855589222363,84.5672476516511
0.03399996424716617,7.201512029873913,64.88665562461125
0.07073671918599542,6.741789448372195,68.66009031509209
0.038683124251806256,6.129738202207273,60.07104323913087
0.023781907888479108,6.919073803091976,89.33691088554659
0.16830080552542465,0.10839493117757204,52.208543609595566
0.02638923928495708,5.795074716376304,79.3228138864655
0.03169939513291843,4.444028664583914,75.51494958846541
0.07423110287364929,0.5111767604198029,92.27131577461618
0.09867267620194911,1.6379394262713802,72.8437805663691
0.023532029784083662,4.473707689695281,51.78299258520446
0.09755900173079886,4.392748672789228,69.36012383921596
0.056301341112692145,4.360881993990712,86.51216286176154
0.0638873342307657,6.932200111820535,81.63628455066487
0.0721359312620963,0.017352519601516292,79.45739167560993
0.16580213374730113,6.787224850832617,95.95223015065241
0.07009102561861952,1.3960430893259557,87.9499477227867
0.036213541702767964,4.186725943422012,95.38713328967782
0.09440978071708456,0.24050425509170617,73.75908052607498
0.05963667749329592,2.753744408140942,76.28814466163412
0.16248303897801114,6.716613771300338,63.52594889584483
0.12442168307176765,3.530210630721987,59.147035239135164
0.17411936321785149,6.912837292839088,90.69290697146849
0.043207882354291974,2.5021719341243136,81.39605483336494
0.2085443639712822,6.6569427658591485,93.29263795834055
0.4709631844418526,1.2530953178014688,66.49198808569207
0.04069515118891467,2.143778126361332,62.103500986853746
0.13865969341965861,6.671290066507373,59.39445975052103
0.05241696139211384,6.429974699337086,74.18570227788264
0.021368060976606373,6.393342075390413,56.269690112398905
0.029935503864747637,1.6798514103041349,86.31808972338624
0.010671852898395756,0.9321106607398595,69.22755704812059
0.10196999622476406,2.3556855589222363,84.5672476516511
0.03399996424716617,7.201512029873913,64.88665562461125
0.0914351104136039,7.13701738366236,74.2064091294279
0.042090949065007,5.949221566447411,53.378103044614036
0.023781907888479108,6.919073803091976,89.33691088554659
0.16830080552542465,0.10839493117757204,52.208543609595566
0.019352756805406476,6.438741374069555,79.96507079353756
0.013680314397323971,5.534233792271882,75.01625167404156
0.07423110287364929,0.5111767604198029,92.27131577461618
0.11902332579342517,0.8699166715742987,78.54776019334165
0.023532029784083662,4.473707689695281,51.78299258520446
0.09755900173079886,4.392748672789228,69.36012383921596
0.056301341112692145,4.360881993990712,86.51216286176154
0.0638873342307657,6.932200111820535,81.63628455066487
0.05895721892258748,1.546954911384907,85.30147624096948
0.16580213374730113,6.787224850832617,95.95223015065241
0.07009102561861952,1.3960430893259557,87.9499477227867
0.06536398661109472,4.770773218038609,88.03169337403506
0.09440978071708456,0.24050425509170617,73.75908052607498
0.044629652873135875,3.6617116586521994,75.872808719163
0.16248303897801114,6.716613771300338,63.52594889584483
0.14020863702125697,5.26067218046486,51.46076186244014
0.17411936321785149,6.912837292839088,90.69290697146849
0.04625018843041733,2.317652253584336,82.15046675583942
0.2085443639712822,6.6569427658591485,93.29263795834055
0.4709631844418526,1.2530953178014688,66.49198808569207
0.04069515118891467,2.143778126361332,62.103500986853746
0.13865969341965861,6.671290066507373,59.39445975052103
0.06062354062016356,5.2203779064357025,74.10232837579893
0.021368060976606373,6.393342075390413,56.269690112398905
0.029935503864747637,1.6798514103041349,86.31808972338624
0.010671852898395756,0.9321106607398595,69.22755704812059
0.14291017560327865,0.3323664712906096,86.84781218548217
0.03399996424716617,7.201512029873913,64.88665562461125
0.0914351104136039,7.13701738366236,74.2064091294279
0.0457134233929305,5.360159886125032,57.850791523727544
0.023781907888479108,6.919073803091976,89.33691088554659
0.16830080552542465,0.10839493117757204,52.208543609595566
0.019352756805406476,6.438741374069555,79.96507079353756
0.013680314397323971,5.534233792271882,75.01625167404156
0.06130163858647084,1.1406105470192835,80.64040434000381
0.16710979666663098,0.6527193962070099,77.76896967375913
0.023532029784083662,4.473707689695281,51.78299258520446
0.1247184877922881,5.474486894323125,69.4015620261441
0.06290600590782613,3.865864620014138,87.13453580608132
0.06641303149252324,7.7883004309517965,80.01289888351215
0.05895721892258748,1.546954911384907,85.30147624096948
0.16580213374730113,6.787224850832617,95.95223015065241
0.07009102561861952,1.3960430893259557,87.9499477227867
0.06536398661109472,4.770773218038609,88.03169337403506
0.060702426809316756,0.2935000920235422,64.58632398011254
0.02102251626726437,5.284144425117853,76.87519807337148
0.15575483275802246,3.6718267152058526,75.04210325332849
0.14020863702125697,5.26067218046486,51.46076186244014
0.1250279701735442,7.013975644001324,81.65158337762553
0.04086504031559816,1.2229425090894783,79.81358258894755
0.11952475980708069,4.176334009404929,89.81648608810616
0.4709631844418526,1.2530953178014688,66.49198808569207
0.04069515118891467,2.143778126361332,62.103500986853746
0.13865969341965861,6.671290066507373,59.39445975052103
0.017549476527442404,7.265321028931466,82.86048441812991
0.021368060976606373,6.393342075390413,56.269690112398905
0.029935503864747637,1.6798514103041349,86.31808972338624
0.010671852898395756,0.9321106607398595,69.22755704812059
0.14798634376219072,0.15626937844502997,88.33882982134418
0.03399996424716617,7.201512029873913,64.88665562461125
0.10098628672248561,7.511635739949048,77.36046345031926
0.0457134233929305,5.360159886125032,57.850791523727544
0.04866954174688453,6.453205198073176,83.56952145615391
0.16830080552542465,0.10839493117757204,52.208543609595566
0.019352756805406476,6.438741374069555,79.96507079353756
0.010379191979152512,5.646676303535221,74.18045204040155
0.06130163858647084,1.1406105470192835,80.64040434000381
0.16710979666663098,0.6527193962070099,77.76896967375913
0.023532029784083662,4.473707689695281,51.78299258520446
0.10307682522061555,5.43476184588568,70.96133245057715
0.06178563690857747,4.989320539066806,94.97002754399516
0.06641303149252324,7.7883004309517965,80.01289888351215
0.05895721892258748,1.546954911384907,85.30147624096948
0.16580213374730113,6.787224850832617,95.95223015065241
0.03694241418796812,1.9236329109399048,87.7844576537474
0.024719499801847206,5.2649174654090904,93.87249746895871
0.0667398523225564,0.02145492083822842,60.32187682748145
0.02102251626726437,5.284144425117853,76.87519807337148
0.13244635868310134,3.231674461027234,74.10796060191171
0.13943213941494328,5.305235237051848,51.9735066656973
0.14894773339597067,7.14418089361137,82.03332835260365
0.04086504031559816,1.2229425090894783,79.81358258894755
0.11952475980708069,4.176334009404929,89.81648608810616
0.4709631844418526,1.2530953178014688,66.49198808569207
0.04069515118891467,2.143778126361332,62.103500986853746
0.09009282215597322,4.426732142437733,60.737493198920035
0.016366517539100105,7.807560548904331,84.75988719762869
0.020786486185793936,6.909251067442152,57.475507020110584
0.03945311308937163,2.0376286261899867,86.99297202436871
0.010671852898395756,0.9321106607398595,69.22755704812059
0.14798634376219072,0.15626937844502997,88.33882982134418
0.03399996424716617,7.201512029873913,64.88665562461125
0.08366457672283052,4.730785814955652,78.79210484253728
0.04489271588357153,4.834140460337231,58.54629596223062
0.04866954174688453,6.453205198073176,83.56952145615391
0.16830080552542465,0.10839493117757204,52.208543609595566
0.01946929301208304,6.383947735860947,79.17923256104649
0.010379191979152512,5.646676303535221,74.18045204040155
0.06130163858647084,1.1406105470192835,80.64040434000381
0.1687420183924264,0.378348723646881,79.2901936258385
0.023532029784083662,4.473707689695281,51.78299258520446
0.11065902116024917,6.56432081884233,73.18139732641762
0.06178563690857747,4.989320539066806,94.97002754399516
0.06641303149252324,7.7883004309517965,80.01289888351215
0.05895721892258748,1.546954911384907,85.30147624096948
0.14908128281941374,6.955642063212825,93.27065665857215
0.02253449109785513,1.5306101174073192,87.42993503538781
0.024719499801847206,5.2649174654090904,93.87249746895871
0.0667398523225564,0.02145492083822842,60.32187682748145
0.02102251626726437,5.284144425117853,76.87519807337148
0.09821049825865805,6.213958988262883,95.01876664007942
0.13943213941494328,5.305235237051848,51.9735066656973
0.14862506471779424,7.1116338355016975,82.11868278528756
0.044809791340737704,0.41556385189203837,80.39774190768333
0.11952475980708069,4.176334009404929,89.81648608810616
0.4709631844418526,1.2530953178014688,66.49198808569207
0.04069515118891467,2.143778126361332,62.103500986853746
0.07169961662668875,4.662560984568912,70.06024018202596
0.016366517539100105,7.807560548904331,84.75988719762869
0.034284730015706935,6.277147964045364,69.81991346255482
0.0427008744497053,1.19002679600605,92.12864451576334
0.010671852898395756,0.9321106607398595,69.22755704812059
0.14798634376219072,0.15626937844502997,88.33882982134418
0.03399996424716617,7.201512029873913,64.88665562461125
0.08287798392679552,4.769501097836282,78.89948811832231
0.04489271588357153,4.834140460337231,58.54629596223062
0.04112573188253724,6.134213478781608,81.74289808911607
0.1746548411181047,0.11383422553926142,51.70094293811758
0.01946929301208304,6.383947735860947,79.17923256104649
0.010379191979152512,5.646676303535221,74.18045204040155
0.06178875063913642,1.0975065901919798,80.70219871231758
0.17488783751229106,0.3129294462343861,78.95367840871018
0.023532029784083662,4.473707689695281,51.78299258520446
0.07484349610777838,4.546856302895449,71.7651269389019
0.05913015568912487,4.96492702037992,89.24440229454402
0.08151429102460261,7.782488796597196,78.58052134381103
0.06594808365892013,0.9693847335699641,91.91606860032948
0.14908128281941374,6.955642063212825,93.27065665857215
0.011214002737477531,0.7307366865047609,89.67071321605304
0.030586410349943097,5.340681053303247,93.96400607317175
0.0667398523225564,0.02145492083822842,60.32187682748145
0.02102251626726437,5.284144425117853,76.87519807337148
0.09628297048494239,6.1938673648493925,95.79348577140445
0.14120162714372422,5.652937415405544,57.77595990754107
0.14662491902670816,6.718607649163286,75.55986259081362
0.044809791340737704,0.41556385189203837,80.39774190768333
0.11428708563054685,4.047059390359567,87.5545342362245
0.4709631844418526,1.2530953178014688,66.49198808569207
0.05253990387907939,2.5230349610033707,60.8882798256391
0.0683997915989292,4.7713214810244295,78.35135455893274
0.016366517539100105,7.807560548904331,84.75988719762869
0.034284730015706935,6.277147964045364,69.81991346255482
0.046108600370047936,1.8684188794875456,92.63599453470088
0.010671852898395756,0.9321106607398595,69.22755704812059
0.14798634376219072,0.15626937844502997,88.33882982134418
0.03399996424716617,7.201512029873913,64.88665562461125
0.06491137758634136,5.639728202566521,78.8889064732383
0.04489271588357153,4.834140460337231,58.54629596223062
0.041404593002531166,5.701346132882089,81.64107786510039
0.1746548411181047,0.11383422553926142,51.70094293811758
0.01946929301208304,6.383947735860947,79.17923256104649
0.010379191979152512,5.646676303535221,74.18045204040155
0.04307269338906867,2.751548088620508,66.55224976843493
0.17488783751229106,0.3129294462343861,78.95367840871018
0.023572842696655695,4.474857748741075,51.80972745060118
0.13085195742192404,1.423797757642931,59.31892084118581
0.05913015568912487,4.96492702037992,89.24440229454402
0.08151429102460261,7.782488796597196,78.58052134381103
0.06594808365892013,0.9693847335699641,91.91606860032948
0.14908128281941374,6.955642063212825,93.27065665857215
0.011214002737477531,0.7307366865047609,89.67071321605304
0.030586410349943097,5.340681053303247,93.96400607317175
0.06601006009339021,2.263855158111792,67.73246538295712
0.01785311060250495,5.046836302876754,78.56127095955446
0.07455264202275708,4.79834527006286,94.22946234135637
0.14120162714372422,5.652937415405544,57.77595990754107
0.14662491902670816,6.718607649163286,75.55986259081362
0.04317041252380867,0.2726387951258762,81.37712506020053
0.10501488329748482,3.281048393435198,90.99375729895739
0.3870479499446348,0.9866285538611318,70.02394600293319
0.04841797817713396,3.004259685386587,63.16806680920481
0.04029493871178111,4.010428149826456,73.15431637401102
0.016366517539100105,7.807560548904331,84.75988719762869
0.034284730015706935,6.277147964045364,69.81991346255482
0.046108600370047936,1.8684188794875456,92.63599453470088
0.026972568489782744,1.521653197903711,67.79746778967382
0.11477329599920402,1.9536700930256048,88.67731859131595
0.03496765402627461,6.991199581039952,64.32339103858587
0.051311396070236215,5.256496995099711,69.980116281183
0.04541122908463313,4.771029926812905,58.77185226630509
0.04223680222963527,5.616226655533781,80.98549475663013
0.1746548411181047,0.11383422553926142,51.70094293811758
0.032188796308012135,5.922587445035347,80.93589688286995
0.058394182782335616,3.963628074346062,68.25731844892992
0.039097732131661275,2.5636219357080257,69.06885958143368
0.17488783751229106,0.3129294462343861,78.95367840871018
0.023572842696655695,4.474857748741075,51.80972745060118
0.13085195742192404,1.423797757642931,59.31892084118581
0.05913015568912487,4.96492702037992,89.24440229454402
0.08381257287080188,7.486283782303859,77.68326393387545
0.06594808365892013,0.9693847335699641,91.91606860032948
0.14908128281941374,6.955642063212825,93.27065665857215
0.01061865077506843,0.5890640828576936,89.53877193240805
0.030586410349943097,5.340681053303247,93.96400607317175
0.06601006009339021,2.263855158111792,67.73246538295712
0.043477934808024365,4.527709587521668,82.21631682466764
0.07694011949463819,4.733306926003618,95.13613664747015
0.20545441947911175,7.597007677877427,50.66946962599734
0.14662491902670816,6.718607649163286,75.55986259081362
0.04317041252380867,0.2726387951258762,81.37712506020053
0.09612522342540877,3.4611417237543476,89.72576364182645
0.22646114604398754,2.93486755428361,79.43652348257085
0.04895748552067267,2.9374330649180145,62.50481077091975
0.04029493871178111,4.010428149826456,73.15431637401102
0.016366517539100105,7.807560548904331,84.75988719762869
0.03503128563880179,6.135080743010199,70.82659229166903
0.046108600370047936,1.8684188794875456,92.63599453470088
0.026972568489782744,1.521653197903711,67.79746778967382
0.11391813461819064,2.0699925621814206,88.88031563446319
0.03738422993940849,5.011876141120719,69.34751101944536
0.04805638747604722,5.269718709056209,73.74695928163747
0.04541122908463313,4.771029926812905,58.77185226630509
0.04223680222963527,5.616226655533781,80.98549475663013
0.16521559640284544,0.22597904265951874,54.64424114259449
0.032188796308012135,5.922587445035347,80.93589688286995
0.03689703155817295,4.0952150325681895,66.82740589199295
0.039097732131661275,2.5636219357080257,69.06885958143368
0.17488783751229106,0.3129294462343861,78.95367840871018
0.023572842696655695,4.474857748741075,51.80972745060118
0.15502121696792628,0.4769410930083433,59.473674231437315
0.06807282190755029,5.068477641490109,92.85710357214106
0.08381257287080188,7.486283782303859,77.68326393387545
0.06594808365892013,0.9693847335699641,91.91606860032948
0.15786238724866883,7.149977334350506,93.66370298447383
0.03278348748723506,1.3603641486536064,85.07061134994393
0.030586410349943097,5.340681053303247,93.96400607317175
0.06832416288478955,1.3553312064752316,60.496778616052715
0.044978839791419464,4.801063412486938,83.5274856866108
0.07464073042862154,3.8318074423740525,85.89173527476217
0.20069990649063946,7.203580893600232,51.22071052357317
0.165578611666018,7.251167641809532,76.12598355144267
0.04317041252380867,0.2726387951258762,81.37712506020053
0.09439737087497639,3.4126815424490173,89.177861873629
0.22802693825038925,2.6754111696549305,81.15150695364942
0.04938616332082036,2.766566607781683,61.32602304753692
0.04179117943857949,3.7729940082445443,72.42862170327925
0.016366517539100105,7.807560548904331,84.75988719762869
0.03503128563880179,6.135080743010199,70.82659229166903
0.043939111654835404,1.666828349285395,92.4600696936912
0.026972568489782744,1.521653197903711,67.79746778967382
0.14794544505132004,0.36227915994452164,96.681918803478
0.03645101884184114,5.05701479020445,72.72688672440665
0.041555567985731526,5.701620313112844,72.28940609821635
0.04541122908463313,4.771029926812905,58.77185226630509
0.04223680222963527,5.616226655533781,80.98549475663013
0.17719684443850892,0.13625252763240714,50.14565951029805
0.032188796308012135,5.922587445035347,80.93589688286995
0.034063595128455935,3.2881223674156854,59.31471532297124
0.03864644470551347,2.6472162227217386,66.88845646378626
0.17488783751229106,0.3129294462343861,78.95367840871018
0.023572842696655695,4.474857748741075,51.80972745060118
0.15502121696792628,0.4769410930083433,59.473674231437315
0.08223717792601729,7.064945284476486,93.09012738600424
0.07919244408210395,7.898351313544227,78.99087202805839
0.06594808365892013,0.9693847335699641,91.91606860032948
0.15786238724866883,7.149977334350506,93.66370298447383
0.03192659245104901,1.1722854856988558,87.72800721504449
0.030586410349943097,5.340681053303247,93.96400607317175
0.06832416288478955,1.3553312064752316,60.496778616052715
0.044978839791419464,4.801063412486938,83.5274856866108
0.07464073042862154,3.8318074423740525,85.89173527476217
0.16949441330606663,6.7147561197453935,52.73812380910515
0.2485627523868384,6.629471108793641,73.37391901215172
0.056193936980738324,1.7455479682704196,83.2454295597193
0.08064127177725866,3.5069003758275734,84.79806928071008
0.22802693825038925,2.6754111696549305,81.15150695364942
0.06543906920880575,2.4527221376474406,63.58077458262032
0.04179117943857949,3.7729940082445443,72.42862170327925
0.016366517539100105,7.807560548904331,84.75988719762869
0.032032875229464984,7.182805110146061,70.1159980418017
0.05341827337554197,2.1420685057001982,90.48118505102966
0.026421440502804705,1.508313327083463,67.85788237367464
0.14794544505132004,0.36227915994452164,96.681918803478
0.03570025660473001,5.159830680723784,73.17668242599086
0.05009966227820481,5.562959797915516,72.69546642388866
0.04541122908463313,4.771029926812905,58.77185226630509
0.041549115474933423,5.820664761333601,80.34797851050602
0.17719684443850892,0.13625252763240714,50.14565951029805
0.014419978282349886,5.3052571525256145,81.32410974889466
0.034063595128455935,3.2881223674156854,59.31471532297124
0.040215739547512834,1.851257253075957,63.474740752430534
0.17488783751229106,0.3129294462343861,78.95367840871018
0.023572842696655695,4.474857748741075,51.80972745060118
0.15502121696792628,0.4769410930083433,59.473674231437315
0.0824066601019797,7.137078901782968,93.25072866164818
0.07919244408210395,7.898351313544227,78.99087202805839
0.0644428891927437,1.176977700099279,91.69882163761214
0.12650820760741419,6.525385298322341,83.89155674652572
0.03192659245104901,1.1722854856988558,87.72800721504449
0.030586410349943097,5.340681053303247,93.96400607317175
0.06728727478759308,1.413826680438159,60.461003746020026
0.044978839791419464,4.801063412486938,83.5274856866108
0.08913277953135945,2.843088652650855,86.17321137023093
0.16949441330606663,6.7147561197453935,52.73812380910515
0.2673170542526959,6.979285113059716,73.02891857100629
0.01777652521520165,2.3247385288331843,77.61941696531497
0.06415804524073068,3.2003878285288714,85.91946754482973
0.20264078439295094,1.5467822752419467,80.10153785708744
0.03330559362747973,2.6648987595481612,59.71151141377108
0.04179117943857949,3.7729940082445443,72.42862170327925
0.016366517539100105,7.807560548904331,84.75988719762869
0.032032875229464984,7.182805110146061,70.1159980418017
0.05341827337554197,2.1420685057001982,90.48118505102966
0.038601714226289024,1.5109722991808563,68.70416333166627
0.14794544505132004,0.36227915994452164,96.681918803478
0.032996766886472295,7.140724941002865,78.98538548034053
0.05926636112018693,6.863325370417309,80.34430665860616
0.04541122908463313,4.771029926812905,58.77185226630509
0.046257412997213816,5.146726119193303,85.41039886204797
0.17719684443850892,0.13625252763240714,50.14565951029805
0.014419978282349886,5.3052571525256145,81.32410974889466
0.07854897934999813,2.254235645714223,59.373176691597806
0.028204085467684693,1.72498467400472,64.75995872353936
0.11184816219404085,3.3463973680085703,78.96776529586984
0.037328651890564786,5.395341531812121,62.80657630019603
0.15502121696792628,0.4769410930083433,59.473674231437315
0.0811078604146829,7.44469368692159,87.48860899636215
0.07919244408210395,7.898351313544227,78.99087202805839
0.0644428891927437,1.176977700099279,91.69882163761214
0.18094116560494805,6.251819376043226,86.76309173745062
0.03192659245104901,1.1722854856988558,87.72800721504449
0.030586410349943097,5.340681053303247,93.96400607317175
0.06728727478759308,1.413826680438159,60.461003746020026
0.044978839791419464,4.801063412486938,83.5274856866108
0.10393878848225022,2.3551550155991956,87.13416907505578
0.16949441330606663,6.7147561197453935,52.73812380910515
0.19843308076230967,7.151452723064992,78.37796128694157
0.01777652521520165,2.3247385288331843,77.61941696531497
0.06415804524073068,3.2003878285288714,85.91946754482973
0.3241255069454095,1.8132840701830029,74.6743410700649
0.03330559362747973,2.6648987595481612,59.71151141377108
0.04179117943857949,3.7729940082445443,72.42862170327925
0.016366517539100105,7.807560548904331,84.75988719762869
0.02555291902546639,7.441217943644262,76.1730383737947
0.09253616050686683,1.500982097315498,78.54306332366797
0.038611734076220906,1.5161417472152174,68.72745399200711
0.14794544505132004,0.36227915994452164,96.681918803478
0.032996766886472295,7.140724941002865,78.98538548034053
0.05926636112018693,6.863325370417309,80.34430665860616
0.045484031785043635,4.803353511476455,61.06373952432022
0.04184815418257812,5.269498997361977,74.24803236071018
0.17719684443850892,0.13625252763240714,50.14565951029805
0.014419978282349886,5.3052571525256145,81.32410974889466
0.07640878959989457,2.350654807321909,55.28773127953393
0.028204085467684693,1.72498467400472,64.75995872353936
0.11184816219404085,3.3463973680085703,78.96776529586984
0.037328651890564786,5.395341531812121,62.80657630019603
0.13354116133180727,1.1207639564301193,65.72546030620133
0.08203082231909621,6.653212423393322,85.9670912378266
0.07919244408210395,7.898351313544227,78.99087202805839
0.04286553001720128,4.152877560067495,88.58452919920353
0.18094116560494805,6.251819376043226,86.76309173745062
0.033246955470058626,0.9762445992379378,95.87471103119019
0.030586410349943097,5.340681053303247,93.96400607317175
0.06728727478759308,1.413826680438159,60.461003746020026
0.05614577718223767,2.620568099872366,87.76058867543512
0.09699178524404922,1.484521753983983,94.30692833080953
0.16949441330606663,6.7147561197453935,52.73812380910515
0.2823543849346667,7.156894632646018,78.06983165505108
0.01777652521520165,2.3247385288331843,77.61941696531497
0.06415804524073068,3.2003878285288714,85.91946754482973
0.2552952027386158,3.110698555768412,75.01983759420422
0.10225255506881295,2.4629997751194614,63.258866983738244
0.04179117943857949,3.7729940082445443,72.42862170327925
0.016366517539100105,7.807560548904331,84.75988719762869
0.02555291902546639,7.441217943644262,76.1730383737947
0.08763805654621941,1.844757372582233,76.72347412639293
0.022189245168946325,1.2126321090933856,72.57400159809374
0.14794544505132004,0.36227915994452164,96.681918803478
0.032996766886472295,7.140724941002865,78.98538548034053
0.05926636112018693,6.863325370417309,80.34430665860616
0.045484031785043635,4.803353511476455,61.06373952432022
0.027888525199859893,7.8558095002122945,61.054911184823965
0.17719684443850892,0.13625252763240714,50.14565951029805
0.014419978282349886,5.3052571525256145,81.32410974889466
0.07640878959989457,2.350654807321909,55.28773127953393
0.028204085467684693,1.72498467400472,64.75995872353936
0.09510767304511092,3.9740619301925704,75.03099674817047
0.037328651890564786,5.395341531812121,62.80657630019603
0.13354116133180727,1.1207639564301193,65.72546030620133
0.07881354621432003,6.151991345642487,86.19000668647608
0.07919244408210395,7.898351313544227,78.99087202805839
0.04286553001720128,4.152877560067495,88.58452919920353
0.17386109906920072,6.5509200740239795,87.88129626117954
0.029627572729091792,0.5651318049828378,96.6439731415235
0.011081284757856975,6.584191781598786,98.63788432891151
0.06689236295870483,1.649268341870914,61.43831353070699
0.05614577718223767,2.620568099872366,87.76058867543512
0.08945147418802088,1.878572627605054,92.38073706261603
0.12236419683278996,6.244253816567192,56.328526802844166
0.19960021355746807,5.307492665951576,78.50563835584641
0.01777652521520165,2.3247385288331843,77.61941696531497
0.06415804524073068,3.2003878285288714,85.91946754482973
0.2990265226462,4.7762451003502715,88.9481795325268
0.10225255506881295,2.4629997751194614,63.258866983738244
0.04553020749264378,2.4136740177697393,80.4906666570665
0.016366517539100105,7.807560548904331,84.75988719762869
0.02555291902546639,7.441217943644262,76.1730383737947
0.06637367530522677,3.3454902018984227,70.8411898279853
0.022189245168946325,1.2126321090933856,72.57400159809374
0.14794544505132004,0.36227915994452164,96.681918803478
0.012458911287500457,6.80389643275667,78.98294624940796
0.05892505334603602,6.3992820794607,81.15544802123934
0.036741786376696915,6.162420847085553,61.30541293454066
0.032065759514942296,6.8230252716275785,68.73319308786674
0.13622492211741394,1.9903847778191324,51.95699820774058
0.014419978282349886,5.3052571525256145,81.32410974889466
0.08444210094865486,1.5465376394769468,51.988639697626525
0.035939243274322026,2.053383958307669,65.99233461365843
0.13078313007294073,3.3854839804862555,72.24854419343187
0.015803948473436275,6.374715203194186,56.21484027439084
0.14815501298642755,1.161966856188852,65.23483181776108
0.07881354621432003,6.151991345642487,86.19000668647608
0.07919244408210395,7.898351313544227,78.99087202805839
0.06752693014760883,2.266420531728718,80.78412961494962
0.08856545390284848,7.760295974445529,87.15425444446912
0.029627572729091792,0.5651318049828378,96.6439731415235
0.011081284757856975,6.584191781598786,98.63788432891151
0.060286506142763055,2.574795782836386,63.792856148477334
0.05614577718223767,2.620568099872366,87.76058867543512
0.10612628845454684,1.007159620851112,96.64035996149528
0.12236419683278996,6.244253816567192,56.328526802844166
0.19960021355746807,5.307492665951576,78.50563835584641
0.01777652521520165,2.3247385288331843,77.61941696531497
0.06647758247310949,3.294669583857383,87.55744377158221
0.2635752632450451,5.278895601155237,88.64600058787586
0.10672361281097602,2.5798394218651195,61.20355856849526
0.03154318000469432,4.106996826461029,87.85883994829058
0.016366517539100105,7.807560548904331,84.75988719762869
0.021791575806168112,7.8919377685622,88.58821574886694
0.0337558950767511,4.538374976183641,60.50835996184657
0.01384541831830921,0.7832888117872645,69.74398621267439
0.14794544505132004,0.36227915994452164,96.681918803478
0.012458911287500457,6.80389643275667,78.98294624940796
0.06473049206441077,6.005580705870582,82.16800225642332
0.03148664864895339,6.730182172357379,56.58740061722341
0.032065759514942296,6.8230252716275785,68.73319308786674
0.14139073234005098,1.2727986520312717,71.66946780683304
0.013984394114508976,5.152411433539195,80.89487720372618
0.08444210094865486,1.5465376394769468,51.988639697626525
0.035939243274322026,2.053383958307669,65.99233461365843
0.20657526924865352,0.2517203141863167,60.886024694134136
0.015803948473436275,6.374715203194186,56.21484027439084
0.14815501298642755,1.161966856188852,65.23483181776108
0.08209637332510385,6.140387336983427,87.75172573366817
0.07919244408210395,7.898351313544227,78.99087202805839
0.06752693014760883,2.266420531728718,80.78412961494962
0.08856545390284848,7.760295974445529,87.15425444446912
0.029627572729091792,0.5651318049828378,96.6439731415235
0.011081284757856975,6.584191781598786,98.63788432891151
0.060286506142763055,2.574795782836386,63.792856148477334
0.05614577718223767,2.620568099872366,87.76058867543512
0.10612628845454684,1.007159620851112,96.64035996149528
0.1207791415259786,6.246194394938497,56.32683574601939
0.22045129863759694,5.118871767144466,79.7219021320833
0.01777652521520165,2.3247385288331843,77.61941696531497
0.09628400543586886,0.22820358684266484,86.86989910548347
0.20352259385662858,4.1978346318448265,84.10062308050551
0.10672361281097602,2.5798394218651195,61.20355856849526
0.0338335436533819,3.968618658612508,87.84969330648843
0.027978396242840223,6.706292528449365,85.06646843513087
0.021791575806168112,7.8919377685622,88.58821574886694
0.0337558950767511,4.538374976183641,60.50835996184657
0.01384541831830921,0.7832888117872645,69.74398621267439
0.14794544505132004,0.36227915994452164,96.681918803478
0.012458911287500457,6.80389643275667,78.98294624940796
0.06473049206441077,6.005580705870582,82.16800225642332
0.03148664864895339,6.730182172357379,56.58740061722341
0.032065759514942296,6.8230252716275785,68.73319308786674
0.14139073234005098,1.2727986520312717,71.66946780683304
0.028494134777913217,4.344661355123604,75.5355992040462
0.08444210094865486,1.5465376394769468,51.988639697626525
0.03288586529400866,1.3334166657261397,80.82058609966722
0.1972997025526374,0.8418940563003314,62.95070648625058
0.015803948473436275,6.374715203194186,56.21484027439084
0.17216316488499922,0.7759421848239532,65.62882020046801
0.08209637332510385,6.140387336983427,87.75172573366817
0.07919244408210395,7.898351313544227,78.99087202805839
0.0643350839341102,2.6617459869733615,78.64118747857017
0.08856545390284848,7.760295974445529,87.15425444446912
0.029627572729091792,0.5651318049828378,96.6439731415235
0.011081284757856975,6.584191781598786,98.63788432891151
0.060286506142763055,2.574795782836386,63.792856148477334
0.06873233644294521,2.811949660764747,87.14478828321495
0.10678937273742177,0.8992676057551124,94.80295650207603
0.1207791415259786,6.246194394938497,56.32683574601939
0.2760901228120508,4.342216441756948,77.23870494762741
0.01777652521520165,2.3247385288331843,77.61941696531497
0.11089446150104725,0.23131888446256008,83.42777465821491
0.24425716112504547,5.942167572864576,84.39651795199045
0.091842238292792,3.4007498019795963,60.2905130187036
0.034216369195339574,3.9709782747685347,87.83302004803281
0.027978396242840223,6.706292528449365,85.06646843513087
0.021791575806168112,7.8919377685622,88.58821574886694
0.03649652860647879,5.0552543645588,59.23709623079
0.01384541831830921,0.7832888117872645,69.74398621267439
0.11825356380096899,2.3758624565416886,91.50321628518846
0.012458911287500457,6.80389643275667,78.98294624940796
0.06473049206441077,6.005580705870582,82.16800225642332
0.03148664864895339,6.730182172357379,56.58740061722341
0.032065759514942296,6.8230252716275785,68.73319308786674
0.10075561623669209,3.0160207570475346,73.97443831921196
0.028494134777913217,4.344661355123604,75.5355992040462
0.08444210094865486,1.5465376394769468,51.988639697626525
0.03288586529400866,1.3334166657261397,80.82058609966722
0.1972997025526374,0.8418940563003314,62.95070648625058
0.015803948473436275,6.374715203194186,56.21484027439084
0.17216316488499922,0.7759421848239532,65.62882020046801
0.141060145853842,5.778392972850165,80.21817113921027
0.07919244408210395,7.898351313544227,78.99087202805839
0.0643350839341102,2.6617459869733615,78.64118747857017
0.08304731209703141,6.599169591678074,85.21551761210314
0.02908728419030763,0.48214604501085745,96.86560153076928
0.011286009516164196,6.575111092295537,96.79886974651222
0.060286506142763055,2.574795782836386,63.792856148477334
0.10869660186649538,1.2896724605794407,98.67494357132432
0.10678937273742177,0.8992676057551124,94.80295650207603
0.1207791415259786,6.246194394938497,56.32683574601939
0.3291256718119733,3.601899906014042,74.87169364020392
0.01777652521520165,2.3247385288331843,77.61941696531497
0.11089446150104725,0.23131888446256008,83.42777465821491
0.16071504765451303,6.2515732528206325,73.47755926330699
0.091842238292792,3.4007498019795963,60.2905130187036
0.03962912203511387,3.6175054865500433,99.46534664277682
0.0215257682018916,7.4241234444025945,86.20683491800033
0.021791575806168112,7.8919377685622,88.58821574886694
0.03177201646232554,5.225618953949725,58.67713306408509
0.01384541831830921,0.7832888117872645,69.74398621267439
0.19201754105359858,3.8829451190520725,87.22453158755323
0.012458911287500457,6.80389643275667,78.98294624940796
0.06490562965435197,5.983674220977012,82.17278160068285
0.03148664864895339,6.730182172357379,56.58740061722341
0.032065759514942296,6.8230252716275785,68.73319308786674
0.08797568088276687,3.5642723174214392,74.69936239881785
0.02813653671283761,6.673295544687287,62.676162103192254
0.08444210094865486,1.5465376394769468,51.988639697626525
0.032785900612350045,1.3629187297355543,80.67659139613173
0.1972997025526374,0.8418940563003314,62.95070648625058
0.015803948473436275,6.374715203194186,56.21484027439084
0.17216316488499922,0.7759421848239532,65.62882020046801
0.141060145853842,5.778392972850165,80.21817113921027
0.07919244408210395,7.898351313544227,78.99087202805839
0.0643350839341102,2.6617459869733615,78.64118747857017
0.08304731209703141,6.599169591678074,85.21551761210314
0.02908728419030763,0.48214604501085745,96.86560153076928
0.011286009516164196,6.575111092295537,96.79886974651222
0.060286506142763055,2.574795782836386,63.792856148477334
0.10153312928898062,1.5872324959232749,94.82715596514363
0.08159590242207547,2.415395355064494,84.11807407643974
0.1207791415259786,6.246194394938497,56.32683574601939
0.46281636695500117,4.15030221959503,73.69184444064739
0.01777652521520165,2.3247385288331843,77.61941696531497
0.11089446150104725,0.23131888446256008,83.42777465821491
0.16071504765451303,6.2515732528206325,73.47755926330699
0.08996301187834994,3.4802251072156105,67.2935101257999
0.09190019308681922,2.697332669234999,87.35998530152706
0.012876123141749712,7.526776561799685,88.81079061823694
0.021791575806168112,7.8919377685622,88.58821574886694
0.03177201646232554,5.225618953949725,58.67713306408509
0.01384541831830921,0.7832888117872645,69.74398621267439
0.19190794306265926,3.887021804602662,87.2094624690097
0.012458911287500457,6.80389643275667,78.98294624940796
0.08649882664163326,7.660093073074354,84.25900200941913
0.03148664864895339,6.730182172357379,56.58740061722341
0.032065759514942296,6.8230252716275785,68.73319308786674
0.1243002929202514,4.9269836235761675,77.12754909659105
0.02813653671283761,6.673295544687287,62.676162103192254
0.08444210094865486,1.5465376394769468,51.988639697626525
0.032785900612350045,1.3629187297355543,80.67659139613173
0.1274642526279225,2.6913695597909717,61.14770343719933
0.015377146365892472,6.266566557240191,53.90724427467299
0.17216316488499922,0.7759421848239532,65.62882020046801
0.15162155238146802,6.1972733451537945,82.36583254931813
0.07919244408210395,7.898351313544227,78.99087202805839
0.06524470233149021,2.5901266279763084,79.1988643988249
0.08304731209703141,6.599169591678074,85.21551761210314
0.02908728419030763,0.48214604501085745,96.86560153076928
0.011286009516164196,6.575111092295537,96.79886974651222
0.060286506142763055,2.574795782836386,63.792856148477334
0.0966382585190883,1.5423550507652743,93.4269725976171
0.08159590242207547,2.415395355064494,84.11807407643974
0.1207791415259786,6.246194394938497,56.32683574601939
0.4300101008333567,3.7849734116232643,74.59943079065671
0.01777652521520165,2.3247385288331843,77.61941696531497
0.11089446150104725,0.23131888446256008,83.42777465821491
0.1462834014227092,5.686287525225895,72.21616786370204
0.08996301187834994,3.4802251072156105,67.2935101257999
0.09190019308681922,2.697332669234999,87.35998530152706
0.012876123141749712,7.526776561799685,88.81079061823694
0.021791575806168112,7.8919377685622,88.58821574886694
0.02967775520179266,5.3585883661495854,58.06783312758305
0.01384541831830921,0.7832888117872645,69.74398621267439
0.21139088204679038,3.428350280981709,87.05155781551372
0.012458911287500457,6.80389643275667,78.98294624940796
0.08649882664163326,7.660093073074354,84.25900200941913
0.03148664864895339,6.730182172357379,56.58740061722341
0.032065759514942296,6.8230252716275785,68.73319308786674
0.12527942525854327,5.046786789196063,76.55061059619291
0.02813653671283761,6.673295544687287,62.676162103192254
0.08444210094865486,1.5465376394769468,51.988639697626525
0.03259935399366824,1.4206716020770358,80.75280557596415
0.1274642526279225,2.6913695597909717,61.14770343719933
0.015377146365892472,6.266566557240191,53.90724427467299
0.17216316488499922,0.7759421848239532,65.62882020046801
0.15162155238146802,6.1972733451537945,82.36583254931813
0.07919244408210395,7.898351313544227,78.99087202805839
0.07558896440883284,1.2704277708168634,82.46176663939548
0.10749534098681836,6.491820367235838,93.11955987308646
0.028772675680265827,0.47609658674785105,97.12065926421212
0.011286009516164196,6.575111092295537,96.79886974651222
0.053433230418065594,2.2891206368809005,67.99087583203269
0.05997929037765947,4.652301171635953,91.05701007245321
0.10235766813636568,2.5403118117498775,73.72080773827686
0.10549991836173975,6.316634704706094,57.37400809776297
0.4300101008333567,3.7849734116232643,74.59943079065671
0.01777652521520165,2.3247385288331843,77.61941696531497
0.11089446150104725,0.23131888446256008,83.42777465821491
0.16009581984564616,6.384705797203529,69.67480962322847
0.08996301187834994,3.4802251072156105,67.2935101257999
0.046827325320518406,0.055859582574688815,91.12916921267073
0.012876123141749712,7.526776561799685,88.81079061823694
0.021791575806168112,7.8919377685622,88.58821574886694
0.0286906410752543,6.689083599703807,50.403311624425186
0.0135801852665796,0.7742744381904406,69.58829074660207
0.25726603581199076,3.7863723178742736,88.08837771399389
0.012458911287500457,6.80389643275667,78.98294624940796
0.08649882664163326,7.660093073074354,84.25900200941913
0.0248749675902023,7.013184822344045,68.03526528047452
0.032065759514942296,6.8230252716275785,68.73319308786674
0.12671755563150147,5.107270694608962,76.35479283099848
0.028249544493769676,6.651590753200634,62.2146519812288
0.058521192050234636,3.9374968294905086,51.25156223538834
0.030611256164510985,2.611065223623388,82.19413437500641
0.12801898559089606,2.750051382841563,61.290367516553204
0.015377146365892472,6.266566557240191,53.90724427467299
0.17216316488499922,0.7759421848239532,65.62882020046801
0.09692135942503069,6.416112655267006,68.14356702319056
0.07919244408210395,7.898351313544227,78.99087202805839
0.07738101526116997,1.3263178978069237,76.29339988443381
0.07393240945645688,6.559487836830724,80.03042008991154
0.028772675680265827,0.47609658674785105,97.12065926421212
0.011286009516164196,6.575111092295537,96.79886974651222
0.054949857949487084,2.80184753044009,62.678632883793355
0.0732837349825547,3.840396137627695,91.6914621497283
0.10235766813636568,2.5403118117498775,73.72080773827686
0.10549991836173975,6.316634704706094,57.37400809776297
0.4300101008333567,3.7849734116232643,74.59943079065671
0.01777652521520165,2.3247385288331843,77.61941696531497
0.11073587688387676,0.2308845721477333,83.44683782819423
0.16586745322354055,6.753810359862524,71.02409013657248
0.09350958971188562,3.340714783964147,65.96347655487662
0.046827325320518406,0.055859582574688815,91.12916921267073
0.012876123141749712,7.526776561799685,88.81079061823694
0.021791575806168112,7.8919377685622,88.58821574886694
0.0286906410752543,6.689083599703807,50.403311624425186
0.0135801852665796,0.7742744381904406,69.58829074660207
0.24194777246954446,4.041760188488292,84.98827335550371
0.012458911287500457,6.80389643275667,78.98294624940796
0.08649882664163326,7.660093073074354,84.25900200941913
0.0248749675902023,7.013184822344045,68.03526528047452
0.03352878104836725,6.784335858778984,68.87519183038046
0.1889949315021671,3.941792354034621,81.44223566110637
0.036669896107418005,6.508609547445578,63.20396581998386
0.058521192050234636,3.9374968294905086,51.25156223538834
0.01938150436667921,2.3166983273134645,83.88555889744185
0.1441688574971557,3.285954360072338,55.35511722577431
0.015377146365892472,6.266566557240191,53.90724427467299
0.17216316488499922,0.7759421848239532,65.62882020046801
0.09908175739857795,5.448829197375264,70.53678526872575
0.07919244408210395,7.898351313544227,78.99087202805839
0.07738101526116997,1.3263178978069237,76.29339988443381
0.07066978832975493,6.789281414903041,81.16086124206302
0.028772675680265827,0.47609658674785105,97.12065926421212
0.011286009516164196,6.575111092295537,96.79886974651222
0.06585441701258313,1.1876106888578901,67.77615602518634
0.06279855439583375,0.5139285788435828,98.48091260003622
0.10235766813636568,2.5403118117498775,73.72080773827686
0.16159727158674414,6.044618120784591,62.46502881952576
0.26936746916919047,2.664915797957654,75.37113018902188
0.010192967442770675,2.155558898944054,74.91638922706638
0.10648757636469117,0.92628663702527,83.20445041609163
0.22006440129366514,6.73611569790027,68.2123450668307
0.09350958971188562,3.340714783964147,65.96347655487662
0.046827325320518406,0.055859582574688815,91.12916921267073
0.012876123141749712,7.526776561799685,88.81079061823694
0.021791575806168112,7.8919377685622,88.58821574886694
0.0286906410752543,6.689083599703807,50.403311624425186
0.0135801852665796,0.7742744381904406,69.58829074660207
0.26221304523203093,3.716678904085895,85.44112519657872
0.013683609104937336,6.563434187554959,79.41576961853167
0.08485569179231099,7.51164801554537,84.19829341284971
0.0248749675902023,7.013184822344045,68.03526528047452
0.03352878104836725,6.784335858778984,68.87519183038046
0.3244638449266345,5.239742202289566,79.49077256316
0.03566177837481074,7.149040460345994,60.432408949026424
0.058521192050234636,3.9374968294905086,51.25156223538834
0.01938150436667921,2.3166983273134645,83.88555889744185
0.1441688574971557,3.285954360072338,55.35511722577431
0.015377146365892472,6.266566557240191,53.90724427467299
0.16720423431224649,3.248709743538237,64.1439460528787
0.11780087261695332,7.579960701361945,58.63786997316348
0.08073856050971225,7.50342288384798,79.2295476533423
0.08576752977201672,1.2228107724351225,76.46528045299588
0.07066978832975493,6.789281414903041,81.16086124206302
0.06614569102118967,1.6991280039477799,91.4727888897117
0.024113576176542147,6.621374299939266,93.42088335807327
0.0558134806847702,1.169861490015773,63.39477446128456
0.06279855439583375,0.5139285788435828,98.48091260003622
0.12596436711396095,1.5403777770400815,77.12520380093153
0.16159727158674414,6.044618120784591,62.46502881952576
0.2676052457110596,2.630670466566544,75.19451118717173
0.010192967442770675,2.155558898944054,74.91638922706638
0.17611238925747322,1.362025058183925,96.23144714438735
0.22006440129366514,6.73611569790027,68.2123450668307
0.04985490130656986,4.7642272994413855,66.14921914626439
0.046827325320518406,0.055859582574688815,91.12916921267073
0.012876123141749712,7.526776561799685,88.81079061823694
0.021791575806168112,7.8919377685622,88.58821574886694
0.0286906410752543,6.689083599703807,50.403311624425186
0.011926061876410437,0.33448490265010533,65.51172725203087
0.20664150894657662,3.776922802712263,76.11347409515798
0.013683609104937336,6.563434187554959,79.41576961853167
0.08485569179231099,7.51164801554537,84.19829341284971
0.02125115189687442,7.109016153765504,67.68354299901951
0.03352878104836725,6.784335858778984,68.87519183038046
0.3777493974692848,5.077537974705577,83.85348073497144
0.03566177837481074,7.149040460345994,60.432408949026424
0.058521192050234636,3.9374968294905086,51.25156223538834
0.011570888697640225,2.419845731117359,82.61832981250043
0.14044577692171262,3.4017518933349913,55.72853554088201
0.017542432114449905,6.174028295210145,54.36184939570519
0.16272833555637292,3.359881251710757,63.69993411797784
0.11780087261695332,7.579960701361945,58.63786997316348
0.08073856050971225,7.50342288384798,79.2295476533423
0.09674610060345842,1.4959244191276049,74.80422794340248
0.06810689757932803,4.7460129929226005,86.80030733081053
0.06614569102118967,1.6991280039477799,91.4727888897117
0.040900696309211754,6.550950856360439,89.64109225340762
0.0558134806847702,1.169861490015773,63.39477446128456
0.06279855439583375,0.5139285788435828,98.48091260003622
0.0770192429554161,4.1432746146341675,72.71197611754508
0.1759684876298359,6.6988762997708715,58.09761253972399
0.2676052457110596,2.630670466566544,75.19451118717173
0.010192967442770675,2.155558898944054,74.91638922706638
0.17611238925747322,1.362025058183925,96.23144714438735
0.1784265680618461,6.253738625568733,67.70764883645991
0.07019008505272434,2.9147742062091084,81.27830559705279
0.046827325320518406,0.055859582574688815,91.12916921267073
0.013867759305551744,7.5673922289871145,88.78603435538315
0.021791575806168112,7.8919377685622,88.58821574886694
0.0286906410752543,6.689083599703807,50.403311624425186
0.011926061876410437,0.33448490265010533,65.51172725203087
0.2799864661564902,5.299276933446747,76.98727405118467
0.01604659915398448,6.445896004260596,78.54909539035094
0.08485569179231099,7.51164801554537,84.19829341284971
0.02125115189687442,7.109016153765504,67.68354299901951
0.04343118886606502,6.389944172350962,58.84696007032029
0.24977618016310515,5.4670956666891986,73.37578510691549
0.03566177837481074,7.149040460345994,60.432408949026424
0.057265264805813926,3.9457099521133907,51.182928958140316
0.011570888697640225,2.419845731117359,82.61832981250043
0.17105666539693487,3.201572319431149,57.40134390208404
0.017542432114449905,6.174028295210145,54.36184939570519
0.17949456286635423,2.8859875773009893,60.874476434725096
0.11429137623127872,7.523803965218675,58.64773690957147
0.08073856050971225,7.50342288384798,79.2295476533423
0.09674610060345842,1.4959244191276049,74.80422794340248
0.0679063080183481,4.922342482691189,87.33201939112693
0.06375184381819388,2.4019037499621128,78.84461865920913
0.040900696309211754,6.550950856360439,89.64109225340762
0.05125432738165704,3.0918931746301133,61.720271606232444
0.06279855439583375,0.5139285788435828,98.48091260003622
0.09128134021518847,3.1892979520538383,78.59931352767859
0.1759684876298359,6.6988762997708715,58.09761253972399
0.27843205420194955,2.506425969679474,74.53646824313245
0.010192967442770675,2.155558898944054,74.91638922706638
0.17611238925747322,1.362025058183925,96.23144714438735
0.17894133411609311,6.160518826427198,69.7201625041253
0.07068083261871298,2.936507526811365,81.41110469888231
0.046827325320518406,0.055859582574688815,91.12916921267073
0.013867759305551744,7.5673922289871145,88.78603435538315
0.025404776834005594,6.7610219260148865,88.95493038075126
0.0286906410752543,6.689083599703807,50.403311624425186
0.011926061876410437,0.33448490265010533,65.51172725203087
0.24844298303238468,5.568132726580261,74.71868371123622
0.01604659915398448,6.445896004260596,78.54909539035094
0.07936892419621094,5.77094796178287,87.75113033520607
0.022940682827082247,6.818688914380886,67.47389256888
0.04343118886606502,6.389944172350962,58.84696007032029
0.27419395648054434,6.118148132125617,71.23978802376789
0.03566177837481074,7.149040460345994,60.432408949026424
0.057265264805813926,3.9457099521133907,51.182928958140316
0.011570888697640225,2.419845731117359,82.61832981250043
0.26257181854983824,0.9153176752983487,56.36475004455235
0.017542432114449905,6.174028295210145,54.36184939570519
0.18505577259049652,2.7389274661111016,59.72018882016054
0.13169303526596404,7.802254280441932,58.59881220807026
0.0960875651966106,7.624092932189226,85.63012365740079
0.12045424632069987,1.3152410654866507,74.77350535763543
0.0679063080183481,4.922342482691189,87.33201939112693
0.06375184381819388,2.4019037499621128,78.84461865920913
0.040900696309211754,6.550950856360439,89.64109225340762
0.06893311599440832,1.0414488032221687,57.58366677392444
0.06279855439583375,0.5139285788435828,98.48091260003622
0.1243538888219303,5.520488802337513,69.2774499758884
0.14179086508818226,5.906170946150277,56.10670243784164
0.2531143777665001,2.2232587798201227,79.90460990381843
0.012173371128325314,3.2383849220856247,69.37771556097383
0.1713717140274222,1.5294593717349807,96.09463048106461
0.17894133411609311,6.160518826427198,69.7201625041253
0.07068083261871298,2.936507526811365,81.41110469888231
0.046827325320518406,0.055859582574688815,91.12916921267073
0.025846274442492975,7.345474203735407,86.67098268045385
0.02436298341358616,6.721611270331666,91.8519344460359
0.028588647245195508,6.684371411101844,50.43952788392882
0.011926061876410437,0.33448490265010533,65.51172725203087
0.38692251918165604,3.6994206081770873,64.80101117993026
0.01604659915398448,6.445896004260596,78.54909539035094
0.07358761784098443,4.523757306335174,84.45401773099482
0.01828163434624314,6.916175161681075,69.43544962731717
0.03637898575324446,6.512608245099119,71.05355096378719
0.27419395648054434,6.118148132125617,71.23978802376789
0.03566177837481074,7.149040460345994,60.432408949026424
0.03471377253766139,4.261029429169517,50.59413215025901
0.011570888697640225,2.419845731117359,82.61832981250043
0.2584372155868634,1.1328834852714245,56.435326495593436
0.01568212614757669,6.185410814048998,54.102068454463996
0.18505577259049652,2.7389274661111016,59.72018882016054
0.13169303526596404,7.802254280441932,58.59881220807026
0.0960875651966106,7.624092932189226,85.63012365740079
0.19226876608630458,0.03976511226352475,78.35212487206924
0.0679063080183481,4.922342482691189,87.33201939112693
0.09171928766840062,0.031092592848048106,79.01787068812959
0.035307427394496035,7.650253981650553,96.03746486175928
0.06893311599440832,1.0414488032221687,57.58366677392444
0.05885221787766212,0.7263055198353379,96.21225890126514
0.1243538888219303,5.520488802337513,69.2774499758884
0.1852602013705441,6.914385474453595,58.63887215272456
0.2199175918756253,1.9632908714855264,77.92359584855377
0.012173371128325314,3.2383849220856247,69.37771556097383
0.1713717140274222,1.5294593717349807,96.09463048106461
0.1654462659530035,5.549846674925787,72.69722368886013
0.06521898971716512,3.012830982028187,80.61461637798287
0.046827325320518406,0.055859582574688815,91.12916921267073
0.02538719466066943,7.456144396170973,92.73621507582578
0.051936436776395034,6.063270864777255,87.67993234856667
0.10220608793349999,4.8678461212078,61.01454436754199
0.01189924521823696,0.49193600495178935,66.80332791557763
0.38692251918165604,3.6994206081770873,64.80101117993026
0.01604659915398448,6.445896004260596,78.54909539035094
0.13497959045095625,6.606474076209143,86.27121292928042
0.01828163434624314,6.916175161681075,69.43544962731717
0.03637898575324446,6.512608245099119,71.05355096378719
0.27419395648054434,6.118148132125617,71.23978802376789
0.03566177837481074,7.149040460345994,60.432408949026424
0.03471377253766139,4.261029429169517,50.59413215025901
0.011570888697640225,2.419845731117359,82.61832981250043
0.1688605476592785,3.271605070693166,69.98872662871766
0.02104049093032175,6.167358604769814,59.06485605817993
0.21497743128042512,1.095955689994808,51.00619705177664
0.13169303526596404,7.802254280441932,58.59881220807026
0.0960875651966106,7.624092932189226,85.63012365740079
0.13744223423968394,1.3227495869244874,79.32847104241806
0.0679063080183481,4.922342482691189,87.33201939112693
0.09032478581039108,0.18799798808026402,79.10189483138136
0.035307427394496035,7.650253981650553,96.03746486175928
0.06893311599440832,1.0414488032221687,57.58366677392444
0.05885221787766212,0.7263055198353379,96.21225890126514
0.1243538888219303,5.520488802337513,69.2774499758884
0.185730059488173,6.906597637309687,58.639223533832734
0.21726707139332524,1.9429348202159629,78.22455734519245
0.012173371128325314,3.2383849220856247,69.37771556097383
0.1753510693613154,3.072358456428036,85.36273664651333
0.15415124436717825,3.8449081381062955,75.37184149982906
0.07124639805860097,2.8717848303923743,80.50728080790245
0.046827325320518406,0.055859582574688815,91.12916921267073
0.02538719466066943,7.456144396170973,92.73621507582578
0.051936436776395034,6.063270864777255,87.67993234856667
0.11106013780605417,4.947452002607694,62.38155702555024
0.01189924521823696,0.49193600495178935,66.80332791557763
0.48424159556394125,2.978736318850416,61.193468103841106
0.01604659915398448,6.445896004260596,78.54909539035094
0.1609187615428066,6.405367570212762,84.74102650002013
0.019471782630311008,7.250745344932836,76.4556226358853
0.04115542541604593,6.458742898376961,70.95712074439703
0.27419395648054434,6.118148132125617,71.23978802376789
0.03566177837481074,7.149040460345994,60.432408949026424
0.03471377253766139,4.261029429169517,50.59413215025901
0.0724785039906245,3.277557057770266,79.97941522013811
0.13616738024565017,2.6876541825695153,66.79888602040386
0.02104049093032175,6.167358604769814,59.06485605817993
0.21497743128042512,1.095955689994808,51.00619705177664
0.13169303526596404,7.802254280441932,58.59881220807026
0.10293533134212485,7.724891528641972,86.23592875996177
0.1295891928696672,0.8356310540539567,81.66295024525232
0.2342793868069332,4.213100258489925,74.83547757449169
0.09625008567865004,0.605267559057185,77.83102731148841
0.04917512058159068,7.206214317044461,93.62602662623728
0.06751189840486255,1.461360349113268,60.10023730312467
0.05885221787766212,0.7263055198353379,96.21225890126514
0.18068987147223298,4.885170981403872,68.1400984023228
0.185730059488173,6.906597637309687,58.639223533832734
0.21726707139332524,1.9429348202159629,78.22455734519245
0.01789189347509275,3.015180954257771,70.08925657002685
0.1307995256385867,3.4489095421648006,74.34862418575244
0.14253873632597686,2.7190301153579464,81.52494318955334
0.07124639805860097,2.8717848303923743,80.50728080790245
0.046827325320518406,0.055859582574688815,91.12916921267073
0.02538719466066943,7.456144396170973,92.73621507582578
0.04803947582973668,6.20622026153809,81.63521710232803
0.1491386237775886,3.9898420198127944,56.53016785192377
0.01189924521823696,0.49193600495178935,66.80332791557763
0.4198427039829549,3.422050764410864,60.89752697810708
0.01604659915398448,6.445896004260596,78.54909539035094
0.16513429068955846,6.472581531837454,84.62359699851133
0.019471782630311008,7.250745344932836,76.4556226358853
0.04115542541604593,6.458742898376961,70.95712074439703
0.19312338503738388,4.476021302158804,71.1866689652628
0.016581263882279762,7.446884784708288,59.418352450202036
0.03471377253766139,4.261029429169517,50.59413215025901
0.06217131375410473,5.0152196552850015,86.01537220447871
0.13616738024565017,2.6876541825695153,66.79888602040386
0.01784431491633521,5.952765463634283,58.765912496323544
0.21497743128042512,1.095955689994808,51.00619705177664
0.13169303526596404,7.802254280441932,58.59881220807026
0.10293533134212485,7.724891528641972,86.23592875996177
0.10842999492787,2.2291044372858604,81.65575449912366
0.3047882619800543,3.6463629191064637,80.0705208060971
0.028469696755286822,0.015258237546249553,81.37795382806037
0.04917512058159068,7.206214317044461,93.62602662623728
0.06421095697100748,2.2657032408276434,63.750820933495724
0.05885221787766212,0.7263055198353379,96.21225890126514
0.18068987147223298,4.885170981403872,68.1400984023228
0.1784684425410743,6.2884641594990764,59.834726769344954
0.22513020510058224,2.519644058347733,77.25977286761986
0.01789189347509275,3.015180954257771,70.08925657002685
0.07980276063074183,2.180652780460317,71.11241902757843
0.14253873632597686,2.7190301153579464,81.52494318955334
0.09667859182171125,0.7207969115917123,82.49749463837207
0.046827325320518406,0.055859582574688815,91.12916921267073
0.02572838869401113,7.524148121408462,94.27282509001094
0.048299922010192196,6.435556620297877,84.38516204415374
0.1491386237775886,3.9898420198127944,56.53016785192377
0.014666648289942588,1.0563487072763316,67.19624383816155
0.4198427039829549,3.422050764410864,60.89752697810708
0.01604659915398448,6.445896004260596,78.54909539035094
0.15912711827162532,6.555528299887624,95.79123774316383
0.019471782630311008,7.250745344932836,76.4556226358853
0.04115542541604593,6.458742898376961,70.95712074439703
0.3279272164408818,2.021353105292601,52.59529905590415
0.014880303944614273,7.745740967818955,60.246127883629605
0.03471377253766139,4.261029429169517,50.59413215025901
0.06217131375410473,5.0152196552850015,86.01537220447871
0.14854860814249404,3.076413558368831,67.75271241326328
0.01784431491633521,5.952765463634283,58.765912496323544
0.21497743128042512,1.095955689994808,51.00619705177664
0.11793725334052373,7.299958063367921,57.46340830665415
0.10293533134212485,7.724891528641972,86.23592875996177
0.11083104079819625,2.537281726672857,81.4837702120583
0.26684023906294707,4.557467538308124,75.36323392467875
0.03760212510796316,0.22898600341252928,85.83687373457913
0.04882222112233359,7.265708725992257,93.8326868223716
0.08725507196833968,0.2657006015830943,56.670624003613085
0.05885221787766212,0.7263055198353379,96.21225890126514
0.20722942679850948,5.4972253592851885,68.29097777898696
0.1784684425410743,6.2884641594990764,59.834726769344954
0.22513020510058224,2.519644058347733,77.25977286761986
0.01789189347509275,3.015180954257771,70.08925657002685
0.08247875029952999,1.741423593642569,69.14992247794714
0.11727143642610359,3.08037648394071,74.27673228163692
0.13169827350169921,0.715697038485269,69.80035693458355
0.046827325320518406,0.055859582574688815,91.12916921267073
0.02572838869401113,7.524148121408462,94.27282509001094
0.048299922010192196,6.435556620297877,84.38516204415374
0.15602326011109502,4.185207171741693,59.06351139733073
0.014666648289942588,1.0563487072763316,67.19624383816155
0.4209053292108765,3.4114450140393497,60.90142471791939
0.01604659915398448,6.445896004260596,78.54909539035094
0.15912711827162532,6.555528299887624,95.79123774316383
0.040286297637595087,6.945331210301831,75.38202348087589
0.05961238708943829,6.468186375736401,65.37642240337335
0.19730618971321284,3.4928610518406082,69.02151658803429
0.014880303944614273,7.745740967818955,60.246127883629605
0.03471377253766139,4.261029429169517,50.59413215025901
0.03555852976463707,5.612564457759256,91.64208491339267
0.14854860814249404,3.076413558368831,67.75271241326328
0.01784431491633521,5.952765463634283,58.765912496323544
0.17214533303846397,3.701667039330782,65.51496486456747
0.11793725334052373,7.299958063367921,57.46340830665415
0.11319982474642357,7.287645458629319,85.48192255561783
0.11083104079819625,2.537281726672857,81.4837702120583
0.3874741449110309,3.0589413360472513,65.14370132378701
0.03760212510796316,0.22898600341252928,85.83687373457913
0.041165570311282124,7.460257521248805,95.11208734285003
0.08725507196833968,0.2657006015830943,56.670624003613085
0.06892905613125036,0.8349860655186858,95.06369354120702
0.19826046464526112,5.467422883393998,69.38687941078895
0.1784684425410743,6.2884641594990764,59.834726769344954
0.3691930999398433,4.073388757810232,60.83937923639814
0.01789189347509275,3.015180954257771,70.08925657002685
0.059696081512449796,1.1019065765893612,59.23897832302066
0.13210234237281526,4.471090983708389,82.97580496002234
0.13169827350169921,0.715697038485269,69.80035693458355
0.046827325320518406,0.055859582574688815,91.12916921267073
0.02572838869401113,7.524148121408462,94.27282509001094
0.060961236375130595,5.824920248479904,78.83875948458835
0.18290500900004578,3.721527213683642,53.47144389859045
0.014666648289942588,1.0563487072763316,67.19624383816155
0.382214207745808,3.1640575709409178,60.72335088452769
0.01604659915398448,6.445896004260596,78.54909539035094
0.15912711827162532,6.555528299887624,95.79123774316383
0.040286297637595087,6.945331210301831,75.38202348087589
0.05957338941461643,6.468166422633297,65.38821384895542
0.20572362757759577,3.366577251046003,67.22009903210859
0.014880303944614273,7.745740967818955,60.246127883629605
0.03467316324652432,4.204551356887636,50.27673316890466
0.03555852976463707,5.612564457759256,91.64208491339267
0.14854860814249404,3.076413558368831,67.75271241326328
0.03589526186928538,5.90420610138712,59.828558554617715
0.15963789519036342,3.951726370008284,66.95018415810618
0.11793725334052373,7.299958063367921,57.46340830665415
0.09752843029308093,5.778677970766512,85.46961509627569
0.11083104079819625,2.537281726672857,81.4837702120583
0.3874741449110309,3.0589413360472513,65.14370132378701
0.040022053907322636,0.24150305188735288,85.42445272151772
0.041165570311282124,7.460257521248805,95.11208734285003
0.08725507196833968,0.2657006015830943,56.670624003613085
0.06892905613125036,0.8349860655186858,95.06369354120702
0.15941346890911703,4.534761094907963,68.93120211008748
0.19352466239941832,6.341637488193352,57.460241545184914
0.35945617485267245,4.613707900733826,58.54679356736142
0.01763524978630673,3.418313041023624,69.25043812225813
0.062101810755058544,0.7976915324509113,60.07145378622364
0.13210234237281526,4.471090983708389,82.97580496002234
0.13169827350169921,0.715697038485269,69.80035693458355
0.046827325320518406,0.055859582574688815,91.12916921267073
0.02572838869401113,7.524148121408462,94.27282509001094
0.06313277738594703,5.881138729134316,78.02407544425466
0.10046639658031303,5.695942808472955,56.79533336546715
0.01426936350484731,1.0500550482933892,67.22865412896238
0.41028817220485153,2.724703622384082,61.069652408531915
0.01604659915398448,6.445896004260596,78.54909539035094
0.15912711827162532,6.555528299887624,95.79123774316383
0.040286297637595087,6.945331210301831,75.38202348087589
0.06380228317911366,6.363543122317321,63.19696802897375
0.20572362757759577,3.366577251046003,67.22009903210859
0.03515690085368586,6.525506036937813,61.90449647176421
0.03467316324652432,4.204551356887636,50.27673316890466
0.03555852976463707,5.612564457759256,91.64208491339267
0.23026782208280766,4.3096080483399515,68.07164205252022
0.03589526186928538,5.90420610138712,59.828558554617715
0.24632676901879239,2.159339813349092,70.46401360291226
0.11793725334052373,7.299958063367921,57.46340830665415
0.09752843029308093,5.778677970766512,85.46961509627569
0.10631017989181601,2.603211144296744,81.86640880013191
0.3038558088863512,3.330465534262114,61.620040099892435
0.040022053907322636,0.24150305188735288,85.42445272151772
0.041165570311282124,7.460257521248805,95.11208734285003
0.08725507196833968,0.2657006015830943,56.670624003613085
0.043651361588862486,3.5169882954328373,87.16975306625736
0.14740358990556668,4.727174311004859,68.25204376996513
0.19352466239941832,6.341637488193352,57.460241545184914
0.35009040522414847,4.610011702000734,59.03297964288417
0.01763524978630673,3.418313041023624,69.25043812225813
0.062101810755058544,0.7976915324509113,60.07145378622364
0.18937444732727213,5.088873497999746,80.26021906165303
0.1395342120996622,0.706465192573433,70.89574432479624
0.046827325320518406,0.055859582574688815,91.12916921267073
0.02572838869401113,7.524148121408462,94.27282509001094
0.08298900119368849,5.6429807967424805,77.80267472870159
0.12402782994416137,4.412310840106391,62.16471110183028
0.01426936350484731,1.0500550482933892,67.22865412896238
0.41028817220485153,2.724703622384082,61.069652408531915
0.01604659915398448,6.445896004260596,78.54909539035094
0.15912711827162532,6.555528299887624,95.79123774316383
0.040286297637595087,6.945331210301831,75.38202348087589
0.06380228317911366,6.363543122317321,63.19696802897375
0.19153753754307018,3.2443921239632285,68.02460000298498
0.028561812409850035,6.463805652047249,62.258316772788305
0.03467316324652432,4.204551356887636,50.27673316890466
0.02679521208108912,5.56424029743519,93.65215475700265
0.17039054490082806,4.972289304889541,75.91967601063709
0.04819273976147975,5.948111841485169,59.62607318107755
0.3552225066261782,0.22141719804794757,75.96773183390599
0.11476013284584666,7.012137943020837,58.603565912734595
0.09752843029308093,5.778677970766512,85.46961509627569
0.10631017989181601,2.603211144296744,81.86640880013191
0.3038558088863512,3.330465534262114,61.620040099892435
0.040022053907322636,0.24150305188735288,85.42445272151772
0.041165570311282124,7.460257521248805,95.11208734285003
0.08725507196833968,0.2657006015830943,56.670624003613085
0.043651361588862486,3.5169882954328373,87.16975306625736
0.16958037627197345,2.7908604595298225,76.37172513336635
0.18495661858551538,6.436400527270116,57.37417361815463
0.35009040522414847,4.610011702000734,59.03297964288417
0.01763524978630673,3.418313041023624,69.25043812225813
0.062101810755058544,0.7976915324509113,60.07145378622364
0.312776583935457,7.935157655984278,89.44397844166699
0.14194728903108805,0.12976776864760975,72.2544529292
0.046827325320518406,0.055859582574688815,91.12916921267073
0.02572838869401113,7.524148121408462,94.27282509001094
0.08298900119368849,5.6429807967424805,77.80267472870159
0.1672709321479069,3.483048238455202,62.122310678091715
0.01426936350484731,1.0500550482933892,67.22865412896238
0.4477654892634272,0.7221330428044794,50.1643473884827
0.01604659915398448,6.445896004260596,78.54909539035094
0.15912711827162532,6.555528299887624,95.79123774316383
0.040286297637595087,6.945331210301831,75.38202348087589
0.06380228317911366,6.363543122317321,63.19696802897375
0.266236100052878,1.3163222730473878,56.199530662452986
0.018790543194290275,6.062498833668225,51.320926443077894
0.03430051529155631,4.342848967224784,52.10965289032775
0.02029980273414017,5.62880030840838,94.48248472967069
0.1525842200316165,4.313981953454562,77.57212377595873
0.04819273976147975,5.948111841485169,59.62607318107755
0.3552225066261782,0.22141719804794757,75.96773183390599
0.11476013284584666,7.012137943020837,58.603565912734595
0.09752843029308093,5.778677970766512,85.46961509627569
0.06422797267917262,1.0474141689987206,85.77168682797316
0.32517600934923147,3.103506639806922,60.25559181382123
0.040022053907322636,0.24150305188735288,85.42445272151772
0.041165570311282124,7.460257521248805,95.11208734285003
0.0864221146393294,0.32780962601574215,57.253245823179995
0.043651361588862486,3.5169882954328373,87.16975306625736
0.1486017585601167,3.4811382516596288,78.98232745409308
0.18495661858551538,6.436400527270116,57.37417361815463
0.20481320275079687,5.253923421541799,59.318384201749204
0.01763524978630673,3.418313041023624,69.25043812225813
0.062101810755058544,0.7976915324509113,60.07145378622364
0.312776583935457,7.935157655984278,89.44397844166699
0.14194728903108805,0.12976776864760975,72.2544529292
0.046827325320518406,0.055859582574688815,91.12916921267073
0.02604553392872007,7.362562121917989,94.07649901900541
0.055493500589084005,5.730790338346917,81.9745454642652
0.1672709321479069,3.483048238455202,62.122310678091715
0.01426936350484731,1.0500550482933892,67.22865412896238
0.4477654892634272,0.7221330428044794,50.1643473884827
0.010259098906025346,6.455876330883413,80.40961613724083
0.09725220261179204,4.203906229959015,83.59094197714822
0.040286297637595087,6.945331210301831,75.38202348087589
0.047225889234021406,6.776837316031773,63.769956673780506
0.266236100052878,1.3163222730473878,56.199530662452986
0.018790543194290275,6.062498833668225,51.320926443077894
0.03430051529155631,4.342848967224784,52.10965289032775
0.02029980273414017,5.62880030840838,94.48248472967069
0.1452647809627051,4.04337919949851,78.25137627874462
0.04819273976147975,5.948111841485169,59.62607318107755
0.3552225066261782,0.22141719804794757,75.96773183390599
0.10326071209987936,7.336497440306802,56.25644565473325
0.09752843029308093,5.778677970766512,85.46961509627569
0.06422797267917262,1.0474141689987206,85.77168682797316
0.5763695800411935,0.6775436065285048,67.5807777163401
0.046434127373770076,1.892242842806767,79.43105950423721
0.05120325509598203,7.286722086796875,93.6914142880328
0.06670715843226838,1.9140725327192376,63.2473207985564
0.043651361588862486,3.5169882954328373,87.16975306625736
0.19024986189906962,4.88282977116844,74.01160047777897
0.1762110081258019,6.755629609715624,56.41912607994115
0.20481320275079687,5.253923421541799,59.318384201749204
0.01763524978630673,3.418313041023624,69.25043812225813
0.06234133747886597,1.5816914242808862,60.511710373857156
0.27294214384313464,6.1150755907952385,85.43567808179527
0.14194728903108805,0.12976776864760975,72.2544529292
0.03743992829419944,2.027977673406388,92.31581994532372
0.023456127784617472,7.345831139208879,93.89914767535276
0.055493500589084005,5.730790338346917,81.9745454642652
0.17301957549555197,3.4402951301812204,60.53107535260881
0.01426936350484731,1.0500550482933892,67.22865412896238
0.27998989203495156,1.7737987196622185,57.609023390590146
0.010259098906025346,6.455876330883413,80.40961613724083
0.09284838645732746,4.036534506695887,82.72261174977461
0.04817790635925848,6.757538171990382,66.699407674274
0.01174513334029828,7.717926192139189,64.68349980094757
0.19308819083560455,2.4639112999306816,67.38895053140253
0.018790543194290275,6.062498833668225,51.320926443077894
0.03430051529155631,4.342848967224784,52.10965289032775
0.02029980273414017,5.62880030840838,94.48248472967069
0.1213754805731124,1.94962591448615,95.1050360296145
0.04771835929524535,6.354721928391987,61.65924927961792
0.32126541494331784,0.9221021595191854,67.68132109069518
0.11809718704699604,7.032240429406559,56.70378450630875
0.09545703085827531,5.531609092238272,84.00038915002003
0.06216019547119492,1.0587156024915134,86.45468688415887
0.5763695800411935,0.6775436065285048,67.5807777163401
0.07444765342611287,2.625736482576981,90.05860218648846
0.05120325509598203,7.286722086796875,93.6914142880328
0.05203919362992533,3.1839654637041828,59.596480025346494
0.043651361588862486,3.5169882954328373,87.16975306625736
0.19024986189906962,4.88282977116844,74.01160047777897
0.1762110081258019,6.755629609715624,56.41912607994115
0.1281461421489716,6.138258459442674,73.93708870711555
0.01763524978630673,3.418313041023624,69.25043812225813
0.06234133747886597,1.5816914242808862,60.511710373857156
0.2578980954300431,5.890895469851971,83.3573175321857
0.11493959530279023,0.770249865135959,69.02131306063963
0.03743992829419944,2.027977673406388,92.31581994532372
0.023456127784617472,7.345831139208879,93.89914767535276
0.06281721894753531,7.232895110144071,77.77944321360582
0.17301957549555197,3.4402951301812204,60.53107535260881
0.01426936350484731,1.0500550482933892,67.22865412896238
0.2235213226376818,2.0078513747900013,66.52388830862535
0.010259098906025346,6.455876330883413,80.40961613724083
0.09284838645732746,4.036534506695887,82.72261174977461
0.04817790635925848,6.757538171990382,66.699407674274
0.01174513334029828,7.717926192139189,64.68349980094757
0.1393173701789063,2.7384109707572306,64.41829818821182
0.018790543194290275,6.062498833668225,51.320926443077894
0.03430051529155631,4.342848967224784,52.10965289032775
0.02029980273414017,5.62880030840838,94.48248472967069
0.11994748715978149,1.9393851058442926,95.65693802006909
0.055276668407390116,6.5548323894513505,52.61106473936628
0.32126541494331784,0.9221021595191854,67.68132109069518
0.11963950873880638,6.895031359371846,59.34876586215593
0.09545703085827531,5.531609092238272,84.00038915002003
0.06216019547119492,1.0587156024915134,86.45468688415887
0.5763695800411935,0.6775436065285048,67.5807777163401
0.07444765342611287,2.625736482576981,90.05860218648846
0.05120325509598203,7.286722086796875,93.6914142880328
0.05203919362992533,3.1839654637041828,59.596480025346494
0.017712106415500417,3.2430562480308374,89.5145195172504
0.18874013381537727,4.908930542863042,74.22527823859807
0.1762110081258019,6.755629609715624,56.41912607994115
0.11409202623771339,6.218601818566036,69.82400270032048
0.019033540021444417,4.402158527355866,70.09034790499665
0.06234133747886597,1.5816914242808862,60.511710373857156
0.281598507881448,6.569779213876549,81.24419833529538
0.11493959530279023,0.770249865135959,69.02131306063963
0.03743992829419944,2.027977673406388,92.31581994532372
0.029706303224090482,4.968972494815306,93.19146623466838
0.06547003678776232,7.471442265642863,86.63385285791313
0.28804138959157377,2.6919237131357803,67.5138741652312
0.01426936350484731,1.0500550482933892,67.22865412896238
0.315602615249137,1.9978919933127746,53.76090137791904
0.018853496816166597,6.582935833151456,79.97952555066075
0.09284838645732746,4.036534506695887,82.72261174977461
0.02195294315203547,7.534572094408011,66.57461849092967
0.01174513334029828,7.717926192139189,64.68349980094757
0.14481245995681227,2.5849041625271387,62.253760935872016
0.018790543194290275,6.062498833668225,51.320926443077894
0.03430051529155631,4.342848967224784,52.10965289032775
0.02029980273414017,5.62880030840838,94.48248472967069
0.07527734838297967,3.593278922381109,95.13045321742305
0.055276668407390116,6.5548323894513505,52.61106473936628
0.29910016906769304,1.1863215611361237,66.47856125918393
0.11963950873880638,6.895031359371846,59.34876586215593
0.06099612998937507,6.470657676008215,75.83066996859108
0.06216019547119492,1.0587156024915134,86.45468688415887
0.570833718131573,0.687701685234259,67.5587712567025
0.07444765342611287,2.625736482576981,90.05860218648846
0.07438285712609294,6.88598402866922,90.41071393412648
0.05203919362992533,3.1839654637041828,59.596480025346494
0.017712106415500417,3.2430562480308374,89.5145195172504
0.1732971939411491,4.914760901413061,76.06698512434461
0.1514839958447185,6.8165611532155355,57.699651426784406
0.12353426967599676,6.440571735445662,71.92025581388451
0.012555404726090656,4.427324963276493,77.7199780674004
0.06234133747886597,1.5816914242808862,60.511710373857156
0.403568251673153,6.6694817349471505,88.43898757653342
0.11493959530279023,0.770249865135959,69.02131306063963
0.03743992829419944,2.027977673406388,92.31581994532372
0.029706303224090482,4.968972494815306,93.19146623466838
0.06547003678776232,7.471442265642863,86.63385285791313
0.2850697182611447,2.7181169828060097,67.80924776414938
0.01426936350484731,1.0500550482933892,67.22865412896238
0.315602615249137,1.9978919933127746,53.76090137791904
0.018853496816166597,6.582935833151456,79.97952555066075
0.13311828636802178,3.840538639644492,85.23161755993877
0.02195294315203547,7.534572094408011,66.57461849092967
0.01174513334029828,7.717926192139189,64.68349980094757
0.14481245995681227,2.5849041625271387,62.253760935872016
0.017872333918137195,5.821697154030409,55.20854725642869
0.03492906397499572,4.3404071642300055,51.369379065366424
0.02029980273414017,5.62880030840838,94.48248472967069
0.07683966793900548,3.4658795884525038,96.1364165235362
0.055276668407390116,6.5548323894513505,52.61106473936628
0.29910016906769304,1.1863215611361237,66.47856125918393
0.11963950873880638,6.895031359371846,59.34876586215593
0.06099612998937507,6.470657676008215,75.83066996859108
0.06905897879038339,0.262766950017312,92.04339206730756
0.570833718131573,0.687701685234259,67.5587712567025
0.0796090735840242,2.3892216209493897,87.37702449153215
0.07886828878877128,7.174318017671272,90.48164680095755
0.08426628934348357,5.086914538453341,52.7508930981558
0.017712106415500417,3.2430562480308374,89.5145195172504
0.1994072330523482,7.0503838146989235,88.72863834571936
0.1514839958447185,6.8165611532155355,57.699651426784406
0.12353426967599676,6.440571735445662,71.92025581388451
0.012555404726090656,4.427324963276493,77.7199780674004
0.06234133747886597,1.5816914242808862,60.511710373857156
0.4138823918987976,6.653445539054933,88.3741022174876
0.11493959530279023,0.770249865135959,69.02131306063963
0.03743992829419944,2.027977673406388,92.31581994532372
0.0259163451738039,5.549024866818039,87.17604532490478
0.06547003678776232,7.471442265642863,86.63385285791313
0.2850697182611447,2.7181169828060097,67.80924776414938
0.01609068382555301,1.0612739224350336,67.23255902408997
0.3178241730574803,1.901292606614419,53.09234770881242
0.018853496816166597,6.582935833151456,79.97952555066075
0.14497883315101995,3.6525396478175294,84.25907884716922
0.02228270402330728,7.914726712729292,61.00768528513394
0.06085005947033123,7.543252567666437,70.97531233975619
0.11630593289136901,3.8488553097755,59.183706208564345
0.019181815856759488,5.785492647309767,55.34451569427848
0.03247582414161031,4.449873405139052,50.82814496911876
0.08254609374692404,3.953927718175728,86.64072979977941
0.08834128285954151,2.995377399784133,98.16021884976904
0.055276668407390116,6.5548323894513505,52.61106473936628
0.29910016906769304,1.1863215611361237,66.47856125918393
0.11963950873880638,6.895031359371846,59.34876586215593
0.06099612998937507,6.470657676008215,75.83066996859108
0.19009804793642274,1.0600071782201221,73.09139130486844
0.570833718131573,0.687701685234259,67.5587712567025
0.05772032521343774,3.3451079279336486,69.73686959793571
0.07886828878877128,7.174318017671272,90.48164680095755
0.07530761206596134,4.951363367891794,52.500037110984024
0.017712106415500417,3.2430562480308374,89.5145195172504
0.19704586610281383,7.057807245512848,88.69170643020055
0.1861669335642123,6.521768375454804,56.81163915797751
0.12358280214497924,6.431777516368763,71.8982079396694
0.012555404726090656,4.427324963276493,77.7199780674004
0.06714856695437765,1.3069227764161595,58.850114675938144
0.3823302854138711,5.092512626019017,76.78515450785204
0.11493959530279023,0.770249865135959,69.02131306063963
0.03743992829419944,2.027977673406388,92.31581994532372
0.02832901581293943,6.227155153517089,86.48835592550276
0.06547003678776232,7.471442265642863,86.63385285791313
0.24573943028701384,2.977767451553963,69.76159810250512
0.022904913768508818,1.4351077952758997,67.64248203879379
0.3178241730574803,1.901292606614419,53.09234770881242
0.018853496816166597,6.582935833151456,79.97952555066075
0.1177315287358328,3.822849279153792,76.1158935521097
0.02228270402330728,7.914726712729292,61.00768528513394
0.06085005947033123,7.543252567666437,70.97531233975619
0.11630593289136901,3.8488553097755,59.183706208564345
0.012117476834541431,5.669737118388675,51.88347269842262
0.03169398123491274,4.364636339613624,50.272996267619234
0.09808220585155887,3.8000426312527162,97.75287952598822
0.08834128285954151,2.995377399784133,98.16021884976904
0.055276668407390116,6.5548323894513505,52.61106473936628
0.23688048329087025,3.0457992129086158,68.39978831148862
0.11963950873880638,6.895031359371846,59.34876586215593
0.06099612998937507,6.470657676008215,75.83066996859108
0.19058332681729998,0.3857766393812101,75.10105552594781
0.570833718131573,0.687701685234259,67.5587712567025
0.05772032521343774,3.3451079279336486,69.73686959793571
0.08233044723793176,7.103428151254389,94.22974099342538
0.07168543534717033,5.600731969874073,57.12880891480524
0.017712106415500417,3.2430562480308374,89.5145195172504
0.19704586610281383,7.057807245512848,88.69170643020055
0.1861669335642123,6.521768375454804,56.81163915797751
0.12358280214497924,6.431777516368763,71.8982079396694
0.012555404726090656,4.427324963276493,77.7199780674004
0.04753632766639723,1.5271598777957531,54.67610998384385
0.324720271589395,5.512261996670133,70.91925506955357
0.11493959530279023,0.770249865135959,69.02131306063963
0.039541575465452,1.0593381994992042,93.66006217111877
0.02832901581293943,6.227155153517089,86.48835592550276
0.08961717052961521,7.039438667240814,80.51086789194133
0.19388271849778646,3.2665476800060613,79.59204032393008
0.022904913768508818,1.4351077952758997,67.64248203879379
0.3178241730574803,1.901292606614419,53.09234770881242
0.018853496816166597,6.582935833151456,79.97952555066075
0.13864075382860747,3.6690696740091693,82.31779206116363
0.02228270402330728,7.914726712729292,61.00768528513394
0.06085005947033123,7.543252567666437,70.97531233975619
0.12179479659092518,4.369899186881959,61.50863017377702
0.01029572316859112,5.670654835328832,51.7725379694288
0.03169398123491274,4.364636339613624,50.272996267619234
0.08980363188486595,4.0908259532810245,95.89574936051707
0.051450402954138184,4.259937984385317,76.23350871759436
0.05287800342575123,6.175473771524164,53.724854668356784
0.230953140092017,3.1466166324522673,67.9270589863893
0.11963950873880638,6.895031359371846,59.34876586215593
0.026085280239605296,6.218024792064641,85.64247293970573
0.19058332681729998,0.3857766393812101,75.10105552594781
0.570833718131573,0.687701685234259,67.5587712567025
0.05178546293029598,2.598866919212139,77.54713461963519
0.08177729641481005,7.481474033333086,93.86803636558932
0.1135701870576657,5.55302524908119,60.78326616309177
0.017712106415500417,3.2430562480308374,89.5145195172504
0.22321279385579387,6.961631347275923,87.51663631515078
0.1861669335642123,6.521768375454804,56.81163915797751
0.14338577096076363,6.419475494830079,70.6539426632799
0.012555404726090656,4.427324963276493,77.7199780674004
0.04753632766639723,1.5271598777957531,54.67610998384385
0.324720271589395,5.512261996670133,70.91925506955357
0.11797115748106003,1.3722984132926506,69.19530545293861
0.039541575465452,1.0593381994992042,93.66006217111877
0.02832901581293943,6.227155153517089,86.48835592550276
0.08961717052961521,7.039438667240814,80.51086789194133
0.24850570138515718,2.8565361095672595,93.96185568079565
0.022904913768508818,1.4351077952758997,67.64248203879379
0.20651717407101788,2.431960905498948,74.9517965029323
0.018853496816166597,6.582935833151456,79.97952555066075
0.13258111081020835,4.075337785551857,83.54864154593545
0.02228270402330728,7.914726712729292,61.00768528513394
0.05535793758780187,7.596151742557907,69.55588852837306
0.12179479659092518,4.369899186881959,61.50863017377702
0.01029572316859112,5.670654835328832,51.7725379694288
0.03169398123491274,4.364636339613624,50.272996267619234
0.09325390029747851,4.120924187326144,92.18707566198553
0.051450402954138184,4.259937984385317,76.23350871759436
0.03999543144453613,6.104939673101454,51.11965214822442
0.243237800248598,2.7823095172181493,68.89442752483468
0.11198289009358559,6.6747328377989685,58.55862100010844
0.026085280239605296,6.218024792064641,85.64247293970573
0.19058332681729998,0.3857766393812101,75.10105552594781
0.570833718131573,0.687701685234259,67.5587712567025
0.05178546293029598,2.598866919212139,77.54713461963519
0.07495998897269535,7.511065712891328,87.59447812105653
0.09384411613252114,4.979779423800685,54.25279990240458
0.017712106415500417,3.2430562480308374,89.5145195172504
0.22321279385579387,6.961631347275923,87.51663631515078
0.2902070035113685,7.9746322232029865,61.21552251370022
0.15405105773763791,6.729412082986078,74.18476721122116
0.05181700349037974,4.197090631704079,75.95949433781593
0.04657883054664756,0.7842128005717388,52.85457384971495
0.38132332948848646,4.7040581174957055,61.664148425259015
0.11771799744206467,1.36926875472437,69.17884719140618
0.039541575465452,1.0593381994992042,93.66006217111877
0.01782074739896896,7.121221150317661,91.14900566709824
0.08961717052961521,7.039438667240814,80.51086789194133
0.24850570138515718,2.8565361095672595,93.96185568079565
0.022904913768508818,1.4351077952758997,67.64248203879379
0.20651717407101788,2.431960905498948,74.9517965029323
0.018853496816166597,6.582935833151456,79.97952555066075
0.19245418362415093,6.01620262492821,77.0417106901364
0.02228270402330728,7.914726712729292,61.00768528513394
0.05535793758780187,7.596151742557907,69.55588852837306
0.12271010051500217,4.371329974965244,61.317033680923544
0.01029572316859112,5.670654835328832,51.7725379694288
0.02645695593866665,5.4052231671420525,65.70333484376576
0.09325390029747851,4.120924187326144,92.18707566198553
0.04801877596655116,4.377568689879025,74.19386394816864
0.05612985808789198,5.121861797854021,54.868560253902984
0.34417191761290883,2.0046613128530235,65.03200646429501
0.1050586493987723,6.277742327919988,59.198389489842434
0.026085280239605296,6.218024792064641,85.64247293970573
0.19058332681729998,0.3857766393812101,75.10105552594781
0.570833718131573,0.687701685234259,67.5587712567025
0.05178546293029598,2.598866919212139,77.54713461963519
0.07495998897269535,7.511065712891328,87.59447812105653
0.09384411613252114,4.979779423800685,54.25279990240458
0.017712106415500417,3.2430562480308374,89.5145195172504
0.143400358431201,6.4777059430709505,74.11788189954393
0.2623678038825186,7.745485022122565,60.27634946037351
0.15405105773763791,6.729412082986078,74.18476721122116
0.05181700349037974,4.197090631704079,75.95949433781593
0.04657883054664756,0.7842128005717388,52.85457384971495
0.38132332948848646,4.7040581174957055,61.664148425259015
0.11771799744206467,1.36926875472437,69.17884719140618
0.039541575465452,1.0593381994992042,93.66006217111877
0.015537953262600504,7.185523360257882,92.25690766587817
0.020359873537229817,7.079774754103729,76.87900801310789
0.24850570138515718,2.8565361095672595,93.96185568079565
0.018450847087306876,1.3122194475727795,67.20055829450168
0.12210104906231517,4.299180089980991,77.21340306426254
0.018853496816166597,6.582935833151456,79.97952555066075
0.21792208335381674,6.6168478675040845,82.78376764320117
0.022392528427756898,7.962415836790954,60.101178664270435
0.04456636725868322,6.273796373054174,71.80246257425046
0.1561157059867999,2.771869482486239,57.230692238989576
0.01029572316859112,5.670654835328832,51.7725379694288
0.02645695593866665,5.4052231671420525,65.70333484376576
0.09325390029747851,4.120924187326144,92.18707566198553
0.02630755570505,4.036435473542197,75.60355647383577
0.05612985808789198,5.121861797854021,54.868560253902984
0.34417191761290883,2.0046613128530235,65.03200646429501
0.1050586493987723,6.277742327919988,59.198389489842434
0.03365096642676785,5.524029946788895,80.8978833813471
0.18963132109682243,0.5086928471619405,75.08121813655552
0.570833718131573,0.687701685234259,67.5587712567025
0.012210434930198855,1.000416914398948,78.84831303242672
0.07495998897269535,7.511065712891328,87.59447812105653
0.09119507009141165,4.982320123792139,54.18450625698042
0.017712106415500417,3.2430562480308374,89.5145195172504
0.14873374273677217,6.419569275780338,74.01907545113794
0.2623678038825186,7.745485022122565,60.27634946037351
0.15816695208930498,6.8161797622779305,74.13905383543856
0.05181700349037974,4.197090631704079,75.95949433781593
0.04657883054664756,0.7842128005717388,52.85457384971495
0.38132332948848646,4.7040581174957055,61.664148425259015
0.11793861329446978,1.5167424654405788,69.58325730247975
0.0420090162046511,2.0791175846651218,89.89967659251622
0.015537953262600504,7.185523360257882,92.25690766587817
0.020359873537229817,7.079774754103729,76.87900801310789
0.2724642842229307,2.031096650569909,98.48525550336223
0.018450847087306876,1.3122194475727795,67.20055829450168
0.12210104906231517,4.299180089980991,77.21340306426254
0.019279909555660633,7.830683494810664,76.41734130942343
0.21792208335381674,6.6168478675040845,82.78376764320117
0.0215919168209613,7.928532330228276,64.29793699828282
0.04456636725868322,6.273796373054174,71.80246257425046
0.16118729236711865,2.4294053575615573,59.93183568291671
0.01029572316859112,5.670654835328832,51.7725379694288
0.026580664978574732,6.538631109781112,57.50557716236989
0.11691748916935454,5.10135581697714,84.43795330129974
0.02630755570505,4.036435473542197,75.60355647383577
0.05612985808789198,5.121861797854021,54.868560253902984
0.34136303295848824,2.0283516734593516,65.33599203685449
0.11490980208087123,6.082908004632429,58.596515910228774
0.04017623991353336,5.499545961096014,80.79396218090844
0.18963132109682243,0.5086928471619405,75.08121813655552
0.570833718131573,0.687701685234259,67.5587712567025
0.030386432546627318,2.706071656469459,68.92432273364601
0.07778797485576876,7.916021017971392,89.01622942941454
0.09119507009141165,4.982320123792139,54.18450625698042
0.05382409311964376,3.107523203479021,86.81675290732893
0.14873374273677217,6.419569275780338,74.01907545113794
0.2623678038825186,7.745485022122565,60.27634946037351
0.1261733092331631,7.076756014147034,71.83370442238588
0.05181700349037974,4.197090631704079,75.95949433781593
0.04657883054664756,0.7842128005717388,52.85457384971495
0.38132332948848646,4.7040581174957055,61.664148425259015
0.11793861329446978,1.5167424654405788,69.58325730247975
0.0420090162046511,2.0791175846651218,89.89967659251622
0.01526208502624828,7.685764775024852,92.60487661229122
0.020359873537229817,7.079774754103729,76.87900801310789
0.2724642842229307,2.031096650569909,98.48525550336223
0.018450847087306876,1.3122194475727795,67.20055829450168
0.12210104906231517,4.299180089980991,77.21340306426254
0.019279909555660633,7.830683494810664,76.41734130942343
0.18534024085399314,4.954864833269535,78.48208708957179
0.0215919168209613,7.928532330228276,64.29793699828282
0.04462963601054169,6.255675124651427,71.83873666147704
0.16118729236711865,2.4294053575615573,59.93183568291671
0.01029572316859112,5.670654835328832,51.7725379694288
0.026580664978574732,6.538631109781112,57.50557716236989
0.1365473168906816,4.787899431776893,87.85928124584453
0.04529824867733151,4.334822947671745,74.37050565412963
0.03239383043751391,4.733780119176208,53.36316823535154
0.41496043250049086,1.0599027658805071,59.436921427733715
0.11490980208087123,6.082908004632429,58.596515910228774
0.04017623991353336,5.499545961096014,80.79396218090844
0.183490727337694,0.31662323664413883,75.55810436159138
0.3066868563797072,4.170034396961448,65.99053822345707
0.030386432546627318,2.706071656469459,68.92432273364601
0.056283573364161524,6.408509712103816,72.12643555517089
0.09119507009141165,4.982320123792139,54.18450625698042
0.053234975966416666,3.4273309749935787,83.62995089955444
0.13266791226573,7.006764981235189,73.9390777346166
0.23880087280795106,6.242347527468528,68.9874241455664
0.1261733092331631,7.076756014147034,71.83370442238588
0.050435717955317344,4.592714341050857,75.16755723597839
0.04657883054664756,0.7842128005717388,52.85457384971495
0.22810143976558944,3.518731318404585,74.41427659180145
0.11793861329446978,1.5167424654405788,69.58325730247975
0.0420090162046511,2.0791175846651218,89.89967659251622
0.024815302240236703,5.580436650088175,80.47899091432379
0.020359873537229817,7.079774754103729,76.87900801310789
0.15259275498546754,4.8490021888371615,82.14991258707451
0.018450847087306876,1.3122194475727795,67.20055829450168
0.12007214222497696,4.328907721311689,77.30207731262195
0.019279909555660633,7.830683494810664,76.41734130942343
0.20663921445308236,4.191024238471151,80.87537879873966
0.0215919168209613,7.928532330228276,64.29793699828282
0.04462963601054169,6.255675124651427,71.83873666147704
0.16118729236711865,2.4294053575615573,59.93183568291671
0.012822186840692761,5.297850094422071,53.92942353793314
0.02643369253681333,6.581113004459949,57.19698683913021
0.13796215469859008,4.76537440872242,88.24981389734046
0.0451994612423974,4.329864002349644,74.35517929848243
0.03239383043751391,4.733780119176208,53.36316823535154
0.41496043250049086,1.0599027658805071,59.436921427733715
0.11490980208087123,6.082908004632429,58.596515910228774
0.04532397282517529,5.106114065536321,89.61171255869226
0.15634857826770926,0.6547438597683997,78.30942174581267
0.3066868563797072,4.170034396961448,65.99053822345707
0.030748387139736464,2.652661670886006,69.23332960635578
0.056283573364161524,6.408509712103816,72.12643555517089
0.09119507009141165,4.982320123792139,54.18450625698042
0.056541960857724144,2.340413849313867,88.16124978320521
0.13266791226573,7.006764981235189,73.9390777346166
0.23880087280795106,6.242347527468528,68.9874241455664
0.11520007051527495,6.914761218993235,72.76966197793637
0.05251051698926348,4.576491917543975,77.67504018030141
0.04657883054664756,0.7842128005717388,52.85457384971495
0.3265012108104892,0.5589039319123161,75.8476489462379
0.14758262287346924,1.821047153124565,76.53262336585868
0.0420090162046511,2.0791175846651218,89.89967659251622
0.024815302240236703,5.580436650088175,80.47899091432379
0.020359873537229817,7.079774754103729,76.87900801310789
0.0912662604546415,5.045941136659953,69.76773735303827
0.018450847087306876,1.3122194475727795,67.20055829450168
0.12007214222497696,4.328907721311689,77.30207731262195
0.019279909555660633,7.830683494810664,76.41734130942343
0.16695780521806153,4.776256344926621,78.56638397348594
0.0215919168209613,7.928532330228276,64.29793699828282
0.036769240645196224,6.470621553150539,74.81882765792832
0.15791087678504953,2.758945079034372,63.92670823861986
0.012822186840692761,5.297850094422071,53.92942353793314
0.02643369253681333,6.581113004459949,57.19698683913021
0.13796215469859008,4.76537440872242,88.24981389734046
0.0451994612423974,4.329864002349644,74.35517929848243
0.03239383043751391,4.733780119176208,53.36316823535154
0.41496043250049086,1.0599027658805071,59.436921427733715
0.11490980208087123,6.082908004632429,58.596515910228774
0.022154409024879362,5.480813227030525,90.74589878338499
0.15634857826770926,0.6547438597683997,78.30942174581267
0.28768073030259483,4.715980656562204,67.14094695237583
0.08094354251358124,3.1704378452178563,72.08303456043706
0.0298224635911764,7.439164577317183,73.91056871471193
0.09119507009141165,4.982320123792139,54.18450625698042
0.056541960857724144,2.340413849313867,88.16124978320521
0.15747196556592943,6.6402098975456765,72.85128899301509
0.23880087280795106,6.242347527468528,68.9874241455664
0.11877871562397464,7.234473557640291,73.808247593002
0.04904905880198855,4.915463996239727,77.5440322815615
0.04657883054664756,0.7842128005717388,52.85457384971495
0.3333834017116668,0.3792309915240679,76.40875675079502
0.14189337177221456,3.799151297435972,75.54330934383256
0.0420090162046511,2.0791175846651218,89.89967659251622
0.027425477184286045,5.6781611890530295,70.40777666265089
0.024954851297212397,6.183993485992662,67.89985330269396
0.12157471040009157,4.253606890815851,66.95857974752137
0.018450847087306876,1.3122194475727795,67.20055829450168
0.11314118890643211,4.4199698285949856,77.53323173548516
0.019279909555660633,7.830683494810664,76.41734130942343
0.17793958569493196,4.538115174017754,79.64430503292668
0.0215919168209613,7.928532330228276,64.29793699828282
0.04608554352570559,6.490894230740541,79.8010234589008
0.15791087678504953,2.758945079034372,63.92670823861986
0.012822186840692761,5.297850094422071,53.92942353793314
0.02643369253681333,6.581113004459949,57.19698683913021
0.13796215469859008,4.76537440872242,88.24981389734046
0.0451994612423974,4.329864002349644,74.35517929848243
0.03389422504239653,4.712073247439198,53.47804755335761
0.31306393318710296,0.9002647851663494,66.8729367697531
0.16181961429353087,5.155134188416168,55.73047804577223
0.022154409024879362,5.480813227030525,90.74589878338499
0.1586485655909576,0.3186407316218074,79.6336877594874
0.2611411064447213,5.0363996622599565,66.85738593446393
0.03781807956483069,2.723869837032224,73.33365366585798
0.0298224635911764,7.439164577317183,73.91056871471193
0.09119507009141165,4.982320123792139,54.18450625698042
0.05827632864819912,2.0362094514121636,90.27231919240093
0.15747196556592943,6.6402098975456765,72.85128899301509
0.23880087280795106,6.242347527468528,68.9874241455664
0.11877871562397464,7.234473557640291,73.808247593002
0.050527261194149846,5.140327841984136,78.76851614899692
0.04657883054664756,0.7842128005717388,52.85457384971495
0.23216607795750183,0.969735786047881,81.09521811899276
0.15310253301893068,3.7043997215846107,77.83344852409101
0.0420090162046511,2.0791175846651218,89.89967659251622
0.031899638625062246,5.794681041432992,75.45642052464542
0.022172077754461825,6.438857496012412,67.01252030692129
0.13488308887663178,3.7915516406691885,65.95021533620852
0.021156558308428785,1.9078807467538188,64.79634650856642
0.1079218934661016,4.341145586426192,79.87092059896938
0.019279909555660633,7.830683494810664,76.41734130942343
0.1926074350513797,4.744936858378203,80.78772874997948
0.0215919168209613,7.928532330228276,64.29793699828282
0.04608554352570559,6.490894230740541,79.8010234589008
0.15615670930653652,2.7278308468012615,63.75225372422827
0.012822186840692761,5.297850094422071,53.92942353793314
0.028270802912020027,6.642436958840235,52.96567563602856
0.19421669136916278,5.912161112158389,96.62875874859907
0.04451374562952036,6.092487238479294,85.0436155258954
0.06346153162137537,4.462139391517612,59.51893194790323
0.189472967044589,2.7104787999688216,61.54489253518036
0.16711116891225214,4.687341815159532,56.84308425029151
0.022154409024879362,5.480813227030525,90.74589878338499
0.15868140494365462,0.1422033399658389,79.82298707997536
0.30856609705226384,5.174169525284896,68.61794269252826
0.03781807956483069,2.723869837032224,73.33365366585798
0.024177836352250376,7.6196373542311076,73.71014396764718
0.023813079911359586,4.817440396255124,52.70951399943207
0.05196097562775559,2.248486566411976,85.04344295478096
0.10697533006939504,4.987426163347463,73.05485775183274
0.2633191550499027,6.295397057589648,68.2208328795896
0.11877871562397464,7.234473557640291,73.808247593002
0.050527261194149846,5.140327841984136,78.76851614899692
0.04657883054664756,0.7842128005717388,52.85457384971495
0.23216607795750183,0.969735786047881,81.09521811899276
0.15850166939931512,3.6251179578266557,78.64148390822308
0.0433289176582275,1.8760580998210687,95.11701095474919
0.036783941527439884,6.3849369820070185,89.19561237308262
0.022172077754461825,6.438857496012412,67.01252030692129
0.09704130259227582,4.527611604658,69.44331820115727
0.019507049136291272,1.604630425411946,63.8035121818252
0.1037473002369185,4.396617060808147,80.4002425278093
0.019279909555660633,7.830683494810664,76.41734130942343
0.12071723638400841,4.542507713534289,77.65060362671403
0.023847372684461632,7.584716919526911,65.25880212307875
0.04608554352570559,6.490894230740541,79.8010234589008
0.15615670930653652,2.7278308468012615,63.75225372422827
0.014582235525165412,4.325467099459001,56.52915947258227
0.028270802912020027,6.642436958840235,52.96567563602856
0.199734991898681,6.26553038798397,99.40795872669332
0.04451374562952036,6.092487238479294,85.0436155258954
0.05475539837156113,4.4451645940344955,56.94586409647776
0.21976541036007766,2.114953523983333,58.956357392100195
0.11468240148078673,5.468647673691089,66.78855201077208
0.022942853322373974,5.342040115784636,89.86943848409072
0.15868140494365462,0.1422033399658389,79.82298707997536
0.4179091751484668,4.233923331071278,66.66006665244007
0.03781807956483069,2.723869837032224,73.33365366585798
0.024177836352250376,7.6196373542311076,73.71014396764718
0.020725447856884224,3.5533605319140054,52.53208420395913
0.054143892356633416,2.248505839892593,85.76784404675723
0.11553686753870075,4.715246732230097,72.98709896786544
0.2633191550499027,6.295397057589648,68.2208328795896
0.11283029187825738,7.774966509853661,73.08448123290891
0.052651282205768354,4.804017651575521,76.55210167675006
0.04657883054664756,0.7842128005717388,52.85457384971495
0.23216607795750183,0.969735786047881,81.09521811899276
0.14539972728759737,4.097403885048241,78.20506306108288
0.0732951087294649,2.248674930445917,92.1231767397661
0.036783941527439884,6.3849369820070185,89.19561237308262
0.022172077754461825,6.438857496012412,67.01252030692129
0.16402572884759842,1.7298598542532284,73.27283533460384
0.019063835035588044,1.0338624234847087,62.863465312862985
0.08966265734375652,4.84509107161214,84.87426697018233
0.025380452228252786,6.2559950602176855,71.151724092546
0.12071723638400841,4.542507713534289,77.65060362671403
0.023847372684461632,7.584716919526911,65.25880212307875
0.04669285777263532,6.334862407169821,79.50050639880945
0.15615670930653652,2.7278308468012615,63.75225372422827
0.014582235525165412,4.325467099459001,56.52915947258227
0.028270802912020027,6.642436958840235,52.96567563602856
0.199734991898681,6.26553038798397,99.40795872669332
0.04451374562952036,6.092487238479294,85.0436155258954
0.04815605229447141,4.851983958910263,60.13733842223053
0.21976541036007766,2.114953523983333,58.956357392100195
0.09460919192576071,5.936267951545031,66.45049971454506
0.022942853322373974,5.342040115784636,89.86943848409072
0.15868140494365462,0.1422033399658389,79.82298707997536
0.4179091751484668,4.233923331071278,66.66006665244007
0.03781807956483069,2.723869837032224,73.33365366585798
0.025037823911280347,7.35722131921846,72.90948616280811
0.03017477646017646,2.5412459015575317,52.64995313702964
0.054143892356633416,2.248505839892593,85.76784404675723
0.11554617204137874,4.707042753836227,73.05459655449012
0.14291359625283512,6.367027344165349,67.61751828774237
0.11283029187825738,7.774966509853661,73.08448123290891
0.052881856036013884,4.76750938337622,76.31149804266069
0.04657883054664756,0.7842128005717388,52.85457384971495
0.23216607795750183,0.969735786047881,81.09521811899276
0.1017679642376222,5.260545280899025,89.49864539729573
0.05448434162130396,4.2399945155093866,84.63364930171949
0.036783941527439884,6.3849369820070185,89.19561237308262
0.022172077754461825,6.438857496012412,67.01252030692129
0.13192532976691398,2.087948508904379,69.58777042928968
0.027928798971340735,1.5124313770725926,65.62732108990991
0.08966265734375652,4.84509107161214,84.87426697018233
0.04227553070902112,5.87634836272476,71.80673784284346
0.10322603065303848,4.506739098072403,74.16975826895636
0.023847372684461632,7.584716919526911,65.25880212307875
0.046209589542059955,6.824631903401588,85.89583100310918
0.18098604793034456,1.5716058917680225,51.998611010431695
0.014582235525165412,4.325467099459001,56.52915947258227
0.028270802912020027,6.642436958840235,52.96567563602856
0.199734991898681,6.26553038798397,99.40795872669332
0.04451374562952036,6.092487238479294,85.0436155258954
0.05424515570917619,5.857304884337156,58.48466360403318
0.21752706110012351,2.083591436154512,58.55475547065098
0.12133152136425508,7.065951358001916,54.34089407586861
0.022942853322373974,5.342040115784636,89.86943848409072
0.15868140494365462,0.1422033399658389,79.82298707997536
0.5142604697267061,4.212054321768389,69.08025217970228
0.03781807956483069,2.723869837032224,73.33365366585798
0.025037823911280347,7.35722131921846,72.90948616280811
0.03017477646017646,2.5412459015575317,52.64995313702964
0.04067016176755048,1.8767502401274818,84.50551941991027
0.11615970302877066,4.957202846911041,71.07002557723426
0.1375719467348019,6.1166464587931255,68.49940078692669
0.11283029187825738,7.774966509853661,73.08448123290891
0.01109388040734445,4.983960689010936,78.08924035639093
0.04657883054664756,0.7842128005717388,52.85457384971495
0.2186085122179541,1.092102817912801,80.55377739829903
0.1017679642376222,5.260545280899025,89.49864539729573
0.05338021823100701,4.584869935108484,84.8020657480327
0.036783941527439884,6.3849369820070185,89.19561237308262
0.023637213799968967,6.631273435866181,65.54757963995506
0.08581033279749888,3.1932037517806524,72.83233351283924
0.027928798971340735,1.5124313770725926,65.62732108990991
0.08966265734375652,4.84509107161214,84.87426697018233
0.04227553070902112,5.87634836272476,71.80673784284346
0.11415559894781907,4.9413698275340145,75.40971289234732
0.023847372684461632,7.584716919526911,65.25880212307875
0.05036961124845046,7.089714808024215,85.1853620650734
0.1784817383205465,1.6674364803105064,52.2099378781121
0.014383933765631948,4.301355458104109,55.73837628506159
0.028270802912020027,6.642436958840235,52.96567563602856
0.20045528483698502,6.260128070599602,99.5478059567628
0.04451374562952036,6.092487238479294,85.0436155258954
0.05424515570917619,5.857304884337156,58.48466360403318
0.16224201294177093,2.018933367814288,66.66690286266738
0.12133152136425508,7.065951358001916,54.34089407586861
0.02296360417566761,5.3620006487553535,89.70144878325692
0.15461336521395852,0.8194035592533799,79.22512788590177
0.680128284952873,5.776731369748926,64.40147582361826
0.03781807956483069,2.723869837032224,73.33365366585798
0.025037823911280347,7.35722131921846,72.90948616280811
0.03017477646017646,2.5412459015575317,52.64995313702964
0.05819800517755323,3.0043720044007225,77.9506977283929
0.10202920767242123,4.135894831871547,71.89054619795095
0.15041394384502338,6.5534217819797576,67.87705437307253
0.11283029187825738,7.774966509853661,73.08448123290891
0.01109388040734445,4.983960689010936,78.08924035639093
0.04657883054664756,0.7842128005717388,52.85457384971495
0.2186085122179541,1.092102817912801,80.55377739829903
0.1017679642376222,5.260545280899025,89.49864539729573
0.05146208270980373,4.911021543752872,84.85432161458549
0.03728808257475398,6.375490652820425,90.10244974251299
0.023637213799968967,6.631273435866181,65.54757963995506
0.08333625004762785,3.0494024241487105,72.97599697703029
0.027928798971340735,1.5124313770725926,65.62732108990991
0.08966265734375652,4.84509107161214,84.87426697018233
0.04227553070902112,5.87634836272476,71.80673784284346
0.11644360377189561,5.0078332221618,75.47193699346651
0.023847372684461632,7.584716919526911,65.25880212307875
0.05036961124845046,7.089714808024215,85.1853620650734
0.1784817383205465,1.6674364803105064,52.2099378781121
0.012422847162187,4.332172622264488,55.500083954867634
0.028270802912020027,6.642436958840235,52.96567563602856
0.1363037135793425,6.661343863734697,89.80595892837874
0.04650486671345136,7.09422852409835,88.52586086583366
0.05461247091963069,5.855629752519758,57.92628839376582
0.16224201294177093,2.018933367814288,66.66690286266738
0.12133152136425508,7.065951358001916,54.34089407586861
0.02296360417566761,5.3620006487553535,89.70144878325692
0.15461336521395852,0.8194035592533799,79.22512788590177
0.680128284952873,5.776731369748926,64.40147582361826
0.039861460352261624,2.768804489807556,73.28772988035497
0.025037823911280347,7.35722131921846,72.90948616280811
0.03017477646017646,2.5412459015575317,52.64995313702964
0.040575294406956425,3.5260392118140373,69.01655160307192
0.10202920767242123,4.135894831871547,71.89054619795095
0.15041394384502338,6.5534217819797576,67.87705437307253
0.11427914859143304,7.860165970859872,73.16605132991509
0.01109388040734445,4.983960689010936,78.08924035639093
0.05241204264141886,1.3340238551370303,57.18978905844634
0.2186085122179541,1.092102817912801,80.55377739829903
0.09496520058887589,5.5026426875833065,88.92776626688143
0.05146208270980373,4.911021543752872,84.85432161458549
0.03728808257475398,6.375490652820425,90.10244974251299
0.023637213799968967,6.631273435866181,65.54757963995506
0.12486095613300693,2.4485675629142882,75.30215830326374
0.027928798971340735,1.5124313770725926,65.62732108990991
0.08966265734375652,4.84509107161214,84.87426697018233
0.04556002984845664,5.896913183294864,71.68738116282186
0.11644360377189561,5.0078332221618,75.47193699346651
0.023847372684461632,7.584716919526911,65.25880212307875
0.04737618935440542,6.4155084304159065,80.3627325938254
0.1784817383205465,1.6674364803105064,52.2099378781121
0.012422847162187,4.332172622264488,55.500083954867634
0.028270802912020027,6.642436958840235,52.96567563602856
0.14590403828070267,7.04882591285833,91.45026271687566
0.04650486671345136,7.09422852409835,88.52586086583366
0.05721577760646953,5.724264036558457,56.56728361638064
0.1223119118638321,2.5135541598498876,67.43803989037606
0.12133152136425508,7.065951358001916,54.34089407586861
0.037198202251064266,5.177167922149792,87.40750417465995
0.15461336521395852,0.8194035592533799,79.22512788590177
0.680128284952873,5.776731369748926,64.40147582361826
0.037123070393418424,0.9858791200098027,67.00662307858778
0.025103398664691794,7.344689963412912,73.33091604421101
0.03017477646017646,2.5412459015575317,52.64995313702964
0.040575294406956425,3.5260392118140373,69.01655160307192
0.1565451606549913,3.6274772588070743,68.17441376121616
0.17714453094616273,6.748120151977547,70.6535233417705
0.11447592095337372,7.838006126181478,72.6407996485152
0.01109388040734445,4.983960689010936,78.08924035639093
0.039561365489046985,0.26525271575650056,57.72099199759433
0.2186085122179541,1.092102817912801,80.55377739829903
0.07928512282894262,5.627775177534341,83.45606006707496
0.05339630606289415,5.666098266733668,89.26430118293852
0.0376269917283186,5.900496672005156,87.88798184521524
0.016881658646419526,6.494507382786687,58.7593427035937
0.12486095613300693,2.4485675629142882,75.30215830326374
0.027928798971340735,1.5124313770725926,65.62732108990991
0.1063050594089118,6.36639937505072,93.89390903430308
0.01004688788914801,6.077635618240359,67.86406061365068
0.16205361040498284,5.304090290918363,84.2290002878948
0.023847372684461632,7.584716919526911,65.25880212307875
0.047008787182334345,6.370807156197234,80.6170328158893
0.1784817383205465,1.6674364803105064,52.2099378781121
0.010758377605925235,3.524975369798615,54.28340615128291
0.02726201182057558,6.85732983181136,55.769200468154395
0.14590403828070267,7.04882591285833,91.45026271687566
0.06483852357894909,7.359522817156156,86.87105140282353
0.05721577760646953,5.724264036558457,56.56728361638064
0.1223119118638321,2.5135541598498876,67.43803989037606
0.12133152136425508,7.065951358001916,54.34089407586861
0.03787166378001465,5.055722912256737,88.52476049746087
0.13375303510491254,1.8699122136127966,74.37233714814408
0.680128284952873,5.776731369748926,64.40147582361826
0.037123070393418424,0.9858791200098027,67.00662307858778
0.032680951200204686,7.988247729461152,56.32259826635862
0.023562248319796517,2.543233291555014,51.58863687871016
0.040575294406956425,3.5260392118140373,69.01655160307192
0.17044555187442556,3.189554047936532,65.60360023007368
0.19380543270456727,6.849341629987466,68.59541923819361
0.11447592095337372,7.838006126181478,72.6407996485152
0.01109388040734445,4.983960689010936,78.08924035639093
0.039561365489046985,0.26525271575650056,57.72099199759433
0.2186085122179541,1.092102817912801,80.55377739829903
0.07928512282894262,5.627775177534341,83.45606006707496
0.017153431459744822,6.669503204813138,91.17514317580039
0.03829543298661332,6.202941051151333,89.4222825606802
0.016881658646419526,6.494507382786687,58.7593427035937
0.12486095613300693,2.4485675629142882,75.30215830326374
0.027928798971340735,1.5124313770725926,65.62732108990991
0.1063050594089118,6.36639937505072,93.89390903430308
0.01004688788914801,6.077635618240359,67.86406061365068
0.22149243948172842,4.816688990622597,94.65723112351978
0.023847372684461632,7.584716919526911,65.25880212307875
0.053980510859292896,6.505120082404462,73.57178172791696
0.1784817383205465,1.6674364803105064,52.2099378781121
0.010758377605925235,3.524975369798615,54.28340615128291
0.027405853206213845,5.704311812578055,57.89582472657823
0.1050280543114385,6.585035376531053,79.87564941349986
0.06654725086196409,7.223408561918797,86.56114723929284
0.09914791475001945,7.70932721253792,58.62869607347939
0.11891977924367808,4.81846331630781,69.69026954353373
0.12133152136425508,7.065951358001916,54.34089407586861
0.03837882507783462,5.101354865074408,88.05398986553952
0.17484337567144534,0.014193463454292399,68.59413305161888
0.680128284952873,5.776731369748926,64.40147582361826
0.037123070393418424,0.9858791200098027,67.00662307858778
0.032680951200204686,7.988247729461152,56.32259826635862
0.023562248319796517,2.543233291555014,51.58863687871016
0.046740554969302746,0.04117955036851928,78.93017302000864
0.17044555187442556,3.189554047936532,65.60360023007368
0.2738900338208063,6.613938290094179,57.28944158003092
0.09471973651245072,7.531604202111942,70.39866884884843
0.01109388040734445,4.983960689010936,78.08924035639093
0.039561365489046985,0.26525271575650056,57.72099199759433
0.15448964166850604,2.498251292520603,83.38159274367113
0.07928512282894262,5.627775177534341,83.45606006707496
0.025309527872971777,6.767429414216581,89.62187533862382
0.03382769330268891,6.39715062212154,89.49095151881903
0.026922334337159015,6.480123105873758,62.70433677733056
0.10105870572798048,1.8393289216413768,70.39625758720223
0.032178866124375254,1.0567629693865581,62.73866968824507
0.06074319859443122,5.011453681497878,75.00546429616948
0.01004688788914801,6.077635618240359,67.86406061365068
0.1612781127571823,5.659993307773497,85.7007383675599
0.023847372684461632,7.584716919526911,65.25880212307875
0.04538215134776011,7.103839723326514,66.60850722568655
0.17368849635653505,1.8311078833628285,52.568495036440474
0.010758377605925235,3.524975369798615,54.28340615128291
0.026356563637286945,5.622620352711998,57.38725912582436
0.1050280543114385,6.585035376531053,79.87564941349986
0.06654725086196409,7.223408561918797,86.56114723929284
0.09352545772068346,7.0998569529775315,59.388142309415365
0.16674703829087498,7.562565328758911,76.90384288394131
0.12133152136425508,7.065951358001916,54.34089407586861
0.03128027093273118,5.204079064375717,97.08339932865545
0.16859200061115498,0.30221170186084656,68.3859407424757
0.6198214816410732,5.942870330829123,64.48025703993748
0.037123070393418424,0.9858791200098027,67.00662307858778
0.032680951200204686,7.988247729461152,56.32259826635862
0.023562248319796517,2.543233291555014,51.58863687871016
0.046740554969302746,0.04117955036851928,78.93017302000864
0.19974777613564304,3.3184906614919814,68.39949049939665
0.22841806429353192,6.748666428949651,56.410590180000554
0.09471973651245072,7.531604202111942,70.39866884884843
0.01109388040734445,4.983960689010936,78.08924035639093
0.039561365489046985,0.26525271575650056,57.72099199759433
0.1444465156848363,2.5017017536635717,80.94283143499194
0.08414775511058545,5.4336388080632485,81.92437068756112
0.02564101875381755,6.766670971193176,89.58134793350006
0.03382769330268891,6.39715062212154,89.49095151881903
0.025807197514557192,6.8807047633855785,63.630715279191
0.09169941029505925,2.3304642338653263,68.80778897836727
0.032178866124375254,1.0567629693865581,62.73866968824507
0.04957139324799975,4.939385599234741,73.81696653847627
0.01004688788914801,6.077635618240359,67.86406061365068
0.1612781127571823,5.659993307773497,85.7007383675599
0.022773927698660365,7.712446993140798,62.652485125953575
0.04538215134776011,7.103839723326514,66.60850722568655
0.17368849635653505,1.8311078833628285,52.568495036440474
0.010758377605925235,3.524975369798615,54.28340615128291
0.026356563637286945,5.622620352711998,57.38725912582436
0.01413666466278149,6.46450168222179,97.16045101316189
0.045649428323187594,6.920807456960882,90.78743786804283
0.13712828387497816,6.722329328956157,57.376389739637276
0.16674703829087498,7.562565328758911,76.90384288394131
0.12133152136425508,7.065951358001916,54.34089407586861
0.03930763977754351,5.319221092400097,94.07207391181024
0.16859200061115498,0.30221170186084656,68.3859407424757
0.6198214816410732,5.942870330829123,64.48025703993748
0.030470794630934838,2.5713948595942293,75.73315392755447
0.032680951200204686,7.988247729461152,56.32259826635862
0.023562248319796517,2.543233291555014,51.58863687871016
0.046740554969302746,0.04117955036851928,78.93017302000864
0.2212681971001486,4.546809471221989,81.473132193943
0.22841806429353192,6.748666428949651,56.410590180000554
0.14329143554128482,7.990378354038348,75.16893284734329
0.01109388040734445,4.983960689010936,78.08924035639093
0.039561365489046985,0.26525271575650056,57.72099199759433
0.10453176093852148,0.4829637853994946,92.6039048496724
0.06091072300119381,4.429118316735545,84.57852282795886
0.02564101875381755,6.766670971193176,89.58134793350006
0.03382769330268891,6.39715062212154,89.49095151881903
0.025999602638246497,6.440084425450552,61.44406251023566
0.11629133181971076,2.253672072027437,75.0224892224065
0.027367759185044055,1.1257386348456662,58.58560904275647
0.03972598575729687,5.691165271262234,80.30273042447801
0.01004688788914801,6.077635618240359,67.86406061365068
0.15926744458513245,4.96050654678904,88.93494546231582
0.022773927698660365,7.712446993140798,62.652485125953575
0.04538215134776011,7.103839723326514,66.60850722568655
0.1854025819533922,0.9855953886332953,51.044248835589585
0.010941672590562432,2.8673554351894794,50.78473878850192
0.02637743024209877,5.589257732571635,56.44842028573746
0.037828568377009014,6.744405575377012,93.12636905575292
0.045649428323187594,6.920807456960882,90.78743786804283
0.10532048067725523,6.396909549654077,57.1098755883244
0.16674703829087498,7.562565328758911,76.90384288394131
0.10261749873445868,6.960950584741139,61.81631017492616
0.03930763977754351,5.319221092400097,94.07207391181024
0.12231785782763871,2.7933735451359354,76.81760161683076
0.6902227925162568,5.691192813489886,62.54980887181557
0.030470794630934838,2.5713948595942293,75.73315392755447
0.032680951200204686,7.988247729461152,56.32259826635862
0.023562248319796517,2.543233291555014,51.58863687871016
0.046740554969302746,0.04117955036851928,78.93017302000864
0.16945141019682114,4.295286003047332,74.78040762794701
0.22841806429353192,6.748666428949651,56.410590180000554
0.14329143554128482,7.990378354038348,75.16893284734329
0.01111694294993308,4.95986985340791,78.31447467200911
0.040367697782710245,0.24008588739898507,60.10310597126164
0.10453176093852148,0.4829637853994946,92.6039048496724
0.06091072300119381,4.429118316735545,84.57852282795886
0.02564101875381755,6.766670971193176,89.58134793350006
0.03382769330268891,6.39715062212154,89.49095151881903
0.022485904257495814,7.956285745442678,61.771991631825976
0.08170778017175909,3.806342172914998,77.407504163456
0.027367759185044055,1.1257386348456662,58.58560904275647
0.04913637582607393,5.7630074783786265,97.1194086764095
0.01004688788914801,6.077635618240359,67.86406061365068
0.1640984369259556,5.355696180769621,88.61112170570493
0.022773927698660365,7.712446993140798,62.652485125953575
0.04736881760788007,7.549607796708729,64.23834321680727
0.19799543411562187,0.40818297340018894,50.609015963111396
0.010941672590562432,2.8673554351894794,50.78473878850192
0.028739744309281,4.125505127894882,58.29604793006293
0.037828568377009014,6.744405575377012,93.12636905575292
0.045649428323187594,6.920807456960882,90.78743786804283
0.09862488296553912,6.2308601458125885,54.51743945950729
0.15290422189335612,7.576976244469898,75.5335944531913
0.07366032674883354,7.23349864919146,62.11956892892297
0.03930763977754351,5.319221092400097,94.07207391181024
0.12231785782763871,2.7933735451359354,76.81760161683076
0.6382128992541174,5.720742300453869,62.95616502759928
0.03073972090501246,2.373126994578242,77.00012433923283
0.055438777407591316,7.910395538903356,59.9591697052324
0.025364359998494818,2.613368041415268,51.92226011406591
0.046740554969302746,0.04117955036851928,78.93017302000864
0.1241365874273344,3.8898147665422975,77.35577257957225
0.23752981310385546,6.765126255396185,54.86159296323572
0.14329143554128482,7.990378354038348,75.16893284734329
0.01111694294993308,4.95986985340791,78.31447467200911
0.03989003101690777,0.20284939424583825,59.876261206109874
0.10453176093852148,0.4829637853994946,92.6039048496724
0.03692609304491662,5.206469795758207,76.69688766920108
0.02564101875381755,6.766670971193176,89.58134793350006
0.03193520574884269,7.1244127031840065,97.30550374348041
0.022485904257495814,7.956285745442678,61.771991631825976
0.07876845455244746,3.4838665180347053,79.93416728986415
0.03141397469599521,2.4684808784783954,60.387633489506335
0.03822296369044359,5.572229800169145,99.38961949632368
0.012498932170533446,5.998163879370977,68.6698315783989
0.10577164418536182,5.338647848936354,91.1635521314276
0.022773927698660365,7.712446993140798,62.652485125953575
0.048283575799635256,7.487104697218895,64.40699195860309
0.19916927992417136,0.5969318906142096,50.735282514272235
0.010941672590562432,2.8673554351894794,50.78473878850192
0.028739744309281,4.125505127894882,58.29604793006293
0.03252327166477587,7.047964009096533,94.99343325027657
0.045649428323187594,6.920807456960882,90.78743786804283
0.09862488296553912,6.2308601458125885,54.51743945950729
0.14453450074051796,7.22045068433885,75.63406919101749
0.06167472049956725,6.5721218558445464,66.87584080325348
0.03930763977754351,5.319221092400097,94.07207391181024
0.09081224297046697,3.712786017660549,74.48011285303471
0.4395198456788023,6.180761795677665,74.21334151761943
0.031489654021979244,2.352726234630476,77.17150579753563
0.055438777407591316,7.910395538903356,59.9591697052324
0.0235688502511346,2.210582989710282,50.917297953542636
0.046740554969302746,0.04117955036851928,78.93017302000864
0.15346462566895322,4.366077821535972,77.46745154249277
0.1862704941796925,7.0490590787781295,56.508802275727604
0.14329143554128482,7.990378354038348,75.16893284734329
0.019792520599029875,5.8618980269120575,86.22859070259517
0.035894363163836596,1.3279478880571114,65.1154751004328
0.1101528108372176,0.2128178313158431,95.14831762873615
0.035332342450220634,4.849008570227184,73.62093576245911
0.026647673528249073,6.627497411337743,88.43202422446078
0.029351092157688795,6.855733964195547,94.94819963950118
0.022485904257495814,7.956285745442678,61.771991631825976
0.07697361330893962,3.626811467884055,80.51252521984539
0.03141397469599521,2.4684808784783954,60.387633489506335
0.03822296369044359,5.572229800169145,99.38961949632368
0.012498932170533446,5.998163879370977,68.6698315783989
0.1779707719679975,3.5924820311956447,85.15779726752504
0.022773927698660365,7.712446993140798,62.652485125953575
0.048283575799635256,7.487104697218895,64.40699195860309
0.19916927992417136,0.5969318906142096,50.735282514272235
0.010941672590562432,2.8673554351894794,50.78473878850192
0.028739744309281,4.125505127894882,58.29604793006293
0.03252327166477587,7.047964009096533,94.99343325027657
0.042988699579114,6.088629318096217,85.10545291396453
0.09862488296553912,6.2308601458125885,54.51743945950729
0.1426144604402751,7.1691321239948955,75.3465803566913
0.05710896503850917,6.884088308182306,66.03407855308178
0.04035452898227779,5.320574038596638,93.26991370057772
0.07185419212060296,3.838837812695275,69.5372100799093
0.4395198456788023,6.180761795677665,74.21334151761943
0.031489654021979244,2.352726234630476,77.17150579753563
0.05304045101360105,5.740647807201673,65.18996924997901
0.023485152989467857,2.179587626535402,50.79786383622876
0.046740554969302746,0.04117955036851928,78.93017302000864
0.15346462566895322,4.366077821535972,77.46745154249277
0.1862704941796925,7.0490590787781295,56.508802275727604
0.14329143554128482,7.990378354038348,75.16893284734329
0.019792520599029875,5.8618980269120575,86.22859070259517
0.03529190232191931,0.22985758665571687,56.247990251569334
0.1101528108372176,0.2128178313158431,95.14831762873615
0.035332342450220634,4.849008570227184,73.62093576245911
0.026647673528249073,6.627497411337743,88.43202422446078
0.029351092157688795,6.855733964195547,94.94819963950118
0.022363043901603555,7.9955131501863494,60.98495590751311
0.07697361330893962,3.626811467884055,80.51252521984539
0.03012784122780121,2.0858624621979427,60.08119877205122
0.03822296369044359,5.572229800169145,99.38961949632368
0.06794379944969643,5.356229004160729,72.13012648545136
0.1323988699739322,4.506495984652904,86.14385129051489
0.022773927698660365,7.712446993140798,62.652485125953575
0.04622149142761975,6.335208763549079,63.111966345453204
0.19485446139130078,0.5872669873015335,50.880429659407305
0.010941672590562432,2.8673554351894794,50.78473878850192
0.028739744309281,4.125505127894882,58.29604793006293
0.03252327166477587,7.047964009096533,94.99343325027657
0.051439160262991446,5.409818421693384,94.49155544586684
0.09862488296553912,6.2308601458125885,54.51743945950729
0.1279627310053031,6.852268296151176,75.11090568723748
0.05710896503850917,6.884088308182306,66.03407855308178
0.03705993001080717,5.780224636182542,93.77241843762994
0.07443003538258072,2.8393059995859264,67.82921121274214
0.28912810687665813,5.882000432670743,82.0716966666354
0.031489654021979244,2.352726234630476,77.17150579753563
0.04738401671780761,5.3545893484128255,63.25446796767777
0.0581201415008437,2.91955359667964,62.03802626294181
0.046740554969302746,0.04117955036851928,78.93017302000864
0.12888775721660584,4.128548582944699,78.44584590396056
0.13403073698047535,4.425321642087392,64.90332298134298
0.14329143554128482,7.990378354038348,75.16893284734329
0.019792520599029875,5.8618980269120575,86.22859070259517
0.03529190232191931,0.22985758665571687,56.247990251569334
0.1101528108372176,0.2128178313158431,95.14831762873615
0.035332342450220634,4.849008570227184,73.62093576245911
0.026647673528249073,6.627497411337743,88.43202422446078
0.028923298546004977,7.023377029210757,95.34225490928351
0.031982503367344886,4.856702570716729,68.06620748148157
0.04841978931483591,3.3508459564382354,81.64924043839906
0.03012784122780121,2.0858624621979427,60.08119877205122
0.03822296369044359,5.572229800169145,99.38961949632368
0.06794379944969643,5.356229004160729,72.13012648545136
0.1323988699739322,4.506495984652904,86.14385129051489
0.024663540568504262,6.266677131854934,61.99178443004051
0.04676393870944754,6.63437269277498,63.44436804826606
0.19485446139130078,0.5872669873015335,50.880429659407305
0.010941672590562432,2.8673554351894794,50.78473878850192
0.028739744309281,4.125505127894882,58.29604793006293
0.029609123914603307,6.758286745629722,82.75743185487303
0.051439160262991446,5.409818421693384,94.49155544586684
0.09862488296553912,6.2308601458125885,54.51743945950729
0.08001932506183794,6.580482672391247,69.02203554802607
0.029349163680104692,7.949768477583797,61.233939323764076
0.038197062408176344,5.987055169456452,99.52954056749488
0.10601092819303101,1.2159825576091987,63.15098550493119
0.2867449755142628,5.892453930363461,82.19323740121077
0.030402420543105692,2.3799562619653365,75.77533086973497
0.046075662027946836,5.299702453234975,64.37987315665393
0.04905993003243392,2.380137762524262,60.641208335411875
0.04663457609675353,0.03907893430347742,78.95838712448675
0.14967732079059465,3.7025121421105096,73.61270605970199
0.1420081971249068,4.295318623561688,62.0209408544055
0.14329143554128482,7.990378354038348,75.16893284734329
0.020045034233843666,5.31168517000816,78.93198567322753
0.03525210078121316,0.28550381169594896,56.39012580567057
0.1101528108372176,0.2128178313158431,95.14831762873615
0.03536602392930685,6.764541883349069,80.85357651353915
0.019391429726120034,6.735852240214402,97.81846656282565
0.028923298546004977,7.023377029210757,95.34225490928351
0.031982503367344886,4.856702570716729,68.06620748148157
0.05019033327824393,0.9471928466948158,96.57945482570781
0.03012784122780121,2.0858624621979427,60.08119877205122
0.03822296369044359,5.572229800169145,99.38961949632368
0.06809800684792491,5.3718630211810465,72.0904354084488
0.1323988699739322,4.506495984652904,86.14385129051489
0.024617319354037007,6.30204164481695,62.007945617896404
0.04676393870944754,6.63437269277498,63.44436804826606
0.19485446139130078,0.5872669873015335,50.880429659407305
0.010941672590562432,2.8673554351894794,50.78473878850192
0.028739744309281,4.125505127894882,58.29604793006293
0.029609123914603307,6.758286745629722,82.75743185487303
0.051439160262991446,5.409818421693384,94.49155544586684
0.08183616832965329,4.655816610374628,55.013551442989545
0.09963584189303118,7.053691554434749,54.76944986595858
0.029349163680104692,7.949768477583797,61.233939323764076
0.0382571814589369,5.970544703926915,99.92613751922914
0.10489134530586533,1.012538502148285,62.79007066925761
0.2867449755142628,5.892453930363461,82.19323740121077
0.022123325825412654,2.5074108149884844,77.15769053100496
0.046075662027946836,5.299702453234975,64.37987315665393
0.046840206327403176,2.078981840165903,60.04032059797586
0.04663457609675353,0.03907893430347742,78.95838712448675
0.09004114164980474,4.883655461035149,67.96843662958486
0.1420081971249068,4.295318623561688,62.0209408544055
0.14329143554128482,7.990378354038348,75.16893284734329
0.020045034233843666,5.31168517000816,78.93198567322753
0.03525210078121316,0.28550381169594896,56.39012580567057
0.10336792377519283,0.21940209690561946,91.63740359265873
0.03536602392930685,6.764541883349069,80.85357651353915
0.019391429726120034,6.735852240214402,97.81846656282565
0.028923298546004977,7.023377029210757,95.34225490928351
0.030672280390670013,6.688515141772915,72.74515371024084
0.07194523787794954,2.592971737232337,91.57646504634698
0.026698815268262496,1.9100807371196784,58.253746843895044
0.03822296369044359,5.572229800169145,99.38961949632368
0.0823638006527452,5.823617838741224,77.0903483806546
0.09026564531222116,5.1686991245952445,92.13080916460002
0.02749009053783817,6.122530204136847,62.0482889826427
0.06078635574046645,6.587192471576536,55.33957905233368
0.19485446139130078,0.5872669873015335,50.880429659407305
0.010941672590562432,2.8673554351894794,50.78473878850192
0.029188821355321352,3.4078518525626285,56.94763818135443
0.024300558886854538,7.320970521890349,90.34801198798439
0.051439160262991446,5.409818421693384,94.49155544586684
0.08183616832965329,4.655816610374628,55.013551442989545
0.09963584189303118,7.053691554434749,54.76944986595858
0.029349163680104692,7.949768477583797,61.233939323764076
0.0382571814589369,5.970544703926915,99.92613751922914
0.10489134530586533,1.012538502148285,62.79007066925761
0.18764526115165708,5.689190611097929,87.3727090775246
0.015835318786017592,0.4860047604619515,75.40277949303886
0.042216825546907866,5.421927649084787,64.73000466237792
0.046620090464751615,2.0738556325102047,60.03573958357516
0.038296257505483405,1.6492071443130154,68.43819812490021
0.09142343455836816,4.803163088387328,68.56515199528232
0.1420081971249068,4.295318623561688,62.0209408544055
0.14329143554128482,7.990378354038348,75.16893284734329
0.01683664971431449,5.979704805888419,86.64588356124803
0.03525210078121316,0.28550381169594896,56.39012580567057
0.07352883943965505,2.6712184317915986,95.18823889650764
0.03536602392930685,6.764541883349069,80.85357651353915
0.019391429726120034,6.735852240214402,97.81846656282565
0.04509327959089794,5.35819013375877,93.92686658304133
0.030672280390670013,6.688515141772915,72.74515371024084
0.07194523787794954,2.592971737232337,91.57646504634698
0.030976550513114088,1.9459528474060854,58.63318883441684
0.03822296369044359,5.572229800169145,99.38961949632368
0.11882776680821754,6.278973428059035,60.618181842143784
0.06511624151480783,4.43906570186462,79.02217398600862
0.02649721835543399,7.311933640448773,63.02083935217033
0.06078635574046645,6.587192471576536,55.33957905233368
0.19485446139130078,0.5872669873015335,50.880429659407305
0.010941672590562432,2.8673554351894794,50.78473878850192
0.029188821355321352,3.4078518525626285,56.94763818135443
0.024300558886854538,7.320970521890349,90.34801198798439
0.051439160262991446,5.409818421693384,94.49155544586684
0.07870909521991251,4.855721622346886,58.63301715467781
0.09963584189303118,7.053691554434749,54.76944986595858
0.02735285888236256,7.398577362440291,60.10071649292623
0.0382571814589369,5.970544703926915,99.92613751922914
0.10489134530586533,1.012538502148285,62.79007066925761
0.11606292564122458,3.521352183617915,82.38559655216548
0.015835318786017592,0.4860047604619515,75.40277949303886
0.05226897744596123,6.242993111722809,69.21215479070992
0.046620090464751615,2.0738556325102047,60.03573958357516
0.03887207604714284,1.8139675280305427,69.57965115812158
0.0651527226865293,5.722342490642163,74.32399201759698
0.1420081971249068,4.295318623561688,62.0209408544055
0.11383286279059701,6.4050128125201535,70.83184593433647
0.01683664971431449,5.979704805888419,86.64588356124803
0.03525210078121316,0.28550381169594896,56.39012580567057
0.08329585757636974,4.310766846013508,80.0669684162819
0.03536060585667319,6.76429551652513,80.84103069747745
0.015472680416537911,7.011595647270938,98.69693579171826
0.060082346093482904,5.028500259432893,97.78915091045482
0.03179902857895382,6.602345955961348,72.59402176330161
0.0735403783641555,2.925653014284979,85.67985258231738
0.031433432543185404,2.241195780187805,61.461855983524394
0.03689339549220731,5.769492731803796,95.26580714096403
0.11882776680821754,6.278973428059035,60.618181842143784
0.05769008498509764,3.84337780283935,78.47676638080844
0.02649721835543399,7.311933640448773,63.02083935217033
0.055805729756170645,7.216719123485653,54.49822045529773
0.17728876883128158,1.3003345563140813,53.06439302531729
0.010941672590562432,2.8673554351894794,50.78473878850192
0.029188821355321352,3.4078518525626285,56.94763818135443
0.069908064643282,6.114751529401787,79.32262342129951
0.04862940184564873,4.5203371589130485,87.87788896957785
0.0940316932668947,5.9206396032825435,54.546157064059756
0.09963584189303118,7.053691554434749,54.76944986595858
0.02917371121091617,7.087659574016896,66.8121248558695
0.0382571814589369,5.970544703926915,99.92613751922914
0.09813318290061626,1.4338938899886244,65.80360948500848
0.11606292564122458,3.521352183617915,82.38559655216548
0.013724445375294249,1.5131999478784155,64.78379204037553
0.051939573399379345,6.388801507383589,68.64920699346442
0.046620090464751615,2.0738556325102047,60.03573958357516
0.03887207604714284,1.8139675280305427,69.57965115812158
0.0651527226865293,5.722342490642163,74.32399201759698
0.14381408400266293,4.160098611379645,61.456209388357685
0.09526211520186928,6.6647877183073225,65.60450451458922
0.01683664971431449,5.979704805888419,86.64588356124803
0.03525210078121316,0.28550381169594896,56.39012580567057
0.09498087300943595,3.4016470443599105,83.76571002063086
0.041827540991827034,7.038205538463122,78.8144869802164
0.014526041562045552,7.075105213097288,99.07706709551269
0.060082346093482904,5.028500259432893,97.78915091045482
0.026185624681001787,7.096790016744831,70.83423071424824
0.07299335912579018,2.9081121107116803,85.42581303229679
0.029595399857066267,1.2366650882754966,51.10118656505882
0.06453836852031714,5.941393484565983,83.57556467630039
0.11882776680821754,6.278973428059035,60.618181842143784
0.05769528964658959,3.8340605045925695,78.54299604530895
0.02649721835543399,7.311933640448773,63.02083935217033
0.052573547253607085,6.126743582934491,54.795734017376326
0.1835247928953213,1.1411294750678778,50.738320299622934
0.010941672590562432,2.8673554351894794,50.78473878850192
0.029188821355321352,3.4078518525626285,56.94763818135443
0.047659785203552074,7.364861964061841,77.84616177330693
0.051477528296557516,5.421964536012715,94.58186690317605
0.0914600966411065,5.8834768624491875,53.91642839330868
0.09963584189303118,7.053691554434749,54.76944986595858
0.03968365513890813,6.006605685614779,71.29440472676941
0.040954088045093845,6.370470458982128,93.59303728138642
0.09813318290061626,1.4338938899886244,65.80360948500848
0.11511491035820856,3.527576922078696,82.34641490849073
0.013724445375294249,1.5131999478784155,64.78379204037553
0.02709212145608124,6.429600156352348,71.6325513078063
0.046620090464751615,2.0738556325102047,60.03573958357516
0.04108963955825032,2.42904861325304,73.73832181504135
0.0730250384869524,6.715461946221412,79.46547185203164
0.14381408400266293,4.160098611379645,61.456209388357685
0.09526211520186928,6.6647877183073225,65.60450451458922
0.01683664971431449,5.979704805888419,86.64588356124803
0.03525210078121316,0.28550381169594896,56.39012580567057
0.09498087300943595,3.4016470443599105,83.76571002063086
0.04375581171629288,7.614825095101562,67.41256028221275
0.014526041562045552,7.075105213097288,99.07706709551269
0.060082346093482904,5.028500259432893,97.78915091045482
0.026110367599409125,7.044827853929003,72.72134550347745
0.07613407903423769,2.3555882925424534,86.36549732955663
0.038143487205907406,2.3150354267302533,56.684018839735955
0.05931827020895957,4.933265702849648,78.72992627654605
0.142589580829227,7.040060660444018,61.59118275578688
0.0602845338730963,3.8875972291776897,80.08026549879202
0.02649721835543399,7.311933640448773,63.02083935217033
0.052573547253607085,6.126743582934491,54.795734017376326
0.1835247928953213,1.1411294750678778,50.738320299622934
0.023123633305045948,4.289260635149511,68.16051486638058
0.014958603357249758,1.5183613849224527,50.26267743310164
0.047659785203552074,7.364861964061841,77.84616177330693
0.051477528296557516,5.421964536012715,94.58186690317605
0.09735574720039217,6.0168404983978805,54.80139077006658
0.09963584189303118,7.053691554434749,54.76944986595858
0.03771518804995183,5.519169533870995,68.60344855157435
0.03631523617366772,6.399555365862824,96.7835232477524
0.14525262546835074,0.08480896463876375,71.85614840002741
0.11138992708390594,3.522386718653435,81.2453521277426
0.013769383109599409,1.8250021060845718,66.70628382408417
0.02709212145608124,6.429600156352348,71.6325513078063
0.046620090464751615,2.0738556325102047,60.03573958357516
0.04108963955825032,2.42904861325304,73.73832181504135
0.06505571587661856,6.963236146020942,75.98695237366812
0.12239938448314244,4.434409622531369,62.898787821432535
0.14307307929982155,6.829736304379461,61.37673929157884
0.01683664971431449,5.979704805888419,86.64588356124803
0.03525210078121316,0.28550381169594896,56.39012580567057
0.1145975511372467,3.857550164047527,88.34826657780242
0.04343257688997491,7.635521134537076,66.5486959714404
0.014526041562045552,7.075105213097288,99.07706709551269
0.060082346093482904,5.028500259432893,97.78915091045482
0.056570394395415446,7.043581203670404,69.81073985859163
0.07613407903423769,2.3555882925424534,86.36549732955663
0.03434424631657438,3.7295413725527085,61.823028539881705
0.10098229725815101,3.9069661740961554,70.96631804809722
0.15025669745329173,7.911761619670024,54.26232220366892
0.06954634663187778,3.8920051259820596,78.006154595373
0.030583628459927438,6.248221920596725,62.41464646921402
0.052573547253607085,6.126743582934491,54.795734017376326
0.1835247928953213,1.1411294750678778,50.738320299622934
0.05908940253669999,3.0510915825052964,69.24884205619456
0.03481750313858259,2.3818877068138367,60.355692815317
0.047659785203552074,7.364861964061841,77.84616177330693
0.051477528296557516,5.421964536012715,94.58186690317605
0.12698227578702154,4.34047991150872,53.40443119518328
0.09963584189303118,7.053691554434749,54.76944986595858
0.03771518804995183,5.519169533870995,68.60344855157435
0.03631523617366772,6.399555365862824,96.7835232477524
0.14525262546835074,0.08480896463876375,71.85614840002741
0.11138992708390594,3.522386718653435,81.2453521277426
0.01962473146024463,1.8693580485534953,65.51731824735224
0.026610217604823662,6.408459607432645,72.33802666918609
0.046620090464751615,2.0738556325102047,60.03573958357516
0.04298100753934106,1.9092398417288026,73.92123473873859
0.06505571587661856,6.963236146020942,75.98695237366812
0.10627459303435638,2.421596117942306,67.89787754305343
0.14307307929982155,6.829736304379461,61.37673929157884
0.01683664971431449,5.979704805888419,86.64588356124803
0.03525210078121316,0.28550381169594896,56.39012580567057
0.13324183286471264,5.185018844811022,90.64593258818863
0.04343257688997491,7.635521134537076,66.5486959714404
0.014526041562045552,7.075105213097288,99.07706709551269
0.060082346093482904,5.028500259432893,97.78915091045482
0.05625501990505011,6.971237381870771,68.62596855085947
0.08450068427356837,1.7146599881398545,84.63921792564007
0.03434424631657438,3.7295413725527085,61.823028539881705
0.14794172709179648,2.750226316667075,62.21597292592952
0.15025669745329173,7.911761619670024,54.26232220366892
0.028558506936481362,5.953244277455029,81.3358053447515
0.030317229925119385,6.230801649984711,62.173905351139354
0.052573547253607085,6.126743582934491,54.795734017376326
0.1732201679225437,1.4505333786694736,52.00088079364639
0.06569021238378951,3.110573386990147,70.76291256498095
0.03481750313858259,2.3818877068138367,60.355692815317
0.047659785203552074,7.364861964061841,77.84616177330693
0.051477528296557516,5.421964536012715,94.58186690317605
0.12698227578702154,4.34047991150872,53.40443119518328
0.09963584189303118,7.053691554434749,54.76944986595858
0.03771518804995183,5.519169533870995,68.60344855157435
0.03631523617366772,6.399555365862824,96.7835232477524
0.14525262546835074,0.08480896463876375,71.85614840002741
0.11138992708390594,3.522386718653435,81.2453521277426
0.01962473146024463,1.8693580485534953,65.51731824735224
0.026610217604823662,6.408459607432645,72.33802666918609
0.04327806615652141,2.5946468147171604,64.1011993816211
0.04298100753934106,1.9092398417288026,73.92123473873859
0.06505571587661856,6.963236146020942,75.98695237366812
0.06878809613362848,2.96534737300228,76.7994773929739
0.1665971780775679,7.986174000063641,58.42847431089044
0.01683664971431449,5.979704805888419,86.64588356124803
0.03525210078121316,0.28550381169594896,56.39012580567057
0.13324183286471264,5.185018844811022,90.64593258818863
0.04343257688997491,7.635521134537076,66.5486959714404
0.014526041562045552,7.075105213097288,99.07706709551269
0.05702636459324109,5.200967531689564,99.7666944264993
0.05625501990505011,6.971237381870771,68.62596855085947
0.08949681833956413,1.3438999920035812,88.32481828318451
0.03434424631657438,3.7295413725527085,61.823028539881705
0.13530719728017224,2.6505773214406636,63.93887023806272
0.15025669745329173,7.911761619670024,54.26232220366892
0.03287356121152333,7.925779940308935,88.97620671323114
0.02700579550980832,6.549338608504326,59.2959476404593
0.052573547253607085,6.126743582934491,54.795734017376326
0.16318942305873876,1.9133272267870378,54.643552884173424
0.08283256213309673,3.505189487437695,75.85824864572565
0.03890727597453124,0.7524493769205725,54.83749280743656
0.047659785203552074,7.364861964061841,77.84616177330693
0.039526898569592475,5.120740671749857,99.45985842281596
0.10739365383865503,3.931916654428104,55.90770969214783
0.09963584189303118,7.053691554434749,54.76944986595858
0.028712844786359472,4.8140923081503555,68.59251356761953
0.035859818348218914,6.3608039064010935,97.54374844134195
0.1294366499318697,0.8108364535696166,73.67768258319578
0.11668829159044686,3.9507864609135206,79.05556485525608
0.01962473146024463,1.8693580485534953,65.51731824735224
0.011775200166000949,6.863250336926642,75.35527934180352
0.04327806615652141,2.5946468147171604,64.1011993816211
0.04298100753934106,1.9092398417288026,73.92123473873859
0.06505571587661856,6.963236146020942,75.98695237366812
0.06704045229159086,2.8938282701474076,76.60456416081342
0.1665971780775679,7.986174000063641,58.42847431089044
0.01683664971431449,5.979704805888419,86.64588356124803
0.03525210078121316,0.28550381169594896,56.39012580567057
0.13324183286471264,5.185018844811022,90.64593258818863
0.04343257688997491,7.635521134537076,66.5486959714404
0.014526041562045552,7.075105213097288,99.07706709551269
0.05650116632741954,5.310160417803531,94.4624861875999
0.05625501990505011,6.971237381870771,68.62596855085947
0.08949681833956413,1.3438999920035812,88.32481828318451
0.03434424631657438,3.7295413725527085,61.823028539881705
0.13530719728017224,2.6505773214406636,63.93887023806272
0.14715837368873919,7.62408143657558,54.38125783510203
0.03287356121152333,7.925779940308935,88.97620671323114
0.02595603482971969,6.537919573818265,58.83545888486708
0.052573547253607085,6.126743582934491,54.795734017376326
0.16636330884416067,1.812274300150814,53.458973153709906
0.08283256213309673,3.505189487437695,75.85824864572565
0.03890727597453124,0.7524493769205725,54.83749280743656
0.047659785203552074,7.364861964061841,77.84616177330693
0.03899206061520915,4.977172060352321,95.57582296735211
0.10739365383865503,3.931916654428104,55.90770969214783
0.0971744345537525,6.533893684260732,57.85861607842973
0.028712844786359472,4.8140923081503555,68.59251356761953
0.034552357327910704,6.802936132626705,96.86057846409439
0.1294366499318697,0.8108364535696166,73.67768258319578
0.12243394876708255,2.905292749724823,87.23853524114757
0.01962473146024463,1.8693580485534953,65.51731824735224
0.011775200166000949,6.863250336926642,75.35527934180352
0.022075880681525627,2.106573483145646,57.79913098252353
0.07012848606714708,2.76172112446148,66.32921962201722
0.06505571587661856,6.963236146020942,75.98695237366812
0.06347335810888831,2.84891660079015,74.72761966902092
0.1590005893606855,7.348218568607699,65.7659123878805
0.01683664971431449,5.979704805888419,86.64588356124803
0.03525210078121316,0.28550381169594896,56.39012580567057
0.13324183286471264,5.185018844811022,90.64593258818863
0.04417334099251312,7.612490038706093,66.8720311512975
0.014526041562045552,7.075105213097288,99.07706709551269
0.05650116632741954,5.310160417803531,94.4624861875999
0.05406233572933903,6.965914035552824,68.95769771188822
0.08949681833956413,1.3438999920035812,88.32481828318451
0.03434424631657438,3.7295413725527085,61.823028539881705
0.14232243508973427,2.411344542015544,63.29054570138442
0.14715837368873919,7.62408143657558,54.38125783510203
0.03862449887773581,7.61756160623627,86.42421223255946
0.02595603482971969,6.537919573818265,58.83545888486708
0.052573547253607085,6.126743582934491,54.795734017376326
0.12569342310834336,3.7428265007744734,57.92339478930675
0.06805345290641435,2.5790020832363676,68.78560157314841
0.03890727597453124,0.7524493769205725,54.83749280743656
0.06185611527763199,7.9057614363622815,90.28098103246806
0.03899206061520915,4.977172060352321,95.57582296735211
0.11852897786565121,3.680110791086551,52.12799624711595
0.08812415308955579,6.589910141920077,59.41161932932783
0.0234034334396827,4.318820027950332,65.11811307717248
0.034552357327910704,6.802936132626705,96.86057846409439
0.09781049476608619,1.6697017227825217,70.01381448389422
0.12243394876708255,2.905292749724823,87.23853524114757
0.01962473146024463,1.8693580485534953,65.51731824735224
0.010592005908947884,7.069793144118635,72.715921200704
0.022075880681525627,2.106573483145646,57.79913098252353
0.07012848606714708,2.76172112446148,66.32921962201722
0.07021473353843738,6.646485286581217,73.68507716592993
0.06347335810888831,2.84891660079015,74.72761966902092
0.15968168716342765,6.836108948539806,64.62744320000941
0.01683664971431449,5.979704805888419,86.64588356124803
0.03525210078121316,0.28550381169594896,56.39012580567057
0.16472415566331144,6.056838036662972,99.94818377879626
0.04417334099251312,7.612490038706093,66.8720311512975
0.014526041562045552,7.075105213097288,99.07706709551269
0.05236936678639698,5.591171110160189,94.91392009308294
0.04915381073728382,7.286850041203856,67.92245128793883
0.08774296544240659,1.9126932264960779,85.0439526323329
0.029659802208408206,3.520456662918981,62.1186041082261
0.14973851055038248,3.332474967044283,57.31250167908591
0.12160697204445027,5.167917649950324,67.56764926764183
0.05217809459257294,7.922653112685007,79.30791938424827
0.02595603482971969,6.537919573818265,58.83545888486708
0.07499413061611394,6.028746289648567,53.37123502327917
0.1293088899436368,3.774475366911019,60.84798567064137
0.08403594153968072,2.813199422734401,69.86420326951765
0.04905651597501678,0.9935761720316594,61.115127333914664
0.06185611527763199,7.9057614363622815,90.28098103246806
0.03899206061520915,4.977172060352321,95.57582296735211
0.11852897786565121,3.680110791086551,52.12799624711595
0.08812415308955579,6.589910141920077,59.41161932932783
0.0234034334396827,4.318820027950332,65.11811307717248
0.034552357327910704,6.802936132626705,96.86057846409439
0.09781049476608619,1.6697017227825217,70.01381448389422
0.10193913454374641,4.130716242530617,81.83625895200635
0.01962473146024463,1.8693580485534953,65.51731824735224
0.010592005908947884,7.069793144118635,72.715921200704
0.031188484027128344,2.255236633997094,57.26333894606268
0.07012848606714708,2.76172112446148,66.32921962201722
0.0710773510639631,7.132417176443368,73.55167479965169
0.06873091036196852,1.2373406717008937,75.17607134286577
0.1427778454089873,5.984627101729592,63.25722105948461
0.021416261502554525,6.192514814419251,89.2864406426061
0.03525210078121316,0.28550381169594896,56.39012580567057
0.16472415566331144,6.056838036662972,99.94818377879626
0.04417334099251312,7.612490038706093,66.8720311512975
0.014526041562045552,7.075105213097288,99.07706709551269
0.05236936678639698,5.591171110160189,94.91392009308294
0.04915381073728382,7.286850041203856,67.92245128793883
0.09221783669700953,2.01900772532609,87.81180582016725
0.029659802208408206,3.520456662918981,62.1186041082261
0.1674416830733739,3.5315454376007196,56.196161163552254
0.11443819689620562,4.89136758418596,69.0272248876392
0.04689086154164872,7.93188126296959,73.31318801258838
0.021302500097086473,6.263425038987955,56.78255008271209
0.07499413061611394,6.028746289648567,53.37123502327917
0.10588038652896532,4.746848155907044,57.622912408029876
0.08403594153968072,2.813199422734401,69.86420326951765
0.04905651597501678,0.9935761720316594,61.115127333914664
0.06185611527763199,7.9057614363622815,90.28098103246806
0.03899206061520915,4.977172060352321,95.57582296735211
0.12134670928370461,3.8250821788218183,55.04484712309734
0.08159985356387844,5.811959723236058,59.038773413525846
0.019819188380158663,4.132328621995974,64.79246072095773
0.034552357327910704,6.802936132626705,96.86057846409439
0.08353436523664944,1.3538210325297313,66.90482251894589
0.11158242899129256,4.70278257059452,85.61481566662738
0.024952030722002014,1.9595636944231767,65.98560911531396
0.010592005908947884,7.069793144118635,72.715921200704
0.031188484027128344,2.255236633997094,57.26333894606268
0.08521772726987052,3.4311173325666484,65.69116682011483
0.08113885622227275,7.322844582433307,70.363757879345
0.05244978380416078,1.6787743935657562,67.40780776428491
0.1427778454089873,5.984627101729592,63.25722105948461
0.021416261502554525,6.192514814419251,89.2864406426061
0.03525210078121316,0.28550381169594896,56.39012580567057
0.16472415566331144,6.056838036662972,99.94818377879626
0.03001994554034014,7.941789475283024,69.27449321546283
0.014526041562045552,7.075105213097288,99.07706709551269
0.05236936678639698,5.591171110160189,94.91392009308294
0.05789082871055575,7.576407826872012,50.60685056228786
0.09094272745344037,2.098648444850899,91.86969439292463
0.029659802208408206,3.520456662918981,62.1186041082261
0.17753377806557327,3.4642134000063214,50.76062963286486
0.13182322347354558,3.7691832583588396,75.38001351324058
0.04689086154164872,7.93188126296959,73.31318801258838
0.021302500097086473,6.263425038987955,56.78255008271209
0.038554535779122295,6.940106351528668,54.29896790584883
0.10588038652896532,4.746848155907044,57.622912408029876
0.0991362577793892,1.9983001601079957,65.18066087130612
0.04905651597501678,0.9935761720316594,61.115127333914664
0.06185611527763199,7.9057614363622815,90.28098103246806
0.03481657085319202,5.284837591331776,92.21486867431997
0.18656560512468057,4.960681208006078,53.44002863078258
0.07918837670344349,5.764713175290101,61.10666389670021
0.019819188380158663,4.132328621995974,64.79246072095773
0.034552357327910704,6.802936132626705,96.86057846409439
0.06303478104601914,2.247772098268098,66.22519576978907
0.11841757149700238,4.574418300523044,82.00255705774029
0.024952030722002014,1.9595636944231767,65.98560911531396
0.010592005908947884,7.069793144118635,72.715921200704
0.031188484027128344,2.255236633997094,57.26333894606268
0.08521772726987052,3.4311173325666484,65.69116682011483
0.07425600850936422,7.921597416194718,72.98607471137768
0.09146581977837626,3.538631686821529,65.61501560964915
0.1427778454089873,5.984627101729592,63.25722105948461
0.021416261502554525,6.192514814419251,89.2864406426061
0.03525210078121316,0.28550381169594896,56.39012580567057
0.16472415566331144,6.056838036662972,99.94818377879626
0.0263363074848823,7.192843479369353,77.84254043601365
0.014526041562045552,7.075105213097288,99.07706709551269
0.04398630904245265,5.88787185026924,90.45966298812367
0.05789082871055575,7.576407826872012,50.60685056228786
0.09158997891091528,1.9480034838098295,94.82936069558714
0.0350704709545933,1.7446092582804917,65.5732621257568
0.17753377806557327,3.4642134000063214,50.76062963286486
0.18222580734450178,2.348629022705854,65.19739265900579
0.04689086154164872,7.93188126296959,73.31318801258838
0.021302500097086473,6.263425038987955,56.78255008271209
0.038554535779122295,6.940106351528668,54.29896790584883
0.11441607127799461,3.889956715188953,53.476266105981864
0.12750395671497355,0.2961738243484069,53.81603979178386
0.04722594126686726,1.3159781499572683,63.12761537473268
0.06185611527763199,7.9057614363622815,90.28098103246806
0.03481657085319202,5.284837591331776,92.21486867431997
0.18656560512468057,4.960681208006078,53.44002863078258
0.07829736772528391,5.926266242996032,60.779479984836655
0.019819188380158663,4.132328621995974,64.79246072095773
0.034552357327910704,6.802936132626705,96.86057846409439
0.0693334662838439,2.38610000701892,65.57329577541759
0.10497798308948053,5.019201601041281,84.39233094817067
0.024952030722002014,1.9595636944231767,65.98560911531396
0.010592005908947884,7.069793144118635,72.715921200704
0.031188484027128344,2.255236633997094,57.26333894606268
0.07799683457677666,3.6966968554033053,69.49117496535357
0.07425600850936422,7.921597416194718,72.98607471137768
0.09146581977837626,3.538631686821529,65.61501560964915
0.12053653911930692,6.167214816232307,64.84872169025407
0.027210731091357906,5.097695209567712,83.41358523030841
0.03525210078121316,0.28550381169594896,56.39012580567057
0.16472415566331144,6.056838036662972,99.94818377879626
0.0295137162847608,4.731207019846743,70.19733279608937
0.014526041562045552,7.075105213097288,99.07706709551269
0.03664613410573882,5.394708664309025,94.6968770002294
0.04168512450381407,7.402829559820207,58.18194520164006
0.09158997891091528,1.9480034838098295,94.82936069558714
0.0350704709545933,1.7446092582804917,65.5732621257568
0.11873173578278146,5.475099267938754,60.911478425242976
0.23867921233323972,0.594358203820752,60.61811278934999
0.04689086154164872,7.93188126296959,73.31318801258838
0.021302500097086473,6.263425038987955,56.78255008271209
0.038554535779122295,6.940106351528668,54.29896790584883
0.11441607127799461,3.889956715188953,53.476266105981864
0.0803034774640489,0.169576898279169,50.928157019674046
0.04722594126686726,1.3159781499572683,63.12761537473268
0.06185611527763199,7.9057614363622815,90.28098103246806
0.03481657085319202,5.284837591331776,92.21486867431997
0.2575637206111694,4.401013900860187,52.00405945895482
0.10065852113268425,4.498286165378113,51.85559121053679
0.019819188380158663,4.132328621995974,64.79246072095773
0.034552357327910704,6.802936132626705,96.86057846409439
0.06969564185219279,2.382268053036926,65.56269824783796
0.09286447344509259,5.0857695119068556,86.21906650178276
0.024952030722002014,1.9595636944231767,65.98560911531396
0.010592005908947884,7.069793144118635,72.715921200704
0.0267349630791105,2.99052127690614,60.21260709651399
0.06834224331517512,3.5636967059720552,67.74366209371068
0.07311769560123432,7.903467108551445,72.46868833305005
0.09143627425958999,3.917145409437075,58.663026143275886
0.10887081911310474,5.48972137542783,66.12182785381572
0.02999490868261363,5.74437666851138,88.51311168738577
0.03525210078121316,0.28550381169594896,56.39012580567057
0.16472415566331144,6.056838036662972,99.94818377879626
0.040480953582734555,5.807691531986074,77.00765432065985
0.032089021620468054,5.231286669201618,86.22101188599399
0.03664613410573882,5.394708664309025,94.6968770002294
0.038971380906960375,7.699453996692972,56.18911924674089
0.09158997891091528,1.9480034838098295,94.82936069558714
0.028291801775746805,1.4600106960735113,66.99101357264495
0.12295069846741921,7.024723264999932,68.18008869198819
0.23867921233323972,0.594358203820752,60.61811278934999
0.04689086154164872,7.93188126296959,73.31318801258838
0.021302500097086473,6.263425038987955,56.78255008271209
0.03819359774543633,6.282602094849118,52.662322872023545
0.13609889484829318,3.3372607519481186,52.70635070877878
0.0803034774640489,0.169576898279169,50.928157019674046
0.045819807454975506,0.6826215620427778,60.51785382781543
0.06185611527763199,7.9057614363622815,90.28098103246806
0.03481657085319202,5.284837591331776,92.21486867431997
0.22382605040567444,4.966455691171122,55.41655575621989
0.10065852113268425,4.498286165378113,51.85559121053679
0.02260181107265738,4.143705988855447,64.6645747976189
0.04121952552848143,5.964274122388174,90.92293676247944
0.07822901779116737,1.325732910315022,69.05719379430647
0.08741259970940245,5.160904357958208,85.26037842066802
0.011621261919818646,2.3906617332795013,69.61202584787694
0.010592005908947884,7.069793144118635,72.715921200704
0.0267349630791105,2.99052127690614,60.21260709651399
0.06867697559718906,3.2714972553172146,67.2042503940885
0.07311769560123432,7.903467108551445,72.46868833305005
0.07843200563780087,4.854651496575821,58.04982848343112
0.10887081911310474,5.48972137542783,66.12182785381572
0.023904563460992054,4.9558648713202835,93.99210321240722
0.035362384084957774,0.29499484463426695,56.45218046637123
0.16472415566331144,6.056838036662972,99.94818377879626
0.034035870672573784,5.969542698483622,80.22718981970318
0.029033113691609887,4.9859615269627025,84.64731456811248
0.03499280517270215,4.90904299319942,90.63763719871429
0.038971380906960375,7.699453996692972,56.18911924674089
0.09158997891091528,1.9480034838098295,94.82936069558714
0.028291801775746805,1.4600106960735113,66.99101357264495
0.12315864242159989,7.035629022115584,68.08014685185438
0.20005383779733799,1.0310423623800444,60.544212179555906
0.050920115520809356,7.069962025817952,72.18336462393661
0.021302500097086473,6.263425038987955,56.78255008271209
0.03819359774543633,6.282602094849118,52.662322872023545
0.13609889484829318,3.3372607519481186,52.70635070877878
0.0733390640443076,0.11947599150836918,50.36890873504206
0.05459258809183606,1.8049103210185216,59.853947493408995
0.06185611527763199,7.9057614363622815,90.28098103246806
0.041485855684023895,5.373535591443899,90.28678644248969
0.22382605040567444,4.966455691171122,55.41655575621989
0.10065852113268425,4.498286165378113,51.85559121053679
0.02260181107265738,4.143705988855447,64.6645747976189
0.04121952552848143,5.964274122388174,90.92293676247944
0.07822901779116737,1.325732910315022,69.05719379430647
0.02699092757352603,4.460701001263875,73.78134726168483
0.011621261919818646,2.3906617332795013,69.61202584787694
0.010592005908947884,7.069793144118635,72.715921200704
0.0267349630791105,2.99052127690614,60.21260709651399
0.11256846161753636,3.94910125866662,65.3520109625098
0.0754996403259996,6.536947237908142,66.00596280149281
0.07843200563780087,4.854651496575821,58.04982848343112
0.12126317185031514,6.434532171699411,67.22326018668467
0.02377919029551831,5.018866010931973,92.19926468032347
0.035362384084957774,0.29499484463426695,56.45218046637123
0.16472415566331144,6.056838036662972,99.94818377879626
0.02970193811283986,5.917700210432569,80.81788582241612
0.02619742819444037,5.297428098500375,86.84121352554699
0.03499280517270215,4.90904299319942,90.63763719871429
0.04312214261354842,7.400216532490749,56.38484246955931
0.09158997891091528,1.9480034838098295,94.82936069558714
0.031402917546121886,2.057474927805613,69.14978810118427
0.12315864242159989,7.035629022115584,68.08014685185438
0.20005383779733799,1.0310423623800444,60.544212179555906
0.0401013352628398,6.2431212829971265,54.279730802549956
0.021302500097086473,6.263425038987955,56.78255008271209
0.03819359774543633,6.282602094849118,52.662322872023545
0.13609889484829318,3.3372607519481186,52.70635070877878
0.0733390640443076,0.11947599150836918,50.36890873504206
0.05459258809183606,1.8049103210185216,59.853947493408995
0.05907793611004638,5.572286660314866,78.64314330606054
0.03031951873893389,4.982804550792619,97.69153291208872
0.15165837664090323,3.6182508400372653,57.308830693324744
0.10065852113268425,4.498286165378113,51.85559121053679
0.02260181107265738,4.143705988855447,64.6645747976189
0.03262549773325006,5.49840787158725,91.55186948970419
0.07481640223241062,1.3339879239390973,69.29566353724093
0.02699092757352603,4.460701001263875,73.78134726168483
0.011621261919818646,2.3906617332795013,69.61202584787694
0.019377502072778746,4.953802108788027,71.21044901323978
0.027753168229931534,3.2830529565834246,59.5416948533537
0.11256846161753636,3.94910125866662,65.3520109625098
0.07893057674919216,6.683796503382746,65.45602345585561
0.10321723639418612,3.9568444997746086,60.487634555713974
0.1268259772112013,6.511664691919544,66.20168993321661
0.02377919029551831,5.018866010931973,92.19926468032347
0.035362384084957774,0.29499484463426695,56.45218046637123
0.1270187626197049,5.723240466887967,97.24214690393764
0.027113612849158364,5.6760519694612945,78.40931151231099
0.028662341693170387,5.3096987121288075,87.39673430749903
0.03499280517270215,4.90904299319942,90.63763719871429
0.04312214261354842,7.400216532490749,56.38484246955931
0.09158997891091528,1.9480034838098295,94.82936069558714
0.031402917546121886,2.057474927805613,69.14978810118427
0.122371332929858,6.975182650381358,67.9758735208675
0.20005383779733799,1.0310423623800444,60.544212179555906
0.0401013352628398,6.2431212829971265,54.279730802549956
0.021302500097086473,6.263425038987955,56.78255008271209
0.03819359774543633,6.282602094849118,52.662322872023545
0.10075352133883389,4.400575944877046,52.690455957616415
0.0733390640443076,0.11947599150836918,50.36890873504206
0.05459258809183606,1.8049103210185216,59.853947493408995
0.05907793611004638,5.572286660314866,78.64314330606054
0.027818800909424506,4.976176254927879,91.63947498976654
0.12316916664581645,4.235662667659723,54.935453875460205
0.08034661639842161,5.163703459814303,51.36799629918715
0.02969301145494392,3.762121581633089,65.29351735010073
0.03262549773325006,5.49840787158725,91.55186948970419
0.07481640223241062,1.3339879239390973,69.29566353724093
0.02715630178258955,4.668662503557494,76.6409339567371
0.011621261919818646,2.3906617332795013,69.61202584787694
0.019377502072778746,4.953802108788027,71.21044901323978
0.02625366609089065,3.5335793758284098,61.03290759592737
0.11256846161753636,3.94910125866662,65.3520109625098
0.07893057674919216,6.683796503382746,65.45602345585561
0.09667097218752885,3.116082627888585,58.27063641134412
0.13033153038728795,7.141732554959778,66.41060394736216
0.01911113458716752,4.740844065585421,96.79025060227757
0.035362384084957774,0.29499484463426695,56.45218046637123
0.1270187626197049,5.723240466887967,97.24214690393764
0.027113612849158364,5.6760519694612945,78.40931151231099
0.028662341693170387,5.3096987121288075,87.39673430749903
0.03499280517270215,4.90904299319942,90.63763719871429
0.05675943161495563,7.359796334690844,57.952611837310144
0.11453795196638679,0.5662464904555771,96.10490452095426
0.03258302055628759,1.773246542326648,68.94756705105605
0.122371332929858,6.975182650381358,67.9758735208675
0.20005383779733799,1.0310423623800444,60.544212179555906
0.0401013352628398,6.2431212829971265,54.279730802549956
0.021302500097086473,6.263425038987955,56.78255008271209
0.03978226116419783,6.374776736492696,53.11500862871485
0.10075352133883389,4.400575944877046,52.690455957616415
0.0733390640443076,0.11947599150836918,50.36890873504206
0.06371090303657978,1.2486947784349627,59.47460598134685
0.05104609156679629,5.856217351959618,68.33133123039697
0.027818800909424506,4.976176254927879,91.63947498976654
0.12316916664581645,4.235662667659723,54.935453875460205
0.08034661639842161,5.163703459814303,51.36799629918715
0.02492386860293303,6.678709319619429,72.73095379201541
0.03262549773325006,5.49840787158725,91.55186948970419
0.06895252739861324,1.9621536033679625,69.69941356968786
0.022239115180638397,3.9226638515592596,63.234968420540085
0.011621261919818646,2.3906617332795013,69.61202584787694
0.019667574571291185,4.959509318097952,71.33384641425482
0.02625366609089065,3.5335793758284098,61.03290759592737
0.09747364011700935,4.422699148594573,62.776563201655364
0.07893057674919216,6.683796503382746,65.45602345585561
0.09527908101474895,2.949618763417302,57.93404220239308
0.21763839238633786,7.845052330303792,74.12043286029498
0.01911113458716752,4.740844065585421,96.79025060227757
0.035362384084957774,0.29499484463426695,56.45218046637123
0.1270187626197049,5.723240466887967,97.24214690393764
0.030664128588612307,5.175867765681197,76.01180172824566
0.024934585654284164,5.166810329931127,80.89812741500162
0.03488245923465183,4.915844848048725,90.26479771685267
0.05675943161495563,7.359796334690844,57.952611837310144
0.12026193956288247,0.2751644980053065,96.3996498331259
0.03258302055628759,1.773246542326648,68.94756705105605
0.14278716885232556,7.295470552657481,67.87412880698436
0.20005383779733799,1.0310423623800444,60.544212179555906
0.030731634698398118,6.136784030371837,51.58283249669843
0.021302500097086473,6.263425038987955,56.78255008271209
0.051315686746987436,6.001333611807938,53.03469953515071
0.10075352133883389,4.400575944877046,52.690455957616415
0.0733390640443076,0.11947599150836918,50.36890873504206
0.07932266498586057,0.2963801571561473,58.82512310872373
0.050865168334031485,5.758830956402098,78.59678202500822
0.027818800909424506,4.976176254927879,91.63947498976654
0.12316916664581645,4.235662667659723,54.935453875460205
0.08034661639842161,5.163703459814303,51.36799629918715
0.02492386860293303,6.678709319619429,72.73095379201541
0.03272841301015102,5.500464469780528,91.51495210352985
0.07070017844333573,2.789147322990992,68.95618561951002
0.04253940458590714,4.3562303048224145,59.08915310618279
0.011621261919818646,2.3906617332795013,69.61202584787694
0.021564727632563646,4.548763833148899,68.36661500621652
0.02591652007328502,3.51654892402085,61.0731470413551
0.11134404280991256,3.3063931897068164,64.63872615218881
0.08575145227614311,6.85236478067167,68.5240894281011
0.0156156426027943,4.408370829812549,55.9494504781487
0.21763839238633786,7.845052330303792,74.12043286029498
0.019192887880193882,4.740512154367833,96.7547651244439
0.035362384084957774,0.29499484463426695,56.45218046637123
0.07648498436454669,4.263869217765306,85.14262653181639
0.027298783728287895,5.213806557276653,76.67849036181988
0.024934585654284164,5.166810329931127,80.89812741500162
0.03697640394071912,4.375359439533156,89.07068912287922
0.057849539392253825,7.611692340352793,57.45685230706123
0.12026193956288247,0.2751644980053065,96.3996498331259
0.030306272215039495,1.2471482747963716,69.98298732018728
0.1075905831199177,6.996465922906207,64.66067228216863
0.244739880750346,0.11452872837784245,51.59752509763622
0.030731634698398118,6.136784030371837,51.58283249669843
0.021302500097086473,6.263425038987955,56.78255008271209
0.04140889707490458,6.244775275293319,52.772633265093106
0.10016269263110261,4.525517469403639,51.36668658601211
0.0733390640443076,0.11947599150836918,50.36890873504206
0.07932266498586057,0.2963801571561473,58.82512310872373
0.05592687197939183,5.656652833660184,73.92184056127469
0.02608991216652829,4.824447915166328,93.60739035064215
0.15627713543229696,4.122053082349475,53.09500586189713
0.059814752153037914,4.507168497202928,54.69183473970611
0.014490825056881804,6.963901280259755,76.75241924907925
0.031606000911565575,5.404222895349489,96.52444777993837
0.07070017844333573,2.789147322990992,68.95618561951002
0.04253940458590714,4.3562303048224145,59.08915310618279
0.011621261919818646,2.3906617332795013,69.61202584787694
0.021690804215193666,4.515486633130148,68.12546668144603
0.025838484176066632,3.4207299955968082,60.19214509718482
0.09889374795847683,3.323041545304347,63.99126830149308
0.08575145227614311,6.85236478067167,68.5240894281011
0.018328871756002757,4.595420842588881,60.763449960502925
0.13356445186593857,7.480382243702425,75.2096975264196
0.019192887880193882,4.740512154367833,96.7547651244439
0.02857306535368123,2.737246577462837,53.798746032145516
0.07648498436454669,4.263869217765306,85.14262653181639
0.027298783728287895,5.213806557276653,76.67849036181988
0.024934585654284164,5.166810329931127,80.89812741500162
0.059242750782971684,4.339271296194261,80.25246629642876
0.057849539392253825,7.611692340352793,57.45685230706123
0.12026193956288247,0.2751644980053065,96.3996498331259
0.030306272215039495,1.2471482747963716,69.98298732018728
0.18591709902479608,7.023863147703043,54.48766613450255
0.244739880750346,0.11452872837784245,51.59752509763622
0.019410200223628188,6.033309721244414,50.217670696818395
0.0341432737982052,5.980442242504578,55.90068718937365
0.04140889707490458,6.244775275293319,52.772633265093106
0.10016269263110261,4.525517469403639,51.36668658601211
0.0720315789444625,0.5108775858817207,53.14071903164251
0.07932266498586057,0.2963801571561473,58.82512310872373
0.05503057477611957,6.012747087285633,72.21064347673223
0.02608991216652829,4.824447915166328,93.60739035064215
0.1610647138227825,4.105624566329928,52.82886784553701
0.059814752153037914,4.507168497202928,54.69183473970611
0.014490825056881804,6.963901280259755,76.75241924907925
0.031606000911565575,5.404222895349489,96.52444777993837
0.0677142115154678,2.978013880670584,67.86527882292617
0.03902366660266503,4.518105697792976,63.444474206096956
0.011621261919818646,2.3906617332795013,69.61202584787694
0.030979990329529597,6.475644639929877,66.75411092744207
0.013361309917763964,1.7871891100385362,61.258299416664826
0.07795834650744993,4.606807885517035,67.91428404535743
0.08575145227614311,6.85236478067167,68.5240894281011
0.02208118106224825,3.914796787491131,58.212373283121266
0.13356445186593857,7.480382243702425,75.2096975264196
0.019192887880193882,4.740512154367833,96.7547651244439
0.02857306535368123,2.737246577462837,53.798746032145516
0.07648498436454669,4.263869217765306,85.14262653181639
0.0341146759860474,5.683694156850912,88.77171948028037
0.024934585654284164,5.166810329931127,80.89812741500162
0.049311637588013366,3.397776071681418,84.64633818421235
0.057849539392253825,7.611692340352793,57.45685230706123
0.12026193956288247,0.2751644980053065,96.3996498331259
0.030004791027330252,0.28288565802867893,63.82650939957911
0.17145057872333444,7.150012313575023,60.21375075652867
0.244739880750346,0.11452872837784245,51.59752509763622
0.019410200223628188,6.033309721244414,50.217670696818395
0.0341432737982052,5.980442242504578,55.90068718937365
0.04140889707490458,6.244775275293319,52.772633265093106
0.10239952584371681,4.462465448035066,50.869176360501356
0.0720315789444625,0.5108775858817207,53.14071903164251
0.07445091267443188,0.7107796273706679,62.00832483807349
0.012261141456651525,7.891681925414149,72.10557851017695
0.02608991216652829,4.824447915166328,93.60739035064215
0.18350919604672775,4.1364413876102,51.95948433155942
0.06519829983876978,2.7461365161113918,54.00830983401541
0.014490825056881804,6.963901280259755,76.75241924907925
0.032160567719967836,5.375617092239774,98.63010711559646
0.0630239649259557,2.290391625118972,58.62606780220666
0.03902366660266503,4.518105697792976,63.444474206096956
0.011621261919818646,2.3906617332795013,69.61202584787694
0.030979990329529597,6.475644639929877,66.75411092744207
0.013361309917763964,1.7871891100385362,61.258299416664826
0.09168757987750357,3.7649263616002737,65.34160834157882
0.06317343034879289,6.887703699674603,71.13113090911264
0.03009806278767638,4.200271794463918,60.688110044114104
0.13101855426580764,7.2338452513795195,73.22129317795229
0.019192887880193882,4.740512154367833,96.7547651244439
0.01780131964546454,2.5618526068726775,51.82872727369901
0.07648498436454669,4.263869217765306,85.14262653181639
0.027727457869063363,5.164856330973414,97.19876974455246
0.026634577069521076,5.131108699778756,80.5019511957394
0.049311637588013366,3.397776071681418,84.64633818421235
0.056937607761851874,7.371669678300955,57.66546226472199
0.12026193956288247,0.2751644980053065,96.3996498331259
0.030004791027330252,0.28288565802867893,63.82650939957911
0.17408990341894984,7.252737884251109,60.57092656985693
0.14073195031726676,2.2477381151770595,72.42117262000413
0.024966813761621492,5.716054035712292,52.76215244955152
0.026261824433156403,4.390173275216696,57.93253315589956
0.03538183846446792,5.807400997954959,50.8736110123059
0.10239952584371681,4.462465448035066,50.869176360501356
0.0720315789444625,0.5108775858817207,53.14071903164251
0.08364406151916186,0.8525837797601362,53.49631463373279
0.013882384914253336,7.465768321907168,76.11243762279226
0.011746562576529451,5.363536386433344,95.38502778677304
0.1905703838947433,3.955954162938852,51.64115869001016
0.05143169684095737,2.1109956469284636,55.16997058899335
0.011718995024404214,7.21305339845445,73.32049421056306
0.032160567719967836,5.375617092239774,98.63010711559646
0.0630239649259557,2.290391625118972,58.62606780220666
0.03902366660266503,4.518105697792976,63.444474206096956
0.011621261919818646,2.3906617332795013,69.61202584787694
0.030979990329529597,6.475644639929877,66.75411092744207
0.013361309917763964,1.7871891100385362,61.258299416664826
0.06735453748952169,4.476502009818602,60.75388473980222
0.06317343034879289,6.887703699674603,71.13113090911264
0.03009806278767638,4.200271794463918,60.688110044114104
0.21529301642320725,7.429072457240219,70.6675340643541
0.019067883322927113,4.677205302946044,95.99386987294889
0.01780131964546454,2.5618526068726775,51.82872727369901
0.021969073234365602,5.9746305336596555,95.93724757918882
0.022902804898454088,5.096031955291142,98.40616028599824
0.020735538959428257,6.021419475962253,78.68055103660097
0.03630175135865572,0.1223295134737441,97.33093909043353
0.056937607761851874,7.371669678300955,57.66546226472199
0.10831712514331301,1.7339743641967154,83.41659278699916
0.030004791027330252,0.28288565802867893,63.82650939957911
0.1548704035870398,6.258146691652507,65.6984287817385
0.13034228101805856,2.8480206408020594,66.57969202102679
0.024966813761621492,5.716054035712292,52.76215244955152
0.026261824433156403,4.390173275216696,57.93253315589956
0.03538183846446792,5.807400997954959,50.8736110123059
0.067648557283536,5.125856551974516,62.70391825663192
0.0612611939309337,0.1939507577117907,52.81091000768977
0.08364406151916186,0.8525837797601362,53.49631463373279
0.013161744593993845,5.8482860149378055,74.04069767993049
0.011746562576529451,5.363536386433344,95.38502778677304
0.1905703838947433,3.955954162938852,51.64115869001016
0.05143169684095737,2.1109956469284636,55.16997058899335
0.011718995024404214,7.21305339845445,73.32049421056306
0.032160567719967836,5.375617092239774,98.63010711559646
0.11163629306180538,2.782951794885169,56.0495058574115
0.03902366660266503,4.518105697792976,63.444474206096956
0.011621261919818646,2.3906617332795013,69.61202584787694
0.030979990329529597,6.475644639929877,66.75411092744207
0.013361309917763964,1.7871891100385362,61.258299416664826
0.06735453748952169,4.476502009818602,60.75388473980222
0.04103795782810507,4.621140871927013,66.74384949423983
0.03009806278767638,4.200271794463918,60.688110044114104
0.21529301642320725,7.429072457240219,70.6675340643541
0.018702589091600615,4.382759811729186,99.78629281543566
0.01780131964546454,2.5618526068726775,51.82872727369901
0.021969073234365602,5.9746305336596555,95.93724757918882
0.022938910567624208,5.102198935063926,98.26467307706287
0.0208222586403566,6.018130129058891,79.89372788012766
0.03630175135865572,0.1223295134737441,97.33093909043353
0.04175028194667176,5.702334052415736,61.66923507865546
0.08327182753416802,1.1880771966006556,76.60597112382068
0.03085740522352876,0.04563181115975645,62.35280449658602
0.12553715749746203,6.07479621662341,71.78270033306828
0.13076781193446738,2.56226466347094,66.11892532364315
0.024966813761621492,5.716054035712292,52.76215244955152
0.026261824433156403,4.390173275216696,57.93253315589956
0.03538183846446792,5.807400997954959,50.8736110123059
0.067648557283536,5.125856551974516,62.70391825663192
0.0612611939309337,0.1939507577117907,52.81091000768977
0.08364406151916186,0.8525837797601362,53.49631463373279
0.013161744593993845,5.8482860149378055,74.04069767993049
0.011746562576529451,5.363536386433344,95.38502778677304
0.1905703838947433,3.955954162938852,51.64115869001016
0.04882246652784062,2.4440502316414343,57.27748973244835
0.01167775668055103,7.229766371604348,73.16421283270586
0.0278995690893792,5.373095496377715,97.9527643560982
0.07675820610632156,1.551147456678308,75.16181988225603
0.03902366660266503,4.518105697792976,63.444474206096956
0.011621261919818646,2.3906617332795013,69.61202584787694
0.030979990329529597,6.475644639929877,66.75411092744207
0.011325389241104683,1.4936527849284302,61.32765936612517
0.06559275889863614,3.2382808201241415,58.45731920128802
0.04103795782810507,4.621140871927013,66.74384949423983
0.03009806278767638,4.200271794463918,60.688110044114104
0.21001144504038263,6.687099604178261,66.60287146904523
0.018702589091600615,4.382759811729186,99.78629281543566
0.01780131964546454,2.5618526068726775,51.82872727369901
0.021969073234365602,5.9746305336596555,95.93724757918882
0.022938910567624208,5.102198935063926,98.26467307706287
0.0208222586403566,6.018130129058891,79.89372788012766
0.03630175135865572,0.1223295134737441,97.33093909043353
0.04230159835681404,5.497822230648032,61.299128931348356
0.08327182753416802,1.1880771966006556,76.60597112382068
0.03085740522352876,0.04563181115975645,62.35280449658602
0.07307283698277015,7.784131809869663,88.03150659659377
0.12625821574665275,2.3275285819094576,66.0913849193624
0.024966813761621492,5.716054035712292,52.76215244955152
0.026261824433156403,4.390173275216696,57.93253315589956
0.03538183846446792,5.807400997954959,50.8736110123059
0.067648557283536,5.125856551974516,62.70391825663192
0.057987459336727984,0.5400887487114887,53.17022594365157
0.08063236144242442,1.274656200009486,54.34587238151108
0.013161744593993845,5.8482860149378055,74.04069767993049
0.011746562576529451,5.363536386433344,95.38502778677304
0.1306319738458405,2.488455989062717,55.66111388710693
0.04882246652784062,2.4440502316414343,57.27748973244835
0.01167775668055103,7.229766371604348,73.16421283270586
0.030956473166220473,5.198138490401203,90.6913976107374
0.10960849147263578,2.6286149001118573,84.32897606663778
0.062270471667127035,2.2129182944627335,55.181707679992954
0.011621261919818646,2.3906617332795013,69.61202584787694
0.027883574761263505,6.897471714974033,67.89928249546774
0.013239898344248227,1.5422346829502958,61.20712162735561
0.0686839146416767,2.949162203567242,57.71635924768283
0.04103795782810507,4.621140871927013,66.74384949423983
0.04297468196847466,6.056805557054311,60.24942809258258
0.1793167682263038,5.3472356116035495,63.75689442678096
0.018702589091600615,4.382759811729186,99.78629281543566
0.01780131964546454,2.5618526068726775,51.82872727369901
0.021133835466979837,6.137983920411357,89.19129349982548
0.022938910567624208,5.102198935063926,98.26467307706287
0.019846597200653435,6.389738257405662,78.7946728333338
0.03630175135865572,0.1223295134737441,97.33093909043353
0.05959143823070224,7.732810000965523,61.283204237433075
0.0569351442502366,0.508695278484538,82.73364311320452
0.03085740522352876,0.04563181115975645,62.35280449658602
0.073601025137602,7.817174962499585,87.91731291375825
0.11428078233611955,2.728212521389513,64.51523935130847
0.024966813761621492,5.716054035712292,52.76215244955152
0.02472166088599397,4.057342916205064,56.82138676988285
0.03538183846446792,5.807400997954959,50.8736110123059
0.067648557283536,5.125856551974516,62.70391825663192
0.05830447927161458,1.9617009853894407,54.77372325904219
0.08063236144242442,1.274656200009486,54.34587238151108
0.016187935325632813,5.869451990560815,72.64080166570913
0.011746562576529451,5.363536386433344,95.38502778677304
0.20098053047948788,2.6024185533465167,54.22774335201755
0.05010782324666453,2.3580092659430596,57.3018148531983
0.012450090709839347,7.1503447821440105,73.69655225692773
0.030956473166220473,5.198138490401203,90.6913976107374
0.13321566729873724,1.4140678074863793,92.85993245449173
0.05129321883278115,2.1081355693422825,53.21481033918895
0.011621261919818646,2.3906617332795013,69.61202584787694
0.02853117131153462,7.076941549635848,67.83107776362337
0.013239898344248227,1.5422346829502958,61.20712162735561
0.07621644099387265,2.5558467677931516,55.50168519374242
0.047642701207425434,4.445592125529199,55.24120253867602
0.04297468196847466,6.056805557054311,60.24942809258258
0.1793167682263038,5.3472356116035495,63.75689442678096
0.018702589091600615,4.382759811729186,99.78629281543566
0.025409576280937367,2.513847026622665,53.11765211085479
0.02019081041324683,6.060184602561978,89.81350259898765
0.022938910567624208,5.102198935063926,98.26467307706287
0.020585235200864936,6.362050471843476,77.46713907205884
0.03630175135865572,0.1223295134737441,97.33093909043353
0.05959143823070224,7.732810000965523,61.283204237433075
0.0569351442502366,0.508695278484538,82.73364311320452
0.04824274729445255,0.6664764229846236,62.517230526989515
0.073601025137602,7.817174962499585,87.91731291375825
0.11363856223143737,2.703249399593309,64.38581022348163
0.022515839825128562,5.7435081005763395,57.18001388056807
0.024510493565025885,3.889961682767444,56.211101800914776
0.03538183846446792,5.807400997954959,50.8736110123059
0.033604690463244685,6.919179152112973,61.45890629826374
0.057169819353161316,2.1566426576174207,55.271338667355174
0.08063236144242442,1.274656200009486,54.34587238151108
0.016187935325632813,5.869451990560815,72.64080166570913
0.01750884434117041,4.13360038159393,95.84166810504473
0.16047514458745196,4.2606580018259566,64.94068349079649
0.05010782324666453,2.3580092659430596,57.3018148531983
0.012450090709839347,7.1503447821440105,73.69655225692773
0.030956473166220473,5.198138490401203,90.6913976107374
0.12530202358054343,1.5725898170391017,87.67319786310433
0.05129321883278115,2.1081355693422825,53.21481033918895
0.011621261919818646,2.3906617332795013,69.61202584787694
0.0259729465374604,6.150986970583796,66.72289215171035
0.013239898344248227,1.5422346829502958,61.20712162735561
0.07621644099387265,2.5558467677931516,55.50168519374242
0.04668112066442149,5.061300081281727,55.77497322861533
0.039587624387236744,5.895428810862486,66.67592503903084
0.1793167682263038,5.3472356116035495,63.75689442678096
0.018702589091600615,4.382759811729186,99.78629281543566
0.025409576280937367,2.513847026622665,53.11765211085479
0.02019081041324683,6.060184602561978,89.81350259898765
0.02658273354009119,5.7521728972668145,99.89062031439653
0.020311385780250345,6.392783217811611,77.11795650089695
0.03630175135865572,0.1223295134737441,97.33093909043353
0.05959143823070224,7.732810000965523,61.283204237433075
0.0569351442502366,0.508695278484538,82.73364311320452
0.05667844317163144,0.9677219383719127,62.597013138175264
0.073601025137602,7.817174962499585,87.91731291375825
0.10610432796156322,2.96858370509086,63.41689531782339
0.022515839825128562,5.7435081005763395,57.18001388056807
0.024510493565025885,3.889961682767444,56.211101800914776
0.03538183846446792,5.807400997954959,50.8736110123059
0.04143963145663214,6.036847128185931,61.95316242707171
0.05198933544002705,2.7520357847412553,58.341899222219176
0.09923560362785358,1.2007929355891607,52.45187006215538
0.01223066164662465,5.882245259236776,77.12861896975608
0.030440142977551217,2.90688359760164,81.71158367899935
0.14386726064258573,4.832257713247413,64.33857445689746
0.05200527992050609,0.8611249943173123,58.14726781006614
0.01911551114570336,7.077508796947447,69.84069790796435
0.030956473166220473,5.198138490401203,90.6913976107374
0.12442607525972679,1.7185275053966402,85.37418087093884
0.05129321883278115,2.1081355693422825,53.21481033918895
0.011621261919818646,2.3906617332795013,69.61202584787694
0.05453553563323135,6.001276212439893,66.17043054391209
0.01339815867175313,0.8616693638381854,58.71044132459818
0.06718657224225016,3.137354918547457,63.577371631976725
0.04668112066442149,5.061300081281727,55.77497322861533
0.040117022882937586,6.82555302959684,61.73698851186104
0.1793167682263038,5.3472356116035495,63.75689442678096
0.018702589091600615,4.382759811729186,99.78629281543566
0.02525487127271179,2.5533880731157375,53.39951271383184
0.02019081041324683,6.060184602561978,89.81350259898765
0.029581119636918726,5.778893220846536,96.2735894402353
0.020311385780250345,6.392783217811611,77.11795650089695
0.03630175135865572,0.1223295134737441,97.33093909043353
0.05573120870555447,7.709563911158168,53.944388798291996
0.0569351442502366,0.508695278484538,82.73364311320452
0.05667844317163144,0.9677219383719127,62.597013138175264
0.073601025137602,7.817174962499585,87.91731291375825
0.11656901992425373,3.0275550652499525,64.75252626488083
0.022515839825128562,5.7435081005763395,57.18001388056807
0.03227717519258136,3.0343809207673473,56.75802676249667
0.03538183846446792,5.807400997954959,50.8736110123059
0.04176460750864234,6.0359644326797905,62.05781431856372
0.05295208238994169,2.574914359144985,58.774840544187136
0.08076576834264931,1.7491478506027858,54.97510555057095
0.01223066164662465,5.882245259236776,77.12861896975608
0.03701186118170861,2.1929017225328358,73.19279055413064
0.22126668810424618,6.319313208402551,71.47675892800531
0.05200527992050609,0.8611249943173123,58.14726781006614
0.02205139788835734,6.624104312075312,68.32375570149308
0.030956473166220473,5.198138490401203,90.6913976107374
0.12442607525972679,1.7185275053966402,85.37418087093884
0.05129321883278115,2.1081355693422825,53.21481033918895
0.010779860600560444,2.417233822065283,69.74302474271612
0.05453553563323135,6.001276212439893,66.17043054391209
0.01339815867175313,0.8616693638381854,58.71044132459818
0.06718657224225016,3.137354918547457,63.577371631976725
0.053218915185541046,4.5810517553032675,55.361578129858216
0.040117022882937586,6.82555302959684,61.73698851186104
0.1793167682263038,5.3472356116035495,63.75689442678096
0.018188040976394648,4.238008653266079,97.59375011556602
0.02525487127271179,2.5533880731157375,53.39951271383184
0.020816217275105704,5.627098454207457,85.31640831559821
0.029581119636918726,5.778893220846536,96.2735894402353
0.020311385780250345,6.392783217811611,77.11795650089695
0.03630175135865572,0.1223295134737441,97.33093909043353
0.05573120870555447,7.709563911158168,53.944388798291996
0.0569351442502366,0.508695278484538,82.73364311320452
0.05667844317163144,0.9677219383719127,62.597013138175264
0.073601025137602,7.817174962499585,87.91731291375825
0.10418026189224418,3.451745657992807,62.63467317872479
0.022515839825128562,5.7435081005763395,57.18001388056807
0.03488667758656701,2.813369800904929,57.38245533476859
0.03538183846446792,5.807400997954959,50.8736110123059
0.039627812729224,6.30737759017666,63.306993486208725
0.053099667106849005,2.431979912404692,59.86897017669887
0.08076576834264931,1.7491478506027858,54.97510555057095
0.01223066164662465,5.882245259236776,77.12861896975608
0.03763146410888221,0.8189611586187588,81.67673917028105
0.38043429806347484,6.3297722239766046,78.63581029635067
0.05200527992050609,0.8611249943173123,58.14726781006614
0.02205139788835734,6.624104312075312,68.32375570149308
0.0312895588579717,5.143356868957274,90.32759042627991
0.12112093067820649,1.5615039024849136,85.84849621738894
0.05222271355278886,3.2813013983498767,53.36761360035184
0.010779860600560444,2.417233822065283,69.74302474271612
0.05453553563323135,6.001276212439893,66.17043054391209
0.01396187284566908,1.2590257480557003,63.28656050668729
0.0804599972558056,1.7654138959991603,71.38481697048073
0.053218915185541046,4.5810517553032675,55.361578129858216
0.040117022882937586,6.82555302959684,61.73698851186104
0.1254543414108689,4.976441049486178,75.06794487885139
0.017703931346995952,4.266215115351064,99.87756936970717
0.02525487127271179,2.5533880731157375,53.39951271383184
0.016387871991105623,5.317418782317815,75.47316005332081
0.02735361578215539,6.08426683084458,99.84762310745961
0.020403362029068672,6.355069118427586,76.83256967688939
0.03525098531537997,0.07289468733651994,99.95282569828251
0.05573120870555447,7.709563911158168,53.944388798291996
0.04624716659257677,0.13077784914830737,83.4657808625654
0.05667844317163144,0.9677219383719127,62.597013138175264
0.073601025137602,7.817174962499585,87.91731291375825
0.10418026189224418,3.451745657992807,62.63467317872479
0.025350909319372568,5.705265740608444,51.681258218825675
0.026788471433158174,3.7369078676969965,57.02064956506629
0.03538183846446792,5.807400997954959,50.8736110123059
0.0329910083359516,6.027478059183245,57.902619114357975
0.053099667106849005,2.431979912404692,59.86897017669887
0.08076576834264931,1.7491478506027858,54.97510555057095
0.01223066164662465,5.882245259236776,77.12861896975608
0.03763146410888221,0.8189611586187588,81.67673917028105
0.3585919566657736,6.063392503071543,77.67472930664125
0.05200527992050609,0.8611249943173123,58.14726781006614
0.025125200974435477,6.379660956535352,66.93892991346337
0.03696023354425948,4.210717726271126,84.13389239996698
0.12127831511563761,1.555859814955992,85.86408744012043
0.05934946508813917,3.6579856485982947,51.52003605664591
0.010779860600560444,2.417233822065283,69.74302474271612
0.07153908999774813,6.173387514001196,79.7500700369103
0.01396187284566908,1.2590257480557003,63.28656050668729
0.07500733909835502,2.1400041764005304,73.4854382293925
0.053218915185541046,4.5810517553032675,55.361578129858216
0.02983685600037197,5.280814084199025,64.54241964827659
0.1516756644661412,3.5399311596530616,68.57024223387927
0.017703931346995952,4.266215115351064,99.87756936970717
0.020989804429422096,1.1829301294318908,54.4633198134892
0.01756604918745578,5.215217366536697,73.82597665104265
0.02735361578215539,6.08426683084458,99.84762310745961
0.020403362029068672,6.355069118427586,76.83256967688939
0.0570502050282401,0.44867622930168394,96.38275672741305
0.0574583783081794,7.7821167741286645,53.02386939521031
0.04624716659257677,0.13077784914830737,83.4657808625654
0.05667844317163144,0.9677219383719127,62.597013138175264
0.073601025137602,7.817174962499585,87.91731291375825
0.10418026189224418,3.451745657992807,62.63467317872479
0.025350909319372568,5.705265740608444,51.681258218825675
0.029816566690161857,4.152541703905876,56.69879988825428
0.03538183846446792,5.807400997954959,50.8736110123059
0.028973691497024,7.11902011857986,57.85092997546462
0.053099667106849005,2.431979912404692,59.86897017669887
0.07311632203275514,1.5129598185565485,55.818807664878534
0.01223066164662465,5.882245259236776,77.12861896975608
0.016142282768018684,0.3062527736933873,84.14637715737298
0.2461644236118598,4.165850176415341,72.06004047311002
0.05200527992050609,0.8611249943173123,58.14726781006614
0.025125200974435477,6.379660956535352,66.93892991346337
0.03696023354425948,4.210717726271126,84.13389239996698
0.12127831511563761,1.555859814955992,85.86408744012043
0.05977808580764496,3.5934489813998725,51.25145256028872
0.010779860600560444,2.417233822065283,69.74302474271612
0.0814878363368832,6.274089499281699,87.6954904940983
0.01396187284566908,1.2590257480557003,63.28656050668729
0.09279852888773195,0.7710981831002526,72.28487952472679
0.053218915185541046,4.5810517553032675,55.361578129858216
0.029491434776653353,5.361372832501347,64.71811279726526
0.24993561861083557,2.3124759505276673,64.71945031449297
0.0223005248643824,4.306963439067585,94.11600355615212
0.020989804429422096,1.1829301294318908,54.4633198134892
0.01756604918745578,5.215217366536697,73.82597665104265
0.028711823455887086,5.824802340569001,99.69614695956008
0.020236890479487665,6.354202116938503,77.18137647895745
0.05691879224665711,0.4362988583231373,96.55032245938719
0.0574583783081794,7.7821167741286645,53.02386939521031
0.04275528886656266,1.0623049569757015,78.15441504233364
0.05667844317163144,0.9677219383719127,62.597013138175264
0.073601025137602,7.817174962499585,87.91731291375825
0.12672308751663824,4.257174159406718,57.12643007162228
0.025350909319372568,5.705265740608444,51.681258218825675
0.03118979190192911,3.5006342439798908,53.70137747983846
0.03687658444283784,5.8226205516932215,50.75326050474824
0.028973691497024,7.11902011857986,57.85092997546462
0.05372896149401444,3.3352527168926134,60.85898326275481
0.08648381054622989,0.15738465953099645,52.721399162048336
0.01223066164662465,5.882245259236776,77.12861896975608
0.016059390130890444,0.29957269975060985,84.19773454135046
0.2461644236118598,4.165850176415341,72.06004047311002
0.05749536940947553,0.8041618505377877,58.799368216514246
0.025125200974435477,6.379660956535352,66.93892991346337
0.03696023354425948,4.210717726271126,84.13389239996698
0.14362355822470146,0.5608356830305059,95.89647959043972
0.04999689050832573,3.858049964702741,65.34697576192278
0.010779860600560444,2.417233822065283,69.74302474271612
0.0814878363368832,6.274089499281699,87.6954904940983
0.01396187284566908,1.2590257480557003,63.28656050668729
0.07403053559566755,2.215162284707824,73.55135343583922
0.05321383568976616,4.586742013244377,55.30503083130244
0.03169563007275562,5.0051561979655474,64.54614397218505
0.22108874238574494,2.0320763119331593,69.4766585133677
0.02016006051895615,4.32101627743836,95.57349179745836
0.020989804429422096,1.1829301294318908,54.4633198134892
0.01756604918745578,5.215217366536697,73.82597665104265
0.028711823455887086,5.824802340569001,99.69614695956008
0.016781740717285498,6.66564664651521,78.86524705880518
0.05703547604325869,2.024808986145853,87.1378632461148
0.0574583783081794,7.7821167741286645,53.02386939521031
0.03552350536485821,0.8711335426833782,79.04365787698951
0.05884904939147369,0.7684063876651184,60.63693318701425
0.05859843365381144,6.810441373572084,79.5501778566493
0.12464686884141757,3.227100011852015,68.08476891781605
0.025350909319372568,5.705265740608444,51.681258218825675
0.03518766953277309,3.5766111048819687,56.17691492684823
0.03653681133614969,5.878357319402263,51.05841422792861
0.028973691497024,7.11902011857986,57.85092997546462
0.03770506958571879,4.318732361597265,67.14123783499203
0.08648381054622989,0.15738465953099645,52.721399162048336
0.01223066164662465,5.882245259236776,77.12861896975608
0.016059390130890444,0.29957269975060985,84.19773454135046
0.2461644236118598,4.165850176415341,72.06004047311002
0.05749536940947553,0.8041618505377877,58.799368216514246
0.025125200974435477,6.379660956535352,66.93892991346337
0.038053166178919594,4.181151702798004,82.55888476150925
0.10857055879834522,1.628403107152177,95.80477887620044
0.07728591087889888,4.8606363706380575,62.28800188070203
0.010779860600560444,2.417233822065283,69.74302474271612
0.07723969241947237,6.06938894699671,87.19310287794565
0.01396187284566908,1.2590257480557003,63.28656050668729
0.06438621145756301,3.80878922221057,89.68291975842041
0.05321383568976616,4.586742013244377,55.30503083130244
0.02728060648819334,4.892641190640325,62.49351528730019
0.2453990334390366,1.5254210294197836,71.90282049781923
0.020986292026573337,4.488706205367643,97.84870404482653
0.0215154432355794,0.4980715432306555,51.415219598615636
0.01756604918745578,5.215217366536697,73.82597665104265
0.037721529201078845,6.438261142425495,85.06818581870795
0.016781740717285498,6.66564664651521,78.86524705880518
0.05703547604325869,2.024808986145853,87.1378632461148
0.051526397630589395,7.21413867979271,54.88529762757219
0.03552350536485821,0.8711335426833782,79.04365787698951
0.05882266445088393,0.7866852777636939,61.022484433602
0.05859843365381144,6.810441373572084,79.5501778566493
0.16039149307946868,3.481329600248646,67.56421663259017
0.025350909319372568,5.705265740608444,51.681258218825675
0.04322561019289412,4.044906853315835,61.648697375774674
0.03653681133614969,5.878357319402263,51.05841422792861
0.028973691497024,7.11902011857986,57.85092997546462
0.03770506958571879,4.318732361597265,67.14123783499203
0.08648381054622989,0.15738465953099645,52.721399162048336
0.015815005105251898,6.147013698192601,73.00165634342528
0.016059390130890444,0.29957269975060985,84.19773454135046
0.41655682678214645,3.7941655273848216,86.85619315009296
0.039466458979678126,1.4266945133081435,63.022852201081456
0.011940730447707174,5.962931855548429,72.95838280732717
0.038053166178919594,4.181151702798004,82.55888476150925
0.07044913481508244,3.4959405210267316,75.59258801568684
0.08136655393212472,4.858024642782317,62.27123112277549
0.012864237854299212,3.8926540043343394,72.91105748069413
0.07723969241947237,6.06938894699671,87.19310287794565
0.014872182721303594,1.265010182856672,63.27714822790658
0.06438621145756301,3.80878922221057,89.68291975842041
0.056377930843959444,4.53095858277098,53.66111291467336
0.035864243988998616,4.607617707369478,52.48032196032672
0.17437492148034706,3.4446203088527914,78.36085441411372
0.020986292026573337,4.488706205367643,97.84870404482653
0.0215154432355794,0.4980715432306555,51.415219598615636
0.01756604918745578,5.215217366536697,73.82597665104265
0.023752722931167876,7.815760543781427,82.65066875358895
0.016781740717285498,6.66564664651521,78.86524705880518
0.04363301840977661,3.1081617621542503,82.61760515460563
0.051526397630589395,7.21413867979271,54.88529762757219
0.03552350536485821,0.8711335426833782,79.04365787698951
0.05882266445088393,0.7866852777636939,61.022484433602
0.05859843365381144,6.810441373572084,79.5501778566493
0.19649863010501256,2.8866937898859932,71.81100037602859
0.02558301837554663,5.79584396978192,52.07654466391512
0.051734850165900445,4.5513677903310334,68.03909400437783
0.03653681133614969,5.878357319402263,51.05841422792861
0.028973691497024,7.11902011857986,57.85092997546462
0.05516176998678107,4.618155597925858,63.08654216247201
0.061256283266562225,2.4930584823934456,52.45427481336206
0.015815005105251898,6.147013698192601,73.00165634342528
0.016059390130890444,0.29957269975060985,84.19773454135046
0.26531703730858575,4.808273794076789,87.00635991490353
0.0380653196357185,1.2927587280051696,61.52386180780369
0.011940730447707174,5.962931855548429,72.95838280732717
0.050273700370292176,4.490005660931316,77.12352230765366
0.05123898498952892,4.30593138758555,74.72769557380614
0.09074970483397884,5.512970286884967,59.12089234902796
0.012864237854299212,3.8926540043343394,72.91105748069413
0.07907111414634828,6.105361314574165,87.88887333653814
0.014872182721303594,1.265010182856672,63.27714822790658
0.06438621145756301,3.80878922221057,89.68291975842041
0.056377930843959444,4.53095858277098,53.66111291467336
0.036739790748791926,4.81840512081245,52.096849756085824
0.11560910504735417,4.695843144994709,79.21680634834055
0.020986292026573337,4.488706205367643,97.84870404482653
0.021431267885233966,1.1328864412575825,58.80168069800665
0.023581967033334945,5.01545615116118,66.80814202972662
0.023752722931167876,7.815760543781427,82.65066875358895
0.028540695665334924,6.549675674481567,80.484998946423
0.04378825869430968,3.1587793862391997,83.20574737492161
0.051526397630589395,7.21413867979271,54.88529762757219
0.03552350536485821,0.8711335426833782,79.04365787698951
0.05882266445088393,0.7866852777636939,61.022484433602
0.05859843365381144,6.810441373572084,79.5501778566493
0.159939094477932,3.086969118754336,72.03000933408332
0.02558301837554663,5.79584396978192,52.07654466391512
0.0534935312792848,4.950616498171243,66.84526839143116
0.03739313864222316,5.875412806208111,50.29595368871716
0.027563237270481857,7.536850491596095,58.89596770961897
0.05363688994403783,3.645417747741788,55.78147191603162
0.061256283266562225,2.4930584823934456,52.45427481336206
0.015815005105251898,6.147013698192601,73.00165634342528
0.016059390130890444,0.29957269975060985,84.19773454135046
0.26531703730858575,4.808273794076789,87.00635991490353
0.0380653196357185,1.2927587280051696,61.52386180780369
0.020950133590903856,5.931952688776063,64.936550115768
0.06053778129005699,5.684694886463167,83.64366810249788
0.05123898498952892,4.30593138758555,74.72769557380614
0.09099514448411333,5.511316059271598,59.15739384676371
0.011870638833997315,5.192901022878024,77.6782415565835
0.08689831447897814,6.323213120721318,86.54673975692421
0.014872182721303594,1.265010182856672,63.27714822790658
0.05166662656925082,2.885165937592391,88.23922292338506
0.051206802319622685,4.607867090993418,56.45156934066864
0.036739790748791926,4.81840512081245,52.096849756085824
0.08852441700527572,4.806933751965289,73.82235813129984
0.020986292026573337,4.488706205367643,97.84870404482653
0.021431267885233966,1.1328864412575825,58.80168069800665
0.014778090459778202,5.1455165700873,70.33738185650036
0.023752722931167876,7.815760543781427,82.65066875358895
0.028540695665334924,6.549675674481567,80.484998946423
0.05683148520342823,0.2581041588321602,85.53315785748853
0.051526397630589395,7.21413867979271,54.88529762757219
0.036140754962364824,0.5069633402852487,78.85450936249396
0.058624372649769725,0.8060867253777739,61.2154822541395
0.06443179519733694,7.3420511226607745,86.87657909205446
0.18687493627379156,3.483515195186911,74.35201772365039
0.02558301837554663,5.79584396978192,52.07654466391512
0.05349200908130087,4.964475241275178,66.96274499264331
0.03739313864222316,5.875412806208111,50.29595368871716
0.029220833403167005,6.178332307920063,62.75293456719225
0.04607244091100632,3.0552749777281187,56.49085785363747
0.061256283266562225,2.4930584823934456,52.45427481336206
0.025178960365099014,4.80259103384238,75.86256540328418
0.016059390130890444,0.29957269975060985,84.19773454135046
0.26531703730858575,4.808273794076789,87.00635991490353
0.04041900762059299,1.8108492099018403,60.04441363567381
0.019991761133850254,5.853959953879228,62.97342736371226
0.056747688997431364,4.880331265960002,82.89966949443611
0.05077511900521443,4.212920032135301,75.41446516048602
0.09099514448411333,5.511316059271598,59.15739384676371
0.011870638833997315,5.192901022878024,77.6782415565835
0.08319638123341888,5.77025471138932,81.62481963475675
0.014872182721303594,1.265010182856672,63.27714822790658
0.05166662656925082,2.885165937592391,88.23922292338506
0.055077200188219495,5.7782461757025345,56.42195277012499
0.036739790748791926,4.81840512081245,52.096849756085824
0.11175634722617864,4.321461226627402,84.511779633301
0.0204887257055914,4.226361767314762,95.0352702346687
0.021431267885233966,1.1328864412575825,58.80168069800665
0.018569276804015725,5.02051792844128,72.35134805381398
0.02914244603957397,7.672618770578772,82.37647292024336
0.03314270633381028,6.924232971110497,81.25984498219546
0.05683148520342823,0.2581041588321602,85.53315785748853
0.051526397630589395,7.21413867979271,54.88529762757219
0.036140754962364824,0.5069633402852487,78.85450936249396
0.0591545388372756,0.5548474693242902,60.24549679771999
0.06443179519733694,7.3420511226607745,86.87657909205446
0.2728350960034789,5.180972737099123,71.78435259893037
0.02558301837554663,5.79584396978192,52.07654466391512
0.05604477843759037,5.269557472991857,67.61255264115184
0.03739313864222316,5.875412806208111,50.29595368871716
0.029615000069393736,5.855284628868986,63.670098729209165
0.0446665599860676,3.3208748869996123,55.828939528081335
0.061256283266562225,2.4930584823934456,52.45427481336206
0.031513102504436986,5.279049959462416,74.69197820650204
0.016059390130890444,0.29957269975060985,84.19773454135046
0.26531703730858575,4.808273794076789,87.00635991490353
0.04041900762059299,1.8108492099018403,60.04441363567381
0.018511193250329704,5.559703527958302,59.83404201830308
0.06887737570258469,4.910201479327001,85.60354360135226
0.07774073130153286,3.53672682386395,77.97918083538505
0.09099514448411333,5.511316059271598,59.15739384676371
0.011870638833997315,5.192901022878024,77.6782415565835
0.08236744277515659,5.720465555384455,81.85515108505327
0.014872182721303594,1.265010182856672,63.27714822790658
0.0442296940587565,2.454161149788972,80.998527779236
0.05874484635223041,6.643972798230405,56.630870060527506
0.060711057793584634,4.150577063974386,65.30116017917516
0.09611431528064782,3.164259210640092,84.80265757496234
0.0204887257055914,4.226361767314762,95.0352702346687
0.021431267885233966,1.1328864412575825,58.80168069800665
0.018569276804015725,5.02051792844128,72.35134805381398
0.03003391451695727,7.460851107254642,81.5739516145717
0.03262081875034259,6.84633396094419,79.24515837544597
0.05683148520342823,0.2581041588321602,85.53315785748853
0.051526397630589395,7.21413867979271,54.88529762757219
0.035980264472142025,0.6384967367354255,78.4810731016707
0.0591545388372756,0.5548474693242902,60.24549679771999
0.0698531469774658,7.515365261189317,96.24237203427789
0.2728350960034789,5.180972737099123,71.78435259893037
0.025798857122367427,5.767851564800161,52.118985014956245
0.05487921661521065,7.036666599605885,70.37378113814881
0.03739313864222316,5.875412806208111,50.29595368871716
0.016427873620131303,5.888986881857144,59.124174927337975
0.03713805794753827,4.15660927695917,56.46496205134107
0.05420373382298346,2.2621590737154382,55.023220496927706
0.040910092202440955,6.176343319197524,57.35170500101924
0.01540359544694992,0.30023969634807945,84.17625505863131
0.26531703730858575,4.808273794076789,87.00635991490353
0.03906658528019086,2.0407409897018995,59.99253816419205
0.024463127382925533,5.482949777242647,62.87930708673524
0.06887737570258469,4.910201479327001,85.60354360135226
0.07212656540164344,3.650536681284882,75.89422394980585
0.09099514448411333,5.511316059271598,59.15739384676371
0.011870638833997315,5.192901022878024,77.6782415565835
0.08244337417782632,5.726611638213987,81.85251914726163
0.014872182721303594,1.265010182856672,63.27714822790658
0.0442296940587565,2.454161149788972,80.998527779236
0.05874484635223041,6.643972798230405,56.630870060527506
0.061283264668908724,5.472437737450562,67.15972112664525
0.09611431528064782,3.164259210640092,84.80265757496234
0.0204887257055914,4.226361767314762,95.0352702346687
0.021431267885233966,1.1328864412575825,58.80168069800665
0.018569276804015725,5.02051792844128,72.35134805381398
0.03003391451695727,7.460851107254642,81.5739516145717
0.03262081875034259,6.84633396094419,79.24515837544597
0.05683148520342823,0.2581041588321602,85.53315785748853
0.051526397630589395,7.21413867979271,54.88529762757219
0.035980264472142025,0.6384967367354255,78.4810731016707
0.061584246691657234,1.1346813415186219,63.17656042789619
0.06218848465166234,6.644029850107996,91.64683042476429
0.29224306622987933,5.048347072577215,73.15806456577933
0.025798857122367427,5.767851564800161,52.118985014956245
0.05487921661521065,7.036666599605885,70.37378113814881
0.03643890504812318,5.855331578310352,50.54839009396904
0.016427873620131303,5.888986881857144,59.124174927337975
0.03713805794753827,4.15660927695917,56.46496205134107
0.05420373382298346,2.2621590737154382,55.023220496927706
0.038770599757578225,6.806296183886522,57.726453707708124
0.016869667333078445,0.9762986252132393,83.77335389008692
0.18913558710478262,4.847802465704478,86.46233239896209
0.03736809707039433,2.240562239666418,63.196333898666296
0.021106780558374685,6.894729844913808,58.33260963788371
0.059682197234108586,5.524332934624115,85.55830065748621
0.07212656540164344,3.650536681284882,75.89422394980585
0.0807591560346344,5.765131610317046,58.87693019098718
0.03113642986970217,5.563307425357254,81.4916504437169
0.08906800797528519,5.411759484504925,84.61126247524487
0.01767989155031722,1.3550320889573109,62.895976233544985
0.0442296940587565,2.454161149788972,80.998527779236
0.05238195975045078,4.807319908695488,67.3127175313827
0.061283264668908724,5.472437737450562,67.15972112664525
0.09630111843764579,3.078612990499347,85.73847636610641
0.0204887257055914,4.226361767314762,95.0352702346687
0.021431267885233966,1.1328864412575825,58.80168069800665
0.025414099924812715,4.702063967127612,66.49530928771733
0.03003391451695727,7.460851107254642,81.5739516145717
0.029741946769161386,6.912173618759322,80.23583538523168
0.05683148520342823,0.2581041588321602,85.53315785748853
0.051526397630589395,7.21413867979271,54.88529762757219
0.03280633559123697,1.490805921665383,75.33887843988923
0.061584246691657234,1.1346813415186219,63.17656042789619
0.06127505164048295,6.142756171848275,87.45719257451489
0.29224306622987933,5.048347072577215,73.15806456577933
0.026478185753705967,5.64571469266145,53.183434791569844
0.04981040007304111,7.745107005828326,56.834864305056485
0.03643890504812318,5.855331578310352,50.54839009396904
0.016427873620131303,5.888986881857144,59.124174927337975
0.03375742896557936,3.9515109062634486,52.102241327180685
0.04737184671475786,3.5608530061517083,62.064804917602615
0.038770599757578225,6.806296183886522,57.726453707708124
0.016869667333078445,0.9762986252132393,83.77335389008692
0.21964332749000903,4.698753857569551,91.06826401000612
0.03736809707039433,2.240562239666418,63.196333898666296
0.021106780558374685,6.894729844913808,58.33260963788371
0.059682197234108586,5.524332934624115,85.55830065748621
0.07212656540164344,3.650536681284882,75.89422394980585
0.0807591560346344,5.765131610317046,58.87693019098718
0.034711730821236145,5.552530622956528,79.79193765907682
0.07415498362786692,5.788924461589847,83.51139423189376
0.01767989155031722,1.3550320889573109,62.895976233544985
0.044718765831329034,2.2949542887713554,81.06052730099381
0.06477828037214288,4.434380639522971,70.13597937639798
0.05362783224998974,5.2842078098194,57.43459204383805
0.07649644991633991,3.273805016078523,76.15629377456368
0.023461246366687824,4.503522908117674,91.84950740490845
0.021431267885233966,1.1328864412575825,58.80168069800665
0.02438022259306554,5.228365212584909,64.53603266672174
0.03058896815409552,7.335997225825572,80.94938908265743
0.03305565312379443,6.828366742823544,80.48022849439218
0.05683148520342823,0.2581041588321602,85.53315785748853
0.051526397630589395,7.21413867979271,54.88529762757219
0.03280633559123697,1.490805921665383,75.33887843988923
0.061584246691657234,1.1346813415186219,63.17656042789619
0.05527246302540266,6.30765659195391,89.29610012713395
0.29224306622987933,5.048347072577215,73.15806456577933
0.026478185753705967,5.64571469266145,53.183434791569844
0.04981040007304111,7.745107005828326,56.834864305056485
0.03643890504812318,5.855331578310352,50.54839009396904
0.01633997040179082,6.207312369453771,58.859359651324155
0.03837091713105015,3.819129512353163,55.47823360749213
0.04409761924756593,3.12872181075122,62.43515437669867
0.03701368620457021,6.920043537070822,62.71331841614964
0.01633651030185254,0.21407380330284376,87.12145090048647
0.21964332749000903,4.698753857569551,91.06826401000612
0.03736809707039433,2.240562239666418,63.196333898666296
0.021049881303697296,6.952517004957802,57.52262272055053
0.05990470772411478,5.010811310324624,82.93998178785192
0.0629904253617507,3.9524501174340805,73.72086322607095
0.06662882613971455,5.446514097885214,63.77973974429865
0.031023956561993762,4.6436782787871955,76.13358399338568
0.07415498362786692,5.788924461589847,83.51139423189376
0.01767989155031722,1.3550320889573109,62.895976233544985
0.04068152521663127,1.9052917487524375,84.79890409439784
0.07916291331884356,5.680771705794715,67.31713379880158
0.07613525820311307,5.327181342939836,51.96969590856648
0.05437076863963632,3.7868292776719628,82.70332328991483
0.023461246366687824,4.503522908117674,91.84950740490845
0.013285170568626103,0.005368889923869524,51.80298273229319
0.015125996340797726,5.253465414221409,63.27857405999798
0.037296969298354854,7.040141312500871,76.68129579201016
0.03229330796207172,6.454848336260178,79.05851580278875
0.05683148520342823,0.2581041588321602,85.53315785748853
0.051526397630589395,7.21413867979271,54.88529762757219
0.029618706470181985,1.387894923293655,77.02592990700562
0.061584246691657234,1.1346813415186219,63.17656042789619
0.05799770664120034,6.194120046098655,90.21763984853334
0.35474179789090127,4.967707745380245,79.28577544829375
0.026478185753705967,5.64571469266145,53.183434791569844
0.04981040007304111,7.745107005828326,56.834864305056485
0.03643890504812318,5.855331578310352,50.54839009396904
0.01633997040179082,6.207312369453771,58.859359651324155
0.029113519488009706,1.4300909769795354,55.895477519120966
0.030793232456008644,2.5486491663262556,54.48771476177471
0.026738586119830772,6.711822141550935,68.25561128664992
0.01633651030185254,0.21407380330284376,87.12145090048647
0.28995093994397536,5.923745574914083,96.26381697974398
0.05357838522317562,2.9696636753626384,63.44363344536942
0.021049881303697296,6.952517004957802,57.52262272055053
0.06772280823948852,5.110195253871011,84.78249280171183
0.07097567055895217,5.048234639369191,64.5526994112373
0.06662882613971455,5.446514097885214,63.77973974429865
0.037242194839901474,4.722724722453957,77.59905153135357
0.07415498362786692,5.788924461589847,83.51139423189376
0.01766859247612486,1.3959496272406309,62.861936894514635
0.04173196178670216,1.0352328284993004,98.12851404886908
0.09235756478091829,6.828874573506682,63.15787830982399
0.07613525820311307,5.327181342939836,51.96969590856648
0.05765142019200174,3.9591135007883276,86.6293306215484
0.023461246366687824,4.503522908117674,91.84950740490845
0.013285170568626103,0.005368889923869524,51.80298273229319
0.016042474936416126,3.854492313942078,63.14127683755624
0.04145220949491908,7.622526975331809,77.06486000130366
0.03270066785372815,6.395937864138714,76.25701785718933
0.09607875913666349,0.3007778838816745,83.99380211529332
0.051526397630589395,7.21413867979271,54.88529762757219
0.029618706470181985,1.387894923293655,77.02592990700562
0.06269595174690935,1.8546543969567786,67.08943546486509
0.06034551520445874,7.752420154324348,95.08184672379595
0.3429141286342119,4.921208454209538,79.42034776587167
0.026478185753705967,5.64571469266145,53.183434791569844
0.051990819875260386,7.805195592783203,56.782723309954385
0.037397857600058294,5.975562887019839,50.93280769228632
0.01633997040179082,6.207312369453771,58.859359651324155
0.029113519488009706,1.4300909769795354,55.895477519120966
0.030793232456008644,2.5486491663262556,54.48771476177471
0.026738586119830772,6.711822141550935,68.25561128664992
0.024897604226625583,0.4908957982209454,90.83205638058311
0.28995093994397536,5.923745574914083,96.26381697974398
0.05465464028474723,0.743462248152956,67.93242873624385
0.021049881303697296,6.952517004957802,57.52262272055053
0.07825854037291703,6.098171320786167,91.1652694769951
0.09451473561427232,5.258999849804338,55.54029446133957
0.06662882613971455,5.446514097885214,63.77973974429865
0.038739097511986384,4.7595932644469485,76.89512039581886
0.0764477824624543,5.680855660890375,82.89561505686927
0.01766859247612486,1.3959496272406309,62.861936894514635
0.04173196178670216,1.0352328284993004,98.12851404886908
0.09084830320601939,6.831491525309301,63.03860540246133
0.06842510383423009,4.6881754462610425,52.613406308543134
0.05765142019200174,3.9591135007883276,86.6293306215484
0.029121889837379747,7.911514705578978,95.60597528487861
0.013285170568626103,0.005368889923869524,51.80298273229319
0.0190129621564952,3.9190433796786213,63.21759886233083
0.04145220949491908,7.622526975331809,77.06486000130366
0.03270066785372815,6.395937864138714,76.25701785718933
0.09607875913666349,0.3007778838816745,83.99380211529332
0.05199008115419722,7.254787408295954,55.01501410615083
0.029618706470181985,1.387894923293655,77.02592990700562
0.08016552550084309,1.0290699777442853,68.63784906304966
0.06034551520445874,7.752420154324348,95.08184672379595
0.21887255683671003,4.8553023142790455,78.39056839518572
0.026478185753705967,5.64571469266145,53.183434791569844
0.051990819875260386,7.805195592783203,56.782723309954385
0.037397857600058294,5.975562887019839,50.93280769228632
0.019376499260994356,6.612170153266569,67.58904687957155
0.029113519488009706,1.4300909769795354,55.895477519120966
0.030793232456008644,2.5486491663262556,54.48771476177471
0.026738586119830772,6.711822141550935,68.25561128664992
0.024897604226625583,0.4908957982209454,90.83205638058311
0.2883566116337572,5.922063152349926,96.00312864728733
0.01518139370859127,1.165298355971114,52.62746705415369
0.021049881303697296,6.952517004957802,57.52262272055053
0.07825854037291703,6.098171320786167,91.1652694769951
0.07801364398500067,5.3527908646259625,54.968678801111245
0.0443702821101003,5.532951243480493,61.64358759309984
0.038739097511986384,4.7595932644469485,76.89512039581886
0.0764477824624543,5.680855660890375,82.89561505686927
0.01766859247612486,1.3959496272406309,62.861936894514635
0.04014346467143816,1.3587928559969544,95.67187575162927
0.1016514617095613,7.864108813379225,68.06130873641436
0.06842510383423009,4.6881754462610425,52.613406308543134
0.06253809253362042,3.380034409826247,95.82260446893773
0.029121889837379747,7.911514705578978,95.60597528487861
0.013285170568626103,0.005368889923869524,51.80298273229319
0.01029720560086305,3.3643148803792466,63.758614200842125
0.03440924003711633,7.5004492585192475,90.61944301564668
0.031023390341736394,6.585588213089614,76.52625832502115
0.09607875913666349,0.3007778838816745,83.99380211529332
0.05199008115419722,7.254787408295954,55.01501410615083
0.014390798131284951,0.034062879501870036,80.50460209850385
0.08016552550084309,1.0290699777442853,68.63784906304966
0.06034551520445874,7.752420154324348,95.08184672379595
0.371694998815299,7.844995303497556,63.61417380379971
0.026478185753705967,5.64571469266145,53.183434791569844
0.051990819875260386,7.805195592783203,56.782723309954385
0.037397857600058294,5.975562887019839,50.93280769228632
0.019376499260994356,6.612170153266569,67.58904687957155
0.029113519488009706,1.4300909769795354,55.895477519120966
0.030793232456008644,2.5486491663262556,54.48771476177471
0.026738586119830772,6.711822141550935,68.25561128664992
0.024897604226625583,0.4908957982209454,90.83205638058311
0.2883566116337572,5.922063152349926,96.00312864728733
0.01577459434511441,1.3682601080684105,53.52235287709037
0.021049881303697296,6.952517004957802,57.52262272055053
0.07825854037291703,6.098171320786167,91.1652694769951
0.10742004525939913,5.602336035205973,55.834354783203366
0.1022556947411552,5.941822366267725,61.99207394353381
0.0324432399387575,3.312635808030545,86.45046603600191
0.0747096018040024,5.280266490847984,74.95741786215386
0.01766859247612486,1.3959496272406309,62.861936894514635
0.03436405482427049,1.4064066872170065,99.57574069048263
0.1016514617095613,7.864108813379225,68.06130873641436
0.06842510383423009,4.6881754462610425,52.613406308543134
0.06253809253362042,3.380034409826247,95.82260446893773
0.029121889837379747,7.911514705578978,95.60597528487861
0.013285170568626103,0.005368889923869524,51.80298273229319
0.01029720560086305,3.3643148803792466,63.758614200842125
0.03440924003711633,7.5004492585192475,90.61944301564668
0.02239949034049709,6.083963916871779,84.64677073063913
0.09607875913666349,0.3007778838816745,83.99380211529332
0.05199008115419722,7.254787408295954,55.01501410615083
0.014390798131284951,0.034062879501870036,80.50460209850385
0.08016552550084309,1.0290699777442853,68.63784906304966
0.06034551520445874,7.752420154324348,95.08184672379595
0.371694998815299,7.844995303497556,63.61417380379971
0.0259312907850606,3.862102478203231,66.21018562390299
0.051990819875260386,7.805195592783203,56.782723309954385
0.037397857600058294,5.975562887019839,50.93280769228632
0.019376499260994356,6.612170153266569,67.58904687957155
0.029113519488009706,1.4300909769795354,55.895477519120966
0.030793232456008644,2.5486491663262556,54.48771476177471
0.026738586119830772,6.711822141550935,68.25561128664992
0.024897604226625583,0.4908957982209454,90.83205638058311
0.21197451385573343,6.152641485840993,87.90195297342385
0.01577459434511441,1.3682601080684105,53.52235287709037
0.021049881303697296,6.952517004957802,57.52262272055053
0.07825854037291703,6.098171320786167,91.1652694769951
0.10742004525939913,5.602336035205973,55.834354783203366
0.1022556947411552,5.941822366267725,61.99207394353381
0.026344827106973865,1.91105646532485,95.70614594718748
0.10706107690826405,4.314830668121326,79.47709136684747
0.01766859247612486,1.3959496272406309,62.861936894514635
0.03436405482427049,1.4064066872170065,99.57574069048263
0.1016514617095613,7.864108813379225,68.06130873641436
0.06997501704147,4.776294370913481,52.536210694301474
0.06253809253362042,3.380034409826247,95.82260446893773
0.03201355565016454,7.828472026445919,90.47327838189779
0.013285170568626103,0.005368889923869524,51.80298273229319
0.01029720560086305,3.3643148803792466,63.758614200842125
0.03454724781503268,7.559675863858832,91.01678761786944
0.02239949034049709,6.083963916871779,84.64677073063913
0.09607875913666349,0.3007778838816745,83.99380211529332
0.05199008115419722,7.254787408295954,55.01501410615083
0.014390798131284951,0.034062879501870036,80.50460209850385
0.08016552550084309,1.0290699777442853,68.63784906304966
0.06034551520445874,7.752420154324348,95.08184672379595
0.24365632487652006,5.855750297915886,60.18638366361637
0.03428857632758035,5.914123320657526,76.6501787661424
0.051990819875260386,7.805195592783203,56.782723309954385
0.037397857600058294,5.975562887019839,50.93280769228632
0.061757991173199356,6.511050157077079,72.05893337939582
0.02532526531151589,0.374436844822311,55.74855841084303
0.030793232456008644,2.5486491663262556,54.48771476177471
0.026738586119830772,6.711822141550935,68.25561128664992
0.024795980115574295,0.48664679737406596,90.49050050767352
0.21197451385573343,6.152641485840993,87.90195297342385
0.01577459434511441,1.3682601080684105,53.52235287709037
0.021049881303697296,6.952517004957802,57.52262272055053
0.09931937172375052,5.310160003091884,91.48041516981989
0.10465194012144062,5.443351487634987,57.4917240742115
0.14588665255740213,5.959603551034379,52.582418685093046
0.026344827106973865,1.91105646532485,95.70614594718748
0.10706107690826405,4.314830668121326,79.47709136684747
0.017541494509308423,1.35562953299994,62.5412808822038
0.03436405482427049,1.4064066872170065,99.57574069048263
0.1356456428955181,7.904436658957051,75.78183473742047
0.06926409780452228,5.0377115432640345,51.41291400028914
0.06253809253362042,3.380034409826247,95.82260446893773
0.03201355565016454,7.828472026445919,90.47327838189779
0.013285170568626103,0.005368889923869524,51.80298273229319
0.01029720560086305,3.3643148803792466,63.758614200842125
0.03454724781503268,7.559675863858832,91.01678761786944
0.02239949034049709,6.083963916871779,84.64677073063913
0.10201686332070653,0.029011979556844203,89.72395421110873
0.055534626358906575,5.952718547529324,68.72796373553109
0.014390798131284951,0.034062879501870036,80.50460209850385
0.08016552550084309,1.0290699777442853,68.63784906304966
0.06034551520445874,7.752420154324348,95.08184672379595
0.2417514788985497,5.834261888891058,60.455396147778636
0.02379587581537903,4.798956678781207,71.01201295818521
0.051990819875260386,7.805195592783203,56.782723309954385
0.037397857600058294,5.975562887019839,50.93280769228632
0.04595728623441674,6.682403910075659,66.41671721275992
0.026904083935116216,0.3932833451546378,56.11963345783309
0.028839503212741514,1.8769091595323746,66.21636837813216
0.021614910919251582,6.155500551466298,53.320801807589255
0.024795980115574295,0.48664679737406596,90.49050050767352
0.16835528336026345,6.108397127039192,78.66494669878892
0.01577459434511441,1.3682601080684105,53.52235287709037
0.021049881303697296,6.952517004957802,57.52262272055053
0.1435243031497318,3.624849825088133,92.23294753946702
0.14653475593328397,7.363709259078244,59.36226196309322
0.14588665255740213,5.959603551034379,52.582418685093046
0.026344827106973865,1.91105646532485,95.70614594718748
0.11139126350017883,3.758110715848977,72.76324337712855
0.017541494509308423,1.35562953299994,62.5412808822038
0.03436405482427049,1.4064066872170065,99.57574069048263
0.1356456428955181,7.904436658957051,75.78183473742047
0.06926409780452228,5.0377115432640345,51.41291400028914
0.041229743909147354,2.4633453288937117,76.54798766870127
0.03131144788629975,7.902957741508813,90.32266732519597
0.013453028646250486,0.09726658209246075,51.9189172589721
0.01029720560086305,3.3643148803792466,63.758614200842125
0.03454724781503268,7.559675863858832,91.01678761786944
0.022977083824680673,5.712248412109316,96.25511857618068
0.10201686332070653,0.029011979556844203,89.72395421110873
0.05629173101918786,6.061630187060609,68.51125692502899
0.014390798131284951,0.034062879501870036,80.50460209850385
0.08016552550084309,1.0290699777442853,68.63784906304966
0.06034551520445874,7.752420154324348,95.08184672379595
0.2417514788985497,5.834261888891058,60.455396147778636
0.02604071224235524,3.038432159403614,82.0395202799658
0.051990819875260386,7.805195592783203,56.782723309954385
0.04731550125186203,5.1012440442128515,51.40604465821817
0.017501769455679023,7.954102155106627,63.65677980251505
0.026904083935116216,0.3932833451546378,56.11963345783309
0.03041796444438946,3.4484628214951716,73.07485680503675
0.022584760475261166,6.152875162777862,53.7456520709287
0.024795980115574295,0.48664679737406596,90.49050050767352
0.16835528336026345,6.108397127039192,78.66494669878892
0.01577459434511441,1.3682601080684105,53.52235287709037
0.021049881303697296,6.952517004957802,57.52262272055053
0.13223824944240187,3.9314953266226587,89.03438098001325
0.14653475593328397,7.363709259078244,59.36226196309322
0.13131120041484662,5.642625744108937,55.16915068995644
0.02844689269582834,2.684044388416958,87.19115146647422
0.13868365022942725,3.525582637820446,83.30332094413143
0.034383697742901606,2.289520019152004,64.42944570962094
0.03436405482427049,1.4064066872170065,99.57574069048263
0.14202055386199436,7.901756764461966,76.43608910900255
0.057325982218738275,4.218740856743638,51.883711512019836
0.041229743909147354,2.4633453288937117,76.54798766870127
0.03131144788629975,7.902957741508813,90.32266732519597
0.07536151999366766,2.837721964940472,52.22908299396373
0.01029720560086305,3.3643148803792466,63.758614200842125
0.03454724781503268,7.559675863858832,91.01678761786944
0.027848663896856602,3.8701208839295553,97.67574891938985
0.10201686332070653,0.029011979556844203,89.72395421110873
0.03773296262732587,3.391899039866085,73.82335142931237
0.014390798131284951,0.034062879501870036,80.50460209850385
0.08016552550084309,1.0290699777442853,68.63784906304966
0.06034551520445874,7.752420154324348,95.08184672379595
0.2417514788985497,5.834261888891058,60.455396147778636
0.028564279435802913,3.4489857336320484,89.04947173662046
0.051990819875260386,7.805195592783203,56.782723309954385
0.04731550125186203,5.1012440442128515,51.40604465821817
0.017501769455679023,7.954102155106627,63.65677980251505
0.026904083935116216,0.3932833451546378,56.11963345783309
0.03018420432968071,2.2830430782421205,68.56234993971975
0.022584760475261166,6.152875162777862,53.7456520709287
0.016385628795663937,0.28467654833138756,91.50394167485435
0.10786921023555647,6.750902179643252,84.28547184823545
0.016531081280881446,1.0925832428991527,52.108613899618184
0.02648196036611604,6.379056485953772,61.863303011023575
0.1404504267257426,4.3892250114265785,92.25103498596476
0.11801505878065614,7.238435247934242,58.039336948465476
0.13131120041484662,5.642625744108937,55.16915068995644
0.02844689269582834,2.684044388416958,87.19115146647422
0.13868365022942725,3.525582637820446,83.30332094413143
0.06346580120193074,3.295585015299744,61.65098912713266
0.06725591469846494,2.074580659185513,94.44506367786262
0.10078806490465969,7.919090139117155,72.20441649531307
0.06115042855165907,3.925894993073702,51.956947736750095
0.029950645196681974,2.6318263213936746,68.79183757632266
0.03131144788629975,7.902957741508813,90.32266732519597
0.08572022997947781,3.3602677865947523,51.39740292133905
0.01029720560086305,3.3643148803792466,63.758614200842125
0.03567562443071634,7.517768687071847,90.9938898969364
0.029794692598366163,4.777040918495352,96.01442848971818
0.10201686332070653,0.029011979556844203,89.72395421110873
0.039535583732274976,3.8910613345556673,76.77038745755911
0.014390798131284951,0.034062879501870036,80.50460209850385
0.08016552550084309,1.0290699777442853,68.63784906304966
0.06034551520445874,7.752420154324348,95.08184672379595
0.26465452418000945,6.24672601844334,61.58772182356653
0.028564279435802913,3.4489857336320484,89.04947173662046
0.07905574106487556,7.067304749052358,56.232155908526316
0.039767724321380676,4.0278914024870165,58.9629219676762
0.017501769455679023,7.954102155106627,63.65677980251505
0.026568940687796604,0.3503939466372019,56.11891035253601
0.03018420432968071,2.2830430782421205,68.56234993971975
0.022584760475261166,6.152875162777862,53.7456520709287
0.016385628795663937,0.28467654833138756,91.50394167485435
0.09858468565580983,6.189482388366756,77.8607542952203
0.016531081280881446,1.0925832428991527,52.108613899618184
0.013856713902269405,7.272426458271852,65.47090909926386
0.13140389763205396,4.769042454953659,92.57072850111508
0.11801505878065614,7.238435247934242,58.039336948465476
0.13131120041484662,5.642625744108937,55.16915068995644
0.02844689269582834,2.684044388416958,87.19115146647422
0.15801970186814768,1.2838152342528435,88.96648692286914
0.06346580120193074,3.295585015299744,61.65098912713266
0.06725591469846494,2.074580659185513,94.44506367786262
0.10078806490465969,7.919090139117155,72.20441649531307
0.06115042855165907,3.925894993073702,51.956947736750095
0.029950645196681974,2.6318263213936746,68.79183757632266
0.03891356508855348,6.813656174306037,83.54394421086661
0.07681919154655076,4.099729610587315,58.44011708631083
0.01029720560086305,3.3643148803792466,63.758614200842125
0.03567562443071634,7.517768687071847,90.9938898969364
0.028283559464690307,5.065402678007427,87.15529535562399
0.10201686332070653,0.029011979556844203,89.72395421110873
0.05323778547315516,5.9928637433751515,74.735493894897
0.014390798131284951,0.034062879501870036,80.50460209850385
0.13384644375227336,1.841127995107722,58.953001628760575
0.05765176729096942,7.726798155990192,94.63547566874013
0.39018901619751045,5.691706570694766,65.21009604028626
0.028564279435802913,3.4489857336320484,89.04947173662046
0.07905574106487556,7.067304749052358,56.232155908526316
0.037377571625154656,3.651728429045302,60.991847947924796
0.017501769455679023,7.954102155106627,63.65677980251505
0.02776639652953862,1.2928462152317337,60.70469033183355
0.02896989381424997,2.253219087613369,68.27432667473659
0.02198042681370949,5.701591147027168,55.719219140263746
0.016385628795663937,0.28467654833138756,91.50394167485435
0.14137255745273175,6.461997627086178,90.22807149034017
0.016531081280881446,1.0925832428991527,52.108613899618184
0.015045816021153397,7.090517208451104,67.25819860288907
0.15671939996352974,3.753789458203071,91.8620016956088
0.12088551513113277,7.454648055082336,58.09961835606237
0.17455452118815146,7.138583263430092,51.03775457479897
0.02844689269582834,2.684044388416958,87.19115146647422
0.17763849202177917,0.8663973499171846,94.63412215970932
0.06346580120193074,3.295585015299744,61.65098912713266
0.060560383477088385,1.8389940363701267,94.05795411385022
0.07580180647554369,6.9356619790802405,77.3567380052561
0.06115042855165907,3.925894993073702,51.956947736750095
0.029950645196681974,2.6318263213936746,68.79183757632266
0.0644607884945115,6.546426281487776,81.11077853451806
0.07681919154655076,4.099729610587315,58.44011708631083
0.01029720560086305,3.3643148803792466,63.758614200842125
0.03567562443071634,7.517768687071847,90.9938898969364
0.028283559464690307,5.065402678007427,87.15529535562399
0.10201686332070653,0.029011979556844203,89.72395421110873
0.05323778547315516,5.9928637433751515,74.735493894897
0.014390798131284951,0.034062879501870036,80.50460209850385
0.13384644375227336,1.841127995107722,58.953001628760575
0.05765176729096942,7.726798155990192,94.63547566874013
0.3327623456922758,5.9875054598613,69.3867434351885
0.0302244375647015,2.880977698989895,97.45389585759827
0.07110919601384906,6.8771576634395775,56.16074018018903
0.037377571625154656,3.651728429045302,60.991847947924796
0.017501769455679023,7.954102155106627,63.65677980251505
0.034684279095100475,1.4161534562094835,65.99752332908898
0.02896989381424997,2.253219087613369,68.27432667473659
0.02198042681370949,5.701591147027168,55.719219140263746
0.035629410936162634,2.6029514122246864,79.07535004084494
0.08344888487090527,3.97070859172048,72.54148968925384
0.016531081280881446,1.0925832428991527,52.108613899618184
0.015045816021153397,7.090517208451104,67.25819860288907
0.17780768464392666,5.189722280728368,92.68623685508123
0.12088551513113277,7.454648055082336,58.09961835606237
0.17455452118815146,7.138583263430092,51.03775457479897
0.02844689269582834,2.684044388416958,87.19115146647422
0.1332472121081849,3.0942544839675805,89.3299101680872
0.060550460990501466,4.064403263717943,65.38052806289923
0.060560383477088385,1.8389940363701267,94.05795411385022
0.07209974240007477,7.156297660884098,76.72865409960663
0.06115042855165907,3.925894993073702,51.956947736750095
0.029950645196681974,2.6318263213936746,68.79183757632266
0.0644607884945115,6.546426281487776,81.11077853451806
0.0755451142989094,4.924890278259415,63.37734772024741
0.01029720560086305,3.3643148803792466,63.758614200842125
0.03567562443071634,7.517768687071847,90.9938898969364
0.01866792083602823,4.658609396520646,94.11450171046718
0.10201686332070653,0.029011979556844203,89.72395421110873
0.05323778547315516,5.9928637433751515,74.735493894897
0.0160559585130165,0.28752517092084995,79.1077136675487
0.13384644375227336,1.841127995107722,58.953001628760575
0.057980806983597546,7.664533685636384,94.01412407221252
0.38525057976254645,6.1464641421736275,66.32367318374425
0.0302244375647015,2.880977698989895,97.45389585759827
0.07110919601384906,6.8771576634395775,56.16074018018903
0.037377571625154656,3.651728429045302,60.991847947924796
0.017501769455679023,7.954102155106627,63.65677980251505
0.028853883178268674,1.320879146149292,59.67495565596211
0.026298227241481866,1.8199879038742337,70.76975045533064
0.02198042681370949,5.701591147027168,55.719219140263746
0.016057744469201163,0.15941524158323706,80.33469560798724
0.09374506402665608,2.922511507676692,79.44836170388405
0.016531081280881446,1.0925832428991527,52.108613899618184
0.015045816021153397,7.090517208451104,67.25819860288907
0.17780768464392666,5.189722280728368,92.68623685508123
0.12088551513113277,7.454648055082336,58.09961835606237
0.17455452118815146,7.138583263430092,51.03775457479897
0.014932642981281607,2.102971457044289,96.37250502818274
0.17047363576155727,3.7280596872298406,98.14236420897507
0.060550460990501466,4.064403263717943,65.38052806289923
0.060560383477088385,1.8389940363701267,94.05795411385022
0.07209974240007477,7.156297660884098,76.72865409960663
0.06137887443882218,4.1134446510440394,52.62255504211439
0.018001804676992972,1.9981076192909981,70.19679501846271
0.06482590746654901,6.552303297117687,80.96187553311131
0.0832660087699996,5.182437597101076,63.8599093606534
0.01029720560086305,3.3643148803792466,63.758614200842125
0.03567562443071634,7.517768687071847,90.9938898969364
0.01866792083602823,4.658609396520646,94.11450171046718
0.09549943583052371,1.8202411578093538,80.73412196320601
0.04879488888689262,5.718819189012642,74.26600895737494
0.0160559585130165,0.28752517092084995,79.1077136675487
0.14949469883575456,1.8415836442521585,51.4572889500129
0.05041070074729957,6.190136020925863,81.88097439566013
0.3100685272658415,5.664377437501724,66.10529449557025
0.0302244375647015,2.880977698989895,97.45389585759827
0.0636590256919609,5.985404759222629,59.26607727957571
0.037377571625154656,3.651728429045302,60.991847947924796
0.017501769455679023,7.954102155106627,63.65677980251505
0.028853883178268674,1.320879146149292,59.67495565596211
0.025676847014595692,2.051153360858229,72.6708493183003
0.02198042681370949,5.701591147027168,55.719219140263746
0.016057744469201163,0.15941524158323706,80.33469560798724
0.11441409469201508,1.2868919422560783,75.33888728962344
0.016531081280881446,1.0925832428991527,52.108613899618184
0.015045816021153397,7.090517208451104,67.25819860288907
0.16573971890581696,5.149446664274492,92.79454574612967
0.12088551513113277,7.454648055082336,58.09961835606237
0.17455452118815146,7.138583263430092,51.03775457479897
0.014932642981281607,2.102971457044289,96.37250502818274
0.10076681964570594,2.5432186726540413,79.20827821075807
0.05741132468962162,3.365714984025037,66.54050257761158
0.060560383477088385,1.8389940363701267,94.05795411385022
0.029121389101998504,6.893462659393816,93.14010430256363
0.03164416899573291,4.877937862942412,53.40448787125856
0.018001804676992972,1.9981076192909981,70.19679501846271
0.06482590746654901,6.552303297117687,80.96187553311131
0.1015993174748522,6.5176536882846605,59.700669747520564
0.010249272010757107,3.3267017179512597,63.723288573043284
0.0475525933033874,6.946766940165746,87.03167911997865
0.010591574423790055,2.9319624433518268,94.86732085232407
0.07239776831361518,2.5482014629372562,72.88717044910439
0.04879488888689262,5.718819189012642,74.26600895737494
0.0160559585130165,0.28752517092084995,79.1077136675487
0.15833910913714302,1.620551577231295,50.07279409771058
0.05041070074729957,6.190136020925863,81.88097439566013
0.3100685272658415,5.664377437501724,66.10529449557025
0.0302244375647015,2.880977698989895,97.45389585759827
0.07753871525133482,7.845536991858564,59.10302364663766
0.030601118542016983,3.859749285439754,59.72982267587855
0.017501769455679023,7.954102155106627,63.65677980251505
0.028853883178268674,1.320879146149292,59.67495565596211
0.023327377111321473,3.1648584849304826,71.4746473731984
0.022465098147023705,6.111521842868027,56.04035070468976
0.016057744469201163,0.15941524158323706,80.33469560798724
0.12343249458748892,1.1028787806191946,72.98763536934504
0.016531081280881446,1.0925832428991527,52.108613899618184
0.012647547160722807,6.247215842559941,70.77502853984372
0.16573971890581696,5.149446664274492,92.79454574612967
0.12088551513113277,7.454648055082336,58.09961835606237
0.1506826577232978,6.0659085306349345,56.14349901030204
0.014932642981281607,2.102971457044289,96.37250502818274
0.10076681964570594,2.5432186726540413,79.20827821075807
0.05741132468962162,3.365714984025037,66.54050257761158
0.07177191481591083,1.593764066327258,93.87635601845993
0.029121389101998504,6.893462659393816,93.14010430256363
0.04155821214472602,7.361094828971979,54.254568987235594
0.018701112752720232,1.9742144080942408,64.23266304611661
0.04662396492789617,5.337256803623806,85.62877383303395
0.1015993174748522,6.5176536882846605,59.700669747520564
0.010249272010757107,3.3267017179512597,63.723288573043284
0.04881739971925888,7.185453213569219,88.45555932673852
0.022023452747777797,3.382376711909846,90.44988489562004
0.07278376307785518,3.1368501470744503,59.94210300895973
0.05080776766003711,5.920676886537033,74.4866301366434
0.0160559585130165,0.28752517092084995,79.1077136675487
0.15833910913714302,1.620551577231295,50.07279409771058
0.05174211338149136,6.406077873229492,80.84826710980542
0.347150951212349,5.903832859177372,66.95125342135844
0.03070960312038043,2.9948144468940363,97.16208750527463
0.07753871525133482,7.845536991858564,59.10302364663766
0.03389057594635806,4.299970299939384,66.69267248646365
0.03675386894429744,5.740695220547898,65.04786816314243
0.02454332517922974,1.7856141762816244,60.612926016179586
0.03709209013976867,3.0220009164055157,72.67057658472979
0.022465098147023705,6.111521842868027,56.04035070468976
0.016057744469201163,0.15941524158323706,80.33469560798724
0.12788524587654448,1.4182788968588351,64.78756516600774
0.016531081280881446,1.0925832428991527,52.108613899618184
0.012647547160722807,6.247215842559941,70.77502853984372
0.16573971890581696,5.149446664274492,92.79454574612967
0.12088551513113277,7.454648055082336,58.09961835606237
0.1506826577232978,6.0659085306349345,56.14349901030204
0.014932642981281607,2.102971457044289,96.37250502818274
0.0902499741310605,2.470299908238191,77.28913028483218
0.05741132468962162,3.365714984025037,66.54050257761158
0.11063608853050531,0.19647559395517522,96.55316176099147
0.029121389101998504,6.893462659393816,93.14010430256363
0.04155821214472602,7.361094828971979,54.254568987235594
0.018701112752720232,1.9742144080942408,64.23266304611661
0.03945388864736955,5.2870496722034686,87.66043177483563
0.1015993174748522,6.5176536882846605,59.700669747520564
0.010249272010757107,3.3267017179512597,63.723288573043284
0.04881739971925888,7.185453213569219,88.45555932673852
0.01927441372527968,4.222354726855967,84.68116768938555
0.08171301793003796,3.4613463237926587,61.185549870596674
0.04040185705876292,5.171361056728746,80.47521072524535
0.016611224503702587,0.3254883152575214,78.99643702733495
0.15833910913714302,1.620551577231295,50.07279409771058
0.05174211338149136,6.406077873229492,80.84826710980542
0.347150951212349,5.903832859177372,66.95125342135844
0.03070960312038043,2.9948144468940363,97.16208750527463
0.07753871525133482,7.845536991858564,59.10302364663766
0.03389057594635806,4.299970299939384,66.69267248646365
0.03675386894429744,5.740695220547898,65.04786816314243
0.02454332517922974,1.7856141762816244,60.612926016179586
0.03577706992026789,2.8986011712891013,71.35549536137557
0.027066180168435493,5.001024330550855,61.33379918366178
0.016057744469201163,0.15941524158323706,80.33469560798724
0.155228044188708,0.9746933287995692,65.03494102624403
0.016889855756109965,0.9649855001123373,51.44526220718045
0.01095888514261428,6.491694661575886,70.73264927052271
0.14133295604814872,5.584126301269214,85.21985851750685
0.12088551513113277,7.454648055082336,58.09961835606237
0.21252298949312298,5.331932289397358,57.2139471458878
0.01908489956648127,2.795176490700317,90.4118898949038
0.09246656147220336,2.602181864860956,76.51353774421533
0.05741132468962162,3.365714984025037,66.54050257761158
0.11063608853050531,0.19647559395517522,96.55316176099147
0.029121389101998504,6.893462659393816,93.14010430256363
0.04155821214472602,7.361094828971979,54.254568987235594
0.019692419594457125,2.654794121998411,58.19413442187113
0.03945388864736955,5.2870496722034686,87.66043177483563
0.1015993174748522,6.5176536882846605,59.700669747520564
0.010249272010757107,3.3267017179512597,63.723288573043284
0.04881739971925888,7.185453213569219,88.45555932673852
0.019810526650174208,4.8339871040918325,91.04662555402541
0.058692652071969914,2.3524890276090273,67.48358126152637
0.04040185705876292,5.171361056728746,80.47521072524535
0.016611224503702587,0.3254883152575214,78.99643702733495
0.15833910913714302,1.620551577231295,50.07279409771058
0.059225891874119405,6.774527433394716,78.45808662090063
0.30735234952397356,5.882915620352976,66.70720450441068
0.03070960312038043,2.9948144468940363,97.16208750527463
0.07753871525133482,7.845536991858564,59.10302364663766
0.043200857646749344,6.44145963843227,60.06328513758332
0.03675386894429744,5.740695220547898,65.04786816314243
0.02454332517922974,1.7856141762816244,60.612926016179586
0.034934448750391,0.44691095275531634,76.79667627799545
0.027066180168435493,5.001024330550855,61.33379918366178
0.016057744469201163,0.15941524158323706,80.33469560798724
0.155228044188708,0.9746933287995692,65.03494102624403
0.01656246210235035,0.9298813393954503,51.05309562429698
0.01095888514261428,6.491694661575886,70.73264927052271
0.14701223258163018,3.700133609147371,76.96976848002296
0.12088551513113277,7.454648055082336,58.09961835606237
0.1808205562128593,4.252675464095676,61.905521894510805
0.01908489956648127,2.795176490700317,90.4118898949038
0.1294790406047367,2.5048386134809624,69.50344209368545
0.05611418934403939,3.453004667169013,66.6575638493611
0.08560596108345017,1.6354919762820912,86.00456656455691
0.029564354415980917,7.108162621535637,94.65008414711326
0.04155821214472602,7.361094828971979,54.254568987235594
0.019692419594457125,2.654794121998411,58.19413442187113
0.03945388864736955,5.2870496722034686,87.66043177483563
0.08655965341843139,5.78697153151403,60.94919345829747
0.010249272010757107,3.3267017179512597,63.723288573043284
0.04881739971925888,7.185453213569219,88.45555932673852
0.02075938250678927,6.015908855745215,93.75503680061504
0.058692652071969914,2.3524890276090273,67.48358126152637
0.04040185705876292,5.171361056728746,80.47521072524535
0.03677839518115439,0.7148936475170238,77.3002329571178
0.15327470053002823,1.8839053498925908,51.523203273597005
0.059225891874119405,6.774527433394716,78.45808662090063
0.1707180662074898,4.707342289098089,65.33493593630443
0.03070960312038043,2.9948144468940363,97.16208750527463
0.055960812069604404,7.513880821886369,75.09137693615403
0.043200857646749344,6.44145963843227,60.06328513758332
0.04244931104122916,7.585488991381731,67.11648662004772
0.02454332517922974,1.7856141762816244,60.612926016179586
0.03400231076859944,0.8131226075500546,77.91184086914389
0.022696461933211905,6.929439566382945,54.15018383742069
0.016057744469201163,0.15941524158323706,80.33469560798724
0.155228044188708,0.9746933287995692,65.03494102624403
0.01656246210235035,0.9298813393954503,51.05309562429698
0.0199138758536262,6.113116547412931,76.05246384990521
0.12604487562959238,4.0094860436489315,79.0537997616257
0.12088551513113277,7.454648055082336,58.09961835606237
0.25322230880346897,4.64572006352727,61.133941297329955
0.01908489956648127,2.795176490700317,90.4118898949038
0.17726306046584805,0.961667368047479,58.84448028849353
0.05611418934403939,3.453004667169013,66.6575638493611
0.08560596108345017,1.6354919762820912,86.00456656455691
0.029564354415980917,7.108162621535637,94.65008414711326
0.04155821214472602,7.361094828971979,54.254568987235594
0.019692419594457125,2.654794121998411,58.19413442187113
0.03945388864736955,5.2870496722034686,87.66043177483563
0.08655965341843139,5.78697153151403,60.94919345829747
0.010249272010757107,3.3267017179512597,63.723288573043284
0.050208185606379595,7.369683252452667,95.4861439348042
0.019670225825313126,6.443808886047076,95.0580509349179
0.05769193917516642,2.842239508704534,69.60878557750279
0.04040185705876292,5.171361056728746,80.47521072524535
0.03717157879996445,0.7254340988209929,77.24265267053323
0.15327470053002823,1.8839053498925908,51.523203273597005
0.07128980598327464,6.638831626688662,71.87249180176605
0.15551476599543415,4.8246152259184685,65.30235725016477
0.02637450628502687,3.1021584449155277,98.04318300077244
0.05498111850302344,7.431541645798619,73.93753857865356
0.038138826074263714,7.698740946061336,56.72884633070112
0.04093417428168317,7.529360379521501,70.35415104912748
0.02454332517922974,1.7856141762816244,60.612926016179586
0.03446501040985759,1.1928446795563463,78.7392471018241
0.02024210254967665,4.52887346962701,52.91096510134046
0.0166733729322243,0.2943399402612732,80.52745949517163
0.14314144076178334,1.4164345361833064,66.66018367621025
0.01656246210235035,0.9298813393954503,51.05309562429698
0.0199138758536262,6.113116547412931,76.05246384990521
0.12489291246305179,4.043303138369879,78.78973273671295
0.12088551513113277,7.454648055082336,58.09961835606237
0.3664645331190781,3.192969771231854,64.8144682954741
0.01908489956648127,2.795176490700317,90.4118898949038
0.17726306046584805,0.961667368047479,58.84448028849353
0.012979236154374407,2.8577932585511148,67.24565674769177
0.08192388117000193,2.231963088754526,86.99084112877091
0.029564354415980917,7.108162621535637,94.65008414711326
0.04155821214472602,7.361094828971979,54.254568987235594
0.01883499222156767,2.1822677572217475,56.23790269944465
0.03945388864736955,5.2870496722034686,87.66043177483563
0.08655965341843139,5.78697153151403,60.94919345829747
0.010249272010757107,3.3267017179512597,63.723288573043284
0.050208185606379595,7.369683252452667,95.4861439348042
0.04429902448984234,6.689777203157424,86.06492547744936
0.05769193917516642,2.842239508704534,69.60878557750279
0.0411864614044838,5.310957024855929,81.44355406662258
0.03717157879996445,0.7254340988209929,77.24265267053323
0.15327470053002823,1.8839053498925908,51.523203273597005
0.06292730704459354,6.553260586292939,72.55286900813624
0.15551476599543415,4.8246152259184685,65.30235725016477
0.02637450628502687,3.1021584449155277,98.04318300077244
0.05740031315792328,7.5995304851233865,71.1910256264864
0.03811150371700556,7.720147669071648,56.50727649011161
0.04093417428168317,7.529360379521501,70.35415104912748
0.0405608705779064,2.1459807350803155,63.514261584463
0.03446501040985759,1.1928446795563463,78.7392471018241
0.02031376186322586,4.512065547124317,53.041095801511254
0.0166733729322243,0.2943399402612732,80.52745949517163
0.16088405461344102,1.1214071887953487,63.485534762321635
0.01656246210235035,0.9298813393954503,51.05309562429698
0.0199138758536262,6.113116547412931,76.05246384990521
0.20372327237409255,1.5088687455258682,65.67427986916738
0.12088551513113277,7.454648055082336,58.09961835606237
0.3664645331190781,3.192969771231854,64.8144682954741
0.023901848500654813,3.39917174179158,87.99547537726625
0.17726306046584805,0.961667368047479,58.84448028849353
0.011393704713284434,2.113498291653308,65.23207418799794
0.08192388117000193,2.231963088754526,86.99084112877091
0.029564354415980917,7.108162621535637,94.65008414711326
0.04155821214472602,7.361094828971979,54.254568987235594
0.018948810411324034,2.2816749597649864,54.95895714316501
0.03945388864736955,5.2870496722034686,87.66043177483563
0.07851660062159331,6.047770997962651,64.89839823078896
0.010249272010757107,3.3267017179512597,63.723288573043284
0.050208185606379595,7.369683252452667,95.4861439348042
0.02954811551716005,7.325248487877457,89.08473685900697
0.056984146726876614,2.86006511432467,69.10107193005499
0.03197246486471521,6.740439200385261,88.64230409725455
0.03636970387527168,0.7085700084629871,77.37115192759663
0.15327470053002823,1.8839053498925908,51.523203273597005
0.05011406412046111,6.968735531254634,78.84427618713295
0.12650835939433974,3.954356441503288,68.52215632043891
0.02637450628502687,3.1021584449155277,98.04318300077244
0.05740031315792328,7.5995304851233865,71.1910256264864
0.03811150371700556,7.720147669071648,56.50727649011161
0.04093417428168317,7.529360379521501,70.35415104912748
0.040934276744218547,2.204365748951296,62.58164447752968
0.03446501040985759,1.1928446795563463,78.7392471018241
0.02031376186322586,4.512065547124317,53.041095801511254
0.016975839908761538,0.5585103339710937,77.1287163207134
0.16569718808898345,1.0744660566199957,62.121714830203146
0.01656246210235035,0.9298813393954503,51.05309562429698
0.01991026515666568,6.115573743870378,76.04165068762
0.20372327237409255,1.5088687455258682,65.67427986916738
0.15357225358991558,7.380052181542811,51.35922229201053
0.3664645331190781,3.192969771231854,64.8144682954741
0.021497462442755952,2.4037462958579825,87.80277312429904
0.17484450564816106,0.9852548504946779,59.52978712322887
0.011393704713284434,2.113498291653308,65.23207418799794
0.08192388117000193,2.231963088754526,86.99084112877091
0.029564354415980917,7.108162621535637,94.65008414711326
0.04155821214472602,7.361094828971979,54.254568987235594
0.018948810411324034,2.2816749597649864,54.95895714316501
0.039586756619958634,5.484292494995742,88.10369826297617
0.10516981632938958,5.651118772867396,51.30159522836138
0.013430664169408704,3.8266483754856164,67.37271345837263
0.04708958196050428,7.50927730729823,96.58823828016159
0.05041654480221126,6.599742656988585,84.65912136209431
0.06400875656463353,1.7702497980521823,63.61285516478145
0.03197246486471521,6.740439200385261,88.64230409725455
0.03636970387527168,0.7085700084629871,77.37115192759663
0.15327470053002823,1.8839053498925908,51.523203273597005
0.04937213447807023,7.101334748372543,83.19701188006428
0.18007714015283996,3.6730257759081866,76.33141927851484
0.02637450628502687,3.1021584449155277,98.04318300077244
0.050609865173311036,7.497329083969319,63.93150065838605
0.03811150371700556,7.720147669071648,56.50727649011161
0.04093417428168317,7.529360379521501,70.35415104912748
0.040934276744218547,2.204365748951296,62.58164447752968
0.03446501040985759,1.1928446795563463,78.7392471018241
0.02031376186322586,4.512065547124317,53.041095801511254
0.016975839908761538,0.5585103339710937,77.1287163207134
0.1953366295454034,1.1032012169478058,64.32152234509586
0.01656246210235035,0.9298813393954503,51.05309562429698
0.02084102058691773,6.085712299745419,76.61222071539478
0.15574942364562105,3.0512513036131734,73.65596043720072
0.15357225358991558,7.380052181542811,51.35922229201053
0.35108918372474124,3.981613824409709,74.14005529367304
0.021497462442755952,2.4037462958579825,87.80277312429904
0.17484450564816106,0.9852548504946779,59.52978712322887
0.011393704713284434,2.113498291653308,65.23207418799794
0.07317245812291034,2.2388713718010367,82.53948340298754
0.029564354415980917,7.108162621535637,94.65008414711326
0.04155821214472602,7.361094828971979,54.254568987235594
0.018948810411324034,2.2816749597649864,54.95895714316501
0.037000810618623134,5.708879089727254,88.2339706818004
0.10516981632938958,5.651118772867396,51.30159522836138
0.013430664169408704,3.8266483754856164,67.37271345837263
0.04708958196050428,7.50927730729823,96.58823828016159
0.05934790169118995,6.759431892189226,82.89030057491466
0.10705471373889877,2.879270645278111,51.24272756354275
0.030784783325764318,6.248734292326349,88.54711601062782
0.03636970387527168,0.7085700084629871,77.37115192759663
0.15327470053002823,1.8839053498925908,51.523203273597005
0.04937213447807023,7.101334748372543,83.19701188006428
0.3134753321750879,5.910931954420773,96.95392676854375
0.02637450628502687,3.1021584449155277,98.04318300077244
0.050609865173311036,7.497329083969319,63.93150065838605
0.03811150371700556,7.720147669071648,56.50727649011161
0.04093417428168317,7.529360379521501,70.35415104912748
0.04209979662425957,1.7016822144749462,59.294339351093576
0.03446501040985759,1.1928446795563463,78.7392471018241
0.035588651418897554,5.391507821587023,64.72172481621104
0.016975839908761538,0.5585103339710937,77.1287163207134
0.18538146404053588,1.1578794525850624,64.37080227421042
0.02214149031125018,2.132308423018504,59.37493687737841
0.015319176032951493,6.268590844199666,77.22471687326991
0.15574942364562105,3.0512513036131734,73.65596043720072
0.1165866933770045,7.01938435264448,58.39597070919379
0.35108918372474124,3.981613824409709,74.14005529367304
0.01932937258747927,2.341464145960929,82.95949553386752
0.17484450564816106,0.9852548504946779,59.52978712322887
0.011393704713284434,2.113498291653308,65.23207418799794
0.07317245812291034,2.2388713718010367,82.53948340298754
0.029564354415980917,7.108162621535637,94.65008414711326
0.04155821214472602,7.361094828971979,54.254568987235594
0.01882840743276571,2.254625270931454,54.962708256663504
0.037000810618623134,5.708879089727254,88.2339706818004
0.10516981632938958,5.651118772867396,51.30159522836138
0.015042404693325517,3.798276650690097,67.29440070598014
0.04732465496889468,7.508510341330811,97.5901095012984
0.05934790169118995,6.759431892189226,82.89030057491466
0.08939779323377658,2.424363977534214,56.31680127525173
0.02576613080048352,4.566634098179417,74.30516906310929
0.03636970387527168,0.7085700084629871,77.37115192759663
0.15327470053002823,1.8839053498925908,51.523203273597005
0.04937213447807023,7.101334748372543,83.19701188006428
0.3134753321750879,5.910931954420773,96.95392676854375
0.02634566778775948,3.1715781999809556,96.91794263940514
0.0399960227642199,6.44943064823242,64.91389106401556
0.03737113142098793,7.77019021579419,52.875310918848555
0.04093417428168317,7.529360379521501,70.35415104912748
0.04209979662425957,1.7016822144749462,59.294339351093576
0.03860334988581471,0.8773650223892981,85.24194185018251
0.016709142174205854,5.759205979207644,63.31798896402736
0.016975839908761538,0.5585103339710937,77.1287163207134
0.18538146404053588,1.1578794525850624,64.37080227421042
0.02214149031125018,2.132308423018504,59.37493687737841
0.015319176032951493,6.268590844199666,77.22471687326991
0.15574942364562105,3.0512513036131734,73.65596043720072
0.16331941334651362,7.36714846870155,54.418983116731
0.32352342162222947,3.966574760711886,73.5785094090667
0.02008332825426796,2.28538749553455,76.63624971188047
0.18067601488415683,0.8007376175261038,59.312368381468154
0.011393704713284434,2.113498291653308,65.23207418799794
0.055268293544377116,2.595490658233733,88.03706926595255
0.02892697282859075,7.062525416975424,97.49448553004254
0.04283488020711214,7.228100900626424,53.42016138266736
0.01882840743276571,2.254625270931454,54.962708256663504
0.03228897983902602,5.047311711853233,84.00151097748022
0.10516981632938958,5.651118772867396,51.30159522836138
0.015042404693325517,3.798276650690097,67.29440070598014
0.04732465496889468,7.508510341330811,97.5901095012984
0.041582825718836584,4.7982020715790785,82.92101768846763
0.08939779323377658,2.424363977534214,56.31680127525173
0.030397079386852044,4.691700052423643,73.49395762004818
0.037844782742558265,1.8657518300861984,78.9415141684569
0.10464451684652457,2.37725006284891,68.91524090226542
0.04992417865618402,7.511223123348636,85.01146707676071
0.3134753321750879,5.910931954420773,96.95392676854375
0.02634566778775948,3.1715781999809556,96.91794263940514
0.0399960227642199,6.44943064823242,64.91389106401556
0.03737113142098793,7.77019021579419,52.875310918848555
0.04042290615595108,7.610395729110865,74.90920032955925
0.04209979662425957,1.7016822144749462,59.294339351093576
0.03899144477762576,2.4301275122440886,79.57714231763086
0.016709142174205854,5.759205979207644,63.31798896402736
0.016975839908761538,0.5585103339710937,77.1287163207134
0.18538146404053588,1.1578794525850624,64.37080227421042
0.017159600691852378,2.1741525499760046,59.37690306954454
0.015012411635256667,6.266342776844567,77.37775599960676
0.15406255556897663,3.1184952826992047,73.3598401466839
0.1617177083189049,7.817941440706803,53.696480979488314
0.3554114070126712,4.155889882507704,74.43120298476154
0.01360235354234552,0.7733041972562167,78.61080924146808
0.18067601488415683,0.8007376175261038,59.312368381468154
0.012596293299826061,2.127295605707296,65.85716940107115
0.055268293544377116,2.595490658233733,88.03706926595255
0.02892697282859075,7.062525416975424,97.49448553004254
0.04283488020711214,7.228100900626424,53.42016138266736
0.05504683531709574,3.6647697971006723,54.641755175928054
0.03228897983902602,5.047311711853233,84.00151097748022
0.1051653066116326,5.6230124747704,51.45280910397303
0.015042404693325517,3.798276650690097,67.29440070598014
0.04732465496889468,7.508510341330811,97.5901095012984
0.04061595260780579,4.785659512853055,83.39954202890593
0.10226933164630611,1.8338378596526437,55.077047132675176
0.028251617678886808,5.646974169102025,71.8433517209984
0.0367202555139695,1.8762843929371493,78.35867824284102
0.10464451684652457,2.37725006284891,68.91524090226542
0.017482268965565262,7.422215038692818,94.0989156437368
0.283156776216855,5.468935770139848,94.91681478568353
0.02634566778775948,3.1715781999809556,96.91794263940514
0.0399960227642199,6.44943064823242,64.91389106401556
0.03737113142098793,7.77019021579419,52.875310918848555
0.04042290615595108,7.610395729110865,74.90920032955925
0.04209979662425957,1.7016822144749462,59.294339351093576
0.059312519305579674,4.157687231544522,81.83711416286985
0.017628134630225167,5.512435462170809,66.52226664548145
0.016975839908761538,0.5585103339710937,77.1287163207134
0.24975558740595546,1.3019988094616233,59.03436781150934
0.017159600691852378,2.1741525499760046,59.37690306954454
0.015012411635256667,6.266342776844567,77.37775599960676
0.1731358476746213,3.2500609220620555,75.30794012455875
0.1617177083189049,7.817941440706803,53.696480979488314
0.23755174408255555,5.438446547434845,83.29072355084305
0.015275125727440846,2.742484037991202,73.58783919627942
0.1808900477264384,0.7950404988551614,59.26723240286171
0.012596293299826061,2.127295605707296,65.85716940107115
0.07566177451587401,3.5960029755868277,81.45813094812915
0.030205874599712825,6.638601724803691,97.12699809304742
0.04398696768964129,7.3000546675210165,64.7542810281779
0.05504683531709574,3.6647697971006723,54.641755175928054
0.03466376690002426,4.90304316890524,80.9378142131352
0.1051653066116326,5.6230124747704,51.45280910397303
0.014332111568845278,3.7720787093790547,67.2018033377526
0.04732465496889468,7.508510341330811,97.5901095012984
0.0343207405293154,5.274627417270819,95.9446074136433
0.09719626206307524,2.169817078130075,60.106936694531015
0.052145632143427934,5.16676543607616,72.1313632165513
0.0422442856922596,2.139841868631809,78.2984314588981
0.10464451684652457,2.37725006284891,68.91524090226542
0.017482268965565262,7.422215038692818,94.0989156437368
0.283156776216855,5.468935770139848,94.91681478568353
0.02634566778775948,3.1715781999809556,96.91794263940514
0.0399960227642199,6.44943064823242,64.91389106401556
0.03737113142098793,7.77019021579419,52.875310918848555
0.04042290615595108,7.610395729110865,74.90920032955925
0.04209979662425957,1.7016822144749462,59.294339351093576
0.059312519305579674,4.157687231544522,81.83711416286985
0.017628134630225167,5.512435462170809,66.52226664548145
0.016781322279049438,0.8083003298007587,76.72373173664188
0.24975558740595546,1.3019988094616233,59.03436781150934
0.017159600691852378,2.1741525499760046,59.37690306954454
0.015012411635256667,6.266342776844567,77.37775599960676
0.19929643940032016,3.7776612591988457,79.97050542924231
0.17499688815370676,6.390229392713682,62.9809215556315
0.22931952771633524,5.081059671440543,82.57624083564578
0.015275125727440846,2.742484037991202,73.58783919627942
0.1808900477264384,0.7950404988551614,59.26723240286171
0.012596293299826061,2.127295605707296,65.85716940107115
0.12712325220467496,1.896601596580386,94.70254658513171
0.030205874599712825,6.638601724803691,97.12699809304742
0.04398696768964129,7.3000546675210165,64.7542810281779
0.061252127175197985,3.9089078335296126,53.866217584921316
0.028767626077306006,3.689684258059004,73.18288600380163
0.1051653066116326,5.6230124747704,51.45280910397303
0.01503062126580379,4.433954994364463,67.74289675772344
0.04732465496889468,7.508510341330811,97.5901095012984
0.0343207405293154,5.274627417270819,95.9446074136433
0.09719626206307524,2.169817078130075,60.106936694531015
0.01409662379150857,6.624136056993887,72.72931704497546
0.0422442856922596,2.139841868631809,78.2984314588981
0.12381248226614497,2.4217487750232016,71.00509293361456
0.017482268965565262,7.422215038692818,94.0989156437368
0.283156776216855,5.468935770139848,94.91681478568353
0.02634566778775948,3.1715781999809556,96.91794263940514
0.0399960227642199,6.44943064823242,64.91389106401556
0.03737113142098793,7.77019021579419,52.875310918848555
0.04042290615595108,7.610395729110865,74.90920032955925
0.04209979662425957,1.7016822144749462,59.294339351093576
0.06358869297952524,3.8239649192628504,80.58362913083138
0.017628134630225167,5.512435462170809,66.52226664548145
0.020749714831572535,1.024478271572911,75.58908113304943
0.15969885276454232,3.4900066362319575,75.28766617086828
0.017159600691852378,2.1741525499760046,59.37690306954454
0.015012411635256667,6.266342776844567,77.37775599960676
0.19929643940032016,3.7776612591988457,79.97050542924231
0.1490547650818672,4.601217436041317,65.91566569267434
0.21151342302300224,4.945997534076289,82.3621548287453
0.015275125727440846,2.742484037991202,73.58783919627942
0.2754178683760268,0.17754132433139191,59.24877029388452
0.011538913993383295,1.1253706643412307,65.03808129446251
0.11300610326974203,1.8024055999415984,91.07941146955933
0.029713457737866926,6.648116496828791,98.747226592862
0.04398696768964129,7.3000546675210165,64.7542810281779
0.061252127175197985,3.9089078335296126,53.866217584921316
0.028767626077306006,3.689684258059004,73.18288600380163
0.1051653066116326,5.6230124747704,51.45280910397303
0.014424675762140416,4.342578834904023,66.46338007213997
0.04732465496889468,7.508510341330811,97.5901095012984
0.03437696778878611,5.237423888945317,95.75733988155443
0.09719626206307524,2.169817078130075,60.106936694531015
0.01409662379150857,6.624136056993887,72.72931704497546
0.04101760871572975,0.8435538132793692,73.64037295868745
0.11378613720215774,2.1690341950050445,69.90548559310793
0.017482268965565262,7.422215038692818,94.0989156437368
0.2543943509267272,5.211635469227637,95.14093784149968
0.02634566778775948,3.1715781999809556,96.91794263940514
0.045667292257403895,7.843330948330997,60.73736434796571
0.03737113142098793,7.77019021579419,52.875310918848555
0.04042290615595108,7.610395729110865,74.90920032955925
0.03694185784955389,2.1829296117197936,71.61239541493103
0.1036383809468387,5.247091397488129,98.87652954552098
0.017628134630225167,5.512435462170809,66.52226664548145
0.020749714831572535,1.024478271572911,75.58908113304943
0.22168949717885278,2.5925430853219376,76.04074106530635
0.017159600691852378,2.1741525499760046,59.37690306954454
0.014805074738826137,5.587692275094402,73.52746723081239
0.2137615314037863,3.0935429132598893,76.03282573460513
0.1349412795045629,3.939502733794745,64.3347983678297
0.1615424609894196,5.724196954385947,80.18534624147422
0.015156824616161975,3.458558047879098,73.57264494974483
0.24451148822893048,1.1708795824125255,64.44397968741418
0.011538913993383295,1.1253706643412307,65.03808129446251
0.10315848271817159,2.282466481805309,89.25244030428738
0.029713457737866926,6.648116496828791,98.747226592862
0.027912298310728986,7.7406991710817685,68.24925600138069
0.061252127175197985,3.9089078335296126,53.866217584921316
0.035078625111948716,4.132728876880971,72.9934726896987
0.1051653066116326,5.6230124747704,51.45280910397303
0.011440397451953924,5.9081241909828535,62.157694140027125
0.04732465496889468,7.508510341330811,97.5901095012984
0.03738437088815277,5.031786229511209,99.17220046085775
0.09989074618467572,1.8813759175991072,58.08178010063358
0.01409662379150857,6.624136056993887,72.72931704497546
0.04101760871572975,0.8435538132793692,73.64037295868745
0.11378613720215774,2.1690341950050445,69.90548559310793
0.017482268965565262,7.422215038692818,94.0989156437368
0.20094542717103092,4.642423436638061,81.35682178376878
0.02634566778775948,3.1715781999809556,96.91794263940514
0.045667292257403895,7.843330948330997,60.73736434796571
0.03737113142098793,7.77019021579419,52.875310918848555
0.04042290615595108,7.610395729110865,74.90920032955925
0.03992635686227884,4.119046647399372,67.89263569116173
0.1036383809468387,5.247091397488129,98.87652954552098
0.017628134630225167,5.512435462170809,66.52226664548145
0.023943429327453664,1.0494009188837172,75.59625976565273
0.2614903796102831,1.9688459908148879,81.48894171549286
0.017041532944515443,2.321790210805381,61.23335541600413
0.014805074738826137,5.587692275094402,73.52746723081239
0.2482171169055395,2.9835126742194262,75.53661923457992
0.1351244849550831,3.9490543813452854,64.19116570241164
0.16046241560618313,5.643794259613454,79.95285941767595
0.015405483071686009,3.8823896591647786,75.7675075228896
0.1499427328084419,2.2276573452041193,70.41700287722885
0.021411285734920623,2.980108024452333,72.86418634584209
0.07820017545264457,1.8939641974460177,84.9497839862309
0.029713457737866926,6.648116496828791,98.747226592862
0.027912298310728986,7.7406991710817685,68.24925600138069
0.061252127175197985,3.9089078335296126,53.866217584921316
0.01591910272407958,3.7253316175576643,78.88202123257885
0.09116259437399381,6.006859758780662,54.49729653160929
0.011440397451953924,5.9081241909828535,62.157694140027125
0.045646842670606355,7.533278637202816,92.07638980849575
0.03738437088815277,5.031786229511209,99.17220046085775
0.09989074618467572,1.8813759175991072,58.08178010063358
0.014031815340582062,6.608859127527904,72.3202574681718
0.034971284035640926,1.8029354911546045,83.23308770201768
0.11378613720215774,2.1690341950050445,69.90548559310793
0.02075651479089654,5.851978811783848,95.1402980250588
0.24055608356264008,5.766486877356964,86.56102828011652
0.02634566778775948,3.1715781999809556,96.91794263940514
0.045667292257403895,7.843330948330997,60.73736434796571
0.03737113142098793,7.77019021579419,52.875310918848555
0.04042290615595108,7.610395729110865,74.90920032955925
0.03992635686227884,4.119046647399372,67.89263569116173
0.1036383809468387,5.247091397488129,98.87652954552098
0.01787356205398753,5.769074493310028,64.74733036972304
0.023943429327453664,1.0494009188837172,75.59625976565273
0.2306821161483511,2.7663202941623712,77.55560585385858
0.017041532944515443,2.321790210805381,61.23335541600413
0.015034518404580376,5.284688824375131,73.8856738480272
0.19053412617713844,3.876484284546684,74.74438605550722
0.1351244849550831,3.9490543813452854,64.19116570241164
0.168185686859337,5.51037512380783,81.65182009804577
0.02217093259291672,3.8821615267863496,75.72798299669604
0.13081124285405996,3.4751917543206767,82.17557689178898
0.03541573356026192,3.5878096944381705,69.17654011904244
0.07710456838273941,2.0242202869387134,82.94038593935016
0.029713457737866926,6.648116496828791,98.747226592862
0.027912298310728986,7.7406991710817685,68.24925600138069
0.061252127175197985,3.9089078335296126,53.866217584921316
0.01591910272407958,3.7253316175576643,78.88202123257885
0.09116259437399381,6.006859758780662,54.49729653160929
0.011440397451953924,5.9081241909828535,62.157694140027125
0.045646842670606355,7.533278637202816,92.07638980849575
0.03676219384599903,4.9489021544456575,98.0118570290251
0.09989074618467572,1.8813759175991072,58.08178010063358
0.014031815340582062,6.608859127527904,72.3202574681718
0.034971284035640926,1.8029354911546045,83.23308770201768
0.12454994241241062,1.8125477793302922,73.19180537845389
0.020073398242385194,5.832334607712282,87.9386748774001
0.20262307877923133,5.112596805734811,78.51262424023454
0.02634566778775948,3.1715781999809556,96.91794263940514
0.045667292257403895,7.843330948330997,60.73736434796571
0.03737113142098793,7.77019021579419,52.875310918848555
0.04042290615595108,7.610395729110865,74.90920032955925
0.03992635686227884,4.119046647399372,67.89263569116173
0.07012273566679506,4.6454417140073065,88.91331436309133
0.01787356205398753,5.769074493310028,64.74733036972304
0.023943429327453664,1.0494009188837172,75.59625976565273
0.2306821161483511,2.7663202941623712,77.55560585385858
0.017041532944515443,2.321790210805381,61.23335541600413
0.015034518404580376,5.284688824375131,73.8856738480272
0.20545926172239148,3.2688541964490305,69.66529079806192
0.16632408945464397,5.77999122064894,69.60104898936157
0.11625972741687925,7.790308256197162,85.05521221390016
0.026665374190568414,3.865325217409472,75.99471947910496
0.21985177441741563,1.7610294499094752,66.71459090078815
0.03541573356026192,3.5878096944381705,69.17654011904244
0.07673473134506949,1.9194454355271668,83.68866368014278
0.030122412530484,7.070276732257776,98.9693587480458
0.03013442415471739,7.22008411102305,74.5133632781329
0.061252127175197985,3.9089078335296126,53.866217584921316
0.01591910272407958,3.7253316175576643,78.88202123257885
0.09116259437399381,6.006859758780662,54.49729653160929
0.011440397451953924,5.9081241909828535,62.157694140027125
0.045646842670606355,7.533278637202816,92.07638980849575
0.03853636078688918,5.251620103369632,98.1981750716601
0.09989074618467572,1.8813759175991072,58.08178010063358
0.013253366907849416,6.58609739112382,71.83380746145052
0.05985670373359353,2.3482834939481956,83.00475781042545
0.12454994241241062,1.8125477793302922,73.19180537845389
0.020073398242385194,5.832334607712282,87.9386748774001
0.1692090164377369,4.744669251467533,82.00142324712883
0.025393317439140133,2.8712842566123182,98.40687341284544
0.045667292257403895,7.843330948330997,60.73736434796571
0.03737113142098793,7.77019021579419,52.875310918848555
0.04042290615595108,7.610395729110865,74.90920032955925
0.03993420213190714,4.11265429544007,67.72158835377672
0.07012273566679506,4.6454417140073065,88.91331436309133
0.018264443866099496,5.780314979434577,68.8681257336163
0.021449355010976258,0.05643197836298253,75.70024227136498
0.1434594710313014,4.016248674349988,71.42973438676333
0.014290269981156123,1.2924916109043219,58.44277286264677
0.015034518404580376,5.284688824375131,73.8856738480272
0.16557789497562922,4.167645557160143,70.76808809292874
0.16632408945464397,5.77999122064894,69.60104898936157
0.09072921085550556,5.926077887608764,82.4392933877434
0.026665374190568414,3.865325217409472,75.99471947910496
0.32290678446403664,2.1353722854872297,62.04250572912754
0.03606690280094976,3.6326765685456994,69.45804121179137
0.06050255756774843,2.2203801386532573,88.34199361199914
0.030122412530484,7.070276732257776,98.9693587480458
0.03013442415471739,7.22008411102305,74.5133632781329
0.061252127175197985,3.9089078335296126,53.866217584921316
0.01591910272407958,3.7253316175576643,78.88202123257885
0.09116259437399381,6.006859758780662,54.49729653160929
0.011440397451953924,5.9081241909828535,62.157694140027125
0.045646842670606355,7.533278637202816,92.07638980849575
0.03853636078688918,5.251620103369632,98.1981750716601
0.09989074618467572,1.8813759175991072,58.08178010063358
0.013253366907849416,6.58609739112382,71.83380746145052
0.051060364773222365,2.9950400894201534,79.21723553835152
0.07519055923126253,3.5997985858038226,68.3766774874229
0.020667550224855336,5.884249304849885,87.55824857097414
0.1692090164377369,4.744669251467533,82.00142324712883
0.025393317439140133,2.8712842566123182,98.40687341284544
0.045667292257403895,7.843330948330997,60.73736434796571
0.03737113142098793,7.77019021579419,52.875310918848555
0.04042290615595108,7.610395729110865,74.90920032955925
0.03993420213190714,4.11265429544007,67.72158835377672
0.051119528629262015,4.626411416134483,90.23890754183985
0.018264443866099496,5.780314979434577,68.8681257336163
0.021449355010976258,0.05643197836298253,75.70024227136498
0.1434594710313014,4.016248674349988,71.42973438676333
0.014290269981156123,1.2924916109043219,58.44277286264677
0.018898710545419,4.384405023878615,83.03293371147073
0.16404775396891258,4.178999319433674,70.79977560993869
0.13108330192559933,5.427114038552742,75.91411839470169
0.09072921085550556,5.926077887608764,82.4392933877434
0.026665374190568414,3.865325217409472,75.99471947910496
0.45670068896684524,0.47583627195812284,50.747311477812545
0.03606690280094976,3.6326765685456994,69.45804121179137
0.05262633517206006,1.4806875163776674,99.04809738294352
0.030122412530484,7.070276732257776,98.9693587480458
0.03013442415471739,7.22008411102305,74.5133632781329
0.06586658736885384,3.6843118102807355,50.035438813498196
0.013645498262884324,3.6655134476129247,78.32731932121473
0.09703913434431433,6.22414891485485,52.98030417500934
0.011440397451953924,5.9081241909828535,62.157694140027125
0.045646842670606355,7.533278637202816,92.07638980849575
0.05158342353998129,4.663654197382204,87.5832123419962
0.09989074618467572,1.8813759175991072,58.08178010063358
0.013253366907849416,6.58609739112382,71.83380746145052
0.04493537540936518,3.384318220600308,78.3107819241372
0.06854195712805417,3.5025321162772656,72.38611288191714
0.020667550224855336,5.884249304849885,87.55824857097414
0.18930080711792574,4.596503581635055,84.52851674707374
0.025393317439140133,2.8712842566123182,98.40687341284544
0.045667292257403895,7.843330948330997,60.73736434796571
0.03737113142098793,7.77019021579419,52.875310918848555
0.04334283406844157,7.18113137379137,76.91316542761527
0.03993420213190714,4.11265429544007,67.72158835377672
0.06447211135737528,4.074874690192326,91.4143228202496
0.018264443866099496,5.780314979434577,68.8681257336163
0.021449355010976258,0.05643197836298253,75.70024227136498
0.13245185122369652,4.414931969424257,73.72801699201038
0.014290269981156123,1.2924916109043219,58.44277286264677
0.018898710545419,4.384405023878615,83.03293371147073
0.21445226198641834,3.374403097929107,70.45414028646489
0.1299825160754674,5.458252666960523,75.71853028223336
0.09072921085550556,5.926077887608764,82.4392933877434
0.026665374190568414,3.865325217409472,75.99471947910496
0.31537127400080955,2.734642231119063,51.624768485552686
0.03606690280094976,3.6326765685456994,69.45804121179137
0.05262633517206006,1.4806875163776674,99.04809738294352
0.030122412530484,7.070276732257776,98.9693587480458
0.03013442415471739,7.22008411102305,74.5133632781329
0.06586658736885384,3.6843118102807355,50.035438813498196
0.02303423201697475,3.1392869580381975,83.31802459653878
0.09703913434431433,6.22414891485485,52.98030417500934
0.011440397451953924,5.9081241909828535,62.157694140027125
0.045646842670606355,7.533278637202816,92.07638980849575
0.05158342353998129,4.663654197382204,87.5832123419962
0.11189698701309422,1.6848697000612691,54.139467177599386
0.013253366907849416,6.58609739112382,71.83380746145052
0.045011643187032845,3.3856780499950387,78.31751632962529
0.08824858699810081,3.331805928467443,70.68794484696672
0.024877716556162673,6.359603950830305,78.81635456278269
0.10719018117415455,4.494300934546485,83.80784921026327
0.05302667224789557,4.164463715359773,80.88612259001599
0.045667292257403895,7.843330948330997,60.73736434796571
0.03737113142098793,7.77019021579419,52.875310918848555
0.046845777181428704,7.250403793287999,77.50449201744854
0.03993420213190714,4.11265429544007,67.72158835377672
0.0641653406017196,4.082282361739301,91.63123788984421
0.018264443866099496,5.780314979434577,68.8681257336163
0.021449355010976258,0.05643197836298253,75.70024227136498
0.10633679700343723,4.145969954083826,76.93704351787943
0.014290269981156123,1.2924916109043219,58.44277286264677
0.018898710545419,4.384405023878615,83.03293371147073
0.37747923875421924,2.9482096085608163,65.64409265257117
0.1299825160754674,5.458252666960523,75.71853028223336
0.08721929578598286,6.051207475025556,83.18959536422591
0.03131142126530375,2.922823820545916,77.43609903552401
0.31537127400080955,2.734642231119063,51.624768485552686
0.03606690280094976,3.6326765685456994,69.45804121179137
0.05262633517206006,1.4806875163776674,99.04809738294352
0.030122412530484,7.070276732257776,98.9693587480458
0.03180492730427444,7.215157653511932,74.81687271456087
0.06586658736885384,3.6843118102807355,50.035438813498196
0.03514764050115992,3.412784457253268,85.68479068483069
0.0908719613126748,5.721667840452508,52.39769235783515
0.011440397451953924,5.9081241909828535,62.157694140027125
0.04860143292000419,4.971068461397454,95.02768450747652
0.053283353952293916,4.473025208087085,86.68131370608748
0.11189698701309422,1.6848697000612691,54.139467177599386
0.013253366907849416,6.58609739112382,71.83380746145052
0.043435939992970546,3.390008102799821,79.49438520352129
0.09562512438844756,3.322614952331801,69.38628440676355
0.024877716556162673,6.359603950830305,78.81635456278269
0.1747367849108434,5.508323541800376,82.04804145174697
0.058075943938265664,1.8595240637307695,73.2297534446053
0.045667292257403895,7.843330948330997,60.73736434796571
0.03737113142098793,7.77019021579419,52.875310918848555
0.04627622786406453,7.818884893594431,75.38183435198314
0.037339841653743766,4.648046947964824,58.999382387408836
0.0641653406017196,4.082282361739301,91.63123788984421
0.018264443866099496,5.780314979434577,68.8681257336163
0.021449355010976258,0.05643197836298253,75.70024227136498
0.11689291195201564,4.9573679826063515,84.37814856196238
0.015642418083300243,1.5747907054317762,58.54165501579547
0.018898710545419,4.384405023878615,83.03293371147073
0.37747923875421924,2.9482096085608163,65.64409265257117
0.13275603372116068,6.036922177073284,79.02780103078717
0.07065917266278379,6.346773737290971,87.76628693811912
0.04254593105601122,1.2350201847139006,86.07407315286854
0.31537127400080955,2.734642231119063,51.624768485552686
0.04751111917600947,2.2520785983693727,69.8372652504446
0.05262633517206006,1.4806875163776674,99.04809738294352
0.032936695977170576,6.125779589357118,83.38391399824141
0.03180492730427444,7.215157653511932,74.81687271456087
0.06586658736885384,3.6843118102807355,50.035438813498196
0.04802852085048178,2.0569889953192844,98.46779185167063
0.0908719613126748,5.721667840452508,52.39769235783515
0.011440397451953924,5.9081241909828535,62.157694140027125
0.04546941688195703,4.9092074887878505,93.76289297114201
0.05588025632176723,4.181810420466851,85.30352630511392
0.11189698701309422,1.6848697000612691,54.139467177599386
0.013253366907849416,6.58609739112382,71.83380746145052
0.043435939992970546,3.390008102799821,79.49438520352129
0.09562512438844756,3.322614952331801,69.38628440676355
0.02191347405996906,6.486850617890714,79.21146465310325
0.17352654368226736,5.4346870625367165,81.51054597360572
0.01415548669299957,0.4858245417911382,69.90984559750561
0.04538396414412551,7.854705311219044,53.923523917523404
0.03490596088280648,7.137850381117135,58.201808781938745
0.04627622786406453,7.818884893594431,75.38183435198314
0.037339841653743766,4.648046947964824,58.999382387408836
0.0641653406017196,4.082282361739301,91.63123788984421
0.0280006416710058,5.366569919521368,73.12214287482682
0.021449355010976258,0.05643197836298253,75.70024227136498
0.11689291195201564,4.9573679826063515,84.37814856196238
0.015642418083300243,1.5747907054317762,58.54165501579547
0.018898710545419,4.384405023878615,83.03293371147073
0.37747923875421924,2.9482096085608163,65.64409265257117
0.13275603372116068,6.036922177073284,79.02780103078717
0.060479750995892645,6.389211542234007,84.9410774552236
0.04254593105601122,1.2350201847139006,86.07407315286854
0.2703457886213361,3.2388750592878415,59.05498314742184
0.04751111917600947,2.2520785983693727,69.8372652504446
0.04973215002444113,2.673918730826779,90.2882935160714
0.039516361131190975,6.941969462489556,83.54841999333881
0.035692421270112774,7.5013935721708105,73.08973017832732
0.06586658736885384,3.6843118102807355,50.035438813498196
0.04501491685871134,1.678758819383821,99.74454071711753
0.0908719613126748,5.721667840452508,52.39769235783515
0.0603044395163974,5.689210335943928,68.8433214969186
0.04546941688195703,4.9092074887878505,93.76289297114201
0.058094043688048935,3.485838672411278,81.42764668161215
0.11189698701309422,1.6848697000612691,54.139467177599386
0.013253366907849416,6.58609739112382,71.83380746145052
0.06061313868229828,2.6938841363211763,77.01723712440362
0.08567590970924699,2.8845210051804386,70.23317716969088
0.02191347405996906,6.486850617890714,79.21146465310325
0.15682293696313346,5.256801647142379,82.04907934488654
0.01415548669299957,0.4858245417911382,69.90984559750561
0.04538396414412551,7.854705311219044,53.923523917523404
0.03490596088280648,7.137850381117135,58.201808781938745
0.04627622786406453,7.818884893594431,75.38183435198314
0.037339841653743766,4.648046947964824,58.999382387408836
0.06606336840843552,4.013698911759266,91.20666888795571
0.026543343070835886,5.487081383895456,72.99483193605235
0.021449355010976258,0.05643197836298253,75.70024227136498
0.1361511118456789,5.101784455296297,83.25484146320309
0.015642418083300243,1.5747907054317762,58.54165501579547
0.02260496194011591,4.501198922400231,81.76281309368731
0.37747923875421924,2.9482096085608163,65.64409265257117
0.13275603372116068,6.036922177073284,79.02780103078717
0.052388195062833175,4.063693175323192,85.45227351329389
0.04254593105601122,1.2350201847139006,86.07407315286854
0.2673477817482405,3.2570063862458367,59.05426775168693
0.04751111917600947,2.2520785983693727,69.8372652504446
0.049147311779318546,2.5628404704942507,84.90316188214237
0.039516361131190975,6.941969462489556,83.54841999333881
0.035692421270112774,7.5013935721708105,73.08973017832732
0.06586658736885384,3.6843118102807355,50.035438813498196
0.04501491685871134,1.678758819383821,99.74454071711753
0.0908719613126748,5.721667840452508,52.39769235783515
0.06057744110859702,5.6895002171606235,68.69644393943727
0.045473812801100716,4.75768314218532,95.81233748912302
0.058094043688048935,3.485838672411278,81.42764668161215
0.11189698701309422,1.6848697000612691,54.139467177599386
0.013253366907849416,6.58609739112382,71.83380746145052
0.06389542626211982,2.9074939475823216,72.23479800096487
0.08946576864325803,2.9067266096575812,68.11859420662677
0.02191347405996906,6.486850617890714,79.21146465310325
0.15682293696313346,5.256801647142379,82.04907934488654
0.01415548669299957,0.4858245417911382,69.90984559750561
0.03999010985388869,7.0606264195859865,60.51560674956086
0.03490596088280648,7.137850381117135,58.201808781938745
0.04627622786406453,7.818884893594431,75.38183435198314
0.034275083218359106,5.306488654267531,56.02850093573674
0.06565242463815518,4.139231035873018,89.52045683945208
0.03204599366785482,5.184026524919473,75.64715698529474
0.021449355010976258,0.05643197836298253,75.70024227136498
0.14516216620972583,4.992952315497751,84.09224949160495
0.015642418083300243,1.5747907054317762,58.54165501579547
0.018439754871653297,3.900047320973863,81.32302556363781
0.37747923875421924,2.9482096085608163,65.64409265257117
0.13266735006393995,6.061349135785466,78.91738548480626
0.052388195062833175,4.063693175323192,85.45227351329389
0.04254593105601122,1.2350201847139006,86.07407315286854
0.22690836242278434,3.3703941749725064,56.63453500962647
0.048471591279620446,2.256469154044233,69.79015405356924
0.049147311779318546,2.5628404704942507,84.90316188214237
0.039516361131190975,6.941969462489556,83.54841999333881
0.035692421270112774,7.5013935721708105,73.08973017832732
0.06586658736885384,3.6843118102807355,50.035438813498196
0.04501491685871134,1.678758819383821,99.74454071711753
0.0908719613126748,5.721667840452508,52.39769235783515
0.06057744110859702,5.6895002171606235,68.69644393943727
0.045473812801100716,4.75768314218532,95.81233748912302
0.05761168685247425,3.452904561195739,81.30120442989382
0.11189698701309422,1.6848697000612691,54.139467177599386
0.013253366907849416,6.58609739112382,71.83380746145052
0.04860273225111634,1.31217045044799,83.4802298585337
0.10525861818566717,3.568541484327885,66.35819813785963
0.04522887150154283,6.228136407614603,70.14552102703414
0.16664176561636698,5.3689762686940625,81.7291151279483
0.025324547411429914,1.2484199084259755,72.837639053847
0.04041401224142531,7.017151364405449,59.275358453591686
0.03490596088280648,7.137850381117135,58.201808781938745
0.04627622786406453,7.818884893594431,75.38183435198314
0.035157040253161194,5.667507096538773,54.67578003153284
0.012952365974264912,3.49750345072826,93.58627369982005
0.03271007605956543,5.6060622319377815,75.1814019242196
0.023219096980208506,0.5387501379736912,72.1642154980436
0.10540965157178102,3.997923784796838,76.14537382455562
0.028883203618532513,2.082422343939623,60.84706697115985
0.018439754871653297,3.900047320973863,81.32302556363781
0.37747923875421924,2.9482096085608163,65.64409265257117
0.13705241280092695,6.98531646586074,84.14852785834395
0.06786752244627796,3.06598544309218,90.83889981051365
0.04565926783941628,1.460140770548684,86.65991745748431
0.16509968236376937,3.2520905875496724,69.92751460475542
0.048471591279620446,2.256469154044233,69.79015405356924
0.06680677217992095,1.793832649570394,86.96204516404904
0.039516361131190975,6.941969462489556,83.54841999333881
0.035692421270112774,7.5013935721708105,73.08973017832732
0.06586658736885384,3.6843118102807355,50.035438813498196
0.04501491685871134,1.678758819383821,99.74454071711753
0.05735384359632816,6.094955345322455,60.79080999912733
0.059881805494052504,5.4992122675070245,69.68278187762182
0.045473812801100716,4.75768314218532,95.81233748912302
0.05443277541008504,4.065848948536392,81.69598589877603
0.11189698701309422,1.6848697000612691,54.139467177599386
0.01810878082095327,5.187029256953844,68.42077291581403
0.04860273225111634,1.31217045044799,83.4802298585337
0.13798084183322956,4.324593113943106,64.3806121443505
0.04522887150154283,6.228136407614603,70.14552102703414
0.20713988590279533,5.862121088514138,78.60467951158735
0.025376060853016528,1.2483798265197266,72.87723252025175
0.04041401224142531,7.017151364405449,59.275358453591686
0.03490596088280648,7.137850381117135,58.201808781938745
0.04640531149513772,7.837057374842246,75.35428378784704
0.035157040253161194,5.667507096538773,54.67578003153284
0.012952365974264912,3.49750345072826,93.58627369982005
0.03271007605956543,5.6060622319377815,75.1814019242196
0.023219096980208506,0.5387501379736912,72.1642154980436
0.1316772286332506,4.206249236403887,93.48962227362102
0.028883203618532513,2.082422343939623,60.84706697115985
0.018439754871653297,3.900047320973863,81.32302556363781
0.37747923875421924,2.9482096085608163,65.64409265257117
0.13858057478902205,7.77540379495269,81.49285970496703
0.06692074139629386,3.2355807844371984,89.87288846153994
0.04565926783941628,1.460140770548684,86.65991745748431
0.1627180959184499,3.2624638627708924,69.4501063562658
0.045815460308067935,2.2328688899072766,68.57749627938878
0.06137014784720578,1.3920404957936503,87.17979585305248
0.036687475291929096,6.574409618627024,86.913268722401
0.03133555182773471,4.860581947748572,72.99998684680197
0.06586658736885384,3.6843118102807355,50.035438813498196
0.04501491685871134,1.678758819383821,99.74454071711753
0.062144611327991546,6.87476159135143,59.19456718308721
0.05936263621606076,5.479178574718845,69.8286061507781
0.045473812801100716,4.75768314218532,95.81233748912302
0.054799364823524654,4.067537640412934,81.69978450496271
0.11189698701309422,1.6848697000612691,54.139467177599386
0.01810878082095327,5.187029256953844,68.42077291581403
0.04860273225111634,1.31217045044799,83.4802298585337
0.12617416187101754,4.646836786684934,63.672863047996714
0.047305969364773354,6.749142825150151,69.85971604929182
0.17173450612591107,5.445042900313171,79.32401122296284
0.025376060853016528,1.2483798265197266,72.87723252025175
0.04110858346733197,6.7069886229109,64.29087912883011
0.03490596088280648,7.137850381117135,58.201808781938745
0.04640531149513772,7.837057374842246,75.35428378784704
0.035157040253161194,5.667507096538773,54.67578003153284
0.021737921725432582,4.435105057744079,85.40227735715023
0.04420563562001205,6.972305662975712,69.55641942660189
0.023219096980208506,0.5387501379736912,72.1642154980436
0.1278622153201052,4.077245005248412,92.73950137888416
0.014305597178982832,1.907781987520344,58.41134043548247
0.01767835563584592,3.8195472582110406,82.53669105546219
0.3017440739722467,2.6651020825823304,67.19527427264134
0.1297010594519268,6.86951509698047,80.95619935982333
0.06404494399720563,3.192075775743109,90.91055056266956
0.03659212335644038,0.7029885871066983,85.28971739889238
0.12653627430646064,3.252310359581763,77.16361225253411
0.045815460308067935,2.2328688899072766,68.57749627938878
0.0738639991151632,1.173014785104899,77.58151786713506
0.036687475291929096,6.574409618627024,86.913268722401
0.03133555182773471,4.860581947748572,72.99998684680197
0.06586658736885384,3.6843118102807355,50.035438813498196
0.04501491685871134,1.678758819383821,99.74454071711753
0.062144611327991546,6.87476159135143,59.19456718308721
0.05936263621606076,5.479178574718845,69.8286061507781
0.05391389378736785,4.872386447336139,99.51397861587343
0.08614236027622789,3.7190754194569227,78.18973758155795
0.09649887931637495,1.6834628058282415,64.63902008105096
0.01810878082095327,5.187029256953844,68.42077291581403
0.03910104999155338,1.6833095830381624,72.57463843737706
0.14645185846487743,4.438726020126041,61.17600387963694
0.04412642058639362,5.951604419411919,70.2972163153708
0.17173450612591107,5.445042900313171,79.32401122296284
0.025376060853016528,1.2483798265197266,72.87723252025175
0.04110858346733197,6.7069886229109,64.29087912883011
0.02853900507974451,5.911476255297581,67.19546272786809
0.04640531149513772,7.837057374842246,75.35428378784704
0.035157040253161194,5.667507096538773,54.67578003153284
0.021737921725432582,4.435105057744079,85.40227735715023
0.05638261656343615,5.954392193323393,68.31794544401724
0.023219096980208506,0.5387501379736912,72.1642154980436
0.1278622153201052,4.077245005248412,92.73950137888416
0.014305597178982832,1.907781987520344,58.41134043548247
0.015425541843866422,3.6096386143982695,83.7169129434206
0.3017440739722467,2.6651020825823304,67.19527427264134
0.1297010594519268,6.86951509698047,80.95619935982333
0.06450032233929374,3.17229923051161,91.13349816975334
0.03978009942904361,3.3281150908180335,78.70177536341596
0.14392439672185398,4.683351066583626,89.97239169974758
0.045815460308067935,2.2328688899072766,68.57749627938878
0.0738639991151632,1.173014785104899,77.58151786713506
0.03696966516553666,6.703527523291897,87.26110529446379
0.03133555182773471,4.860581947748572,72.99998684680197
0.06586658736885384,3.6843118102807355,50.035438813498196
0.10821890905250271,3.5432313889208817,91.74890031015262
0.062144611327991546,6.87476159135143,59.19456718308721
0.06243503309965881,5.236785932020701,69.40029852153539
0.05391389378736785,4.872386447336139,99.51397861587343
0.1449652075323224,6.026088499375918,83.40874128310664
0.10747406053212744,1.683492103937722,63.12163082532057
0.01810878082095327,5.187029256953844,68.42077291581403
0.04460318581433141,2.0798301822043794,72.7168251542993
0.12843663667453417,4.720081109032163,62.67352537346542
0.04185542190576821,6.072274585324749,69.87061856426408
0.19648089451566175,6.146896839741945,80.58329078339385
0.0252255748494939,1.3299387604603021,72.78495111747478
0.04110858346733197,6.7069886229109,64.29087912883011
0.06882582756852616,5.431009161079761,65.37185105065478
0.046807670187427125,7.939280397243802,76.30199018790215
0.037161464490375086,5.788629750791094,59.22268467434372
0.021737921725432582,4.435105057744079,85.40227735715023
0.07273972283828345,5.323180279411968,52.35667956001046
0.026691481574193522,0.00542369953175359,77.52184971077688
0.1278622153201052,4.077245005248412,92.73950137888416
0.014305597178982832,1.907781987520344,58.41134043548247
0.015425541843866422,3.6096386143982695,83.7169129434206
0.3660065233060258,0.5394902558478822,59.021981986169266
0.10795350264416886,6.013020706869282,80.41096258835019
0.06450032233929374,3.17229923051161,91.13349816975334
0.0268014564866352,3.4099217324095514,72.17485640931758
0.14392439672185398,4.683351066583626,89.97239169974758
0.045815460308067935,2.2328688899072766,68.57749627938878
0.0738639991151632,1.173014785104899,77.58151786713506
0.03696966516553666,6.703527523291897,87.26110529446379
0.03133555182773471,4.860581947748572,72.99998684680197
0.06586658736885384,3.6843118102807355,50.035438813498196
0.11260523726009578,3.339201699652031,93.73160110384552
0.062144611327991546,6.87476159135143,59.19456718308721
0.07696692508096746,3.9792685808551296,67.33595909052141
0.05016639495159276,4.343296871469636,96.1748717930882
0.16664738823513273,7.8263857378937605,76.49210600439196
0.10403665547873975,1.6367893145381995,63.490547087809375
0.02086248822711117,5.358522926205986,67.95886580370718
0.04460318581433141,2.0798301822043794,72.7168251542993
0.132377938238249,5.063857551847948,54.94147091399152
0.04185542190576821,6.072274585324749,69.87061856426408
0.1705998977171163,6.232897501670304,77.88444260916596
0.02459488976821577,1.2706160786490344,72.89218287248991
0.04177612742281277,6.660969480645996,64.45081020457967
0.060151776647449376,5.637248882253393,66.81871614356724
0.046807670187427125,7.939280397243802,76.30199018790215
0.03459617327779506,5.720935360679876,60.59766972375294
0.016414677464707143,4.199117903764843,92.28110276252035
0.07273972283828345,5.323180279411968,52.35667956001046
0.023761881307743753,0.30000898959748223,74.79575011312438
0.07506692406566651,3.908486455118135,89.09705591010805
0.014305597178982832,1.907781987520344,58.41134043548247
0.013194489643779735,3.7107130916614013,84.82836142907894
0.3660065233060258,0.5394902558478822,59.021981986169266
0.10795350264416886,6.013020706869282,80.41096258835019
0.06450032233929374,3.17229923051161,91.13349816975334
0.0268014564866352,3.4099217324095514,72.17485640931758
0.1128528308932506,5.106163469874845,83.85306338890427
0.045815460308067935,2.2328688899072766,68.57749627938878
0.0738639991151632,1.173014785104899,77.58151786713506
0.03696966516553666,6.703527523291897,87.26110529446379
0.02683376178886105,4.080022884503139,69.14354539116125
0.060903100041040784,3.8533887530922026,53.336360473276585
0.11260523726009578,3.339201699652031,93.73160110384552
0.062144611327991546,6.87476159135143,59.19456718308721
0.07696692508096746,3.9792685808551296,67.33595909052141
0.05016639495159276,4.343296871469636,96.1748717930882
0.16664738823513273,7.8263857378937605,76.49210600439196
0.11485881401638462,1.8031333520922694,58.43647700907178
0.019629271387374025,5.455909567378631,67.73496998698951
0.013485843302793454,1.3333136595493333,65.23352300945713
0.11985498041439789,4.851773829852227,54.6602428502604
0.03198490663572483,5.2589783334346745,75.02190352607063
0.22930400670349735,7.007233841912713,72.40309293570917
0.02459488976821577,1.2706160786490344,72.89218287248991
0.04177612742281277,6.660969480645996,64.45081020457967
0.085115504247777,6.804010040893227,65.0768235277996
0.046807670187427125,7.939280397243802,76.30199018790215
0.03459617327779506,5.720935360679876,60.59766972375294
0.028278218816311394,5.044900486534329,82.09844204276558
0.07273972283828345,5.323180279411968,52.35667956001046
0.023761881307743753,0.30000898959748223,74.79575011312438
0.07929889780301795,5.127940303204783,78.98090111363432
0.014305597178982832,1.907781987520344,58.41134043548247
0.015038673528524163,3.6699461386873153,83.11340244428291
0.4292591669737433,0.2049691285815407,57.134322989719855
0.10795350264416886,6.013020706869282,80.41096258835019
0.06784504822798183,2.4581504400881693,86.29270107197553
0.03033897736522075,3.5512374926427652,75.80852981418427
0.1128528308932506,5.106163469874845,83.85306338890427
0.06147777486811238,2.668664865458139,70.1975080854521
0.0738639991151632,1.173014785104899,77.58151786713506
0.03696966516553666,6.703527523291897,87.26110529446379
0.02683376178886105,4.080022884503139,69.14354539116125
0.060903100041040784,3.8533887530922026,53.336360473276585
0.11260523726009578,3.339201699652031,93.73160110384552
0.06020150881919596,7.320794493974859,54.69818932532922
0.07665205911987526,3.976801218763462,67.0615538935918
0.05016639495159276,4.343296871469636,96.1748717930882
0.16664738823513273,7.8263857378937605,76.49210600439196
0.11611796899914666,2.571464616989284,57.484774507923234
0.019629271387374025,5.455909567378631,67.73496998698951
0.013485843302793454,1.3333136595493333,65.23352300945713
0.10412513505507882,4.737002323571561,64.03076872739602
0.03198490663572483,5.2589783334346745,75.02190352607063
0.22930400670349735,7.007233841912713,72.40309293570917
0.02459488976821577,1.2706160786490344,72.89218287248991
0.04177612742281277,6.660969480645996,64.45081020457967
0.06970236289232495,6.771842126135412,72.17877620443082
0.046807670187427125,7.939280397243802,76.30199018790215
0.040970077334823246,5.833801001913287,57.558131719352204
0.028278218816311394,5.044900486534329,82.09844204276558
0.07449116251045092,5.491796997810837,55.520947618718154
0.023761881307743753,0.30000898959748223,74.79575011312438
0.08534133187045662,6.536377625182391,75.12358931002281
0.014305597178982832,1.907781987520344,58.41134043548247
0.015038673528524163,3.6699461386873153,83.11340244428291
0.4292591669737433,0.2049691285815407,57.134322989719855
0.11738644018242718,6.03825931290753,83.62921135905859
0.06749694216326292,2.404541728138653,87.37012404079107
0.03033897736522075,3.5512374926427652,75.80852981418427
0.09053335365545764,5.089995996816334,83.39001389645776
0.07282582195519147,3.225195002334769,70.87670991278105
0.06636258600886549,1.9048955088417934,77.1230379090377
0.03696966516553666,6.703527523291897,87.26110529446379
0.02537455573841054,3.8270131932500355,67.89352203230041
0.06026969049353685,3.928819008638319,54.23419471136866
0.12310481592100615,3.5640501539613574,97.3784355648688
0.047811073574892324,4.933542096051905,61.53189050494119
0.0887153045966487,4.012133177923943,76.5070489964869
0.03332233589007201,4.6141705416430545,96.83399028842395
0.16664738823513273,7.8263857378937605,76.49210600439196
0.11611796899914666,2.571464616989284,57.484774507923234
0.019629271387374025,5.455909567378631,67.73496998698951
0.013485843302793454,1.3333136595493333,65.23352300945713
0.11566431254298493,3.631618564565808,57.21627944179596
0.029242046923422395,3.6048721273562143,74.94646814062202
0.32085898089790443,7.306681103656191,70.67295715131141
0.052415228236579126,2.050232786624364,72.82571466732925
0.04177612742281277,6.660969480645996,64.45081020457967
0.06970236289232495,6.771842126135412,72.17877620443082
0.046807670187427125,7.939280397243802,76.30199018790215
0.040970077334823246,5.833801001913287,57.558131719352204
0.026519439227583784,6.319685437679913,87.46664456623532
0.07664199967161729,5.493203949292316,55.04210205471708
0.023761881307743753,0.30000898959748223,74.79575011312438
0.08495307808513888,6.518835895171982,75.0767783728716
0.019067595310078067,1.8882405442309604,58.39668541108274
0.015038673528524163,3.6699461386873153,83.11340244428291
0.4292591669737433,0.2049691285815407,57.134322989719855
0.07432473032556154,4.4553364675178155,69.94336212647613
0.06404483882025253,2.3926901671962804,89.49199027322749
0.03033897736522075,3.5512374926427652,75.80852981418427
0.09053335365545764,5.089995996816334,83.39001389645776
0.05804454706402955,1.6685615548662098,60.431291030565156
0.06723869130860073,1.7915373723816637,77.94232294861543
0.04931946393271769,6.7297660075546375,86.53948500044311
0.02537455573841054,3.8270131932500355,67.89352203230041
0.05958386075587084,3.8907700909121035,54.39543981826258
0.12310481592100615,3.5640501539613574,97.3784355648688
0.023959319713421662,4.5548241039268635,53.95651025601741
0.0887153045966487,4.012133177923943,76.5070489964869
0.03332233589007201,4.6141705416430545,96.83399028842395
0.16664738823513273,7.8263857378937605,76.49210600439196
0.09296788051226773,2.593373809425909,56.69690192919033
0.019629271387374025,5.455909567378631,67.73496998698951
0.0217616482330533,2.133935985971564,66.25595486850038
0.12085042508873264,3.620395380773384,56.6029941289065
0.025411335797148903,2.6573091736192653,54.397733650626186
0.29071337917634116,6.832288713726966,69.01233668701978
0.061126737028753084,2.582355265507549,72.22676260949241
0.03545218628687842,7.993894734060368,61.90956389317667
0.06970236289232495,6.771842126135412,72.17877620443082
0.046807670187427125,7.939280397243802,76.30199018790215
0.04061608298374179,5.757796205553852,58.16583344815082
0.026519439227583784,6.319685437679913,87.46664456623532
0.033108224514007745,5.2208862990452305,52.2011008205082
0.023761881307743753,0.30000898959748223,74.79575011312438
0.08167354652887203,5.771253204204452,67.47700859255254
0.01879866911644302,0.18006800613080998,53.925586449258475
0.01679741588190587,2.037551542377421,69.4607672236191
0.4292591669737433,0.2049691285815407,57.134322989719855
0.07680622100721297,3.211734073532589,68.74329326907835
0.06404483882025253,2.3926901671962804,89.49199027322749
0.03033897736522075,3.5512374926427652,75.80852981418427
0.09053335365545764,5.089995996816334,83.39001389645776
0.05804454706402955,1.6685615548662098,60.431291030565156
0.06723869130860073,1.7915373723816637,77.94232294861543
0.0491095202005956,6.687940530924999,86.30700334095994
0.033354562529454485,3.5492013687000554,68.86071586454247
0.07602797583037835,4.484322170788311,54.39433600625588
0.09247174020165372,3.2797295926153596,83.90127112625257
0.023959319713421662,4.5548241039268635,53.95651025601741
0.11342459560038057,3.231242883850341,68.42981165311262
0.040332048806720186,5.541194243914436,92.32308517500036
0.16664738823513273,7.8263857378937605,76.49210600439196
0.08746284915093443,2.5914688078087966,59.38186737732075
0.02195396926437381,5.132964104463351,67.92564128310251
0.0217616482330533,2.133935985971564,66.25595486850038
0.13946571183193557,3.2863290584423446,51.2654107397986
0.025411335797148903,2.6573091736192653,54.397733650626186
0.29071337917634116,6.832288713726966,69.01233668701978
0.05823010943774232,1.1672535078362811,72.24297119264496
0.03545218628687842,7.993894734060368,61.90956389317667
0.06970236289232495,6.771842126135412,72.17877620443082
0.046807670187427125,7.939280397243802,76.30199018790215
0.04061608298374179,5.757796205553852,58.16583344815082
0.026519439227583784,6.319685437679913,87.46664456623532
0.03308031055938286,5.329066110020956,53.07867484666561
0.023761881307743753,0.30000898959748223,74.79575011312438
0.08167354652887203,5.771253204204452,67.47700859255254
0.01879866911644302,0.18006800613080998,53.925586449258475
0.03045768189436047,1.915349070572061,66.4703762990813
0.27686529017544603,1.0672058820596255,71.74566778705977
0.07680622100721297,3.211734073532589,68.74329326907835
0.062307179522258185,2.281164688336699,92.31724585622908
0.03033897736522075,3.5512374926427652,75.80852981418427
0.08769883336140726,4.159312407344215,81.69474570962763
0.04985233335549889,1.4115564623587078,60.723527571367825
0.06723869130860073,1.7915373723816637,77.94232294861543
0.04747149495079447,6.336249333323711,84.55708288027463
0.03412651263258492,3.6434411974628147,69.0341619427343
0.10577881188073876,5.581539451460287,61.64915166712886
0.10799372757540554,3.1829688604467163,87.8564717595448
0.023032998832042857,4.931072883418766,52.17269841240106
0.1512968616559885,2.4438590545750816,68.63855707396759
0.039733937412121945,5.540825533114739,92.60341117259716
0.14134461074433602,6.153610473976398,71.02466796910998
0.08746284915093443,2.5914688078087966,59.38186737732075
0.02195396926437381,5.132964104463351,67.92564128310251
0.0217616482330533,2.133935985971564,66.25595486850038
0.11881058463251237,3.2617395049450133,57.02683462095807
0.026308454688592935,2.630127534631934,54.56360204353082
0.19048959460577208,5.239442069284289,63.53548382192325
0.07706550805406931,0.667976894301632,75.33517292703623
0.032533832972394074,7.446925899411845,70.25913324689057
0.07799181214848383,7.060840314576665,76.17239719249551
0.04074689430404418,7.7302230693801866,73.7361488473379
0.03905633855108649,5.7566405535198495,58.0947437630788
0.025027600038577808,7.9880848101831505,95.42020621139919
0.03805965219372932,5.5210680492329836,55.63907761878165
0.023761881307743753,0.30000898959748223,74.79575011312438
0.08167354652887203,5.771253204204452,67.47700859255254
0.01879866911644302,0.18006800613080998,53.925586449258475
0.03045768189436047,1.915349070572061,66.4703762990813
0.20253497531242245,1.495145662818485,66.22977480760402
0.0636189244415717,3.059849773054708,65.04032169166885
0.062307179522258185,2.281164688336699,92.31724585622908
0.027782615420839162,3.7964516686228427,82.09289791864063
0.11353134714713528,1.771361866704523,85.10155589903987
0.042350376677767004,1.022729287279983,59.87888022843783
0.06723869130860073,1.7915373723816637,77.94232294861543
0.06856623841006979,4.783709288132503,74.34696557519817
0.03332305288441946,3.264995702386554,68.47270279823407
0.11046319262733817,5.8095476031795545,61.34930948678673
0.10799372757540554,3.1829688604467163,87.8564717595448
0.023032998832042857,4.931072883418766,52.17269841240106
0.17524842367420174,2.6297318039141513,65.98753904170931
0.039733937412121945,5.540825533114739,92.60341117259716
0.14767252653036408,7.150634790930203,67.82197436795646
0.09091180610967164,2.1377905196882754,57.94645922519763
0.018321536161490688,5.729781797569228,67.75085460518824
0.0217616482330533,2.133935985971564,66.25595486850038
0.1541614910459172,3.3910522488123025,51.89410205771067
0.026308454688592935,2.630127534631934,54.56360204353082
0.1848489522658916,4.27360799500225,64.44297095362391
0.07706550805406931,0.667976894301632,75.33517292703623
0.032533832972394074,7.446925899411845,70.25913324689057
0.07799181214848383,7.060840314576665,76.17239719249551
0.046020652709590444,6.70472742727761,73.96834016221082
0.03905633855108649,5.7566405535198495,58.0947437630788
0.025027600038577808,7.9880848101831505,95.42020621139919
0.038555336885178204,5.6430126388248745,55.684442933971525
0.027884844731534207,0.37359315017499906,70.91231443140911
0.0814334937897913,5.855335564892137,68.0439565673729
0.01879866911644302,0.18006800613080998,53.925586449258475
0.030107795311793376,2.3066449683498913,68.33575463460909
0.20253497531242245,1.495145662818485,66.22977480760402
0.05595439429345374,3.9013586570215395,62.8730176599544
0.062307179522258185,2.281164688336699,92.31724585622908
0.027782615420839162,3.7964516686228427,82.09289791864063
0.11353134714713528,1.771361866704523,85.10155589903987
0.04257446871213618,0.6357646852351397,57.07609905581783
0.0659246298377148,1.8848634220464167,77.17629330797145
0.024766351655358274,7.717994996100378,63.87106878526584
0.03332305288441946,3.264995702386554,68.47270279823407
0.07258089367319649,6.775515009242683,76.45640778444931
0.10799372757540554,3.1829688604467163,87.8564717595448
0.023032998832042857,4.931072883418766,52.17269841240106
0.17524842367420174,2.6297318039141513,65.98753904170931
0.039733937412121945,5.540825533114739,92.60341117259716
0.14767252653036408,7.150634790930203,67.82197436795646
0.09091180610967164,2.1377905196882754,57.94645922519763
0.018321536161490688,5.729781797569228,67.75085460518824
0.019861378333256116,1.196696692853532,65.54977320154549
0.1541614910459172,3.3910522488123025,51.89410205771067
0.02588369902645612,2.525632367059371,54.52472818919572
0.19009744983165372,4.165235433723759,64.66125298444385
0.07706550805406931,0.667976894301632,75.33517292703623
0.032533832972394074,7.446925899411845,70.25913324689057
0.06498367293061791,7.642159505730511,77.21087263255714
0.0489571391148349,7.5163295818707425,75.00775190421945
0.03905633855108649,5.7566405535198495,58.0947437630788
0.025027600038577808,7.9880848101831505,95.42020621139919
0.038555336885178204,5.6430126388248745,55.684442933971525
0.027884844731534207,0.37359315017499906,70.91231443140911
0.06707436694877097,5.82189362715734,64.67275319564018
0.022929499296260966,1.582673237923728,65.22208112526154
0.02810338809836027,1.9999990985888845,67.82567856628515
0.20253497531242245,1.495145662818485,66.22977480760402
0.04952365918194804,4.607405945268985,61.05459463013876
0.062307179522258185,2.281164688336699,92.31724585622908
0.029258545169515843,3.7316729468577545,82.52999016512283
0.10980932798605589,1.8084048477517305,85.62585795266705
0.04257446871213618,0.6357646852351397,57.07609905581783
0.07990075322893112,2.390453774475278,84.07174420206205
0.024766351655358274,7.717994996100378,63.87106878526584
0.03319625486867934,3.30103140568922,68.62890232138008
0.07258089367319649,6.775515009242683,76.45640778444931
0.09959871556264704,3.669179405862721,88.62181592432394
0.02602721317954516,3.820355459988108,59.01327043147464
0.2350779749493016,1.3800833266287098,65.35820144131249
0.033571325807183125,6.02417272319841,93.91238597711951
0.13485600676366277,6.973554816858243,66.3963427873736
0.12682800449486156,1.9235784603639425,59.836343095760526
0.03340396835728582,5.592410009256767,67.47957846430639
0.019861378333256116,1.196696692853532,65.54977320154549
0.1541614910459172,3.3910522488123025,51.89410205771067
0.02588369902645612,2.525632367059371,54.52472818919572
0.2447340857460477,4.71075854222236,68.0338427460174
0.07706550805406931,0.667976894301632,75.33517292703623
0.03208753179449679,6.940673664889385,71.93119940596323
0.06498367293061791,7.642159505730511,77.21087263255714
0.0489571391148349,7.5163295818707425,75.00775190421945
0.03905633855108649,5.7566405535198495,58.0947437630788
0.025027600038577808,7.9880848101831505,95.42020621139919
0.038555336885178204,5.6430126388248745,55.684442933971525
0.027884844731534207,0.37359315017499906,70.91231443140911
0.06707436694877097,5.82189362715734,64.67275319564018
0.04116442253526964,3.4897913013855195,69.347989105147
0.02830704502986997,3.5156197722042806,64.94929390127153
0.16726570989379538,1.694737720029294,63.251295579789364
0.04952365918194804,4.607405945268985,61.05459463013876
0.062307179522258185,2.281164688336699,92.31724585622908
0.025956123062385334,1.9762389060311252,73.81415722121054
0.10372426829952067,1.926825818605677,85.30966518825444
0.04257446871213618,0.6357646852351397,57.07609905581783
0.049245716221938685,1.652997147803125,87.52001888167025
0.024766351655358274,7.717994996100378,63.87106878526584
0.03319625486867934,3.30103140568922,68.62890232138008
0.047370149179837756,6.624038914142261,81.79691696502522
0.10127075161273735,3.7581236541061065,89.54678343802661
0.04023939140553362,3.944547471977767,59.89986946349607
0.30350369478557604,1.0232108549038474,54.68109588288073
0.033571325807183125,6.02417272319841,93.91238597711951
0.18719871069566696,7.464184054937546,52.17638288366449
0.12682800449486156,1.9235784603639425,59.836343095760526
0.038106729754619977,7.118852946793004,68.14971716583844
0.019861378333256116,1.196696692853532,65.54977320154549
0.1348773249964855,3.489350955795439,64.87480779613027
0.02588369902645612,2.525632367059371,54.52472818919572
0.20398004920017626,5.375382451153706,70.11451118800103
0.07706550805406931,0.667976894301632,75.33517292703623
0.03190915830932378,7.12335963243633,72.53438163629431
0.06498367293061791,7.642159505730511,77.21087263255714
0.04748456062024284,7.516885047066001,75.25095648180996
0.05263850904429332,5.326333032052965,58.64101557767499
0.025027600038577808,7.9880848101831505,95.42020621139919
0.026102662972545834,5.911398298546729,54.60249150701694
0.027884844731534207,0.37359315017499906,70.91231443140911
0.06775347144844149,5.793919452293646,64.66311844841911
0.03573392896316585,3.500700317994828,67.4901385426775
0.02830704502986997,3.5156197722042806,64.94929390127153
0.16726570989379538,1.694737720029294,63.251295579789364
0.036874738832143754,3.732116004935992,58.446961928595904
0.062307179522258185,2.281164688336699,92.31724585622908
0.025956123062385334,1.9762389060311252,73.81415722121054
0.1437037101871555,2.127776780296596,83.68758266830802
0.04408361880409671,0.07172697577345666,56.03433428911439
0.049245716221938685,1.652997147803125,87.52001888167025
0.024766351655358274,7.717994996100378,63.87106878526584
0.03319625486867934,3.30103140568922,68.62890232138008
0.060037557316274796,6.010974310351967,91.84275261891932
0.1219583863808181,2.6574093848711744,96.55480286310002
0.036787062685507424,4.86223163858479,67.96123947190739
0.30350369478557604,1.0232108549038474,54.68109588288073
0.033571325807183125,6.02417272319841,93.91238597711951
0.1978360574627947,6.875087500024907,52.40546593572182
0.14056479277246414,2.1387709010580727,58.29860897072814
0.038106729754619977,7.118852946793004,68.14971716583844
0.019861378333256116,1.196696692853532,65.54977320154549
0.1348773249964855,3.489350955795439,64.87480779613027
0.03079751298726006,2.342087980151733,61.464741916983606
0.11616753543127031,3.9702794366709275,62.42778412761204
0.05115064051028717,0.6273219095177487,77.69894238908822
0.029708686962111215,5.4442897665878665,65.9573350539286
0.07222597259899996,7.875154067490191,78.33641817544513
0.04748456062024284,7.516885047066001,75.25095648180996
0.060710109318629704,6.167152466636624,54.49446813248993
0.025027600038577808,7.9880848101831505,95.42020621139919
0.026102662972545834,5.911398298546729,54.60249150701694
0.027884844731534207,0.37359315017499906,70.91231443140911
0.06713747369836924,5.798068855268891,65.19022061391902
0.035783877725903177,3.5046303794430025,67.46772437928281
0.027552450976492893,4.335731795517072,61.40742350170486
0.1336921506826228,1.3765051893954405,65.09665412117404
0.036874738832143754,3.732116004935992,58.446961928595904
0.03348602962641396,2.0993778416422395,90.26982264186226
0.028859444063502007,2.0441100804212735,73.44866418580992
0.10688398301238969,3.919827121178065,70.73619242445915
0.050597017472433004,0.09561639068409666,56.000357808305196
0.024372573552313842,1.7344360382950634,94.12467370674197
0.024766351655358274,7.717994996100378,63.87106878526584
0.03282056665234382,1.8584581725835845,67.00065764698162
0.060037557316274796,6.010974310351967,91.84275261891932
0.1219583863808181,2.6574093848711744,96.55480286310002
0.03406778704712226,6.647553701957334,72.40615049263826
0.30350369478557604,1.0232108549038474,54.68109588288073
0.033571325807183125,6.02417272319841,93.91238597711951
0.1660832879230116,4.153157613476179,58.68790793009144
0.14056479277246414,2.1387709010580727,58.29860897072814
0.0382906422739371,7.23904460441682,68.31792269027709
0.020469397159350942,1.2744647311246478,66.37423776788205
0.14012335918957725,3.1776520388495593,63.948895126992525
0.03079751298726006,2.342087980151733,61.464741916983606
0.12558737990727947,4.305327010801015,61.27178575384153
0.05115064051028717,0.6273219095177487,77.69894238908822
0.024988136191032583,6.951445833223298,64.78373083775753
0.11027296013185817,7.784119687992997,64.56503930881493
0.041920859832786074,5.609049012595727,71.55001227463572
0.06810922704174664,6.221833045462086,54.471372592386196
0.02362823217978343,6.704684815548977,90.94838307198265
0.026102662972545834,5.911398298546729,54.60249150701694
0.027884844731534207,0.37359315017499906,70.91231443140911
0.06713747369836924,5.798068855268891,65.19022061391902
0.0440115526889954,4.196231887795312,64.15980163531484
0.027552450976492893,4.335731795517072,61.40742350170486
0.1542709544433427,0.9292062090161948,64.59829184727234
0.03614313217672107,1.9200628466904854,53.34657134015626
0.03348602962641396,2.0993778416422395,90.26982264186226
0.01843068119015366,1.937863232303046,74.33907720744159
0.14365346679776453,4.9432132388607,72.59073400761329
0.050695441088673576,0.08444914870676978,55.973194277778134
0.024372573552313842,1.7344360382950634,94.12467370674197
0.024766351655358274,7.717994996100378,63.87106878526584
0.03282056665234382,1.8584581725835845,67.00065764698162
0.060037557316274796,6.010974310351967,91.84275261891932
0.13575655766253536,2.1318213982841137,96.96731257384084
0.03406778704712226,6.647553701957334,72.40615049263826
0.30350369478557604,1.0232108549038474,54.68109588288073
0.033571325807183125,6.02417272319841,93.91238597711951
0.13410252580849674,3.6035502030065327,57.37330264987461
0.1719248369339525,2.6688783384529904,51.49436940288595
0.0382906422739371,7.23904460441682,68.31792269027709
0.020469397159350942,1.2744647311246478,66.37423776788205
0.10169614566095897,2.5664379693946207,64.72780088122055
0.03079751298726006,2.342087980151733,61.464741916983606
0.16332563937012878,3.3415362591745676,58.74184308961642
0.03504231754913088,0.5801648595849846,79.74538214358523
0.03479938011281193,6.68297037112367,64.87835083848556
0.10482645607047751,7.262571979719991,65.66405689080366
0.041920859832786074,5.609049012595727,71.55001227463572
0.06810922704174664,6.221833045462086,54.471372592386196
0.02362823217978343,6.704684815548977,90.94838307198265
0.027558115869164835,5.7720069705394526,55.379212729290174
0.027884844731534207,0.37359315017499906,70.91231443140911
0.08091052761830894,5.511075332288686,57.03635380238357
0.0440115526889954,4.196231887795312,64.15980163531484
0.027552450976492893,4.335731795517072,61.40742350170486
0.16179687151447364,0.2502704689274964,63.57645074713497
0.03614313217672107,1.9200628466904854,53.34657134015626
0.02901418477958116,1.9203060263591354,92.16134389676581
0.016408404227647208,1.9087422271118946,74.63568780574275
0.18210220851081313,5.144390609664632,76.29426936513698
0.050695441088673576,0.08444914870676978,55.973194277778134
0.024372573552313842,1.7344360382950634,94.12467370674197
0.024766351655358274,7.717994996100378,63.87106878526584
0.03282056665234382,1.8584581725835845,67.00065764698162
0.061282919879093074,5.980447581222267,92.77482157392339
0.13575655766253536,2.1318213982841137,96.96731257384084
0.014515249662781622,7.126831809675109,57.772409579262565
0.30350369478557604,1.0232108549038474,54.68109588288073
0.033571325807183125,6.02417272319841,93.91238597711951
0.1338773891713525,3.8038728709614964,51.98400967853796
0.2600206049795355,3.154713127382723,50.29265262866306
0.027686267898996246,4.655921167910638,71.37958148201564
0.02388579771472628,1.6276200134319496,64.75024316604983
0.10169614566095897,2.5664379693946207,64.72780088122055
0.03079751298726006,2.342087980151733,61.464741916983606
0.1145011190779322,4.516963335731807,69.99809255434633
0.03481356589411452,0.5874091510514479,80.09278420068432
0.03479938011281193,6.68297037112367,64.87835083848556
0.10482645607047751,7.262571979719991,65.66405689080366
0.05987675376776605,4.614612225688377,80.57696592178286
0.06197795590557205,6.153819973816921,54.608636747836115
0.02362823217978343,6.704684815548977,90.94838307198265
0.027558115869164835,5.7720069705394526,55.379212729290174
0.027884844731534207,0.37359315017499906,70.91231443140911
0.08091052761830894,5.511075332288686,57.03635380238357
0.0440115526889954,4.196231887795312,64.15980163531484
0.027552450976492893,4.335731795517072,61.40742350170486
0.1494836169685507,1.0351057634383176,62.37978126514601
0.03614313217672107,1.9200628466904854,53.34657134015626
0.02901418477958116,1.9203060263591354,92.16134389676581
0.016408404227647208,1.9087422271118946,74.63568780574275
0.22407052809879996,6.840817398052321,83.39742248891666
0.06046981472312657,0.2278141733706347,55.70794314651199
0.02415026940054185,1.5525803345436504,96.41192556740776
0.022193605850551884,6.078778870933904,64.65242396400562
0.013266503262724966,0.39090621532871417,67.36362762241164
0.061282919879093074,5.980447581222267,92.77482157392339
0.13575655766253536,2.1318213982841137,96.96731257384084
0.017107186981069198,6.857594894664812,57.29682268545421
0.3185836951191377,0.6901731878801955,54.69453131881483
0.033849387766247865,6.102175872511671,95.41406092459522
0.1010271944619818,2.2035717386736766,53.6504853852645
0.2600206049795355,3.154713127382723,50.29265262866306
0.027686267898996246,4.655921167910638,71.37958148201564
0.02388579771472628,1.6276200134319496,64.75024316604983
0.13279589639010886,0.6564131438137712,64.66361337307502
0.03079751298726006,2.342087980151733,61.464741916983606
0.13855300875317986,5.141904895037654,72.45011604145539
0.03482840090050777,0.05858407347962924,81.41342368184975
0.03464252257777781,6.684608749907435,64.86619443348155
0.10482645607047751,7.262571979719991,65.66405689080366
0.05332705911863267,4.102757738036301,76.27220321349408
0.06197795590557205,6.153819973816921,54.608636747836115
0.02362823217978343,6.704684815548977,90.94838307198265
0.027558115869164835,5.7720069705394526,55.379212729290174
0.027884844731534207,0.37359315017499906,70.91231443140911
0.08329368972962171,5.1192451494563205,56.63523997034203
0.038152122795395274,4.169665857179019,62.787586777135104
0.027729457620962635,4.394372504856818,61.49377318490303
0.1494836169685507,1.0351057634383176,62.37978126514601
0.03614313217672107,1.9200628466904854,53.34657134015626
0.02901418477958116,1.9203060263591354,92.16134389676581
0.010830207245738736,0.6840032534715177,81.11107361372349
0.2017068538057218,4.395448414571298,72.71968282882706
0.06046981472312657,0.2278141733706347,55.70794314651199
0.010694019605687971,1.1335787850337011,99.18256570397158
0.05135238299630221,6.188846487089641,67.35992132674612
0.013266503262724966,0.39090621532871417,67.36362762241164
0.061282919879093074,5.980447581222267,92.77482157392339
0.12120174777176143,4.546204005063277,82.23690717659878
0.017107186981069198,6.857594894664812,57.29682268545421
0.3185836951191377,0.6901731878801955,54.69453131881483
0.033849387766247865,6.102175872511671,95.41406092459522
0.1010271944619818,2.2035717386736766,53.6504853852645
0.2600206049795355,3.154713127382723,50.29265262866306
0.055931291371901226,4.473418414011949,68.81603100592758
0.014806917186653404,2.9294208373519206,50.92510279019921
0.16507704781323318,0.39014095609686317,55.230448856731485
0.03239004187944189,0.6558961083606656,64.45646559342997
0.15420855273325962,5.602343312624901,69.63294142339885
0.03482840090050777,0.05858407347962924,81.41342368184975
0.03464252257777781,6.684608749907435,64.86619443348155
0.1285208180039469,7.371962695439229,67.92417918436246
0.053293900803958245,4.104077939887697,76.28792849462431
0.08254936840472699,6.375320178682923,55.68982861042966
0.02362823217978343,6.704684815548977,90.94838307198265
0.02511596606822298,5.756912940764295,52.671245066405156
0.039280159925316804,0.8831280181715657,72.29520755760973
0.08993268254062271,4.027687947112114,55.51782045671525
0.038152122795395274,4.169665857179019,62.787586777135104
0.07706418282946619,5.851824743597695,64.64128812821757
0.16323722977886634,0.7034546060868556,64.857458101943
0.03640436242317737,2.2125800657338353,54.57419219934539
0.05025220027724518,1.8832371708568225,86.28255635663427
0.010830207245738736,0.6840032534715177,81.11107361372349
0.1408800480688574,5.013918250792334,80.94348460732891
0.06046981472312657,0.2278141733706347,55.70794314651199
0.010694019605687971,1.1335787850337011,99.18256570397158
0.052287957233754574,5.184242905231237,71.66212935446495
0.013266503262724966,0.39090621532871417,67.36362762241164
0.061282919879093074,5.980447581222267,92.77482157392339
0.13664737824661544,4.971267736521332,87.27560113766205
0.017107186981069198,6.857594894664812,57.29682268545421
0.26407531957675484,2.319095967816668,59.64825154784594
0.033849387766247865,6.102175872511671,95.41406092459522
0.09942292900533804,1.901993772214901,52.81760885061452
0.18689633570194422,2.4022094293308167,57.581397339783415
0.09186097106471135,2.266987676585404,79.47645632064769
0.014806917186653404,2.9294208373519206,50.92510279019921
0.13494216878850857,1.735419207093459,62.839954965138446
0.03239004187944189,0.6558961083606656,64.45646559342997
0.15420855273325962,5.602343312624901,69.63294142339885
0.034225013759464545,0.20639266028897918,77.21731868936641
0.03464252257777781,6.684608749907435,64.86619443348155
0.1285208180039469,7.371962695439229,67.92417918436246
0.053293900803958245,4.104077939887697,76.28792849462431
0.07955262733286723,6.222883000813192,55.4790501501748
0.02362823217978343,6.704684815548977,90.94838307198265
0.02511596606822298,5.756912940764295,52.671245066405156
0.03591400216314326,0.10329940351191524,69.16207281305233
0.08993268254062271,4.027687947112114,55.51782045671525
0.038152122795395274,4.169665857179019,62.787586777135104
0.0537117787131135,5.161945282112553,63.15142392794286
0.16323722977886634,0.7034546060868556,64.857458101943
0.03640436242317737,2.2125800657338353,54.57419219934539
0.05595785958271214,0.48391454477504947,83.4784878542092
0.010830207245738736,0.6840032534715177,81.11107361372349
0.17763184459898174,5.725353181271929,99.28474378369928
0.06046981472312657,0.2278141733706347,55.70794314651199
0.010694019605687971,1.1335787850337011,99.18256570397158
0.052287957233754574,5.184242905231237,71.66212935446495
0.013266503262724966,0.39090621532871417,67.36362762241164
0.06716144034052184,6.597565169720719,94.13382840353148
0.13564361819165344,4.95099300954378,86.59322076035204
0.017129723891244376,6.879760599532819,57.21131983907115
0.2667896375185005,2.2121397739447834,58.40366898043641
0.03380007706505665,5.918148304762392,94.36801642837591
0.09942292900533804,1.901993772214901,52.81760885061452
0.21927285260131982,2.867869239086052,53.41727056521402
0.08312105724951727,2.0302198700693115,77.26910179871072
0.014806917186653404,2.9294208373519206,50.92510279019921
0.12716951746588606,1.0089586521045089,56.204330996689656
0.07365307659484545,2.096123228039921,74.35114071542552
0.15420855273325962,5.602343312624901,69.63294142339885
0.034225013759464545,0.20639266028897918,77.21731868936641
0.03464252257777781,6.684608749907435,64.86619443348155
0.1285208180039469,7.371962695439229,67.92417918436246
0.031182401243077168,4.300023725828121,78.14017998442051
0.07955262733286723,6.222883000813192,55.4790501501748
0.019846282452041536,7.0018398322619015,91.81797287590464
0.02668168497923147,4.911925547346367,55.40562104030165
0.03555074076843808,0.1254723208392146,70.89456537803954
0.09977091419910664,3.719603795617425,53.44440009987959
0.036537451035496805,4.818378073392648,74.50438183924749
0.060504047219264175,5.4218016695919395,58.632539380680484
0.16323722977886634,0.7034546060868556,64.857458101943
0.07797979001091251,1.5450416082596883,54.05965345223035
0.05595785958271214,0.48391454477504947,83.4784878542092
0.010830207245738736,0.6840032534715177,81.11107361372349
0.17763184459898174,5.725353181271929,99.28474378369928
0.10782095725151772,2.4496496382764037,73.31954735044334
0.010694019605687971,1.1335787850337011,99.18256570397158
0.05662525454878185,5.2849929721066715,70.87944377498557
0.013266503262724966,0.39090621532871417,67.36362762241164
0.06716144034052184,6.597565169720719,94.13382840353148
0.1921076369291798,5.026548067867396,93.48062693236827
0.017129723891244376,6.879760599532819,57.21131983907115
0.4118229826264066,3.2540154828588976,53.27793251583779
0.01757479915631932,6.184988682800115,97.95041406209207
0.09942292900533804,1.901993772214901,52.81760885061452
0.21927285260131982,2.867869239086052,53.41727056521402
0.1284876134368196,3.84672737111029,83.34832905824362
0.014806917186653404,2.9294208373519206,50.92510279019921
0.1341163181228449,0.6437089327336247,53.36490608538372
0.07365307659484545,2.096123228039921,74.35114071542552
0.15420855273325962,5.602343312624901,69.63294142339885
0.029246376987320275,2.5593167431030457,82.2727962747174
0.034849263743377774,6.1598434455145945,63.658490711830154
0.10615683107225284,4.79359830080017,61.78924120228832
0.031182401243077168,4.300023725828121,78.14017998442051
0.07955262733286723,6.222883000813192,55.4790501501748
0.019846282452041536,7.0018398322619015,91.81797287590464
0.02668168497923147,4.911925547346367,55.40562104030165
0.03555074076843808,0.1254723208392146,70.89456537803954
0.06964544524791905,6.417571051867343,53.514126881105334
0.036537451035496805,4.818378073392648,74.50438183924749
0.05733984402369025,5.084807530192481,59.21739064519038
0.17083066782134024,0.5608371553093181,66.29011266718135
0.07797979001091251,1.5450416082596883,54.05965345223035
0.05595785958271214,0.48391454477504947,83.4784878542092
0.010830207245738736,0.6840032534715177,81.11107361372349
0.17763184459898174,5.725353181271929,99.28474378369928
0.10782095725151772,2.4496496382764037,73.31954735044334
0.012203888519518598,1.7019965187708477,85.54652207676497
0.08585778589744192,5.649201560001933,85.98582603594488
0.013266503262724966,0.39090621532871417,67.36362762241164
0.07091266443586361,6.214880822509787,92.21351457431221
0.1784877751849765,5.136425002809295,95.97273843218196
0.017129723891244376,6.879760599532819,57.21131983907115
0.4118229826264066,3.2540154828588976,53.27793251583779
0.01757479915631932,6.184988682800115,97.95041406209207
0.08190757026915804,2.1590758806537766,52.513873863558246
0.21927285260131982,2.867869239086052,53.41727056521402
0.13040124581443732,3.9198793787974413,83.96887878464275
0.015988044952476903,3.126611334021156,51.37075904242357
0.1341163181228449,0.6437089327336247,53.36490608538372
0.08000708548203274,0.9320298128297102,80.24574082140168
0.15420855273325962,5.602343312624901,69.63294142339885
0.028934930079566656,2.5835152350701605,82.25873831620474
0.034849263743377774,6.1598434455145945,63.658490711830154
0.10615683107225284,4.79359830080017,61.78924120228832
0.031182401243077168,4.300023725828121,78.14017998442051
0.07955262733286723,6.222883000813192,55.4790501501748
0.011864357875609133,7.342349199758978,93.1675260385403
0.02781564344552251,5.101241080890118,55.83347964704011
0.03555074076843808,0.1254723208392146,70.89456537803954
0.07637908568178409,6.264730097389082,56.66392671109185
0.036537451035496805,4.818378073392648,74.50438183924749
0.05733984402369025,5.084807530192481,59.21739064519038
0.17083066782134024,0.5608371553093181,66.29011266718135
0.07797979001091251,1.5450416082596883,54.05965345223035
0.05595785958271214,0.48391454477504947,83.4784878542092
0.010830207245738736,0.6840032534715177,81.11107361372349
0.17788986761711736,5.72190911070026,99.22696513224199
0.10722090755919451,3.2948293435738067,69.16195597137546
0.012185620291018981,1.6867483921955637,85.50433237218864
0.05515642931038403,5.890101852986252,91.36533711094548
0.022285503000793003,0.4640310431596593,69.10445414360795
0.07370626310526436,6.216446439005326,91.913041454671
0.1270537564170026,5.114510521646641,80.36805389668864
0.017129723891244376,6.879760599532819,57.21131983907115
0.38304492493687414,2.983515843892163,53.286945372646
0.01757479915631932,6.184988682800115,97.95041406209207
0.08190757026915804,2.1590758806537766,52.513873863558246
0.2014415021389916,3.2960422260415667,53.68039864337788
0.10665800018274477,3.4258602341546496,92.02682953266213
0.015988044952476903,3.126611334021156,51.37075904242357
0.1341163181228449,0.6437089327336247,53.36490608538372
0.08000708548203274,0.9320298128297102,80.24574082140168
0.20155853675805102,5.4004294498517496,59.81961315009227
0.022733888058684815,1.9329140783900238,81.86565209713974
0.0282529822013169,6.475141649336361,64.96102475189959
0.10615683107225284,4.79359830080017,61.78924120228832
0.049026780939606385,6.754770002189279,71.222758991776
0.08334484778496681,6.346704237160523,53.80177579843187
0.018694873882488593,5.261195936967479,86.74460300295068
0.02781564344552251,5.101241080890118,55.83347964704011
0.03555074076843808,0.1254723208392146,70.89456537803954
0.07637908568178409,6.264730097389082,56.66392671109185
0.036537451035496805,4.818378073392648,74.50438183924749
0.05733984402369025,5.084807530192481,59.21739064519038
0.1364244657455521,1.1792290699328776,60.959798393731496
0.08355291683333183,1.500129752638924,51.287005691046396
0.05595785958271214,0.48391454477504947,83.4784878542092
0.010830207245738736,0.6840032534715177,81.11107361372349
0.17788986761711736,5.72190911070026,99.22696513224199
0.10722090755919451,3.2948293435738067,69.16195597137546
0.012185620291018981,1.6867483921955637,85.50433237218864
0.05007968598302698,5.800485765031562,99.66637872488523
0.022285503000793003,0.4640310431596593,69.10445414360795
0.08335634551126309,6.579424812165549,96.43282539480568
0.16345126052977316,5.119377346599756,89.36658521109699
0.017129723891244376,6.879760599532819,57.21131983907115
0.3673483266210207,3.2482123984722104,53.36056600479668
0.01757479915631932,6.184988682800115,97.95041406209207
0.0486380527975408,1.5540670647396935,52.238181685999905
0.25032079041639405,5.221683656449814,53.90945188574069
0.10665800018274477,3.4258602341546496,92.02682953266213
0.027271004362468557,3.335203986673354,52.674439799169335
0.13401269714303748,0.6196675236065463,53.02394427913674
0.08000708548203274,0.9320298128297102,80.24574082140168
0.20155853675805102,5.4004294498517496,59.81961315009227
0.022668336508254387,1.9907770262826423,81.57727194694128
0.0282529822013169,6.475141649336361,64.96102475189959
0.07720659055350568,5.249221389931307,63.391705295679834
0.027887250044508823,7.133502756339255,82.47471335887856
0.0907574028071719,7.5148593512706565,54.080584185910304
0.016256516143902958,5.303958464673622,95.00842069096034
0.02676928146414922,5.119591580700324,59.37969623080892
0.03555074076843808,0.1254723208392146,70.89456537803954
0.07266814409209232,4.980946177238467,62.827868539586945
0.036537451035496805,4.818378073392648,74.50438183924749
0.05733984402369025,5.084807530192481,59.21739064519038
0.13167254201158746,1.5148153723437003,59.10193072882559
0.08355291683333183,1.500129752638924,51.287005691046396
0.05595785958271214,0.48391454477504947,83.4784878542092
0.010830207245738736,0.6840032534715177,81.11107361372349
0.1691778593164059,5.6993816467561915,98.99958635271172
0.11488310215941877,2.5570014159781103,72.2669065379219
0.012185620291018981,1.6867483921955637,85.50433237218864
0.05007968598302698,5.800485765031562,99.66637872488523
0.022322162708906888,0.6102305293971035,70.29883721383588
0.08335634551126309,6.579424812165549,96.43282539480568
0.17906073101541187,5.014075794241526,92.01866625409093
0.017129723891244376,6.879760599532819,57.21131983907115
0.5039098336070947,1.832460680233793,51.81018935771853
0.01757479915631932,6.184988682800115,97.95041406209207
0.05281975701973769,1.536211663512037,52.65363574302697
0.25032079041639405,5.221683656449814,53.90945188574069
0.1024794613611239,3.2791992465785182,88.97096423848706
0.030550280295975236,3.104296736168986,52.6717695224031
0.11680245755450062,2.564957785998765,53.288148640999054
0.06192914026643014,1.2658350399149216,80.66555023774215
0.20593195458429928,5.3817799464779705,58.913218233827166
0.022668336508254387,1.9907770262826423,81.57727194694128
0.026944605951148504,6.0402518021159,66.17382468897874
0.07915764145744192,5.218515467494225,63.28371002648985
0.02626496681130474,7.413129383777186,82.56092992847611
0.0907574028071719,7.5148593512706565,54.080584185910304
0.016256516143902958,5.303958464673622,95.00842069096034
0.02676928146414922,5.119591580700324,59.37969623080892
0.032215055036454485,2.4180050248223126,69.06483487820363
0.07344098510521288,5.039270846467498,62.506216036862945
0.036537451035496805,4.818378073392648,74.50438183924749
0.05733984402369025,5.084807530192481,59.21739064519038
0.13176219675993076,1.5106161320760672,59.10341054437682
0.08355291683333183,1.500129752638924,51.287005691046396
0.05595785958271214,0.48391454477504947,83.4784878542092
0.010830207245738736,0.6840032534715177,81.11107361372349
0.1691778593164059,5.6993816467561915,98.99958635271172
0.16136438180241922,3.393685022277747,68.31614473162347
0.012185620291018981,1.6867483921955637,85.50433237218864
0.05007968598302698,5.800485765031562,99.66637872488523
0.022322162708906888,0.6102305293971035,70.29883721383588
0.08028264430167184,6.377146810062436,93.88561022511618
0.1638215896172697,4.453278413696704,90.96146113217542
0.017129723891244376,6.879760599532819,57.21131983907115
0.37657566776351964,2.9457960698378436,65.23752111481481
0.01757479915631932,6.184988682800115,97.95041406209207
0.05281975701973769,1.536211663512037,52.65363574302697
0.25032079041639405,5.221683656449814,53.90945188574069
0.1119875242020285,3.446886462174648,89.33600523397928
0.030550280295975236,3.104296736168986,52.6717695224031
0.11680245755450062,2.564957785998765,53.288148640999054
0.06192914026643014,1.2658350399149216,80.66555023774215
0.1251741226964257,5.1131814217399505,66.34621365578381
0.032478779189929405,1.9479401971613983,79.55447800286112
0.024522011836011128,7.831668439021737,60.3164200548503
0.08710515936218588,5.005663320443581,64.06175371444047
0.02626496681130474,7.413129383777186,82.56092992847611
0.0907574028071719,7.5148593512706565,54.080584185910304
0.014642369114669346,5.276902576251806,95.03672759050248
0.028505563448533378,6.880174732484122,55.11655220043383
0.032215055036454485,2.4180050248223126,69.06483487820363
0.06967006017298778,6.359081516496934,66.69006548822662
0.03764592635526365,4.538385646466322,73.63502205007468
0.05985077661062799,7.056071577041345,62.86359171656413
0.13176219675993076,1.5106161320760672,59.10341054437682
0.08355291683333183,1.500129752638924,51.287005691046396
0.05595785958271214,0.48391454477504947,83.4784878542092
0.010830207245738736,0.6840032534715177,81.11107361372349
0.1691778593164059,5.6993816467561915,98.99958635271172
0.2988834712828634,4.9654763744384836,52.36179874791687
0.011566323547781393,1.6815496858334777,85.69504142233916
0.05007968598302698,5.800485765031562,99.66637872488523
0.022322162708906888,0.6102305293971035,70.29883721383588
0.07186369046134754,7.173018086793327,99.5738829391131
0.1638215896172697,4.453278413696704,90.96146113217542
0.017129723891244376,6.879760599532819,57.21131983907115
0.47826912391889037,1.6489514023536849,60.208621598285525
0.01757479915631932,6.184988682800115,97.95041406209207
0.05281975701973769,1.536211663512037,52.65363574302697
0.14360548312525606,3.1997254141595692,66.03030182934992
0.16583391241802573,2.434614633836626,86.18265560044601
0.01201762179467622,3.665202397227339,53.155959684781095
0.1557045055653067,0.6637496118159723,52.48258640947937
0.06192914026643014,1.2658350399149216,80.66555023774215
0.12480957955461301,5.097221396613331,66.36022312930702
0.032478779189929405,1.9479401971613983,79.55447800286112
0.030955969722634945,7.690419301702201,60.78030254001556
0.08710515936218588,5.005663320443581,64.06175371444047
0.02626496681130474,7.413129383777186,82.56092992847611
0.0907574028071719,7.5148593512706565,54.080584185910304
0.01577237376558309,5.484596784630808,93.823770749879
0.028505563448533378,6.880174732484122,55.11655220043383
0.032215055036454485,2.4180050248223126,69.06483487820363
0.1984837952947726,4.834086928487109,64.99006348624874
0.03764592635526365,4.538385646466322,73.63502205007468
0.05375300371582678,7.030905898031295,62.05681688180015
0.13176219675993076,1.5106161320760672,59.10341054437682
0.08034924716153752,1.5970913652939256,51.3707057893611
0.05595785958271214,0.48391454477504947,83.4784878542092
0.010830207245738736,0.6840032534715177,81.11107361372349
0.16784953937240468,4.402514421418667,93.90830193448008
0.29766140402082286,4.969577749497993,52.59414802051643
0.011566323547781393,1.6815496858334777,85.69504142233916
0.05007968598302698,5.800485765031562,99.66637872488523
0.022322162708906888,0.6102305293971035,70.29883721383588
0.07186369046134754,7.173018086793327,99.5738829391131
0.1638215896172697,4.453278413696704,90.96146113217542
0.017129723891244376,6.879760599532819,57.21131983907115
0.49739469792717605,1.2953532027661425,61.045226917324804
0.01757479915631932,6.184988682800115,97.95041406209207
0.05281975701973769,1.536211663512037,52.65363574302697
0.14360548312525606,3.1997254141595692,66.03030182934992
0.1694788745463685,2.422090339794565,85.90631117264164
0.01822488853908953,3.776014374559594,54.057509726169286
0.10629871835739997,2.6385685682636693,68.74537213610276
0.050003237507954094,1.0684285190790836,77.5440696534543
0.1561589070688862,4.516826203049324,70.02031475023897
0.032478779189929405,1.9479401971613983,79.55447800286112
0.030955969722634945,7.690419301702201,60.78030254001556
0.09684231657001406,5.666315378759507,63.12429379919448
0.0987686368415619,6.760333557806554,74.55529179386028
0.0907574028071719,7.5148593512706565,54.080584185910304
0.01577237376558309,5.484596784630808,93.823770749879
0.028505563448533378,6.880174732484122,55.11655220043383
0.03543574383146518,2.4275937317126832,69.05094666010282
0.12248122377794715,4.730256528197891,74.4893997154896
0.03764592635526365,4.538385646466322,73.63502205007468
0.05375300371582678,7.030905898031295,62.05681688180015
0.13176219675993076,1.5106161320760672,59.10341054437682
0.08034924716153752,1.5970913652939256,51.3707057893611
0.05595785958271214,0.48391454477504947,83.4784878542092
0.010830207245738736,0.6840032534715177,81.11107361372349
0.16784953937240468,4.402514421418667,93.90830193448008
0.2303273143753634,5.2031919670685784,56.12487704056013
0.011566323547781393,1.6815496858334777,85.69504142233916
0.05007968598302698,5.800485765031562,99.66637872488523
0.023242063172095113,0.8617465431604623,73.05350170613126
0.07186369046134754,7.173018086793327,99.5738829391131
0.2055657773793224,5.989456242769432,93.85743590918125
0.017129723891244376,6.879760599532819,57.21131983907115
0.4838729543349316,1.3033140107516252,60.973415076160784
0.01757479915631932,6.184988682800115,97.95041406209207
0.05281975701973769,1.536211663512037,52.65363574302697
0.162402087918057,1.7070391606551505,62.45643612497789
0.27314656095912915,0.35657615433318934,80.56636320382185
0.0166367736677131,3.296496904064672,53.89391335554056
0.11278809129688021,0.5608038263045856,72.60278793445525
0.050003237507954094,1.0684285190790836,77.5440696534543
0.21312813215776358,6.367434320982231,65.98263604341497
0.02757757454801901,2.0471471191301163,86.0362968248642
0.030955969722634945,7.690419301702201,60.78030254001556
0.09186497344340824,5.966547118289351,70.38738790148518
0.09190578544312174,4.836569279134558,65.9169833999731
0.0907574028071719,7.5148593512706565,54.080584185910304
0.01577237376558309,5.484596784630808,93.823770749879
0.028505563448533378,6.880174732484122,55.11655220043383
0.04255244640512574,0.9304577848177162,57.53593903996547
0.18184846048837644,2.8101669759763066,83.38171283172298
0.023249669321112346,5.001520745019569,75.85781321526818
0.0990646199348033,6.720064023847437,71.54835972185471
0.13176219675993076,1.5106161320760672,59.10341054437682
0.08034924716153752,1.5970913652939256,51.3707057893611
0.05595785958271214,0.48391454477504947,83.4784878542092
0.010830207245738736,0.6840032534715177,81.11107361372349
0.16784953937240468,4.402514421418667,93.90830193448008
0.22627116633266575,5.225553870541154,56.54268635335316
0.011566323547781393,1.6815496858334777,85.69504142233916
0.13530741945387376,5.518063205186423,79.07834917037341
0.029837851426752552,0.9562011605384351,68.77162488895843
0.07186369046134754,7.173018086793327,99.5738829391131
0.20523567967713535,5.993842090604154,93.74306927518771
0.015100117669189866,6.9299046979531775,56.88885747960437
0.5496474142798555,1.3894263776546958,58.1733645035352
0.01757479915631932,6.184988682800115,97.95041406209207
0.05281975701973769,1.536211663512037,52.65363574302697
0.14829093705737223,1.6881307363661515,60.549952306447466
0.22885714983644118,0.38254316960718593,81.16020756618575
0.016993149089360785,4.393895096412559,70.63189564528389
0.11278809129688021,0.5608038263045856,72.60278793445525
0.05445437841995502,1.7725031039191963,74.98140447957749
0.214461097866811,6.354935594961769,66.11228328076946
0.02757757454801901,2.0471471191301163,86.0362968248642
0.030955969722634945,7.690419301702201,60.78030254001556
0.09186497344340824,5.966547118289351,70.38738790148518
0.09067331012258337,4.4910872253434135,64.36566000849108
0.0907574028071719,7.5148593512706565,54.080584185910304
0.01577237376558309,5.484596784630808,93.823770749879
0.028505563448533378,6.880174732484122,55.11655220043383
0.04255244640512574,0.9304577848177162,57.53593903996547
0.19039812913635787,2.598936136472939,84.74007796429359
0.02013152989880263,7.130067556499151,68.52448927714232
0.11317128283174949,6.485157702722814,57.01405460106077
0.13176219675993076,1.5106161320760672,59.10341054437682
0.07791890315117916,1.6178182108057904,52.96719321085482
0.05595785958271214,0.48391454477504947,83.4784878542092
0.010830207245738736,0.6840032534715177,81.11107361372349
0.1696604526896761,4.333538439157138,95.13021879968073
0.23078011200110995,5.175337326834235,56.52389434620908
0.012676630080406058,2.6854720878538894,87.84085062739956
0.09614300956797588,3.8240898790268676,75.25111462405884
0.029837851426752552,0.9562011605384351,68.77162488895843
0.07186369046134754,7.173018086793327,99.5738829391131
0.18595997097693234,5.8887367742281205,91.84868747537185
0.015100117669189866,6.9299046979531775,56.88885747960437
0.5192154581278441,1.8402507442057656,58.89414818799043
0.018056935271668836,6.578225780115092,99.15417172400308
0.05281975701973769,1.536211663512037,52.65363574302697
0.14829093705737223,1.6881307363661515,60.549952306447466
0.22885714983644118,0.38254316960718593,81.16020756618575
0.016993149089360785,4.393895096412559,70.63189564528389
0.11278809129688021,0.5608038263045856,72.60278793445525
0.042671271606125626,3.1823019662858836,82.3200536377989
0.11706081982546712,4.583705282858667,76.60054595142297
0.02757757454801901,2.0471471191301163,86.0362968248642
0.030955969722634945,7.690419301702201,60.78030254001556
0.09186497344340824,5.966547118289351,70.38738790148518
0.09067331012258337,4.4910872253434135,64.36566000849108
0.163008806442962,6.557943191444188,54.892301345436465
0.01577237376558309,5.484596784630808,93.823770749879
0.02803692085273459,7.078673631011203,55.03583481051727
0.04255244640512574,0.9304577848177162,57.53593903996547
0.19039812913635787,2.598936136472939,84.74007796429359
0.02013152989880263,7.130067556499151,68.52448927714232
0.12130737547947074,6.477196648269588,53.40938395048923
0.13176219675993076,1.5106161320760672,59.10341054437682
0.07791890315117916,1.6178182108057904,52.96719321085482
0.05595785958271214,0.48391454477504947,83.4784878542092
0.011577650361287556,1.4942099261560884,83.8353279955521
0.1696604526896761,4.333538439157138,95.13021879968073
0.1337201207538349,3.5453821218739976,68.61704097934977
0.012676630080406058,2.6854720878538894,87.84085062739956
0.0884951690565979,4.277693399898853,73.55337741814407
0.029837851426752552,0.9562011605384351,68.77162488895843
0.07186369046134754,7.173018086793327,99.5738829391131
0.18595997097693234,5.8887367742281205,91.84868747537185
0.015100117669189866,6.9299046979531775,56.88885747960437
0.5192154581278441,1.8402507442057656,58.89414818799043
0.018056935271668836,6.578225780115092,99.15417172400308
0.05281975701973769,1.536211663512037,52.65363574302697
0.14829093705737223,1.6881307363661515,60.549952306447466
0.17635337374924004,2.3213446052119187,75.75335769516865
0.016993149089360785,4.393895096412559,70.63189564528389
0.10790106591315712,2.103408628973595,68.49404299332843
0.04558822269201104,3.3473943788546943,81.61250366743525
0.0956746877199876,5.145525554251205,74.81867367052439
0.03433455521571062,1.5432731417254013,73.17632924634616
0.030955969722634945,7.690419301702201,60.78030254001556
0.07839288442870453,4.43791239479031,64.26856696703116
0.09067331012258337,4.4910872253434135,64.36566000849108
0.12270434973623857,5.210195320754203,62.595689437857544
0.014033149175716214,5.504689497709927,94.26539778558428
0.02803692085273459,7.078673631011203,55.03583481051727
0.04255244640512574,0.9304577848177162,57.53593903996547
0.21238147596277251,2.147221213224379,87.18798602742719
0.02013152989880263,7.130067556499151,68.52448927714232
0.12130737547947074,6.477196648269588,53.40938395048923
0.15591115947327405,1.0185708560820066,52.54273764512911
0.08333964049013229,1.6070255145935892,53.58496415669361
0.05595785958271214,0.48391454477504947,83.4784878542092
0.011577650361287556,1.4942099261560884,83.8353279955521
0.1490232395054036,4.718829249446873,80.83128903211224
0.1255669928098468,3.8882925080246054,69.94604950312666
0.012676630080406058,2.6854720878538894,87.84085062739956
0.09387461085827321,4.582306275467242,73.99191024712702
0.029837851426752552,0.9562011605384351,68.77162488895843
0.06110922769901789,5.5597413092479275,92.00931993100424
0.18595997097693234,5.8887367742281205,91.84868747537185
0.018931273701046906,6.973961717848414,56.34009602168323
0.6816893460547807,0.27147888442601253,54.52454663598411
0.018056935271668836,6.578225780115092,99.15417172400308
0.05281975701973769,1.536211663512037,52.65363574302697
0.15616343469084654,1.7445414008386524,60.7743532049403
0.17635337374924004,2.3213446052119187,75.75335769516865
0.016993149089360785,4.393895096412559,70.63189564528389
0.12115811365633977,2.516739108756437,64.66968337135893
0.046421615738282934,3.2494663775604473,82.28832509995793
0.0956746877199876,5.145525554251205,74.81867367052439
0.03433455521571062,1.5432731417254013,73.17632924634616
0.0349830099509454,6.53405660857855,66.38069401365085
0.036585645831173214,5.152655879175978,57.11722960163202
0.12783943147344157,5.351479119929095,53.17951999836398
0.08443505649238228,5.184626034838425,60.161180132790406
0.014033149175716214,5.504689497709927,94.26539778558428
0.02803692085273459,7.078673631011203,55.03583481051727
0.04255244640512574,0.9304577848177162,57.53593903996547
0.21238147596277251,2.147221213224379,87.18798602742719
0.02013152989880263,7.130067556499151,68.52448927714232
0.10991424510124562,6.373910881111419,57.74852400673884
0.15591115947327405,1.0185708560820066,52.54273764512911
0.08333964049013229,1.6070255145935892,53.58496415669361
0.05595785958271214,0.48391454477504947,83.4784878542092
0.011577650361287556,1.4942099261560884,83.8353279955521
0.21605584549569906,3.651842442923724,89.32531825304851
0.1047893310851427,4.189411421981179,74.47650569036004
0.014904377934864045,4.297290261282251,92.52519954513028
0.10309905095745,4.392762013425948,75.0190778333444
0.031140793020687407,2.368717380210735,68.16615408159394
0.06607227036459443,5.421808648770584,90.0011358071945
0.18595997097693234,5.8887367742281205,91.84868747537185
0.018931273701046906,6.973961717848414,56.34009602168323
0.5953232089853481,1.0922485725920072,60.3327143129678
0.018056935271668836,6.578225780115092,99.15417172400308
0.05281975701973769,1.536211663512037,52.65363574302697
0.15616343469084654,1.7445414008386524,60.7743532049403
0.15075083262209776,2.4450813837448724,67.62760240516967
0.016993149089360785,4.393895096412559,70.63189564528389
0.12115811365633977,2.516739108756437,64.66968337135893
0.03707353320923555,3.341116309934499,84.49207455995061
0.0642964901645569,4.887226220798602,68.89997775172844
0.03433455521571062,1.5432731417254013,73.17632924634616
0.0349830099509454,6.53405660857855,66.38069401365085
0.0390145011872799,6.394523046138022,52.18849409005088
0.16604244271292445,5.434715628395035,51.53101453447899
0.08443505649238228,5.184626034838425,60.161180132790406
0.014033149175716214,5.504689497709927,94.26539778558428
0.02803692085273459,7.078673631011203,55.03583481051727
0.04255244640512574,0.9304577848177162,57.53593903996547
0.20718581692758692,2.361537909179206,85.69524141480564
0.020713918097674963,7.205813216780058,74.43659942134938
0.11052390494569916,6.3637094198843185,57.68098993261853
0.13634918140437574,2.1587600471804675,54.627795428744356
0.08709137825684043,1.6129235464493732,52.003466315466795
0.05595785958271214,0.48391454477504947,83.4784878542092
0.011577650361287556,1.4942099261560884,83.8353279955521
0.19686014898597085,3.040546763478691,80.1746486981182
0.05772575984684236,4.776673216014955,71.5638025615521
0.08494477741885607,3.592173486862305,90.03732032801571
0.08969784090639865,4.179309314341953,76.94181351608889
0.031140793020687407,2.368717380210735,68.16615408159394
0.07623531322620118,5.645162162625074,89.499802515242
0.145116873835197,6.214272423334039,87.54502277997047
0.018931273701046906,6.973961717848414,56.34009602168323
0.5953232089853481,1.0922485725920072,60.3327143129678
0.0493711005764685,5.344660199170434,88.68045080592393
0.05281975701973769,1.536211663512037,52.65363574302697
0.14590158451674945,1.417748118221442,55.88248590969643
0.09507439906304915,3.25627214547595,68.87813492455335
0.016993149089360785,4.393895096412559,70.63189564528389
0.12115811365633977,2.516739108756437,64.66968337135893
0.03707353320923555,3.341116309934499,84.49207455995061
0.06717516210849736,5.069978651232851,73.86697804067059
0.03433455521571062,1.5432731417254013,73.17632924634616
0.0349830099509454,6.53405660857855,66.38069401365085
0.0390145011872799,6.394523046138022,52.18849409005088
0.16243978342817375,5.037246597679448,51.906744445910164
0.08443505649238228,5.184626034838425,60.161180132790406
0.014033149175716214,5.504689497709927,94.26539778558428
0.02803692085273459,7.078673631011203,55.03583481051727
0.04255244640512574,0.9304577848177162,57.53593903996547
0.20718581692758692,2.361537909179206,85.69524141480564
0.020713918097674963,7.205813216780058,74.43659942134938
0.11052390494569916,6.3637094198843185,57.68098993261853
0.10640434786697137,3.27569014816006,67.41314762910393
0.06392818542400555,0.5602369636716293,52.03320002131761
0.05595785958271214,0.48391454477504947,83.4784878542092
0.018279697515889176,2.691217914088831,76.10490096973679
0.19686014898597085,3.040546763478691,80.1746486981182
0.053077597736622385,5.092675998266458,81.08674697480667
0.08494477741885607,3.592173486862305,90.03732032801571
0.10099404074746961,4.528589359307611,78.63471994304392
0.031140793020687407,2.368717380210735,68.16615408159394
0.0933426396767152,6.743434074155928,90.99852688115993
0.15444715684612859,6.351254079302638,89.18240057969531
0.01957349372281801,7.828896654332146,51.604342804333584
0.5953232089853481,1.0922485725920072,60.3327143129678
0.04746961411293407,5.473931725989453,92.5761303165375
0.05281975701973769,1.536211663512037,52.65363574302697
0.14590158451674945,1.417748118221442,55.88248590969643
0.13966574224707487,4.1972994591734984,60.89026306524387
0.016993149089360785,4.393895096412559,70.63189564528389
0.12679653933718465,2.5557532583674587,65.82452147179227
0.03707353320923555,3.341116309934499,84.49207455995061
0.06717516210849736,5.069978651232851,73.86697804067059
0.03740595910731087,0.7494530350394575,77.99455632743509
0.0349830099509454,6.53405660857855,66.38069401365085
0.15752696361019808,4.6606542520110406,60.444049250709156
0.18946051070360895,5.69646529072072,50.089688379961366
0.08443505649238228,5.184626034838425,60.161180132790406
0.014033149175716214,5.504689497709927,94.26539778558428
0.02803692085273459,7.078673631011203,55.03583481051727
0.04255244640512574,0.9304577848177162,57.53593903996547
0.20718581692758692,2.361537909179206,85.69524141480564
0.020713918097674963,7.205813216780058,74.43659942134938
0.11842358784708779,7.347610786825951,58.63849740006234
0.11109008143345707,3.2312063703301908,65.47777906075441
0.06630046070184134,1.0589117144308196,55.175753026321246
0.05595785958271214,0.48391454477504947,83.4784878542092
0.018866170312787867,2.302661275505024,73.59683170795464
0.30454182746837866,2.509787756579655,70.68507617061873
0.02650896094134353,5.743140898321834,80.82698410791585
0.08494477741885607,3.592173486862305,90.03732032801571
0.16968546006097773,2.237831690787308,82.22682777205581
0.05322761613288855,3.9221052453569762,76.27354327285965
0.0933426396767152,6.743434074155928,90.99852688115993
0.1484568709067252,6.113453851241804,89.25608458576652
0.01957349372281801,7.828896654332146,51.604342804333584
0.5953232089853481,1.0922485725920072,60.3327143129678
0.04746961411293407,5.473931725989453,92.5761303165375
0.0528797953374569,2.364335856877913,59.27429746978816
0.20191437871829804,1.6818479806882878,54.98635332842965
0.1291837868578896,4.323486673329457,62.76666338112724
0.016993149089360785,4.393895096412559,70.63189564528389
0.09901255977736775,2.590436789167575,68.45664611755393
0.05052283337220839,3.8061985179404685,90.49412847668671
0.06717516210849736,5.069978651232851,73.86697804067059
0.054823382026482466,2.392037905947719,71.38989086435922
0.0349830099509454,6.53405660857855,66.38069401365085
0.12557057731532845,4.434369448460721,65.29406450065326
0.18946051070360895,5.69646529072072,50.089688379961366
0.08443505649238228,5.184626034838425,60.161180132790406
0.02823384699095255,5.017695980359742,89.95256152523191
0.02803692085273459,7.078673631011203,55.03583481051727
0.04255244640512574,0.9304577848177162,57.53593903996547
0.2290644934808022,2.43371131140695,87.71880349749213
0.020713918097674963,7.205813216780058,74.43659942134938
0.1195157367549132,7.150478135330728,58.827815370749285
0.0668080163937729,3.778368286310731,67.90330899177951
0.06801170149801339,0.7597401317134551,54.56349526981563
0.040930277580037144,1.991882976328597,78.52392216052871
0.02903853668547799,1.8850687203088452,69.3580083124716
0.20033336665354812,3.023427402172592,79.86856737189099
0.02650896094134353,5.743140898321834,80.82698410791585
0.08494477741885607,3.592173486862305,90.03732032801571
0.15152833394360582,2.177934943222091,80.54747244851497
0.05322761613288855,3.9221052453569762,76.27354327285965
0.0933426396767152,6.743434074155928,90.99852688115993
0.1484568709067252,6.113453851241804,89.25608458576652
0.01957349372281801,7.828896654332146,51.604342804333584
0.5953232089853481,1.0922485725920072,60.3327143129678
0.04746961411293407,5.473931725989453,92.5761303165375
0.06047604856948944,0.5945065801268248,56.25800227774171
0.20191437871829804,1.6818479806882878,54.98635332842965
0.1356060962426185,4.246171582812782,61.61699016551334
0.016993149089360785,4.393895096412559,70.63189564528389
0.09222384521089746,2.283270223768663,69.72551697498952
0.05052283337220839,3.8061985179404685,90.49412847668671
0.06717516210849736,5.069978651232851,73.86697804067059
0.04839796603672873,3.7334539388939025,69.76763431504527
0.031294376227184256,6.095238766194428,67.25235865995367
0.08504446860450567,5.533101544161691,61.03167809291636
0.18946051070360895,5.69646529072072,50.089688379961366
0.08443505649238228,5.184626034838425,60.161180132790406
0.023094630133147,5.11640391327822,90.98721362372186
0.029891576357626126,6.924469452042516,55.635492354834454
0.04255244640512574,0.9304577848177162,57.53593903996547
0.3160534937459408,2.529346051361137,99.15705686639942
0.020713918097674963,7.205813216780058,74.43659942134938
0.11519005919225558,7.822389207983332,55.89296342055843
0.06779065479823665,3.773374135855482,67.88923341329037
0.06801170149801339,0.7597401317134551,54.56349526981563
0.040930277580037144,1.991882976328597,78.52392216052871
0.02903853668547799,1.8850687203088452,69.3580083124716
0.20033336665354812,3.023427402172592,79.86856737189099
0.02650896094134353,5.743140898321834,80.82698410791585
0.0863077031826529,3.5948578289670983,91.88105227066484
0.15152833394360582,2.177934943222091,80.54747244851497
0.05322761613288855,3.9221052453569762,76.27354327285965
0.0933426396767152,6.743434074155928,90.99852688115993
0.1484568709067252,6.113453851241804,89.25608458576652
0.01957349372281801,7.828896654332146,51.604342804333584
0.5953232089853481,1.0922485725920072,60.3327143129678
0.03933542150838665,5.8823778167323155,93.1271931435198
0.06047604856948944,0.5945065801268248,56.25800227774171
0.21859022311940512,1.1323232560507828,54.12376264936963
0.14876544671600928,4.600551504732428,58.80028877293762
0.016790778330651943,4.369820084809699,70.67971807738813
0.1144581094233288,2.307714326696016,72.64911819764822
0.04820130309134734,4.237032134268562,91.04052289122382
0.08257606830777262,5.148879861236332,70.87240991010864
0.07167034237745731,3.566028904489966,72.07999605067067
0.031294376227184256,6.095238766194428,67.25235865995367
0.09453786073401171,6.9293940270200345,53.18922072681946
0.1759634647568287,5.730494471105274,51.55425821411271
0.10264147952944319,4.750837443734891,51.5988312848174
0.025882412201183463,5.449192053207729,82.91774387470666
0.032410614402974006,5.346695250529186,55.77338944180189
0.036616228605942415,2.7125509972433166,56.00361301804728
0.3160534937459408,2.529346051361137,99.15705686639942
0.02561093224485438,6.808955396533458,64.63852027002925
0.1052061071049641,7.064197449122564,57.59486011850973
0.06779065479823665,3.773374135855482,67.88923341329037
0.06801170149801339,0.7597401317134551,54.56349526981563
0.042918193584437346,1.0660311186381168,77.15339149436056
0.02903853668547799,1.8850687203088452,69.3580083124716
0.20033336665354812,3.023427402172592,79.86856737189099
0.012430585629143634,7.877100897199085,91.01011641029191
0.0863077031826529,3.5948578289670983,91.88105227066484
0.1518540790842855,1.7605520397174619,79.62387738918626
0.056195275653324786,3.622387655153243,76.44120872584926
0.0933426396767152,6.743434074155928,90.99852688115993
0.14592587997057935,6.1423842054999,89.33610213401087
0.01957349372281801,7.828896654332146,51.604342804333584
0.4242406278151118,1.3698707556718972,65.946420074468
0.031359873670832525,6.449202208414982,85.12205408166992
0.06047604856948944,0.5945065801268248,56.25800227774171
0.21859022311940512,1.1323232560507828,54.12376264936963
0.14876544671600928,4.600551504732428,58.80028877293762
0.016790778330651943,4.369820084809699,70.67971807738813
0.10958611545497741,2.530480397133969,75.97759118671934
0.052479396081330905,3.8016885414483843,91.04415943424429
0.08611831154368255,5.109137149914868,71.30153533486006
0.07167034237745731,3.566028904489966,72.07999605067067
0.02902192915343703,6.309892727940755,70.11436281537297
0.07716222423301586,7.129948850751498,61.19292240488352
0.1759634647568287,5.730494471105274,51.55425821411271
0.08137048034000173,4.944361164763358,60.27773512642855
0.02368753359411599,5.479712143826043,82.95610750703078
0.032410614402974006,5.346695250529186,55.77338944180189
0.030260477122429075,2.725387287778196,52.04718469142408
0.3160534937459408,2.529346051361137,99.15705686639942
0.02561093224485438,6.808955396533458,64.63852027002925
0.1052061071049641,7.064197449122564,57.59486011850973
0.06779065479823665,3.773374135855482,67.88923341329037
0.07380384799868688,0.11501070497699484,50.66521061851477
0.042918193584437346,1.0660311186381168,77.15339149436056
0.030654641517912865,0.060046617931511115,62.41469721124125
0.20033336665354812,3.023427402172592,79.86856737189099
0.012430585629143634,7.877100897199085,91.01011641029191
0.0863077031826529,3.5948578289670983,91.88105227066484
0.13269855796934715,3.938440752029347,70.57788272822128
0.08195456315548072,1.0747361969965539,82.43881534343947
0.09728955286086496,6.900469763342196,92.48303410343166
0.16750177038093222,5.8620143436425725,89.06554316975235
0.039017052375527606,7.311993086392802,54.64460334027264
0.3744208796968624,2.259084628011677,64.64225834151775
0.031359873670832525,6.449202208414982,85.12205408166992
0.06047604856948944,0.5945065801268248,56.25800227774171
0.3018155400660878,1.6071698087979351,50.45220854122255
0.14876544671600928,4.600551504732428,58.80028877293762
0.03987067021417182,4.6159467986772755,70.88672782385726
0.09873359806686037,2.7720598231875457,78.8408303235305
0.052479396081330905,3.8016885414483843,91.04415943424429
0.08611831154368255,5.109137149914868,71.30153533486006
0.06317705806673415,2.6589078482481896,72.53761664135996
0.02902192915343703,6.309892727940755,70.11436281537297
0.07716222423301586,7.129948850751498,61.19292240488352
0.1759634647568287,5.730494471105274,51.55425821411271
0.08137048034000173,4.944361164763358,60.27773512642855
0.02368753359411599,5.479712143826043,82.95610750703078
0.032410614402974006,5.346695250529186,55.77338944180189
0.030260477122429075,2.725387287778196,52.04718469142408
0.18145333911773714,4.382612888603812,92.52145490056165
0.02115947284171013,6.803272077223563,62.90929164000741
0.1052061071049641,7.064197449122564,57.59486011850973
0.06779065479823665,3.773374135855482,67.88923341329037
0.09564010530940376,1.166522545369183,66.4426772837494
0.042918193584437346,1.0660311186381168,77.15339149436056
0.030654641517912865,0.060046617931511115,62.41469721124125
0.13726306627167478,1.9219262206982852,73.38088995105677
0.012430585629143634,7.877100897199085,91.01011641029191
0.0863077031826529,3.5948578289670983,91.88105227066484
0.14062344797718457,4.265022641710288,64.76865991450234
0.08195456315548072,1.0747361969965539,82.43881534343947
0.09728955286086496,6.900469763342196,92.48303410343166
0.16750177038093222,5.8620143436425725,89.06554316975235
0.039017052375527606,7.311993086392802,54.64460334027264
0.2573905291889728,1.424395650776667,59.200987150566576
0.031359873670832525,6.449202208414982,85.12205408166992
0.06047604856948944,0.5945065801268248,56.25800227774171
0.3018155400660878,1.6071698087979351,50.45220854122255
0.14876544671600928,4.600551504732428,58.80028877293762
0.030822956793453694,5.235852449226774,57.570586795992575
0.12941585395605631,2.7929734116829406,90.84684786953785
0.052954924109252836,3.7194768790828032,90.14372260358996
0.12256984354915902,4.342549521227507,72.05945125314597
0.060587596169500185,2.03339414268185,75.14660306850867
0.02902192915343703,6.309892727940755,70.11436281537297
0.07716222423301586,7.129948850751498,61.19292240488352
0.1759634647568287,5.730494471105274,51.55425821411271
0.08137048034000173,4.944361164763358,60.27773512642855
0.02368753359411599,5.479712143826043,82.95610750703078
0.032410614402974006,5.346695250529186,55.77338944180189
0.029485081709895646,2.703735266798868,51.7198787028893
0.17395929299078977,4.431088100689958,90.67371829918731
0.01671669051520272,6.9404353118474695,63.103465982133564
0.1052061071049641,7.064197449122564,57.59486011850973
0.05234075899221486,3.3419536467563224,61.36760156222325
0.09564010530940376,1.166522545369183,66.4426772837494
0.042918193584437346,1.0660311186381168,77.15339149436056
0.030654641517912865,0.060046617931511115,62.41469721124125
0.21718668688921744,3.317764864321257,81.60217105693803
0.012430585629143634,7.877100897199085,91.01011641029191
0.0575447247337441,4.1521480813009655,92.27021099215158
0.18304653325079126,4.860988100507637,69.74956413911147
0.08195456315548072,1.0747361969965539,82.43881534343947
0.09728955286086496,6.900469763342196,92.48303410343166
0.22658998849129836,7.511916156078455,87.01658292441604
0.03561956538080942,7.255385811824308,55.93332125417161
0.2573905291889728,1.424395650776667,59.200987150566576
0.03129548183086368,5.865834756129667,83.0487389560583
0.13973184237570196,0.7906031625211603,54.39407177534433
0.31899905857725724,1.2341504004483372,50.17808179769108
0.13587008455831148,5.329892375483336,58.44343214487771
0.030822956793453694,5.235852449226774,57.570586795992575
0.1305051172351539,2.7385213381695985,91.28306798415421
0.052954924109252836,3.7194768790828032,90.14372260358996
0.13760192622604364,4.122971312321308,76.35815193920503
0.05842693371904262,1.7307596725316938,76.69242338775311
0.02902192915343703,6.309892727940755,70.11436281537297
0.07716222423301586,7.129948850751498,61.19292240488352
0.1759634647568287,5.730494471105274,51.55425821411271
0.07521354207225185,4.9798662443025306,59.94799107602443
0.02368753359411599,5.479712143826043,82.95610750703078
0.029738677811953045,5.561644379842415,55.31864213437771
0.029485081709895646,2.703735266798868,51.7198787028893
0.10593383383718641,5.516668557432309,78.74642223996915
0.01671669051520272,6.9404353118474695,63.103465982133564
0.10070891679411145,7.318551274718059,57.47040823026892
0.05234075899221486,3.3419536467563224,61.36760156222325
0.0886081332321301,0.8257766843909149,65.33786430896674
0.02958951514955655,4.043718282849072,83.21132266547366
0.030557771315771164,0.13540128457024903,62.70030360479692
0.20734861122885243,3.762471326958454,78.18663740512407
0.012430585629143634,7.877100897199085,91.01011641029191
0.06234871579326779,3.9238291217026102,99.24600612162013
0.18304653325079126,4.860988100507637,69.74956413911147
0.08195456315548072,1.0747361969965539,82.43881534343947
0.06608705862337085,3.737254195921845,78.5572036333951
0.22658998849129836,7.511916156078455,87.01658292441604
0.03561956538080942,7.255385811824308,55.93332125417161
0.18448329920300924,2.1062000814286095,59.971345756918495
0.03129548183086368,5.865834756129667,83.0487389560583
0.13973184237570196,0.7906031625211603,54.39407177534433
0.31899905857725724,1.2341504004483372,50.17808179769108
0.136641366361655,4.423291978559154,57.634681799597914
0.030822956793453694,5.235852449226774,57.570586795992575
0.12781107553634063,2.866766587336654,90.27939893368327
0.052954924109252836,3.7194768790828032,90.14372260358996
0.1760365733484805,1.4748470780802654,60.98435714278497
0.05842693371904262,1.7307596725316938,76.69242338775311
0.02902192915343703,6.309892727940755,70.11436281537297
0.07716222423301586,7.129948850751498,61.19292240488352
0.1759634647568287,5.730494471105274,51.55425821411271
0.02301704326446216,5.4603840685005665,52.28512395053255
0.02368753359411599,5.479712143826043,82.95610750703078
0.035392808212651464,5.112999274348553,63.800010899432685
0.029485081709895646,2.703735266798868,51.7198787028893
0.12879183381881457,6.292075366701459,73.82900334931776
0.01671669051520272,6.9404353118474695,63.103465982133564
0.10070891679411145,7.318551274718059,57.47040823026892
0.051909409654418454,3.2761255738779567,61.37063715009505
0.0886081332321301,0.8257766843909149,65.33786430896674
0.02958951514955655,4.043718282849072,83.21132266547366
0.030557771315771164,0.13540128457024903,62.70030360479692
0.20063563279452,3.8252380313611907,78.36096584939558
0.012430585629143634,7.877100897199085,91.01011641029191
0.04747024355116221,3.3714516059690784,77.72933009667206
0.20679538984185877,4.7687812680986035,67.78142738383477
0.08195456315548072,1.0747361969965539,82.43881534343947
0.0716501224092118,3.018072922867114,75.29181647287886
0.2011691796918878,7.4345198508887185,83.5537646877755
0.03149377013413255,7.267843541590546,55.41096572791066
0.1765011609440659,2.1369721028192465,59.54640957423431
0.031211314084612155,5.753620192344873,78.510484945815
0.13973184237570196,0.7906031625211603,54.39407177534433
0.31899905857725724,1.2341504004483372,50.17808179769108
0.10674790879619579,5.143813539992655,58.50115656327779
0.030822956793453694,5.235852449226774,57.570586795992575
0.10887357823674185,3.5611769344951107,85.64690417000885
0.052954924109252836,3.7194768790828032,90.14372260358996
0.17603980850144949,1.2865289886819875,61.401651633864034
0.06902133868461129,0.4075016614854281,80.14401960864839
0.03295753032903939,6.9223819306012295,60.640002516582804
0.07292284823631152,5.661560442851481,68.22362634425178
0.1759634647568287,5.730494471105274,51.55425821411271
0.02301704326446216,5.4603840685005665,52.28512395053255
0.02368753359411599,5.479712143826043,82.95610750703078
0.035392808212651464,5.112999274348553,63.800010899432685
0.029485081709895646,2.703735266798868,51.7198787028893
0.12796529195005074,6.281641042034117,73.74025100840683
0.016766183891738975,6.94038029481596,63.09595866562275
0.10070891679411145,7.318551274718059,57.47040823026892
0.05751015035229403,2.653246022818065,60.54684222616727
0.0886081332321301,0.8257766843909149,65.33786430896674
0.02958951514955655,4.043718282849072,83.21132266547366
0.030557771315771164,0.13540128457024903,62.70030360479692
0.1444425474207171,3.4570201074536806,69.61401835207583
0.012430585629143634,7.877100897199085,91.01011641029191
0.043230869819386994,3.102446112357277,68.13364828214236
0.28884604128439884,7.19666333670637,58.147974430556346
0.08561642795355764,0.5820035039071119,83.02974120321255
0.06591235181288271,3.233341834785107,79.85003666016733
0.19364229442945954,7.118641225536216,83.72446427120782
0.031511415560677616,7.3624392032069474,53.96790628458152
0.151352048762105,2.2460881668487827,59.75785405956839
0.031211314084612155,5.753620192344873,78.510484945815
0.1545652248639925,0.11222155990119553,51.09766337744483
0.25585121469518574,2.489910565173333,52.48770355194871
0.10674790879619579,5.143813539992655,58.50115656327779
0.032095039225611126,7.643447764750679,63.13357475532028
0.10887357823674185,3.5611769344951107,85.64690417000885
0.052954924109252836,3.7194768790828032,90.14372260358996
0.17603980850144949,1.2865289886819875,61.401651633864034
0.05033161075726844,0.008383451614945137,94.2720594739611
0.03295753032903939,6.9223819306012295,60.640002516582804
0.07292284823631152,5.661560442851481,68.22362634425178
0.1759634647568287,5.730494471105274,51.55425821411271
0.019707518471138788,5.7182958915955515,50.659707445812394
0.024458732137588576,5.665292188637107,80.09874607747591
0.04070444676214803,4.473605213897109,57.50574888530366
0.029485081709895646,2.703735266798868,51.7198787028893
0.12140200054628092,5.867509132064583,72.99638245061618
0.022193261621967962,5.819569710625571,68.13671453296625
0.10237860999613582,7.370901021996712,56.771859592327466
0.04367352494219099,1.1589422148315789,61.532228344946475
0.0886081332321301,0.8257766843909149,65.33786430896674
0.02958951514955655,4.043718282849072,83.21132266547366
0.030557771315771164,0.13540128457024903,62.70030360479692
0.10250154694352599,0.33562086461806206,57.585374812048386
0.012430585629143634,7.877100897199085,91.01011641029191
0.043230869819386994,3.102446112357277,68.13364828214236
0.28884604128439884,7.19666333670637,58.147974430556346
0.07797951430390061,0.693439078755175,94.53788805814452
0.05953150815326082,3.9476284564565294,76.13051341449275
0.19364229442945954,7.118641225536216,83.72446427120782
0.031511415560677616,7.3624392032069474,53.96790628458152
0.151352048762105,2.2460881668487827,59.75785405956839
0.036620748565879935,5.309200451326043,84.28294035875544
0.1545652248639925,0.11222155990119553,51.09766337744483
0.20197930069860354,1.7331061248795243,54.278521306778615
0.14531264358095994,4.373833630222626,56.531897531473724
0.032095039225611126,7.643447764750679,63.13357475532028
0.12625540782935107,3.455387054891525,86.18086851318571
0.09515159563770426,4.341482898438672,84.42025962570213
0.19501412280462233,0.8531475253642533,59.00293796352094
0.05033161075726844,0.008383451614945137,94.2720594739611
0.03276132449528748,6.982087982955573,59.73474642438771
0.07418058360739985,5.734547796740251,67.73464587846755
0.1759634647568287,5.730494471105274,51.55425821411271
0.019707518471138788,5.7182958915955515,50.659707445812394
0.024458732137588576,5.665292188637107,80.09874607747591
0.04089526147558961,4.434561225306361,56.254558941236205
0.029485081709895646,2.703735266798868,51.7198787028893
0.12140200054628092,5.867509132064583,72.99638245061618
0.022193261621967962,5.819569710625571,68.13671453296625
0.10241344698185083,7.372564776980999,56.772152699255216
0.037917503973452414,1.2016199603880422,61.04473504653063
0.0886081332321301,0.8257766843909149,65.33786430896674
0.02958951514955655,4.043718282849072,83.21132266547366
0.030557771315771164,0.13540128457024903,62.70030360479692
0.09396816622702381,0.4601374205416062,70.44441747766265
0.012430585629143634,7.877100897199085,91.01011641029191
0.015365283074943212,4.363338284483882,70.59419507353917
0.23519587090064167,7.289159615264105,59.161677076040434
0.06694997359976498,0.6009627097437293,98.11888071319223
0.1009896475294056,0.48891454189126193,63.03351612010472
0.19870696021860051,7.725720612957656,86.82805478690119
0.031511415560677616,7.3624392032069474,53.96790628458152
0.15252189463518492,2.1897183396162223,58.52618108406061
0.036620748565879935,5.309200451326043,84.28294035875544
0.1545652248639925,0.11222155990119553,51.09766337744483
0.20197930069860354,1.7331061248795243,54.278521306778615
0.1895668339183415,3.8541763783605107,52.36064705699046
0.03208649330761635,7.639332996506906,62.999363180594
0.11570353576802825,3.3889223710167453,91.81755484196572
0.07032497085840533,2.9794939727002268,74.28057957013753
0.19501412280462233,0.8531475253642533,59.00293796352094
0.05033161075726844,0.008383451614945137,94.2720594739611
0.03715013906585103,5.355749088270598,63.25555097787651
0.09150077636814623,6.1383477068426116,66.892553041755
0.1759634647568287,5.730494471105274,51.55425821411271
0.019707518471138788,5.7182958915955515,50.659707445812394
0.026354204885898756,4.548467670732122,69.39687010116019
0.04089526147558961,4.434561225306361,56.254558941236205
0.029485081709895646,2.703735266798868,51.7198787028893
0.12204221691311185,5.81676481109262,73.54339712399835
0.022204659233644043,5.818448984912557,68.14106657535362
0.10370749008809792,7.518920343621058,55.572058353951164
0.038633627964747355,0.41098502273510196,60.80468127522405
0.0447280731338999,0.8144894048714575,67.9502825560302
0.02958951514955655,4.043718282849072,83.21132266547366
0.030557771315771164,0.13540128457024903,62.70030360479692
0.09396816622702381,0.4601374205416062,70.44441747766265
0.012430585629143634,7.877100897199085,91.01011641029191
0.015365283074943212,4.363338284483882,70.59419507353917
0.1563012793202458,6.681225208654866,66.99997988993638
0.06694997359976498,0.6009627097437293,98.11888071319223
0.1009896475294056,0.48891454189126193,63.03351612010472
0.19870696021860051,7.725720612957656,86.82805478690119
0.031511415560677616,7.3624392032069474,53.96790628458152
0.1198661018872854,3.057308886365489,56.59200844246227
0.036620748565879935,5.309200451326043,84.28294035875544
0.1545652248639925,0.11222155990119553,51.09766337744483
0.20197930069860354,1.7331061248795243,54.278521306778615
0.1895668339183415,3.8541763783605107,52.36064705699046
0.03214909867217817,7.758112698830665,63.270814356722674
0.11421464411815281,2.8186469062150663,96.10996839172941
0.04899182914940181,3.1844699587195313,78.36942864137899
0.19501412280462233,0.8531475253642533,59.00293796352094
0.05033161075726844,0.008383451614945137,94.2720594739611
0.031229065425073727,5.865926555697357,62.506390718964205
0.12351132815182657,6.283031692567548,69.2220617609937
0.1759634647568287,5.730494471105274,51.55425821411271
0.019707518471138788,5.7182958915955515,50.659707445812394
0.010330127189049923,7.804916288023439,70.65845698670773
0.05299119926663977,3.9800226444233764,55.73120872111392
0.029485081709895646,2.703735266798868,51.7198787028893
0.07397212055404111,5.893673705488778,93.14643059449253
0.024679002152695348,5.29729363167149,62.351681942680464
0.07680493966406354,6.94223693310446,53.998786774653716
0.03995058164252786,0.5548342005282194,60.69878434862783
0.0447280731338999,0.8144894048714575,67.9502825560302
0.02647559456237921,3.936069141450217,90.63597373262982
0.030557771315771164,0.13540128457024903,62.70030360479692
0.09396816622702381,0.4601374205416062,70.44441747766265
0.012430585629143634,7.877100897199085,91.01011641029191
0.015365283074943212,4.363338284483882,70.59419507353917
0.15292942945032637,6.371767489260194,69.33218132328464
0.06694997359976498,0.6009627097437293,98.11888071319223
0.09925972424599899,0.499057039000262,63.41330855211098
0.19870696021860051,7.725720612957656,86.82805478690119
0.031511415560677616,7.3624392032069474,53.96790628458152
0.1198661018872854,3.057308886365489,56.59200844246227
0.03678618996079583,5.245238422798262,84.40347353729169
0.15419609829673264,0.1769664466988079,51.35241584868018
0.20197930069860354,1.7331061248795243,54.278521306778615
0.1895668339183415,3.8541763783605107,52.36064705699046
0.0320641564241859,7.583416246149846,63.20023879609594
0.11421464411815281,2.8186469062150663,96.10996839172941
0.04608959279422748,3.3602658871927344,78.88081433903608
0.27523097116339723,1.1638923810733113,55.564255898681026
0.05033161075726844,0.008383451614945137,94.2720594739611
0.031229065425073727,5.865926555697357,62.506390718964205
0.13397594379779854,6.142319832174679,69.08925415845067
0.1759634647568287,5.730494471105274,51.55425821411271
0.019707518471138788,5.7182958915955515,50.659707445812394
0.019597898696043947,6.991055357086088,70.63473967714242
0.05299119926663977,3.9800226444233764,55.73120872111392
0.029485081709895646,2.703735266798868,51.7198787028893
0.07397212055404111,5.893673705488778,93.14643059449253
0.024679002152695348,5.29729363167149,62.351681942680464
0.06753593030332086,7.06252584733147,56.32175141935214
0.08373585881686187,0.4100141251221806,57.11673275195705
0.04721464873797915,1.7670753391686742,64.27326608378239
0.02647559456237921,3.936069141450217,90.63597373262982
0.030557771315771164,0.13540128457024903,62.70030360479692
0.09396816622702381,0.4601374205416062,70.44441747766265
0.012430585629143634,7.877100897199085,91.01011641029191
0.015365283074943212,4.363338284483882,70.59419507353917
0.18221359776784646,7.072602980143197,73.31757480315599
0.06694997359976498,0.6009627097437293,98.11888071319223
0.1285763849677844,0.6542370872730796,63.71756371869394
0.19870696021860051,7.725720612957656,86.82805478690119
0.031511415560677616,7.3624392032069474,53.96790628458152
0.1198661018872854,3.057308886365489,56.59200844246227
0.0444151938220582,5.2124372970713635,98.2987897651017
0.15419609829673264,0.1769664466988079,51.35241584868018
0.20197930069860354,1.7331061248795243,54.278521306778615
0.1895668339183415,3.8541763783605107,52.36064705699046
0.0320641564241859,7.583416246149846,63.20023879609594
0.11558704954520198,2.876603810463333,86.5133890814305
0.04916478100849458,3.0854055411250423,82.17036671648738
0.29662179888198964,1.2481038248863592,55.39083755656985
0.05033161075726844,0.008383451614945137,94.2720594739611
0.03336933122057481,5.065021897722594,63.36951901288034
0.13397594379779854,6.142319832174679,69.08925415845067
0.18622068494564897,6.125183987265944,50.767992978541464
0.019737502424669373,5.716172823941054,50.66769584672375
0.019597898696043947,6.991055357086088,70.63473967714242
0.05299119926663977,3.9800226444233764,55.73120872111392
0.029485081709895646,2.703735266798868,51.7198787028893
0.07661980700663763,6.083525783940785,95.61196939120701
0.025313148729491107,4.816819682170463,72.33524121801156
0.06753593030332086,7.06252584733147,56.32175141935214
0.08373585881686187,0.4100141251221806,57.11673275195705
0.04920864568549771,1.6617317042339266,65.68511196128573
0.02647559456237921,3.936069141450217,90.63597373262982
0.03357612022211036,0.310718403346268,62.88677065844387
0.09396816622702381,0.4601374205416062,70.44441747766265
0.012430585629143634,7.877100897199085,91.01011641029191
0.015365283074943212,4.363338284483882,70.59419507353917
0.18221359776784646,7.072602980143197,73.31757480315599
0.06694997359976498,0.6009627097437293,98.11888071319223
0.11780242299514225,0.49588242426134155,65.10301119025036
0.19870696021860051,7.725720612957656,86.82805478690119
0.026465894884602922,7.711137324495947,53.461110697368795
0.10253717820215312,4.128280461851309,70.39444556873941
0.0444151938220582,5.2124372970713635,98.2987897651017
0.09373817476962,2.5671092046757518,56.48681746949699
0.20197930069860354,1.7331061248795243,54.278521306778615
0.1895668339183415,3.8541763783605107,52.36064705699046
0.03116084405287977,7.821016264563475,62.19817298550133
0.11558704954520198,2.876603810463333,86.5133890814305
0.048145816149996815,3.3534258592701818,81.0400048623465
0.22180969160166486,2.0869992843689644,55.49535597140445
0.05033161075726844,0.008383451614945137,94.2720594739611
0.017144182783279643,4.891282632977349,62.44707913162841
0.1338905381952088,6.147857375772237,69.10785499849212
0.1732677238668075,5.542129906291869,54.914805247681834
0.02265435848560582,5.665219935815087,50.8906459776641
0.019597898696043947,6.991055357086088,70.63473967714242
0.07355040288466486,4.50850746119009,60.118698351392666
0.029801731513947924,2.605876328258657,51.754058829614394
0.07661980700663763,6.083525783940785,95.61196939120701
0.025313148729491107,4.816819682170463,72.33524121801156
0.06753593030332086,7.06252584733147,56.32175141935214
0.06972165310879504,0.9805854156983573,55.723299331390045
0.04920864568549771,1.6617317042339266,65.68511196128573
0.02647559456237921,3.936069141450217,90.63597373262982
0.028111287481499603,2.4453177345748545,58.0614910627166
0.09396816622702381,0.4601374205416062,70.44441747766265
0.012430585629143634,7.877100897199085,91.01011641029191
0.01788425190763938,4.478167489727297,71.03505757877483
0.19264937052557657,7.282777463659253,72.15709456046747
0.06694997359976498,0.6009627097437293,98.11888071319223
0.11780242299514225,0.49588242426134155,65.10301119025036
0.1520175448533532,6.942446500418708,82.9256029824348
0.026465894884602922,7.711137324495947,53.461110697368795
0.12993905530000555,4.518645214406566,65.03130891623931
0.0444151938220582,5.2124372970713635,98.2987897651017
0.08038419579957011,3.006167662432806,59.57983079655051
0.20197930069860354,1.7331061248795243,54.278521306778615
0.16446102016080325,3.188080571751467,61.72964972972059
0.03116084405287977,7.821016264563475,62.19817298550133
0.11558704954520198,2.876603810463333,86.5133890814305
0.048145816149996815,3.3534258592701818,81.0400048623465
0.2145064151740721,2.288030767092331,57.51328385915574
0.05033161075726844,0.008383451614945137,94.2720594739611
0.017144182783279643,4.891282632977349,62.44707913162841
0.13087477798731903,6.194247913037123,70.1948507788423
0.13335914490774936,5.205485480929557,56.40176699439347
0.02265435848560582,5.665219935815087,50.8906459776641
0.019597898696043947,6.991055357086088,70.63473967714242
0.07458864614131039,4.709733407026316,58.59150879378227
0.03813335996803077,3.5898947819230007,52.762595350095125
0.07661980700663763,6.083525783940785,95.61196939120701
0.014519845855231639,4.242755494457215,76.42872911786898
0.054546369451810746,5.541256370882536,56.89495772753356
0.07724873361079772,0.23141082562097193,56.49614534098089
0.04920864568549771,1.6617317042339266,65.68511196128573
0.027039044879722127,3.926349852293656,90.31137629935958
0.028111287481499603,2.4453177345748545,58.0614910627166
0.09396816622702381,0.4601374205416062,70.44441747766265
0.016242899914908647,7.232832528249291,88.38499490850327
0.01788425190763938,4.478167489727297,71.03505757877483
0.19264937052557657,7.282777463659253,72.15709456046747
0.04750602004546564,3.195945856799284,95.5835902765399
0.11780242299514225,0.49588242426134155,65.10301119025036
0.1520175448533532,6.942446500418708,82.9256029824348
0.028054824802085196,7.2884935705732,54.315144648214115
0.12993905530000555,4.518645214406566,65.03130891623931
0.0444151938220582,5.2124372970713635,98.2987897651017
0.08578485071745162,2.9315535470779035,60.45123453130863
0.20197930069860354,1.7331061248795243,54.278521306778615
0.18073302280467557,3.8177769975837794,59.71800293260753
0.03116084405287977,7.821016264563475,62.19817298550133
0.14313245798480295,3.3807459172650614,95.15661288627207
0.05900597120688838,4.394702744270508,86.59784166378807
0.23340393913446283,2.5711844979343894,57.65332264823717
0.05033161075726844,0.008383451614945137,94.2720594739611
0.03501753945254793,5.163101936857739,65.16088380905177
0.14327167781338576,7.091284073148625,72.87373366639649
0.12102943979350975,4.686255773821933,57.76195982715655
0.02265435848560582,5.665219935815087,50.8906459776641
0.018821861526493507,5.853076164887254,70.81602649389211
0.07000449216476194,4.617056824123555,66.83048847697995
0.03813335996803077,3.5898947819230007,52.762595350095125
0.07661980700663763,6.083525783940785,95.61196939120701
0.01817234747006219,4.221324384069608,75.42608668932905
0.054546369451810746,5.541256370882536,56.89495772753356
0.07724873361079772,0.23141082562097193,56.49614534098089
0.04920864568549771,1.6617317042339266,65.68511196128573
0.025471790066980915,3.8581612199336033,90.14382381171698
0.028111287481499603,2.4453177345748545,58.0614910627166
0.09396816622702381,0.4601374205416062,70.44441747766265
0.016242899914908647,7.232832528249291,88.38499490850327
0.01788425190763938,4.478167489727297,71.03505757877483
0.19264937052557657,7.282777463659253,72.15709456046747
0.04750602004546564,3.195945856799284,95.5835902765399
0.09064841662669401,2.0267622533400615,65.12199380389
0.14253473300331762,6.295804309120571,83.9837268324069
0.028054824802085196,7.2884935705732,54.315144648214115
0.1321180872037957,4.764500076283062,64.70339552410465
0.04193504104740514,7.393968572773115,99.98678883847955
0.08578485071745162,2.9315535470779035,60.45123453130863
0.22545877804383457,0.9831392613728989,54.273577224520444
0.18073302280467557,3.8177769975837794,59.71800293260753
0.03201620576706709,7.96766684448459,64.36906765392435
0.15212717498189954,3.3000806200315433,91.41975737160692
0.06223703430558099,5.296010132493773,93.49465744143686
0.2281129265114834,2.696409899559428,57.86072837056447
0.05033161075726844,0.008383451614945137,94.2720594739611
0.05561967040465221,4.0016016306906845,65.1464814300175
0.2107832093695346,7.889476028874768,85.17803562295333
0.21112686113217266,2.2984200800510273,61.44369794272277
0.02265435848560582,5.665219935815087,50.8906459776641
0.018821861526493507,5.853076164887254,70.81602649389211
0.07000449216476194,4.617056824123555,66.83048847697995
0.03740388531922841,3.5065846740821707,53.14828504593395
0.07189096229886854,6.046870786153319,91.69316209238244
0.01817234747006219,4.221324384069608,75.42608668932905
0.060302418405757285,5.060388652591948,57.55024257324175
0.07724873361079772,0.23141082562097193,56.49614534098089
0.04920864568549771,1.6617317042339266,65.68511196128573
0.03878836728967214,4.629043104554882,74.9153630000718
0.028111287481499603,2.4453177345748545,58.0614910627166
0.09396816622702381,0.4601374205416062,70.44441747766265
0.016242899914908647,7.232832528249291,88.38499490850327
0.01788425190763938,4.478167489727297,71.03505757877483
0.12961433372531622,7.329282236490885,83.79663679263831
0.04750602004546564,3.195945856799284,95.5835902765399
0.08867303098448603,2.2746235896693308,65.28547705307716
0.14253473300331762,6.295804309120571,83.9837268324069
0.02283539440981816,7.288674833093298,53.74936152812357
0.11709563515920737,3.5234044295758213,62.45636664148903
0.04193504104740514,7.393968572773115,99.98678883847955
0.08578485071745162,2.9315535470779035,60.45123453130863
0.22545877804383457,0.9831392613728989,54.273577224520444
0.14713511330377618,3.9011818465275168,62.964537036901476
0.03201620576706709,7.96766684448459,64.36906765392435
0.18863234887554975,2.0503699306728205,91.29536607070288
0.04818579805083574,5.47630347073484,86.15476263093817
0.2281129265114834,2.696409899559428,57.86072837056447
0.05033161075726844,0.008383451614945137,94.2720594739611
0.08263133526943958,2.6425150125445085,60.98471593717891
0.14980561048204954,4.894366562046764,88.63410426580936
0.23073155373056542,2.1993919333526657,61.598928739097815
0.02265435848560582,5.665219935815087,50.8906459776641
0.032529784493133825,5.522040856674742,69.74860484253995
0.08045683881803656,3.6844593587912247,73.95935137123368
0.03396476443879071,4.1121810844618265,58.87501763096515
0.07237069734224265,6.102958210122884,91.61662409141957
0.01817234747006219,4.221324384069608,75.42608668932905
0.05139660742763724,6.277321903028294,54.13926578379845
0.07724873361079772,0.23141082562097193,56.49614534098089
0.04920864568549771,1.6617317042339266,65.68511196128573
0.03878836728967214,4.629043104554882,74.9153630000718
0.028111287481499603,2.4453177345748545,58.0614910627166
0.09396816622702381,0.4601374205416062,70.44441747766265
0.04012313310535853,6.485324271257161,88.12280441409548
0.01788425190763938,4.478167489727297,71.03505757877483
0.12961433372531622,7.329282236490885,83.79663679263831
0.04750602004546564,3.195945856799284,95.5835902765399
0.08212242939557407,2.9921296147605467,70.14906807239142
0.11482791775828917,5.363436649347048,77.7068436819871
0.02283539440981816,7.288674833093298,53.74936152812357
0.09490340762881934,2.489191993590614,57.07417533002659
0.04193504104740514,7.393968572773115,99.98678883847955
0.08578485071745162,2.9315535470779035,60.45123453130863
0.1999880142943586,0.8539503291109471,54.65553856612883
0.1986016374057592,5.292486397257041,68.76860640126127
0.03201620576706709,7.96766684448459,64.36906765392435
0.16651979052009827,2.5288074181676152,86.73504568348493
0.06238914461114459,4.3531205404401305,78.83359805507861
0.2281129265114834,2.696409899559428,57.86072837056447
0.05033161075726844,0.008383451614945137,94.2720594739611
0.08468822116391964,3.563884734237082,62.69996037308748
0.14980561048204954,4.894366562046764,88.63410426580936
0.32353196494465675,2.0013949383866545,64.69032760638143
0.021535102580354237,5.703133612825264,50.67757453082236
0.02318998493659065,6.972689851370306,53.63683999638658
0.05037283122235857,4.115226958669524,74.19183901960709
0.03396476443879071,4.1121810844618265,58.87501763096515
0.06022818433453503,6.243665456806618,94.22000311215906
0.01941816943463681,4.558461302396291,74.4310550383617
0.05139660742763724,6.277321903028294,54.13926578379845
0.07724873361079772,0.23141082562097193,56.49614534098089
0.01889336616907633,1.4864057782358324,67.01095153595264
0.037310432891241974,2.57365499288335,60.29127557466918
0.028111287481499603,2.4453177345748545,58.0614910627166
0.09396816622702381,0.4601374205416062,70.44441747766265
0.040749129017205725,7.35590726637005,94.31700285248479
0.01788425190763938,4.478167489727297,71.03505757877483
0.12961433372531622,7.329282236490885,83.79663679263831
0.04750602004546564,3.195945856799284,95.5835902765399
0.08212242939557407,2.9921296147605467,70.14906807239142
0.11942898505129626,5.748700980642842,80.44051567236139
0.02283539440981816,7.288674833093298,53.74936152812357
0.09490340762881934,2.489191993590614,57.07417533002659
0.04193504104740514,7.393968572773115,99.98678883847955
0.08578485071745162,2.9315535470779035,60.45123453130863
0.23007931368915344,0.14670320133290193,52.55608028889361
0.17778633776474284,4.881403453555004,69.01530041488299
0.03201620576706709,7.96766684448459,64.36906765392435
0.13576077120569202,3.5477688204714597,79.67368534443366
0.07597611893651807,5.409518519723127,63.5423389341268
0.2281129265114834,2.696409899559428,57.86072837056447
0.05033161075726844,0.008383451614945137,94.2720594739611
0.08230680835479191,3.695884815341095,62.34900671523037
0.14980561048204954,4.894366562046764,88.63410426580936
0.31520101040607523,2.0714437291525387,64.95716705466245
0.021535102580354237,5.703133612825264,50.67757453082236
0.02318998493659065,6.972689851370306,53.63683999638658
0.05037283122235857,4.115226958669524,74.19183901960709
0.03396476443879071,4.1121810844618265,58.87501763096515
0.06022818433453503,6.243665456806618,94.22000311215906
0.01941816943463681,4.558461302396291,74.4310550383617
0.05139660742763724,6.277321903028294,54.13926578379845
0.07594206039259366,0.4202371746728413,57.356488137037104
0.01889336616907633,1.4864057782358324,67.01095153595264
0.037310432891241974,2.57365499288335,60.29127557466918
0.014574430329110627,2.4283228800028342,58.075079430783845
0.09396816622702381,0.4601374205416062,70.44441747766265
0.03974667296978645,7.323733896166515,89.52431072651169
0.01788425190763938,4.478167489727297,71.03505757877483
0.12961433372531622,7.329282236490885,83.79663679263831
0.04652639058600394,2.9612659834296866,95.68858893293353
0.0888805400040844,2.7530709648572516,69.28853770986215
0.1754340797989999,4.327016480230231,90.73744223590964
0.02283539440981816,7.288674833093298,53.74936152812357
0.06991636533377833,3.134468021098412,61.60345316953463
0.04188470398564912,7.392353027705575,99.74612986879828
0.08578485071745162,2.9315535470779035,60.45123453130863
0.23007931368915344,0.14670320133290193,52.55608028889361
0.17778633776474284,4.881403453555004,69.01530041488299
0.03201620576706709,7.96766684448459,64.36906765392435
0.13857014062107142,1.8193418790552638,77.78919636416471
0.07535355182651318,7.942665125341184,66.98935904986044
0.22853026469904403,2.155270298806998,56.73489097638727
0.05033161075726844,0.008383451614945137,94.2720594739611
0.07802697667917205,3.8386294338319953,61.174504422612124
0.14980561048204954,4.894366562046764,88.63410426580936
0.22737787032955167,2.4007036432029536,63.23224434777482
0.021535102580354237,5.703133612825264,50.67757453082236
0.03627848673487612,3.614293510663082,73.23235526580595
0.05037283122235857,4.115226958669524,74.19183901960709
0.01973934601617988,4.977996149418657,56.13218057818264
0.06211296952482459,6.014050102327251,92.57998239957223
0.021441507371358304,4.511947894457912,74.48808015237125
0.05110435346658695,5.660115907814069,59.86360663798051
0.07570609475214461,0.37769209705234763,57.13887727363852
0.01889336616907633,1.4864057782358324,67.01095153595264
0.02871329335137323,2.30656056954905,60.104785245555
0.014574430329110627,2.4283228800028342,58.075079430783845
0.09396816622702381,0.4601374205416062,70.44441747766265
0.03974667296978645,7.323733896166515,89.52431072651169
0.018170002457466944,4.478888086320871,71.03144820296833
0.10908305857070752,4.686362598255744,73.68247665986927
0.0442265775319094,4.441100575622951,93.59754498527884
0.0888805400040844,2.7530709648572516,69.28853770986215
0.18454644616994215,4.684834168272474,93.79476769151243
0.02283539440981816,7.288674833093298,53.74936152812357
0.06663433488060974,2.610596010543274,67.07808704022418
0.04188470398564912,7.392353027705575,99.74612986879828
0.08848663394627605,2.8478378676116884,60.62791797990553
0.23007931368915344,0.14670320133290193,52.55608028889361
0.17778633776474284,4.881403453555004,69.01530041488299
0.03170914324857543,7.870146674328989,64.25826196891659
0.13857014062107142,1.8193418790552638,77.78919636416471
0.08226297878418962,7.659771721873064,68.9980716199056
0.2666808053488264,2.635868004352541,52.84801752528002
0.05033161075726844,0.008383451614945137,94.2720594739611
0.07802697667917205,3.8386294338319953,61.174504422612124
0.14980561048204954,4.894366562046764,88.63410426580936
0.22737787032955167,2.4007036432029536,63.23224434777482
0.020389747351733618,3.8749227238059385,57.759098135521526
0.03627848673487612,3.614293510663082,73.23235526580595
0.05037283122235857,4.115226958669524,74.19183901960709
0.019868603550562507,4.643073327268082,58.122299807675965
0.06211296952482459,6.014050102327251,92.57998239957223
0.021441507371358304,4.511947894457912,74.48808015237125
0.019381109486429654,5.9062328677998615,50.61657632371442
0.07570609475214461,0.37769209705234763,57.13887727363852
0.01889336616907633,1.4864057782358324,67.01095153595264
0.02871329335137323,2.30656056954905,60.104785245555
0.014574430329110627,2.4283228800028342,58.075079430783845
0.08412288374632608,1.234704001175276,69.23191003002668
0.03974667296978645,7.323733896166515,89.52431072651169
0.018170002457466944,4.478888086320871,71.03144820296833
0.10908305857070752,4.686362598255744,73.68247665986927
0.0442265775319094,4.441100575622951,93.59754498527884
0.0888805400040844,2.7530709648572516,69.28853770986215
0.16329778878653803,4.915523149303037,93.58393845452478
0.02283539440981816,7.288674833093298,53.74936152812357
0.06521520948388426,2.5411999763114106,66.85729225007846
0.04188470398564912,7.392353027705575,99.74612986879828
0.08848663394627605,2.8478378676116884,60.62791797990553
0.23007931368915344,0.14670320133290193,52.55608028889361
0.15459248418329152,4.480790927783579,67.6289385478803
0.03170914324857543,7.870146674328989,64.25826196891659
0.13857014062107142,1.8193418790552638,77.78919636416471
0.06931375756387975,7.578910018380194,65.67539037042152
0.2005483671558343,2.887633353172423,55.96767152887433
0.05033161075726844,0.008383451614945137,94.2720594739611
0.0669094464562224,3.3963950199911093,62.27179708946412
0.10192420410511704,5.9512686837020095,89.02139073492968
0.2312744135272797,2.3619969944625416,63.08698243655344
0.03987002836840186,3.8119015857191463,57.371769380719655
0.0334543639839819,3.5139200914909234,73.04010085478103
0.05037283122235857,4.115226958669524,74.19183901960709
0.01990789850289247,4.646871541717919,57.82366325735502
0.05871185355396485,5.701122877948633,89.54160495947555
0.021441507371358304,4.511947894457912,74.48808015237125
0.019381109486429654,5.9062328677998615,50.61657632371442
0.08056874199767239,0.4412986393700158,59.05831715509873
0.01889336616907633,1.4864057782358324,67.01095153595264
0.02871329335137323,2.30656056954905,60.104785245555
0.023377020620338113,2.4500631409274,57.97533078506749
0.08412288374632608,1.234704001175276,69.23191003002668
0.03974667296978645,7.323733896166515,89.52431072651169
0.014867748058871378,5.765554637184554,79.31154629812644
0.17117991204380326,6.951604718369666,82.32335938521206
0.0442265775319094,4.441100575622951,93.59754498527884
0.11984096026771535,1.5826909297299037,52.43410778312188
0.16329778878653803,4.915523149303037,93.58393845452478
0.02283539440981816,7.288674833093298,53.74936152812357
0.04541966596941785,2.3639744197263366,64.82360735172404
0.04188470398564912,7.392353027705575,99.74612986879828
0.0906501593610363,3.6476215301791894,56.36210196939106
0.21241750406917403,0.4607250412247925,52.99432198237218
0.21429492173156894,4.502261423909017,53.58122081434264
0.03170914324857543,7.870146674328989,64.25826196891659
0.13452285553722299,1.1470530222777997,80.35570355134453
0.06931375756387975,7.578910018380194,65.67539037042152
0.231493821110619,2.9640611114967683,55.61700575653413
0.05033161075726844,0.008383451614945137,94.2720594739611
0.0669094464562224,3.3963950199911093,62.27179708946412
0.10679801978729901,6.306889689366201,92.74475190477004
0.3260820698474143,0.12111723354929893,67.33416205619673
0.04084215561927651,3.458465223042926,60.80067489724988
0.041109989455360096,4.322118251932681,84.48460892644543
0.031584441561085946,4.5389508913144905,76.64960083892666
0.017399429414428305,6.235350061672404,57.713994790200964
0.030121985140732166,7.418555104303479,93.00579492722444
0.021441507371358304,4.511947894457912,74.48808015237125
0.019381109486429654,5.9062328677998615,50.61657632371442
0.08056874199767239,0.4412986393700158,59.05831715509873
0.01889336616907633,1.4864057782358324,67.01095153595264
0.025483399972863433,1.0594225187218997,50.38393452811949
0.02305670474881784,2.661537043925554,59.129749957086425
0.08412288374632608,1.234704001175276,69.23191003002668
0.0490739625180472,7.231842618307141,86.15040273339044
0.014867748058871378,5.765554637184554,79.31154629812644
0.17119885293795153,6.954603960800225,82.3243760833439
0.0442265775319094,4.441100575622951,93.59754498527884
0.12153952679833105,1.7129590015905225,54.042502309396944
0.16329778878653803,4.915523149303037,93.58393845452478
0.02283539440981816,7.288674833093298,53.74936152812357
0.04541966596941785,2.3639744197263366,64.82360735172404
0.04188470398564912,7.392353027705575,99.74612986879828
0.1007022362970393,3.3290577921437117,57.17247429692644
0.21241750406917403,0.4607250412247925,52.99432198237218
0.21429492173156894,4.502261423909017,53.58122081434264
0.03170914324857543,7.870146674328989,64.25826196891659
0.14914831868483713,0.20346206899107688,90.38111032155305
0.06931375756387975,7.578910018380194,65.67539037042152
0.23156741470176614,3.1660051819752733,53.11142959867642
0.05033161075726844,0.008383451614945137,94.2720594739611
0.06325964091643183,3.7954468064612583,65.32101852407658
0.11628047533571106,5.985104611813957,99.59253287331168
0.223451953746024,1.4110114458552487,78.46806992292963
0.016763463485803196,5.287200886149678,61.856735824811636
0.035984417620747146,6.719783138683423,79.04453724961006
0.030570597636375374,4.5698193753744665,76.83836607268628
0.013009522405703619,5.384719529569007,60.91570255671103
0.025763134483365493,5.1157471583932645,82.91482643945147
0.020186110164170573,4.641890615856736,72.4673549022799
0.019381109486429654,5.9062328677998615,50.61657632371442
0.08056874199767239,0.4412986393700158,59.05831715509873
0.01889336616907633,1.4864057782358324,67.01095153595264
0.025483399972863433,1.0594225187218997,50.38393452811949
0.024330185886499194,2.130215704536345,58.57792540116464
0.09848444319469564,1.8725829682807587,65.25038960989343
0.04819585377313923,7.194201496097787,85.9748422472062
0.014867748058871378,5.765554637184554,79.31154629812644
0.09880429913360445,4.3554345156362215,75.04552775789094
0.05220275936914141,4.238099636508886,93.30235304920858
0.10353723887549363,2.348205626845384,63.252877463984625
0.16755891285307495,4.980006875208996,95.08486961494151
0.02283539440981816,7.288674833093298,53.74936152812357
0.04541966596941785,2.3639744197263366,64.82360735172404
0.04188470398564912,7.392353027705575,99.74612986879828
0.12385634387884215,2.999494141130002,58.21642223088498
0.21241750406917403,0.4607250412247925,52.99432198237218
0.21429492173156894,4.502261423909017,53.58122081434264
0.03170914324857543,7.870146674328989,64.25826196891659
0.10458100386837649,2.9050266149213106,91.36387725750618
0.08048932910052944,7.275959494456657,64.76470310298996
0.22873109418656895,3.2573801982760653,52.68461507145563
0.05572508781383065,0.24557221650461392,91.12763185603345
0.07546427399426112,3.586335778838773,62.645609219770954
0.11628047533571106,5.985104611813957,99.59253287331168
0.1639169251023092,2.535189792773693,73.5024330632085
0.016763463485803196,5.287200886149678,61.856735824811636
0.039103316926098836,7.948040737179664,84.52180103950315
0.034656517359837304,4.258686146583432,76.19483855158727
0.013009522405703619,5.384719529569007,60.91570255671103
0.03269864759311929,5.0528517876316075,82.1054217436634
0.020186110164170573,4.641890615856736,72.4673549022799
0.019381109486429654,5.9062328677998615,50.61657632371442
0.08056874199767239,0.4412986393700158,59.05831715509873
0.01889336616907633,1.4864057782358324,67.01095153595264
0.026516384962212227,1.7722289594049934,55.75566027868284
0.024330185886499194,2.130215704536345,58.57792540116464
0.09848444319469564,1.8725829682807587,65.25038960989343
0.05024698126325991,6.977147922317048,85.1295511978638
0.014867748058871378,5.765554637184554,79.31154629812644
0.10827552360697724,4.367475585081521,73.28526995812648
0.06219135867014286,3.8294447194052914,97.04544988056975
0.10487271913050984,2.4739151764646685,62.72492458432356
0.1187410457074511,4.0086882737727425,82.64189682403793
0.05262690869514305,6.270102530532725,60.56119925049188
0.04541966596941785,2.3639744197263366,64.82360735172404
0.0363491859996333,5.970405445328059,91.86463250302586
0.16041121852380494,1.0673020444362002,55.81961915126807
0.21979326667166332,0.47085262873869627,51.1993261070329
0.21429492173156894,4.502261423909017,53.58122081434264
0.03170914324857543,7.870146674328989,64.25826196891659
0.10458100386837649,2.9050266149213106,91.36387725750618
0.08048932910052944,7.275959494456657,64.76470310298996
0.22873109418656895,3.2573801982760653,52.68461507145563
0.05572508781383065,0.24557221650461392,91.12763185603345
0.06351893622196032,3.4055666027398557,58.4380035729538
0.11628047533571106,5.985104611813957,99.59253287331168
0.22335688876655685,2.8652493701701083,81.17975025857247
0.016763463485803196,5.287200886149678,61.856735824811636
0.039103316926098836,7.948040737179664,84.52180103950315
0.04617215178966872,3.953729795296344,79.16119177635703
0.013838148267161128,5.5545427254673285,69.11883539016564
0.04102387253791798,7.269960576764646,90.96270208822261
0.024508064837608506,3.7287476458598454,66.90543858227058
0.019381109486429654,5.9062328677998615,50.61657632371442
0.07769852625535008,1.0599730516402257,61.526183946435424
0.016832668160171874,0.8275482454169492,65.22546610157306
0.026516384962212227,1.7722289594049934,55.75566027868284
0.024101675426620384,2.1007519935497707,58.57932775679472
0.1153484906953447,0.7603984208633765,58.02705334953812
0.05024698126325991,6.977147922317048,85.1295511978638
0.014867748058871378,5.765554637184554,79.31154629812644
0.15774603210349178,2.142677023580057,63.18778013605149
0.06219135867014286,3.8294447194052914,97.04544988056975
0.10731842839724401,2.7445757183545423,66.2373255435675
0.12656257330314352,3.3421856276124253,86.31046854641276
0.041285573205663416,4.316411609538797,58.473871158397046
0.04541966596941785,2.3639744197263366,64.82360735172404
0.0363491859996333,5.970405445328059,91.86463250302586
0.15302857553473995,1.310311398777008,60.519772455873365
0.21979326667166332,0.47085262873869627,51.1993261070329
0.13841406282436156,5.048834074746316,52.42707084563513
0.03170914324857543,7.870146674328989,64.25826196891659
0.10458100386837649,2.9050266149213106,91.36387725750618
0.08088472630109625,7.234571804775234,64.88595066285215
0.22712433187249254,3.2680473412564783,52.8370337977
0.05572508781383065,0.24557221650461392,91.12763185603345
0.031476071897442656,4.81041357518563,52.19504071020715
0.11628047533571106,5.985104611813957,99.59253287331168
0.3461251845914588,3.3362836709397716,95.10468255498586
0.011924603176019361,7.388364112274665,64.01787806861637
0.039103316926098836,7.948040737179664,84.52180103950315
0.04617215178966872,3.953729795296344,79.16119177635703
0.013838148267161128,5.5545427254673285,69.11883539016564
0.04102387253791798,7.269960576764646,90.96270208822261
0.027909982387880918,3.0099902015414264,62.527516514167246
0.019381109486429654,5.9062328677998615,50.61657632371442
0.1021781019952641,1.4908143192709733,61.93071102000952
0.016832668160171874,0.8275482454169492,65.22546610157306
0.03539964933036317,2.1891449891311074,60.09385973807385
0.020016760930727177,1.5740507643119659,58.604396643552626
0.11690432621552689,0.6241339061700977,57.33761217300422
0.05024698126325991,6.977147922317048,85.1295511978638
0.014867748058871378,5.765554637184554,79.31154629812644
0.13887941060294862,2.136758452136799,62.53720326992212
0.0561304358650698,3.4583698500757425,88.68612003945972
0.04107450242502175,4.083722734172931,75.09420532865879
0.0926826112090148,4.007122038599439,81.14342618195718
0.041285573205663416,4.316411609538797,58.473871158397046
0.04541966596941785,2.3639744197263366,64.82360735172404
0.03623200950460756,5.994462027558466,92.01616969565544
0.2406203328644535,0.6558926170757353,60.83692610697713
0.21026321357475014,0.6761568403541842,51.58769480559878
0.13570051964924865,5.201484257118669,52.46800929426466
0.03170914324857543,7.870146674328989,64.25826196891659
0.06971465608149346,5.280643229105822,78.39489579345091
0.08088472630109625,7.234571804775234,64.88595066285215
0.22712433187249254,3.2680473412564783,52.8370337977
0.05572508781383065,0.24557221650461392,91.12763185603345
0.03489513936585005,6.216918665458744,66.68616747821294
0.07993818985668333,6.605576444739146,95.42508759452205
0.3461251845914588,3.3362836709397716,95.10468255498586
0.011924603176019361,7.388364112274665,64.01787806861637
0.039103316926098836,7.948040737179664,84.52180103950315
0.049517984952364306,4.5017924562388245,85.08331730835978
0.013838148267161128,5.5545427254673285,69.11883539016564
0.04102387253791798,7.269960576764646,90.96270208822261
0.03026559653757641,3.4283585290535625,64.91108079734897
0.02392700277283763,6.063956116047699,55.69961113668657
0.12026773297540443,1.3544694244611213,60.199655338000035
0.016832668160171874,0.8275482454169492,65.22546610157306
0.037321684684170686,1.7252206138316724,58.29043668094413
0.020016760930727177,1.5740507643119659,58.604396643552626
0.12508655081763556,0.1532985322321796,53.968656581918246
0.05024698126325991,6.977147922317048,85.1295511978638
0.017092542863375887,5.4649763742790665,79.95496473693024
0.18973352708448388,0.03312983524133806,61.94409135702815
0.0561304358650698,3.4583698500757425,88.68612003945972
0.04107450242502175,4.083722734172931,75.09420532865879
0.1253121014192212,3.8107690692624385,95.53522875359094
0.041285573205663416,4.316411609538797,58.473871158397046
0.04541966596941785,2.3639744197263366,64.82360735172404
0.03616798110770931,5.966923958337955,91.72529217853871
0.25487961313178786,0.549358154188319,60.88855633951002
0.1640391347678714,1.6719538165716896,53.471418342716206
0.08878303077613331,6.405496970472425,57.78738353297912
0.03170914324857543,7.870146674328989,64.25826196891659
0.10991257757285008,5.083598158074417,85.06815370497523
0.06141935186999129,6.834512404846756,61.74650745039026
0.21196289692874157,1.956334699768247,56.52981499076569
0.05365107170282098,0.32273309610289425,89.23861269157743
0.03489513936585005,6.216918665458744,66.68616747821294
0.07704743936901613,6.789539944780703,97.58704279966805
0.3461251845914588,3.3362836709397716,95.10468255498586
0.011924603176019361,7.388364112274665,64.01787806861637
0.03951415960796511,7.58482889346304,83.24054525912976
0.05847557633686762,1.5376956811556797,85.5662739690506
0.013838148267161128,5.5545427254673285,69.11883539016564
0.04102387253791798,7.269960576764646,90.96270208822261
0.03026559653757641,3.4283585290535625,64.91108079734897
0.02392700277283763,6.063956116047699,55.69961113668657
0.12026773297540443,1.3544694244611213,60.199655338000035
0.018390893493254897,1.1292433305573089,65.18899727425355
0.038023476407697564,1.5897346562361596,57.50157083023898
0.020016760930727177,1.5740507643119659,58.604396643552626
0.12508655081763556,0.1532985322321796,53.968656581918246
0.05411062558813293,6.640527543175265,85.3402655894002
0.01787673330555957,5.479208826587245,80.1480015352565
0.18973352708448388,0.03312983524133806,61.94409135702815
0.06053056445442972,2.34815775456235,88.02301397477454
0.033699151634791015,5.162842490375823,70.65567583826417
0.1199666550057091,3.690081744249217,94.91535859569733
0.042733173423298985,3.7792189734247685,57.59948629538245
0.04541966596941785,2.3639744197263366,64.82360735172404
0.03616798110770931,5.966923958337955,91.72529217853871
0.25487961313178786,0.549358154188319,60.88855633951002
0.13265002232753806,3.251065830172746,56.0025843140284
0.08878303077613331,6.405496970472425,57.78738353297912
0.03170914324857543,7.870146674328989,64.25826196891659
0.10729236080498175,4.911696942439525,85.03331807623522
0.08500691508966958,6.570564965815236,60.6640472002334
0.21196289692874157,1.956334699768247,56.52981499076569
0.05503564806064138,1.4833575180095329,84.33856813544452
0.03489513936585005,6.216918665458744,66.68616747821294
0.07704743936901613,6.789539944780703,97.58704279966805
0.22578093422997775,3.511979519788764,80.22777557532086
0.011924603176019361,7.388364112274665,64.01787806861637
0.03951415960796511,7.58482889346304,83.24054525912976
0.05847557633686762,1.5376956811556797,85.5662739690506
0.013838148267161128,5.5545427254673285,69.11883539016564
0.039835009835455765,7.327141258211047,91.47347088050928
0.03026559653757641,3.4283585290535625,64.91108079734897
0.024503483153977726,6.00034423408267,55.30008122163399
0.12026773297540443,1.3544694244611213,60.199655338000035
0.018390893493254897,1.1292433305573089,65.18899727425355
0.030804955654610604,0.8340934231416601,50.355421837688404
0.020016760930727177,1.5740507643119659,58.604396643552626
0.12508655081763556,0.1532985322321796,53.968656581918246
0.05411062558813293,6.640527543175265,85.3402655894002
0.01787673330555957,5.479208826587245,80.1480015352565
0.18973352708448388,0.03312983524133806,61.94409135702815
0.06100296312859977,2.534465989471572,88.58776698310888
0.033699151634791015,5.162842490375823,70.65567583826417
0.1199666550057091,3.690081744249217,94.91535859569733
0.04578795964457127,4.111772419683819,56.64705564258089
0.04541966596941785,2.3639744197263366,64.82360735172404
0.03689529890091719,6.318588117002938,89.88106677189047
0.25487961313178786,0.549358154188319,60.88855633951002
0.14857626860834133,2.899039274709807,56.639215699987595
0.10702117990730116,7.772540286005411,55.86967311196739
0.03170914324857543,7.870146674328989,64.25826196891659
0.10729236080498175,4.911696942439525,85.03331807623522
0.08169693263961161,6.529654139595664,62.76917455197121
0.14150054527109213,3.2360243950584464,61.00705465113254
0.08540856932098786,0.9066657801918017,71.17067313345125
0.03628422144357656,5.784901538681174,65.07579606561502
0.07704743936901613,6.789539944780703,97.58704279966805
0.22969673025291307,3.468032024213372,80.08498129509181
0.014203533942604981,7.238354364507086,64.11685013974672
0.03951415960796511,7.58482889346304,83.24054525912976
0.05847557633686762,1.5376956811556797,85.5662739690506
0.013838148267161128,5.5545427254673285,69.11883539016564
0.039835009835455765,7.327141258211047,91.47347088050928
0.03616142257337145,3.033213997832494,69.22797242728038
0.02422458682187893,5.586929749483027,62.67750607639482
0.12026773297540443,1.3544694244611213,60.199655338000035
0.018390893493254897,1.1292433305573089,65.18899727425355
0.030804955654610604,0.8340934231416601,50.355421837688404
0.02019970796646922,1.627158930289407,58.90781899575659
0.12107758676471447,0.4846052969936334,54.41041930792573
0.05411062558813293,6.640527543175265,85.3402655894002
0.02303561496370669,3.8244892603924976,94.12844152643093
0.19016220809185172,0.01706149737768925,61.93534252415694
0.06100296312859977,2.534465989471572,88.58776698310888
0.03514706081808801,3.1930364246944993,75.3103669214486
0.1199666550057091,3.690081744249217,94.91535859569733
0.04578795964457127,4.111772419683819,56.64705564258089
0.05631370975586208,1.2633879579205498,63.34196854118004
0.03689529890091719,6.318588117002938,89.88106677189047
0.15828688960563647,1.9138697911215719,74.73722641624656
0.14857626860834133,2.899039274709807,56.639215699987595
0.11389702209209579,7.915100286889974,52.53485618083655
0.03170914324857543,7.870146674328989,64.25826196891659
0.1111050794405671,4.799001773104217,84.40957055350516
0.08169693263961161,6.529654139595664,62.76917455197121
0.1409754404760779,3.261032792660989,61.331201465214704
0.07752376737405925,1.4325647133370496,76.79767270121658
0.03628422144357656,5.784901538681174,65.07579606561502
0.07321735276777354,5.706448910181577,95.10799233741315
0.2183250898112273,3.594725540773746,80.6403141683499
0.014203533942604981,7.238354364507086,64.11685013974672
0.04978103307791938,7.0878042085138055,84.73041615398873
0.05847557633686762,1.5376956811556797,85.5662739690506
0.013838148267161128,5.5545427254673285,69.11883539016564
0.04517192801681135,7.07045171971213,89.18058100485065
0.03616142257337145,3.033213997832494,69.22797242728038
0.024405254796216705,5.5473325064115055,62.886465454989725
0.12026773297540443,1.3544694244611213,60.199655338000035
0.018390893493254897,1.1292433305573089,65.18899727425355
0.030804955654610604,0.8340934231416601,50.355421837688404
0.02019970796646922,1.627158930289407,58.90781899575659
0.07290599268462525,3.0073502758752095,58.63401303000045
0.07336314668343037,7.1596896857337775,93.09502635610444
0.02303561496370669,3.8244892603924976,94.12844152643093
0.19016220809185172,0.01706149737768925,61.93534252415694
0.06100296312859977,2.534465989471572,88.58776698310888
0.03514706081808801,3.1930364246944993,75.3103669214486
0.11893136713142843,3.7082696365059116,94.66371246880816
0.04711953641727482,4.516358114836125,61.23779761859976
0.0742450272921582,1.259470269354996,62.148651567700426
0.030703070192340563,6.113396075571939,84.30516161092031
0.14608708365693257,2.4434612464946737,73.76721487660069
0.20019989345690636,1.2319512687042806,53.766440980971126
0.11389702209209579,7.915100286889974,52.53485618083655
0.02590342002502327,7.660613191575911,64.21136283353965
0.11587933363586955,4.736092362306724,85.6432419712207
0.09641866344450024,7.785512115209494,62.20644816451496
0.08385345125903709,5.053168969769823,62.586383294534805
0.07512998077583302,1.6852000255938266,76.11726581110038
0.03560379648820471,5.607862027792853,65.08010073870601
0.06041236480605966,4.861059632315815,88.44903748996967
0.3023465367038073,2.6586273034174432,76.53713558497553
0.014203533942604981,7.238354364507086,64.11685013974672
0.05084070399164124,7.672269687520557,88.77471251994892
0.05385894989895082,1.591005572081368,86.39471935798026
0.013838148267161128,5.5545427254673285,69.11883539016564
0.04517192801681135,7.07045171971213,89.18058100485065
0.03616142257337145,3.033213997832494,69.22797242728038
0.018570752126998914,5.315524050634627,58.649356471016596
0.12026773297540443,1.3544694244611213,60.199655338000035
0.018390893493254897,1.1292433305573089,65.18899727425355
0.030836292920042037,0.8317500074070336,50.330150505259546
0.02019970796646922,1.627158930289407,58.90781899575659
0.07290599268462525,3.0073502758752095,58.63401303000045
0.06426239407773698,7.130881684866474,91.831356305102
0.02303561496370669,3.8244892603924976,94.12844152643093
0.19016220809185172,0.01706149737768925,61.93534252415694
0.06100296312859977,2.534465989471572,88.58776698310888
0.03746654641989876,2.9359853034729384,75.98431817098543
0.11893136713142843,3.7082696365059116,94.66371246880816
0.043234908286277664,4.4156243076706945,53.28572415522616
0.07371421800906189,1.3976762777558984,63.15789248647411
0.013840765405409516,6.449760034636818,91.19558557817491
0.10912396112386238,4.226001564144509,77.9749894632902
0.20019989345690636,1.2319512687042806,53.766440980971126
0.11389702209209579,7.915100286889974,52.53485618083655
0.02590342002502327,7.660613191575911,64.21136283353965
0.15451068922539066,4.087305277578808,83.54114896898449
0.09713307884040598,7.8240743686126955,61.89567389173829
0.09393721653288888,5.135809570481201,51.460920539695735
0.07512998077583302,1.6852000255938266,76.11726581110038
0.04534504754719436,4.641119700607481,67.80021647685373
0.03612801116140796,5.082130699432316,89.64470503942002
0.4478278360786714,2.3778060060400503,78.04459050045718
0.014203533942604981,7.238354364507086,64.11685013974672
0.05084070399164124,7.672269687520557,88.77471251994892
0.05385894989895082,1.591005572081368,86.39471935798026
0.013838148267161128,5.5545427254673285,69.11883539016564
0.04517192801681135,7.07045171971213,89.18058100485065
0.03377548504485255,3.1770476879545737,73.75424353136415
0.010079355146460897,5.625342311224749,60.4959524363071
0.12026773297540443,1.3544694244611213,60.199655338000035
0.018390893493254897,1.1292433305573089,65.18899727425355
0.030836292920042037,0.8317500074070336,50.330150505259546
0.01595081699787837,1.117880037650873,57.40524126260418
0.06325322524132068,3.551898184570926,66.77309478014769
0.06426239407773698,7.130881684866474,91.831356305102
0.02303561496370669,3.8244892603924976,94.12844152643093
0.172795401453705,0.12950778614497427,62.26430078499496
0.0700148521310058,1.6114784149912391,88.20485133131355
0.04059977993899136,3.232748121063514,77.75748218340868
0.1080690437937705,4.340636076765376,93.7242558879751
0.043234908286277664,4.4156243076706945,53.28572415522616
0.07371421800906189,1.3976762777558984,63.15789248647411
0.013840765405409516,6.449760034636818,91.19558557817491
0.1068311801828683,4.913990367251648,74.90045771365011
0.20019989345690636,1.2319512687042806,53.766440980971126
0.11389702209209579,7.915100286889974,52.53485618083655
0.02590342002502327,7.660613191575911,64.21136283353965
0.1416171100426681,4.211908159090009,84.15200758483375
0.09713307884040598,7.8240743686126955,61.89567389173829
0.09393721653288888,5.135809570481201,51.460920539695735
0.11124729194157326,0.48576078551377355,76.24475581218218
0.04534504754719436,4.641119700607481,67.80021647685373
0.026651906900051432,5.663620144703926,90.30410933921758
0.42515256331796236,2.7585473376410903,76.87440262970695
0.03078315095849106,5.9922704444888515,65.01470530809313
0.05084070399164124,7.672269687520557,88.77471251994892
0.04757365286691029,1.7120544041164907,87.50636561711671
0.013973804114232156,6.179687359078162,67.26176054628158
0.04517192801681135,7.07045171971213,89.18058100485065
0.03916124265102784,3.875524253730846,76.94771084921628
0.011517191566732869,5.830007337213571,62.99389897344199
0.12026773297540443,1.3544694244611213,60.199655338000035
0.018390893493254897,1.1292433305573089,65.18899727425355
0.030836292920042037,0.8317500074070336,50.330150505259546
0.01595081699787837,1.117880037650873,57.40524126260418
0.06325322524132068,3.551898184570926,66.77309478014769
0.06426239407773698,7.130881684866474,91.831356305102
0.022845558255418286,3.878753369724051,94.06781965938727
0.172795401453705,0.12950778614497427,62.26430078499496
0.06797053505408192,1.1597843673904453,91.10516078380917
0.043221305651973595,4.369200249794499,80.57773087040239
0.1080690437937705,4.340636076765376,93.7242558879751
0.043234908286277664,4.4156243076706945,53.28572415522616
0.07805997855949766,0.2055603444798786,58.29092863280904
0.01239039014410833,6.929193388748407,94.68298636764948
0.11264447414598368,4.8347519804564,75.37867488937891
0.20019989345690636,1.2319512687042806,53.766440980971126
0.1133622909826878,7.587134547352415,56.31408325990386
0.02590342002502327,7.660613191575911,64.21136283353965
0.14270837523525998,4.024226353760133,85.33020441384127
0.1203051834944139,7.877250806127032,61.14234462696352
0.09393721653288888,5.135809570481201,51.460920539695735
0.0806930447821837,3.530621416183592,82.22647693592057
0.07942230364641824,3.6900649026601773,74.85833045056044
0.026651906900051432,5.663620144703926,90.30410933921758
0.6475702641686821,0.9079602612804765,82.07414046498992
0.03078315095849106,5.9922704444888515,65.01470530809313
0.05084070399164124,7.672269687520557,88.77471251994892
0.051112835155398995,0.8018617272331925,91.94849373329775
0.013973804114232156,6.179687359078162,67.26176054628158
0.0449849987691452,6.811589259129811,88.35616499670606
0.03570106090073677,4.765399889705796,72.60473855020311
0.011517191566732869,5.830007337213571,62.99389897344199
0.12026773297540443,1.3544694244611213,60.199655338000035
0.018390893493254897,1.1292433305573089,65.18899727425355
0.030836292920042037,0.8317500074070336,50.330150505259546
0.013316111530704843,1.1685245960746653,58.65752102823597
0.06325322524132068,3.551898184570926,66.77309478014769
0.06282134291077524,7.457954416853177,93.44475634576509
0.010051894172086615,3.3546095827131213,99.40394489096148
0.172795401453705,0.12950778614497427,62.26430078499496
0.06797053505408192,1.1597843673904453,91.10516078380917
0.043221305651973595,4.369200249794499,80.57773087040239
0.12718824273742801,4.332214439828546,97.60027430328415
0.04532235195615919,3.4580721561577223,63.53034243572502
0.07805997855949766,0.2055603444798786,58.29092863280904
0.012513978355013292,7.084766749815012,99.16810317582431
0.12897484638916684,4.612160045397561,76.72205517296428
0.20019989345690636,1.2319512687042806,53.766440980971126
0.1133622909826878,7.587134547352415,56.31408325990386
0.04249434540391958,5.835506375366155,65.3492938969221
0.18287004239199475,4.910598847813876,93.60905665461816
0.10406533117989308,7.210974820682418,66.62876888316984
0.12710022562299667,5.606863280718206,50.26736582823855
0.07643594109648688,3.7874923153123348,80.34557734276889
0.07942230364641824,3.6900649026601773,74.85833045056044
0.07486560868627509,5.025124648755349,93.8030942468197
0.6475702641686821,0.9079602612804765,82.07414046498992
0.03078315095849106,5.9922704444888515,65.01470530809313
0.029839732408976194,7.7008665409499715,99.6782225786948
0.051112835155398995,0.8018617272331925,91.94849373329775
0.04625977019376232,5.1768576364693555,66.71351625155476
0.044901226817793426,7.64433868146107,94.52094327627202
0.03570106090073677,4.765399889705796,72.60473855020311
0.011517191566732869,5.830007337213571,62.99389897344199
0.16155226526814637,1.595774122675234,64.75574758842575
0.018390893493254897,1.1292433305573089,65.18899727425355
0.030836292920042037,0.8317500074070336,50.330150505259546
0.013316111530704843,1.1685245960746653,58.65752102823597
0.06296457029951896,3.550387753576273,66.7208922758764
0.06282134291077524,7.457954416853177,93.44475634576509
0.010051894172086615,3.3546095827131213,99.40394489096148
0.09146656888803778,1.7412081138664297,80.8243278330527
0.05526543110584942,2.3409371558894816,85.49495303188888
0.04717239155752119,4.205336847725566,77.80465556377692
0.096159481339955,2.8922948199444503,95.29509111267305
0.04730078624194038,2.9159100334747965,58.91121417934591
0.07805997855949766,0.2055603444798786,58.29092863280904
0.012513978355013292,7.084766749815012,99.16810317582431
0.1176494492237278,5.099356487207077,79.58496072599799
0.19810956843257407,1.2952138089777767,54.43417222757516
0.1133622909826878,7.587134547352415,56.31408325990386
0.04249434540391958,5.835506375366155,65.3492938969221
0.18287004239199475,4.910598847813876,93.60905665461816
0.10406533117989308,7.210974820682418,66.62876888316984
0.12710022562299667,5.606863280718206,50.26736582823855
0.07263426661162581,3.8787577432762514,79.62314611951
0.07942230364641824,3.6900649026601773,74.85833045056044
0.09153040017244816,4.47464175090731,92.36918217991273
0.6334846126478508,1.0840724238890092,81.39491587988402
0.03078315095849106,5.9922704444888515,65.01470530809313
0.029839732408976194,7.7008665409499715,99.6782225786948
0.04477293244955818,2.42051383969217,83.5490716635014
0.04625977019376232,5.1768576364693555,66.71351625155476
0.044901226817793426,7.64433868146107,94.52094327627202
0.03570106090073677,4.765399889705796,72.60473855020311
0.011517191566732869,5.830007337213571,62.99389897344199
0.16155226526814637,1.595774122675234,64.75574758842575
0.018390893493254897,1.1292433305573089,65.18899727425355
0.030836292920042037,0.8317500074070336,50.330150505259546
0.013316111530704843,1.1685245960746653,58.65752102823597
0.06420090558782805,3.592372050992054,68.37053164517425
0.06282134291077524,7.457954416853177,93.44475634576509
0.010051894172086615,3.3546095827131213,99.40394489096148
0.09816921796286598,0.4153245591278827,75.58414198606718
0.05526543110584942,2.3409371558894816,85.49495303188888
0.07843449001885118,4.92180137260536,59.61419053228869
0.096159481339955,2.8922948199444503,95.29509111267305
0.04050751186160499,2.640741451922909,55.52421101735082
0.06245573080797048,2.1155289834264153,60.51018661586454
0.012513978355013292,7.084766749815012,99.16810317582431
0.112458703817134,4.907993158646645,78.94314627659642
0.19810956843257407,1.2952138089777767,54.43417222757516
0.1133622909826878,7.587134547352415,56.31408325990386
0.034973162718717976,4.366975467187022,65.29927532749149
0.18287004239199475,4.910598847813876,93.60905665461816
0.10406533117989308,7.210974820682418,66.62876888316984
0.17280410766158313,7.8739762859362425,50.23755712011884
0.0678924251947817,3.7177311332410934,73.29611787873912
0.07942230364641824,3.6900649026601773,74.85833045056044
0.09150187596264289,4.468415012321113,92.4277564910848
0.6334846126478508,1.0840724238890092,81.39491587988402
0.03078315095849106,5.9922704444888515,65.01470530809313
0.029964460725450368,7.619862106127977,98.84290818771933
0.05511522658959836,1.36018609826057,89.94158123978646
0.04625977019376232,5.1768576364693555,66.71351625155476
0.046221173064878336,6.943068084125741,93.33681623111731
0.04055594814722591,5.785212678900297,74.68459063345387
0.011517191566732869,5.830007337213571,62.99389897344199
0.13225745125740296,1.4177611896791869,61.380009705286234
0.020761756776974172,1.2928846821843476,65.78504732947995
0.030836292920042037,0.8317500074070336,50.330150505259546
0.013316111530704843,1.1685245960746653,58.65752102823597
0.06491068219176964,1.603553442359634,55.46999559089805
0.06282134291077524,7.457954416853177,93.44475634576509
0.010051894172086615,3.3546095827131213,99.40394489096148
0.09816921796286598,0.4153245591278827,75.58414198606718
0.05487829186547272,2.343651338251851,85.57049352855226
0.09457655544860752,5.892641135694053,61.3549228590975
0.0820715598975655,2.0167455569240422,75.91555777614852
0.04050751186160499,2.640741451922909,55.52421101735082
0.06595052333258851,1.014840361660788,53.739244058905626
0.012513978355013292,7.084766749815012,99.16810317582431
0.1189212707443226,5.307828356667869,77.70363089524079
0.19810956843257407,1.2952138089777767,54.43417222757516
0.1133622909826878,7.587134547352415,56.31408325990386
0.034973162718717976,4.366975467187022,65.29927532749149
0.22559304729206092,4.131611859291288,91.91466679458054
0.10406533117989308,7.210974820682418,66.62876888316984
0.17280410766158313,7.8739762859362425,50.23755712011884
0.06686562306395087,4.475058469361889,77.37585150414915
0.07942230364641824,3.6900649026601773,74.85833045056044
0.13943076290418438,2.0138863182067643,87.43126648259641
0.6334846126478508,1.0840724238890092,81.39491587988402
0.029000608202226396,6.683714276719483,64.89364163196132
0.029964460725450368,7.619862106127977,98.84290818771933
0.06270724780819588,1.024176651099737,88.34741450235516
0.046266833160468014,4.853655213186874,61.84166472299609
0.045813440805184784,6.636049992348994,90.63847301120839
0.06087195105057612,5.7538735819308915,82.86359530428473
0.011517191566732869,5.830007337213571,62.99389897344199
0.2178496537028809,0.27686044487082073,66.84280030851018
0.020761756776974172,1.2928846821843476,65.78504732947995
0.030836292920042037,0.8317500074070336,50.330150505259546
0.013316111530704843,1.1685245960746653,58.65752102823597
0.06452063001217115,1.8243841166527217,56.11921341936889
0.06282134291077524,7.457954416853177,93.44475634576509
0.010051894172086615,3.3546095827131213,99.40394489096148
0.07097584036620165,1.962376722366296,77.89646100323799
0.031054166672786265,2.628721930742297,93.01845651504665
0.09004881924170097,5.795264169795888,61.40054180816631
0.0820715598975655,2.0167455569240422,75.91555777614852
0.04050751186160499,2.640741451922909,55.52421101735082
0.06595052333258851,1.014840361660788,53.739244058905626
0.018830875746478366,4.928943859169077,82.33047413423924
0.11872326496101383,5.315417268297538,77.75918950280693
0.24416724499179715,1.1885957470292938,54.07600393663192
0.1133622909826878,7.587134547352415,56.31408325990386
0.032880543339909474,5.1786972380103435,65.15715240008741
0.22559304729206092,4.131611859291288,91.91466679458054
0.11542256261146883,7.148305819606526,61.69139860388652
0.17280410766158313,7.8739762859362425,50.23755712011884
0.10948388521821617,4.072354018707739,72.97992110132955
0.08851992591429592,4.998140170660741,87.01326072541475
0.13503202626512914,3.309112507101434,82.2202962144327
0.6334846126478508,1.0840724238890092,81.39491587988402
0.03488214097101907,5.78136666439237,63.118131333477294
0.029964460725450368,7.619862106127977,98.84290818771933
0.06270724780819588,1.024176651099737,88.34741450235516
0.06650977042278675,4.922876179958053,73.90106689831335
0.039287896775791,6.482684334224534,85.3785425796606
0.05065298796592525,5.553357150717901,82.7340090480595
0.02259805013705332,5.727499229412992,64.25447361647741
0.21157954237307233,0.521911356980655,67.91070904463197
0.020761756776974172,1.2928846821843476,65.78504732947995
0.030836292920042037,0.8317500074070336,50.330150505259546
0.013316111530704843,1.1685245960746653,58.65752102823597
0.06452063001217115,1.8243841166527217,56.11921341936889
0.06282134291077524,7.457954416853177,93.44475634576509
0.010051894172086615,3.3546095827131213,99.40394489096148
0.05085128957943933,4.738541604606571,88.17501890250615
0.03126778501309086,2.2069074329747593,95.9440982062037
0.10700849474649518,6.423811964388204,52.39402456104284
0.0820715598975655,2.0167455569240422,75.91555777614852
0.08768102702850433,2.5169026900104643,57.58232099595355
0.06595052333258851,1.014840361660788,53.739244058905626
0.018830875746478366,4.928943859169077,82.33047413423924
0.13019943949755516,4.732087659988061,76.49536471010921
0.23608915059747354,1.2298668785407951,55.16438563749563
0.11380716712540515,7.492377900225911,57.47521137281254
0.032880543339909474,5.1786972380103435,65.15715240008741
0.2463230397751032,4.42855167412286,96.52153550572561
0.12150980613506668,7.425262655538445,60.17189376834525
0.10731832241789498,7.331950239196544,56.9117007012152
0.1573783788095498,3.619793901140243,68.03976517137404
0.08851992591429592,4.998140170660741,87.01326072541475
0.08567905541882503,2.135694025384786,67.11532616487527
0.3544822975400743,1.4470983490549796,69.0004942333831
0.03488214097101907,5.78136666439237,63.118131333477294
0.029964460725450368,7.619862106127977,98.84290818771933
0.033237294025132855,0.2161930600288655,94.66893491619817
0.06650977042278675,4.922876179958053,73.90106689831335
0.039287896775791,6.482684334224534,85.3785425796606
0.04503102364072101,5.684434647823162,83.56985162091016
0.023549274220593885,5.77054038340182,65.4584225547207
0.21157954237307233,0.521911356980655,67.91070904463197
0.018762600180534703,1.2300589246514027,65.58939624194629
0.030836292920042037,0.8317500074070336,50.330150505259546
0.013316111530704843,1.1685245960746653,58.65752102823597
0.06948114852581996,2.2038601993563165,60.68709085508661
0.07203306036256962,7.431869165782755,85.88172195610659
0.015564886528731102,4.397297280996644,83.95867488017696
0.05085128957943933,4.738541604606571,88.17501890250615
0.03126778501309086,2.2069074329747593,95.9440982062037
0.10700849474649518,6.423811964388204,52.39402456104284
0.034176016770065765,2.2614447598225413,82.36864313864805
0.08768102702850433,2.5169026900104643,57.58232099595355
0.06595052333258851,1.014840361660788,53.739244058905626
0.018830875746478366,4.928943859169077,82.33047413423924
0.13019943949755516,4.732087659988061,76.49536471010921
0.1471788693748017,1.0574128461218109,53.07031878762448
0.11380716712540515,7.492377900225911,57.47521137281254
0.09984278957679696,3.4337023330299186,66.18896757004812
0.3045869373169435,5.580334163548692,97.02809088583457
0.12150980613506668,7.425262655538445,60.17189376834525
0.10731832241789498,7.331950239196544,56.9117007012152
0.24568287625372331,2.785395398338137,58.93145325533552
0.10379833286034919,4.829100009439264,92.28795910056284
0.10584566353803254,0.24602253149276088,59.17615975458433
0.2945919630735824,2.2295297512954,68.35947069511087
0.03669171966400326,6.323747210472331,63.6467779462621
0.029964460725450368,7.619862106127977,98.84290818771933
0.03769849656866037,0.24912969301701404,93.04020675871482
0.1130009721507523,5.402508141950375,64.72271088207405
0.04188975195471228,6.113963507889903,83.25079621843582
0.017050988319020785,4.944355284218263,95.54494155076314
0.023549274220593885,5.77054038340182,65.4584225547207
0.21157954237307233,0.521911356980655,67.91070904463197
0.018762600180534703,1.2300589246514027,65.58939624194629
0.030836292920042037,0.8317500074070336,50.330150505259546
0.01963880613693106,1.2125196153822746,58.664974718168
0.06948114852581996,2.2038601993563165,60.68709085508661
0.07203306036256962,7.431869165782755,85.88172195610659
0.015564886528731102,4.397297280996644,83.95867488017696
0.04671734258452337,4.212897479200583,88.6225909264452
0.03126778501309086,2.2069074329747593,95.9440982062037
0.10700849474649518,6.423811964388204,52.39402456104284
0.034176016770065765,2.2614447598225413,82.36864313864805
0.08768102702850433,2.5169026900104643,57.58232099595355
0.0651233255035313,0.7362623267186275,52.111417973757575
0.018830875746478366,4.928943859169077,82.33047413423924
0.13019943949755516,4.732087659988061,76.49536471010921
0.1471788693748017,1.0574128461218109,53.07031878762448
0.11380716712540515,7.492377900225911,57.47521137281254
0.09984278957679696,3.4337023330299186,66.18896757004812
0.24729848365657844,4.586586572631443,87.25550094574184
0.12150980613506668,7.425262655538445,60.17189376834525
0.11457127738497355,7.834752927415005,54.38733323066785
0.24568287625372331,2.785395398338137,58.93145325533552
0.10371292922562307,5.020281375065526,93.66920544600829
0.10584566353803254,0.24602253149276088,59.17615975458433
0.26335332083810586,2.775369257224916,67.7338480355369
0.03946373408563904,6.440430008159411,63.264664510589114
0.02887743389977869,7.306502187382222,93.1860451461152
0.03769849656866037,0.24912969301701404,93.04020675871482
0.15968849557848624,7.497791444044343,67.75199684604287
0.019703637074334077,6.461133305055095,84.94796879010356
0.014844862759820332,4.878968069127088,96.47601807381483
0.023549274220593885,5.77054038340182,65.4584225547207
0.18361959166592454,1.9062005105102928,67.00649354141893
0.019604663465997943,1.242125342295954,65.43844397522591
0.03241316263316855,1.1674727182181428,54.13230406674084
0.01963880613693106,1.2125196153822746,58.664974718168
0.06948114852581996,2.2038601993563165,60.68709085508661
0.08903589453181042,7.355888200947943,80.64320909773446
0.015564886528731102,4.397297280996644,83.95867488017696
0.04685900679280863,4.223418852729594,88.59587940732757
0.03126778501309086,2.2069074329747593,95.9440982062037
0.10191756487691642,6.140371720539173,55.321253148190905
0.034176016770065765,2.2614447598225413,82.36864313864805
0.08277929523528632,2.1473916145923475,54.113459227134285
0.0651233255035313,0.7362623267186275,52.111417973757575
0.018830875746478366,4.928943859169077,82.33047413423924
0.14067286538780988,5.553749399175683,81.31603454728085
0.1471788693748017,1.0574128461218109,53.07031878762448
0.13691138420577273,6.76362099841193,59.06012521058028
0.0634194284224566,4.809674104886625,74.71496085793312
0.24729848365657844,4.586586572631443,87.25550094574184
0.08967053216837098,6.651189749198062,67.04295395871468
0.1104508055745253,7.7574817692823155,58.62406611973339
0.24568287625372331,2.785395398338137,58.93145325533552
0.16343689457681518,7.3396341717752485,91.79377793648467
0.07482347140045909,3.1408479833107417,61.0868360657802
0.4386464339157019,3.2921097502568917,74.1053039723555
0.05628960784022369,6.307725762156213,63.72160623446718
0.02887743389977869,7.306502187382222,93.1860451461152
0.03769849656866037,0.24912969301701404,93.04020675871482
0.15968849557848624,7.497791444044343,67.75199684604287
0.012830400364674366,6.419123929413521,84.62060637203953
0.014844862759820332,4.878968069127088,96.47601807381483
0.023549274220593885,5.77054038340182,65.4584225547207
0.18153448070837566,1.9444480036288594,67.20039152568975
0.013030819722882045,1.6029000990274689,55.410183266525756
0.03241316263316855,1.1674727182181428,54.13230406674084
0.019912897938823962,1.5319995596352776,59.141139800902046
0.07210251399646585,2.5219913783599934,60.253447954043054
0.08913885260431216,7.441598783286336,81.07978043324378
0.015564886528731102,4.397297280996644,83.95867488017696
0.02128433196026322,2.323992667010378,93.41811661166749
0.03126778501309086,2.2069074329747593,95.9440982062037
0.10191756487691642,6.140371720539173,55.321253148190905
0.034176016770065765,2.2614447598225413,82.36864313864805
0.08277929523528632,2.1473916145923475,54.113459227134285
0.0651233255035313,0.7362623267186275,52.111417973757575
0.018830875746478366,4.928943859169077,82.33047413423924
0.1422239012079859,5.595708775325346,81.15881037975252
0.1471788693748017,1.0574128461218109,53.07031878762448
0.14372073616821596,6.78620462357895,58.76632450939981
0.053926136747290555,4.481536128343758,79.49727348153989
0.17489895334350167,4.674423833560448,82.31785749813085
0.08967053216837098,6.651189749198062,67.04295395871468
0.11457571724373475,7.724952770381613,61.20629352910718
0.23493633150639825,2.8077523011568086,59.06702037755482
0.16343689457681518,7.3396341717752485,91.79377793648467
0.07482347140045909,3.1408479833107417,61.0868360657802
0.3373393428508211,3.6053173644292986,75.52515301621004
0.053718864626337286,6.401392091682569,66.48481306905288
0.02887743389977869,7.306502187382222,93.1860451461152
0.03769849656866037,0.24912969301701404,93.04020675871482
0.15968849557848624,7.497791444044343,67.75199684604287
0.013805937535752148,5.745975589793906,81.11108639280214
0.014844862759820332,4.878968069127088,96.47601807381483
0.023549274220593885,5.77054038340182,65.4584225547207
0.15126894270659302,2.4772636021788594,72.51591506412471
0.01308275251296374,1.8804856043300653,57.13214034815275
0.02248973518663669,0.9232309957408322,52.16932029746552
0.019912897938823962,1.5319995596352776,59.141139800902046
0.06448039706418479,0.730484077357521,57.307731016956154
0.08795197045744459,7.399487082443667,81.10339064043426
0.07667394534787203,4.975493777171204,82.6078268187473
0.02128433196026322,2.323992667010378,93.41811661166749
0.03126778501309086,2.2069074329747593,95.9440982062037
0.10191756487691642,6.140371720539173,55.321253148190905
0.034176016770065765,2.2614447598225413,82.36864313864805
0.08277929523528632,2.1473916145923475,54.113459227134285
0.06564488671115988,0.8655530211292928,52.59401173562351
0.0179545226052501,4.915911445653085,82.49582395907183
0.22180031880175527,6.043472068546431,71.58982217978897
0.1471788693748017,1.0574128461218109,53.07031878762448
0.14372073616821596,6.78620462357895,58.76632450939981
0.053926136747290555,4.481536128343758,79.49727348153989
0.17489895334350167,4.674423833560448,82.31785749813085
0.06569687888650219,4.754818123718052,73.66365793402376
0.10748954473715305,7.570837352169719,61.820924395323296
0.23493633150639825,2.8077523011568086,59.06702037755482
0.16343689457681518,7.3396341717752485,91.79377793648467
0.07673335990535715,3.347946406512118,64.20419589383025
0.41758678305152214,3.3572191412495647,74.40046124939414
0.05388093079854947,6.397725170784718,66.39647988915539
0.02887743389977869,7.306502187382222,93.1860451461152
0.03810468903901382,0.12546770480239777,92.85678400207256
0.15968849557848624,7.497791444044343,67.75199684604287
0.01147078041138694,7.35730029132291,89.51187400560424
0.010036945365077862,6.786595902509876,98.75914688049589
0.01707900556385948,6.045098159820292,62.46814872217678
0.15302502043883037,3.0868781722726784,80.86490439539521
0.01308275251296374,1.8804856043300653,57.13214034815275
0.023249622420721452,0.7437103602764994,50.11339043868166
0.019912897938823962,1.5319995596352776,59.141139800902046
0.06448039706418479,0.730484077357521,57.307731016956154
0.08795197045744459,7.399487082443667,81.10339064043426
0.07667394534787203,4.975493777171204,82.6078268187473
0.02128433196026322,2.323992667010378,93.41811661166749
0.03126778501309086,2.2069074329747593,95.9440982062037
0.10191756487691642,6.140371720539173,55.321253148190905
0.034176016770065765,2.2614447598225413,82.36864313864805
0.07183540965721613,2.8168380351556794,56.20965940429968
0.07504359081826038,0.8925646021665521,53.14394640313746
0.0179545226052501,4.915911445653085,82.49582395907183
0.26645840962292955,4.99782369785671,74.34919943545498
0.1471788693748017,1.0574128461218109,53.07031878762448
0.14372073616821596,6.78620462357895,58.76632450939981
0.053926136747290555,4.481536128343758,79.49727348153989
0.17489895334350167,4.674423833560448,82.31785749813085
0.012332213315992269,3.3435451359694897,63.764868949274
0.10581573315295321,7.304627413798955,61.645281868856934
0.23493633150639825,2.8077523011568086,59.06702037755482
0.13865522659734086,6.692862674902193,89.01114820448211
0.09994816744596917,4.478324376470775,70.32036039761891
0.3191752319884446,4.564026925824598,76.40160206594635
0.05388093079854947,6.397725170784718,66.39647988915539
0.02887743389977869,7.306502187382222,93.1860451461152
0.03810468903901382,0.12546770480239777,92.85678400207256
0.09509225893623284,6.321081810783192,74.47159783673501
0.01147078041138694,7.35730029132291,89.51187400560424
0.010036945365077862,6.786595902509876,98.75914688049589
0.017446824774889493,5.570708117507857,70.88210682480768
0.04760003295367862,1.3108454752989762,86.92060033112885
0.01308275251296374,1.8804856043300653,57.13214034815275
0.023249622420721452,0.7437103602764994,50.11339043868166
0.019912897938823962,1.5319995596352776,59.141139800902046
0.07311406157111557,0.030973831472538293,50.15133218446256
0.08795197045744459,7.399487082443667,81.10339064043426
0.05648917572376552,3.362242517724063,97.1273251892192
0.012064708482527498,1.9808127277206378,93.76428922556943
0.03126778501309086,2.2069074329747593,95.9440982062037
0.10191756487691642,6.140371720539173,55.321253148190905
0.037353174319202403,2.9283654332158946,79.79334243087463
0.07183540965721613,2.8168380351556794,56.20965940429968
0.07962199019200096,0.9057227784742093,53.41183658338497
0.014557909143753801,4.172527884683129,79.17156834523443
0.3471825940426944,4.374486291287305,74.29154212636551
0.1471788693748017,1.0574128461218109,53.07031878762448
0.14372073616821596,6.78620462357895,58.76632450939981
0.06335901921269654,4.3943111732225075,78.43260319307986
0.17489895334350167,4.674423833560448,82.31785749813085
0.012332213315992269,3.3435451359694897,63.764868949274
0.10792686000153787,7.346050620748831,61.424614786756536
0.23493633150639825,2.8077523011568086,59.06702037755482
0.13865522659734086,6.692862674902193,89.01114820448211
0.12024157599118976,4.999484767724964,57.80270486040241
0.3826153738311228,5.886673715681111,89.45623970725114
0.05388093079854947,6.397725170784718,66.39647988915539
0.02887743389977869,7.306502187382222,93.1860451461152
0.03729280771875368,0.024114233251836037,93.36434609559812
0.06640036721322648,6.478114679801799,82.66456895308771
0.01147078041138694,7.35730029132291,89.51187400560424
0.010036945365077862,6.786595902509876,98.75914688049589
0.017446824774889493,5.570708117507857,70.88210682480768
0.04806688660381295,1.3031409699003567,87.32349566637458
0.01308275251296374,1.8804856043300653,57.13214034815275
0.023249622420721452,0.7437103602764994,50.11339043868166
0.019912897938823962,1.5319995596352776,59.141139800902046
0.06705528879932378,1.2450212659696902,67.27126130508674
0.08795197045744459,7.399487082443667,81.10339064043426
0.05648917572376552,3.362242517724063,97.1273251892192
0.012064708482527498,1.9808127277206378,93.76428922556943
0.03126778501309086,2.2069074329747593,95.9440982062037
0.10191756487691642,6.140371720539173,55.321253148190905
0.03160261468777588,2.0375976775848064,67.69168640709206
0.07183540965721613,2.8168380351556794,56.20965940429968
0.07962199019200096,0.9057227784742093,53.41183658338497
0.014557909143753801,4.172527884683129,79.17156834523443
0.33981472813455715,4.375000931664978,74.39904123976804
0.1471788693748017,1.0574128461218109,53.07031878762448
0.14372073616821596,6.78620462357895,58.76632450939981
0.06335901921269654,4.3943111732225075,78.43260319307986
0.1033497853031031,4.804329293180705,85.75345797885194
0.012332213315992269,3.3435451359694897,63.764868949274
0.10792686000153787,7.346050620748831,61.424614786756536
0.18420773798770623,3.8136006422419024,61.12060823421122
0.14314029281546262,6.760312762882446,93.12413207805928
0.12024157599118976,4.999484767724964,57.80270486040241
0.39006035812278145,5.951623456312824,90.50452905751779
0.05388093079854947,6.397725170784718,66.39647988915539
0.02887743389977869,7.306502187382222,93.1860451461152
0.03729280771875368,0.024114233251836037,93.36434609559812
0.06640036721322648,6.478114679801799,82.66456895308771
0.011664612644276769,7.248467275077637,88.86353386858586
0.010036945365077862,6.786595902509876,98.75914688049589
0.017446824774889493,5.570708117507857,70.88210682480768
0.04979774200783584,1.5086165713541215,86.35303325173466
0.01308275251296374,1.8804856043300653,57.13214034815275
0.023249622420721452,0.7437103602764994,50.11339043868166
0.019912897938823962,1.5319995596352776,59.141139800902046
0.06705528879932378,1.2450212659696902,67.27126130508674
0.08795197045744459,7.399487082443667,81.10339064043426
0.05648917572376552,3.362242517724063,97.1273251892192
0.01127233988868414,1.9907285327721298,93.91992066905414
0.03345742988278394,2.2326880473797748,96.1926525221624
0.07965785435203254,4.613344116541971,53.847647601286404
0.03160261468777588,2.0375976775848064,67.69168640709206
0.07183540965721613,2.8168380351556794,56.20965940429968
0.06766360226289467,1.1875964802592653,56.96798411692056
0.012743863030659133,5.067028382794195,85.95703932099408
0.3540051283435236,4.19318726254866,75.1930125041225
0.13441592647504813,1.3554538878817521,53.60211312231112
0.14372073616821596,6.78620462357895,58.76632450939981
0.05597141094940012,3.9050279962124326,81.25186375111127
0.08745560200692858,4.289500057262455,80.71382773357752
0.012332213315992269,3.3435451359694897,63.764868949274
0.09223158732845532,7.256349915792526,67.41068253959263
0.18941509420882932,4.201202321805713,62.25271748847332
0.14314029281546262,6.760312762882446,93.12413207805928
0.12024157599118976,4.999484767724964,57.80270486040241
0.39006035812278145,5.951623456312824,90.50452905751779
0.05388093079854947,6.397725170784718,66.39647988915539
0.02887743389977869,7.306502187382222,93.1860451461152
0.03729280771875368,0.024114233251836037,93.36434609559812
0.06640036721322648,6.478114679801799,82.66456895308771
0.011664612644276769,7.248467275077637,88.86353386858586
0.010036945365077862,6.786595902509876,98.75914688049589
0.019575263505657386,5.537953626335646,70.2993033731453
0.04979774200783584,1.5086165713541215,86.35303325173466
0.01796940931912437,3.5592203769128457,68.28672175152974
0.023249622420721452,0.7437103602764994,50.11339043868166
0.019912897938823962,1.5319995596352776,59.141139800902046
0.06705528879932378,1.2450212659696902,67.27126130508674
0.08795197045744459,7.399487082443667,81.10339064043426
0.05648917572376552,3.362242517724063,97.1273251892192
0.01127233988868414,1.9907285327721298,93.91992066905414
0.04104710989403215,0.48586665532829976,98.7451295487135
0.07965785435203254,4.613344116541971,53.847647601286404
0.03125916812752146,2.701622295022693,70.90466583707133
0.06934432835825793,2.244735210859379,56.96184924519481
0.06766360226289467,1.1875964802592653,56.96798411692056
0.012743863030659133,5.067028382794195,85.95703932099408
0.3540051283435236,4.19318726254866,75.1930125041225
0.1410023457629051,1.606718257031884,53.78005942905577
0.14372073616821596,6.78620462357895,58.76632450939981
0.05266506859078803,4.154528193338642,81.81987562043828
0.08903649623151053,4.537265897678486,82.6105368845927
0.012332213315992269,3.3435451359694897,63.764868949274
0.10421626016131927,7.116110370991236,67.76697782497793
0.2187017452205486,4.570861554750973,55.87927609982797
0.13957398656766293,4.550939471770188,76.96850339077905
0.12024157599118976,4.999484767724964,57.80270486040241
0.3332046447982428,5.493495314896113,79.01608723011319
0.028570779553019676,6.678261306884517,68.01151873920251
0.02887743389977869,7.306502187382222,93.1860451461152
0.03953412652266558,0.12331194140596224,93.00505897186856
0.06640036721322648,6.478114679801799,82.66456895308771
0.011664612644276769,7.248467275077637,88.86353386858586
0.010036945365077862,6.786595902509876,98.75914688049589
0.012453389221401424,7.213651543964295,60.86426950275218
0.04979774200783584,1.5086165713541215,86.35303325173466
0.01796940931912437,3.5592203769128457,68.28672175152974
0.023249622420721452,0.7437103602764994,50.11339043868166
0.015361893995067304,1.7572719749628527,50.61288646868488
0.06539003502967529,0.4438327071056909,73.0411539374432
0.0982990702116891,7.5251597901038085,83.3846332775155
0.05206546521214049,3.384863969191272,93.81519501561712
0.011237191593877066,1.992735010668025,94.29212956168591
0.04251072706524895,0.9480404470042769,96.61290538410657
0.09621874437744583,5.348990592288475,54.680834057761686
0.03125916812752146,2.701622295022693,70.90466583707133
0.0700314210796264,2.676901004724227,56.95934126622018
0.07070817759908135,0.8552887855276641,56.75312288500442
0.012743863030659133,5.067028382794195,85.95703932099408
0.22875036145507469,4.355838550329256,78.69939089978264
0.1410023457629051,1.606718257031884,53.78005942905577
0.14348961356374937,6.661620225357618,59.78083838057015
0.05266506859078803,4.154528193338642,81.81987562043828
0.14775563775433034,4.767226155834515,81.74612029628267
0.011159314895101361,3.2986708492873915,62.82403346859884
0.10421626016131927,7.116110370991236,67.76697782497793
0.23645213650589056,4.679667656597921,55.285314853040305
0.13692023714134782,3.120461582899462,88.61715026294678
0.08383641192980634,4.4318543471925045,59.478525382920566
0.4954006950782071,4.090685041224271,75.99972239670338
0.028570779553019676,6.678261306884517,68.01151873920251
0.02887743389977869,7.306502187382222,93.1860451461152
0.03953412652266558,0.12331194140596224,93.00505897186856
0.06253505713801107,6.163821983059594,83.47931768112917
0.010979985759040856,7.054195655059367,93.02581125808913
0.010036945365077862,6.786595902509876,98.75914688049589
0.013409476851048964,5.420023059728173,57.49442098319931
0.051014885222191005,2.6317719857492783,84.42876620683673
0.01796940931912437,3.5592203769128457,68.28672175152974
0.029726533926579157,0.5979385920029372,51.59858738395439
0.015361893995067304,1.7572719749628527,50.61288646868488
0.06539003502967529,0.4438327071056909,73.0411539374432
0.0982990702116891,7.5251597901038085,83.3846332775155
0.05260495052127124,3.771585651859743,98.63523775009003
0.011237191593877066,1.992735010668025,94.29212956168591
0.04251072706524895,0.9480404470042769,96.61290538410657
0.09621874437744583,5.348990592288475,54.680834057761686
0.03125916812752146,2.701622295022693,70.90466583707133
0.0700314210796264,2.676901004724227,56.95934126622018
0.04134489529314339,0.33645144966455653,54.26275143731376
0.012743863030659133,5.067028382794195,85.95703932099408
0.2299054907775443,4.360246472457514,78.53454222949787
0.12170116630219538,1.8265794005285678,60.353821886648134
0.14348961356374937,6.661620225357618,59.78083838057015
0.03022620548932904,4.17810975798099,79.91505701655464
0.14936423283379482,4.052904613652503,90.02859663260497
0.011159314895101361,3.2986708492873915,62.82403346859884
0.12163747460101923,6.992663389651376,68.622799169424
0.20804660716010415,4.022410882630155,60.72640832424797
0.13418288757291236,2.915348804744797,88.30666943296717
0.07989981531260769,4.299596330030933,61.36624698390305
0.2593844040737399,2.9434371603493266,63.51800874657668
0.028570779553019676,6.678261306884517,68.01151873920251
0.02887743389977869,7.306502187382222,93.1860451461152
0.03953412652266558,0.12331194140596224,93.00505897186856
0.06253505713801107,6.163821983059594,83.47931768112917
0.010979985759040856,7.054195655059367,93.02581125808913
0.010036945365077862,6.786595902509876,98.75914688049589
0.012035054768290147,7.99845051821139,62.338740768544724
0.051014885222191005,2.6317719857492783,84.42876620683673
0.01796940931912437,3.5592203769128457,68.28672175152974
0.029726533926579157,0.5979385920029372,51.59858738395439
0.015361893995067304,1.7572719749628527,50.61288646868488
0.07066142500564873,0.4210544550620255,76.21056038641889
0.0982990702116891,7.5251597901038085,83.3846332775155
0.1195242459856488,3.8795685960125175,82.31508128810044
0.011237191593877066,1.992735010668025,94.29212956168591
0.04251072706524895,0.9480404470042769,96.61290538410657
0.10330775097717655,5.057645973713805,57.94251422765402
0.03125916812752146,2.701622295022693,70.90466583707133
0.0700314210796264,2.676901004724227,56.95934126622018
0.026796018942672025,1.764184930345803,58.38912674738592
0.013172014989157474,5.544846458689833,92.20768045924527
0.16816353681580562,3.8447237271236947,76.16307382942628
0.2271026175812939,0.42294292131565214,57.99847970276163
0.14348961356374937,6.661620225357618,59.78083838057015
0.03588063635391282,4.456130421341215,80.20325524615787
0.1823806860287934,1.8078995137418143,94.32428656834284
0.011159314895101361,3.2986708492873915,62.82403346859884
0.12002903687553063,6.970106955514927,69.027110631956
0.20804660716010415,4.022410882630155,60.72640832424797
0.13302767042218952,3.2907994772678273,86.49412292118687
0.08331636786281943,4.287446922397431,59.9042108864748
0.21652094457939458,2.549061930596263,70.05896743303254
0.028000467535624983,6.851631043497471,67.0603244775069
0.02887743389977869,7.306502187382222,93.1860451461152
0.03953412652266558,0.12331194140596224,93.00505897186856
0.0936586126854805,6.554088025763238,77.97605710525177
0.010979985759040856,7.054195655059367,93.02581125808913
0.010036945365077862,6.786595902509876,98.75914688049589
0.012035054768290147,7.99845051821139,62.338740768544724
0.051014885222191005,2.6317719857492783,84.42876620683673
0.02106350545325174,2.0120556638253095,57.33515749933241
0.029726533926579157,0.5979385920029372,51.59858738395439
0.015361893995067304,1.7572719749628527,50.61288646868488
0.07066142500564873,0.4210544550620255,76.21056038641889
0.1000544150919078,7.892486899603901,85.43053423440085
0.1195242459856488,3.8795685960125175,82.31508128810044
0.011237191593877066,1.992735010668025,94.29212956168591
0.04251072706524895,0.9480404470042769,96.61290538410657
0.10161986646707696,5.088934089908377,58.68115652367618
0.03125916812752146,2.701622295022693,70.90466583707133
0.0769175709758895,2.045051287906783,56.32062277951303
0.024696840804153564,1.7629157886424422,56.96149554100003
0.018700314496774804,3.730706635955083,75.30057315395445
0.1459447478618462,3.064537702515253,76.17389506979103
0.15137474127067863,2.23601161206608,70.10796797691481
0.14488833662487313,5.876572594299077,61.612742042565046
0.03588063635391282,4.456130421341215,80.20325524615787
0.18601971471059453,1.5604580971513027,94.79775168562692
0.011159314895101361,3.2986708492873915,62.82403346859884
0.12002903687553063,6.970106955514927,69.027110631956
0.20804660716010415,4.022410882630155,60.72640832424797
0.108555303790827,3.7554831424837944,74.91943029833911
0.08716943703141586,5.131898499536276,66.63699227766887
0.1305905161828657,2.2108278323043487,61.752057736222845
0.028000467535624983,6.851631043497471,67.0603244775069
0.02887743389977869,7.306502187382222,93.1860451461152
0.03953412652266558,0.12331194140596224,93.00505897186856
0.0936586126854805,6.554088025763238,77.97605710525177
0.010979985759040856,7.054195655059367,93.02581125808913
0.010340891990140775,6.682438910234497,97.89254758495568
0.012035054768290147,7.99845051821139,62.338740768544724
0.05922775797243014,2.494346891626492,88.88076424188856
0.021357247071277077,2.0232752278171557,57.34006556526656
0.029726533926579157,0.5979385920029372,51.59858738395439
0.015361893995067304,1.7572719749628527,50.61288646868488
0.07066142500564873,0.4210544550620255,76.21056038641889
0.1000544150919078,7.892486899603901,85.43053423440085
0.17448729885196848,4.301337841006824,90.77028191979089
0.011237191593877066,1.992735010668025,94.29212956168591
0.04251072706524895,0.9480404470042769,96.61290538410657
0.09513662541827167,5.625414178524759,53.15524330152894
0.04364752501161459,3.2973144152686267,70.64264197381
0.09206112918712302,2.0166311188076915,64.72830517475126
0.024696840804153564,1.7629157886424422,56.96149554100003
0.020570615570049446,4.166252216322406,70.54118103423676
0.2300920582817246,0.5770811177650623,65.66712722481574
0.1812815168611076,2.2879293082238448,64.94682240938849
0.14488833662487313,5.876572594299077,61.612742042565046
0.03858997843383723,3.3534017454617224,75.18057894611636
0.1398313706518184,1.9269799072896505,91.25027660158962
0.011159314895101361,3.2986708492873915,62.82403346859884
0.10068515217129731,5.467363145607913,75.91085763916266
0.2527572979764657,3.032857437678516,53.98405990839752
0.07209506032942403,3.0311926631943065,67.56894632911408
0.1139255385555946,4.456828959148805,57.36980491836962
0.11540126958213044,5.036994814705088,73.53018938404605
0.028000467535624983,6.851631043497471,67.0603244775069
0.022145660805495113,5.2786913280311305,93.60814305041974
0.03953412652266558,0.12331194140596224,93.00505897186856
0.0936586126854805,6.554088025763238,77.97605710525177
0.010979985759040856,7.054195655059367,93.02581125808913
0.010340891990140775,6.682438910234497,97.89254758495568
0.012035054768290147,7.99845051821139,62.338740768544724
0.041637954250941994,3.8150939871560725,91.12318502474902
0.021357247071277077,2.0232752278171557,57.34006556526656
0.029726533926579157,0.5979385920029372,51.59858738395439
0.015361893995067304,1.7572719749628527,50.61288646868488
0.07066142500564873,0.4210544550620255,76.21056038641889
0.10142934454468092,7.551938615656177,82.64910681045009
0.19212233026662046,4.424348970090059,92.79331593429501
0.011237191593877066,1.992735010668025,94.29212956168591
0.07207579226050642,2.400646131357968,80.36662818304725
0.09513662541827167,5.625414178524759,53.15524330152894
0.05634627253564371,1.836914047398695,61.94170452850578
0.09206112918712302,2.0166311188076915,64.72830517475126
0.025207242085006173,1.7542008493855672,55.54588632849169
0.020570615570049446,4.166252216322406,70.54118103423676
0.2300920582817246,0.5770811177650623,65.66712722481574
0.1812815168611076,2.2879293082238448,64.94682240938849
0.10104497127224596,5.031401616542944,62.00986670446094
0.03858997843383723,3.3534017454617224,75.18057894611636
0.14916110694457552,1.1802378442948136,98.28380685436204
0.03115641654447275,3.5240348319657384,61.762704572266465
0.09575829753456747,5.912947783168459,73.98027301634959
0.2527572979764657,3.032857437678516,53.98405990839752
0.10882236707073167,3.657894740257246,51.441688374161096
0.1139255385555946,4.456828959148805,57.36980491836962
0.12555395289762536,6.350817078971476,77.35890426940041
0.028000467535624983,6.851631043497471,67.0603244775069
0.01979365711707433,5.286063082107154,94.55009377310385
0.03953412652266558,0.12331194140596224,93.00505897186856
0.08243241741513041,5.93280973467981,80.19838490566104
0.010979985759040856,7.054195655059367,93.02581125808913
0.022690935682381272,6.4170870357129655,93.06115935267047
0.012035054768290147,7.99845051821139,62.338740768544724
0.041637954250941994,3.8150939871560725,91.12318502474902
0.021357247071277077,2.0232752278171557,57.34006556526656
0.029726533926579157,0.5979385920029372,51.59858738395439
0.015361893995067304,1.7572719749628527,50.61288646868488
0.07066142500564873,0.4210544550620255,76.21056038641889
0.10142934454468092,7.551938615656177,82.64910681045009
0.19212233026662046,4.424348970090059,92.79331593429501
0.011237191593877066,1.992735010668025,94.29212956168591
0.09387905871072089,1.7802883695974514,83.7433659837777
0.09306637113725835,5.833553153427749,50.05262838023925
0.05634627253564371,1.836914047398695,61.94170452850578
0.14452578173441927,1.3499278517905648,69.23633347953344
0.02417720108372915,2.0177371677036815,56.44555820180797
0.020570615570049446,4.166252216322406,70.54118103423676
0.2300920582817246,0.5770811177650623,65.66712722481574
0.1620389290320427,1.9940767039687666,68.75580316094295
0.09657218635482288,5.110502492413573,63.782407868139906
0.04224425368188724,2.9776645803884585,71.41486663432087
0.14916110694457552,1.1802378442948136,98.28380685436204
0.028791984210617114,2.8206342639574737,59.291900233036735
0.09272612063895899,5.036617517254484,69.34524927285645
0.30183563674219144,2.7932867081040085,50.48430707512891
0.12101256601128005,3.1112090519464966,50.06922298181685
0.12083118714996506,4.001049813874727,59.79223381315293
0.12555395289762536,6.350817078971476,77.35890426940041
0.028000467535624983,6.851631043497471,67.0603244775069
0.01979365711707433,5.286063082107154,94.55009377310385
0.03953412652266558,0.12331194140596224,93.00505897186856
0.08094526668839835,6.472306431255037,79.73782000715204
0.010332555443789384,7.249150748501062,94.54367103591436
0.07152428262784838,4.775158540420312,71.7083793221478
0.012035054768290147,7.99845051821139,62.338740768544724
0.04355712551259629,3.556977048341108,87.31552614377648
0.021357247071277077,2.0232752278171557,57.34006556526656
0.0326326221633245,0.4573019461969009,63.86774098386879
0.015286569806892898,1.8985807894188902,50.87837584030201
0.05681244339341095,0.7873389465097078,80.42451998928813
0.10142934454468092,7.551938615656177,82.64910681045009
0.19212233026662046,4.424348970090059,92.79331593429501
0.011237191593877066,1.992735010668025,94.29212956168591
0.09387905871072089,1.7802883695974514,83.7433659837777
0.09306637113725835,5.833553153427749,50.05262838023925
0.05634627253564371,1.836914047398695,61.94170452850578
0.14452578173441927,1.3499278517905648,69.23633347953344
0.025915865503860606,1.360755913255014,51.661049086766255
0.021457528902837687,3.7680560290099976,71.39348046739667
0.2300920582817246,0.5770811177650623,65.66712722481574
0.13923653412529874,2.521793178557855,72.89071459216022
0.10668425140185703,5.037886913138341,66.85263023964454
0.04224425368188724,2.9776645803884585,71.41486663432087
0.13343161794894456,1.6794556381236907,97.82983331694746
0.030646006195152842,3.1432038900578183,60.43543841377134
0.09166494931291067,5.016231849703037,70.8800976675916
0.30183563674219144,2.7932867081040085,50.48430707512891
0.12101256601128005,3.1112090519464966,50.06922298181685
0.12083118714996506,4.001049813874727,59.79223381315293
0.12555395289762536,6.350817078971476,77.35890426940041
0.028000467535624983,6.851631043497471,67.0603244775069
0.01979365711707433,5.286063082107154,94.55009377310385
0.03953412652266558,0.12331194140596224,93.00505897186856
0.08496567590375567,6.9728540559993775,81.05847244878237
0.018124791233929988,6.739079548703602,93.53634553118546
0.07365931532217676,4.673298520255495,71.9363866564615
0.0234696740652192,4.723823202036551,75.0903593331859
0.04355712551259629,3.556977048341108,87.31552614377648
0.021357247071277077,2.0232752278171557,57.34006556526656
0.0326326221633245,0.4573019461969009,63.86774098386879
0.015286569806892898,1.8985807894188902,50.87837584030201
0.05681244339341095,0.7873389465097078,80.42451998928813
0.09967718321004404,7.191912531841723,75.81968306744876
0.17106293374782355,4.035458154455426,80.14043170926256
0.012001287614172514,1.9379000172714544,93.20558193850187
0.10564928419682804,2.0345374230331137,87.56302637732888
0.09306637113725835,5.833553153427749,50.05262838023925
0.042063446120002526,1.9129883122633065,60.06327523054401
0.14479380763055738,1.2792774243524345,69.12158126805043
0.025915865503860606,1.360755913255014,51.661049086766255
0.021457528902837687,3.7680560290099976,71.39348046739667
0.17028126540799282,0.6496556525897856,70.76092526078826
0.19727464073954776,1.8938617075030155,64.14077808166208
0.14648939782939277,4.273245599474993,54.85900254141325
0.04224425368188724,2.9776645803884585,71.41486663432087
0.13383736282375264,1.7383323091222804,96.08666954034877
0.047051814200119974,3.8503025031801377,57.706547159768554
0.08613213290332984,4.344897395210997,72.39526953395392
0.3800703242158112,2.655734817679521,50.6638968486256
0.12101256601128005,3.1112090519464966,50.06922298181685
0.12118023537354003,4.001762995335925,59.80210114045853
0.12555395289762536,6.350817078971476,77.35890426940041
0.0321296877942803,6.6546208763606955,67.13320006519781
0.01979365711707433,5.286063082107154,94.55009377310385
0.03953412652266558,0.12331194140596224,93.00505897186856
0.08496567590375567,6.9728540559993775,81.05847244878237
0.016078413129283514,6.715757306504162,99.02254699498879
0.07365931532217676,4.673298520255495,71.9363866564615
0.0234696740652192,4.723823202036551,75.0903593331859
0.04355712551259629,3.556977048341108,87.31552614377648
0.021357247071277077,2.0232752278171557,57.34006556526656
0.0326326221633245,0.4573019461969009,63.86774098386879
0.015286569806892898,1.8985807894188902,50.87837584030201
0.05681244339341095,0.7873389465097078,80.42451998928813
0.0873013828562751,6.415650644307597,72.16206492299223
0.24410788640137876,4.1445184212304484,93.35442446031388
0.012001287614172514,1.9379000172714544,93.20558193850187
0.128494494910646,2.617959928039546,90.90232269408236
0.09306637113725835,5.833553153427749,50.05262838023925
0.042063446120002526,1.9129883122633065,60.06327523054401
0.14479380763055738,1.2792774243524345,69.12158126805043
0.02551176833309196,1.3207404377129026,51.172178924211636
0.02253533247240291,4.276006407908925,70.67968942402926
0.17028126540799282,0.6496556525897856,70.76092526078826
0.19727464073954776,1.8938617075030155,64.14077808166208
0.14648939782939277,4.273245599474993,54.85900254141325
0.05650960454019037,2.037922546477586,71.94698915570939
0.08530394953296405,3.0511808883717997,86.85369010290404
0.047051814200119974,3.8503025031801377,57.706547159768554
0.08760112469760058,4.653662721228428,72.76665504135215
0.3800703242158112,2.655734817679521,50.6638968486256
0.12101256601128005,3.1112090519464966,50.06922298181685
0.07379602266207066,4.351922220364104,67.21605996427677
0.14527604453733783,6.285072853132102,73.45618455695924
0.03973927107373809,6.29157795087078,68.01330062349066
0.01979365711707433,5.286063082107154,94.55009377310385
0.03953412652266558,0.12331194140596224,93.00505897186856
0.08496567590375567,6.9728540559993775,81.05847244878237
0.016078413129283514,6.715757306504162,99.02254699498879
0.049704521733486384,4.487142238698903,71.34754515530436
0.017726158603384876,4.770454122510151,75.67137648167443
0.04157883183134779,3.440927159750836,84.76575722665814
0.021357247071277077,2.0232752278171557,57.34006556526656
0.03371903254139538,0.04657553576257545,61.56062102356065
0.015286569806892898,1.8985807894188902,50.87837584030201
0.051898363702470585,0.6618428537397882,79.70622640829416
0.0873013828562751,6.415650644307597,72.16206492299223
0.18301521413802335,4.34326373750889,85.31795475093008
0.012001287614172514,1.9379000172714544,93.20558193850187
0.18339066459135425,0.6168816424356596,86.93697179406661
0.09306637113725835,5.833553153427749,50.05262838023925
0.042063446120002526,1.9129883122633065,60.06327523054401
0.22000006291111465,1.8304279617420631,72.64438331378017
0.02551176833309196,1.3207404377129026,51.172178924211636
0.02253533247240291,4.276006407908925,70.67968942402926
0.17028126540799282,0.6496556525897856,70.76092526078826
0.19727464073954776,1.8938617075030155,64.14077808166208
0.11013030728568074,4.0202358046058215,66.3237225347742
0.056621096276821645,2.016557578388541,72.1148604608913
0.06996801460089784,2.798726423646192,78.97400250461956
0.047051814200119974,3.8503025031801377,57.706547159768554
0.0876051335686843,4.650134920156632,72.75404207497094
0.2572840773018859,3.212175647639751,57.53780879038378
0.12101256601128005,3.1112090519464966,50.06922298181685
0.0737207990127044,4.321400587665749,67.4471136435766
0.10812090809830988,5.266003791076682,77.50845081025933
0.049290914791127016,5.825183584353795,68.7499096045943
0.01979365711707433,5.286063082107154,94.55009377310385
0.03953412652266558,0.12331194140596224,93.00505897186856
0.08496567590375567,6.9728540559993775,81.05847244878237
0.016078413129283514,6.715757306504162,99.02254699498879
0.027556009395749426,4.191837688456884,69.01164416241835
0.017726158603384876,4.770454122510151,75.67137648167443
0.0439355280806602,4.458695609808682,91.72362668835461
0.021357247071277077,2.0232752278171557,57.34006556526656
0.03371903254139538,0.04657553576257545,61.56062102356065
0.03377106469543464,2.833733300803339,50.682135628271574
0.051898363702470585,0.6618428537397882,79.70622640829416
0.08212421174190256,6.681798878588624,71.40059215547696
0.20215604465030051,4.695614693369824,87.31740056628651
0.051336035999980156,2.142249092714207,87.48572330492416
0.20467063056112195,0.38192733374953014,89.4250612382737
0.07447285453833134,4.892885104460209,50.25002601873392
0.042063446120002526,1.9129883122633065,60.06327523054401
0.14218144164157365,1.2894597123492662,75.9134930004992
0.02551176833309196,1.3207404377129026,51.172178924211636
0.03093157545074579,4.06992478209774,70.68430596954374
0.17028126540799282,0.6496556525897856,70.76092526078826
0.19727464073954776,1.8938617075030155,64.14077808166208
0.11013030728568074,4.0202358046058215,66.3237225347742
0.05228204328203838,1.8540796452601551,72.58446286929461
0.06996801460089784,2.798726423646192,78.97400250461956
0.047051814200119974,3.8503025031801377,57.706547159768554
0.022128288485556757,6.295734310610008,77.89648655838883
0.19632461636898996,4.051526655942974,65.69933806410123
0.12101256601128005,3.1112090519464966,50.06922298181685
0.08302418431996829,5.392098798525376,65.21775201899021
0.0907995953498878,5.504501000501281,79.82750676797326
0.049290914791127016,5.825183584353795,68.7499096045943
0.01979365711707433,5.286063082107154,94.55009377310385
0.03953412652266558,0.12331194140596224,93.00505897186856
0.0942036486458114,7.733685183044445,86.74832939294444
0.024225573728179437,4.928152271444166,76.76262211324791
0.026865537836139156,3.2220836644687028,62.98611047627611
0.017726158603384876,4.770454122510151,75.67137648167443
0.04463179221709544,4.513193812574649,92.56020004224439
0.01865620609439772,2.4800246668430086,61.35008585601805
0.03371903254139538,0.04657553576257545,61.56062102356065
0.03377106469543464,2.833733300803339,50.682135628271574
0.051898363702470585,0.6618428537397882,79.70622640829416
0.08212421174190256,6.681798878588624,71.40059215547696
0.28013185301493615,3.8789653002139657,91.34053161662294
0.051336035999980156,2.142249092714207,87.48572330492416
0.18604564698716536,0.5957470783377101,89.18949706401567
0.07447285453833134,4.892885104460209,50.25002601873392
0.033001312385611464,1.1432716057598196,58.92290130076573
0.14218144164157365,1.2894597123492662,75.9134930004992
0.02551176833309196,1.3207404377129026,51.172178924211636
0.03093157545074579,4.06992478209774,70.68430596954374
0.17584595246190965,0.5229534569467733,69.74054779387104
0.1879754750203985,2.0569158705877895,64.8190401570263
0.11013030728568074,4.0202358046058215,66.3237225347742
0.0477925939220952,2.4716491292705083,73.25825729019614
0.07482833205229714,2.8284801334863805,76.22177135630247
0.043270509380677655,4.028854837647201,60.86330125380442
0.017572122007989507,6.6287828332532746,77.79386594510555
0.24464928247423434,6.516767445414283,56.58284961779803
0.12101256601128005,3.1112090519464966,50.06922298181685
0.07998561372833521,5.348172885921587,59.508372674231474
0.14379616838364467,6.036869131955285,82.84174384320137
0.03673725769377287,6.143231925075592,72.3293247317229
0.01979365711707433,5.286063082107154,94.55009377310385
0.03654712246111756,0.3783848566408373,84.09393425808732
0.0942036486458114,7.733685183044445,86.74832939294444
0.02880582106776906,4.450731202125475,76.08154926120028
0.026865537836139156,3.2220836644687028,62.98611047627611
0.017726158603384876,4.770454122510151,75.67137648167443
0.04463179221709544,4.513193812574649,92.56020004224439
0.019746421692858077,2.4864881939512915,61.616661471229875
0.03371903254139538,0.04657553576257545,61.56062102356065
0.03377106469543464,2.833733300803339,50.682135628271574
0.051898363702470585,0.6618428537397882,79.70622640829416
0.08212421174190256,6.681798878588624,71.40059215547696
0.2263607281765307,4.207569338809843,81.93680398135905
0.051336035999980156,2.142249092714207,87.48572330492416
0.18604564698716536,0.5957470783377101,89.18949706401567
0.07447285453833134,4.892885104460209,50.25002601873392
0.03200000955099974,2.5591356568996053,64.61286490699922
0.12708819855057063,3.316736406194413,79.32200367411161
0.02551176833309196,1.3207404377129026,51.172178924211636
0.03093157545074579,4.06992478209774,70.68430596954374
0.15268054689833702,0.6458866345861953,66.8792970543114
0.2332928223312888,1.1192532246034759,54.02473512571792
0.14924498936309263,4.678836088195405,68.45046895725385
0.04903304646249967,1.9248627987625235,75.20634500598204
0.07499324716211021,1.8707498717641626,88.27072822729794
0.043270509380677655,4.028854837647201,60.86330125380442
0.017572122007989507,6.6287828332532746,77.79386594510555
0.3244695316225147,7.08324036322576,55.164710564829974
0.12101256601128005,3.1112090519464966,50.06922298181685
0.08712442957809834,5.4733525825063705,57.19666233799293
0.17949869509271815,4.815301429716122,80.02932423499624
0.03673725769377287,6.143231925075592,72.3293247317229
0.02954909550824321,4.763649879690203,80.5520745613207
0.03654712246111756,0.3783848566408373,84.09393425808732
0.09568465237459214,7.924138424646896,87.12675520726611
0.02880582106776906,4.450731202125475,76.08154926120028
0.03226656619313208,1.2422218833335803,54.38032884878074
0.017726158603384876,4.770454122510151,75.67137648167443
0.04463179221709544,4.513193812574649,92.56020004224439
0.019746421692858077,2.4864881939512915,61.616661471229875
0.03371903254139538,0.04657553576257545,61.56062102356065
0.03377106469543464,2.833733300803339,50.682135628271574
0.051898363702470585,0.6618428537397882,79.70622640829416
0.08212421174190256,6.681798878588624,71.40059215547696
0.2263607281765307,4.207569338809843,81.93680398135905
0.06147025023081053,3.347061870575814,71.17602486012267
0.18604564698716536,0.5957470783377101,89.18949706401567
0.07447285453833134,4.892885104460209,50.25002601873392
0.03200000955099974,2.5591356568996053,64.61286490699922
0.12708819855057063,3.316736406194413,79.32200367411161
0.029105417669915014,1.3606855057403684,53.866503755545274
0.03152990407634227,3.8094382346102167,66.46950885008803
0.15268054689833702,0.6458866345861953,66.8792970543114
0.2332928223312888,1.1192532246034759,54.02473512571792
0.19778758624146064,3.9599675719933733,65.00592671733531
0.04903304646249967,1.9248627987625235,75.20634500598204
0.0426184242602477,2.381190194922249,97.18523289143516
0.043270509380677655,4.028854837647201,60.86330125380442
0.017572122007989507,6.6287828332532746,77.79386594510555
0.24540091554708066,6.379234938334226,60.75844909057594
0.12101256601128005,3.1112090519464966,50.06922298181685
0.08878904594291388,5.071050213618038,52.4680495468222
0.23603807619955644,7.505127796699208,93.504179582716
0.037521733121348225,7.018502128258772,78.05440328771988
0.02954909550824321,4.763649879690203,80.5520745613207
0.025519933289346833,0.1747697282536116,87.24573701653762
0.09568465237459214,7.924138424646896,87.12675520726611
0.029735624079952165,4.423900119915772,76.11597087712447
0.03226656619313208,1.2422218833335803,54.38032884878074
0.017726158603384876,4.770454122510151,75.67137648167443
0.0388962316042355,4.129989433636917,93.17062327987513
0.02450734819167441,2.8274001804724707,63.21600978583838
0.03371903254139538,0.04657553576257545,61.56062102356065
0.03377106469543464,2.833733300803339,50.682135628271574
0.06931880920615673,1.2792130750407749,72.23612929602959
0.08212421174190256,6.681798878588624,71.40059215547696
0.15584796877266965,3.189895166913533,71.90252748389274
0.06147025023081053,3.347061870575814,71.17602486012267
0.18604564698716536,0.5957470783377101,89.18949706401567
0.07447285453833134,4.892885104460209,50.25002601873392
0.03200000955099974,2.5591356568996053,64.61286490699922
0.12035445757103373,3.3464346980877395,81.05918135261703
0.029565328134723505,1.2139810179135362,52.93134266577261
0.03152990407634227,3.8094382346102167,66.46950885008803
0.11581734351641822,1.7857001995333222,64.85234521542675
0.17024105817987886,1.1938059683147042,53.97587429098609
0.20837263893072544,3.464926408629572,56.31084219838432
0.04903304646249967,1.9248627987625235,75.20634500598204
0.0426184242602477,2.381190194922249,97.18523289143516
0.043270509380677655,4.028854837647201,60.86330125380442
0.017572122007989507,6.6287828332532746,77.79386594510555
0.24540091554708066,6.379234938334226,60.75844909057594
0.12101256601128005,3.1112090519464966,50.06922298181685
0.08878904594291388,5.071050213618038,52.4680495468222
0.23603807619955644,7.505127796699208,93.504179582716
0.037521733121348225,7.018502128258772,78.05440328771988
0.01928682415992259,4.227480559873065,86.83415211536622
0.025519933289346833,0.1747697282536116,87.24573701653762
0.07852912942172574,6.777943316227124,88.95258019125411
0.03547494386895456,3.513867725433815,85.50237994394863
0.03837898748482145,1.3709492286419112,54.08339946214975
0.017726158603384876,4.770454122510151,75.67137648167443
0.04225048979731194,3.400316041627751,87.226268132283
0.02450734819167441,2.8274001804724707,63.21600978583838
0.03371903254139538,0.04657553576257545,61.56062102356065
0.03377106469543464,2.833733300803339,50.682135628271574
0.0599357539616433,1.577854398161852,73.60998437097962
0.08212421174190256,6.681798878588624,71.40059215547696
0.23453620985993495,4.421111176800569,83.72370224819946
0.08501001427281418,3.1960126615561553,58.20295143060279
0.19529686564392473,0.40333587788721914,90.54979585873038
0.07447285453833134,4.892885104460209,50.25002601873392
0.02765326512375075,2.7209988657793582,61.909462640880854
0.1267425331447646,3.1126935733259016,81.14973341430765
0.029565328134723505,1.2139810179135362,52.93134266577261
0.03152990407634227,3.8094382346102167,66.46950885008803
0.11581734351641822,1.7857001995333222,64.85234521542675
0.17024105817987886,1.1938059683147042,53.97587429098609
0.20837263893072544,3.464926408629572,56.31084219838432
0.04903304646249967,1.9248627987625235,75.20634500598204
0.0426184242602477,2.381190194922249,97.18523289143516
0.05274996812326682,5.975817797194838,66.34959675284207
0.015622941708469739,7.178584464191812,79.57459423778437
0.18372365069041782,4.19287246758627,62.70700099133958
0.08052037345579398,3.7616961061498055,60.106239036187816
0.1224843480608512,4.920790739503851,59.69404717423289
0.13372027044430074,5.957908714197642,90.35558150835875
0.0804038199107805,6.185231955994,73.42916767191508
0.01928682415992259,4.227480559873065,86.83415211536622
0.025519933289346833,0.1747697282536116,87.24573701653762
0.07852912942172574,6.777943316227124,88.95258019125411
0.027293901376255758,3.2245753099597696,92.8976737040399
0.03837898748482145,1.3709492286419112,54.08339946214975
0.017726158603384876,4.770454122510151,75.67137648167443
0.04276270308983217,3.44800431233304,87.2506417028688
0.02450734819167441,2.8274001804724707,63.21600978583838
0.03750262116285864,0.3469192362388305,61.44304355609557
0.03377106469543464,2.833733300803339,50.682135628271574
0.08494275700537472,3.0384754483304577,85.10335385352731
0.06369170021424464,7.829791534607375,75.0455400387343
0.23453620985993495,4.421111176800569,83.72370224819946
0.08501001427281418,3.1960126615561553,58.20295143060279
0.12522220121095248,1.5945597535766343,78.69713528480779
0.07447285453833134,4.892885104460209,50.25002601873392
0.026397866992851286,3.274509381195841,61.981660449370814
0.15094820284933486,1.1764355196000809,86.43869287747823
0.05773815526494595,1.381652506662998,56.55726724289979
0.03248754610230781,3.3925220878622016,59.72360587998447
0.1179434982059214,1.7399665457519657,64.30586952676046
0.17024105817987886,1.1938059683147042,53.97587429098609
0.12002978941289233,1.8753310264610976,71.25662464215078
0.0545410126471947,2.2266330462569295,67.78964951754097
0.03067757818621987,0.9192040821203902,99.92271293343792
0.05242777343318741,5.902005487180997,66.83966963546416
0.015622941708469739,7.178584464191812,79.57459423778437
0.1867020325718187,4.11968112563355,61.96390756201322
0.08052037345579398,3.7616961061498055,60.106239036187816
0.14326152392390556,5.494680921875118,59.48996300714055
0.08809488976052673,3.2972374874906136,76.64556509808982
0.0695477749910168,7.343944583708094,73.95815600320367
0.02303227086341164,3.990577421530142,79.14206478330392
0.025519933289346833,0.1747697282536116,87.24573701653762
0.08339029613667777,7.1150846726140315,88.57827216134338
0.03517599557852111,2.9056694689279237,88.02954377040251
0.03853034410983997,1.322901101446042,54.19512091197071
0.017726158603384876,4.770454122510151,75.67137648167443
0.09919658392330592,2.450084621327573,72.52010758547053
0.029544998465290608,3.4705216530280865,64.73684739675323
0.03720460667736506,0.06390839731078057,63.544763619883724
0.03377106469543464,2.833733300803339,50.682135628271574
0.06943361240198556,3.475994597587237,84.78959237896713
0.06369170021424464,7.829791534607375,75.0455400387343
0.23453620985993495,4.421111176800569,83.72370224819946
0.09567696806146635,2.8003927787980887,62.14548280529391
0.1857234346248116,1.785436735838933,98.5461130006257
0.07447285453833134,4.892885104460209,50.25002601873392
0.020686731557068398,3.082252171918313,63.37533638226786
0.15094820284933486,1.1764355196000809,86.43869287747823
0.06110880100973285,2.0888729365839946,55.28688434289812
0.03248754610230781,3.3925220878622016,59.72360587998447
0.10695526173654564,1.6745697022248598,62.891651617800456
0.17509749964674393,1.1890459686279962,53.9677902228893
0.12087110756181779,1.8659833201274287,71.45729641267536
0.06296074167234955,1.7815116507731956,70.8691609220211
0.03841050525352943,1.8281363965018382,98.25848963930862
0.05242777343318741,5.902005487180997,66.83966963546416
0.015622941708469739,7.178584464191812,79.57459423778437
0.2037896465969934,4.2748879006134,62.59587227088738
0.08052037345579398,3.7616961061498055,60.106239036187816
0.2041581934673276,6.650317600814626,59.36152063196769
0.10705316107187093,4.499261802447901,81.50470819094055
0.0695477749910168,7.343944583708094,73.95815600320367
0.02303227086341164,3.990577421530142,79.14206478330392
0.025519933289346833,0.1747697282536116,87.24573701653762
0.08339029613667777,7.1150846726140315,88.57827216134338
0.03517599557852111,2.9056694689279237,88.02954377040251
0.03853034410983997,1.322901101446042,54.19512091197071
0.017726158603384876,4.770454122510151,75.67137648167443
0.10186283043332059,2.384466143240576,73.23719393425124
0.038757998103883605,3.5113322487044285,64.13948521107403
0.039244365063695816,0.19993407202172575,64.12481962691903
0.03377106469543464,2.833733300803339,50.682135628271574
0.06943361240198556,3.475994597587237,84.78959237896713
0.06369170021424464,7.829791534607375,75.0455400387343
0.23453620985993495,4.421111176800569,83.72370224819946
0.09329814278325034,2.9562744124972786,66.69478458315086
0.17508499435365243,1.6784791187201746,97.79570259170069
0.07447285453833134,4.892885104460209,50.25002601873392
0.02218633932492751,2.2271336531624826,57.14706991646932
0.16808513088501253,0.5783593722781859,92.36608682870578
0.04858786043368419,2.2020216092544165,53.209977257068395
0.03248754610230781,3.3925220878622016,59.72360587998447
0.10637132865007551,1.7559712951366673,64.07794242789477
0.17509749964674393,1.1890459686279962,53.9677902228893
0.08274799394649358,2.289561096330509,62.36414572186053
0.06676895214481106,1.6442343006276432,73.50284683750077
0.03841050525352943,1.8281363965018382,98.25848963930862
0.05242777343318741,5.902005487180997,66.83966963546416
0.015622941708469739,7.178584464191812,79.57459423778437
0.1749740897005146,3.4377539158028956,65.67536299169228
0.07894470986453772,3.6893463276755876,61.53381681703182
0.2461665266636746,6.857496521147879,57.29110802149627
0.10122584875348242,4.270292893882159,78.68453567294021
0.0695477749910168,7.343944583708094,73.95815600320367
0.022718988690460882,3.3375038919385234,70.99644132272165
0.021274029001413886,3.179473407770388,83.9547432078142
0.08339029613667777,7.1150846726140315,88.57827216134338
0.029306903293449094,2.881897957439057,95.23206839879211
0.03853034410983997,1.322901101446042,54.19512091197071
0.017726158603384876,4.770454122510151,75.67137648167443
0.10084702141574135,2.456745784493034,73.10573534459344
0.038757998103883605,3.5113322487044285,64.13948521107403
0.039244365063695816,0.19993407202172575,64.12481962691903
0.03377106469543464,2.833733300803339,50.682135628271574
0.06943003927879184,3.354933381957392,85.1286006027995
0.06552797604976676,7.295931623547359,73.8235533149783
0.26424071560583606,4.04694755574125,84.28669782985816
0.12371283406354536,3.4693636830720003,75.86798211723082
0.17508499435365243,1.6784791187201746,97.79570259170069
0.07447285453833134,4.892885104460209,50.25002601873392
0.03134411597971229,2.333905091554777,57.165981335166144
0.13957311552897972,2.7789092959558905,91.09094141656166
0.04858786043368419,2.2020216092544165,53.209977257068395
0.016787051386645213,3.192030726133127,55.39274569670259
0.09321535711545635,3.049736904032049,58.37485851156927
0.17509749964674393,1.1890459686279962,53.9677902228893
0.07826840244490932,3.591911361121194,65.34518007241587
0.046274884907029884,2.9506231623393178,74.40903486484625
0.03841050525352943,1.8281363965018382,98.25848963930862
0.05242777343318741,5.902005487180997,66.83966963546416
0.015622941708469739,7.178584464191812,79.57459423778437
0.2310750612212752,4.662588255470118,57.578439039100374
0.05531694495697019,3.5414913925585587,65.51030057856175
0.2461665266636746,6.857496521147879,57.29110802149627
0.06821631461197156,5.554083941678369,68.00503467055886
0.0695477749910168,7.343944583708094,73.95815600320367
0.0325544259084612,3.297355523927503,69.23551678002045
0.026389124424276197,2.3313741866036306,78.31033283102428
0.08339029613667777,7.1150846726140315,88.57827216134338
0.03073758663359223,2.640075965667714,88.86666981615147
0.03853034410983997,1.322901101446042,54.19512091197071
0.01789234488944161,4.715441846202129,75.34072138857226
0.10084702141574135,2.456745784493034,73.10573534459344
0.038757998103883605,3.5113322487044285,64.13948521107403
0.039244365063695816,0.19993407202172575,64.12481962691903
0.03377106469543464,2.833733300803339,50.682135628271574
0.07084334872227027,3.735603836813007,85.4778386891915
0.06552797604976676,7.295931623547359,73.8235533149783
0.25090536545476294,3.619420705252122,79.75115079145533
0.06947985406491275,1.968808358537136,84.09541258403591
0.17508499435365243,1.6784791187201746,97.79570259170069
0.08309010459231334,4.613060448264633,55.65609313829832
0.032253088469950536,2.521107272263719,54.737566865451086
0.13957311552897972,2.7789092959558905,91.09094141656166
0.04858786043368419,2.2020216092544165,53.209977257068395
0.016787051386645213,3.192030726133127,55.39274569670259
0.09321535711545635,3.049736904032049,58.37485851156927
0.18241303609520831,0.7624566496877101,52.58227974466666
0.08679803018446347,3.6516762654209716,64.91164261865441
0.046274884907029884,2.9506231623393178,74.40903486484625
0.03841050525352943,1.8281363965018382,98.25848963930862
0.038644152010243606,6.80446269878086,67.61287289330502
0.015622941708469739,7.178584464191812,79.57459423778437
0.21518058130902656,4.397628475948993,60.18664450979716
0.022079189830676166,3.329479886095465,67.01030113129771
0.2461665266636746,6.857496521147879,57.29110802149627
0.06821631461197156,5.554083941678369,68.00503467055886
0.0695477749910168,7.343944583708094,73.95815600320367
0.0325544259084612,3.297355523927503,69.23551678002045
0.02397367187170301,2.731863964261825,80.9757387179703
0.06671019145680637,6.503977107008428,85.20711736351674
0.03073758663359223,2.640075965667714,88.86666981615147
0.03853034410983997,1.322901101446042,54.19512091197071
0.01789234488944161,4.715441846202129,75.34072138857226
0.10794881940535285,0.5616262118510935,66.81115093069019
0.038757998103883605,3.5113322487044285,64.13948521107403
0.039244365063695816,0.19993407202172575,64.12481962691903
0.03377106469543464,2.833733300803339,50.682135628271574
0.07084334872227027,3.735603836813007,85.4778386891915
0.07218085491394031,6.954810336947521,75.27926840946498
0.25090536545476294,3.619420705252122,79.75115079145533
0.048344941429070865,1.384033085445167,87.30169083276526
0.17508499435365243,1.6784791187201746,97.79570259170069
0.08204453759112298,4.5986702116854845,55.64561021509818
0.032253088469950536,2.521107272263719,54.737566865451086
0.13957311552897972,2.7789092959558905,91.09094141656166
0.04858786043368419,2.2020216092544165,53.209977257068395
0.03455146658328835,2.7796436654471672,65.06932515198037
0.09321535711545635,3.049736904032049,58.37485851156927
0.18241303609520831,0.7624566496877101,52.58227974466666
0.09916278394629283,4.853202750580866,51.21490052479506
0.042979551379882366,4.614904536678997,71.4741109586279
0.03841050525352943,1.8281363965018382,98.25848963930862
0.028713596673350314,7.698988789486946,67.7277503555856
0.015171954292483844,7.6680727727506195,80.41597112131429
0.3034649423110196,6.504021213278287,58.21047791289684
0.023570514934876705,2.4403773953989694,64.10808216889609
0.2461665266636746,6.857496521147879,57.29110802149627
0.07190201535730031,5.787319642694122,67.87786280746262
0.06596854968552915,6.892727514740688,71.62954276714294
0.030152695241748823,3.0620723711903395,68.04348567660803
0.010536117755488482,2.948848117148562,95.45042801195014
0.06833329441178296,6.802396742538919,86.99334645342154
0.035732804149058696,2.5722896267755826,94.69419997029613
0.039573822878106915,1.5147524887873463,55.3434720531362
0.01783423329875121,4.778514435871896,75.44913627408557
0.0893425986353813,1.0347037958786172,64.52652656557497
0.038757998103883605,3.5113322487044285,64.13948521107403
0.039244365063695816,0.19993407202172575,64.12481962691903
0.03377106469543464,2.833733300803339,50.682135628271574
0.07084334872227027,3.735603836813007,85.4778386891915
0.09027904259795025,6.806077798598926,73.67117147684357
0.25090536545476294,3.619420705252122,79.75115079145533
0.03719954784978175,0.9702877621472474,94.48684671532271
0.16259031334681479,1.470622165093686,92.02918268730727
0.08204453759112298,4.5986702116854845,55.64561021509818
0.032653223412834775,2.4760750986202362,57.56574019859763
0.13431969860845322,2.945086926773281,87.85413095883436
0.04986621525905281,2.313761715564062,53.08476113965182
0.03235195908217963,3.9887238586604523,65.5120040200369
0.09321535711545635,3.049736904032049,58.37485851156927
0.1414703483879014,1.1949515798073662,55.55312990357987
0.09916278394629283,4.853202750580866,51.21490052479506
0.053071092577993494,4.296444739933105,76.54589617094466
0.03841050525352943,1.8281363965018382,98.25848963930862
0.028713596673350314,7.698988789486946,67.7277503555856
0.015171954292483844,7.6680727727506195,80.41597112131429
0.23116650857568366,5.6482518989988595,61.15275218319428
0.023570514934876705,2.4403773953989694,64.10808216889609
0.2461665266636746,6.857496521147879,57.29110802149627
0.1037182011132326,5.759538151184901,66.53439092288177
0.06596854968552915,6.892727514740688,71.62954276714294
0.030152695241748823,3.0620723711903395,68.04348567660803
0.013216574898112803,3.6208492828698366,88.10433915070095
0.04941947547016898,6.93645591907241,89.99484908837437
0.035732804149058696,2.5722896267755826,94.69419997029613
0.03937754776827044,1.995099401576414,57.4596598709687
0.019969131844810264,4.336534493648277,77.23713116135283
0.0893425986353813,1.0347037958786172,64.52652656557497
0.038757998103883605,3.5113322487044285,64.13948521107403
0.039244365063695816,0.19993407202172575,64.12481962691903
0.033816111432349236,2.8277298611619752,51.69276926762714
0.07091679488978361,3.7408201941361785,85.54861858367696
0.09096745842613366,6.99062007780374,75.17813293648041
0.17672334073306523,3.2346850619512373,74.646634257241
0.03517355392063694,1.188820705083314,89.97095824911537
0.16259031334681479,1.470622165093686,92.02918268730727
0.10979247083340395,7.450430602968556,50.148423572783756
0.032858000333147945,1.4478898039225157,52.16446541172963
0.18330296454192635,0.7400851806996025,97.1893477247468
0.0352072096614345,2.836566408243486,67.09177962699596
0.03235195908217963,3.9887238586604523,65.5120040200369
0.10239675994791378,3.5345378461505708,57.396690290752396
0.16380601709245352,0.9221541449972253,56.15498775724476
0.09916278394629283,4.853202750580866,51.21490052479506
0.09115086071804807,4.801502037041738,72.74871747643695
0.03841050525352943,1.8281363965018382,98.25848963930862
0.028713596673350314,7.698988789486946,67.7277503555856
0.015171954292483844,7.6680727727506195,80.41597112131429
0.25243922660626533,5.983066603973558,57.50180690123355
0.023570514934876705,2.4403773953989694,64.10808216889609
0.15110261288462695,6.895647992038086,73.09284737247782
0.11195570102982999,6.145723429588621,63.12238724212496
0.058288522008669776,6.794991505710203,75.39405277951535
0.030152695241748823,3.0620723711903395,68.04348567660803
0.013216574898112803,3.6208492828698366,88.10433915070095
0.05354916575049768,6.763504207074545,86.7753371266493
0.035732804149058696,2.5722896267755826,94.69419997029613
0.03761002316202621,0.6598086734700952,51.825748136060724
0.019969131844810264,4.336534493648277,77.23713116135283
0.0893425986353813,1.0347037958786172,64.52652656557497
0.04138585391140034,3.5122904848839003,63.86105281740665
0.039332760105297675,0.3366594550322377,64.11393202499431
0.033816111432349236,2.8277298611619752,51.69276926762714
0.07751770789984354,3.2757824908761,86.15639069401647
0.09096745842613366,6.99062007780374,75.17813293648041
0.26717119533663164,4.3580397021673924,88.78112928751733
0.03504533241864415,1.164229264363836,90.96255044950075
0.17633935093452235,0.20117148559636,99.8783711955141
0.10979247083340395,7.450430602968556,50.148423572783756
0.032858000333147945,1.4478898039225157,52.16446541172963
0.18330296454192635,0.7400851806996025,97.1893477247468
0.0352072096614345,2.836566408243486,67.09177962699596
0.03119701782213865,4.472596471624768,55.5429810406231
0.09529903745680073,3.2847466665276195,60.93397478971522
0.16380601709245352,0.9221541449972253,56.15498775724476
0.09916278394629283,4.853202750580866,51.21490052479506
0.08264601793905743,5.198042164159334,70.45338458557126
0.03841050525352943,1.8281363965018382,98.25848963930862
0.028713596673350314,7.698988789486946,67.7277503555856
0.015171954292483844,7.6680727727506195,80.41597112131429
0.46864593220693446,7.459158227801033,59.41604961511468
0.023570514934876705,2.4403773953989694,64.10808216889609
0.15110261288462695,6.895647992038086,73.09284737247782
0.11195570102982999,6.145723429588621,63.12238724212496
0.058288522008669776,6.794991505710203,75.39405277951535
0.030152695241748823,3.0620723711903395,68.04348567660803
0.013216574898112803,3.6208492828698366,88.10433915070095
0.05354916575049768,6.763504207074545,86.7753371266493
0.035732804149058696,2.5722896267755826,94.69419997029613
0.03078151393983062,2.4747739077449378,59.26409738501037
0.019969131844810264,4.336534493648277,77.23713116135283
0.0893425986353813,1.0347037958786172,64.52652656557497
0.043247098655289654,4.0097951556296625,67.36742442036709
0.039332760105297675,0.3366594550322377,64.11393202499431
0.033816111432349236,2.8277298611619752,51.69276926762714
0.040616850475441335,4.282302433542286,98.98637314077726
0.09096745842613366,6.99062007780374,75.17813293648041
0.28778477516335693,3.907364851599284,91.5673410665193
0.03504533241864415,1.164229264363836,90.96255044950075
0.17633935093452235,0.20117148559636,99.8783711955141
0.10988110262398243,7.396974187119559,50.67999235026002
0.032858000333147945,1.4478898039225157,52.16446541172963
0.18330296454192635,0.7400851806996025,97.1893477247468
0.02010135220908102,1.7112030181588755,64.90112762833108
0.03119701782213865,4.472596471624768,55.5429810406231
0.08940905401445262,1.6237369446696874,65.07576033888735
0.16380601709245352,0.9221541449972253,56.15498775724476
0.09916278394629283,4.853202750580866,51.21490052479506
0.07828646351848152,5.019925417448093,69.75683793387738
0.06312014537268829,3.2787548991056488,86.45349767130716
0.028713596673350314,7.698988789486946,67.7277503555856
0.011105845526976313,7.704415249426849,80.69695902421297
0.46864593220693446,7.459158227801033,59.41604961511468
0.023570514934876705,2.4403773953989694,64.10808216889609
0.1448304757837836,6.67653399287462,72.6509689741631
0.13505560023766505,7.117877055532244,56.626675929656784
0.025849821384784838,6.600801076665854,75.60838531033859
0.030535135174732116,1.8298134813521374,68.12739222593262
0.013216574898112803,3.6208492828698366,88.10433915070095
0.07802006242716142,5.455694745393931,89.38664512630294
0.035732804149058696,2.5722896267755826,94.69419997029613
0.03078151393983062,2.4747739077449378,59.26409738501037
0.019969131844810264,4.336534493648277,77.23713116135283
0.0893425986353813,1.0347037958786172,64.52652656557497
0.019105228326283585,2.782601349329542,73.41337389310031
0.039332760105297675,0.3366594550322377,64.11393202499431
0.033816111432349236,2.8277298611619752,51.69276926762714
0.040616850475441335,4.282302433542286,98.98637314077726
0.09454380884339335,7.012029474869085,75.15450288283154
0.2793449683295709,3.7851896929035997,90.41728690460056
0.03504533241864415,1.164229264363836,90.96255044950075
0.17633935093452235,0.20117148559636,99.8783711955141
0.10988110262398243,7.396974187119559,50.67999235026002
0.032858000333147945,1.4478898039225157,52.16446541172963
0.18330296454192635,0.7400851806996025,97.1893477247468
0.02010135220908102,1.7112030181588755,64.90112762833108
0.03119701782213865,4.472596471624768,55.5429810406231
0.06405564475236418,2.0386312400286393,54.92550355041033
0.12831320300378152,2.2157371329656277,63.270294865720565
0.09916278394629283,4.853202750580866,51.21490052479506
0.06950353008561463,4.359134166090907,75.05997383330975
0.06312014537268829,3.2787548991056488,86.45349767130716
0.028713596673350314,7.698988789486946,67.7277503555856
0.011105845526976313,7.704415249426849,80.69695902421297
0.46864593220693446,7.459158227801033,59.41604961511468
0.023570514934876705,2.4403773953989694,64.10808216889609
0.18107008360081306,7.942546720153373,75.20408597404331
0.14643768570519441,7.693737405204494,55.37426918095736
0.025849821384784838,6.600801076665854,75.60838531033859
0.03025786378931651,2.2966601178818267,69.88809339648023
0.013216574898112803,3.6208492828698366,88.10433915070095
0.10139195977606011,7.240339465432843,99.8503670956003
0.035732804149058696,2.5722896267755826,94.69419997029613
0.03078151393983062,2.4747739077449378,59.26409738501037
0.0212636578215787,3.6549561782260485,72.51786232880907
0.055681783998282594,1.357214416665558,50.84817814773819
0.019105228326283585,2.782601349329542,73.41337389310031
0.039332760105297675,0.3366594550322377,64.11393202499431
0.033816111432349236,2.8277298611619752,51.69276926762714
0.040616850475441335,4.282302433542286,98.98637314077726
0.09454380884339335,7.012029474869085,75.15450288283154
0.2793449683295709,3.7851896929035997,90.41728690460056
0.03504533241864415,1.164229264363836,90.96255044950075
0.17633935093452235,0.20117148559636,99.8783711955141
0.10839632607702308,7.359708363774056,53.04932684674485
0.03536125238957162,2.3623615508599665,67.27070340562051
0.18330296454192635,0.7400851806996025,97.1893477247468
0.02010135220908102,1.7112030181588755,64.90112762833108
0.029010284743042097,4.3690092707672665,59.503005784200084
0.06405564475236418,2.0386312400286393,54.92550355041033
0.1934039475697676,3.590315199446488,62.65315958237172
0.08542754825295056,4.062951124971074,59.729639132845776
0.02813748726571838,5.866774815201026,83.35269747563888
0.06312014537268829,3.2787548991056488,86.45349767130716
0.028713596673350314,7.698988789486946,67.7277503555856
0.011105845526976313,7.704415249426849,80.69695902421297
0.4598675797885575,7.3558970706009665,59.57518498802116
0.013032222127248059,3.846877256335594,64.10417108289413
0.18107008360081306,7.942546720153373,75.20408597404331
0.14643768570519441,7.693737405204494,55.37426918095736
0.025849821384784838,6.600801076665854,75.60838531033859
0.03804168343674186,2.6582536849485185,68.91569570964383
0.013216574898112803,3.6208492828698366,88.10433915070095
0.10139195977606011,7.240339465432843,99.8503670956003
0.03572474248704732,2.563432319786396,94.59076507299584
0.03113837224679409,2.3899438015386294,61.334572529393924
0.0240687046193573,4.5575469153592145,76.93930162695533
0.055681783998282594,1.357214416665558,50.84817814773819
0.019041453821851833,2.7464977929963097,73.3926186356456
0.039332760105297675,0.3366594550322377,64.11393202499431
0.033816111432349236,2.8277298611619752,51.69276926762714
0.037469148194969916,3.703820788092808,86.27365125991096
0.08631327412586073,6.725379257859057,75.36294312834889
0.2793449683295709,3.7851896929035997,90.41728690460056
0.03477912486088832,1.5244870505034844,82.4580482822034
0.17633935093452235,0.20117148559636,99.8783711955141
0.10839632607702308,7.359708363774056,53.04932684674485
0.03536125238957162,2.3623615508599665,67.27070340562051
0.18330296454192635,0.7400851806996025,97.1893477247468
0.02010135220908102,1.7112030181588755,64.90112762833108
0.029010284743042097,4.3690092707672665,59.503005784200084
0.06405564475236418,2.0386312400286393,54.92550355041033
0.1934039475697676,3.590315199446488,62.65315958237172
0.08542754825295056,4.062951124971074,59.729639132845776
0.030014405717792007,4.9396356815390865,80.12726524304772
0.06312014537268829,3.2787548991056488,86.45349767130716
0.028713596673350314,7.698988789486946,67.7277503555856
0.011105845526976313,7.704415249426849,80.69695902421297
0.4598675797885575,7.3558970706009665,59.57518498802116
0.013032222127248059,3.846877256335594,64.10417108289413
0.1752410640514419,7.902273109347686,73.39863414163308
0.12903090813227397,6.757429056283842,61.882686769336026
0.025849821384784838,6.600801076665854,75.60838531033859
0.03804168343674186,2.6582536849485185,68.91569570964383
0.013672085822172471,3.7407198697507105,87.505400920771
0.10139195977606011,7.240339465432843,99.8503670956003
0.03572474248704732,2.563432319786396,94.59076507299584
0.03113837224679409,2.3899438015386294,61.334572529393924
0.0240687046193573,4.5575469153592145,76.93930162695533
0.055681783998282594,1.357214416665558,50.84817814773819
0.018372379965160147,2.6127715870255286,72.98197471577777
0.039332760105297675,0.3366594550322377,64.11393202499431
0.033816111432349236,2.8277298611619752,51.69276926762714
0.04315707488964769,3.341449826130045,90.23569148306953
0.08631327412586073,6.725379257859057,75.36294312834889
0.31552301123434934,4.932249493276311,87.8663206893732
0.03477912486088832,1.5244870505034844,82.4580482822034
0.17633935093452235,0.20117148559636,99.8783711955141
0.10898717817649782,7.444514614717185,52.877481545718304
0.03536125238957162,2.3623615508599665,67.27070340562051
0.18330296454192635,0.7400851806996025,97.1893477247468
0.024953006205371827,0.41147654197652894,65.50003290946283
0.03072919586246744,4.881812875853667,58.46147902142371
0.06405564475236418,2.0386312400286393,54.92550355041033
0.18746714681992815,3.6374482935083488,62.50018456912505
0.10667458039071522,4.158364876113213,51.505143277519664
0.04091884915673036,7.119080947152213,86.81986480131474
0.06241712368059747,3.1742820737926425,86.78967053112235
0.029549632096759704,7.69832351248221,67.71194200472752
0.011105845526976313,7.704415249426849,80.69695902421297
0.4598675797885575,7.3558970706009665,59.57518498802116
0.011934503789104572,3.899048467674956,63.89298305481744
0.1752410640514419,7.902273109347686,73.39863414163308
0.12903090813227397,6.757429056283842,61.882686769336026
0.025849821384784838,6.600801076665854,75.60838531033859
0.04335902487627922,3.5710182826648458,70.30332602780605
0.02158760194129914,3.3181477180048127,90.04860081768629
0.10139195977606011,7.240339465432843,99.8503670956003
0.03572474248704732,2.563432319786396,94.59076507299584
0.02936331800760176,1.8221703387119386,62.529961461320234
0.0240687046193573,4.5575469153592145,76.93930162695533
0.055681783998282594,1.357214416665558,50.84817814773819
0.018372379965160147,2.6127715870255286,72.98197471577777
0.039332760105297675,0.3366594550322377,64.11393202499431
0.023369810009066266,3.1003254056044485,50.57601536861833
0.0289072134297996,3.605953379505062,89.52865228035611
0.08631327412586073,6.725379257859057,75.36294312834889
0.31552301123434934,4.932249493276311,87.8663206893732
0.038351333193297976,1.9291132871699204,88.6230017027105
0.17633935093452235,0.20117148559636,99.8783711955141
0.03694223270120611,7.462710119808592,51.502267435458926
0.03536125238957162,2.3623615508599665,67.27070340562051
0.18227796392621262,1.6506951597469293,94.16456515645004
0.024953006205371827,0.41147654197652894,65.50003290946283
0.03072919586246744,4.881812875853667,58.46147902142371
0.06830118684693451,1.531669673000657,52.62716163787063
0.15183464039970201,3.02091208253187,59.3496814728101
0.10667458039071522,4.158364876113213,51.505143277519664
0.04091884915673036,7.119080947152213,86.81986480131474
0.06468890623634027,3.22627135887248,86.12572113045177
0.029549632096759704,7.69832351248221,67.71194200472752
0.04607736588659239,7.746571894653481,79.1419392087418
0.4598675797885575,7.3558970706009665,59.57518498802116
0.011934503789104572,3.899048467674956,63.89298305481744
0.1752410640514419,7.902273109347686,73.39863414163308
0.12903090813227397,6.757429056283842,61.882686769336026
0.024441244231422403,6.552354873256908,74.56039242683077
0.04759762031441759,2.3042010229766756,71.0987142591391
0.02158760194129914,3.3181477180048127,90.04860081768629
0.10139195977606011,7.240339465432843,99.8503670956003
0.03571300525864679,2.566266848724197,94.61743272302243
0.02961213913244511,2.1634108380215347,67.25979888811824
0.0240687046193573,4.5575469153592145,76.93930162695533
0.055681783998282594,1.357214416665558,50.84817814773819
0.023447464357762203,1.598778222905191,80.14697734422096
0.03864402768811029,0.33734055333652074,63.93414411486401
0.023310767893843967,3.086804675167996,50.45407629740771
0.030660901621824624,3.601714100087196,87.1957109904849
0.08631327412586073,6.725379257859057,75.36294312834889
0.2523012645011902,4.921053003462767,81.33870192689325
0.038351333193297976,1.9291132871699204,88.6230017027105
0.17633935093452235,0.20117148559636,99.8783711955141
0.03694223270120611,7.462710119808592,51.502267435458926
0.0373820785283911,1.8295255668145833,58.70432652584341
0.18227796392621262,1.6506951597469293,94.16456515645004
0.024953006205371827,0.41147654197652894,65.50003290946283
0.032115298984245436,4.949295294750718,54.616091847665075
0.06830118684693451,1.531669673000657,52.62716163787063
0.15183464039970201,3.02091208253187,59.3496814728101
0.10667458039071522,4.158364876113213,51.505143277519664
0.04091884915673036,7.119080947152213,86.81986480131474
0.06468890623634027,3.22627135887248,86.12572113045177
0.029549632096759704,7.69832351248221,67.71194200472752
0.04607736588659239,7.746571894653481,79.1419392087418
0.4598675797885575,7.3558970706009665,59.57518498802116
0.011934503789104572,3.899048467674956,63.89298305481744
0.1477807853465434,6.820133984120333,72.24107476887289
0.10834445866794211,6.24492789334311,56.72745501102652
0.024441244231422403,6.552354873256908,74.56039242683077
0.04759762031441759,2.3042010229766756,71.0987142591391
0.016625284520455703,3.3287255802051106,90.50024780448238
0.10139195977606011,7.240339465432843,99.8503670956003
0.03571300525864679,2.566266848724197,94.61743272302243
0.02961213913244511,2.1634108380215347,67.25979888811824
0.0240687046193573,4.5575469153592145,76.93930162695533
0.054363572459980754,1.114350629148285,51.36230645920888
0.023447464357762203,1.598778222905191,80.14697734422096
0.03864402768811029,0.33734055333652074,63.93414411486401
0.023310767893843967,3.086804675167996,50.45407629740771
0.030660901621824624,3.601714100087196,87.1957109904849
0.06272168232220438,4.364901848729116,67.33119000845895
0.22564862363006633,5.166159594943766,76.78209398020836
0.038351333193297976,1.9291132871699204,88.6230017027105
0.17633935093452235,0.20117148559636,99.8783711955141
0.03694223270120611,7.462710119808592,51.502267435458926
0.0373820785283911,1.8295255668145833,58.70432652584341
0.1770495694136554,1.7207504362791206,93.80713183043697
0.024953006205371827,0.41147654197652894,65.50003290946283
0.028307203998935156,7.205015200377326,51.66013254725204
0.049728106392184585,0.260324690653583,53.170228991419364
0.14764047655375193,2.977253206146103,59.32603216044769
0.10667458039071522,4.158364876113213,51.505143277519664
0.04139516613877718,7.077921229514482,91.05018763445597
0.06468890623634027,3.22627135887248,86.12572113045177
0.04058346132883482,7.494801025460302,66.17375785020114
0.04379483814950112,7.415836740836898,78.91350271666529
0.38229777655414743,6.341236096744304,59.415292354180096
0.011934503789104572,3.899048467674956,63.89298305481744
0.08705358769587537,5.514324686449731,68.50923750609881
0.1210335761340951,6.93936400869149,53.22705935742606
0.02616901889177431,5.732688766318162,78.07039014365739
0.04759762031441759,2.3042010229766756,71.0987142591391
0.014082167577795075,2.8865042403273,93.08246051845482
0.08394513200416076,5.998728046124301,98.460300743131
0.014069617964457465,2.2821607648474376,96.562903644653
0.024438117458797228,0.24726177304353847,63.00838552070041
0.0240687046193573,4.5575469153592145,76.93930162695533
0.054363572459980754,1.114350629148285,51.36230645920888
0.023447464357762203,1.598778222905191,80.14697734422096
0.03864402768811029,0.33734055333652074,63.93414411486401
0.024941180534160813,2.79444929095883,51.88743575630943
0.029778897922259476,4.020141662036096,85.40390848131061
0.06272168232220438,4.364901848729116,67.33119000845895
0.246549700630315,5.3338552601575335,75.6658400502625
0.04611533836918046,1.3501419540255184,95.89124687491247
0.17633935093452235,0.20117148559636,99.8783711955141
0.03694223270120611,7.462710119808592,51.502267435458926
0.035444219868304774,1.5926426235783775,59.34869326581289
0.20207767303046165,3.0218870000146287,87.27416387097382
0.024953006205371827,0.41147654197652894,65.50003290946283
0.028307203998935156,7.205015200377326,51.66013254725204
0.049728106392184585,0.260324690653583,53.170228991419364
0.14764047655375193,2.977253206146103,59.32603216044769
0.10667458039071522,4.158364876113213,51.505143277519664
0.045202110864180176,7.488699261242839,94.55947658064606
0.05048828173774591,2.911013588156644,97.83528244906196
0.04058346132883482,7.494801025460302,66.17375785020114
0.043873780222087884,7.419924021372322,79.79117595766368
0.38229777655414743,6.341236096744304,59.415292354180096
0.011934503789104572,3.899048467674956,63.89298305481744
0.11339576945628956,7.6788801558387085,69.7856992160585
0.057786488107821,7.084159386845379,51.729005982935654
0.0244577307659979,6.54453356766509,74.59388504600518
0.04828246791416948,2.3614432356972177,71.26803679498084
0.014082167577795075,2.8865042403273,93.08246051845482
0.08394513200416076,5.998728046124301,98.460300743131
0.014069617964457465,2.2821607648474376,96.562903644653
0.024438117458797228,0.24726177304353847,63.00838552070041
0.0240687046193573,4.5575469153592145,76.93930162695533
0.05472492540893161,1.1038778016079533,50.95695113254035
0.023447464357762203,1.598778222905191,80.14697734422096
0.04737395910466857,0.39269649754221514,64.50304881050691
0.024941180534160813,2.79444929095883,51.88743575630943
0.0193317849848479,2.366170104414337,82.31096190293334
0.08675210534101771,4.616390400082176,54.14787603202185
0.2109814761593086,5.638808868195222,71.75349297656416
0.04611533836918046,1.3501419540255184,95.89124687491247
0.1378134802813648,0.8305015679762782,91.26607947601875
0.03694223270120611,7.462710119808592,51.502267435458926
0.035444219868304774,1.5926426235783775,59.34869326581289
0.1950910813174237,2.9189206972366737,86.41529443363837
0.024953006205371827,0.41147654197652894,65.50003290946283
0.028307203998935156,7.205015200377326,51.66013254725204
0.049728106392184585,0.260324690653583,53.170228991419364
0.1373043367380986,2.7610923686841264,59.84617765519593
0.10437081510909649,4.10722065305404,53.40478373568895
0.05019873284668412,7.25297989961121,91.44935461929177
0.05944607016167982,3.737722994683211,98.00262580609575
0.038534756141983526,7.581251442836814,66.30479990390738
0.043873780222087884,7.419924021372322,79.79117595766368
0.38229777655414743,6.341236096744304,59.415292354180096
0.011934503789104572,3.899048467674956,63.89298305481744
0.11339576945628956,7.6788801558387085,69.7856992160585
0.057786488107821,7.084159386845379,51.729005982935654
0.0244577307659979,6.54453356766509,74.59388504600518
0.05575589898913464,2.3787616433194905,65.7426437268995
0.015232680947232919,2.6245601020472993,90.1632789527203
0.08394513200416076,5.998728046124301,98.460300743131
0.04108406113551308,1.9288478273465177,95.61611568384893
0.024438117458797228,0.24726177304353847,63.00838552070041
0.02154901407339127,5.214276843648442,80.83564290164728
0.05472492540893161,1.1038778016079533,50.95695113254035
0.02521314989937417,1.5978751838284209,77.08588057890707
0.04737395910466857,0.39269649754221514,64.50304881050691
0.024941180534160813,2.79444929095883,51.88743575630943
0.0193317849848479,2.366170104414337,82.31096190293334
0.08675210534101771,4.616390400082176,54.14787603202185
0.12452147540321828,6.058642589825942,73.07010979633488
0.04611533836918046,1.3501419540255184,95.89124687491247
0.18494336157080657,0.04735977661077673,90.57421077248777
0.03694223270120611,7.462710119808592,51.502267435458926
0.03838091807577787,0.8272241850766413,54.80750924803331
0.2947188770267426,0.1582765237434236,75.61852284336331
0.024953006205371827,0.41147654197652894,65.50003290946283
0.028307203998935156,7.205015200377326,51.66013254725204
0.049728106392184585,0.260324690653583,53.170228991419364
0.13805618962573424,2.7303610533655647,59.993230881793934
0.11321298125260432,3.6616847234418586,57.48381888787386
0.05019873284668412,7.25297989961121,91.44935461929177
0.05944607016167982,3.737722994683211,98.00262580609575
0.03383867968441921,6.9311859293884295,65.87901160029595
0.043873780222087884,7.419924021372322,79.79117595766368
0.38229777655414743,6.341236096744304,59.415292354180096
0.011934503789104572,3.899048467674956,63.89298305481744
0.11303071124061907,7.675449262112483,69.7677728638719
0.05953446550983051,7.076993228054853,51.7330898408994
0.0244577307659979,6.54453356766509,74.59388504600518
0.04522240339770191,1.8150783042369971,64.62022411575578
0.015232680947232919,2.6245601020472993,90.1632789527203
0.07067139181621376,6.412160365706247,85.19923082815623
0.052383069325255785,1.62476894907013,97.99941771390009
0.03440642735419365,0.9461871605422187,61.59097817098641
0.022240453613283726,5.0979896639883595,81.35879512479879
0.05472492540893161,1.1038778016079533,50.95695113254035
0.02521314989937417,1.5978751838284209,77.08588057890707
0.04136386449625913,0.7195454793424025,67.91555999948089
0.024941180534160813,2.79444929095883,51.88743575630943
0.024160222374272948,2.5312598530601145,84.19972089136671
0.08675210534101771,4.616390400082176,54.14787603202185
0.14119349753710897,5.949193248402401,69.31492575877536
0.04611533836918046,1.3501419540255184,95.89124687491247
0.14414697144241786,0.006139265197085048,96.1322632841146
0.03694223270120611,7.462710119808592,51.502267435458926
0.03838091807577787,0.8272241850766413,54.80750924803331
0.2947188770267426,0.1582765237434236,75.61852284336331
0.024953006205371827,0.41147654197652894,65.50003290946283
0.028307203998935156,7.205015200377326,51.66013254725204
0.049728106392184585,0.260324690653583,53.170228991419364
0.10542766353110747,2.4029031540073555,64.9355646581703
0.11321298125260432,3.6616847234418586,57.48381888787386
0.05019873284668412,7.25297989961121,91.44935461929177
0.06036936043916029,3.8918332844999766,99.53889277767907
0.03381308083892182,6.93245317046464,65.81320874609918
0.05447507244550372,6.5558533657664615,77.23262614606584
0.28212659748426305,5.680704039968365,60.62636156642796
0.011934503789104572,3.899048467674956,63.89298305481744
0.11303071124061907,7.675449262112483,69.7677728638719
0.04984716277817232,7.022555906244905,57.036007085735086
0.0244577307659979,6.54453356766509,74.59388504600518
0.04522240339770191,1.8150783042369971,64.62022411575578
0.015232680947232919,2.6245601020472993,90.1632789527203
0.07067139181621376,6.412160365706247,85.19923082815623
0.052383069325255785,1.62476894907013,97.99941771390009
0.03452226553647985,1.2438685954824216,61.13011554421121
0.024831245314053403,5.168290646660617,81.56423754067576
0.05472492540893161,1.1038778016079533,50.95695113254035
0.021132711111923524,1.5938362184891153,73.94503916635857
0.04116114415204509,0.7137142073220529,68.17286404512271
0.024941180534160813,2.79444929095883,51.88743575630943
0.024160222374272948,2.5312598530601145,84.19972089136671
0.08675210534101771,4.616390400082176,54.14787603202185
0.14119349753710897,5.949193248402401,69.31492575877536
0.04611533836918046,1.3501419540255184,95.89124687491247
0.14414697144241786,0.006139265197085048,96.1322632841146
0.03694223270120611,7.462710119808592,51.502267435458926
0.03838091807577787,0.8272241850766413,54.80750924803331
0.2752014562200316,0.7053916924113528,74.13740943342162
0.024953006205371827,0.41147654197652894,65.50003290946283
0.028307203998935156,7.205015200377326,51.66013254725204
0.0594501057146908,0.6342979758843497,55.2237926327949
0.11069152503167565,2.3772958152437367,65.7889196666574
0.12700529693382498,4.438329820894128,58.06360550170396
0.05019873284668412,7.25297989961121,91.44935461929177
0.06036936043916029,3.8918332844999766,99.53889277767907
0.033971937910135475,6.72012975668754,65.43046017204455
0.05447507244550372,6.5558533657664615,77.23262614606584
0.2058247276930382,4.280643781642707,72.0274137751211
0.036052174241192,3.5800113725652487,64.89301251632996
0.11303071124061907,7.675449262112483,69.7677728638719
0.04984716277817232,7.022555906244905,57.036007085735086
0.030012211063908514,6.61545416794009,74.29123580819562
0.04522240339770191,1.8150783042369971,64.62022411575578
0.015232680947232919,2.6245601020472993,90.1632789527203
0.06631682140812864,5.524953632153874,83.52474346842891
0.052383069325255785,1.62476894907013,97.99941771390009
0.03452226553647985,1.2438685954824216,61.13011554421121
0.0229526795244664,4.067552284589372,97.72577273187287
0.054852417651270316,1.0912078544176735,51.07207672677603
0.021132711111923524,1.5938362184891153,73.94503916635857
0.042445100835239696,0.6612933283901673,74.34521699205646
0.024941180534160813,2.79444929095883,51.88743575630943
0.024160222374272948,2.5312598530601145,84.19972089136671
0.09704667152265592,5.422817212798298,54.007490025769805
0.11340001542376352,4.604787224902746,77.08378153011259
0.04611533836918046,1.3501419540255184,95.89124687491247
0.14414697144241786,0.006139265197085048,96.1322632841146
0.04304854039961263,7.257656062859441,51.94712848351606
0.03838091807577787,0.8272241850766413,54.80750924803331
0.3626717426592267,0.7342146301778071,81.80540073580302
0.024953006205371827,0.41147654197652894,65.50003290946283
0.028307203998935156,7.205015200377326,51.66013254725204
0.0594501057146908,0.6342979758843497,55.2237926327949
0.07661482281481775,2.4379280547645745,73.03923685409328
0.10313234852849401,5.107531579045197,56.51474295622996
0.05099319199611343,7.468275542139076,92.26595524033004
0.058581365506310455,4.423824448721527,92.31654753221292
0.021333638154173995,6.567412812524912,64.73709932636704
0.0544055408391835,7.562797602947614,82.05310616156548
0.14721085913174534,4.24053609931888,71.01359322828361
0.038309198019761896,4.166018014510177,69.12996492784804
0.11104330647802896,7.582107196690814,69.7508087731431
0.06250039604888162,7.4987455838425365,58.93887029923242
0.028233852026004536,6.527847793892683,77.33932121486843
0.045037385755694076,2.278296503465592,63.541616000673244
0.023310085017004246,2.9598271419643725,90.56450959130176
0.08225670461836643,6.060668309339121,78.30469902406392
0.052383069325255785,1.62476894907013,97.99941771390009
0.034307888954234624,1.2596319541728875,60.772540487355435
0.0229526795244664,4.067552284589372,97.72577273187287
0.054852417651270316,1.0912078544176735,51.07207672677603
0.021132711111923524,1.5938362184891153,73.94503916635857
0.042445100835239696,0.6612933283901673,74.34521699205646
0.024941180534160813,2.79444929095883,51.88743575630943
0.023869942657896923,2.433433158481016,96.21009666593126
0.11110581113196086,4.945092243117305,54.543932861211324
0.120107255208164,4.2763750385821595,90.52027837567883
0.045920002470688975,1.7264137488261486,93.09228067805884
0.1439675019146109,0.008320100859258162,96.04169862970966
0.04304854039961263,7.257656062859441,51.94712848351606
0.03836934249664036,0.825843561195865,54.74872645980126
0.3626717426592267,0.7342146301778071,81.80540073580302
0.021199924440615504,0.3261542205564968,67.31108191121076
0.027807598705411364,6.193122615506873,53.72157552359386
0.0594501057146908,0.6342979758843497,55.2237926327949
0.08024186284438545,2.6265138815480435,72.90060996561452
0.13624807157541374,6.720273213185496,52.50923248648921
0.05099319199611343,7.468275542139076,92.26595524033004
0.05841580828987162,5.146000593456289,99.38537339287451
0.021333638154173995,6.567412812524912,64.73709932636704
0.0544055408391835,7.562797602947614,82.05310616156548
0.1576962062710828,4.49324383248114,70.71814269676072
0.02273312445220864,3.4344594989411235,68.99701067002789
0.11104330647802896,7.582107196690814,69.7508087731431
0.03933880879137479,7.7432367574530785,60.9581965514943
0.028233852026004536,6.527847793892683,77.33932121486843
0.04533778019919654,2.2714038773907443,63.640300249860324
0.022854776496599054,2.980735328204097,90.44807238689381
0.08225670461836643,6.060668309339121,78.30469902406392
0.05491998832408813,1.5082712941273282,98.64819045325176
0.034307888954234624,1.2596319541728875,60.772540487355435
0.0229526795244664,4.067552284589372,97.72577273187287
0.054852417651270316,1.0912078544176735,51.07207672677603
0.021132711111923524,1.5938362184891153,73.94503916635857
0.042445100835239696,0.6612933283901673,74.34521699205646
0.024941180534160813,2.79444929095883,51.88743575630943
0.023869942657896923,2.433433158481016,96.21009666593126
0.1449508095131805,3.625499763711825,51.51899469834796
0.120107255208164,4.2763750385821595,90.52027837567883
0.04552239468086497,2.1478815135448395,93.36712277190212
0.13214903684504525,0.07655819413217357,89.83891426601625
0.04304854039961263,7.257656062859441,51.94712848351606
0.04019397007363338,0.7521780325666386,63.52164528052884
0.35483194787625366,0.7721911774950836,81.35662853720858
0.039314212145005335,1.031913175111974,69.02597004067574
0.027807598705411364,6.193122615506873,53.72157552359386
0.06180587779871019,0.48270933303736596,52.92012282760825
0.08024186284438545,2.6265138815480435,72.90060996561452
0.13624807157541374,6.720273213185496,52.50923248648921
0.04003786852581873,7.961527619753463,97.15824228909852
0.05841580828987162,5.146000593456289,99.38537339287451
0.010275497382140161,6.659391965527271,62.27444542361385
0.0544055408391835,7.562797602947614,82.05310616156548
0.09536837082603287,5.409067161534661,67.14824143828163
0.021088445633736647,3.9111734924297776,81.74114143901349
0.09966127578968387,6.9805403917340865,73.1329600188983
0.0386690043997178,7.51699961649207,61.435983959336895
0.027736077376447656,6.199601303414026,78.55239286353972
0.045443471010855566,2.27725829921053,67.87645200769639
0.022854776496599054,2.980735328204097,90.44807238689381
0.13144757927805892,5.935316936044944,78.08121889868737
0.05491998832408813,1.5082712941273282,98.64819045325176
0.03073151438218793,1.6191808669869376,57.28085401835578
0.02792143133733413,3.6039523414065124,90.45892196084648
0.054852417651270316,1.0912078544176735,51.07207672677603
0.021132711111923524,1.5938362184891153,73.94503916635857
0.04670038911821472,0.013758550465887254,72.87158779572567
0.024941180534160813,2.79444929095883,51.88743575630943
0.023869942657896923,2.433433158481016,96.21009666593126
0.13142670380062743,3.1143028796635766,51.74689800581619
0.1207014389171783,4.24836493101259,90.71204040116592
0.0461699508168306,2.317499443743085,96.99420272610345
0.13214903684504525,0.07655819413217357,89.83891426601625
0.04304854039961263,7.257656062859441,51.94712848351606
0.04019397007363338,0.7521780325666386,63.52164528052884
0.3312957757971121,0.9935576682919591,81.38374505562084
0.039314212145005335,1.031913175111974,69.02597004067574
0.0768236337161291,4.736716136941839,52.78747305033542
0.09396147858176512,1.6981570139690143,52.378248346008775
0.11563401405948354,0.21911944758030444,85.84610082503579
0.13624807157541374,6.720273213185496,52.50923248648921
0.04003786852581873,7.961527619753463,97.15824228909852
0.05841580828987162,5.146000593456289,99.38537339287451
0.010275497382140161,6.659391965527271,62.27444542361385
0.0544055408391835,7.562797602947614,82.05310616156548
0.11265746955846906,6.86832027237584,68.28464850712206
0.021088445633736647,3.9111734924297776,81.74114143901349
0.09966127578968387,6.9805403917340865,73.1329600188983
0.0386690043997178,7.51699961649207,61.435983959336895
0.019660566657396752,7.7209307172067305,86.73629914573783
0.07781079030476472,2.707592502079396,73.14680715364
0.022854776496599054,2.980735328204097,90.44807238689381
0.13144757927805892,5.935316936044944,78.08121889868737
0.05491998832408813,1.5082712941273282,98.64819045325176
0.025297098487175637,1.5384906684024875,57.579515937465665
0.02792143133733413,3.6039523414065124,90.45892196084648
0.054852417651270316,1.0912078544176735,51.07207672677603
0.020327106455170215,1.3467313633487827,67.39212842304862
0.04670038911821472,0.013758550465887254,72.87158779572567
0.024941180534160813,2.79444929095883,51.88743575630943
0.023869942657896923,2.433433158481016,96.21009666593126
0.13142670380062743,3.1143028796635766,51.74689800581619
0.15572975260613178,3.743550847157354,85.83431458057957
0.0461699508168306,2.317499443743085,96.99420272610345
0.1258990521539725,0.6783947991553667,89.21299462050946
0.04304854039961263,7.257656062859441,51.94712848351606
0.03762081701689733,0.48267650647638227,63.10576324920936
0.27643254829612085,2.2166073502623744,77.64383243609284
0.039314212145005335,1.031913175111974,69.02597004067574
0.07398483471479947,4.5663784921986945,53.521317820923144
0.09396147858176512,1.6981570139690143,52.378248346008775
0.14882764811259178,0.10697923417084404,95.52182842435565
0.13624807157541374,6.720273213185496,52.50923248648921
0.04003786852581873,7.961527619753463,97.15824228909852
0.05841580828987162,5.146000593456289,99.38537339287451
0.010275497382140161,6.659391965527271,62.27444542361385
0.07151254154845824,7.913002580541988,89.72029922929948
0.1212521086367487,7.141223344876348,63.356711212903114
0.021088445633736647,3.9111734924297776,81.74114143901349
0.08619380663959178,5.667630572287395,65.04739340112685
0.0386690043997178,7.51699961649207,61.435983959336895
0.019660566657396752,7.7209307172067305,86.73629914573783
0.07774392862689129,2.715998596821035,73.23726119801091
0.028850911769971264,4.250681604770042,79.01598528783069
0.13144757927805892,5.935316936044944,78.08121889868737
0.05491998832408813,1.5082712941273282,98.64819045325176
0.013747131752400318,2.5280149275731962,52.400237259131345
0.02792143133733413,3.6039523414065124,90.45892196084648
0.054852417651270316,1.0912078544176735,51.07207672677603
0.020327106455170215,1.3467313633487827,67.39212842304862
0.04670038911821472,0.013758550465887254,72.87158779572567
0.024941180534160813,2.79444929095883,51.88743575630943
0.022643712831228,2.563394575588594,97.46361467033672
0.13061715549802647,2.5088300555412832,51.6188956185952
0.16516781097932426,3.2762885340305976,85.39881987004075
0.0461699508168306,2.317499443743085,96.99420272610345
0.1258990521539725,0.6783947991553667,89.21299462050946
0.04304854039961263,7.257656062859441,51.94712848351606
0.03762081701689733,0.48267650647638227,63.10576324920936
0.2900113551082738,1.7803649778564727,80.07846631995997
0.039314212145005335,1.031913175111974,69.02597004067574
0.07257077327805768,4.339555187694018,56.86842951762291
0.09396147858176512,1.6981570139690143,52.378248346008775
0.14882764811259178,0.10697923417084404,95.52182842435565
0.13624807157541374,6.720273213185496,52.50923248648921
0.04003786852581873,7.961527619753463,97.15824228909852
0.05841580828987162,5.146000593456289,99.38537339287451
0.010275497382140161,6.659391965527271,62.27444542361385
0.07151254154845824,7.913002580541988,89.72029922929948
0.12113886687682238,7.144402142660049,63.438625764623914
0.019693109058818745,4.123504337976486,82.22435399214037
0.08246652864258422,5.804991343054844,63.91567413183804
0.0386690043997178,7.51699961649207,61.435983959336895
0.019660566657396752,7.7209307172067305,86.73629914573783
0.062282341924352294,2.7765803799386473,79.5590662693749
0.02925632780694157,4.532768678084396,74.02486350152907
0.13144757927805892,5.935316936044944,78.08121889868737
0.05491998832408813,1.5082712941273282,98.64819045325176
0.013747131752400318,2.5280149275731962,52.400237259131345
0.027456182148933594,3.47758021298446,84.43749831658289
0.05553841807718851,0.9989706336070951,50.456919427389586
0.020327106455170215,1.3467313633487827,67.39212842304862
0.04670038911821472,0.013758550465887254,72.87158779572567
0.024941180534160813,2.79444929095883,51.88743575630943
0.019420230895136267,2.602502329749944,99.50142197401624
0.2058727535559825,2.305430499629418,51.427658692007476
0.15820684880562175,3.2441082379429984,86.07236573433467
0.0461699508168306,2.317499443743085,96.99420272610345
0.1258990521539725,0.6783947991553667,89.21299462050946
0.0421565038170043,7.081910632285464,53.742439715814875
0.04417294579386774,0.7140639347911526,58.53008479485865
0.28756677392970154,1.844421962509358,80.04767471305334
0.039267534037535946,1.5010823133778777,68.47686599072662
0.07282815369327507,4.359268117006548,56.47724518294981
0.1066398716453521,0.3639144288563019,50.30133762586759
0.14882764811259178,0.10697923417084404,95.52182842435565
0.09014157773389657,6.697990419583841,56.08334163707194
0.04003786852581873,7.961527619753463,97.15824228909852
0.05841580828987162,5.146000593456289,99.38537339287451
0.010275497382140161,6.659391965527271,62.27444542361385
0.07151254154845824,7.913002580541988,89.72029922929948
0.12113886687682238,7.144402142660049,63.438625764623914
0.019693109058818745,4.123504337976486,82.22435399214037
0.08246652864258422,5.804991343054844,63.91567413183804
0.0386690043997178,7.51699961649207,61.435983959336895
0.019660566657396752,7.7209307172067305,86.73629914573783
0.062282341924352294,2.7765803799386473,79.5590662693749
0.02925632780694157,4.532768678084396,74.02486350152907
0.20231214798365035,6.701210483921075,57.40926066133268
0.05491998832408813,1.5082712941273282,98.64819045325176
0.013747131752400318,2.5280149275731962,52.400237259131345
0.027456182148933594,3.47758021298446,84.43749831658289
0.05553841807718851,0.9989706336070951,50.456919427389586
0.02144558864855779,1.6810406900407213,70.06638011072546
0.04670038911821472,0.013758550465887254,72.87158779572567
0.024941180534160813,2.79444929095883,51.88743575630943
0.019420230895136267,2.602502329749944,99.50142197401624
0.24450985483055435,3.0613750172967387,51.866200637602915
0.1471838256865626,3.6168116225087252,82.8477460964661
0.0461699508168306,2.317499443743085,96.99420272610345
0.1258990521539725,0.6783947991553667,89.21299462050946
0.04728148080633889,6.47170652306432,68.12921654326203
0.04833895760708907,1.2440186898926573,58.231634540933335
0.3460469658245279,0.7151456076086671,84.64738881049999
0.03902173311863017,1.0262512027197097,69.73050856728177
0.0792810468857514,5.180135071983011,56.014964301811744
0.1066398716453521,0.3639144288563019,50.30133762586759
0.14882764811259178,0.10697923417084404,95.52182842435565
0.09014157773389657,6.697990419583841,56.08334163707194
0.04003786852581873,7.961527619753463,97.15824228909852
0.05841580828987162,5.146000593456289,99.38537339287451
0.010275497382140161,6.659391965527271,62.27444542361385
0.07151254154845824,7.913002580541988,89.72029922929948
0.12113886687682238,7.144402142660049,63.438625764623914
0.019693109058818745,4.123504337976486,82.22435399214037
0.08314795674124134,5.870465145721274,63.29466134780714
0.03675385674544958,7.0280340235221335,65.223286786977
0.019660566657396752,7.7209307172067305,86.73629914573783
0.022312780223322587,1.1506108514121403,87.92771180553322
0.01105263181827798,7.6700409301143875,89.09066636460301
0.16351229245131976,6.89463441721508,58.36399838397426
0.05491998832408813,1.5082712941273282,98.64819045325176
0.013113510123102126,2.529145574199515,50.61990527830234
0.027456182148933594,3.47758021298446,84.43749831658289
0.05553841807718851,0.9989706336070951,50.456919427389586
0.01956851197524296,2.517627144699108,68.75698536252474
0.04670038911821472,0.013758550465887254,72.87158779572567
0.024941180534160813,2.79444929095883,51.88743575630943
0.019420230895136267,2.602502329749944,99.50142197401624
0.3089792538522187,3.139749317344643,51.859965616393495
0.18399183469708869,4.457998956840065,76.54426994719178
0.0461699508168306,2.317499443743085,96.99420272610345
0.15692683776860786,0.1416975641266487,95.1821608517811
0.04728148080633889,6.47170652306432,68.12921654326203
0.04833895760708907,1.2440186898926573,58.231634540933335
0.3460469658245279,0.7151456076086671,84.64738881049999
0.04128523420763091,1.4036866507208536,72.35759827921456
0.0792810468857514,5.180135071983011,56.014964301811744
0.09150123229631855,1.018511265372116,55.85957829321073
0.14882764811259178,0.10697923417084404,95.52182842435565
0.07449596231382444,6.9250661985753,62.88778977627159
0.04003786852581873,7.961527619753463,97.15824228909852
0.05955212456166479,4.449663512789108,93.55871894634535
0.010275497382140161,6.659391965527271,62.27444542361385
0.06683726147756937,6.880726733959989,91.06221160188636
0.13606231036137728,7.824201039343317,62.65721430882345
0.019693109058818745,4.123504337976486,82.22435399214037
0.03896753489613422,4.239208784284738,63.82689272095004
0.03328251926514785,6.472578907177391,68.6616267840358
0.019660566657396752,7.7209307172067305,86.73629914573783
0.022312780223322587,1.1506108514121403,87.92771180553322
0.01105263181827798,7.6700409301143875,89.09066636460301
0.12477008559233235,4.993870462740257,58.319473604044276
0.05491998832408813,1.5082712941273282,98.64819045325176
0.013113510123102126,2.529145574199515,50.61990527830234
0.027456182148933594,3.47758021298446,84.43749831658289
0.05553841807718851,0.9989706336070951,50.456919427389586
0.01956851197524296,2.517627144699108,68.75698536252474
0.04670038911821472,0.013758550465887254,72.87158779572567
0.025423388653300412,2.9144252012711362,52.10010094273554
0.019420230895136267,2.602502329749944,99.50142197401624
0.2925752143734758,3.2854647276344533,52.156697416653806
0.1689109047602426,4.456988778918658,78.6062621600556
0.0461699508168306,2.317499443743085,96.99420272610345
0.15692683776860786,0.1416975641266487,95.1821608517811
0.04728148080633889,6.47170652306432,68.12921654326203
0.04833895760708907,1.2440186898926573,58.231634540933335
0.3460469658245279,0.7151456076086671,84.64738881049999
0.04128523420763091,1.4036866507208536,72.35759827921456
0.03607239214045044,5.563953146941993,56.79656336623816
0.08178203523470887,1.9252697824682317,60.036835448515234
0.12658358489430813,0.31966737696820036,84.77646495341381
0.07449596231382444,6.9250661985753,62.88778977627159
0.04003786852581873,7.961527619753463,97.15824228909852
0.062226675471552806,4.567626530624712,92.47850137163513
0.010638292440788549,7.131200231034747,74.79324782975112
0.06866090921332256,6.807180288645878,90.64738830421572
0.13606231036137728,7.824201039343317,62.65721430882345
0.019022911342340038,4.190872728294096,82.78568719060428
0.03896753489613422,4.239208784284738,63.82689272095004
0.03328251926514785,6.472578907177391,68.6616267840358
0.019660566657396752,7.7209307172067305,86.73629914573783
0.022312780223322587,1.1506108514121403,87.92771180553322
0.01105263181827798,7.6700409301143875,89.09066636460301
0.12477008559233235,4.993870462740257,58.319473604044276
0.05491998832408813,1.5082712941273282,98.64819045325176
0.013113510123102126,2.529145574199515,50.61990527830234
0.026154669088013803,3.6727634798336135,85.5743909688419
0.03527822144186137,4.037181427245835,68.05191719031282
0.01956851197524296,2.517627144699108,68.75698536252474
0.04670038911821472,0.013758550465887254,72.87158779572567
0.025423388653300412,2.9144252012711362,52.10010094273554
0.016342214909375916,4.46659317314583,95.67183216034537
0.24083297628432657,2.8979944066039653,56.31619403230114
0.10870300676066907,3.675128482723477,74.63549242925974
0.03852268259293917,2.8353071737864943,92.63101839738151
0.15815820207193207,0.12825976782700277,95.42519926291857
0.06693691143012173,5.347185738268003,72.96805276181347
0.046862309411344547,0.8906273285994146,54.590246185481504
0.19918639769461943,1.525960102285779,77.49937138188152
0.04128523420763091,1.4036866507208536,72.35759827921456
0.03687793897457202,5.2150549373199855,56.63184553055829
0.08178203523470887,1.9252697824682317,60.036835448515234
0.12658358489430813,0.31966737696820036,84.77646495341381
0.07449596231382444,6.9250661985753,62.88778977627159
0.04003786852581873,7.961527619753463,97.15824228909852
0.07243273546744197,3.9488865360322425,93.15416514314033
0.022302914844567995,5.5509193036915585,82.08155824657933
0.04905312229361044,5.041854449068406,73.16657564134391
0.13626878070255738,7.846639288714066,62.6671816591371
0.019022911342340038,4.190872728294096,82.78568719060428
0.03896753489613422,4.239208784284738,63.82689272095004
0.028411153452091314,6.914513955606251,67.2700976323951
0.019811137032289722,7.868596444425002,86.33084889270772
0.022312780223322587,1.1506108514121403,87.92771180553322
0.01105263181827798,7.6700409301143875,89.09066636460301
0.15324183060296598,5.244288832636507,56.491954124833995
0.05513634735647621,1.497957084959698,98.98962301559499
0.013113510123102126,2.529145574199515,50.61990527830234
0.026154669088013803,3.6727634798336135,85.5743909688419
0.033609429484121205,3.9457981298251297,69.96302800892926
0.01956851197524296,2.517627144699108,68.75698536252474
0.04670038911821472,0.013758550465887254,72.87158779572567
0.025423388653300412,2.9144252012711362,52.10010094273554
0.016342214909375916,4.46659317314583,95.67183216034537
0.19572691143432808,3.147972781800049,58.89143141969504
0.18106108031728763,4.542599475943629,92.81449412609919
0.03852268259293917,2.8353071737864943,92.63101839738151
0.15815820207193207,0.12825976782700277,95.42519926291857
0.06693691143012173,5.347185738268003,72.96805276181347
0.046862309411344547,0.8906273285994146,54.590246185481504
0.17455265808340698,1.609743110683017,73.83538859520378
0.03220427851993774,3.2859091865684222,77.38370380085098
0.05318766182079858,4.020164302211163,57.86857995973716
0.08178203523470887,1.9252697824682317,60.036835448515234
0.12658358489430813,0.31966737696820036,84.77646495341381
0.07449596231382444,6.9250661985753,62.88778977627159
0.06900379877452092,6.94702625075673,83.88110752707937
0.07243273546744197,3.9488865360322425,93.15416514314033
0.02506359696486516,5.030912725089974,80.3616086759383
0.04905312229361044,5.041854449068406,73.16657564134391
0.13626878070255738,7.846639288714066,62.6671816591371
0.031866278044124105,4.288399630902509,79.81417939264168
0.04341542161697606,4.633940010944181,62.696501067596984
0.028411153452091314,6.914513955606251,67.2700976323951
0.019811137032289722,7.868596444425002,86.33084889270772
0.022154160173279792,1.0464787460270646,88.02487335341489
0.01105263181827798,7.6700409301143875,89.09066636460301
0.20313880504347415,4.179271618520691,52.439260885695774
0.05802978915921743,1.4502391771114471,98.41402419465656
0.013113510123102126,2.529145574199515,50.61990527830234
0.041417325154266424,4.299411981055803,80.85649922824788
0.033609429484121205,3.9457981298251297,69.96302800892926
0.01956851197524296,2.517627144699108,68.75698536252474
0.04670038911821472,0.013758550465887254,72.87158779572567
0.025423388653300412,2.9144252012711362,52.10010094273554
0.016342214909375916,4.46659317314583,95.67183216034537
0.20909106716128392,2.731596724504074,58.45088421780088
0.18106108031728763,4.542599475943629,92.81449412609919
0.03852268259293917,2.8353071737864943,92.63101839738151
0.10913469929637132,0.4640666636439119,77.43826023331196
0.06693691143012173,5.347185738268003,72.96805276181347
0.046862309411344547,0.8906273285994146,54.590246185481504
0.12142841571706539,3.5380928479774076,71.44882422258637
0.0366099716738233,2.2092682407599478,75.5463812679935
0.05318766182079858,4.020164302211163,57.86857995973716
0.08133870053199552,2.229491725047013,60.210307084480114
0.12658358489430813,0.31966737696820036,84.77646495341381
0.07336165735229191,6.92480647174013,62.995653379635506
0.07468357652226709,6.876163783220741,83.37052011503842
0.059895956774091354,4.70892580525613,92.32420263283889
0.021729401908122066,5.454275072922036,84.41866176923999
0.0496890455616768,4.671385368903534,75.86604450990657
0.11803226423222832,7.177827235733319,65.44729272526601
0.032028468676238056,4.291884875204542,79.7782506014665
0.04828757627337324,5.099576223572646,65.56595447031263
0.028411153452091314,6.914513955606251,67.2700976323951
0.019811137032289722,7.868596444425002,86.33084889270772
0.022154160173279792,1.0464787460270646,88.02487335341489
0.03078245488736992,6.8499619692944655,83.39861278524619
0.19435320477058687,4.014042821289459,55.22279497978205
0.05802978915921743,1.4502391771114471,98.41402419465656
0.013113510123102126,2.529145574199515,50.61990527830234
0.041417325154266424,4.299411981055803,80.85649922824788
0.032200381624655265,3.58916925792402,72.18471340366425
0.01769705534133014,2.251137743515209,67.101616853589
0.04670038911821472,0.013758550465887254,72.87158779572567
0.025423388653300412,2.9144252012711362,52.10010094273554
0.016342214909375916,4.46659317314583,95.67183216034537
0.20924859085954023,2.729307641718513,58.4290518950049
0.18106108031728763,4.542599475943629,92.81449412609919
0.03445521073313763,2.892858936154688,95.71094822942891
0.11171012774744854,0.44642519405096526,78.3831962721895
0.07431300853944019,5.2700104307901885,71.94078426106998
0.046862309411344547,0.8906273285994146,54.590246185481504
0.07537792977467471,3.237540349440842,81.69522385218526
0.0366099716738233,2.2092682407599478,75.5463812679935
0.05318766182079858,4.020164302211163,57.86857995973716
0.10292628461877625,0.25095332080293,51.04564395459555
0.12658358489430813,0.31966737696820036,84.77646495341381
0.07336165735229191,6.92480647174013,62.995653379635506
0.07468357652226709,6.876163783220741,83.37052011503842
0.06985293186731072,4.9295871091763335,98.50342842861897
0.021729401908122066,5.454275072922036,84.41866176923999
0.06812777460243884,4.155087976130281,70.22579407652367
0.11803226423222832,7.177827235733319,65.44729272526601
0.017802620712045088,3.3856992279390763,85.55440008737276
0.04617130551598285,4.761961427924979,70.177961620396
0.028411153452091314,6.914513955606251,67.2700976323951
0.019811137032289722,7.868596444425002,86.33084889270772
0.022154160173279792,1.0464787460270646,88.02487335341489
0.036247414107218656,7.692481281822147,82.78285077517592
0.15830573574625417,4.927477021488022,65.29614846589052
0.05802978915921743,1.4502391771114471,98.41402419465656
0.013113510123102126,2.529145574199515,50.61990527830234
0.0354674907176362,4.4405700042296985,92.47675424433129
0.032200381624655265,3.58916925792402,72.18471340366425
0.01769705534133014,2.251137743515209,67.101616853589
0.0632342597161275,0.5710589718327075,75.32567931363955
0.025423388653300412,2.9144252012711362,52.10010094273554
0.016342214909375916,4.46659317314583,95.67183216034537
0.18955416911334066,2.400290350215365,60.178916797023746
0.18106108031728763,4.542599475943629,92.81449412609919
0.03445521073313763,2.892858936154688,95.71094822942891
0.15799815615054402,0.12935606900922425,95.36647770964393
0.0997869704406796,5.729898054938708,73.53649709869534
0.04453615631360409,2.3811887698900653,60.76838667775741
0.07436484462809352,3.1327686238459993,83.55945507091221
0.04172138805475663,2.6275427369075435,79.07624221394104
0.05318766182079858,4.020164302211163,57.86857995973716
0.10292628461877625,0.25095332080293,51.04564395459555
0.13486316750859229,0.00821610663790917,83.958177835655
0.08132586876465171,7.579357539987131,58.54267087682049
0.09815868732992551,6.451588770564984,82.10405471403178
0.09037387978619513,3.8120530399752752,97.77311997627054
0.02345123406638099,5.405504407728266,83.41546267862103
0.07813039805087921,5.690590271804387,77.58027687568895
0.08679703520404494,4.418486871677398,60.68232784516601
0.01797143454088396,3.260754609720216,84.38488785787182
0.04617130551598285,4.761961427924979,70.177961620396
0.028411153452091314,6.914513955606251,67.2700976323951
0.019811137032289722,7.868596444425002,86.33084889270772
0.055911772744591304,1.7891820153126257,89.04236310314546
0.036247414107218656,7.692481281822147,82.78285077517592
0.20263343321938881,3.922970112597464,60.43288839579766
0.057240432608723274,1.5958657729059018,97.58401761761104
0.01408135376625716,2.5651556439476444,50.79497033681308
0.010888608312362921,5.5366167211969275,94.58325519657633
0.032200381624655265,3.58916925792402,72.18471340366425
0.022643632395349566,2.497699497489705,65.81474314337319
0.0632342597161275,0.5710589718327075,75.32567931363955
0.025423388653300412,2.9144252012711362,52.10010094273554
0.029490316615701444,4.307287405629969,82.18194273226028
0.18955416911334066,2.400290350215365,60.178916797023746
0.18106108031728763,4.542599475943629,92.81449412609919
0.031594458639552736,4.796374651111739,82.24942410656114
0.15799815615054402,0.12935606900922425,95.36647770964393
0.10771101379733375,6.0740005417292675,70.84697345879165
0.03819937305986981,3.7875582720843397,67.31979845401959
0.08308831867066456,3.1129705229001616,83.43176920336502
0.034863407081017386,3.67029302223008,80.70503480138004
0.05318766182079858,4.020164302211163,57.86857995973716
0.10292628461877625,0.25095332080293,51.04564395459555
0.13486316750859229,0.00821610663790917,83.958177835655
0.08132586876465171,7.579357539987131,58.54267087682049
0.07294721279564648,5.448366545196025,82.8211657849665
0.06737240447761594,4.359726131745173,92.83835841284434
0.02345123406638099,5.405504407728266,83.41546267862103
0.09425303781025238,5.29370410013911,80.92359609012138
0.08748504955930562,4.383050683195066,60.41889104498057
0.01797143454088396,3.260754609720216,84.38488785787182
0.05257359980568349,5.102784541915072,66.95252407124173
0.025822250543479468,7.201725841001172,73.00804416288426
0.019811137032289722,7.868596444425002,86.33084889270772
0.055911772744591304,1.7891820153126257,89.04236310314546
0.03449826259831869,7.9699356758774424,84.47887704560904
0.3315740980409846,4.541134366646288,65.04214601635766
0.05730264441066574,1.6346078680794884,96.58748397249676
0.01408135376625716,2.5651556439476444,50.79497033681308
0.010888608312362921,5.5366167211969275,94.58325519657633
0.035594457069948834,0.6106020480472081,76.58681746092145
0.022301391270113484,2.477707334471526,65.58412407902273
0.0632342597161275,0.5710589718327075,75.32567931363955
0.01887159921455827,2.852785982174815,51.48595527248761
0.029490316615701444,4.307287405629969,82.18194273226028
0.18759882621225082,2.522440394976343,61.939630927748986
0.1593722510475362,4.285751279168214,87.35662030940225
0.031594458639552736,4.796374651111739,82.24942410656114
0.15799815615054402,0.12935606900922425,95.36647770964393
0.12647191341312763,5.003631154133833,79.59582760747205
0.03405833487959167,4.319601679832326,65.99554007962996
0.015465298213717005,2.0733416705119243,79.95252687323972
0.03408584286619503,3.9381469799373288,81.07238897626728
0.05987828719006136,3.2385768028611692,55.32980283609278
0.10292628461877625,0.25095332080293,51.04564395459555
0.13486316750859229,0.00821610663790917,83.958177835655
0.08132586876465171,7.579357539987131,58.54267087682049
0.07326016085473856,5.376297713512758,82.84000861700255
0.06824837693679936,5.161720329720555,96.54548454342043
0.014324445978236115,6.4345245091924115,79.58839947434427
0.10213508736691301,6.493755334487489,82.34605887419374
0.017361720322828067,4.6632316141107815,60.41036690587773
0.01797143454088396,3.260754609720216,84.38488785787182
0.05257359980568349,5.102784541915072,66.95252407124173
0.034888359970521116,6.384434436908723,70.42564330725094
0.01998484554625929,7.86777967649223,86.25237918353199
0.035163907848700354,0.11832946350853657,88.13327475175234
0.03449826259831869,7.9699356758774424,84.47887704560904
0.5104490945171922,5.398692600254693,71.4364122610398
0.057844270003272885,1.537493461373793,94.64603346446276
0.01408135376625716,2.5651556439476444,50.79497033681308
0.029165083598651984,5.346406220510793,82.46876610917437
0.035594457069948834,0.6106020480472081,76.58681746092145
0.022301391270113484,2.477707334471526,65.58412407902273
0.0632342597161275,0.5710589718327075,75.32567931363955
0.02617731666447618,3.1928561581148527,56.7146551208712
0.03645318601065171,4.939889695341943,80.85031878696363
0.18759882621225082,2.522440394976343,61.939630927748986
0.11542406425869582,3.1442464799085794,91.3311601734704
0.031594458639552736,4.796374651111739,82.24942410656114
0.10861519315369499,1.7213774179457748,83.09201756582434
0.19485942529167832,6.370643423956986,97.46161399045317
0.029903030416754156,4.143835183645484,65.78076811352082
0.015465298213717005,2.0733416705119243,79.95252687323972
0.03254973751152119,3.828563560702566,78.085196166772
0.05855729282749683,2.971220464202199,55.13191662898339
0.10292628461877625,0.25095332080293,51.04564395459555
0.09769059175803796,2.9570319706773747,84.15103141173893
0.08132586876465171,7.579357539987131,58.54267087682049
0.0710656517333367,5.282340744559443,88.84122343913818
0.06824837693679936,5.161720329720555,96.54548454342043
0.014324445978236115,6.4345245091924115,79.58839947434427
0.12882174805478458,7.660717178583135,92.23698624087294
0.017361720322828067,4.6632316141107815,60.41036690587773
0.01797143454088396,3.260754609720216,84.38488785787182
0.05257359980568349,5.102784541915072,66.95252407124173
0.03489706456847255,6.31325599753437,70.50159680424159
0.01998484554625929,7.86777967649223,86.25237918353199
0.035163907848700354,0.11832946350853657,88.13327475175234
0.03449826259831869,7.9699356758774424,84.47887704560904
0.49119167281801407,5.4599204057299655,73.05097403689155
0.057844270003272885,1.537493461373793,94.64603346446276
0.01408135376625716,2.5651556439476444,50.79497033681308
0.03218715756460991,5.124827199702167,83.05530970940076
0.035594457069948834,0.6106020480472081,76.58681746092145
0.022301391270113484,2.477707334471526,65.58412407902273
0.0632342597161275,0.5710589718327075,75.32567931363955
0.02617731666447618,3.1928561581148527,56.7146551208712
0.03604105772231596,3.3986386107461373,83.17837510899899
0.1630970222423505,3.303821844828656,65.4936673474186
0.11348698797955498,2.4912419465136955,91.20019319328945
0.034614923867776565,5.690457153138562,96.48698372505623
0.09230952426252406,2.2232032204250567,79.50589450876787
0.197312066205118,6.394292808636418,97.69013845627899
0.025873934369567683,4.267835270403057,64.89464474560832
0.010903605879646179,2.4048293481737844,80.7152676779867
0.03254973751152119,3.828563560702566,78.085196166772
0.054795157229406,2.9265053473554214,57.151656167819866
0.10292628461877625,0.25095332080293,51.04564395459555
0.09298375161532574,3.254488794133729,84.27831553843811
0.05693434282652686,7.162586919242745,66.20426093901415
0.0710656517333367,5.282340744559443,88.84122343913818
0.06715545027109866,4.959670868717412,99.7214978779822
0.014324445978236115,6.4345245091924115,79.58839947434427
0.12882174805478458,7.660717178583135,92.23698624087294
0.015161762109900803,5.152221052255405,58.45851975598675
0.019598122897477026,3.324112341494118,83.68195040728664
0.05737662205701642,6.4779064401950315,61.10913424735559
0.03489706456847255,6.31325599753437,70.50159680424159
0.03947702020777776,6.1046706202855425,84.1053702687911
0.035163907848700354,0.11832946350853657,88.13327475175234
0.036660798978019764,7.227005004207934,85.51633401343912
0.7068841647935773,5.0565448738694725,74.25607600030399
0.052494499123264836,1.7874010306800847,93.11240624436607
0.01408135376625716,2.5651556439476444,50.79497033681308
0.03218715756460991,5.124827199702167,83.05530970940076
0.03147320013683012,1.7406831762850346,67.89009177842038
0.022301391270113484,2.477707334471526,65.58412407902273
0.0632342597161275,0.5710589718327075,75.32567931363955
0.02536356105235004,3.4159943596842144,54.997458293275855
0.04061130887885362,4.2368337407198045,79.44528860229968
0.15599475465263588,3.304826093206199,66.39386974533525
0.11348698797955498,2.4912419465136955,91.20019319328945
0.03891171823527517,5.97943860056863,90.60375637925509
0.08476154049992829,2.008588514542378,79.11740610084449
0.15450776638238173,6.629951979686884,88.16765290798416
0.025873934369567683,4.267835270403057,64.89464474560832
0.013603448321311983,2.4220922702002285,77.13108862215103
0.03254973751152119,3.828563560702566,78.085196166772
0.054795157229406,2.9265053473554214,57.151656167819866
0.10292628461877625,0.25095332080293,51.04564395459555
0.12156608949821249,2.982979459673073,87.20735861219396
0.056598861879757,7.1689896784484475,66.3862867359718
0.10303893694649732,7.0019365680570935,94.01072989284435
0.06715545027109866,4.959670868717412,99.7214978779822
0.014324445978236115,6.4345245091924115,79.58839947434427
0.12882174805478458,7.660717178583135,92.23698624087294
0.015161762109900803,5.152221052255405,58.45851975598675
0.019598122897477026,3.324112341494118,83.68195040728664
0.05737662205701642,6.4779064401950315,61.10913424735559
0.03489706456847255,6.31325599753437,70.50159680424159
0.03947702020777776,6.1046706202855425,84.1053702687911
0.035163907848700354,0.11832946350853657,88.13327475175234
0.0386916112784791,7.912079298031078,91.00246333252427
0.46957726314283393,3.40279373771052,74.65042741134395
0.052494499123264836,1.7874010306800847,93.11240624436607
0.01408135376625716,2.5651556439476444,50.79497033681308
0.01908190356861071,5.901614243145386,84.03691375533666
0.03325134202845233,2.753937226152182,73.31968380259565
0.019698053499640093,2.5372275561922115,63.21055534718357
0.0632342597161275,0.5710589718327075,75.32567931363955
0.02536356105235004,3.4159943596842144,54.997458293275855
0.026040361816814177,2.2890889345703638,95.38147372380854
0.15599475465263588,3.304826093206199,66.39386974533525
0.11348698797955498,2.4912419465136955,91.20019319328945
0.035941599755353215,5.997208632589682,90.71377975526963
0.06521414750292345,3.7766921877712942,81.27049716191357
0.14720743155582738,6.618524302654103,86.13394634038254
0.025873934369567683,4.267835270403057,64.89464474560832
0.013341367727485662,2.4500959184362863,76.99735030963636
0.0416573563844019,4.190989806755532,83.10191396343578
0.054795157229406,2.9265053473554214,57.151656167819866
0.1184860975368139,1.1463567304690803,55.54578352476475
0.1291932344128,3.4472084663446814,83.43788896267132
0.03866477949857139,6.501788627321123,61.410255783598274
0.10303893694649732,7.0019365680570935,94.01072989284435
0.0661678705823125,5.166354912999477,96.60295463040715
0.014324445978236115,6.4345245091924115,79.58839947434427
0.14097934023083844,7.172839970149251,90.31090745128765
0.010968744629180977,5.471413992915397,53.72565147327772
0.011302146156448471,2.4620481277291786,87.55983034926824
0.05737662205701642,6.4779064401950315,61.10913424735559
0.03346768907063595,5.989236039307071,69.61338620398585
0.03936752203455614,6.356651392460835,85.06693189974008
0.1373568596800403,0.8909785896801257,84.96152150794438
0.0386916112784791,7.912079298031078,91.00246333252427
0.46957726314283393,3.40279373771052,74.65042741134395
0.04826021487698923,2.308783697969881,91.962294610248
0.01408135376625716,2.5651556439476444,50.79497033681308
0.019811285341617982,7.028316180112019,88.25040056267754
0.03155021667494563,3.0875000061427156,73.89109553846367
0.016887643210610086,2.5120623142904845,71.36112802492663
0.0632342597161275,0.5710589718327075,75.32567931363955
0.028452824533973214,4.169825123157172,65.4282319639305
0.026040361816814177,2.2890889345703638,95.38147372380854
0.1266018164610171,4.105713692839393,65.14539886689282
0.11348698797955498,2.4912419465136955,91.20019319328945
0.035941599755353215,5.997208632589682,90.71377975526963
0.09747346180276344,3.431704632917964,95.17262502262223
0.11537800317394356,6.440786696213332,87.44408330984781
0.025873934369567683,4.267835270403057,64.89464474560832
0.013341367727485662,2.4500959184362863,76.99735030963636
0.0416573563844019,4.190989806755532,83.10191396343578
0.05140431081512535,2.7594367736555707,55.84703246078874
0.1184860975368139,1.1463567304690803,55.54578352476475
0.1291932344128,3.4472084663446814,83.43788896267132
0.03808674137125722,6.395887929635946,61.67438525771557
0.09633852145705886,7.30665470668212,97.57657998776556
0.0661678705823125,5.166354912999477,96.60295463040715
0.014520627113929818,6.426723199989414,79.61137200846096
0.09142555013416706,5.6851333076947945,86.71419163600946
0.010968744629180977,5.471413992915397,53.72565147327772
0.011302146156448471,2.4620481277291786,87.55983034926824
0.04806990929014228,4.9982265406442,64.63524453836958
0.034389385053223746,6.1981719656807766,70.18612593765742
0.03908500908225745,7.006779424511763,87.54782822142315
0.08558643970868335,1.5412034989312244,89.80757139858657
0.0386916112784791,7.912079298031078,91.00246333252427
0.4228052211134677,3.4939802497344536,73.62204234573558
0.0505795829204298,2.316123021580094,91.84872269151283
0.01408135376625716,2.5651556439476444,50.79497033681308
0.047740936349629184,5.339953863301481,78.02983842780795
0.01559457548183879,3.8310619056830175,56.63570359692935
0.016887643210610086,2.5120623142904845,71.36112802492663
0.052714679842523766,3.7175999766221546,82.04513267935357
0.028452824533973214,4.169825123157172,65.4282319639305
0.026040361816814177,2.2890889345703638,95.38147372380854
0.1277767012652453,3.8071637103554057,73.43876143707894
0.07867193412314531,2.9677436778144823,78.9074675763305
0.035941599755353215,5.997208632589682,90.71377975526963
0.10082935808825334,3.2179211153454266,94.3134353301817
0.11537800317394356,6.440786696213332,87.44408330984781
0.025873934369567683,4.267835270403057,64.89464474560832
0.010393289971202476,2.1145958088047885,79.25435708876707
0.0416573563844019,4.190989806755532,83.10191396343578
0.033136579424399334,2.623967380702001,70.29315721255522
0.11671734201832562,1.1702933098395047,52.78864798920664
0.21546480201494578,0.4740248014009323,87.77254124021745
0.037826056907654296,6.3504642800266335,61.74312224972301
0.09633852145705886,7.30665470668212,97.57657998776556
0.0661678705823125,5.166354912999477,96.60295463040715
0.015288572036017821,7.3727136003346,77.71483190091044
0.10382594732465944,6.213016934373455,89.26838311691021
0.010968744629180977,5.471413992915397,53.72565147327772
0.011302146156448471,2.4620481277291786,87.55983034926824
0.04806990929014228,4.9982265406442,64.63524453836958
0.0349731639823159,6.058194777393238,70.96722618350037
0.03908500908225745,7.006779424511763,87.54782822142315
0.0840743595207464,0.7304000889706908,88.71500493168965
0.0386916112784791,7.912079298031078,91.00246333252427
0.27810314531801855,4.727446762332189,80.71986397313994
0.0505795829204298,2.316123021580094,91.84872269151283
0.015067219220753285,2.5198273718326223,57.005716160291804
0.024424828784205016,6.271937564988717,70.87818304809024
0.01559457548183879,3.8310619056830175,56.63570359692935
0.016887643210610086,2.5120623142904845,71.36112802492663
0.060380257185435354,2.3620397586338004,92.49785432095348
0.027171278143412886,4.186680160079549,64.91677160106498
0.02138987224182081,2.229123467642884,96.83710559057698
0.13791885897655282,3.6626608072749134,75.15040399971829
0.08724732863153864,1.907231267997476,76.31320738014148
0.05832748989260469,6.152338300956156,86.83320541153431
0.10082935808825334,3.2179211153454266,94.3134353301817
0.08820553926528804,6.359387109924831,81.65387186144446
0.02443049974550266,4.01632021004507,65.27524799616778
0.010393289971202476,2.1145958088047885,79.25435708876707
0.043109606138146385,3.3724434385954263,91.19793991879928
0.028415067012947548,2.5914507191178457,70.60348137035459
0.11671734201832562,1.1702933098395047,52.78864798920664
0.15511772674454805,1.0933790309345792,82.78515601142279
0.037826056907654296,6.3504642800266335,61.74312224972301
0.09633852145705886,7.30665470668212,97.57657998776556
0.0661678705823125,5.166354912999477,96.60295463040715
0.02383198410920273,7.569612104234953,82.56555704052876
0.10382594732465944,6.213016934373455,89.26838311691021
0.010968744629180977,5.471413992915397,53.72565147327772
0.011302146156448471,2.4620481277291786,87.55983034926824
0.04806990929014228,4.9982265406442,64.63524453836958
0.0349731639823159,6.058194777393238,70.96722618350037
0.038182392778259536,6.859129105798395,87.54821814942677
0.0839734133056904,0.7123474699309096,88.7122262861998
0.0386916112784791,7.912079298031078,91.00246333252427
0.15389747671979015,4.435500952918682,73.62088559829712
0.0505795829204298,2.316123021580094,91.84872269151283
0.014367786057920107,2.47863120921897,56.656557148132556
0.024424828784205016,6.271937564988717,70.87818304809024
0.01559457548183879,3.8310619056830175,56.63570359692935
0.012496664129237656,2.3679878401837646,68.03936960783858
0.060380257185435354,2.3620397586338004,92.49785432095348
0.02808916903508936,4.1397881353599075,66.43030834277563
0.020079014596149164,2.2893942802533434,88.57897704889743
0.10538732808701988,3.7074462364487637,70.22651210469809
0.08724732863153864,1.907231267997476,76.31320738014148
0.05832748989260469,6.152338300956156,86.83320541153431
0.10082935808825334,3.2179211153454266,94.3134353301817
0.08405879621170395,5.876406176963595,73.53540095370322
0.02443049974550266,4.01632021004507,65.27524799616778
0.010393289971202476,2.1145958088047885,79.25435708876707
0.043109606138146385,3.3724434385954263,91.19793991879928
0.028415067012947548,2.5914507191178457,70.60348137035459
0.11671734201832562,1.1702933098395047,52.78864798920664
0.11429829625014809,1.509134817433582,75.2714234888254
0.04133992206128507,7.754000667960934,58.434851014605286
0.09633852145705886,7.30665470668212,97.57657998776556
0.06724010627659827,5.09349079360508,96.96145551303961
0.024594093699748333,7.919333836400853,83.54219879180557
0.11403220307118375,6.087882155726648,89.53962452560785
0.01080245890091281,4.501414100361725,61.102530513457225
0.011302146156448471,2.4620481277291786,87.55983034926824
0.05973195304413484,5.482630965727057,64.31951125774533
0.0349731639823159,6.058194777393238,70.96722618350037
0.038182392778259536,6.859129105798395,87.54821814942677
0.0839734133056904,0.7123474699309096,88.7122262861998
0.0386916112784791,7.912079298031078,91.00246333252427
0.1472039862873091,4.18159380594064,73.89126804462077
0.04087019971103032,1.0711238492276092,90.06473063379273
0.014367786057920107,2.47863120921897,56.656557148132556
0.032639229510992296,5.836619206254122,71.27972355261123
0.01559457548183879,3.8310619056830175,56.63570359692935
0.012496664129237656,2.3679878401837646,68.03936960783858
0.051077619038681604,3.7153623287893356,84.61455806845463
0.02559738620770814,3.2105401515554646,63.77458769758757
0.020079014596149164,2.2893942802533434,88.57897704889743
0.16473677675332973,3.6257411811663114,79.2094975736047
0.08724732863153864,1.907231267997476,76.31320738014148
0.06026463368441723,6.3043546846994,86.80327310535054
0.09502847893602909,3.1689446336592493,93.8758382522566
0.09224562641184497,4.696679829869721,68.33461385404712
0.02443049974550266,4.01632021004507,65.27524799616778
0.010393289971202476,2.1145958088047885,79.25435708876707
0.05242153705714929,3.335944826211403,91.6782354827331
0.028415067012947548,2.5914507191178457,70.60348137035459
0.08498339070308894,1.5349769857307498,57.432310524993746
0.08197017841592655,2.44380774466427,70.84560643743497
0.04133992206128507,7.754000667960934,58.434851014605286
0.06399231205889497,5.46385909950142,93.76640016589008
0.07323261142886517,5.220839123111287,96.01096678784563
0.024594093699748333,7.919333836400853,83.54219879180557
0.15602076563733802,5.918832849048054,91.67651604075112
0.01080245890091281,4.501414100361725,61.102530513457225
0.011302146156448471,2.4620481277291786,87.55983034926824
0.05973195304413484,5.482630965727057,64.31951125774533
0.01338121226524313,6.560139601938609,76.76464783232885
0.04219454029787068,7.599222868047779,99.32337199161181
0.08174387571970007,0.2169116314372248,87.67085146828835
0.0386916112784791,7.912079298031078,91.00246333252427
0.18663358677219458,3.522295183207196,74.91855983503234
0.0431162056104801,0.8148873667619956,92.22815464167265
0.014367786057920107,2.47863120921897,56.656557148132556
0.032639229510992296,5.836619206254122,71.27972355261123
0.01559457548183879,3.8310619056830175,56.63570359692935
0.012496664129237656,2.3679878401837646,68.03936960783858
0.06121300147160112,4.034725439165523,83.86405885946955
0.02622419035652167,2.777707738076357,62.968493761651416
0.020079014596149164,2.2893942802533434,88.57897704889743
0.17450780739888339,4.670164614228657,83.18627084247382
0.0649577547117684,1.5450173442951365,76.62598804147538
0.06026463368441723,6.3043546846994,86.80327310535054
0.09502847893602909,3.1689446336592493,93.8758382522566
0.12550380759866483,4.2828781414699675,70.65450791176241
0.025304154071012216,3.4130282392236433,64.15169535978096
0.010393289971202476,2.1145958088047885,79.25435708876707
0.05242153705714929,3.335944826211403,91.6782354827331
0.029989538780351776,2.028424263515016,72.70889268724714
0.08363296506288095,1.5207771703300117,58.431278312767105
0.08197017841592655,2.44380774466427,70.84560643743497
0.03618707518592765,6.8461897435481776,63.43111169765081
0.06399231205889497,5.46385909950142,93.76640016589008
0.07323261142886517,5.220839123111287,96.01096678784563
0.024594093699748333,7.919333836400853,83.54219879180557
0.1953669461099643,6.899793611786301,91.67586301007259
0.01080245890091281,4.501414100361725,61.102530513457225
0.015504044245522038,3.2023241500523696,83.48562074738749
0.06106018889829575,5.449773169936978,65.51181495364683
0.03791393005663399,5.069139453104231,78.81165093478944
0.04219454029787068,7.599222868047779,99.32337199161181
0.08174387571970007,0.2169116314372248,87.67085146828835
0.0386916112784791,7.912079298031078,91.00246333252427
0.26758329807160136,3.5071633805736298,71.00030036003108
0.03536579501869973,0.038748831592821276,93.43191368225538
0.014367786057920107,2.47863120921897,56.656557148132556
0.032639229510992296,5.836619206254122,71.27972355261123
0.032667529180866114,4.242727599963844,68.29904420699765
0.012496664129237656,2.3679878401837646,68.03936960783858
0.08378566424442632,4.887592119172205,85.91155658193392
0.02053395633845633,0.4540218673843466,62.70427266887904
0.018555998204587087,3.260521048073891,85.89251122575472
0.22377941065426712,5.37031361845923,87.79281884355356
0.06298519477008298,3.545408583288556,80.90359024161386
0.06026463368441723,6.3043546846994,86.80327310535054
0.09502847893602909,3.1689446336592493,93.8758382522566
0.2165005523240928,7.602054579089609,77.5464441984055
0.02566247613180334,3.5260656757968363,64.12797001802203
0.010393289971202476,2.1145958088047885,79.25435708876707
0.05064164813303227,3.3896835037688446,92.93310758489662
0.029989538780351776,2.028424263515016,72.70889268724714
0.08363296506288095,1.5207771703300117,58.431278312767105
0.06759173002729044,2.6289882522771064,74.25732197466256
0.03618707518592765,6.8461897435481776,63.43111169765081
0.03898302152062755,3.9010936708870156,86.99508443132633
0.07323261142886517,5.220839123111287,96.01096678784563
0.024594093699748333,7.919333836400853,83.54219879180557
0.191886475285983,6.797272601430256,91.27669127377646
0.02062700110832076,5.408906536518278,62.00375525014906
0.015504044245522038,3.2023241500523696,83.48562074738749
0.06747453372031521,4.718957504211196,54.01584201338971
0.03791393005663399,5.069139453104231,78.81165093478944
0.04219454029787068,7.599222868047779,99.32337199161181
0.05812774337890996,2.9196244712638126,79.78778793034546
0.0386916112784791,7.912079298031078,91.00246333252427
0.26758329807160136,3.5071633805736298,71.00030036003108
0.03536579501869973,0.038748831592821276,93.43191368225538
0.014367786057920107,2.47863120921897,56.656557148132556
0.032639229510992296,5.836619206254122,71.27972355261123
0.032667529180866114,4.242727599963844,68.29904420699765
0.01516095457530026,3.590594511650811,71.45365190979706
0.09683535501889946,6.194409062890235,83.88473709146191
0.02053395633845633,0.4540218673843466,62.70427266887904
0.018555998204587087,3.260521048073891,85.89251122575472
0.1731368917758872,4.621096460290925,85.34554538224705
0.07843147775354112,2.2874698036936016,89.45430994970512
0.06026463368441723,6.3043546846994,86.80327310535054
0.09502847893602909,3.1689446336592493,93.8758382522566
0.2165005523240928,7.602054579089609,77.5464441984055
0.02566247613180334,3.5260656757968363,64.12797001802203
0.01016069735011648,2.107227160675249,79.17530848712514
0.05184596448902121,3.308663616287656,94.17412584062401
0.02692226297636155,3.1635791072514223,60.88594041979675
0.08363296506288095,1.5207771703300117,58.431278312767105
0.07016444590079123,2.1171742747973674,70.54543030007332
0.034825147522430114,5.838750969025295,65.31481258946584
0.03898302152062755,3.9010936708870156,86.99508443132633
0.07323261142886517,5.220839123111287,96.01096678784563
0.024594093699748333,7.919333836400853,83.54219879180557
0.1143224715794391,5.088757695652156,76.9873597946648
0.02062700110832076,5.408906536518278,62.00375525014906
0.015504044245522038,3.2023241500523696,83.48562074738749
0.0645057363901376,4.634258154797684,54.733837260550544
0.03791393005663399,5.069139453104231,78.81165093478944
0.04219454029787068,7.599222868047779,99.32337199161181
0.050265311491911886,2.8403904020891253,75.63175722049951
0.0386916112784791,7.912079298031078,91.00246333252427
0.24637218545867073,5.20748698453059,73.71845875391448
0.03536579501869973,0.038748831592821276,93.43191368225538
0.013612649798187881,2.659532505435884,54.34409796072829
0.03701891238788065,4.702812417020057,64.60416777662206
0.032667529180866114,4.242727599963844,68.29904420699765
0.015047754388087881,3.431896263737058,69.34182591000524
0.09683535501889946,6.194409062890235,83.88473709146191
0.01874979710002497,1.4288716892156583,70.07562100981973
0.014096663208346268,3.3121924451795137,99.2213598066885
0.1671261776073858,4.66592160736505,84.4582682818289
0.07919850534058584,2.3282070130505903,89.65865012825101
0.06026463368441723,6.3043546846994,86.80327310535054
0.09502847893602909,3.1689446336592493,93.8758382522566
0.19829601492265353,7.127368769304468,79.38483361916184
0.02566247613180334,3.5260656757968363,64.12797001802203
0.01016069735011648,2.107227160675249,79.17530848712514
0.05184596448902121,3.308663616287656,94.17412584062401
0.02692226297636155,3.1635791072514223,60.88594041979675
0.08363296506288095,1.5207771703300117,58.431278312767105
0.07016444590079123,2.1171742747973674,70.54543030007332
0.04571587563749694,6.038077458738304,74.514093565492
0.03898302152062755,3.9010936708870156,86.99508443132633
0.06984969945406208,5.503492119624273,93.60898724773058
0.024594093699748333,7.919333836400853,83.54219879180557
0.1152949395790219,5.052455187655834,76.80715240779689
0.02062700110832076,5.408906536518278,62.00375525014906
0.015504044245522038,3.2023241500523696,83.48562074738749
0.0645057363901376,4.634258154797684,54.733837260550544
0.03791393005663399,5.069139453104231,78.81165093478944
0.04219454029787068,7.599222868047779,99.32337199161181
0.05497491194696567,2.3668131728337536,67.82677126076825
0.0386916112784791,7.912079298031078,91.00246333252427
0.18293636628691295,5.007542241708498,67.09653908557873
0.03536579501869973,0.038748831592821276,93.43191368225538
0.013612649798187881,2.659532505435884,54.34409796072829
0.036358227693816796,4.563029549502986,64.40287900873253
0.0433615866597217,4.734849492396915,67.66614352574531
0.015047754388087881,3.431896263737058,69.34182591000524
0.03381819773742217,5.699867688594181,88.65779297159175
0.01874979710002497,1.4288716892156583,70.07562100981973
0.014096663208346268,3.3121924451795137,99.2213598066885
0.2728724418947447,3.044588330186848,82.13773752099686
0.07919850534058584,2.3282070130505903,89.65865012825101
0.05368551893069712,5.861782359948149,82.7189785106523
0.09502847893602909,3.1689446336592493,93.8758382522566
0.1792688913064667,6.841324856658034,77.64104264266585
0.019439866308457177,3.55810190125444,61.4593806570292
0.01016069735011648,2.107227160675249,79.17530848712514
0.048902485874902514,4.338745095341386,93.46442004100234
0.03035885481362039,3.2937258225773016,62.57506857810682
0.08363296506288095,1.5207771703300117,58.431278312767105
0.07016444590079123,2.1171742747973674,70.54543030007332
0.04571587563749694,6.038077458738304,74.514093565492
0.04057134792670896,3.8151738151459558,91.6970795854497
0.07258376469786902,4.713475963228888,86.63109433864352
0.021455678405002468,7.920948855076934,81.88138097713116
0.14524422800168132,5.891453802954648,76.13254261420316
0.02251968941495957,5.371706569555882,63.843995799331616
0.02044015181428409,4.204924293478845,85.0857861948857
0.0645057363901376,4.634258154797684,54.733837260550544
0.0392215554248629,5.176093237722426,80.03987387051484
0.04219454029787068,7.599222868047779,99.32337199161181
0.05497491194696567,2.3668131728337536,67.82677126076825
0.035569158340123606,7.328100418350866,92.0458937708653
0.2647499970182157,6.380914479270979,61.37693756073568
0.03284239205989102,0.24583409682249124,92.00461670427936
0.020438977142488907,2.9521573879531795,63.80240631970088
0.03685601223547674,4.533940717166337,64.42298253532088
0.05560878931518097,5.337308931409778,70.8438197785959
0.01667563912047644,3.665261950251885,74.09469379963474
0.04527378371755196,6.9799838353440915,91.71649309769835
0.01874979710002497,1.4288716892156583,70.07562100981973
0.014096663208346268,3.3121924451795137,99.2213598066885
0.2728724418947447,3.044588330186848,82.13773752099686
0.1201801397518601,3.386678199987031,80.74548980411666
0.06398964605518304,6.986553350615667,97.74293655273041
0.09502847893602909,3.1689446336592493,93.8758382522566
0.1792688913064667,6.841324856658034,77.64104264266585
0.019439866308457177,3.55810190125444,61.4593806570292
0.01016069735011648,2.107227160675249,79.17530848712514
0.048902485874902514,4.338745095341386,93.46442004100234
0.03035885481362039,3.2937258225773016,62.57506857810682
0.08363296506288095,1.5207771703300117,58.431278312767105
0.07016444590079123,2.1171742747973674,70.54543030007332
0.04571587563749694,6.038077458738304,74.514093565492
0.03129781440202128,5.806997456708199,86.9352160258653
0.07346439875397777,5.658531939120567,92.4862894392639
0.021455678405002468,7.920948855076934,81.88138097713116
0.08783115241145582,6.8327327275169205,78.79885135246815
0.02251968941495957,5.371706569555882,63.843995799331616
0.02044015181428409,4.204924293478845,85.0857861948857
0.0645057363901376,4.634258154797684,54.733837260550544
0.0392215554248629,5.176093237722426,80.03987387051484
0.04219454029787068,7.599222868047779,99.32337199161181
0.05497491194696567,2.3668131728337536,67.82677126076825
0.035569158340123606,7.328100418350866,92.0458937708653
0.2647499970182157,6.380914479270979,61.37693756073568
0.03284239205989102,0.24583409682249124,92.00461670427936
0.021197644639413843,2.9543623823975764,64.1082903218674
0.035316551316245545,4.1160372461929615,54.25973800092285
0.05560878931518097,5.337308931409778,70.8438197785959
0.01667563912047644,3.665261950251885,74.09469379963474
0.04143163935245683,6.657517256943614,90.40206857766967
0.01874979710002497,1.4288716892156583,70.07562100981973
0.01294584267586835,2.9598777045851237,93.36017902296211
0.2730264057298341,2.981347079943768,82.53126587729795
0.2211229050389309,3.788437929910283,68.87091564539494
0.06398964605518304,6.986553350615667,97.74293655273041
0.09502847893602909,3.1689446336592493,93.8758382522566
0.1792688913064667,6.841324856658034,77.64104264266585
0.020223424907691318,3.5277258966150975,57.87772560712824
0.04117548751878234,2.495230052086645,84.54759273344106
0.048902485874902514,4.338745095341386,93.46442004100234
0.03036025416041275,3.2974713922940295,62.6113729032487
0.08363296506288095,1.5207771703300117,58.431278312767105
0.06880144737766718,2.7234576693700445,66.73693334144103
0.049965443870163266,5.4236501691664625,58.75468409293196
0.03129781440202128,5.806997456708199,86.9352160258653
0.06865041391089774,5.590708932312274,90.73652656698252
0.021455678405002468,7.920948855076934,81.88138097713116
0.05121391865553018,6.829291916260832,79.26250840133892
0.02251968941495957,5.371706569555882,63.843995799331616
0.02044015181428409,4.204924293478845,85.0857861948857
0.0645057363901376,4.634258154797684,54.733837260550544
0.03478460973552359,4.564441254766745,80.32748426899586
0.04219454029787068,7.599222868047779,99.32337199161181
0.05447749464485385,2.957006764069755,69.33922636912379
0.035569158340123606,7.328100418350866,92.0458937708653
0.2647499970182157,6.380914479270979,61.37693756073568
0.03065310106518056,0.42961952135263204,88.59793731459645
0.021197644639413843,2.9543623823975764,64.1082903218674
0.035316551316245545,4.1160372461929615,54.25973800092285
0.05560878931518097,5.337308931409778,70.8438197785959
0.01667563912047644,3.665261950251885,74.09469379963474
0.04143163935245683,6.657517256943614,90.40206857766967
0.01874979710002497,1.4288716892156583,70.07562100981973
0.01294584267586835,2.9598777045851237,93.36017902296211
0.2730264057298341,2.981347079943768,82.53126587729795
0.15914157069292867,3.6312751345720575,74.45444614851571
0.06398964605518304,6.986553350615667,97.74293655273041
0.09502847893602909,3.1689446336592493,93.8758382522566
0.24531364256518354,6.617601609389682,71.0205375794894
0.020223424907691318,3.5277258966150975,57.87772560712824
0.04117548751878234,2.495230052086645,84.54759273344106
0.048902485874902514,4.338745095341386,93.46442004100234
0.05212057069082496,3.5837326286350555,62.496770175919856
0.11565284023411956,0.5073295481985753,58.71080547053987
0.09744998036802265,2.2491463724133727,71.96158622231403
0.049965443870163266,5.4236501691664625,58.75468409293196
0.0344353635632032,6.293755954560943,85.83677071639272
0.05589289870473792,6.090724955969798,90.57976517879735
0.021455678405002468,7.920948855076934,81.88138097713116
0.05255479507123442,6.374087439963966,76.69396386394617
0.023374911231694884,6.935470161876495,63.67302546164169
0.023316048831773836,3.2868695337696088,86.69016118137496
0.0645057363901376,4.634258154797684,54.733837260550544
0.03655632640603622,4.692549330286132,81.18800579327315
0.04222617636524258,7.638273628616999,99.69332166534768
0.05393602591896749,1.758189800951813,61.21356966629101
0.035569158340123606,7.328100418350866,92.0458937708653
0.2642108872268848,6.3815822222515,61.44700673234097
0.03065310106518056,0.42961952135263204,88.59793731459645
0.02074399812629232,2.8163023943798082,63.226421045356616
0.035316551316245545,4.1160372461929615,54.25973800092285
0.05800429262842634,5.229099138637427,69.14755843347736
0.01667563912047644,3.665261950251885,74.09469379963474
0.042348734569385815,7.027147413358393,92.13532611434891
0.01874979710002497,1.4288716892156583,70.07562100981973
0.026367347732843986,2.566406414645569,82.83434464241397
0.41495243599538895,0.7334414812681072,93.25211177236424
0.12482091347782366,4.700552595607928,76.30574173280694
0.06278243625001141,7.137952864882795,98.6549972974835
0.09502847893602909,3.1689446336592493,93.8758382522566
0.3203104537503584,7.4402671538675005,77.77605294653567
0.013090833753966795,3.1629701236556245,55.264163471077595
0.0411732430250635,2.458758607188913,84.49629372819493
0.048902485874902514,4.338745095341386,93.46442004100234
0.05144338338599887,3.6875025974488937,63.39048614693363
0.11565284023411956,0.5073295481985753,58.71080547053987
0.07930228583645935,3.985684470729551,85.1722093418051
0.04195847055448869,6.022925680183532,58.76003268304315
0.0344353635632032,6.293755954560943,85.83677071639272
0.06072599449565659,6.440193136114142,92.92719636020408
0.021455678405002468,7.920948855076934,81.88138097713116
0.05255479507123442,6.374087439963966,76.69396386394617
0.023374911231694884,6.935470161876495,63.67302546164169
0.024617842888859272,2.7799151101884294,87.0286529289421
0.08993853995075934,5.362042854535798,54.47150704802779
0.040717854173445193,5.186344651516121,85.9151802076115
0.04222617636524258,7.638273628616999,99.69332166534768
0.09275005538280631,0.4232668407320759,66.86712189884065
0.03181962188285664,5.770882319461002,90.32807936442265
0.2642108872268848,6.3815822222515,61.44700673234097
0.029080722826918596,0.6743408280290888,85.61351055113246
0.02074399812629232,2.8163023943798082,63.226421045356616
0.035316551316245545,4.1160372461929615,54.25973800092285
0.0840666376099278,7.752194581892892,68.53138729935705
0.01667563912047644,3.665261950251885,74.09469379963474
0.04584566105149372,6.877549484424474,93.85155623474388
0.01874979710002497,1.4288716892156583,70.07562100981973
0.05774045775402005,3.946084953742838,68.836960083207
0.41495243599538895,0.7334414812681072,93.25211177236424
0.1533802848628174,4.24478345944022,82.35304619652962
0.06278243625001141,7.137952864882795,98.6549972974835
0.08143544048399333,3.9253085729135364,84.79711183172908
0.3203104537503584,7.4402671538675005,77.77605294653567
0.013090833753966795,3.1629701236556245,55.264163471077595
0.05108716715674923,4.605492008352644,90.99206205826377
0.048902485874902514,4.338745095341386,93.46442004100234
0.05144338338599887,3.6875025974488937,63.39048614693363
0.11565284023411956,0.5073295481985753,58.71080547053987
0.07995612381816039,3.9231192471759337,84.69624766290212
0.04195847055448869,6.022925680183532,58.76003268304315
0.03622159015818186,6.933073779797901,85.61991640288959
0.06072599449565659,6.440193136114142,92.92719636020408
0.021455678405002468,7.920948855076934,81.88138097713116
0.03913432945232971,4.410854132939179,74.06650496560299
0.023374911231694884,6.935470161876495,63.67302546164169
0.018298380706377675,0.5180829157015854,87.795858297591
0.08993853995075934,5.362042854535798,54.47150704802779
0.04040035515213679,5.123429913595755,84.05441213268092
0.04222617636524258,7.638273628616999,99.69332166534768
0.07922036210172174,0.4766199057419176,70.85071774336876
0.03037331591390084,5.569489738726547,87.6203146920634
0.2642108872268848,6.3815822222515,61.44700673234097
0.029080722826918596,0.6743408280290888,85.61351055113246
0.02727704809390539,3.873297313367714,71.19702996689949
0.03173247641492017,3.5346920712256997,57.68136836947053
0.0840666376099278,7.752194581892892,68.53138729935705
0.015581027269416509,3.511888327455137,68.34483584306423
0.04584566105149372,6.877549484424474,93.85155623474388
0.01874979710002497,1.4288716892156583,70.07562100981973
0.05858652287940948,2.5707912622369493,57.26859258602402
0.3769325544109218,2.1580098494382822,85.23026021728802
0.22140864494214646,2.1679050221536844,71.74047847940156
0.05580994331334936,7.084170015922135,95.2331556455968
0.08143544048399333,3.9253085729135364,84.79711183172908
0.2738364538557134,7.377699190108135,80.84334906500644
0.02050803432842955,3.8437971912955335,62.20386878739379
0.0528506070811674,5.5310069202158285,92.57564626956395
0.06610276723246693,3.1962678991099978,98.88939355555058
0.084844518616047,4.144316557871696,70.46767932505227
0.11565284023411956,0.5073295481985753,58.71080547053987
0.08110981084499574,3.8958496575170978,84.44464870570805
0.04195847055448869,6.022925680183532,58.76003268304315
0.03255235663970319,6.324896163600217,82.54895826254587
0.06072599449565659,6.440193136114142,92.92719636020408
0.021455678405002468,7.920948855076934,81.88138097713116
0.041348431163307234,4.394509519215214,78.46333842115551
0.040861663541498686,7.170788194340918,65.07283685534101
0.018298380706377675,0.5180829157015854,87.795858297591
0.08993853995075934,5.362042854535798,54.47150704802779
0.04137119592169766,4.974801901382479,84.24064509277957
0.04222617636524258,7.638273628616999,99.69332166534768
0.08105870186208283,0.19550292290407256,71.93871601170541
0.03037331591390084,5.569489738726547,87.6203146920634
0.2642108872268848,6.3815822222515,61.44700673234097
0.026637832580884434,2.9959886882338784,84.41782139461311
0.02636968790921047,3.771189972839709,70.43266927838755
0.06058181661766404,3.326806679668336,59.819728995681814
0.0840666376099278,7.752194581892892,68.53138729935705
0.015581027269416509,3.511888327455137,68.34483584306423
0.04584566105149372,6.877549484424474,93.85155623474388
0.018867357271458735,1.6660639708010747,65.46082597199256
0.06110540546883524,1.7193403596798307,50.03609988270817
0.3769325544109218,2.1580098494382822,85.23026021728802
0.125237298327968,2.9584654058809403,71.09561360784315
0.05580994331334936,7.084170015922135,95.2331556455968
0.1123078389310451,1.0018123228311673,73.06820705194164
0.2738364538557134,7.377699190108135,80.84334906500644
0.02323483516862483,4.027488701769958,58.805214406255544
0.0528506070811674,5.5310069202158285,92.57564626956395
0.06662828520493147,2.8792113492383598,99.47213006588912
0.08489141484037793,4.142283966694492,70.43527377888451
0.12140384068588053,0.1614508892215314,56.73424557394731
0.07707817728780693,4.236737532313924,85.52010931614424
0.04195847055448869,6.022925680183532,58.76003268304315
0.03255235663970319,6.324896163600217,82.54895826254587
0.06072599449565659,6.440193136114142,92.92719636020408
0.021455678405002468,7.920948855076934,81.88138097713116
0.04100829709449404,4.429696733132526,78.53170862519073
0.040861663541498686,7.170788194340918,65.07283685534101
0.018298380706377675,0.5180829157015854,87.795858297591
0.1735841829780903,5.851392010252032,57.81954341553503
0.04137119592169766,4.974801901382479,84.24064509277957
0.04222617636524258,7.638273628616999,99.69332166534768
0.08105870186208283,0.19550292290407256,71.93871601170541
0.03037331591390084,5.569489738726547,87.6203146920634
0.24224643136652352,6.253084340687934,60.567848005699716
0.031574363216712434,2.9953624253077917,83.76962380816929
0.033795685222072644,3.8393670171183008,72.64214722875302
0.06058181661766404,3.326806679668336,59.819728995681814
0.0840666376099278,7.752194581892892,68.53138729935705
0.015581027269416509,3.511888327455137,68.34483584306423
0.04584566105149372,6.877549484424474,93.85155623474388
0.01829772682002953,0.289506458638888,61.8470363076904
0.06110540546883524,1.7193403596798307,50.03609988270817
0.4182616396688356,2.0619538127306916,83.33340119336589
0.1272748330129478,2.9832215797091646,71.20354894311274
0.050582862160793524,6.351646553284628,93.2952557678552
0.08384689017006833,2.901368467311506,76.45143747909772
0.2738364538557134,7.377699190108135,80.84334906500644
0.02280130330323019,3.793085026992288,59.46587480692028
0.0528506070811674,5.5310069202158285,92.57564626956395
0.05995680260384662,3.282960024581117,94.01921351109614
0.08456241299802,4.1649137440857125,70.39520424464168
0.12140384068588053,0.1614508892215314,56.73424557394731
0.10241973753066767,2.558214181898763,87.17791066025127
0.04195847055448869,6.022925680183532,58.76003268304315
0.03255235663970319,6.324896163600217,82.54895826254587
0.06072599449565659,6.440193136114142,92.92719636020408
0.021455678405002468,7.920948855076934,81.88138097713116
0.04100829709449404,4.429696733132526,78.53170862519073
0.040861663541498686,7.170788194340918,65.07283685534101
0.018298380706377675,0.5180829157015854,87.795858297591
0.1735841829780903,5.851392010252032,57.81954341553503
0.029181176153401933,6.020530441271374,99.73683622032699
0.04222617636524258,7.638273628616999,99.69332166534768
0.08105870186208283,0.19550292290407256,71.93871601170541
0.026380019385962752,5.8781346007815465,86.75656591544085
0.2785349267788525,7.616838989784862,58.00790319638489
0.031574363216712434,2.9953624253077917,83.76962380816929
0.03480696960490392,4.223610571486478,67.5762255578156
0.06058181661766404,3.326806679668336,59.819728995681814
0.0840666376099278,7.752194581892892,68.53138729935705
0.015581027269416509,3.511888327455137,68.34483584306423
0.04584566105149372,6.877549484424474,93.85155623474388
0.01829772682002953,0.289506458638888,61.8470363076904
0.06110540546883524,1.7193403596798307,50.03609988270817
0.32926310351017185,2.9674413872771948,87.08553434387906
0.16445172576983905,2.79169588325032,77.54926662427202
0.03647015059961876,3.7017200872448077,79.5483829215936
0.05958158472224864,4.520896700477694,79.33592036843349
0.1933728510384861,5.849247522013988,72.91087811409292
0.02280130330323019,3.793085026992288,59.46587480692028
0.0528506070811674,5.5310069202158285,92.57564626956395
0.05995680260384662,3.282960024581117,94.01921351109614
0.08456241299802,4.1649137440857125,70.39520424464168
0.11594929210932112,0.8500934708350152,65.48137725059718
0.07591251973841907,3.0178252498410187,84.1113629708466
0.04195847055448869,6.022925680183532,58.76003268304315
0.03255235663970319,6.324896163600217,82.54895826254587
0.054663583375873674,6.832805455270048,95.1444632002662
0.02264277050144567,7.6079288955480235,82.64533251117922
0.04100829709449404,4.429696733132526,78.53170862519073
0.040861663541498686,7.170788194340918,65.07283685534101
0.018298380706377675,0.5180829157015854,87.795858297591
0.16440744836997964,5.852386488474147,50.82113538786166
0.02884350609864465,6.108310411921396,98.86070024582708
0.04222617636524258,7.638273628616999,99.69332166534768
0.08105870186208283,0.19550292290407256,71.93871601170541
0.028144747395072018,6.005867841997709,85.55357217560484
0.2785349267788525,7.616838989784862,58.00790319638489
0.031574363216712434,2.9953624253077917,83.76962380816929
0.03480696960490392,4.223610571486478,67.5762255578156
0.060559189484306025,3.3332577702195882,59.915596596336215
0.09263850755411099,7.775533607475991,62.14723089552737
0.015581027269416509,3.511888327455137,68.34483584306423
0.04584566105149372,6.877549484424474,93.85155623474388
0.01061220412042907,0.15792857668058913,61.02133295095991
0.06110540546883524,1.7193403596798307,50.03609988270817
0.32926310351017185,2.9674413872771948,87.08553434387906
0.13020042956031658,2.205305967336135,73.8694375016486
0.033740075552137996,4.570227218677225,87.10993948963856
0.05958158472224864,4.520896700477694,79.33592036843349
0.1933728510384861,5.849247522013988,72.91087811409292
0.02280130330323019,3.793085026992288,59.46587480692028
0.0528506070811674,5.5310069202158285,92.57564626956395
0.05995680260384662,3.282960024581117,94.01921351109614
0.10349182825844058,3.5472316010491487,65.30922562129979
0.11594929210932112,0.8500934708350152,65.48137725059718
0.09239446731837431,1.0649794429315174,93.06384012782236
0.023026141617807735,7.346519051140609,57.04021523034187
0.03255235663970319,6.324896163600217,82.54895826254587
0.054663583375873674,6.832805455270048,95.1444632002662
0.02270053565090177,7.7052236057621135,82.92183529842744
0.04100829709449404,4.429696733132526,78.53170862519073
0.040861663541498686,7.170788194340918,65.07283685534101
0.018298380706377675,0.5180829157015854,87.795858297591
0.14838134006793993,5.806217524675357,56.81953320692904
0.02550539379161263,5.9572821203846145,99.84416883068964
0.04222617636524258,7.638273628616999,99.69332166534768
0.07520651734686029,1.0912666850670711,68.50636542840213
0.023851694233481973,6.3571018743724474,88.27172186330262
0.2785349267788525,7.616838989784862,58.00790319638489
0.03279469177436635,1.9241620565150894,83.134857918525
0.0453206212014538,4.600632176492758,74.67865535872075
0.05694038361627149,3.887169758205648,57.793139520743246
0.08419799170510764,7.814852251100707,61.085081414412045
0.015940655942444218,3.531786838133786,68.31591150716591
0.04584566105149372,6.877549484424474,93.85155623474388
0.01061220412042907,0.15792857668058913,61.02133295095991
0.06110540546883524,1.7193403596798307,50.03609988270817
0.32926310351017185,2.9674413872771948,87.08553434387906
0.1156937680809976,2.440264663527622,70.9627740630208
0.032138201661968215,4.644109937824234,88.73422536094974
0.06191242130367876,4.410795769426633,78.8749220137987
0.23397882341460227,7.117124855150783,79.93341195810117
0.023467371728416127,3.7692451868076815,59.74787279626057
0.0528506070811674,5.5310069202158285,92.57564626956395
0.059390537636054105,3.286161165940587,93.68854214194197
0.12192398092215194,4.203208143632977,60.49364310019571
0.11594929210932112,0.8500934708350152,65.48137725059718
0.08570397179556959,1.5416803554316574,86.09741200075527
0.023026141617807735,7.346519051140609,57.04021523034187
0.03007929247624312,6.671394372909073,82.64256012923266
0.054663583375873674,6.832805455270048,95.1444632002662
0.02270053565090177,7.7052236057621135,82.92183529842744
0.019554478862734745,5.001172194717942,80.70592730735207
0.04269862696586825,6.919538514620003,69.28685744807878
0.018667240733113835,0.5284339236345503,87.47048960925648
0.14838134006793993,5.806217524675357,56.81953320692904
0.02550539379161263,5.9572821203846145,99.84416883068964
0.03932578962152675,7.040064999605886,93.51716851408382
0.08767250494198256,1.921650457009405,66.36826781987936
0.023851694233481973,6.3571018743724474,88.27172186330262
0.2909271893021576,7.7558230632431435,51.909823696232294
0.03279469177436635,1.9241620565150894,83.134857918525
0.0453206212014538,4.600632176492758,74.67865535872075
0.04999521867795408,4.344535002361212,67.08378462712406
0.08419799170510764,7.814852251100707,61.085081414412045
0.015940655942444218,3.531786838133786,68.31591150716591
0.049458332386246626,5.919659203981268,93.80807733432351
0.01061220412042907,0.15792857668058913,61.02133295095991
0.06916320907226983,1.930986058662481,50.1017946930287
0.2408402167905699,3.7875123596311173,88.84179193409064
0.11473689862262082,2.169502361184715,72.57067927099408
0.032138201661968215,4.644109937824234,88.73422536094974
0.0761569216037377,3.682376739365159,75.35810222133958
0.2104777937919984,6.142012930422972,78.48231328383142
0.023467371728416127,3.7692451868076815,59.74787279626057
0.0528506070811674,5.5310069202158285,92.57564626956395
0.059390537636054105,3.286161165940587,93.68854214194197
0.09844652936983259,4.94940169107528,59.6738305939344
0.11169360060304623,1.1305177497129018,66.53619026692968
0.08570397179556959,1.5416803554316574,86.09741200075527
0.023026141617807735,7.346519051140609,57.04021523034187
0.04433078375863383,6.9725098877871075,76.96566426232815
0.056247129525389655,5.575799619661265,84.05580318891106
0.022788593482489832,7.7017005062278905,82.97795486625914
0.012066859089340097,5.213632883633713,75.92889556468802
0.04269862696586825,6.919538514620003,69.28685744807878
0.018667240733113835,0.5284339236345503,87.47048960925648
0.14838134006793993,5.806217524675357,56.81953320692904
0.025194496794083983,5.962128587605407,99.92680712708159
0.034462846890119234,7.483392283908643,95.91477333057708
0.08767250494198256,1.921650457009405,66.36826781987936
0.023851694233481973,6.3571018743724474,88.27172186330262
0.2732888903287722,7.492918328232376,52.42672322397633
0.03279469177436635,1.9241620565150894,83.134857918525
0.06556391537999728,5.370769882062514,88.50946912857495
0.0509570696786795,4.101532475082275,64.70081018587078
0.08419799170510764,7.814852251100707,61.085081414412045
0.012512776247698254,1.4444485252308574,60.97651618993207
0.049458332386246626,5.919659203981268,93.80807733432351
0.01061220412042907,0.15792857668058913,61.02133295095991
0.06916320907226983,1.930986058662481,50.1017946930287
0.20211534866760467,3.7627899794698116,85.67113576435048
0.11473689862262082,2.169502361184715,72.57067927099408
0.032138201661968215,4.644109937824234,88.73422536094974
0.0761569216037377,3.682376739365159,75.35810222133958
0.23243364220735757,6.544060642651246,78.99299121041247
0.023467371728416127,3.7692451868076815,59.74787279626057
0.04434324534674548,6.205801111568396,98.86046128202496
0.05502161046485634,2.190618788542275,93.72329278388688
0.09844652936983259,4.94940169107528,59.6738305939344
0.11066703054483618,0.7800458320046735,64.50062697726007
0.09420620425377815,0.9780146142016233,83.64461345345721
0.023026141617807735,7.346519051140609,57.04021523034187
0.04433078375863383,6.9725098877871075,76.96566426232815
0.0650426178415644,4.703464119950024,93.64358524342452
0.02322732875204453,7.146792758641944,85.16266058511043
0.012066859089340097,5.213632883633713,75.92889556468802
0.053320182067217545,7.148689593070921,67.18765384296562
0.027152078094070928,0.8736634377027617,85.46555428329603
0.08302449053756861,4.954011210930625,59.819692236373825
0.027965002790288344,5.997383956220912,99.77252458743509
0.034462846890119234,7.483392283908643,95.91477333057708
0.08832110512953967,0.8215447649679328,67.35449969176233
0.023851694233481973,6.3571018743724474,88.27172186330262
0.282938057351269,7.560740345918916,50.64280416887414
0.03503154615523031,1.9770687611407909,85.57865982190597
0.0716215834396739,7.198102695828476,85.51357655291923
0.051684628917337425,3.218926226915792,50.57074133867184
0.08419799170510764,7.814852251100707,61.085081414412045
0.012512776247698254,1.4444485252308574,60.97651618993207
0.03686207917254192,4.051359294296315,83.17664113353058
0.01061220412042907,0.15792857668058913,61.02133295095991
0.06916320907226983,1.930986058662481,50.1017946930287
0.3321904743963048,1.116747124332801,92.84779021598493
0.11762205773695272,3.1544982117907323,78.29159810261271
0.032138201661968215,4.644109937824234,88.73422536094974
0.06941464475813197,4.147355079119066,73.03356895921671
0.2999053401921723,5.714927571850357,97.72535512490848
0.023467371728416127,3.7692451868076815,59.74787279626057
0.04434324534674548,6.205801111568396,98.86046128202496
0.05502161046485634,2.190618788542275,93.72329278388688
0.15951399614938033,7.440141397449678,58.74809761396412
0.11066703054483618,0.7800458320046735,64.50062697726007
0.09649251199324944,0.6478124075039546,89.69004665245988
0.04010840805820458,7.358236444383512,57.253966864331744
0.04433078375863383,6.9725098877871075,76.96566426232815
0.07160036168613265,4.107316528312159,93.15653549664813
0.02322732875204453,7.146792758641944,85.16266058511043
0.024686386515586252,5.9015900004699064,76.33441135821437
0.053320182067217545,7.148689593070921,67.18765384296562
0.027152078094070928,0.8736634377027617,85.46555428329603
0.06957165370108294,4.209214840409327,55.849520675209966
0.027965002790288344,5.997383956220912,99.77252458743509
0.034462846890119234,7.483392283908643,95.91477333057708
0.08832110512953967,0.8215447649679328,67.35449969176233
0.023851694233481973,6.3571018743724474,88.27172186330262
0.2313415359515703,6.824903163151614,57.46440791737981
0.03503154615523031,1.9770687611407909,85.57865982190597
0.05301079833812708,4.551282610783343,85.4934789122304
0.05087167508830608,3.4202302501769966,52.71120533788397
0.062367040903828275,7.109268897021698,76.10444433351486
0.012512776247698254,1.4444485252308574,60.97651618993207
0.03981248753735307,3.6811429935989732,79.7055217075892
0.01061220412042907,0.15792857668058913,61.02133295095991
0.06916320907226983,1.930986058662481,50.1017946930287
0.27498081263933466,0.9828761377868213,84.42713076506723
0.11699360963576763,3.090206502587196,78.58478281160573
0.032138201661968215,4.644109937824234,88.73422536094974
0.05904457998837383,4.285549059863833,77.40138976748598
0.19122154364786736,6.4210536042372315,91.91143968632063
0.022629989437701566,3.19147978256909,55.92552820093925
0.05313853808435687,5.128984027322278,92.55946899784122
0.05502161046485634,2.190618788542275,93.72329278388688
0.15951399614938033,7.440141397449678,58.74809761396412
0.12066718914854076,0.6217812391322144,61.71379123208541
0.08699470863014849,1.0537925212216055,85.79570453249119
0.04010840805820458,7.358236444383512,57.253966864331744
0.04536826159771439,6.918797630461706,74.97342606800454
0.07593616527135552,3.659730761042568,98.0995913525623
0.02836307780486707,7.147116478879436,82.09498458630765
0.024686386515586252,5.9015900004699064,76.33441135821437
0.053320182067217545,7.148689593070921,67.18765384296562
0.027152078094070928,0.8736634377027617,85.46555428329603
0.06957165370108294,4.209214840409327,55.849520675209966
0.027965002790288344,5.997383956220912,99.77252458743509
0.034462846890119234,7.483392283908643,95.91477333057708
0.08143868164303339,1.4124924366022666,69.58751499537637
0.023851694233481973,6.3571018743724474,88.27172186330262
0.16671670372476236,6.927490312843648,65.30635774502385
0.03503154615523031,1.9770687611407909,85.57865982190597
0.07211772341338714,3.3679933970601463,83.67299500036187
0.05087167508830608,3.4202302501769966,52.71120533788397
0.062367040903828275,7.109268897021698,76.10444433351486
0.01060733582704302,1.1269658902686697,60.16477113239225
0.03981248753735307,3.6811429935989732,79.7055217075892
0.01061220412042907,0.15792857668058913,61.02133295095991
0.06916320907226983,1.930986058662481,50.1017946930287
0.19294373803267523,3.200104802597818,88.34539353294714
0.08572619203307816,4.825914698608521,69.91003765461106
0.03642184409605226,7.8833486777849435,91.54238242738309
0.05904457998837383,4.285549059863833,77.40138976748598
0.19122154364786736,6.4210536042372315,91.91143968632063
0.022783715150650953,3.3940737416340276,57.451191774182675
0.06277383795845301,5.039374512338686,85.86263640862876
0.04829390556750323,3.0136329597306393,89.86681020368148
0.15951399614938033,7.440141397449678,58.74809761396412
0.12066718914854076,0.6217812391322144,61.71379123208541
0.11673234002517736,0.5254172801696855,85.91991551758547
0.04010840805820458,7.358236444383512,57.253966864331744
0.04536826159771439,6.918797630461706,74.97342606800454
0.07593616527135552,3.659730761042568,98.0995913525623
0.03678751437542657,7.137739790880404,80.61083621700836
0.028048313792383595,7.273589557330155,79.99227613100568
0.053320182067217545,7.148689593070921,67.18765384296562
0.027152078094070928,0.8736634377027617,85.46555428329603
0.07427395328251601,3.7066346715517007,55.625372704300695
0.027965002790288344,5.997383956220912,99.77252458743509
0.034462846890119234,7.483392283908643,95.91477333057708
0.08143868164303339,1.4124924366022666,69.58751499537637
0.012671298445616593,4.999596711850312,85.36266509039429
0.1367669101423004,6.718647253249927,68.10147311409564
0.03503154615523031,1.9770687611407909,85.57865982190597
0.0629867832558079,3.911760746110895,87.00243516056426
0.0513397251421228,3.296688593981662,51.784034454176336
0.07029074177645497,6.1496775465676246,77.53504177054654
0.01060733582704302,1.1269658902686697,60.16477113239225
0.04235447188063482,0.7764511271325176,78.94475617827665
0.01061220412042907,0.15792857668058913,61.02133295095991
0.06916320907226983,1.930986058662481,50.1017946930287
0.16655119334705237,3.166081490150032,88.62298844462791
0.09532980636242089,5.764520148644426,81.88886694682492
0.03642184409605226,7.8833486777849435,91.54238242738309
0.07997810505838589,3.05334255431058,70.93547017703284
0.19122154364786736,6.4210536042372315,91.91143968632063
0.014988511250765356,3.6399812720492775,58.686437007467006
0.0862469290120278,4.393347640201392,76.4826019952744
0.043742024668417506,2.8922143507398186,95.86614273071923
0.16746183735976408,7.53415396127387,57.51062304312009
0.12118603152198165,0.5648477515621044,61.55084335448802
0.11673234002517736,0.5254172801696855,85.91991551758547
0.04010840805820458,7.358236444383512,57.253966864331744
0.04359055247072854,6.068918714575625,76.79731499510441
0.07593616527135552,3.659730761042568,98.0995913525623
0.03678751437542657,7.137739790880404,80.61083621700836
0.028048313792383595,7.273589557330155,79.99227613100568
0.05810510543886953,7.277223048784141,63.76414428220299
0.027152078094070928,0.8736634377027617,85.46555428329603
0.0672393857064683,3.5174306213484225,52.97752809842798
0.027965002790288344,5.997383956220912,99.77252458743509
0.034462846890119234,7.483392283908643,95.91477333057708
0.082971980208668,1.4186732798278245,69.79149078438635
0.022290753987578557,4.613462608920235,85.66084931703408
0.1367669101423004,6.718647253249927,68.10147311409564
0.03503154615523031,1.9770687611407909,85.57865982190597
0.0629867832558079,3.911760746110895,87.00243516056426
0.05300938047083309,3.1687533079026062,51.626446824710825
0.05116012524257395,6.443949661229047,74.20858524031249
0.01060733582704302,1.1269658902686697,60.16477113239225
0.04235447188063482,0.7764511271325176,78.94475617827665
0.01061220412042907,0.15792857668058913,61.02133295095991
0.06916320907226983,1.930986058662481,50.1017946930287
0.13695894917787663,4.245723919149401,85.82498385548837
0.09532980636242089,5.764520148644426,81.88886694682492
0.03642184409605226,7.8833486777849435,91.54238242738309
0.08441467266784375,3.5137640397552348,79.48201652911509
0.16845751548616264,6.239826831390788,91.07651230127303
0.010701786940519376,3.5673619101290037,57.7817114971634
0.07972922673514989,5.3382829993329075,73.03141036445902
0.04375260471872862,2.670327479711928,97.19806475928233
0.16746183735976408,7.53415396127387,57.51062304312009
0.12118603152198165,0.5648477515621044,61.55084335448802
0.10863506265471906,1.147519861447035,88.33735328260133
0.04010840805820458,7.358236444383512,57.253966864331744
0.04359055247072854,6.068918714575625,76.79731499510441
0.07593616527135552,3.659730761042568,98.0995913525623
0.03678751437542657,7.137739790880404,80.61083621700836
0.028048313792383595,7.273589557330155,79.99227613100568
0.05810510543886953,7.277223048784141,63.76414428220299
0.027152078094070928,0.8736634377027617,85.46555428329603
0.0672393857064683,3.5174306213484225,52.97752809842798
0.027965002790288344,5.997383956220912,99.77252458743509
0.03540001329685412,7.34404594430627,89.7451444076158
0.0847987588051165,1.1749776204696105,71.74383164920035
0.022290753987578557,4.613462608920235,85.66084931703408
0.13831006694890322,7.024248339666563,66.99144519170578
0.041062822017511644,2.42637391723404,91.64401623436818
0.08734344047212844,5.206701740167144,99.48205866384671
0.05300938047083309,3.1687533079026062,51.626446824710825
0.05116012524257395,6.443949661229047,74.20858524031249
0.01060733582704302,1.1269658902686697,60.16477113239225
0.04235447188063482,0.7764511271325176,78.94475617827665
0.01061220412042907,0.15792857668058913,61.02133295095991
0.06916320907226983,1.930986058662481,50.1017946930287
0.13695894917787663,4.245723919149401,85.82498385548837
0.09941487700409558,6.009589582982127,80.67633209541333
0.0434263003312389,7.824288557277445,89.85459201760753
0.037697286362576216,0.4708203273057805,90.30904273659053
0.1736402802633674,6.439522646111692,92.0633577359686
0.010701786940519376,3.5673619101290037,57.7817114971634
0.07925916026993217,5.269753572974565,72.27666436496726
0.04375260471872862,2.670327479711928,97.19806475928233
0.16746183735976408,7.53415396127387,57.51062304312009
0.12118603152198165,0.5648477515621044,61.55084335448802
0.1057481745142152,1.6978961514888042,89.84844142415373
0.04010840805820458,7.358236444383512,57.253966864331744
0.04359055247072854,6.068918714575625,76.79731499510441
0.052845171191435475,3.0027660265808835,99.52617031207875
0.03678751437542657,7.137739790880404,80.61083621700836
0.028048313792383595,7.273589557330155,79.99227613100568
0.06920560819058512,7.748583665381779,50.50237376590827
0.027152078094070928,0.8736634377027617,85.46555428329603
0.05896317431010366,4.04002617928063,62.8385432049343
0.027965002790288344,5.997383956220912,99.77252458743509
0.03540001329685412,7.34404594430627,89.7451444076158
0.08549187124203247,2.2731260316450506,79.29908320427023
0.022290753987578557,4.613462608920235,85.66084931703408
0.13831006694890322,7.024248339666563,66.99144519170578
0.05681421055772799,3.040793910379149,91.04622437241744
0.08734344047212844,5.206701740167144,99.48205866384671
0.03700605358314088,4.394988548426796,53.13689410351603
0.052388747972836894,6.521851531001479,73.72119977447214
0.01060733582704302,1.1269658902686697,60.16477113239225
0.04235447188063482,0.7764511271325176,78.94475617827665
0.01061220412042907,0.15792857668058913,61.02133295095991
0.06916320907226983,1.930986058662481,50.1017946930287
0.15919479142608772,3.3949792888020456,84.86701107785537
0.1153236693283841,7.036758011036958,74.23699226488675
0.0434263003312389,7.824288557277445,89.85459201760753
0.037697286362576216,0.4708203273057805,90.30904273659053
0.14397216181049424,6.440594992965532,87.73843256535383
0.01889336119300335,3.3450338517703133,67.55097005758745
0.054144475462976675,4.980425824850724,78.17712057227521
0.03978514486426981,3.5064242513367403,97.84503230137072
0.10247353305674498,7.412690574216985,67.99055694568926
0.11526835537256376,0.5430703024810271,61.52250508349332
0.0878982923753905,2.5413003934832785,72.757759593033
0.04010840805820458,7.358236444383512,57.253966864331744
0.051451589071301984,6.5843931995579865,68.72762747721227
0.052845171191435475,3.0027660265808835,99.52617031207875
0.03185796310031687,7.323755646050472,84.60555719399117
0.028048313792383595,7.273589557330155,79.99227613100568
0.06910088106469542,7.748891212651367,50.66224014934147
0.027152078094070928,0.8736634377027617,85.46555428329603
0.0573992375311424,3.998750044186607,77.1068118936317
0.027965002790288344,5.997383956220912,99.77252458743509
0.02882109620889702,7.66244216265211,95.95044487136965
0.07963754881298656,2.5968456973240617,82.60257295424606
0.022290753987578557,4.613462608920235,85.66084931703408
0.10760546721379217,5.025030758862473,70.81635638204172
0.05681421055772799,3.040793910379149,91.04622437241744
0.08734344047212844,5.206701740167144,99.48205866384671
0.03700605358314088,4.394988548426796,53.13689410351603
0.053434434487601976,6.588154174351226,73.30638373976255
0.010952020443290661,1.1406990931176182,60.23603592683469
0.04235447188063482,0.7764511271325176,78.94475617827665
0.01061220412042907,0.15792857668058913,61.02133295095991
0.06916320907226983,1.930986058662481,50.1017946930287
0.21546265215123966,4.06871061958789,94.42374507049257
0.1153236693283841,7.036758011036958,74.23699226488675
0.0434263003312389,7.824288557277445,89.85459201760753
0.037697286362576216,0.4708203273057805,90.30904273659053
0.18021335298335744,7.230260735096216,80.22275874402456
0.019177138767372287,3.3417285585496157,67.57238258679806
0.04410834368453474,3.122714540741815,96.64031107045892
0.05529100056436115,3.943108489475634,96.34089597307806
0.10247353305674498,7.412690574216985,67.99055694568926
0.12144346798452943,0.9439873977844222,64.8042407838411
0.0878982923753905,2.5413003934832785,72.757759593033
0.04010840805820458,7.358236444383512,57.253966864331744
0.051451589071301984,6.5843931995579865,68.72762747721227
0.052845171191435475,3.0027660265808835,99.52617031207875
0.03185796310031687,7.323755646050472,84.60555719399117
0.0347421349597663,6.1206963300868225,85.26537958304554
0.06910088106469542,7.748891212651367,50.66224014934147
0.0260059892005808,0.7786907996880497,84.83835397677201
0.0573992375311424,3.998750044186607,77.1068118936317
0.028137066066538687,5.985273929596302,99.70940251688583
0.02084971027072248,7.689472718398708,98.97653697344268
0.07705799138850337,2.5421585765699035,81.76257407793993
0.02741639221083151,4.89628295194664,83.4302507290378
0.10760546721379217,5.025030758862473,70.81635638204172
0.057817599073493486,2.9506191118473026,87.71938208018719
0.08734344047212844,5.206701740167144,99.48205866384671
0.03700605358314088,4.394988548426796,53.13689410351603
0.053434434487601976,6.588154174351226,73.30638373976255
0.010952020443290661,1.1406990931176182,60.23603592683469
0.04235447188063482,0.7764511271325176,78.94475617827665
0.01061220412042907,0.15792857668058913,61.02133295095991
0.06916320907226983,1.930986058662481,50.1017946930287
0.17644374833200704,4.178745390065147,92.65372267162131
0.1153236693283841,7.036758011036958,74.23699226488675
0.045392228573715075,7.121863229875387,90.0295755409011
0.037697286362576216,0.4708203273057805,90.30904273659053
0.20523023393108747,7.304861724624709,82.53044771636904
0.019177138767372287,3.3417285585496157,67.57238258679806
0.04195155983252992,2.9805556122740438,99.81011560610222
0.08115707845077685,2.770431146153651,84.00984300991763
0.08416507900305889,7.389632471774291,72.298317526475
0.12144346798452943,0.9439873977844222,64.8042407838411
0.10302018439711201,0.7124320548247853,68.32379055095355
0.05017070542445822,5.47866386579992,54.77701707667165
0.054384411058568186,6.384313126737038,71.694185454294
0.052845171191435475,3.0027660265808835,99.52617031207875
0.03185796310031687,7.323755646050472,84.60555719399117
0.04651695407120569,7.5460325610671495,84.89139820763302
0.06339460800667991,7.326109795276397,58.91003685652732
0.03797237049753466,2.874219190786251,76.53988939164614
0.03665854902554247,4.988033232680585,81.09099272303325
0.028137066066538687,5.985273929596302,99.70940251688583
0.02084971027072248,7.689472718398708,98.97653697344268
0.0713737057173122,4.532393689224831,72.2553864181948
0.02741639221083151,4.89628295194664,83.4302507290378
0.08359200768773387,5.21469464731174,64.11031263371112
0.050261463398130556,3.324758001218898,90.96157984497374
0.07090211151348297,4.429949020317126,91.84196189820474
0.03700605358314088,4.394988548426796,53.13689410351603
0.046855183793756486,5.600207823535062,71.41889613733917
0.010952020443290661,1.1406990931176182,60.23603592683469
0.04365937163866676,1.053374303321747,81.50480308530251
0.01061220412042907,0.15792857668058913,61.02133295095991
0.06777742353026045,2.0555269818398867,54.69651535873298
0.17644374833200704,4.178745390065147,92.65372267162131
0.1153236693283841,7.036758011036958,74.23699226488675
0.04579295017677133,7.468222760692344,90.01502201475556
0.034964478619007755,0.1412277118437446,91.77407888746318
0.18423959527884343,7.336757794605066,82.84269542923661
0.046092663114575154,4.078114864119199,80.17194632847064
0.04195155983252992,2.9805556122740438,99.81011560610222
0.10385458859802503,1.6392916116197251,85.49867050288388
0.08416507900305889,7.389632471774291,72.298317526475
0.10134319829541676,2.375413860245361,69.24705550657879
0.10302018439711201,0.7124320548247853,68.32379055095355
0.05017070542445822,5.47866386579992,54.77701707667165
0.054384411058568186,6.384313126737038,71.694185454294
0.052845171191435475,3.0027660265808835,99.52617031207875
0.03185796310031687,7.323755646050472,84.60555719399117
0.024119924154089423,7.580065695809913,85.22456679209144
0.06450702545248156,7.534937545441255,57.54301602880304
0.03797237049753466,2.874219190786251,76.53988939164614
0.03665854902554247,4.988033232680585,81.09099272303325
0.028137066066538687,5.985273929596302,99.70940251688583
0.02084971027072248,7.689472718398708,98.97653697344268
0.08149934000402498,4.572876937815788,77.88820825123719
0.02741639221083151,4.89628295194664,83.4302507290378
0.08136363558631352,5.607898672571087,61.75813350204619
0.037908702738393515,1.843723587905556,97.76152753305429
0.07090211151348297,4.429949020317126,91.84196189820474
0.03700605358314088,4.394988548426796,53.13689410351603
0.04510614501512151,5.063456721176111,72.42722711179754
0.010952020443290661,1.1406990931176182,60.23603592683469
0.04582008782874546,0.36156346482710733,83.39116975448366
0.01061220412042907,0.15792857668058913,61.02133295095991
0.06777742353026045,2.0555269818398867,54.69651535873298
0.15849150896677966,3.5507055800624796,90.88418559921831
0.13000360464343538,7.394203224234812,72.70177875340673
0.04579295017677133,7.468222760692344,90.01502201475556
0.03557490649143327,0.23115808386249093,91.53244469034658
0.247356655757767,7.611514379849874,90.72427983221472
0.05328953487968033,2.437162790681901,77.93037265121947
0.04195155983252992,2.9805556122740438,99.81011560610222
0.10385458859802503,1.6392916116197251,85.49867050288388
0.08416507900305889,7.389632471774291,72.298317526475
0.11522708772124078,2.233950829597271,62.102377267035706
0.12830837958820912,0.8675512578086708,61.66249364454471
0.05017070542445822,5.47866386579992,54.77701707667165
0.06501708665433319,6.545962022443648,60.34535322528435
0.07996012155971641,4.753472200804418,88.55095759007652
0.03185796310031687,7.323755646050472,84.60555719399117
0.044437739066892724,7.515627740592106,80.85063952425192
0.06450702545248156,7.534937545441255,57.54301602880304
0.030661992057827193,2.4136603316743384,79.03025765667041
0.03665854902554247,4.988033232680585,81.09099272303325
0.028137066066538687,5.985273929596302,99.70940251688583
0.02084971027072248,7.689472718398708,98.97653697344268
0.09281447724440473,3.7882034360008108,72.5923063268847
0.04853259880405363,5.1748259067201134,74.94727966242593
0.08136363558631352,5.607898672571087,61.75813350204619
0.037908702738393515,1.843723587905556,97.76152753305429
0.07090211151348297,4.429949020317126,91.84196189820474
0.03700605358314088,4.394988548426796,53.13689410351603
0.05191691778028497,2.5784462057575164,93.04806642836002
0.010952020443290661,1.1406990931176182,60.23603592683469
0.04582008782874546,0.36156346482710733,83.39116975448366
0.01061220412042907,0.15792857668058913,61.02133295095991
0.06823012390202102,2.0811738117863463,54.178678852895224
0.1502626189397046,3.7084424998564556,88.30426245056597
0.11572116007702475,7.4590577248967564,69.46067469877366
0.04579295017677133,7.468222760692344,90.01502201475556
0.03709245035986888,0.42013799601209856,90.36720765750587
0.2029300995921179,7.0630546317840714,89.25093162211304
0.05328953487968033,2.437162790681901,77.93037265121947
0.04195155983252992,2.9805556122740438,99.81011560610222
0.0928142191310764,2.639863005539377,79.77493593290342
0.08416507900305889,7.389632471774291,72.298317526475
0.11522708772124078,2.233950829597271,62.102377267035706
0.12830837958820912,0.8675512578086708,61.66249364454471
0.04972919686309868,5.635535009603869,56.7850050567636
0.06501708665433319,6.545962022443648,60.34535322528435
0.07984639068134942,4.682172353618517,88.99054040515168
0.03185796310031687,7.323755646050472,84.60555719399117
0.07209188949879414,7.436661632756147,82.31634386846346
0.03817739559293799,7.59151275336313,51.44919225055925
0.030661992057827193,2.4136603316743384,79.03025765667041
0.03685724578303469,5.073335440390734,81.15927546893916
0.028137066066538687,5.985273929596302,99.70940251688583
0.02084971027072248,7.689472718398708,98.97653697344268
0.08163238052230533,3.4574349858514166,78.18526324108481
0.0666778263755466,4.453797238373264,52.91724200025756
0.08136363558631352,5.607898672571087,61.75813350204619
0.037908702738393515,1.843723587905556,97.76152753305429
0.07090211151348297,4.429949020317126,91.84196189820474
0.03502083733584982,4.633678754339096,50.114173375472234
0.05191691778028497,2.5784462057575164,93.04806642836002
0.010952020443290661,1.1406990931176182,60.23603592683469
0.04582008782874546,0.36156346482710733,83.39116975448366
0.01061220412042907,0.15792857668058913,61.02133295095991
0.053402270101365085,3.2208601473602663,52.363888496857115
0.16932076916449446,4.06293711759455,91.13381360658411
0.11572116007702475,7.4590577248967564,69.46067469877366
0.04579295017677133,7.468222760692344,90.01502201475556
0.03709245035986888,0.42013799601209856,90.36720765750587
0.2029300995921179,7.0630546317840714,89.25093162211304
0.03360090932407294,1.3856680464077809,70.1296094535084
0.04195155983252992,2.9805556122740438,99.81011560610222
0.0928142191310764,2.639863005539377,79.77493593290342
0.06834411383829961,5.834118352323454,69.87267773445532
0.11522708772124078,2.233950829597271,62.102377267035706
0.10099183362506378,2.562704165012047,76.0232744328249
0.04972919686309868,5.635535009603869,56.7850050567636
0.06291994553237512,6.453560899628813,59.036231490284706
0.07984639068134942,4.682172353618517,88.99054040515168
0.014861610546783699,7.349656803541118,84.14403012627193
0.08272837032419142,7.7878780925076025,78.10745573371565
0.03817739559293799,7.59151275336313,51.44919225055925
0.08482267215472905,3.057874526097491,83.75795564677989
0.0367451393865763,4.859493206666311,83.682239410687
0.028137066066538687,5.985273929596302,99.70940251688583
0.02084971027072248,7.689472718398708,98.97653697344268
0.08163238052230533,3.4574349858514166,78.18526324108481
0.0666778263755466,4.453797238373264,52.91724200025756
0.08136363558631352,5.607898672571087,61.75813350204619
0.03369349808425755,1.6226385896379698,99.17985264629537
0.07151354976917906,4.4690290899916345,91.55922639993706
0.03502083733584982,4.633678754339096,50.114173375472234
0.048239020959969396,3.797897011808924,83.28883085845283
0.010952020443290661,1.1406990931176182,60.23603592683469
0.04332382873685635,0.11690303892520593,83.85328595508055
0.016457686535835972,0.3344218665130567,62.354923817829466
0.04990194435992923,2.937012119986611,60.67851734741026
0.17631368302600114,4.216473825385779,92.68025506668916
0.11812416438424798,7.448146032314383,70.00598660019413
0.04579295017677133,7.468222760692344,90.01502201475556
0.03709245035986888,0.42013799601209856,90.36720765750587
0.19679078306613818,7.078884468324073,89.28078447862944
0.03360090932407294,1.3856680464077809,70.1296094535084
0.04195155983252992,2.9805556122740438,99.81011560610222
0.12249768420626854,3.536099112749209,86.54693439396834
0.06834411383829961,5.834118352323454,69.87267773445532
0.12696009750258308,2.614737507677362,67.97552402740303
0.1117475954510409,2.0656079115058947,74.82211257310489
0.04972919686309868,5.635535009603869,56.7850050567636
0.06785079292040544,6.519945615859721,53.270371900758526
0.07984639068134942,4.682172353618517,88.99054040515168
0.014861610546783699,7.349656803541118,84.14403012627193
0.08136714115783693,7.575890887152559,76.91251694872359
0.037973040164661714,7.201706081871984,56.048228461957514
0.07495745969182308,2.914140935094902,86.5431498599659
0.03703079441837679,5.105395942123629,80.62810323825914
0.028137066066538687,5.985273929596302,99.70940251688583
0.02084971027072248,7.689472718398708,98.97653697344268
0.08163238052230533,3.4574349858514166,78.18526324108481
0.06796625504114658,4.366540940809756,54.80331059027386
0.08587111227257763,6.006360142441309,60.96809835050025
0.03369349808425755,1.6226385896379698,99.17985264629537
0.08894659313007369,2.4362198189169497,92.60586537537134
0.08508562534910771,5.390424422805647,62.23551070562468
0.05323028478167514,4.153591373245778,86.37469402086833
0.010952020443290661,1.1406990931176182,60.23603592683469
0.04332382873685635,0.11690303892520593,83.85328595508055
0.017738091912363516,0.5549412249041508,62.45641025408437
0.04990194435992923,2.937012119986611,60.67851734741026
0.17631368302600114,4.216473825385779,92.68025506668916
0.12682580307697625,7.990105528680724,72.05256237744568
0.04579295017677133,7.468222760692344,90.01502201475556
0.03709245035986888,0.42013799601209856,90.36720765750587
0.1660002345526022,6.613475242759047,81.82599160076569
0.03360090932407294,1.3856680464077809,70.1296094535084
0.042330300082793995,3.423015249691982,98.84437251162393
0.08687808569036716,3.0857744019570665,82.48742746809319
0.06771791982703952,5.7644909980562575,70.55638692115801
0.12696009750258308,2.614737507677362,67.97552402740303
0.1117475954510409,2.0656079115058947,74.82211257310489
0.045913415383244734,5.407470250602608,64.68961953437
0.06785079292040544,6.519945615859721,53.270371900758526
0.12238673403338075,7.502225648069369,79.59878147373811
0.014861610546783699,7.349656803541118,84.14403012627193
0.08136714115783693,7.575890887152559,76.91251694872359
0.03864177443431312,6.492188921714822,63.40399796443375
0.09600396549585381,1.3607539408647114,87.38335909434898
0.03703079441837679,5.105395942123629,80.62810323825914
0.028137066066538687,5.985273929596302,99.70940251688583
0.02084971027072248,7.689472718398708,98.97653697344268
0.08131311235691345,3.510370529427572,78.01021819981395
0.06484719969287508,4.513765342802749,56.20158606250759
0.0860167054700171,6.120526334340197,60.73317831333185
0.03369349808425755,1.6226385896379698,99.17985264629537
0.08894659313007369,2.4362198189169497,92.60586537537134
0.08508562534910771,5.390424422805647,62.23551070562468
0.05323028478167514,4.153591373245778,86.37469402086833
0.010952020443290661,1.1406990931176182,60.23603592683469
0.04408951269276323,0.445160005054257,81.15577354856276
0.018011741918194598,0.5313203943864142,62.545947396504424
0.04990194435992923,2.937012119986611,60.67851734741026
0.17631368302600114,4.216473825385779,92.68025506668916
0.12682580307697625,7.990105528680724,72.05256237744568
0.04579295017677133,7.468222760692344,90.01502201475556
0.03709245035986888,0.42013799601209856,90.36720765750587
0.1702284579661584,6.967916970391031,82.37184459116185
0.03360090932407294,1.3856680464077809,70.1296094535084
0.042816654055618096,3.4241051040372206,98.58444324718997
0.08323279709142775,3.201458070014768,82.90856073871383
0.06771791982703952,5.7644909980562575,70.55638692115801
0.13669373934774934,2.4115815273930794,65.54650753657535
0.1117475954510409,2.0656079115058947,74.82211257310489
0.045913415383244734,5.407470250602608,64.68961953437
0.06785079292040544,6.519945615859721,53.270371900758526
0.1059991631010645,6.651095971886143,72.93513353474377
0.014861610546783699,7.349656803541118,84.14403012627193
0.08136714115783693,7.575890887152559,76.91251694872359
0.03864177443431312,6.492188921714822,63.40399796443375
0.09941627518567969,0.8407554985904975,84.85822539525172
0.03703079441837679,5.105395942123629,80.62810323825914
0.06043019884193147,6.641299074742186,90.65947404656511
0.02084971027072248,7.689472718398708,98.97653697344268
0.08128231935781083,1.1932810773694564,78.63583848125703
0.06484719969287508,4.513765342802749,56.20158606250759
0.09175078043643407,6.590925247554047,64.34358866556603
0.03369349808425755,1.6226385896379698,99.17985264629537
0.08894659313007369,2.4362198189169497,92.60586537537134
0.0972804931129218,5.127770705292546,56.39294359170396
0.05323028478167514,4.153591373245778,86.37469402086833
0.010952020443290661,1.1406990931176182,60.23603592683469
0.04408951269276323,0.445160005054257,81.15577354856276
0.018011741918194598,0.5313203943864142,62.545947396504424
0.04903425072503769,2.5650225047913526,63.73541089613846
0.17631368302600114,4.216473825385779,92.68025506668916
0.12682580307697625,7.990105528680724,72.05256237744568
0.025657947681325927,7.549177614456856,91.25177026476203
0.03709245035986888,0.42013799601209856,90.36720765750587
0.1702284579661584,6.967916970391031,82.37184459116185
0.02439006912065421,1.2940076939495306,70.53908719685056
0.042816654055618096,3.4241051040372206,98.58444324718997
0.10037403478455559,3.107029323351156,76.2601275151562
0.08809999186535407,4.9273539179782695,58.19701686650866
0.15562861931402677,0.6441571594586382,61.656623991307136
0.1117475954510409,2.0656079115058947,74.82211257310489
0.03271422479417798,6.030493161159097,70.60682919987279
0.06785079292040544,6.519945615859721,53.270371900758526
0.10473888294873922,7.656413463575068,72.521434271168
0.014861610546783699,7.349656803541118,84.14403012627193
0.08136714115783693,7.575890887152559,76.91251694872359
0.035031776092369876,7.0306963413867605,62.765752516338814
0.10714151266890903,0.8701206895654228,86.97564612618052
0.010825828060489179,4.39398776560081,88.42662782836291
0.06043019884193147,6.641299074742186,90.65947404656511
0.02084971027072248,7.689472718398708,98.97653697344268
0.08128231935781083,1.1932810773694564,78.63583848125703
0.08424631227433015,5.727871925867,54.74942005782877
0.09175078043643407,6.590925247554047,64.34358866556603
0.03369349808425755,1.6226385896379698,99.17985264629537
0.08894659313007369,2.4362198189169497,92.60586537537134
0.11525836519886945,4.27732566848559,58.30044499578871
0.05508964115241673,3.9834890583403006,87.80372473757403
0.010952020443290661,1.1406990931176182,60.23603592683469
0.04408951269276323,0.445160005054257,81.15577354856276
0.018011741918194598,0.5313203943864142,62.545947396504424
0.04903425072503769,2.5650225047913526,63.73541089613846
0.30708988854894426,1.3235314845613493,93.92024650555359
0.12682580307697625,7.990105528680724,72.05256237744568
0.022780012884732144,4.907745233895801,80.44726289775342
0.03709245035986888,0.42013799601209856,90.36720765750587
0.1702284579661584,6.967916970391031,82.37184459116185
0.02439006912065421,1.2940076939495306,70.53908719685056
0.042816654055618096,3.4241051040372206,98.58444324718997
0.073406671786823,2.5067026654174747,85.52946723564651
0.06561725152109815,3.5617254520510553,75.13261391335175
0.15562861931402677,0.6441571594586382,61.656623991307136
0.11568993498993242,1.5885204810311393,77.59371570424162
0.019045633262797096,5.729264110961025,60.717535355787106
0.06504125505134993,6.655675444179211,53.01692205767985
0.10473888294873922,7.656413463575068,72.521434271168
0.014540152636453089,7.114232026365492,84.4851473477218
0.08965761022231955,7.9459642432233135,71.46908968839033
0.035031776092369876,7.0306963413867605,62.765752516338814
0.05385846562225238,0.7492939580908701,85.12502109806638
0.010825828060489179,4.39398776560081,88.42662782836291
0.06043019884193147,6.641299074742186,90.65947404656511
0.02084971027072248,7.689472718398708,98.97653697344268
0.08152155315094294,1.3861663196518839,78.43112577027429
0.08358990693487817,5.691371387177584,55.44393564192072
0.09175078043643407,6.590925247554047,64.34358866556603
0.03369349808425755,1.6226385896379698,99.17985264629537
0.08302086360486438,2.463096549841354,89.90747196252977
0.11525836519886945,4.27732566848559,58.30044499578871
0.05044040728755625,3.550618270319743,84.63662745885816
0.010952020443290661,1.1406990931176182,60.23603592683469
0.04408951269276323,0.445160005054257,81.15577354856276
0.018011741918194598,0.5313203943864142,62.545947396504424
0.07149086164000731,3.7232141433873602,57.53567117951038
0.30708988854894426,1.3235314845613493,93.92024650555359
0.12682580307697625,7.990105528680724,72.05256237744568
0.01527348939977111,3.6070359338768077,91.28053405050713
0.03709245035986888,0.42013799601209856,90.36720765750587
0.1702284579661584,6.967916970391031,82.37184459116185
0.02439006912065421,1.2940076939495306,70.53908719685056
0.042816654055618096,3.4241051040372206,98.58444324718997
0.05735882109058325,1.5846154784452575,87.66734415952125
0.07193647057338276,3.3085610089261452,67.52675445143248
0.15562861931402677,0.6441571594586382,61.656623991307136
0.11568993498993242,1.5885204810311393,77.59371570424162
0.019045633262797096,5.729264110961025,60.717535355787106
0.06358445300860097,6.223850184809636,54.97345319628121
0.10473888294873922,7.656413463575068,72.521434271168
0.014540152636453089,7.114232026365492,84.4851473477218
0.08965761022231955,7.9459642432233135,71.46908968839033
0.035031776092369876,7.0306963413867605,62.765752516338814
0.060877778195865706,1.3803391257376445,85.27024843171354
0.010825828060489179,4.39398776560081,88.42662782836291
0.044053518675888574,5.915882133352054,88.80232762925083
0.07787479294956248,7.4140200397390705,92.6377239189455
0.08152155315094294,1.3861663196518839,78.43112577027429
0.07102593458071498,6.252372215480299,54.310659615275185
0.09175078043643407,6.590925247554047,64.34358866556603
0.03369349808425755,1.6226385896379698,99.17985264629537
0.05963088911400974,3.0892640860613385,98.7237141315559
0.12279094310283131,4.922848517441202,53.805772500409304
0.044816110928831476,3.8329530496713806,76.0157573266479
0.010952020443290661,1.1406990931176182,60.23603592683469
0.04408951269276323,0.445160005054257,81.15577354856276
0.018011741918194598,0.5313203943864142,62.545947396504424
0.07149086164000731,3.7232141433873602,57.53567117951038
0.2987039415696993,1.6693814235326938,93.21263819153323
0.12682580307697625,7.990105528680724,72.05256237744568
0.01527348939977111,3.6070359338768077,91.28053405050713
0.03709245035986888,0.42013799601209856,90.36720765750587
0.11096010032895683,6.99543857935986,73.77680467706611
0.02439006912065421,1.2940076939495306,70.53908719685056
0.042816654055618096,3.4241051040372206,98.58444324718997
0.05735882109058325,1.5846154784452575,87.66734415952125
0.06560835717782348,3.728147466911362,69.39646730256152
0.15562861931402677,0.6441571594586382,61.656623991307136
0.11568993498993242,1.5885204810311393,77.59371570424162
0.019045633262797096,5.729264110961025,60.717535355787106
0.06358445300860097,6.223850184809636,54.97345319628121
0.10473888294873922,7.656413463575068,72.521434271168
0.014540152636453089,7.114232026365492,84.4851473477218
0.08965761022231955,7.9459642432233135,71.46908968839033
0.035031776092369876,7.0306963413867605,62.765752516338814
0.04476163309766174,1.0611374860778353,76.72669823345402
0.010825828060489179,4.39398776560081,88.42662782836291
0.044053518675888574,5.915882133352054,88.80232762925083
0.07787479294956248,7.4140200397390705,92.6377239189455
0.07892791571982186,1.370806115303621,78.4946914990435
0.03705836974316444,7.124789388886313,54.64196035875953
0.09567614755733146,6.552608912237168,65.03989099146428
0.053751560574592225,3.3261388761787085,91.65344931014965
0.05963088911400974,3.0892640860613385,98.7237141315559
0.12279094310283131,4.922848517441202,53.805772500409304
0.044816110928831476,3.8329530496713806,76.0157573266479
0.010952020443290661,1.1406990931176182,60.23603592683469
0.04408951269276323,0.445160005054257,81.15577354856276
0.018011741918194598,0.5313203943864142,62.545947396504424
0.07149086164000731,3.7232141433873602,57.53567117951038
0.3303322440435723,1.6833557329069162,95.91188517254899
0.12682580307697625,7.990105528680724,72.05256237744568
0.01527348939977111,3.6070359338768077,91.28053405050713
0.03709245035986888,0.42013799601209856,90.36720765750587
0.0993689270453754,7.00971939429649,75.06411356330801
0.02936900395948376,1.685526827742751,70.08114987880886
0.042816654055618096,3.4241051040372206,98.58444324718997
0.08646472781787864,3.0695482068810596,72.60483791579504
0.035254123662660605,0.6809227996407152,66.97237574683919
0.15562861931402677,0.6441571594586382,61.656623991307136
0.08793963296422243,2.4673171662842375,76.97587375564753
0.019045633262797096,5.729264110961025,60.717535355787106
0.0636690567756456,6.1195241724575515,55.57636777301143
0.10473888294873922,7.656413463575068,72.521434271168
0.014540152636453089,7.114232026365492,84.4851473477218
0.06709486266379952,4.231989737223493,76.26538829345058
0.035031776092369876,7.0306963413867605,62.765752516338814
0.044609665297554564,0.9218637160442527,77.72812123332218
0.010825828060489179,4.39398776560081,88.42662782836291
0.044053518675888574,5.915882133352054,88.80232762925083
0.07787479294956248,7.4140200397390705,92.6377239189455
0.07892791571982186,1.370806115303621,78.4946914990435
0.03636418263888577,7.071007685440726,54.87610500516633
0.09826500987707275,6.717977265807783,65.18667939507424
0.053751560574592225,3.3261388761787085,91.65344931014965
0.05846322468755195,3.136308619138599,97.31952372745748
0.11031624780532058,6.548279337199619,50.823314803187465
0.05596467712985204,4.482165911983848,75.82127674341426
0.010755203470859278,0.746528827521419,58.64806389956251
0.04408951269276323,0.445160005054257,81.15577354856276
0.018011741918194598,0.5313203943864142,62.545947396504424
0.1011505854257813,4.9884627267672315,56.21268463164722
0.3303322440435723,1.6833557329069162,95.91188517254899
0.12682580307697625,7.990105528680724,72.05256237744568
0.01527348939977111,3.6070359338768077,91.28053405050713
0.03688575840065084,0.44945929242701127,87.73681358743345
0.0993689270453754,7.00971939429649,75.06411356330801
0.025794802739283366,1.9193831168068238,69.56186476219446
0.058043123194754014,3.832437656045774,87.52446049313076
0.10202005332569167,2.7971739587443096,69.35104796121308
0.035254123662660605,0.6809227996407152,66.97237574683919
0.15562861931402677,0.6441571594586382,61.656623991307136
0.0919217974256773,3.697362250510239,75.91997479425673
0.019045633262797096,5.729264110961025,60.717535355787106
0.0859651827672879,6.314517895835303,53.007579653545235
0.07857965592490508,5.030320407265767,70.43235627481461
0.013946753704148291,7.138326179031494,84.39834565366212
0.06709486266379952,4.231989737223493,76.26538829345058
0.033923875288925376,7.167599333834066,59.56837216331973
0.05355597077665028,0.10299860532182725,73.59520270079766
0.026387248054642473,4.73094318323292,82.54504698211495
0.04498677977100014,5.800559320823897,91.49570115192495
0.07912056327274812,7.688549426906906,92.33726147398401
0.08091320017043986,1.3580076530095613,77.96309919210186
0.03636418263888577,7.071007685440726,54.87610500516633
0.09334214363867421,6.1479734464141185,66.63777294385268
0.05340621802926259,3.2853969542234864,91.9857095225506
0.05846322468755195,3.136308619138599,97.31952372745748
0.10778722801730141,6.6407205085912935,54.188831354029425
0.05596467712985204,4.482165911983848,75.82127674341426
0.010755203470859278,0.746528827521419,58.64806389956251
0.04408951269276323,0.445160005054257,81.15577354856276
0.018011741918194598,0.5313203943864142,62.545947396504424
0.1011505854257813,4.9884627267672315,56.21268463164722
0.3303322440435723,1.6833557329069162,95.91188517254899
0.12682580307697625,7.990105528680724,72.05256237744568
0.01527348939977111,3.6070359338768077,91.28053405050713
0.03688575840065084,0.44945929242701127,87.73681358743345
0.08231650698711117,6.477275502799147,76.81205936079509
0.02226726088087568,1.1472687130942907,65.84465165836328
0.058043123194754014,3.832437656045774,87.52446049313076
0.18210402592185032,4.957181126067904,75.83825711953926
0.035254123662660605,0.6809227996407152,66.97237574683919
0.15562861931402677,0.6441571594586382,61.656623991307136
0.10824271582225638,4.807050565706564,74.13346083852386
0.019045633262797096,5.729264110961025,60.717535355787106
0.05678967699379306,3.947767083572057,58.8873329845755
0.07857965592490508,5.030320407265767,70.43235627481461
0.013946753704148291,7.138326179031494,84.39834565366212
0.058795709822538296,3.787227466142119,81.15064719487003
0.033923875288925376,7.167599333834066,59.56837216331973
0.055847726244993075,1.5195963476763168,84.67478884668296
0.025938068352749602,4.7440230371152285,82.56437329526243
0.059447662355868916,5.994020874490176,82.90515317302372
0.07912056327274812,7.688549426906906,92.33726147398401
0.08091320017043986,1.3580076530095613,77.96309919210186
0.06637628541948483,6.153538960225637,61.3693338691095
0.09334214363867421,6.1479734464141185,66.63777294385268
0.05340621802926259,3.2853969542234864,91.9857095225506
0.05846322468755195,3.136308619138599,97.31952372745748
0.10778722801730141,6.6407205085912935,54.188831354029425
0.048490563118846655,4.112164161539195,76.21878384578773
0.02197590278998364,1.27307635446006,58.3457624113412
0.0667449571693787,0.37030690762225277,97.32333199334315
0.018011741918194598,0.5313203943864142,62.545947396504424
0.09770003210714712,5.100311529660672,56.38492240328799
0.242370297626325,2.8698347606789154,86.30173278700649
0.12682580307697625,7.990105528680724,72.05256237744568
0.01527348939977111,3.6070359338768077,91.28053405050713
0.03775068682873055,0.6014788982435566,86.48315412374656
0.07910936590188315,6.110478258673668,77.4036406408501
0.02226726088087568,1.1472687130942907,65.84465165836328
0.058043123194754014,3.832437656045774,87.52446049313076
0.17970045867394624,4.565623659203391,74.55077891708032
0.035254123662660605,0.6809227996407152,66.97237574683919
0.15562861931402677,0.6441571594586382,61.656623991307136
0.1196388898602988,4.525303372896564,72.89289431577866
0.019045633262797096,5.729264110961025,60.717535355787106
0.05678967699379306,3.947767083572057,58.8873329845755
0.06599747257287042,4.336584232245319,77.4298228286974
0.014277260645695154,7.038162871902911,84.12804462502245
0.05946239074055033,3.8380824700958263,80.8062033843478
0.033923875288925376,7.167599333834066,59.56837216331973
0.055847726244993075,1.5195963476763168,84.67478884668296
0.025938068352749602,4.7440230371152285,82.56437329526243
0.059447662355868916,5.994020874490176,82.90515317302372
0.07912056327274812,7.688549426906906,92.33726147398401
0.08091320017043986,1.3580076530095613,77.96309919210186
0.06567095760775203,6.073485917219406,61.44089668728835
0.1391678835061015,5.632022653837769,56.50047039016283
0.05340621802926259,3.2853969542234864,91.9857095225506
0.05846322468755195,3.136308619138599,97.31952372745748
0.10778722801730141,6.6407205085912935,54.188831354029425
0.0349837781217238,2.570223359117028,87.8367792701938
0.02197590278998364,1.27307635446006,58.3457624113412
0.0667449571693787,0.37030690762225277,97.32333199334315
0.024871056065226885,3.3920506907234884,61.26239078941832
0.09770003210714712,5.100311529660672,56.38492240328799
0.14018017072188274,1.7898360971250606,76.76472072698985
0.1171078472764991,7.90791044677814,73.09521473185576
0.015595949854291132,2.4964448699017225,93.59565995071337
0.012096951975611545,0.1518343668910922,91.54706753444245
0.07809945176685362,6.104496480027671,77.68622323890837
0.018454102192075113,0.7085441299938395,64.06778873119092
0.05082245293248883,6.705269361651124,79.39348255771307
0.2003072434266861,4.541715097604078,73.47682049264368
0.035254123662660605,0.6809227996407152,66.97237574683919
0.1468568383737487,1.7436348014621714,60.287394557419304
0.10646076665091558,4.377068026889826,76.02324875845251
0.018408491373158524,6.635446187911684,59.703544616730674
0.05678967699379306,3.947767083572057,58.8873329845755
0.03265993364342157,2.498472666515262,95.97019115116825
0.014277260645695154,7.038162871902911,84.12804462502245
0.04033238420871298,2.533815889472446,88.80632569006755
0.038317722302113305,6.4457841634999955,66.3278335430813
0.04716272706964631,0.7765427031504286,90.54537259757095
0.01748247063584768,6.324609943184974,79.38485835561949
0.06899514123159145,6.755519824362221,80.57759555193678
0.07912056327274812,7.688549426906906,92.33726147398401
0.08091320017043986,1.3580076530095613,77.96309919210186
0.08535162753861202,5.0238653445905435,61.16127054456127
0.1432500616645306,5.500805370865501,56.80118183919053
0.0750849481297501,3.737747072955261,91.0626353817962
0.04502725614307705,2.4501982444295147,82.9679571045832
0.09441157281030058,5.702101793331286,57.649232159127564
0.0349837781217238,2.570223359117028,87.8367792701938
0.02197590278998364,1.27307635446006,58.3457624113412
0.08602100179122492,2.3149860450318807,86.98534920400425
0.023930999915905117,3.3971771584567807,61.107844412222654
0.09770003210714712,5.100311529660672,56.38492240328799
0.1386987881904714,1.7736985311579656,76.98418942179578
0.08686980195122244,5.618382206902032,77.23686266588456
0.015595949854291132,2.4964448699017225,93.59565995071337
0.012096951975611545,0.1518343668910922,91.54706753444245
0.1215665321868889,7.238205072127772,73.6211673120518
0.018454102192075113,0.7085441299938395,64.06778873119092
0.05082245293248883,6.705269361651124,79.39348255771307
0.18993598398715497,4.4530186343333815,74.7835539858057
0.035254123662660605,0.6809227996407152,66.97237574683919
0.1468568383737487,1.7436348014621714,60.287394557419304
0.10646076665091558,4.377068026889826,76.02324875845251
0.01908294206399342,6.5092666171082065,60.59884140308866
0.05885178747839158,3.206741416092458,66.84886446777513
0.03265993364342157,2.498472666515262,95.97019115116825
0.014277260645695154,7.038162871902911,84.12804462502245
0.04033238420871298,2.533815889472446,88.80632569006755
0.05482027286713127,6.071872635863542,63.564663932693215
0.04716272706964631,0.7765427031504286,90.54537259757095
0.020666072363090107,6.3030603371545215,78.0359520119049
0.06899514123159145,6.755519824362221,80.57759555193678
0.07912056327274812,7.688549426906906,92.33726147398401
0.08091320017043986,1.3580076530095613,77.96309919210186
0.08636917984148544,5.151335245709735,58.197683055609026
0.10224789800078676,4.5358127104761365,68.61947105883857
0.0750849481297501,3.737747072955261,91.0626353817962
0.04502725614307705,2.4501982444295147,82.9679571045832
0.09199055666569979,5.536303540389878,57.81433332740559
0.0349837781217238,2.570223359117028,87.8367792701938
0.02197590278998364,1.27307635446006,58.3457624113412
0.10133839294579022,2.7043618264296643,91.49444009721441
0.023930999915905117,3.3971771584567807,61.107844412222654
0.13960992686163565,7.218513809960491,55.29968578044478
0.1386987881904714,1.7736985311579656,76.98418942179578
0.12739577077147615,7.393500731518828,67.93532936584327
0.015595949854291132,2.4964448699017225,93.59565995071337
0.012096951975611545,0.1518343668910922,91.54706753444245
0.1215665321868889,7.238205072127772,73.6211673120518
0.023275505406662234,0.7199639921642722,68.51450495365962
0.05779820629083951,6.641726584152831,78.48974843634991
0.1956127154246192,4.810046243892818,76.69377766312964
0.035254123662660605,0.6809227996407152,66.97237574683919
0.140717612813886,1.9654524722151079,61.15086817771626
0.10498187413366912,4.202301252157719,76.13554243985241
0.01908294206399342,6.5092666171082065,60.59884140308866
0.042511289047131834,3.478406406884404,68.06717736784282
0.03265993364342157,2.498472666515262,95.97019115116825
0.014277260645695154,7.038162871902911,84.12804462502245
0.04033238420871298,2.533815889472446,88.80632569006755
0.07223381386290553,7.65917493193184,50.232477673352534
0.05235493939874421,0.16006657176879724,88.60320815039802
0.026695469288322102,5.609312397976025,72.28658169163869
0.06902083086340594,6.2140821047912205,80.64261021930969
0.06319494234159725,5.241617689862899,87.96068429981499
0.06925685488351449,1.2396119319842875,81.23993381157388
0.1533260645685569,3.8000506843307322,55.808277911346075
0.06904857648565974,5.00753098451512,70.23087637041641
0.06735964222677286,3.680270125514645,85.98090649977665
0.04502725614307705,2.4501982444295147,82.9679571045832
0.07688446666593224,4.543635141219772,65.90518086941982
0.0349837781217238,2.570223359117028,87.8367792701938
0.038987405029273864,3.1829106874674746,68.46475616396637
0.10133839294579022,2.7043618264296643,91.49444009721441
0.027183114521336694,3.2511946711291393,64.47771207962613
0.13960992686163565,7.218513809960491,55.29968578044478
0.16738513801793137,1.5533891483025304,73.9824909336143
0.12739577077147615,7.393500731518828,67.93532936584327
0.015595949854291132,2.4964448699017225,93.59565995071337
0.012096951975611545,0.1518343668910922,91.54706753444245
0.13868976904177593,7.395422404095979,71.35536140029909
0.023275505406662234,0.7199639921642722,68.51450495365962
0.05779820629083951,6.641726584152831,78.48974843634991
0.25195037332427683,3.9444205538743256,74.96569840589619
0.035254123662660605,0.6809227996407152,66.97237574683919
0.14681522525168983,2.03011842733771,60.76854701383616
0.09481638411998206,4.475313183904481,74.29689118506435
0.01908294206399342,6.5092666171082065,60.59884140308866
0.03697406463355021,3.454198786953754,65.99318443522806
0.03265993364342157,2.498472666515262,95.97019115116825
0.01285673580781079,7.20160976237218,85.48259524482911
0.04943390639154789,2.63580977123095,86.14836762646763
0.07223381386290553,7.65917493193184,50.232477673352534
0.07708695827302697,2.2327521581902987,83.66228137579341
0.03137091217594924,5.542880562966554,72.05964833398954
0.06902083086340594,6.2140821047912205,80.64261021930969
0.05769346424815678,5.607569310102441,87.45100623453727
0.06925685488351449,1.2396119319842875,81.23993381157388
0.1626430728732151,3.7788420139325587,53.32827864111625
0.06901760982856041,5.567742021663165,68.59405896506618
0.06310745139942306,3.9003438821010565,84.33606251127993
0.049349379750499675,2.7939998261370214,85.83989175974082
0.08469358506892874,3.956281481676834,74.07685656958797
0.0349837781217238,2.570223359117028,87.8367792701938
0.06241663279588254,3.7753838215554043,65.600855218078
0.14470969752343082,2.8343834016744966,88.6679474218315
0.014821067998715715,2.79175001954665,63.715230044503755
0.14504158576235263,5.864785372710249,55.50109079938467
0.28924791531718363,2.358053918847564,80.44783224667752
0.12739577077147615,7.393500731518828,67.93532936584327
0.015595949854291132,2.4964448699017225,93.59565995071337
0.028054624666164873,1.5123858520379296,85.57433533354136
0.13868976904177593,7.395422404095979,71.35536140029909
0.036187900890769814,1.7470752907502707,77.09444376156964
0.05904450538739195,6.99953675106588,77.76984495421337
0.404135503756867,2.575964076922034,81.35366296062546
0.035254123662660605,0.6809227996407152,66.97237574683919
0.16771849722153198,2.24317308781933,55.251167473735144
0.07382876299480684,3.078426527751666,75.70402475274139
0.028575246980221604,5.953021115352691,65.58953671757645
0.03697406463355021,3.454198786953754,65.99318443522806
0.03265993364342157,2.498472666515262,95.97019115116825
0.02286545574356573,6.524778301404808,83.8774169697624
0.042570221974058825,2.2698004347966636,87.28593465352401
0.07223381386290553,7.65917493193184,50.232477673352534
0.09921811210855225,1.784945999874393,81.92481787075684
0.031727507290500154,5.534358883009153,72.11190262891222
0.07423738789333176,6.663334569772455,83.02723662779682
0.05769346424815678,5.607569310102441,87.45100623453727
0.06925685488351449,1.2396119319842875,81.23993381157388
0.1626430728732151,3.7788420139325587,53.32827864111625
0.05579903211728155,3.9194092111382473,77.936380888
0.06310745139942306,3.9003438821010565,84.33606251127993
0.049349379750499675,2.7939998261370214,85.83989175974082
0.1292234015119047,6.351656769292324,68.8779954358176
0.036797757966784306,1.978269890836315,88.42945234722137
0.05645044242607873,4.117341433561321,66.86665043772484
0.14639175308256683,2.9229686137796818,85.35327379396134
0.02792098675507626,3.327239423285465,64.20630802998076
0.14504158576235263,5.864785372710249,55.50109079938467
0.28924791531718363,2.358053918847564,80.44783224667752
0.12739577077147615,7.393500731518828,67.93532936584327
0.012803731497893999,2.3713516100087366,97.2008486968752
0.028054624666164873,1.5123858520379296,85.57433533354136
0.13868976904177593,7.395422404095979,71.35536140029909
0.03599899429798919,1.3368720906090044,79.76195557977766
0.05904450538739195,6.99953675106588,77.76984495421337
0.6688293321525419,1.6468991904334631,93.55571366280043
0.047223495590366066,0.8875150497720669,69.77037733112213
0.10181408548560011,2.3215930254886428,50.21348238007771
0.07252625248197045,3.0917069869551397,75.36082640451306
0.028575246980221604,5.953021115352691,65.58953671757645
0.011704935133326988,3.711844034441414,59.335024351161465
0.033191769814834446,2.4316108012076008,95.00097705658426
0.02286545574356573,6.524778301404808,83.8774169697624
0.042570221974058825,2.2698004347966636,87.28593465352401
0.07223381386290553,7.65917493193184,50.232477673352534
0.15107125908825972,1.4330719706081254,72.7584005904881
0.025849198335852256,5.928732450358013,70.68955473226151
0.10683526715021754,6.7512549636047465,82.48775767549314
0.09561095907929644,4.459933494753972,86.5542498256155
0.06213694901621285,0.805081134869484,83.65807447467168
0.1626430728732151,3.7788420139325587,53.32827864111625
0.05579903211728155,3.9194092111382473,77.936380888
0.06410396627264438,3.916574757322303,84.90615672044996
0.04350208366007974,1.5508788804501688,94.93808890783771
0.1292234015119047,6.351656769292324,68.8779954358176
0.036797757966784306,1.978269890836315,88.42945234722137
0.06448881150229258,4.99226753215432,58.04700239295872
0.1847465480090843,1.7620971863807369,84.4461751494858
0.02792098675507626,3.327239423285465,64.20630802998076
0.15061750702413554,5.9251816883322785,55.324860958567534
0.20497299491828724,2.7691273826869516,74.03700462058107
0.08922298586637396,5.133626126703719,74.71328600458547
0.012803731497893999,2.3713516100087366,97.2008486968752
0.028054624666164873,1.5123858520379296,85.57433533354136
0.1250957822184623,7.158897179509446,71.45151130704821
0.04731304874111088,0.8322795061811659,71.25571066869125
0.045873579874421457,7.914280237082046,74.60577705712257
0.6700924981313724,1.6362421498069253,93.57808062240679
0.043211897386224996,0.6201983880898716,69.8140344252173
0.10181408548560011,2.3215930254886428,50.21348238007771
0.113375289122215,4.542379023835629,65.9792943815485
0.028575246980221604,5.953021115352691,65.58953671757645
0.011704935133326988,3.711844034441414,59.335024351161465
0.07743512204191377,4.707365589746372,83.6640693344233
0.02286545574356573,6.524778301404808,83.8774169697624
0.031390794442823215,1.3822151657166182,88.89169564287633
0.07548352682195102,7.214440715616043,55.28165423302697
0.15107125908825972,1.4330719706081254,72.7584005904881
0.06434937409960063,5.92763677980254,65.94841960698479
0.10950765415752092,6.995831480276486,81.74767671500992
0.09561095907929644,4.459933494753972,86.5542498256155
0.06213694901621285,0.805081134869484,83.65807447467168
0.16104749183695696,4.063623530646204,53.59318999107135
0.05579903211728155,3.9194092111382473,77.936380888
0.048365785719803656,4.101585714633371,85.31588041151474
0.04350208366007974,1.5508788804501688,94.93808890783771
0.1237972744202613,6.448505865912049,72.17654181786476
0.036797757966784306,1.978269890836315,88.42945234722137
0.07068900138495532,5.142670825018784,57.89570655674402
0.2403091505842701,1.8451860270168257,80.31887687202563
0.02264029494664229,3.2452218534384327,61.42849605096433
0.14179583364627715,6.403169973583963,54.40585439112373
0.23495207073283858,2.105801867094206,71.90262313220687
0.08769632666495808,4.9838694872785645,74.55072763548884
0.012803731497893999,2.3713516100087366,97.2008486968752
0.03692652969716998,1.0126995356025796,78.81084146710936
0.16831526578083836,5.1655881124470096,74.77788710625501
0.036771532002913734,0.8516207106626446,62.436187923146214
0.045873579874421457,7.914280237082046,74.60577705712257
0.8105119510350712,1.114340017719888,97.15356862725389
0.043211897386224996,0.6201983880898716,69.8140344252173
0.10181408548560011,2.3215930254886428,50.21348238007771
0.113375289122215,4.542379023835629,65.9792943815485
0.03133537479572229,5.529652469822669,67.07550049841514
0.011704935133326988,3.711844034441414,59.335024351161465
0.07790513536729496,4.103573007741105,90.4995612272611
0.014068163490530153,6.99314170918924,87.628609003623
0.029712466660009988,1.5808288402610913,86.37182684688052
0.07109314325033207,7.046894254518568,56.454512133375715
0.23451607662650872,1.379271666322028,64.06507760014534
0.06090004768048885,6.39434189733355,59.661979435928764
0.11705694044709213,7.721842945176459,83.10659448758726
0.08434751106044722,2.7467758216713225,88.36496140000406
0.06213694901621285,0.805081134869484,83.65807447467168
0.09069267088652501,3.260490314761907,74.28889423722126
0.054261514908551446,3.912171620328289,77.28777012743673
0.03424240028749356,4.26761386830284,85.68356494723524
0.04350208366007974,1.5508788804501688,94.93808890783771
0.1237972744202613,6.448505865912049,72.17654181786476
0.03280303506132426,2.232927665067752,84.55132936491907
0.11410116156518663,6.195756611911211,56.836371407231795
0.22876994563979375,1.9808357195729855,80.61928552637612
0.02264029494664229,3.2452218534384327,61.42849605096433
0.14179583364627715,6.403169973583963,54.40585439112373
0.21742940808168,2.9141356295227765,68.61148572988296
0.017624958880287478,6.475478514790774,71.53647057605394
0.012803731497893999,2.3713516100087366,97.2008486968752
0.033581491978365186,0.10945541225145439,76.9086547699783
0.19696600201040076,6.3908679151943595,85.36098168174055
0.036771532002913734,0.8516207106626446,62.436187923146214
0.045873579874421457,7.914280237082046,74.60577705712257
0.7693788584921935,1.4801372113717033,95.94062871700072
0.04056210378168159,0.8087598526522104,73.06415166009289
0.10181408548560011,2.3215930254886428,50.21348238007771
0.11327896624744632,4.538969325010532,66.00277275931614
0.0257935653614468,5.318165126258501,68.55595314479301
0.011704935133326988,3.711844034441414,59.335024351161465
0.0778603996072273,4.099550950475572,90.57243113361159
0.014068163490530153,6.99314170918924,87.628609003623
0.029712466660009988,1.5808288402610913,86.37182684688052
0.07109314325033207,7.046894254518568,56.454512133375715
0.23451607662650872,1.379271666322028,64.06507760014534
0.06090004768048885,6.39434189733355,59.661979435928764
0.11705694044709213,7.721842945176459,83.10659448758726
0.08434751106044722,2.7467758216713225,88.36496140000406
0.06213694901621285,0.805081134869484,83.65807447467168
0.08585514735945486,3.205267719142638,75.71190910454033
0.053788267386693275,3.930503094909149,77.11352782239804
0.03424240028749356,4.26761386830284,85.68356494723524
0.04350208366007974,1.5508788804501688,94.93808890783771
0.1237972744202613,6.448505865912049,72.17654181786476
0.03095554202181766,2.241908619833825,84.7356247415075
0.11410116156518663,6.195756611911211,56.836371407231795
0.22876994563979375,1.9808357195729855,80.61928552637612
0.011256314891597022,2.3082184174770974,61.9541134027639
0.14179583364627715,6.403169973583963,54.40585439112373
0.32375154071941625,4.536126176859636,63.813102773488765
0.01769486542528753,6.465574281962176,71.5109634499104
0.012803731497893999,2.3713516100087366,97.2008486968752
0.033581491978365186,0.10945541225145439,76.9086547699783
0.13448168466174584,5.263360388622758,76.78275732066791
0.036771532002913734,0.8516207106626446,62.436187923146214
0.045873579874421457,7.914280237082046,74.60577705712257
0.7693788584921935,1.4801372113717033,95.94062871700072
0.030623041805685175,0.810454557927602,68.18376182283487
0.07766031439358616,2.3350954710639855,62.96393262982377
0.11327896624744632,4.538969325010532,66.00277275931614
0.032226404906383094,6.777489296067364,54.370397055039795
0.011704935133326988,3.711844034441414,59.335024351161465
0.0778603996072273,4.099550950475572,90.57243113361159
0.014068163490530153,6.99314170918924,87.628609003623
0.029712466660009988,1.5808288402610913,86.37182684688052
0.07961451760732213,7.592424597583462,53.773086315715105
0.2483239213108914,1.1852466783679265,63.05219402601498
0.05486899545240684,6.008239626362554,61.55977414304346
0.1185622466414628,7.690595225290035,83.14608946812304
0.08410526854899171,2.731862774094569,87.44481364461728
0.07555088787627819,0.26823339435702964,75.53837942695057
0.10332479641083454,3.387777867579377,74.51006761624704
0.053788267386693275,3.930503094909149,77.11352782239804
0.03424240028749356,4.26761386830284,85.68356494723524
0.04397276957060512,1.5498565878002908,95.23048418306111
0.1898253165999987,6.211289249775869,85.01583103396345
0.025006506058092865,2.569565506498108,79.89805053229144
0.11410116156518663,6.195756611911211,56.836371407231795
0.3619380947247391,3.2575928590721177,83.15087907352462
0.011256314891597022,2.3082184174770974,61.9541134027639
0.14179583364627715,6.403169973583963,54.40585439112373
0.32366684181399524,4.5359586442331175,63.81556055637453
0.01769486542528753,6.465574281962176,71.5109634499104
0.012803731497893999,2.3713516100087366,97.2008486968752
0.033581491978365186,0.10945541225145439,76.9086547699783
0.08441693630947239,4.062727439363886,70.75808620350988
0.036771532002913734,0.8516207106626446,62.436187923146214
0.045873579874421457,7.914280237082046,74.60577705712257
0.7693788584921935,1.4801372113717033,95.94062871700072
0.030623041805685175,0.810454557927602,68.18376182283487
0.07766031439358616,2.3350954710639855,62.96393262982377
0.11327896624744632,4.538969325010532,66.00277275931614
0.03211660802791534,6.793985649403011,54.31675121258367
0.011704935133326988,3.711844034441414,59.335024351161465
0.0778603996072273,4.099550950475572,90.57243113361159
0.014068163490530153,6.99314170918924,87.628609003623
0.029712466660009988,1.5808288402610913,86.37182684688052
0.07961451760732213,7.592424597583462,53.773086315715105
0.2483239213108914,1.1852466783679265,63.05219402601498
0.05486899545240684,6.008239626362554,61.55977414304346
0.1185622466414628,7.690595225290035,83.14608946812304
0.07908383613765069,2.713961231112935,87.58533099503826
0.07188622066756678,0.32336376771920705,74.3002162216863
0.11543334040537359,3.8170334316652967,75.56371965585012
0.05415704088093205,3.9284900875308257,77.32597156520887
0.03479191426034601,7.724925784910855,92.97948737146247
0.04397276957060512,1.5498565878002908,95.23048418306111
0.13159586845026636,6.940163016517057,94.23927681105901
0.02352316962203133,3.0341496349278034,82.99181367138122
0.09451656459575725,6.689055535123215,61.93704534899216
0.30331298336107915,3.5133442333992013,81.31061034285322
0.020824957812841993,3.120004835867352,61.867595181054696
0.14179583364627715,6.403169973583963,54.40585439112373
0.3561058440266063,4.761838428750609,60.33175884456278
0.0266488103144822,5.836681285859183,72.90083112387089
0.02286613928615333,2.4414183305583452,96.12019173807215
0.033581491978365186,0.10945541225145439,76.9086547699783
0.08516792472113519,4.082509219800865,70.44864021299558
0.036771532002913734,0.8516207106626446,62.436187923146214
0.045873579874421457,7.914280237082046,74.60577705712257
0.80183901894219,1.5406056951556788,96.7802361362655
0.030623041805685175,0.810454557927602,68.18376182283487
0.06818198741260337,2.3534872586192277,68.69932082898907
0.0980691818080121,5.91853733718151,60.47733265609286
0.03164272753782646,6.722430182755856,54.43325620198802
0.011704935133326988,3.711844034441414,59.335024351161465
0.07385909229143228,3.820943380739156,88.67596718064253
0.014068163490530153,6.99314170918924,87.628609003623
0.029712466660009988,1.5808288402610913,86.37182684688052
0.07961451760732213,7.592424597583462,53.773086315715105
0.18482904684735665,3.457333397068955,62.59183746851376
0.06952067889136429,6.186198742489765,67.80021780152134
0.13608747894563022,7.758628165308497,99.07663259776591
0.046195881444370986,3.2010324646280672,73.79622504159657
0.07188622066756678,0.32336376771920705,74.3002162216863
0.11917706233776608,3.8489221684109807,75.2611555517384
0.022077762036683726,5.181562118950687,89.9155043234349
0.03479191426034601,7.724925784910855,92.97948737146247
0.04397276957060512,1.5498565878002908,95.23048418306111
0.13159586845026636,6.940163016517057,94.23927681105901
0.04901301087651473,4.95328435260642,69.55193215424379
0.08194220572794803,6.7365852389695835,65.9527241795252
0.5722954668955402,0.27731543380355017,75.43520358016053
0.02468190728827604,2.869710076007947,62.93864490067839
0.1347589751658677,5.31694127032518,54.519633362116856
0.3561058440266063,4.761838428750609,60.33175884456278
0.0266488103144822,5.836681285859183,72.90083112387089
0.023091611837451894,2.643798763624815,94.73616218911127
0.033581491978365186,0.10945541225145439,76.9086547699783
0.08516792472113519,4.082509219800865,70.44864021299558
0.036771532002913734,0.8516207106626446,62.436187923146214
0.045873579874421457,7.914280237082046,74.60577705712257
0.80183901894219,1.5406056951556788,96.7802361362655
0.030623041805685175,0.810454557927602,68.18376182283487
0.11130329667950388,1.6962586465053209,54.89888824830702
0.10551302792046287,5.540944993564699,57.950016207956494
0.03164272753782646,6.722430182755856,54.43325620198802
0.011704935133326988,3.711844034441414,59.335024351161465
0.06733130912043918,4.269591122618577,83.38112491366242
0.039772942840657244,6.619086704520598,78.43724199287857
0.03981059147930103,2.7010150271252584,79.80172070118705
0.08356536591645791,7.554737357852159,51.33371128583319
0.18982788576717136,3.1151381149902395,63.54274045158859
0.09040941613945443,5.890480593550405,75.1717608412133
0.13608747894563022,7.758628165308497,99.07663259776591
0.04498014444140122,3.3008662512321534,74.60875954948563
0.063272252119081,2.0121094529119024,75.40991950608488
0.11917706233776608,3.8489221684109807,75.2611555517384
0.022077762036683726,5.181562118950687,89.9155043234349
0.03479191426034601,7.724925784910855,92.97948737146247
0.04397276957060512,1.5498565878002908,95.23048418306111
0.13159586845026636,6.940163016517057,94.23927681105901
0.05804890587310085,3.324290379991599,60.86295644513942
0.08818974775254743,7.550532877379453,66.43909523027575
0.36870282249623915,3.355391210091295,84.12223440129739
0.02468190728827604,2.869710076007947,62.93864490067839
0.1347589751658677,5.31694127032518,54.519633362116856
0.3561058440266063,4.761838428750609,60.33175884456278
0.022422761757150557,5.087125840608617,88.52881710473844
0.049791745553291245,2.528749641590066,93.79782541132525
0.033581491978365186,0.10945541225145439,76.9086547699783
0.08284551008757413,3.2814282219802364,68.35590675459295
0.036771532002913734,0.8516207106626446,62.436187923146214
0.045873579874421457,7.914280237082046,74.60577705712257
0.6405034916027282,2.0861369817259803,91.69456792174564
0.03131932422588907,0.5691162391695084,68.79847315349232
0.11130329667950388,1.6962586465053209,54.89888824830702
0.17123380000889976,4.489803757608017,61.078799787348984
0.03164272753782646,6.722430182755856,54.43325620198802
0.011704935133326988,3.711844034441414,59.335024351161465
0.07597703844459089,3.946906857490926,89.90812080473037
0.039772942840657244,6.619086704520598,78.43724199287857
0.03981059147930103,2.7010150271252584,79.80172070118705
0.08356536591645791,7.554737357852159,51.33371128583319
0.22159487195313723,3.429736072935054,62.92929048250352
0.096164953762928,6.713046687818051,75.1212496251188
0.13608747894563022,7.758628165308497,99.07663259776591
0.04259719790705438,3.2998279015428023,74.94084129965565
0.05658203769780644,1.855975549340369,68.49288294389878
0.13127690464831435,4.300619826532892,76.15120166039598
0.022077762036683726,5.181562118950687,89.9155043234349
0.05019354665628263,6.312093849654197,91.8309158969087
0.04397276957060512,1.5498565878002908,95.23048418306111
0.10873663559769543,6.324629437021475,87.58419112233173
0.05804890587310085,3.324290379991599,60.86295644513942
0.08818974775254743,7.550532877379453,66.43909523027575
0.36870282249623915,3.355391210091295,84.12223440129739
0.02468190728827604,2.869710076007947,62.93864490067839
0.19609073590768916,7.800393806795902,56.98296843201262
0.3261239256621534,5.073915270959692,61.01521782103798
0.022422761757150557,5.087125840608617,88.52881710473844
0.049791745553291245,2.528749641590066,93.79782541132525
0.033581491978365186,0.10945541225145439,76.9086547699783
0.0841644055693977,3.311461242210424,67.34073550139169
0.039361069208149135,1.454078560056679,50.68806217456371
0.03428935503837319,6.517723749747783,81.48347426607846
0.6405034916027282,2.0861369817259803,91.69456792174564
0.07016089458230529,2.019105909900653,71.6556003509055
0.06994602927778681,3.3117449337332445,71.12957333548079
0.18483603935555817,4.640173033719263,60.90617794050975
0.03164272753782646,6.722430182755856,54.43325620198802
0.011704935133326988,3.711844034441414,59.335024351161465
0.07540247412553705,3.9823393770367677,89.79200734132243
0.039681997825584146,5.478611309942638,72.30999961158082
0.0554372458076493,0.515089082561258,70.88917794381136
0.08356536591645791,7.554737357852159,51.33371128583319
0.21204075464958416,3.802396096925941,66.2530970860524
0.061250833232000604,5.798636650804063,54.17114377274861
0.13608747894563022,7.758628165308497,99.07663259776591
0.04259719790705438,3.2998279015428023,74.94084129965565
0.053016378863707955,1.7674574696409164,64.85817681346647
0.15702294574769637,4.796548468863476,82.7634566890783
0.022077762036683726,5.181562118950687,89.9155043234349
0.05019354665628263,6.312093849654197,91.8309158969087
0.04397276957060512,1.5498565878002908,95.23048418306111
0.108987203301974,6.343102760877413,87.55460805053569
0.07376706476884375,3.1928465303596125,61.38117443664266
0.08818974775254743,7.550532877379453,66.43909523027575
0.37218072613702813,3.331089118622189,84.56137411925263
0.02468190728827604,2.869710076007947,62.93864490067839
0.19609073590768916,7.800393806795902,56.98296843201262
0.4151707242646392,5.461601837824065,50.794788076658264
0.022422761757150557,5.087125840608617,88.52881710473844
0.049791745553291245,2.528749641590066,93.79782541132525
0.033581491978365186,0.10945541225145439,76.9086547699783
0.1283563001508531,6.108901999198343,58.981697840970824
0.03864777220287547,1.4107543949074004,50.2113288827382
0.03531533170179795,6.438368410518586,91.9696089671555
0.47188957112841134,3.741764611437541,79.4752531411364
0.07016089458230529,2.019105909900653,71.6556003509055
0.07023908984189867,3.300796735992919,71.02227784718289
0.18483603935555817,4.640173033719263,60.90617794050975
0.03164272753782646,6.722430182755856,54.43325620198802
0.011704935133326988,3.711844034441414,59.335024351161465
0.07540247412553705,3.9823393770367677,89.79200734132243
0.039681997825584146,5.478611309942638,72.30999961158082
0.05726712779984944,0.9081592647700232,70.64055186220698
0.08356536591645791,7.554737357852159,51.33371128583319
0.17520269882147926,4.351859177165133,71.61365180748653
0.061250833232000604,5.798636650804063,54.17114377274861
0.13608747894563022,7.758628165308497,99.07663259776591
0.04259719790705438,3.2998279015428023,74.94084129965565
0.053016378863707955,1.7674574696409164,64.85817681346647
0.1480477831354273,4.479453861745,82.4126371914962
0.022077762036683726,5.181562118950687,89.9155043234349
0.06500373664188099,6.965370629771859,93.59192879736817
0.044011933626563735,1.5000329571793551,95.8081528936936
0.108987203301974,6.343102760877413,87.55460805053569
0.07241208546996343,2.783451496308256,60.905993918670184
0.0722868450505306,4.650859619633783,71.9636819069423
0.4237914153460264,2.5642746173064355,87.8548002302452
0.025157214236658343,2.83886527514587,63.07063454094786
0.13480242994590386,6.890542178285784,55.704919674870226
0.26367614107773724,6.429431038529637,58.04300115855145
0.022305788520990858,5.183300967455127,89.61785632686713
0.049791745553291245,2.528749641590066,93.79782541132525
0.033581491978365186,0.10945541225145439,76.9086547699783
0.14017474055064233,5.684722486769042,56.78746404890751
0.03864777220287547,1.4107543949074004,50.2113288827382
0.05131525525826089,6.5739134108874895,88.48783526660323
0.4514289591541276,3.654027157493985,79.07698712017392
0.07016089458230529,2.019105909900653,71.6556003509055
0.07458206140593511,0.26086044001608144,52.29969151116421
0.18483603935555817,4.640173033719263,60.90617794050975
0.03164272753782646,6.722430182755856,54.43325620198802
0.013311437871255306,3.9394682056288106,64.07120912126702
0.10719386357974177,3.2673808571108056,89.71838030235756
0.039681997825584146,5.478611309942638,72.30999961158082
0.052913076975762204,1.1183223061125105,78.69402937798098
0.08356536591645791,7.554737357852159,51.33371128583319
0.16170692471926945,4.06118869946688,69.49845228589271
0.061250833232000604,5.798636650804063,54.17114377274861
0.13608747894563022,7.758628165308497,99.07663259776591
0.04259719790705438,3.2998279015428023,74.94084129965565
0.053016378863707955,1.7674574696409164,64.85817681346647
0.1931895551552087,4.227851054953843,79.72396003949987
0.011282432396959988,4.9375453962708935,89.0480572121314
0.06500373664188099,6.965370629771859,93.59192879736817
0.044011933626563735,1.5000329571793551,95.8081528936936
0.09756557001641684,5.865658877682534,84.21872586901802
0.06721431730826144,2.8851205488523304,61.184367430187386
0.0722868450505306,4.650859619633783,71.9636819069423
0.35970984633237635,3.254101168917496,87.9637088872741
0.025157214236658343,2.83886527514587,63.07063454094786
0.1284598996616057,6.192290769008443,55.34627419864874
0.26367614107773724,6.429431038529637,58.04300115855145
0.022305788520990858,5.183300967455127,89.61785632686713
0.08651425645910393,4.75428575529526,96.04418275546433
0.033581491978365186,0.10945541225145439,76.9086547699783
0.14017474055064233,5.684722486769042,56.78746404890751
0.03864777220287547,1.4107543949074004,50.2113288827382
0.04093000404190067,6.6857087702156965,88.50548533011276
0.3371082529256794,3.032747567752831,71.08257618341196
0.08563980363353496,2.827506589682084,65.33902133442133
0.07458206140593511,0.26086044001608144,52.29969151116421
0.25462627550763567,7.412256778742606,66.35404233065559
0.038879690718559845,6.6106782061581635,55.566227336032206
0.013311437871255306,3.9394682056288106,64.07120912126702
0.09692129488798065,3.1244555131242464,81.20883207380446
0.049768287245030296,5.559694298253708,70.38270643829901
0.052913076975762204,1.1183223061125105,78.69402937798098
0.09496856153706432,7.208671990501143,54.28688761036376
0.1673162875884363,4.23419655197484,69.17403180372901
0.037739498708343255,5.47628499033935,54.22766932939972
0.1361207641179383,7.762685767071809,99.10194709210467
0.057717649547158675,1.8963293634803797,64.00404081834182
0.06335950423286554,3.1089648803025485,62.251872145300666
0.1562521799636618,2.3133024217104596,87.76230687602953
0.011282432396959988,4.9375453962708935,89.0480572121314
0.06500373664188099,6.965370629771859,93.59192879736817
0.044011933626563735,1.5000329571793551,95.8081528936936
0.09758516319691078,5.864997156623951,84.2130858040171
0.03619345947614047,2.4670519056432405,58.70842972422315
0.06361620255668005,4.691606670038288,74.39190806401183
0.3357327196573904,3.737083330610515,89.15525328710191
0.025157214236658343,2.83886527514587,63.07063454094786
0.1284598996616057,6.192290769008443,55.34627419864874
0.21307857448074832,6.168209440301745,64.66192026044709
0.022305788520990858,5.183300967455127,89.61785632686713
0.08651425645910393,4.75428575529526,96.04418275546433
0.03415171695609576,0.25592050113775433,73.9037909675642
0.1886722478932591,7.545645292678045,53.86479934190602
0.03864777220287547,1.4107543949074004,50.2113288827382
0.040109796002405655,5.9076709025672764,86.73860426491085
0.30475528782671873,4.016374300079635,67.32980654296476
0.08563980363353496,2.827506589682084,65.33902133442133
0.07458206140593511,0.26086044001608144,52.29969151116421
0.25462627550763567,7.412256778742606,66.35404233065559
0.038879690718559845,6.6106782061581635,55.566227336032206
0.013311437871255306,3.9394682056288106,64.07120912126702
0.09692129488798065,3.1244555131242464,81.20883207380446
0.049768287245030296,5.559694298253708,70.38270643829901
0.052913076975762204,1.1183223061125105,78.69402937798098
0.09496856153706432,7.208671990501143,54.28688761036376
0.1673162875884363,4.23419655197484,69.17403180372901
0.037739498708343255,5.47628499033935,54.22766932939972
0.12042964253877378,6.588628944719884,92.07766600925868
0.057717649547158675,1.8963293634803797,64.00404081834182
0.06038099062852371,2.7226504994582514,63.002410656062594
0.2789334354999455,3.123788658052635,97.28697854845664
0.011282432396959988,4.9375453962708935,89.0480572121314
0.06500373664188099,6.965370629771859,93.59192879736817
0.044011933626563735,1.5000329571793551,95.8081528936936
0.09758516319691078,5.864997156623951,84.2130858040171
0.03619345947614047,2.4670519056432405,58.70842972422315
0.08019889840608455,4.9395450804440575,77.7940711114099
0.3357327196573904,3.737083330610515,89.15525328710191
0.022830124279234823,2.581598398021623,62.379244568861054
0.1284598996616057,6.192290769008443,55.34627419864874
0.2771957224311503,6.149962568451889,71.72055900744367
0.022305788520990858,5.183300967455127,89.61785632686713
0.08299773845494765,4.7151435386596265,94.5082646091413
0.028233016193267835,1.4675516200058567,77.82321310525333
0.1593183486880884,6.7006933446773065,55.517412881402294
0.03864777220287547,1.4107543949074004,50.2113288827382
0.050384998062782446,6.66233207650365,95.42988543010311
0.31287264300299156,3.9439414223162004,66.66828464376692
0.08762593992561596,2.8873861663945632,65.9783990773917
0.07458206140593511,0.26086044001608144,52.29969151116421
0.25462627550763567,7.412256778742606,66.35404233065559
0.038879690718559845,6.6106782061581635,55.566227336032206
0.013311437871255306,3.9394682056288106,64.07120912126702
0.09629585853180392,0.5425663697437644,78.37849738124675
0.049768287245030296,5.559694298253708,70.38270643829901
0.052913076975762204,1.1183223061125105,78.69402937798098
0.09496856153706432,7.208671990501143,54.28688761036376
0.14633173434553318,3.8727857886725303,68.18873006835175
0.037739498708343255,5.47628499033935,54.22766932939972
0.12042964253877378,6.588628944719884,92.07766600925868
0.0490778422565499,2.734196491420417,70.00029632507383
0.09327694878972939,4.399192364811796,59.302939730975034
0.2789334354999455,3.123788658052635,97.28697854845664
0.011282432396959988,4.9375453962708935,89.0480572121314
0.05039597598216192,7.064662689625896,93.99101994485021
0.044011933626563735,1.5000329571793551,95.8081528936936
0.0934577127521723,4.630971021141734,76.6559938713154
0.03619345947614047,2.4670519056432405,58.70842972422315
0.0757621801505164,4.958225648752631,78.70020318514814
0.36410911113789995,2.567416127088702,97.60689470475924
0.024567044416532152,2.6409707129399362,62.26359812526296
0.1325456565289816,6.14663203962911,53.323662115135
0.2771957224311503,6.149962568451889,71.72055900744367
0.021219003407532498,5.162670110021206,92.10990314674804
0.08299773845494765,4.7151435386596265,94.5082646091413
0.02533573255488296,1.4615874816457017,74.52086539941956
0.18164034972096094,7.068455276246067,55.64120905307349
0.07443728631763555,1.6659034666358576,57.22304404316274
0.06331589488992276,5.980049605753118,84.53847574605638
0.35982198095755835,3.298730487265104,60.46928738189063
0.08762593992561596,2.8873861663945632,65.9783990773917
0.07458206140593511,0.26086044001608144,52.29969151116421
0.14978064995606827,6.406334875803966,76.85294048115887
0.038879690718559845,6.6106782061581635,55.566227336032206
0.013311437871255306,3.9394682056288106,64.07120912126702
0.10096115521153409,0.4571315884144813,76.82324853299302
0.049768287245030296,5.559694298253708,70.38270643829901
0.05531844661938236,1.0883818005896384,79.0580238873392
0.09496856153706432,7.208671990501143,54.28688761036376
0.20880714789242652,1.7941674217594583,51.38572816383421
0.037739498708343255,5.47628499033935,54.22766932939972
0.12042964253877378,6.588628944719884,92.07766600925868
0.05089671683166302,2.9115419296667984,69.37749676891863
0.09327694878972939,4.399192364811796,59.302939730975034
0.19982556721599604,2.015500791709993,79.87163992802176
0.011813668261302876,4.9495811701577646,89.21175174718078
0.05039597598216192,7.064662689625896,93.99101994485021
0.044011933626563735,1.5000329571793551,95.8081528936936
0.0941844842360831,5.87093598475227,65.89566582684324
0.04916713691372185,2.834308757753991,59.40907894275554
0.0621881962201315,5.07077343941768,77.81016726215378
0.36410911113789995,2.567416127088702,97.60689470475924
0.012308444317655844,0.002359630198797369,69.74202510244156
0.12934642871328075,6.263341115267593,63.55663868053533
0.2771957224311503,6.149962568451889,71.72055900744367
0.021219003407532498,5.162670110021206,92.10990314674804
0.08299773845494765,4.7151435386596265,94.5082646091413
0.026859779296475768,0.9047773989128003,76.32843599078758
0.18164034972096094,7.068455276246067,55.64120905307349
0.07118748524004737,0.07701494997740443,55.76565887679031
0.06165500535219729,5.947335951598057,82.57014131379165
0.35982198095755835,3.298730487265104,60.46928738189063
0.07983840706950227,4.306612400764096,59.645196377298404
0.07458206140593511,0.26086044001608144,52.29969151116421
0.17075116521022154,6.276090605186856,65.97527845109204
0.038879690718559845,6.6106782061581635,55.566227336032206
0.018398530590427564,3.996092424536278,66.29311101688353
0.10096115521153409,0.4571315884144813,76.82324853299302
0.04986150758922366,5.6254378318527225,69.97095812905019
0.12284649286333434,1.398895367186883,66.8834726024927
0.09496856153706432,7.208671990501143,54.28688761036376
0.20880714789242652,1.7941674217594583,51.38572816383421
0.037739498708343255,5.47628499033935,54.22766932939972
0.11719919517110403,6.228694089328192,88.44093199576739
0.04356719292435589,2.196892526533613,71.88719386335181
0.092737450899007,3.50317858478156,60.90268502911536
0.20384033201569945,1.8708920150866675,79.64888262095593
0.013372845640626005,4.821625862307521,88.33344554953608
0.05039597598216192,7.064662689625896,93.99101994485021
0.05414529662762693,1.9176309847523223,92.69604735419193
0.11195055761558668,7.160481987445524,63.792710018789116
0.04916713691372185,2.834308757753991,59.40907894275554
0.06591791775545128,4.440132938691699,72.69237998438828
0.36410911113789995,2.567416127088702,97.60689470475924
0.012308444317655844,0.002359630198797369,69.74202510244156
0.1305413164158529,6.251213391335884,63.09602488225893
0.35970811695231,7.5460988860374165,71.66170728671977
0.021272628430579355,5.1221917078900745,91.95987386768903
0.0820107713653333,4.6657453452224615,94.57235220727082
0.024988068750991677,2.31762251912807,81.56500966089587
0.18491306356341758,7.30659825423414,52.53533349972535
0.07118748524004737,0.07701494997740443,55.76565887679031
0.05985273463306602,7.057215833600977,87.63796567912281
0.4205398419871451,2.342586424732527,58.701103332710495
0.12184338170980835,3.139549657923487,65.05063549956574
0.07773155850661298,0.606062921357335,52.947078201006654
0.18111852695803124,6.44674013957097,66.06874539468339
0.038879690718559845,6.6106782061581635,55.566227336032206
0.02797873866513651,3.0624886769050224,77.33265317044516
0.10096115521153409,0.4571315884144813,76.82324853299302
0.04952696880748814,4.280708059903791,64.88238178145711
0.19959378885106746,1.6421851051927883,64.774004191199
0.07266931289574406,6.556317457593443,63.59145283815484
0.23613570434329667,2.1351601066375143,50.51596012754516
0.03209744174360531,6.3870420281912486,53.96823892603824
0.11719919517110403,6.228694089328192,88.44093199576739
0.0485402078838994,2.37666886458885,71.20633144658507
0.1259416148929241,4.084222968949347,50.77602123061324
0.20384033201569945,1.8708920150866675,79.64888262095593
0.013372845640626005,4.821625862307521,88.33344554953608
0.05039597598216192,7.064662689625896,93.99101994485021
0.05414529662762693,1.9176309847523223,92.69604735419193
0.10424885263180958,6.977751231025772,65.71003495315884
0.04916713691372185,2.834308757753991,59.40907894275554
0.06307789201284461,5.361851973284418,77.43919483524843
0.36410911113789995,2.567416127088702,97.60689470475924
0.012308444317655844,0.002359630198797369,69.74202510244156
0.12814237989882013,6.221943659427716,63.61274213250446
0.35970811695231,7.5460988860374165,71.66170728671977
0.021272628430579355,5.1221917078900745,91.95987386768903
0.0820107713653333,4.6657453452224615,94.57235220727082
0.018175565542427056,2.1720450868312406,87.8074896477269
0.18491306356341758,7.30659825423414,52.53533349972535
0.07118748524004737,0.07701494997740443,55.76565887679031
0.0691238312357821,7.049915179736141,81.40963925205205
0.4770276778090029,1.621948064117368,53.315491956060626
0.11722929762473877,3.0562676050222244,66.93485799579702
0.07773155850661298,0.606062921357335,52.947078201006654
0.20351846112916683,6.533336182377832,67.38532143898621
0.038879690718559845,6.6106782061581635,55.566227336032206
0.057494898826279645,3.9801616863500224,73.23553890202155
0.10096115521153409,0.4571315884144813,76.82324853299302
0.05603428023255877,3.432900644577854,62.12869033693447
0.2588289346513354,0.5013986982996452,64.56324907766947
0.07266931289574406,6.556317457593443,63.59145283815484
0.23613570434329667,2.1351601066375143,50.51596012754516
0.03209744174360531,6.3870420281912486,53.96823892603824
0.11719919517110403,6.228694089328192,88.44093199576739
0.0485402078838994,2.37666886458885,71.20633144658507
0.12773786046945865,4.182375167727248,50.82960914395743
0.16702437192619976,2.526537659845759,82.13147375565018
0.013372845640626005,4.821625862307521,88.33344554953608
0.05039597598216192,7.064662689625896,93.99101994485021
0.05414529662762693,1.9176309847523223,92.69604735419193
0.10424885263180958,6.977751231025772,65.71003495315884
0.031421735833749145,3.8195423757163987,73.74864171005312
0.03158426003371925,4.859147188733925,83.87668766903633
0.36410911113789995,2.567416127088702,97.60689470475924
0.012308444317655844,0.002359630198797369,69.74202510244156
0.12814237989882013,6.221943659427716,63.61274213250446
0.31050836309879365,7.249841732633444,70.28198391272034
0.025791556726413603,4.507542854109906,89.61784702408676
0.0633221960374051,4.737422025317485,90.60843070791202
0.018175565542427056,2.1720450868312406,87.8074896477269
0.18491306356341758,7.30659825423414,52.53533349972535
0.07118748524004737,0.07701494997740443,55.76565887679031
0.0680217974859718,6.418791920884773,80.66158126076942
0.4770276778090029,1.621948064117368,53.315491956060626
0.14718384584048647,4.914469516675679,77.54299997175201
0.07773155850661298,0.606062921357335,52.947078201006654
0.20608697967988987,6.621066598955041,67.35366390775913
0.03733932666373108,6.549955380717751,50.42670812527237
0.0570529945764279,4.0220403141387004,72.90029660926604
0.05722005753600422,0.23274787308493866,73.32938486413379
0.055638682631380644,3.5205111751524645,62.29480700866233
0.2588289346513354,0.5013986982996452,64.56324907766947
0.07266931289574406,6.556317457593443,63.59145283815484
0.23613570434329667,2.1351601066375143,50.51596012754516
0.03209744174360531,6.3870420281912486,53.96823892603824
0.10180480857420217,7.372542059959418,90.3903528647147
0.0485402078838994,2.37666886458885,71.20633144658507
0.12773786046945865,4.182375167727248,50.82960914395743
0.16702437192619976,2.526537659845759,82.13147375565018
0.013372845640626005,4.821625862307521,88.33344554953608
0.05039597598216192,7.064662689625896,93.99101994485021
0.05414529662762693,1.9176309847523223,92.69604735419193
0.10424885263180958,6.977751231025772,65.71003495315884
0.029020869237048066,4.112925114630905,80.51571682938892
0.03158426003371925,4.859147188733925,83.87668766903633
0.21249056346488732,2.4757695085067937,84.92245394498003
0.012308444317655844,0.002359630198797369,69.74202510244156
0.14245653953130832,6.386467390508084,61.177266416511166
0.35519382147698014,7.364330339600523,73.52994389883807
0.026079319483654384,4.50662500670825,89.50835987378231
0.06379906925714135,4.813580925532283,91.23435067539602
0.018175565542427056,2.1720450868312406,87.8074896477269
0.18491306356341758,7.30659825423414,52.53533349972535
0.07118748524004737,0.07701494997740443,55.76565887679031
0.0680217974859718,6.418791920884773,80.66158126076942
0.4770276778090029,1.621948064117368,53.315491956060626
0.1479635324060708,4.943822831394599,78.61407307770357
0.09949477596606135,1.6259328408227596,55.38977719040868
0.20608697967988987,6.621066598955041,67.35366390775913
0.03733932666373108,6.549955380717751,50.42670812527237
0.06465973175552248,5.492288381049215,74.41396636847259
0.06302013667023157,0.3165352151007461,73.76244018056504
0.055638682631380644,3.5205111751524645,62.29480700866233
0.22824782118279469,1.4497933771685982,67.14336704631224
0.07266931289574406,6.556317457593443,63.59145283815484
0.23613570434329667,2.1351601066375143,50.51596012754516
0.03209744174360531,6.3870420281912486,53.96823892603824
0.10180480857420217,7.372542059959418,90.3903528647147
0.04903655624865747,1.436130448253993,73.98282243225125
0.12773786046945865,4.182375167727248,50.82960914395743
0.16702437192619976,2.526537659845759,82.13147375565018
0.013372845640626005,4.821625862307521,88.33344554953608
0.05039597598216192,7.064662689625896,93.99101994485021
0.05414529662762693,1.9176309847523223,92.69604735419193
0.07288282545592113,7.463156826478995,69.43114325988464
0.029020869237048066,4.112925114630905,80.51571682938892
0.03158426003371925,4.859147188733925,83.87668766903633
0.13320288021034837,4.194880158091708,71.3172345641282
0.012308444317655844,0.002359630198797369,69.74202510244156
0.14245653953130832,6.386467390508084,61.177266416511166
0.45264918990550046,7.361172048623971,67.04530058774279
0.03327518828497532,4.483673080804822,86.77049630667011
0.06067945978805803,3.6277050771201216,99.04515681610728
0.018175565542427056,2.1720450868312406,87.8074896477269
0.1423210512376277,5.995009952927634,61.545376994702956
0.07118748524004737,0.07701494997740443,55.76565887679031
0.0680217974859718,6.418791920884773,80.66158126076942
0.4149424073494633,2.101472921079517,59.01258685797749
0.15266386899932477,4.885275796934349,79.61387997091973
0.09949477596606135,1.6259328408227596,55.38977719040868
0.20608697967988987,6.621066598955041,67.35366390775913
0.03733932666373108,6.549955380717751,50.42670812527237
0.06465973175552248,5.492288381049215,74.41396636847259
0.054303183326677974,1.3052739599494787,77.47801708899873
0.0478093785198546,3.761529058506775,67.11819237853439
0.2442312365226503,1.3948406228400039,65.57113061192304
0.07131606753564601,6.516273309691387,68.56186606919198
0.2239237056644706,1.9827846152826614,50.90462339737948
0.03209744174360531,6.3870420281912486,53.96823892603824
0.10180480857420217,7.372542059959418,90.3903528647147
0.04011794169812202,1.9833502629849886,81.31758748966132
0.10249745456719875,3.9736004566320244,68.97767085850361
0.15257028669026101,2.2818802871623216,82.89491173136861
0.013372845640626005,4.821625862307521,88.33344554953608
0.05039597598216192,7.064662689625896,93.99101994485021
0.05414529662762693,1.9176309847523223,92.69604735419193
0.07288282545592113,7.463156826478995,69.43114325988464
0.029020869237048066,4.112925114630905,80.51571682938892
0.03158426003371925,4.859147188733925,83.87668766903633
0.13320288021034837,4.194880158091708,71.3172345641282
0.012308444317655844,0.002359630198797369,69.74202510244156
0.15753190346258283,7.14932988627858,55.79678395830484
0.3157395399150362,6.0366284460364765,67.80085913771323
0.04210372715231436,4.354405028821231,85.88330001359135
0.06067945978805803,3.6277050771201216,99.04515681610728
0.021127298157134933,2.1693298919030455,87.27806860983688
0.14809921107912963,7.135747241019018,55.35297779363455
0.07118748524004737,0.07701494997740443,55.76565887679031
0.06435900696588663,5.230681908530398,83.83815500736824
0.4149424073494633,2.101472921079517,59.01258685797749
0.20626205332734637,6.836071453157916,80.77774306989787
0.09949477596606135,1.6259328408227596,55.38977719040868
0.2483878072253252,6.160847483745564,77.42193325857343
0.03811160625210057,6.580399481570888,53.00346637151951
0.06465973175552248,5.492288381049215,74.41396636847259
0.020113970631851524,0.9654918731950322,75.59336437477124
0.0478093785198546,3.761529058506775,67.11819237853439
0.15692800185938505,3.9485236060873885,78.37142432844377
0.06190247548216857,5.413096312927045,67.9837261545039
0.2239237056644706,1.9827846152826614,50.90462339737948
0.03250023968177608,6.373316522780663,54.064954531694326
0.10180480857420217,7.372542059959418,90.3903528647147
0.04011794169812202,1.9833502629849886,81.31758748966132
0.08005166397425437,4.364253440438963,72.30570172537386
0.1889034007444123,1.043814482261756,91.61883705004567
0.013372845640626005,4.821625862307521,88.33344554953608
0.05039597598216192,7.064662689625896,93.99101994485021
0.049808913206802224,3.1786976220132406,81.96101093576837
0.07288282545592113,7.463156826478995,69.43114325988464
0.029020869237048066,4.112925114630905,80.51571682938892
0.03158426003371925,4.859147188733925,83.87668766903633
0.14907673741929878,4.091114923189876,69.35532084336236
0.012308444317655844,0.002359630198797369,69.74202510244156
0.15753190346258283,7.14932988627858,55.79678395830484
0.3928215931349782,6.764632448987983,58.35847750250516
0.031743311507704056,6.45097491369469,80.02169748121023
0.06067945978805803,3.6277050771201216,99.04515681610728
0.014556552132369928,1.7604343261182356,91.02995722222914
0.14909190669131167,6.05806194864489,61.46800678194501
0.07118748524004737,0.07701494997740443,55.76565887679031
0.10240313600654148,5.535905533978212,80.48392301546619
0.38927644083271645,1.950319680328743,58.77015965333978
0.19478255249055715,6.519395644717127,79.47229843421833
0.09949477596606135,1.6259328408227596,55.38977719040868
0.37915114983602155,6.720628847137846,74.67920683183137
0.03811160625210057,6.580399481570888,53.00346637151951
0.06539599573749617,5.8371958495072125,69.85773038561325
0.020113970631851524,0.9654918731950322,75.59336437477124
0.0478093785198546,3.761529058506775,67.11819237853439
0.264596071550691,5.759895162343234,75.65583887179726
0.05622783479833461,4.353625820426185,67.23570154578884
0.20500159537039392,2.189588960511143,53.77941160528397
0.03250023968177608,6.373316522780663,54.064954531694326
0.09516982401246159,6.933055604781545,87.01955526000614
0.04011794169812202,1.9833502629849886,81.31758748966132
0.08005166397425437,4.364253440438963,72.30570172537386
0.10571820059857862,0.5532363136398311,81.31374670524302
0.013372845640626005,4.821625862307521,88.33344554953608
0.05039597598216192,7.064662689625896,93.99101994485021
0.049808913206802224,3.1786976220132406,81.96101093576837
0.07288282545592113,7.463156826478995,69.43114325988464
0.029020869237048066,4.112925114630905,80.51571682938892
0.03331890984011124,4.823563773907227,82.7053363682376
0.14907673741929878,4.091114923189876,69.35532084336236
0.035401927459151036,1.1388732354616664,67.52444818227731
0.15753190346258283,7.14932988627858,55.79678395830484
0.3928215931349782,6.764632448987983,58.35847750250516
0.0392075366675179,6.425982788013483,78.84154764892484
0.06067945978805803,3.6277050771201216,99.04515681610728
0.014556552132369928,1.7604343261182356,91.02995722222914
0.1587016797261574,7.2776977537038015,57.07103281887794
0.05585558776137109,3.091575044937708,54.48528013545398
0.12781051166492752,6.028588571181893,80.47291494213309
0.500623982641437,2.0749641335611857,60.06905921551149
0.2822808859129869,7.338271487004274,75.19835070416296
0.09949477596606135,1.6259328408227596,55.38977719040868
0.37915114983602155,6.720628847137846,74.67920683183137
0.03811160625210057,6.580399481570888,53.00346637151951
0.05443213506927799,4.165665834513094,74.82821887221766
0.026879941825887294,1.8003522977007023,80.66541094402201
0.0478093785198546,3.761529058506775,67.11819237853439
0.1991764630909213,5.302528959924105,77.00543471221437
0.05622783479833461,4.353625820426185,67.23570154578884
0.22841973341627633,2.7600234257130607,54.35034760027171
0.03250023968177608,6.373316522780663,54.064954531694326
0.09516982401246159,6.933055604781545,87.01955526000614
0.04011794169812202,1.9833502629849886,81.31758748966132
0.09077199300549425,3.9113160656350945,76.41802463896622
0.10571820059857862,0.5532363136398311,81.31374670524302
0.013372845640626005,4.821625862307521,88.33344554953608
0.05039597598216192,7.064662689625896,93.99101994485021
0.02629374416320575,2.256871902677429,89.46847049182742
0.07288282545592113,7.463156826478995,69.43114325988464
0.025070927289573948,3.47050266361956,83.38696466452345
0.03331890984011124,4.823563773907227,82.7053363682376
0.14798014025772635,3.6944781415071355,71.11380234297039
0.031219835132803707,0.25487306987204406,67.66138197077706
0.15753190346258283,7.14932988627858,55.79678395830484
0.44395149468902956,6.747156331267424,54.32149534792921
0.034742287329784835,6.28845640427637,80.08934101544922
0.07301839222960776,2.78541549078744,94.1874128491565
0.014556552132369928,1.7604343261182356,91.02995722222914
0.16438602766879995,7.298766367542324,55.57153238153393
0.05585558776137109,3.091575044937708,54.48528013545398
0.12781051166492752,6.028588571181893,80.47291494213309
0.35036764668170745,2.3246096485125283,72.0579081008417
0.2822808859129869,7.338271487004274,75.19835070416296
0.10025489722603291,1.4949150356823133,58.55609823302563
0.37915114983602155,6.720628847137846,74.67920683183137
0.03846541570424075,6.593456534122866,52.93653712359069
0.057541074071110615,3.7056770866929813,78.98567142873962
0.03522302662966157,1.8273772502819197,73.64848697242894
0.0478093785198546,3.761529058506775,67.11819237853439
0.05173045540501131,6.881216848629493,85.2894668892973
0.05622783479833461,4.353625820426185,67.23570154578884
0.22841973341627633,2.7600234257130607,54.35034760027171
0.03279447314625916,5.782460237539993,68.57137285784543
0.09708933530633108,7.061597069310878,87.82615431998212
0.04206500837267937,2.3615723393040127,84.30581228462638
0.0920687635238353,3.8562987231034223,76.3330544471169
0.10571820059857862,0.5532363136398311,81.31374670524302
0.013237466311297796,5.069693006345279,87.93914768423004
0.05039597598216192,7.064662689625896,93.99101994485021
0.015056858124643267,1.7358655065199509,93.23820117871301
0.07288282545592113,7.463156826478995,69.43114325988464
0.025070927289573948,3.47050266361956,83.38696466452345
0.03310207161421497,5.164765413324862,83.73671803871832
0.1643467854566817,1.8004642243987643,63.51935038849774
0.031219835132803707,0.25487306987204406,67.66138197077706
0.15753190346258283,7.14932988627858,55.79678395830484
0.44395149468902956,6.747156331267424,54.32149534792921
0.034742287329784835,6.28845640427637,80.08934101544922
0.07301839222960776,2.78541549078744,94.1874128491565
0.014556552132369928,1.7604343261182356,91.02995722222914
0.1737566219712639,7.744828149286894,52.88133381444976
0.05622127470004803,2.8254560759271232,51.839170185643894
0.14677217474659598,5.3909971302362685,75.93436322737703
0.35036764668170745,2.3246096485125283,72.0579081008417
0.2822808859129869,7.338271487004274,75.19835070416296
0.10025489722603291,1.4949150356823133,58.55609823302563
0.37915114983602155,6.720628847137846,74.67920683183137
0.03846541570424075,6.593456534122866,52.93653712359069
0.05723383636484746,3.993694857992046,73.00802117475472
0.03522302662966157,1.8273772502819197,73.64848697242894
0.048841454293082745,3.8216096290499175,67.08485240731974
0.05173045540501131,6.881216848629493,85.2894668892973
0.05691599238611528,4.291655402902704,66.82401412918512
0.22841973341627633,2.7600234257130607,54.35034760027171
0.03769228759264443,5.623302166960245,69.21271796672855
0.09708933530633108,7.061597069310878,87.82615431998212
0.03888343386346978,2.318007197189158,83.29012209024839
0.08494972034618845,4.369745738425415,77.82254526990445
0.10086449683738119,0.9250469234280461,79.87264655672155
0.013237466311297796,5.069693006345279,87.93914768423004
0.05039597598216192,7.064662689625896,93.99101994485021
0.017810381322954996,1.9852544109911987,92.06973923491965
0.06914661899397397,6.634820494291579,70.28512522008401
0.025070927289573948,3.47050266361956,83.38696466452345
0.03310207161421497,5.164765413324862,83.73671803871832
0.23534330782509202,0.15414006376014466,61.33543620076877
0.031219835132803707,0.25487306987204406,67.66138197077706
0.149821032409904,6.751173654243672,59.29948056491681
0.4282405155501556,6.7424474651193975,54.99065488177205
0.04481957324660006,5.366180092307832,83.80106406344215
0.07301839222960776,2.78541549078744,94.1874128491565
0.014556552132369928,1.7604343261182356,91.02995722222914
0.1737566219712639,7.744828149286894,52.88133381444976
0.05622127470004803,2.8254560759271232,51.839170185643894
0.16481459484797267,7.146183919304735,74.38655759785249
0.31859973102254063,2.2192265021490662,70.34298409932492
0.1894502051843681,5.404213370857324,80.68779870967752
0.15593110830546114,0.9423193687726529,59.70159255535067
0.437658356913529,6.983681777589726,73.14783536709216
0.04532737707159929,5.6429522530997716,60.27491421110575
0.06165942807846747,3.6246362594595194,73.86754682565953
0.027747670869530464,1.5605690312778244,73.29545967378158
0.01451806206131867,4.496562687175388,68.14296236078056
0.05198588503469394,6.747197656036488,84.71944545088932
0.05691599238611528,4.291655402902704,66.82401412918512
0.22841973341627633,2.7600234257130607,54.35034760027171
0.03579821044563086,5.577437235788242,68.61916515928884
0.09708933530633108,7.061597069310878,87.82615431998212
0.0332110717911196,1.6971719889078503,88.46973795897071
0.11363861164907892,4.653741831928271,78.60915352934144
0.09934596681890923,0.7917338401297966,79.88399840383867
0.013237466311297796,5.069693006345279,87.93914768423004
0.05039597598216192,7.064662689625896,93.99101994485021
0.017810381322954996,1.9852544109911987,92.06973923491965
0.061578292674590834,5.5949104874059685,74.11495651283178
0.03783543708849592,3.806182998048682,80.92231802936242
0.05287709741860751,5.25940909099365,79.55323926257901
0.23534330782509202,0.15414006376014466,61.33543620076877
0.03027761721049335,0.20536185196363022,67.75908324898312
0.149821032409904,6.751173654243672,59.29948056491681
0.30620538935458086,6.746272275003305,56.879273020368416
0.08203955547208724,6.052819342059134,74.87553162984445
0.07301839222960776,2.78541549078744,94.1874128491565
0.014831399043593577,1.779424599512784,91.11778631767177
0.1737566219712639,7.744828149286894,52.88133381444976
0.05058692055716911,2.6915782051889847,50.122781157299656
0.16481459484797267,7.146183919304735,74.38655759785249
0.31859973102254063,2.2192265021490662,70.34298409932492
0.14711128917759936,4.98509341874344,79.52692634709939
0.15593110830546114,0.9423193687726529,59.70159255535067
0.437658356913529,6.983681777589726,73.14783536709216
0.05491526454174969,5.9997097516475275,57.8263703131439
0.06165942807846747,3.6246362594595194,73.86754682565953
0.027747670869530464,1.5605690312778244,73.29545967378158
0.01451806206131867,4.496562687175388,68.14296236078056
0.05413500284357775,6.592196752542675,84.26979355616942
0.05691599238611528,4.291655402902704,66.82401412918512
0.21818212011405522,2.9212224571846384,54.68161987813124
0.047989975362232415,5.43276329983341,70.1838486378456
0.09708933530633108,7.061597069310878,87.82615431998212
0.0332110717911196,1.6971719889078503,88.46973795897071
0.11363861164907892,4.653741831928271,78.60915352934144
0.09934596681890923,0.7917338401297966,79.88399840383867
0.051742642513462694,4.6660365287276155,81.69069501927449
0.05039597598216192,7.064662689625896,93.99101994485021
0.012101788418695799,1.2946701499714606,98.45499040269286
0.0682245587064191,5.674219302481979,76.03772503055038
0.028725436638160476,3.3056788194678988,79.86088656901578
0.05287709741860751,5.25940909099365,79.55323926257901
0.2264589251324013,0.36015823748754405,61.60872746581268
0.03027761721049335,0.20536185196363022,67.75908324898312
0.17710553361943937,7.1086882086280205,54.718561243585256
0.30620538935458086,6.746272275003305,56.879273020368416
0.08203955547208724,6.052819342059134,74.87553162984445
0.07301839222960776,2.78541549078744,94.1874128491565
0.01425407500242979,1.739534970300162,90.93329871296504
0.1737566219712639,7.744828149286894,52.88133381444976
0.05058692055716911,2.6915782051889847,50.122781157299656
0.11525780633129859,5.45439670112025,74.13721955807293
0.31859973102254063,2.2192265021490662,70.34298409932492
0.14403017486675634,4.89669670919649,79.36607447768682
0.15593110830546114,0.9423193687726529,59.70159255535067
0.437658356913529,6.983681777589726,73.14783536709216
0.052341420299828,6.156078632977465,51.53429365321314
0.08915093686327896,4.717852010179873,63.970705277475304
0.027747670869530464,1.5605690312778244,73.29545967378158
0.01451806206131867,4.496562687175388,68.14296236078056
0.05520024952605415,6.793185705448106,86.71160624770594
0.05691599238611528,4.291655402902704,66.82401412918512
0.21390367883350503,3.0268775804112265,55.683984887645416
0.047989975362232415,5.43276329983341,70.1838486378456
0.09708933530633108,7.061597069310878,87.82615431998212
0.0332110717911196,1.6971719889078503,88.46973795897071
0.11363861164907892,4.653741831928271,78.60915352934144
0.09934596681890923,0.7917338401297966,79.88399840383867
0.051742642513462694,4.6660365287276155,81.69069501927449
0.05039597598216192,7.064662689625896,93.99101994485021
0.012101788418695799,1.2946701499714606,98.45499040269286
0.06161152670806895,4.92307043212694,78.38577164180127
0.03314639221673317,3.4089986914115267,78.69830147888581
0.051827252590624276,4.56628725846051,76.31833504255302
0.2264589251324013,0.36015823748754405,61.60872746581268
0.03926461088357155,2.072960633326004,73.59198142022684
0.17710553361943937,7.1086882086280205,54.718561243585256
0.40817872551430334,7.699234903338801,53.54768043100728
0.07654182204962721,7.3456972649632615,75.25577465496495
0.08473916749135635,2.524870227595574,89.31240008258689
0.01425407500242979,1.739534970300162,90.93329871296504
0.16292439980726645,6.732641626673906,56.81220717194515
0.05058692055716911,2.6915782051889847,50.122781157299656
0.1178804159927044,5.528387541917291,75.1585139192286
0.26193257397889075,0.8011543807314165,68.9376648737752
0.0876958678247924,4.722649105723788,74.48432071531874
0.23670782391631312,1.4629326784648713,52.621262564217616
0.5340280961931478,7.610232064254506,75.68550768966136
0.052341420299828,6.156078632977465,51.53429365321314
0.08503829769973784,3.5036300498328887,51.61193358065521
0.012572895974323192,0.01836259696195608,72.26738509305832
0.01451806206131867,4.496562687175388,68.14296236078056
0.05520024952605415,6.793185705448106,86.71160624770594
0.06311789399398371,3.498800215444483,64.48956159725739
0.21390367883350503,3.0268775804112265,55.683984887645416
0.047989975362232415,5.43276329983341,70.1838486378456
0.07893402722937054,5.6065024188535775,88.36952469409442
0.027288326356045334,1.4672510912895147,89.91522932691433
0.04445477827243771,6.4510959797644,83.1212095101685
0.09934596681890923,0.7917338401297966,79.88399840383867
0.051742642513462694,4.6660365287276155,81.69069501927449
0.04638094048751351,7.0575415247142095,94.44487481594876
0.012101788418695799,1.2946701499714606,98.45499040269286
0.06214323076127173,4.960621620594504,78.41530505265912
0.03314639221673317,3.4089986914115267,78.69830147888581
0.054708999716652384,3.91557460639471,80.92525748110529
0.2264589251324013,0.36015823748754405,61.60872746581268
0.03926461088357155,2.072960633326004,73.59198142022684
0.13686351678297454,5.690733650570429,65.38524106013361
0.40817872551430334,7.699234903338801,53.54768043100728
0.07654182204962721,7.3456972649632615,75.25577465496495
0.08473916749135635,2.524870227595574,89.31240008258689
0.01425407500242979,1.739534970300162,90.93329871296504
0.16292439980726645,6.732641626673906,56.81220717194515
0.05058692055716911,2.6915782051889847,50.122781157299656
0.1178804159927044,5.528387541917291,75.1585139192286
0.26193257397889075,0.8011543807314165,68.9376648737752
0.0756101304837253,4.06116471361965,66.55019188652506
0.2520488280883376,0.8133341764196427,50.66008667968794
0.5340280961931478,7.610232064254506,75.68550768966136
0.052341420299828,6.156078632977465,51.53429365321314
0.08503829769973784,3.5036300498328887,51.61193358065521
0.012572895974323192,0.01836259696195608,72.26738509305832
0.01451806206131867,4.496562687175388,68.14296236078056
0.05520024952605415,6.793185705448106,86.71160624770594
0.04137682012340727,3.494009893713619,77.26183831920753
0.21390367883350503,3.0268775804112265,55.683984887645416
0.046405896350540106,7.104825453496177,82.42065517886718
0.07893402722937054,5.6065024188535775,88.36952469409442
0.033008164771349845,1.3477643828640848,89.46846854059858
0.04547590863369953,6.198605054923216,82.9025333970233
0.09934596681890923,0.7917338401297966,79.88399840383867
0.05051963605865026,4.313487391065802,80.75890872523374
0.04638094048751351,7.0575415247142095,94.44487481594876
0.012081142540939623,1.3506032153701417,99.60263936627126
0.06214323076127173,4.960621620594504,78.41530505265912
0.01852885055680449,3.0655850044902713,77.18862218163972
0.054708999716652384,3.91557460639471,80.92525748110529
0.2264589251324013,0.36015823748754405,61.60872746581268
0.04186402092855167,1.8183822850859692,74.16435355098942
0.13686351678297454,5.690733650570429,65.38524106013361
0.40817872551430334,7.699234903338801,53.54768043100728
0.05997482484058517,7.7448836215389845,77.21183070413095
0.018743327749841387,2.13222869212054,92.73933497504125
0.01425407500242979,1.739534970300162,90.93329871296504
0.17106298171907552,6.883918556256448,54.99108456949892
0.05058692055716911,2.6915782051889847,50.122781157299656
0.1178804159927044,5.528387541917291,75.1585139192286
0.25485811142207027,0.4674689342511229,69.6821348481803
0.08805004531252225,3.745900959358706,58.65884740690473
0.2520488280883376,0.8133341764196427,50.66008667968794
0.4075636128564792,4.445510777264991,72.54924712791596
0.052341420299828,6.156078632977465,51.53429365321314
0.08503829769973784,3.5036300498328887,51.61193358065521
0.012572895974323192,0.01836259696195608,72.26738509305832
0.01451806206131867,4.496562687175388,68.14296236078056
0.05520024952605415,6.793185705448106,86.71160624770594
0.04269569189099083,3.4943004874591757,76.48703780674792
0.27423825773832383,2.5821472459226813,51.91386760639179
0.046405896350540106,7.104825453496177,82.42065517886718
0.12727012185427314,7.639739160142794,97.31645923851852
0.03224282202109172,1.3144189298217226,89.89686815087776
0.03994784580477354,6.597584992948965,86.73421580755004
0.10272565191358561,0.4130109453624211,80.01742195150307
0.04371882198701424,4.466300652270887,81.49914601315899
0.04638094048751351,7.0575415247142095,94.44487481594876
0.015094949198816661,1.5319477249866922,98.2821409502895
0.04981862158810238,5.744932569608138,92.84378778230413
0.02260715673050523,4.330689563146958,64.07565322216806
0.054708999716652384,3.91557460639471,80.92525748110529
0.18567847295041134,1.2764888158132566,66.04749185572048
0.029534756471248987,1.7831728935738085,81.65255219234923
0.13549096174484898,5.675680423206416,65.41991188046785
0.33199769994245765,6.503992844134924,62.217377035394705
0.06136001794189007,7.510480543345187,75.79699082584152
0.018743327749841387,2.13222869212054,92.73933497504125
0.01425407500242979,1.739534970300162,90.93329871296504
0.17358780646325803,6.972007150036786,54.22372099958655
0.07803523191760109,3.8486829957893107,60.33459410502051
0.12384535024407502,5.779843957841899,77.37769571225718
0.32053259133178225,0.004421980679314874,63.26885736104156
0.09476160142691761,3.1567567520776474,53.19403534190775
0.1536493206363268,2.29259285462912,58.06847562394139
0.45567108836715,4.213849853616746,75.39528653881487
0.052341420299828,6.156078632977465,51.53429365321314
0.08503829769973784,3.5036300498328887,51.61193358065521
0.012572895974323192,0.01836259696195608,72.26738509305832
0.01587364468380882,4.363801030120593,68.44145228758444
0.053388233342560654,6.78853449886951,86.88185337147118
0.036668833215774584,3.2829549017806627,74.26046348308174
0.27423825773832383,2.5821472459226813,51.91386760639179
0.01988627323405756,7.55857361589119,84.14764804519162
0.12727012185427314,7.639739160142794,97.31645923851852
0.035845568970015534,2.777910515012902,91.05581424226786
0.03994784580477354,6.597584992948965,86.73421580755004
0.10272565191358561,0.4130109453624211,80.01742195150307
0.04371882198701424,4.466300652270887,81.49914601315899
0.0471290789918191,7.111032295282795,95.34158801266746
0.015094949198816661,1.5319477249866922,98.2821409502895
0.04981862158810238,5.744932569608138,92.84378778230413
0.02260715673050523,4.330689563146958,64.07565322216806
0.054708999716652384,3.91557460639471,80.92525748110529
0.18567847295041134,1.2764888158132566,66.04749185572048
0.029534756471248987,1.7831728935738085,81.65255219234923
0.09273567245962958,5.206770199028089,66.49991298204185
0.2879866908063969,6.518096891297284,65.91198875973396
0.060496608452843964,7.658623385862907,75.70889933704058
0.054275328539749534,2.611107388975987,74.25531067621824
0.01425407500242979,1.739534970300162,90.93329871296504
0.11079471304311879,5.760470285925512,67.41169130564953
0.07417957591651783,3.647854493277298,62.59358874542595
0.12384535024407502,5.779843957841899,77.37769571225718
0.28996289556749705,1.4539253368520297,61.3871501132236
0.09476160142691761,3.1567567520776474,53.19403534190775
0.2394150324793762,0.9586800909736435,54.13684135048872
0.4719845951412028,4.225985452975942,75.1702946481077
0.06359263636480357,5.360560612219593,51.97451130093141
0.08503829769973784,3.5036300498328887,51.61193358065521
0.012572895974323192,0.01836259696195608,72.26738509305832
0.01587364468380882,4.363801030120593,68.44145228758444
0.05795930946898428,6.723093256681221,86.2652481215214
0.036668833215774584,3.2829549017806627,74.26046348308174
0.27423825773832383,2.5821472459226813,51.91386760639179
0.01988627323405756,7.55857361589119,84.14764804519162
0.11486509093241314,7.6432474284974194,93.30225607517202
0.03864548123134727,1.9391869613609387,92.26778872776667
0.03994784580477354,6.597584992948965,86.73421580755004
0.09955969185322024,0.3991517915749673,79.7452582566214
0.04371882198701424,4.466300652270887,81.49914601315899
0.04541466026951224,6.812448032109263,95.49896200855153
0.015094949198816661,1.5319477249866922,98.2821409502895
0.04495730907149095,5.492278871440159,87.70437712034169
0.02260715673050523,4.330689563146958,64.07565322216806
0.05509522208364241,5.0773175194710225,86.86543238753703
0.18567847295041134,1.2764888158132566,66.04749185572048
0.029534756471248987,1.7831728935738085,81.65255219234923
0.10537649046322112,4.840670061206758,65.434464247886
0.22044094296395367,6.780236648899072,70.50631671710792
0.060496608452843964,7.658623385862907,75.70889933704058
0.054275328539749534,2.611107388975987,74.25531067621824
0.01425407500242979,1.739534970300162,90.93329871296504
0.11079471304311879,5.760470285925512,67.41169130564953
0.07417957591651783,3.647854493277298,62.59358874542595
0.1069416506688752,5.295692217040397,76.7732581996756
0.2652180055060872,1.6326075178831065,62.64477424031775
0.09492562002307928,3.1562316328422124,53.19286543313439
0.2356983272524053,1.0453315748491638,54.77842366188221
0.4719845951412028,4.225985452975942,75.1702946481077
0.07774042608819254,5.321255894206895,52.778075274738285
0.08503829769973784,3.5036300498328887,51.61193358065521
0.012572895974323192,0.01836259696195608,72.26738509305832
0.01587364468380882,4.363801030120593,68.44145228758444
0.05763962068504183,6.366263026860164,85.22304883469951
0.036668833215774584,3.2829549017806627,74.26046348308174
0.22596451905403442,2.7366996524345613,52.25819362631235
0.01988627323405756,7.55857361589119,84.14764804519162
0.11486509093241314,7.6432474284974194,93.30225607517202
0.03864548123134727,1.9391869613609387,92.26778872776667
0.052327718016548605,6.179492578403529,75.61106207079081
0.09955969185322024,0.3991517915749673,79.7452582566214
0.03133829874897179,3.9134640246849464,79.4452269451602
0.04541466026951224,6.812448032109263,95.49896200855153
0.015094949198816661,1.5319477249866922,98.2821409502895
0.04005678122081122,5.237587061313035,82.52350775657095
0.02260715673050523,4.330689563146958,64.07565322216806
0.021564055041236985,4.93608583463094,93.39244664384049
0.18172851866305093,1.3216665301119754,66.25778972839663
0.029534756471248987,1.7831728935738085,81.65255219234923
0.16131709536181266,5.180326939401598,50.859342650488394
0.219751289368118,6.773133808288654,70.5745502515879
0.059081767809057266,7.467699312189598,76.41234366531387
0.04446276085768019,2.1109268322427415,73.78617728138488
0.01425407500242979,1.739534970300162,90.93329871296504
0.11833590270091443,5.695657407776154,64.97117636416417
0.08176889128159183,4.043157092739233,58.14707621183061
0.1069416506688752,5.295692217040397,76.7732581996756
0.20709474938553551,1.6573719200451298,69.19639761462656
0.08982906251633263,3.798305891262242,53.069852454432606
0.25542435092549987,0.9541715090893732,50.33431023797507
0.4719845951412028,4.225985452975942,75.1702946481077
0.07774042608819254,5.321255894206895,52.778075274738285
0.07526785005164505,3.8469219882604224,50.04968938604803
0.013021604384811774,0.477745272397327,77.24933662271685
0.01587364468380882,4.363801030120593,68.44145228758444
0.05664296417895842,6.2258783793394405,84.93653263806841
0.03461218465690724,3.004313776859207,74.09034925355512
0.22596451905403442,2.7366996524345613,52.25819362631235
0.01988627323405756,7.55857361589119,84.14764804519162
0.12635058041751468,7.912077731972718,96.551385567541
0.03864548123134727,1.9391869613609387,92.26778872776667
0.052327718016548605,6.179492578403529,75.61106207079081
0.09955969185322024,0.3991517915749673,79.7452582566214
0.03121045173666377,3.9480061241361386,79.22088244329575
0.04541466026951224,6.812448032109263,95.49896200855153
0.015094949198816661,1.5319477249866922,98.2821409502895
0.03577554873452227,5.201002567523285,82.80819238925702
0.02260715673050523,4.330689563146958,64.07565322216806
0.021564055041236985,4.93608583463094,93.39244664384049
0.1250667394769785,3.543196986036729,74.71896504625346
0.029534756471248987,1.7831728935738085,81.65255219234923
0.11975646269975085,6.110187929945553,61.24713045351022
0.2534714450744566,7.061283267814336,68.3322963744346
0.059081767809057266,7.467699312189598,76.41234366531387
0.05511565604477188,1.0289663622901948,78.51929719024828
0.020954097836559674,1.9965956883478517,89.90972468927214
0.08326857387971412,4.3636199309005566,73.95158369650007
0.08176889128159183,4.043157092739233,58.14707621183061
0.1069416506688752,5.295692217040397,76.7732581996756
0.2711428708379291,0.4880375420952152,78.00438698136836
0.08982906251633263,3.798305891262242,53.069852454432606
0.2387565701956407,1.3962031078398986,53.235699875959426
0.32567915814310144,4.062251476021849,66.70930278234061
0.0748758155565012,5.68214511803359,52.70893364848225
0.07526785005164505,3.8469219882604224,50.04968938604803
0.037022809077522444,1.7768485217107526,66.7615667355017
0.038579001214260555,4.187953711657595,66.69246314738416
0.05664296417895842,6.2258783793394405,84.93653263806841
0.021438067333251237,3.5327514509569053,72.94329314814046
0.22596451905403442,2.7366996524345613,52.25819362631235
0.01988627323405756,7.55857361589119,84.14764804519162
0.12635058041751468,7.912077731972718,96.551385567541
0.03864548123134727,1.9391869613609387,92.26778872776667
0.052327718016548605,6.179492578403529,75.61106207079081
0.09955969185322024,0.3991517915749673,79.7452582566214
0.0741999213041094,3.4194457303031585,73.8385162324633
0.04541466026951224,6.812448032109263,95.49896200855153
0.015094949198816661,1.5319477249866922,98.2821409502895
0.03577554873452227,5.201002567523285,82.80819238925702
0.02260715673050523,4.330689563146958,64.07565322216806
0.021215848008204592,4.939316337965257,93.50215409045721
0.14549501660390138,3.9223532487852633,70.57077002231001
0.03715321650085936,2.610665985080184,94.35452890019302
0.11975646269975085,6.110187929945553,61.24713045351022
0.26864073235812536,7.577715025175808,68.05714484606166
0.059081767809057266,7.467699312189598,76.41234366531387
0.063184456355311,0.5830458826572267,71.78385970740187
0.0516498787156722,1.9119799404497602,84.74110645720437
0.08326857387971412,4.3636199309005566,73.95158369650007
0.08188049956262446,4.067006343605252,59.32326770404353
0.11181104127316599,5.6051854629888895,70.87361797194218
0.21784457859207934,1.4959131374199073,72.74358554464688
0.08982906251633263,3.798305891262242,53.069852454432606
0.2387565701956407,1.3962031078398986,53.235699875959426
0.38263242476277937,4.1259892634581945,70.00296797678047
0.0748758155565012,5.68214511803359,52.70893364848225
0.07526785005164505,3.8469219882604224,50.04968938604803
0.016497940675751138,0.36715509416462844,59.916751264700004
0.029459171136703807,4.04017730129239,65.34764783292495
0.060412232369494,5.950155344154441,81.31712360923188
0.021438067333251237,3.5327514509569053,72.94329314814046
0.22596451905403442,2.7366996524345613,52.25819362631235
0.01988627323405756,7.55857361589119,84.14764804519162
0.12635058041751468,7.912077731972718,96.551385567541
0.05259051781789312,2.231002193446076,88.07090683813925
0.052706668361773554,6.214942765381556,75.78113515803422
0.13631099761813703,0.28585298585938823,78.3683887345053
0.08626845076514254,1.2042852580208674,67.29240151504791
0.045698642665524696,7.0168923742462805,95.63451704780152
0.014804352600658075,1.440285116151835,99.4429868964795
0.03577554873452227,5.201002567523285,82.80819238925702
0.02260715673050523,4.330689563146958,64.07565322216806
0.021215848008204592,4.939316337965257,93.50215409045721
0.14549501660390138,3.9223532487852633,70.57077002231001
0.06132855759138628,1.9184218313242691,81.03409645247616
0.11975646269975085,6.110187929945553,61.24713045351022
0.26864073235812536,7.577715025175808,68.05714484606166
0.059081767809057266,7.467699312189598,76.41234366531387
0.062447999344076285,0.5110932902737719,71.92102733916774
0.03528234218097433,0.5973092937603761,82.15337742093688
0.08326857387971412,4.3636199309005566,73.95158369650007
0.08188049956262446,4.067006343605252,59.32326770404353
0.11181104127316599,5.6051854629888895,70.87361797194218
0.26479528869715585,0.7217227338367715,80.21671633257145
0.1021487604983998,3.75717362748016,55.625099618727695
0.2387565701956407,1.3962031078398986,53.235699875959426
0.26017850445905044,5.93501860289806,82.68805622466037
0.0748758155565012,5.68214511803359,52.70893364848225
0.07526785005164505,3.8469219882604224,50.04968938604803
0.016497940675751138,0.36715509416462844,59.916751264700004
0.029459171136703807,4.04017730129239,65.34764783292495
0.05947889743584792,5.947638435568562,81.63277393658514
0.021438067333251237,3.5327514509569053,72.94329314814046
0.22596451905403442,2.7366996524345613,52.25819362631235
0.01988627323405756,7.55857361589119,84.14764804519162
0.12635058041751468,7.912077731972718,96.551385567541
0.04659146057539032,2.149163572172916,87.99065253997985
0.052706668361773554,6.214942765381556,75.78113515803422
0.13631099761813703,0.28585298585938823,78.3683887345053
0.08626845076514254,1.2042852580208674,67.29240151504791
0.045698642665524696,7.0168923742462805,95.63451704780152
0.014804352600658075,1.440285116151835,99.4429868964795
0.03434927626470616,5.115588547536237,83.40014959547648
0.02260715673050523,4.330689563146958,64.07565322216806
0.022358397054583222,4.576079185188259,92.68228921598507
0.08432264240686865,2.106560007084747,71.8194080194242
0.06132855759138628,1.9184218313242691,81.03409645247616
0.11975646269975085,6.110187929945553,61.24713045351022
0.26864073235812536,7.577715025175808,68.05714484606166
0.059081767809057266,7.467699312189598,76.41234366531387
0.05159717401301032,2.3078009200284253,75.03812191675419
0.03528234218097433,0.5973092937603761,82.15337742093688
0.09073330468700017,3.836443971087097,69.64342407658945
0.07595894691833407,4.950274003324505,63.76184192127411
0.12879859262486576,5.429931366274283,69.463118272824
0.26479528869715585,0.7217227338367715,80.21671633257145
0.1021487604983998,3.75717362748016,55.625099618727695
0.2387565701956407,1.3962031078398986,53.235699875959426
0.31875179786921604,5.8619514101620265,91.63156409881495
0.0748758155565012,5.68214511803359,52.70893364848225
0.07526785005164505,3.8469219882604224,50.04968938604803
0.016497940675751138,0.36715509416462844,59.916751264700004
0.029459171136703807,4.04017730129239,65.34764783292495
0.01839271413708575,5.8368420175006674,95.52796497726256
0.021438067333251237,3.5327514509569053,72.94329314814046
0.16399114958130562,2.3562151207338093,66.10645239566719
0.01988627323405756,7.55857361589119,84.14764804519162
0.12635058041751468,7.912077731972718,96.551385567541
0.04741097609490238,2.1107783319784934,87.89238868282067
0.03268993989497228,6.3942495353110305,77.37657146538247
0.13631099761813703,0.28585298585938823,78.3683887345053
0.08626845076514254,1.2042852580208674,67.29240151504791
0.047065867715051155,7.0759782392724375,95.63985217712218
0.04283804241236154,2.3249697092229495,88.44070545227875
0.03434927626470616,5.115588547536237,83.40014959547648
0.020654546171954974,4.263282337665235,63.46441006457245
0.022358397054583222,4.576079185188259,92.68228921598507
0.08550370256236335,1.6595335955699095,74.20863566058122
0.08721640924402874,2.8142150621165407,93.22850146250696
0.11975646269975085,6.110187929945553,61.24713045351022
0.26864073235812536,7.577715025175808,68.05714484606166
0.059081767809057266,7.467699312189598,76.41234366531387
0.055088466893683755,2.4184443777650286,66.00422924289128
0.03528234218097433,0.5973092937603761,82.15337742093688
0.07393934203148722,4.217436724690969,73.74085984148387
0.08123731754320977,5.053582624001776,63.581830916917426
0.125069598954342,5.566726781001085,70.0134370566694
0.1709587843745393,1.7266392854031185,77.03266030980537
0.1021487604983998,3.75717362748016,55.625099618727695
0.24218703487804624,1.5958807252115332,53.30427030016274
0.31875179786921604,5.8619514101620265,91.63156409881495
0.0748758155565012,5.68214511803359,52.70893364848225
0.07526785005164505,3.8469219882604224,50.04968938604803
0.016497940675751138,0.36715509416462844,59.916751264700004
0.029459171136703807,4.04017730129239,65.34764783292495
0.014418205000771532,7.069821845499803,98.67530607316583
0.029565184661610698,3.240855630766511,72.2348990760888
0.22868134965718884,0.8097531024134925,53.03430962413524
0.01988627323405756,7.55857361589119,84.14764804519162
0.12635058041751468,7.912077731972718,96.551385567541
0.056559686005076604,2.2372554101075655,88.01846123969027
0.03268993989497228,6.3942495353110305,77.37657146538247
0.13631099761813703,0.28585298585938823,78.3683887345053
0.08626845076514254,1.2042852580208674,67.29240151504791
0.10035661596203532,5.579274928007452,84.07731968258254
0.050349643067211645,4.042546467262836,94.69133688433254
0.03459920223128614,5.098827614339922,83.57651810826339
0.04614985009435839,4.930443734295829,58.40709320034174
0.022358397054583222,4.576079185188259,92.68228921598507
0.0979446950993613,3.563910601178126,81.01370864153718
0.08833396205660629,2.7904937486777133,93.76797196718906
0.1374928819352978,7.0134395142970485,65.70940830054911
0.24131634806043598,6.85224102517922,71.95346288056655
0.059081767809057266,7.467699312189598,76.41234366531387
0.05711169496091475,1.7250383656730515,53.75634591293642
0.03528234218097433,0.5973092937603761,82.15337742093688
0.12562505804080842,7.733595192594857,86.4886316593063
0.08123731754320977,5.053582624001776,63.581830916917426
0.125069598954342,5.566726781001085,70.0134370566694
0.20149243220155538,1.7506165780006457,78.04170239677856
0.1180450185559461,3.912313912811371,51.624081718272926
0.24218703487804624,1.5958807252115332,53.30427030016274
0.31875179786921604,5.8619514101620265,91.63156409881495
0.0748758155565012,5.68214511803359,52.70893364848225
0.07528961351471021,3.8456523749328686,50.05978573579232
0.02035920697616629,0.5724016911775598,60.52584826013788
0.024485742666157554,4.039613270114537,58.36174827811392
0.014418205000771532,7.069821845499803,98.67530607316583
0.02959062517137001,3.0490390604024564,73.88766161389177
0.22868134965718884,0.8097531024134925,53.03430962413524
0.01988627323405756,7.55857361589119,84.14764804519162
0.15334956201421085,5.698222571962116,89.90072972897633
0.05985858533110407,1.8073906260180816,88.68572901727927
0.03563237034883596,7.238738430598955,84.19622648593045
0.13631099761813703,0.28585298585938823,78.3683887345053
0.09918044413940104,0.23105056761095177,63.22304863062426
0.10035661596203532,5.579274928007452,84.07731968258254
0.050349643067211645,4.042546467262836,94.69133688433254
0.025486142858389363,6.286309532571793,81.73322121623242
0.04614985009435839,4.930443734295829,58.40709320034174
0.022358397054583222,4.576079185188259,92.68228921598507
0.0979446950993613,3.563910601178126,81.01370864153718
0.08833396205660629,2.7904937486777133,93.76797196718906
0.1364179222849355,7.018422203362922,65.87793933777634
0.24131634806043598,6.85224102517922,71.95346288056655
0.059081767809057266,7.467699312189598,76.41234366531387
0.05711169496091475,1.7250383656730515,53.75634591293642
0.03528234218097433,0.5973092937603761,82.15337742093688
0.12562505804080842,7.733595192594857,86.4886316593063
0.08611751326035563,5.726889494256274,65.56935640653933
0.11822026897992374,5.04910036343829,74.44245099874198
0.20149243220155538,1.7506165780006457,78.04170239677856
0.11761810028481642,3.9525468344033445,52.407356531853466
0.2476858347261153,1.4503328299136964,52.87213433332415
0.31875179786921604,5.8619514101620265,91.63156409881495
0.09787532075490421,5.12042511189257,52.79077184481271
0.0793552691248627,3.8519912893975015,50.20853625589562
0.02035920697616629,0.5724016911775598,60.52584826013788
0.024485742666157554,4.039613270114537,58.36174827811392
0.014418205000771532,7.069821845499803,98.67530607316583
0.02959062517137001,3.0490390604024564,73.88766161389177
0.22868134965718884,0.8097531024134925,53.03430962413524
0.01988627323405756,7.55857361589119,84.14764804519162
0.19215235053644686,5.78531907475037,94.16477929296931
0.059737239645114196,1.7917169104247201,88.78955448449166
0.03563237034883596,7.238738430598955,84.19622648593045
0.13631099761813703,0.28585298585938823,78.3683887345053
0.09918044413940104,0.23105056761095177,63.22304863062426
0.10312456738271504,5.632669684779259,87.97104993840742
0.050349643067211645,4.042546467262836,94.69133688433254
0.025486142858389363,6.286309532571793,81.73322121623242
0.04614985009435839,4.930443734295829,58.40709320034174
0.022358397054583222,4.576079185188259,92.68228921598507
0.11029506450551305,3.657604259910612,82.21640803371376
0.08833396205660629,2.7904937486777133,93.76797196718906
0.19725114331525134,7.164729937768333,50.49168863451854
0.2889475808754297,7.321264013956737,75.2595133285738
0.059081767809057266,7.467699312189598,76.41234366531387
0.08658175833134929,2.191003209073972,58.02245446319208
0.03701745039620728,0.6827422888635881,82.61456820792435
0.12517043313689952,7.649893145243405,86.2433779707267
0.0870772444824737,5.323111179996463,65.3969735890771
0.1079440678472479,4.4783070073738,76.9503770995009
0.2225389884969145,1.5572078708585357,75.1167439963542
0.1277015373702476,3.979046324402372,52.98681354647178
0.2476858347261153,1.4503328299136964,52.87213433332415
0.31875179786921604,5.8619514101620265,91.63156409881495
0.06079415527322793,6.279682610472837,67.69991040127323
0.0793552691248627,3.8519912893975015,50.20853625589562
0.011473766127816504,0.5622780821474893,60.84538041623351
0.024485742666157554,4.039613270114537,58.36174827811392
0.014732800841156548,6.725761809457192,96.65516522981511
0.0282150689270875,3.034920448472681,74.22332235784258
0.22868134965718884,0.8097531024134925,53.03430962413524
0.01988627323405756,7.55857361589119,84.14764804519162
0.19215235053644686,5.78531907475037,94.16477929296931
0.059737239645114196,1.7917169104247201,88.78955448449166
0.0371877591760438,7.384743166654417,84.5737984338736
0.13631099761813703,0.28585298585938823,78.3683887345053
0.11342907616424457,1.238440611261722,61.373317107500846
0.12805891643093997,6.497355572860544,92.54711365770683
0.055138295118337524,4.4712389020812715,98.86041348460952
0.025486142858389363,6.286309532571793,81.73322121623242
0.04435037203110064,5.325379191271635,62.81946011149303
0.022358397054583222,4.576079185188259,92.68228921598507
0.09456387033760094,3.0189626794209516,82.30188482067756
0.08296089517129421,2.602832565755672,92.83257210798035
0.19725114331525134,7.164729937768333,50.49168863451854
0.2889475808754297,7.321264013956737,75.2595133285738
0.07995675123798655,7.419300903024067,72.29262652693986
0.08658175833134929,2.191003209073972,58.02245446319208
0.03701745039620728,0.6827422888635881,82.61456820792435
0.12517043313689952,7.649893145243405,86.2433779707267
0.10754095760272608,5.322024933111872,66.63145421784051
0.1079440678472479,4.4783070073738,76.9503770995009
0.25875540931824126,3.177599215466596,81.33325174123055
0.07906181120265413,5.593912537107791,67.04469736575074
0.24399022479612642,0.9245026456186167,50.86700784590225
0.26432714739884544,5.6258356727623156,91.82450141484577
0.04612742667231459,6.503860985062859,60.67632411410459
0.0793552691248627,3.8519912893975015,50.20853625589562
0.011473766127816504,0.5622780821474893,60.84538041623351
0.024485742666157554,4.039613270114537,58.36174827811392
0.02127309734999304,6.644881577207206,96.0126089019469
0.0282150689270875,3.034920448472681,74.22332235784258
0.22868134965718884,0.8097531024134925,53.03430962413524
0.01988627323405756,7.55857361589119,84.14764804519162
0.13665222602614602,4.834053922642553,72.53676435647564
0.059737239645114196,1.7917169104247201,88.78955448449166
0.02574968359343774,7.671388746112966,85.61297426843572
0.13631099761813703,0.28585298585938823,78.3683887345053
0.11342907616424457,1.238440611261722,61.373317107500846
0.17320531131255407,6.791110171628618,94.16791268459279
0.055138295118337524,4.4712389020812715,98.86041348460952
0.025486142858389363,6.286309532571793,81.73322121623242
0.04435037203110064,5.325379191271635,62.81946011149303
0.029102883783915526,5.853477147082954,88.9944968465667
0.1572819675211735,4.873318078135675,98.49768985974751
0.08482906808973084,2.66808087687108,93.15780325104691
0.19725114331525134,7.164729937768333,50.49168863451854
0.20400752890494298,5.924881788759937,74.92194854139952
0.0782914055693972,7.32136610789169,71.8495571385551
0.08942640202002711,2.2301666080722464,58.38005199279119
0.03430541052125421,0.36595094537670647,83.61889101749765
0.12674309787330718,7.844103739473706,85.97382653640685
0.10754095760272608,5.322024933111872,66.63145421784051
0.11021158845602108,4.6046770391588066,76.39349377586004
0.27572510624045105,4.513688567878869,97.3013144623464
0.07906181120265413,5.593912537107791,67.04469736575074
0.18846410312133507,3.593660046473718,70.8299898855272
0.23705997665883025,5.761017918732088,84.18379004017116
0.04298969566273591,6.814846404559361,58.042892027187925
0.0793552691248627,3.8519912893975015,50.20853625589562
0.011473766127816504,0.5622780821474893,60.84538041623351
0.026823307565443884,3.8905528307584105,60.3794490240645
0.02127309734999304,6.644881577207206,96.0126089019469
0.037594004293494146,2.9741481186111653,77.36009550795426
0.22868134965718884,0.8097531024134925,53.03430962413524
0.01988627323405756,7.55857361589119,84.14764804519162
0.1488048926918757,5.31474707925492,69.96880263526613
0.059737239645114196,1.7917169104247201,88.78955448449166
0.025257500418748597,7.938222054978822,85.1166339298798
0.13631099761813703,0.28585298585938823,78.3683887345053
0.1692091130157277,1.610130608814756,61.67502704006177
0.14443577270200558,5.52352682995459,92.80424375442297
0.055138295118337524,4.4712389020812715,98.86041348460952
0.025486142858389363,6.286309532571793,81.73322121623242
0.050489167407855334,4.5909897020331165,65.50351018632425
0.029102883783915526,5.853477147082954,88.9944968465667
0.1572819675211735,4.873318078135675,98.49768985974751
0.08482906808973084,2.66808087687108,93.15780325104691
0.19725114331525134,7.164729937768333,50.49168863451854
0.21169640402880469,6.073862041524655,74.99447192638138
0.03976924409888816,7.699954795064318,68.85689109520276
0.10839092145321605,1.9579574795463228,51.435603735059416
0.03430541052125421,0.36595094537670647,83.61889101749765
0.12565196558019653,7.302745725035721,83.9577257029088
0.10754095760272608,5.322024933111872,66.63145421784051
0.12450995443322509,4.384530495730994,74.17210762115302
0.24959108346177009,4.866593358649645,94.15086419823136
0.07906181120265413,5.593912537107791,67.04469736575074
0.2777818327929254,1.216020854239182,63.01136864387875
0.23705997665883025,5.761017918732088,84.18379004017116
0.029242305629438123,7.132770460593289,56.21379820761397
0.06854146451947254,3.015199337208591,58.22838491663684
0.011436226364326552,0.5588117649507223,60.821645621216916
0.04525748770335741,3.9837700057990846,62.98222393048141
0.02725264246454035,3.7639541094006455,90.32606697702901
0.037594004293494146,2.9741481186111653,77.36009550795426
0.21042393412797536,1.6081235463616617,56.903350269524026
0.01988627323405756,7.55857361589119,84.14764804519162
0.1488048926918757,5.31474707925492,69.96880263526613
0.059737239645114196,1.7917169104247201,88.78955448449166
0.025257500418748597,7.938222054978822,85.1166339298798
0.13631099761813703,0.28585298585938823,78.3683887345053
0.24015409776712365,0.8419775039532538,51.183374080604665
0.14443577270200558,5.52352682995459,92.80424375442297
0.055138295118337524,4.4712389020812715,98.86041348460952
0.012081634978891032,6.986141679565105,86.63190931527708
0.050489167407855334,4.5909897020331165,65.50351018632425
0.029102883783915526,5.853477147082954,88.9944968465667
0.1572819675211735,4.873318078135675,98.49768985974751
0.08020289500436897,2.726083465753628,94.8838603073979
0.11724370411000873,7.0875661037260125,66.10703770012958
0.22348859205475116,6.11653307235039,75.7012651873651
0.03976924409888816,7.699954795064318,68.85689109520276
0.11866426369931621,1.2862764367315975,50.81540303256994
0.03430541052125421,0.36595094537670647,83.61889101749765
0.12565196558019653,7.302745725035721,83.9577257029088
0.11287620009218649,5.358583622754146,67.04879469300134
0.14407912721000454,5.117019559305071,65.02431329555888
0.1691860929116249,4.044380532860672,78.19752155079425
0.10075346514435396,5.14303655456567,60.70134255174659
0.2777818327929254,1.216020854239182,63.01136864387875
0.4320999955067257,3.7561219264494463,83.32477321911813
0.029242305629438123,7.132770460593289,56.21379820761397
0.07102401318465897,2.7455102084621323,50.702479269522115
0.09991030078295793,2.5987582412855184,69.98266746046663
0.04525748770335741,3.9837700057990846,62.98222393048141
0.02725264246454035,3.7639541094006455,90.32606697702901
0.020283867316748902,3.2226109029018115,83.69874020669013
0.21042393412797536,1.6081235463616617,56.903350269524026
0.01988627323405756,7.55857361589119,84.14764804519162
0.1458143766917891,5.282641628380733,69.73926096649241
0.01719137761058545,0.6680435541907421,92.19015266282325
0.02956815743773673,7.438068849115224,87.09933621074772
0.13631099761813703,0.28585298585938823,78.3683887345053
0.24015409776712365,0.8419775039532538,51.183374080604665
0.1736488487464634,6.638260426397666,92.94522827279204
0.055138295118337524,4.4712389020812715,98.86041348460952
0.012081634978891032,6.986141679565105,86.63190931527708
0.07669673681067848,4.470301675140193,68.3062717778535
0.029102883783915526,5.853477147082954,88.9944968465667
0.15545559570785883,4.806377447462975,98.27671913586002
0.08020289500436897,2.726083465753628,94.8838603073979
0.11724370411000873,7.0875661037260125,66.10703770012958
0.12765760049598932,4.71087106670692,81.4629375054198
0.03976924409888816,7.699954795064318,68.85689109520276
0.11724413750327839,1.3622224707374384,51.292628631462286
0.03430541052125421,0.36595094537670647,83.61889101749765
0.12565196558019653,7.302745725035721,83.9577257029088
0.11287620009218649,5.358583622754146,67.04879469300134
0.09063610519401447,7.495070422694287,72.72352584693829
0.23233891035262388,3.8080120173246566,66.7556536028966
0.10075346514435396,5.14303655456567,60.70134255174659
0.28836029639659777,0.2612078897923551,60.53887654551607
0.4320999955067257,3.7561219264494463,83.32477321911813
0.029242305629438123,7.132770460593289,56.21379820761397
0.06573522841783576,2.9037943157263038,50.634950828143126
0.0899384418702928,3.2385461687768338,68.03976217104805
0.04525748770335741,3.9837700057990846,62.98222393048141
0.041201447519688045,3.925506913361952,87.30509762726952
0.014799350397497128,3.05545091914867,88.24834423950179
0.21042393412797536,1.6081235463616617,56.903350269524026
0.01988627323405756,7.55857361589119,84.14764804519162
0.14515963035339055,5.314985279950782,67.80124916399606
0.016792273042029914,0.16339762179172013,94.05778221752051
0.02956815743773673,7.438068849115224,87.09933621074772
0.13631099761813703,0.28585298585938823,78.3683887345053
0.24015409776712365,0.8419775039532538,51.183374080604665
0.1736488487464634,6.638260426397666,92.94522827279204
0.055138295118337524,4.4712389020812715,98.86041348460952
0.012081634978891032,6.986141679565105,86.63190931527708
0.07444888082411022,4.231279433165658,69.09216387033358
0.029102883783915526,5.853477147082954,88.9944968465667
0.15545559570785883,4.806377447462975,98.27671913586002
0.08020289500436897,2.726083465753628,94.8838603073979
0.11724370411000873,7.0875661037260125,66.10703770012958
0.12765760049598932,4.71087106670692,81.4629375054198
0.02281465447096477,7.77837006489586,65.87575065860723
0.09157220641645769,2.2196063601048195,63.437676244377286
0.03755793218649242,0.308538250180622,81.98992288676162
0.12565196558019653,7.302745725035721,83.9577257029088
0.08111269365454876,5.546227544932399,75.3697312674608
0.09154385073121363,7.500427253124348,72.96763244550785
0.3757802525241313,6.385107680254253,55.536775591020316
0.09627905132727091,5.034365526553071,62.13532491936104
0.20954630061506657,2.351280068355539,59.22334957315499
0.38475074043519397,3.7684214048320346,79.39740433035794
0.029242305629438123,7.132770460593289,56.21379820761397
0.06573522841783576,2.9037943157263038,50.634950828143126
0.08316984339869546,3.4783038402046067,74.03435221865713
0.0505073939136218,3.3761545432751987,54.52878280581864
0.04106166860262324,3.906543007698744,87.33353684903174
0.01226184264173072,2.9732170219466436,88.33673441245678
0.21771824455942237,1.5455012024083166,54.77587814654417
0.01988627323405756,7.55857361589119,84.14764804519162
0.1956597139096245,4.788418904092981,61.55210652628024
0.016792273042029914,0.16339762179172013,94.05778221752051
0.02956815743773673,7.438068849115224,87.09933621074772
0.15308352244367118,0.3280435899050273,77.21668555133465
0.24015409776712365,0.8419775039532538,51.183374080604665
0.1736488487464634,6.638260426397666,92.94522827279204
0.055138295118337524,4.4712389020812715,98.86041348460952
0.016400040638165837,6.6575666330644765,83.73462957530191
0.07444888082411022,4.231279433165658,69.09216387033358
0.029102883783915526,5.853477147082954,88.9944968465667
0.15545559570785883,4.806377447462975,98.27671913586002
0.09982518775742578,2.654707959780599,96.77475861606615
0.11724370411000873,7.0875661037260125,66.10703770012958
0.1139954473832765,4.618684090732638,82.89048630358167
0.0232410995450244,7.4963659965459595,66.58476635768704
0.08919906848647025,2.366267380000152,65.74495093253606
0.03453195321153041,0.02983193909573245,85.35715462648974
0.12565196558019653,7.302745725035721,83.9577257029088
0.10128203552150641,6.976337513375183,89.10422228413904
0.08441345058587274,7.312355001049864,74.79780839955933
0.3088775240820476,6.529206572422175,63.718081084098856
0.08584972516117555,5.074546345891216,55.76573385373357
0.21661192932863024,2.3057479236245353,59.431915303623086
0.25351320116729037,3.64217230996482,77.06359018953732
0.029242305629438123,7.132770460593289,56.21379820761397
0.06573522841783576,2.9037943157263038,50.634950828143126
0.1053894440629504,2.6912399099579742,54.35562588221998
0.0505073939136218,3.3761545432751987,54.52878280581864
0.04707634435750657,2.63029122425651,94.40656399866799
0.01226184264173072,2.9732170219466436,88.33673441245678
0.2169606075183079,1.5692585165749313,54.897193530697955
0.01988627323405756,7.55857361589119,84.14764804519162
0.17465626599949424,5.404237262724267,62.772128558626015
0.01731010362059822,0.45825370328577275,93.77574333786109
0.02956815743773673,7.438068849115224,87.09933621074772
0.15308352244367118,0.3280435899050273,77.21668555133465
0.24015409776712365,0.8419775039532538,51.183374080604665
0.1736488487464634,6.638260426397666,92.94522827279204
0.055138295118337524,4.4712389020812715,98.86041348460952
0.014800744830842665,6.7588019965880495,83.07240903321603
0.07397425873285679,4.6230225304588,72.121767424186
0.04063675922435944,7.826072620185032,89.4449767141934
0.15545559570785883,4.806377447462975,98.27671913586002
0.09982518775742578,2.654707959780599,96.77475861606615
0.11724370411000873,7.0875661037260125,66.10703770012958
0.09527531591934343,5.0225694547192195,82.92481895771945
0.0232410995450244,7.4963659965459595,66.58476635768704
0.08566233648306013,2.4400467522490112,64.32685934090094
0.03453195321153041,0.02983193909573245,85.35715462648974
0.1279337411305465,7.111622963276983,85.05399246574869
0.09609188241837807,6.516404447802758,88.10897759625438
0.08441345058587274,7.312355001049864,74.79780839955933
0.28966736942248,6.585178806099693,63.95755982577214
0.08513875610289831,5.004655629384732,56.17570068901504
0.2810474339918894,0.6457582889661184,60.538610161908714
0.2987450774955125,3.196464340372435,74.65881085190829
0.029242305629438123,7.132770460593289,56.21379820761397
0.06573522841783576,2.9037943157263038,50.634950828143126
0.07711070943005964,2.034262054972625,52.10120295017629
0.052644302471519064,3.128832280786131,51.08791549134089
0.0532618600572369,2.7209589008839696,79.89604988681667
0.01226184264173072,2.9732170219466436,88.33673441245678
0.2169606075183079,1.5692585165749313,54.897193530697955
0.013060149494806994,7.584620295767642,85.13673768125705
0.17487610898404615,5.134943348517462,56.18762320656073
0.01731010362059822,0.45825370328577275,93.77574333786109
0.02956815743773673,7.438068849115224,87.09933621074772
0.15308352244367118,0.3280435899050273,77.21668555133465
0.24015409776712365,0.8419775039532538,51.183374080604665
0.16017178401414783,6.740067740597588,90.20445546965034
0.055138295118337524,4.4712389020812715,98.86041348460952
0.014800744830842665,6.7588019965880495,83.07240903321603
0.07397425873285679,4.6230225304588,72.121767424186
0.035222448445956296,7.956774704961648,89.56884046831595
0.11744882877821046,5.579649447096847,89.16645741915704
0.09993811960333983,2.6475683908160903,96.8192771529248
0.11691433646219178,7.059461399431034,66.1836938664344
0.10632576640710503,5.174360764904434,78.53746048421685
0.0232410995450244,7.4963659965459595,66.58476635768704
0.07393597739791284,0.7143937845134971,63.66586799554481
0.03453195321153041,0.02983193909573245,85.35715462648974
0.11942409413254994,5.762326438607841,88.6023637092381
0.09612061279221673,6.486686015026352,88.17566679140245
0.08441345058587274,7.312355001049864,74.79780839955933
0.47068788854907434,5.943857007946017,54.39717025849484
0.09741628734367147,5.099531951890098,56.64283346379968
0.2810474339918894,0.6457582889661184,60.538610161908714
0.2987450774955125,3.196464340372435,74.65881085190829
0.02245529271192917,7.513565182033974,53.80014118900376
0.06573522841783576,2.9037943157263038,50.634950828143126
0.08002925090022585,1.9920041228690928,50.470412675746836
0.052644302471519064,3.128832280786131,51.08791549134089
0.0532618600572369,2.7209589008839696,79.89604988681667
0.01226184264173072,2.9732170219466436,88.33673441245678
0.24567964562966949,1.4805947694360275,55.825636008914074
0.013060149494806994,7.584620295767642,85.13673768125705
0.1600792181699375,4.832452948431429,55.43481375071143
0.06885414627188068,0.40882167383624307,87.48938192623605
0.02956815743773673,7.438068849115224,87.09933621074772
0.15308352244367118,0.3280435899050273,77.21668555133465
0.22862854592139847,1.3208163469523502,52.93095502351569
0.15498764458461078,6.565962034149614,88.31855993541686
0.05512716646849343,4.460858445189245,98.74794076100133
0.02044691643090621,4.833277776111148,83.72619898024931
0.07397425873285679,4.6230225304588,72.121767424186
0.035222448445956296,7.956774704961648,89.56884046831595
0.09992490158149159,6.139823183102186,93.72278905158129
0.12285691386621012,1.7201517931367594,95.83285215315352
0.11691433646219178,7.059461399431034,66.1836938664344
0.09850300818593768,4.759906003424243,79.87661135652702
0.0232410995450244,7.4963659965459595,66.58476635768704
0.07393597739791284,0.7143937845134971,63.66586799554481
0.03453195321153041,0.02983193909573245,85.35715462648974
0.11414790990408547,5.977357223549623,90.2376612904529
0.08384113462157547,7.008902019551908,87.60523033796545
0.08441345058587274,7.312355001049864,74.79780839955933
0.38090770295086473,6.265751901834618,60.42784504697613
0.0998765038763329,5.228607314325918,61.58261444036754
0.2810474339918894,0.6457582889661184,60.538610161908714
0.22179793070958675,3.175318149280942,67.28901226021978
0.02245529271192917,7.513565182033974,53.80014118900376
0.06573522841783576,2.9037943157263038,50.634950828143126
0.07433747511474095,1.8528159502327404,54.40038052665065
0.052644302471519064,3.128832280786131,51.08791549134089
0.039844021952903236,2.938962776660916,82.42411197010142
0.021891244964870188,3.23064724430152,85.806604323952
0.24567964562966949,1.4805947694360275,55.825636008914074
0.013060149494806994,7.584620295767642,85.13673768125705
0.12943383171644207,4.72394952261708,68.0819940032286
0.06885414627188068,0.40882167383624307,87.48938192623605
0.02956815743773673,7.438068849115224,87.09933621074772
0.15449335894598432,0.2968512311598497,77.12437538437763
0.22862854592139847,1.3208163469523502,52.93095502351569
0.1562856640295565,6.556645740428667,88.34765977370857
0.05512716646849343,4.460858445189245,98.74794076100133
0.01956003623388708,5.163613255355147,83.89555302267067
0.0648647069815969,3.9848869788030807,63.138675271395364
0.035222448445956296,7.956774704961648,89.56884046831595
0.09992490158149159,6.139823183102186,93.72278905158129
0.12285691386621012,1.7201517931367594,95.83285215315352
0.11691433646219178,7.059461399431034,66.1836938664344
0.10140010539429715,4.817735390135126,79.65236686261106
0.0232410995450244,7.4963659965459595,66.58476635768704
0.07393597739791284,0.7143937845134971,63.66586799554481
0.03453195321153041,0.02983193909573245,85.35715462648974
0.16099398630134404,5.23251958577061,92.60153062661674
0.07400611843629887,7.088898060220179,87.26223334253677
0.08441345058587274,7.312355001049864,74.79780839955933
0.31285659693154644,5.690451733178927,65.23835609676098
0.07766840797046465,5.922582544037126,61.80922191167681
0.24470080206420694,1.8068500603206141,67.0063366930085
0.18687770913428733,3.6516853412923127,70.8748833587958
0.02245529271192917,7.513565182033974,53.80014118900376
0.06573522841783576,2.9037943157263038,50.634950828143126
0.07433747511474095,1.8528159502327404,54.40038052665065
0.052644302471519064,3.128832280786131,51.08791549134089
0.039844021952903236,2.938962776660916,82.42411197010142
0.021891244964870188,3.23064724430152,85.806604323952
0.21118537963276726,1.750344119255849,60.44683841632859
0.013060149494806994,7.584620295767642,85.13673768125705
0.08412997443074569,5.871399212574982,68.47752961360204
0.05230813169254943,3.3693180160539535,87.32510702094292
0.02956815743773673,7.438068849115224,87.09933621074772
0.15449335894598432,0.2968512311598497,77.12437538437763
0.22862854592139847,1.3208163469523502,52.93095502351569
0.1562856640295565,6.556645740428667,88.34765977370857
0.05512716646849343,4.460858445189245,98.74794076100133
0.01956003623388708,5.163613255355147,83.89555302267067
0.05930410498692448,4.069805967055695,63.240972732952976
0.04448004805027758,6.716310986656134,81.31441253479781
0.09995425469013311,6.138950036451367,93.71760802712322
0.12285691386621012,1.7201517931367594,95.83285215315352
0.14888586413900212,7.330573591695638,68.58711323143685
0.10140010539429715,4.817735390135126,79.65236686261106
0.0232410995450244,7.4963659965459595,66.58476635768704
0.0727052668047217,0.7079719108823325,63.64259183714543
0.03453195321153041,0.02983193909573245,85.35715462648974
0.17276431472205891,5.8487189259000125,93.2545778765335
0.07400611843629887,7.088898060220179,87.26223334253677
0.10382035168402422,7.249330756684104,81.37482206217055
0.4080294701805484,7.7505454200536565,56.55936924558932
0.07833111403987382,6.732283351472613,63.28324866808825
0.2512167639527764,1.6394486388288554,67.01874046763233
0.14554320968888312,4.646591660179404,75.13800425754857
0.02245529271192917,7.513565182033974,53.80014118900376
0.06779660391554676,2.9626970726349136,51.199561438834714
0.07008775641265952,1.9644616376727098,56.94522724397902
0.054724946667727536,3.420713565335346,52.07574339390113
0.0689205548069928,3.0799066750533353,80.14020321698858
0.021891244964870188,3.23064724430152,85.806604323952
0.21118537963276726,1.750344119255849,60.44683841632859
0.013060149494806994,7.584620295767642,85.13673768125705
0.08002456148409608,6.365117765505336,76.09507829565042
0.03037358875554999,2.0942801189688858,84.38223194584008
0.02956815743773673,7.438068849115224,87.09933621074772
0.15449335894598432,0.2968512311598497,77.12437538437763
0.22862854592139847,1.3208163469523502,52.93095502351569
0.12336467894099797,5.219572769498209,74.52728480560482
0.05512716646849343,4.460858445189245,98.74794076100133
0.01956003623388708,5.163613255355147,83.89555302267067
0.022871054222499715,5.5138791760325265,57.92719315653303
0.0601939279490392,7.695399834948557,79.68681572918202
0.09995425469013311,6.138950036451367,93.71760802712322
0.12285691386621012,1.7201517931367594,95.83285215315352
0.15149287000633177,7.892501844419914,65.85823632767273
0.11146888290098785,4.895390162867182,75.49725829572805
0.0232410995450244,7.4963659965459595,66.58476635768704
0.0727052668047217,0.7079719108823325,63.64259183714543
0.05075645637040915,2.9312192117277727,86.14017196125592
0.17276431472205891,5.8487189259000125,93.2545778765335
0.07400611843629887,7.088898060220179,87.26223334253677
0.10382035168402422,7.249330756684104,81.37482206217055
0.3790135643317299,7.738355947271624,58.65876833435067
0.07591869816320326,6.393859777546487,62.1379054518396
0.20513712812654902,2.8449527553930514,71.19339580864691
0.12792396963641553,4.449022324285225,77.35443785625964
0.02523849572623965,5.7888542057894234,61.0728118850747
0.06779660391554676,2.9626970726349136,51.199561438834714
0.07008775641265952,1.9644616376727098,56.94522724397902
0.054724946667727536,3.420713565335346,52.07574339390113
0.0689205548069928,3.0799066750533353,80.14020321698858
0.01647117195291912,3.1992717586362343,91.37477725344333
0.15419632650794474,1.195300483684104,68.48299917820295
0.013060149494806994,7.584620295767642,85.13673768125705
0.0786497755995029,6.2051182808368335,74.78986306530325
0.02700400356716952,3.0507076624476377,84.23057909283702
0.02956815743773673,7.438068849115224,87.09933621074772
0.15449335894598432,0.2968512311598497,77.12437538437763
0.16880394641964214,3.15926438666894,63.19974700026438
0.12336467894099797,5.219572769498209,74.52728480560482
0.05575324757306264,4.414367669029751,98.95051554932094
0.01956003623388708,5.163613255355147,83.89555302267067
0.024621293956616396,5.398868377015477,57.605680176781625
0.0601939279490392,7.695399834948557,79.68681572918202
0.09995425469013311,6.138950036451367,93.71760802712322
0.12285691386621012,1.7201517931367594,95.83285215315352
0.15149287000633177,7.892501844419914,65.85823632767273
0.11146888290098785,4.895390162867182,75.49725829572805
0.0232410995450244,7.4963659965459595,66.58476635768704
0.07348942691894227,0.3315496698609055,65.64900457204067
0.05075645637040915,2.9312192117277727,86.14017196125592
0.17276431472205891,5.8487189259000125,93.2545778765335
0.07363721421891989,7.075853123735495,87.23942210399902
0.10382035168402422,7.249330756684104,81.37482206217055
0.3270237137117382,7.440380314453381,65.19036851955296
0.06866898244774088,6.557185141132178,66.04213772229195
0.17751282249677813,2.8603889555875415,73.8679165755448
0.07650243328799938,4.788114514670805,80.45836903269046
0.03674781915584752,4.499979838082618,72.37890168849829
0.06779660391554676,2.9626970726349136,51.199561438834714
0.07008775641265952,1.9644616376727098,56.94522724397902
0.05442591783133544,3.3629208058980886,51.519757502760164
0.07247065306329699,4.220266063424372,78.18791601452784
0.01647117195291912,3.1992717586362343,91.37477725344333
0.15414722295055502,1.3438265326377221,67.05446054697927
0.013060149494806994,7.584620295767642,85.13673768125705
0.06589799339470159,7.498830520293313,68.71990187108672
0.02700400356716952,3.0507076624476377,84.23057909283702
0.06431920008282618,6.362807709201431,83.99137940936855
0.14721142843094326,0.6244599674827842,81.43060598421145
0.16771773685414781,2.4216281307954186,54.95661345957943
0.1487862844523353,4.641489768490154,76.54390838186507
0.05575324757306264,4.414367669029751,98.95051554932094
0.01956003623388708,5.163613255355147,83.89555302267067
0.024621293956616396,5.398868377015477,57.605680176781625
0.06011539759801973,7.738894685320713,79.76973057428943
0.10458719414069427,6.061871128027903,94.17511492769088
0.11537527689946284,1.8889897946714511,89.76804652356222
0.15149287000633177,7.892501844419914,65.85823632767273
0.11343977084268818,4.834661512133743,75.44863536425436
0.0232410995450244,7.4963659965459595,66.58476635768704
0.07348942691894227,0.3315496698609055,65.64900457204067
0.05075645637040915,2.9312192117277727,86.14017196125592
0.1776992167999613,6.264826991664432,88.34493544422247
0.07363721421891989,7.075853123735495,87.23942210399902
0.10382035168402422,7.249330756684104,81.37482206217055
0.1923745241190075,7.502240347923432,73.74474472444653
0.06942857992554805,6.452243925836287,64.8230646564439
0.17751282249677813,2.8603889555875415,73.8679165755448
0.07749752088946774,3.993585276104733,78.103316356622
0.02904152667126974,3.9793132649688263,69.13317562114328
0.06779660391554676,2.9626970726349136,51.199561438834714
0.07449780895973045,2.131294058134328,58.50474722474302
0.05442591783133544,3.3629208058980886,51.519757502760164
0.07247065306329699,4.220266063424372,78.18791601452784
0.01647117195291912,3.1992717586362343,91.37477725344333
0.15414722295055502,1.3438265326377221,67.05446054697927
0.013060149494806994,7.584620295767642,85.13673768125705
0.07928633263192186,7.091137303648855,70.09395359782684
0.03177490262846008,3.596332970139235,82.32797471294779
0.07519350727908038,6.024506852134022,82.10018756024103
0.14721142843094326,0.6244599674827842,81.43060598421145
0.16426593912556636,3.5855421175895232,57.27590503878899
0.16247241636289977,4.558007431793364,78.63138157646159
0.05575324757306264,4.414367669029751,98.95051554932094
0.01956003623388708,5.163613255355147,83.89555302267067
0.024621293956616396,5.398868377015477,57.605680176781625
0.06011539759801973,7.738894685320713,79.76973057428943
0.10526435659849853,6.11891409221168,94.96611695423951
0.09401349813422705,0.6784074762065835,94.81928690658397
0.15149287000633177,7.892501844419914,65.85823632767273
0.12812655119951155,5.057365101860348,74.2114406167006
0.0232410995450244,7.4963659965459595,66.58476635768704
0.07348942691894227,0.3315496698609055,65.64900457204067
0.05075645637040915,2.9312192117277727,86.14017196125592
0.1776992167999613,6.264826991664432,88.34493544422247
0.07299703551881473,7.5083227573434685,89.35343814248168
0.10396381921646052,7.137019442608162,82.72517033400386
0.25143405554816384,7.396563751948461,71.0543228948229
0.06942857992554805,6.452243925836287,64.8230646564439
0.16388262486850672,2.971183009458539,70.99176178885554
0.07749752088946774,3.993585276104733,78.103316356622
0.030765536271122773,3.425648605509646,73.62920876945687
0.06779660391554676,2.9626970726349136,51.199561438834714
0.07537150449722274,3.6906520961178533,52.31472646817381
0.05442591783133544,3.3629208058980886,51.519757502760164
0.07247065306329699,4.220266063424372,78.18791601452784
0.01647117195291912,3.1992717586362343,91.37477725344333
0.15414722295055502,1.3438265326377221,67.05446054697927
0.013060149494806994,7.584620295767642,85.13673768125705
0.0774153253071052,6.885213143853653,72.37435306534903
0.03177490262846008,3.596332970139235,82.32797471294779
0.08133720855689155,5.743307210568838,80.21754476152182
0.11685158370395664,2.9009014741843235,81.7128745134216
0.16426593912556636,3.5855421175895232,57.27590503878899
0.20495133442692756,5.1266117732100955,88.7489772218234
0.055083259164177154,4.427332890806565,99.59286315108224
0.02112347932675221,5.092277184626438,82.83581090869018
0.024658502328236048,5.3967688908205025,57.600159400049094
0.06011539759801973,7.738894685320713,79.76973057428943
0.10526435659849853,6.11891409221168,94.96611695423951
0.08959681918504098,1.0551988664505831,94.29102325774542
0.15149287000633177,7.892501844419914,65.85823632767273
0.10925255985042769,4.6294504035347614,77.59944512788411
0.0232410995450244,7.4963659965459595,66.58476635768704
0.07348942691894227,0.3315496698609055,65.64900457204067
0.04804172783137975,3.2416668535036024,88.58718858808741
0.172968859391738,6.128495630348491,87.76365912700778
0.07299703551881473,7.5083227573434685,89.35343814248168
0.10396381921646052,7.137019442608162,82.72517033400386
0.2191174886853685,6.907870304189198,75.75136340264126
0.06942857992554805,6.452243925836287,64.8230646564439
0.16388262486850672,2.971183009458539,70.99176178885554
0.08325964627021604,3.882080013511478,72.57891120231696
0.03466432706585297,3.4873929368477055,68.78910133183453
0.06201170759045839,3.2266476924483283,55.12071359888709
0.07537150449722274,3.6906520961178533,52.31472646817381
0.04417632175993484,4.721471085025778,56.47121350155475
0.08403516080634744,3.5653801723218805,76.83529825936397
0.01647117195291912,3.1992717586362343,91.37477725344333
0.11973300762087964,3.9859162753362445,68.45174246414189
0.013060149494806994,7.584620295767642,85.13673768125705
0.07814169237888438,6.9291442890640935,72.14789520646534
0.03177490262846008,3.596332970139235,82.32797471294779
0.04652177677253126,4.676748395211073,87.343491733165
0.10789970379017086,3.8413987258020126,83.27251680621708
0.16426593912556636,3.5855421175895232,57.27590503878899
0.17647419098894832,5.121292932910033,87.8329567135062
0.055083259164177154,4.427332890806565,99.59286315108224
0.02199030453215171,5.16694178671059,76.64776098845317
0.024658502328236048,5.3967688908205025,57.600159400049094
0.06011539759801973,7.738894685320713,79.76973057428943
0.10526435659849853,6.11891409221168,94.96611695423951
0.08747274377767639,2.2608120713715274,90.67182970060307
0.15149287000633177,7.892501844419914,65.85823632767273
0.12074529409164991,3.902179736480665,77.09183514961545
0.0232410995450244,7.4963659965459595,66.58476635768704
0.07348942691894227,0.3315496698609055,65.64900457204067
0.047442425158253705,3.242311165343975,90.0228777062552
0.10569878498712042,4.843887152851896,78.53460572427178
0.07299703551881473,7.5083227573434685,89.35343814248168
0.10396381921646052,7.137019442608162,82.72517033400386
0.22966038505638314,7.34957395052275,72.76437615836241
0.06656677475113434,7.782083753448253,70.8464335413733
0.24325885797655025,2.5955649292655485,64.1804576170212
0.08175520553367818,3.6455642403477624,71.8416469995492
0.03466432706585297,3.4873929368477055,68.78910133183453
0.06201170759045839,3.2266476924483283,55.12071359888709
0.07700200025852882,3.747281490912579,51.972269905784685
0.043418531149288044,4.747689912308836,56.51504547801098
0.06321749072404505,4.911465041288628,73.32521541788442
0.01647117195291912,3.1992717586362343,91.37477725344333
0.11973300762087964,3.9859162753362445,68.45174246414189
0.013060149494806994,7.584620295767642,85.13673768125705
0.07814169237888438,6.9291442890640935,72.14789520646534
0.03177490262846008,3.596332970139235,82.32797471294779
0.03688074517197429,4.541209980466893,95.43842228441018
0.13420530994642174,3.549570044654555,75.1440521524198
0.13615660024235984,5.2410341602481765,69.13887144179598
0.17647419098894832,5.121292932910033,87.8329567135062
0.055083259164177154,4.427332890806565,99.59286315108224
0.02199030453215171,5.16694178671059,76.64776098845317
0.024658502328236048,5.3967688908205025,57.600159400049094
0.06011539759801973,7.738894685320713,79.76973057428943
0.10526435659849853,6.11891409221168,94.96611695423951
0.0829982575073178,2.5133986026346573,87.20260274306341
0.15149287000633177,7.892501844419914,65.85823632767273
0.12074529409164991,3.902179736480665,77.09183514961545
0.04625275713878205,6.756132571383469,69.91963575560818
0.07348942691894227,0.3315496698609055,65.64900457204067
0.047442425158253705,3.242311165343975,90.0228777062552
0.13172249964022548,4.073970185999927,76.67995839232802
0.07299703551881473,7.5083227573434685,89.35343814248168
0.10294535024780423,7.934311946862714,73.13911425297721
0.1912555892545915,7.437761655423144,74.35120694525858
0.07002357029855738,7.805225444727077,66.06512674134754
0.24325885797655025,2.5955649292655485,64.1804576170212
0.08437569047368232,3.676360888083561,70.45313692439984
0.02052086704607626,3.400573726040202,74.40698642087166
0.06201263254822232,3.215479906617257,55.047202438452196
0.06197622602316477,3.6550462204015504,57.94061661232295
0.043418531149288044,4.747689912308836,56.51504547801098
0.06475183470395754,4.8845460431556615,73.42567623807378
0.01647117195291912,3.1992717586362343,91.37477725344333
0.14769827807376373,4.273576400662133,60.10705065959994
0.013060149494806994,7.584620295767642,85.13673768125705
0.08191750908021814,7.1663445630293605,71.0424960256849
0.026205715556469812,3.666478512259057,87.35254913266093
0.030037030022091613,5.415589175866166,92.47872320956756
0.1225496656909115,4.252184624965389,74.52115015267546
0.13615660024235984,5.2410341602481765,69.13887144179598
0.17357191511231834,5.217144883582657,87.29728315531172
0.047530154600544154,4.202949714241443,94.08885868808026
0.03517603858139606,5.0356071967467795,76.65162992048494
0.01721012011425577,4.927891388472462,53.350873218268745
0.06228458154352795,6.537469632271153,77.47943709518962
0.10526435659849853,6.11891409221168,94.96611695423951
0.0829982575073178,2.5133986026346573,87.20260274306341
0.13541428677792458,7.364814016455581,63.82296455441461
0.12012802590404116,3.7824444872351206,77.9712560347721
0.05287914821932797,7.777393290342537,64.1573240830692
0.07348942691894227,0.3315496698609055,65.64900457204067
0.08048315984680948,4.206206003571841,86.42234837367185
0.13172249964022548,4.073970185999927,76.67995839232802
0.06034900487675658,7.9623590664277835,93.40151004046436
0.10168343540008479,7.59136818426631,74.0288140787744
0.18385791776144342,7.288455016914073,74.29708387078624
0.07002357029855738,7.805225444727077,66.06512674134754
0.1372184149614363,3.827868105102062,70.15527126374519
0.09938688436501805,3.781827763949746,65.8281310139606
0.02052086704607626,3.400573726040202,74.40698642087166
0.06201263254822232,3.215479906617257,55.047202438452196
0.054528966000249535,3.9180215338942106,69.0683535457052
0.030016978402327033,3.9057482555032292,50.481480191834656
0.06475183470395754,4.8845460431556615,73.42567623807378
0.01647117195291912,3.1992717586362343,91.37477725344333
0.14580044847852205,4.250140890213405,59.99498136674899
0.030976097597655322,7.32036822392545,85.37789271707695
0.09233998470115581,7.836318384374158,65.07602013382345
0.026205715556469812,3.666478512259057,87.35254913266093
0.030037030022091613,5.415589175866166,92.47872320956756
0.10825555670670234,4.665664088474534,78.77552436681694
0.1486747727535903,5.5154312249669,64.99310779369532
0.21973756821301582,4.536222533854053,87.9186892714289
0.03653280364961092,4.248941286319534,97.02353552717997
0.022189479964643627,4.834882897806489,73.25816627164164
0.01721012011425577,4.927891388472462,53.350873218268745
0.056171690101925,6.2778935876209285,76.83586296084837
0.09989512683714036,5.140983075221774,90.01220159055389
0.08677305600957252,3.5392551441802524,84.54122065698607
0.13541428677792458,7.364814016455581,63.82296455441461
0.14166730458718696,1.8749390979594711,81.8769999285924
0.05287914821932797,7.777393290342537,64.1573240830692
0.07348942691894227,0.3315496698609055,65.64900457204067
0.08099005592838418,4.031789135317427,87.4089067686805
0.19042554741241813,0.5238914724722363,86.77937139916712
0.0579394810692527,7.759914233553495,93.32815695644533
0.10168343540008479,7.59136818426631,74.0288140787744
0.28426287509351533,7.90867864363865,71.66884276420782
0.07002357029855738,7.805225444727077,66.06512674134754
0.14006011689081654,3.811419791049784,67.03341907782675
0.11468043281563597,2.990770643774537,61.457691176433634
0.020806159323016795,3.4156894936670326,74.80995621464737
0.062117148252412685,3.2141635007153364,54.95290735966513
0.05440023373821573,3.9174680585567567,68.97912740612601
0.030016978402327033,3.9057482555032292,50.481480191834656
0.06475183470395754,4.8845460431556615,73.42567623807378
0.01647117195291912,3.1992717586362343,91.37477725344333
0.15066786346353575,3.7500201258663486,55.37990380821688
0.030976097597655322,7.32036822392545,85.37789271707695
0.09233998470115581,7.836318384374158,65.07602013382345
0.026205715556469812,3.666478512259057,87.35254913266093
0.030037030022091613,5.415589175866166,92.47872320956756
0.11587076419991395,4.643730915603852,80.90208887334354
0.1548256305605735,5.243704694673563,63.81039311317687
0.22974664161796463,4.276948372596923,89.7133383209689
0.034795627640701154,3.96402187298406,97.32341966478225
0.022189479964643627,4.834882897806489,73.25816627164164
0.01721012011425577,4.927891388472462,53.350873218268745
0.05241725793367233,6.3744662687648095,75.69444679732263
0.09966177842257956,5.159227902880518,90.05764658557689
0.0843991935095215,4.114190859829733,82.30829041706832
0.13541428677792458,7.364814016455581,63.82296455441461
0.17179243668872524,1.4311639993570124,87.73092179611139
0.05287914821932797,7.777393290342537,64.1573240830692
0.07348942691894227,0.3315496698609055,65.64900457204067
0.05450606341663372,4.4324123305652705,94.66804511538567
0.2040253511755912,0.2920318598774019,87.73905943661963
0.0579394810692527,7.759914233553495,93.32815695644533
0.10168343540008479,7.59136818426631,74.0288140787744
0.28426287509351533,7.90867864363865,71.66884276420782
0.06917239186620364,7.802033816052137,67.98547860894419
0.1795652448170961,2.540642846583437,60.38990903341573
0.11714210070811301,2.9418475634138175,61.662433450513646
0.03711345113251236,3.6669612075085296,72.03869611268667
0.045130456693892956,3.297029100692755,63.11793978574734
0.05460349592809202,3.9364574293392347,69.06643904574241
0.030016978402327033,3.9057482555032292,50.481480191834656
0.0630346770902396,4.88254240757958,73.41891812950591
0.01647117195291912,3.1992717586362343,91.37477725344333
0.1317909066659874,3.8263563598331345,64.05713012375791
0.030976097597655322,7.32036822392545,85.37789271707695
0.09233998470115581,7.836318384374158,65.07602013382345
0.031041526128028782,2.31247066062082,75.84630428636672
0.021296304329039558,5.041094256712938,99.03391811890461
0.1576600200177345,2.80115816470337,91.86839732674625
0.1548256305605735,5.243704694673563,63.81039311317687
0.22339814081093323,4.266758047885068,89.96115753753583
0.034795627640701154,3.96402187298406,97.32341966478225
0.022189479964643627,4.834882897806489,73.25816627164164
0.01860169065634424,4.901898513953703,58.914319809428115
0.043736180555324834,6.917707857565247,75.58692175254619
0.1063736809803874,5.267261078708538,89.37236133030716
0.09407008394073982,3.767929500120681,76.21036455571584
0.131730245914995,7.363246198044026,64.58331128937851
0.1824845113731232,1.4779426621119562,90.98831833669863
0.04506772638495395,7.765579955643197,62.32200322880138
0.06950274547268451,0.5660143511734788,65.49359935652447
0.05450606341663372,4.4324123305652705,94.66804511538567
0.16042090441243434,1.3814126565109142,84.26652494224189
0.04275254822210127,6.517333727281111,84.80223831713732
0.10168343540008479,7.59136818426631,74.0288140787744
0.28426287509351533,7.90867864363865,71.66884276420782
0.06917239186620364,7.802033816052137,67.98547860894419
0.1795652448170961,2.540642846583437,60.38990903341573
0.11714210070811301,2.9418475634138175,61.662433450513646
0.03711345113251236,3.6669612075085296,72.03869611268667
0.021046589463650914,3.4158174592083586,63.604725246771146
0.08078485573020294,4.442603430254413,53.74970593544822
0.030016978402327033,3.9057482555032292,50.481480191834656
0.09332433899796591,4.767480856604151,54.830036050074504
0.01647117195291912,3.1992717586362343,91.37477725344333
0.09888465931127574,4.129151904755866,66.81960850122408
0.030976097597655322,7.32036822392545,85.37789271707695
0.09233998470115581,7.836318384374158,65.07602013382345
0.039175817190172775,3.047376376680691,82.37110877393826
0.021296304329039558,5.041094256712938,99.03391811890461
0.14800523208581018,3.545392363116984,87.9082843424818
0.16371380996164056,5.3384647564827175,61.328765311649285
0.2313083730087973,4.2570045539894865,91.96967301512322
0.034795627640701154,3.96402187298406,97.32341966478225
0.011023368702305754,5.708721596157922,74.17057352054526
0.018724106806517267,4.827490394884185,59.149168538002975
0.04079733367298241,6.516904230620385,77.28866667382196
0.1058091895789157,5.3906998282771115,89.8040676474219
0.11342059693969739,3.7262943039016494,83.98308856569201
0.131730245914995,7.363246198044026,64.58331128937851
0.238557427710435,0.09435154919213407,96.48822334939821
0.04506772638495395,7.765579955643197,62.32200322880138
0.06950274547268451,0.5660143511734788,65.49359935652447
0.05450606341663372,4.4324123305652705,94.66804511538567
0.16498257924714915,1.4223239769017262,85.20842679350012
0.04275254822210127,6.517333727281111,84.80223831713732
0.10168343540008479,7.59136818426631,74.0288140787744
0.27298722700972466,7.710384170374896,72.49858162413881
0.06917239186620364,7.802033816052137,67.98547860894419
0.1795652448170961,2.540642846583437,60.38990903341573
0.14874071559610427,2.655542759930511,57.565456560644805
0.03711345113251236,3.6669612075085296,72.03869611268667
0.021046589463650914,3.4158174592083586,63.604725246771146
0.08078485573020294,4.442603430254413,53.74970593544822
0.030016978402327033,3.9057482555032292,50.481480191834656
0.09332433899796591,4.767480856604151,54.830036050074504
0.01647117195291912,3.1992717586362343,91.37477725344333
0.10304267363899713,3.952246136514079,65.48753616377199
0.030976097597655322,7.32036822392545,85.37789271707695
0.08821292751103492,7.980752071895264,65.29269809525577
0.038471242464305756,2.2505520832133605,85.83635221075238
0.03444863846421656,4.9085120740520365,89.01629636004844
0.12656733537455409,3.6246659922123454,89.6911781133
0.16371380996164056,5.3384647564827175,61.328765311649285
0.19849449373752798,3.9366812467826557,82.11115294505313
0.06022712731292206,5.876351267861275,82.07387902768973
0.011023368702305754,5.708721596157922,74.17057352054526
0.019090918273102303,4.818950348848539,59.21452430563345
0.04079733367298241,6.516904230620385,77.28866667382196
0.10588713853879499,5.431229495028549,90.48920678205421
0.11342059693969739,3.7262943039016494,83.98308856569201
0.131730245914995,7.363246198044026,64.58331128937851
0.141450550725158,3.474693663512601,91.29079297648167
0.043405261389771695,7.830579296651706,61.569832179753575
0.06636636677961956,0.7217497344172639,67.0242568407318
0.05450606341663372,4.4324123305652705,94.66804511538567
0.16498257924714915,1.4223239769017262,85.20842679350012
0.01311825711923402,7.540090696990731,83.07366189254591
0.10168343540008479,7.59136818426631,74.0288140787744
0.27298722700972466,7.710384170374896,72.49858162413881
0.06917239186620364,7.802033816052137,67.98547860894419
0.1795652448170961,2.540642846583437,60.38990903341573
0.13152237465314595,3.282911221653618,61.9902164757527
0.03711345113251236,3.6669612075085296,72.03869611268667
0.021046589463650914,3.4158174592083586,63.604725246771146
0.08074144054566232,4.441857206682778,53.756868136643405
0.030016978402327033,3.9057482555032292,50.481480191834656
0.09332433899796591,4.767480856604151,54.830036050074504
0.01647117195291912,3.1992717586362343,91.37477725344333
0.10304267363899713,3.952246136514079,65.48753616377199
0.030976097597655322,7.32036822392545,85.37789271707695
0.08528553964725488,7.909500661549897,65.84999851696494
0.0563434322876398,2.5293206847395755,86.61838666869849
0.03444863846421656,4.9085120740520365,89.01629636004844
0.09309550710884062,4.918737638295891,88.18085612771861
0.17780436442623915,6.238203732388667,61.039240673677895
0.16445157460885568,4.414248957598174,82.10197570397867
0.06022712731292206,5.876351267861275,82.07387902768973
0.07440643322285567,6.193030801670839,73.76602927947135
0.019285198014345965,4.679560713184223,59.65065442145964
0.03324546372958499,6.642866728448187,75.75710943094059
0.11099634850517122,5.687383917950919,85.28087666180059
0.09545526215411593,3.826080697192009,84.96522883599594
0.13169774419925348,6.725265332612435,64.17786789247225
0.13079641608887754,3.5132931467826234,87.09763005026963
0.042338723736333836,7.6912479891985726,61.48497024091861
0.06636636677961956,0.7217497344172639,67.0242568407318
0.05450606341663372,4.4324123305652705,94.66804511538567
0.16498257924714915,1.4223239769017262,85.20842679350012
0.01311825711923402,7.540090696990731,83.07366189254591
0.08220191757798764,6.839180201766477,77.49304684290148
0.24207094345066352,7.347241784254788,74.63939395826411
0.06917239186620364,7.802033816052137,67.98547860894419
0.2560548767131951,1.0691027896944072,65.52388318353397
0.1168478171355244,3.617820766269904,59.610962413408316
0.03711345113251236,3.6669612075085296,72.03869611268667
0.021046589463650914,3.4158174592083586,63.604725246771146
0.08074144054566232,4.441857206682778,53.756868136643405
0.04089440860758094,3.839004352073643,51.71476906417854
0.09332433899796591,4.767480856604151,54.830036050074504
0.015644604121358492,4.269379851161066,89.32836830369665
0.1370582059189126,2.3624874455875915,56.09925795544079
0.030976097597655322,7.32036822392545,85.37789271707695
0.08528553964725488,7.909500661549897,65.84999851696494
0.06968070310672214,2.653009823039906,86.48432873724573
0.034958960799156155,4.841571272003524,88.66467268411893
0.10353715143081484,4.555732220546103,90.25015577828502
0.17947419916565382,6.25197121296155,60.43333245510367
0.21657223745203275,4.242252102957349,79.4604959579099
0.05073266530875069,5.4875347960371075,84.55035629461806
0.06249351923271891,7.00529923969596,64.57763431279194
0.019285198014345965,4.679560713184223,59.65065442145964
0.03276007605018971,7.01630845005651,76.22372729278104
0.11099634850517122,5.687383917950919,85.28087666180059
0.09761107873769609,3.3359636672885737,86.18066949429263
0.12589149804212973,6.4341644298288,70.09675690755871
0.14456177881261068,3.3474529257331174,85.73167084716779
0.042338723736333836,7.6912479891985726,61.48497024091861
0.06636636677961956,0.7217497344172639,67.0242568407318
0.05450606341663372,4.4324123305652705,94.66804511538567
0.15672476991468481,2.074713508466669,85.21950882664756
0.01311825711923402,7.540090696990731,83.07366189254591
0.10188039426757872,6.673313368839519,90.388850954311
0.1444434148074643,5.945483290880865,81.69049680790125
0.06917239186620364,7.802033816052137,67.98547860894419
0.20461226648434555,2.6630882214545535,64.55169544123584
0.11469478321797082,3.7011361159374876,58.22830739178983
0.03533028094548033,3.4324139702935375,72.56290049671932
0.021046589463650914,3.4158174592083586,63.604725246771146
0.08074144054566232,4.441857206682778,53.756868136643405
0.04019461825918287,3.866224838738433,51.971763920841994
0.09332433899796591,4.767480856604151,54.830036050074504
0.044639640378146175,4.512477760357099,88.89877799726773
0.1370582059189126,2.3624874455875915,56.09925795544079
0.030976097597655322,7.32036822392545,85.37789271707695
0.08528553964725488,7.909500661549897,65.84999851696494
0.06472149421466948,2.288787145451967,86.6287817689278
0.03230924505969107,4.570025736935436,83.89181724822018
0.10353715143081484,4.555732220546103,90.25015577828502
0.17947419916565382,6.25197121296155,60.43333245510367
0.23486983119353652,3.799967208336076,81.3499147491518
0.05073266530875069,5.4875347960371075,84.55035629461806
0.07604823609818806,7.734897760097978,66.12325829321337
0.019285198014345965,4.679560713184223,59.65065442145964
0.049219294092489776,6.934633032830687,79.59678553316702
0.11103988977418112,5.346091978567342,85.30023350600382
0.11128304924926447,3.4401216033859603,85.40833325097582
0.12589149804212973,6.4341644298288,70.09675690755871
0.15872180006632716,3.0244870184941965,85.90994642227211
0.05767177170657706,6.90565568718363,68.69198496880125
0.10311685539950638,0.6451394679875362,70.42672446903447
0.05450606341663372,4.4324123305652705,94.66804511538567
0.23510542167042503,0.36999539215554567,82.64661162993244
0.01311825711923402,7.540090696990731,83.07366189254591
0.10188039426757872,6.673313368839519,90.388850954311
0.14508494761983456,6.256728299116874,83.91353743963043
0.06917239186620364,7.802033816052137,67.98547860894419
0.19947622715275037,2.684149059373122,64.5251998771219
0.08486817903057742,4.058918066704713,56.013024057914876
0.03533028094548033,3.4324139702935375,72.56290049671932
0.021046589463650914,3.4158174592083586,63.604725246771146
0.08074144054566232,4.441857206682778,53.756868136643405
0.03778955747218531,3.539565518225392,50.64267778148482
0.09332433899796591,4.767480856604151,54.830036050074504
0.045217780946019144,4.818253330313068,87.72448414428456
0.15071833636785853,1.8581178852995008,56.66742536127432
0.03187536017448186,7.328638763360024,84.99373139826906
0.08528553964725488,7.909500661549897,65.84999851696494
0.06012293251048985,1.7461845831281995,86.16345824922325
0.03194063133027253,5.295688317291693,78.06190462127651
0.07714962421719415,4.147897881727024,74.35385690898974
0.2026156224654148,7.206203575229092,51.95778883928563
0.3642045483256232,0.24675088313251514,94.75157117134819
0.05073266530875069,5.4875347960371075,84.55035629461806
0.07604823609818806,7.734897760097978,66.12325829321337
0.019285198014345965,4.679560713184223,59.65065442145964
0.049219294092489776,6.934633032830687,79.59678553316702
0.12952183966894315,4.0843685638532445,95.4291602008588
0.11128304924926447,3.4401216033859603,85.40833325097582
0.21560120429076124,5.554413881313706,59.773790885720715
0.11894266030169756,3.5108327037727918,85.27488732965688
0.05767177170657706,6.90565568718363,68.69198496880125
0.10311685539950638,0.6451394679875362,70.42672446903447
0.058728660690234975,4.500656449868252,93.96834905180752
0.22102944403945687,0.750585137267584,82.96509192018574
0.01311825711923402,7.540090696990731,83.07366189254591
0.10767672082225559,6.594369852731253,93.25267961797951
0.14508494761983456,6.256728299116874,83.91353743963043
0.062427257910701535,7.210648399247304,70.89598392816292
0.1848834606080491,3.642644892817842,69.72694335823141
0.08486817903057742,4.058918066704713,56.013024057914876
0.03294001817056835,3.3282693759323383,93.86798425003181
0.018523087516495562,3.3580204668684814,63.1915520326549
0.08074144054566232,4.441857206682778,53.756868136643405
0.03778955747218531,3.539565518225392,50.64267778148482
0.09332433899796591,4.767480856604151,54.830036050074504
0.04295621071061156,3.622120475856198,92.31808676120448
0.15071833636785853,1.8581178852995008,56.66742536127432
0.03187536017448186,7.328638763360024,84.99373139826906
0.08265723724844921,7.679474083577321,67.25679965361462
0.05995472720110982,1.3473034933733343,87.27791467164936
0.03194063133027253,5.295688317291693,78.06190462127651
0.11409148769258598,4.718855529378612,96.60826892113204
0.2026156224654148,7.206203575229092,51.95778883928563
0.3642045483256232,0.24675088313251514,94.75157117134819
0.05073266530875069,5.4875347960371075,84.55035629461806
0.07604823609818806,7.734897760097978,66.12325829321337
0.019285198014345965,4.679560713184223,59.65065442145964
0.04666942362390106,6.881346739698055,81.27652340730158
0.12305874466668557,4.080684902120385,89.72413559880214
0.11128304924926447,3.4401216033859603,85.40833325097582
0.1829817924415423,5.861179528674075,61.81373860004713
0.1453718981046142,2.2782863135970226,86.73702899902251
0.059493764124401625,7.022509019318167,69.5364137444262
0.10311685539950638,0.6451394679875362,70.42672446903447
0.014620999044241148,4.788608241378245,96.87837682368274
0.22102944403945687,0.750585137267584,82.96509192018574
0.01311825711923402,7.540090696990731,83.07366189254591
0.10767672082225559,6.594369852731253,93.25267961797951
0.14508494761983456,6.256728299116874,83.91353743963043
0.062427257910701535,7.210648399247304,70.89598392816292
0.17243646615192085,4.638535675881916,65.16834109823944
0.020425636509818795,2.3364256346690926,58.232432483141665
0.03294001817056835,3.3282693759323383,93.86798425003181
0.018523087516495562,3.3580204668684814,63.1915520326549
0.08074144054566232,4.441857206682778,53.756868136643405
0.03778955747218531,3.539565518225392,50.64267778148482
0.09332433899796591,4.767480856604151,54.830036050074504
0.054028711375142334,4.99824444166007,83.55336921303078
0.15071833636785853,1.8581178852995008,56.66742536127432
0.013114380929754213,7.996905194990009,84.02045084370748
0.09253653589799582,7.908424833983276,65.47960612866072
0.05041257263313657,2.1317009539147813,80.52105386929483
0.03194063133027253,5.295688317291693,78.06190462127651
0.10058592434088198,4.526544638811369,91.88587547191958
0.1612153445800169,7.378947914618426,58.96250873437329
0.3642045483256232,0.24675088313251514,94.75157117134819
0.05073266530875069,5.4875347960371075,84.55035629461806
0.07604823609818806,7.734897760097978,66.12325829321337
0.018633784214799533,4.74402511580708,58.01829012965999
0.034358572035659875,6.60832022629207,86.07244516682877
0.15582445809512913,2.9135695769014154,91.42395261369506
0.11128304924926447,3.4401216033859603,85.40833325097582
0.18546346787937973,5.944978486916014,60.99706980776561
0.19333149443630526,0.37017994825483047,88.06548851312266
0.05130203271575469,7.401627093672544,66.93478634247155
0.10311685539950638,0.6451394679875362,70.42672446903447
0.014620999044241148,4.788608241378245,96.87837682368274
0.21320387991119674,0.9049902301015531,82.00053172469596
0.01311825711923402,7.540090696990731,83.07366189254591
0.09354891865179416,6.174042159695599,90.69843874300167
0.15053365649092396,5.934367385553396,80.17929805998386
0.062427257910701535,7.210648399247304,70.89598392816292
0.17243646615192085,4.638535675881916,65.16834109823944
0.020425636509818795,2.3364256346690926,58.232432483141665
0.03294001817056835,3.3282693759323383,93.86798425003181
0.018523087516495562,3.3580204668684814,63.1915520326549
0.08169796244150619,6.058339492406688,60.49713450707371
0.10043262211203778,4.933091747376471,51.14249306862272
0.09332433899796591,4.767480856604151,54.830036050074504
0.054028711375142334,4.99824444166007,83.55336921303078
0.16675386704222575,2.266734428786525,52.032324553234915
0.025000294291058073,6.268744837633858,87.6916096105959
0.09962087986745068,7.497255266050686,66.44954476925332
0.05041257263313657,2.1317009539147813,80.52105386929483
0.03194063133027253,5.295688317291693,78.06190462127651
0.10058592434088198,4.526544638811369,91.88587547191958
0.1649417038947879,7.882896922071181,51.560927647788986
0.3642045483256232,0.24675088313251514,94.75157117134819
0.05395884609357331,5.451544150875237,82.38174663509095
0.07604823609818806,7.734897760097978,66.12325829321337
0.018633784214799533,4.74402511580708,58.01829012965999
0.034358572035659875,6.60832022629207,86.07244516682877
0.15582445809512913,2.9135695769014154,91.42395261369506
0.12352706909018708,3.450696943630921,84.21287251206924
0.1851441208411159,5.9129520351588605,61.099325350543346
0.19333149443630526,0.37017994825483047,88.06548851312266
0.01312788180109739,7.326076361416964,67.31814989806186
0.09606950260961039,0.8643985102354792,69.82273114826006
0.014620999044241148,4.788608241378245,96.87837682368274
0.1582963252575769,1.988363381816216,75.23275872040826
0.01311825711923402,7.540090696990731,83.07366189254591
0.0921035763596823,6.512424413212303,90.4545491400455
0.2007245663701178,4.72110635692488,89.65075464131968
0.062427257910701535,7.210648399247304,70.89598392816292
0.2068045105602423,4.497941568985925,71.86299711798239
0.020425636509818795,2.3364256346690926,58.232432483141665
0.022514880902693463,3.36345122916381,94.07532836383076
0.017998863127956947,3.2933522111164635,63.13168754631185
0.08070039252037846,6.354368715281327,61.49053693411904
0.10043262211203778,4.933091747376471,51.14249306862272
0.09332433899796591,4.767480856604151,54.830036050074504
0.046812610176453884,3.0973285173708778,94.4287001693669
0.16675386704222575,2.266734428786525,52.032324553234915
0.025000294291058073,6.268744837633858,87.6916096105959
0.09391367708317584,7.924449955628075,63.94087660384086
0.05041257263313657,2.1317009539147813,80.52105386929483
0.03194063133027253,5.295688317291693,78.06190462127651
0.10058592434088198,4.526544638811369,91.88587547191958
0.1649417038947879,7.882896922071181,51.560927647788986
0.34269088229216627,0.8362994776364756,92.45029404554174
0.05395884609357331,5.451544150875237,82.38174663509095
0.07604823609818806,7.734897760097978,66.12325829321337
0.018633784214799533,4.74402511580708,58.01829012965999
0.034358572035659875,6.60832022629207,86.07244516682877
0.15927623962354848,3.0319411961088467,92.67176037524136
0.12352706909018708,3.450696943630921,84.21287251206924
0.18383547422673405,6.013058595576741,58.70120835141216
0.19333149443630526,0.37017994825483047,88.06548851312266
0.01312788180109739,7.326076361416964,67.31814989806186
0.09606950260961039,0.8643985102354792,69.82273114826006
0.014620999044241148,4.788608241378245,96.87837682368274
0.1759062964071614,0.33693013102210045,68.56571455738496
0.01311825711923402,7.540090696990731,83.07366189254591
0.11294591706328796,6.241247806950646,92.40218913424465
0.2007245663701178,4.72110635692488,89.65075464131968
0.062427257910701535,7.210648399247304,70.89598392816292
0.20768200281749066,4.543338761531073,71.80203957656022
0.012810172508419232,2.1045380777387677,58.99712886576168
0.022514880902693463,3.36345122916381,94.07532836383076
0.017998863127956947,3.2933522111164635,63.13168754631185
0.06077016258640654,7.705649054941706,50.91625452471372
0.10048294313787938,4.774135700003411,50.1935877365145
0.06426045200791061,5.757292632666052,55.937388540831535
0.046812610176453884,3.0973285173708778,94.4287001693669
0.16675386704222575,2.266734428786525,52.032324553234915
0.032428667888669924,6.097525599927481,88.10381195335714
0.09391367708317584,7.924449955628075,63.94087660384086
0.061385872240128966,0.5403624288778124,79.7699867902408
0.03194063133027253,5.295688317291693,78.06190462127651
0.05600435544871678,5.661855737864004,91.28891187085506
0.15574080444953353,7.403041653823572,57.32615639082947
0.304283971256866,1.930587696624821,88.04893155563114
0.06330078551781099,6.012214560157197,87.3826635179582
0.07604823609818806,7.734897760097978,66.12325829321337
0.026721975236073975,3.9487416952465773,62.13345469246123
0.034358572035659875,6.60832022629207,86.07244516682877
0.15927623962354848,3.0319411961088467,92.67176037524136
0.12352706909018708,3.450696943630921,84.21287251206924
0.25484766026077144,4.8786797470728605,53.811427331208805
0.19333149443630526,0.37017994825483047,88.06548851312266
0.01312788180109739,7.326076361416964,67.31814989806186
0.08193137633207152,2.002196726143824,72.08120636524002
0.014620999044241148,4.788608241378245,96.87837682368274
0.1759062964071614,0.33693013102210045,68.56571455738496
0.021581156897578627,7.481126498074913,80.80527296465684
0.053830862515608785,7.264996126708277,94.25515909240701
0.2007245663701178,4.72110635692488,89.65075464131968
0.05937667573403371,7.2177909335321395,70.67459214626619
0.20270720540958426,4.549658867345997,72.44820682472853
0.012810172508419232,2.1045380777387677,58.99712886576168
0.022514880902693463,3.36345122916381,94.07532836383076
0.017998863127956947,3.2933522111164635,63.13168754631185
0.06077016258640654,7.705649054941706,50.91625452471372
0.06304758147601991,4.102082796670737,56.065538366729875
0.09549736374247941,7.421003095938359,51.07962882121963
0.05864503423205589,2.8443168850954885,92.05815965696723
0.16675386704222575,2.266734428786525,52.032324553234915
0.036486568140575146,6.886105631988837,95.12638721354733
0.09391367708317584,7.924449955628075,63.94087660384086
0.061385872240128966,0.5403624288778124,79.7699867902408
0.026405944424484823,4.500788899440711,72.1348173432331
0.015265431329400808,6.278334797248695,95.40530648795745
0.15607220568507005,6.993307626457467,60.63934875744739
0.2683788365501235,2.1916540249345404,84.69653208775918
0.06330078551781099,6.012214560157197,87.3826635179582
0.07520172197953251,7.797611616425574,66.10255316730343
0.026721975236073975,3.9487416952465773,62.13345469246123
0.034358572035659875,6.60832022629207,86.07244516682877
0.15927623962354848,3.0319411961088467,92.67176037524136
0.19788095766219105,3.514917492143656,76.95323427824493
0.20496754876445544,5.674482295746133,52.95631493266935
0.19333149443630526,0.37017994825483047,88.06548851312266
0.01312788180109739,7.326076361416964,67.31814989806186
0.09679011223379716,0.653237745247452,69.9332671728978
0.019657085923732012,4.665613762844197,86.30465660430082
0.1759062964071614,0.33693013102210045,68.56571455738496
0.021581156897578627,7.481126498074913,80.80527296465684
0.053830862515608785,7.264996126708277,94.25515909240701
0.13972175356324312,5.117653307887941,90.34127463286288
0.05937667573403371,7.2177909335321395,70.67459214626619
0.3364030757790829,3.5360716830083936,55.27795784736506
0.012810172508419232,2.1045380777387677,58.99712886576168
0.015501417570926712,3.6193640354931977,96.35495049198121
0.01488044053108066,3.397843416702588,62.862492682127034
0.06077016258640654,7.705649054941706,50.91625452471372
0.06304758147601991,4.102082796670737,56.065538366729875
0.06347095226040972,7.93196225616743,50.53058871851122
0.05864503423205589,2.8443168850954885,92.05815965696723
0.20154999574171806,2.3033959180585417,50.45805918329318
0.03523811698097534,6.856712213897673,96.06232148418954
0.09391367708317584,7.924449955628075,63.94087660384086
0.061385872240128966,0.5403624288778124,79.7699867902408
0.0238254147587445,3.8169209533577417,67.61222885709599
0.015265431329400808,6.278334797248695,95.40530648795745
0.15607220568507005,6.993307626457467,60.63934875744739
0.315958837761988,2.078086486590571,88.92723139665554
0.08778010278488807,5.214419252418926,80.31323961846232
0.07520172197953251,7.797611616425574,66.10255316730343
0.026721975236073975,3.9487416952465773,62.13345469246123
0.034358572035659875,6.60832022629207,86.07244516682877
0.15927623962354848,3.0319411961088467,92.67176037524136
0.196893602532962,2.8324253848614416,79.3648904828002
0.20496754876445544,5.674482295746133,52.95631493266935
0.1296934616008111,2.8673534910904555,87.26765856825716
0.02476407398540001,6.180340923124785,73.64278781632373
0.09346703434614938,1.3791794704241145,67.99814600584526
0.019657085923732012,4.665613762844197,86.30465660430082
0.17265438681718498,0.4275017723644359,68.6433491543808
0.021581156897578627,7.481126498074913,80.80527296465684
0.053830862515608785,7.264996126708277,94.25515909240701
0.13972175356324312,5.117653307887941,90.34127463286288
0.05937667573403371,7.2177909335321395,70.67459214626619
0.34922743326514927,3.5656118079447117,55.0024332100035
0.012810172508419232,2.1045380777387677,58.99712886576168
0.015079348230812228,3.60697425811766,97.64221664941104
0.015148912812623542,2.7960823213072565,62.17993612178486
0.06077016258640654,7.705649054941706,50.91625452471372
0.05384471083147119,4.906034530078579,65.69116459472535
0.06347095226040972,7.93196225616743,50.53058871851122
0.05864503423205589,2.8443168850954885,92.05815965696723
0.20154999574171806,2.3033959180585417,50.45805918329318
0.034813369976832986,6.711675670010786,94.37010158515375
0.09391367708317584,7.924449955628075,63.94087660384086
0.05197678766725974,1.7109728182123574,82.95976647262547
0.020426956657802878,3.6177540065728113,67.79024635093441
0.015265431329400808,6.278334797248695,95.40530648795745
0.15607220568507005,6.993307626457467,60.63934875744739
0.34128051773938267,2.001664917495541,90.62841345974242
0.08778010278488807,5.214419252418926,80.31323961846232
0.07520172197953251,7.797611616425574,66.10255316730343
0.026721975236073975,3.9487416952465773,62.13345469246123
0.034358572035659875,6.60832022629207,86.07244516682877
0.17727125749454908,1.1125644040275553,94.81639012684313
0.1946368434124993,2.875241361277223,79.56419522102324
0.20496754876445544,5.674482295746133,52.95631493266935
0.1296934616008111,2.8673534910904555,87.26765856825716
0.02476407398540001,6.180340923124785,73.64278781632373
0.07742944120901224,2.797975166020303,72.90215204579451
0.026201701589661612,5.585957044086314,90.4032407224631
0.17265438681718498,0.4275017723644359,68.6433491543808
0.026224827885226253,7.448772299515701,79.5605870852265
0.053830862515608785,7.264996126708277,94.25515909240701
0.13972175356324312,5.117653307887941,90.34127463286288
0.0776139805009665,7.090724786687592,65.78627947668838
0.34922743326514927,3.5656118079447117,55.0024332100035
0.07516088912065375,2.1702313089577725,56.17622385068385
0.015079348230812228,3.60697425811766,97.64221664941104
0.015148912812623542,2.7960823213072565,62.17993612178486
0.06077016258640654,7.705649054941706,50.91625452471372
0.0537107490919719,4.676894470717586,66.92961593501954
0.06347095226040972,7.93196225616743,50.53058871851122
0.05864503423205589,2.8443168850954885,92.05815965696723
0.20154999574171806,2.3033959180585417,50.45805918329318
0.034813369976832986,6.711675670010786,94.37010158515375
0.09391367708317584,7.924449955628075,63.94087660384086
0.049093334353814425,1.5878296450902258,84.09916286588674
0.020426956657802878,3.6177540065728113,67.79024635093441
0.015265431329400808,6.278334797248695,95.40530648795745
0.15607220568507005,6.993307626457467,60.63934875744739
0.34128051773938267,2.001664917495541,90.62841345974242
0.06455119310104825,5.3053096065914,91.49207362227149
0.07520172197953251,7.797611616425574,66.10255316730343
0.026721975236073975,3.9487416952465773,62.13345469246123
0.03420602934907808,6.589200880519883,86.15343593325893
0.17727125749454908,1.1125644040275553,94.81639012684313
0.1946368434124993,2.875241361277223,79.56419522102324
0.1373970660658052,5.020277408184949,56.435244316929065
0.1296934616008111,2.8673534910904555,87.26765856825716
0.018894224855972773,5.869985371442153,61.535849699956934
0.07742944120901224,2.797975166020303,72.90215204579451
0.026201701589661612,5.585957044086314,90.4032407224631
0.17265438681718498,0.4275017723644359,68.6433491543808
0.026224827885226253,7.448772299515701,79.5605870852265
0.03992703520526612,7.30194311774528,98.8265820344925
0.13972175356324312,5.117653307887941,90.34127463286288
0.10900394563501481,6.872019118819378,57.37253817975106
0.34922743326514927,3.5656118079447117,55.0024332100035
0.06751018932540272,2.4824904329404447,72.79794405699701
0.015079348230812228,3.60697425811766,97.64221664941104
0.015148912812623542,2.7960823213072565,62.17993612178486
0.06093367408670502,7.719350533226359,50.892905503798474
0.0537107490919719,4.676894470717586,66.92961593501954
0.06347095226040972,7.93196225616743,50.53058871851122
0.05294737610429968,2.023620109163722,96.60051380975767
0.20154999574171806,2.3033959180585417,50.45805918329318
0.04729297755667307,6.988324995441665,93.70921599589937
0.09391367708317584,7.924449955628075,63.94087660384086
0.047633745537794175,1.5169252001080311,84.99481701564794
0.020426956657802878,3.6177540065728113,67.79024635093441
0.015265431329400808,6.278334797248695,95.40530648795745
0.112861366063532,6.196334235773625,75.20619093259728
0.3681036586741132,1.9437436198665674,98.33964976481585
0.06455119310104825,5.3053096065914,91.49207362227149
0.07520172197953251,7.797611616425574,66.10255316730343
0.026721975236073975,3.9487416952465773,62.13345469246123
0.03327116408800703,6.259369811915125,83.15299717446081
0.17727125749454908,1.1125644040275553,94.81639012684313
0.18460444922876612,3.036265082113494,78.73730943339848
0.1373970660658052,5.020277408184949,56.435244316929065
0.1306933411045714,2.837548116588704,87.19655127623766
0.022159786334351575,5.959415248702419,61.640539390145584
0.059289862350450216,3.0588487584936908,71.27541915512299
0.03228858600207827,5.541412294068826,90.57606178851562
0.17276977697368248,0.44035042979292305,68.7006747827177
0.033732976855824534,5.9244846268207425,84.34824083916536
0.03992703520526612,7.30194311774528,98.8265820344925
0.17719331831304247,6.453742009865417,87.63836286363161
0.11768699289081246,6.4433722873187165,56.72379360549596
0.34922743326514927,3.5656118079447117,55.0024332100035
0.06872366302146606,1.3248624549878998,65.1315488410959
0.015079348230812228,3.60697425811766,97.64221664941104
0.023901695119311304,2.7436618740832865,63.954856791736695
0.06093367408670502,7.719350533226359,50.892905503798474
0.06440704650725496,4.965478853683161,68.83044949552034
0.06347095226040972,7.93196225616743,50.53058871851122
0.05294737610429968,2.023620109163722,96.60051380975767
0.20154999574171806,2.3033959180585417,50.45805918329318
0.04729297755667307,6.988324995441665,93.70921599589937
0.09391367708317584,7.924449955628075,63.94087660384086
0.04735292033954995,1.0329758755527543,87.92744495888341
0.020426956657802878,3.6177540065728113,67.79024635093441
0.015265431329400808,6.278334797248695,95.40530648795745
0.11106252294321593,6.535159816742851,73.99663466277138
0.3681036586741132,1.9437436198665674,98.33964976481585
0.059593835971601866,5.1275371865829475,87.64475223746567
0.07520172197953251,7.797611616425574,66.10255316730343
0.026721975236073975,3.9487416952465773,62.13345469246123
0.03759875795411163,7.786194017265714,97.04235739447913
0.17727125749454908,1.1125644040275553,94.81639012684313
0.14398516828488925,2.7238404650648906,84.24852504758172
0.14148915787875108,5.123038046606078,55.65775702933692
0.1306933411045714,2.837548116588704,87.19655127623766
0.029068572077427204,6.004157356932801,62.600752968667635
0.02248515739987471,0.5875714211810097,69.34093225181857
0.03158810930954487,5.355636234942483,93.596326981262
0.17276977697368248,0.44035042979292305,68.7006747827177
0.03394129907875517,5.979734547363456,83.45001201085505
0.03992703520526612,7.30194311774528,98.8265820344925
0.17719331831304247,6.453742009865417,87.63836286363161
0.14964654991876963,6.6052848265030075,55.07884843269221
0.2191398625886135,3.640702192772464,71.84274312458395
0.06872366302146606,1.3248624549878998,65.1315488410959
0.012697912575511006,3.7598665786584977,98.56740559241837
0.024009624945394693,2.7897792986404086,63.88515321490605
0.06093367408670502,7.719350533226359,50.892905503798474
0.06727949008733615,2.6880550509632544,83.66461549989245
0.05054313913457034,6.530716963911116,54.612326366230064
0.05049597613911658,3.0173944611411283,97.01962599821161
0.18954638614204627,2.866922577461694,51.49725785585529
0.04729297755667307,6.988324995441665,93.70921599589937
0.07759119762077088,7.395163334555923,69.25061206216793
0.04735292033954995,1.0329758755527543,87.92744495888341
0.020426956657802878,3.6177540065728113,67.79024635093441
0.021733820065142254,5.912685668216888,94.68843988809374
0.15750289404476575,7.8052624978471625,61.68189181036576
0.3681036586741132,1.9437436198665674,98.33964976481585
0.059593835971601866,5.1275371865829475,87.64475223746567
0.07520172197953251,7.797611616425574,66.10255316730343
0.026721975236073975,3.9487416952465773,62.13345469246123
0.03759875795411163,7.786194017265714,97.04235739447913
0.17727125749454908,1.1125644040275553,94.81639012684313
0.10151461076964802,2.7471823808079394,77.04002462698642
0.14148915787875108,5.123038046606078,55.65775702933692
0.1566778210551391,0.5149510722559576,97.07401709146008
0.029068572077427204,6.004157356932801,62.600752968667635
0.02248515739987471,0.5875714211810097,69.34093225181857
0.03158810930954487,5.355636234942483,93.596326981262
0.12472679495130234,1.4640127582767766,75.51563714634966
0.05604685008435958,4.922255714256323,81.35308499168565
0.03992703520526612,7.30194311774528,98.8265820344925
0.1365269699042348,5.99513533633892,87.64057233341224
0.12251391980429613,6.706823903087761,65.31926750248915
0.21120035988384372,3.606079651944811,71.5189629284728
0.06872366302146606,1.3248624549878998,65.1315488410959
0.012697912575511006,3.7598665786584977,98.56740559241837
0.024009624945394693,2.7897792986404086,63.88515321490605
0.11928826676062596,5.517690585986064,51.167114287457636
0.055404761762145496,3.5287850810697314,86.53876181612213
0.04434766487701927,6.077113331585952,61.808017516592045
0.05049597613911658,3.0173944611411283,97.01962599821161
0.18954638614204627,2.866922577461694,51.49725785585529
0.05262785751623521,6.549245252110918,91.87493639643871
0.07759119762077088,7.395163334555923,69.25061206216793
0.04735292033954995,1.0329758755527543,87.92744495888341
0.016818086078141677,3.6841096742258204,82.16081835564263
0.021466263281403032,5.442839676017228,89.18151842194808
0.15750289404476575,7.8052624978471625,61.68189181036576
0.3681036586741132,1.9437436198665674,98.33964976481585
0.059593835971601866,5.1275371865829475,87.64475223746567
0.07520172197953251,7.797611616425574,66.10255316730343
0.025553876027805462,2.9255879243185405,61.90084091882844
0.03759875795411163,7.786194017265714,97.04235739447913
0.17727125749454908,1.1125644040275553,94.81639012684313
0.06305520976633659,4.0423167356949055,82.87343147786763
0.14148915787875108,5.123038046606078,55.65775702933692
0.1794513455252399,1.8060848650336045,86.39992406831668
0.029068572077427204,6.004157356932801,62.600752968667635
0.02248515739987471,0.5875714211810097,69.34093225181857
0.03158810930954487,5.355636234942483,93.596326981262
0.1844303187278534,0.6781196065915855,82.41000157192883
0.04000289730786549,4.884553756739847,86.1780322461126
0.03992703520526612,7.30194311774528,98.8265820344925
0.1365269699042348,5.99513533633892,87.64057233341224
0.07785396860872404,5.420955687855547,63.83398348142258
0.23633791378716168,5.031240933192897,59.736834558726
0.06872366302146606,1.3248624549878998,65.1315488410959
0.012697912575511006,3.7598665786584977,98.56740559241837
0.024009624945394693,2.7897792986404086,63.88515321490605
0.11928826676062596,5.517690585986064,51.167114287457636
0.055404761762145496,3.5287850810697314,86.53876181612213
0.04434766487701927,6.077113331585952,61.808017516592045
0.05049597613911658,3.0173944611411283,97.01962599821161
0.18954638614204627,2.866922577461694,51.49725785585529
0.0533332331084149,6.64225407985878,92.19323103438641
0.05935736562893565,6.586774249337235,78.90030498175285
0.04735292033954995,1.0329758755527543,87.92744495888341
0.012879350693904234,4.173925659446539,92.17022111199451
0.03227942133108741,5.494743235803191,89.03670361861127
0.15750289404476575,7.8052624978471625,61.68189181036576
0.3681036586741132,1.9437436198665674,98.33964976481585
0.059593835971601866,5.1275371865829475,87.64475223746567
0.07520172197953251,7.797611616425574,66.10255316730343
0.025553876027805462,2.9255879243185405,61.90084091882844
0.03759875795411163,7.786194017265714,97.04235739447913
0.19386804744217406,0.4661986551249875,97.54473281262392
0.06305520976633659,4.0423167356949055,82.87343147786763
0.14148915787875108,5.123038046606078,55.65775702933692
0.1794513455252399,1.8060848650336045,86.39992406831668
0.029068572077427204,6.004157356932801,62.600752968667635
0.02248515739987471,0.5875714211810097,69.34093225181857
0.03158810930954487,5.355636234942483,93.596326981262
0.1844303187278534,0.6781196065915855,82.41000157192883
0.03277884701843828,3.938358651238616,76.10849328200071
0.03992703520526612,7.30194311774528,98.8265820344925
0.1365269699042348,5.99513533633892,87.64057233341224
0.07498924633469407,5.728699058669096,56.78469116560481
0.26652086444440737,4.905802828589627,61.94666133449964
0.06622693696590255,0.20476602417507994,65.48637434078282
0.018480333434327284,4.08169856927769,93.49745843990237
0.024009624945394693,2.7897792986404086,63.88515321490605
0.11928826676062596,5.517690585986064,51.167114287457636
0.08422900618116272,4.73611598475741,79.52119469203065
0.05526934255154532,6.129263131972915,61.24136076528477
0.05049597613911658,3.0173944611411283,97.01962599821161
0.18954638614204627,2.866922577461694,51.49725785585529
0.05112439262227422,6.742743130603831,92.35806759974388
0.05935736562893565,6.586774249337235,78.90030498175285
0.04735292033954995,1.0329758755527543,87.92744495888341
0.012879350693904234,4.173925659446539,92.17022111199451
0.03381203888843255,5.317313489611307,89.6093195170221
0.15750289404476575,7.8052624978471625,61.68189181036576
0.3681036586741132,1.9437436198665674,98.33964976481585
0.059593835971601866,5.1275371865829475,87.64475223746567
0.07304791396378024,7.131726292830853,69.07634938983199
0.025553876027805462,2.9255879243185405,61.90084091882844
0.03759875795411163,7.786194017265714,97.04235739447913
0.19386804744217406,0.4661986551249875,97.54473281262392
0.0971878899019768,3.9527883174385163,76.54918805212162
0.14148915787875108,5.123038046606078,55.65775702933692
0.12355316643579205,3.7520817664700603,75.07527280267404
0.027263701200559626,5.676455083233291,67.8674045597259
0.02248515739987471,0.5875714211810097,69.34093225181857
0.03158810930954487,5.355636234942483,93.596326981262
0.143247725691788,3.0642797755804088,77.48000950843499
0.03738236204131752,3.424498225277247,74.6465537752154
0.03992703520526612,7.30194311774528,98.8265820344925
0.1365269699042348,5.99513533633892,87.64057233341224
0.07703388169739331,5.746274115319291,55.050488388753955
0.1955746138203091,3.6521406985909945,70.35682913506143
0.06622693696590255,0.20476602417507994,65.48637434078282
0.018480333434327284,4.08169856927769,93.49745843990237
0.024009624945394693,2.7897792986404086,63.88515321490605
0.11928826676062596,5.517690585986064,51.167114287457636
0.09612257808490551,5.103113818665777,83.09287734570731
0.05526934255154532,6.129263131972915,61.24136076528477
0.05496045322943106,2.8689807200297412,97.51078079142674
0.18954638614204627,2.866922577461694,51.49725785585529
0.05112439262227422,6.742743130603831,92.35806759974388
0.05935736562893565,6.586774249337235,78.90030498175285
0.04735292033954995,1.0329758755527543,87.92744495888341
0.02379938866929754,4.740825908248285,89.05244621831456
0.03608778098811083,5.9764129348116715,97.24507971310469
0.15750289404476575,7.8052624978471625,61.68189181036576
0.39882139045751486,2.2042347422263324,98.47979359393815
0.05616352674935375,5.5421760906974,89.11038430349042
0.06459245126327974,7.17518111854835,76.67131642836429
0.025553876027805462,2.9255879243185405,61.90084091882844
0.03759875795411163,7.786194017265714,97.04235739447913
0.15939995677077806,0.717569774617196,88.1512449858997
0.09705477930947412,3.9493719066208595,76.61526381350315
0.14519314356564691,5.124664773933743,53.41779771497207
0.18858864492778182,0.9913785249917275,56.60403973266114
0.02769481185056483,6.370051216835319,69.37179762312978
0.02248515739987471,0.5875714211810097,69.34093225181857
0.03158810930954487,5.355636234942483,93.596326981262
0.10839741071238675,2.67275757611994,82.2241303332285
0.042956331418750035,1.5667773719141742,56.41720472031481
0.03992703520526612,7.30194311774528,98.8265820344925
0.13634566188580702,5.990113812337138,87.25696282703402
0.07438693987536621,5.83545819855471,51.16197915727655
0.20571723275532816,3.473070385195197,71.01578315191915
0.06622693696590255,0.20476602417507994,65.48637434078282
0.018480333434327284,4.08169856927769,93.49745843990237
0.019237511192791452,3.1489259244435575,58.97014232470154
0.11928826676062596,5.517690585986064,51.167114287457636
0.09608244096389848,5.112592272621596,82.5380541247302
0.09472724334343166,5.4326246497414905,63.804894147556915
0.056540312955797874,2.9799668274243203,98.88118891454769
0.18954638614204627,2.866922577461694,51.49725785585529
0.05112439262227422,6.742743130603831,92.35806759974388
0.05935736562893565,6.586774249337235,78.90030498175285
0.04735292033954995,1.0329758755527543,87.92744495888341
0.02379938866929754,4.740825908248285,89.05244621831456
0.03608778098811083,5.9764129348116715,97.24507971310469
0.15750289404476575,7.8052624978471625,61.68189181036576
0.2601764285031715,1.742204276295371,94.31717276326994
0.04147586663100392,4.286638809103586,76.05422339381786
0.06979548906511593,6.6581508166154055,76.66233235693234
0.025553876027805462,2.9255879243185405,61.90084091882844
0.03759875795411163,7.786194017265714,97.04235739447913
0.12888585784615536,0.8034652455900883,88.09029686642043
0.12797225984559585,2.937617294766779,80.16074091352517
0.14519314356564691,5.124664773933743,53.41779771497207
0.18870818282068744,1.225469509847269,55.96665049223803
0.02388075003277982,6.343944824751911,68.22399645865663
0.02248515739987471,0.5875714211810097,69.34093225181857
0.031061724184206413,5.261585770957101,92.12055160762142
0.10839741071238675,2.67275757611994,82.2241303332285
0.029548805571205428,0.5656080787107607,54.50395588487835
0.03992703520526612,7.30194311774528,98.8265820344925
0.11595594471420965,5.495434175414367,82.33194038996893
0.08803636207891263,7.4396821554931885,50.14462970557935
0.20571723275532816,3.473070385195197,71.01578315191915
0.06622693696590255,0.20476602417507994,65.48637434078282
0.01771140020492196,4.009587743506694,93.58161045760727
0.019237511192791452,3.1489259244435575,58.97014232470154
0.1163278764502461,5.599900109279075,52.82961204469126
0.1337714618523343,5.026228735750193,76.9835944742812
0.09303869552105093,5.396286586480928,64.19330810981174
0.05542114198473199,3.7575244260962446,97.5332207823208
0.18954638614204627,2.866922577461694,51.49725785585529
0.03985988800391851,6.3632262416090475,97.98563370278205
0.05935736562893565,6.586774249337235,78.90030498175285
0.04735292033954995,1.0329758755527543,87.92744495888341
0.01766861456681574,4.931466800344779,87.40820743916318
0.03607035464885757,5.981878062711932,97.31361593835456
0.15750289404476575,7.8052624978471625,61.68189181036576
0.2066965156560667,3.194425623560499,94.97196727257456
0.04308349928431,2.8355576830521114,67.35155025170928
0.07585935278869438,7.576098475540423,80.00087763812581
0.025553876027805462,2.9255879243185405,61.90084091882844
0.03759875795411163,7.786194017265714,97.04235739447913
0.12391918111092061,0.7915728083776513,86.41103928272472
0.12797225984559585,2.937617294766779,80.16074091352517
0.14519314356564691,5.124664773933743,53.41779771497207
0.18870818282068744,1.225469509847269,55.96665049223803
0.02388075003277982,6.343944824751911,68.22399645865663
0.02248515739987471,0.5875714211810097,69.34093225181857
0.030252630160259725,5.223692935745899,92.49857528879456
0.10981404735426764,3.201789673848926,82.24433632511858
0.029548805571205428,0.5656080787107607,54.50395588487835
0.03992703520526612,7.30194311774528,98.8265820344925
0.08562787941047847,6.578695395860983,95.0395182678845
0.08803636207891263,7.4396821554931885,50.14462970557935
0.19655367512157107,3.566907470268392,72.12307580860724
0.06622693696590255,0.20476602417507994,65.48637434078282
0.01771140020492196,4.009587743506694,93.58161045760727
0.019237511192791452,3.1489259244435575,58.97014232470154
0.11632987328435417,5.600032322340061,52.828595957783286
0.11898226041271662,5.060117855544783,79.16316880978546
0.08970829358111321,5.541479141340568,64.47969070955287
0.05542114198473199,3.7575244260962446,97.5332207823208
0.18954638614204627,2.866922577461694,51.49725785585529
0.03093047458957921,6.3211878410320494,98.56042586376807
0.05935736562893565,6.586774249337235,78.90030498175285
0.04735292033954995,1.0329758755527543,87.92744495888341
0.01514341459872816,5.57383551554693,95.57676360458713
0.03607035464885757,5.981878062711932,97.31361593835456
0.15837083585966294,7.622252575757964,61.52292847059822
0.1982845104866512,3.0337879260707945,73.6479603574485
0.049214331173493206,2.804070396299256,69.257888003965
0.07585935278869438,7.576098475540423,80.00087763812581
0.030803692457545138,3.868315397820728,59.915847359233815
0.03759875795411163,7.786194017265714,97.04235739447913
0.1420867329593871,0.8815460956765858,89.4291278304925
0.12822162388878813,2.9354863228566477,80.14112284059918
0.14519314356564691,5.124664773933743,53.41779771497207
0.18870818282068744,1.225469509847269,55.96665049223803
0.02388075003277982,6.343944824751911,68.22399645865663
0.010543304012700622,0.2300882204700141,67.57644675659142
0.03712912971557328,5.391957168243116,92.81410963856942
0.14939782089139034,2.00903749192564,76.48810068819978
0.029548805571205428,0.5656080787107607,54.50395588487835
0.03992703520526612,7.30194311774528,98.8265820344925
0.08562787941047847,6.578695395860983,95.0395182678845
0.0828167299996849,6.81642295753721,52.71441221891233
0.28681004724161796,1.5802489313283496,67.66458767247335
0.06629212554352182,0.19480605937686413,65.47192272683405
0.037474834597222645,3.8362500095106107,91.14885222057586
0.019237511192791452,3.1489259244435575,58.97014232470154
0.11632987328435417,5.600032322340061,52.828595957783286
0.11898226041271662,5.060117855544783,79.16316880978546
0.06113013593892823,5.756164532084172,70.17725539447555
0.05542114198473199,3.7575244260962446,97.5332207823208
0.18954638614204627,2.866922577461694,51.49725785585529
0.03093047458957921,6.3211878410320494,98.56042586376807
0.048542234303707535,7.182946692817172,87.9178249575292
0.03620013979734846,1.0177883316200056,90.449117802075
0.01514341459872816,5.57383551554693,95.57676360458713
0.03607035464885757,5.981878062711932,97.31361593835456
0.1599442268061813,7.638315645997649,61.06565996869394
0.17541838260162695,3.7828645603241644,69.50248196681545
0.07974801896987167,2.4585318219976493,66.34858059135583
0.07585935278869438,7.576098475540423,80.00087763812581
0.026423846034642744,3.0818114109003485,61.571898967481374
0.03759875795411163,7.786194017265714,97.04235739447913
0.1420867329593871,0.8815460956765858,89.4291278304925
0.12822162388878813,2.9354863228566477,80.14112284059918
0.14519314356564691,5.124664773933743,53.41779771497207
0.18870818282068744,1.225469509847269,55.96665049223803
0.02388075003277982,6.343944824751911,68.22399645865663
0.010543304012700622,0.2300882204700141,67.57644675659142
0.03712912971557328,5.391957168243116,92.81410963856942
0.18538190234519156,0.7662769853901272,78.85730989380309
0.029548805571205428,0.5656080787107607,54.50395588487835
0.03992703520526612,7.30194311774528,98.8265820344925
0.08562787941047847,6.578695395860983,95.0395182678845
0.07576955690682609,7.04728288834591,51.436806149428655
0.28610431025542943,1.582451151279992,67.70990445139986
0.06629212554352182,0.19480605937686413,65.47192272683405
0.037474834597222645,3.8362500095106107,91.14885222057586
0.01510765798671676,3.132162837618457,58.6916382015904
0.11632987328435417,5.600032322340061,52.828595957783286
0.11141421393494852,6.800422826678166,78.36211778744104
0.06113013593892823,5.756164532084172,70.17725539447555
0.05542114198473199,3.7575244260962446,97.5332207823208
0.18954638614204627,2.866922577461694,51.49725785585529
0.03093047458957921,6.3211878410320494,98.56042586376807
0.048542234303707535,7.182946692817172,87.9178249575292
0.048100720946809505,2.9073061547105845,91.7359393389122
0.01514341459872816,5.57383551554693,95.57676360458713
0.03249041871949712,5.4952136756255925,90.7178898258592
0.1599442268061813,7.638315645997649,61.06565996869394
0.17135092179630568,4.565577916437562,73.64524281218277
0.05452948280677776,1.4311677413376662,71.33131104835078
0.07585935278869438,7.576098475540423,80.00087763812581
0.026423846034642744,3.0818114109003485,61.571898967481374
0.03759875795411163,7.786194017265714,97.04235739447913
0.1420867329593871,0.8815460956765858,89.4291278304925
0.12822162388878813,2.9354863228566477,80.14112284059918
0.14519314356564691,5.124664773933743,53.41779771497207
0.18870818282068744,1.225469509847269,55.96665049223803
0.028721820809358867,6.26212771691923,68.26483937488086
0.010543304012700622,0.2300882204700141,67.57644675659142
0.02195937385404645,6.7474092259840655,88.90050172705386
0.18538190234519156,0.7662769853901272,78.85730989380309
0.029548805571205428,0.5656080787107607,54.50395588487835
0.03992703520526612,7.30194311774528,98.8265820344925
0.08562787941047847,6.578695395860983,95.0395182678845
0.07618822969101066,7.105994630589649,51.40902356082625
0.28610431025542943,1.582451151279992,67.70990445139986
0.06517883915748834,0.22525320126253034,66.3959817594655
0.037474834597222645,3.8362500095106107,91.14885222057586
0.01510765798671676,3.132162837618457,58.6916382015904
0.11632987328435417,5.600032322340061,52.828595957783286
0.06788719737046207,6.048909021755969,93.87547048283713
0.06113013593892823,5.756164532084172,70.17725539447555
0.05278981359640862,3.992639579636106,96.85437085933322
0.15702063285606405,2.5210473098075035,56.27530789895417
0.03093047458957921,6.3211878410320494,98.56042586376807
0.04854609967741847,7.220379192367199,87.88439802100606
0.048100720946809505,2.9073061547105845,91.7359393389122
0.01514341459872816,5.57383551554693,95.57676360458713
0.03249041871949712,5.4952136756255925,90.7178898258592
0.1599442268061813,7.638315645997649,61.06565996869394
0.18755762851632896,6.605819783349778,64.90401998793688
0.05452948280677776,1.4311677413376662,71.33131104835078
0.07825432022665478,7.398487482762868,81.75991171700832
0.029205652366112653,3.581349878528074,60.52007787508536
0.03759875795411163,7.786194017265714,97.04235739447913
0.086645728868648,3.594656492511623,93.98351225329614
0.16035993118977018,3.7073693659773532,88.4912963128686
0.14519314356564691,5.124664773933743,53.41779771497207
0.19428729158678265,0.9976092754283217,54.359456142590155
0.028721820809358867,6.26212771691923,68.26483937488086
0.010543304012700622,0.2300882204700141,67.57644675659142
0.02195937385404645,6.7474092259840655,88.90050172705386
0.21932347210223502,0.5938121883812976,80.80946496824066
0.029548805571205428,0.5656080787107607,54.50395588487835
0.03992703520526612,7.30194311774528,98.8265820344925
0.0911147485618444,6.444757002776534,91.20552310698615
0.07138339500626376,6.387739259382478,58.30761201963425
0.28610431025542943,1.582451151279992,67.70990445139986
0.06517883915748834,0.22525320126253034,66.3959817594655
0.05286330186773679,3.401611453247304,90.89587982541403
0.01510765798671676,3.132162837618457,58.6916382015904
0.11632987328435417,5.600032322340061,52.828595957783286
0.06788719737046207,6.048909021755969,93.87547048283713
0.027894128902722526,6.3727578264609805,70.54176342547063
0.05276237830660892,3.9862894306270684,96.82442356193982
0.15702063285606405,2.5210473098075035,56.27530789895417
0.02529343996146577,6.652279948812595,98.73407667803598
0.04854609967741847,7.220379192367199,87.88439802100606
0.034128240036704297,4.0377999577240065,93.36428369340572
0.01514341459872816,5.57383551554693,95.57676360458713
0.0709724198292278,5.055321364973622,89.36179522203082
0.16295508212810078,7.984735233808759,61.95509941215015
0.23108626226421936,7.617159779745089,60.219391413635336
0.05178257351794259,1.4019574113833064,71.7348334489085
0.07825432022665478,7.398487482762868,81.75991171700832
0.026297353293779684,4.8520500659173464,71.91058132091018
0.03759875795411163,7.786194017265714,97.04235739447913
0.10163135471241466,2.168560623688978,96.38246063688122
0.1603253982229917,4.033916890263771,86.21302207246774
0.1343985306756802,4.699107820417276,53.51918319725981
0.19428729158678265,0.9976092754283217,54.359456142590155
0.03296786835733193,6.477360739749093,59.72423990340697
0.010543304012700622,0.2300882204700141,67.57644675659142
0.02195937385404645,6.7474092259840655,88.90050172705386
0.21932347210223502,0.5938121883812976,80.80946496824066
0.029548805571205428,0.5656080787107607,54.50395588487835
0.03992703520526612,7.30194311774528,98.8265820344925
0.10808438787049984,6.135561640882899,92.52946211573934
0.060103642659347006,6.882429281654159,58.66996196751328
0.28610431025542943,1.582451151279992,67.70990445139986
0.06517883915748834,0.22525320126253034,66.3959817594655
0.05286330186773679,3.401611453247304,90.89587982541403
0.01510765798671676,3.132162837618457,58.6916382015904
0.11632987328435417,5.600032322340061,52.828595957783286
0.03946767053556551,3.1651122610810494,80.84172326486139
0.027894128902722526,6.3727578264609805,70.54176342547063
0.040587523304436005,3.7101257163559973,84.49499637068335
0.15702063285606405,2.5210473098075035,56.27530789895417
0.02529343996146577,6.652279948812595,98.73407667803598
0.04854609967741847,7.220379192367199,87.88439802100606
0.08500332883541299,3.4098935114571995,78.01016051533844
0.01514341459872816,5.57383551554693,95.57676360458713
0.06333687791289233,4.792465907202672,85.16982765989653
0.16295508212810078,7.984735233808759,61.95509941215015
0.23108626226421936,7.617159779745089,60.219391413635336
0.05178257351794259,1.4019574113833064,71.7348334489085
0.08322856954250724,7.163534510766169,77.98027974675293
0.025218477765892894,3.8245704509173044,72.83543520848988
0.03759875795411163,7.786194017265714,97.04235739447913
0.10163135471241466,2.168560623688978,96.38246063688122
0.1603253982229917,4.033916890263771,86.21302207246774
0.10528543110329583,3.537222496253316,59.938209954275464
0.19428729158678265,0.9976092754283217,54.359456142590155
0.03296786835733193,6.477360739749093,59.72423990340697
0.012014995211714789,1.1658083020529477,64.7117051897108
0.01331042244530102,7.156042133057084,89.68030755301238
0.2154276107151743,0.7143242065203919,79.27531858989258
0.029548805571205428,0.5656080787107607,54.50395588487835
0.03992703520526612,7.30194311774528,98.8265820344925
0.12458341565398451,6.03258722237359,91.29297297490206
0.0573055928706913,6.961955722294601,57.900998651393174
0.24947655843955668,1.9152944062146053,69.58595309166935
0.06517883915748834,0.22525320126253034,66.3959817594655
0.05286330186773679,3.401611453247304,90.89587982541403
0.043461027586379035,3.2448250432872365,66.52824949139017
0.11632987328435417,5.600032322340061,52.828595957783286
0.046624054812837115,1.7008753828466165,77.54775832184527
0.025226440315226098,6.927860837628837,70.40853000082224
0.040587523304436005,3.7101257163559973,84.49499637068335
0.1634017413542406,2.3175398317495812,56.09789944367164
0.02529343996146577,6.652279948812595,98.73407667803598
0.056002546580651555,7.2081580514929176,85.7550937262838
0.07713358317486164,2.9342286369168287,76.52358299843273
0.01514341459872816,5.57383551554693,95.57676360458713
0.06333687791289233,4.792465907202672,85.16982765989653
0.16110879052822222,7.809625944490766,62.99161415960411
0.23108626226421936,7.617159779745089,60.219391413635336
0.05178257351794259,1.4019574113833064,71.7348334489085
0.08322856954250724,7.163534510766169,77.98027974675293
0.025218477765892894,3.8245704509173044,72.83543520848988
0.03759875795411163,7.786194017265714,97.04235739447913
0.10163135471241466,2.168560623688978,96.38246063688122
0.11409425911777563,4.125969614678358,85.89361903609206
0.1668279836788652,5.101950711897915,56.788518643327855
0.19428729158678265,0.9976092754283217,54.359456142590155
0.03439811197362174,5.4635583159088075,71.55654877848943
0.012014995211714789,1.1658083020529477,64.7117051897108
0.01331042244530102,7.156042133057084,89.68030755301238
0.2154276107151743,0.7143242065203919,79.27531858989258
0.029548805571205428,0.5656080787107607,54.50395588487835
0.06685625485400531,6.702081505476562,82.61396609505417
0.12458341565398451,6.03258722237359,91.29297297490206
0.0573055928706913,6.961955722294601,57.900998651393174
0.24947655843955668,1.9152944062146053,69.58595309166935
0.06517883915748834,0.22525320126253034,66.3959817594655
0.045675389595385946,3.3830170105090263,95.14067145129866
0.043461027586379035,3.2448250432872365,66.52824949139017
0.11632987328435417,5.600032322340061,52.828595957783286
0.04499365316772586,2.8001759009222207,81.06941826237988
0.025226440315226098,6.927860837628837,70.40853000082224
0.036065959027441655,4.281334975423793,85.35453485053124
0.1634017413542406,2.3175398317495812,56.09789944367164
0.02625335335878945,6.646655700062657,98.48438425902538
0.056002546580651555,7.2081580514929176,85.7550937262838
0.03987162198749378,3.1545305534793924,78.02355534091495
0.01514341459872816,5.57383551554693,95.57676360458713
0.05170979702159778,5.589143692937283,81.76541528705471
0.16110879052822222,7.809625944490766,62.99161415960411
0.12600649865788643,7.394664330530089,74.43467859207472
0.05178257351794259,1.4019574113833064,71.7348334489085
0.0808994841184042,7.154070994094253,77.67623484007201
0.025218477765892894,3.8245704509173044,72.83543520848988
0.03759875795411163,7.786194017265714,97.04235739447913
0.10163135471241466,2.168560623688978,96.38246063688122
0.06673839785063382,5.720325313908557,88.98653279857864
0.18536246421110014,5.714416166465372,57.09696442916979
0.15323317136081904,2.371313273713728,65.13949925612783
0.03439811197362174,5.4635583159088075,71.55654877848943
0.011317548157180394,0.18308660907243635,57.83067633250293
0.01331042244530102,7.156042133057084,89.68030755301238
0.2154276107151743,0.7143242065203919,79.27531858989258
0.029548805571205428,0.5656080787107607,54.50395588487835
0.07601689550753633,6.27494773105796,79.96282228762249
0.12344706681043119,6.061760347187702,90.93876116088802
0.05110948755753912,6.902016495124616,65.80443621245536
0.2327464307673884,2.035780400953665,71.68375117206112
0.06517883915748834,0.22525320126253034,66.3959817594655
0.045675389595385946,3.3830170105090263,95.14067145129866
0.043461027586379035,3.2448250432872365,66.52824949139017
0.11632987328435417,5.600032322340061,52.828595957783286
0.055820173803524976,0.6831996261437343,71.36156450165657
0.02195651847049507,6.488750881601433,78.57057968394338
0.036065959027441655,4.281334975423793,85.35453485053124
0.1634017413542406,2.3175398317495812,56.09789944367164
0.04176503076047523,6.76297151681909,94.74463976482735
0.056002546580651555,7.2081580514929176,85.7550937262838
0.03987162198749378,3.1545305534793924,78.02355534091495
0.01514341459872816,5.57383551554693,95.57676360458713
0.051726988364446135,5.551546340554918,82.22249730873685
0.15585742023886023,7.763571002234878,64.38881243444582
0.12600649865788643,7.394664330530089,74.43467859207472
0.05178257351794259,1.4019574113833064,71.7348334489085
0.07434939707962578,6.776081731417982,76.28145873778378
0.017763948726284656,3.510675978080915,64.23214845637044
0.04174567502700938,7.140530331097762,92.55280763531778
0.10163135471241466,2.168560623688978,96.38246063688122
0.04393991649993617,6.487894263192963,90.47555094430695
0.15162721922934233,5.270833984867646,58.53317751525376
0.13173226139610417,3.2910801527363707,70.42629010423465
0.03439811197362174,5.4635583159088075,71.55654877848943
0.011317548157180394,0.18308660907243635,57.83067633250293
0.01331042244530102,7.156042133057084,89.68030755301238
0.2154276107151743,0.7143242065203919,79.27531858989258
0.029548805571205428,0.5656080787107607,54.50395588487835
0.08782666729162358,6.410967146024962,76.93363649357006
0.1119427346750772,6.126299427740691,97.2268136648459
0.05110948755753912,6.902016495124616,65.80443621245536
0.2283218436316362,1.6981766807971044,73.62323385251304
0.0607033955774549,0.703659822008464,69.00607138937833
0.045675389595385946,3.3830170105090263,95.14067145129866
0.03940947122003145,3.770403764711795,69.63936012398626
0.11632987328435417,5.600032322340061,52.828595957783286
0.05550835972005841,1.0553656181889268,72.15080290224203
0.02195651847049507,6.488750881601433,78.57057968394338
0.036065959027441655,4.281334975423793,85.35453485053124
0.2144884638524725,0.2318582358892245,51.68196572108833
0.04237395586498564,6.236641520548488,94.80631022686296
0.057514123456204096,7.298414826293021,85.1635698276768
0.0524419286920661,4.4626437830875005,86.91302883224526
0.01514341459872816,5.57383551554693,95.57676360458713
0.051726988364446135,5.551546340554918,82.22249730873685
0.1548239652092403,7.754507518022077,64.6637771588791
0.1001805967808474,6.313798156263131,73.00456686780242
0.05801188736710703,0.20954864318917688,72.78981228034486
0.07434939707962578,6.776081731417982,76.28145873778378
0.017763948726284656,3.510675978080915,64.23214845637044
0.04174567502700938,7.140530331097762,92.55280763531778
0.10163135471241466,2.168560623688978,96.38246063688122
0.04393991649993617,6.487894263192963,90.47555094430695
0.15526823117529925,5.1844572872423695,54.3446255682293
0.15064944643248412,3.833547355846813,73.50846276180701
0.03416800257367307,5.461876907242615,71.48516038564966
0.011317548157180394,0.18308660907243635,57.83067633250293
0.01331042244530102,7.156042133057084,89.68030755301238
0.13422078633163742,2.5819062285074645,83.080770618833
0.030283714537318544,0.38195232170494897,53.897301426623656
0.07298937032307343,4.856401745841622,70.99377890727791
0.11781129474583309,6.07305818170795,97.43438367391954
0.05429187172536718,7.085834470266566,54.853576768492495
0.21748739834556746,1.7914404573764,73.14000713262661
0.03828791236342215,3.7554469926619425,78.78437739260474
0.045675389595385946,3.3830170105090263,95.14067145129866
0.03910169926941544,3.3264226257112584,66.62073802653211
0.11426040792060004,5.691498566714174,55.41406614707188
0.05550835972005841,1.0553656181889268,72.15080290224203
0.06439570886385049,5.10956439005403,72.64360997967393
0.036065959027441655,4.281334975423793,85.35453485053124
0.2144884638524725,0.2318582358892245,51.68196572108833
0.04237395586498564,6.236641520548488,94.80631022686296
0.057514123456204096,7.298414826293021,85.1635698276768
0.052824235723456084,4.503015567662727,86.72749739931456
0.01514341459872816,5.57383551554693,95.57676360458713
0.015170367432377957,5.681152041683821,92.06515287230062
0.13984337647881034,7.073954057193583,77.92742370213307
0.07739717917677863,5.877143199979643,70.1767392693409
0.05801188736710703,0.20954864318917688,72.78981228034486
0.07078598408100939,6.5384834598228485,77.10374831461202
0.017763948726284656,3.510675978080915,64.23214845637044
0.054817862523283446,7.858387182209604,92.79268122748267
0.07225086188000118,3.8276765430569024,94.15294883726827
0.045040199079513614,6.664430639416432,87.43265261813657
0.15526823117529925,5.1844572872423695,54.3446255682293
0.15584223833089184,3.5783517975703347,73.56030912910266
0.03416800257367307,5.461876907242615,71.48516038564966
0.011317548157180394,0.18308660907243635,57.83067633250293
0.01331042244530102,7.156042133057084,89.68030755301238
0.1280831408816467,3.887702498230029,88.44945540701322
0.030283714537318544,0.38195232170494897,53.897301426623656
0.08317036833787,4.699354388290487,71.30915530548356
0.11781129474583309,6.07305818170795,97.43438367391954
0.053193696815098473,6.857306773671992,56.49568321438444
0.2544981725264279,0.393122349072609,79.49542635253003
0.04246958342136105,4.526036994904544,80.1718418415298
0.045675389595385946,3.3830170105090263,95.14067145129866
0.04367517153091855,3.286930290544613,67.13270146528207
0.11426040792060004,5.691498566714174,55.41406614707188
0.05849253217057787,0.5785246228020768,70.17874012875725
0.06439570886385049,5.10956439005403,72.64360997967393
0.03579491170696586,4.205378001499303,85.1782527591966
0.2209555423386969,0.10253216482614214,50.6872274982823
0.04237395586498564,6.236641520548488,94.80631022686296
0.057514123456204096,7.298414826293021,85.1635698276768
0.06612082831065197,4.394303287293695,87.03172949028774
0.01514341459872816,5.57383551554693,95.57676360458713
0.015170367432377957,5.681152041683821,92.06515287230062
0.13984337647881034,7.073954057193583,77.92742370213307
0.07739717917677863,5.877143199979643,70.1767392693409
0.05801188736710703,0.20954864318917688,72.78981228034486
0.07078598408100939,6.5384834598228485,77.10374831461202
0.017763948726284656,3.510675978080915,64.23214845637044
0.054817862523283446,7.858387182209604,92.79268122748267
0.07225086188000118,3.8276765430569024,94.15294883726827
0.045822902621224106,6.690196289856823,87.31126343862117
0.15526823117529925,5.1844572872423695,54.3446255682293
0.1909537850047039,1.8100265459519558,87.69590422904265
0.03332291409454004,5.530519554437152,72.22237482532246
0.012740107514717767,2.1875110755828966,71.86568003158732
0.01331042244530102,7.156042133057084,89.68030755301238
0.12484272756248113,3.914195956531812,88.37531327524208
0.0300034640616207,0.47805528800967867,54.668797972239126
0.08317036833787,4.699354388290487,71.30915530548356
0.11913218329377631,6.035622205482013,97.5317140048467
0.05191404067074762,7.06074127856893,53.967062028092506
0.20080201773161852,1.3291096263682691,80.89067727499476
0.03744832659628767,2.8184432527599546,69.34526750042731
0.045675389595385946,3.3830170105090263,95.14067145129866
0.05104416646556664,4.170735554214955,69.84293353929658
0.1128974494045493,5.741183170091812,56.27112065914748
0.060277833688736834,0.18788649982999894,66.701789347811
0.06652437808747111,5.221144116782211,70.05276114518362
0.0465554264584511,3.492339755917751,79.76008240772745
0.2209555423386969,0.10253216482614214,50.6872274982823
0.04155576682979163,6.951458818232155,94.70607014890585
0.048583701935083295,7.809760418411122,90.58689407221708
0.07576322460058844,4.19468756783305,87.0830319364241
0.01514341459872816,5.57383551554693,95.57676360458713
0.015170367432377957,5.681152041683821,92.06515287230062
0.21004530981792435,7.360493106568611,70.9208254090453
0.03017681696065308,5.349097161608558,69.91185791091532
0.06362163106356597,0.47340487282939225,72.72085022482428
0.07078598408100939,6.5384834598228485,77.10374831461202
0.017763948726284656,3.510675978080915,64.23214845637044
0.054817862523283446,7.858387182209604,92.79268122748267
0.07249633546014199,3.8900514569373654,94.52123979873576
0.045822902621224106,6.690196289856823,87.31126343862117
0.15526823117529925,5.1844572872423695,54.3446255682293
0.17457732878760313,2.2589720077529813,85.37384735034153
0.03332291409454004,5.530519554437152,72.22237482532246
0.022386955943164474,2.859142745606474,74.36382031406892
0.020869686351760952,6.899261028140785,88.2607751180062
0.0805535814506132,2.3095468849188965,72.63465137983347
0.0300034640616207,0.47805528800967867,54.668797972239126
0.045143477729801054,4.443494448118672,80.2568312995769
0.10184975441598798,6.299190146822589,86.33082433438571
0.05191404067074762,7.06074127856893,53.967062028092506
0.1615530915019586,1.133540236429484,74.86497867133212
0.03744832659628767,2.8184432527599546,69.34526750042731
0.04567407165538175,3.3534693563373064,95.21062249440435
0.05104416646556664,4.170735554214955,69.84293353929658
0.1128974494045493,5.741183170091812,56.27112065914748
0.054847339872215566,0.8359143999481207,70.17597539728527
0.06652437808747111,5.221144116782211,70.05276114518362
0.10278591815199573,2.837226360368859,82.85038874844655
0.2209555423386969,0.10253216482614214,50.6872274982823
0.052163203728482196,3.8373479126191206,84.13740034391448
0.048583701935083295,7.809760418411122,90.58689407221708
0.06257479270323676,3.882286925188724,89.87594321923261
0.01514341459872816,5.57383551554693,95.57676360458713
0.015170367432377957,5.681152041683821,92.06515287230062
0.2019246931708967,7.037899183401658,68.46342958386815
0.03409001650821104,5.277068010421048,67.72749401171207
0.06362163106356597,0.47340487282939225,72.72085022482428
0.07078598408100939,6.5384834598228485,77.10374831461202
0.018899719349909597,2.560189884541885,52.043631806784376
0.054817862523283446,7.858387182209604,92.79268122748267
0.07249633546014199,3.8900514569373654,94.52123979873576
0.045822902621224106,6.690196289856823,87.31126343862117
0.0908244534288193,5.337197266319863,64.08830339952203
0.13573614722617275,3.860466638870391,82.27898024860166
0.021955445637700827,5.500425605454244,74.50106081292648
0.03745821156890736,3.042367004831921,75.02915816251594
0.019488065414835786,6.603968747966396,89.18302706278322
0.0877274191862654,3.653499783431223,77.24834993192245
0.0300034640616207,0.47805528800967867,54.668797972239126
0.04674786167702626,3.8470367251347164,78.5901172483504
0.10184975441598798,6.299190146822589,86.33082433438571
0.05191404067074762,7.06074127856893,53.967062028092506
0.1615530915019586,1.133540236429484,74.86497867133212
0.03744832659628767,2.8184432527599546,69.34526750042731
0.04561224301345709,3.4804869640396223,93.4680985855805
0.05104416646556664,4.170735554214955,69.84293353929658
0.1128974494045493,5.741183170091812,56.27112065914748
0.054847339872215566,0.8359143999481207,70.17597539728527
0.02826823315513144,5.236959259117706,76.82430295162371
0.11727807049803617,2.335878544077797,85.43280826548916
0.2209555423386969,0.10253216482614214,50.6872274982823
0.058965248682941215,4.5239527151250805,81.50636788583624
0.048583701935083295,7.809760418411122,90.58689407221708
0.043367591812182305,3.447335207431048,92.82732280110993
0.01514341459872816,5.57383551554693,95.57676360458713
0.012894334140034117,5.194698020405888,93.5844379917871
0.2019246931708967,7.037899183401658,68.46342958386815
0.03409001650821104,5.277068010421048,67.72749401171207
0.06362163106356597,0.47340487282939225,72.72085022482428
0.07846068686810274,6.491840545109963,73.96552818350628
0.014416738294517006,3.400822499337742,50.983757818995464
0.054817862523283446,7.858387182209604,92.79268122748267
0.07249633546014199,3.8900514569373654,94.52123979873576
0.041488380171406644,6.127264414261006,84.66985883856181
0.08565401606109438,5.566222756778133,62.74338719624308
0.11571086555706825,3.8698348564279046,86.15556825402966
0.021955445637700827,5.500425605454244,74.50106081292648
0.04154897053529841,2.5782970192441983,71.26236156954909
0.019488065414835786,6.603968747966396,89.18302706278322
0.0943524879554772,3.4782220985261705,75.57543312742838
0.020918011800966183,0.2846523591286636,51.46620608121476
0.04551119904719809,1.1776583397864488,70.50882285938957
0.08751156935902343,7.045155816754918,90.621669443135
0.05191404067074762,7.06074127856893,53.967062028092506
0.19996341043867655,0.6711097101534982,76.01808633773305
0.10031378417044734,4.431185759893752,69.00821516102275
0.04561224301345709,3.4804869640396223,93.4680985855805
0.05254380246919698,4.433924309551287,70.92444116121226
0.1128974494045493,5.741183170091812,56.27112065914748
0.060309733594619976,1.7811749392432525,77.71087554354243
0.019617557921759593,6.1699638755610025,76.58494301347157
0.11727807049803617,2.335878544077797,85.43280826548916
0.2209555423386969,0.10253216482614214,50.6872274982823
0.06376088752233044,5.008029001044104,79.65141374658398
0.048583701935083295,7.809760418411122,90.58689407221708
0.043367591812182305,3.447335207431048,92.82732280110993
0.01514341459872816,5.57383551554693,95.57676360458713
0.012894334140034117,5.194698020405888,93.5844379917871
0.15489917589782431,5.9676763726111375,75.98591095283874
0.03409001650821104,5.277068010421048,67.72749401171207
0.06529278090800993,0.09323538065206805,71.85564728032833
0.10806550188714638,5.185926506378376,57.495577698131285
0.014416738294517006,3.400822499337742,50.983757818995464
0.05622630282641521,7.869373086883649,93.29101929331415
0.08626727040934776,4.09984414383518,95.06069409377845
0.03910943966250821,6.0496776338121965,85.41152559828238
0.08455736709954453,6.693967436808155,79.68011356798944
0.1368444152326096,3.987216664033838,83.95096397782456
0.01675501364715618,6.454768129985613,75.3824319839742
0.04154897053529841,2.5782970192441983,71.26236156954909
0.019488065414835786,6.603968747966396,89.18302706278322
0.10618484064210584,2.1672786526425423,70.42246785746693
0.020918011800966183,0.2846523591286636,51.46620608121476
0.041049326561477244,2.779160036713597,69.42225107780463
0.08339938294410716,7.884786483413514,97.56410513785606
0.03522772495155989,7.421799534659147,53.33662416717981
0.20083578026658477,0.6474813384506116,74.96541207521484
0.1542361143964902,5.071616182263833,68.12033498041119
0.04561224301345709,3.4804869640396223,93.4680985855805
0.04410135099644056,3.763556001143227,69.93380396829293
0.12784620513562855,6.62799383514222,57.052028829555994
0.060309733594619976,1.7811749392432525,77.71087554354243
0.019617557921759593,6.1699638755610025,76.58494301347157
0.11727807049803617,2.335878544077797,85.43280826548916
0.2209555423386969,0.10253216482614214,50.6872274982823
0.07617926399903852,4.895426047670285,84.64202303052527
0.048583701935083295,7.809760418411122,90.58689407221708
0.043367591812182305,3.447335207431048,92.82732280110993
0.01514341459872816,5.57383551554693,95.57676360458713
0.012894334140034117,5.194698020405888,93.5844379917871
0.26980658725792667,5.562516632070069,76.4878808152833
0.05175407041675988,6.211228860878149,78.4158387517683
0.06529278090800993,0.09323538065206805,71.85564728032833
0.10147007175332448,4.857313593490211,68.86155025002013
0.014416738294517006,3.400822499337742,50.983757818995464
0.05622630282641521,7.869373086883649,93.29101929331415
0.0705005856860025,2.7033634899060557,79.4002013615451
0.03910943966250821,6.0496776338121965,85.41152559828238
0.08133709377625137,6.421656458715774,78.56105766407367
0.12496874371687676,4.279320610135977,78.88523262647577
0.01675501364715618,6.454768129985613,75.3824319839742
0.029927626209206144,3.0720738518991517,67.26783314624176
0.019488065414835786,6.603968747966396,89.18302706278322
0.0996733533583421,2.032161839714838,70.18108882220746
0.020689788466892102,1.2932324494859913,57.485913336381635
0.05114219483494828,0.9887596407742283,60.172193409956876
0.08339938294410716,7.884786483413514,97.56410513785606
0.03522772495155989,7.421799534659147,53.33662416717981
0.20083578026658477,0.6474813384506116,74.96541207521484
0.1542361143964902,5.071616182263833,68.12033498041119
0.023636897553343916,3.903837750451329,98.82972018643868
0.04410135099644056,3.763556001143227,69.93380396829293
0.144244904158169,6.653564505181575,54.346190857493895
0.060309733594619976,1.7811749392432525,77.71087554354243
0.01593237990336898,5.998894763901283,74.90324468591696
0.11727807049803617,2.335878544077797,85.43280826548916
0.15630132331389823,2.2170017083876696,63.033229649549625
0.05757661963688713,4.445256985526436,74.5042780073935
0.048583701935083295,7.809760418411122,90.58689407221708
0.04390388644177463,3.4534549016487146,92.61663873409225
0.01514341459872816,5.57383551554693,95.57676360458713
0.012894334140034117,5.194698020405888,93.5844379917871
0.1787360401739909,4.617014844502554,72.98747051798742
0.07481804888628685,6.347941254146976,80.67744038881831
0.054991521639089706,2.6042381716894765,65.51043179920623
0.1357953017463509,4.126002631809673,60.35310557356229
0.014416738294517006,3.400822499337742,50.983757818995464
0.05622630282641521,7.869373086883649,93.29101929331415
0.07866915050401746,1.8325898021445646,77.83594207540303
0.03910943966250821,6.0496776338121965,85.41152559828238
0.1160024026726845,6.865656176649461,69.65001495051104
0.0959522088839932,6.189196816268157,93.56548565596705
0.01675501364715618,6.454768129985613,75.3824319839742
0.029927626209206144,3.0720738518991517,67.26783314624176
0.019488065414835786,6.603968747966396,89.18302706278322
0.0914688734920757,3.9962221794720665,73.93066955513858
0.020689788466892102,1.2932324494859913,57.485913336381635
0.05114219483494828,0.9887596407742283,60.172193409956876
0.08339938294410716,7.884786483413514,97.56410513785606
0.03522772495155989,7.421799534659147,53.33662416717981
0.20083578026658477,0.6474813384506116,74.96541207521484
0.12248620522916655,3.294494367147769,69.45372132408039
0.023636897553343916,3.903837750451329,98.82972018643868
0.04410135099644056,3.763556001143227,69.93380396829293
0.144244904158169,6.653564505181575,54.346190857493895
0.07729127287732832,0.7982653581052297,67.93168940410366
0.01593237990336898,5.998894763901283,74.90324468591696
0.1193630253756685,2.236822139431536,85.43337592799428
0.2209099692186674,2.971620522556172,64.79101977198832
0.05757661963688713,4.445256985526436,74.5042780073935
0.038315244182634496,7.123178387228981,92.11912565766966
0.04390388644177463,3.4534549016487146,92.61663873409225
0.05993378425690078,5.036347278943516,82.50046035545267
0.012894334140034117,5.194698020405888,93.5844379917871
0.20876126679096874,4.96034273073932,81.82173104793179
0.13418068411826226,6.360548688886096,88.37172141959753
0.05825664943657421,1.8959053360502303,61.419052932158195
0.1357953017463509,4.126002631809673,60.35310557356229
0.05869963454093847,4.911201657486726,59.12069262100458
0.05622630282641521,7.869373086883649,93.29101929331415
0.07866915050401746,1.8325898021445646,77.83594207540303
0.054992431331649314,6.12964484598861,80.82113640141183
0.13437367743347614,5.519065934657187,70.8011022207611
0.0959522088839932,6.189196816268157,93.56548565596705
0.01675501364715618,6.454768129985613,75.3824319839742
0.019501723177452912,2.405642508526095,70.22005309984539
0.019488065414835786,6.603968747966396,89.18302706278322
0.12055896426455237,0.7992274840230627,57.950157332765855
0.022284942777644798,1.4416719090109988,59.89991745227108
0.1014586450907368,2.4195568864297763,65.22587959213087
0.08339938294410716,7.884786483413514,97.56410513785606
0.03522772495155989,7.421799534659147,53.33662416717981
0.20083578026658477,0.6474813384506116,74.96541207521484
0.17305714015030896,3.1921967642095477,54.54743697155698
0.023636897553343916,3.903837750451329,98.82972018643868
0.059359078071949595,3.695215806444647,69.49000661008479
0.1218471906523273,6.466243191877485,61.4992497356099
0.07729127287732832,0.7982653581052297,67.93168940410366
0.012242792683733753,6.3346515230598275,72.56675586623984
0.17692492721547082,0.17938396495744957,95.61522182404619
0.218960412479883,2.994931759041415,64.72286983240355
0.038607782864494504,1.9186538934008395,57.565033681243726
0.035724845189672144,7.373228815371439,93.27166328633977
0.04390388644177463,3.4534549016487146,92.61663873409225
0.08835570656153656,5.923147794121322,69.71399307524337
0.012970146658086469,5.219442132874565,93.22700352811026
0.2846071323642126,6.3914983241015815,90.73803147317714
0.13418068411826226,6.360548688886096,88.37172141959753
0.05824432747353848,1.814542817953237,56.58184127573365
0.1357953017463509,4.126002631809673,60.35310557356229
0.05869963454093847,4.911201657486726,59.12069262100458
0.05622630282641521,7.869373086883649,93.29101929331415
0.058323072298452516,2.3344987067621314,87.49456060891163
0.06440167695394172,5.364693521211507,77.53899458220934
0.15210785473738808,4.696021533877842,61.490137867623076
0.08486857691549658,5.474906445327207,88.50032187696355
0.01675501364715618,6.454768129985613,75.3824319839742
0.01672042912260272,3.368946193688727,80.53304885478582
0.019488065414835786,6.603968747966396,89.18302706278322
0.12055896426455237,0.7992274840230627,57.950157332765855
0.022284942777644798,1.4416719090109988,59.89991745227108
0.1544219064589788,0.09534908112539675,60.867946127527865
0.08339938294410716,7.884786483413514,97.56410513785606
0.03600834062467774,7.301249739920442,53.85916359735142
0.18802342177522718,0.7044704539517126,73.88435011732437
0.17492284047761866,3.021285719504851,55.918772021596965
0.023636897553343916,3.903837750451329,98.82972018643868
0.059359078071949595,3.695215806444647,69.49000661008479
0.1218471906523273,6.466243191877485,61.4992497356099
0.07729127287732832,0.7982653581052297,67.93168940410366
0.012242792683733753,6.3346515230598275,72.56675586623984
0.17692492721547082,0.17938396495744957,95.61522182404619
0.24366561861887204,2.6589334200374686,66.02096137393181
0.038607782864494504,1.9186538934008395,57.565033681243726
0.037041447647471304,7.650640566557273,94.1541787506587
0.04390388644177463,3.4534549016487146,92.61663873409225
0.08835570656153656,5.923147794121322,69.71399307524337
0.0221750088472092,4.633911954042066,92.06354281784306
0.2687608024022956,6.395447684068266,89.7164547125856
0.13418068411826226,6.360548688886096,88.37172141959753
0.04849014902656436,1.1011548781435545,55.82770416276341
0.1449976916888026,4.000847321704783,60.83662894426144
0.06293501849209987,4.708137148343988,57.151788031666456
0.05622630282641521,7.869373086883649,93.29101929331415
0.08044980355809549,1.9324337916815784,89.00957644473988
0.06826213954807668,4.181968226595911,70.10079038133223
0.1499740403944408,4.6422915880523785,62.08179686370333
0.08486857691549658,5.474906445327207,88.50032187696355
0.026482801381496862,6.455830311486688,74.09734441763128
0.01672042912260272,3.368946193688727,80.53304885478582
0.019488065414835786,6.603968747966396,89.18302706278322
0.11694259747558208,1.4887933869786698,61.80538282594194
0.01966307447014094,2.719162093818699,63.20705605140377
0.1544219064589788,0.09534908112539675,60.867946127527865
0.08339938294410716,7.884786483413514,97.56410513785606
0.03600834062467774,7.301249739920442,53.85916359735142
0.18802342177522718,0.7044704539517126,73.88435011732437
0.1254759381992891,4.544747725964186,55.18565016179755
0.023636897553343916,3.903837750451329,98.82972018643868
0.059359078071949595,3.695215806444647,69.49000661008479
0.1218471906523273,6.466243191877485,61.4992497356099
0.07729127287732832,0.7982653581052297,67.93168940410366
0.012242792683733753,6.3346515230598275,72.56675586623984
0.17692492721547082,0.17938396495744957,95.61522182404619
0.20430102901887068,3.492242899857488,64.36591833537192
0.038607782864494504,1.9186538934008395,57.565033681243726
0.037041447647471304,7.650640566557273,94.1541787506587
0.060630558460387105,3.0817466900243398,87.48888264509337
0.08874038253856201,5.899846206510886,69.43171221903572
0.0221750088472092,4.633911954042066,92.06354281784306
0.2687608024022956,6.395447684068266,89.7164547125856
0.13418068411826226,6.360548688886096,88.37172141959753
0.04849014902656436,1.1011548781435545,55.82770416276341
0.14495237495406477,3.8551803798165336,63.00797766674755
0.053195334047188084,5.2887110778842,56.31256239549066
0.05622630282641521,7.869373086883649,93.29101929331415
0.07993879660388614,0.9012041750769404,87.52752660641472
0.06310934450588275,4.680297690211605,67.50606427888398
0.1499740403944408,4.6422915880523785,62.08179686370333
0.06854723700824025,6.413788142320316,87.23886951583852
0.02270968645023671,6.028866825840119,66.93006755377539
0.01672042912260272,3.368946193688727,80.53304885478582
0.019488065414835786,6.603968747966396,89.18302706278322
0.11694259747558208,1.4887933869786698,61.80538282594194
0.01966307447014094,2.719162093818699,63.20705605140377
0.14778625909253065,0.19981654502618085,60.678703558525356
0.06518511277825124,7.5197625538728845,95.17555759663863
0.03600834062467774,7.301249739920442,53.85916359735142
0.1445969649237135,2.7127438707173055,80.03742870346352
0.12525888710687047,4.55275429072814,55.26982265562735
0.021461209888710385,3.952186936109674,99.4967025758626
0.059359078071949595,3.695215806444647,69.49000661008479
0.1374929796401576,6.858074734310689,55.577106776091256
0.07729127287732832,0.7982653581052297,67.93168940410366
0.012242792683733753,6.3346515230598275,72.56675586623984
0.17692492721547082,0.17938396495744957,95.61522182404619
0.20430102901887068,3.492242899857488,64.36591833537192
0.038607782864494504,1.9186538934008395,57.565033681243726
0.037041447647471304,7.650640566557273,94.1541787506587
0.05393883375515003,3.6546273935919715,87.76443104323111
0.08874038253856201,5.899846206510886,69.43171221903572
0.0221750088472092,4.633911954042066,92.06354281784306
0.2687608024022956,6.395447684068266,89.7164547125856
0.14980022178541055,7.086490270248908,93.40647722607488
0.04849014902656436,1.1011548781435545,55.82770416276341
0.14495237495406477,3.8551803798165336,63.00797766674755
0.049961545299937724,5.371303032602823,57.59606339912423
0.04534001636304061,7.494408061449182,92.07373769893964
0.07993879660388614,0.9012041750769404,87.52752660641472
0.08093720993285064,3.89410000279798,58.64676479410421
0.10362502246996738,4.199389456214399,68.49961474571968
0.06854723700824025,6.413788142320316,87.23886951583852
0.02270968645023671,6.028866825840119,66.93006755377539
0.011464965582022923,3.4735788862975867,80.03828240879803
0.019488065414835786,6.603968747966396,89.18302706278322
0.15339402703690108,0.09208731137528092,56.940874274294615
0.020352650596989173,3.192021082231882,77.1239577689266
0.13932398337412139,0.5941912037705386,61.10165059509977
0.06468064176091275,7.746070160713699,95.43706584229935
0.037532518105442725,7.25504078347678,53.87891186526166
0.14640943324725678,2.0780134129958228,78.58723339582308
0.1262936998973028,4.5640407949127795,55.02896139701003
0.021461209888710385,3.952186936109674,99.4967025758626
0.059359078071949595,3.695215806444647,69.49000661008479
0.13663507040103284,7.223120066049466,55.50352742577963
0.07729127287732832,0.7982653581052297,67.93168940410366
0.012242792683733753,6.3346515230598275,72.56675586623984
0.17692492721547082,0.17938396495744957,95.61522182404619
0.22194929757044674,2.603111954316054,66.68760424133406
0.038607782864494504,1.9186538934008395,57.565033681243726
0.037041447647471304,7.650640566557273,94.1541787506587
0.042286972677074444,3.526875758007383,92.2822048753445
0.06798788136028686,6.638031414313406,77.39087866361939
0.0221750088472092,4.633911954042066,92.06354281784306
0.2687608024022956,6.395447684068266,89.7164547125856
0.1731485349051834,7.535175644864431,93.65215950421452
0.038644844312667515,2.9829995317740314,60.067587380735375
0.1296091606868119,4.128009268802551,63.5002563154637
0.049961545299937724,5.371303032602823,57.59606339912423
0.04534001636304061,7.494408061449182,92.07373769893964
0.08578604657594902,0.24795844104562814,86.92045539719552
0.08093720993285064,3.89410000279798,58.64676479410421
0.040082803503975584,6.848154746694775,58.88302292024456
0.019743534358054704,7.626125883377498,93.77709876690702
0.011305224717480966,6.546953189398138,67.80179688251918
0.017653015854217465,3.3618885532252096,75.49154892153693
0.04873488802673294,6.306601844990494,80.84159928709218
0.15339402703690108,0.09208731137528092,56.940874274294615
0.020352650596989173,3.192021082231882,77.1239577689266
0.13932398337412139,0.5941912037705386,61.10165059509977
0.06468064176091275,7.746070160713699,95.43706584229935
0.029985381754670026,7.257471699747431,53.75518957084238
0.18034008529569545,1.0015125331789596,80.10980806389054
0.1262936998973028,4.5640407949127795,55.02896139701003
0.021461209888710385,3.952186936109674,99.4967025758626
0.030170694890736156,1.5050612827335152,69.54791823293971
0.13663507040103284,7.223120066049466,55.50352742577963
0.07729127287732832,0.7982653581052297,67.93168940410366
0.012242792683733753,6.3346515230598275,72.56675586623984
0.10840037603614638,1.842341951114689,97.32608228076847
0.22194929757044674,2.603111954316054,66.68760424133406
0.038607782864494504,1.9186538934008395,57.565033681243726
0.047036812167251446,7.685151470733899,94.61811862046963
0.0444366625601368,5.408834769278936,93.33939641960333
0.05383444340278328,5.820996109972258,84.11548193622981
0.0221750088472092,4.633911954042066,92.06354281784306
0.2687608024022956,6.395447684068266,89.7164547125856
0.1671816808970744,7.474476123238234,79.24711266762345
0.038644844312667515,2.9829995317740314,60.067587380735375
0.13633423717512547,3.8382990472005867,60.965872736626764
0.054195930856879564,5.055339505713328,52.52609192114732
0.04533416532240836,7.493688810677962,92.03679793142604
0.08578604657594902,0.24795844104562814,86.92045539719552
0.07602118659088013,4.935793461434596,65.7626936849908
0.040082803503975584,6.848154746694775,58.88302292024456
0.019743534358054704,7.626125883377498,93.77709876690702
0.011305224717480966,6.546953189398138,67.80179688251918
0.01916909051792951,3.3345243792601944,74.3775974926577
0.04873488802673294,6.306601844990494,80.84159928709218
0.15339402703690108,0.09208731137528092,56.940874274294615
0.020352650596989173,3.192021082231882,77.1239577689266
0.13932398337412139,0.5941912037705386,61.10165059509977
0.06468064176091275,7.746070160713699,95.43706584229935
0.029985381754670026,7.257471699747431,53.75518957084238
0.18034008529569545,1.0015125331789596,80.10980806389054
0.11985457123539452,4.484541934080375,57.884428283626576
0.021461209888710385,3.952186936109674,99.4967025758626
0.030170694890736156,1.5050612827335152,69.54791823293971
0.15623306907942708,7.363098251599519,52.815216426400184
0.07729127287732832,0.7982653581052297,67.93168940410366
0.03685004834791199,6.510408193715964,69.19131140621538
0.10682681471845512,1.99267726580876,95.79216718899231
0.24511697812103966,3.4516917400796063,69.98143015044148
0.038607782864494504,1.9186538934008395,57.565033681243726
0.047036812167251446,7.685151470733899,94.61811862046963
0.04293561428516888,5.463204978135843,99.61678714710231
0.05383444340278328,5.820996109972258,84.11548193622981
0.014643173804574583,3.7038535744982366,92.07224080617189
0.29703746608145665,7.169970813227016,88.68024046445544
0.14589923718769748,7.34783766152042,77.68443736114948
0.038644844312667515,2.9829995317740314,60.067587380735375
0.13633423717512547,3.8382990472005867,60.965872736626764
0.054195930856879564,5.055339505713328,52.52609192114732
0.04506276874113902,7.492152407787863,91.40011565616578
0.07374156121914119,0.1700660961013668,92.72893878237778
0.07235508785542513,4.862209892064594,67.33415866166199
0.031116361852676036,7.4132004189687075,58.68256988634696
0.025795088333531543,5.795198200301485,82.1604543850986
0.011305224717480966,6.546953189398138,67.80179688251918
0.028968695964377508,4.319621652951654,76.52009566716926
0.04873488802673294,6.306601844990494,80.84159928709218
0.15339402703690108,0.09208731137528092,56.940874274294615
0.020352650596989173,3.192021082231882,77.1239577689266
0.13784694187583135,2.1968964472068055,61.034571479293575
0.06468064176091275,7.746070160713699,95.43706584229935
0.029985381754670026,7.257471699747431,53.75518957084238
0.18034008529569545,1.0015125331789596,80.10980806389054
0.15521080138253313,4.1205601657370465,51.529779493672095
0.021461209888710385,3.952186936109674,99.4967025758626
0.03214596536759655,1.8653228296291022,70.76390810403907
0.15623306907942708,7.363098251599519,52.815216426400184
0.05791336555582108,0.2317956924452078,65.72693565442935
0.029593475138473414,7.7575556545648,64.56145204458392
0.10762797679714343,1.981875357646044,95.6212577554064
0.23133957568998692,3.4204170055620766,69.31990261664271
0.038607782864494504,1.9186538934008395,57.565033681243726
0.047036812167251446,7.685151470733899,94.61811862046963
0.03496741378734946,5.61754029816027,91.50177598602342
0.05383444340278328,5.820996109972258,84.11548193622981
0.014643173804574583,3.7038535744982366,92.07224080617189
0.3762847373447036,7.144005067603504,99.04419245916093
0.14556389514739515,7.672484272739355,78.61257396119373
0.038644844312667515,2.9829995317740314,60.067587380735375
0.09316671962822151,4.028171854844387,57.17005729014491
0.056819034299042004,5.027441792488751,54.66512793707726
0.050137853669368675,7.939128200416729,93.83383184133905
0.07374156121914119,0.1700660961013668,92.72893878237778
0.07235508785542513,4.862209892064594,67.33415866166199
0.031116361852676036,7.4132004189687075,58.68256988634696
0.025795088333531543,5.795198200301485,82.1604543850986
0.011305224717480966,6.546953189398138,67.80179688251918
0.029042667524733494,4.72666041647674,75.10423616803685
0.04411390553344751,6.746635423348507,77.87495743478758
0.15339402703690108,0.09208731137528092,56.940874274294615
0.01619801313860273,1.2048128330811139,73.27920684782953
0.14559381484669986,4.3736413743644444,57.571400644449206
0.06468064176091275,7.746070160713699,95.43706584229935
0.034001238300575984,7.079898862070947,54.41109138442822
0.1478594409230891,2.045325564616996,73.00732377919923
0.15521080138253313,4.1205601657370465,51.529779493672095
0.03449009889494576,4.391257499756309,80.80172505121962
0.03214596536759655,1.8653228296291022,70.76390810403907
0.14279436887705266,6.767686210655905,54.75906940761571
0.05791336555582108,0.2317956924452078,65.72693565442935
0.029593475138473414,7.7575556545648,64.56145204458392
0.10762797679714343,1.981875357646044,95.6212577554064
0.20032530496783527,2.6236717613915417,62.95972362428954
0.037540215659701975,3.114772977455813,56.83410721018315
0.047287967306654924,7.616915702240728,93.59233952759223
0.034862167259093454,5.7768365792437475,87.46144807624326
0.05383444340278328,5.820996109972258,84.11548193622981
0.012828701533359261,3.295280141477333,95.75001294427418
0.4102807465736269,7.0881297933550655,99.50120018969392
0.10845291894208112,6.74462434737134,80.15432428216447
0.029215529685976297,4.329338790289261,57.29810783524906
0.09316671962822151,4.028171854844387,57.17005729014491
0.056819034299042004,5.027441792488751,54.66512793707726
0.050137853669368675,7.939128200416729,93.83383184133905
0.07374156121914119,0.1700660961013668,92.72893878237778
0.07235508785542513,4.862209892064594,67.33415866166199
0.032042152573641125,7.008766580429004,65.7953842205739
0.029038807630521083,5.5412904533673775,82.45384840831169
0.011305224717480966,6.546953189398138,67.80179688251918
0.029042667524733494,4.72666041647674,75.10423616803685
0.04411390553344751,6.746635423348507,77.87495743478758
0.15339402703690108,0.09208731137528092,56.940874274294615
0.01619801313860273,1.2048128330811139,73.27920684782953
0.1129199000108526,3.709279037894693,61.52296542479627
0.08557561310336784,6.314011797694412,89.80259140472833
0.034001238300575984,7.079898862070947,54.41109138442822
0.1478594409230891,2.045325564616996,73.00732377919923
0.16404722570476754,3.6688781682074043,56.227253852892275
0.03661248297897592,4.948447895899077,83.13888643951714
0.031830580077245,2.0604808964877197,71.32986191460375
0.14522518300651507,6.24944786887645,54.126858541291604
0.05791336555582108,0.2317956924452078,65.72693565442935
0.029593475138473414,7.7575556545648,64.56145204458392
0.10762797679714343,1.981875357646044,95.6212577554064
0.1794905466140907,2.879478544282314,64.43697775786772
0.037540215659701975,3.114772977455813,56.83410721018315
0.047287967306654924,7.616915702240728,93.59233952759223
0.034862167259093454,5.7768365792437475,87.46144807624326
0.05383444340278328,5.820996109972258,84.11548193622981
0.012828701533359261,3.295280141477333,95.75001294427418
0.4102807465736269,7.0881297933550655,99.50120018969392
0.1606572085271614,6.564160804319015,89.96443744731252
0.02784981598215139,3.979242376089954,50.0027065301644
0.09826309316066245,4.111855378545944,57.20083627091112
0.05466340953132066,5.243602681052392,55.44868434558754
0.050137853669368675,7.939128200416729,93.83383184133905
0.07374156121914119,0.1700660961013668,92.72893878237778
0.04708504823919698,5.559566571973887,67.52772562086093
0.032042152573641125,7.008766580429004,65.7953842205739
0.030350337766849436,5.502702346402383,82.3495786245937
0.011305224717480966,6.546953189398138,67.80179688251918
0.029042667524733494,4.72666041647674,75.10423616803685
0.044755417632233736,6.922528448795283,81.0516097793925
0.15339402703690108,0.09208731137528092,56.940874274294615
0.01619801313860273,1.2048128330811139,73.27920684782953
0.11259179502224559,3.724904642042261,61.415119838716734
0.09568646217676752,6.421109579541124,90.26935019935246
0.03375749453617746,7.080891376955284,54.34267055601541
0.14688401354114158,3.6020508901174946,66.01616218447015
0.14694989195358985,4.2451978203792615,63.542622212251715
0.037248436196277324,5.332523428689825,84.70938824479039
0.031830580077245,2.0604808964877197,71.32986191460375
0.14522518300651507,6.24944786887645,54.126858541291604
0.05791336555582108,0.2317956924452078,65.72693565442935
0.029593475138473414,7.7575556545648,64.56145204458392
0.11316887286909913,0.8933789897661981,97.08326092088082
0.20439928053142115,3.517669383579627,57.77292394659908
0.028384176914047432,3.3837076666482444,51.96131395359254
0.047287967306654924,7.616915702240728,93.59233952759223
0.017404981806237396,7.140946827269938,85.90382862943582
0.05354157326804287,5.809652144748266,83.39570508076683
0.061234532352227866,4.375361285869657,80.53206041441837
0.4102807465736269,7.0881297933550655,99.50120018969392
0.1446527910953443,6.252656205367163,85.14870986890054
0.03703365225232047,5.69791385230264,70.59726029415826
0.09826309316066245,4.111855378545944,57.20083627091112
0.05466340953132066,5.243602681052392,55.44868434558754
0.050137853669368675,7.939128200416729,93.83383184133905
0.09976794995307786,0.7050772416272775,93.2526742511286
0.04708504823919698,5.559566571973887,67.52772562086093
0.030842058637063068,7.5330304193153195,56.57510888057821
0.030350337766849436,5.502702346402383,82.3495786245937
0.011305224717480966,6.546953189398138,67.80179688251918
0.03630453608833529,4.897308514148944,76.76335090605691
0.044755417632233736,6.922528448795283,81.0516097793925
0.15339402703690108,0.09208731137528092,56.940874274294615
0.017976740151690915,1.1991002324974573,73.71584228777945
0.11259179502224559,3.724904642042261,61.415119838716734
0.09606437837623089,6.30161696648511,90.41664608941481
0.033576687626326096,7.0983551445405055,54.236093537481196
0.17783942450927548,4.17908834647613,64.16718380137289
0.147637289470693,3.4463868039886263,67.29535543719703
0.037248436196277324,5.332523428689825,84.70938824479039
0.031830580077245,2.0604808964877197,71.32986191460375
0.14522518300651507,6.24944786887645,54.126858541291604
0.04742606041894588,1.6527702790026284,66.19380050731252
0.07725827135032874,6.330996929162383,64.1476500757561
0.10040165501533609,1.6019773442221332,93.41322909658912
0.11968598589891935,3.4531957210207973,54.975887672388346
0.03375142232929018,3.2509206799838304,55.050600157024576
0.047287967306654924,7.616915702240728,93.59233952759223
0.017404981806237396,7.140946827269938,85.90382862943582
0.05354157326804287,5.809652144748266,83.39570508076683
0.06562392103288342,4.509064476701868,80.3917485315802
0.41007443279989914,7.085745097448542,99.47010543234302
0.1446527910953443,6.252656205367163,85.14870986890054
0.03703365225232047,5.69791385230264,70.59726029415826
0.09826309316066245,4.111855378545944,57.20083627091112
0.05466340953132066,5.243602681052392,55.44868434558754
0.050137853669368675,7.939128200416729,93.83383184133905
0.09976794995307786,0.7050772416272775,93.2526742511286
0.04708504823919698,5.559566571973887,67.52772562086093
0.037957007267727806,7.348775693760502,57.735872296157034
0.030350337766849436,5.502702346402383,82.3495786245937
0.011305224717480966,6.546953189398138,67.80179688251918
0.05195490881050843,4.092698854374916,80.82869430717574
0.044755417632233736,6.922528448795283,81.0516097793925
0.15339402703690108,0.09208731137528092,56.940874274294615
0.02166952689922802,1.9911348497697343,75.82239381933987
0.09171658673501941,3.3268414801464194,64.72294366895512
0.09606437837623089,6.30161696648511,90.41664608941481
0.033576687626326096,7.0983551445405055,54.236093537481196
0.19025454294793695,4.187608344113161,62.52397434746727
0.23995212005715458,1.5671598341234985,64.53943533231681
0.037248436196277324,5.332523428689825,84.70938824479039
0.03244821662847373,2.292822561854205,71.7944330782704
0.14591942351802373,6.2655012422789635,53.92810822903916
0.04672735848359911,2.07306679054191,65.56970739939727
0.09446205793707592,7.674111650802936,60.5345121680227
0.10040165501533609,1.6019773442221332,93.41322909658912
0.11456319680934286,3.6700524751597055,54.931876056931465
0.03375142232929018,3.2509206799838304,55.050600157024576
0.047287967306654924,7.616915702240728,93.59233952759223
0.02065561846415559,7.1927221719049825,86.74017596728804
0.05354157326804287,5.809652144748266,83.39570508076683
0.07863393125178239,3.9572461234124114,85.6720234898107
0.3815970092877558,6.814142669193103,95.60969457989754
0.1446527910953443,6.252656205367163,85.14870986890054
0.03846373240541212,5.661061309238607,69.36844713077697
0.09826309316066245,4.111855378545944,57.20083627091112
0.08534978718612939,3.6424646539400998,55.9124706040136
0.050137853669368675,7.939128200416729,93.83383184133905
0.09976794995307786,0.7050772416272775,93.2526742511286
0.02715439785523205,6.123359614428756,71.54940369597266
0.037957007267727806,7.348775693760502,57.735872296157034
0.030350337766849436,5.502702346402383,82.3495786245937
0.011305224717480966,6.546953189398138,67.80179688251918
0.028997450227857317,4.480137287414045,90.52606711747596
0.04330943264086323,7.105680500683069,80.66582938070313
0.15339402703690108,0.09208731137528092,56.940874274294615
0.02166952689922802,1.9911348497697343,75.82239381933987
0.0866131553480651,3.5077936619272547,66.18883613576781
0.09606437837623089,6.30161696648511,90.41664608941481
0.033576687626326096,7.0983551445405055,54.236093537481196
0.20907305035881163,3.964334404892279,59.65098562955674
0.23995212005715458,1.5671598341234985,64.53943533231681
0.0363612868651288,4.804446458888598,77.18531913453373
0.03244821662847373,2.292822561854205,71.7944330782704
0.14591942351802373,6.2655012422789635,53.92810822903916
0.04672735848359911,2.07306679054191,65.56970739939727
0.09446205793707592,7.674111650802936,60.5345121680227
0.10040165501533609,1.6019773442221332,93.41322909658912
0.11456319680934286,3.6700524751597055,54.931876056931465
0.03375142232929018,3.2509206799838304,55.050600157024576
0.043466286388197405,6.6332354254551955,87.85387237826491
0.02065561846415559,7.1927221719049825,86.74017596728804
0.05354157326804287,5.809652144748266,83.39570508076683
0.07863393125178239,3.9572461234124114,85.6720234898107
0.25717340751198836,5.951987646508256,83.66254622832588
0.1446527910953443,6.252656205367163,85.14870986890054
0.03846373240541212,5.661061309238607,69.36844713077697
0.09752618644128674,4.845761403742551,68.3332276197458
0.08809747117015251,4.858154154975203,57.306185730136015
0.05128120061437224,7.968074480998611,94.10893003915373
0.09976794995307786,0.7050772416272775,93.2526742511286
0.02715439785523205,6.123359614428756,71.54940369597266
0.035409555722400815,7.475314963523751,57.7577030815432
0.030706559116576878,5.266856195041923,79.49034981761596
0.011305224717480966,6.546953189398138,67.80179688251918
0.028997450227857317,4.480137287414045,90.52606711747596
0.04330943264086323,7.105680500683069,80.66582938070313
0.15339402703690108,0.09208731137528092,56.940874274294615
0.02542699414188233,2.7913703553765163,77.89645838791652
0.0866131553480651,3.5077936619272547,66.18883613576781
0.09606437837623089,6.30161696648511,90.41664608941481
0.033576687626326096,7.0983551445405055,54.236093537481196
0.25568541942724365,3.5960102841203416,56.0229152941383
0.29117646308678136,0.45152411701353223,63.80856021203157
0.0363612868651288,4.804446458888598,77.18531913453373
0.02311607617611131,0.7369038820825757,66.66178863465149
0.14591942351802373,6.2655012422789635,53.92810822903916
0.04672735848359911,2.07306679054191,65.56970739939727
0.09446205793707592,7.674111650802936,60.5345121680227
0.12209831077766087,1.4947350196816407,98.26083460039806
0.11456319680934286,3.6700524751597055,54.931876056931465
0.03375142232929018,3.2509206799838304,55.050600157024576
0.04396449504429011,6.707373532895344,87.76186010201221
0.015087341239010173,7.671645000362019,92.17200341183556
0.05354157326804287,5.809652144748266,83.39570508076683
0.07863393125178239,3.9572461234124114,85.6720234898107
0.3420693763644016,6.540248112426221,91.81425313806528
0.13195046471615224,5.873447113547182,80.61632852464251
0.03846373240541212,5.661061309238607,69.36844713077697
0.09744545741664362,5.147073055432087,72.90145330388344
0.06059620291701838,4.682249931706663,72.76453675614589
0.04806684162627409,7.8538060011342115,91.99364534588628
0.09470480390419479,2.5068572161806637,77.65757102429566
0.02715439785523205,6.123359614428756,71.54940369597266
0.03695553069969462,7.793270439338603,60.72808608214128
0.027799666426785573,3.532040984082886,74.57745415395577
0.011305224717480966,6.546953189398138,67.80179688251918
0.028997450227857317,4.480137287414045,90.52606711747596
0.04173471145774656,7.246033697543684,80.44265961976083
0.15339402703690108,0.09208731137528092,56.940874274294615
0.02542699414188233,2.7913703553765163,77.89645838791652
0.13010333859355022,1.5946786329316813,62.26793238124162
0.09713281397714124,6.313978162521021,90.59305550799492
0.033576687626326096,7.0983551445405055,54.236093537481196
0.23468388217494537,3.5226202423997948,58.01796945797367
0.29117646308678136,0.45152411701353223,63.80856021203157
0.0363612868651288,4.804446458888598,77.18531913453373
0.02311607617611131,0.7369038820825757,66.66178863465149
0.14591942351802373,6.2655012422789635,53.92810822903916
0.0517971272831401,0.1357473653729162,69.9389751399407
0.09410922891873917,7.85379656259507,56.56352935260401
0.12209831077766087,1.4947350196816407,98.26083460039806
0.11456319680934286,3.6700524751597055,54.931876056931465
0.03375142232929018,3.2509206799838304,55.050600157024576
0.04396449504429011,6.707373532895344,87.76186010201221
0.015087341239010173,7.671645000362019,92.17200341183556
0.05354157326804287,5.809652144748266,83.39570508076683
0.09048626775207189,5.644991402941462,92.62044340731914
0.3245003960760556,5.571071851274027,87.41036523772323
0.15319291673650418,5.604676548254071,74.52946913678153
0.03846373240541212,5.661061309238607,69.36844713077697
0.0898606574759967,5.4328383288939435,73.92815901806063
0.06535680408388132,7.142063476108934,74.29326232765467
0.07635623670516337,6.073921132510247,76.22654005340185
0.09558100172128284,2.368471035467561,77.75801398306817
0.02715439785523205,6.123359614428756,71.54940369597266
0.03695553069969462,7.793270439338603,60.72808608214128
0.027799666426785573,3.532040984082886,74.57745415395577
0.011305224717480966,6.546953189398138,67.80179688251918
0.03659309412255807,4.263365378610292,88.40315684929676
0.04173471145774656,7.246033697543684,80.44265961976083
0.15339402703690108,0.09208731137528092,56.940874274294615
0.022994066071736326,3.438390046893468,76.15732892070781
0.038946321796168776,2.554042100345959,60.34946472311868
0.10344462862108184,6.234117796671922,88.78445411945937
0.033576687626326096,7.0983551445405055,54.236093537481196
0.2184811234952935,3.7363346017182675,59.79799446795038
0.2328207451063421,0.5136501971838292,64.42969709496708
0.0363612868651288,4.804446458888598,77.18531913453373
0.02311607617611131,0.7369038820825757,66.66178863465149
0.14591942351802373,6.2655012422789635,53.92810822903916
0.0517971272831401,0.1357473653729162,69.9389751399407
0.08974832880534055,7.849178342147443,56.88129034585575
0.12209831077766087,1.4947350196816407,98.26083460039806
0.11456319680934286,3.6700524751597055,54.931876056931465
0.0402692778839518,3.5043802759055858,57.243486970739724
0.04396449504429011,6.707373532895344,87.76186010201221
0.016021245728988748,7.62642439923669,91.95886108693908
0.05354157326804287,5.809652144748266,83.39570508076683
0.07422668461469373,6.297515980744463,82.93336521767424
0.24402997417163683,4.445284149599511,84.01734220434936
0.156811817374424,5.785915560741282,76.36540639524704
0.03846373240541212,5.661061309238607,69.36844713077697
0.0898606574759967,5.4328383288939435,73.92815901806063
0.06535680408388132,7.142063476108934,74.29326232765467
0.06939599224952853,5.151270357838559,86.28080685597541
0.09558100172128284,2.368471035467561,77.75801398306817
0.02735283158200755,5.326474354940073,72.48059322500121
0.03695553069969462,7.793270439338603,60.72808608214128
0.015984204950934666,3.32562191396975,74.41370616066627
0.011305224717480966,6.546953189398138,67.80179688251918
0.04071577706912581,5.342126476297757,95.05394327176346
0.04173471145774656,7.246033697543684,80.44265961976083
0.15339402703690108,0.09208731137528092,56.940874274294615
0.08000229630830444,4.74949956309999,65.84823926258859
0.038946321796168776,2.554042100345959,60.34946472311868
0.10585732424454276,7.420164533304615,92.16755509797922
0.058169794469452196,5.222315598777728,63.565720211327175
0.2184811234952935,3.7363346017182675,59.79799446795038
0.2328207451063421,0.5136501971838292,64.42969709496708
0.07377736777114893,3.297876495109271,70.71304662620474
0.02311607617611131,0.7369038820825757,66.66178863465149
0.14591942351802373,6.2655012422789635,53.92810822903916
0.0517971272831401,0.1357473653729162,69.9389751399407
0.08974832880534055,7.849178342147443,56.88129034585575
0.11310996493853062,2.0188326418853157,93.38270344600569
0.09547703327425996,3.388364604339424,56.29930869985206
0.04031801847084814,3.6288283484723296,58.015095667744546
0.04396449504429011,6.707373532895344,87.76186010201221
0.016021245728988748,7.62642439923669,91.95886108693908
0.05354157326804287,5.809652144748266,83.39570508076683
0.07422668461469373,6.297515980744463,82.93336521767424
0.2514662342326233,4.307321335422617,86.29794676100147
0.2426511859386053,6.276366419645045,87.50383348230932
0.03742743675691356,6.796805255781306,75.71343830356493
0.07405213095304794,4.857198028017043,68.85047060487996
0.06535680408388132,7.142063476108934,74.29326232765467
0.06409859995966344,5.351937574104157,96.48599477360776
0.09558100172128284,2.368471035467561,77.75801398306817
0.02735283158200755,5.326474354940073,72.48059322500121
0.03695553069969462,7.793270439338603,60.72808608214128
0.015984204950934666,3.32562191396975,74.41370616066627
0.013403303434830136,6.487650523188033,67.61215207502549
0.04071577706912581,5.342126476297757,95.05394327176346
0.04885027857937872,7.436505218644195,83.66510227299308
0.10366477781057709,0.11345786216714004,63.303133348963705
0.08499365534991118,3.934085145010016,62.970074323748136
0.026246352983062535,1.8359609973780877,56.96242270900103
0.09165204414942166,6.716605127243893,93.63658094148182
0.058169794469452196,5.222315598777728,63.565720211327175
0.16531758163941668,5.43483995047267,58.59346595561872
0.2328207451063421,0.5136501971838292,64.42969709496708
0.07945466674311254,2.6047634554578627,72.25255716507068
0.02311607617611131,0.7369038820825757,66.66178863465149
0.14591942351802373,6.2655012422789635,53.92810822903916
0.04263344436328803,0.13968534863881935,71.11135810813876
0.08974832880534055,7.849178342147443,56.88129034585575
0.12648399808775732,0.5839902611557495,98.72900542367218
0.09333892605676664,3.541839739988412,57.259837964526845
0.04031801847084814,3.6288283484723296,58.015095667744546
0.046903208927138465,6.518008021963684,85.97911072145804
0.016021245728988748,7.62642439923669,91.95886108693908
0.06092688824253508,4.926400710034648,93.48898111914522
0.07954071162450044,6.793644258096579,75.82254002543357
0.2514662342326233,4.307321335422617,86.29794676100147
0.22384314875913797,6.0302624560691935,84.76268488994974
0.03825868782846235,5.733852898688093,74.97861723086474
0.07436937842259228,4.859682500897078,68.88417162240907
0.07175255999264694,7.4476121881293365,74.59831962458227
0.06409859995966344,5.351937574104157,96.48599477360776
0.10219390067009189,1.9314370873553566,76.57765884353654
0.02735283158200755,5.326474354940073,72.48059322500121
0.03695553069969462,7.793270439338603,60.72808608214128
0.015984204950934666,3.32562191396975,74.41370616066627
0.013403303434830136,6.487650523188033,67.61215207502549
0.04433502302259556,5.637224011645733,98.0744586795991
0.04885027857937872,7.436505218644195,83.66510227299308
0.09237244429206208,1.081457688680917,66.99524875266225
0.08513944671380368,4.054132669267455,62.7833754623216
0.026246352983062535,1.8359609973780877,56.96242270900103
0.09165204414942166,6.716605127243893,93.63658094148182
0.06042856736156431,4.93566986365577,53.887826626542534
0.145325330988276,5.802162949221276,58.92593073241205
0.2328207451063421,0.5136501971838292,64.42969709496708
0.05510807087310485,2.9367240164955843,73.49442247653383
0.02311607617611131,0.7369038820825757,66.66178863465149
0.1377421932679898,6.615663798970346,51.96144190483063
0.04263344436328803,0.13968534863881935,71.11135810813876
0.09364731068265071,7.853307388299038,56.59718744925465
0.12648399808775732,0.5839902611557495,98.72900542367218
0.09333892605676664,3.541839739988412,57.259837964526845
0.04031801847084814,3.6288283484723296,58.015095667744546
0.046903208927138465,6.518008021963684,85.97911072145804
0.02117375957183298,6.580628639066768,83.10202091513509
0.07106122342074529,5.0847820882880645,89.9317980884875
0.049775091744190064,6.894103672670581,82.27551253413336
0.29712728465785565,4.084188546273415,84.11456341990636
0.16552050521646855,4.9609925570227205,80.86785246792782
0.03825868782846235,5.733852898688093,74.97861723086474
0.07436937842259228,4.859682500897078,68.88417162240907
0.07175255999264694,7.4476121881293365,74.59831962458227
0.06362697107653884,5.225239305101798,95.27989339076932
0.10766579098521131,1.4397738351601266,77.90704711199287
0.022962309170129425,5.2315525033724155,71.03600573309001
0.03695553069969462,7.793270439338603,60.72808608214128
0.015984204950934666,3.32562191396975,74.41370616066627
0.013403303434830136,6.487650523188033,67.61215207502549
0.04433502302259556,5.637224011645733,98.0744586795991
0.04885027857937872,7.436505218644195,83.66510227299308
0.09237244429206208,1.081457688680917,66.99524875266225
0.06897803202827202,4.6023791930443085,63.8712491295498
0.026246352983062535,1.8359609973780877,56.96242270900103
0.09165204414942166,6.716605127243893,93.63658094148182
0.05816826343503882,5.030387096738405,55.5699889342652
0.16249211639209607,6.513682019965732,57.839271520502905
0.2679358549515184,0.4904221114830411,53.10318943562003
0.07881878792528353,2.7010354465689637,72.937297693198
0.02311607617611131,0.7369038820825757,66.66178863465149
0.14646873182614956,6.513701599889144,51.20238850937636
0.04263344436328803,0.13968534863881935,71.11135810813876
0.11486291334822063,6.999550954595217,63.7614270354475
0.12648399808775732,0.5839902611557495,98.72900542367218
0.09780049165712984,3.3528820750143487,57.71697214312754
0.03927808450019347,3.1647388251573005,54.888806398897046
0.046903208927138465,6.518008021963684,85.97911072145804
0.025200172600665205,6.628807058784972,91.12839782442884
0.08545968922084698,4.799876555936848,96.49540237375709
0.044037737907304045,6.538353787187972,79.87050189073759
0.29712728465785565,4.084188546273415,84.11456341990636
0.17304696148963483,5.109099927911155,84.69387303702219
0.03825868782846235,5.733852898688093,74.97861723086474
0.06697153148567295,5.0679171342637455,69.27519416609472
0.07175255999264694,7.4476121881293365,74.59831962458227
0.06362697107653884,5.225239305101798,95.27989339076932
0.10766579098521131,1.4397738351601266,77.90704711199287
0.022962309170129425,5.2315525033724155,71.03600573309001
0.03695553069969462,7.793270439338603,60.72808608214128
0.015984204950934666,3.32562191396975,74.41370616066627
0.015599699966911077,6.513931710247696,71.99051720610105
0.04433502302259556,5.637224011645733,98.0744586795991
0.04885027857937872,7.436505218644195,83.66510227299308
0.07520044204045273,1.1392673668154452,68.35404255243907
0.0763544779084935,3.962259346177212,56.48376322250467
0.026866883492063925,1.849884452615509,57.06893241132788
0.09157602763064715,6.725232774684548,93.7566713673265
0.05816826343503882,5.030387096738405,55.5699889342652
0.13444612716243143,6.148177570558651,68.46039865660192
0.2679358549515184,0.4904221114830411,53.10318943562003
0.11898382202862744,3.3590769384488204,85.20544146317093
0.02311607617611131,0.7369038820825757,66.66178863465149
0.14646873182614956,6.513701599889144,51.20238850937636
0.04608902249276983,0.38428563453051856,71.28572917318269
0.11486291334822063,6.999550954595217,63.7614270354475
0.12648399808775732,0.5839902611557495,98.72900542367218
0.11574971729505004,3.9815913250819874,55.56722606207321
0.03927808450019347,3.1647388251573005,54.888806398897046
0.049929563102139266,6.255384340786627,82.94822712513262
0.03121305092221935,4.831314727023237,85.4166639189659
0.08509371696442805,4.8029676536100725,95.94660122211052
0.04224106035712944,6.551110775259593,76.04034612472745
0.38501062847399786,2.95501132149794,79.99208467610906
0.18619704516435776,5.1142053249140424,86.60531395504444
0.03825868782846235,5.733852898688093,74.97861723086474
0.07331198438514644,5.571014575074926,71.19399629325748
0.07315001696000427,7.422488338883399,74.4661275843901
0.06362697107653884,5.225239305101798,95.27989339076932
0.10988177736805954,1.4707035342606498,77.97965168901268
0.022962309170129425,5.2315525033724155,71.03600573309001
0.03695553069969462,7.793270439338603,60.72808608214128
0.015984204950934666,3.32562191396975,74.41370616066627
0.015599699966911077,6.513931710247696,71.99051720610105
0.04433502302259556,5.637224011645733,98.0744586795991
0.046575505195194794,7.451562516893914,84.35097628539017
0.07520044204045273,1.1392673668154452,68.35404255243907
0.0763544779084935,3.962259346177212,56.48376322250467
0.027656935020905597,1.9484123951636105,57.37747447301006
0.09157602763064715,6.725232774684548,93.7566713673265
0.05816826343503882,5.030387096738405,55.5699889342652
0.1421781208821659,6.181482914614139,67.93643393283931
0.2679358549515184,0.4904221114830411,53.10318943562003
0.12132439800466771,3.28765226375496,85.50462216543414
0.02311607617611131,0.7369038820825757,66.66178863465149
0.11917807989807855,6.7699235351108,60.25852375911082
0.05840061485321707,0.703577083449785,70.04588133463764
0.116912692568986,6.985982949409411,63.143391714457096
0.12970477837715133,1.7327192627352206,92.40969031338359
0.12676145723572282,3.987820176504037,57.30038336236004
0.04177204832383272,2.6566847111062786,51.546437375689784
0.04306552629116038,4.92805045496114,75.06776565249245
0.03121305092221935,4.831314727023237,85.4166639189659
0.09275778214546024,4.4522167895599605,95.54467688133317
0.042374126564947684,6.703191553308237,76.99025436452784
0.2628374692109211,4.132032665226253,77.34577212434385
0.17446691783523577,5.1065258135126115,83.7618258793389
0.03028673183260821,4.871955832723166,74.77643762391475
0.07331198438514644,5.571014575074926,71.19399629325748
0.07315001696000427,7.422488338883399,74.4661275843901
0.05697488463172371,5.367296388928119,96.24349176999965
0.16488804968816195,1.1511287811512119,91.76197024361524
0.02931045561879221,5.195279449896619,68.24725758902173
0.03716885513567588,7.865763509274769,60.518274797912234
0.015984204950934666,3.32562191396975,74.41370616066627
0.015599699966911077,6.513931710247696,71.99051720610105
0.04433502302259556,5.637224011645733,98.0744586795991
0.05997836725979912,7.857264201689124,89.69919974153558
0.07433473144746902,3.7921079926172503,70.93462782123605
0.0763544779084935,3.962259346177212,56.48376322250467
0.02657005421233908,1.8176305744061274,56.96920736251019
0.09157602763064715,6.725232774684548,93.7566713673265
0.061264589727657165,5.0167963934577795,55.89942261618229
0.15646969680815678,5.890124918462309,64.15267295779533
0.2679358549515184,0.4904221114830411,53.10318943562003
0.12141557101018052,3.211221974174836,85.96674290692582
0.02311607617611131,0.7369038820825757,66.66178863465149
0.11917807989807855,6.7699235351108,60.25852375911082
0.05840061485321707,0.703577083449785,70.04588133463764
0.116912692568986,6.985982949409411,63.143391714457096
0.09253462815191907,1.8112838445160022,79.64947233441394
0.12676145723572282,3.987820176504037,57.30038336236004
0.04177204832383272,2.6566847111062786,51.546437375689784
0.04306552629116038,4.92805045496114,75.06776565249245
0.035947183557271264,5.12382419344339,84.18049219910117
0.09275778214546024,4.4522167895599605,95.54467688133317
0.042374126564947684,6.703191553308237,76.99025436452784
0.2628374692109211,4.132032665226253,77.34577212434385
0.2363025696055642,5.225320909758243,83.04751365196425
0.05566343881892813,4.791212965056344,75.05681191772385
0.08438172560907878,6.080257612803942,85.24740597634941
0.07315001696000427,7.422488338883399,74.4661275843901
0.05845065071108155,6.590746127713574,93.02794322687132
0.16488804968816195,1.1511287811512119,91.76197024361524
0.02931045561879221,5.195279449896619,68.24725758902173
0.03296664689066381,5.467802242743822,59.111141996095725
0.015984204950934666,3.32562191396975,74.41370616066627
0.015599699966911077,6.513931710247696,71.99051720610105
0.0438598623269615,5.623247257457174,97.13115607140367
0.05997836725979912,7.857264201689124,89.69919974153558
0.07420653514472211,3.796765086492127,70.9515727031434
0.08313770882632157,3.7654617965104493,52.69693384712574
0.02657005421233908,1.8176305744061274,56.96920736251019
0.09764032492680996,6.865285265281824,93.32780458105738
0.061264589727657165,5.0167963934577795,55.89942261618229
0.14665627249636937,6.121647117001302,63.127913465273295
0.26552750635459926,0.49318818959555866,53.366115168002
0.13444239613937897,2.820190910071699,92.47838602861364
0.023587863432354264,0.9754733378406604,67.75458087237195
0.09571655689381606,3.884044944941739,67.1519101068321
0.05840061485321707,0.703577083449785,70.04588133463764
0.13848470092428866,6.667857014673899,66.7397760595831
0.06997561340879827,0.7177868260349478,74.71502816889692
0.13234909478368187,3.5531041707729862,51.51092658999269
0.04177204832383272,2.6566847111062786,51.546437375689784
0.04306552629116038,4.92805045496114,75.06776565249245
0.02799808178397291,4.899438613669428,83.00186981965747
0.09275778214546024,4.4522167895599605,95.54467688133317
0.040459357896052234,6.482173826900293,75.70877564640998
0.19248880427798798,5.336760490138677,68.73674240907772
0.2363025696055642,5.225320909758243,83.04751365196425
0.0663057657101521,4.3335987594604894,75.87132677831775
0.08438172560907878,6.080257612803942,85.24740597634941
0.07315001696000427,7.422488338883399,74.4661275843901
0.05845065071108155,6.590746127713574,93.02794322687132
0.17659586299507765,1.819058508514864,90.33330796367167
0.027989416288303447,3.56704827230457,62.810554817900055
0.025311342829718683,5.597831810017702,54.44640722608364
0.015984204950934666,3.32562191396975,74.41370616066627
0.015599699966911077,6.513931710247696,71.99051720610105
0.0438598623269615,5.623247257457174,97.13115607140367
0.05997836725979912,7.857264201689124,89.69919974153558
0.07420653514472211,3.796765086492127,70.9515727031434
0.07713890854186989,3.0229479463534,56.90409218335462
0.02657005421233908,1.8176305744061274,56.96920736251019
0.10700836636429338,7.77048943869813,97.07533823209619
0.06736478792174656,5.297424765545742,63.643829882384146
0.11672568258089808,6.634211421122604,59.46510993910275
0.2779998427174849,0.04394351708586619,51.998146114312654
0.13444239613937897,2.820190910071699,92.47838602861364
0.03570657515233898,0.8808231826468949,68.55220842643608
0.09036368826557303,3.1833361162137552,69.11041290615191
0.06023788009559966,0.9309883697393255,68.7573460586112
0.13848470092428866,6.667857014673899,66.7397760595831
0.0721171000257386,0.10829261486291841,74.6638881189063
0.21246756375862055,4.346017579576557,51.47951609590676
0.049859627716708516,1.211621455641434,50.121605590053804
0.04306552629116038,4.92805045496114,75.06776565249245
0.02008337727256937,4.669496171690425,82.29296611581154
0.09097966725191484,4.289503121373173,91.14567853544835
0.049271886655546826,6.9966497778998304,88.07839848996898
0.19248880427798798,5.336760490138677,68.73674240907772
0.2147884875629307,5.648827634508786,85.38169230290856
0.09474807481723585,3.9134795982621418,70.5771119238261
0.1251317518745499,7.721420567238196,91.70193163449184
0.07315001696000427,7.422488338883399,74.4661275843901
0.05845065071108155,6.590746127713574,93.02794322687132
0.17659586299507765,1.819058508514864,90.33330796367167
0.027989416288303447,3.56704827230457,62.810554817900055
0.02487923823609815,6.895541786483688,53.58035203441054
0.015984204950934666,3.32562191396975,74.41370616066627
0.015599699966911077,6.513931710247696,71.99051720610105
0.0438598623269615,5.623247257457174,97.13115607140367
0.05792783662535051,7.267880197177439,87.91265866842288
0.07420653514472211,3.796765086492127,70.9515727031434
0.07713890854186989,3.0229479463534,56.90409218335462
0.02657005421233908,1.8176305744061274,56.96920736251019
0.10700836636429338,7.77048943869813,97.07533823209619
0.1080000657147058,5.280081337801721,68.31107525713
0.11672568258089808,6.634211421122604,59.46510993910275
0.2779998427174849,0.04394351708586619,51.998146114312654
0.1351591075501722,2.834206610624414,92.10178500605909
0.02260509544470573,0.8540313677703012,68.44265018925992
0.07716778095482021,1.6145073883108374,69.70849409129953
0.06023788009559966,0.9309883697393255,68.7573460586112
0.13848470092428866,6.667857014673899,66.7397760595831
0.0721171000257386,0.10829261486291841,74.6638881189063
0.16592548344964142,3.4488823002582056,51.09085130282111
0.049859627716708516,1.211621455641434,50.121605590053804
0.032000871162982225,6.763715496354255,75.2215874613892
0.013710223634290003,3.549564277362105,86.07454830192344
0.06930138999263694,4.40569530440244,88.43874486676907
0.04726927438134268,7.282212551501699,90.3186826762051
0.17302907288533914,5.509783848290171,69.52305288358859
0.2147884875629307,5.648827634508786,85.38169230290856
0.07037385279276075,3.1641957530579754,65.71217034701594
0.1251317518745499,7.721420567238196,91.70193163449184
0.07315001696000427,7.422488338883399,74.4661275843901
0.05845065071108155,6.590746127713574,93.02794322687132
0.1655972277906957,1.6389636313396994,88.68376476619474
0.027989416288303447,3.56704827230457,62.810554817900055
0.02487923823609815,6.895541786483688,53.58035203441054
0.01240412533558393,2.98913225022973,73.26150920555412
0.015599699966911077,6.513931710247696,71.99051720610105
0.0438598623269615,5.623247257457174,97.13115607140367
0.05792783662535051,7.267880197177439,87.91265866842288
0.0972945405279941,4.29031922018353,70.663731412106
0.07713890854186989,3.0229479463534,56.90409218335462
0.030350926316634576,2.3836971298669374,61.245584956357916
0.08735901911363275,5.515365745329132,80.93132142207408
0.18121242667758333,7.034609729715807,64.51977454166504
0.07434547511721253,3.8714864633078605,62.64628004096387
0.26356897421975917,0.04845391633461859,53.586848197815556
0.1416002624619514,2.894506645734888,94.1857370076313
0.019551119499218388,0.299495128840614,66.75928883149588
0.08277767702030758,1.9300808066744657,69.74364457493459
0.06023788009559966,0.9309883697393255,68.7573460586112
0.13848470092428866,6.667857014673899,66.7397760595831
0.0721171000257386,0.10829261486291841,74.6638881189063
0.1415549346120162,5.23647719686206,70.11193108273676
0.049859627716708516,1.211621455641434,50.121605590053804
0.032000871162982225,6.763715496354255,75.2215874613892
0.013710223634290003,3.549564277362105,86.07454830192344
0.07049287698179509,4.105854441113815,88.49385735802515
0.04726927438134268,7.282212551501699,90.3186826762051
0.20355926369750865,5.872885690732722,69.33806509459565
0.18282732594069237,5.083013583014139,81.19914931859391
0.07037385279276075,3.1641957530579754,65.71217034701594
0.1251317518745499,7.721420567238196,91.70193163449184
0.0724599320284615,6.363983376442304,72.29011290479721
0.05845065071108155,6.590746127713574,93.02794322687132
0.15098817641798506,2.2060539107567805,84.8295153426644
0.034038904660823974,4.732764482483571,71.44184758082265
0.02487923823609815,6.895541786483688,53.58035203441054
0.01240412533558393,2.98913225022973,73.26150920555412
0.015599699966911077,6.513931710247696,71.99051720610105
0.0438598623269615,5.623247257457174,97.13115607140367
0.05792783662535051,7.267880197177439,87.91265866842288
0.1466825737245691,4.728014125952955,61.557837335008244
0.07713890854186989,3.0229479463534,56.90409218335462
0.04431971621881311,2.262833810477006,63.50984142456906
0.09069258002439612,5.3419893713424464,81.13554960026758
0.14479679958405695,7.101926437370394,71.53382044055289
0.07434547511721253,3.8714864633078605,62.64628004096387
0.26356897421975917,0.04845391633461859,53.586848197815556
0.10117181761876304,4.691667340508994,93.62280230451464
0.0220812186839089,0.9368740500974777,68.90977840815754
0.08277767702030758,1.9300808066744657,69.74364457493459
0.06023788009559966,0.9309883697393255,68.7573460586112
0.10728087871914728,6.40001953182968,68.36103091082958
0.0721171000257386,0.10829261486291841,74.6638881189063
0.135688264258717,5.065681926555156,69.74930740225652
0.049859627716708516,1.211621455641434,50.121605590053804
0.046011600288749496,6.407923313170134,77.42243410667932
0.013710223634290003,3.549564277362105,86.07454830192344
0.07113548632172433,4.11144428106943,88.4521279725905
0.04726927438134268,7.282212551501699,90.3186826762051
0.25393790309769626,4.685462173174718,54.97242806468883
0.18282732594069237,5.083013583014139,81.19914931859391
0.04766036801015801,4.553248303651864,68.31564531626151
0.1251317518745499,7.721420567238196,91.70193163449184
0.0612240246500903,6.352355349559467,73.55793602742516
0.06273743651496087,6.325647416969852,94.06663643646455
0.14613341235314584,3.113432932635402,80.04446489026377
0.034038904660823974,4.732764482483571,71.44184758082265
0.024868425024020927,6.87251394956924,53.63959405731628
0.01240412533558393,2.98913225022973,73.26150920555412
0.015599699966911077,6.513931710247696,71.99051720610105
0.04877490526034361,5.350821719651426,95.5672030071626
0.06476457318228107,7.027863456598752,86.77146422631894
0.09733477708877206,6.703658722680153,64.92307699729487
0.07713890854186989,3.0229479463534,56.90409218335462
0.030354469159901365,4.3299507619859305,67.6336111145594
0.09093400730284475,5.391482652323755,80.54626670192489
0.14479679958405695,7.101926437370394,71.53382044055289
0.07994524602371803,4.561351507486454,63.20086588144982
0.26356897421975917,0.04845391633461859,53.586848197815556
0.1356917807643907,4.130560949416135,91.50966130071856
0.023589221435474053,0.46620789531557794,65.8176107415478
0.08390488914891235,1.711612341528153,72.31032189764943
0.06023788009559966,0.9309883697393255,68.7573460586112
0.14555464184371233,7.775988746678092,66.38415313244376
0.06102312271277548,1.696530126800873,69.72738902487106
0.1275405797007682,5.413648154213438,68.72403940591059
0.049859627716708516,1.211621455641434,50.121605590053804
0.046011600288749496,6.407923313170134,77.42243410667932
0.015774269462135795,2.9053502584702247,81.8422113485318
0.07113548632172433,4.11144428106943,88.4521279725905
0.04726927438134268,7.282212551501699,90.3186826762051
0.25393790309769626,4.685462173174718,54.97242806468883
0.19151653652982695,4.939876058934814,80.78903675920547
0.04766036801015801,4.553248303651864,68.31564531626151
0.1251451502030036,7.721642996888296,91.70434974661875
0.06129088601840618,6.351175413707713,74.4639945852825
0.06273743651496087,6.325647416969852,94.06663643646455
0.14613341235314584,3.113432932635402,80.04446489026377
0.03321933362987624,4.923995121028517,69.85084996114531
0.024868425024020927,6.87251394956924,53.63959405731628
0.01240412533558393,2.98913225022973,73.26150920555412
0.011311068077273216,6.469101653087915,70.70118121061765
0.03757300505826255,5.971708195794239,99.13161666210337
0.06476457318228107,7.027863456598752,86.77146422631894
0.09261134690423278,6.5725496431686565,65.28610952587638
0.07713890854186989,3.0229479463534,56.90409218335462
0.04224565758226562,5.062780607320908,77.3399509082408
0.07112978555841082,5.6595135220042705,78.09754704827839
0.14479679958405695,7.101926437370394,71.53382044055289
0.055681144041566946,4.74885636465096,50.87924800438679
0.26356897421975917,0.04845391633461859,53.586848197815556
0.16491474854303745,3.904290357858297,97.6862947626802
0.023589221435474053,0.46620789531557794,65.8176107415478
0.04561544659512015,0.5629595593753489,69.29349915101511
0.10149729047997935,4.241248555975211,67.60966371746544
0.14555464184371233,7.775988746678092,66.38415313244376
0.06102312271277548,1.696530126800873,69.72738902487106
0.1275405797007682,5.413648154213438,68.72403940591059
0.042026838090840804,2.959081072752317,59.408401834741596
0.046011600288749496,6.407923313170134,77.42243410667932
0.016513682417113103,2.886968406604393,83.7248258863886
0.06886398463112832,4.710341201455659,89.97073833583036
0.04726927438134268,7.282212551501699,90.3186826762051
0.1823074699989522,4.76287395780292,59.800965177985034
0.17671163763076922,5.000042437540587,75.97867397915834
0.04859756451920025,6.382015244868165,67.86749058838524
0.1251451502030036,7.721642996888296,91.70434974661875
0.06007940275946844,6.162071306321641,74.18615673931704
0.0699978871006349,6.773094273480419,99.99307523607558
0.16482838886430928,2.762640781330275,80.53115194476352
0.02732594639529757,4.376179505532006,70.81650619519839
0.024868425024020927,6.87251394956924,53.63959405731628
0.01240412533558393,2.98913225022973,73.26150920555412
0.021567830505205523,6.4451459402951325,69.92169012725012
0.03757300505826255,5.971708195794239,99.13161666210337
0.017289496963952405,6.983929333868757,95.8104268122821
0.0945829858398634,6.666649956875157,64.86128005470849
0.078593655109227,3.037554811383526,57.57999308285894
0.04224565758226562,5.062780607320908,77.3399509082408
0.037981655744011314,5.892637548267542,82.8857372034507
0.14441506970049814,6.762397038521076,74.12774005488654
0.055681144041566946,4.74885636465096,50.87924800438679
0.21994183717517993,2.4668184859029543,65.6003688159521
0.16491474854303745,3.904290357858297,97.6862947626802
0.023589221435474053,0.46620789531557794,65.8176107415478
0.04561544659512015,0.5629595593753489,69.29349915101511
0.092460590691376,4.074329956677035,67.74774324805675
0.14555464184371233,7.775988746678092,66.38415313244376
0.059177489561699326,2.4460745747246593,72.49054107298493
0.1487329075330511,5.113746616099698,66.88790998187001
0.042026838090840804,2.959081072752317,59.408401834741596
0.046011600288749496,6.407923313170134,77.42243410667932
0.016513682417113103,2.886968406604393,83.7248258863886
0.06721459518842583,2.4241041991576617,99.48859697607166
0.04726927438134268,7.282212551501699,90.3186826762051
0.16340147902173882,4.407141031695518,61.74938591616415
0.2373730641853376,4.24515727070735,68.43253005646984
0.035789044579346264,5.181305655764239,69.77638337592741
0.08310921453187023,6.839576991416866,87.45143822816576
0.07115902592129726,7.891523391387027,76.72712345155273
0.0699978871006349,6.773094273480419,99.99307523607558
0.14562808461548113,2.957519449038222,80.91658892397179
0.010989795011034365,2.555658312619548,80.22022035124282
0.04575421086312753,6.429848403617649,60.20849165302174
0.01240412533558393,2.98913225022973,73.26150920555412
0.021567830505205523,6.4451459402951325,69.92169012725012
0.03757300505826255,5.971708195794239,99.13161666210337
0.017289496963952405,6.983929333868757,95.8104268122821
0.0945829858398634,6.666649956875157,64.86128005470849
0.08275262054159511,3.099573427699885,58.032036372214286
0.01636103254941182,4.269550266815859,83.51156353550927
0.037981655744011314,5.892637548267542,82.8857372034507
0.10620351851421439,5.604582079022892,76.99494536265289
0.055681144041566946,4.74885636465096,50.87924800438679
0.16425480442624213,4.066107558183397,78.37332676317077
0.16491474854303745,3.904290357858297,97.6862947626802
0.023589221435474053,0.46620789531557794,65.8176107415478
0.04561544659512015,0.5629595593753489,69.29349915101511
0.0948951350293917,3.6380649797192115,66.72149473207833
0.14555464184371233,7.775988746678092,66.38415313244376
0.07170644811263768,1.9124888238462563,69.26556770392963
0.17236851255394026,4.4359282767463935,67.77250266426219
0.042026838090840804,2.959081072752317,59.408401834741596
0.04785885586008618,6.628416962785749,77.02775783229018
0.016513682417113103,2.886968406604393,83.7248258863886
0.06721459518842583,2.4241041991576617,99.48859697607166
0.04726927438134268,7.282212551501699,90.3186826762051
0.15685963004137116,4.751663835135553,59.46048368928781
0.12529550844126258,3.4087221651216586,74.26836554433491
0.03852962334401655,5.5075154510001205,67.79318819533084
0.10344348025109079,7.919818849562613,95.94286808354786
0.07115902592129726,7.891523391387027,76.72712345155273
0.0699978871006349,6.773094273480419,99.99307523607558
0.24279490456602554,0.22593085314931205,89.52804437694772
0.010989795011034365,2.555658312619548,80.22022035124282
0.04575421086312753,6.429848403617649,60.20849165302174
0.01240412533558393,2.98913225022973,73.26150920555412
0.021567830505205523,6.4451459402951325,69.92169012725012
0.03757300505826255,5.971708195794239,99.13161666210337
0.017289496963952405,6.983929333868757,95.8104268122821
0.0945829858398634,6.666649956875157,64.86128005470849
0.08275262054159511,3.099573427699885,58.032036372214286
0.022735495281547932,4.514988256136203,83.88782223876841
0.0516825556158133,5.170060477196,74.32791198632685
0.12932554761433096,7.490735781602304,63.65528828037223
0.09044346263553751,3.9085794274180854,58.05948835127907
0.16425480442624213,4.066107558183397,78.37332676317077
0.11819932508013842,2.7678256198509317,87.15204026724552
0.0426690401142228,1.039698509395258,67.18482157636502
0.04561544659512015,0.5629595593753489,69.29349915101511
0.07910741299705862,3.82992598373937,70.47729517590905
0.14555464184371233,7.775988746678092,66.38415313244376
0.07170644811263768,1.9124888238462563,69.26556770392963
0.23148209018505958,4.970580337227474,65.74408358962488
0.039976276093904,2.4895405822567547,56.23998059099351
0.04785885586008618,6.628416962785749,77.02775783229018
0.016513682417113103,2.886968406604393,83.7248258863886
0.06166254757753789,3.020906112265116,93.35387181225644
0.04726927438134268,7.282212551501699,90.3186826762051
0.15685963004137116,4.751663835135553,59.46048368928781
0.1741193759808411,3.672365346186107,82.98137725386383
0.03852962334401655,5.5075154510001205,67.79318819533084
0.10344348025109079,7.919818849562613,95.94286808354786
0.07115902592129726,7.891523391387027,76.72712345155273
0.04419776995379203,4.929104102025701,91.34778686475208
0.24279490456602554,0.22593085314931205,89.52804437694772
0.010989795011034365,2.555658312619548,80.22022035124282
0.04575421086312753,6.429848403617649,60.20849165302174
0.06041444747933841,3.1919717530302187,76.1471615749636
0.021567830505205523,6.4451459402951325,69.92169012725012
0.03757300505826255,5.971708195794239,99.13161666210337
0.017289496963952405,6.983929333868757,95.8104268122821
0.0945829858398634,6.666649956875157,64.86128005470849
0.09052417203719097,3.2728270208948045,58.181836667197395
0.022059430176489578,4.4022121275444555,83.67672050806728
0.0516825556158133,5.170060477196,74.32791198632685
0.12932554761433096,7.490735781602304,63.65528828037223
0.09039148880881981,4.317980125912636,57.98070062592776
0.19467308666472347,4.964289632825081,80.70132957802463
0.1106228346001794,2.537676073347626,85.2879201681659
0.0426690401142228,1.039698509395258,67.18482157636502
0.04561544659512015,0.5629595593753489,69.29349915101511
0.07343343835906785,4.1071886517512555,71.27395573166721
0.14555464184371233,7.775988746678092,66.38415313244376
0.07170644811263768,1.9124888238462563,69.26556770392963
0.15829060069878623,5.34845865626957,78.34629495197024
0.039976276093904,2.4895405822567547,56.23998059099351
0.04785885586008618,6.628416962785749,77.02775783229018
0.01855732941141463,3.019637833384624,83.17877555548743
0.06166254757753789,3.020906112265116,93.35387181225644
0.04726927438134268,7.282212551501699,90.3186826762051
0.2143435410787402,5.126728268968669,60.74025045260354
0.15662556711604797,4.30313105284031,78.53813568332207
0.058220262809241086,7.851282961286298,53.54423399860811
0.10344348025109079,7.919818849562613,95.94286808354786
0.07115902592129726,7.891523391387027,76.72712345155273
0.04419776995379203,4.929104102025701,91.34778686475208
0.24279490456602554,0.22593085314931205,89.52804437694772
0.010989795011034365,2.555658312619548,80.22022035124282
0.03302961400119675,6.101203692703756,52.326513964363414
0.06041444747933841,3.1919717530302187,76.1471615749636
0.013188163309776457,6.1236676774246845,73.66598820622508
0.03757300505826255,5.971708195794239,99.13161666210337
0.026085274971440905,6.43938001946783,94.37032276190207
0.08054639803755839,7.276625996497623,62.52518450865738
0.09052417203719097,3.2728270208948045,58.181836667197395
0.020524254063274707,4.362419484888603,84.16120914040259
0.0516825556158133,5.170060477196,74.32791198632685
0.12442913264775937,7.167277748717753,65.80441836346671
0.09039148880881981,4.317980125912636,57.98070062592776
0.17140597763111692,4.292545278894615,81.97100695235756
0.1106228346001794,2.537676073347626,85.2879201681659
0.0426690401142228,1.039698509395258,67.18482157636502
0.04561544659512015,0.5629595593753489,69.29349915101511
0.10066353311358649,1.8222171822582967,82.15986775390238
0.11723805507157238,5.732262395228274,67.20848185332383
0.07170644811263768,1.9124888238462563,69.26556770392963
0.12386845837785841,5.948018704804771,82.05833161947122
0.037946833565868324,2.405876259871827,55.61540678501484
0.04785885586008618,6.628416962785749,77.02775783229018
0.01855732941141463,3.019637833384624,83.17877555548743
0.06166254757753789,3.020906112265116,93.35387181225644
0.047451475202311674,7.421798315232961,90.25763649104124
0.20269161128564073,5.050703093018635,60.480843042624024
0.12960849935082447,3.938336859499276,82.75322645162653
0.058220262809241086,7.851282961286298,53.54423399860811
0.10344348025109079,7.919818849562613,95.94286808354786
0.07115902592129726,7.891523391387027,76.72712345155273
0.04419776995379203,4.929104102025701,91.34778686475208
0.22174158060398177,0.550795612678733,89.97272684979573
0.02024511113917421,2.931912235050288,79.04406041045752
0.05857750834783784,5.963896009999741,53.51204479658739
0.061115688598021745,1.7028990015437326,83.37084809286225
0.013188163309776457,6.1236676774246845,73.66598820622508
0.03757300505826255,5.971708195794239,99.13161666210337
0.026085274971440905,6.43938001946783,94.37032276190207
0.08054639803755839,7.276625996497623,62.52518450865738
0.0993206396542411,2.026097433724636,59.44467211559863
0.021918765932827867,4.027625165645835,86.15623764510235
0.0516825556158133,5.170060477196,74.32791198632685
0.12442913264775937,7.167277748717753,65.80441836346671
0.09039148880881981,4.317980125912636,57.98070062592776
0.17140597763111692,4.292545278894615,81.97100695235756
0.1106228346001794,2.537676073347626,85.2879201681659
0.0426690401142228,1.039698509395258,67.18482157636502
0.04561544659512015,0.5629595593753489,69.29349915101511
0.10066353311358649,1.8222171822582967,82.15986775390238
0.11578672374691124,5.795910945531712,66.9504865279099
0.07137573735213762,1.9778878026939202,69.37321126699086
0.12386845837785841,5.948018704804771,82.05833161947122
0.03464378418662962,2.0282121430313698,55.07964222254091
0.04189288226963721,5.829783897783937,77.4633817599131
0.01855732941141463,3.019637833384624,83.17877555548743
0.07493190988524581,4.45624418518052,93.1718263451891
0.037835407327709986,7.829520018204359,91.13599007122212
0.20269161128564073,5.050703093018635,60.480843042624024
0.12960849935082447,3.938336859499276,82.75322645162653
0.058220262809241086,7.851282961286298,53.54423399860811
0.10479766721360086,7.686803241129981,92.76209107561989
0.07115902592129726,7.891523391387027,76.72712345155273
0.04419776995379203,4.929104102025701,91.34778686475208
0.22174158060398177,0.550795612678733,89.97272684979573
0.02024511113917421,2.931912235050288,79.04406041045752
0.07003597200371736,7.848136433551604,52.761544873911255
0.05851230661274827,2.6597757616584947,80.87515371453263
0.03031654890673547,5.027309316070063,80.62268641056777
0.03757300505826255,5.971708195794239,99.13161666210337
0.02880876305910122,6.1219378531271635,93.23688777630032
0.08333577160616043,7.323804457810889,66.0030242605453
0.09043885084583432,3.8759727683317013,64.89532151066318
0.015963185161566293,3.4003203765037426,91.50652450766887
0.05108008624806205,5.248578482730347,74.45702873321908
0.17547931231938435,7.994542145719771,58.59313636983674
0.09668614912398049,3.8974017611984193,54.00967997850804
0.2441332123057416,3.9286130786116793,76.61013216579627
0.10688940503005218,1.5764322513689653,86.19821639803162
0.0394742269186631,0.7064484130127395,62.7830423278313
0.04561544659512015,0.5629595593753489,69.29349915101511
0.10066936323835375,1.8213320433104834,82.25848497760136
0.11827145259606074,6.9742727389439,61.575227844829755
0.07475283628096263,2.1633807654848667,69.38366129273068
0.09711338188645,5.204041738839585,82.34298874456957
0.03464378418662962,2.0282121430313698,55.07964222254091
0.030540316027712233,7.536981483691414,77.76702364579003
0.01855732941141463,3.019637833384624,83.17877555548743
0.05786604775489429,3.4277411371765645,77.03615482390491
0.037835407327709986,7.829520018204359,91.13599007122212
0.20174685007619717,5.0446150110570125,60.55337479969674
0.1566994790436636,2.5553136291033205,87.83591732435497
0.05328170732471572,7.249679764005213,57.23412315201958
0.10479766721360086,7.686803241129981,92.76209107561989
0.07732389202737144,6.607521486276716,72.9438175841669
0.03371430836183563,6.591080110232207,99.01757388005743
0.23254631262527764,0.535476025206582,90.52196605501996
0.02790648144232098,3.9243801814485586,73.89954869120263
0.05042034468259783,6.008266066115288,64.35184778682323
0.05119560071777007,1.9090739074636733,73.92200191756824
0.03031654890673547,5.027309316070063,80.62268641056777
0.03851201294011082,5.9556124704210145,99.76318261905178
0.02880876305910122,6.1219378531271635,93.23688777630032
0.07893878585511722,7.367796329268614,66.56030430194623
0.08886659100398575,4.179398947163394,62.30818111687397
0.015963185161566293,3.4003203765037426,91.50652450766887
0.05108008624806205,5.248578482730347,74.45702873321908
0.17547931231938435,7.994542145719771,58.59313636983674
0.10014332040902742,4.390203264119832,55.22140233733086
0.3392705796463143,5.559144144857329,69.96367496090272
0.08298090518306206,2.2871670555155235,82.47535224423397
0.0394742269186631,0.7064484130127395,62.7830423278313
0.04561544659512015,0.5629595593753489,69.29349915101511
0.10119198138091805,1.800755159960651,82.58950769193352
0.11827145259606074,6.9742727389439,61.575227844829755
0.05730459528319826,0.7839440864505445,81.61386714378504
0.09711338188645,5.204041738839585,82.34298874456957
0.03386204233440868,2.132612846049023,54.06689078809375
0.030540316027712233,7.536981483691414,77.76702364579003
0.011762798111765227,2.3621129389645734,89.92248847806128
0.05621301455428507,3.05139344452253,76.2644227170014
0.037835407327709986,7.829520018204359,91.13599007122212
0.13468402419073572,6.184032714117869,73.06596433393345
0.1471749202509325,2.741609897360301,87.29230877018173
0.05328170732471572,7.249679764005213,57.23412315201958
0.10479766721360086,7.686803241129981,92.76209107561989
0.07732389202737144,6.607521486276716,72.9438175841669
0.03371430836183563,6.591080110232207,99.01757388005743
0.22128348566352485,0.5514451267524785,89.94944041376772
0.026840995166771325,3.888419137911194,74.0448637900692
0.057347065522163766,7.629541445792101,68.65428317416414
0.05543611774794141,1.275763042873054,72.56109879976705
0.03031654890673547,5.027309316070063,80.62268641056777
0.03851201294011082,5.9556124704210145,99.76318261905178
0.02814330034513904,5.578114596293415,99.18219696148428
0.08451633550704916,7.262284861150043,66.28748876847982
0.11272256342463305,3.0445832570689957,61.04008187754241
0.015963185161566293,3.4003203765037426,91.50652450766887
0.04806458316496984,5.836198401967752,78.25443746165861
0.177743643035938,7.698577885412602,59.86002317678714
0.11094760555823928,4.20117922635545,50.9854974656086
0.23775157365802577,5.565334091869581,79.4975072774018
0.1005430360109171,0.8383853327905255,75.64785725934503
0.0394742269186631,0.7064484130127395,62.7830423278313
0.04504771393636395,0.8673721715373439,70.37099908661108
0.10025327644059219,1.7790066426086102,82.56863976873368
0.11827145259606074,6.9742727389439,61.575227844829755
0.05730459528319826,0.7839440864505445,81.61386714378504
0.0371238443840442,5.116072315258294,85.40971282029066
0.03386204233440868,2.132612846049023,54.06689078809375
0.030540316027712233,7.536981483691414,77.76702364579003
0.026016824503154456,2.238930321138664,89.92432206121408
0.05621301455428507,3.05139344452253,76.2644227170014
0.037835407327709986,7.829520018204359,91.13599007122212
0.15740870785919608,6.275287340320047,71.70476401731182
0.1471749202509325,2.741609897360301,87.29230877018173
0.09213640910791329,7.389817409612705,58.053880307424606
0.10641039007599014,6.772754152618267,81.80684829886125
0.07732389202737144,6.607521486276716,72.9438175841669
0.03371430836183563,6.591080110232207,99.01757388005743
0.22128348566352485,0.5514451267524785,89.94944041376772
0.02054141286657707,6.816279846962582,89.85495112758285
0.058986048999856884,7.782685889656419,73.25841709787494
0.059551931641324544,1.223975771215189,75.59708128140079
0.0276661323710152,4.938212162565476,81.05564431803532
0.03851201294011082,5.9556124704210145,99.76318261905178
0.036127120974043206,5.338963071042314,95.58178955487207
0.07780411232728483,5.8804908578290505,67.73554775557663
0.11272256342463305,3.0445832570689957,61.04008187754241
0.015963185161566293,3.4003203765037426,91.50652450766887
0.050548667732163044,6.48397120772802,82.48494185709598
0.177743643035938,7.698577885412602,59.86002317678714
0.11094760555823928,4.20117922635545,50.9854974656086
0.22925228270135917,5.581982841151362,80.36201365626242
0.1005430360109171,0.8383853327905255,75.64785725934503
0.033740934869524855,0.6815299525928578,56.728057035953555
0.04504771393636395,0.8673721715373439,70.37099908661108
0.09089866118262158,0.8295552166438092,98.71963351751799
0.09213292921658,6.39567226514271,67.2357700108336
0.07267524436386576,3.2605456010609606,75.26843913964711
0.04292024087752517,4.654027920523833,86.84439139756773
0.038452193928210754,2.3213000399191475,58.62553081321707
0.08401948823367802,5.578427987400811,81.18264039087951
0.012458908308816186,1.7510703314358196,92.61079007430648
0.05621301455428507,3.05139344452253,76.2644227170014
0.037835407327709986,7.829520018204359,91.13599007122212
0.15740870785919608,6.275287340320047,71.70476401731182
0.1362004822685805,3.2522848819854158,87.6781001545993
0.09213640910791329,7.389817409612705,58.053880307424606
0.13973669339205902,7.452616616146604,75.27516762542868
0.07518245168251492,6.53553422066952,73.29363185606726
0.05983840488002601,5.74989708905124,97.75459028477218
0.19133781343359985,1.591967989451724,88.64022047932703
0.02054141286657707,6.816279846962582,89.85495112758285
0.058986048999856884,7.782685889656419,73.25841709787494
0.05948581710296432,0.1794481918161699,70.48339776383817
0.0276661323710152,4.938212162565476,81.05564431803532
0.03851201294011082,5.9556124704210145,99.76318261905178
0.036127120974043206,5.338963071042314,95.58178955487207
0.07780411232728483,5.8804908578290505,67.73554775557663
0.10652606174922526,2.415666172884657,71.7385079553621
0.015963185161566293,3.4003203765037426,91.50652450766887
0.11916793340862489,4.09965623193524,85.4849650264049
0.177743643035938,7.698577885412602,59.86002317678714
0.11094760555823928,4.20117922635545,50.9854974656086
0.2302947975771162,6.240101045871381,79.10774215612558
0.1005430360109171,0.8383853327905255,75.64785725934503
0.033740934869524855,0.6815299525928578,56.728057035953555
0.04389897757215536,1.1364110914415662,71.07713969124245
0.09089866118262158,0.8295552166438092,98.71963351751799
0.11078203345928564,5.615310387931743,63.847307126577135
0.08614968418905818,2.341535320121432,71.49842891027984
0.04292024087752517,4.654027920523833,86.84439139756773
0.038452193928210754,2.3213000399191475,58.62553081321707
0.10166728470001911,4.815844035166688,73.30359353087894
0.012458908308816186,1.7510703314358196,92.61079007430648
0.05621301455428507,3.05139344452253,76.2644227170014
0.037835407327709986,7.829520018204359,91.13599007122212
0.24264502243208536,6.504460302531528,51.58985505383467
0.1277128750282467,3.487161965947599,88.72810568882898
0.09213640910791329,7.389817409612705,58.053880307424606
0.13973669339205902,7.452616616146604,75.27516762542868
0.07518245168251492,6.53553422066952,73.29363185606726
0.05983840488002601,5.74989708905124,97.75459028477218
0.1217407289055254,1.0536383966176786,74.51912597190287
0.0217289173675295,7.5604747997732815,89.45005545078524
0.0690255574744848,7.191967477393044,71.44590982518808
0.05948581710296432,0.1794481918161699,70.48339776383817
0.0276661323710152,4.938212162565476,81.05564431803532
0.03851201294011082,5.9556124704210145,99.76318261905178
0.036127120974043206,5.338963071042314,95.58178955487207
0.07780411232728483,5.8804908578290505,67.73554775557663
0.09361852349667543,1.7628840506152086,61.38801872641816
0.015963185161566293,3.4003203765037426,91.50652450766887
0.11916793340862489,4.09965623193524,85.4849650264049
0.15273914819418166,5.8437474309275546,64.03055952479947
0.1308138115554519,3.556385173789519,60.29081591083917
0.19478402186403024,5.514716480922168,75.3164090566376
0.08461200834382755,1.0034549127939723,78.71579877207782
0.01456405669714031,0.22463277515412372,52.773216247260265
0.04459416946026909,0.7604931870499128,68.8852009194436
0.09089866118262158,0.8295552166438092,98.71963351751799
0.12348442007921588,7.853809243855237,56.63045011161028
0.08614968418905818,2.341535320121432,71.49842891027984
0.03799916452650237,4.18505054051394,87.77596220441477
0.038452193928210754,2.3213000399191475,58.62553081321707
0.11098436592073946,4.375959371535017,70.7007265345442
0.011051478773939957,1.6737081571750076,93.06689959662157
0.06291269868843402,2.1753542473309935,73.70267450167692
0.037835407327709986,7.829520018204359,91.13599007122212
0.24264502243208536,6.504460302531528,51.58985505383467
0.13204843112975206,3.4148116355584475,91.43815790932021
0.09213640910791329,7.389817409612705,58.053880307424606
0.13973669339205902,7.452616616146604,75.27516762542868
0.09270379628066772,5.928461520395541,64.92289965671479
0.05983840488002601,5.74989708905124,97.75459028477218
0.1217407289055254,1.0536383966176786,74.51912597190287
0.0217289173675295,7.5604747997732815,89.45005545078524
0.06565411028931405,7.260882654428158,73.57427616228128
0.05948581710296432,0.1794481918161699,70.48339776383817
0.0276661323710152,4.938212162565476,81.05564431803532
0.045067668834240515,5.314138572457425,99.63259306908449
0.03630225800701848,5.384247363886508,95.8888545227546
0.0397205575088808,4.235340406205484,76.9938390347076
0.09361852349667543,1.7628840506152086,61.38801872641816
0.01712010348426718,3.461570482339109,91.15071413621537
0.1166635826735833,4.279165997304801,84.53446564755197
0.15273914819418166,5.8437474309275546,64.03055952479947
0.09405671582313746,4.048804851222235,67.69044711595458
0.19478402186403024,5.514716480922168,75.3164090566376
0.08470297216592261,1.0064380470085308,78.74560236043509
0.01456405669714031,0.22463277515412372,52.773216247260265
0.04459416946026909,0.7604931870499128,68.8852009194436
0.09089866118262158,0.8295552166438092,98.71963351751799
0.12348442007921588,7.853809243855237,56.63045011161028
0.08029868216460168,2.565549751579811,73.47639053820397
0.023731022017192453,4.731327882212021,92.59938189683739
0.038452193928210754,2.3213000399191475,58.62553081321707
0.11098436592073946,4.375959371535017,70.7007265345442
0.011051478773939957,1.6737081571750076,93.06689959662157
0.06291269868843402,2.1753542473309935,73.70267450167692
0.037835407327709986,7.829520018204359,91.13599007122212
0.16708316924332717,4.9283343940411175,65.12253951878616
0.13204843112975206,3.4148116355584475,91.43815790932021
0.09303893245055586,5.819577719200858,62.58296226015719
0.1491384083483523,7.435901138449842,75.88110432596845
0.10277213044868985,7.196878639860758,61.955647215431185
0.05983840488002601,5.74989708905124,97.75459028477218
0.10735769196173837,1.6282354884527863,74.81711816609983
0.0217289173675295,7.5604747997732815,89.45005545078524
0.06432856172758561,7.287977966554642,74.41108385405659
0.05948581710296432,0.1794481918161699,70.48339776383817
0.0276661323710152,4.938212162565476,81.05564431803532
0.07045689522780853,4.965016898214733,93.99557776146355
0.03630225800701848,5.384247363886508,95.8888545227546
0.041000762384403436,4.2791706774021465,76.19192149325569
0.09361852349667543,1.7628840506152086,61.38801872641816
0.01712010348426718,3.461570482339109,91.15071413621537
0.11547406522241396,4.345995683682333,84.00068967658468
0.16371338129854135,4.4858418860351605,54.53997083662877
0.09405671582313746,4.048804851222235,67.69044711595458
0.2776492963052335,7.207419325140201,84.16357872495085
0.08138819379523199,1.6388043879960366,81.27975392220597
0.012113705929731215,0.009564928234011116,52.172908933672005
0.04459416946026909,0.7604931870499128,68.8852009194436
0.09938711958646908,0.7398143277855251,99.32056889567518
0.12348442007921588,7.853809243855237,56.63045011161028
0.0947849614735673,3.297909657421322,75.33915941922879
0.023731022017192453,4.731327882212021,92.59938189683739
0.05985806689171843,1.7657388099376223,72.92131941110053
0.10394765040173776,3.3171297902210077,66.92717648398276
0.011051478773939957,1.6737081571750076,93.06689959662157
0.06291269868843402,2.1753542473309935,73.70267450167692
0.037835407327709986,7.829520018204359,91.13599007122212
0.16708316924332717,4.9283343940411175,65.12253951878616
0.11189664255283305,2.8031860478619626,86.24135660577743
0.09303893245055586,5.819577719200858,62.58296226015719
0.1491384083483523,7.435901138449842,75.88110432596845
0.09018014496843167,6.198598001529804,60.59687555074913
0.06329666415985075,5.494275139545226,96.53034469844698
0.10735769196173837,1.6282354884527863,74.81711816609983
0.023620932077642702,6.967732362097896,85.96267342759695
0.0915941726498668,7.548776066428892,66.21578663274994
0.05948581710296432,0.1794481918161699,70.48339776383817
0.0276661323710152,4.938212162565476,81.05564431803532
0.061166070750808585,5.780847119789695,93.18114748814232
0.03711399432626163,5.193328975838204,92.48591719769816
0.041000762384403436,4.2791706774021465,76.19192149325569
0.09361852349667543,1.7628840506152086,61.38801872641816
0.016007343333148304,3.247842930089017,90.90687211211505
0.11018149422172838,4.418772664759463,85.1757669824097
0.16371338129854135,4.4858418860351605,54.53997083662877
0.060604578592646854,3.8389208040375333,74.0058734163659
0.2776492963052335,7.207419325140201,84.16357872495085
0.08138819379523199,1.6388043879960366,81.27975392220597
0.012113705929731215,0.009564928234011116,52.172908933672005
0.04459416946026909,0.7604931870499128,68.8852009194436
0.09938711958646908,0.7398143277855251,99.32056889567518
0.1223336346532527,7.619115203325068,56.81376758241882
0.1298651572799804,2.657892155978909,74.78295404590803
0.023731022017192453,4.731327882212021,92.59938189683739
0.057088769299440865,1.394385691125444,72.21295096768499
0.0996693781923447,3.3137590031717017,68.09378220569721
0.03863676914756024,1.483510693423712,82.48820288706716
0.07269108080405809,1.537472231994172,68.98671435562626
0.037835407327709986,7.829520018204359,91.13599007122212
0.15690698382478538,4.36605477918828,66.77432757239308
0.14623875743315065,2.6439351423278596,84.57043325146785
0.0975434039270709,5.976492259291809,55.93238173877724
0.12042538426646866,6.53264226209922,79.121784720459
0.09413228143397732,6.596312463095965,60.84740995436705
0.07117602754370653,5.057977232574045,94.86222305076298
0.1153787755270409,1.665549372792275,75.23264811204339
0.023620932077642702,6.967732362097896,85.96267342759695
0.09756514245641798,7.59981665807408,64.4811618917074
0.05948581710296432,0.1794481918161699,70.48339776383817
0.023808848360946572,4.8340554751373634,76.38900026477825
0.06736029154811378,5.870032843254738,86.2247244299475
0.03711399432626163,5.193328975838204,92.48591719769816
0.041000762384403436,4.2791706774021465,76.19192149325569
0.10537921491289781,1.0233290626635343,56.89310920334867
0.016007343333148304,3.247842930089017,90.90687211211505
0.11018149422172838,4.418772664759463,85.1757669824097
0.16371338129854135,4.4858418860351605,54.53997083662877
0.06261469717529594,4.043458988884246,73.48786725984039
0.22549722866762578,5.315268227897004,88.59788100441452
0.08303682795784227,1.4044628887080908,80.90665890468878
0.03204500065044669,0.3482970764310025,56.9115641152957
0.04459416946026909,0.7604931870499128,68.8852009194436
0.09938711958646908,0.7398143277855251,99.32056889567518
0.1223336346532527,7.619115203325068,56.81376758241882
0.13111807916900378,2.6365273814886985,74.79701141228789
0.023731022017192453,4.731327882212021,92.59938189683739
0.06662140816171348,1.348342094034859,66.90456895163776
0.0488372528058484,2.379226011459025,69.26557621456287
0.038495584677425435,1.4826431404243863,82.48785729494824
0.036475061725647046,0.6421107967715658,64.33874439216284
0.037835407327709986,7.829520018204359,91.13599007122212
0.15690698382478538,4.36605477918828,66.77432757239308
0.1592717241679208,2.2247906440548504,82.78349379039287
0.07902950165756921,6.478744350037556,52.55107074101305
0.12042538426646866,6.53264226209922,79.121784720459
0.09413228143397732,6.596312463095965,60.84740995436705
0.07117602754370653,5.057977232574045,94.86222305076298
0.1153787755270409,1.665549372792275,75.23264811204339
0.023620932077642702,6.967732362097896,85.96267342759695
0.09094402161276295,7.316504667205273,65.30882780828276
0.05948581710296432,0.1794481918161699,70.48339776383817
0.02152383287412757,4.346075287883734,73.98662202136637
0.057671616047238805,5.56176904749803,91.40820429437846
0.026744285179280736,4.780523295508544,97.28981548975767
0.020946011186306332,3.4045542005149367,81.98378226956093
0.11086248635222956,0.9773477540778888,55.47673516401696
0.016007343333148304,3.247842930089017,90.90687211211505
0.11018149422172838,4.418772664759463,85.1757669824097
0.16371338129854135,4.4858418860351605,54.53997083662877
0.04510229035508177,6.306453668300414,67.12609733571341
0.2105917092464592,5.2444436768126526,87.5301515405191
0.08303682795784227,1.4044628887080908,80.90665890468878
0.03204500065044669,0.3482970764310025,56.9115641152957
0.041185187380798224,0.64852010137211,65.63256212638791
0.08870569324456942,1.3339615077517832,99.0219662447615
0.1223336346532527,7.619115203325068,56.81376758241882
0.11444143212204846,2.9618389181943012,77.56162622755625
0.05078110774154522,4.203661563543122,88.11508313238774
0.02716858434742897,0.2628519821784865,61.040042417468044
0.03269197122712963,0.4860920477688184,70.78273886953839
0.03978284402996653,2.0181397154709884,94.05051502366736
0.01413133154580487,0.3765124974289311,61.172901865884945
0.037835407327709986,7.829520018204359,91.13599007122212
0.15690698382478538,4.36605477918828,66.77432757239308
0.11684985588799059,2.8780772889503163,80.07434353077002
0.08732211614701113,5.380676461470037,57.72557788043552
0.11060248493147189,6.519852734948652,72.81677484435654
0.10493793513611316,6.68042944916943,66.78322904609416
0.07117602754370653,5.057977232574045,94.86222305076298
0.11597139241832233,1.5870779113047844,75.60243502771183
0.020685641468041895,6.9936366929782965,87.73266612658142
0.13699480226378372,7.528128138024549,50.61114679680964
0.053548402120847036,0.24739931137342347,70.54973062153931
0.02152383287412757,4.346075287883734,73.98662202136637
0.05450382501333543,4.937402815010574,89.89424926701251
0.04238934464423447,4.785663120614554,96.20556830620842
0.020946011186306332,3.4045542005149367,81.98378226956093
0.11086248635222956,0.9773477540778888,55.47673516401696
0.016007343333148304,3.247842930089017,90.90687211211505
0.1484449006262324,5.72357600852325,80.35212206712757
0.16371338129854135,4.4858418860351605,54.53997083662877
0.04510229035508177,6.306453668300414,67.12609733571341
0.1933556285771458,4.8352596272981865,85.74317482462257
0.08303682795784227,1.4044628887080908,80.90665890468878
0.03204500065044669,0.3482970764310025,56.9115641152957
0.030390334031337805,0.9252079832035557,62.77123658056871
0.08870569324456942,1.3339615077517832,99.0219662447615
0.0968604384179486,6.403190000486232,67.95725318442167
0.11736369308101305,0.2534284212538118,81.17347428507826
0.04921746473172301,4.138162667885772,87.59779165627505
0.02716858434742897,0.2628519821784865,61.040042417468044
0.03279292391390428,0.6302250299337828,71.18222189085512
0.03978284402996653,2.0181397154709884,94.05051502366736
0.01413133154580487,0.3765124974289311,61.172901865884945
0.037835407327709986,7.829520018204359,91.13599007122212
0.15690698382478538,4.36605477918828,66.77432757239308
0.13404784063053538,2.142051645061448,78.70473097842198
0.08732211614701113,5.380676461470037,57.72557788043552
0.10859171327868863,6.2779310167616185,73.41601378949912
0.1265838476295282,7.668032100101937,58.697328163010695
0.07535753439498971,5.141549735468413,85.24459118779808
0.11569701040482026,1.5845307333279903,75.83811202574732
0.02109875047378185,7.324402516890311,87.45237337035086
0.13699480226378372,7.528128138024549,50.61114679680964
0.053548402120847036,0.24739931137342347,70.54973062153931
0.01580052838040629,4.389043549990148,71.17366961639281
0.05314421942610645,4.944988596452986,90.20121220719074
0.03940971330632102,4.7483418047303845,97.7578762401684
0.02042004614521525,3.670107612837557,83.7540587623679
0.11086248635222956,0.9773477540778888,55.47673516401696
0.016007343333148304,3.247842930089017,90.90687211211505
0.1431923925460558,5.514472084850262,79.6020935348786
0.16371338129854135,4.4858418860351605,54.53997083662877
0.04510229035508177,6.306453668300414,67.12609733571341
0.22630641429859966,6.214553693361312,89.9459228199454
0.07566833786503542,2.3168250714082945,83.22765437340226
0.032231405574995375,0.4185619839001252,60.46824033581567
0.030390334031337805,0.9252079832035557,62.77123658056871
0.08870569324456942,1.3339615077517832,99.0219662447615
0.07242896342005908,6.592563443971651,74.29980382078288
0.11736369308101305,0.2534284212538118,81.17347428507826
0.04921746473172301,4.138162667885772,87.59779165627505
0.02716858434742897,0.2628519821784865,61.040042417468044
0.0346081022285444,2.636006974580007,76.79869567526005
0.03856761864884005,1.745070369941761,94.88165741521927
0.01413133154580487,0.3765124974289311,61.172901865884945
0.0393494427026572,7.875214075994337,91.46921826855811
0.16311002424864396,3.6905870878386193,68.42659577833535
0.1459684704083882,1.3158162500514425,84.05691588081278
0.08732211614701113,5.380676461470037,57.72557788043552
0.10859171327868863,6.2779310167616185,73.41601378949912
0.1265838476295282,7.668032100101937,58.697328163010695
0.08044138299731259,4.545290023629384,80.98222030998622
0.11730596898963029,1.7866048685247047,82.6145002997239
0.02109875047378185,7.324402516890311,87.45237337035086
0.13699480226378372,7.528128138024549,50.61114679680964
0.053548402120847036,0.24739931137342347,70.54973062153931
0.01580052838040629,4.389043549990148,71.17366961639281
0.05588228748527462,5.010810995486219,89.37233767272625
0.03940971330632102,4.7483418047303845,97.7578762401684
0.014387838636706583,4.293334637164205,86.15838113243987
0.11086248635222956,0.9773477540778888,55.47673516401696
0.021480642575782985,3.7267035164662277,89.00485343583813
0.1431923925460558,5.514472084850262,79.6020935348786
0.16371338129854135,4.4858418860351605,54.53997083662877
0.04510229035508177,6.306453668300414,67.12609733571341
0.23576934649636438,6.49716131464216,91.38322952176716
0.07566833786503542,2.3168250714082945,83.22765437340226
0.032231405574995375,0.4185619839001252,60.46824033581567
0.030390334031337805,0.9252079832035557,62.77123658056871
0.0595845008924924,2.3302376357318573,92.51079311402162
0.06459750473769235,7.499010672041828,74.02137209142455
0.11736369308101305,0.2534284212538118,81.17347428507826
0.04921746473172301,4.138162667885772,87.59779165627505
0.02716858434742897,0.2628519821784865,61.040042417468044
0.0346081022285444,2.636006974580007,76.79869567526005
0.03856761864884005,1.745070369941761,94.88165741521927
0.01413133154580487,0.3765124974289311,61.172901865884945
0.0393494427026572,7.875214075994337,91.46921826855811
0.17206851986856164,3.6883026122316096,67.12495745362605
0.1459684704083882,1.3158162500514425,84.05691588081278
0.09825950100967157,3.3347910174563866,56.680715031183986
0.05995817605505609,7.8590811629412,90.07024016836479
0.10622389898462256,7.726414237439448,68.28448671879616
0.07259498051927232,4.694019642167933,83.66278473198554
0.1700324485262384,2.6779345393344136,95.23462697144441
0.02109875047378185,7.324402516890311,87.45237337035086
0.13699480226378372,7.528128138024549,50.61114679680964
0.053548402120847036,0.24739931137342347,70.54973062153931
0.01580052838040629,4.389043549990148,71.17366961639281
0.08227408514209908,3.25538746643951,90.82909893768544
0.03940971330632102,4.7483418047303845,97.7578762401684
0.014387838636706583,4.293334637164205,86.15838113243987
0.11086248635222956,0.9773477540778888,55.47673516401696
0.021480642575782985,3.7267035164662277,89.00485343583813
0.12294552723566828,4.5846299100083066,76.11077141198516
0.14903856626895814,4.521401667443036,62.30460588450731
0.029781163545243967,5.369233039499321,61.707158264432614
0.26824817388238903,6.868654015940019,90.78125000483843
0.07813578705453772,2.39266199365867,84.34243787155378
0.036630449676213754,0.38324030322584246,62.54868915877771
0.03351585692707172,1.0306855673973203,63.07848985457709
0.0595845008924924,2.3302376357318573,92.51079311402162
0.06459750473769235,7.499010672041828,74.02137209142455
0.11736369308101305,0.2534284212538118,81.17347428507826
0.022410115002233777,4.056759254785298,95.33774073550597
0.02716858434742897,0.2628519821784865,61.040042417468044
0.03454895475756263,2.7018935023753032,77.21546473633063
0.03856761864884005,1.745070369941761,94.88165741521927
0.01413133154580487,0.3765124974289311,61.172901865884945
0.0393494427026572,7.875214075994337,91.46921826855811
0.15062108278854125,4.36490858400472,71.05899627635827
0.1444232381849505,0.303147378954459,88.37380337742277
0.09825950100967157,3.3347910174563866,56.680715031183986
0.061234785051431276,7.76000018389098,85.65405611023975
0.1255404141684986,7.683433785700374,61.58763647261567
0.08897008412333626,4.368128183467558,89.2153674289286
0.17957686481550728,2.7931002472975894,97.48279003575041
0.02109875047378185,7.324402516890311,87.45237337035086
0.13699480226378372,7.528128138024549,50.61114679680964
0.053548402120847036,0.24739931137342347,70.54973062153931
0.01580052838040629,4.389043549990148,71.17366961639281
0.09169861997008003,1.8545927056482139,97.80693216211326
0.03940971330632102,4.7483418047303845,97.7578762401684
0.014387838636706583,4.293334637164205,86.15838113243987
0.11627195242790125,0.7914158126177742,53.756373110958656
0.021390609696200574,3.7175691397556534,89.01244212756518
0.14152511492876768,5.322984645546094,78.8183115069166
0.14903856626895814,4.521401667443036,62.30460588450731
0.011749103698802624,5.904952533487476,63.03074654873876
0.26824817388238903,6.868654015940019,90.78125000483843
0.07881012040767424,2.4036984567723194,84.16282512876889
0.036630449676213754,0.38324030322584246,62.54868915877771
0.02698774936956442,0.8103803456813734,62.43674686083332
0.0595845008924924,2.3302376357318573,92.51079311402162
0.06459750473769235,7.499010672041828,74.02137209142455
0.12339996218308175,0.007633738769976972,81.76779912840354
0.022410115002233777,4.056759254785298,95.33774073550597
0.02716858434742897,0.2628519821784865,61.040042417468044
0.03382635346640511,2.712818301742799,77.11762793440957
0.03856761864884005,1.745070369941761,94.88165741521927
0.01413133154580487,0.3765124974289311,61.172901865884945
0.0393494427026572,7.875214075994337,91.46921826855811
0.15062108278854125,4.36490858400472,71.05899627635827
0.19509702093512757,0.2746138485847419,98.95291461586791
0.07739063088814607,0.008243236337435178,52.92710511125236
0.06696193394952252,7.72984999913769,84.13229332414834
0.1255404141684986,7.683433785700374,61.58763647261567
0.09430964493311964,4.852189329327503,85.18149764171616
0.17957686481550728,2.7931002472975894,97.48279003575041
0.02109875047378185,7.324402516890311,87.45237337035086
0.12384076599183623,7.566016871440693,56.90731012570886
0.053548402120847036,0.24739931137342347,70.54973062153931
0.01580052838040629,4.389043549990148,71.17366961639281
0.09360645130673864,2.1831936540413777,95.76506916563663
0.03940971330632102,4.7483418047303845,97.7578762401684
0.014387838636706583,4.293334637164205,86.15838113243987
0.10781489590762136,1.0820982784761646,56.44595446973484
0.021390609696200574,3.7175691397556534,89.01244212756518
0.14152511492876768,5.322984645546094,78.8183115069166
0.17447598726609326,3.6244127802676327,58.77499233719297
0.011749103698802624,5.904952533487476,63.03074654873876
0.24062426607177806,6.280666738945829,86.14961528747263
0.07881012040767424,2.4036984567723194,84.16282512876889
0.034900793507357766,0.6873016732463277,64.38465388857048
0.02698774936956442,0.8103803456813734,62.43674686083332
0.0595845008924924,2.3302376357318573,92.51079311402162
0.06459750473769235,7.499010672041828,74.02137209142455
0.1093615571872195,0.43332513858053634,81.04853307026589
0.022410115002233777,4.056759254785298,95.33774073550597
0.02716858434742897,0.2628519821784865,61.040042417468044
0.0411346291972256,3.579756509695893,83.03427301512892
0.02561535253819088,1.3844439907344726,96.34277162737244
0.01413133154580487,0.3765124974289311,61.172901865884945
0.03322391211046048,7.897630542701015,93.97491965199035
0.15062108278854125,4.36490858400472,71.05899627635827
0.19509702093512757,0.2746138485847419,98.95291461586791
0.07739063088814607,0.008243236337435178,52.92710511125236
0.06696193394952252,7.72984999913769,84.13229332414834
0.12615980108167466,7.739584684548332,61.11970919457478
0.09430964493311964,4.852189329327503,85.18149764171616
0.12700282263861346,3.2158083712220287,96.76524696435298
0.02109875047378185,7.324402516890311,87.45237337035086
0.12384076599183623,7.566016871440693,56.90731012570886
0.023922250019988503,0.14870811877258433,64.97686669988938
0.01580052838040629,4.389043549990148,71.17366961639281
0.09360645130673864,2.1831936540413777,95.76506916563663
0.03940971330632102,4.7483418047303845,97.7578762401684
0.014387838636706583,4.293334637164205,86.15838113243987
0.10781489590762136,1.0820982784761646,56.44595446973484
0.021390609696200574,3.7175691397556534,89.01244212756518
0.12554402122140484,5.233052853265678,81.78235957380711
0.1962438154151488,4.232299299787904,56.65545543280592
0.011257866700413049,6.204977491117222,58.72521755090284
0.2887399064115386,5.667404176089299,96.67104619101096
0.07881012040767424,2.4036984567723194,84.16282512876889
0.034900793507357766,0.6873016732463277,64.38465388857048
0.02698774936956442,0.8103803456813734,62.43674686083332
0.05367650994240877,1.8502041500478947,95.29648449179092
0.0644210480109918,7.525210942947599,74.09313256978672
0.1093615571872195,0.43332513858053634,81.04853307026589
0.022410115002233777,4.056759254785298,95.33774073550597
0.02716858434742897,0.2628519821784865,61.040042417468044
0.0411346291972256,3.579756509695893,83.03427301512892
0.02561535253819088,1.3844439907344726,96.34277162737244
0.01413133154580487,0.3765124974289311,61.172901865884945
0.02746831741635168,7.926253347289686,95.65403907810422
0.1456834546253515,4.535844623785084,73.17040715597213
0.19509702093512757,0.2746138485847419,98.95291461586791
0.07739063088814607,0.008243236337435178,52.92710511125236
0.06524426297355843,7.7555793165233355,84.7256760761276
0.08535659972205707,6.291184469940655,74.57714973107231
0.08786034083477304,6.745543373273576,86.9523520620052
0.12700282263861346,3.2158083712220287,96.76524696435298
0.02109875047378185,7.324402516890311,87.45237337035086
0.14599342585234254,6.5460223819262975,56.83025188865131
0.023922250019988503,0.14870811877258433,64.97686669988938
0.021544804086735363,4.759566331384163,71.51858983209858
0.09360645130673864,2.1831936540413777,95.76506916563663
0.03940971330632102,4.7483418047303845,97.7578762401684
0.014387838636706583,4.293334637164205,86.15838113243987
0.1260892940409371,0.4539781874336164,50.63418291016701
0.02321431347765025,2.7703261716424397,80.353341447402
0.12449591421044692,6.682385202072805,71.01758437330534
0.13601853276803028,2.9090410546073535,59.54057036452033
0.011257866700413049,6.204977491117222,58.72521755090284
0.27022336223468113,5.17159881652343,92.83859105026198
0.07881012040767424,2.4036984567723194,84.16282512876889
0.034900793507357766,0.6873016732463277,64.38465388857048
0.02698774936956442,0.8103803456813734,62.43674686083332
0.03935351223253332,2.214645877953742,98.96126320130233
0.0644210480109918,7.525210942947599,74.09313256978672
0.1093615571872195,0.43332513858053634,81.04853307026589
0.022410115002233777,4.056759254785298,95.33774073550597
0.02716858434742897,0.2628519821784865,61.040042417468044
0.0411346291972256,3.579756509695893,83.03427301512892
0.01932017306812792,0.7916629156344357,97.88997212917553
0.01413133154580487,0.3765124974289311,61.172901865884945
0.02746831741635168,7.926253347289686,95.65403907810422
0.1606166299978919,3.965176308237342,69.61113497630589
0.18641406963351204,0.6709589359720649,98.78203710477814
0.07739063088814607,0.008243236337435178,52.92710511125236
0.06524426297355843,7.7555793165233355,84.7256760761276
0.058292883523328204,6.72634873891595,79.99985532494111
0.09426303250803543,7.139258054853136,87.60593329570548
0.12700282263861346,3.2158083712220287,96.76524696435298
0.02109875047378185,7.324402516890311,87.45237337035086
0.14599342585234254,6.5460223819262975,56.83025188865131
0.0238368322478471,0.3143687677372702,65.21190019028494
0.021544804086735363,4.759566331384163,71.51858983209858
0.09360645130673864,2.1831936540413777,95.76506916563663
0.03940971330632102,4.7483418047303845,97.7578762401684
0.01780549605784105,3.3486021835670083,79.72401654615955
0.1280478171274327,0.40987979753754544,50.068392688018776
0.02321431347765025,2.7703261716424397,80.353341447402
0.12449591421044692,6.682385202072805,71.01758437330534
0.08213345602903352,1.662722674316907,62.26472271250961
0.01258310235360576,5.710045913868825,58.91802396681235
0.4087526271259234,3.5996427426055524,91.2319428921223
0.08226439629727311,2.3522205310074655,86.8714258024892
0.034900793507357766,0.6873016732463277,64.38465388857048
0.025883976942838005,1.3836865373166967,67.67755223077918
0.040042880359489885,2.7430018354498635,92.79683963432181
0.0446090736456616,6.831471972992324,68.29334905559584
0.0879229797641482,2.1071320500570687,82.60399262554711
0.022410115002233777,4.056759254785298,95.33774073550597
0.027144172824780367,0.28415131303265206,61.166175678539794
0.0411346291972256,3.579756509695893,83.03427301512892
0.01932017306812792,0.7916629156344357,97.88997212917553
0.01413133154580487,0.3765124974289311,61.172901865884945
0.02746831741635168,7.926253347289686,95.65403907810422
0.18692157099033263,3.4606296320582217,64.88815940931062
0.18641406963351204,0.6709589359720649,98.78203710477814
0.07739063088814607,0.008243236337435178,52.92710511125236
0.07181876905235379,5.668379733204611,85.5545323695082
0.06899667309163379,7.5226842851851226,75.42458132508355
0.09426303250803543,7.139258054853136,87.60593329570548
0.13424907076084425,4.3318870595830115,82.83553159389727
0.021682638486568692,7.379573219784945,88.2042069462941
0.14721955923107422,6.329622372405693,57.90190945476756
0.024170072915839093,0.3122350480426639,65.35058015548842
0.013121158482310148,4.764858909893613,59.14626557912833
0.08420512142308309,2.5193132180167743,92.60181715120652
0.03940971330632102,4.7483418047303845,97.7578762401684
0.01780549605784105,3.3486021835670083,79.72401654615955
0.1280478171274327,0.40987979753754544,50.068392688018776
0.02321431347765025,2.7703261716424397,80.353341447402
0.1323795277418613,6.677149920087249,69.94795429622
0.085025652085258,1.4538407994794653,59.86200347225229
0.01258310235360576,5.710045913868825,58.91802396681235
0.3964882978017716,3.511211516664538,91.44162306223194
0.054915236118866916,1.3261006653895377,74.11717774656972
0.034900793507357766,0.6873016732463277,64.38465388857048
0.025883976942838005,1.3836865373166967,67.67755223077918
0.03929068866043538,2.1664956846228165,99.52304012898277
0.042033535809026225,6.885472135276823,70.39220544625104
0.08099660157179064,1.9216571978666939,80.22396948022067
0.022410115002233777,4.056759254785298,95.33774073550597
0.027144172824780367,0.28415131303265206,61.166175678539794
0.0411346291972256,3.579756509695893,83.03427301512892
0.02524936773756841,1.5950515602721538,95.20859008053097
0.014159002312556504,0.2563064511653437,61.22841570010582
0.02597233816914614,4.472775789229161,81.90934984729266
0.24078694015634586,3.687763427449009,59.79957780115037
0.18641406963351204,0.6709589359720649,98.78203710477814
0.07739063088814607,0.008243236337435178,52.92710511125236
0.0763813841924086,5.7386111744465715,87.60726938401771
0.07906203943756292,7.846097056638856,78.3696979831414
0.09426303250803543,7.139258054853136,87.60593329570548
0.16453759195361,3.5118388001937824,81.39096917948281
0.021682638486568692,7.379573219784945,88.2042069462941
0.10969933663746004,5.465353541810634,64.22865861521012
0.024170072915839093,0.3122350480426639,65.35058015548842
0.013121158482310148,4.764858909893613,59.14626557912833
0.08420512142308309,2.5193132180167743,92.60181715120652
0.036587913716402964,4.7632031655550495,98.28976712298892
0.01780549605784105,3.3486021835670083,79.72401654615955
0.1280478171274327,0.40987979753754544,50.068392688018776
0.022262721805886454,2.765333241606804,80.34635464438634
0.1467615200864667,7.550849230534566,71.14811628504033
0.085025652085258,1.4538407994794653,59.86200347225229
0.01258310235360576,5.710045913868825,58.91802396681235
0.4359177130098033,3.242544699880037,95.1830197668571
0.054915236118866916,1.3261006653895377,74.11717774656972
0.034900793507357766,0.6873016732463277,64.38465388857048
0.025883976942838005,1.3836865373166967,67.67755223077918
0.03794721098989666,1.713805117904907,88.76933516642504
0.042033535809026225,6.885472135276823,70.39220544625104
0.08099660157179064,1.9216571978666939,80.22396948022067
0.022410115002233777,4.056759254785298,95.33774073550597
0.02577771167287684,0.7325502855001984,63.881610556699854
0.05294916113354556,1.2718664566272206,79.89421653212064
0.02464672534382472,1.8311898136595341,92.20970325413823
0.013262159443935162,0.07609359530555437,59.746479812687674
0.02597233816914614,4.472775789229161,81.90934984729266
0.3565706558246349,3.1399862596639947,60.13183202047579
0.18641406963351204,0.6709589359720649,98.78203710477814
0.07739063088814607,0.008243236337435178,52.92710511125236
0.0763813841924086,5.7386111744465715,87.60726938401771
0.07906203943756292,7.846097056638856,78.3696979831414
0.0698594648938764,4.76236145183586,79.85750865656755
0.07558241998487819,3.6001101994043894,76.87009923872806
0.029445198223261644,5.8632089237445095,86.14108026829095
0.15659313631966507,5.347200741059297,66.79296559461228
0.024170072915839093,0.3122350480426639,65.35058015548842
0.013121158482310148,4.764858909893613,59.14626557912833
0.08420512142308309,2.5193132180167743,92.60181715120652
0.036587913716402964,4.7632031655550495,98.28976712298892
0.01780549605784105,3.3486021835670083,79.72401654615955
0.1280478171274327,0.40987979753754544,50.068392688018776
0.022247712475499712,2.633824866850114,78.81975319755557
0.1309584543702124,5.990145088387672,68.25911207669168
0.08346083660825425,1.8094939846518374,62.6803744713801
0.01258310235360576,5.710045913868825,58.91802396681235
0.35171133107022323,3.4083507506551003,95.21452703067253
0.07554958725218222,2.100285959340474,83.73998265576908
0.034900793507357766,0.6873016732463277,64.38465388857048
0.029269587470292277,0.09194722308409453,55.833142157576354
0.03657414829585627,1.825249395155347,88.15271490369709
0.042033535809026225,6.885472135276823,70.39220544625104
0.08099660157179064,1.9216571978666939,80.22396948022067
0.022410115002233777,4.056759254785298,95.33774073550597
0.02274028401066846,1.2897824366890456,70.88261573907268
0.05294916113354556,1.2718664566272206,79.89421653212064
0.02464672534382472,1.8311898136595341,92.20970325413823
0.013263185628915092,0.04196942703891704,59.7508480866634
0.030130890408915964,4.279970665162403,81.78197436115367
0.26781487404915755,2.707600187446732,60.96006250397514
0.16744692902250435,1.1722383454238265,95.03214429092378
0.07739063088814607,0.008243236337435178,52.92710511125236
0.0763813841924086,5.7386111744465715,87.60726938401771
0.07906203943756292,7.846097056638856,78.3696979831414
0.046796103779510226,4.763376635063857,71.43866593050016
0.07558241998487819,3.6001101994043894,76.87009923872806
0.018725434811676347,4.992687324102472,99.55224047437358
0.15659313631966507,5.347200741059297,66.79296559461228
0.024170072915839093,0.3122350480426639,65.35058015548842
0.013121158482310148,4.764858909893613,59.14626557912833
0.0860407823999815,2.289225599084223,95.9508952653529
0.036587913716402964,4.7632031655550495,98.28976712298892
0.01780549605784105,3.3486021835670083,79.72401654615955
0.1280478171274327,0.40987979753754544,50.068392688018776
0.022247712475499712,2.633824866850114,78.81975319755557
0.06726852534823816,6.881383378684418,59.04602871501597
0.08346083660825425,1.8094939846518374,62.6803744713801
0.01258310235360576,5.710045913868825,58.91802396681235
0.29650784492848525,3.6735471887430085,92.20670252167
0.09077433984515434,2.1807710654449313,81.20673804422007
0.05392764333068805,3.0043011591079325,75.03670127361548
0.029269587470292277,0.09194722308409453,55.833142157576354
0.04522574473505428,1.3369584650555257,93.78880047840046
0.042104234152371384,6.862402530621346,70.4198122389482
0.05444943143122714,2.243468155791769,79.58943886792329
0.015037905704883746,3.689420680438902,93.80273824191896
0.02274028401066846,1.2897824366890456,70.88261573907268
0.05438095329725002,1.498801770513202,80.41691914642772
0.02464672534382472,1.8311898136595341,92.20970325413823
0.013263185628915092,0.04196942703891704,59.7508480866634
0.030130890408915964,4.279970665162403,81.78197436115367
0.36062792624533296,1.8443120309540828,56.5597522245244
0.1624290433246094,1.0751440742561291,89.3055439885413
0.07739063088814607,0.008243236337435178,52.92710511125236
0.08741239793061757,6.734199369412168,92.47566824554954
0.07934241467652613,6.735951133589317,81.55944451419595
0.04950772728902503,4.618086845017398,70.72547315041771
0.07558241998487819,3.6001101994043894,76.87009923872806
0.018725434811676347,4.992687324102472,99.55224047437358
0.18428108352896347,5.277438671617201,68.30703348323051
0.024170072915839093,0.3122350480426639,65.35058015548842
0.022304668327278256,4.794769764385518,69.0436325669808
0.08031494810721282,2.88520444462128,92.62367097134924
0.036587913716402964,4.7632031655550495,98.28976712298892
0.017586756101153282,3.3329791936957154,79.81546064546893
0.1280478171274327,0.40987979753754544,50.068392688018776
0.022247712475499712,2.633824866850114,78.81975319755557
0.0809538268635596,6.6937926852460565,60.129157265988226
0.08877934742887454,0.1435861231990332,63.87410814662312
0.01258310235360576,5.710045913868825,58.91802396681235
0.18941076184488387,3.917360267674966,88.01543162158634
0.06883255171206021,3.200622155169989,81.26624996083997
0.07957995962401695,5.324978902649068,83.38655776773642
0.02307812781401763,0.07261523885742494,57.34855570557231
0.024987459627277192,1.3642340373184578,93.58291843993439
0.05997288843137395,5.0025268506789295,80.80310619723384
0.049980631508263,2.2511813411718755,79.39047383951667
0.033734047916786955,4.831995456479905,81.36144636045324
0.02274028401066846,1.2897824366890456,70.88261573907268
0.05438095329725002,1.498801770513202,80.41691914642772
0.02464672534382472,1.8311898136595341,92.20970325413823
0.013263185628915092,0.04196942703891704,59.7508480866634
0.03158672993661376,4.930029865783496,79.01380459851165
0.23346012998861568,1.0199544120441981,54.928767408804546
0.1624290433246094,1.0751440742561291,89.3055439885413
0.07739063088814607,0.008243236337435178,52.92710511125236
0.08741239793061757,6.734199369412168,92.47566824554954
0.07934241467652613,6.735951133589317,81.55944451419595
0.05257644678960709,4.338650140434631,69.87647019283793
0.10682804255156275,2.834822713605311,64.40518183422155
0.018725434811676347,4.992687324102472,99.55224047437358
0.20490616784662746,5.3388987730571085,68.21323946888745
0.024715237964498496,0.36759402624168125,65.58440536613735
0.02827082225011763,4.814717217314489,56.84534170905849
0.08031494810721282,2.88520444462128,92.62367097134924
0.036587913716402964,4.7632031655550495,98.28976712298892
0.013969988474212517,4.7669032969431315,86.08456888378564
0.1280478171274327,0.40987979753754544,50.068392688018776
0.014033805337857141,2.652989655020731,79.36009679164255
0.0809538268635596,6.6937926852460565,60.129157265988226
0.08565154467579772,0.4890005720705304,64.46874482959636
0.01258310235360576,5.710045913868825,58.91802396681235
0.1922725280079158,4.218814681122931,87.87859823510333
0.0526063025193661,3.2760442762138977,82.64013667713704
0.0719574035370046,5.225375197500356,86.02891978584128
0.02307812781401763,0.07261523885742494,57.34855570557231
0.023981936412234377,1.3596306042852069,94.03331464283225
0.042405624867037535,5.264802224521145,72.69036631193289
0.049980631508263,2.2511813411718755,79.39047383951667
0.029094135797429525,5.581053269004045,81.57370689958309
0.02450258777156839,1.301424275069984,71.41365187488124
0.05438095329725002,1.498801770513202,80.41691914642772
0.02464672534382472,1.8311898136595341,92.20970325413823
0.013263185628915092,0.04196942703891704,59.7508480866634
0.046999487068564216,6.9294384287677975,78.70973461636207
0.2286158368988489,1.2094916062898395,56.174169783100716
0.17228792055721126,0.8057454582031709,91.18872379681393
0.07739063088814607,0.008243236337435178,52.92710511125236
0.08701666564852302,6.7342852716518244,91.94036327736723
0.07934241467652613,6.735951133589317,81.55944451419595
0.05435465313893553,4.0283293569076495,68.66186372077037
0.10348809633754683,3.5056069472915046,69.23396381110017
0.018725434811676347,4.992687324102472,99.55224047437358
0.20490616784662746,5.3388987730571085,68.21323946888745
0.024715237964498496,0.36759402624168125,65.58440536613735
0.02827082225011763,4.814717217314489,56.84534170905849
0.11777985018620815,3.594559853840147,92.90227264424792
0.036587913716402964,4.7632031655550495,98.28976712298892
0.023089623411945308,4.600119079132598,82.15018656233863
0.1280478171274327,0.40987979753754544,50.068392688018776
0.014033805337857141,2.652989655020731,79.36009679164255
0.0809538268635596,6.6937926852460565,60.129157265988226
0.09170277461421629,0.4035714171826351,61.56776953548182
0.01258310235360576,5.710045913868825,58.91802396681235
0.16516740282718267,4.035850548224209,86.8619662198365
0.06078938889452472,4.792774006762287,80.13468818600111
0.0719574035370046,5.225375197500356,86.02891978584128
0.02307812781401763,0.07261523885742494,57.34855570557231
0.028258229818340874,2.514215810158157,95.47722011998083
0.03886933678176697,3.9833895662504757,68.05674443082071
0.03714052913095649,0.40947325047786887,87.37535476280583
0.0299813029012933,5.891463757182338,82.79666081232999
0.020020944374274943,0.8920383245614087,71.82677348170657
0.05438095329725002,1.498801770513202,80.41691914642772
0.01929778381312767,2.4398658341293666,94.27942100060902
0.013263185628915092,0.04196942703891704,59.7508480866634
0.05299299681514127,7.606187268848214,85.70673377584531
0.2286158368988489,1.2094916062898395,56.174169783100716
0.20433218115312002,0.8997039856838487,92.09289656540787
0.07739063088814607,0.008243236337435178,52.92710511125236
0.09271139847345064,7.059653603399882,94.76525162371533
0.1026629098259706,7.613231909394296,92.84448747463551
0.04271638261094736,4.9179757111831295,75.41122689020983
0.16127563975937104,5.7240087392913646,75.30774052526927
0.018725434811676347,4.992687324102472,99.55224047437358
0.20490616784662746,5.3388987730571085,68.21323946888745
0.024715237964498496,0.36759402624168125,65.58440536613735
0.02827082225011763,4.814717217314489,56.84534170905849
0.08442097443492674,2.2769531717869436,90.61589715792361
0.036587913716402964,4.7632031655550495,98.28976712298892
0.023093712980860565,6.21078249006443,90.97338821201487
0.1280478171274327,0.40987979753754544,50.068392688018776
0.011672260359217389,2.882280702383593,78.54092431250659
0.08492729554380885,4.368542085813128,60.660956371208165
0.09170277461421629,0.4035714171826351,61.56776953548182
0.01258310235360576,5.710045913868825,58.91802396681235
0.21510185787493238,5.123571500420962,84.54049517260137
0.06078938889452472,4.792774006762287,80.13468818600111
0.07606444033914088,5.384464262825463,88.19652314918025
0.02307812781401763,0.07261523885742494,57.34855570557231
0.028258229818340874,2.514215810158157,95.47722011998083
0.03886933678176697,3.9833895662504757,68.05674443082071
0.03714052913095649,0.40947325047786887,87.37535476280583
0.0299813029012933,5.891463757182338,82.79666081232999
0.013439939119436278,0.7198915936831658,70.01239959083073
0.05438095329725002,1.498801770513202,80.41691914642772
0.02094155615571496,1.4105359489217633,78.22111124215665
0.013263185628915092,0.04196942703891704,59.7508480866634
0.05299299681514127,7.606187268848214,85.70673377584531
0.2286158368988489,1.2094916062898395,56.174169783100716
0.20433218115312002,0.8997039856838487,92.09289656540787
0.07739063088814607,0.008243236337435178,52.92710511125236
0.09271139847345064,7.059653603399882,94.76525162371533
0.1026629098259706,7.613231909394296,92.84448747463551
0.04552520005614312,5.600338746219903,80.7809052225107
0.16450199388156345,5.736864921680147,74.81973217388318
0.022667640789633306,5.019623009080819,98.7715053306166
0.19288562843777188,4.568007044470578,65.37541060896362
0.024715237964498496,0.36759402624168125,65.58440536613735
0.02864653944660813,4.934203280615433,56.772602160645064
0.07971065811909159,2.453409071176961,88.2831435921576
0.01755267234029867,3.942151508164791,99.85847266320441
0.023093712980860565,6.21078249006443,90.97338821201487
0.1280478171274327,0.40987979753754544,50.068392688018776
0.01041493395345397,2.833422883567837,78.35238838493598
0.055483553915908215,2.3234351785264953,59.08406418418379
0.06680400016226554,1.1478441536888524,66.70896206313927
0.010614630361847718,5.6162658319643635,52.91455861736252
0.23883634318288183,5.1628074732890274,88.05880898370651
0.06078938889452472,4.792774006762287,80.13468818600111
0.07499043614018118,5.276386836828857,87.77273149267715
0.02307812781401763,0.07261523885742494,57.34855570557231
0.028258229818340874,2.514215810158157,95.47722011998083
0.03886933678176697,3.9833895662504757,68.05674443082071
0.03714052913095649,0.40947325047786887,87.37535476280583
0.030824124337333763,6.422019343624818,95.58390164941872
0.013439939119436278,0.7198915936831658,70.01239959083073
0.05438095329725002,1.498801770513202,80.41691914642772
0.020044178435226143,0.9554727039880433,76.6444986662906
0.013263185628915092,0.04196942703891704,59.7508480866634
0.05299299681514127,7.606187268848214,85.70673377584531
0.2250430474783458,1.2013622676261173,56.403940317653024
0.20433218115312002,0.8997039856838487,92.09289656540787
0.07739063088814607,0.008243236337435178,52.92710511125236
0.0853486151659904,7.195317702154004,96.81084738495694
0.1026629098259706,7.613231909394296,92.84448747463551
0.04966371334493225,6.605732846540777,88.69259246041213
0.1353460107763255,5.957459469243396,78.3418754717911
0.022667640789633306,5.019623009080819,98.7715053306166
0.15908638244018425,3.716350333684741,64.31704635699575
0.013384988476030958,0.1575515316241023,65.28167591353218
0.03168994197997281,5.90207004622689,56.18339376671199
0.07971065811909159,2.453409071176961,88.2831435921576
0.018613765347442437,4.165671454835707,99.6329828196155
0.023093712980860565,6.21078249006443,90.97338821201487
0.1280478171274327,0.40987979753754544,50.068392688018776
0.01046111312245759,3.4769465996836915,72.46996992097499
0.05434427501582187,2.317323159846223,57.71097828863218
0.05732491571634408,1.0718267296797164,67.29575329819316
0.010614630361847718,5.6162658319643635,52.91455861736252
0.3275590157457192,5.564530917521676,83.39583734146166
0.11035528082640034,6.088668969578714,87.6832996054174
0.0884742815839568,6.419805258307617,93.89389745682824
0.03886715725845692,0.4956119228314644,58.157519134895345
0.02339836648376789,2.6864883955916854,99.10433150684702
0.03886933678176697,3.9833895662504757,68.05674443082071
0.03714052913095649,0.40947325047786887,87.37535476280583
0.030824124337333763,6.422019343624818,95.58390164941872
0.013439939119436278,0.7198915936831658,70.01239959083073
0.05438095329725002,1.498801770513202,80.41691914642772
0.019017104116729674,0.9024585398824616,76.57099690176314
0.013263185628915092,0.04196942703891704,59.7508480866634
0.13681664837925436,6.9828796531649875,85.00122849055542
0.2250430474783458,1.2013622676261173,56.403940317653024
0.20433218115312002,0.8997039856838487,92.09289656540787
0.07739063088814607,0.008243236337435178,52.92710511125236
0.06582721621154236,6.700513914073225,84.5753774229101
0.06350782509369476,6.343744632490093,95.74557011560061
0.04966371334493225,6.605732846540777,88.69259246041213
0.1353460107763255,5.957459469243396,78.3418754717911
0.022667640789633306,5.019623009080819,98.7715053306166
0.15908638244018425,3.716350333684741,64.31704635699575
0.03274444956371052,0.2001541719280858,62.71309315585769
0.031345451627792335,7.7647925509606495,54.05024794880675
0.06829677930648242,2.977028426541274,82.01198348970038
0.018613765347442437,4.165671454835707,99.6329828196155
0.023093712980860565,6.21078249006443,90.97338821201487
0.1280478171274327,0.40987979753754544,50.068392688018776
0.01046111312245759,3.4769465996836915,72.46996992097499
0.05382934798023393,2.532491591421569,56.055139736341744
0.05732491571634408,1.0718267296797164,67.29575329819316
0.01513821766675491,5.4157131396765195,52.80492282853446
0.38177977744486835,5.161348604837817,82.93948602250325
0.12790097881156873,6.064115583669576,87.02176094113413
0.0884742815839568,6.419805258307617,93.89389745682824
0.03886715725845692,0.4956119228314644,58.157519134895345
0.02339836648376789,2.6864883955916854,99.10433150684702
0.03082821824024127,5.27138330774153,61.64931229871779
0.03714052913095649,0.40947325047786887,87.37535476280583
0.030824124337333763,6.422019343624818,95.58390164941872
0.013439939119436278,0.7198915936831658,70.01239959083073
0.09518642099459544,2.275133151111867,90.78699168025335
0.019017104116729674,0.9024585398824616,76.57099690176314
0.013263185628915092,0.04196942703891704,59.7508480866634
0.13681664837925436,6.9828796531649875,85.00122849055542
0.18743751158889183,3.665670703168093,68.59322105118137
0.1822278389301986,1.427328704687603,87.5027140843078
0.0772282888871011,0.006956104384822304,52.93626647866443
0.06582721621154236,6.700513914073225,84.5753774229101
0.06350782509369476,6.343744632490093,95.74557011560061
0.04966371334493225,6.605732846540777,88.69259246041213
0.15989701170120274,5.5308094923194275,84.07630396588996
0.022667640789633306,5.019623009080819,98.7715053306166
0.19104168687042422,3.411066216605167,56.246287807546686
0.03274444956371052,0.2001541719280858,62.71309315585769
0.031345451627792335,7.7647925509606495,54.05024794880675
0.09549541016426946,2.5616925663771903,84.02753995319154
0.018613765347442437,4.165671454835707,99.6329828196155
0.023093712980860565,6.21078249006443,90.97338821201487
0.1280478171274327,0.40987979753754544,50.068392688018776
0.01046111312245759,3.4769465996836915,72.46996992097499
0.05382934798023393,2.532491591421569,56.055139736341744
0.06465170523339217,2.329750026978358,73.55202845392739
0.01513821766675491,5.4157131396765195,52.80492282853446
0.38027473655527455,5.146191685892319,82.98069708560158
0.12790097881156873,6.064115583669576,87.02176094113413
0.0884742815839568,6.419805258307617,93.89389745682824
0.05039233806833123,3.230959330200357,75.73858011668753
0.023347341178062586,3.276759578590594,97.74250942591888
0.03082821824024127,5.27138330774153,61.64931229871779
0.03719805873996414,0.36516241258232895,87.60981868416465
0.02897501124462319,6.154584802026758,93.48498448377578
0.015995723047939996,1.6139911798520155,73.87403954630705
0.1007484321088807,2.214474062148504,90.30309614595116
0.019017104116729674,0.9024585398824616,76.57099690176314
0.013263185628915092,0.04196942703891704,59.7508480866634
0.20657579969173628,7.625600301252403,76.48245350894801
0.18743751158889183,3.665670703168093,68.59322105118137
0.1822278389301986,1.427328704687603,87.5027140843078
0.0772282888871011,0.006956104384822304,52.93626647866443
0.06582721621154236,6.700513914073225,84.5753774229101
0.061970165029590116,6.293287257321825,94.14125295794497
0.04966371334493225,6.605732846540777,88.69259246041213
0.12141689468897321,5.001934669152001,81.08764396933627
0.022667640789633306,5.019623009080819,98.7715053306166
0.22913368099453085,4.18372684429431,54.69014244758495
0.03274444956371052,0.2001541719280858,62.71309315585769
0.031345451627792335,7.7647925509606495,54.05024794880675
0.11807171882347879,0.5696323126375207,81.72957429572118
0.03525723874140714,4.9824117114266455,97.52484052667529
0.023093712980860565,6.21078249006443,90.97338821201487
0.1280478171274327,0.40987979753754544,50.068392688018776
0.027362402593352986,4.401051915953409,79.58080994330544
0.05382934798023393,2.532491591421569,56.055139736341744
0.061639772760691144,2.8212487485800244,71.78845436137365
0.020394716176649265,5.367359441858203,55.767989646358906
0.38027473655527455,5.146191685892319,82.98069708560158
0.131925103678781,6.036257561242132,86.93582191162503
0.13881879088164464,6.580757494179565,96.14275530512978
0.05416629045094494,2.8190077876628536,73.63241395902224
0.02444189538461927,3.0466703495228593,96.94177262469843
0.025205331987981416,5.2032064110745,59.85329713063541
0.03719805873996414,0.36516241258232895,87.60981868416465
0.02897501124462319,6.154584802026758,93.48498448377578
0.015995723047939996,1.6139911798520155,73.87403954630705
0.06350317254172856,1.5909792009507124,99.63056781741582
0.019017104116729674,0.9024585398824616,76.57099690176314
0.013263185628915092,0.04196942703891704,59.7508480866634
0.20657579969173628,7.625600301252403,76.48245350894801
0.1783291786143381,3.9048639504240215,67.74460491087662
0.17162379217861853,1.7591313636066293,87.63085187262563
0.09093535154595539,1.4699658971084277,62.55193822080928
0.08257902819857939,7.317979456512697,94.77036588542005
0.06645037808812806,7.365431144947866,95.32250968203013
0.04966371334493225,6.605732846540777,88.69259246041213
0.1039863610050205,5.354730434526975,84.38637805821325
0.022667640789633306,5.019623009080819,98.7715053306166
0.20435613755008425,3.690776942703486,58.93984189653423
0.03274444956371052,0.2001541719280858,62.71309315585769
0.031345451627792335,7.7647925509606495,54.05024794880675
0.116699461801507,0.6177774468866513,81.05706863909789
0.035346151798160946,4.995184638348979,97.5174186236351
0.02028324549881147,6.494606127817444,89.45962945053213
0.1280478171274327,0.40987979753754544,50.068392688018776
0.027273133770595617,4.4274518273236385,79.70538276685849
0.05382934798023393,2.532491591421569,56.055139736341744
0.08633242694256896,1.6831937257779197,66.17501491991347
0.020878447326900224,5.343599395993574,55.896560618690856
0.38027473655527455,5.146191685892319,82.98069708560158
0.14585546584435055,6.1449975261092025,90.47096233199872
0.13881879088164464,6.580757494179565,96.14275530512978
0.06280178470796471,1.675582084050384,66.82701287758105
0.017541725958940164,2.4374654636706,99.00362016803639
0.025205331987981416,5.2032064110745,59.85329713063541
0.03719805873996414,0.36516241258232895,87.60981868416465
0.02897501124462319,6.154584802026758,93.48498448377578
0.015995723047939996,1.6139911798520155,73.87403954630705
0.0657721215530537,1.5494598101344437,97.88830013617311
0.019017104116729674,0.9024585398824616,76.57099690176314
0.013263185628915092,0.04196942703891704,59.7508480866634
0.20657579969173628,7.625600301252403,76.48245350894801
0.19914439894894118,3.8328523880061764,66.09643368606372
0.11855146103140053,1.7183845042646317,77.48485054494236
0.10467533105133878,0.5713534682660519,61.84449996729849
0.05599500160399341,6.3381021504544925,78.59158805358987
0.03754185195417853,7.809746971073043,97.08878294387772
0.04966371334493225,6.605732846540777,88.69259246041213
0.11751277540391769,4.114234008385634,77.82516262171377
0.026630397344583213,5.011984626801957,98.37953183189708
0.1947124211916781,3.7378006844205363,61.037004787402346
0.03274444956371052,0.2001541719280858,62.71309315585769
0.03334521104927298,5.236435563880566,65.51711501721215
0.116699461801507,0.6177774468866513,81.05706863909789
0.035346151798160946,4.995184638348979,97.5174186236351
0.02028324549881147,6.494606127817444,89.45962945053213
0.1280478171274327,0.40987979753754544,50.068392688018776
0.027273133770595617,4.4274518273236385,79.70538276685849
0.05847388058245283,2.817638391576007,55.63200782229212
0.054145809526475824,0.09253668911393653,63.415930782302006
0.02374678544483115,7.340492993378556,54.444818039079415
0.439179316354857,5.508268917978369,87.42484340152285
0.14585546584435055,6.1449975261092025,90.47096233199872
0.14527595201364252,6.888328697694859,99.18845350349925
0.06189046476354936,1.5089156125006908,66.46788671556135
0.017541725958940164,2.4374654636706,99.00362016803639
0.025205331987981416,5.2032064110745,59.85329713063541
0.03602627973347652,0.34933986137235395,86.24592773153461
0.04628926959418406,6.263820645589211,94.33408626612795
0.01499611317769077,1.0815516765725937,57.62583157336514
0.0657721215530537,1.5494598101344437,97.88830013617311
0.019017104116729674,0.9024585398824616,76.57099690176314
0.013263185628915092,0.04196942703891704,59.7508480866634
0.20657579969173628,7.625600301252403,76.48245350894801
0.2077511488554849,3.62104794731098,64.44581985578228
0.11809919852371233,1.7807018409358493,78.79055516015586
0.10467533105133878,0.5713534682660519,61.84449996729849
0.05599500160399341,6.3381021504544925,78.59158805358987
0.08688956720103197,6.53125541359469,85.76940622316272
0.051324717360957714,6.642656895643365,89.43584721258516
0.11751277540391769,4.114234008385634,77.82516262171377
0.026630397344583213,5.011984626801957,98.37953183189708
0.20830753285025572,3.385581024573664,57.91855868196817
0.03274444956371052,0.2001541719280858,62.71309315585769
0.03334521104927298,5.236435563880566,65.51711501721215
0.116699461801507,0.6177774468866513,81.05706863909789
0.05455571721131788,5.2902803905270215,95.15759050213362
0.02028324549881147,6.494606127817444,89.45962945053213
0.1280478171274327,0.40987979753754544,50.068392688018776
0.023830339506863578,6.031458037522045,77.13285047029238
0.052754119695424845,2.188703589787986,63.4325876202654
0.11684843803538819,0.9744875843683332,67.32577733375278
0.02374060254291093,7.437360034253937,52.76593043178988
0.3153334691691815,3.766301182392602,79.70238789933306
0.18911399286681022,6.093372443314998,88.79255080891755
0.1437715966749532,6.870235366065387,99.74567988506315
0.06189046476354936,1.5089156125006908,66.46788671556135
0.01620742398067122,2.059501967500645,99.09524217373908
0.025205331987981416,5.2032064110745,59.85329713063541
0.03602627973347652,0.34933986137235395,86.24592773153461
0.03702051906706699,4.441701757215067,88.29710163264545
0.011887240310291359,1.189793969348874,53.394945423582534
0.0657721215530537,1.5494598101344437,97.88830013617311
0.019017104116729674,0.9024585398824616,76.57099690176314
0.013263185628915092,0.04196942703891704,59.7508480866634
0.2027697148275048,7.7606603851380775,76.3697686417019
0.19332667515502616,3.145267676232063,67.07738582626965
0.11809919852371233,1.7807018409358493,78.79055516015586
0.10467533105133878,0.5713534682660519,61.84449996729849
0.05599500160399341,6.3381021504544925,78.59158805358987
0.06452197208471766,5.893677776924607,75.535178563988
0.051324717360957714,6.642656895643365,89.43584721258516
0.088235238393195,3.2436972827696375,71.31824640064026
0.026630397344583213,5.011984626801957,98.37953183189708
0.21250205293059782,3.3905374902326417,57.45046352762444
0.03274444956371052,0.2001541719280858,62.71309315585769
0.035199258037017414,5.057847790461316,62.11865660047286
0.116699461801507,0.6177774468866513,81.05706863909789
0.05455571721131788,5.2902803905270215,95.15759050213362
0.026131549058855064,6.084129489053364,87.54592321836019
0.10717272439928853,0.9030566885222016,53.7736006664099
0.023830339506863578,6.031458037522045,77.13285047029238
0.052754119695424845,2.188703589787986,63.4325876202654
0.1651653694034022,0.5046390652337005,68.08000169197996
0.02374060254291093,7.437360034253937,52.76593043178988
0.3782482535808607,5.132814904313965,84.57173048091593
0.1643352924482045,5.1636462123228135,88.38035567566986
0.09353924698943326,6.0733824955838385,99.1598499027758
0.06189046476354936,1.5089156125006908,66.46788671556135
0.01620742398067122,2.059501967500645,99.09524217373908
0.02454077102822494,4.915991994125296,59.84759600849697
0.03602627973347652,0.34933986137235395,86.24592773153461
0.03702051906706699,4.441701757215067,88.29710163264545
0.011887240310291359,1.189793969348874,53.394945423582534
0.0657721215530537,1.5494598101344437,97.88830013617311
0.019017104116729674,0.9024585398824616,76.57099690176314
0.013263185628915092,0.04196942703891704,59.7508480866634
0.2027697148275048,7.7606603851380775,76.3697686417019
0.20785526695792378,3.5603490923299685,65.2258623908009
0.10867203912442103,2.3458460962251806,76.19049225045592
0.10467533105133878,0.5713534682660519,61.84449996729849
0.04712092861873723,3.99542236174328,72.5312191481822
0.05150863796807652,7.347930477687816,77.84934087612956
0.051324717360957714,6.642656895643365,89.43584721258516
0.132268808941779,4.42828232392916,81.65547799615351
0.025687322770944127,4.998282044831607,98.4956523724316
0.2062437047958507,3.263026607334945,57.41596879336704
0.03274444956371052,0.2001541719280858,62.71309315585769
0.035199258037017414,5.057847790461316,62.11865660047286
0.08678480871971023,0.10136986468608367,80.65507905626505
0.11416869566305395,6.283889035829935,87.60096266849739
0.026131549058855064,6.084129489053364,87.54592321836019
0.08054291615914436,2.4403077883315984,56.86122796170808
0.02383136302112097,6.015422719691226,77.41077262154036
0.04425680623065397,1.344245503646836,63.12704685122745
0.1651653694034022,0.5046390652337005,68.08000169197996
0.01895762574847562,4.91639063133554,53.019745682691166
0.20026514301081016,3.0368608488694804,80.60772164876411
0.1643352924482045,5.1636462123228135,88.38035567566986
0.09353924698943326,6.0733824955838385,99.1598499027758
0.052305989203197144,0.1266184683417526,56.567495605677486
0.01620742398067122,2.059501967500645,99.09524217373908
0.02454077102822494,4.915991994125296,59.84759600849697
0.03602627973347652,0.34933986137235395,86.24592773153461
0.032742028777665265,5.649518185822359,97.17839936597733
0.02991042930939787,1.6086101301298257,57.70150847628686
0.0657721215530537,1.5494598101344437,97.88830013617311
0.019017104116729674,0.9024585398824616,76.57099690176314
0.021778295497251618,2.4932902477088477,76.11217451721204
0.2027697148275048,7.7606603851380775,76.3697686417019
0.2184736714263854,3.310029617877494,67.28098464669415
0.13091888803614862,1.6347712816131317,70.21084263555795
0.05866630737965174,0.8780075165022465,57.654783895847295
0.04712092861873723,3.99542236174328,72.5312191481822
0.049531792937688765,6.95577604056431,77.7715640637324
0.05232312273926517,7.3911046806719645,93.15219951149527
0.17130157711214336,6.311058731771873,94.38349007267685
0.025687322770944127,4.998282044831607,98.4956523724316
0.2062437047958507,3.263026607334945,57.41596879336704
0.03325150736735513,0.14314290320262457,61.59754474721288
0.035199258037017414,5.057847790461316,62.11865660047286
0.08678480871971023,0.10136986468608367,80.65507905626505
0.11416869566305395,6.283889035829935,87.60096266849739
0.026131549058855064,6.084129489053364,87.54592321836019
0.08054291615914436,2.4403077883315984,56.86122796170808
0.02383136302112097,6.015422719691226,77.41077262154036
0.04734719661748558,0.6374916273386386,60.96590457608153
0.1651653694034022,0.5046390652337005,68.08000169197996
0.01895762574847562,4.91639063133554,53.019745682691166
0.2571923703288278,2.3972706069046192,74.77473383189233
0.11400556332534315,3.5627815684176793,77.79567699902958
0.09353924698943326,6.0733824955838385,99.1598499027758
0.052305989203197144,0.1266184683417526,56.567495605677486
0.020727780312750868,3.04096797433919,98.57120107145387
0.02454077102822494,4.915991994125296,59.84759600849697
0.03602627973347652,0.34933986137235395,86.24592773153461
0.032742028777665265,5.649518185822359,97.17839936597733
0.048867653632470046,2.6604987438389847,64.42857140777525
0.0657721215530537,1.5494598101344437,97.88830013617311
0.019017104116729674,0.9024585398824616,76.57099690176314
0.04755986986816015,1.5446549466096897,77.91388984430128
0.20494755376252588,7.860984050603375,75.12307955409663
0.2184736714263854,3.310029617877494,67.28098464669415
0.14883486588570916,1.2801650322199314,74.33679846643602
0.05866630737965174,0.8780075165022465,57.654783895847295
0.04791427363051759,3.389113420698849,68.8510776739796
0.06066285480109364,7.8695722629745255,68.09715706648561
0.05232312273926517,7.3911046806719645,93.15219951149527
0.1654836710007406,6.051121483931363,93.00177724899075
0.025687322770944127,4.998282044831607,98.4956523724316
0.2045392423749864,3.2561013940884678,57.41636916312986
0.03325150736735513,0.14314290320262457,61.59754474721288
0.03554793337124548,5.0738210377177175,62.14146396362709
0.08678480871971023,0.10136986468608367,80.65507905626505
0.11416869566305395,6.283889035829935,87.60096266849739
0.026131549058855064,6.084129489053364,87.54592321836019
0.07549356595377932,2.731790140984026,57.4466813520221
0.01663104449287442,5.751970183630115,77.3096920826357
0.04734719661748558,0.6374916273386386,60.96590457608153
0.13854679414150028,0.43169363973108416,66.77192257578238
0.01895762574847562,4.91639063133554,53.019745682691166
0.20891778262594699,2.1834598061879564,80.6037821735303
0.07663559531860908,2.516168250418686,77.31386840423156
0.09353924698943326,6.0733824955838385,99.1598499027758
0.052305989203197144,0.1266184683417526,56.567495605677486
0.020727780312750868,3.04096797433919,98.57120107145387
0.024031921226887947,4.546258312935967,61.38818478015297
0.03602627973347652,0.34933986137235395,86.24592773153461
0.032742028777665265,5.649518185822359,97.17839936597733
0.05176004052543594,2.3831205793518486,63.27282998207685
0.0657721215530537,1.5494598101344437,97.88830013617311
0.019017104116729674,0.9024585398824616,76.57099690176314
0.04755986986816015,1.5446549466096897,77.91388984430128
0.20494755376252588,7.860984050603375,75.12307955409663
0.2857051504615946,5.731177441297265,67.70918848889026
0.14883486588570916,1.2801650322199314,74.33679846643602
0.05866630737965174,0.8780075165022465,57.654783895847295
0.04296920120920396,4.544020561391225,74.00047404632879
0.06393739748776264,7.690668810521949,71.19105231729709
0.051504962958402345,7.418313051585777,93.21776120042409
0.1654836710007406,6.051121483931363,93.00177724899075
0.0257405310681859,5.128342095629309,97.18412160668919
0.14933602932918952,4.997204934029083,62.82459669675691
0.03325150736735513,0.14314290320262457,61.59754474721288
0.03725541717689443,4.890620643369331,57.534844126366686
0.08678480871971023,0.10136986468608367,80.65507905626505
0.11416869566305395,6.283889035829935,87.60096266849739
0.026131549058855064,6.084129489053364,87.54592321836019
0.07549356595377932,2.731790140984026,57.4466813520221
0.01663104449287442,5.751970183630115,77.3096920826357
0.04734719661748558,0.6374916273386386,60.96590457608153
0.13854679414150028,0.43169363973108416,66.77192257578238
0.013484020120700796,4.924099471591553,51.669098073227445
0.2759613210447131,2.7659641749067463,90.84382837061398
0.06638018987978914,3.042523846071431,81.31774394234955
0.09641774099847333,6.102755157187586,97.54700080625167
0.052305989203197144,0.1266184683417526,56.567495605677486
0.020727780312750868,3.04096797433919,98.57120107145387
0.03566289560372862,4.2418756930849,62.59492709230339
0.03602627973347652,0.34933986137235395,86.24592773153461
0.03768633800279854,6.017561689881721,97.174358440919
0.05630836175528721,3.542076564059938,65.61376574732688
0.0657721215530537,1.5494598101344437,97.88830013617311
0.013385229434989918,0.9530075837803883,80.19932008262447
0.04984554448915059,2.4024027236420187,76.97563961060156
0.1478580900312872,4.968254375908226,68.18310655333845
0.2391235342330074,4.7290283092990935,66.85519679744752
0.14883486588570916,1.2801650322199314,74.33679846643602
0.05866630737965174,0.8780075165022465,57.654783895847295
0.0416832652601917,4.490841982647748,71.99305694139174
0.06393739748776264,7.690668810521949,71.19105231729709
0.024408354005385574,7.908852676582696,95.64653757263339
0.12336848322154516,4.16946409826914,82.9997088222743
0.0257405310681859,5.128342095629309,97.18412160668919
0.14933602932918952,4.997204934029083,62.82459669675691
0.04001986160873805,0.4455450630564082,63.2049824870966
0.03525834459289208,5.522759947925207,57.66320238454235
0.08678480871971023,0.10136986468608367,80.65507905626505
0.11416869566305395,6.283889035829935,87.60096266849739
0.026131549058855064,6.084129489053364,87.54592321836019
0.05585459996575884,3.448193063651008,54.54218144793663
0.01663104449287442,5.751970183630115,77.3096920826357
0.0450327960189992,0.6689539918734998,59.81044320883336
0.13854679414150028,0.43169363973108416,66.77192257578238
0.013484020120700796,4.924099471591553,51.669098073227445
0.2759613210447131,2.7659641749067463,90.84382837061398
0.07345469080909296,3.36160054700846,90.04944411086704
0.09641774099847333,6.102755157187586,97.54700080625167
0.052305989203197144,0.1266184683417526,56.567495605677486
0.020727780312750868,3.04096797433919,98.57120107145387
0.03566289560372862,4.2418756930849,62.59492709230339
0.03602627973347652,0.34933986137235395,86.24592773153461
0.03768633800279854,6.017561689881721,97.174358440919
0.07626133297991364,2.6569760431917766,52.95926775940337
0.06206851581729761,1.7884880873889188,94.61455912869258
0.013385229434989918,0.9530075837803883,80.19932008262447
0.03674594781620209,1.361585926059644,71.18942906279936
0.14490842324647313,5.018963653145228,67.66132753234464
0.15446260077476526,4.626895766347235,69.05827339386416
0.2010469143652967,0.003176153982267671,81.68336960209957
0.05876872138609095,0.8529187127603359,57.461868554111895
0.0416832652601917,4.490841982647748,71.99305694139174
0.06393739748776264,7.690668810521949,71.19105231729709
0.024408354005385574,7.908852676582696,95.64653757263339
0.10088560650881602,4.6544023569838195,86.7191173292452
0.0257405310681859,5.128342095629309,97.18412160668919
0.09902247793435204,5.883770683157346,51.69137809747736
0.04001986160873805,0.4455450630564082,63.2049824870966
0.05830929849279032,5.729122126389773,66.40823235330697
0.08678480871971023,0.10136986468608367,80.65507905626505
0.11274576731926972,6.216461103498233,87.06024325700261
0.01227574073174565,5.495334320229366,93.5399682097292
0.05585459996575884,3.448193063651008,54.54218144793663
0.02803976844849207,5.802129033493199,80.20343100082924
0.0450327960189992,0.6689539918734998,59.81044320883336
0.13854679414150028,0.43169363973108416,66.77192257578238
0.013484020120700796,4.924099471591553,51.669098073227445
0.24887433364825223,2.446311952444691,86.69260789240676
0.07345469080909296,3.36160054700846,90.04944411086704
0.09641774099847333,6.102755157187586,97.54700080625167
0.052305989203197144,0.1266184683417526,56.567495605677486
0.020727780312750868,3.04096797433919,98.57120107145387
0.03271844082363652,4.120110747871254,57.998470406563634
0.029902679327038273,0.34442082996150714,87.40911957245861
0.03768633800279854,6.017561689881721,97.174358440919
0.07626133297991364,2.6569760431917766,52.95926775940337
0.03312033089630981,2.160355518082133,97.30803142061045
0.06439372717529086,2.0659644979403033,74.13797925534946
0.03674594781620209,1.361585926059644,71.18942906279936
0.12636611049803181,4.958854186735074,69.59248943536832
0.18113741890988475,4.613200834169705,60.265323984449005
0.2003769827146277,0.007769383971910682,81.5235355044301
0.05411670482022415,0.7518400877439266,58.886865139140355
0.032231327179394045,4.826789140936423,66.6213164374567
0.06393739748776264,7.690668810521949,71.19105231729709
0.024408354005385574,7.908852676582696,95.64653757263339
0.10088560650881602,4.6544023569838195,86.7191173292452
0.0257405310681859,5.128342095629309,97.18412160668919
0.09902247793435204,5.883770683157346,51.69137809747736
0.04001986160873805,0.4455450630564082,63.2049824870966
0.061851298544841844,5.844393494719668,64.96338292328372
0.08678480871971023,0.10136986468608367,80.65507905626505
0.11274576731926972,6.216461103498233,87.06024325700261
0.01227574073174565,5.495334320229366,93.5399682097292
0.05957844132875875,4.154323128514731,52.50495821748397
0.024493269305861765,4.628608321031916,80.20243613037475
0.0450327960189992,0.6689539918734998,59.81044320883336
0.13854679414150028,0.43169363973108416,66.77192257578238
0.022484224555603644,4.89632733074969,55.2783842634188
0.4020625719861732,0.4721904692341923,82.25921270038306
0.09943996617350695,4.135498606238382,85.37312371286947
0.09449752780763587,5.774490790772969,93.29932170255114
0.052305989203197144,0.1266184683417526,56.567495605677486
0.03894150555123701,2.2304405623135803,93.63123735232504
0.03271844082363652,4.120110747871254,57.998470406563634
0.029902679327038273,0.34442082996150714,87.40911957245861
0.03768633800279854,6.017561689881721,97.174358440919
0.025270729777135736,1.9147509140002814,50.575398633388694
0.0326048634775559,2.224890346694235,98.93059944544407
0.06439372717529086,2.0659644979403033,74.13797925534946
0.03674594781620209,1.361585926059644,71.18942906279936
0.12636611049803181,4.958854186735074,69.59248943536832
0.20800564514154735,4.574661518014442,59.118465308826515
0.14094816074873365,1.4654440125455945,73.18476021944537
0.05839373773349689,0.8238043951874343,53.84885024953138
0.032231327179394045,4.826789140936423,66.6213164374567
0.06393739748776264,7.690668810521949,71.19105231729709
0.024432454036946764,7.946585042210014,96.15215520087006
0.12274660540956531,6.20504425936517,94.25603377824083
0.0257405310681859,5.128342095629309,97.18412160668919
0.12717796119323949,6.247013160618073,50.371856321158226
0.04001986160873805,0.4455450630564082,63.2049824870966
0.05651462386572401,4.524649961301371,64.53354355398271
0.08678480871971023,0.10136986468608367,80.65507905626505
0.11274576731926972,6.216461103498233,87.06024325700261
0.01227574073174565,5.495334320229366,93.5399682097292
0.05957844132875875,4.154323128514731,52.50495821748397
0.024749967147061083,4.560163074938871,80.01361052338537
0.0450327960189992,0.6689539918734998,59.81044320883336
0.13854679414150028,0.43169363973108416,66.77192257578238
0.022484224555603644,4.89632733074969,55.2783842634188
0.4020625719861732,0.4721904692341923,82.25921270038306
0.09308057159549825,3.9352453159775123,86.2411888266453
0.09449752780763587,5.774490790772969,93.29932170255114
0.052305989203197144,0.1266184683417526,56.567495605677486
0.0472322153335762,3.960360117889747,99.33836917064676
0.03271844082363652,4.120110747871254,57.998470406563634
0.029902679327038273,0.34442082996150714,87.40911957245861
0.03768633800279854,6.017561689881721,97.174358440919
0.025270729777135736,1.9147509140002814,50.575398633388694
0.0326048634775559,2.224890346694235,98.93059944544407
0.05091222858466315,1.722498261439259,72.70021911016833
0.03674594781620209,1.361585926059644,71.18942906279936
0.14914305012531806,5.623002022932206,62.46553259858216
0.18563205457727294,3.749031214838894,63.09345337481639
0.14094816074873365,1.4654440125455945,73.18476021944537
0.05839373773349689,0.8238043951874343,53.84885024953138
0.03349951870823553,4.784302625431035,64.91061721871975
0.06393739748776264,7.690668810521949,71.19105231729709
0.038273427003447304,7.517499676322506,95.58859351166967
0.1228428938279581,6.205256490065145,94.25273022800883
0.017061944214157763,3.4739350312836352,98.28896834140997
0.12717796119323949,6.247013160618073,50.371856321158226
0.04001986160873805,0.4455450630564082,63.2049824870966
0.05651462386572401,4.524649961301371,64.53354355398271
0.08678480871971023,0.10136986468608367,80.65507905626505
0.11274576731926972,6.216461103498233,87.06024325700261
0.01227574073174565,5.495334320229366,93.5399682097292
0.05957844132875875,4.154323128514731,52.50495821748397
0.020566781732119198,3.645375922142333,75.19583146636458
0.04879581201399004,1.5706327782267175,57.920485335656835
0.13854679414150028,0.43169363973108416,66.77192257578238
0.03554313521968994,4.533309165027573,60.117907486459906
0.4020625719861732,0.4721904692341923,82.25921270038306
0.08455805536139177,3.1707677662422573,78.28242751443025
0.09416863767436193,5.77337415475633,93.30028429731625
0.06768193669851422,1.383522286122508,55.2951393179152
0.0472322153335762,3.960360117889747,99.33836917064676
0.041399631158557056,3.4406350630082234,57.32725229373964
0.029902679327038273,0.34442082996150714,87.40911957245861
0.03768633800279854,6.017561689881721,97.174358440919
0.025270729777135736,1.9147509140002814,50.575398633388694
0.0326048634775559,2.224890346694235,98.93059944544407
0.05013760180519248,2.1935584464129083,78.30743380873228
0.03461475847292855,1.5902902076347203,74.1234993101854
0.15381177939940435,5.77223488531336,62.583819973998544
0.2330633549744592,4.4625200615567335,59.7111643310058
0.14395639467852972,2.7604411766906995,81.21823404548738
0.05839373773349689,0.8238043951874343,53.84885024953138
0.03278096800964014,4.721023168050252,65.48206995115348
0.06393739748776264,7.690668810521949,71.19105231729709
0.01492340376892938,7.925426710381304,98.26256851707545
0.11493232723319338,6.187820695463605,94.52413310849664
0.017061944214157763,3.4739350312836352,98.28896834140997
0.08565210030109502,5.233655775371571,60.040982428573855
0.038718850940469965,0.8095677621432906,66.3778974853133
0.07482483356457618,4.3731505624472184,63.80176765976701
0.08678480871971023,0.10136986468608367,80.65507905626505
0.07203572011097037,7.024742976261804,87.73580090680278
0.01227574073174565,5.495334320229366,93.5399682097292
0.05957844132875875,4.154323128514731,52.50495821748397
0.020566781732119198,3.645375922142333,75.19583146636458
0.0512045406929576,2.49246194620112,59.984153072626654
0.13779174716187823,0.10665784789252553,64.75557335235712
0.03554313521968994,4.533309165027573,60.117907486459906
0.4020625719861732,0.4721904692341923,82.25921270038306
0.08826102847144979,3.3113663301235055,77.37556769703637
0.07319853883863134,4.172012596650354,77.0392055433907
0.06768193669851422,1.383522286122508,55.2951393179152
0.0472322153335762,3.960360117889747,99.33836917064676
0.041399631158557056,3.4406350630082234,57.32725229373964
0.029902679327038273,0.34442082996150714,87.40911957245861
0.03768633800279854,6.017561689881721,97.174358440919
0.03802810621308548,2.547649651908503,53.98043990452273
0.038877273569681764,1.7208331388835925,99.18953236172337
0.027833461143393558,0.2800317065484492,79.53404231906435
0.03461475847292855,1.5902902076347203,74.1234993101854
0.19520439646433002,7.881379571170822,66.08664266407959
0.22938612072167097,4.7945933089193105,60.33041346587082
0.14395639467852972,2.7604411766906995,81.21823404548738
0.05839373773349689,0.8238043951874343,53.84885024953138
0.030798930496946503,4.9607753603619535,66.07354467118859
0.06160710046785718,7.0548268821763,70.74629709160311
0.01492340376892938,7.925426710381304,98.26256851707545
0.08157583278702385,3.8339106938865943,82.20531761923476
0.016023081680943282,3.4682604080056274,98.3422897961086
0.08521519335628386,7.213274996244244,52.08973758070965
0.039606750487376635,1.3016568437162608,71.16892213011303
0.07100907807308764,4.183849349391833,62.78331335654039
0.08678480871971023,0.10136986468608367,80.65507905626505
0.07203572011097037,7.024742976261804,87.73580090680278
0.01227574073174565,5.495334320229366,93.5399682097292
0.05961658983801039,4.2615687933537885,52.46168369901133
0.020566781732119198,3.645375922142333,75.19583146636458
0.04355831113585599,1.7296898495590964,69.09646606711887
0.13779174716187823,0.10665784789252553,64.75557335235712
0.03175532744990559,5.240018346878666,61.922820446720515
0.3073029816238033,0.7979769710580238,86.6765450175431
0.12141003836507404,4.04392009201378,92.93311807511856
0.08025099762733898,4.777060272712479,76.65135800870351
0.0692763271118161,0.8145784031709113,55.85526829357273
0.04434238098734395,3.92622408391423,96.72195063773269
0.041399631158557056,3.4406350630082234,57.32725229373964
0.027154878757288864,0.09331725387833778,88.64508266321162
0.03768633800279854,6.017561689881721,97.174358440919
0.03802810621308548,2.547649651908503,53.98043990452273
0.039100104097567964,1.7212547431726541,97.75701793445258
0.027833461143393558,0.2800317065484492,79.53404231906435
0.028399819099475067,0.3320902284454439,74.90109419410932
0.19520439646433002,7.881379571170822,66.08664266407959
0.2213036673390207,5.9203774445471495,50.071827812546616
0.1523647638433725,2.8437729741031723,79.89199792073529
0.06003996649191073,1.2622707769318389,55.01474587436736
0.030798930496946503,4.9607753603619535,66.07354467118859
0.06160710046785718,7.0548268821763,70.74629709160311
0.01492340376892938,7.925426710381304,98.26256851707545
0.05667822328265522,3.702648330022626,75.5001108072641
0.01609805141419828,3.16439637189863,98.34772473570189
0.07853908052491203,7.168467586665038,57.36561043196344
0.039606750487376635,1.3016568437162608,71.16892213011303
0.07100907807308764,4.183849349391833,62.78331335654039
0.052201194152757605,3.8667313474845137,89.12876015700911
0.07203572011097037,7.024742976261804,87.73580090680278
0.01227574073174565,5.495334320229366,93.5399682097292
0.05961658983801039,4.2615687933537885,52.46168369901133
0.020566781732119198,3.645375922142333,75.19583146636458
0.03457704573076724,0.37909667881240816,64.71283663975446
0.13779174716187823,0.10665784789252553,64.75557335235712
0.03175532744990559,5.240018346878666,61.922820446720515
0.24706640957813036,2.331951365243416,82.7709706856427
0.15928336183118424,5.112649606172957,90.71349390257436
0.08025099762733898,4.777060272712479,76.65135800870351
0.07577071676379626,0.7474765460230643,56.69890391648801
0.04434238098734395,3.92622408391423,96.72195063773269
0.041399631158557056,3.4406350630082234,57.32725229373964
0.027154878757288864,0.09331725387833778,88.64508266321162
0.03768633800279854,6.017561689881721,97.174358440919
0.03802810621308548,2.547649651908503,53.98043990452273
0.039100104097567964,1.7212547431726541,97.75701793445258
0.038734356523242044,1.0995098239553025,77.97126075450075
0.028399819099475067,0.3320902284454439,74.90109419410932
0.19520439646433002,7.881379571170822,66.08664266407959
0.1448404539998306,6.26908761369776,67.95616859664437
0.1523647638433725,2.8437729741031723,79.89199792073529
0.06003996649191073,1.2622707769318389,55.01474587436736
0.03519081168182393,4.426416287118428,57.01338688154373
0.06160710046785718,7.0548268821763,70.74629709160311
0.015186174619176328,6.860375420206355,98.2816181206416
0.05667822328265522,3.702648330022626,75.5001108072641
0.01609805141419828,3.16439637189863,98.34772473570189
0.07636799748176393,7.1204865361514305,67.50440043593589
0.039606750487376635,1.3016568437162608,71.16892213011303
0.09675053754017082,5.460893833453867,69.65390562170599
0.038749356248032975,3.3853681280860566,95.00926403220215
0.07203572011097037,7.024742976261804,87.73580090680278
0.01227574073174565,5.495334320229366,93.5399682097292
0.05961658983801039,4.2615687933537885,52.46168369901133
0.023008444427232433,3.0761395265233107,73.36888963260121
0.03457704573076724,0.37909667881240816,64.71283663975446
0.13779174716187823,0.10665784789252553,64.75557335235712
0.03041528421914119,5.257582089207741,64.09783295847978
0.14763501918243832,2.0399693823826217,89.93599441889343
0.20524461752912238,4.993004992765183,89.82980972767757
0.08127914239009439,4.853408808107522,76.12403838436882
0.07577071676379626,0.7474765460230643,56.69890391648801
0.04810260148674512,4.607627357786548,91.06450656169402
0.041399631158557056,3.4406350630082234,57.32725229373964
0.027154878757288864,0.09331725387833778,88.64508266321162
0.03768633800279854,6.017561689881721,97.174358440919
0.03802810621308548,2.547649651908503,53.98043990452273
0.039100104097567964,1.7212547431726541,97.75701793445258
0.0384660649444308,2.358525646716351,82.88723246287809
0.028399819099475067,0.3320902284454439,74.90109419410932
0.12188404153190377,6.925019377174736,77.09031819551207
0.1901133788974904,7.360868181695957,57.26882230689823
0.20506944679136963,2.719763564723004,72.7537672184775
0.06003996649191073,1.2622707769318389,55.01474587436736
0.03519081168182393,4.426416287118428,57.01338688154373
0.06109756517727498,5.171444986562098,65.63136713423174
0.015186174619176328,6.860375420206355,98.2816181206416
0.05885033681591443,3.743065828950384,75.63760070215564
0.01609805141419828,3.16439637189863,98.34772473570189
0.07636799748176393,7.1204865361514305,67.50440043593589
0.039606750487376635,1.3016568437162608,71.16892213011303
0.09675053754017082,5.460893833453867,69.65390562170599
0.038749356248032975,3.3853681280860566,95.00926403220215
0.09238339050385168,5.965686431161512,85.74893401070378
0.01578141844133738,5.215929286064759,93.73453466818934
0.05961658983801039,4.2615687933537885,52.46168369901133
0.023008444427232433,3.0761395265233107,73.36888963260121
0.03457704573076724,0.37909667881240816,64.71283663975446
0.14477163805687188,0.02170634926256465,64.29965364714312
0.036256287820606,5.0583541052223095,61.77030724374535
0.1036508746457618,2.4056623132361934,84.08900766742529
0.2354491402354501,6.220628043589491,95.50620331525835
0.07160342654194259,3.217430494837904,66.50749219343302
0.07577071676379626,0.7474765460230643,56.69890391648801
0.04810260148674512,4.607627357786548,91.06450656169402
0.04231399937168988,3.6041737063202306,57.93445094023837
0.027154878757288864,0.09331725387833778,88.64508266321162
0.03768633800279854,6.017561689881721,97.174358440919
0.03802810621308548,2.547649651908503,53.98043990452273
0.039100104097567964,1.7212547431726541,97.75701793445258
0.04984951845423519,2.202412356195961,74.41751322758327
0.028399819099475067,0.3320902284454439,74.90109419410932
0.1303924033743697,7.36170319088749,80.9169411907523
0.18659478399261095,7.30821143223327,57.371767851054315
0.1444588858333165,2.1126636388961773,65.40044645094089
0.06003996649191073,1.2622707769318389,55.01474587436736
0.03519081168182393,4.426416287118428,57.01338688154373
0.06157470371836961,5.246281747643967,64.93454189158257
0.015186174619176328,6.860375420206355,98.2816181206416
0.07158698098092596,3.2540980912814508,78.66268271044505
0.016175248006079494,2.6642231029089283,99.47244193648658
0.0759249908373522,7.081102219275671,67.87366055734356
0.04074547856193239,1.3114163724317833,71.17982916617768
0.10409568023025872,6.012048161713193,69.09002934263599
0.03596378028664457,2.594452126379094,93.48026795199688
0.09238339050385168,5.965686431161512,85.74893401070378
0.01578141844133738,5.215929286064759,93.73453466818934
0.06575362477594257,4.49473946366486,50.52055448879525
0.021961911858185287,3.0130528059801396,77.36675768294367
0.03457704573076724,0.37909667881240816,64.71283663975446
0.13092115967847467,0.19342374109011162,65.21570901945168
0.036256287820606,5.0583541052223095,61.77030724374535
0.09965387546996049,2.1765924529127396,85.32885446238696
0.2354491402354501,6.220628043589491,95.50620331525835
0.07160342654194259,3.217430494837904,66.50749219343302
0.04279339270730512,1.0943408852317664,53.06630913017383
0.04810260148674512,4.607627357786548,91.06450656169402
0.0495533639438067,6.621835367338502,51.59200563596894
0.027154878757288864,0.09331725387833778,88.64508266321162
0.037057126854789554,4.876535137139655,90.60529075231419
0.041438409520164775,3.286393399320377,58.250174701911725
0.04282958255783921,2.2640788353067807,94.73055003392513
0.04984951845423519,2.202412356195961,74.41751322758327
0.028399819099475067,0.3320902284454439,74.90109419410932
0.1303924033743697,7.36170319088749,80.9169411907523
0.1320853418968795,7.489976998372006,55.434190325710404
0.1444588858333165,2.1126636388961773,65.40044645094089
0.054031709995107785,1.0856355908081725,58.79103300754112
0.04521120288594964,4.103660151947599,62.97375077909243
0.04530355380939515,6.4699531941798085,55.946215956792955
0.015186174619176328,6.860375420206355,98.2816181206416
0.0533402912472322,0.8637656084261467,68.93744802830304
0.016175248006079494,2.6642231029089283,99.47244193648658
0.0759249908373522,7.081102219275671,67.87366055734356
0.04074547856193239,1.3114163724317833,71.17982916617768
0.10459852282734439,6.055297017854506,69.12999608977616
0.0508993760613998,2.865946223597585,93.63195102116657
0.10255693521155422,7.3111894689746935,95.16924238695935
0.01578141844133738,5.215929286064759,93.73453466818934
0.06275060555943998,4.437569053352353,52.34104030915799
0.021961911858185287,3.0130528059801396,77.36675768294367
0.03457704573076724,0.37909667881240816,64.71283663975446
0.13092115967847467,0.19342374109011162,65.21570901945168
0.03676806313886992,5.366225909412296,60.91495951576369
0.10505941986237124,1.9760146919159591,88.9558805228809
0.2354491402354501,6.220628043589491,95.50620331525835
0.08929209971665417,4.042768362794925,60.075646645770625
0.04279339270730512,1.0943408852317664,53.06630913017383
0.03286579357418226,5.4197445216574405,95.82012138428101
0.04061853364055223,7.79497949970776,52.18293650291117
0.027154878757288864,0.09331725387833778,88.64508266321162
0.037057126854789554,4.876535137139655,90.60529075231419
0.041438409520164775,3.286393399320377,58.250174701911725
0.04282958255783921,2.2640788353067807,94.73055003392513
0.04984951845423519,2.202412356195961,74.41751322758327
0.027165123674526323,0.23689797537778112,75.16362556599402
0.1303924033743697,7.36170319088749,80.9169411907523
0.12169107762333545,7.5246374032053245,55.064718687869494
0.15950967545097322,2.1648642081625287,56.40215487940551
0.054031709995107785,1.0856355908081725,58.79103300754112
0.045133180630032015,2.104508281787245,68.91093147982423
0.04530355380939515,6.4699531941798085,55.946215956792955
0.06531455039825607,7.173021818262121,77.94083648838098
0.054339841527450805,0.48045657882348936,67.36828239353424
0.014830758217389411,2.6689071341416635,99.87644509313546
0.0759249908373522,7.081102219275671,67.87366055734356
0.04074547856193239,1.3114163724317833,71.17982916617768
0.10014839997565039,5.604580092041793,69.11327950588326
0.04520356075995099,2.375809157266506,93.46244770300521
0.058500130507847914,7.672735518473624,95.05753213421595
0.03231362884658767,5.615111952868527,94.00787086668817
0.06275060555943998,4.437569053352353,52.34104030915799
0.021961911858185287,3.0130528059801396,77.36675768294367
0.03457704573076724,0.37909667881240816,64.71283663975446
0.13008502650262024,0.25471971464233345,65.12518405563883
0.03174075074733901,4.716142385246128,63.8414961413161
0.10505941986237124,1.9760146919159591,88.9558805228809
0.2354491402354501,6.220628043589491,95.50620331525835
0.09793172807563155,3.9142552044143266,62.59336941810224
0.04279339270730512,1.0943408852317664,53.06630913017383
0.03286579357418226,5.4197445216574405,95.82012138428101
0.04061853364055223,7.79497949970776,52.18293650291117
0.028865384713765367,0.15917772432246596,83.12967866849391
0.037057126854789554,4.876535137139655,90.60529075231419
0.041438409520164775,3.286393399320377,58.250174701911725
0.04282958255783921,2.2640788353067807,94.73055003392513
0.06966168634879083,1.9384888820328396,60.013901302862415
0.027165123674526323,0.23689797537778112,75.16362556599402
0.1303924033743697,7.36170319088749,80.9169411907523
0.12169107762333545,7.5246374032053245,55.064718687869494
0.16924186392483043,1.5924416988515704,55.066469330639045
0.05426303101796135,0.5985240473556708,56.40479098300539
0.05068331775991551,0.6045950838528249,56.73639966274965
0.04530355380939515,6.4699531941798085,55.946215956792955
0.052267412248905826,4.800861244147299,76.99102786250907
0.07552221095494369,0.777134059690903,67.569181746664
0.014830758217389411,2.6689071341416635,99.87644509313546
0.0759249908373522,7.081102219275671,67.87366055734356
0.0386125020792792,1.504646473617009,71.88238865523817
0.10014839997565039,5.604580092041793,69.11327950588326
0.04133370929632188,2.400249315089987,94.66035777844587
0.05943098319394641,7.77939670566337,94.95481258876315
0.029182767199351926,4.828122973556302,88.97479054845047
0.06275060555943998,4.437569053352353,52.34104030915799
0.021961911858185287,3.0130528059801396,77.36675768294367
0.026713990681819247,0.09353254448655524,67.10627131004595
0.13008502650262024,0.25471971464233345,65.12518405563883
0.03174075074733901,4.716142385246128,63.8414961413161
0.09939997474774817,2.305284893284972,84.05809073641784
0.2354491402354501,6.220628043589491,95.50620331525835
0.13719222458371844,3.151983993364826,50.21479308672457
0.04279339270730512,1.0943408852317664,53.06630913017383
0.05902483212859522,4.02997750754551,87.56095264967185
0.040793184881114795,7.701876822267256,52.376222705657284
0.028865384713765367,0.15917772432246596,83.12967866849391
0.038746250654883185,5.849246502116944,92.14674970862231
0.041438409520164775,3.286393399320377,58.250174701911725
0.031329277196013375,1.0101077939799885,99.82170709699048
0.06871347139497731,2.1249331774408406,62.469563990325014
0.049723460276742265,0.48891537592815876,71.62085594073494
0.18471690764620824,7.155454027090955,98.22133747163733
0.12169107762333545,7.5246374032053245,55.064718687869494
0.16924186392483043,1.5924416988515704,55.066469330639045
0.05426303101796135,0.5985240473556708,56.40479098300539
0.05224332464577339,1.1001054160062416,56.16818657532391
0.04530355380939515,6.4699531941798085,55.946215956792955
0.052267412248905826,4.800861244147299,76.99102786250907
0.07552221095494369,0.777134059690903,67.569181746664
0.014821085391003075,2.67063686858555,99.88798715762859
0.0759249908373522,7.081102219275671,67.87366055734356
0.0386125020792792,1.504646473617009,71.88238865523817
0.08299023603268489,3.8638657867706967,69.96653600605184
0.04133370929632188,2.400249315089987,94.66035777844587
0.059691525083862565,7.887727210697725,95.60816249742363
0.029182767199351926,4.828122973556302,88.97479054845047
0.047217721665540544,3.624018150692195,51.62325542316341
0.021961911858185287,3.0130528059801396,77.36675768294367
0.026713990681819247,0.09353254448655524,67.10627131004595
0.12303455836998613,0.3086491275477705,67.6022725465252
0.03174075074733901,4.716142385246128,63.8414961413161
0.09939997474774817,2.305284893284972,84.05809073641784
0.2354491402354501,6.220628043589491,95.50620331525835
0.13719222458371844,3.151983993364826,50.21479308672457
0.04279339270730512,1.0943408852317664,53.06630913017383
0.05637035456126892,3.7405384105344113,88.7360833779829
0.040793184881114795,7.701876822267256,52.376222705657284
0.028865384713765367,0.15917772432246596,83.12967866849391
0.038746250654883185,5.849246502116944,92.14674970862231
0.041438409520164775,3.286393399320377,58.250174701911725
0.031329277196013375,1.0101077939799885,99.82170709699048
0.0723629508575186,2.3230465125250346,62.83510982742914
0.05048924012765918,0.5548884530548375,71.25182640505696
0.18471690764620824,7.155454027090955,98.22133747163733
0.12169107762333545,7.5246374032053245,55.064718687869494
0.10290002389238084,2.9013650432372136,54.89021012999184
0.05098509600412501,0.5384374051805947,57.67811145572859
0.04344361140161578,0.7531495321893016,59.93843805316323
0.04530355380939515,6.4699531941798085,55.946215956792955
0.04981658648930677,4.349381883321186,76.04298198448288
0.06352286903761972,1.2780564590899508,69.76417441106233
0.014821085391003075,2.67063686858555,99.88798715762859
0.0759249908373522,7.081102219275671,67.87366055734356
0.0386125020792792,1.504646473617009,71.88238865523817
0.08299023603268489,3.8638657867706967,69.96653600605184
0.04959623342297746,3.9518888731155783,99.39362031981426
0.059691525083862565,7.887727210697725,95.60816249742363
0.027892263319382743,4.765920574273629,89.55737066565138
0.05273594464234116,0.12142579692415545,50.976509751302764
0.027219131384600956,3.2652681131826538,77.11691166812909
0.026713990681819247,0.09353254448655524,67.10627131004595
0.11580133337017479,0.4264737335062798,67.86503643021156
0.02947704325846385,4.349999167932901,54.69513752016765
0.09632633685642529,2.31856196139847,84.63335685572956
0.21373864453499775,5.66642927139841,95.96520678950857
0.09963892366525862,2.5244415330929053,58.468921987597014
0.034979113544437994,0.6079673403254777,59.889459875190546
0.05908556409938753,4.138158485123512,92.39761134710218
0.040793184881114795,7.701876822267256,52.376222705657284
0.0295036461584346,0.1786529049241984,87.88339787439656
0.038620443414632624,5.674208841581721,91.06948586264913
0.044709600237125204,2.929109822983488,50.689957405221556
0.03283204348621421,0.8445323927872981,83.3801932075284
0.07388243878991005,4.352728455733209,64.98444477992587
0.05869983432882474,0.5267900876617339,77.26672127010349
0.17701317744039033,7.550711038468187,98.82022037622674
0.12169107762333545,7.5246374032053245,55.064718687869494
0.10290002389238084,2.9013650432372136,54.89021012999184
0.04735518412743883,3.089740443851996,55.78981114477881
0.04344361140161578,0.7531495321893016,59.93843805316323
0.04530355380939515,6.4699531941798085,55.946215956792955
0.011978736810422455,6.018797627723945,70.35958853674688
0.057166733865990374,3.074415364276712,64.90180278124414
0.014821085391003075,2.67063686858555,99.88798715762859
0.075049911252977,7.007762163890212,68.0334539935102
0.03462704334085103,0.9244756265457661,78.8834173870936
0.10089737459470464,3.5706931113548466,63.59940898632446
0.04959623342297746,3.9518888731155783,99.39362031981426
0.05951159825079025,6.774374959539118,94.65485970121397
0.027892263319382743,4.765920574273629,89.55737066565138
0.05273594464234116,0.12142579692415545,50.976509751302764
0.03409308718928633,3.575187802795711,75.51235279136336
0.03255311066150364,1.0781128490524132,75.34539834084498
0.11580133337017479,0.4264737335062798,67.86503643021156
0.02947704325846385,4.349999167932901,54.69513752016765
0.10079933384968695,2.1000098429268315,83.70079062727328
0.21687316304912088,5.505605827832946,95.7215313878428
0.09963892366525862,2.5244415330929053,58.468921987597014
0.03560825018519227,0.6572959953378541,56.67292859617599
0.05908556409938753,4.138158485123512,92.39761134710218
0.040793184881114795,7.701876822267256,52.376222705657284
0.0295036461584346,0.1786529049241984,87.88339787439656
0.04132190125661684,5.250296323058555,93.11829494973469
0.037585294023019356,2.867499519337556,62.416931157224944
0.03283204348621421,0.8445323927872981,83.3801932075284
0.0984655080077801,6.300500310887621,58.82165312360206
0.05869983432882474,0.5267900876617339,77.26672127010349
0.17701317744039033,7.550711038468187,98.82022037622674
0.12169107762333545,7.5246374032053245,55.064718687869494
0.09108342588264205,2.89523816675603,56.251928028667294
0.04735518412743883,3.089740443851996,55.78981114477881
0.04488869393374423,0.3170158869254349,57.531557793406755
0.04530355380939515,6.4699531941798085,55.946215956792955
0.011978736810422455,6.018797627723945,70.35958853674688
0.03131122575348223,3.409219218776465,68.81790417213138
0.014821085391003075,2.67063686858555,99.88798715762859
0.06973995704703835,6.232581663869815,69.96369080431083
0.03462704334085103,0.9244756265457661,78.8834173870936
0.12539322008461734,4.771974077831851,65.16029156977491
0.04959623342297746,3.9518888731155783,99.39362031981426
0.05951159825079025,6.774374959539118,94.65485970121397
0.021604958252829872,5.941324298287038,99.32120715773331
0.05273594464234116,0.12142579692415545,50.976509751302764
0.03409308718928633,3.575187802795711,75.51235279136336
0.03255311066150364,1.0781128490524132,75.34539834084498
0.10721662720664171,1.2305441521325111,67.27511073817121
0.02947704325846385,4.349999167932901,54.69513752016765
0.10079933384968695,2.1000098429268315,83.70079062727328
0.2933440478283589,4.889039144561214,96.23988749182541
0.1468096263212641,1.9136264990208338,51.324399687880664
0.03560825018519227,0.6572959953378541,56.67292859617599
0.05120935926491375,4.45157185938196,98.98718395024574
0.040793184881114795,7.701876822267256,52.376222705657284
0.0295036461584346,0.1786529049241984,87.88339787439656
0.04132190125661684,5.250296323058555,93.11829494973469
0.037585294023019356,2.867499519337556,62.416931157224944
0.032082749521383805,0.5256354511602224,86.68480457102038
0.08587422989199463,5.75839155594886,60.695927895695085
0.05869983432882474,0.5267900876617339,77.26672127010349
0.15427165762929793,6.318628708160334,87.55441724986933
0.12169107762333545,7.5246374032053245,55.064718687869494
0.09108342588264205,2.89523816675603,56.251928028667294
0.04556547419904,4.077039949099512,57.390776894587205
0.04488869393374423,0.3170158869254349,57.531557793406755
0.04530355380939515,6.4699531941798085,55.946215956792955
0.011978736810422455,6.018797627723945,70.35958853674688
0.03131122575348223,3.409219218776465,68.81790417213138
0.014821085391003075,2.67063686858555,99.88798715762859
0.06812836606694717,6.484575972706935,70.99903109414765
0.03376161197404868,0.7772516036700154,80.45363345790749
0.09745864823539455,5.739415504171557,60.939046397109536
0.04959623342297746,3.9518888731155783,99.39362031981426
0.05951159825079025,6.774374959539118,94.65485970121397
0.025300610725858284,4.97722760525523,87.70710244583472
0.05273594464234116,0.12142579692415545,50.976509751302764
0.03428452735798283,5.19110764639141,72.65856595936214
0.033702172196218495,1.2718652226550557,76.96674950055043
0.11294983085258235,0.6389672169449812,71.1923835739093
0.02947704325846385,4.349999167932901,54.69513752016765
0.1082485789456555,1.935273214299252,84.61521294072367
0.20888688485084195,4.216347884450438,97.34610920272748
0.15498893978953912,1.4670550693109972,51.243250103357035
0.03560825018519227,0.6572959953378541,56.67292859617599
0.04899250262583012,4.015168378603047,97.85312759556818
0.040793184881114795,7.701876822267256,52.376222705657284
0.03048619113087339,0.2556912124077203,82.86002706404469
0.04132190125661684,5.250296323058555,93.11829494973469
0.037585294023019356,2.867499519337556,62.416931157224944
0.032082749521383805,0.5256354511602224,86.68480457102038
0.08016768440823932,5.43830586570331,60.322080268935835
0.05984037272150215,0.11693190101157214,74.84797351327073
0.16028472114810494,6.307045084823064,88.71003351118527
0.1530369636297184,7.957430735652799,54.70299321848636
0.07999154479847242,2.447776971247642,56.336104206073955
0.04556547419904,4.077039949099512,57.390776894587205
0.03751154968083036,1.5951356438999262,60.40710797780281
0.04530355380939515,6.4699531941798085,55.946215956792955
0.011978736810422455,6.018797627723945,70.35958853674688
0.0356323979106901,2.2819412030026047,55.238016377425566
0.014821085391003075,2.67063686858555,99.88798715762859
0.06812836606694717,6.484575972706935,70.99903109414765
0.034365977122052305,0.8678296215477187,78.21050588897846
0.07974255650833222,4.851335423730027,66.13698916267414
0.04959623342297746,3.9518888731155783,99.39362031981426
0.058387552662045,6.486721715029297,92.86877425437696
0.025300610725858284,4.97722760525523,87.70710244583472
0.05309232056140904,0.09746481021604092,50.51677251218768
0.012059571159568364,3.99644574970935,54.02310470704221
0.013909091533738545,1.8618136813669186,76.72923267198726
0.10867926880909187,0.7834049866682249,71.5426245654217
0.04693103510427639,3.574029857706381,58.14467845919169
0.09621032041988946,1.7613464492146167,83.57164493732839
0.20888688485084195,4.216347884450438,97.34610920272748
0.15498893978953912,1.4670550693109972,51.243250103357035
0.03560825018519227,0.6572959953378541,56.67292859617599
0.04899250262583012,4.015168378603047,97.85312759556818
0.040793184881114795,7.701876822267256,52.376222705657284
0.03048619113087339,0.2556912124077203,82.86002706404469
0.04294404740058066,3.0066834862702647,76.93375783756277
0.03857565883091975,3.2318614776670986,59.56500422247858
0.032082749521383805,0.5256354511602224,86.68480457102038
0.0850282626729904,5.9348942274220065,57.65725218829378
0.06516007808263959,0.21060520346320627,94.43951306284697
0.19930420513901909,7.5670093791052135,99.18766283067093
0.1530369636297184,7.957430735652799,54.70299321848636
0.10721614312081543,2.99421812750923,53.72707748309223
0.04556547419904,4.077039949099512,57.390776894587205
0.03751154968083036,1.5951356438999262,60.40710797780281
0.04530355380939515,6.4699531941798085,55.946215956792955
0.011978736810422455,6.018797627723945,70.35958853674688
0.0356323979106901,2.2819412030026047,55.238016377425566
0.014821085391003075,2.67063686858555,99.88798715762859
0.06507512257961964,6.913840477469046,70.95810171616377
0.09893730694789832,2.1067544013670494,85.29052494840722
0.0638041952045937,7.091954343753773,63.159561415189195
0.04959623342297746,3.9518888731155783,99.39362031981426
0.058387552662045,6.486721715029297,92.86877425437696
0.022052202999307192,4.262238430500544,91.48289178262971
0.05321120168244266,0.00020055940722052412,50.433902098445174
0.012059571159568364,3.99644574970935,54.02310470704221
0.02150742210701522,2.317145348464921,81.0049033052797
0.10867926880909187,0.7834049866682249,71.5426245654217
0.04693103510427639,3.574029857706381,58.14467845919169
0.1137558532628643,2.5546423236610214,87.78010475562259
0.16498275822173813,3.4494505835028004,92.9312819526744
0.13470206413541885,1.5238202202179574,54.90806095823844
0.03560825018519227,0.6572959953378541,56.67292859617599
0.04851526407776472,3.9355963477556273,96.20253595225451
0.040793184881114795,7.701876822267256,52.376222705657284
0.03155655718593306,0.6494861744660176,79.77772268679757
0.045425996306903624,3.2526981946899247,84.29840542677036
0.03941211661174569,3.254034397567231,59.42782954715928
0.03254934739984627,0.4158115695732295,92.80961775512759
0.0850282626729904,5.9348942274220065,57.65725218829378
0.06516007808263959,0.21060520346320627,94.43951306284697
0.19930420513901909,7.5670093791052135,99.18766283067093
0.15165487171067948,7.944025705768891,54.83397374025816
0.10721614312081543,2.99421812750923,53.72707748309223
0.04556547419904,4.077039949099512,57.390776894587205
0.03751154968083036,1.5951356438999262,60.40710797780281
0.028470478081848175,7.414951816218772,56.54956539497946
0.011978736810422455,6.018797627723945,70.35958853674688
0.0356323979106901,2.2819412030026047,55.238016377425566
0.02332858327537919,2.2673915106772515,85.08513906226096
0.06507512257961964,6.913840477469046,70.95810171616377
0.0892368322508596,3.040216659313545,79.79926728164334
0.07150374623349229,7.118948515104711,65.20679525271498
0.04959623342297746,3.9518888731155783,99.39362031981426
0.058387552662045,6.486721715029297,92.86877425437696
0.02587915266957022,4.20525832984414,89.78628637806557
0.05321120168244266,0.00020055940722052412,50.433902098445174
0.012059571159568364,3.99644574970935,54.02310470704221
0.016081846684730353,2.5619145862550674,87.98778266353091
0.13739862459783303,1.161409276154694,56.432419705546145
0.04627363761058979,3.4359203922796224,58.30257620289173
0.13864585745537775,3.1315249346322407,90.20323162834829
0.11356611751438264,2.7014962328758862,79.81236838222034
0.14438738714033508,0.8866443300503581,55.169182925268274
0.04116037944501036,0.8384896210127479,56.44452156603584
0.04851526407776472,3.9355963477556273,96.20253595225451
0.0707157904627614,5.581142996653641,52.9847637248242
0.03155655718593306,0.6494861744660176,79.77772268679757
0.03898519470853924,3.101076824617261,85.10819365063972
0.03941211661174569,3.254034397567231,59.42782954715928
0.03254934739984627,0.4158115695732295,92.80961775512759
0.09082128036820575,5.650675657179453,53.79560152500058
0.06516007808263959,0.21060520346320627,94.43951306284697
0.2048284256180029,7.869955169506336,99.383197489998
0.15165487171067948,7.944025705768891,54.83397374025816
0.10721614312081543,2.99421812750923,53.72707748309223
0.04556547419904,4.077039949099512,57.390776894587205
0.0364799648947132,0.6947228838148396,60.93863818281276
0.028470478081848175,7.414951816218772,56.54956539497946
0.011978736810422455,6.018797627723945,70.35958853674688
0.0356323979106901,2.2819412030026047,55.238016377425566
0.02332858327537919,2.2673915106772515,85.08513906226096
0.06507512257961964,6.913840477469046,70.95810171616377
0.10331179269652127,2.7165144265499244,72.84201254469917
0.07150374623349229,7.118948515104711,65.20679525271498
0.04959623342297746,3.9518888731155783,99.39362031981426
0.058387552662045,6.486721715029297,92.86877425437696
0.02587915266957022,4.20525832984414,89.78628637806557
0.05321120168244266,0.00020055940722052412,50.433902098445174
0.012059571159568364,3.99644574970935,54.02310470704221
0.011983140038276094,0.956315443595142,98.3889340046922
0.13739862459783303,1.161409276154694,56.432419705546145
0.043333840923809645,2.613086753972415,59.093850988106496
0.16160772524039274,3.238239111380978,90.6182869606169
0.11356611751438264,2.7014962328758862,79.81236838222034
0.14335124971719382,0.8822822414058926,55.51790741329601
0.04116037944501036,0.8384896210127479,56.44452156603584
0.04695271876548776,3.81860698399231,89.890197794695
0.06403233166345661,6.013502653820015,52.7516797511232
0.030050888432727622,0.9455529263613953,80.74894732650334
0.06055255885976391,3.067299477432685,75.18882457243402
0.03941211661174569,3.254034397567231,59.42782954715928
0.041713143972823996,0.45439071175881923,89.72543201206881
0.09082128036820575,5.650675657179453,53.79560152500058
0.06516007808263959,0.21060520346320627,94.43951306284697
0.2048284256180029,7.869955169506336,99.383197489998
0.15165487171067948,7.944025705768891,54.83397374025816
0.10173182895724545,3.0755757052543804,55.7037201633835
0.037823843308101755,4.524608614481398,60.38004470187736
0.0356480186567603,0.6356891012326293,67.68438273559292
0.028470478081848175,7.414951816218772,56.54956539497946
0.061566933596330364,6.494793026167204,77.8225429294142
0.034617357791888216,1.667550865201283,67.60780486835816
0.02332858327537919,2.2673915106772515,85.08513906226096
0.058829621289525916,7.599423327278238,70.65038748597408
0.11004988145319726,2.5847521928552046,70.80379265671282
0.07150374623349229,7.118948515104711,65.20679525271498
0.04959623342297746,3.9518888731155783,99.39362031981426
0.058387552662045,6.486721715029297,92.86877425437696
0.023866318644437445,4.235383425970071,90.9151437186575
0.05321120168244266,0.00020055940722052412,50.433902098445174
0.013145565811732818,3.87859598299857,54.11346803075935
0.011983140038276094,0.956315443595142,98.3889340046922
0.13226499088596733,1.6562045380218287,56.1417964652649
0.04541480569170545,1.8911609162112697,58.60809328189334
0.16771597591096388,3.2105102649829576,91.79735811853035
0.11356611751438264,2.7014962328758862,79.81236838222034
0.14335124971719382,0.8822822414058926,55.51790741329601
0.04116037944501036,0.8384896210127479,56.44452156603584
0.04695271876548776,3.81860698399231,89.890197794695
0.06403233166345661,6.013502653820015,52.7516797511232
0.030050888432727622,0.9455529263613953,80.74894732650334
0.05952945539234662,3.701630811860662,70.9141932161661
0.03941211661174569,3.254034397567231,59.42782954715928
0.041713143972823996,0.45439071175881923,89.72543201206881
0.08040047347402368,5.12829987020569,58.62667573789801
0.06516007808263959,0.21060520346320627,94.43951306284697
0.2048284256180029,7.869955169506336,99.383197489998
0.15165487171067948,7.944025705768891,54.83397374025816
0.10173182895724545,3.0755757052543804,55.7037201633835
0.037823843308101755,4.524608614481398,60.38004470187736
0.0356480186567603,0.6356891012326293,67.68438273559292
0.028470478081848175,7.414951816218772,56.54956539497946
0.06115353952773356,6.4220039775866855,77.86092839985608
0.034617357791888216,1.667550865201283,67.60780486835816
0.02332858327537919,2.2673915106772515,85.08513906226096
0.021701102516407805,7.461588246618594,76.97668353168227
0.1195767625962831,2.457551500865165,72.44465599596063
0.07344798858377952,6.858882512018995,64.5955662437339
0.051329662801419616,4.6366584802315245,93.99751166005677
0.05678073600441601,6.160955601635518,91.16118428218573
0.023866318644437445,4.235383425970071,90.9151437186575
0.05321120168244266,0.00020055940722052412,50.433902098445174
0.013145565811732818,3.87859598299857,54.11346803075935
0.011983140038276094,0.956315443595142,98.3889340046922
0.13226499088596733,1.6562045380218287,56.1417964652649
0.042574667920498736,0.6826275924833718,56.058540932731695
0.16771597591096388,3.2105102649829576,91.79735811853035
0.11356611751438264,2.7014962328758862,79.81236838222034
0.14335124971719382,0.8822822414058926,55.51790741329601
0.040844185414634276,0.8733358662006523,56.53081568085524
0.04521039969886806,2.570591170606714,76.42632017129986
0.04818081240950796,7.038953342753164,52.19886193510066
0.030050888432727622,0.9455529263613953,80.74894732650334
0.05814491424687471,3.4492812978703076,72.37605215525522
0.03941211661174569,3.254034397567231,59.42782954715928
0.041713143972823996,0.45439071175881923,89.72543201206881
0.1277991095842751,3.0411788781594824,60.52253951684358
0.06405445544150346,0.11175249288799272,94.94577221617556
0.2048284256180029,7.869955169506336,99.383197489998
0.15165487171067948,7.944025705768891,54.83397374025816
0.10173182895724545,3.0755757052543804,55.7037201633835
0.0374790806671299,4.3658627178429334,61.28348963049939
0.0356480186567603,0.6356891012326293,67.68438273559292
0.028470478081848175,7.414951816218772,56.54956539497946
0.04720874003275842,6.845662530553625,68.76806283217687
0.034617357791888216,1.667550865201283,67.60780486835816
0.02332858327537919,2.2673915106772515,85.08513906226096
0.021998653742466047,7.399684134159614,76.9697177218842
0.16789736521294363,3.1317608938804264,60.793006780783344
0.07344798858377952,6.858882512018995,64.5955662437339
0.051329662801419616,4.6366584802315245,93.99751166005677
0.05678073600441601,6.160955601635518,91.16118428218573
0.02177382334142988,3.994109355483376,94.24705095739228
0.05321120168244266,0.00020055940722052412,50.433902098445174
0.013145565811732818,3.87859598299857,54.11346803075935
0.011983140038276094,0.956315443595142,98.3889340046922
0.1336108355508687,1.656048155389533,55.98376430669584
0.040930367113751184,0.7171481890039471,59.30025044956294
0.16771597591096388,3.2105102649829576,91.79735811853035
0.11542830809357073,2.642632764576327,83.60599715621215
0.13752603883065076,0.2201719896589962,51.36149388986982
0.040844185414634276,0.8733358662006523,56.53081568085524
0.04800650717228777,1.9213135804001684,81.90287358605931
0.04818081240950796,7.038953342753164,52.19886193510066
0.03328630442795385,0.8776283168926806,74.37038278430205
0.05814491424687471,3.4492812978703076,72.37605215525522
0.03941211661174569,3.254034397567231,59.42782954715928
0.041713143972823996,0.45439071175881923,89.72543201206881
0.09182840709149859,3.791681523515273,76.26893647112973
0.05445362414618101,0.3631051889572238,80.14619888535282
0.2048284256180029,7.869955169506336,99.383197489998
0.15165487171067948,7.944025705768891,54.83397374025816
0.09478854680835169,3.215006733807501,56.30668135597
0.05757710287946352,4.995716021712369,60.14820068320034
0.0356480186567603,0.6356891012326293,67.68438273559292
0.028470478081848175,7.414951816218772,56.54956539497946
0.04720874003275842,6.845662530553625,68.76806283217687
0.034617357791888216,1.667550865201283,67.60780486835816
0.02332858327537919,2.2673915106772515,85.08513906226096
0.021998653742466047,7.399684134159614,76.9697177218842
0.16789736521294363,3.1317608938804264,60.793006780783344
0.07344798858377952,6.858882512018995,64.5955662437339
0.051329662801419616,4.6366584802315245,93.99751166005677
0.05602252728608237,6.146705782248075,91.45150163306951
0.02177382334142988,3.994109355483376,94.24705095739228
0.05321120168244266,0.00020055940722052412,50.433902098445174
0.01711627406772938,3.958107473977847,55.283461931391706
0.036876493800557145,1.8402973435614374,91.49258379952958
0.11169435090267886,1.4277708941278042,58.60145571555397
0.040930367113751184,0.7171481890039471,59.30025044956294
0.18151299699513218,3.5122990343416545,92.02422927480502
0.11907480515807636,2.5620193553929624,84.65025328103046
0.13752603883065076,0.2201719896589962,51.36149388986982
0.040844185414634276,0.8733358662006523,56.53081568085524
0.04775807182367119,3.454821652521046,77.81251798357279
0.04818081240950796,7.038953342753164,52.19886193510066
0.03328630442795385,0.8776283168926806,74.37038278430205
0.05697524781851714,4.109873257261735,67.90886206667759
0.03941211661174569,3.254034397567231,59.42782954715928
0.041713143972823996,0.45439071175881923,89.72543201206881
0.1271916535040284,6.146601561487457,66.77351854752285
0.05880669941372718,0.3319154106925367,76.87323568156651
0.2048284256180029,7.869955169506336,99.383197489998
0.15165487171067948,7.944025705768891,54.83397374025816
0.09478854680835169,3.215006733807501,56.30668135597
0.05861719016939053,4.909267784628943,60.2767932235717
0.0356480186567603,0.6356891012326293,67.68438273559292
0.028470478081848175,7.414951816218772,56.54956539497946
0.04913637002306541,5.812364239090164,80.56955607281255
0.054914539948938135,1.9224474014498523,70.98152390106412
0.02332858327537919,2.2673915106772515,85.08513906226096
0.022154354052036397,7.309719788337934,76.93386285130613
0.17468384011804347,3.275755962154889,59.236955034803486
0.04552882478448761,6.471496014045015,68.08036820936469
0.051329662801419616,4.6366584802315245,93.99751166005677
0.05250197389228513,4.999997223925891,85.64146727647177
0.020077477799210396,3.980996959325107,80.05595888965041
0.05321120168244266,0.00020055940722052412,50.433902098445174
0.01711627406772938,3.958107473977847,55.283461931391706
0.03332055189791118,0.6882107435359011,94.66077663380031
0.09917690514330564,2.012945731634198,62.109775795357955
0.040930367113751184,0.7171481890039471,59.30025044956294
0.14623520341866086,3.9191069827942746,90.27887639867566
0.10897383738419057,2.7106868679929494,85.64651192355988
0.13752603883065076,0.2201719896589962,51.36149388986982
0.040844185414634276,0.8733358662006523,56.53081568085524
0.05601805264051775,3.8563098037603347,75.3535344285381
0.04818081240950796,7.038953342753164,52.19886193510066
0.03328630442795385,0.8776283168926806,74.37038278430205
0.05043198437189769,2.797032461391435,63.293570578351854
0.027069417186449875,1.6916917739310469,59.66210445808015
0.0436307205691597,1.2883534934449257,90.57730368171126
0.18112338739416195,5.549394826160692,61.55665760305212
0.05880669941372718,0.3319154106925367,76.87323568156651
0.2048284256180029,7.869955169506336,99.383197489998
0.15165487171067948,7.944025705768891,54.83397374025816
0.09201872506808545,3.1853861105539423,56.76136115112495
0.058370438154469684,4.912928762580447,61.300270423191876
0.03687571535420711,0.6306818485912757,67.4876812616687
0.028470478081848175,7.414951816218772,56.54956539497946
0.04913637002306541,5.812364239090164,80.56955607281255
0.053011987837169226,0.3877138756896228,76.481991604949
0.023341554607472996,2.2684890593861287,85.0892676653958
0.022154354052036397,7.309719788337934,76.93386285130613
0.19383704284189734,2.88877745496241,55.9825076771707
0.04552882478448761,6.471496014045015,68.08036820936469
0.05169804632544242,4.750832958199937,91.37173331427367
0.05250197389228513,4.999997223925891,85.64146727647177
0.020077477799210396,3.980996959325107,80.05595888965041
0.05321120168244266,0.00020055940722052412,50.433902098445174
0.01711627406772938,3.958107473977847,55.283461931391706
0.03332055189791118,0.6882107435359011,94.66077663380031
0.10472284327999751,1.0273277801731346,62.73587855025342
0.040930367113751184,0.7171481890039471,59.30025044956294
0.16333647081384178,4.433339799025958,93.84288651971784
0.10897383738419057,2.7106868679929494,85.64651192355988
0.13752603883065076,0.2201719896589962,51.36149388986982
0.040844185414634276,0.8733358662006523,56.53081568085524
0.053598927242393804,4.459448897405455,73.67612772452942
0.07023784128471475,7.1559639432507804,58.842731129625854
0.026208540556361085,0.48049919871251756,74.94296796460857
0.05253721690034329,2.7631687303096175,63.24244395336768
0.027069417186449875,1.6916917739310469,59.66210445808015
0.04449344521168611,1.4312109539663866,87.92952208379182
0.23745531752478113,7.470261845132494,59.240460706316796
0.06228014673645274,0.5378299007768328,93.28565095885028
0.2048284256180029,7.869955169506336,99.383197489998
0.1349371002668542,6.85287350763887,55.508315824721265
0.12053448455848284,5.525859740014962,61.410776645603704
0.056995004435925346,4.879514652514309,67.49914259469901
0.03687571535420711,0.6306818485912757,67.4876812616687
0.028470478081848175,7.414951816218772,56.54956539497946
0.040043238938307225,4.114358394763887,71.95422075267965
0.053011987837169226,0.3877138756896228,76.481991604949
0.022449146320025624,1.3730290202214377,90.0550401037344
0.022154354052036397,7.309719788337934,76.93386285130613
0.19005444580012182,2.8808394455058326,57.304717627931154
0.03974322336088541,7.692394257196326,53.509975666193476
0.05169804632544242,4.750832958199937,91.37173331427367
0.05250197389228513,4.999997223925891,85.64146727647177
0.020077477799210396,3.980996959325107,80.05595888965041
0.05321120168244266,0.00020055940722052412,50.433902098445174
0.01711627406772938,3.958107473977847,55.283461931391706
0.03332055189791118,0.6882107435359011,94.66077663380031
0.10472284327999751,1.0273277801731346,62.73587855025342
0.040930367113751184,0.7171481890039471,59.30025044956294
0.16333647081384178,4.433339799025958,93.84288651971784
0.09798924217217841,2.3888600219906957,81.39330413607561
0.13752603883065076,0.2201719896589962,51.36149388986982
0.040844185414634276,0.8733358662006523,56.53081568085524
0.053598927242393804,4.459448897405455,73.67612772452942
0.07023784128471475,7.1559639432507804,58.842731129625854
0.026208540556361085,0.48049919871251756,74.94296796460857
0.052548735278131545,2.03211207378106,55.92183124353032
0.02691231334379427,1.8712650093245875,60.2141746022043
0.04449344521168611,1.4312109539663866,87.92952208379182
0.23745531752478113,7.470261845132494,59.240460706316796
0.06228014673645274,0.5378299007768328,93.28565095885028
0.1660737338416262,5.805379906185909,93.2633625700249
0.2075712588130279,6.212308324161871,57.03307519603113
0.13206113925499427,5.001898566485335,57.46068741347497
0.056995004435925346,4.879514652514309,67.49914259469901
0.03687571535420711,0.6306818485912757,67.4876812616687
0.028470478081848175,7.414951816218772,56.54956539497946
0.040043238938307225,4.114358394763887,71.95422075267965
0.06368382298830735,0.35077125180353663,77.09475631432942
0.02175930217055836,1.5368071283118414,92.82808647666951
0.022154354052036397,7.309719788337934,76.93386285130613
0.16162755789107647,2.498378620905153,57.15727720496505
0.03974322336088541,7.692394257196326,53.509975666193476
0.05169804632544242,4.750832958199937,91.37173331427367
0.04786213121925151,4.670170411844189,80.54410620955663
0.020077477799210396,3.980996959325107,80.05595888965041
0.05321120168244266,0.00020055940722052412,50.433902098445174
0.01711627406772938,3.958107473977847,55.283461931391706
0.03332055189791118,0.6882107435359011,94.66077663380031
0.15106022530805763,1.350053754983005,55.53152792849876
0.040930367113751184,0.7171481890039471,59.30025044956294
0.16333647081384178,4.433339799025958,93.84288651971784
0.09884806210570796,2.37130992606236,81.40804566792109
0.13752603883065076,0.2201719896589962,51.36149388986982
0.034966227598649,1.75295054321364,63.18954088453688
0.06857334330736012,7.887830430098779,79.21743000247919
0.07023784128471475,7.1559639432507804,58.842731129625854
0.026208540556361085,0.48049919871251756,74.94296796460857
0.040892783348068826,2.7316879543232115,64.58506924408465
0.026736494819626703,1.523819929533492,63.89376375084389
0.05986692282123719,1.3598038013406077,84.61697276637918
0.23745531752478113,7.470261845132494,59.240460706316796
0.06228014673645274,0.5378299007768328,93.28565095885028
0.17323461290338893,6.108536111426697,94.66078900664992
0.2182751715475628,6.3838895704243885,56.97245916355058
0.13206113925499427,5.001898566485335,57.46068741347497
0.054319999739127975,4.289917406761134,67.55486055107433
0.03626220078750262,0.3098015815479318,67.93098835953224
0.028470478081848175,7.414951816218772,56.54956539497946
0.04776745978864483,5.618098982864888,76.63310759994572
0.06368382298830735,0.35077125180353663,77.09475631432942
0.02175930217055836,1.5368071283118414,92.82808647666951
0.03100163708079087,6.692604079599422,74.53805107719742
0.16162755789107647,2.498378620905153,57.15727720496505
0.03974322336088541,7.692394257196326,53.509975666193476
0.04615384981391586,4.680066595606334,97.20693942245522
0.06367375349307353,4.9036913992702456,78.76743267863233
0.020077477799210396,3.980996959325107,80.05595888965041
0.05321120168244266,0.00020055940722052412,50.433902098445174
0.01711627406772938,3.958107473977847,55.283461931391706
0.034145247821164564,0.691346771498471,90.8286623233852
0.15106022530805763,1.350053754983005,55.53152792849876
0.0423766612141261,0.4907773897430596,57.860696524291384
0.16333647081384178,4.433339799025958,93.84288651971784
0.1225445263408095,1.175418864425669,76.40053582822475
0.13510931057502854,2.3347824356318614,54.05872430022624
0.0330686979018508,3.4069268135498456,61.24988008867961
0.06857334330736012,7.887830430098779,79.21743000247919
0.07067670329489081,7.231404509588938,58.55586131616738
0.026208540556361085,0.48049919871251756,74.94296796460857
0.040892783348068826,2.7316879543232115,64.58506924408465
0.021643405047361154,0.009207671125334382,66.02028064614524
0.05986692282123719,1.3598038013406077,84.61697276637918
0.23745531752478113,7.470261845132494,59.240460706316796
0.06228014673645274,0.5378299007768328,93.28565095885028
0.18538163491585213,5.975542886412233,98.93707889095879
0.15181974168790943,4.166156808739702,60.97356834443719
0.13206113925499427,5.001898566485335,57.46068741347497
0.054319999739127975,4.289917406761134,67.55486055107433
0.03626220078750262,0.3098015815479318,67.93098835953224
0.028470478081848175,7.414951816218772,56.54956539497946
0.05042833959446881,6.018381905865125,79.41789449209203
0.07648002121398878,0.2666893683094561,88.64593541393958
0.02175930217055836,1.5368071283118414,92.82808647666951
0.03100163708079087,6.692604079599422,74.53805107719742
0.17807937154424808,1.6422364737864141,56.9042917296999
0.039318478367528574,7.917177882328444,53.544138706736916
0.03914833513219122,4.9024406289807025,99.98997053674752
0.06405834276594731,4.76443605350788,79.06409727028762
0.011457603113715898,1.841361956705705,84.40994830370576
0.053339593045391584,0.4969209399814871,52.41639402064092
0.01711627406772938,3.958107473977847,55.283461931391706
0.034145247821164564,0.691346771498471,90.8286623233852
0.15106022530805763,1.350053754983005,55.53152792849876
0.0423766612141261,0.4907773897430596,57.860696524291384
0.16333647081384178,4.433339799025958,93.84288651971784
0.09966276392715148,0.7240228845672512,82.48323058873984
0.13510931057502854,2.3347824356318614,54.05872430022624
0.0330686979018508,3.4069268135498456,61.24988008867961
0.06857334330736012,7.887830430098779,79.21743000247919
0.05294937598973372,4.697871503300036,63.311047636650855
0.026424364654914538,0.9070015908681843,70.42612871338531
0.03874803866922321,1.9374051315541885,51.28632403087657
0.021643405047361154,0.009207671125334382,66.02028064614524
0.05986692282123719,1.3598038013406077,84.61697276637918
0.23745531752478113,7.470261845132494,59.240460706316796
0.06228014673645274,0.5378299007768328,93.28565095885028
0.14968448044100108,3.40616185419644,91.92109474292849
0.1500066992287945,4.167656149007982,60.83554543840824
0.1451566730070906,5.5784033165805464,52.99796501700746
0.05274472814609925,4.213159405679844,65.69312969898898
0.05385960732071776,0.30719396768805945,66.43984071690589
0.02533007372137712,5.973936001150873,63.78487475379997
0.041193088146118606,4.805850658987107,82.15161325503428
0.07648002121398878,0.2666893683094561,88.64593541393958
0.022722943041777667,2.3808351411491806,87.6189448711131
0.03100163708079087,6.692604079599422,74.53805107719742
0.1921828138756917,0.2866969978718581,54.718776991654714
0.039318478367528574,7.917177882328444,53.544138706736916
0.03914833513219122,4.9024406289807025,99.98997053674752
0.055882424993941464,3.15288753329513,71.0685338001844
0.01583986550954688,1.6192292335538094,85.64976360585563
0.053339593045391584,0.4969209399814871,52.41639402064092
0.01711627406772938,3.958107473977847,55.283461931391706
0.032123249838179935,0.30848134094029156,93.56121158712125
0.15096862146577514,1.010408861428679,54.87517366783915
0.0423766612141261,0.4907773897430596,57.860696524291384
0.16333647081384178,4.433339799025958,93.84288651971784
0.11199276109516282,0.6932176382358757,84.51309516053287
0.1422062609815419,2.377360361483547,52.17894663278446
0.03272866986993196,4.264642113742715,51.90742886613521
0.06141236396454175,6.701809494083037,77.72381547277003
0.07282612553751856,4.887684141644038,61.08789863513878
0.024789371971562724,0.9056440804128564,70.63027861455028
0.03874803866922321,1.9374051315541885,51.28632403087657
0.021643405047361154,0.009207671125334382,66.02028064614524
0.09060775181564035,1.1786662614862782,83.89585151681291
0.23745531752478113,7.470261845132494,59.240460706316796
0.08469762619124227,0.7083188156497586,93.08080976634791
0.13208584293292774,3.05382054617732,88.92106247676448
0.1500066992287945,4.167656149007982,60.83554543840824
0.1451566730070906,5.5784033165805464,52.99796501700746
0.06557910358376515,2.805386003778538,76.69381476531878
0.05385960732071776,0.30719396768805945,66.43984071690589
0.02533007372137712,5.973936001150873,63.78487475379997
0.027665145521648102,6.821208787454834,82.2914184959618
0.06962421716247758,0.5702541196444177,81.85779024348605
0.014980622348555215,4.0876759984259055,82.7247498670091
0.03062366621808006,6.710506540344882,74.60000141108213
0.1921828138756917,0.2866969978718581,54.718776991654714
0.039318478367528574,7.917177882328444,53.544138706736916
0.03914833513219122,4.9024406289807025,99.98997053674752
0.059924885943761386,3.52404894800221,71.66456038832413
0.01583986550954688,1.6192292335538094,85.64976360585563
0.053339593045391584,0.4969209399814871,52.41639402064092
0.018066394286674142,3.5801366434002846,57.18377924909766
0.057600526727821594,1.1971036929376195,89.30274731944891
0.08791461151449118,2.2295881376207345,55.97046636822479
0.0423766612141261,0.4907773897430596,57.860696524291384
0.12667437240103419,3.051557752049366,84.66603279942044
0.11566686680911432,0.6098139072764461,84.6191422689839
0.1422062609815419,2.377360361483547,52.17894663278446
0.03172938242405425,4.317921758543132,51.35514593258356
0.05374235102459303,7.189247421000539,79.68067904873689
0.07282612553751856,4.887684141644038,61.08789863513878
0.034117328578269115,1.6788915240880566,68.77730355347668
0.04481693118799659,1.2827029914537624,57.37206312056766
0.021643405047361154,0.009207671125334382,66.02028064614524
0.08688151736392849,1.452393817840031,82.7478600952476
0.24088553600426812,7.524072506876509,59.20196743761606
0.08469762619124227,0.7083188156497586,93.08080976634791
0.13208584293292774,3.05382054617732,88.92106247676448
0.17711485928590903,3.3167722926647922,55.52873239976553
0.1451566730070906,5.5784033165805464,52.99796501700746
0.05013631141187001,4.495015835949145,79.90272208023258
0.07303600015321975,1.0299457055554457,71.23986470694989
0.02533007372137712,5.973936001150873,63.78487475379997
0.027945556826296247,6.922955066679649,84.51381014775826
0.06875091029271702,0.5968584710092276,80.30804287394467
0.012460643284405068,4.913052546087153,88.89037868509301
0.03062366621808006,6.710506540344882,74.60000141108213
0.1921828138756917,0.2866969978718581,54.718776991654714
0.05586248834641684,7.551594267775366,53.45876401753457
0.03914833513219122,4.9024406289807025,99.98997053674752
0.06849142034357424,3.3143610504315917,70.56695785765346
0.01583986550954688,1.6192292335538094,85.64976360585563
0.05593886565798129,0.9871635847862335,57.57212591433998
0.018066394286674142,3.5801366434002846,57.18377924909766
0.050885351412232604,1.334874099271913,83.43336136780019
0.09001011731985367,2.419695797454873,53.004590596391736
0.02727934200966252,0.059438256712109006,52.63349178997756
0.12667437240103419,3.051557752049366,84.66603279942044
0.11420644599650494,0.6917423142616883,84.91250751028343
0.13336532694152228,2.229550038889051,57.06388111101065
0.03172938242405425,4.317921758543132,51.35514593258356
0.04944169689316738,7.144853094132869,80.48642355594005
0.1107181012533972,5.482104672071749,60.6626819874076
0.02679727862854406,1.8290717068183255,62.379228101813695
0.04481693118799659,1.2827029914537624,57.37206312056766
0.021643405047361154,0.009207671125334382,66.02028064614524
0.09907404115370819,1.6357113543633457,92.66800982394358
0.24088553600426812,7.524072506876509,59.20196743761606
0.08469762619124227,0.7083188156497586,93.08080976634791
0.1535574588866122,1.7868273717019214,98.91055792054374
0.1663692379808373,2.8683811063760185,60.54788490005916
0.1451566730070906,5.5784033165805464,52.99796501700746
0.05013631141187001,4.495015835949145,79.90272208023258
0.07570858377430116,0.6714170362518277,71.16279257234379
0.02533007372137712,5.973936001150873,63.78487475379997
0.027945556826296247,6.922955066679649,84.51381014775826
0.07810304149106428,1.6855056347274195,75.93019464907991
0.013734761093457691,4.784488815193695,87.85354402186016
0.03062366621808006,6.710506540344882,74.60000141108213
0.1921828138756917,0.2866969978718581,54.718776991654714
0.05586248834641684,7.551594267775366,53.45876401753457
0.03914833513219122,4.9024406289807025,99.98997053674752
0.0756264770523164,2.855413142279166,66.93792970013092
0.027483638471664296,1.5094414676265084,85.56249369620457
0.05593886565798129,0.9871635847862335,57.57212591433998
0.02040995260942309,3.727129585526391,61.94229776465869
0.052813187225736725,3.7428479890517146,71.8230514584388
0.09460300304299601,2.4988483601846547,56.970780160216485
0.028009104980804157,0.7577877734498437,52.42385561048997
0.12667437240103419,3.051557752049366,84.66603279942044
0.11420644599650494,0.6917423142616883,84.91250751028343
0.09773441218001533,3.240381895791508,73.29763899269435
0.03172938242405425,4.317921758543132,51.35514593258356
0.04944169689316738,7.144853094132869,80.48642355594005
0.09882644934096504,5.288348150903871,64.43932609388925
0.02679727862854406,1.8290717068183255,62.379228101813695
0.04879168126749857,1.2471012838475635,59.32538927480475
0.021643405047361154,0.009207671125334382,66.02028064614524
0.09907404115370819,1.6357113543633457,92.66800982394358
0.2361057171675623,7.448170011523848,59.72068963523567
0.08469762619124227,0.7083188156497586,93.08080976634791
0.1535574588866122,1.7868273717019214,98.91055792054374
0.17172137332114745,2.950024430368591,60.8621438077635
0.1451566730070906,5.5784033165805464,52.99796501700746
0.05013631141187001,4.495015835949145,79.90272208023258
0.0791149789770289,0.32080306684162085,76.96126181626566
0.02533007372137712,5.973936001150873,63.78487475379997
0.027945556826296247,6.922955066679649,84.51381014775826
0.09155921824861386,0.28041034763099226,73.62739481489703
0.018505277162474493,5.273848360376884,77.95126909512243
0.03065917265166688,6.715447040194122,74.6725431824083
0.1921828138756917,0.2866969978718581,54.718776991654714
0.05586248834641684,7.551594267775366,53.45876401753457
0.03914833513219122,4.9024406289807025,99.98997053674752
0.06662877301928884,4.993384807891988,60.80143846706615
0.026832647691911578,1.5086949068262812,86.03890887462688
0.05593886565798129,0.9871635847862335,57.57212591433998
0.0231489620170304,3.5158990127730254,61.605390699854205
0.052371806066795715,3.468926830011873,70.45136814478722
0.06712506733391194,1.5549025367752884,56.55167051450408
0.028009104980804157,0.7577877734498437,52.42385561048997
0.15537770883063268,5.31671016743601,93.68908132197637
0.12977614376934068,0.6128027071763864,92.21813914917612
0.12857283426194768,2.4488940534661405,71.48630267960584
0.03172938242405425,4.317921758543132,51.35514593258356
0.04944169689316738,7.144853094132869,80.48642355594005
0.09466417872067333,3.9390976620139693,72.8769436327413
0.02679727862854406,1.8290717068183255,62.379228101813695
0.04879168126749857,1.2471012838475635,59.32538927480475
0.03269217080103286,0.44769914384274667,68.30620197451074
0.09622775591191353,1.9302657515700647,89.87249118671411
0.2361057171675623,7.448170011523848,59.72068963523567
0.08536260688172506,0.7075271800825931,92.71773821989117
0.1535574588866122,1.7868273717019214,98.91055792054374
0.2143250071378999,3.5999149988609203,63.36368208663531
0.1451566730070906,5.5784033165805464,52.99796501700746
0.054148738351447526,5.009200845234805,78.84619287967513
0.0791149789770289,0.32080306684162085,76.96126181626566
0.04443027450462988,4.2798397935993,73.21019578512968
0.027945556826296247,6.922955066679649,84.51381014775826
0.1080272290357374,0.6805457635237799,80.34312413998383
0.019787029318920228,4.837817237340276,77.07986018096042
0.03459146628819471,7.939459241804332,83.78850260870675
0.1921828138756917,0.2866969978718581,54.718776991654714
0.05586248834641684,7.551594267775366,53.45876401753457
0.03914833513219122,4.9024406289807025,99.98997053674752
0.06605562861376937,6.026030463634047,62.1505164640676
0.026832647691911578,1.5086949068262812,86.03890887462688
0.04949046399594881,1.1725682819532666,52.17739322322069
0.02214234049352673,4.0643971837458,54.92857094366323
0.05338938335861244,4.1004353245199265,73.6137002091749
0.06852418001160154,1.5783923947655083,56.339994118893145
0.028009104980804157,0.7577877734498437,52.42385561048997
0.15729543978887106,5.391764997708821,94.4409022756711
0.12977614376934068,0.6128027071763864,92.21813914917612
0.11868408151788495,1.5977748573123045,75.74915678176954
0.03172938242405425,4.317921758543132,51.35514593258356
0.05058708986064876,7.602828620998948,81.31935101102103
0.09466417872067333,3.9390976620139693,72.8769436327413
0.026787533185871792,1.9173469801950815,55.860139365429774
0.04888551134085397,1.2115347124437892,58.929721568882144
0.03269217080103286,0.44769914384274667,68.30620197451074
0.08536651741370178,3.080614305587046,98.64413100023789
0.2355124945967972,7.343358381027754,59.81991070490484
0.08536260688172506,0.7075271800825931,92.71773821989117
0.1535574588866122,1.7868273717019214,98.91055792054374
0.2051861014844847,1.9852367150440333,64.8922348410728
0.1451566730070906,5.5784033165805464,52.99796501700746
0.054148738351447526,5.009200845234805,78.84619287967513
0.07897561679092432,0.38205970342207163,76.80424928320781
0.0612398061121709,4.442326337131752,86.99817409019589
0.027945556826296247,6.922955066679649,84.51381014775826
0.1080272290357374,0.6805457635237799,80.34312413998383
0.019787029318920228,4.837817237340276,77.07986018096042
0.03459146628819471,7.939459241804332,83.78850260870675
0.1921828138756917,0.2866969978718581,54.718776991654714
0.05586248834641684,7.551594267775366,53.45876401753457
0.03914833513219122,4.9024406289807025,99.98997053674752
0.06626899422738713,5.967254527758753,62.48832147612101
0.0538362022145641,1.6727397737225074,87.53066170327492
0.04321217006226019,0.9643024441922821,51.91945618754601
0.02214234049352673,4.0643971837458,54.92857094366323
0.05338938335861244,4.1004353245199265,73.6137002091749
0.06554905971794713,1.7999027695907635,55.9369337959062
0.029179047695075642,0.7477840882808527,52.98557889927842
0.15729543978887106,5.391764997708821,94.4409022756711
0.1272444676435824,0.7696834888553408,92.02659683970495
0.11836503973067683,1.5988843316405248,75.68010709734182
0.04113398693065254,4.0227607078437115,53.99570579563462
0.0478389103810032,7.6295187750341,95.83311592810516
0.09466417872067333,3.9390976620139693,72.8769436327413
0.026787533185871792,1.9173469801950815,55.860139365429774
0.04888551134085397,1.2115347124437892,58.929721568882144
0.03269217080103286,0.44769914384274667,68.30620197451074
0.08536651741370178,3.080614305587046,98.64413100023789
0.1815560500613207,5.659228798929192,68.04978803052872
0.08475176907256898,0.7262285940970812,92.61723635522294
0.1535327410743858,1.7629893228575129,98.94011401294642
0.2051861014844847,1.9852367150440333,64.8922348410728
0.11628963533612459,5.394332508960305,65.794316896172
0.054148738351447526,5.009200845234805,78.84619287967513
0.07897561679092432,0.38205970342207163,76.80424928320781
0.06933376509457186,2.5173053998072676,81.661989234909
0.027945556826296247,6.922955066679649,84.51381014775826
0.1080272290357374,0.6805457635237799,80.34312413998383
0.019787029318920228,4.837817237340276,77.07986018096042
0.03459146628819471,7.939459241804332,83.78850260870675
0.19025375962548477,0.35550408277144463,55.07850984442476
0.056666158514794854,7.970082546891977,53.55655569005413
0.03914833513219122,4.9024406289807025,99.98997053674752
0.0654950410361537,6.180455813416285,61.2629821974041
0.0538362022145641,1.6727397737225074,87.53066170327492
0.04321217006226019,0.9643024441922821,51.91945618754601
0.02160290468491725,3.9895562903188146,54.06988138330136
0.05338938335861244,4.1004353245199265,73.6137002091749
0.06554905971794713,1.7999027695907635,55.9369337959062
0.025588503925623753,2.3113929369912225,62.196758868325475
0.15281524405858493,5.336085763148554,93.54288011047854
0.1331563416898466,0.7971052748717541,95.62082910341431
0.12060378529353252,1.528621888162169,76.3086866056787
0.04113398693065254,4.0227607078437115,53.99570579563462
0.0478389103810032,7.6295187750341,95.83311592810516
0.10029187459543001,3.564338183899416,71.85473349856056
0.029674004746032906,2.6144205162857466,66.1652557473526
0.06681922564956672,1.110409914658364,66.50447669100171
0.029460862242791402,1.295454227148977,65.52714488451048
0.08536651741370178,3.080614305587046,98.64413100023789
0.23640510916027152,7.941727109588974,57.400512823269914
0.06222196060587944,0.6932391892482075,91.2192203069512
0.1535327410743858,1.7629893228575129,98.94011401294642
0.2000199464014048,2.096799823041167,65.53312335341452
0.12169203500006823,6.01231654353704,63.74773093037384
0.05440645109494685,7.76039801843997,71.6851064572142
0.07897561679092432,0.38205970342207163,76.80424928320781
0.06933376509457186,2.5173053998072676,81.661989234909
0.026854637671594114,7.007992799938929,84.57062566032936
0.0947345452281906,0.7330917758086897,84.4273841341951
0.016608069978459643,5.048852597628354,78.54859971743579
0.06397877307951168,5.034608670684005,82.40974122209684
0.19025375962548477,0.35550408277144463,55.07850984442476
0.056666158514794854,7.970082546891977,53.55655569005413
0.03672075964226036,4.45941843467193,96.91694518419891
0.05561252665640247,5.148776663427851,64.51232513331321
0.03566719454315248,1.8481780811381419,91.85285752079116
0.04321217006226019,0.9643024441922821,51.91945618754601
0.02160290468491725,3.9895562903188146,54.06988138330136
0.07479578516157093,3.548464789504168,70.74163197606886
0.06554905971794713,1.7999027695907635,55.9369337959062
0.03836054633369887,2.159687009196052,61.64464131311874
0.1331029133503006,5.59773252214767,92.1387582028971
0.1331563416898466,0.7971052748717541,95.62082910341431
0.11884867334682664,1.3211638719828498,75.36964379073694
0.04113398693065254,4.0227607078437115,53.99570579563462
0.04512349361609143,6.693640006298101,91.35530951309187
0.1164778306307348,2.908989770636796,67.15001581173425
0.02029547986053855,1.4618747861977157,76.12447079924249
0.06236537154920886,0.6372948627859931,58.786620469745955
0.01459176052589839,1.019739908845206,65.24983537422395
0.08536651741370178,3.080614305587046,98.64413100023789
0.23640510916027152,7.941727109588974,57.400512823269914
0.06746185340082234,0.4653420214133217,91.09418847411318
0.15798911913799296,1.9742309854398519,99.66605131808801
0.2802134898498895,2.218111198945197,52.690790495340714
0.12544455128377185,6.504789094194339,64.71620145668678
0.05440645109494685,7.76039801843997,71.6851064572142
0.07392573079787332,0.8693456188173365,79.20792138546034
0.06152191809836313,4.247285615722065,85.5977395912867
0.026854637671594114,7.007992799938929,84.57062566032936
0.0947345452281906,0.7330917758086897,84.4273841341951
0.016608069978459643,5.048852597628354,78.54859971743579
0.06250459048993064,5.054725752906864,79.25610960975341
0.19025375962548477,0.35550408277144463,55.07850984442476
0.056666158514794854,7.970082546891977,53.55655569005413
0.03672075964226036,4.45941843467193,96.91694518419891
0.06445326354403536,4.613656809231747,66.03023383868356
0.03566719454315248,1.8481780811381419,91.85285752079116
0.04099080070303601,0.8812032755967403,51.519924211601975
0.02160290468491725,3.9895562903188146,54.06988138330136
0.07479578516157093,3.548464789504168,70.74163197606886
0.064011009083544,2.7346100867643814,67.26502341377403
0.10777905569609036,4.18640563814593,60.15699091210388
0.09071969662766946,6.125675131328584,91.76133953258316
0.09180096036584819,3.2133753086570533,91.32188223970202
0.11884867334682664,1.3211638719828498,75.36964379073694
0.025198537936212448,5.473595591913751,52.72868766898768
0.050687844880682155,7.727697689468546,96.11298336043755
0.1920151766264531,2.0486662841634136,77.56413345284108
0.014403409719069046,1.0637847090076704,74.77055407547111
0.06236537154920886,0.6372948627859931,58.786620469745955
0.01459176052589839,1.019739908845206,65.24983537422395
0.08536651741370178,3.080614305587046,98.64413100023789
0.23640510916027152,7.941727109588974,57.400512823269914
0.06746185340082234,0.4653420214133217,91.09418847411318
0.15124053047559394,2.0360963893403303,97.48873813172271
0.28088657248539883,2.2194043124486953,52.50097036590865
0.13346334948258065,7.0387428798217515,65.96917463403203
0.05440645109494685,7.76039801843997,71.6851064572142
0.07206173194916107,1.0949703806333728,80.20440732116624
0.04584846178673995,4.267913776441613,94.21791117271522
0.026854637671594114,7.007992799938929,84.57062566032936
0.0947345452281906,0.7330917758086897,84.4273841341951
0.016608069978459643,5.048852597628354,78.54859971743579
0.06180331933962814,5.213453726715618,84.01572030801765
0.19025375962548477,0.35550408277144463,55.07850984442476
0.056666158514794854,7.970082546891977,53.55655569005413
0.03672075964226036,4.45941843467193,96.91694518419891
0.04238544777089688,5.949396862243349,62.24130423967989
0.03566719454315248,1.8481780811381419,91.85285752079116
0.045373260019681914,0.17858806577394049,50.94352935402081
0.02160290468491725,3.9895562903188146,54.06988138330136
0.10009397202995993,2.8961434012948035,67.34740815794737
0.0678425235182908,2.800619409339359,70.58184109761442
0.1595632328072653,5.998596402078799,53.48563449888059
0.09028756208508823,7.289595928163374,91.93697168368355
0.09180096036584819,3.2133753086570533,91.32188223970202
0.11884867334682664,1.3211638719828498,75.36964379073694
0.025198537936212448,5.473595591913751,52.72868766898768
0.050687844880682155,7.727697689468546,96.11298336043755
0.1920151766264531,2.0486662841634136,77.56413345284108
0.01786872661204829,1.0399876194051292,71.7401401289406
0.06687528567423773,0.6506420015007437,62.35908244772696
0.01459176052589839,1.019739908845206,65.24983537422395
0.08536651741370178,3.080614305587046,98.64413100023789
0.16077237759582663,7.392832027800235,71.45754547203359
0.06746185340082234,0.4653420214133217,91.09418847411318
0.15124053047559394,2.0360963893403303,97.48873813172271
0.28088657248539883,2.2194043124486953,52.50097036590865
0.14602415972459953,7.381136066372492,67.30534636843663
0.05440645109494685,7.76039801843997,71.6851064572142
0.07660659723035092,1.7170685599223035,69.44486491984382
0.04584846178673995,4.267913776441613,94.21791117271522
0.026854637671594114,7.007992799938929,84.57062566032936
0.09391662625949251,1.4246248469352958,86.34965365928542
0.016608069978459643,5.048852597628354,78.54859971743579
0.07218386199056885,4.680435355226869,83.85090096714461
0.19025375962548477,0.35550408277144463,55.07850984442476
0.056666158514794854,7.970082546891977,53.55655569005413
0.03672075964226036,4.45941843467193,96.91694518419891
0.04395411836288614,6.907006091181826,55.32718962676619
0.03566719454315248,1.8481780811381419,91.85285752079116
0.04458435527265062,0.3050687548838673,51.047288592032
0.02160290468491725,3.9895562903188146,54.06988138330136
0.13637146346169965,0.9767670580140253,70.55727435228918
0.07346939038322955,2.1046340695217842,72.42537925366192
0.1595632328072653,5.998596402078799,53.48563449888059
0.08027751133107078,6.808650612055397,86.41825017932553
0.09180096036584819,3.2133753086570533,91.32188223970202
0.11884867334682664,1.3211638719828498,75.36964379073694
0.023353259627411554,4.357435808315256,57.514816437063566
0.049759815748537654,7.852057373526243,96.04524781648739
0.2159799837434912,1.816779306204392,72.82728932390336
0.03279461847104731,1.0815484091955663,72.27661871612086
0.06687528567423773,0.6506420015007437,62.35908244772696
0.01459176052589839,1.019739908845206,65.24983537422395
0.08536651741370178,3.080614305587046,98.64413100023789
0.16077237759582663,7.392832027800235,71.45754547203359
0.0827090281633887,1.807541930754506,86.47730984672783
0.1325272505364269,2.052587915555497,91.45799651800927
0.28702610797350037,2.1630792846444407,51.38413320324368
0.14602415972459953,7.381136066372492,67.30534636843663
0.05440645109494685,7.76039801843997,71.6851064572142
0.07660659723035092,1.7170685599223035,69.44486491984382
0.023157036094076426,5.78252275836161,98.98303816535001
0.0359484117772854,7.34310185419012,89.12626026337566
0.07493730725879419,1.222173293401815,82.66162437256544
0.016608069978459643,5.048852597628354,78.54859971743579
0.0647055304324013,5.270275433861374,76.29469452453148
0.19025375962548477,0.35550408277144463,55.07850984442476
0.056666158514794854,7.970082546891977,53.55655569005413
0.03672075964226036,4.45941843467193,96.91694518419891
0.04395411836288614,6.907006091181826,55.32718962676619
0.023855579444594197,1.780679790642515,96.5449869760741
0.04458435527265062,0.3050687548838673,51.047288592032
0.02160290468491725,3.9895562903188146,54.06988138330136
0.18656125100174628,0.19975397382091153,55.66746932100268
0.07959942234622608,2.0992318320120478,74.40090887609122
0.20092155445598947,5.673619428668834,52.82683151713478
0.08024996835896454,6.810005438593013,86.37991655474566
0.10958047883712142,2.5062255273462113,82.84479558578711
0.1241807155736839,0.9481433770676402,72.22490437847699
0.023353259627411554,4.357435808315256,57.514816437063566
0.049759815748537654,7.852057373526243,96.04524781648739
0.14155052779011706,1.2346717919548165,67.60181385136461
0.033922158178038696,1.3567741328131535,74.17182136787784
0.06687528567423773,0.6506420015007437,62.35908244772696
0.01446472317488669,0.7658861155891907,64.41194821769427
0.08536651741370178,3.080614305587046,98.64413100023789
0.23680863461958845,6.971224469441056,84.5319253895569
0.0827090281633887,1.807541930754506,86.47730984672783
0.1299948816894059,1.0528146231038527,95.98965765309137
0.28702610797350037,2.1630792846444407,51.38413320324368
0.14602415972459953,7.381136066372492,67.30534636843663
0.04277414642001053,6.055086949629311,65.84290058618323
0.06183002159539708,1.8941012288818193,71.31280009654844
0.023157036094076426,5.78252275836161,98.98303816535001
0.05999205334187743,7.298586885430455,88.57630298776051
0.07493730725879419,1.222173293401815,82.66162437256544
0.016608069978459643,5.048852597628354,78.54859971743579
0.0647055304324013,5.270275433861374,76.29469452453148
0.19025375962548477,0.35550408277144463,55.07850984442476
0.056666158514794854,7.970082546891977,53.55655569005413
0.03672075964226036,4.45941843467193,96.91694518419891
0.04395411836288614,6.907006091181826,55.32718962676619
0.026764323406318867,2.0291584304113424,95.1030534004582
0.04458435527265062,0.3050687548838673,51.047288592032
0.02160290468491725,3.9895562903188146,54.06988138330136
0.18715801147621416,0.19292207606207268,55.520197416465464
0.08111163545173174,1.7772680551435354,74.20862820874385
0.20092155445598947,5.673619428668834,52.82683151713478
0.08024996835896454,6.810005438593013,86.37991655474566
0.11344709874416511,2.6403065881321104,81.57408515622001
0.11859039838822293,1.5447209242830175,76.29117819274184
0.030192518839305446,4.210603902064422,59.52390700982878
0.04981630141604565,7.850126881413765,96.02734194717343
0.14155052779011706,1.2346717919548165,67.60181385136461
0.033922158178038696,1.3567741328131535,74.17182136787784
0.06687528567423773,0.6506420015007437,62.35908244772696
0.01446472317488669,0.7658861155891907,64.41194821769427
0.08412121793937465,2.4840525851689517,92.94275855445532
0.258111390421889,7.707527500799468,84.49457788674961
0.08234326487401351,1.632322731137208,84.80273053250365
0.1299948816894059,1.0528146231038527,95.98965765309137
0.2193923532594363,1.6447517811263785,51.290163969159
0.14813163838155272,5.374348755368745,63.6374216920623
0.04277414642001053,6.055086949629311,65.84290058618323
0.05998626273777878,1.7242154938718275,69.1461852704611
0.027526119123660823,5.269656544824412,95.32293958091975
0.05158149750835138,6.028886601592576,90.1112999397935
0.0708989301562937,1.4871103095765665,82.37686246989446
0.016608069978459643,5.048852597628354,78.54859971743579
0.03186556289655526,4.417818927305241,79.92498077239492
0.15244601006208855,1.266109597222187,56.12854832915665
0.056666158514794854,7.970082546891977,53.55655569005413
0.0394705947819164,5.184273051561843,82.80112822022483
0.03367352991821475,6.74062440626535,50.286215365545885
0.024860880505657795,1.995006360597891,94.98803656308276
0.04458435527265062,0.3050687548838673,51.047288592032
0.02160290468491725,3.9895562903188146,54.06988138330136
0.18509154192473268,0.2237953868485545,55.88436896711135
0.07871264533775481,2.385008324712566,72.18190899466255
0.20092155445598947,5.673619428668834,52.82683151713478
0.09834844615610702,7.787327286494926,81.99885417570839
0.11356165985193795,2.644328544786874,81.57683198853967
0.11859039838822293,1.5447209242830175,76.29117819274184
0.022592451780817813,3.131330702161529,61.23701751324896
0.04981630141604565,7.850126881413765,96.02734194717343
0.14155052779011706,1.2346717919548165,67.60181385136461
0.03356657520526684,1.6288576189016077,72.77529251902897
0.05148729525817175,2.4569661947457435,75.25001666840873
0.01446472317488669,0.7658861155891907,64.41194821769427
0.09201414131569041,2.4906037683117157,97.22197001756071
0.2155651867230826,7.239142537017078,83.44706103308573
0.07903783884929924,2.44818554450531,80.78039569258411
0.1299948816894059,1.0528146231038527,95.98965765309137
0.2193923532594363,1.6447517811263785,51.290163969159
0.21330008687541174,7.341575071927432,55.806908563839755
0.044439791986851246,4.655391752631533,63.41212734372803
0.04836335855435729,1.3582933849063135,57.686238945168405
0.029083719245706047,5.349888988707498,92.31152627192785
0.05100577159443714,5.557930009619712,86.89710721985747
0.07371676231665718,0.636651244250463,80.55238599927168
0.027798671654936356,3.151324213669445,67.54798919502473
0.04012668104731522,5.997403049033546,87.33545628161266
0.15244601006208855,1.266109597222187,56.12854832915665
0.056666158514794854,7.970082546891977,53.55655569005413
0.04987206542513303,4.544666031630867,80.40159597981277
0.03367352991821475,6.74062440626535,50.286215365545885
0.024860880505657795,1.995006360597891,94.98803656308276
0.04458435527265062,0.3050687548838673,51.047288592032
0.02160290468491725,3.9895562903188146,54.06988138330136
0.18509154192473268,0.2237953868485545,55.88436896711135
0.08316736178045955,2.4972723495233002,72.72064971758566
0.20092155445598947,5.673619428668834,52.82683151713478
0.09834844615610702,7.787327286494926,81.99885417570839
0.1326910447926201,1.722616405136125,85.82871789092272
0.11859039838822293,1.5447209242830175,76.29117819274184
0.03443330522587239,4.314865168128079,73.0309947885719
0.047634483744856425,4.703699013192136,77.2698332550829
0.14155052779011706,1.2346717919548165,67.60181385136461
0.012246232119102751,1.2681973689167143,64.27009355411258
0.05148729525817175,2.4569661947457435,75.25001666840873
0.012246507476710074,0.07033170922783505,60.17860129615453
0.09201414131569041,2.4906037683117157,97.22197001756071
0.20948617694738564,5.839691825164866,77.94874025057612
0.07605943908294562,2.496146073517738,81.78059846585012
0.12108381833726886,1.0880563782262378,97.66444529623175
0.2193923532594363,1.6447517811263785,51.290163969159
0.21330008687541174,7.341575071927432,55.806908563839755
0.044805174960829926,4.660916745922096,64.997059531857
0.04917103053661813,1.336412490894098,56.404347871319686
0.029083719245706047,5.349888988707498,92.31152627192785
0.05100577159443714,5.557930009619712,86.89710721985747
0.07185301947441178,1.0405084861398475,81.07305587693315
0.027798671654936356,3.151324213669445,67.54798919502473
0.035751387278448885,6.181706133284214,88.55109201508475
0.15244601006208855,1.266109597222187,56.12854832915665
0.056666158514794854,7.970082546891977,53.55655569005413
0.04987206542513303,4.544666031630867,80.40159597981277
0.03367352991821475,6.74062440626535,50.286215365545885
0.024860880505657795,1.995006360597891,94.98803656308276
0.04458435527265062,0.3050687548838673,51.047288592032
0.02160290468491725,3.9895562903188146,54.06988138330136
0.18509154192473268,0.2237953868485545,55.88436896711135
0.03847473346355572,3.3787139873151566,63.17386354001479
0.20092155445598947,5.673619428668834,52.82683151713478
0.09834844615610702,7.787327286494926,81.99885417570839
0.16303195111520286,0.9221585762712423,89.78051364261519
0.11859039838822293,1.5447209242830175,76.29117819274184
0.029312245298709832,3.33516046032745,70.06446135611077
0.047634483744856425,4.703699013192136,77.2698332550829
0.14155052779011706,1.2346717919548165,67.60181385136461
0.03163868958199198,1.837703052295649,66.09918286271912
0.05047678356905388,1.3812342741961992,79.48289458191898
0.015411991902637038,0.6487298751203694,65.68893054681524
0.11148247567107772,2.210871447461801,98.97193510585606
0.18535129922272675,5.507875718700006,79.79844387202311
0.030341999478358597,3.3767448758671255,91.67839894642462
0.12108381833726886,1.0880563782262378,97.66444529623175
0.2193923532594363,1.6447517811263785,51.290163969159
0.3311257187342036,6.904336734132768,57.267951823167365
0.04185921141677697,6.812492440590438,55.973996309372815
0.04881943543172525,0.5274346307878695,50.56095930379787
0.029083719245706047,5.349888988707498,92.31152627192785
0.05100577159443714,5.557930009619712,86.89710721985747
0.08664966878796015,0.33154327313150667,85.61575548639338
0.027798671654936356,3.151324213669445,67.54798919502473
0.035751387278448885,6.181706133284214,88.55109201508475
0.11660883758554574,1.0634179399427355,58.71859293108365
0.057124401888026935,7.921126361664325,53.87032288021573
0.04987206542513303,4.544666031630867,80.40159597981277
0.03367352991821475,6.74062440626535,50.286215365545885
0.024860880505657795,1.995006360597891,94.98803656308276
0.04458435527265062,0.3050687548838673,51.047288592032
0.02160290468491725,3.9895562903188146,54.06988138330136
0.18509154192473268,0.2237953868485545,55.88436896711135
0.03523467853646732,2.8152507262101323,57.03992541225759
0.15317991825368796,5.636777396087118,63.67672788470831
0.09834844615610702,7.787327286494926,81.99885417570839
0.1571527969385589,1.0520010922211662,90.39654882379835
0.13569351459250853,1.7818445602464286,78.88253790932511
0.029312245298709832,3.33516046032745,70.06446135611077
0.04702994533719608,6.028522990724403,85.47914219158328
0.13922306416864066,1.2123586780613411,67.20445821370687
0.03163868958199198,1.837703052295649,66.09918286271912
0.0493487184198038,1.3425533215912164,78.91328058190567
0.015411991902637038,0.6487298751203694,65.68893054681524
0.0781046684607129,2.4754411243061996,80.61601417314793
0.17499255948859566,4.964619438689303,80.40897093930825
0.030829864373204383,3.342534333089154,93.7779156469425
0.12108381833726886,1.0880563782262378,97.66444529623175
0.2193923532594363,1.6447517811263785,51.290163969159
0.24547322914917985,4.023042838260257,73.57823034395975
0.042305623923832,6.7994979988785555,55.96221866990833
0.04881943543172525,0.5274346307878695,50.56095930379787
0.029083719245706047,5.349888988707498,92.31152627192785
0.05100577159443714,5.557930009619712,86.89710721985747
0.08664966878796015,0.33154327313150667,85.61575548639338
0.04150427647050747,2.9972983049181354,72.6945547636342
0.035751387278448885,6.181706133284214,88.55109201508475
0.07170781821094441,0.8794209318605978,61.81133028094292
0.057124401888026935,7.921126361664325,53.87032288021573
0.04987206542513303,4.544666031630867,80.40159597981277
0.034039103120344555,5.821422090101448,51.86772745168936
0.024860880505657795,1.995006360597891,94.98803656308276
0.04458435527265062,0.3050687548838673,51.047288592032
0.02160290468491725,3.9895562903188146,54.06988138330136
0.18509154192473268,0.2237953868485545,55.88436896711135
0.03523467853646732,2.8152507262101323,57.03992541225759
0.14104471145425287,7.695201522695687,66.63997061705047
0.09834844615610702,7.787327286494926,81.99885417570839
0.15617286239515557,1.050021838868169,90.06871629931292
0.1566900330746296,1.4097799414592198,61.46042723904475
0.029832023827585943,3.322433246274626,70.22078295521175
0.04702994533719608,6.028522990724403,85.47914219158328
0.13922306416864066,1.2123586780613411,67.20445821370687
0.031172248208460714,1.3450281918346034,63.552800872997196
0.06279661529542921,1.2948437811643987,82.42848763767405
0.015411991902637038,0.6487298751203694,65.68893054681524
0.08462596994954627,1.9974816725382656,80.66554151151158
0.22511606483369334,4.659937642412162,90.55832951033815
0.030829864373204383,3.342534333089154,93.7779156469425
0.12108381833726886,1.0880563782262378,97.66444529623175
0.16297707190620792,1.2752103427791592,51.04898684160358
0.3618145820361509,3.712787281194273,69.51976988184535
0.04226381250132207,6.771054722304232,56.38323228165365
0.04881943543172525,0.5274346307878695,50.56095930379787
0.02833237336064298,5.604087579787656,96.58855294603737
0.05100577159443714,5.557930009619712,86.89710721985747
0.08664966878796015,0.33154327313150667,85.61575548639338
0.04197991902201982,2.969212459166482,72.83068987211126
0.035751387278448885,6.181706133284214,88.55109201508475
0.07170781821094441,0.8794209318605978,61.81133028094292
0.057124401888026935,7.921126361664325,53.87032288021573
0.0500781460205206,4.552545251053536,80.5545823675288
0.033997823273145905,5.836249127927458,51.758752769961305
0.024860880505657795,1.995006360597891,94.98803656308276
0.04458435527265062,0.3050687548838673,51.047288592032
0.02629593581293632,4.239886528784882,59.309479044697746
0.17190174011985854,0.4566569543718926,59.1378094037393
0.03523467853646732,2.8152507262101323,57.03992541225759
0.16790823793183254,7.938891797033189,69.54502148725125
0.09834844615610702,7.787327286494926,81.99885417570839
0.11736302340434715,1.1416145813069623,81.83612948296157
0.1566900330746296,1.4097799414592198,61.46042723904475
0.03333283330685173,3.9123103326515576,68.12349976888987
0.03903363833200306,4.573647129693093,88.9089683593651
0.13922306416864066,1.2123586780613411,67.20445821370687
0.031172248208460714,1.3450281918346034,63.552800872997196
0.06279661529542921,1.2948437811643987,82.42848763767405
0.015411991902637038,0.6487298751203694,65.68893054681524
0.10772120801838068,3.6451106890652767,77.58167908038567
0.16865740630436105,5.039865461916469,99.22422986724169
0.030829864373204383,3.342534333089154,93.7779156469425
0.13422580026442424,1.1467668819521546,83.04109999962769
0.16297707190620792,1.2752103427791592,51.04898684160358
0.36336079882622985,3.729645961527646,69.33899626983006
0.04285172623612533,7.1709978946965105,50.46332642756665
0.04881943543172525,0.5274346307878695,50.56095930379787
0.02833237336064298,5.604087579787656,96.58855294603737
0.03914275180906407,6.01167117366329,90.69510688701823
0.07206346804890529,1.2890323958244203,80.62545665343127
0.0476401513665278,2.8922641408014953,72.26963796441534
0.034288666887656055,5.619384172020101,89.41564774616266
0.07170781821094441,0.8794209318605978,61.81133028094292
0.05079438849788458,7.350471228186631,53.2923615961573
0.04918772832044445,4.621803178710823,80.01691513249595
0.033997823273145905,5.836249127927458,51.758752769961305
0.024860880505657795,1.995006360597891,94.98803656308276
0.05074835198365782,4.048703485991867,52.434936868082914
0.02629593581293632,4.239886528784882,59.309479044697746
0.17190174011985854,0.4566569543718926,59.1378094037393
0.03523467853646732,2.8152507262101323,57.03992541225759
0.16790823793183254,7.938891797033189,69.54502148725125
0.07826824638497107,7.743574342845592,85.5939691396349
0.08899550772495698,0.9481804727244105,96.53361240192525
0.1567113590620786,1.4221918878675375,61.47579618244186
0.034867338820996976,5.735662999660128,71.36973277515658
0.03903363833200306,4.573647129693093,88.9089683593651
0.13423774633650143,1.4314274425269868,66.47267798566111
0.031172248208460714,1.3450281918346034,63.552800872997196
0.07813844259888439,1.0116866619590352,77.34920205929453
0.017475275738173007,0.6412385351517567,64.75460887377274
0.07708095398663371,4.959258066935313,92.29447828650831
0.16865740630436105,5.039865461916469,99.22422986724169
0.030829864373204383,3.342534333089154,93.7779156469425
0.13422580026442424,1.1467668819521546,83.04109999962769
0.16297707190620792,1.2752103427791592,51.04898684160358
0.27183337092335635,4.315054716439589,64.45358233783861
0.04285172623612533,7.1709978946965105,50.46332642756665
0.04881943543172525,0.5274346307878695,50.56095930379787
0.02833237336064298,5.604087579787656,96.58855294603737
0.03914275180906407,6.01167117366329,90.69510688701823
0.0692822407828794,1.1661291302036194,75.67037937352926
0.0476401513665278,2.8922641408014953,72.26963796441534
0.034288666887656055,5.619384172020101,89.41564774616266
0.06188314902390976,0.8391610499917757,62.48804367783166
0.04769949752963645,7.411143973974909,52.086265511799866
0.05184428733941228,5.026187173932783,78.01328082605094
0.02902243516942113,6.367201522055178,51.557906672750605
0.03147656514878275,1.9257927109413786,93.37505770881806
0.05074835198365782,4.048703485991867,52.434936868082914
0.02774864275766907,4.540987660951118,57.88528367002433
0.19194418237850636,0.4451316786926402,60.53444414603403
0.03523467853646732,2.8152507262101323,57.03992541225759
0.16790823793183254,7.938891797033189,69.54502148725125
0.07826824638497107,7.743574342845592,85.5939691396349
0.07149604087031128,1.24560758444013,95.57265900666047
0.1567113590620786,1.4221918878675375,61.47579618244186
0.034867338820996976,5.735662999660128,71.36973277515658
0.03903363833200306,4.573647129693093,88.9089683593651
0.07113162816713783,0.10889611894510853,67.39870516806111
0.031172248208460714,1.3450281918346034,63.552800872997196
0.07813844259888439,1.0116866619590352,77.34920205929453
0.017475275738173007,0.6412385351517567,64.75460887377274
0.0814814687856388,5.278044957888898,94.32766717848338
0.1874939690846731,4.9641269773255985,99.57803055948736
0.030829864373204383,3.342534333089154,93.7779156469425
0.1878316551337011,1.5262087480381759,95.68833608750299
0.16297707190620792,1.2752103427791592,51.04898684160358
0.27183337092335635,4.315054716439589,64.45358233783861
0.04285172623612533,7.1709978946965105,50.46332642756665
0.04881943543172525,0.5274346307878695,50.56095930379787
0.02833237336064298,5.604087579787656,96.58855294603737
0.03914275180906407,6.01167117366329,90.69510688701823
0.08315315220373795,1.182277895500219,72.02534206705296
0.04632398315219961,2.9972394040896813,72.06282116120762
0.03215184558499143,6.625912143354899,90.30240278124802
0.04180151744459494,0.7537725981842825,56.782710823620945
0.04769949752963645,7.411143973974909,52.086265511799866
0.06409987371464919,6.547312490980302,69.01535300670274
0.02902243516942113,6.367201522055178,51.557906672750605
0.03147656514878275,1.9257927109413786,93.37505770881806
0.05074835198365782,4.048703485991867,52.434936868082914
0.027319607167126985,4.46627656004406,58.09612033877731
0.19194418237850636,0.4451316786926402,60.53444414603403
0.03932762399275881,0.47504284769338234,60.65176132489965
0.16790823793183254,7.938891797033189,69.54502148725125
0.07765707548964425,7.704260456333273,85.26410979247306
0.07149604087031128,1.24560758444013,95.57265900666047
0.1567113590620786,1.4221918878675375,61.47579618244186
0.027969782547747138,6.468355432884673,79.59363001356544
0.038946508947874464,3.425354978365368,87.48269954203326
0.07113162816713783,0.10889611894510853,67.39870516806111
0.031172248208460714,1.3450281918346034,63.552800872997196
0.08260671622426558,0.524474711067648,79.69553619701149
0.017475275738173007,0.6412385351517567,64.75460887377274
0.08123313788617209,5.886476858090229,97.64070862829222
0.1874939690846731,4.9641269773255985,99.57803055948736
0.03149077385158437,2.364815387030296,92.81777358413687
0.1410257002044975,1.1948990631989904,84.64540124854452
0.16297707190620792,1.2752103427791592,51.04898684160358
0.27183337092335635,4.315054716439589,64.45358233783861
0.04285172623612533,7.1709978946965105,50.46332642756665
0.04881943543172525,0.5274346307878695,50.56095930379787
0.029393189649690135,5.46788453981767,95.86505749879923
0.03914275180906407,6.01167117366329,90.69510688701823
0.06822766253779723,1.179022861558087,68.7705940145836
0.0522043542263364,2.9133361155257322,71.49884693015856
0.026138264350292956,7.739282940628243,95.94143341996674
0.04180151744459494,0.7537725981842825,56.782710823620945
0.04769949752963645,7.411143973974909,52.086265511799866
0.06409987371464919,6.547312490980302,69.01535300670274
0.033461135449548166,6.625190971203309,51.20658615910424
0.03147656514878275,1.9257927109413786,93.37505770881806
0.05074835198365782,4.048703485991867,52.434936868082914
0.03021129234647716,3.7249798333621076,57.83386441006159
0.21869168712261544,0.4398894615753663,60.51388319359569
0.03932762399275881,0.47504284769338234,60.65176132489965
0.16790823793183254,7.938891797033189,69.54502148725125
0.07765707548964425,7.704260456333273,85.26410979247306
0.06544481852000805,1.1528944236761758,96.51261588943072
0.10027619895573671,2.3166110759444614,62.35165010630109
0.027969782547747138,6.468355432884673,79.59363001356544
0.033986880625090275,2.8771382330447555,87.7669470109171
0.07113162816713783,0.10889611894510853,67.39870516806111
0.031172248208460714,1.3450281918346034,63.552800872997196
0.08260671622426558,0.524474711067648,79.69553619701149
0.017475275738173007,0.6412385351517567,64.75460887377274
0.08123313788617209,5.886476858090229,97.64070862829222
0.1874939690846731,4.9641269773255985,99.57803055948736
0.019539330634581548,2.373190868985736,98.11125173355913
0.1410257002044975,1.1948990631989904,84.64540124854452
0.16297707190620792,1.2752103427791592,51.04898684160358
0.27183337092335635,4.315054716439589,64.45358233783861
0.04285172623612533,7.1709978946965105,50.46332642756665
0.04881943543172525,0.5274346307878695,50.56095930379787
0.029576264286489354,5.077858144154699,87.35445499240738
0.03914275180906407,6.01167117366329,90.69510688701823
0.0786851601277898,1.530110177040668,78.58226872664991
0.06561614620424952,3.7907823775070706,74.10335939635027
0.026138264350292956,7.739282940628243,95.94143341996674
0.04171754475777304,0.7752993806695567,56.79032656793727
0.04769949752963645,7.411143973974909,52.086265511799866
0.09604545028836489,6.617124901189217,59.66223079675166
0.033461135449548166,6.625190971203309,51.20658615910424
0.03758296097368772,2.5984513286651416,80.4029039010266
0.045364866933789355,4.310389475369432,61.31401891515252
0.03021129234647716,3.7249798333621076,57.83386441006159
0.22557445968298753,0.1671699945895906,58.654882812934716
0.04104417686111511,3.736571614048944,55.689082622827875
0.16790823793183254,7.938891797033189,69.54502148725125
0.07162909203276933,7.854642342969541,84.47854426196278
0.06544481852000805,1.1528944236761758,96.51261588943072
0.10027619895573671,2.3166110759444614,62.35165010630109
0.027969782547747138,6.468355432884673,79.59363001356544
0.033986880625090275,2.8771382330447555,87.7669470109171
0.06160663328861618,0.20339674298027816,66.92932917581943
0.031172248208460714,1.3450281918346034,63.552800872997196
0.08260671622426558,0.524474711067648,79.69553619701149
0.017391114174139785,0.6208606965611567,64.80034222166744
0.08123313788617209,5.886476858090229,97.64070862829222
0.1874939690846731,4.9641269773255985,99.57803055948736
0.019539330634581548,2.373190868985736,98.11125173355913
0.1410257002044975,1.1948990631989904,84.64540124854452
0.16297707190620792,1.2752103427791592,51.04898684160358
0.27183337092335635,4.315054716439589,64.45358233783861
0.04285172623612533,7.1709978946965105,50.46332642756665
0.04881943543172525,0.5274346307878695,50.56095930379787
0.029576264286489354,5.077858144154699,87.35445499240738
0.03914275180906407,6.01167117366329,90.69510688701823
0.0786851601277898,1.530110177040668,78.58226872664991
0.05466822875311529,3.325136330160487,76.56354694370593
0.03471674857657882,6.102219411657167,89.20700607563111
0.04171754475777304,0.7752993806695567,56.79032656793727
0.04769949752963645,7.411143973974909,52.086265511799866
0.09348711048561759,5.457263458046017,63.47598306996565
0.033461135449548166,6.625190971203309,51.20658615910424
0.05344879038497055,2.3831774391752454,81.0536092061457
0.045364866933789355,4.310389475369432,61.31401891515252
0.03481622841916419,3.2920954718426994,59.02758993038169
0.22557445968298753,0.1671699945895906,58.654882812934716
0.04104417686111511,3.736571614048944,55.689082622827875
0.16790823793183254,7.938891797033189,69.54502148725125
0.07162909203276933,7.854642342969541,84.47854426196278
0.06544481852000805,1.1528944236761758,96.51261588943072
0.10027619895573671,2.3166110759444614,62.35165010630109
0.029841707395454782,6.52181845856018,69.91688665097726
0.033986880625090275,2.8771382330447555,87.7669470109171
0.06364161202649088,0.5823818989616418,66.4999186450351
0.031172248208460714,1.3450281918346034,63.552800872997196
0.08260671622426558,0.524474711067648,79.69553619701149
0.017391114174139785,0.6208606965611567,64.80034222166744
0.08123313788617209,5.886476858090229,97.64070862829222
0.1874939690846731,4.9641269773255985,99.57803055948736
0.019539330634581548,2.373190868985736,98.11125173355913
0.11938936528543725,1.404749075448426,87.0436262683159
0.16297707190620792,1.2752103427791592,51.04898684160358
0.22995644582871705,5.775290076365199,66.50519208561018
0.03875017839006463,6.115811120277741,52.772931401165486
0.05070062154921301,0.5982063100436394,55.760455639336826
0.029576264286489354,5.077858144154699,87.35445499240738
0.04150263646249788,5.713742742681812,90.0978829932717
0.07019679067439857,2.412783691854457,80.63343893684399
0.05404268840971123,3.361888824407192,76.39959862396387
0.03471674857657882,6.102219411657167,89.20700607563111
0.04171754475777304,0.7752993806695567,56.79032656793727
0.04769949752963645,7.411143973974909,52.086265511799866
0.1138160910257015,5.305260246021205,65.08618491074678
0.033461135449548166,6.625190971203309,51.20658615910424
0.05344879038497055,2.3831774391752454,81.0536092061457
0.05232694822696818,5.76502492490565,60.2158014339487
0.03481622841916419,3.2920954718426994,59.02758993038169
0.22557445968298753,0.1671699945895906,58.654882812934716
0.04104417686111511,3.736571614048944,55.689082622827875
0.16790823793183254,7.938891797033189,69.54502148725125
0.07162909203276933,7.854642342969541,84.47854426196278
0.06544481852000805,1.1528944236761758,96.51261588943072
0.09642990516785635,1.9264987522269759,66.12706800292052
0.029841707395454782,6.52181845856018,69.91688665097726
0.033986880625090275,2.8771382330447555,87.7669470109171
0.05536059759953361,0.24291161896209235,66.59408583858612
0.031172248208460714,1.3450281918346034,63.552800872997196
0.08260671622426558,0.524474711067648,79.69553619701149
0.017391114174139785,0.6208606965611567,64.80034222166744
0.07872208740547358,5.9000321733539725,94.9886981537307
0.1874939690846731,4.9641269773255985,99.57803055948736
0.019539330634581548,2.373190868985736,98.11125173355913
0.13256287395459843,1.1107671441181108,91.40753555734798
0.16297707190620792,1.2752103427791592,51.04898684160358
0.22995644582871705,5.775290076365199,66.50519208561018
0.03875017839006463,6.115811120277741,52.772931401165486
0.05070062154921301,0.5982063100436394,55.760455639336826
0.02785694511105084,5.663796507003962,96.64896942953939
0.041839806725446696,5.69444051092822,90.1421479751909
0.06119229900643056,3.4731166563088096,72.65580033774582
0.05400846540121268,3.3537722769497376,76.35127544998836
0.03846501534917603,4.811511617617578,81.36368838454352
0.04507915383580878,1.2360396677296293,63.743012904199176
0.04450289375712881,7.088861442828269,61.22610945037299
0.1546457049385561,6.575088145637263,50.78360681803731
0.047188634066509985,5.051084976702792,62.20290780725327
0.05305199729079233,2.8273868190212985,84.05466442429307
0.05232694822696818,5.76502492490565,60.2158014339487
0.03573069894291078,3.9484852955660554,57.57365663093018
0.24083821519038864,0.07320952247477108,55.04623685864851
0.03900314509900406,5.001427685501137,51.61512442747663
0.16790823793183254,7.938891797033189,69.54502148725125
0.07162909203276933,7.854642342969541,84.47854426196278
0.06544481852000805,1.1528944236761758,96.51261588943072
0.11607263373546273,1.6274556897858703,59.319802136117424
0.029841707395454782,6.52181845856018,69.91688665097726
0.033986880625090275,2.8771382330447555,87.7669470109171
0.05536059759953361,0.24291161896209235,66.59408583858612
0.031172248208460714,1.3450281918346034,63.552800872997196
0.09005496199830045,0.7699565034264008,75.16066949087278
0.017391114174139785,0.6208606965611567,64.80034222166744
0.07404629239782665,5.630809070014153,94.94373755555672
0.17528629190448797,4.7486943627777904,98.81690993869013
0.0210784946954519,2.581027193095335,94.43442013151179
0.13745101793984926,0.9185228985296754,91.92928782540325
0.16297707190620792,1.2752103427791592,51.04898684160358
0.19498016308966898,5.147104201687007,70.65132125941294
0.03875017839006463,6.115811120277741,52.772931401165486
0.05070062154921301,0.5982063100436394,55.760455639336826
0.02785694511105084,5.663796507003962,96.64896942953939
0.03839619535796163,5.931908798805264,84.33723355576134
0.06119229900643056,3.4731166563088096,72.65580033774582
0.05400846540121268,3.3537722769497376,76.35127544998836
0.03846501534917603,4.811511617617578,81.36368838454352
0.025906164255126485,0.30176255662766227,66.01077213693077
0.04657441601819154,7.074188807568781,61.28507697660652
0.1546457049385561,6.575088145637263,50.78360681803731
0.016183257379583704,4.61135316620939,65.49780246424262
0.0448471437081181,3.751073185072525,88.15604225857575
0.05232694822696818,5.76502492490565,60.2158014339487
0.03573069894291078,3.9484852955660554,57.57365663093018
0.24083821519038864,0.07320952247477108,55.04623685864851
0.03900314509900406,5.001427685501137,51.61512442747663
0.15340105748161786,7.607247205369493,73.6837359237314
0.07162909203276933,7.854642342969541,84.47854426196278
0.06544481852000805,1.1528944236761758,96.51261588943072
0.11607263373546273,1.6274556897858703,59.319802136117424
0.08173202452516753,6.54396663498278,61.961757185513505
0.032485602985641446,2.228646910757214,89.91361511888587
0.05536059759953361,0.24291161896209235,66.59408583858612
0.026206640191339857,1.0840966958261655,64.00231404856163
0.08700905101723279,1.0552241932292548,74.89632768492798
0.017391114174139785,0.6208606965611567,64.80034222166744
0.07404629239782665,5.630809070014153,94.94373755555672
0.18039390946604913,4.915898701457127,98.9240593822505
0.0210784946954519,2.581027193095335,94.43442013151179
0.13745101793984926,0.9185228985296754,91.92928782540325
0.12585566656049318,1.6168188180766614,62.398841695060625
0.19498016308966898,5.147104201687007,70.65132125941294
0.0375161276975934,5.964654329691665,51.43038281802595
0.03966837291095727,1.8808660670713837,58.87265246645755
0.02785694511105084,5.663796507003962,96.64896942953939
0.04620065702043597,6.042135879017201,80.30757609063204
0.05771783953593245,2.52105160092127,67.06068071706646
0.05400846540121268,3.3537722769497376,76.35127544998836
0.04577871876369374,5.749773037285964,75.86543733639199
0.025906164255126485,0.30176255662766227,66.01077213693077
0.048311787397291354,6.2047104296890065,64.8061165434507
0.1546457049385561,6.575088145637263,50.78360681803731
0.016183257379583704,4.61135316620939,65.49780246424262
0.028339118005939856,3.624816947813118,86.80683168717655
0.04625910340812685,5.84681109246583,56.61650342583021
0.04641550173238986,3.2548140354123953,62.18394149223571
0.24083821519038864,0.07320952247477108,55.04623685864851
0.03900314509900406,5.001427685501137,51.61512442747663
0.18633166918848787,7.771568940796056,77.50577336570663
0.06124513773393458,6.139337520247401,80.28440116858468
0.07102434921131565,1.3355474371676554,96.62966529684932
0.11607263373546273,1.6274556897858703,59.319802136117424
0.08418958328545942,7.739370478644753,54.004995443794364
0.031163768026785728,2.1756473480400422,76.84108592733186
0.05567075028569713,0.2192643723606854,67.31513664891557
0.02963179560065722,2.1142222297712205,61.69036372328495
0.0860407010719643,1.0976354399369104,75.09291110179463
0.013993565536003297,0.7481824903793444,64.31737447972245
0.07404629239782665,5.630809070014153,94.94373755555672
0.16923686708604146,4.708562638515087,96.16860637233654
0.0210784946954519,2.581027193095335,94.43442013151179
0.1371482678154746,1.255245450050981,83.41380626875909
0.16937810812964665,1.3918412661882114,62.71928911441782
0.18369432962379695,5.192244678538874,72.91834672741037
0.0375161276975934,5.964654329691665,51.43038281802595
0.04188263579224939,1.6234257226374176,58.24800901075512
0.02785694511105084,5.663796507003962,96.64896942953939
0.0603853599714311,6.334695620098183,67.67121266196429
0.0549731417352317,2.62602699234676,68.76560540440363
0.060445528633434664,3.681095988452366,80.22273191221046
0.03222397668058666,5.804524656246318,76.33913247342042
0.02596564428544169,0.32310611875613393,65.94539420194161
0.048311787397291354,6.2047104296890065,64.8061165434507
0.1546457049385561,6.575088145637263,50.78360681803731
0.016183257379583704,4.61135316620939,65.49780246424262
0.024759252329741584,3.7816058928792717,87.53357539175288
0.04625910340812685,5.84681109246583,56.61650342583021
0.04641550173238986,3.2548140354123953,62.18394149223571
0.1363126055878786,2.1846796429098467,59.90905527525952
0.03900314509900406,5.001427685501137,51.61512442747663
0.12465984037915712,7.07144495422704,71.83114843982604
0.06176092829702789,5.885968463072933,81.14650881480202
0.07102434921131565,1.3355474371676554,96.62966529684932
0.11607263373546273,1.6274556897858703,59.319802136117424
0.08418958328545942,7.739370478644753,54.004995443794364
0.031163768026785728,2.1756473480400422,76.84108592733186
0.05567075028569713,0.2192643723606854,67.31513664891557
0.06239933219499564,3.8235700060883357,65.18710550166308
0.0860407010719643,1.0976354399369104,75.09291110179463
0.013993565536003297,0.7481824903793444,64.31737447972245
0.07404629239782665,5.630809070014153,94.94373755555672
0.16923686708604146,4.708562638515087,96.16860637233654
0.0210784946954519,2.581027193095335,94.43442013151179
0.10575512587385213,1.9470874728630994,76.0683655079147
0.24190402482837653,0.6094412184704745,58.886285658345024
0.13326474050837867,5.351986759878165,80.64353676825718
0.0375161276975934,5.964654329691665,51.43038281802595
0.04188263579224939,1.6234257226374176,58.24800901075512
0.027093129417037703,5.688298723397441,96.90771593391139
0.06037054467963158,6.988089788305007,64.5806599717832
0.0549731417352317,2.62602699234676,68.76560540440363
0.060445528633434664,3.681095988452366,80.22273191221046
0.025416957438930497,7.426025970771777,78.95896043988489
0.02596564428544169,0.32310611875613393,65.94539420194161
0.07762004491453475,5.842093469994255,72.40735137953926
0.13382438327693147,6.444031751469193,55.130055993966124
0.016183257379583704,4.61135316620939,65.49780246424262
0.024759252329741584,3.7816058928792717,87.53357539175288
0.04625910340812685,5.84681109246583,56.61650342583021
0.07390939958802928,2.7196701458326467,59.78810040360713
0.1363126055878786,2.1846796429098467,59.90905527525952
0.03900314509900406,5.001427685501137,51.61512442747663
0.12465984037915712,7.07144495422704,71.83114843982604
0.015523923022239788,6.149027722764932,84.2666183967285
0.07102434921131565,1.3355474371676554,96.62966529684932
0.12339072873798713,1.7565607649104042,55.47625629478398
0.08418958328545942,7.739370478644753,54.004995443794364
0.031163768026785728,2.1756473480400422,76.84108592733186
0.05567075028569713,0.2192643723606854,67.31513664891557
0.0622004099123072,3.7927035728131147,64.67888214808438
0.0860407010719643,1.0976354399369104,75.09291110179463
